380
373
232
224
223
204
158
96
69
42
37
20
17
432
402
399
392
356
346
318
249
246
243
239
229
216
202
199
155
154
119
118
114
88
86
29
14
41
471
27
23
43
245
83
16
434
342
4
167
211
296
49
228
320
130
359
351
267
178
259
195
30
160
198
466
454
102
304
222
66
451
0
90
1
235
194
252
60
291
490
279
159
283
430
203
395
416
12
311
210
310
455
28
182
462
104
63
254
138
302
314
266
196
13
433
157
39
2
21
187
134
350
326
147
456
409
185
294
469
136
407
301
468
481
366
368
74
36
107
8
35
485
349
190
397
213
133
108
457
420
156
57
484
200
53
290
238
68
281
77
293
487
488
364
52
306
424
309
467
44
149
385
343
268
180
319
450
436
474
486
188
234
307
423
327
31
300
170
258
274
413
376
388
209
489
105
46
386
122
217
45
109
479
93
337
369
124
67
383
426
322
452
162
111
25
125
101
265
453
480
263
482
381
207
284
84
345
382
391
305
276
460
458
186
441
11
316
148
355
247
401
476
248
344
389
179
233
257
106
378
444
497
404
47
472
443
278
437
72
297
241
89
146
65
95
192
55
220
477
448
396
496
79
191
358
435
54
405
165
372
255
137
347
272
400
495
329
377
331
387
464
317
410
323
262
231
260
145
22
76
335
80
411
81
415
375
251
242
38
365
459
236
33
295
128
273
7
271
428
73
353
177
152
61
116
303
287
219
153
352
140
75
34
172
173
449
110
99
312
321
151
446
100
40
394
59
340
264
208
141
384
419
440
206
161
286
429
215
226
70
282
71
168
422
498
371
18
176
403
193
253
333
163
184
244
19
115
494
288
334
277
126
181
87
483
269
135
315
280
123
425
308
447
336
120
78
221
414
348
393
117
82
445
144
48
240
418
357
493
15
491
112
6
270
367
143
26
3
103
341
58
439
379
324
183
230
189
289
64
131
91
94
338
132
438
97
24
10
256
475
361
463
218
250
9
51
129
332
328
298
127
214
142
421
212
113
292
339
85
363
431
492
5
56
362
62
325
225
237
499
139
390
299
417
171
461
169
205
166
406
175
92
32
412
330
261
313
470
473
174
227
465
442
354
164
360
98
398
285
50
427
370
408
121
150
374
197
275
478
201
