479
426
364
302
282
271
236
203
201
190
186
169
167
162
141
129
69
28
22
2
494
478
476
435
422
394
377
368
358
329
285
281
275
237
215
211
191
144
140
133
122
98
41
34
20
15
411
350
118
346
158
267
483
443
305
229
306
386
32
155
90
425
58
238
406
470
496
387
268
342
419
33
57
495
374
253
401
441
390
376
379
307
107
403
250
322
112
160
380
139
382
296
207
445
337
468
464
336
96
407
373
7
82
75
498
11
328
178
173
136
327
143
38
299
294
259
103
420
309
492
10
77
154
263
45
395
232
71
412
189
248
357
246
67
1
293
474
405
278
163
166
123
396
489
486
333
39
21
258
110
341
210
335
126
466
113
19
315
50
295
452
91
86
417
490
277
400
438
216
286
124
488
240
222
4
5
9
165
352
477
410
53
225
354
185
181
473
79
93
134
148
444
224
454
287
194
272
349
244
447
301
51
138
409
255
497
3
188
310
35
319
117
170
451
391
214
202
356
461
73
149
371
43
102
116
499
49
109
433
200
321
245
361
183
288
231
392
187
196
219
220
88
475
256
413
179
152
156
127
260
365
239
94
121
398
276
89
437
128
60
157
324
457
298
208
313
97
453
480
450
180
432
99
430
462
168
323
234
177
174
257
172
68
105
242
119
44
308
332
55
463
209
74
145
366
436
83
265
448
326
292
106
61
487
235
304
247
415
347
408
52
85
84
48
402
241
146
199
72
198
218
47
378
228
266
16
221
421
171
125
135
325
449
316
56
230
424
440
184
249
399
17
153
334
331
353
297
416
78
261
362
243
458
385
414
369
132
339
446
54
291
274
131
114
195
204
485
427
289
351
26
254
363
372
233
62
251
206
101
150
273
81
24
14
484
384
269
311
100
418
142
95
212
459
92
481
18
314
193
469
87
70
428
270
197
439
217
42
389
318
355
465
431
29
429
434
192
65
383
175
30
108
111
317
104
303
161
227
279
471
176
80
455
381
27
223
404
348
63
340
252
312
130
367
359
491
423
320
23
115
460
25
31
472
360
205
13
482
6
159
120
345
76
397
493
0
284
280
36
12
164
370
64
330
388
66
393
467
59
290
344
147
182
137
264
40
46
375
37
300
213
338
343
283
151
226
442
262
456
8
