493
462
444
392
390
376
375
362
327
263
237
203
110
95
70
47
499
478
470
452
414
401
386
382
355
343
319
289
274
273
225
135
114
72
11
293
52
447
130
229
200
365
219
453
461
287
10
6
26
260
321
371
118
373
378
92
418
113
387
410
221
187
71
15
313
23
36
442
324
434
403
467
3
193
128
369
480
186
267
192
466
279
492
268
407
61
139
271
90
5
94
53
106
198
18
205
286
262
68
413
156
358
384
258
331
31
351
448
132
162
64
463
49
367
173
30
437
308
1
326
252
103
218
217
443
189
38
395
490
388
394
185
235
13
102
44
310
178
136
317
468
25
322
241
85
288
245
176
497
294
405
122
4
475
498
350
160
298
179
485
33
133
91
140
147
484
312
16
190
24
416
366
291
426
60
379
349
419
171
299
254
138
430
402
425
74
428
123
226
372
2
107
29
400
167
207
309
121
220
134
42
172
364
89
177
213
404
496
290
303
377
142
459
415
477
45
334
363
432
37
19
370
17
77
483
269
180
155
244
174
184
234
487
166
255
149
284
129
340
305
20
164
336
154
125
196
344
435
58
78
22
406
88
169
208
333
356
323
380
469
39
296
397
259
338
251
417
194
150
454
473
441
491
87
148
79
481
57
249
332
201
411
233
381
297
450
253
230
352
50
280
63
99
471
105
436
183
424
124
204
329
275
239
465
54
101
73
165
224
8
300
143
330
222
161
145
391
247
474
243
75
429
41
108
285
127
383
34
170
341
159
119
256
353
46
117
455
175
385
304
141
197
214
439
206
282
126
199
495
0
357
264
86
408
438
307
14
431
320
120
188
168
422
80
56
84
316
98
335
242
232
409
398
195
9
21
191
265
35
12
328
27
272
393
479
163
458
337
445
347
488
43
360
210
231
100
48
339
399
182
69
359
131
427
456
325
215
311
212
472
137
446
236
460
67
440
420
345
28
270
301
238
151
451
93
315
112
318
227
486
261
202
152
489
314
421
65
40
55
361
433
216
348
211
66
96
246
354
7
423
306
62
482
266
76
283
295
144
158
248
157
146
250
457
374
82
81
302
278
209
111
109
276
257
476
449
396
104
228
281
277
115
181
346
292
223
342
494
153
464
59
83
116
240
368
412
51
389
32
97
