471
454
295
287
246
213
210
188
171
126
112
20
13
499
496
424
421
416
393
365
345
339
299
292
283
281
217
215
197
162
149
138
51
367
132
372
442
382
82
69
212
189
481
388
100
49
63
337
260
358
449
244
318
0
432
248
91
207
389
487
97
328
370
180
21
35
86
133
300
434
441
289
464
373
276
225
498
361
125
491
226
182
150
323
163
134
114
495
369
466
59
98
53
493
428
121
317
84
387
203
195
159
316
108
347
330
335
2
435
5
106
492
39
104
214
485
334
185
64
66
444
113
303
426
145
10
414
116
223
340
488
462
62
239
385
241
338
408
88
237
118
235
451
440
56
448
429
11
175
90
475
219
484
404
312
251
351
43
95
457
397
74
280
147
19
420
478
350
433
93
68
439
468
294
273
139
83
234
76
354
380
165
391
36
172
278
279
390
282
243
286
33
326
157
196
42
307
272
262
55
151
99
44
232
220
315
169
460
306
201
423
127
27
245
256
465
206
405
200
446
158
123
264
130
463
257
40
190
473
46
101
438
486
25
304
18
427
298
430
242
308
363
183
342
402
75
50
4
160
467
456
422
34
472
305
313
320
348
198
103
425
28
327
81
156
89
302
119
436
378
105
224
77
288
30
336
417
353
67
360
252
146
403
341
3
236
8
364
26
386
253
261
483
356
47
131
41
267
297
319
296
470
395
406
230
477
199
193
452
411
413
301
284
249
45
480
383
194
324
479
458
259
357
205
497
285
275
173
154
152
177
22
155
17
412
375
494
38
291
268
265
117
211
314
102
176
144
181
419
349
418
270
191
218
184
482
14
87
409
490
72
136
431
168
32
96
384
178
153
142
396
277
269
231
310
247
24
362
161
352
48
187
228
110
311
374
258
455
71
6
80
400
109
227
453
401
128
394
309
167
293
489
54
377
202
381
407
137
240
290
274
255
392
9
58
140
29
170
120
31
12
208
216
233
368
107
186
399
143
129
60
250
1
254
346
141
376
115
122
135
344
469
355
474
174
321
221
450
359
343
447
322
148
78
61
371
437
222
459
229
73
7
192
15
325
37
263
79
366
266
85
70
445
443
124
52
398
164
461
410
415
332
179
331
209
23
57
65
238
204
92
111
16
379
476
94
271
329
333
166
