424
422
324
316
310
277
272
231
222
149
93
80
14
492
487
476
465
454
447
415
402
333
332
220
162
144
138
132
79
62
60
12
373
188
191
391
298
339
398
164
266
55
78
259
345
449
446
18
255
241
320
281
267
270
101
438
493
293
336
460
26
389
343
176
397
133
494
461
269
288
23
218
399
338
263
217
329
330
302
5
109
187
407
177
85
289
233
158
458
156
94
455
418
405
284
436
317
334
167
87
53
276
153
328
1
186
243
262
10
457
295
128
75
499
392
474
219
377
175
190
171
17
249
237
279
131
168
169
15
31
124
315
206
411
21
473
383
77
108
150
73
410
236
385
362
390
152
83
30
139
212
204
120
327
357
48
228
223
363
174
290
477
388
41
210
185
69
462
213
51
102
314
371
227
247
244
275
201
453
419
216
428
225
430
378
394
147
445
52
408
27
215
348
103
356
341
322
375
340
170
198
482
382
115
166
294
434
157
444
355
437
420
475
202
304
24
2
140
123
308
129
181
199
433
112
480
463
137
470
273
429
254
25
337
384
114
413
456
358
307
196
209
483
450
409
386
490
67
403
350
344
194
306
441
110
459
416
173
148
38
100
235
491
193
313
242
130
335
238
376
367
146
467
7
240
56
143
183
197
452
352
40
11
285
484
319
29
253
134
440
265
346
372
141
303
107
135
76
271
423
208
72
230
0
442
497
448
425
296
282
283
22
321
431
471
180
203
380
32
309
192
264
239
396
224
184
16
34
111
19
119
159
145
68
88
65
347
257
35
368
165
323
28
9
232
61
205
364
117
261
301
47
472
366
126
468
81
154
342
86
248
39
400
365
256
71
127
4
6
278
54
374
427
105
125
95
64
229
312
395
280
354
43
432
136
246
178
151
20
370
50
161
360
104
122
481
359
478
353
90
297
49
421
291
70
464
58
179
37
211
417
488
292
82
195
63
381
13
84
326
44
99
182
466
286
401
268
74
496
318
299
121
250
260
226
287
305
142
172
443
274
189
163
379
91
325
59
46
258
89
98
495
45
485
97
42
8
3
252
489
207
57
387
214
221
155
106
414
66
245
349
412
435
393
251
33
36
311
404
439
200
361
331
486
92
369
116
234
451
160
479
406
300
96
113
118
498
469
426
351
