162
101
147
132
118
144
190
138
107
100
103
104
127
145
164
122
124
139
153
142
111
106
158
146
130
124
101
115
152
159
107
151
140
113
161
150
133
154
105
126
108
131
135
116
100
128
135
115
109
155
120
111
181
110
105
133
167
114
195
121
118
109
117
147
159
128
102
164
139
126
117
122
150
112
112
183
158
132
178
137
141
119
160
116
141
144
160
142
113
131
114
130
106
110
166
192
119
136
120
102
103
108
104
156
125
165
123
121
123
148
145
157
129
134
125
143
127
157
148
129
136
163
146
168
138
137
170
153
156
134
149
151
155
152
154
140
143
149
162
176
180
172
172
179
167
170
161
165
163
176
173
181
175
168
169
171
187
174
174
186
177
166
185
173
169
182
175
184
177
171
178
179
186
184
180
187
182
189
188
185
189
183
188
190
192
193
194
191
193
196
191
198
194
196
195
197
197
198
-1
