115
169
166
129
138
110
102
123
127
139
118
140
180
102
131
114
108
171
124
136
111
128
159
108
139
145
104
100
109
123
119
151
107
130
104
106
177
133
134
124
188
163
176
131
173
168
154
136
153
156
149
132
118
187
128
195
152
117
149
181
133
165
112
100
138
154
113
106
116
122
107
117
161
155
125
145
158
103
147
114
140
163
125
120
116
137
174
112
143
160
111
159
120
134
126
101
158
110
174
101
103
105
109
105
129
121
113
119
126
122
135
132
115
142
153
121
167
148
150
130
137
127
141
144
152
155
135
141
146
143
148
147
160
161
167
144
142
166
183
146
151
150
157
157
156
164
162
165
168
179
179
172
164
172
171
162
175
170
169
173
170
178
186
177
185
175
178
187
182
180
184
185
181
188
186
176
182
190
189
184
193
183
189
192
194
190
191
197
191
192
195
193
194
198
196
196
197
198
-1
