142
124
153
173
152
106
161
101
133
125
187
127
174
128
179
136
103
115
139
125
137
121
127
109
104
157
113
116
155
130
100
121
135
100
126
135
162
118
164
187
123
114
107
138
153
130
129
117
146
116
141
115
102
104
109
169
139
144
112
151
141
101
189
169
112
108
162
117
107
122
132
132
150
118
145
148
106
123
111
122
110
142
108
131
172
143
136
128
129
102
155
161
160
160
124
156
164
134
150
103
105
105
114
120
133
111
120
113
119
110
134
119
167
138
140
149
140
126
143
159
131
158
145
137
147
144
151
146
168
154
156
163
165
157
148
166
184
177
173
149
147
154
158
163
181
178
152
171
168
167
166
170
180
177
172
159
189
182
175
170
174
181
179
165
180
176
171
178
191
183
175
176
190
186
184
182
185
183
191
186
193
185
188
190
194
188
194
193
192
196
197
192
195
195
197
196
198
198
-1
