105
161
109
137
125
108
154
103
123
161
143
121
125
108
107
105
189
126
113
101
130
182
151
140
134
133
118
131
100
141
135
123
138
124
138
179
114
117
129
106
101
116
122
147
167
102
106
172
181
104
121
189
128
149
110
100
128
120
160
170
110
142
140
148
186
120
153
157
149
144
143
116
145
166
124
177
103
173
111
133
102
104
147
146
112
152
117
114
158
131
118
126
168
146
111
157
137
113
148
169
115
109
107
119
112
141
139
136
150
119
115
127
132
159
135
130
136
132
122
134
139
129
142
150
154
171
127
144
163
164
168
158
176
159
145
155
156
165
160
162
170
155
151
152
156
153
162
164
166
163
175
179
169
178
180
173
171
165
175
167
172
183
178
177
174
190
186
182
176
197
174
185
187
180
188
196
181
184
185
184
191
188
183
192
193
187
193
194
191
190
192
194
198
195
195
196
197
198
-1
