103
175
147
164
153
108
132
127
115
100
173
154
172
132
188
112
130
110
126
121
140
109
148
159
167
131
102
114
101
127
140
111
155
112
141
168
121
129
157
143
129
119
138
159
117
104
164
154
125
135
157
100
122
133
182
105
168
119
122
102
101
124
144
148
174
109
110
181
103
167
126
139
136
155
135
107
105
117
145
106
142
123
114
104
111
125
108
144
120
128
128
149
145
120
137
156
123
106
187
107
141
116
137
139
138
113
118
113
115
116
130
124
131
118
149
146
134
177
142
134
147
160
158
170
133
143
146
163
152
150
150
161
151
136
151
171
169
152
165
180
178
160
169
165
158
166
153
162
156
172
161
163
183
179
173
179
171
176
170
184
162
166
181
178
174
182
193
190
176
184
175
185
177
185
192
191
186
183
192
180
189
190
197
188
186
189
187
194
193
195
191
198
196
194
195
196
197
198
-1
