177
126
132
106
190
125
162
105
133
138
140
130
153
167
113
155
142
121
141
138
125
130
100
100
114
176
161
166
112
103
127
118
109
182
141
146
115
110
117
127
160
107
117
167
119
101
106
102
152
104
139
155
133
169
111
116
101
154
122
142
114
122
128
111
136
140
126
145
120
118
116
156
113
103
148
124
115
102
148
107
108
176
149
170
104
144
128
123
120
108
137
143
119
165
132
152
109
157
105
163
129
112
110
135
134
123
144
121
159
162
134
124
129
131
153
154
158
149
137
173
131
147
146
156
136
145
160
158
143
147
135
150
164
150
139
164
168
169
151
151
182
179
174
159
172
186
163
165
180
180
157
168
161
173
171
174
166
175
181
179
170
188
171
177
178
187
183
186
172
184
195
184
178
175
185
189
191
181
187
188
183
193
196
185
191
190
192
189
197
192
194
198
193
194
195
196
197
198
-1
