115
112
104
137
149
101
111
141
121
181
128
159
140
137
175
160
155
130
101
166
129
150
139
109
148
149
107
176
109
110
106
159
117
114
106
135
163
118
135
136
152
127
103
167
138
100
155
128
105
161
171
134
113
132
116
162
111
154
127
100
125
108
180
122
179
103
174
123
105
102
121
181
146
140
145
156
119
131
145
113
138
186
124
115
110
160
148
152
142
112
114
153
104
116
169
164
108
151
122
133
107
102
120
124
133
117
125
118
126
130
123
119
136
147
157
134
126
132
120
143
144
146
129
144
139
131
193
165
165
153
142
141
147
154
150
177
168
175
151
143
171
172
158
156
182
162
183
182
157
158
167
161
163
173
170
188
168
173
170
180
164
166
190
178
193
172
169
174
183
184
177
176
178
179
185
184
189
188
194
187
191
186
185
197
191
187
195
189
192
190
192
195
194
196
196
198
197
198
-1
