116
109
137
109
131
101
106
120
100
179
107
165
128
111
112
112
157
119
145
186
147
126
104
130
146
108
120
133
123
114
135
121
139
174
154
151
168
141
128
123
122
136
169
158
165
158
110
129
113
133
100
127
103
117
172
150
147
116
137
102
134
104
118
118
153
155
162
129
140
130
113
119
115
107
110
102
114
101
125
143
148
177
138
132
117
121
156
131
154
122
134
124
149
156
142
106
105
184
159
132
103
126
108
105
115
111
135
143
144
127
125
136
142
163
148
124
155
139
146
160
167
149
140
145
152
144
141
138
160
164
153
166
171
176
157
150
152
173
151
173
161
162
163
164
159
175
167
179
181
166
161
181
176
172
171
180
177
178
170
174
168
175
191
170
185
183
188
182
169
178
192
183
187
182
186
184
185
180
194
187
189
191
190
193
198
188
189
192
190
194
193
196
197
195
195
196
197
198
-1
