124
172
132
139
112
131
144
113
122
164
121
162
133
103
173
101
145
123
185
112
152
156
103
147
106
149
176
140
102
128
150
131
101
118
125
106
148
111
139
176
136
142
154
119
102
114
156
172
181
104
141
146
124
129
145
116
132
119
133
117
162
105
146
192
120
110
125
183
104
126
134
118
137
137
113
108
109
138
100
144
129
134
128
138
152
107
109
143
173
100
120
141
147
142
111
116
110
123
127
126
107
115
105
108
114
130
143
115
130
136
117
122
167
161
121
157
149
127
135
159
165
158
154
148
155
160
153
151
135
140
158
168
150
170
164
171
177
165
174
178
153
166
155
157
151
167
174
163
161
166
159
160
188
169
175
168
163
182
175
169
179
187
180
186
181
170
171
178
189
180
189
183
179
177
185
184
186
184
182
188
187
191
190
194
190
193
192
191
196
193
194
197
195
198
195
196
197
198
-1
