149
130
134
175
129
143
135
106
131
105
109
167
100
138
128
121
104
156
146
146
154
147
164
144
145
139
160
151
125
133
108
102
118
142
129
154
103
181
115
101
132
157
162
165
126
125
173
165
114
178
166
124
112
115
119
106
120
116
159
147
138
124
103
140
117
145
167
102
131
104
101
156
119
105
143
123
180
153
179
185
114
144
100
109
155
169
122
133
160
127
118
110
113
111
108
151
107
128
116
127
110
112
117
107
123
137
113
122
111
141
121
136
132
130
120
141
139
134
136
135
191
148
148
126
157
149
137
159
163
170
140
174
152
161
153
150
176
142
172
164
150
161
158
166
170
155
171
168
152
184
173
177
176
162
182
158
169
183
174
171
172
163
192
180
168
190
178
184
175
179
192
177
185
181
189
182
183
187
188
197
186
191
196
186
188
187
189
193
190
195
193
198
194
194
195
196
197
198
-1
