135
137
121
115
136
156
112
125
101
126
116
190
162
158
119
122
105
148
104
102
106
148
122
138
100
107
168
112
131
158
144
142
129
113
114
140
132
113
164
162
145
163
147
120
105
140
110
111
104
159
111
176
175
157
114
150
127
118
134
133
146
131
171
143
109
123
139
118
174
116
145
163
102
165
164
120
177
138
142
125
136
103
100
121
132
166
128
184
155
152
130
110
143
149
117
101
108
119
106
117
109
103
107
108
124
115
126
123
141
124
139
129
134
128
127
144
133
152
130
135
180
147
153
167
161
160
157
141
153
137
150
155
167
161
154
149
151
151
156
160
172
146
180
172
154
174
165
168
176
159
186
170
169
173
179
188
171
170
179
181
166
169
183
175
178
181
185
182
184
173
177
183
190
182
178
186
195
189
192
185
187
189
188
187
192
193
196
191
191
194
197
194
193
195
196
197
198
198
-1
