105
139
130
133
141
127
109
155
148
123
157
101
114
152
173
160
126
122
151
123
110
101
143
153
169
163
160
158
140
103
138
165
104
102
107
120
131
137
100
110
158
135
138
100
130
128
162
125
120
150
121
186
173
150
118
121
111
119
181
168
151
168
147
127
136
116
142
166
113
152
159
116
115
115
136
106
159
119
114
178
113
134
107
117
174
109
134
129
182
122
112
149
103
179
146
162
102
125
104
108
105
111
106
108
128
124
135
132
124
118
112
131
156
117
167
175
137
145
144
147
133
139
170
129
143
126
156
141
132
155
144
140
145
149
146
154
170
142
167
161
175
148
177
172
154
185
153
157
182
161
174
169
165
164
164
171
180
198
163
179
176
166
176
187
172
184
178
171
183
177
181
185
180
189
190
188
192
192
195
183
184
188
193
186
191
190
187
191
189
194
194
193
197
195
196
196
197
198
-1
