116
132
142
108
136
136
128
111
103
143
100
135
150
175
161
157
192
121
105
160
143
106
168
109
119
164
103
122
109
101
162
137
134
114
117
110
105
133
123
157
118
138
158
127
122
106
159
164
114
121
153
162
125
147
100
129
112
153
178
177
127
183
129
172
113
159
137
171
144
117
104
126
139
146
112
173
120
102
125
151
128
154
126
124
110
120
139
130
107
149
116
118
147
108
138
135
140
111
176
134
101
102
104
113
115
107
115
131
141
130
133
152
132
119
167
123
140
142
124
155
141
149
148
131
172
150
156
156
145
174
163
145
151
152
148
144
167
146
169
158
170
155
161
176
165
170
179
181
160
169
163
174
165
154
177
180
166
168
181
188
166
190
185
173
178
171
180
186
182
182
186
188
179
189
175
185
183
191
184
191
193
184
187
189
194
192
187
190
196
193
195
194
198
195
196
197
197
198
-1
