106
103
110
182
102
126
149
100
140
123
152
115
110
157
143
142
161
130
180
109
131
133
167
169
125
105
119
145
164
150
114
128
156
154
165
113
138
148
156
107
178
111
168
182
146
147
146
125
134
134
117
128
116
103
115
109
130
122
149
112
129
135
104
101
124
104
126
114
133
140
121
179
135
161
153
105
143
123
136
190
165
148
107
137
124
162
117
163
170
136
119
112
101
100
121
113
142
108
120
159
106
102
118
111
127
137
108
139
122
151
118
132
127
120
116
145
147
129
131
141
166
139
132
171
159
155
138
154
166
160
157
144
144
175
153
150
155
141
172
152
174
164
162
160
158
151
173
169
167
170
178
163
173
176
158
180
171
184
186
179
176
177
197
168
181
184
172
177
174
186
183
175
187
192
187
188
185
185
183
181
189
195
194
190
188
189
191
193
192
191
196
193
194
195
196
197
198
198
-1
