165
120
154
127
166
104
115
126
157
171
107
117
153
151
151
149
100
122
137
116
129
135
160
143
129
163
109
123
161
152
106
133
168
101
100
139
103
121
162
101
110
147
133
107
134
105
120
150
111
148
118
155
112
111
118
114
121
113
115
164
125
170
152
139
122
156
102
124
159
178
106
114
124
143
113
148
136
108
144
126
132
110
130
104
102
134
136
103
108
130
158
128
146
137
157
132
128
135
140
117
109
145
105
131
112
125
131
138
145
119
147
119
116
123
142
153
141
149
156
127
141
146
160
154
142
175
168
150
140
176
159
144
138
158
166
177
170
155
165
174
176
172
175
167
174
167
169
164
161
163
169
190
173
171
186
184
186
173
162
180
182
172
180
183
191
179
178
185
184
181
177
188
182
179
181
189
185
187
183
193
190
187
188
192
189
191
194
193
195
196
192
197
195
194
198
196
197
198
-1
