179
122
136
124
102
144
171
126
102
137
100
168
151
103
150
117
133
112
116
156
129
161
142
184
105
141
139
123
140
107
122
104
121
138
148
121
156
145
134
142
132
141
166
111
119
185
101
178
125
159
179
183
119
140
134
135
126
152
131
169
100
106
132
111
106
127
164
155
104
147
109
160
145
152
103
129
114
105
108
114
113
135
139
170
170
116
110
174
125
101
128
166
171
174
110
115
158
146
112
120
107
109
108
113
130
128
117
120
143
123
144
118
115
124
164
146
118
133
157
127
136
149
147
155
130
131
148
143
157
138
163
163
137
151
176
162
154
160
150
182
153
159
188
153
149
154
172
158
161
169
165
167
181
165
173
162
168
173
175
172
167
196
177
185
189
175
180
180
184
177
178
189
176
187
183
186
190
194
186
181
182
188
187
192
191
190
191
193
193
192
195
197
197
194
195
196
198
198
-1
