100
107
110
136
149
109
114
142
119
171
132
125
150
121
168
134
101
153
126
179
116
156
151
167
126
155
109
110
104
158
105
135
141
120
125
153
108
123
152
150
104
137
129
118
130
170
105
106
103
124
113
117
142
164
115
172
124
147
133
148
141
128
112
144
162
162
103
156
143
127
114
111
120
128
123
136
154
119
102
132
108
148
117
134
145
146
100
102
122
138
158
144
122
163
116
106
146
121
113
115
101
107
112
131
139
131
137
160
111
129
166
118
143
127
147
149
157
145
135
133
140
165
140
159
130
151
154
139
152
138
171
178
165
168
170
174
167
155
159
157
176
181
173
161
164
160
181
175
166
169
184
180
177
163
173
161
175
176
169
178
183
177
179
187
189
188
172
174
194
184
186
191
187
183
182
188
182
193
180
189
190
185
185
186
192
192
190
195
194
193
191
195
198
196
197
196
197
198
-1
