0.266436
0.543508
0.384955
0.309377
0.328729
0.379659
0.277911
0.292229
0.356299
0.323771
0.31268
0.345776
0.217118
0.217231
0.252542
0.18831
0.150256
0.217252
0.156445
0.160807
0.241685
0.543786
0.272935
0.306953
0.222056
0.228946
0.185386
0.269474
0.271971
0.318195
0.271772
0.43441
0.229498
0.284927
0.252953
0.357695
0.238741
0.250611
0.219342
0.215549
0.232105
0.18805
0.288641
0.279419
0.281363
0.269596
0.242686
0.19373
0.340318
0.350925
0.26882
0.309937
0.380266
0.587307
0.449478
0.391764
0.331922
0.314504
0.427125
0.347735
0.373179
0.325369
0.350734
0.364614
0.455879
0.376359
0.435177
1.06182
0.414776
0.340572
0.432948
0.37998
0.418648
0.296428
0.324977
0.337205
0.417159
0.418314
0.332731
0.275349
0.402606
0.319147
0.391561
0.322297
0.328641
0.381777
0.28428
0.280841
0.315202
0.348668
0.344726
0.319729
0.522093
0.332027
0.314566
0.381051
0.306609
0.556554
0.379413
0.293859
