248
248
226
242
28
213
182
41
228
149
39
242
3
195
144
168
228
159
57
155
94
185
205
13
242
195
57
225
242
101
251
130
181
202
243
215
239
153
179
147
251
251
176
174
156
7
228
102
165
103
146
251
251
251
218
196
152
134
251
235
80
251
140
251
164
172
136
241
169
153
251
247
98
99
233
244
251
36
182
224
199
195
251
251
217
251
19
132
244
251
8
163
251
171
199
199
199
201
247
186
251
49
66
251
131
239
239
230
175
0
159
154
4
249
251
251
251
251
72
244
221
218
245
175
241
0
228
203
0
251
149
247
214
251
251
251
246
242
212
204
96
251
246
175
251
238
251
251
162
162
251
118
228
243
229
189
141
251
251
251
137
251
136
204
38
205
217
233
21
64
139
179
251
109
129
251
49
196
211
251
251
203
54
201
172
218
244
189
133
251
242
251
54
251
226
251
26
251
217
251
183
229
251
116
0
124
221
193
196
183
230
215
240
202
145
251
251
154
183
129
232
202
164
209
237
251
251
170
136
178
251
248
129
17
73
182
140
73
251
83
83
1
0
251
251
251
251
251
113
196
251
1
198
24
251
251
242
137
142
251
200
162
250
162
251
251
38
11
236
236
94
247
228
113
251
247
43
180
198
247
32
217
0
136
141
163
6
1
235
141
141
141
162
181
184
63
251
251
211
251
251
251
251
251
251
187
234
1
251
1
1
251
251
44
167
136
251
147
223
218
251
209
219
219
195
251
146
0
241
247
246
251
251
244
169
136
135
85
109
174
151
151
161
30
144
251
175
141
250
251
244
244
1
251
251
243
152
92
1
243
251
38
251
199
65
187
227
56
115
200
129
244
203
251
145
43
116
251
251
19
1
251
12
169
251
169
252
150
251
11
243
132
67
217
196
0
152
251
186
251
251
251
90
5
251
251
217
129
252
16
216
220
197
164
179
164
126
200
234
251
218
141
251
153
236
216
227
227
140
236
236
240
230
251
219
84
15
7
13
232
219
251
159
158
190
236
154
205
251
251
100
251
239
13
181
161
197
4
145
251
251
151
134
178
113
232
222
222
181
43
150
185
251
251
236
132
136
177
177
251
251
251
41
41
251
43
43
138
225
219
0
251
251
249
221
247
53
136
139
114
236
22
146
148
170
163
252
164
164
251
251
147
169
152
251
221
240
106
251
140
140
140
5
147
251
251
251
202
202
251
164
251
251
129
218
249
217
99
185
28
251
251
92
46
9
172
168
234
153
153
131
155
164
129
151
151
151
147
0
251
251
132
148
135
160
185
185
251
182
251
251
177
244
251
251
171
152
161
11
120
251
155
91
117
251
59
251
42
251
176
241
233
145
161
251
134
134
87
245
121
251
251
251
251
248
36
251
142
184
248
251
251
251
219
150
150
150
149
251
164
251
145
145
150
164
151
169
233
251
159
159
171
62
203
142
251
251
202
247
35
26
247
166
251
251
251
251
251
11
247
235
248
249
91
252
251
139
244
249
16
16
252
127
127
244
219
229
145
251
251
251
251
5
132
139
178
135
148
163
3
123
92
244
82
251
251
171
244
131
142
251
231
181
156
170
200
187
149
163
195
195
153
1
135
189
216
247
179
211
251
228
141
251
199
251
83
251
205
122
251
251
251
150
251
1
212
187
129
145
178
211
252
199
135
182
48
199
251
251
212
209
243
251
251
251
251
206
248
251
251
205
251
251
219
243
243
61
210
194
251
141
170
251
0
24
164
227
200
249
156
29
251
164
209
147
248
190
33
69
251
251
200
251
251
132
218
176
180
200
174
135
251
251
251
234
200
170
100
138
243
234
148
243
146
87
92
74
164
251
0
251
187
251
230
172
251
172
251
251
251
153
251
219
144
189
217
24
217
163
212
204
136
196
139
135
137
155
251
130
251
252
221
8
79
134
212
249
186
0
251
251
251
251
251
156
156
251
110
110
251
251
152
217
251
7
251
251
37
142
161
159
131
230
206
218
165
178
178
251
62
122
32
35
211
169
195
167
247
217
251
150
177
177
161
236
251
251
100
40
0
251
190
248
251
160
47
212
173
146
238
152
140
180
148
244
137
228
251
134
152
245
246
246
246
140
140
251
68
251
158
131
201
251
174
69
216
227
205
221
136
194
0
251
251
27
251
151
179
32
70
247
178
10
51
251
251
251
251
251
204
251
132
129
228
180
241
218
219
42
129
156
227
163
203
85
251
251
148
185
86
251
136
183
1
251
164
192
164
184
184
161
142
141
162
163
248
187
142
158
102
115
182
251
88
251
251
187
187
187
251
251
21
251
251
0
1
251
251
251
1
146
201
230
217
251
140
251
140
140
251
243
251
166
249
247
27
245
251
247
180
113
249
251
251
251
180
234
251
251
251
251
251
218
251
82
251
251
251
208
201
201
252
251
251
251
251
205
251
148
147
201
251
243
234
147
203
178
251
243
243
248
180
156
235
218
161
162
164
251
148
148
180
251
251
211
251
184
251
219
251
230
169
160
85
251
153
130
83
251
170
251
0
251
251
154
135
155
251
16
198
145
51
175
234
251
251
251
82
172
172
146
131
74
92
218
242
172
234
14
117
251
55
193
239
208
132
157
229
205
195
0
193
154
154
0
171
204
94
217
49
251
168
190
53
53
251
0
251
218
160
245
179
251
219
190
243
139
251
161
159
129
100
164
243
176
251
181
181
156
147
169
128
180
200
228
146
251
251
251
250
251
242
234
136
238
201
233
171
183
217
251
202
140
244
158
166
251
149
251
0
251
127
210
251
251
125
251
251
251
251
126
204
75
49
10
22
142
182
242
242
242
79
251
217
16
201
18
251
251
2
203
184
90
219
78
251
251
251
251
204
141
251
251
180
167
180
247
247
89
248
248
247
170
251
251
251
217
158
145
251
251
183
183
183
251
251
251
1
134
162
190
166
182
182
182
212
186
169
251
153
141
135
251
251
182
251
251
180
90
242
146
145
182
172
141
177
174
251
164
156
189
181
187
176
205
76
141
174
157
157
251
251
251
251
251
251
150
251
184
251
77
11
210
251
251
251
251
251
132
144
243
200
171
233
182
172
246
251
164
248
251
152
136
251
1
6
142
244
142
145
172
176
131
135
132
252
251
243
243
251
162
159
159
244
243
159
245
245
251
251
151
129
244
154
154
135
129
251
251
217
147
129
164
249
166
251
171
136
149
181
154
149
181
159
251
250
58
249
186
244
196
251
31
251
64
246
234
129
251
243
145
205
142
168
167
198
204
174
246
218
227
131
237
251
251
251
120
153
147
251
128
161
195
230
230
187
111
251
166
133
207
251
56
56
57
191
251
169
251
224
208
183
158
231
235
217
156
175
175
25
131
156
251
118
251
249
146
251
251
169
155
155
248
187
251
49
251
178
217
251
193
244
230
107
188
188
33
251
1
251
15
247
116
251
80
143
251
76
84
56
162
251
183
111
137
148
251
49