148
148
211
200
28
61
168
41
212
190
128
200
252
191
133
157
212
160
57
234
94
67
67
13
204
128
57
36
201
101
252
133
167
228
218
130
204
184
164
146
217
231
163
162
232
7
212
102
223
143
145
251
252
252
232
183
145
139
212
218
131
202
148
240
187
158
140
203
158
167
252
250
252
99
227
234
226
36
188
173
246
157
140
217
229
213
19
146
234
233
240
172
217
159
246
246
246
244
250
190
233
49
66
212
134
199
199
162
162
211
184
182
4
236
216
252
252
204
72
234
130
230
236
159
202
233
148
248
204
204
151
208
221
221
145
199
234
218
228
249
96
210
51
164
148
198
251
247
132
136
204
118
212
218
217
238
140
252
249
229
168
202
248
246
38
165
232
208
21
64
162
164
218
109
131
213
49
196
232
232
213
173
201
167
172
172
234
178
177
252
169
204
54
231
141
135
26
137
229
252
188
226
213
252
217
124
205
88
209
118
216
220
231
248
240
252
252
185
234
132
205
247
185
224
197
252
246
218
183
132
252
251
132
17
73
78
148
73
228
217
217
217
225
135
135
252
229
252
113
250
233
1
245
24
252
252
204
130
151
228
247
176
190
249
252
226
38
11
217
217
94
250
203
113
252
55
43
166
244
241
32
229
252
137
149
138
6
213
216
149
149
149
166
166
189
63
227
203
240
204
204
218
218
218
204
250
216
140
137
129
136
140
252
252
155
139
233
148
52
230
233
225
233
233
163
252
80
204
202
250
234
211
252
237
177
139
135
85
217
130
181
181
188
30
132
210
162
149
189
217
234
234
252
252
218
221
181
210
211
218
252
38
252
246
65
248
218
56
115
139
132
234
160
252
146
43
116
231
252
240
252
252
218
179
213
179
189
178
246
11
218
232
141
228
242
229
181
129
168
252
218
229
90
218
217
140
229
200
235
16
221
99
245
187
249
224
126
247
216
252
157
140
204
183
160
221
184
209
174
217
166
200
206
158
231
84
15
7
13
62
233
252
190
190
194
218
176
249
252
247
100
252
181
13
166
218
156
193
143
204
204
179
181
184
113
215
207
207
186
43
88
189
228
228
217
135
139
167
166
217
244
213
212
212
252
43
43
136
206
229
252
136
191
251
205
250
53
139
141
114
217
22
165
152
159
148
6
185
186
225
252
148
181
159
252
130
200
128
228
171
245
214
5
138
252
204
233
248
248
252
186
204
252
169
230
139
229
252
189
28
233
251
92
46
9
152
184
216
147
183
134
134
187
191
180
180
132
144
252
213
252
144
152
150
148
169
168
252
152
236
236
154
235
252
225
159
184
189
226
120
221
142
91
117
213
59
252
229
232
163
203
201
142
203
231
145
145
87
248
121
228
228
228
204
250
36
213
188
189
12
213
252
252
184
193
193
193
152
252
186
217
243
246
178
185
167
138
193
252
165
165
166
215
245
150
203
203
248
250
35
26
250
153
229
211
228
252
252
155
187
235
251
251
91
251
252
141
234
251
16
16
250
181
165
234
231
129
167
252
210
210
252
5
166
89
246
139
186
35
208
123
92
234
82
228
228
159
234
249
186
213
214
161
39
174
203
245
151
181
240
240
184
1
140
147
132
250
218
227
201
193
249
252
248
228
83
211
216
248
248
248
248
180
210
159
228
155
132
143
148
201
250
246
140
188
22
138
252
218
231
224
218
252
247
247
249
127
251
229
228
129
159
140
231
198
19
225
226
215
163
95
232
163
252
24
186
212
247
251
184
29
204
174
177
157
251
194
33
69
140
212
248
252
252
184
230
163
167
247
247
136
131
194
213
217
139
162
100
232
218
165
149
218
144
153
92
74
131
207
216
200
251
249
212
152
204
152
229
252
252
235
229
138
177
132
131
24
230
144
172
249
137
244
212
136
173
179
204
176
231
250
205
8
79
248
193
251
190
199
194
252
216
201
248
203
185
211
110
110
252
218
181
232
212
7
227
248
37
247
183
176
176
212
194
138
243
232
161
216
62
122
32
211
227
160
238
156
250
229
249
164
166
163
81
217
129
247
100
40
226
252
194
251
252
121
47
11
175
247
198
179
148
166
152
133
174
212
252
131
183
237
237
237
237
148
148
231
68
137
177
134
134
230
167
213
248
210
150
201
140
222
252
237
237
27
200
179
138
32
70
250
162
10
51
217
231
231
213
200
249
252
135
132
212
130
202
230
233
42
132
185
211
173
176
85
252
203
151
189
252
252
184
188
248
216
182
243
186
189
189
190
176
176
187
177
251
234
251
187
102
115
152
233
88
252
252
251
251
251
252
218
21
233
233
237
237
237
237
202
212
145
183
211
229
204
148
249
148
148
249
218
204
172
251
250
27
236
252
250
195
113
250
216
252
252
167
218
132
213
228
229
217
230
218
82
217
252
233
128
247
251
250
202
233
233
213
174
213
157
144
137
221
218
215
151
199
166
212
218
218
251
166
187
212
230
135
145
186
217
151
151
249
212
212
227
211
140
204
231
208
212
246
161
161
233
183
204
83
217
168
252
252
237
233
181
136
183
211
16
245
143
51
157
12
233
233
252
82
159
159
144
134
74
232
230
204
147
162
14
117
194
55
206
240
194
200
173
216
247
238
244
208
185
185
202
159
137
94
228
49
252
180
194
53
53
252
252
229
232
246
236
164
203
232
182
218
147
252
176
170
236
100
186
200
163
210
183
187
187
212
153
145
167
249
138
144
218
218
218
251
213
204
216
218
247
247
145
159
188
229
228
218
193
237
138
172
204
152
204
204
252
195
240
213
229
125
252
212
212
212
126
249
75
49
10
22
218
233
204
204
204
212
252
229
16
128
18
211
183
2
213
204
90
232
204
252
252
229
217
249
137
227
204
167
156
166
250
250
172
251
251
250
155
252
247
247
156
240
163
227
226
188
188
188
213
218
131
204
139
176
144
147
168
169
169
228
189
158
252
228
187
139
137
137
168
252
249
167
218
204
139
139
168
149
149
167
247
217
187
185
179
167
184
165
160
233
149
154
176
176
228
252
200
143
213
146
178
227
251
176
77
11
227
227
233
233
233
233
138
138
138
213
26
138
169
169
237
225
53
237
249
181
137
213
252
6
150
234
140
177
159
171
240
136
157
251
249
218
218
211
144
144
145
234
218
207
236
248
229
203
184
108
235
187
187
187
132
204
217
229
234
132
187
251
154
200
160
140
151
165
183
152
168
177
217
189
58
251
190
58
20
204
31
233
64
236
143
157
233
218
171
151
151
157
155
245
213
183
250
232
208
172
236
247
244
244
120
182
245
252
130
160
219
136
136
46
111
218
154
164
240
204
56
56
194
28
204
158
252
196
173
189
128
214
216
232
187
162
162
244
230
185
213
118
252
251
250
213
252
158
181
181
141
242
252
49
252
163
249
252
243
234
237
107
192
192
33
237
233
229
15
189
212
252
80
80
212
76
84
56
173
237
188
111
215
149
202
49