186
118
138
173
147
149
105
188
125
128
150
184
131
170
155
129
132
135
121
128
195
172
114
171
108
143
185
100
110
196
116
140
193
146
179
176
158
183
103
162
174
101
137
122
138
140
104
161
147
154
136
177
118
198
173
193
146
136
155
159
148
100
186
152
149
159
177
108
133
117
163
153
117
176
115
178
174
180
150
101
166
190
163
102
192
157
158
110
171
169
198
160
122
184
178
115
180
153
167
133
123
121
157
161
166
152
182
120
172
197
142
109
154
114
156
119
113
131
183
167
160
119
137
135
168
148
164
196
162
195
139
185
165
112
187
139
103
142
188
141
189
109
134
141
164
120
170
194
116
129
111
145
192
102
179
113
107
190
123
194
191
105
107
189
156
175
169
125
106
151
130
134
181
127
127
144
126
106
111
124
104
130
197
165
175
187
151
112
181
143
145
-1
126
132
144
182
124
191
168
