192
153
187
195
107
123
168
188
161
164
109
152
195
139
110
147
131
135
182
189
144
191
148
170
186
175
104
102
180
149
116
181
130
113
124
142
137
163
106
188
171
128
122
132
119
102
136
125
129
117
118
136
118
126
127
173
166
161
152
120
193
133
164
170
132
106
177
198
112
131
126
105
130
146
181
167
114
165
171
165
166
178
124
146
172
197
123
159
134
115
168
129
128
162
116
192
169
115
137
197
138
151
135
108
153
172
191
147
110
185
122
156
156
148
187
100
111
154
155
141
155
185
119
134
112
103
142
160
198
107
183
139
149
140
101
163
113
143
141
159
145
179
160
158
104
194
176
176
144
190
117
184
120
105
189
151
173
183
138
190
143
111
174
100
177
180
150
121
167
193
133
175
196
158
121
150
125
145
103
-1
101
114
157
109
108
179
184
157
127
194
154
186
140
196
162
178
174
182
169
