163
135
138
181
111
105
158
188
179
170
186
114
132
137
166
167
132
135
143
198
174
111
133
183
168
179
124
147
142
101
101
160
119
184
125
154
106
151
106
109
150
193
149
133
150
107
137
103
161
122
141
110
118
103
127
173
198
118
155
185
148
195
122
121
120
184
146
116
112
131
166
173
128
185
143
194
196
104
186
145
115
182
168
154
114
183
100
136
142
109
115
194
128
159
149
159
169
172
121
172
147
116
157
187
131
100
177
138
162
191
175
139
174
190
124
191
196
176
153
153
126
148
171
156
165
110
164
189
163
170
158
190
102
167
130
181
144
144
112
180
189
107
134
123
129
119
193
197
188
105
187
140
-1
129
125
171
164
127
197
155
113
169
152
141
176
162
177
140
146
192
161
136
117
145
178
126
160
175
165
139
157
104
151
102
113
123
134
130
195
192
108
120
152
156
178
182
117
108
180
