167
104
141
172
139
145
194
189
170
107
115
127
197
165
144
142
186
118
147
195
166
181
196
149
137
155
197
100
142
154
193
177
114
192
146
126
121
184
130
148
174
187
138
151
173
129
120
111
136
170
125
195
178
196
127
173
162
133
104
117
121
133
185
119
110
184
157
175
112
131
168
105
135
176
114
186
183
190
132
129
141
107
146
181
124
185
123
122
183
115
168
182
162
138
103
190
161
172
113
180
149
171
-1
175
187
134
137
157
156
111
180
103
109
167
160
109
102
169
135
105
151
143
144
179
156
134
150
165
106
119
163
189
150
100
159
163
110
191
193
148
152
166
160
198
188
171
131
140
152
113
106
145
124
164
182
176
192
126
123
116
147
169
112
153
116
174
194
161
108
158
136
117
178
130
122
108
101
139
118
191
179
125
101
155
154
128
132
158
198
188
120
143
164
159
153
128
177
140
102
