173
126
183
131
191
195
141
109
170
190
189
165
117
195
103
194
154
112
120
162
101
191
193
129
140
123
108
187
142
170
116
184
171
147
148
126
143
107
105
166
152
183
122
167
130
140
185
103
194
119
152
106
178
138
163
145
139
162
157
118
108
134
109
186
180
181
138
148
112
131
173
167
176
176
168
179
137
181
177
135
125
187
146
125
164
144
117
129
134
115
147
118
155
142
146
172
188
172
180
144
145
132
151
110
153
124
127
192
124
174
121
100
136
186
157
150
174
123
175
164
156
113
163
136
121
166
160
198
197
141
179
178
110
104
185
105
132
177
150
175
119
122
165
128
196
154
111
168
193
151
156
139
116
120
115
128
169
127
198
-1
104
106
182
158
135
130
160
153
114
159
155
161
149
143
189
107
190
196
102
197
113
184
161
182
133
133
169
111
159
100
114
102
188
149
137
101
158
171
192
