133
104
116
168
147
159
154
188
180
163
109
110
198
195
103
117
162
135
177
118
181
142
148
163
128
136
138
100
136
139
106
124
183
146
153
160
178
171
145
195
168
198
122
112
115
140
130
103
127
124
166
116
118
171
185
154
139
155
107
191
148
194
185
192
149
170
159
193
111
125
137
193
130
175
157
186
167
172
150
180
166
144
175
145
121
157
119
161
176
115
181
123
104
179
196
125
186
111
113
122
147
156
189
144
113
172
184
101
174
162
165
149
151
194
126
183
106
138
114
169
190
174
161
169
133
188
182
109
108
131
128
132
189
179
182
121
164
132
134
119
152
156
135
105
170
177
141
191
164
196
192
173
190
146
143
158
129
114
107
153
126
155
137
110
142
120
140
112
143
101
100
151
178
102
152
141
134
158
108
176
123
102
197
165
117
127
129
150
131
197
-1
187
160
105
184
187
167
120
173
