186
120
138
143
149
101
109
188
122
144
170
132
175
123
146
171
128
135
117
164
148
114
148
113
184
106
170
141
142
154
116
107
183
113
193
126
173
169
124
103
174
165
191
155
189
140
118
103
126
192
154
176
177
127
139
173
139
161
155
190
121
191
197
156
147
184
102
172
112
127
181
172
198
177
114
178
193
188
197
145
186
182
146
116
132
157
137
130
134
112
181
176
180
190
111
175
151
151
171
142
166
150
129
182
136
149
161
168
106
167
187
121
119
110
157
180
125
189
168
150
118
105
159
195
131
129
125
145
159
104
198
158
164
187
178
102
162
160
179
196
163
100
111
196
131
119
153
105
141
100
115
169
115
185
174
179
107
138
162
133
123
147
194
133
128
134
-1
152
130
135
140
117
185
163
183
124
156
192
122
167
194
137
160
109
108
144
108
152
195
158
153
165
120
143
166
104
110
101
136
