179
192
177
196
159
184
105
188
115
115
148
177
195
180
197
142
132
193
168
189
141
154
116
103
170
146
124
100
171
154
130
110
111
129
180
157
118
121
175
160
174
136
170
138
163
140
108
164
137
191
152
150
118
144
127
173
139
161
155
148
121
133
178
194
162
184
114
105
112
131
179
153
130
152
114
116
136
144
137
188
175
151
146
162
151
127
123
159
102
182
168
107
135
155
124
133
196
102
171
158
126
166
134
165
120
186
163
111
158
172
198
183
173
143
193
125
187
106
139
190
147
181
126
107
123
167
185
128
100
101
142
104
117
125
140
128
178
150
191
104
182
176
113
109
147
156
161
108
187
122
132
129
141
156
195
194
103
122
192
176
157
106
149
101
145
-1
153
112
167
109
160
113
165
174
164
183
120
138
198
119
135
117
143
166
181
169
190
185
189
119
145
197
169
172
134
149
131
110
186
