197
148
120
128
134
115
170
181
135
104
147
176
113
139
162
161
142
126
171
198
159
108
100
168
175
174
103
129
169
131
165
125
179
134
161
102
151
106
112
137
110
130
166
157
166
180
138
122
124
127
109
146
133
145
193
121
182
123
180
105
156
154
177
105
192
178
155
114
158
156
172
111
119
147
117
124
150
126
184
119
107
153
148
151
149
172
122
158
164
141
183
101
142
191
152
123
167
170
162
187
108
103
100
102
106
104
107
101
109
110
111
114
113
116
112
117
144
116
115
120
121
118
118
194
133
132
127
128
129
130
132
135
131
125
136
136
137
138
139
140
146
140
141
149
188
143
143
145
189
186
190
154
191
188
155
185
160
160
157
195
159
163
163
164
165
194
168
169
167
196
171
173
173
175
176
177
179
174
144
178
181
183
184
182
150
189
153
195
196
152
192
-1
193
185
186
198
197
187
190
