135
104
100
193
182
178
127
140
159
179
120
114
105
124
171
116
131
166
108
115
166
125
118
169
110
131
109
148
184
164
162
133
179
160
186
165
122
127
146
158
129
141
149
154
126
145
142
185
150
147
101
112
121
151
123
159
172
139
141
111
168
156
177
171
181
139
158
107
117
116
136
192
114
107
174
103
149
145
128
120
176
167
152
104
176
173
181
100
147
134
136
101
138
162
154
153
163
110
172
103
102
102
189
106
105
106
186
108
109
111
112
113
113
187
115
117
118
119
119
188
121
122
123
124
125
126
128
129
130
130
132
132
133
134
135
137
137
138
142
140
143
144
143
144
189
146
187
148
157
150
151
152
153
155
155
156
157
191
161
160
161
190
163
164
165
167
168
169
170
170
188
173
174
175
175
185
177
178
180
180
182
183
183
184
193
191
190
197
194
192
196
195
194
196
195
197
198
198
-1
