107
131
120
169
128
122
172
181
142
135
159
166
171
103
164
145
118
109
111
187
180
185
121
179
155
139
116
112
174
150
117
154
141
103
129
157
133
114
160
105
191
123
177
147
124
100
125
137
162
153
141
104
183
137
177
143
158
163
120
101
142
108
100
189
173
161
124
186
121
136
153
123
151
156
182
168
166
134
146
169
185
175
116
157
181
143
111
162
102
113
167
149
115
105
150
149
122
139
176
133
101
102
104
106
106
108
107
109
110
110
192
112
113
114
115
117
119
118
119
196
128
126
126
130
125
127
127
129
130
131
132
132
191
134
135
136
138
138
140
140
190
144
144
146
145
147
148
148
189
152
151
152
193
154
155
156
190
158
159
160
161
163
165
164
165
193
167
168
170
170
171
172
173
174
175
176
178
178
179
180
182
183
184
184
186
188
187
188
194
192
195
194
195
198
196
197
197
198
-1
