121
113
135
163
102
137
144
157
141
155
110
105
179
174
133
167
167
165
120
111
175
135
138
154
134
185
152
198
171
168
111
128
174
100
107
123
164
157
172
162
176
193
126
124
125
106
179
118
112
143
164
184
114
183
160
150
177
136
180
116
117
153
103
113
186
148
194
145
139
151
101
150
108
132
160
127
170
115
104
156
100
147
175
183
173
165
178
133
146
131
140
187
155
158
130
119
122
127
181
142
101
103
104
102
106
197
109
124
107
105
109
108
114
112
115
116
117
118
119
120
121
122
123
129
110
128
131
125
126
130
189
129
192
132
138
139
137
140
136
134
141
142
143
144
145
147
149
146
186
151
149
148
196
152
153
154
163
158
156
185
161
162
194
161
166
166
169
169
195
170
168
173
191
191
171
176
190
180
182
182
188
184
177
181
178
172
159
195
193
192
189
190
197
196
159
198
-1
187
188
