177
128
107
112
150
147
174
134
164
100
181
137
139
198
157
101
125
139
185
191
180
100
120
150
105
124
140
153
109
181
121
159
173
117
122
148
154
132
107
182
175
159
170
123
171
128
133
131
130
105
108
148
118
138
168
160
146
153
178
119
102
187
106
136
117
165
115
134
122
133
184
116
140
111
138
185
126
169
111
167
129
143
118
166
172
114
145
176
158
183
141
127
146
142
180
116
102
135
187
163
103
104
104
101
188
103
113
106
113
110
108
110
109
197
198
114
115
188
119
120
195
193
123
124
125
126
127
189
132
130
194
190
129
194
135
136
137
162
161
152
141
142
143
144
151
144
145
151
154
152
156
155
164
160
157
149
162
158
155
149
156
147
161
166
163
167
165
168
169
170
171
172
174
189
176
173
175
179
186
178
179
177
192
182
197
186
183
112
190
196
192
121
-1
184
193
131
191
195
196
