105
138
148
137
116
147
114
111
142
109
146
136
123
133
174
124
119
172
126
181
136
100
154
167
123
152
177
176
160
161
129
171
139
164
159
170
110
134
106
151
193
174
107
158
125
173
140
113
176
155
118
150
112
101
169
186
100
115
120
133
143
153
126
154
150
127
192
153
118
179
122
103
146
178
135
107
187
179
142
159
129
182
103
149
102
131
151
181
166
128
157
104
140
110
157
117
130
163
168
162
101
102
189
104
105
106
108
108
109
186
111
112
113
114
115
116
117
120
119
121
121
122
188
124
125
185
127
128
130
131
132
132
189
134
135
143
137
138
139
141
141
144
145
144
145
187
147
148
149
191
190
152
188
156
155
156
185
158
161
160
162
163
164
165
165
166
167
168
169
170
171
172
173
175
175
182
177
178
180
180
183
184
183
184
193
191
190
197
194
192
196
195
194
196
195
197
198
198
-1
