102
120
134
161
154
157
114
121
181
185
163
113
131
110
143
177
108
139
169
128
152
130
157
110
173
136
178
177
142
148
180
118
184
123
100
175
115
188
165
166
149
106
144
159
119
158
134
119
100
171
115
140
174
149
117
196
174
104
107
125
155
145
155
141
136
111
144
104
122
178
139
162
175
113
133
132
168
181
111
148
170
127
129
172
159
142
103
165
153
187
179
117
106
167
124
189
173
101
186
184
101
102
103
105
105
107
109
108
109
190
112
112
193
114
116
116
138
118
120
123
121
122
124
125
126
126
127
128
129
130
131
132
133
135
135
137
137
138
190
140
141
145
143
146
147
146
147
150
151
150
151
152
153
154
156
156
158
160
160
162
161
163
164
164
196
166
167
168
169
170
171
172
192
191
176
176
191
183
179
180
182
182
183
194
185
186
187
188
189
193
194
192
195
197
195
197
198
198
-1
