152
135
113
108
185
167
193
173
165
173
110
136
189
129
157
193
180
118
151
100
183
126
154
165
152
171
175
119
190
132
177
143
100
190
128
136
156
137
111
170
108
121
184
143
124
162
159
127
148
113
179
121
158
122
184
137
177
149
127
148
103
117
192
104
145
123
139
169
141
155
130
141
138
115
168
180
150
178
161
112
129
139
171
135
132
102
114
175
159
106
105
185
162
107
101
125
160
151
118
117
101
102
103
104
105
106
107
109
109
110
111
112
114
115
116
116
198
120
119
120
187
122
123
124
125
126
130
128
131
133
131
133
134
134
188
140
138
142
144
140
147
142
144
146
145
146
147
187
149
150
183
153
153
154
155
156
157
158
164
160
161
163
163
164
166
166
167
168
169
170
172
172
174
174
176
176
182
178
179
181
181
182
188
186
186
194
196
189
192
191
191
195
195
194
196
197
197
198
-1
