125
119
157
115
127
164
147
158
103
181
114
132
177
156
164
129
139
152
140
159
107
183
113
111
172
171
194
121
167
147
185
123
125
103
186
136
129
110
128
165
109
174
148
190
130
150
190
144
165
132
179
179
102
118
184
118
191
104
148
133
135
154
106
155
108
120
160
131
100
105
137
142
160
134
178
171
116
193
151
185
176
198
126
133
151
175
117
163
141
183
140
101
138
149
161
182
153
112
189
173
102
106
104
105
101
100
107
108
109
110
111
112
113
114
116
122
115
119
117
120
128
196
127
121
126
122
123
124
124
130
192
189
181
134
135
136
137
139
145
138
146
149
146
141
150
188
143
144
143
145
142
152
153
154
155
156
157
159
162
158
169
170
167
168
169
163
162
161
166
166
187
172
173
175
180
176
174
195
184
187
178
197
180
182
177
168
131
197
170
198
196
195
188
186
192
-1
193
191
194
