183
105
176
170
158
182
135
139
166
161
121
182
181
186
171
175
165
107
170
142
155
160
152
103
149
163
108
110
100
151
189
130
144
173
186
116
123
185
127
192
119
112
126
157
145
111
119
179
106
111
168
140
153
158
175
102
100
172
162
156
197
177
122
178
142
107
103
136
127
129
154
146
183
138
148
167
134
150
114
166
106
135
151
113
101
161
171
120
132
177
139
124
125
138
131
130
134
147
184
116
101
102
104
104
105
110
109
108
109
113
114
112
115
117
115
117
118
118
192
120
121
122
123
124
125
126
128
128
129
131
132
133
133
194
137
136
137
190
141
140
141
143
143
144
145
146
147
148
149
150
191
152
153
154
155
156
157
159
159
160
162
163
164
164
165
167
168
169
169
181
172
173
174
174
184
176
178
180
179
180
189
185
188
190
187
187
188
196
194
191
195
193
193
196
195
198
197
198
-1
