165
129
192
104
162
101
137
177
147
180
166
153
157
124
181
102
119
103
118
172
145
140
176
161
183
135
169
116
152
122
191
136
100
127
132
104
126
133
188
121
135
130
114
102
163
130
147
163
174
129
115
175
165
187
160
178
179
155
131
180
106
185
136
105
183
159
103
100
154
128
124
108
153
120
173
179
140
191
171
157
167
137
141
108
101
194
107
169
189
193
196
131
139
123
186
134
134
141
114
168
106
105
112
109
107
111
110
109
111
110
112
113
113
115
117
116
117
118
119
120
121
122
123
125
125
126
127
128
190
146
133
132
138
142
139
145
138
146
143
142
144
144
143
149
149
148
148
150
150
151
151
152
154
155
156
156
158
158
159
160
161
162
164
164
193
166
167
168
170
170
171
172
173
174
175
176
177
178
190
182
181
182
184
184
185
186
187
188
189
196
194
192
195
197
195
197
198
198
-1
