136
193
130
132
147
103
114
129
106
197
131
175
106
127
184
192
154
190
145
196
134
150
173
156
161
116
104
108
183
159
124
117
140
121
110
182
155
110
144
191
193
141
176
180
133
118
158
160
179
169
167
149
168
164
120
119
151
101
115
128
142
163
188
123
192
148
113
135
111
143
172
120
138
183
150
140
182
174
105
100
137
112
165
162
184
171
166
139
109
107
129
157
126
153
101
146
178
125
194
122
103
102
109
102
100
108
104
105
198
107
111
112
113
114
117
185
115
119
116
118
121
124
127
122
123
189
125
128
126
130
131
132
133
134
135
136
139
190
196
137
141
142
143
145
154
146
144
148
156
147
161
159
157
152
152
151
158
164
160
153
155
149
165
166
162
163
167
174
171
168
195
172
173
181
169
170
181
188
177
180
176
175
187
179
187
191
198
186
170
197
138
-1
178
195
189
194
177
186
185
