117
151
139
114
140
105
101
186
190
126
148
181
179
167
168
149
118
120
158
132
127
125
167
110
126
180
114
136
143
107
131
159
116
146
181
165
174
156
161
145
119
172
140
101
159
116
177
163
130
173
100
153
175
129
141
170
111
110
160
164
150
163
172
186
133
109
155
169
112
141
103
184
130
133
100
153
123
134
122
168
156
173
131
161
148
102
106
139
103
109
149
178
112
144
125
176
154
121
129
184
102
104
104
106
105
107
108
108
187
194
111
113
113
115
115
120
117
118
119
121
122
123
124
124
187
128
127
128
188
132
135
134
135
138
136
137
137
138
194
143
142
142
144
145
146
147
147
188
150
152
151
152
196
154
155
157
157
158
190
160
162
162
164
166
165
166
192
169
170
171
171
192
182
174
175
176
177
178
179
180
183
182
183
185
185
189
191
189
193
195
191
198
193
195
197
196
197
198
-1
