170
233
203
74
213
239
163
151
175
157
64
63
173
233
249
233
146
251
12
173
195
203
60
248
28
195
223
223
202
249
241
214
244
172
248
234
223
202
194
169
32
238
249
217
236
150
194
203
168
248
160
54
248
250
247
165
27
241
165
202
29
122
138
236
239
25
4
250
136
213
135
241
165
165
249
201
171
49
225
27
74
246
52
188
238
233
236
220
80
150
172
161
242
165
247
234
25
199
197
203
249
2
213
233
197
58
171
166
251
155
225
233
219
150
118
252
241
223
243
175
199
136
201
222
91
159
245
241
181
147
233
185
200
31
137
64
202
27
223
173
223
240
183
199
118
136
39
194
141
202
183
233
166
5
223
251
244
189
249
236
191
196
203
116
233
84
222
223
56
234
222
169
143
107
193
249
248
156
142
143
22
18
175
197
21
235
202
55
196
233
59
171
32
248
158
231
74
248
161
171
63
250
167
234
234
202
249
216
173
54
160
236
233
233
248
185
151
161
220
223
234
233
251
26
220
234
7
233
226
36
73
130
250
192
238
162
201
87
40
195
87
174
251
197
50
251
27
244
214
243
15
204
252
126
185
218
61
225
249
250
223
248
231
85
223
240
241
223
247
242
235
202
231
252
247
248
248
76
244
8
248
53
25
241
143
229
164
217
170
221
223
9
31
175
243
202
154
88
251
158
31
201
187
190
184
169
58
242
5
15
215
169
167
188
223
10
238
223
69
239
170
213
251
180
247
31
251
192
185
220
120
174
198
204
126
223
175
201
243
168
230
245
191
241
241
250
3
42
221
191
172
153
158
61
74
172
244
186
98
42
39
196
21
200
234
85
91
239
233
204
4
175
231
205
158
235
102
62
233
186
251
229
202
78
9
189
8
12
221
233
148
151
172
203
77
221
74
195
239
193
106
248
170
231
248
175
178
21
247
220
214
199
223
151
248
54
202
251
233
200
251
243
242
88
199
242
170
159
220
208
152
190
252
250
192
248
192
28
188
220
222
223
154
235
64
233
245
195
50
202
196
173
169
242
247
180
44
199
54
161
166
249
240
202
44
93
233
151
251
245
236
196
165
48
185
60
230
208
231
147
143
216
170
239
198
202
16
169
188
149
144
171
62
139
233
203
66
250
235
251
146
239
205
239
131
242
243
77
240
164
244
220
223
234
28
250
99
231
239
177
200
159
197
185
50
155
241
24
24
87
248
114
119
191
3
172
126
8
240
0
241
223
223
131
151
165
28
240
175
233
229
236
147
199
194
251
181
233
202
233
131
196
167
199
66
175
223
223
248
197
8
243
46
247
195
182
248
235
61
239
195
150
171
249
174
141
175
233
234
3
244
110
242
252
233
64
247
242
210
183
206
199
104
171
250
37
193
236
241
249
223
30
249
249
221
144
198
173
243
239
252
231
171
165
220
243
223
91
176
242
244
175
129
232
82
239
158
52
235
172
0
251
203
228
244
158
201
184
4
6
233
143
236
241
214
196
114
203
136
251
61
216
233
236
135
223
244
197
96
200
248
150
217
141
197
220
245
246
161
107
118
141
28
249
242
203
245
250
188
20
239
114
252
217
72
118
223
232
16
0
204
136
244
11
233
214
148
247
9
169
73
192
170
215
101
213
223
244
236
46
233
27
36
241
197
29
234
234
38
49
242
248
252
114
223
182
252
104
193
252
110
230
247
31
43
169
168
152
180
143
234
54
142
233
43
236
12
80
182
193
223
251
1
34
191
225
191
243
180
59
21
30
249
236
204
43
159
118
245
203
56
250
24
250
247
203
233
45
239
62
223
231
107
42
233
197
233
186
122
119
231
244
251
96
131
170
213
236
63
188
131
54
173
202
202
233
4
35
234
168
187
202
171
243
165
168
156
74
170
10
12
193
152
1
233
114
249
226
116
114
251
141
156
15
4
223
164
204
234
39
245
235
21
223
185
197
143
183
245
251
246
251
149
182
194
231
61
221
99
249
11
244
234
121
239
175
248
192
234
223
240
251
240
186
34
247
56
201
223
247
250
49
215
227
231
203
2
204
188
233
199
202
251
239
248
80
196
233
165
48
203
247
5
234
131
248
220
248
126
85
6
248
201
250
203
26
21
132
164
2
43
243
240
80
243
249
143
100
236
243
191
171
88
238
168
98
22
248
61
218
164
223
247
231
199
48
208
195
236
48
222
51
1
165
69
43
155
202
152
130
243
142
196
122
222
203
215
201
118
65
184
248
233
233
143
150
103
114
249
204
57
170
45
233
83
172
195
158
233
159
48
203
81
233
187
219
223
223
135
169
236
201
201
197
223
229
41
202
246
74
149
135
173
213
6
77
236
155
236
223
250
165
247
243
195
198
169
196
220
245
49
16
194
221
24
159
118
252
10
234
247
251
184
232
171
102
113
18
194
175
197
249
233
221
13
182
203
174
248
144
241
238
230
244
242
223
207
195
245
222
251
245
216
64
171
186
213
74
195
252
251
96
58
249
195
113
8
63
223
216
81
28
190
49
99
27
131
196
76
223
62
231
173
233
43
247
4
247
24
197
196
235
230
233
167
8
34
218
250
152
234
188
69
10
238
151
250
167
102
34
243
249
220
16
197
114
27
103
248
225
203
202
168
220
61
193
249
251
236
1
155
247
9
184
16
165
249
220
36
201
151
203
168
242
175
198
241
233
249
186
248
0
250
77
31
20
170
173
24
155
191
144
147
243
234
0
173
188
219
244
213
171
132
188
242
219
223
169
38
241
201
159
250
99
55
26
182
242
214
6
249
245
195
250
150
234
6
173
235
86
27
8
36
221
241
222
239
193
251
251
248
42
103
19
85
233
195
161
195
4
194
210
168
234
185
168
56
169
251
243
13
197
220
164
223
236
215
223
135
197
141
188
243
46
167
220
233
150
231
203
235
203
130
233
246
29
233
231
195
6
247
193
43
203
251
199
201
208
240
202
202
245
233
152
245
233
158
230
202
186
60
238
193
159
248
165
191
126
199
57
243
244
49
36
251
248
243
36
71
251
202
248
234
10
64
234
242
241
31
126
136
238
250
146
247
156
245
129
77
219
249
243
250
146
223
233
228
186
244
247
247
172
154
223
132
58
169
119
91
47
238
21
8
243
221
247
129
59
238
58
31
199
28
221
194
239
251
247
238
251
39
192
95
60
219
251
238
252
147
49
245
188
74
136
234
186
57
36
203
232
40
96
204
170
249
205
95
203
212
136
62
242
175
191
244
154
220
4
194
240
234
231
153
219
186
220
170
96
169
43
151
160
195
214
233
204
224
223
196
211
234
237
131
173
199
96
235
165
223
126
25
183
252
238
172
171
164
158
170
241
127
91
236
25
248
169
162
211
203
201
184
243
85
252
173
95
193
195
223
233
82
223
138
199
170
122
58
81
149
223
199
110
202
28
241
249
251
236
251
82
33
197
152
23
8
38
102
195
8
247
203
203
249
100
201
247
48
247
64
58
28
244
239
167
74
117
26
241
119
9
38
197
74
201
197
236
239
149
251
114
251
250
242
171
26
129
199
195
202
80
199
219
251
99
233
219
233
192
247
233
193
185
252
200
174
199
58
199
96
201
203
20
184
229
201
247
195
48
202
107
140
194
9
22
85
203
243
222
156
233
201
165
118
165
131
172
64
223
63
241
232
192
223
42
242
56
100
248
241
185
42
223
170
182
65
203
244
217
233
56
187
241
242
137
233
223
58
242
216
8
251
232
251
5
184
26
245
128
156
208
239
222
252
241
197
250
173
223
223
85
229
51
250
120
170
204
252
249
249
221
197
248
245
248
222
44
109
78
249
34
7
223
233
194
118
74
215
241
236
144
235
244
251
233
57
4
10
244
201
237
27
251
62
197
220
220
12
242
193
244
243
192
147
22
64
168
236
238
155
187
122
247
182
233
223
57
201
247
235
235
241
244
175
12
118
204
248
232
1
15
217
121
136
20
228
6
75
168
127
1
243
141
7
223
223
238
158
18
175
87
243
117
223
144
248
169
146
12
23
223
191
248
239
250
236
202
191
221
139
143
234
223
175
60
243
251
143
223
223
248
135
240
198
77
252
223
161
141
238
247
184
233
128
169
244
191
57
95
233
116
248
4
203
60
184
16
170
57
67
209
252
242
241
165
234
170
201
239
247
57
77
251
234
233
239
199
172
171
204
235
243
32
25
242
178
252
170
226
251
144
202
233
122
212
40
175
172
183
247
251
247
18
203
239
244
150
6
248
12
98
5
78
143
204
64
234
213
36
223
238
243
200
251
197
79
188
200
240
199
229
235
234
168
233
64
173
186
169
230
196
216
196
250
194
179
251
143
140
69
197
192
22
248
243
221
165
236
241
183
251
199
185
151
235
232
87
239
238
60
171
156
232
126
194
223
178
241
14
192
236
233
233
240
144
223
136
2
129
62
250
223
231
229
242
235
196
147
232
31
150
248
221
170
195
223
19
193
142
231
238
244
223
251
196
165
163
223
121
233
235
65
234
223
161
234
195
251
203
171
243
149
143
248
43
233
243
1
243
251
48
43
205
79
195
152
36
233
158
243
196
104
244
202
223
200
201
223
213
38
197
28
247
202
248
152
241
195
59
170
103
234
74
222
199
220
247
169
248
197
247
143
3
203
74
29
249
220
243
165
231
251
223
114
223
63
220
189
95
197
215
146
166
169
95
220
239
243
247
229
99
240
150
242
233
186
200
170
88
202
249
22
248
133
52
201
233
205
216
64
252
235
171
179
240
161
243
202
114
248
237
170
190
172
216
251
14
248
58
236
220
163
152
198
161
142
233
187
35
251
163
149
168
137
4
251
127
231
232
13
145
191
196
171
247
247
48
229
39
172
198
167
27
233
231
19
46
58
248
52
188
186
143
243
42
183
251
223
64
96
203
240
239
74
170
233
234
233
110
144
7
243
188
202
143
188
231
198
199
239
134
233
204
243
45
27
188
233
195
161
239
25
63
234
223
165
202
48
139
236
209
242
171
27
116
175
173
249
215
223
251
222
170
49
175
241
223
239
171
79
0
236
242
235
242
88
230
143
3
116
197
244
239
165
196
195
4
233
44
201
195
248
103
251
153
4
248
50
251
8
251
247
203
197
236
172
243
24
245
114
170
2
31
230
248
234
10
201
248
241
220
252
64
16
170
20
203
21
223
91
243
220
199
211
17
208
170
234
235
62
135
88
129
248
222
247
248
185
163
233
148
242
158
56
203
21
171
223
243
244
248
195
223
233
223
194
165
215
249
96
249
244
199
214
251
202
233
151
131
96
238
248
95
223
172
251
234
223
244
236
50
234
43
238
233
177
233
158
200
236
143
25
200
211
204
169
141
29
77
14
186
243
251
242
151
191
223
171
232
4
184
244
154
208
195
233
138
104
221
69
176
244
199
241
27
198
191
236
28
191
136
5
159
126
244
28
248
150
204
223
233
195
34
188
243
43
171
195
226
186
38
20
236
214
187
186
151
200
17
49
121
243
1
197
71
230
165
6
165
252
164
187
238
3
235
191
251
31
244
239
234
223
190
223
43
6
184
221
243
234
26
123
235
197
9
247
43
232
250
243
232
199
199
203
126
67
134
179
239
9
104
175
199
249
192
161
96
241
250
233
220
185
147
169
248
229
247
248
247
152
220
151
146
57
234
168
233
53
220
123
144
243
143
221
19
24
85
2
216
118
22
236
44
158
15
198
251
247
251
171
214
248
195
236
202
229
1
249
39
201
57
186
58
201
34
243
245
223
233
4
149
203
159
169
142
242
247
152
215
51
201
44
28
196
48
241
71
235
204
198
243
251
161
151
169
234
220
143
198
233
51
236
223
174
161
175
233
243
242
244
211
57
233
191
60
251
243
164
14
23
230
176
148
85
158
233
47
191
193
216
131
175
220
247
193
238
223
238
199
223
187
202
159
173
248
203
126
223
197
185
6
48
204
149
243
198
122
141
233
48
9
151
192
235
46
239
29
22
231
8
173
118
188
161
203
165
142
172
170
234
126
168
85
152
4
223
46
223
233
1
69
223
88
132
199
61
60
223
248
243
168
204
247
197
188
146
142
234
3
239
187
203
8
249
223
236
247
223
188
159
73
248
236
241
240
148
122
17
204
25
223
239
166
183
174
223
6
195
244
123
192
53
222
233
144
166
221
190
11
103
58
192
244
252
251
22
136
143
235
166
169
196
191
96
220
233
245
180
237
233
176
60
173
194
223
235
203
218
251
211
233
155
248
170
250
103
248
223
175
181
233
199
101
181
34
245
202
170
88
77
154
247
201
194
222
116
9
223
143
233
242
149
126
222
165
247
250
98
1
239
220
158
223
183
238
240
239
205
198
3
243
10
238
200
244
249
250
218
171
231
54
1
22
202
216
199
245
117
199
247
239
136
149
147
43
181
96
202
203
241
233
195
247
199
249
87
233
181
243
199
140
243
220
203
233
195
152
233
48
149
245
123
246
249
243
236
181
252
19
245
233
236
223
169
5
210
247
201
195
96
2
114
203
19
152
233
57
148
96
45
233
36
203
239
28
243
172
182
223
29
178
194
21
150
234
38
243
126
199
170
196
171
245
8
236
203
20
8
172
34
186
242
203
243
199
87
198
247
161
245
238
150
202
159
248
229
181
165
29
159
234
172
203
220
177
151
233
150
250
204
84
241
223
233
142
39
223
210
223
126
8
62
241
147
232
248
250
139
242
192
204
49
144
64
233
24
220
249
251
243
205
219
244
233
20
27
48
238
126
252
71
244
223
233
230
39
249
222
191
229
58
8
59
198
236
140
129
198
219
135
14
