242
27
252
12
153
57
193
223
223
241
7
167
150
181
221
139
244
163
222
153
230
238
243
227
110
21
221
223
137
222
231
124
99
249
28
241
237
236
223
251
190
194
242
227
23
221
192
151
196
244
190
24
217
117
205
29
195
223
238
249
163
241
196
29
238
74
196
38
252
34
137
143
109
222
244
207
63
236
163
147
17
220
194
221
199
249
236
172
223
196
188
196
138
217
151
167
223
251
4
80
231
165
219
192
160
103
153
222
192
190
103
116
227
235
220
128
248
251
9
151
206
124
240
232
180
250
151
243
248
176
153
123
181
196
137
176
93
189
190
194
27
241
25
191
4
223
31
192
27
246
236
236
10
61
222
236
250
192
180
142
192
237
164
227
193
140
217
195
223
194
223
149
246
250
223
241
223
153
57
24
250
221
192
231
147
251
153
31
238
232
162
246
221
244
177
10
190
116
182
130
176
74
6
249
136
243
223
232
35
140
246
154
227
229
223
6
243
241
242
214
9
151
249
118
194
251
229
136
71
195
188
226
32
196
229
149
181
237
231
196
34
153
241
151
96
246
251
51
223
222
196
251
223
222
46
114
251
221
181
223
231
54
162
158
0
90
229
223
246
251
1
153
182
93
143
138
128
48
99
229
250
83
190
221
249
116
15
223
250
221
231
215
194
231
217
129
82
239
74
223
162
116
251
232
151
87
151
221
189
222
34
128
6
176
238
232
190
227
46
3
248
150
227
143
166
236
243
97
244
207
127
2
148
154
228
239
242
236
249
250
190
25
184
243
223
250
84
190
242
231
21
240
241
5
217
95
217
238
232
139
244
53
182
177
46
173
193
223
74
176
95
231
252
60
249
25
238
228
180
101
188
103
238
221
221
11
248
145
182
64
247
181
143
252
182
242
181
63
222
192
222
176
236
243
238
117
190
57
169
65
48
19
248
83
246
249
39
152
138
222
175
29
61
223
223
118
103
57
240
243
200
208
238
192
31
137
247
223
2
250
149
219
122
231
220
176
232
241
223
192
222
145
236
189
223
145
217
150
87
222
208
191
143
8
229
165
29
222
196
85
190
236
250
128
85
191
217
63
17
35
63
252
246
219
74
236
144
206
179
231
12
102
195
149
223
167
96
232
179
223
219
223
73
251
176
62
250
243
194
223
229
231
236
36
46
231
223
83
246
242
169
223
8
237
72
132
223
227
237
122
223
141
118
53
250
195
233
229
251
159
238
222
153
222
246
229
148
154
110
194
246
252
141
222
181
223
142
248
238
184
163
250
252
176
1
243
100
181
243
196
231
219
228
239
250
195
142
220
207
91
43
247
57
201
191
229
62
239
244
35
207
149
233
104
252
227
189
87
148
56
138
26
174
143
247
128
196
181
72
141
232
10
177
97
221
73
151
189
104
223
167
172
250
190
244
151
195
193
232
35
182
174
46
239
236
83
13
141
151
162
250
153
241
239
238
238
119
236
223
0
72
17
250
205
179
251
251
212
191
32
246
219
83
180
222
56
227
126
182
130
192
236
173
222
193
214
83
246
248
3
129
160
46
238
151
152
8
176
64
242
251
175
149
232
190
239
130
246
250
151
45
241
179
27
185
219
219
182
241
246
181
249
38
237
191
64
52
179
62
227
148
250
236
34
194
20
240
223
227
189
185
193
238
231
11
47
237
251
83
223
83
192
242
114
182
205
247
195
223
56
236
182
231
190
241
245
145
240
247
228
165
193
20
181
148
221
194
238
216
21
31
221
184
238
247
12
27
245
167
236
243
176
194
222
223
233
223
248
194
148
192
222
126
132
187
138
178
220
188
231
195
192
182
161
243
236
122
223
135
223
17
21
246
213
175
15
190
217
190
213
229
190
95
118
250
237
66
211
223
244
244
231
194
241
21
199
29
148
209
196
221
46
199
29
249
38
170
11
21
196
31
87
81
29
95
252
243
190
241
185
220
201
195
47
194
250
98
248
101
251
27
250
252
198
195
222
236
236
190
65
175
5
141
219
194
191
244
64
175
7
188
22
251
185
27
242
46
238
239
17
137
250
46
236
181
176
182
236
25
250
193
219
16
251
110
186
63
222
213
118
246
141
246
26
74
236
138
138
250
238
250
95
247
248
221
167
236
252
64
3
1
236
250
246
126
249
228
138
199
32
230
2
231
175
196
241
47
208
187
64
236
240
114
156
156
58
217
250
236
178
57
222
220
149
71
216
193
241
138
149
183
134
177
236
11
218
31
21
29
77
244
194
231
232
117
194
31
243
238
218
149
251
219
249
220
201
126
29
160
153
250
248
250
174
17
53
175
194
245
223
227
250
194
192
167
232
248
16
181
222
250
232
179
36
251
236
0
167
250
217
249
235
118
107
144
32
223
221
213
195
175
248
194
200
136
238
222
245
34
194
179
177
150
231
66
191
193
192
4
227
229
47
231
244
151
246
203
238
96
239
246
31
135
230
156
19
229
217
141
236
2
222
242
238
194
180
172
166
1
188
244
152
165
153
193
8
251
83
193
241
30
236
238
214
147
140
243
44
222
249
163
196
8
2
246
182
237
170
107
65
250
250
227
223
252
231
128
49
138
223
126
251
47
56
243
107
54
222
194
16
1
227
135
211
238
251
246
209
189
25
244
24
217
8
241
246
223
174
223
249
181
181
228
196
223
219
215
126
243
181
225
240
223
87
199
249
118
251
249
182
84
195
240
151
148
243
246
245
54
194
222
153
151
32
245
138
46
246
250
148
24
16
162
179
4
182
248
227
182
248
13
87
223
244
227
156
118
147
48
176
222
228
250
219
223
7
29
250
223
5
57
246
249
10
143
109
238
249
223
236
179
213
249
237
41
176
141
227
71
189
73
194
1
195
133
250
177
238
181
249
227
194
249
249
250
223
237
232
236
163
31
39
62
39
7
243
232
186
23
247
219
139
27
148
193
192
223
194
195
218
194
65
104
177
29
195
186
182
181
249
192
222
193
246
223
127
181
217
231
151
202
241
61
32
161
220
223
196
239
167
137
182
250
126
151
91
150
114
192
248
237
58
85
124
236
250
195
217
246
47
236
236
250
213
194
216
182
227
97
249
153
236
142
4
73
226
12
236
250
249
56
189
5
249
231
31
85
11
219
241
161
213
143
55
53
182
19
222
185
30
220
184
166
202
249
139
116
167
223
19
189
60
237
232
103
104
227
159
48
7
236
91
196
231
223
217
4
238
199
175
221
17
241
96
250
223
117
148
34
246
236
64
217
179
93
17
230
240
201
209
227
192
53
231
245
248
151
249
182
250
196
74
228
223
62
193
7
236
173
196
160
47
229
27
249
80
222
241
82
246
80
246
148
190
34
46
137
249
236
223
46
58
181
236
222
251
219
141
223
223
150
241
219
173
227
163
147
247
220
28
181
217
194
250
153
114
36
237
195
137
99
227
246
73
34
236
190
250
227
223
252
241
110
233
235
16
249
4
147
181
242
195
232
221
191
148
165
221
45
2
182
118
169
208
45
223
190
251
193
232
251
227
20
222
141
236
249
223
143
5
31
64
175
239
243
100
122
192
240
190
138
190
227
222
223
73
251
242
73
153
236
244
191
207
244
34
223
172
208
182
163
193
246
220
223
1
217
244
139
236
220
232
218
143
223
56
181
240
223
217
88
219
221
236
230
98
1
176
219
228
192
27
249
36
220
51
151
183
244
182
130
249
191
176
16
183
137
118
1
144
192
193
53
127
11
223
193
188
249
170
154
240
248
244
223
29
236
57
228
195
216
4
251
223
238
163
223
221
190
189
246
85
194
250
141
244
236
207
143
144
236
191
129
229
139
201
241
242
223
161
229
24
20
244
54
222
190
182
179
176
235
7
222
231
116
240
248
128
85
241
236
9
96
227
219
180
217
145
238
223
141
221
190
217
57
251
208
151
182
236
193
222
24
136
194
8
193
218
190
242
127
227
201
223
20
132
194
139
194
190
231
223
217
182
195
249
193
48
152
35
140
38
246
192
151
248
221
251
236
242
248
236
181
141
239
12
24
46
191
182
252
236
250
202
3
248
69
221
181
222
222
150
95
2
97
190
229
150
130
69
179
238
176
240
27
220
25
202
236
252
194
48
236
224
148
227
213
192
82
138
63
162
142
228
12
41
223
157
65
47
211
248
156
110
163
31
144
10
221
182
151
220
219
236
193
231
191
153
145
251
219
251
236
223
217
10
223
248
252
98
251
39
215
250
181
239
181
20
182
242
164
136
39
223
179
249
64
16
154
167
67
247
252
178
251
236
179
178
188
149
143
223
225
250
48
250
231
173
222
141
172
240
95
240
8
83
249
251
196
32
60
223
179
245
225
249
144
100
138
100
61
46
169
226
118
182
251
181
190
223
222
241
242
223
249
242
19
122
247
228
200
251
251
232
25
190
179
195
150
238
40
252
238
244
232
34
244
21
241
223
222
1
138
241
231
239
250
193
177
246
251
110
217
241
251
227
148
251
150
29
159
223
249
223
236
236
244
223
243
217
63
223
187
1
37
114
219
236
237
99
38
249
41
235
18
201
228
17
248
138
249
88
193
241
160
241
227
241
250
5
223
217
139
83
95
207
241
58
174
222
43
223
250
236
172
126
251
221
219
38
248
191
242
223
236
87
248
175
217
251
228
177
232
196
223
252
58
218
151
5
162
243
236
193
21
51
227
64
208
24
250
222
232
246
201
201
38
241
206
250
236
250
153
57
196
31
202
249
8
30
143
8
189
222
238
0
195
126
176
223
230
41
229
120
241
239
158
251
229
134
217
167
223
46
250
249
245
235
149
150
193
141
249
2
227
229
223
77
182
34
192
46
195
138
244
110
160
149
0
241
182
32
239
219
176
207
246
227
204
63
191
250
8
194
248
242
151
178
250
231
126
180
41
110
8
149
103
62
195
63
214
173
219
95
243
241
194
243
222
156
167
36
91
232
248
100
251
44
176
166
172
243
93
194
28
220
46
182
178
228
188
216
199
190
175
151
241
244
181
85
25
150
217
251
221
231
138
227
223
21
114
220
236
107
251
152
246
241
249
100
223
247
217
163
179
8
236
217
238
0
4
191
194
236
219
182
143
48
102
55
137
182
246
246
14
188
193
223
246
213
251
150
236
251
217
227
196
46
11
247
223
30
219
57
151
222
118
194
219
194
27
250
244
208
102
249
49
236
64
190
238
194
47
198
231
240
229
250
250
242
246
201
242
25
73
138
152
7
3
226
222
228
188
143
114
219
54
56
174
232
190
191
193
25
173
230
114
45
249
31
250
226
251
21
151
173
54
251
190
214
216
246
244
249
231
21
170
220
166
179
243
249
194
72
252
202
2
175
104
187
127
194
16
243
95
196
25
238
195
251
223
144
242
31
150
229
38
232
153
218
46
151
193
223
212
250
26
185
196
49
83
239
195
20
46
191
238
229
124
197
196
223
235
79
184
213
232
227
250
88
141
246
229
182
137
39
219
217
2
174
227
195
177
222
190
251
200
235
244
139
227
232
245
231
191
179
211
160
142
82
229
223
190
193
122
229
69
139
229
151
242
166
157
4
223
96
170
249
179
93
246
39
71
48
246
43
250
194
244
249
1
36
236
250
238
153
54
235
242
227
110
251
181
228
61
130
219
227
191
194
235
46
238
192
149
246
32
16
163
229
6
137
6
16
166
223
32
106
239
181
244
151
138
104
246
196
250
223
201
54
65
221
218
218
57
195
237
196
26
246
107
194
196
251
238
249
150
223
170
219
207
233
176
96
138
30
118
223
78
231
139
190
223
163
227
32
91
6
145
74
3
100
195
238
220
251
223
118
114
6
207
241
223
52
190
233
199
42
205
243
178
196
148
231
208
152
32
180
28
251
248
181
219
102
172
180
223
243
196
194
236
229
119
194
205
249
24
219
114
226
196
238
201
232
151
176
219
151
104
244
252
127
242
19
227
240
231
151
82
240
221
80
196
236
150
152
143
169
6
43
166
236
58
235
31
4
117
126
144
196
25
236
220
102
55
190
223
250
251
232
202
95
126
194
27
240
16
223
244
249
239
202
57
231
208
156
219
39
182
222
238
216
145
38
243
252
238
239
219
240
238
219
239
251
182
238
141
149
226
45
202
166
5
213
238
162
236
74
246
124
4
166
221
7
223
194
184
212
238
135
151
237
146
223
160
110
163
219
65
236
219
114
248
250
236
240
53
229
2
172
238
176
250
223
249
46
249
28
231
88
222
135
95
248
181
45
166
250
208
227
201
205
223
162
239
143
187
114
223
190
194
170
22
250
138
32
237
144
39
194
98
155
222
17
223
199
239
127
180
221
214
231
250
223
175
192
196
223
187
188
252
236
151
252
241
240
32
195
194
143
222
39
223
160
223
251
216
241
181
60
213
65
223
192
240
9
20
18
243
223
8
237
241
167
72
149
25
223
195
129
223
119
193
1
233
223
126
181
181
237
223
155
191
139
223
42
60
19
144
250
236
194
57
194
250
223
45
244
245
95
136
193
236
182
123
236
176
195
25
251
199
249
222
241
167
138
181
50
251
83
237
217
196
195
249
164
190
155
61
223
252
175
244
236
219
252
190
181
16
229
236
252
152
244
56
100
144
194
227
251
219
219
223
194
252
118
223
21
190
231
147
236
157
34
250
247
247
58
231
195
1
189
12
43
194
221
31
194
188
249
195
249
249
229
20
178
20
190
236
223
182
231
246
60
60
223
11
227
16
231
185
182
58
228
37
217
241
251
31
179
246
247
236
147
147
249
191
227
142
34
96
238
238
143
193
252
208
223
238
222
