47
233
201
235
226
96
235
233
170
103
244
224
218
87
250
61
46
224
248
4
191
179
241
192
244
61
214
237
243
185
233
123
218
251
86
249
201
118
237
233
166
245
6
187
83
244
231
195
215
205
223
173
61
232
215
226
180
168
175
146
137
225
64
252
246
185
63
137
43
49
174
62
208
241
246
171
243
244
233
142
120
44
226
136
19
143
215
223
235
244
131
193
251
226
204
233
193
163
13
36
9
118
96
248
191
145
223
142
252
167
158
4
196
249
223
49
244
233
177
175
35
124
226
0
252
217
6
243
223
246
245
210
188
224
97
251
18
243
11
171
56
239
228
238
121
244
196
214
223
119
235
215
226
249
224
1
224
225
235
95
196
193
3
234
195
168
236
103
126
188
166
211
78
99
168
31
202
251
218
233
138
248
251
156
235
24
168
243
162
9
249
183
148
241
221
241
57
248
244
1
233
214
235
228
227
219
204
235
218
43
195
193
202
3
207
226
249
133
225
222
222
225
165
102
204
196
231
238
251
236
222
233
177
56
17
53
21
203
203
239
136
120
235
23
188
199
247
233
53
143
233
156
241
175
233
231
218
82
165
189
205
9
243
223
20
172
233
122
201
25
222
179
51
53
145
225
22
196
99
145
252
54
212
213
236
71
249
25
244
204
122
34
235
235
213
252
232
39
36
244
1
16
241
7
28
2
213
142
235
17
179
27
124
181
174
143
242
58
233
151
235
224
91
193
133
246
252
59
60
247
194
241
158
166
3
149
235
143
247
192
122
249
252
235
246
233
209
232
224
98
145
166
247
226
245
209
27
143
223
223
233
215
145
233
205
131
208
119
235
178
212
226
34
235
226
175
232
74
249
235
222
122
246
233
239
167
218
11
39
3
237
36
29
180
189
252
165
166
236
54
237
116
10
188
136
233
217
188
244
237
193
57
139
252
226
236
235
131
225
239
235
241
224
249
160
226
174
46
2
158
99
238
163
143
202
47
236
2
246
233
246
55
158
219
243
248
250
135
252
114
217
133
225
244
212
251
204
27
233
249
103
217
196
176
235
87
137
222
146
26
238
164
148
252
249
244
239
21
143
237
191
137
31
224
192
51
235
242
243
2
235
140
231
237
3
205
41
156
228
247
244
242
7
235
30
235
175
248
235
217
241
165
231
249
47
243
88
233
250
239
222
244
235
35
157
231
71
208
220
231
194
252
210
220
252
91
233
247
243
224
233
241
164
27
77
246
245
247
233
233
38
233
132
34
175
173
252
27
233
0
163
0
251
51
142
248
46
252
231
234
1
12
212
97
247
162
34
231
244
135
104
251
120
250
196
152
209
233
143
33
232
36
168
233
143
226
188
213
243
237
252
132
218
202
9
218
235
231
214
83
27
231
217
226
201
238
235
188
243
168
77
247
252
36
136
252
226
171
252
191
26
241
223
224
81
139
120
106
109
81
248
29
26
95
232
136
231
243
38
250
19
163
231
224
191
63
233
38
252
222
18
142
180
235
222
245
224
28
252
233
249
239
239
226
83
6
136
214
168
163
0
235
233
166
204
235
236
36
234
217
188
131
241
168
236
135
238
212
23
6
4
248
226
143
19
150
243
6
116
235
136
57
176
216
212
202
22
242
24
34
249
31
228
102
159
99
2
170
241
243
222
4
28
114
168
233
245
211
249
96
243
151
215
20
237
248
244
194
136
244
184
233
227
177
131
233
239
25
243
233
249
251
188
156
96
6
185
116
85
166
186
235
248
242
184
5
222
163
207
16
235
103
177
1
241
248
183
205
172
163
60
34
171
202
215
232
102
82
239
135
129
10
159
215
243
20
39
9
165
31
213
168
177
62
38
218
142
96
239
83
109
11
246
215
142
149
109
27
95
143
247
243
136
233
193
168
249
235
247
142
131
118
237
88
224
244
190
195
235
54
154
43
238
5
212
223
148
110
127
232
121
248
218
252
246
135
223
219
237
12
249
252
218
235
58
203
137
73
21
239
219
47
214
209
223
159
203
249
237
252
96
162
195
6
216
195
135
183
246
235
217
210
24
29
216
48
217
248
235
213
203
211
174
252
51
244
215
233
100
166
51
168
132
28
212
158
42
235
177
243
218
196
233
231
249
251
73
252
22
159
44
28
99
186
142
95
184
37
24
103
168
170
199
236
96
6
32
249
247
117
130
235
244
238
176
252
251
231
218
35
118
244
233
226
85
119
61
7
231
243
166
75
193
64
168
237
225
146
243
251
235
215
223
214
159
142
87
249
235
226
252
252
252
211
243
236
209
235
13
236
235
245
175
133
119
176
25
252
175
236
173
177
22
141
215
83
224
251
202
60
135
249
148
235
244
201
142
162
207
235
57
156
233
178
193
35
36
175
239
252
239
170
17
227
223
31
241
194
163
251
239
42
252
224
238
193
250
158
38
114
93
217
137
71
134
199
232
30
173
218
96
40
25
46
243
249
218
208
62
142
136
165
177
172
0
49
140
232
241
144
213
248
235
1
235
143
193
222
245
143
221
171
208
146
156
244
248
221
17
29
189
102
247
224
165
244
233
171
204
229
194
36
237
26
146
158
195
201
133
60
136
94
167
213
251
157
241
243
224
161
175
193
117
232
64
8
243
136
61
208
252
55
87
231
4
152
121
233
249
117
214
23
244
158
96
249
119
228
203
143
195
233
226
43
219
226
63
83
235
238
158
114
232
241
252
4
173
16
226
163
31
157
248
220
24
218
57
237
1
57
204
102
63
158
60
184
201
120
203
249
249
207
169
201
171
232
218
165
51
48
243
196
193
28
195
202
104
248
177
224
235
233
249
84
1
191
245
205
234
224
73
235
177
193
245
220
247
223
234
142
218
248
63
78
247
235
74
218
155
242
199
164
243
236
235
142
198
138
176
61
177
51
241
159
165
144
248
1
232
96
40
213
248
224
165
176
31
195
232
233
150
218
208
109
168
62
5
244
226
22
226
225
233
114
22
205
32
231
177
165
39
248
25
223
252
193
223
236
155
189
36
231
145
228
210
57
171
219
191
63
64
207
20
252
244
252
161
241
201
117
226
233
26
252
245
1
235
170
226
138
243
44
235
217
221
214
232
213
9
246
168
205
4
252
193
244
83
83
248
138
36
84
243
240
159
136
168
65
92
133
233
193
249
103
203
96
166
235
165
31
217
222
104
244
233
34
235
209
207
19
58
225
147
195
179
226
243
235
173
252
136
154
222
214
34
243
216
96
25
246
231
166
97
88
225
248
245
36
156
242
245
235
114
212
87
158
174
224
252
222
249
247
209
233
241
232
241
57
239
227
235
208
8
223
207
189
204
168
3
235
210
25
5
168
243
252
224
103
1
227
214
128
120
189
177
38
95
235
157
172
118
233
245
249
248
154
60
189
244
208
248
22
48
167
238
142
249
110
212
228
193
232
229
218
118
240
158
202
65
64
85
165
58
26
235
132
214
211
196
167
203
248
243
249
74
163
239
162
222
222
241
248
168
244
245
195
223
23
251
235
95
237
194
208
57
162
177
225
10
233
136
249
139
143
6
249
152
232
243
162
174
246
167
4
241
193
159
62
233
136
192
194
224
221
235
74
13
146
233
202
252
215
34
78
246
136
237
62
137
134
235
248
252
203
251
195
63
157
236
215
123
62
56
142
252
236
2
243
83
210
233
241
232
191
146
158
211
25
35
204
204
233
48
195
173
248
143
159
64
218
235
246
215
30
249
117
20
99
173
235
202
144
232
126
168
239
252
245
137
214
246
247
243
242
252
235
172
193
224
232
119
176
226
244
222
172
238
167
189
248
237
165
227
55
248
165
227
235
176
4
140
196
83
223
222
213
51
167
164
137
189
231
249
251
225
215
233
173
246
58
235
33
208
222
249
235
249
235
159
233
248
252
217
131
246
96
241
185
224
156
165
239
177
165
235
137
34
213
235
142
237
132
233
175
246
235
179
188
159
241
248
162
144
224
34
13
252
172
26
145
101
214
245
138
119
239
203
217
5
249
225
235
205
192
213
45
6
224
232
82
210
252
58
195
244
241
168
239
163
113
195
243
213
176
223
236
26
235
175
222
233
21
51
27
42
232
122
214
249
234
159
162
246
252
239
196
235
222
27
245
156
233
185
246
24
225
251
80
191
58
122
247
235
203
156
168
162
179
224
201
235
213
249
223
235
244
243
191
131
180
194
204
247
128
1
124
208
233
219
162
217
171
21
44
168
228
49
128
211
158
2
139
193
122
185
66
136
245
19
222
34
235
252
84
135
176
29
21
251
13
201
242
249
235
45
235
8
195
142
27
249
209
34
224
213
252
237
3
250
74
191
157
239
208
215
162
237
90
27
150
241
248
180
76
224
49
8
84
64
225
232
6
48
250
231
223
247
140
238
209
233
17
244
136
79
62
237
247
248
72
214
142
39
36
135
224
103
237
211
232
226
222
208
224
215
212
64
237
251
195
95
246
24
235
138
36
41
26
202
234
243
200
226
135
168
246
202
249
250
157
246
108
214
99
53
20
243
159
214
237
225
251
142
233
10
142
110
233
247
151
110
229
66
252
49
238
163
57
252
223
226
12
8
221
118
172
152
233
228
164
229
211
76
245
57
163
143
131
103
222
168
252
159
9
252
205
233
65
250
252
102
51
204
233
235
175
179
231
224
227
244
164
61
165
154
26
233
204
201
235
91
48
246
244
234
195
3
248
85
223
232
187
204
189
249
223
83
201
34
235
229
176
2
209
235
235
251
77
54
32
248
214
95
101
19
31
185
177
165
201
39
8
211
249
218
218
16
177
126
202
63
172
226
236
195
177
243
201
58
213
215
26
189
38
193
159
61
207
247
158
49
245
226
109
214
212
241
143
233
0
226
50
38
151
167
226
248
236
215
173
249
86
226
71
203
31
169
106
246
24
241
192
232
227
8
47
49
152
235
243
114
74
233
10
202
226
189
249
208
236
224
217
205
96
177
219
21
118
197
19
234
238
177
0
244
159
122
232
243
208
180
243
162
27
249
157
176
8
46
51
196
228
202
103
248
252
239
85
147
64
9
28
231
22
207
50
224
252
243
165
252
247
16
185
110
252
252
211
235
20
222
196
247
238
247
227
248
248
55
87
244
91
247
235
249
132
57
195
44
226
217
83
83
117
252
60
181
173
167
31
39
244
174
31
236
54
33
145
208
233
251
218
251
6
229
233
25
249
237
249
170
240
143
215
196
195
173
218
208
232
211
224
248
18
235
215
35
233
122
54
208
69
18
140
175
49
249
99
236
137
220
231
233
236
5
132
167
88
5
208
223
235
49
217
56
62
21
166
188
159
195
134
248
219
194
231
191
25
173
161
176
239
246
233
55
73
249
207
96
205
235
245
233
60
107
96
153
242
248
246
228
233
246
143
119
215
233
21
162
236
119
167
218
193
16
233
225
239
32
152
224
116
252
136
199
213
249
214
243
234
58
235
233
159
171
116
123
143
226
250
136
241
252
233
243
205
222
136
203
223
157
176
248
175
128
251
141
126
248
0
143
136
164
49
243
98
249
223
233
249
243
233
23
228
235
145
246
33
9
164
249
235
195
172
252
252
1
248
238
244
118
226
87
252
217
208
34
251
38
136
242
235
231
247
188
250
222
243
172
193
229
177
141
214
247
241
137
226
196
31
214
245
233
225
151
252
138
242
155
101
233
252
191
246
246
142
204
199
235
235
222
167
243
138
232
231
233
252
142
142
147
204
225
87
164
231
243
163
217
58
195
63
214
131
185
36
63
189
180
211
247
173
155
228
251
118
63
208
235
162
3
214
234
246
71
177
167
196
232
220
223
27
219
82
34
239
185
233
177
235
241
0
74
247
201
247
110
46
177
178
222
154
252
114
104
247
210
8
175
77
235
131
128
217
241
252
252
226
232
224
182
117
83
246
185
226
223
148
204
235
247
249
168
131
142
239
212
136
126
117
220
244
235
233
17
222
239
168
209
118
252
224
61
243
93
231
177
237
224
246
82
10
235
241
91
252
117
0
236
48
56
213
162
192
42
124
171
29
195
137
176
226
44
126
249
64
0
207
243
4
29
226
137
241
168
116
248
138
162
241
197
172
235
243
226
25
85
193
198
249
234
8
229
38
223
57
249
119
57
30
243
85
210
42
195
252
159
214
252
212
241
16
226
195
6
136
237
177
249
233
193
156
159
237
244
233
225
235
252
244
142
114
65
251
159
49
243
38
246
224
251
102
36
237
223
203
152
246
81
58
232
162
248
175
17
242
222
252
241
235
237
10
228
249
235
235
248
137
74
222
163
249
143
208
35
165
235
195
227
195
210
27
126
241
234
223
213
177
204
231
241
220
135
163
189
208
119
235
229
215
64
214
121
204
238
233
213
213
96
5
241
154
31
243
137
233
106
85
226
138
245
249
98
96
158
241
251
154
189
54
46
16
83
49
96
237
241
27
127
161
199
214
26
171
237
126
118
120
246
246
16
236
195
196
235
27
227
191
46
215
217
247
252
246
226
235
11
192
135
220
117
245
246
248
179
252
249
248
248
223
165
239
252
240
201
10
189
241
245
128
53
245
217
246
178
7
250
214
195
44
224
19
46
159
177
135
244
213
223
200
60
114
17
246
9
142
235
28
178
214
214
34
114
233
47
233
49
234
194
226
226
239
74
36
237
122
28
246
139
165
231
233
188
226
184
165
146
223
177
158
235
21
237
245
156
224
168
137
246
214
107
118
174
171
159
171
20
202
89
110
48
113
225
178
143
245
243
243
62
223
95
168
12
235
167
189
252
235
150
249
