236
199
25
245
39
237
104
203
152
230
182
8
247
252
205
215
177
152
238
162
184
126
106
58
182
238
198
64
213
233
236
96
7
251
32
26
236
238
214
7
191
153
239
227
232
8
250
228
241
146
222
7
171
157
236
236
239
240
2
20
235
238
118
180
126
98
99
121
241
146
165
2
153
26
243
235
104
10
167
236
163
88
194
199
8
73
232
147
72
251
25
238
65
236
203
6
46
239
241
136
247
248
230
250
143
181
182
176
180
14
20
236
93
22
87
192
8
251
239
227
245
138
235
214
169
235
251
149
240
114
197
240
247
169
249
151
213
239
136
236
235
208
114
201
238
237
169
106
208
239
236
195
236
28
251
171
248
247
99
238
202
185
238
156
243
156
95
8
133
236
208
235
247
205
251
251
236
26
169
87
238
206
35
51
85
197
16
232
229
224
237
250
236
252
246
36
236
251
236
164
238
205
228
229
238
62
209
75
195
251
62
1
207
194
243
242
31
162
239
184
63
5
185
152
129
152
205
236
239
97
162
229
251
118
31
247
73
85
248
198
222
203
239
154
72
247
46
31
149
238
22
229
43
238
26
73
148
2
27
200
166
20
214
221
129
31
228
31
237
215
235
241
57
104
243
237
245
209
152
240
231
207
246
238
198
248
232
231
204
120
48
208
160
251
118
6
8
238
251
50
245
251
63
119
250
31
229
202
96
8
196
162
236
87
173
249
194
143
204
193
36
100
26
236
252
251
185
238
143
208
208
229
64
99
229
173
229
80
236
213
237
245
239
189
169
236
28
64
195
245
239
184
250
238
243
209
147
152
238
134
160
233
226
251
173
246
31
196
213
208
205
184
229
213
104
7
58
251
239
192
140
245
171
208
245
252
145
19
182
95
199
244
71
231
63
242
249
168
248
162
13
25
192
236
167
251
238
136
4
49
247
245
246
200
196
153
29
137
48
251
240
177
171
157
179
186
77
138
175
230
171
152
159
127
117
236
54
11
192
118
28
230
175
247
176
200
213
203
213
229
238
237
140
194
245
7
241
198
150
238
29
198
48
208
243
252
169
117
236
250
46
64
110
241
12
204
229
223
236
242
43
243
74
192
164
237
238
245
138
238
238
150
205
69
247
158
238
195
232
238
209
251
209
121
137
251
236
27
71
168
34
117
96
187
196
247
200
188
156
208
232
182
238
84
247
14
238
211
175
249
235
150
229
176
64
205
239
154
159
207
185
251
204
201
48
126
28
64
238
249
213
150
238
229
110
157
239
201
197
133
232
131
184
229
202
251
175
251
236
223
46
236
173
24
243
236
251
229
240
236
167
152
166
46
198
247
228
4
244
241
137
209
208
231
85
205
173
249
232
219
208
64
173
57
236
182
235
237
251
176
230
153
129
207
251
229
196
147
2
2
236
241
49
43
237
207
236
149
123
250
250
249
21
182
122
154
192
184
191
236
3
236
74
248
213
214
186
154
192
202
241
238
214
203
236
199
163
160
85
82
204
246
236
246
179
245
27
169
239
188
167
241
219
208
246
221
25
202
205
134
245
152
205
229
229
138
36
156
91
47
93
95
104
182
229
252
179
200
152
29
203
251
239
170
238
230
236
169
248
236
248
123
245
206
157
238
156
176
63
202
13
209
202
41
138
246
241
176
92
247
243
247
227
251
209
248
87
1
34
194
246
114
162
252
188
0
246
22
63
197
252
238
138
213
22
236
251
46
249
247
141
126
95
192
114
240
200
248
221
179
236
251
130
160
245
154
94
228
209
230
238
237
236
136
120
236
250
39
148
195
232
13
199
204
188
29
151
24
58
27
205
251
60
34
158
63
232
196
177
44
126
204
19
250
247
180
250
236
2
137
208
111
151
246
214
18
236
238
180
235
85
236
85
236
201
238
209
215
235
229
180
240
243
217
159
188
166
149
213
19
238
152
251
173
236
249
136
236
4
246
244
25
174
36
248
8
69
156
229
16
240
199
143
58
36
21
199
64
29
126
173
154
135
51
110
174
246
245
238
244
154
178
236
208
173
248
208
213
148
236
154
241
87
239
31
12
95
51
148
85
149
40
152
96
249
236
241
184
153
238
236
79
245
95
250
249
208
236
27
193
208
69
252
209
57
229
32
152
53
173
241
246
249
228
134
214
130
250
184
22
149
114
154
202
251
162
229
209
203
59
182
77
204
74
114
100
169
210
87
250
192
169
153
4
236
25
250
236
237
208
237
126
62
168
245
184
209
91
184
39
151
247
194
236
241
251
229
24
178
236
247
133
181
145
236
236
182
169
16
236
236
191
124
243
236
149
4
223
198
248
192
194
246
239
246
211
208
235
127
221
251
37
171
236
108
228
103
19
186
27
236
236
27
247
251
245
251
209
239
213
236
126
214
196
195
213
198
229
204
250
229
250
246
236
230
241
239
196
31
207
250
163
221
19
5
130
251
238
20
236
241
246
141
252
250
230
251
49
205
104
11
124
143
195
238
244
202
168
205
228
93
183
63
243
208
213
229
251
69
130
34
208
248
182
235
60
132
236
152
236
80
251
180
228
11
178
252
244
236
236
206
236
239
154
153
184
213
238
152
173
181
31
209
250
178
229
250
243
250
201
71
229
249
251
3
206
8
168
246
249
243
52
52
16
247
219
236
249
1
51
175
83
122
246
180
150
239
179
182
250
126
130
149
203
17
250
249
57
145
247
91
180
235
174
99
99
238
0
194
209
252
152
173
236
238
176
181
137
32
208
236
114
232
229
236
251
181
19
245
19
236
251
196
229
154
247
83
208
232
1
241
94
64
240
193
173
247
206
167
104
208
72
246
8
236
229
57
157
209
56
81
63
138
205
236
8
143
4
183
231
237
203
126
159
209
49
197
181
85
243
203
236
238
251
201
154
64
40
209
180
198
251
182
236
205
107
236
153
238
209
208
237
116
243
74
211
168
204
174
181
123
45
37
162
207
240
203
82
229
170
95
33
213
243
139
193
56
236
251
249
179
174
195
60
250
78
236
21
241
146
44
203
243
150
183
4
137
243
176
103
149
137
113
167
147
238
187
62
241
179
238
182
24
243
205
46
132
65
136
152
81
194
250
148
178
235
162
208
213
2
239
180
151
182
214
239
185
84
251
47
180
236
204
236
198
175
223
246
184
50
237
187
136
31
243
238
154
251
229
181
229
21
153
184
213
66
117
251
180
244
24
218
251
236
188
152
194
238
236
249
28
235
196
171
182
249
232
235
137
240
250
171
239
223
214
166
159
98
236
199
249
236
251
238
238
211
157
251
122
168
148
179
198
173
49
252
236
204
63
192
72
238
251
249
214
228
22
251
244
174
141
203
207
249
250
197
196
2
239
196
187
121
236
207
244
209
194
236
213
170
184
148
242
8
4
156
246
239
238
240
246
219
179
244
20
134
228
174
22
246
247
236
249
235
251
31
246
2
114
203
239
237
34
116
251
247
239
150
209
211
209
24
114
213
134
236
219
236
153
189
91
65
208
177
236
229
21
126
249
97
236
205
144
179
243
187
184
240
236
154
0
29
137
238
246
173
238
132
203
238
110
184
239
174
148
250
181
236
137
0
221
169
137
247
214
251
142
250
213
236
235
9
247
205
238
251
53
240
122
154
234
236
251
236
231
95
32
213
104
194
238
200
200
251
6
245
247
250
137
249
27
238
154
164
88
200
236
252
236
183
236
208
214
4
236
245
20
236
0
251
240
250
208
166
177
241
202
246
213
241
192
57
200
246
184
236
196
251
183
204
229
236
247
200
167
70
126
213
173
247
246
228
236
82
199
156
168
236
24
79
252
182
247
95
7
211
208
24
4
174
236
241
175
176
117
181
198
208
102
238
203
249
156
245
77
236
238
149
133
203
116
138
250
238
236
124
245
81
175
24
16
240
242
233
250
221
197
126
96
138
2
199
196
110
175
239
4
250
201
236
208
238
182
236
62
239
188
233
237
200
249
64
194
229
246
204
145
143
242
247
198
228
100
28
84
13
214
7
239
209
249
204
170
239
238
117
179
175
39
7
173
208
150
7
147
47
194
205
238
51
204
236
42
232
20
118
248
236
16
182
175
173
119
169
127
236
251
194
204
22
219
196
63
83
208
247
239
199
238
16
252
238
238
207
236
238
250
236
235
236
236
251
154
152
236
239
236
247
240
130
208
236
236
33
250
235
238
200
111
4
130
198
246
251
240
159
189
243
244
31
130
208
238
153
180
251
87
57
152
237
87
247
3
167
150
170
60
238
243
204
157
175
32
251
20
178
245
180
49
156
31
241
251
238
205
93
203
236
208
9
230
249
180
182
236
232
249
83
9
244
104
1
242
64
221
237
239
208
85
5
184
250
232
77
228
46
177
179
63
235
245
249
48
232
214
164
170
10
214
182
8
175
203
209
238
251
209
243
245
138
243
5
35
103
185
139
116
208
252
227
173
246
238
208
6
236
62
237
1
237
229
252
249
206
242
246
138
5
137
208
171
236
119
251
229
205
175
8
204
147
202
196
236
239
214
236
133
173
74
237
239
130
126
204
230
239
75
3
245
94
101
232
237
127
82
202
232
19
3
249
246
251
235
181
25
242
235
239
243
236
53
13
208
102
53
247
110
184
81
229
240
209
181
247
226
198
166
28
213
118
236
208
12
238
244
119
243
171
252
250
79
164
218
199
25
204
209
126
203
235
236
247
183
84
232
208
243
248
247
16
205
236
249
246
248
151
245
214
120
195
1
241
205
154
250
194
118
238
236
208
205
235
143
219
232
180
236
171
184
36
150
168
250
243
79
26
147
205
194
175
251
244
237
239
246
252
236
137
133
245
244
211
188
208
20
230
169
236
52
237
204
54
81
236
228
251
188
237
197
139
236
205
202
24
137
250
200
2
213
1
208
126
245
235
228
182
235
0
204
251
238
51
243
213
236
236
232
198
152
234
245
186
201
249
157
239
154
240
251
195
235
227
83
154
179
201
239
182
176
209
0
239
236
237
238
236
214
38
246
239
251
175
194
36
27
131
236
173
248
249
167
145
121
170
153
238
208
27
149
239
150
36
244
219
211
20
240
155
249
240
196
87
158
249
166
236
247
95
57
237
177
249
58
74
58
181
236
245
148
183
194
170
236
104
138
104
53
236
188
179
247
238
175
8
168
232
246
154
142
250
196
245
247
149
39
236
197
247
114
2
126
116
110
248
238
249
181
150
208
136
199
159
229
228
235
199
199
209
214
192
133
199
252
240
213
238
185
97
251
239
236
249
71
81
232
251
127
252
250
180
241
238
236
198
31
198
250
149
240
232
197
184
213
247
245
184
175
238
235
238
137
213
249
153
252
15
229
249
140
245
136
175
197
133
57
236
126
183
238
151
182
205
183
238
235
250
198
85
19
204
200
244
236
251
232
149
221
201
201
205
229
236
238
21
19
239
171
204
207
197
58
46
62
236
236
250
44
236
229
246
249
142
13
137
243
48
195
136
148
174
8
229
181
236
247
6
250
213
251
246
238
239
228
251
236
154
169
229
239
245
104
235
176
236
249
151
250
184
147
230
194
239
249
246
214
118
183
205
16
185
14
249
143
238
236
121
236
100
201
230
204
180
251
63
235
244
237
198
139
251
251
28
126
238
179
248
2
104
192
64
178
213
235
219
251
117
153
181
246
240
244
134
227
239
237
208
238
213
238
176
34
155
9
188
24
249
248
243
195
198
63
162
63
199
229
164
149
223
0
175
173
143
130
188
249
17
93
247
238
194
244
192
241
249
114
222
29
240
62
4
204
236
240
121
245
103
0
184
174
203
236
236
242
201
13
249
244
246
103
213
236
21
153
248
248
251
239
236
208
214
141
209
200
246
247
239
175
217
228
252
174
166
241
101
240
208
179
140
31
29
246
238
236
198
244
171
250
239
250
249
151
196
251
236
154
50
32
208
237
237
51
53
142
3
47
116
175
247
246
197
236
228
200
219
138
247
245
236
239
46
241
161
196
250
34
196
165
17
138
247
169
236
229
21
233
146
198
137
237
25
237
153
200
31
62
238
238
237
204
205
194
149
88
242
236
243
213
24
175
197
240
135
26
249
245
236
36
210
110
213
245
238
213
46
204
222
99
247
202
175
238
182
192
236
44
137
198
203
243
243
34
210
104
251
136
110
205
149
180
201
174
240
202
208
137
184
231
174
139
118
243
246
247
241
182
200
170
188
118
78
236
175
238
236
213
221
241
39
32
249
17
238
235
165
249
149
65
63
203
63
235
126
60
241
14
207
96
236
214
238
236
205
49
16
181
209
251
174
219
250
172
199
126
203
167
204
154
252
127
251
198
236
203
173
250
66
148
83
73
135
237
232
236
241
194
194
137
237
237
208
119
250
214
203
26
171
160
238
214
149
204
251
14
241
247
236
85
103
244
251
192
151
218
239
19
241
138
165
248
154
96
202
236
117
95
240
236
205
247
248
79
25
21
197
168
238
237
236
29
180
250
170
175
181
207
138
126
245
241
204
149
166
197
235
166
236
182
235
14
151
64
245
239
244
179
250
156
252
12
236
239
73
205
168
77
213
4
209
34
175
246
234
239
202
196
240
231
8
250
250
249
239
118
204
245
183
208
142
153
209
96
175
104
73
24
6
209
228
236
249
101
239
39
241
77
228
140
156
147
118
229
171
114
176
247
238
27
13
239
188
247
126
238
118
213
64
4
140
171
217
207
204
242
71
44
110
192
238
34
211
22
234
185
192
209
208
41
239
250
200
181
240
174
138
41
175
175
154
31
193
27
237
149
209
248
136
240
78
20
247
