246
158
204
3
224
71
240
48
238
242
227
220
110
200
4
117
18
218
141
252
164
222
251
0
227
57
230
95
34
203
223
243
117
151
34
196
250
188
155
246
231
244
167
6
249
238
202
201
238
198
22
240
144
228
157
250
154
74
151
140
236
54
202
170
163
218
248
223
220
227
238
199
141
236
223
175
201
83
188
201
130
43
228
185
220
142
246
27
164
244
240
145
53
249
10
200
201
224
139
143
22
38
230
174
251
252
172
63
197
151
223
196
183
245
164
226
220
43
238
185
224
118
154
246
240
244
233
45
122
211
20
247
171
50
168
155
188
80
246
162
5
122
247
243
51
231
142
87
62
152
35
0
223
241
27
65
205
228
24
2
246
95
133
8
145
154
247
238
120
117
14
240
241
87
242
247
6
205
146
239
223
227
243
227
167
238
162
99
249
153
183
246
250
199
223
104
36
240
0
240
183
162
226
142
246
163
194
63
25
249
251
56
186
96
24
205
185
201
128
227
246
230
250
240
224
63
77
238
182
51
227
246
83
246
129
39
251
160
27
248
107
179
205
183
206
28
228
241
142
250
120
161
190
154
1
159
131
57
195
205
244
27
243
251
3
182
21
246
249
96
227
227
238
251
96
179
176
42
242
166
227
116
223
228
183
168
227
251
220
238
173
144
102
183
236
206
251
43
227
103
159
223
34
177
147
246
22
19
21
249
183
204
242
95
227
46
205
197
203
240
8
209
188
201
221
205
183
34
249
201
244
138
20
87
199
227
203
250
141
216
195
142
114
246
1
138
223
232
138
202
225
249
205
219
246
228
249
223
205
122
142
177
249
58
221
205
118
9
202
223
162
232
169
244
250
222
32
222
49
251
232
57
27
224
126
251
58
163
101
182
185
223
161
242
242
228
252
154
223
223
243
223
191
240
201
244
226
46
1
74
227
50
250
223
160
25
142
205
27
244
228
49
194
241
196
107
17
247
247
204
24
130
238
197
227
216
60
223
140
199
177
205
243
241
244
222
220
118
168
118
215
54
202
142
246
4
226
251
145
24
130
157
225
239
227
239
205
228
72
228
238
199
77
225
228
195
178
143
4
227
184
246
118
186
153
46
144
19
243
132
39
221
240
223
249
161
172
236
186
227
228
205
71
188
215
183
248
144
194
201
243
153
168
242
232
172
20
146
203
167
144
4
32
80
242
57
251
247
185
244
244
159
246
183
221
238
227
106
172
238
251
164
101
242
133
179
19
247
212
247
154
34
252
223
158
27
199
203
9
146
241
142
215
126
58
146
223
227
74
238
212
113
49
47
205
227
117
28
189
158
3
241
20
230
230
31
169
188
41
247
238
239
246
232
226
102
232
22
215
232
247
232
9
158
240
232
220
60
236
232
248
224
180
236
223
141
223
159
177
186
146
211
162
243
37
218
246
31
243
122
239
51
201
230
246
224
244
96
144
210
249
238
243
215
249
203
227
242
224
244
230
203
220
223
200
186
202
223
201
223
35
147
66
227
251
226
242
26
22
228
246
16
2
26
227
138
240
201
242
158
203
159
158
230
18
190
197
242
151
21
44
216
131
228
243
250
184
157
227
34
239
247
25
223
141
220
163
162
45
146
228
241
18
14
232
1
223
226
2
184
183
201
6
248
120
230
8
195
241
170
248
183
251
170
145
227
251
146
201
230
159
145
224
228
62
223
48
216
201
249
40
53
119
139
200
226
141
173
82
182
217
238
223
139
198
141
8
232
232
133
238
230
196
244
249
241
241
139
126
242
139
188
122
238
244
248
201
230
224
14
163
223
223
223
246
226
58
159
248
241
232
247
249
188
227
194
219
141
230
238
175
143
240
24
239
227
227
39
250
227
251
220
145
12
230
194
49
244
223
239
179
250
249
227
20
251
6
118
144
216
232
146
227
221
223
251
60
180
222
39
237
182
246
49
95
242
196
248
141
100
246
246
154
249
55
1
127
99
199
184
249
246
228
206
181
160
195
248
145
178
252
238
132
236
237
206
221
224
232
230
227
162
221
2
243
246
243
227
195
3
170
13
177
249
48
249
167
188
145
226
249
195
205
43
201
161
58
223
11
27
227
119
39
188
5
250
178
226
207
61
179
251
226
223
246
62
227
228
200
232
205
206
227
247
145
21
243
39
230
232
147
146
71
17
161
224
29
227
221
179
34
223
188
250
223
220
51
41
151
118
230
240
203
250
227
176
250
249
203
11
179
158
78
16
49
168
41
228
240
249
220
238
39
228
144
251
237
201
161
141
73
243
196
197
195
196
238
227
4
142
186
117
223
157
87
44
227
34
145
223
186
241
159
251
29
196
227
220
211
238
145
243
206
5
220
83
215
22
238
44
43
203
186
251
246
176
213
226
51
239
159
116
22
227
185
233
168
155
224
203
223
215
96
220
249
242
199
223
223
248
146
250
0
201
135
28
221
220
183
238
240
31
227
221
221
251
223
13
226
222
224
135
196
162
251
232
246
249
227
174
39
55
232
227
240
241
252
107
144
44
52
239
63
56
65
142
200
211
153
226
205
249
251
74
247
152
63
225
247
226
183
118
162
197
241
246
222
142
244
243
46
110
223
151
142
201
126
161
201
220
145
223
146
238
249
1
114
194
146
238
128
8
220
243
244
163
218
139
246
232
205
144
35
238
119
141
156
145
241
133
209
168
205
220
53
184
226
203
227
223
249
36
236
114
216
158
248
240
232
227
226
184
187
200
246
223
228
174
146
241
225
39
238
205
242
246
202
36
238
179
222
62
251
95
74
241
194
185
223
227
146
223
8
221
54
185
24
161
222
232
252
201
162
239
232
239
192
221
246
182
183
218
247
201
238
240
247
227
147
239
159
223
249
238
3
157
161
252
191
206
249
242
182
31
180
15
155
180
36
214
227
116
146
200
252
159
139
180
184
205
187
201
223
85
216
222
248
221
145
227
239
129
173
185
252
244
227
221
202
204
194
232
238
63
47
232
223
238
238
236
196
34
249
249
122
201
238
176
151
205
238
4
221
146
101
223
238
96
8
223
140
180
238
195
228
251
205
226
227
234
251
177
243
246
252
48
166
238
171
0
159
201
225
39
243
130
239
145
106
238
220
26
247
32
246
227
250
183
232
248
230
11
148
228
223
201
197
248
87
241
81
142
168
146
1
232
21
16
223
122
248
46
203
226
227
139
224
20
238
222
194
81
48
146
221
174
221
241
27
158
247
161
227
161
154
187
244
251
53
223
220
205
143
93
69
238
238
223
184
163
144
227
21
164
164
228
36
176
141
231
44
183
227
202
126
227
226
187
145
203
224
117
227
98
246
82
201
159
227
232
230
74
249
178
8
34
242
244
157
27
227
201
74
238
239
248
202
240
252
250
207
174
144
154
232
146
162
224
249
205
0
243
31
243
200
58
243
182
238
118
201
2
235
177
228
130
251
246
201
82
132
135
46
44
235
238
223
247
126
227
208
188
238
242
249
161
223
146
226
238
82
194
176
226
251
249
251
249
246
250
251
36
246
95
213
176
151
205
244
16
48
119
17
10
232
222
220
161
227
177
20
228
244
248
237
227
252
223
117
241
12
158
155
226
236
185
244
224
222
201
128
184
26
241
223
220
196
221
246
227
184
19
227
227
178
169
98
146
78
168
238
249
238
223
241
34
221
224
242
179
205
202
241
238
177
223
228
228
82
43
230
182
226
141
239
22
215
238
238
223
146
133
10
129
232
226
212
232
244
249
161
240
223
13
238
163
244
172
8
183
25
223
223
195
144
223
249
27
195
246
203
0
199
239
34
132
205
203
95
147
223
151
100
154
249
27
227
234
183
238
63
141
243
244
223
227
146
152
96
205
147
243
185
223
243
118
226
244
249
145
143
240
180
216
175
246
149
27
223
168
242
225
252
31
224
1
194
221
33
174
247
28
242
223
138
238
238
27
247
222
198
60
246
201
223
242
53
227
227
238
223
226
118
202
246
239
126
9
47
142
223
249
87
98
248
144
227
244
36
226
210
244
223
57
220
174
228
227
249
232
182
228
193
218
44
111
142
244
227
60
146
74
163
122
179
53
227
157
220
250
96
243
26
227
220
49
21
126
232
220
0
205
154
38
225
247
251
223
16
230
63
205
133
238
162
138
118
29
25
223
241
230
206
12
241
39
204
233
249
127
238
251
223
210
232
132
248
227
121
205
220
139
244
223
146
216
223
135
146
203
57
243
162
139
228
188
224
239
205
29
246
205
19
144
25
102
146
232
142
247
34
132
17
146
223
238
252
224
239
20
248
26
223
249
18
166
49
139
204
226
154
249
241
138
49
60
176
226
145
187
187
242
249
186
239
102
227
251
57
183
216
201
26
239
8
246
3
247
0
126
220
246
162
192
227
201
243
64
38
217
28
200
191
251
248
205
227
187
206
19
8
243
236
250
158
242
202
228
118
146
246
238
27
119
32
17
78
94
227
25
193
194
204
230
197
227
246
83
36
227
183
227
19
34
141
131
182
205
220
220
1
242
182
250
188
110
85
216
241
186
118
198
249
117
135
63
246
166
168
2
221
146
93
238
238
32
21
74
102
252
57
227
45
87
197
247
223
36
143
223
230
227
223
244
250
244
233
144
238
140
145
241
238
227
246
16
220
191
247
249
151
215
223
1
241
118
248
114
247
58
238
227
174
249
227
127
198
223
25
249
238
241
187
5
85
232
186
221
239
147
168
244
91
210
146
232
249
169
224
162
200
223
63
224
219
252
25
223
141
183
158
24
240
243
184
99
240
247
243
203
226
29
31
198
172
227
197
248
226
226
29
104
2
205
204
238
28
53
127
206
247
247
247
42
231
220
246
232
29
203
242
96
117
14
240
205
176
202
140
227
8
242
244
233
235
198
214
162
252
173
252
145
242
223
203
96
226
199
246
186
227
252
203
154
41
193
223
247
216
96
194
27
241
179
177
214
177
223
62
16
234
39
62
142
238
220
227
223
227
172
187
143
25
226
202
133
249
135
33
202
59
149
223
22
238
193
139
227
91
201
252
241
62
158
251
141
142
206
206
249
8
222
32
1
250
251
206
171
250
252
34
241
223
248
221
36
185
240
196
242
226
159
162
240
162
206
220
246
160
192
239
215
244
188
178
41
199
3
53
185
76
211
244
183
145
203
129
205
240
43
205
12
222
227
9
247
232
200
249
223
223
222
77
202
251
224
185
1
179
20
29
203
176
238
231
19
218
220
99
193
221
244
244
4
46
199
226
223
209
46
145
187
140
238
232
241
25
135
241
200
249
56
144
162
228
74
238
238
246
143
46
224
223
221
196
145
13
243
248
223
244
135
48
81
144
0
146
220
49
246
249
249
251
246
160
227
244
226
46
57
185
238
116
81
157
246
25
243
146
251
64
227
247
47
250
62
173
122
26
203
205
196
239
216
216
237
238
231
95
246
243
205
145
250
60
182
122
185
170
2
4
246
159
58
243
119
213
240
186
157
34
116
39
247
199
198
116
226
203
96
206
98
32
241
236
48
151
202
62
197
54
244
247
242
205
216
228
241
251
223
232
251
243
32
5
238
57
96
135
249
145
246
156
183
194
196
242
223
54
226
250
169
152
187
241
226
222
246
223
201
64
154
247
81
246
183
203
152
250
183
9
239
62
145
232
249
231
93
238
251
171
116
197
21
176
182
241
61
146
215
238
223
176
220
230
227
122
250
224
232
250
251
201
195
238
248
130
250
183
169
180
227
221
49
158
142
185
201
247
196
127
232
185
223
244
220
60
122
64
185
127
94
162
82
223
53
244
7
194
215
246
178
226
179
223
249
239
223
220
195
226
222
242
87
142
71
143
202
222
228
4
224
201
238
250
242
198
116
8
243
223
199
223
146
13
239
232
11
227
220
114
232
246
62
199
118
146
186
252
227
198
227
177
222
203
213
205
246
228
177
221
241
206
238
250
238
104
27
249
251
146
74
227
55
246
223
146
201
102
210
210
249
97
48
203
205
238
146
238
244
197
251
122
227
201
246
203
92
154
57
226
227
33
114
240
250
134
60
246
139
188
110
205
178
227
246
104
141
227
228
160
245
201
242
113
224
159
178
170
184
175
101
139
223
93
145
230
96
83
39
224
22
227
27
11
168
206
66
238
19
201
158
154
188
201
243
8
184
146
223
46
227
2
226
126
6
228
34
157
173
186
107
27
194
164
233
3
5
220
162
144
241
249
153
249
54
220
49
249
203
221
241
220
142
246
228
51
132
237
87
31
113
206
251
246
227
1
227
123
101
247
155
243
233
223
238
238
241
31
108
242
145
250
146
171
104
144
24
160
2
183
198
224
82
248
140
11
244
18
223
197
206
143
214
210
238
120
226
243
201
179
8
238
246
21
241
227
252
246
249
238
124
159
183
144
232
246
189
161
227
139
227
222
223
64
199
223
246
227
220
221
247
199
143
239
242
47
236
160
198
189
114
63
70
144
238
43
196
202
238
249
120
27
74
9
140
118
227
244
47
201
13
108
157
227
195
186
162
204
8
223
201
184
232
227
78
232
187
221
8
243
227
74
252
228
241
241
160
96
224
225
4
249
11
227
110
6
205
223
238
238
202
65
122
251
96
5
250
69
237
201
1
243
186
243
96
246
224
240
223
11
138
250
246
87
35
48
58
206
241
228
50
227
209
243
1
237
171
227
58
119
242
238
205
248
143
241
87
205
236
85
138
130
228
186
53
205
22
203
214
54
138
222
4
195
142
238
25
241
63
9
203
249
142
142
12
238
54
249
20
114
135
223
206
244
32
249
252
238
243
