234
167
137
25
237
227
174
146
59
194
25
232
242
181
198
81
180
20
200
45
154
58
250
49
221
230
186
249
251
251
237
181
8
48
25
94
221
19
195
24
251
197
226
197
190
145
237
247
241
172
182
159
230
60
47
60
36
230
84
147
184
147
134
23
198
240
209
241
194
63
246
20
141
241
20
209
54
158
182
230
73
232
11
91
156
108
36
178
209
250
159
110
230
217
27
186
230
129
249
242
66
43
47
134
237
54
54
232
248
27
226
233
220
236
249
179
180
6
247
208
243
37
198
27
98
28
40
233
243
221
246
241
169
231
251
163
146
227
216
209
238
199
196
55
237
74
249
246
166
243
65
196
251
245
247
139
249
166
250
170
55
146
58
171
91
221
43
69
74
230
230
184
17
147
236
9
213
182
249
146
181
106
130
230
61
233
228
233
237
31
237
181
164
237
251
235
247
138
113
233
9
246
234
217
163
250
159
230
79
247
95
217
245
169
25
139
230
246
242
54
217
191
43
186
23
20
196
198
221
64
184
81
25
152
146
162
157
250
181
247
85
200
157
178
249
249
130
7
122
200
63
96
58
196
160
13
251
248
237
69
248
200
171
192
237
163
58
184
173
137
237
147
249
84
188
179
181
137
249
241
31
238
249
46
227
215
209
229
2
203
252
251
244
246
219
74
233
200
240
230
232
137
145
241
0
221
143
220
126
230
110
208
147
233
251
195
184
20
251
209
246
9
198
184
237
230
26
140
184
118
250
167
147
90
130
250
186
251
82
128
163
62
189
27
189
228
163
197
222
209
107
181
200
237
124
209
241
210
135
230
250
180
233
170
18
220
237
184
227
56
58
209
221
187
56
250
210
247
200
248
177
63
186
249
230
237
237
209
175
64
27
233
252
186
25
4
135
162
248
93
237
237
237
238
232
149
242
233
65
46
222
22
19
175
180
26
126
169
16
196
209
20
248
191
232
200
209
242
198
122
227
230
227
126
167
40
251
233
116
36
248
140
139
196
173
135
250
118
221
168
249
184
250
170
200
191
223
169
24
180
93
51
168
140
138
21
195
215
243
231
32
221
145
237
200
236
229
49
249
230
145
118
144
144
129
46
16
246
190
130
34
237
251
64
131
31
37
135
122
47
196
177
167
209
227
230
6
232
248
104
237
170
168
237
80
99
246
198
48
9
47
251
233
45
233
228
126
128
243
180
38
199
181
140
225
248
209
247
237
171
241
230
0
249
122
160
193
237
244
248
241
249
211
46
250
179
74
158
216
250
216
139
147
236
150
202
193
180
19
202
245
230
117
230
4
230
24
152
249
181
103
241
237
23
26
8
166
157
62
171
236
144
243
99
230
241
184
81
246
241
136
241
247
12
2
4
227
237
54
147
231
221
198
230
233
230
209
12
230
35
204
167
8
248
117
134
237
209
242
230
184
218
32
233
100
250
247
233
46
138
196
178
248
20
179
87
230
118
208
195
209
182
196
49
246
241
249
4
49
250
198
143
230
196
209
186
23
2
252
249
100
169
141
37
165
198
200
230
209
139
230
131
73
194
237
228
243
38
12
237
250
135
200
195
47
166
230
250
200
249
47
156
231
232
147
164
82
45
182
230
243
46
208
230
175
138
153
145
182
232
228
170
208
230
224
220
221
251
211
181
247
150
27
57
145
228
116
235
146
248
150
226
252
228
166
250
196
196
209
9
181
162
164
237
22
238
211
247
209
221
207
21
11
44
249
129
198
55
250
247
250
30
232
233
175
162
186
128
196
147
252
191
163
209
246
252
196
245
236
96
230
230
238
245
209
248
251
58
164
202
248
248
168
221
250
241
184
222
250
191
146
25
250
238
138
21
81
248
174
171
150
251
248
100
163
52
184
128
48
202
30
227
235
181
140
172
191
6
190
4
178
118
49
140
230
230
249
209
236
237
198
249
238
243
58
184
173
215
227
233
91
147
250
127
167
147
209
237
164
3
193
246
167
178
227
200
250
164
241
11
250
130
198
147
227
204
147
251
220
121
31
6
129
230
241
244
233
236
243
15
217
126
230
144
64
200
190
174
23
71
141
219
207
197
231
134
230
250
26
209
248
152
230
200
250
237
221
250
162
144
58
204
196
16
245
172
209
207
200
250
236
119
233
167
83
237
60
170
189
194
134
227
8
206
129
246
233
146
72
241
236
249
31
248
228
230
149
230
246
162
246
46
37
236
34
168
63
130
251
200
195
230
175
160
230
173
230
168
177
175
206
247
237
197
135
230
182
99
16
230
249
4
55
197
222
156
136
227
137
96
244
238
196
236
25
146
58
197
162
249
128
243
19
134
175
82
57
145
160
159
199
151
181
237
198
220
173
23
66
4
24
198
239
209
228
222
42
247
166
181
246
137
251
184
230
177
230
172
249
243
9
243
243
202
237
61
202
47
31
250
237
247
147
244
151
181
237
248
249
163
134
38
131
202
102
238
246
197
195
48
96
16
160
247
21
206
202
196
250
230
191
95
219
250
228
20
43
208
157
173
241
241
0
157
58
63
179
226
238
208
27
177
239
251
194
146
157
250
197
217
249
3
200
121
237
244
14
168
144
226
248
164
244
243
198
16
141
38
64
251
81
226
140
235
177
248
196
209
237
171
4
38
250
160
202
209
19
0
179
251
247
234
168
248
249
56
247
231
54
74
230
217
129
99
173
60
247
194
177
149
220
209
180
227
60
49
33
78
230
199
74
75
251
144
156
0
234
157
237
170
62
237
247
16
250
249
170
209
228
200
249
180
167
237
184
198
250
234
199
181
242
181
227
248
20
232
31
181
47
249
194
240
215
243
250
211
150
130
190
208
215
247
162
229
250
249
170
126
129
181
153
190
106
245
250
200
128
217
221
248
220
182
114
64
209
236
252
54
230
168
166
239
249
249
237
249
243
230
200
248
119
100
221
243
180
176
183
167
232
139
230
81
166
200
242
139
251
246
27
184
241
232
181
227
209
249
196
144
247
159
249
182
20
199
54
145
72
236
147
159
249
35
237
226
58
8
189
34
58
150
230
39
248
178
104
151
241
247
252
184
21
177
169
63
136
230
135
227
197
36
234
230
167
244
64
198
187
232
200
237
20
194
44
46
5
248
137
131
96
204
188
147
234
20
23
27
24
44
119
24
233
196
196
248
200
248
158
241
64
232
227
194
249
74
196
226
126
191
230
221
72
244
236
48
23
237
222
177
147
172
27
181
241
241
243
238
147
237
163
250
152
191
246
35
200
2
248
238
237
114
82
209
137
189
143
200
230
250
196
144
134
235
237
250
247
180
63
233
194
234
134
241
37
197
243
133
244
209
252
241
182
241
237
175
29
237
237
230
252
44
244
200
196
227
11
69
184
243
241
34
198
241
180
180
250
140
168
209
244
243
244
245
130
238
34
126
230
237
170
190
163
248
139
12
87
158
250
222
234
24
182
122
160
221
250
248
197
251
63
230
54
214
36
96
230
243
241
245
31
58
230
195
155
248
119
156
250
184
238
99
175
248
1
237
241
231
27
172
243
237
154
147
4
227
51
26
251
166
245
182
91
179
136
230
199
143
221
83
202
31
167
252
249
181
248
184
78
146
196
194
9
191
6
157
251
165
195
217
209
20
170
110
143
197
215
169
195
62
209
184
130
209
234
251
237
131
150
209
48
241
249
245
220
208
234
1
243
237
49
217
244
144
228
20
147
230
250
181
146
138
217
249
252
29
237
245
231
191
197
35
233
248
249
237
58
238
140
228
249
198
202
164
233
136
250
8
65
62
208
236
237
46
10
194
227
199
179
249
205
185
2
138
25
250
233
173
220
248
231
246
214
6
102
187
159
177
248
139
232
102
200
73
19
237
237
170
197
102
166
250
169
250
230
233
57
197
198
180
230
247
221
250
230
34
251
184
96
162
63
162
3
181
187
158
0
182
209
241
243
164
126
233
242
215
196
209
4
170
196
250
153
227
152
140
249
249
250
197
136
140
167
147
180
117
230
170
42
6
227
198
82
230
251
250
226
43
200
237
221
168
221
25
114
248
249
6
250
236
215
236
246
227
187
200
244
230
121
16
129
207
53
167
35
189
184
249
144
27
183
250
87
246
145
184
148
241
218
209
196
249
247
200
62
19
144
34
103
237
227
139
129
154
251
230
234
249
141
51
234
209
16
247
88
212
230
135
144
38
196
229
241
236
42
197
19
230
196
246
135
151
236
198
248
180
228
185
229
249
247
121
96
135
196
237
166
243
230
54
217
214
209
249
234
220
233
231
251
230
209
230
177
251
139
240
195
184
194
131
138
249
179
191
240
227
209
114
49
195
85
237
196
184
209
64
61
230
249
250
230
227
201
58
237
17
242
145
236
104
209
53
251
236
237
181
191
28
166
230
95
130
191
126
232
181
118
235
247
191
230
197
237
237
241
98
208
249
237
158
178
167
249
156
177
208
209
250
187
189
230
243
209
200
144
237
199
234
147
251
146
140
82
243
234
126
230
230
198
251
60
244
82
239
230
158
247
228
184
23
251
74
59
230
251
248
244
151
177
73
140
58
80
184
231
249
151
180
109
233
209
247
198
238
54
147
238
6
175
54
177
200
136
163
43
131
209
20
58
62
248
250
241
194
198
250
233
146
181
34
83
233
126
242
243
29
194
251
196
51
216
191
47
181
161
197
31
178
230
9
237
138
207
248
248
146
195
167
243
247
221
250
147
208
145
241
144
237
237
237
208
230
125
95
251
244
173
247
250
179
249
230
249
230
198
36
239
151
174
137
246
98
248
114
78
73
197
198
197
41
13
245
197
209
120
249
252
184
202
221
226
45
235
29
144
81
224
176
251
158
41
243
144
197
31
247
196
230
46
129
162
218
113
250
185
250
12
230
248
197
230
57
200
180
233
178
181
195
209
230
230
99
251
126
162
249
99
147
209
237
241
237
251
127
243
242
183
197
239
179
217
250
237
249
82
227
139
249
236
196
250
118
243
193
3
230
46
44
207
251
196
199
118
16
114
145
151
133
59
5
238
196
77
199
183
180
230
191
250
247
118
241
119
231
16
180
195
213
251
5
165
243
181
54
228
206
197
138
3
48
197
241
250
242
250
237
250
208
50
184
8
180
172
135
249
249
246
137
230
8
220
170
107
183
196
196
208
91
200
219
221
20
243
202
230
135
250
56
157
250
248
202
221
221
249
196
214
49
122
162
163
58
26
171
39
200
184
227
196
23
229
231
208
22
118
226
238
47
144
232
7
202
91
237
8
17
138
137
126
13
177
139
174
191
129
144
232
248
184
183
88
237
209
237
58
247
31
45
63
145
207
131
145
202
227
237
121
230
237
51
196
87
171
174
247
109
110
12
33
230
3
27
204
144
162
77
227
200
121
79
247
250
249
134
159
232
31
120
118
250
241
31
231
146
145
198
248
140
159
199
200
57
209
230
20
230
209
250
124
82
3
250
29
194
81
107
230
230
227
82
250
145
7
140
42
31
249
103
26
248
227
48
8
230
184
234
236
126
226
229
249
248
247
251
25
249
230
47
174
144
157
230
234
190
0
196
229
225
175
249
27
178
226
107
246
230
204
182
39
184
47
234
156
240
209
200
49
230
196
118
196
237
60
237
196
243
230
163
252
250
226
85
0
247
251
81
79
178
129
227
160
171
180
250
20
198
166
23
8
194
164
1
171
247
192
198
146
243
99
35
184
169
88
195
250
236
251
249
177
198
139
180
208
197
160
200
240
145
209
238
198
231
241
180
41
162
200
199
245
246
221
197
150
220
247
196
220
49
232
146
24
237
200
230
46
242
52
230
235
134
199
230
181
233
36
234
241
116
245
248
247
200
230
114
182
183
84
241
46
227
217
69
230
243
248
247
230
245
211
229
250
230
189
180
150
201
118
227
189
248
198
230
207
243
34
130
73
237
181
101
208
226
26
248
217
250
144
243
174
198
238
221
232
251
146
237
230
170
36
220
140
103
63
135
241
249
99
64
122
169
200
99
19
191
141
198
232
209
49
126
228
157
173
137
202
237
233
208
227
194
92
182
81
230
167
234
209
244
47
6
158
144
220
1
197
180
245
241
186
209
52
243
163
208
126
178
230
180
48
227
145
250
237
249
7
185
129
247
250
162
187
237
230
23
167
129
135
236
242
133
196
129
58
237
250
227
250
4
95
251
233
236
4
138
196
247
234
228
25
207
198
234
184
230
25
73
61
249
20
236
209
241
250
71
235
184
227
245
221
47
202
232
247
237
227
222
139
144
207
91
231
196
217
144
249
248
170
230
248
27
207
227
248
178
237
137
190
228
166
217
207
116
131
184
247
158
180
218
19
190
182
95
178
183
58
200
102
221
236
196
166
200
181
237
180
34
207
132
241
171
237
237
248
221
144
247
39
217
209
144
228
180
250
239
137
147
241
238
202
53
46
181
230
173
85
180
233
243
102
199
245
151
181
242
54
249
249
243
237
62
251
188
144
251
170
249
200
241
209
49
38
209
47
54
243
8
247
152
221
227
238
232
237
227
250
230
235
252
11
238
227
242
230
1
251
137
209
248
234
52
233
180
230
236
249
190
181
43
156
9
230
237
230
209
184
252
197
57
196
234
161
163
36
226
237
147
187
199
250
249
64
144
167
237
245
244
200
244
31
5
209
138
0
239
6
207
63
170
186
58
249
109
163
233
104
78
16
237
184
230
30
196
113
126
169
184
130
191
250
249
74
180
135
95
209
196
199
173
184
226
237
250
60
131
232
248
232
230
238
237
251
248
241
230
184
144
144
239
246
246
242
246
