223
245
114
99
127
150
220
180
197
248
195
25
234
63
224
237
206
200
250
85
199
49
237
110
223
149
196
173
206
191
243
223
234
161
223
206
192
96
237
25
133
186
245
246
186
195
34
175
246
206
137
211
64
206
170
220
252
107
196
223
21
176
136
158
222
180
3
95
9
248
251
245
243
236
245
122
198
35
237
24
206
244
116
223
191
195
148
246
58
126
198
70
245
197
241
249
242
172
200
183
223
250
133
234
24
42
21
237
201
171
78
60
99
220
251
241
201
209
171
242
150
15
174
249
229
191
74
193
248
171
43
201
248
84
95
117
2
183
28
176
142
63
177
239
196
246
114
198
203
34
248
206
206
184
195
16
42
16
97
208
237
139
200
222
137
190
205
222
238
249
222
100
206
147
203
31
192
192
135
87
196
22
156
83
244
234
246
99
248
16
96
209
243
198
206
26
213
54
41
237
248
17
5
206
87
77
126
200
248
156
200
251
251
220
27
246
200
170
222
223
27
236
197
246
223
118
223
223
230
206
248
3
124
233
126
63
131
198
238
128
0
180
239
11
199
237
173
237
131
222
197
109
223
248
237
16
223
184
237
150
195
180
249
223
81
233
245
237
206
25
249
137
171
198
206
161
205
238
134
149
25
133
242
38
250
18
230
216
249
238
34
136
64
192
237
180
223
165
169
250
236
212
101
251
49
197
48
251
223
237
216
248
180
248
245
171
79
214
194
213
150
234
197
248
82
248
160
237
62
233
0
57
57
206
248
223
166
206
60
143
250
246
200
109
245
197
48
246
173
25
244
66
150
113
237
250
205
249
223
236
206
81
51
206
5
240
248
240
175
250
199
21
64
237
243
10
213
248
250
197
32
244
198
6
27
195
223
206
45
31
191
244
241
221
248
150
237
237
180
223
246
69
201
223
16
246
197
244
245
239
246
180
197
220
183
62
239
237
174
223
239
223
148
135
230
223
32
192
221
223
67
173
244
193
248
177
206
196
237
248
123
182
134
159
165
83
250
236
18
206
198
248
137
206
196
221
38
248
244
24
236
199
206
248
243
200
206
223
114
47
243
26
125
4
246
206
96
192
236
32
19
205
204
251
135
136
248
233
186
236
190
251
155
200
211
251
206
197
197
57
208
244
49
245
188
238
54
243
246
237
25
230
192
223
242
239
237
170
195
181
223
223
201
11
119
205
11
244
197
199
161
197
46
248
8
251
203
79
236
222
82
252
247
248
149
205
201
56
206
177
237
234
220
223
237
213
180
200
104
215
237
80
82
237
239
246
246
240
206
192
8
85
78
184
239
85
63
20
248
180
23
250
200
244
234
206
206
245
20
231
174
249
160
249
245
238
137
248
251
243
201
246
38
238
149
170
57
246
6
31
251
175
237
206
195
200
157
99
223
237
147
199
239
238
186
233
22
191
107
248
198
199
173
82
43
237
251
205
155
173
177
200
237
243
243
242
197
243
223
200
44
237
186
153
2
223
200
74
31
135
168
77
193
237
248
173
242
55
182
222
28
52
206
150
154
172
245
208
245
200
196
192
223
222
172
200
222
18
206
237
230
165
237
236
126
223
238
190
239
16
180
123
175
24
241
196
66
176
245
145
248
147
248
74
163
237
192
252
30
63
177
146
237
177
206
26
237
223
248
186
197
196
120
237
246
167
143
169
249
134
197
234
183
222
251
156
240
174
31
250
154
170
103
117
216
251
64
195
194
230
149
83
237
63
239
206
200
206
237
241
248
223
168
248
245
206
190
237
241
104
206
9
126
161
248
197
221
96
41
31
250
248
243
51
239
4
95
152
102
223
75
148
116
137
193
223
237
223
250
223
198
248
0
236
154
251
177
223
250
182
143
192
237
242
132
183
251
171
192
14
250
180
248
223
234
248
208
97
228
239
134
223
158
237
241
180
183
252
248
81
243
26
126
190
239
246
237
233
190
237
201
223
181
237
200
251
192
156
174
223
223
46
156
192
244
109
237
223
184
236
206
228
134
195
200
194
250
116
233
251
239
252
237
221
88
195
143
159
197
24
252
223
250
221
244
70
184
246
77
61
240
9
246
191
206
223
177
245
197
104
251
237
201
206
251
223
244
4
0
248
0
104
83
238
197
201
173
138
250
243
246
190
150
139
42
223
248
38
248
246
55
248
245
49
246
208
197
248
198
191
42
149
244
245
220
132
36
198
234
237
114
252
223
252
227
237
223
227
200
237
238
11
23
241
246
200
197
20
200
239
239
155
47
172
243
3
237
250
195
248
200
10
57
247
206
145
31
241
246
58
57
220
244
246
230
203
144
161
46
194
11
167
197
223
250
0
87
241
210
234
252
180
139
198
1
16
194
114
101
200
197
223
106
246
206
246
171
206
197
192
223
64
174
222
222
206
39
104
246
3
31
237
248
35
196
34
51
240
17
237
201
177
202
238
62
103
249
250
11
245
231
251
220
160
62
83
96
206
178
13
20
236
149
206
166
248
149
63
196
250
134
223
156
198
4
157
22
137
206
237
36
197
222
236
174
216
243
246
8
245
26
233
237
176
248
63
175
237
170
60
251
237
245
19
25
142
248
48
174
197
248
10
170
173
223
223
169
252
221
248
197
158
20
63
201
195
158
143
17
157
223
36
247
174
11
233
204
161
177
182
26
236
248
190
196
239
148
197
237
223
243
229
159
237
110
246
213
252
230
241
11
206
244
237
203
4
237
170
139
236
246
223
241
184
245
237
245
186
223
4
137
155
34
200
155
24
223
248
90
237
223
64
161
223
200
239
243
134
248
60
237
239
198
252
24
244
237
248
208
133
222
245
239
246
248
72
26
206
147
223
236
234
171
202
1
12
237
174
214
246
220
241
118
248
95
234
251
216
106
6
223
134
143
222
252
199
237
251
237
192
170
237
237
250
172
234
240
139
151
41
223
130
251
135
153
169
83
209
223
126
136
12
248
28
180
203
114
246
181
29
240
200
160
234
122
191
244
237
170
62
186
206
191
245
199
251
126
174
242
220
142
191
210
226
61
5
223
40
197
243
34
251
25
197
158
179
34
192
190
237
154
9
248
190
199
98
136
246
171
126
224
116
117
246
237
24
199
133
177
61
65
248
4
167
190
17
213
248
237
239
237
248
223
187
28
27
223
144
180
190
80
249
234
132
179
206
206
168
206
189
223
31
20
27
223
237
175
205
193
238
250
223
72
137
27
244
195
145
3
8
174
223
249
223
43
221
139
212
180
236
220
239
187
206
248
138
162
248
238
248
245
117
223
162
177
169
192
231
246
58
251
51
200
201
211
180
70
197
193
0
197
248
223
248
173
248
168
221
152
223
237
62
205
251
79
246
244
17
201
11
34
223
237
9
246
99
106
30
239
45
245
251
243
229
245
239
246
223
251
237
146
244
96
223
192
137
143
250
203
3
182
193
166
118
16
96
26
189
197
194
193
34
169
245
245
197
251
248
237
247
239
248
205
238
223
43
129
97
121
88
191
41
213
118
246
234
209
248
11
246
223
245
206
170
248
183
223
201
250
6
29
206
248
150
66
248
246
246
206
200
171
237
155
237
245
248
156
251
237
193
223
195
246
168
73
251
3
197
206
237
248
236
164
74
182
145
6
237
154
237
167
145
163
135
223
11
189
197
240
205
103
30
246
123
250
213
152
252
243
38
250
245
48
83
230
195
4
191
237
179
192
239
11
220
223
88
122
250
196
167
24
4
177
206
196
245
237
242
223
230
77
244
239
220
219
179
0
246
246
246
174
191
251
193
143
31
58
220
20
230
16
190
248
246
222
192
119
246
173
244
195
184
222
171
186
237
198
175
243
158
223
246
243
177
237
3
248
223
245
166
230
216
237
222
78
248
224
182
177
239
146
223
68
49
246
237
200
246
23
195
200
114
215
250
84
252
179
241
7
71
4
1
71
179
248
230
222
186
211
8
246
94
201
223
245
53
83
199
34
237
173
148
248
11
222
246
161
138
17
214
223
149
248
238
24
149
223
57
197
194
213
56
250
236
187
248
242
150
180
139
223
251
205
59
134
3
244
166
239
13
172
201
161
210
251
223
134
54
245
221
14
191
237
183
237
4
34
218
251
246
155
206
58
213
237
102
150
132
52
205
242
251
17
195
173
52
199
122
27
220
197
191
245
9
196
134
238
180
203
180
251
246
82
203
57
234
73
107
193
171
242
251
246
206
172
77
168
197
119
175
249
83
100
180
223
236
244
243
222
93
231
245
237
205
31
159
223
150
36
228
234
81
156
205
155
234
59
166
237
134
46
195
158
146
244
64
164
252
248
245
223
242
205
206
183
233
8
245
208
223
234
20
195
158
195
156
138
244
197
139
192
134
21
110
42
193
62
186
25
113
114
57
71
39
237
234
195
170
215
223
177
175
234
201
62
223
34
250
200
223
240
200
32
36
237
220
237
237
82
198
136
244
249
246
250
251
0
197
127
206
246
25
244
248
223
237
223
223
197
98
62
24
159
177
174
234
205
145
138
199
176
243
248
223
150
194
251
179
137
243
234
196
190
251
243
2
246
248
165
208
57
176
223
173
239
173
133
116
245
183
206
227
243
200
250
180
193
36
246
248
177
135
221
223
248
6
246
239
171
245
243
223
191
196
62
241
241
223
223
223
173
234
4
60
251
186
116
238
194
108
199
222
119
199
237
200
200
71
197
238
223
183
234
200
10
34
237
237
95
191
60
156
206
238
236
251
87
245
200
248
192
246
245
206
197
248
38
234
179
223
223
193
205
196
237
126
132
54
196
77
223
200
119
126
245
245
63
204
239
193
206
175
165
198
196
250
145
222
31
244
237
129
223
135
24
21
237
222
242
156
223
192
251
6
223
190
238
109
161
160
203
97
71
237
180
49
4
130
28
222
248
212
190
63
230
221
48
203
243
248
146
206
246
251
251
223
149
62
248
21
191
26
206
237
233
239
248
195
237
128
119
32
46
110
104
250
21
132
228
249
223
236
21
241
173
118
237
110
223
170
248
243
234
145
180
251
238
173
246
234
53
205
220
223
223
237
251
206
197
199
231
239
197
211
183
231
237
250
236
200
160
200
249
246
1
223
70
237
47
246
9
248
128
46
223
147
204
133
34
250
177
47
251
145
252
177
243
223
138
251
169
238
197
139
193
182
245
161
159
146
43
31
251
186
205
198
20
169
223
10
110
160
223
161
249
238
190
244
173
222
119
91
213
101
55
13
220
194
133
40
250
9
174
116
248
199
113
250
175
221
241
245
220
99
213
25
177
248
252
60
129
246
11
56
10
19
216
1
248
64
211
250
183
206
102
174
239
237
205
246
176
230
240
246
196
27
242
246
3
114
221
126
248
199
206
168
230
103
197
226
64
198
220
127
216
237
239
205
153
170
237
223
42
246
99
58
103
199
244
251
41
243
36
245
85
179
223
193
200
241
186
216
251
191
245
27
184
205
251
46
248
117
246
251
251
177
223
223
63
237
194
162
242
219
223
231
230
237
241
47
246
12
20
237
210
83
37
251
200
133
200
176
135
148
239
117
223
250
176
197
245
197
16
251
118
58
82
241
39
16
245
152
237
250
197
147
42
245
126
237
238
134
29
47
64
206
142
34
216
199
251
150
200
196
43
168
2
53
192
237
237
53
221
117
251
106
166
241
205
234
206
205
160
250
216
246
194
237
193
242
187
240
205
237
223
252
196
126
206
250
221
183
174
61
247
237
251
208
222
197
143
197
191
235
237
250
114
165
223
175
245
245
28
250
223
237
190
164
223
237
96
237
27
245
237
242
223
200
8
220
2
58
180
248
250
87
30
202
174
19
223
245
223
4
191
71
176
223
66
206
222
0
233
38
135
150
182
220
226
236
233
248
200
167
158
237
234
137
201
184
55
231
150
206
223
197
39
242
22
209
237
221
190
251
243
223
199
223
223
206
197
228
181
133
251
175
245
248
80
20
157
75
186
223
248
197
45
23
137
41
200
182
74
206
246
248
195
237
21
222
222
223
243
250
128
223
203
245
174
242
237
82
139
186
245
248
177
237
197
248
220
196
223
177
250
243
137
245
222
237
192
213
85
31
246
237
162
245
192
243
239
11
2
237
117
238
173
223
248
26
209
250
150
242
246
236
79
239
249
34
187
193
223
242
59
160
237
251
20
223
3
249
246
167
192
244
69
166
243
246
239
200
222
113
132
195
234
35
135
196
81
31
156
200
132
27
177
206
63
249
36
221
197
166
248
248
237
160
175
197
175
223
137
6
58
144
32
160
231
201
6
237
210
195
106
238
191
211
119
100
170
20
216
26
237
1
234
20
251
174
197
240
1
96
197
245
251
252
245
45
236
200
110
150
195
246
20
222
248
244
220
175
52
167
239
248
59
220
237
199
11
196
193
143
198
236
206
246
246
245
206
191
245
46
229
251
167
245
244
243
221
175
244
83
26
223
201
78
35
95
22
200
132
245
154
201
8
87
251
51
124
74
221
201
235
245
114
171
12
237
206
186
251
3
245
146
170
223
88
237
160
239
170
36
213
252
244
184
22
250
62
136
191
166
237
29
166
83
245
244
223
186
252
237
180
143
146
245
245
194
245
241
244
250
176
121
240
28
190
217
249
54
197
150
184
134
248
237
206
237
173
242
133
237
237
179
101
183
221
25
153
70
195
223
234
237
200
162
194
177
3
248
176
251
206
195
162
77
53
126
223
39
172
245
101
206
150
248
223
200
204
206
243
114
250
199
246
63
249
246
72
248
0
31
238
197
99
193
29
99
221
241
6
230
119
200
25
245
182
251
