152
244
53
83
142
27
203
36
204
201
202
199
180
62
58
232
242
192
57
87
46
13
204
63
224
193
243
134
250
23
139
130
241
249
81
145
249
26
151
139
199
252
220
166
248
244
230
231
248
74
178
208
203
127
133
252
180
232
235
238
250
100
167
160
198
157
48
222
249
185
138
246
242
250
232
166
229
231
200
196
196
243
223
180
196
103
49
201
176
176
241
57
179
212
63
135
181
246
136
252
175
206
137
252
142
189
180
244
244
118
196
179
250
172
244
135
176
116
141
249
232
224
159
202
228
243
241
135
95
229
41
252
197
229
179
142
179
235
236
203
250
198
149
176
58
166
237
232
19
121
119
230
231
46
231
248
142
230
239
225
204
201
246
240
237
53
17
204
204
24
246
74
232
249
27
237
241
202
232
195
204
63
25
247
251
232
171
174
203
249
141
166
212
249
197
237
32
240
134
249
174
3
245
104
202
120
39
225
80
200
238
250
232
236
201
197
191
200
151
235
182
232
237
143
194
238
97
231
175
3
230
250
246
138
46
182
237
224
192
232
236
220
182
99
204
198
242
175
46
243
178
241
51
138
210
129
176
194
204
232
46
231
182
232
249
202
34
58
228
232
159
8
171
238
238
198
158
250
2
237
242
51
237
240
7
10
63
27
64
238
175
199
252
154
118
230
232
103
42
231
197
178
249
243
136
245
117
160
239
64
237
207
135
141
238
167
237
245
236
232
21
250
129
163
245
195
177
249
126
182
159
36
29
238
231
202
169
203
99
43
188
242
214
248
249
195
192
47
64
154
213
246
232
237
177
154
231
187
47
232
44
203
166
204
143
18
231
72
204
174
250
248
232
56
231
128
210
121
204
159
59
197
232
226
249
197
200
175
213
242
240
49
237
239
224
170
28
204
174
136
245
242
134
186
237
232
232
8
206
200
172
212
231
20
91
52
226
198
141
6
232
142
176
223
245
145
237
188
203
203
24
186
232
185
240
73
34
232
180
119
181
4
236
248
231
142
204
192
232
176
3
200
198
249
172
139
243
246
2
136
240
188
232
181
251
250
177
4
81
61
218
199
74
196
229
203
247
179
242
240
232
243
236
20
192
155
15
243
250
16
36
230
252
141
232
129
249
202
202
245
166
247
248
36
23
202
237
200
232
216
131
194
243
141
0
202
232
35
232
151
245
104
200
250
102
21
220
196
243
231
9
127
209
142
31
238
235
252
27
249
8
207
122
235
232
252
237
157
223
125
74
223
237
245
165
249
212
47
231
54
185
194
9
238
4
191
248
136
226
200
195
58
201
114
238
174
191
176
198
48
239
247
201
240
237
167
243
197
245
235
235
237
238
239
245
151
248
231
239
248
224
147
249
126
192
225
204
141
122
204
237
202
141
252
198
198
174
211
36
94
62
232
232
244
171
148
202
197
61
197
25
232
11
243
9
239
235
142
197
154
25
197
249
129
179
245
232
224
195
184
113
194
177
203
176
245
249
150
158
32
192
45
204
229
141
245
240
191
238
175
138
232
203
62
165
179
252
252
249
203
3
166
194
219
248
250
250
238
189
185
237
139
81
237
23
71
136
16
240
252
225
126
232
235
235
126
197
226
179
231
162
239
179
239
157
99
208
239
203
235
116
231
232
129
178
200
192
199
58
8
229
201
243
159
58
180
193
182
28
249
137
204
216
204
246
243
163
136
180
198
240
122
220
237
235
204
248
252
240
196
239
59
252
59
81
66
242
249
237
59
126
198
181
239
29
203
249
223
136
39
36
141
239
231
72
213
58
117
235
235
232
240
204
231
189
250
26
210
195
152
245
239
229
226
252
142
238
198
223
17
245
232
237
2
142
1
118
119
246
185
186
238
241
239
243
240
139
189
134
129
139
204
245
3
182
156
196
1
229
239
49
192
252
11
214
114
192
196
57
192
147
38
9
155
169
235
249
249
174
247
0
224
204
247
245
179
239
249
143
167
232
72
235
85
235
247
242
57
62
241
142
235
232
64
232
58
252
119
138
36
235
220
232
199
8
232
138
244
117
66
102
202
238
107
230
200
158
232
240
171
202
202
15
202
196
44
232
123
155
232
179
28
152
192
214
232
29
239
231
96
240
136
232
241
198
247
126
244
203
247
69
242
245
249
85
163
232
231
50
202
232
129
238
210
244
202
193
196
235
223
232
54
148
147
238
231
162
185
154
129
241
192
46
20
24
237
246
200
249
176
26
247
203
202
242
235
240
21
249
169
204
161
137
14
204
210
48
252
232
252
232
176
240
45
187
196
235
11
232
195
192
239
24
196
203
163
247
235
203
231
211
237
151
160
245
141
220
25
235
129
95
248
248
11
226
229
236
250
71
177
88
179
196
181
57
249
179
249
148
245
249
252
235
87
197
204
228
151
160
129
250
244
72
196
249
65
200
35
239
239
239
231
118
4
242
197
252
58
31
62
63
151
141
249
234
59
225
231
238
204
201
204
249
62
246
224
197
128
225
237
250
129
200
198
245
182
249
203
251
243
129
96
156
8
160
237
142
129
231
214
180
222
242
120
232
42
226
11
197
232
156
222
197
239
171
179
252
5
202
250
128
204
198
58
204
196
246
243
225
243
134
227
249
138
136
5
155
138
142
8
217
63
182
242
250
232
248
195
200
197
197
46
239
16
195
31
238
244
29
27
232
63
192
243
204
180
245
204
203
246
223
34
201
250
72
236
249
247
138
13
175
73
160
79
188
232
25
38
220
249
239
232
249
177
239
239
249
188
53
234
179
249
136
232
41
248
9
148
226
232
245
241
149
110
245
231
249
197
210
238
173
28
145
240
237
239
248
2
252
242
235
243
230
232
201
116
129
167
252
230
238
247
176
188
238
16
237
235
238
12
238
244
196
248
245
252
247
248
232
44
175
210
26
238
192
143
27
49
242
238
96
203
127
216
235
241
159
248
232
155
242
252
195
237
194
11
252
200
250
240
238
241
198
235
247
118
64
24
233
141
231
0
102
46
240
77
241
38
204
246
231
10
163
237
209
229
243
143
237
196
246
220
250
196
175
193
142
141
58
237
238
239
99
232
198
248
63
197
231
64
20
239
232
155
246
187
128
87
202
131
196
235
19
13
240
27
211
249
102
176
167
119
196
160
250
235
60
217
159
232
178
80
238
171
234
222
230
204
194
117
6
199
143
175
197
166
181
3
238
167
152
198
142
252
237
194
182
102
239
141
249
14
238
87
187
197
235
39
196
204
233
230
239
178
237
202
244
179
231
249
198
204
169
244
220
235
240
169
197
129
199
203
8
157
201
204
53
246
178
203
232
18
232
238
244
200
94
200
182
136
172
238
4
144
249
58
225
252
235
248
252
203
240
24
225
224
204
41
74
155
36
127
168
141
158
158
152
206
191
166
250
182
92
202
192
232
93
109
31
201
225
156
226
158
239
181
24
240
25
214
221
178
159
232
234
230
238
24
47
60
21
155
232
232
95
229
214
165
240
241
174
127
106
137
118
239
136
189
203
73
196
249
244
198
204
204
2
119
204
49
251
194
231
198
34
243
232
118
235
240
241
240
231
151
235
167
211
249
197
235
238
229
252
232
236
202
192
250
172
204
71
163
196
243
225
203
57
36
76
180
252
194
245
179
129
196
41
249
155
41
243
252
194
237
220
192
194
238
232
192
47
243
251
252
5
250
126
250
252
31
191
237
204
196
232
155
243
241
179
243
207
161
155
231
198
204
237
45
238
239
1
99
235
250
240
181
35
231
9
217
230
145
235
242
62
171
245
249
110
129
154
249
231
193
252
225
138
235
200
232
237
197
247
239
232
196
101
235
171
2
232
239
246
239
229
247
221
184
9
58
201
13
210
198
231
142
183
110
247
235
231
249
26
250
247
199
247
232
197
57
237
199
194
9
38
54
135
205
239
249
4
20
240
174
128
64
3
204
155
202
160
144
158
154
237
197
172
195
189
199
36
249
198
156
43
252
197
196
242
88
204
232
192
250
2
129
129
223
121
237
252
202
32
237
201
237
73
241
142
10
180
204
237
140
6
182
239
204
247
204
191
203
232
26
252
196
203
63
11
202
141
240
244
247
238
240
197
235
249
194
200
197
60
220
248
91
175
248
146
141
252
245
117
196
237
169
247
18
196
203
232
243
248
237
148
196
249
48
235
213
246
36
95
7
200
82
248
241
247
193
149
237
231
249
249
155
180
51
133
87
62
192
48
194
196
201
240
163
237
95
10
252
242
157
182
33
248
185
172
14
1
160
106
52
204
252
196
244
241
177
236
249
143
178
202
236
121
243
154
174
239
204
179
179
250
196
245
36
64
202
28
249
186
234
51
8
0
198
181
250
245
203
216
239
196
31
129
232
241
47
176
117
198
245
198
28
229
47
134
252
14
130
214
163
154
177
53
46
133
212
6
179
250
203
174
249
38
239
231
252
88
36
231
29
246
199
252
240
192
249
48
73
235
202
35
248
203
239
243
238
116
226
238
199
139
166
247
38
197
211
6
117
17
243
180
201
231
237
252
102
48
229
154
34
229
240
136
242
160
186
152
203
47
202
46
227
221
232
252
252
231
194
179
171
38
62
224
232
122
243
230
240
237
158
24
235
244
247
241
250
179
236
237
192
194
251
249
224
229
155
213
239
204
146
183
96
239
191
152
57
176
196
176
239
235
155
21
199
232
232
116
51
239
251
72
101
177
239
1
252
34
62
4
22
48
204
39
240
166
102
6
117
246
175
60
196
43
239
248
141
148
176
24
138
197
232
12
171
232
198
2
225
28
192
242
240
237
246
238
203
250
196
203
196
13
148
231
77
129
159
39
8
167
213
0
23
246
237
238
197
204
242
196
235
60
200
237
236
235
248
249
197
200
29
165
155
252
203
146
249
27
192
154
3
25
252
247
198
171
244
204
197
141
203
203
235
99
62
250
4
204
38
202
145
66
252
238
24
232
235
85
60
36
208
236
34
248
230
252
248
57
196
248
248
176
1
248
232
126
248
214
237
21
235
49
224
249
218
196
167
241
194
236
220
9
160
231
217
163
22
179
34
155
203
106
248
249
237
252
249
41
179
249
71
34
249
144
177
204
203
27
161
18
8
152
1
248
143
197
73
165
235
203
235
34
232
204
176
239
77
52
239
121
27
249
249
141
116
247
154
9
163
136
235
203
247
235
154
203
239
197
243
250
7
138
136
250
46
19
129
23
189
204
240
187
243
46
1
104
203
204
232
211
237
239
239
249
0
231
233
231
186
231
197
52
192
243
39
194
2
198
25
232
231
250
84
29
2
248
249
64
240
122
192
237
188
174
204
189
239
121
33
129
188
141
54
249
240
99
141
232
248
248
202
32
237
245
232
59
93
93
204
189
201
99
24
197
135
23
231
248
169
252
196
82
250
203
171
225
240
204
21
244
139
64
149
210
249
8
235
165
248
8
223
51
203
243
24
237
250
38
184
190
95
238
73
246
244
10
235
0
176
235
238
247
250
0
189
151
29
29
196
110
28
46
169
237
82
222
198
238
246
145
166
204
222
197
151
235
59
237
242
100
13
73
199
235
27
113
152
248
226
179
179
54
243
250
202
117
171
129
74
198
230
194
198
32
144
113
165
232
240
250
236
231
204
204
204
236
62
3
240
235
192
152
235
235
237
187
248
235
160
237
248
239
130
249
240
245
180
238
245
194
10
231
240
246
60
155
201
237
252
176
3
197
118
241
250
235
242
235
157
59
235
249
237
239
235
220
240
4
87
62
224
136
231
218
197
252
96
45
230
46
1
171
141
243
196
232
238
182
252
73
203
252
195
194
166
240
243
235
143
231
17
236
35
232
0
245
249
24
146
36
248
174
38
250
220
230
138
237
246
139
249
249
162
21
23
237
198
238
249
117
24
231
4
152
233
249
244
114
197
238
252
163
54
182
129
204
8
151
238
237
198
204
249
196
246
165
225
236
76
45
230
244
194
200
240
239
232
85
20
204
154
49
247
178
243
231
248
197
159
160
63
203
203
196
243
223
239
44
238
45
197
252
237
238
202
236
237
60
241
48
22
197
231
231
199
26
202
242
223
232
225
237
203
247
246
204
196
154
134
158
235
165
64
239
240
191
251
199
203
58
204
235
247
194
9
151
198
172
249
234
237
240
160
91
134
211
161
197
196
141
236
247
235
165
251
232
238
250
243
232
231
51
102
220
232
184
246
3
41
95
246
194
202
174
232
217
192
204
158
243
101
200
171
142
231
46
226
204
250
204
187
83
246
203
75
101
195
204
232
239
243
25
231
182
167
223
232
244
252
202
158
198
232
245
96
205
80
235
8
202
182
196
79
58
194
252
197
34
160
238
62
25
148
127
173
116
177
2
167
47
249
156
6
69
202
176
199
237
126
226
176
139
60
70
71
229
3
220
232
198
245
121
203
198
77
248
204
232
237
236
12
152
199
202
237
238
129
39
1
113
142
235
246
230
249
245
176
8
231
252
194
232
232
129
179
69
232
200
142
198
231
142
108
139
227
211
10
156
211
168
138
195
243
176
248
166
204
57
32
189
20
176
229
252
8
231
160
1
232
118
9
247
193
2
173
251
229
49
247
203
252
175
234
3
64
146
2
245
83
6
237
63
43
246
237
26
201
252
220
237
197
235
42
231
239
231
196
249
226
246
60
117
243
201
189
4
64
252
247
136
207
11
218
197
231
95
22
172
239
237
252
248
182
232
2
3
104
203
71
160
179
117
243
235
57
51
252
177
124
248
232
165
135
232
231
74
204
247
204
213
252
237
239
240
237
64
21
