20
231
222
47
197
247
252
231
235
24
221
164
229
203
231
134
205
229
205
170
144
240
25
49
175
216
249
180
224
38
250
138
22
234
164
250
248
223
151
219
229
229
234
231
174
189
231
234
247
248
251
118
252
229
160
145
221
245
197
135
156
235
171
207
142
116
234
223
205
174
231
194
142
235
235
87
247
42
242
245
231
235
126
234
87
143
183
251
71
64
250
60
235
220
183
229
250
243
221
2
59
234
236
225
154
229
239
229
145
249
235
119
239
250
250
25
250
126
59
232
235
217
251
251
150
229
18
139
114
80
229
250
126
64
63
67
228
143
228
119
77
249
164
173
175
250
194
180
244
57
228
2
163
153
224
207
221
247
175
172
196
221
154
158
116
231
25
251
114
221
134
60
4
229
74
245
44
104
44
190
231
197
100
117
231
158
250
231
251
183
2
222
229
188
248
1
241
223
233
218
226
145
228
20
64
232
223
201
223
178
6
197
59
118
241
207
237
180
222
226
201
155
237
243
209
245
231
246
19
246
95
234
207
62
139
249
240
224
251
244
248
231
234
234
201
180
34
9
208
229
251
221
249
205
224
197
231
231
251
223
250
225
164
49
243
251
228
226
227
229
235
60
201
229
226
229
251
164
247
87
241
164
114
21
226
145
3
0
221
41
234
104
40
235
2
200
201
22
229
237
184
144
239
244
154
197
154
228
164
245
162
29
176
236
227
236
201
239
151
53
250
180
251
234
48
153
110
205
221
227
148
25
251
227
150
229
229
238
180
228
145
236
177
245
164
229
251
90
235
247
223
235
30
240
229
184
132
39
212
234
214
200
229
235
71
31
219
231
173
219
46
101
242
164
244
155
243
178
182
247
250
249
155
231
247
164
252
163
217
235
224
223
241
183
226
148
140
224
235
235
240
39
156
227
250
247
252
249
241
231
250
251
225
58
247
223
103
40
234
221
158
222
16
13
127
224
205
140
197
231
251
226
143
216
235
160
242
239
158
114
224
228
180
201
175
155
250
13
252
31
226
26
155
130
234
231
180
243
180
154
113
110
221
205
143
143
230
243
207
230
204
231
251
129
60
158
73
205
138
224
229
145
182
226
186
187
139
74
252
247
224
200
205
250
250
233
239
56
241
248
46
213
247
252
249
196
159
164
251
235
53
41
229
229
223
234
243
204
179
131
224
224
143
145
234
180
121
166
229
160
104
27
45
118
22
235
128
247
170
229
247
235
207
197
235
231
241
28
235
164
49
8
64
226
236
248
224
227
251
156
227
247
24
178
156
229
23
231
236
143
185
70
58
233
235
223
231
228
244
241
244
231
235
187
251
189
44
243
228
13
231
184
247
235
251
235
33
224
226
242
178
233
235
241
96
221
178
228
215
63
217
176
119
244
220
19
224
242
113
179
244
204
226
118
183
203
201
236
207
252
242
229
213
229
10
229
237
18
223
95
61
245
226
31
64
31
156
250
128
135
17
135
64
235
200
170
225
236
223
117
221
49
207
227
224
143
164
231
174
251
33
235
114
229
156
119
6
236
226
235
222
231
181
243
25
132
242
240
229
57
49
124
224
169
20
188
27
242
229
154
234
241
162
154
201
229
217
241
247
249
245
202
203
244
244
51
37
101
248
173
148
226
181
183
251
228
118
34
160
234
205
104
114
237
28
134
229
235
227
154
229
240
74
231
54
128
58
227
242
252
154
62
233
246
13
251
148
3
158
143
24
234
213
35
10
241
113
227
221
145
218
237
119
231
54
154
229
163
220
242
247
147
42
250
230
222
73
221
204
158
224
172
2
96
244
207
119
231
39
145
250
188
39
156
227
234
235
229
98
251
231
172
58
239
241
227
222
102
216
99
225
231
174
85
240
121
39
36
114
239
248
239
231
232
234
183
200
247
17
229
229
252
31
154
232
156
231
240
195
75
103
252
229
207
164
231
10
231
125
239
224
250
0
27
221
224
128
26
130
233
247
196
72
207
239
247
201
251
62
234
252
229
138
239
65
221
251
250
240
1
229
194
231
215
12
62
148
143
158
201
219
110
250
197
53
239
128
243
241
46
58
158
48
223
235
220
231
247
21
235
234
139
224
244
148
235
229
229
248
247
11
224
71
250
175
197
236
231
225
236
231
10
129
204
179
62
126
223
144
48
87
62
38
175
154
95
129
48
153
234
122
193
158
241
228
235
62
252
228
96
143
26
239
230
222
166
229
96
150
62
207
3
3
158
235
154
129
243
241
5
230
222
244
236
235
102
178
249
235
25
60
164
11
226
236
80
235
31
235
129
158
229
224
230
9
236
251
223
8
73
231
110
247
229
59
182
207
247
45
227
226
229
144
25
0
232
248
229
233
235
179
58
241
224
234
75
218
158
220
249
188
4
194
231
211
236
145
231
223
221
229
54
241
19
148
221
240
164
228
227
244
156
116
239
236
164
231
234
73
9
69
251
229
2
231
231
235
247
229
251
229
154
184
9
251
36
136
236
249
2
228
234
234
229
239
228
247
175
237
189
13
167
229
207
250
217
224
231
232
222
229
171
231
233
201
247
227
44
251
252
250
156
13
226
228
251
215
241
223
135
22
59
222
222
101
145
239
244
125
235
250
114
245
217
226
216
231
219
183
233
27
234
145
143
247
222
248
171
231
163
154
244
144
21
226
43
233
231
222
196
118
48
30
231
164
243
242
19
229
231
248
250
250
216
223
171
226
39
235
229
0
168
175
13
142
195
227
145
247
8
23
100
252
182
249
235
96
168
228
63
8
179
144
82
231
250
223
171
218
63
229
65
49
251
227
180
229
224
58
180
135
225
234
229
197
197
143
242
185
251
36
72
156
60
223
248
143
227
235
229
20
32
183
247
154
158
236
240
144
63
20
19
251
23
54
182
224
221
216
248
245
251
164
229
239
0
196
164
197
82
119
41
23
23
62
173
27
207
250
198
1
148
235
134
231
229
223
231
41
250
205
209
103
233
233
216
201
225
201
8
119
241
218
10
223
96
21
54
224
236
233
245
249
28
234
184
234
116
1
247
95
240
231
235
223
250
229
152
249
155
250
126
153
184
247
0
46
6
6
229
127
126
223
85
155
247
215
156
126
162
217
224
227
182
203
231
52
205
143
230
48
245
139
118
231
119
54
151
249
22
207
227
251
10
28
242
17
249
251
243
93
249
49
214
181
223
166
51
229
26
175
148
194
251
20
245
222
250
250
42
71
204
228
229
235
243
241
224
78
250
31
217
74
239
158
6
236
226
24
223
235
155
247
30
152
34
226
53
85
190
235
196
197
234
250
233
153
237
50
129
134
240
207
140
182
231
35
197
90
173
143
184
250
229
165
212
144
223
251
224
234
241
8
229
143
233
247
154
207
229
239
224
218
243
233
252
182
194
156
248
201
239
154
201
239
223
118
231
250
232
226
157
235
233
244
185
235
214
221
25
229
177
247
84
206
62
18
204
247
243
173
119
62
247
245
178
157
250
248
144
248
247
207
1
139
233
251
157
90
231
237
224
19
248
244
156
226
56
252
240
229
16
43
144
27
247
39
2
183
252
153
251
166
190
235
19
250
251
175
51
250
249
4
250
223
143
223
231
231
8
250
77
245
243
247
138
229
243
23
190
229
229
241
194
229
155
71
2
196
143
245
129
75
22
232
223
229
169
64
234
42
1
250
127
251
241
49
205
234
222
47
235
175
56
252
193
251
9
235
248
51
0
226
231
227
205
110
57
217
95
156
118
247
234
248
233
71
201
252
31
0
245
237
158
131
235
143
209
26
240
234
237
60
240
163
247
251
207
9
24
27
39
13
234
229
71
230
246
24
226
25
172
57
224
25
171
96
73
172
242
175
226
142
232
245
252
117
116
0
200
223
220
21
180
182
145
234
184
232
11
230
158
5
194
116
28
9
252
142
249
234
25
207
180
231
240
250
197
231
164
234
144
154
234
27
249
236
218
28
251
233
250
0
241
129
234
227
229
186
222
16
31
48
207
215
54
225
248
231
87
231
201
236
231
226
95
247
155
240
154
224
12
231
225
144
227
207
75
8
243
234
251
48
207
23
151
220
7
144
124
242
251
143
201
74
224
223
240
181
117
195
53
227
224
234
244
243
224
126
175
232
169
251
220
231
219
251
225
229
179
232
229
183
83
24
228
182
247
18
239
175
131
248
26
153
235
231
201
251
197
234
248
207
230
243
229
171
164
230
240
135
245
154
231
16
76
221
223
163
136
243
241
235
153
62
229
247
239
233
224
60
166
243
241
140
251
237
199
8
219
201
207
188
229
184
244
39
222
226
12
82
242
251
154
47
229
85
221
170
223
243
42
156
252
229
226
148
129
251
217
208
219
241
23
201
243
231
243
223
39
136
102
143
243
150
222
227
228
145
167
234
179
223
228
184
172
218
245
226
226
249
249
175
59
243
199
242
25
242
231
118
223
82
180
234
241
234
143
239
229
235
50
233
219
205
46
223
134
251
39
181
231
229
96
248
241
10
227
28
30
220
45
235
126
154
231
205
232
227
122
226
184
235
64
160
228
251
208
39
229
154
173
226
248
251
234
18
242
240
251
251
135
234
131
249
240
131
137
142
118
230
252
248
236
235
249
152
128
46
245
207
239
223
95
213
164
221
234
20
250
235
143
20
69
249
226
204
231
187
231
158
251
229
241
194
231
225
25
186
246
180
158
228
9
225
235
143
102
99
205
250
248
228
243
199
90
8
250
95
227
69
231
233
224
251
190
143
228
224
228
238
239
77
58
247
229
249
229
232
173
244
201
235
201
197
246
237
250
169
178
197
170
31
240
231
64
146
143
221
207
250
57
183
226
227
110
223
249
196
229
164
205
209
241
224
173
243
161
16
224
234
250
204
0
8
197
137
232
153
64
44
224
229
231
134
236
194
164
205
145
98
154
231
210
211
145
144
60
183
246
229
69
180
136
249
60
249
35
179
197
134
248
64
228
234
242
226
235
19
22
243
240
57
217
69
232
87
126
249
221
226
231
145
218
139
234
241
21
223
49
226
145
236
235
229
247
87
237
175
241
219
38
1
74
9
166
250
177
237
197
5
229
164
251
131
56
249
229
5
39
16
12
199
117
241
241
229
223
234
225
126
241
229
19
99
232
184
224
197
87
145
234
226
252
162
234
231
248
134
225
250
118
241
237
196
247
189
229
228
11
252
195
189
231
160
4
39
194
25
155
237
20
244
207
221
234
249
234
241
178
74
244
232
154
23
28
78
206
2
9
251
162
231
168
229
26
240
251
233
223
207
234
252
179
239
170
229
21
249
247
204
210
236
250
247
26
9
231
228
225
228
178
188
174
225
221
224
199
234
252
17
250
234
164
234
224
229
251
229
36
174
163
18
178
223
46
243
247
237
223
116
229
129
184
188
153
247
163
42
213
235
184
241
243
248
11
245
137
156
17
195
248
235
235
22
241
145
74
143
250
207
46
244
229
236
114
36
248
230
251
65
235
139
231
64
241
57
232
19
245
69
221
241
142
237
8
171
229
251
8
147
241
235
226
170
8
236
144
25
155
204
232
250
207
181
250
219
251
229
227
247
208
9
54
231
162
196
6
235
64
231
231
162
244
63
148
132
240
10
45
62
228
223
247
201
240
1
54
234
193
45
235
145
231
228
213
194
221
207
154
229
62
218
251
229
207
233
234
84
232
203
244
147
5
249
201
229
223
231
31
240
1
235
185
229
109
249
221
247
180
227
83
235
44
244
244
43
156
51
180
241
229
247
156
197
231
21
121
231
184
20
126
59
251
126
28
236
241
173
226
59
205
250
235
243
252
224
242
9
30
92
102
245
113
228
201
251
234
240
250
126
249
249
104
244
223
229
84
58
158
154
193
213
234
224
234
247
220
240
199
207
244
236
34
249
244
117
237
229
240
196
201
164
231
114
223
204
222
221
239
231
173
142
163
235
231
221
158
250
85
26
47
250
248
249
224
250
201
158
46
229
232
26
251
234
247
190
235
2
64
243
207
248
69
224
223
2
243
217
158
53
8
226
194
82
118
229
56
201
64
47
8
9
166
77
251
61
250
196
229
243
251
250
16
126
225
245
216
250
207
239
231
229
187
158
17
180
223
249
0
139
240
221
225
197
242
0
239
225
204
197
216
143
229
250
45
39
103
247
62
176
142
235
87
175
250
0
229
232
32
239
247
241
217
252
103
145
241
232
231
52
69
168
186
164
27
185
251
234
134
244
235
226
239
163
231
241
47
158
122
216
215
224
219
13
248
250
93
233
235
131
227
201
217
170
59
231
247
228
201
0
231
134
241
242
240
235
64
227
223
229
250
235
57
116
250
223
172
65
245
248
155
231
235
219
131
244
221
103
250
35
205
189
234
164
184
237
36
179
243
156
226
78
31
1
206
87
247
247
145
245
219
226
205
143
218
131
223
243
116
223
69
239
196
144
84
36
36
251
234
234
221
244
228
231
231
26
34
227
62
83
168
226
158
58
19
243
251
4
71
165
242
184
244
249
180
223
251
54
207
1
211
1
250
235
239
251
235
196
214
248
113
175
224
250
235
200
16
131
233
234
73
223
245
229
210
249
119
251
154
16
249
234
220
248
177
247
143
28
233
205
29
207
229
143
237
183
223
235
109
244
3
24
231
204
63
59
20
25
235
224
60
197
242
243
214
231
245
231
228
231
248
234
251
190
195
224
145
211
229
223
214
181
252
154
116
200
131
207
163
247
28
243
164
223
139
223
226
231
18
146
118
129
249
231
229
46
164
224
164
15
224
95
63
126
158
227
171
157
27
