181
221
147
35
82
7
240
35
4
88
228
234
238
223
245
249
186
250
227
247
158
248
200
246
2
223
15
132
234
235
218
91
200
251
239
122
57
23
22
64
221
242
219
141
219
166
51
247
234
145
44
250
246
220
223
251
223
239
38
219
149
246
247
223
249
243
45
77
242
235
180
244
227
193
221
122
227
193
47
193
238
181
57
180
235
128
212
243
221
74
193
248
195
184
223
238
22
251
142
225
197
238
249
178
48
235
170
234
147
80
171
146
225
245
201
244
172
47
236
1
245
215
224
201
237
107
123
31
171
251
251
228
246
35
245
216
24
223
87
222
23
246
190
167
239
149
221
110
99
218
248
153
63
243
238
164
51
252
242
203
227
220
252
218
246
207
235
202
198
28
193
220
234
72
200
190
251
220
148
170
220
158
193
83
183
236
228
143
149
153
239
63
141
178
133
234
235
181
243
205
165
155
2
22
232
20
248
235
45
141
251
250
159
11
219
125
170
195
10
181
118
22
235
238
251
24
55
85
12
84
57
141
229
220
250
234
239
114
229
181
235
237
250
164
203
216
132
155
181
210
155
132
77
118
170
249
237
182
153
141
246
168
160
224
235
216
241
102
243
62
245
17
241
244
11
1
143
200
42
180
205
164
59
220
220
229
250
238
44
180
234
239
219
244
133
234
248
244
25
220
242
197
235
223
163
235
239
203
3
221
193
235
207
223
64
38
164
232
21
235
84
249
183
252
246
192
90
8
216
244
225
21
220
247
250
201
218
224
47
38
251
46
169
238
203
239
120
239
158
239
155
178
121
220
155
235
250
62
87
242
164
229
247
162
63
228
233
195
95
36
145
30
250
16
132
232
121
178
205
82
72
157
235
95
20
218
249
220
22
235
53
233
22
34
251
7
152
225
151
130
251
161
179
238
234
247
8
228
243
235
246
240
155
64
83
178
172
251
192
250
48
251
252
169
251
32
24
235
143
9
8
251
235
238
58
240
246
238
235
146
240
251
227
0
58
216
203
235
139
223
225
245
34
245
178
251
175
234
35
238
214
223
47
230
172
146
213
211
183
239
248
36
212
235
66
251
240
241
218
8
239
136
128
216
251
220
203
249
246
203
235
248
203
218
199
179
197
252
178
227
3
235
24
227
179
82
200
44
214
234
103
145
177
8
98
232
171
150
145
238
116
202
247
168
161
246
245
147
240
238
229
238
86
234
212
159
234
227
238
215
223
236
246
223
211
171
33
219
85
133
141
189
238
235
133
221
179
104
200
166
221
228
225
169
30
25
235
238
114
228
22
235
143
192
241
202
31
231
158
228
74
141
227
224
171
244
234
166
239
111
0
212
223
60
5
203
118
11
242
243
203
225
197
195
217
244
251
240
31
191
178
170
247
251
63
193
240
118
16
137
241
237
237
175
247
251
152
238
227
10
235
228
236
168
223
225
198
21
244
247
78
238
235
245
46
34
178
0
251
220
197
249
252
53
136
218
208
216
251
238
237
195
119
71
240
63
223
223
243
126
206
245
143
238
182
164
200
128
247
221
35
213
6
222
154
178
207
221
119
209
147
135
54
239
235
29
31
6
250
234
242
220
235
64
48
235
238
190
239
224
213
251
145
8
239
189
220
127
164
182
223
193
252
155
203
251
119
200
236
251
245
221
192
251
239
252
145
143
160
98
29
228
48
172
7
237
215
221
1
117
172
220
246
250
213
168
244
238
183
234
245
193
27
36
252
247
242
221
207
189
227
239
235
154
170
218
117
211
195
240
247
128
143
153
81
213
203
172
223
251
87
181
235
99
211
233
249
229
25
227
96
202
167
238
216
239
100
103
203
31
128
243
183
234
247
252
180
212
224
69
167
25
154
215
239
96
238
165
220
194
143
235
246
126
221
229
249
182
212
16
197
217
169
239
181
163
239
151
130
208
0
31
159
198
166
23
133
96
238
192
240
246
234
171
222
245
234
242
218
130
234
229
235
245
239
203
163
229
2
195
233
240
133
239
136
27
47
249
165
251
24
187
235
126
241
203
154
1
241
251
148
156
200
237
62
247
231
206
236
238
142
246
14
13
73
221
239
235
236
168
234
27
194
61
77
245
235
159
246
191
220
48
252
99
155
245
166
235
241
238
239
178
248
247
126
223
117
25
239
241
239
239
171
238
237
248
218
122
221
191
26
220
232
60
24
239
164
126
203
6
155
251
238
71
220
244
21
251
222
82
57
250
116
161
203
246
44
30
21
148
243
245
251
239
236
161
195
227
217
235
195
227
223
251
235
0
243
240
234
240
218
222
60
239
238
169
166
241
38
202
135
36
71
25
229
156
248
203
146
251
234
234
243
218
163
235
147
251
234
241
109
42
235
244
62
194
42
249
239
155
235
154
238
200
167
84
220
133
238
192
251
249
194
148
251
161
250
235
147
242
126
235
241
247
196
77
235
143
32
130
203
246
182
235
249
249
164
239
247
239
249
132
43
235
220
10
239
62
238
178
234
221
9
221
47
247
242
200
60
171
203
238
211
247
146
220
197
218
45
238
251
169
209
237
228
58
219
249
238
217
238
8
24
228
242
67
235
153
26
224
239
164
0
190
235
235
240
136
220
251
218
221
208
188
6
211
174
207
190
238
248
135
32
248
220
234
2
147
155
36
171
234
247
103
242
228
142
238
218
171
225
243
53
246
229
9
220
234
166
246
46
200
247
9
208
238
27
249
203
228
126
133
245
140
224
31
22
217
250
250
190
222
234
240
36
27
220
133
221
238
203
0
171
250
200
234
234
237
234
64
235
188
225
150
96
239
43
72
168
216
145
251
8
185
232
188
142
43
143
248
190
194
239
82
229
220
228
203
229
155
224
249
200
66
218
243
6
154
216
246
191
251
246
169
181
237
53
211
5
252
249
193
153
158
248
196
95
109
235
249
235
218
171
32
242
23
153
196
98
220
221
247
55
143
51
184
247
126
142
203
158
224
14
237
244
163
124
235
182
220
4
174
13
203
239
251
193
8
245
210
222
203
227
118
132
203
239
165
203
238
242
163
25
114
240
197
25
165
247
240
221
53
234
153
240
249
235
197
243
234
12
235
235
119
9
239
10
203
143
235
16
203
171
59
172
183
27
251
224
250
20
245
213
234
212
116
235
244
226
250
34
164
49
2
235
120
188
249
218
22
251
169
21
107
82
162
238
178
246
247
23
182
146
220
251
229
251
145
214
236
195
193
141
242
155
133
244
238
16
235
222
247
69
24
223
235
186
126
244
215
84
203
172
251
11
114
154
250
37
38
0
248
71
246
141
182
247
24
251
96
195
77
220
192
227
155
201
143
195
223
34
250
240
0
57
218
251
239
110
227
217
117
238
229
157
223
235
171
169
246
239
146
172
162
23
7
235
42
239
109
227
7
249
178
121
238
178
49
250
244
6
197
235
58
59
214
238
100
234
219
220
234
183
25
181
200
250
181
235
164
222
198
251
235
227
169
180
228
66
249
238
20
103
2
134
221
34
248
219
64
249
224
158
155
31
117
21
239
84
142
195
119
243
225
26
164
235
239
180
235
1
125
220
153
208
220
114
234
235
46
21
197
169
214
83
31
237
193
200
2
229
6
203
252
251
251
25
227
187
200
235
168
83
248
251
251
217
212
85
23
246
190
141
239
29
170
207
198
203
58
220
249
165
246
9
41
215
77
159
234
200
212
190
135
239
170
183
223
221
2
232
152
248
225
169
200
224
250
146
96
99
143
220
251
165
4
137
45
166
238
20
247
223
239
220
107
203
5
219
27
208
237
4
246
238
162
45
179
31
197
235
209
96
177
10
234
196
46
224
95
232
219
146
245
238
197
170
87
240
159
137
248
246
244
224
223
114
224
229
146
223
241
220
207
225
197
195
71
164
209
235
179
11
243
211
16
234
35
247
220
126
178
227
203
201
75
121
162
203
193
224
243
141
20
83
17
195
221
26
8
243
252
198
249
142
221
169
63
51
222
223
249
234
46
223
223
224
22
147
220
170
239
247
235
243
25
235
154
8
62
54
245
203
95
96
170
218
91
217
225
249
234
245
236
200
224
250
238
34
84
85
222
106
238
238
249
248
239
235
110
64
93
224
219
221
230
28
247
224
235
166
103
182
203
221
235
217
199
249
235
238
240
244
224
120
155
130
147
239
239
184
166
124
242
244
129
17
161
151
238
98
169
147
119
189
196
245
235
227
203
251
183
163
243
195
223
15
171
212
162
239
126
247
29
251
185
243
166
220
120
239
145
34
29
245
125
208
111
246
45
228
228
221
245
202
38
138
4
213
249
21
238
188
0
134
251
31
235
203
28
249
23
235
220
246
201
126
163
78
114
26
168
132
239
251
172
241
237
219
166
220
224
235
222
25
0
145
237
224
148
239
234
169
238
238
189
118
198
82
49
202
159
223
20
251
141
25
155
237
220
250
216
221
143
203
251
238
75
176
245
241
3
25
249
35
239
247
163
234
51
219
200
5
213
238
1
35
99
155
196
192
242
246
246
224
188
11
235
222
224
180
57
248
166
223
113
237
134
242
95
104
234
203
219
53
233
141
190
220
4
62
95
235
220
126
247
11
169
142
251
149
163
141
249
47
223
221
120
251
137
158
191
142
249
249
237
46
11
183
222
5
223
13
252
116
179
130
238
227
219
203
237
211
151
237
171
214
154
218
193
61
239
28
233
169
222
73
211
14
238
221
195
242
197
140
27
248
178
9
235
196
110
229
203
202
49
203
218
203
147
242
145
96
249
239
64
247
251
208
16
234
68
5
235
48
126
16
219
220
62
238
234
170
219
172
155
193
220
203
38
4
111
143
223
224
229
218
246
250
239
152
155
24
9
165
206
181
231
26
235
47
234
248
8
234
162
53
245
222
229
168
234
51
10
240
229
223
83
221
245
221
251
234
164
235
251
238
244
74
203
236
237
197
110
217
12
195
227
163
189
223
179
133
57
78
239
223
237
216
251
215
241
235
238
235
213
251
197
1
248
246
11
235
43
193
163
96
42
7
221
158
159
32
183
51
189
251
133
149
95
47
147
238
193
80
239
215
245
151
151
197
248
203
48
24
227
45
85
197
22
25
82
243
83
157
195
240
46
65
251
24
239
82
158
223
247
26
228
198
221
1
147
162
28
200
143
216
245
216
237
235
1
243
236
64
183
251
218
16
56
218
176
239
32
238
241
43
202
45
220
222
218
142
222
234
247
117
155
203
153
235
242
249
220
154
171
229
15
220
197
227
117
64
23
27
247
208
238
46
236
154
196
206
17
8
17
101
24
239
234
20
168
83
200
172
165
54
239
146
251
214
31
72
203
219
159
245
62
46
8
235
152
250
245
235
194
247
236
220
221
21
46
243
246
207
78
65
236
232
252
20
235
239
222
249
197
250
252
142
43
34
197
53
146
237
146
236
184
228
73
81
235
235
212
172
252
246
52
38
224
222
239
108
236
241
147
133
95
166
118
247
242
221
239
20
234
146
11
203
212
238
56
224
238
234
10
161
203
20
239
235
218
239
238
5
239
187
243
251
53
251
133
34
20
222
203
247
162
103
12
249
16
167
188
58
20
250
224
239
48
67
203
225
235
154
118
47
225
154
198
171
239
88
220
118
217
142
218
234
159
172
151
132
221
198
47
158
242
203
42
190
160
251
216
192
146
235
53
166
220
225
220
59
183
242
169
100
183
225
235
39
238
240
166
221
34
25
249
21
35
23
15
239
224
237
246
238
242
58
114
114
239
251
234
23
143
20
239
246
238
229
251
149
239
155
59
234
117
160
203
246
202
218
234
190
177
237
235
201
20
234
2
211
128
0
225
17
250
62
198
242
182
224
174
216
46
212
246
91
193
227
239
248
202
41
252
202
237
251
3
221
191
39
224
235
43
91
197
229
24
98
251
234
60
181
243
182
21
239
102
17
170
192
35
225
225
178
146
46
221
251
170
240
14
12
234
244
95
16
128
171
246
130
36
251
235
241
36
146
221
197
153
43
19
251
180
130
196
42
147
251
203
203
173
143
223
74
174
237
207
193
31
123
49
73
243
1
201
146
103
241
74
234
146
32
222
178
193
235
167
240
126
211
200
178
197
171
247
239
234
251
153
235
203
222
155
246
239
58
224
239
200
170
195
151
141
147
195
238
3
219
239
196
17
200
162
172
240
223
29
240
220
63
66
35
141
35
238
218
207
195
146
197
142
251
251
213
245
238
43
249
247
235
119
20
169
218
222
168
235
198
248
9
229
202
182
220
152
225
219
223
223
78
214
228
82
3
119
247
235
136
145
34
235
168
126
192
248
216
63
251
25
143
238
192
2
0
8
244
235
221
133
235
239
26
251
201
173
12
197
218
221
223
243
251
241
216
249
240
83
221
248
195
241
47
58
200
66
99
95
28
35
239
197
249
251
243
239
244
53
160
237
200
84
120
133
249
235
210
95
221
245
147
159
225
83
170
228
221
222
244
237
203
237
239
223
194
203
223
214
197
221
178
224
203
251
242
244
222
246
169
38
229
244
3
168
221
240
229
235
239
101
252
249
242
110
130
172
188
76
242
239
228
242
227
223
208
245
234
235
166
235
72
234
8
239
214
16
126
249
223
184
234
196
197
96
238
230
155
229
26
133
96
244
224
220
238
235
228
251
251
252
31
163
251
224
48
251
252
146
234
46
185
208
178
25
245
248
197
224
218
155
143
223
251
223
37
224
194
228
91
183
114
200
186
48
183
248
143
222
155
29
136
71
151
143
240
246
245
130
18
239
235
250
172
165
221
218
251
251
