188
235
235
26
249
179
248
133
247
161
208
60
229
132
208
251
235
103
85
3
118
152
26
222
6
182
221
213
230
250
218
250
163
152
213
250
209
0
140
251
225
176
152
191
245
250
155
212
178
229
120
183
165
126
229
207
207
250
177
144
227
73
243
245
237
250
8
247
208
188
60
231
136
113
244
246
25
250
235
114
245
240
13
216
242
127
184
74
249
243
241
78
230
223
164
234
8
246
231
22
66
25
234
224
35
132
207
36
179
226
41
216
24
249
152
239
0
237
29
229
241
225
17
181
238
235
247
219
234
31
190
28
239
238
77
27
165
88
250
34
46
62
8
8
136
245
8
240
77
249
229
179
249
118
137
95
238
152
126
201
205
230
190
150
241
47
251
168
229
206
22
207
216
161
116
238
251
242
229
251
249
22
232
149
230
243
184
242
126
164
78
4
229
225
239
236
27
132
161
245
165
231
87
165
250
238
247
243
226
237
250
166
222
175
174
218
43
165
231
236
250
250
229
245
152
81
180
239
118
229
238
234
175
207
249
222
46
81
231
230
239
133
246
161
185
245
238
219
212
245
249
158
182
170
237
60
120
226
165
247
250
205
134
250
2
248
198
240
28
150
74
28
236
24
113
9
235
249
213
209
38
9
160
237
231
250
16
152
239
228
227
239
227
64
17
226
96
224
24
80
175
202
224
7
229
229
190
53
242
199
24
251
236
227
250
179
165
248
249
24
160
62
250
150
230
239
250
205
52
63
8
196
186
212
140
218
239
239
206
101
219
205
235
250
200
229
153
249
243
142
250
237
247
244
223
41
235
104
249
207
139
196
153
56
237
250
222
219
234
237
230
231
236
245
235
35
239
207
183
229
229
165
35
218
245
102
79
249
249
235
239
12
236
63
251
245
196
6
250
196
31
231
243
136
208
5
118
234
8
165
246
52
239
239
74
250
57
8
69
24
229
226
135
150
165
178
249
126
165
250
242
168
230
247
182
236
200
33
121
238
128
242
230
203
252
62
246
231
210
228
217
73
249
58
247
2
217
114
60
35
229
122
235
239
224
235
187
234
182
185
214
139
248
239
234
238
228
2
20
227
117
245
231
239
236
199
1
157
239
63
43
249
16
185
165
229
50
207
28
30
180
166
231
196
190
173
208
57
27
234
215
243
55
185
117
155
237
228
229
234
223
251
118
228
27
25
230
128
135
185
213
229
56
250
228
218
232
249
225
177
152
198
216
136
239
239
234
230
128
122
158
187
236
239
141
193
244
37
34
244
44
54
239
5
136
243
15
237
27
1
29
219
8
247
226
217
239
114
239
51
228
249
236
79
232
229
211
63
8
96
206
228
230
12
242
252
23
207
178
46
21
210
134
245
31
82
222
249
160
206
242
152
245
229
44
121
229
245
239
190
161
241
213
234
250
215
39
212
33
165
251
216
198
239
183
215
181
251
251
171
219
225
75
179
178
57
25
237
165
249
250
232
187
82
210
237
161
240
223
239
229
209
2
247
239
28
146
175
248
228
239
239
103
229
246
126
237
226
27
225
103
190
251
145
210
229
150
241
244
241
148
216
230
63
209
73
219
247
209
228
220
196
217
24
224
239
182
128
219
239
198
195
221
249
228
230
237
182
17
226
248
236
96
209
13
181
155
239
249
227
230
71
207
229
6
100
31
229
226
251
241
122
64
230
228
165
230
213
244
219
165
223
237
229
219
219
196
228
102
219
161
43
236
24
29
90
239
251
157
243
73
182
215
65
173
247
230
13
32
244
87
252
24
190
153
2
235
246
239
233
36
0
239
166
171
58
6
36
239
150
185
229
251
63
214
224
31
248
247
227
10
218
226
212
239
39
244
118
249
28
21
230
202
230
252
168
247
245
211
161
79
168
151
250
248
40
160
239
239
210
245
218
152
249
217
231
250
242
245
240
226
58
224
165
227
218
224
249
16
206
152
5
240
229
28
250
198
161
215
120
241
6
8
242
232
16
241
190
214
23
184
221
36
166
151
188
248
231
226
130
217
228
150
225
229
228
13
19
177
103
228
250
136
181
38
251
209
161
247
238
164
234
201
229
184
239
146
233
150
225
250
229
2
248
248
237
250
27
178
132
11
238
239
114
250
87
210
199
240
241
34
251
100
247
130
234
218
250
242
46
190
204
239
150
92
233
234
250
235
39
245
226
139
229
23
79
245
197
8
237
182
182
239
247
226
212
136
213
238
23
184
229
144
116
228
223
232
176
153
250
13
252
9
226
99
195
34
228
139
247
248
95
222
225
237
222
229
239
159
198
183
248
239
245
241
228
133
134
206
166
184
9
252
178
53
250
57
223
8
229
52
161
242
102
114
185
21
228
252
183
184
164
114
229
46
120
206
240
241
130
237
230
28
58
239
141
241
58
229
161
245
209
165
242
139
234
203
234
16
228
234
74
165
219
126
248
183
160
238
209
96
245
218
218
234
165
250
10
165
249
151
229
241
2
222
250
230
227
239
218
236
74
229
216
122
36
24
229
91
237
247
178
28
96
134
229
209
246
251
230
218
237
230
161
223
31
215
183
88
225
166
245
4
84
225
234
223
31
204
226
250
31
230
41
225
191
183
74
245
152
234
251
119
38
155
217
239
161
135
174
215
161
216
152
42
4
239
20
81
231
210
229
242
28
216
97
174
246
120
118
25
237
126
22
16
54
239
206
8
209
164
239
252
96
230
252
2
64
251
250
230
157
156
130
39
224
5
229
237
223
1
230
184
183
11
228
158
251
48
224
53
252
243
228
245
23
243
245
245
250
229
79
236
126
232
245
148
226
229
250
74
49
180
245
71
204
247
207
225
234
231
165
238
27
120
181
229
230
229
230
35
249
239
202
243
54
251
136
240
213
5
117
161
242
17
152
250
161
74
110
250
251
217
247
229
230
82
234
210
235
249
32
248
249
196
250
219
237
229
21
16
25
165
165
210
23
42
244
250
230
241
248
228
152
224
247
231
83
26
226
39
237
239
210
31
231
235
208
252
165
228
151
99
45
183
120
206
165
185
177
210
241
247
247
234
44
219
208
189
239
235
206
244
29
223
183
196
229
218
21
222
218
239
245
96
239
150
241
245
242
128
229
223
117
170
230
223
129
243
54
238
60
48
245
237
247
83
150
177
237
228
239
181
208
229
188
1
241
216
249
250
114
239
126
209
151
243
18
229
116
26
134
96
120
219
3
103
240
165
236
247
135
230
230
24
231
237
250
162
220
187
205
168
130
237
245
36
229
29
201
92
121
228
161
142
91
36
249
217
118
245
157
167
136
234
182
122
243
159
210
251
158
82
250
185
8
160
229
128
248
178
170
165
165
57
165
247
235
230
185
71
250
234
165
229
246
225
226
223
247
243
177
249
177
145
0
13
25
218
234
247
218
234
22
69
218
25
69
198
228
217
26
237
222
23
21
3
225
247
193
232
209
205
247
136
3
216
169
243
237
177
35
237
139
218
180
180
215
145
239
199
195
218
206
177
245
64
26
251
235
248
196
228
36
225
250
140
25
249
240
246
241
116
219
242
252
152
249
248
251
12
130
64
239
237
165
229
245
42
203
228
85
52
165
30
141
63
222
206
243
230
229
228
181
148
95
34
178
245
11
242
242
223
212
239
148
4
229
191
217
2
232
250
250
237
24
234
238
103
73
160
9
77
34
185
8
202
235
251
240
218
226
1
182
80
226
183
230
242
69
251
160
216
29
250
175
122
251
223
239
134
64
46
250
250
24
209
152
252
1
213
239
223
179
229
22
200
251
142
229
241
39
136
238
230
199
242
202
251
130
222
179
247
229
229
247
161
217
243
205
245
230
210
225
219
177
226
230
230
181
229
239
243
28
243
231
54
242
8
229
226
135
210
229
66
142
227
35
239
201
55
230
104
223
179
229
223
184
85
229
249
249
6
79
82
197
208
203
222
145
20
239
5
61
228
244
219
152
229
243
247
239
165
228
231
252
246
121
179
1
157
122
228
210
2
161
232
177
250
218
139
202
4
186
210
251
39
176
226
28
249
252
29
250
161
229
63
237
247
134
236
203
182
13
102
247
230
222
175
17
220
181
130
185
136
226
180
29
29
230
240
164
98
175
230
250
58
209
225
223
141
51
130
239
21
247
248
64
184
188
209
245
247
160
184
239
250
249
41
148
243
183
165
190
135
103
108
216
238
56
152
245
230
145
242
239
247
184
234
252
139
228
165
244
249
184
99
218
219
168
152
237
236
239
245
245
49
141
243
244
164
249
240
159
230
228
210
250
213
239
227
150
217
239
226
250
230
136
250
126
208
13
62
229
165
160
250
203
153
85
248
247
184
237
2
230
165
235
239
237
245
95
239
2
230
151
155
229
25
239
193
62
9
36
165
229
0
208
46
252
251
27
250
218
144
55
155
8
242
134
178
165
208
213
221
239
241
231
234
249
243
210
60
161
240
245
85
228
251
245
49
57
250
122
252
247
241
244
247
4
190
238
176
250
249
214
244
229
192
229
243
239
230
215
126
164
97
232
225
53
218
102
249
222
180
177
103
229
150
166
229
88
45
250
165
244
46
214
102
43
239
141
207
213
130
128
39
196
228
4
209
196
216
6
169
178
247
177
140
169
249
229
44
136
166
165
251
250
234
230
251
175
23
234
58
49
251
161
223
229
250
102
235
226
80
244
193
138
234
152
116
241
187
134
217
249
239
193
251
126
229
148
165
113
200
196
42
229
97
249
241
122
116
208
165
176
223
250
231
150
130
238
49
242
209
97
229
241
250
238
252
134
171
185
205
249
130
209
229
113
72
246
57
197
207
239
251
85
39
230
190
185
245
237
116
220
34
248
243
48
199
139
177
153
60
165
230
237
223
240
55
230
249
93
134
239
226
83
244
85
208
41
134
205
229
230
230
74
231
161
151
51
117
234
130
161
210
166
20
236
29
208
235
160
244
224
64
241
166
207
120
239
228
218
245
235
251
161
251
84
136
237
53
250
203
245
8
128
223
51
184
143
215
179
250
151
176
108
129
213
244
249
249
237
250
216
219
250
52
165
251
52
8
240
190
23
217
178
0
213
243
239
234
229
142
120
229
239
46
206
150
245
206
30
196
239
248
247
249
230
96
68
228
166
222
186
231
205
62
245
161
165
228
250
234
239
199
224
4
251
231
218
245
173
237
0
27
250
160
117
185
165
243
138
232
229
53
244
6
29
248
213
225
245
0
36
48
166
133
113
243
226
252
49
235
29
249
226
239
210
247
227
238
237
229
246
218
241
229
249
245
237
219
237
160
249
227
165
248
4
252
247
150
185
210
81
239
148
229
229
252
215
155
229
11
53
63
247
202
143
184
102
173
27
248
78
229
109
214
198
206
160
130
35
196
215
177
244
45
24
232
239
164
64
244
230
245
240
245
120
218
249
251
231
160
165
7
245
56
214
222
189
230
238
64
229
161
165
251
230
237
185
228
42
4
249
239
30
239
165
175
58
243
199
245
181
241
130
103
228
223
250
242
199
251
229
251
227
20
165
81
88
168
242
134
249
237
248
128
249
231
129
235
250
239
234
31
82
249
5
207
117
231
160
243
185
250
38
239
239
170
239
249
175
246
219
239
134
251
157
8
20
224
239
120
118
190
21
229
35
118
34
229
28
213
20
196
190
245
247
243
39
158
202
242
237
249
53
252
249
0
243
231
228
245
239
21
13
242
217
158
228
229
136
81
113
244
96
229
173
217
57
239
216
209
249
217
135
229
219
156
208
161
222
239
207
108
251
237
22
196
210
196
246
166
252
144
109
242
242
174
230
248
251
151
224
238
87
205
161
204
229
174
245
248
139
33
167
223
228
3
208
229
16
39
175
246
226
225
234
217
163
240
210
239
73
130
128
237
64
45
160
25
28
151
251
239
228
214
3
31
229
230
245
234
28
250
181
246
242
116
244
9
232
51
165
230
132
221
197
223
244
17
249
20
210
251
196
148
153
64
165
190
110
225
51
83
239
241
100
230
102
190
126
51
210
150
161
213
250
116
151
232
157
32
172
1
223
188
232
223
160
230
9
181
250
207
2
239
73
110
232
153
225
227
188
231
217
1
190
73
0
245
134
238
239
239
218
241
222
235
161
150
251
32
230
234
28
231
239
244
229
122
249
122
209
217
165
209
235
224
242
114
78
8
223
196
245
243
107
122
82
57
58
62
231
226
43
62
80
230
244
239
231
179
245
246
245
44
230
226
206
161
245
251
237
226
54
231
139
179
165
239
250
139
191
239
118
176
101
103
209
245
197
232
117
166
250
46
231
62
166
54
209
121
229
20
119
229
109
199
36
35
250
117
11
128
118
152
248
229
178
22
250
80
251
249
251
251
250
36
17
25
106
230
216
196
161
75
200
152
234
178
249
229
250
183
165
215
229
229
39
73
249
228
216
185
245
245
249
48
165
43
234
165
247
229
239
205
249
213
41
57
237
176
27
227
182
248
177
175
58
207
228
230
249
161
242
238
243
180
65
116
104
134
237
228
58
213
160
3
207
240
249
193
126
235
213
237
188
175
249
241
35
185
228
239
38
228
239
171
231
236
242
241
215
104
244
226
250
24
161
242
246
188
18
49
245
216
18
196
251
235
73
229
64
187
218
230
2
251
239
83
160
79
24
234
8
150
248
223
183
181
218
150
164
190
234
185
193
54
229
235
2
238
180
245
160
241
44
216
206
228
126
58
230
152
114
242
249
55
6
136
247
46
244
237
6
216
197
237
239
135
21
213
38
218
177
73
207
231
224
136
177
249
165
149
49
230
9
