184
245
252
242
213
133
215
38
208
226
131
234
217
62
242
39
7
179
121
156
168
209
209
206
195
173
16
181
251
206
11
0
247
198
12
249
126
2
147
213
250
252
225
46
232
187
217
216
206
131
144
207
166
218
88
211
250
225
199
245
227
109
64
240
252
8
206
226
197
66
242
130
250
4
21
233
46
214
22
209
131
252
214
232
139
159
171
6
116
193
226
234
225
126
148
242
48
63
233
2
220
236
231
226
252
244
194
19
242
189
249
166
39
211
221
2
148
48
236
234
182
227
251
244
217
24
214
122
109
218
234
225
217
242
24
251
192
194
139
198
243
225
175
46
234
148
242
159
218
174
185
211
179
144
171
128
242
148
215
218
188
215
158
252
173
187
242
252
25
157
44
45
188
234
226
205
242
212
213
159
250
60
36
244
211
121
242
149
225
122
122
245
241
234
252
242
226
43
16
234
141
252
238
234
150
58
214
164
119
148
238
64
252
85
43
85
234
250
118
192
242
251
246
248
247
110
234
44
7
175
181
241
234
225
149
163
149
218
242
191
252
159
119
126
39
214
160
251
7
209
165
16
150
126
238
148
252
209
236
225
144
218
236
198
161
252
175
198
11
236
149
239
238
250
207
218
252
131
250
225
164
169
18
38
149
148
246
244
27
232
21
165
150
144
244
206
139
172
108
181
5
187
249
6
118
129
83
27
217
166
218
39
165
175
207
230
218
250
242
148
225
4
137
234
144
62
6
242
212
251
12
149
245
156
50
246
171
214
22
250
236
148
31
208
77
34
250
25
225
149
90
12
57
103
252
199
199
138
179
243
63
218
242
242
234
215
252
28
251
218
234
4
129
251
148
162
35
189
65
159
246
220
83
32
206
238
146
170
244
211
245
108
251
218
234
2
95
6
202
246
252
214
242
208
33
99
238
215
218
216
247
250
248
160
228
252
199
248
158
25
234
244
206
237
170
205
252
251
118
240
167
163
250
174
4
225
74
21
246
218
35
252
54
172
238
226
210
74
148
7
231
148
249
211
231
215
227
218
223
160
64
224
252
214
226
209
225
218
34
249
246
206
41
218
250
251
178
46
46
218
54
243
174
90
152
238
215
250
213
205
250
95
212
58
252
234
206
234
27
24
242
249
138
181
215
227
202
234
6
63
43
39
162
218
252
80
226
160
238
240
249
80
236
234
246
252
185
197
57
242
168
242
156
252
204
186
205
193
243
173
218
29
217
10
179
242
0
218
237
215
225
151
225
240
215
182
234
198
47
168
233
43
218
234
148
215
236
240
8
71
190
165
34
189
180
113
252
242
45
204
251
206
163
218
202
28
13
235
30
211
242
246
251
149
246
236
208
147
214
49
63
212
33
210
176
245
206
164
87
168
46
225
249
35
156
36
198
35
169
206
223
197
71
209
218
1
0
74
218
168
167
146
87
16
12
201
131
155
249
216
1
227
204
251
206
225
101
162
240
251
19
236
234
174
217
217
251
148
252
218
168
20
235
206
118
246
252
217
128
175
73
28
235
148
252
246
233
250
212
14
168
28
44
96
204
244
51
106
234
39
160
214
231
209
249
65
234
252
132
232
242
246
234
16
148
217
188
218
167
102
185
73
238
165
215
218
250
131
242
161
128
121
34
82
218
214
104
212
161
49
208
240
238
173
243
247
246
246
234
45
217
123
246
167
220
252
225
159
234
197
141
223
246
242
240
249
81
250
130
197
131
197
215
186
2
226
19
238
246
252
191
184
215
226
2
83
177
161
212
252
26
74
246
218
247
63
252
217
147
149
95
148
185
234
220
162
179
220
235
148
240
234
121
242
246
1
180
188
231
56
225
242
225
236
234
124
251
157
184
183
92
218
242
6
118
243
120
51
58
224
234
234
237
194
197
18
69
252
186
193
25
218
242
202
215
252
225
225
214
210
181
132
250
81
16
23
234
252
140
246
155
175
244
27
207
206
226
252
225
244
206
218
234
245
235
114
19
236
64
196
234
252
250
250
242
242
221
66
189
171
252
236
234
235
198
34
218
246
62
201
58
240
188
242
212
96
162
57
211
223
250
208
215
103
211
178
251
242
173
80
119
245
172
187
242
72
210
61
123
225
242
240
225
87
63
74
206
215
210
206
163
236
126
91
38
244
13
201
244
164
242
225
203
202
76
242
121
43
252
64
246
14
252
169
234
225
244
36
211
237
213
214
8
82
184
175
162
36
146
148
245
234
199
98
91
21
165
168
218
218
8
171
251
195
218
252
65
174
69
35
246
244
251
252
95
118
177
244
252
60
240
65
238
234
244
41
2
180
246
252
218
82
146
60
130
151
245
23
232
252
146
218
206
234
110
235
107
242
200
19
53
209
44
217
225
230
16
250
175
214
214
71
249
46
234
191
251
188
242
224
162
215
205
210
242
184
171
234
252
188
251
240
235
88
49
206
148
234
252
240
195
160
193
161
6
62
244
5
218
164
242
221
206
200
252
234
48
183
208
163
126
252
25
166
235
6
245
27
250
167
178
244
195
63
195
237
242
19
242
242
20
16
250
150
209
163
210
242
171
215
114
149
33
242
242
191
234
242
252
58
202
100
240
243
206
205
51
204
48
186
155
217
242
214
87
80
212
214
242
211
206
242
24
161
188
175
242
16
206
18
148
226
188
139
240
238
240
208
250
1
169
216
234
198
133
101
245
245
247
236
191
215
182
234
237
249
205
245
114
173
220
250
218
246
251
250
129
77
251
57
214
204
210
251
229
247
27
118
194
226
250
0
2
237
42
169
149
235
240
159
234
208
250
189
187
159
237
225
218
209
6
122
128
234
201
57
228
242
149
207
237
204
184
244
36
180
56
11
117
252
189
214
246
205
242
214
162
236
150
177
232
246
207
148
234
252
121
78
80
20
238
64
226
19
236
250
242
75
63
197
141
238
246
146
138
206
149
210
251
2
128
200
225
252
234
25
61
215
218
200
215
114
238
215
216
249
211
2
45
212
95
251
223
82
238
93
184
140
25
215
230
240
110
236
205
242
4
218
252
235
77
159
246
199
217
16
246
251
197
25
215
206
62
172
251
167
10
60
184
221
234
100
211
188
218
189
252
199
209
81
165
234
169
46
244
159
225
220
204
22
226
52
201
250
20
212
204
175
184
206
208
214
3
238
184
21
27
242
63
234
251
180
244
236
2
246
64
31
141
218
156
42
212
42
218
217
129
189
34
218
158
87
244
223
161
190
202
246
225
126
158
218
146
168
19
246
134
148
184
206
236
95
58
179
228
251
234
118
119
242
47
114
244
211
246
252
246
20
190
244
91
251
96
226
226
203
234
240
160
99
96
201
211
234
196
234
141
238
218
59
82
247
243
215
240
225
65
180
82
234
166
234
126
242
246
172
101
3
243
146
96
240
218
126
183
27
148
218
207
131
206
225
118
251
215
225
116
39
99
116
250
241
234
184
249
214
194
236
144
118
234
193
252
6
217
238
245
240
22
205
246
235
234
0
242
99
45
246
113
224
109
232
165
8
206
246
162
246
246
244
144
149
245
250
242
53
167
246
244
180
226
212
24
213
46
252
211
137
96
234
162
236
242
158
224
228
240
148
139
16
211
209
233
210
250
249
209
224
3
168
249
218
74
218
210
242
24
215
49
147
246
246
119
236
132
185
58
234
148
150
148
83
236
16
0
215
55
44
234
240
148
248
244
218
218
161
149
69
227
167
252
178
132
250
6
214
193
250
147
96
204
117
181
160
24
3
42
244
245
129
1
165
206
226
226
169
205
197
242
234
109
102
60
180
0
249
199
251
202
126
203
208
225
206
223
242
46
246
166
9
252
250
210
252
38
191
32
21
240
218
242
251
173
234
252
188
82
159
236
241
187
183
23
215
173
102
64
242
236
195
167
242
213
232
192
211
55
36
134
232
212
54
162
234
223
208
225
27
236
209
218
118
110
216
26
175
165
218
236
204
211
193
211
234
252
141
235
238
242
147
183
251
245
249
218
234
250
42
160
223
252
131
157
211
223
215
183
242
185
183
28
62
148
0
218
57
240
214
85
252
236
252
200
235
168
246
11
24
212
159
238
7
187
226
10
175
252
236
243
236
242
218
171
212
218
251
212
175
231
170
234
148
242
169
238
244
191
211
23
244
206
215
215
234
252
12
43
181
199
215
244
246
225
218
252
238
20
91
221
242
206
210
41
225
110
218
246
54
246
249
147
187
176
45
119
234
244
215
211
252
210
184
218
235
234
64
5
246
218
236
171
110
237
25
252
74
250
208
7
32
191
241
150
34
206
234
215
242
218
188
245
218
147
35
145
31
187
205
165
167
230
197
205
187
252
204
200
195
242
234
234
252
225
135
149
238
205
226
120
87
160
87
205
218
148
180
246
231
206
226
131
55
175
63
204
35
242
221
208
187
238
48
161
251
234
216
209
234
243
218
162
236
225
247
206
215
36
29
9
206
226
148
183
238
173
234
29
16
251
236
208
2
231
252
244
25
249
225
214
26
20
225
223
234
223
214
242
186
185
234
245
190
240
117
47
225
236
231
33
206
242
6
246
44
242
198
244
235
214
28
217
250
46
223
182
218
220
51
215
169
231
242
228
165
218
242
236
182
173
64
246
6
177
91
73
28
148
252
217
107
242
11
151
242
206
217
234
225
122
218
252
3
216
126
159
218
69
184
174
236
60
206
234
215
22
28
169
172
148
250
195
245
9
209
126
102
93
149
21
163
1
181
234
226
169
187
236
4
234
137
232
234
215
149
234
0
249
202
242
186
212
242
252
251
233
175
34
242
252
215
234
221
96
242
177
246
57
149
206
20
185
208
218
251
130
96
236
250
114
148
148
241
58
213
234
4
92
243
236
206
206
114
168
234
160
249
209
44
74
235
234
220
202
126
1
190
206
250
139
181
148
250
249
7
248
218
57
248
244
236
184
2
234
215
77
216
226
189
227
42
251
223
250
202
81
3
114
233
84
251
183
252
207
242
6
242
206
246
252
228
167
223
113
92
214
43
233
241
140
220
20
23
214
165
36
250
208
204
9
12
207
232
212
223
152
252
194
49
188
249
48
184
251
174
246
181
1
63
250
252
218
189
184
76
246
211
249
63
167
225
149
243
252
240
238
245
242
212
237
60
64
218
36
250
149
173
252
196
216
48
211
247
141
14
242
164
188
212
80
29
209
167
48
184
26
238
193
147
252
186
244
240
16
250
103
228
183
225
234
246
212
236
65
73
34
225
170
206
84
236
242
148
46
252
234
252
218
226
184
148
207
252
214
242
126
240
52
238
92
20
226
252
173
57
242
211
247
8
140
183
57
247
245
164
242
184
249
2
162
212
64
18
215
223
215
236
215
8
175
251
218
53
27
251
87
210
36
173
64
158
227
242
0
234
238
0
160
206
75
146
195
58
230
201
197
218
250
136
3
0
9
246
240
252
223
64
246
249
152
242
242
250
97
28
16
155
218
225
148
234
207
35
225
245
173
220
24
6
131
240
252
204
10
126
170
234
62
148
252
4
212
242
250
238
74
200
207
217
73
251
162
246
88
236
251
245
246
193
21
149
250
250
234
241
193
48
241
241
77
200
200
175
42
26
244
214
236
225
118
218
159
238
223
141
214
24
3
166
240
238
242
27
169
236
78
240
191
250
181
149
198
164
217
244
214
236
42
236
2
25
155
242
3
159
47
238
246
173
215
226
100
206
228
238
172
174
173
234
161
114
215
213
246
211
168
137
206
6
247
212
116
206
145
62
250
138
247
233
251
147
223
8
251
234
148
246
171
236
215
220
227
189
62
246
240
180
147
240
205
214
52
139
205
246
236
234
224
175
240
233
204
175
165
9
252
236
43
195
0
249
236
212
209
235
244
206
250
246
240
58
25
214
206
245
25
252
202
6
3
175
148
205
146
52
2
141
122
215
247
148
141
139
225
38
246
141
38
93
156
251
49
221
114
27
95
20
217
242
176
149
155
249
166
236
242
250
242
250
158
175
242
233
225
250
189
227
170
235
215
175
220
209
117
155
184
159
38
177
31
173
143
211
246
11
250
122
214
18
211
121
16
148
161
206
148
194
29
39
226
128
252
225
116
215
18
234
212
234
211
233
177
89
234
234
245
69
233
225
218
188
21
168
36
209
236
252
234
241
179
161
166
246
168
171
225
215
250
126
73
8
53
171
165
166
252
148
242
82
221
244
214
200
234
181
215
237
45
78
250
83
225
252
0
238
216
247
214
246
240
206
37
162
200
201
161
218
161
3
238
250
218
209
252
242
161
172
194
194
88
23
10
225
85
82
117
106
91
95
19
175
174
57
114
148
240
51
250
8
95
139
247
234
120
71
218
240
51
252
119
170
214
242
145
29
16
236
12
240
168
25
215
58
180
236
28
252
206
180
191
226
250
208
250
231
250
146
118
148
226
66
190
190
215
218
192
207
87
6
110
195
250
174
235
38
166
190
177
148
236
167
24
214
246
77
241
138
10
197
218
6
114
189
252
223
127
75
252
141
238
250
148
165
250
218
203
39
6
234
251
196
201
11
218
171
169
149
45
249
172
34
146
234
42
6
191
31
246
173
162
218
126
225
118
162
225
168
246
247
236
46
57
210
246
248
6
210
2
244
145
190
241
39
162
242
62
242
195
236
81
167
208
161
246
218
225
215
218
209
168
250
234
184
8
141
156
210
218
244
32
252
85
251
242
246
246
148
180
250
59
240
182
234
244
214
25
20
252
161
21
149
234
252
252
24
212
216
0
247
17
240
168
25
57
83
245
149
236
6
215
202
