196
9
46
228
229
247
228
227
252
193
31
14
1
201
22
236
193
123
198
166
245
126
229
171
8
251
180
172
251
224
229
136
169
3
240
53
198
119
140
163
33
247
217
51
162
74
227
228
245
88
252
20
246
228
191
232
231
247
200
163
213
113
152
23
249
251
144
163
169
31
249
247
249
217
229
236
110
200
156
247
155
146
164
142
229
169
45
136
237
198
210
163
114
241
189
249
198
168
231
227
238
20
153
199
161
245
136
87
24
20
237
131
222
197
26
242
185
202
238
51
231
164
239
232
191
126
208
250
163
182
212
240
223
239
200
194
32
139
237
209
231
232
1
138
198
191
159
185
37
241
155
36
169
196
227
227
135
179
247
252
231
229
245
183
228
216
198
223
250
222
39
249
247
197
208
189
88
46
72
11
184
203
3
63
228
19
43
44
231
56
231
224
85
169
228
136
168
204
177
236
229
227
251
42
250
223
185
211
159
186
90
240
171
154
231
8
9
188
198
198
159
60
242
231
200
160
244
227
85
162
232
204
29
242
228
90
91
239
231
170
188
237
63
173
228
241
227
227
247
160
134
249
139
246
199
22
169
200
11
240
226
189
224
237
227
151
28
241
153
251
230
185
72
124
199
162
229
29
251
152
159
182
228
154
206
182
90
249
228
199
41
114
158
184
237
185
198
245
223
34
3
247
228
234
237
246
208
231
160
214
94
22
242
161
238
22
193
245
45
227
250
250
238
191
143
200
227
46
237
231
186
207
58
158
126
187
200
180
250
154
237
193
240
237
159
217
188
217
192
249
74
237
250
160
65
237
11
237
231
231
242
228
200
247
141
237
153
228
20
198
194
244
163
250
182
63
214
249
231
150
28
128
250
224
242
250
143
245
251
231
239
221
250
185
231
187
57
146
152
183
221
231
233
246
228
200
153
231
211
102
212
84
202
231
251
231
228
158
117
22
247
209
228
195
3
200
121
239
210
101
250
167
237
251
192
179
208
9
250
74
230
168
127
109
26
246
162
249
246
3
221
94
158
224
251
187
251
5
53
175
190
228
242
53
210
158
158
19
126
9
102
189
246
7
185
228
43
224
199
198
238
39
181
200
249
231
192
250
249
231
163
223
228
136
247
245
193
249
179
47
228
207
209
238
168
231
239
249
246
249
3
126
237
182
173
25
229
153
247
208
250
232
152
187
197
251
231
4
197
217
152
246
227
80
193
200
241
222
196
197
200
231
195
182
188
25
238
223
143
190
114
247
183
227
216
152
126
96
185
170
198
186
229
208
9
195
229
193
247
226
228
251
52
4
107
231
1
223
237
62
40
218
237
200
231
228
21
11
249
142
193
251
214
240
228
208
38
245
249
247
83
39
251
223
228
171
238
198
19
13
198
237
20
227
12
247
232
178
146
230
231
136
200
246
240
137
198
231
199
222
164
153
251
32
233
227
228
150
153
14
237
224
228
104
190
163
158
228
139
231
195
36
163
199
240
185
159
139
202
242
245
251
44
37
231
130
156
200
223
249
8
143
251
228
227
96
238
217
239
228
228
158
224
160
20
159
19
211
236
245
152
228
222
156
158
1
114
34
128
46
155
237
159
82
228
200
109
118
175
43
247
152
217
184
180
193
252
228
249
237
241
114
199
228
165
195
233
241
152
228
184
3
164
142
156
163
231
224
247
32
193
240
38
224
182
5
249
246
185
251
250
245
241
251
231
247
9
199
139
223
184
247
29
233
25
249
43
199
247
172
200
179
114
251
246
237
161
248
10
246
237
47
4
217
25
251
81
149
242
251
228
3
69
231
229
252
172
238
28
221
136
228
249
240
96
63
185
246
0
179
140
62
249
24
191
199
192
114
150
251
231
88
231
152
167
191
209
169
231
241
47
251
238
154
228
228
250
249
231
65
77
191
135
247
246
224
28
250
134
249
103
217
208
198
126
64
31
246
251
8
231
181
12
212
118
249
223
82
152
237
223
164
248
228
189
182
241
251
250
237
237
8
140
227
169
121
31
247
250
184
136
251
117
198
118
227
200
223
229
25
59
77
233
241
198
195
34
237
62
152
251
227
229
246
58
160
7
118
164
4
29
122
192
245
11
237
62
186
214
227
198
185
228
182
231
200
27
156
19
104
223
245
195
233
49
172
8
171
200
183
231
51
220
182
249
161
43
203
162
199
116
232
211
251
152
192
251
32
27
149
191
169
31
130
231
169
154
221
49
118
179
119
249
42
137
23
230
231
200
247
110
47
228
183
247
245
169
217
235
249
159
217
210
249
237
236
242
45
247
232
252
237
249
87
207
172
95
41
198
199
231
196
136
247
158
169
52
152
231
223
232
242
196
228
187
9
169
224
117
249
250
241
141
246
185
251
136
251
41
247
47
171
216
246
249
252
162
196
242
200
60
126
230
150
33
131
237
18
208
239
245
126
208
232
156
178
0
238
250
139
232
227
251
249
250
28
88
114
249
164
228
195
240
136
233
78
246
202
193
252
162
224
131
170
40
231
3
250
78
201
233
223
228
212
200
237
232
128
179
250
250
247
249
237
45
136
53
230
136
251
139
159
246
95
136
182
11
250
250
3
23
182
189
249
153
231
249
229
247
250
24
221
249
249
229
48
12
246
249
247
168
252
1
228
224
251
122
238
176
186
114
3
231
194
169
193
200
228
227
162
185
242
228
246
184
63
1
246
160
208
199
246
218
2
231
136
245
240
191
149
163
165
19
154
138
124
200
8
193
193
27
187
99
249
198
224
238
228
246
193
3
91
163
251
251
189
46
146
80
228
24
20
228
193
29
212
236
29
237
24
221
229
231
250
169
29
5
228
223
143
246
163
228
175
237
208
229
237
247
114
156
185
2
62
242
233
231
44
228
53
44
241
240
69
232
60
245
231
232
71
246
119
241
9
245
130
2
181
195
233
3
47
249
174
162
4
96
217
249
231
246
222
245
149
240
228
241
136
2
227
251
228
119
237
237
186
183
130
49
43
30
79
35
77
99
242
128
227
187
46
195
246
200
229
225
228
215
8
214
249
60
163
63
228
157
122
171
179
247
164
53
228
130
245
227
2
251
237
242
18
250
30
74
228
143
16
247
251
169
5
136
229
193
237
242
185
118
231
251
29
231
214
231
231
231
193
231
31
230
44
149
23
247
59
250
223
242
217
11
126
163
126
122
132
228
252
159
21
251
5
231
250
200
163
232
191
245
241
237
247
58
245
122
250
246
144
249
192
232
164
33
118
227
238
237
185
157
228
208
168
187
231
232
157
6
178
227
231
203
52
8
149
162
199
237
199
114
250
250
249
20
171
237
250
199
250
224
193
183
180
188
100
164
193
237
251
191
135
223
136
9
152
246
78
193
217
159
83
229
28
246
220
229
140
16
252
191
247
231
5
114
49
195
249
220
162
195
202
226
250
229
231
142
228
161
161
20
227
245
116
17
15
228
200
228
227
73
239
228
241
251
200
241
163
136
207
176
153
228
229
230
246
217
249
242
239
249
200
102
99
200
20
8
250
56
8
199
231
195
195
224
181
200
247
160
39
237
246
250
95
69
223
210
64
247
117
209
237
119
207
162
46
81
81
199
153
157
228
246
193
228
242
230
228
247
195
240
66
230
227
239
189
132
99
245
251
135
250
143
228
249
85
212
74
110
227
196
162
158
222
24
91
249
77
27
167
2
136
159
144
199
193
158
241
237
165
10
240
53
199
251
223
163
119
197
196
251
234
237
185
46
231
220
159
18
182
85
136
1
223
126
227
217
16
191
44
228
247
17
223
48
154
126
249
245
188
237
175
33
250
101
237
229
157
102
251
231
251
250
200
18
174
167
195
230
195
116
193
224
162
231
163
152
222
247
250
231
237
237
109
152
199
81
136
6
87
248
138
80
246
190
191
195
138
251
224
228
249
246
198
249
250
153
204
238
48
250
249
51
250
244
247
36
223
103
110
246
194
251
199
200
153
224
245
72
250
228
237
245
214
29
224
222
11
217
249
249
249
238
238
72
82
247
228
176
191
193
249
231
159
231
149
231
179
228
6
200
191
251
249
138
23
126
41
141
228
154
196
239
238
53
41
179
44
145
223
224
118
190
191
237
221
228
231
251
249
224
229
163
228
251
4
180
228
2
64
229
159
230
223
164
223
209
249
241
245
195
233
247
231
13
178
214
185
114
231
209
238
217
245
19
4
247
49
71
38
95
43
249
29
231
9
228
228
158
220
239
249
229
237
177
17
160
22
7
200
245
29
49
249
209
247
114
199
54
141
251
1
247
1
196
252
50
126
228
196
231
153
249
87
237
199
251
71
251
12
236
106
162
249
193
217
241
217
228
221
239
196
249
90
197
227
249
200
237
249
53
240
177
5
211
17
252
12
214
87
237
247
230
243
232
3
145
29
200
21
200
149
177
250
122
27
249
231
227
250
153
114
72
231
239
245
228
81
191
231
192
58
251
199
237
249
242
217
153
227
134
195
163
83
47
237
223
228
200
59
99
8
156
54
249
231
247
251
227
36
250
96
9
212
240
142
193
32
201
52
185
231
196
23
249
164
174
23
193
185
178
32
251
237
250
245
245
217
241
217
8
228
249
163
199
126
118
193
82
8
91
207
194
247
152
116
246
183
39
11
114
2
178
198
195
239
231
184
64
193
200
231
163
228
118
198
200
102
87
238
159
247
251
251
249
231
246
221
217
51
229
251
228
182
114
126
116
204
2
237
119
117
251
62
44
228
20
217
199
192
249
96
12
127
237
75
207
153
190
226
247
82
5
247
19
158
2
246
179
250
9
229
143
87
200
251
85
4
153
250
183
34
227
153
231
45
152
237
200
208
252
231
172
228
47
229
102
149
240
192
227
192
232
48
244
228
245
57
237
210
228
233
231
246
240
208
82
47
157
58
125
180
126
224
172
247
249
163
6
6
248
233
72
237
228
225
80
185
229
13
113
230
8
233
233
106
170
231
44
215
237
13
229
159
228
199
117
228
237
39
245
22
142
233
252
193
238
196
166
190
228
237
249
199
237
35
249
153
171
136
136
231
142
212
142
251
228
204
247
249
153
28
116
29
224
228
144
249
164
228
231
203
153
249
227
173
230
199
245
146
249
200
247
37
141
157
237
249
223
193
200
28
231
252
6
247
175
34
232
250
103
224
246
250
200
223
231
222
152
191
251
229
230
217
229
8
200
241
210
247
220
160
242
223
185
240
223
36
228
249
126
230
189
228
228
44
245
35
12
150
250
198
200
176
189
194
152
233
172
163
58
224
46
166
250
156
206
193
8
6
143
1
248
17
200
57
144
231
245
245
232
250
64
230
147
160
30
126
46
103
45
231
195
237
63
192
27
88
228
161
200
184
153
52
191
36
228
211
0
231
251
60
209
39
165
251
197
233
27
114
249
192
249
247
252
123
214
251
114
250
198
230
38
233
191
236
3
82
158
136
20
58
204
249
231
120
242
226
38
251
227
47
136
228
47
146
227
250
251
179
228
228
198
49
224
250
158
242
228
139
3
247
200
231
198
10
77
185
194
57
231
189
189
231
249
187
247
211
184
200
240
250
238
49
162
242
38
136
104
156
46
228
31
169
135
223
158
150
224
211
210
152
238
145
72
169
41
251
251
195
239
8
233
222
5
237
251
240
26
5
224
200
193
216
57
233
156
228
180
43
189
138
146
2
48
114
226
250
20
4
91
119
185
118
200
186
21
183
249
250
43
182
237
250
249
169
251
199
199
241
242
232
223
228
87
159
200
241
8
246
222
183
130
25
136
16
228
74
163
250
136
247
250
229
231
227
183
183
240
245
241
126
230
237
196
230
121
30
136
210
121
251
244
245
228
192
249
1
113
161
196
231
232
228
177
195
24
21
0
83
12
237
34
200
193
250
247
160
17
169
158
12
246
163
47
208
186
162
118
156
229
232
230
150
224
223
131
203
173
34
20
217
5
29
157
78
231
228
245
241
156
2
229
229
227
156
237
217
164
58
162
126
50
227
228
227
189
239
251
200
250
231
250
231
241
229
25
228
250
228
193
250
185
221
160
138
122
250
131
126
196
231
227
159
134
246
208
237
6
250
168
226
109
76
16
48
247
237
245
12
159
200
154
149
6
162
24
231
81
182
62
242
37
234
24
153
171
151
162
252
162
184
229
199
184
210
218
188
251
237
40
185
195
245
136
210
193
251
122
228
10
156
211
250
231
196
4
251
245
155
228
228
27
237
242
59
64
252
200
241
58
231
20
189
211
136
128
249
242
230
130
214
185
252
187
31
149
229
196
235
199
249
195
2
142
201
44
101
241
249
36
193
239
249
240
93
231
179
159
198
190
118
223
200
5
156
227
163
247
230
214
237
190
171
31
217
160
0
229
171
247
199
32
200
20
158
249
8
39
228
250
242
158
228
114
199
146
241
222
79
237
159
245
193
233
208
163
247
197
230
162
241
200
57
109
136
164
223
150
233
231
150
163
245
228
27
239
251
142
233
203
240
250
156
119
228
211
44
251
2
231
229
245
39
236
159
39
250
142
184
176
217
252
245
195
214
198
249
232
25
98
228
82
238
237
46
252
134
118
140
199
195
232
185
223
230
231
200
44
87
139
145
223
198
249
126
59
212
153
118
58
121
241
214
149
250
251
163
138
198
228
228
158
19
190
247
215
58
142
19
62
119
221
197
213
231
51
228
21
229
154
34
185
32
188
1
252
237
247
249
165
249
119
119
242
99
247
107
159
198
150
217
239
57
189
238
195
237
206
231
252
183
245
231
130
247
236
250
188
59
114
199
164
228
