214
118
251
240
104
151
151
232
247
243
223
77
222
231
213
241
158
20
222
246
178
251
178
240
146
243
240
35
25
94
58
248
222
250
202
185
46
157
225
209
153
249
167
223
212
20
243
242
146
83
223
133
167
33
221
188
5
223
146
224
231
246
150
57
173
223
43
126
167
225
209
147
123
246
236
126
152
147
210
231
71
109
155
48
222
35
138
155
223
152
222
222
207
239
31
224
5
224
137
157
30
11
240
26
243
206
64
182
4
243
236
231
6
213
209
231
223
231
241
238
44
202
211
211
247
213
53
209
240
223
201
63
189
199
203
87
243
245
223
174
152
232
168
183
211
27
240
225
242
232
223
221
177
236
209
231
231
232
211
151
248
146
242
157
27
230
139
188
213
178
231
231
0
231
242
63
249
252
246
4
231
231
51
213
247
247
207
206
236
213
123
201
1
246
63
194
168
77
188
150
22
31
54
203
34
152
11
82
7
118
31
202
223
222
242
25
85
221
223
87
240
39
249
240
246
242
251
158
45
214
223
243
248
221
139
28
194
178
238
248
44
231
140
251
185
226
242
0
241
152
231
36
177
223
1
223
240
246
223
64
222
183
249
240
31
223
165
22
110
126
248
7
137
207
246
243
198
236
222
206
172
198
1
110
229
184
9
117
252
146
242
225
158
155
145
242
243
213
58
120
139
232
64
223
202
58
25
236
248
222
114
240
196
166
221
16
209
213
229
249
114
249
231
237
178
231
12
190
172
223
118
240
221
16
28
240
209
222
194
168
251
158
241
201
193
174
153
148
168
62
158
222
232
207
241
231
60
46
29
29
247
223
243
158
222
43
238
250
223
176
222
252
96
231
249
247
243
31
223
99
246
232
210
20
179
231
148
249
151
231
175
223
25
231
139
40
6
213
228
241
242
150
213
236
147
223
251
193
34
39
232
223
9
247
202
92
116
3
240
184
31
221
168
230
242
17
29
180
201
240
147
221
142
243
209
223
167
242
209
251
251
146
157
223
242
223
39
232
183
183
246
107
143
209
223
203
48
240
241
223
208
140
242
54
0
222
137
231
138
189
209
192
133
39
208
189
167
166
167
236
223
251
246
158
157
245
249
249
236
223
213
133
199
26
204
167
231
32
144
251
236
23
19
250
165
38
51
42
7
167
248
150
9
176
71
16
239
126
208
179
169
232
223
240
246
250
16
223
205
231
240
126
209
144
232
25
188
146
206
223
252
236
241
223
147
94
236
186
202
240
126
246
221
168
225
247
34
204
246
240
209
191
198
209
208
225
252
251
178
252
25
203
231
103
170
240
223
204
146
178
223
171
185
58
185
124
223
231
243
231
249
202
183
246
222
76
146
19
252
42
114
60
209
223
246
231
223
204
147
48
146
10
251
57
199
190
2
246
231
45
134
110
148
36
58
158
222
140
230
12
250
243
1
87
48
246
19
168
181
213
246
7
206
240
222
164
231
29
52
204
223
208
188
151
126
162
202
251
242
168
127
124
251
65
152
126
152
147
99
58
248
223
151
148
28
231
178
117
176
249
1
39
231
97
139
168
8
246
87
203
77
232
49
243
202
158
166
24
28
249
146
209
225
139
223
243
43
34
26
205
206
77
236
155
219
145
209
83
168
38
87
236
225
4
246
94
147
144
238
172
240
146
231
190
224
21
167
249
63
122
167
246
35
222
140
246
63
242
150
212
210
63
144
234
250
248
207
146
205
152
10
213
38
247
223
199
240
155
104
243
223
184
250
240
203
250
231
231
213
212
183
140
155
242
214
209
222
157
219
209
151
250
246
251
71
164
196
248
137
206
220
49
242
240
44
3
221
223
243
227
0
192
139
223
246
139
240
98
140
194
246
39
232
241
139
243
213
41
172
222
250
236
212
80
148
167
231
208
156
120
209
251
248
222
198
46
251
251
209
31
236
19
2
249
193
223
222
140
158
193
148
48
128
232
249
7
246
222
201
216
214
214
223
248
236
150
231
222
126
231
168
167
199
246
213
110
222
203
236
194
158
246
220
251
225
223
223
223
150
236
236
208
150
236
246
186
77
236
239
167
17
225
231
242
203
174
223
211
223
150
241
138
199
241
246
25
241
224
146
151
167
246
199
204
85
252
207
223
223
31
247
5
60
248
241
231
176
52
107
247
63
25
245
167
213
149
19
150
103
243
232
231
209
209
242
97
178
248
193
251
41
222
240
231
118
236
171
8
4
35
223
240
241
208
151
232
36
178
222
223
28
246
241
221
243
162
167
158
128
189
236
240
126
183
175
158
243
209
225
249
146
49
152
221
236
225
176
251
58
173
150
221
241
116
193
198
216
251
128
63
77
236
210
236
127
57
246
139
241
240
163
241
13
243
223
251
150
61
186
231
209
168
247
146
146
248
10
225
225
30
232
230
48
146
213
242
128
213
240
240
186
156
96
39
19
232
222
209
11
62
63
213
223
183
194
116
164
251
246
246
250
150
250
236
87
211
36
223
1
184
225
223
146
232
247
150
141
147
149
146
190
36
207
95
241
211
64
178
236
52
77
203
241
251
133
114
246
190
184
224
189
97
232
240
103
24
222
209
241
172
178
178
212
203
222
22
187
231
126
164
241
14
168
146
80
11
8
211
212
43
1
161
167
245
63
14
209
242
235
190
246
236
209
35
240
241
243
80
232
236
35
248
167
198
58
247
223
252
157
229
245
188
8
41
222
158
232
250
243
225
6
2
221
64
223
128
213
193
38
130
231
181
14
246
147
176
201
6
224
64
48
244
246
121
246
209
162
189
204
22
171
54
214
209
156
167
64
43
231
229
72
150
239
56
235
231
212
232
0
231
18
100
157
2
185
213
53
241
222
251
230
162
223
208
135
251
209
9
207
206
97
119
225
240
236
7
26
110
208
202
31
231
204
249
231
148
248
240
193
225
209
208
208
34
241
246
209
221
246
223
201
204
203
248
240
202
188
246
157
213
231
168
216
229
239
222
22
231
156
144
165
223
222
150
223
249
241
38
236
240
1
206
3
248
246
213
248
212
225
46
203
167
8
31
87
252
36
223
225
209
214
202
225
222
16
223
246
231
167
166
176
236
158
34
247
240
143
144
152
34
240
58
212
231
140
176
243
189
236
155
192
203
168
250
250
236
236
240
54
159
246
193
87
202
140
8
222
225
248
231
236
148
251
242
166
212
238
249
9
223
57
151
219
145
248
236
62
21
209
8
222
243
240
54
240
209
240
230
201
232
146
236
43
246
205
209
222
222
180
149
166
200
145
240
231
223
222
242
28
57
239
236
223
1
223
231
186
240
234
6
209
127
157
114
158
236
150
242
171
83
167
48
223
119
231
223
209
240
192
110
231
251
223
54
214
242
71
150
247
236
201
252
223
252
184
236
151
231
223
155
73
214
243
45
251
189
246
139
177
104
212
238
243
79
74
251
3
242
190
25
223
223
201
165
209
9
146
145
193
248
174
76
167
228
114
249
66
146
246
138
249
213
146
236
223
208
231
2
212
197
28
151
249
184
248
231
236
150
17
158
158
6
62
246
21
223
174
158
223
229
202
222
147
186
185
199
29
209
241
214
203
193
53
2
190
223
194
145
36
167
231
223
243
178
189
99
251
248
223
137
107
109
21
151
224
222
60
211
243
248
223
36
48
8
205
250
225
212
231
35
209
231
167
246
168
232
87
184
168
48
248
223
201
231
246
252
167
223
166
189
246
236
212
167
199
247
223
23
137
246
251
213
162
242
118
223
151
231
60
213
248
146
238
241
27
223
240
209
39
168
248
168
221
152
213
139
157
214
198
158
221
212
166
252
87
31
231
246
246
246
247
208
142
151
173
127
193
175
150
11
9
168
13
249
223
213
2
243
87
246
63
150
148
59
213
150
48
31
242
240
184
244
225
235
251
102
223
114
222
223
3
134
243
32
132
236
25
231
54
230
236
231
209
33
19
252
49
240
216
164
236
151
182
251
222
212
236
240
212
225
223
167
19
4
241
9
212
236
19
144
80
146
104
245
222
150
158
251
73
25
236
230
53
247
226
189
241
114
150
232
58
40
241
223
178
236
151
24
243
175
177
225
178
34
130
250
240
209
203
231
251
246
146
4
178
232
249
221
243
148
6
205
223
6
194
224
176
197
250
35
147
231
249
228
134
99
11
146
248
210
223
248
243
58
252
141
6
222
231
207
14
142
57
223
204
140
250
223
251
137
242
201
231
198
57
219
2
194
79
223
243
63
223
230
202
138
247
195
209
223
240
183
198
225
246
212
251
166
178
242
176
223
150
225
57
27
99
134
245
203
246
209
57
128
100
222
127
231
120
166
63
230
128
167
146
34
208
251
150
157
168
236
20
216
203
194
240
165
250
250
222
166
175
166
8
206
240
223
161
9
60
231
40
193
81
241
2
230
251
193
167
236
35
22
151
146
21
12
102
157
113
223
249
240
189
243
221
53
154
23
183
246
251
147
168
223
158
83
240
118
202
58
192
37
246
143
189
221
223
209
21
243
223
148
208
165
172
16
165
241
236
224
166
246
182
166
210
246
231
128
232
213
168
12
11
216
3
212
223
82
221
163
167
249
251
152
211
85
246
34
58
2
248
0
241
243
139
83
231
240
231
45
236
144
221
223
249
192
251
148
139
236
128
188
140
243
25
176
208
249
188
41
73
240
223
222
222
197
222
223
249
209
155
245
231
150
6
18
209
8
205
1
57
222
225
242
213
188
225
236
236
231
209
248
236
151
213
231
184
228
87
246
240
152
240
223
228
88
236
227
148
231
114
223
6
250
184
231
151
248
251
4
142
221
222
222
236
231
80
240
114
236
83
168
12
113
250
231
223
96
223
240
162
25
240
49
72
201
189
174
242
167
205
146
240
35
209
243
231
145
214
210
210
232
223
39
124
240
158
178
230
223
213
248
246
19
251
245
223
199
140
248
213
194
84
222
223
138
223
223
210
58
213
205
124
160
211
225
229
35
20
214
168
63
118
240
246
222
165
187
246
133
223
34
222
202
126
54
249
246
232
188
209
248
150
35
246
251
243
251
223
161
240
158
242
252
0
209
113
155
24
231
168
243
146
156
222
205
137
150
155
248
239
246
58
241
11
193
236
36
242
209
9
177
222
251
201
167
195
193
150
147
36
152
36
213
222
222
7
241
158
236
209
248
241
43
17
128
223
236
243
250
191
222
243
192
206
212
182
223
250
27
248
27
43
157
223
250
251
174
241
34
226
240
206
230
231
222
166
223
213
188
249
152
198
242
212
246
126
167
144
247
62
208
201
62
232
201
250
77
203
31
248
64
167
243
7
223
176
223
247
241
231
249
223
213
222
27
240
204
229
31
198
231
223
13
183
241
110
216
134
150
223
158
181
201
144
223
9
60
150
5
154
147
209
242
246
246
145
124
27
247
132
251
223
240
248
157
223
199
223
209
223
167
246
225
175
42
158
138
208
144
142
157
57
228
203
155
231
182
241
151
247
6
147
192
225
236
221
138
152
225
167
143
201
230
236
203
157
223
223
71
28
201
157
223
236
239
163
116
223
248
223
223
246
223
195
209
211
209
150
138
175
25
225
158
146
223
16
185
228
248
248
136
227
36
240
29
243
211
224
243
213
240
34
188
232
206
145
2
235
135
158
122
148
209
223
252
231
150
213
51
74
150
236
197
199
223
241
198
227
251
213
31
36
192
231
215
236
240
37
46
85
152
231
209
1
3
223
204
11
197
223
213
150
223
164
236
247
212
203
248
241
146
243
176
209
31
146
222
49
183
204
20
241
96
154
213
209
102
243
49
156
211
236
243
248
240
168
188
214
191
236
249
223
46
243
251
9
8
209
241
240
251
191
57
202
146
232
234
54
246
189
7
25
246
248
251
46
213
64
240
150
145
241
230
154
126
236
248
236
248
150
167
21
170
213
166
236
252
243
4
223
251
238
243
249
236
176
88
236
45
184
167
241
3
231
152
57
120
223
99
59
48
119
246
221
212
62
242
252
10
177
154
213
245
163
189
3
222
223
212
164
229
209
246
223
114
209
31
170
89
138
208
60
225
152
64
231
201
126
241
249
242
221
123
167
248
188
178
151
151
242
140
243
246
228
247
223
230
201
190
232
240
240
181
138
3
236
209
231
240
231
152
31
202
208
138
210
229
247
231
209
162
231
147
150
73
231
229
147
129
213
151
212
155
201
194
223
188
133
222
247
250
243
240
96
236
199
213
229
212
223
242
203
223
201
96
157
158
239
214
63
20
248
236
224
231
138
213
241
5
156
188
178
167
123
222
236
249
236
231
126
193
250
223
190
65
14
167
222
231
243
249
141
223
231
9
176
200
141
60
242
211
213
211
246
190
168
252
224
164
155
167
249
209
246
251
5
213
248
25
186
96
80
167
146
135
151
219
222
241
231
242
196
196
174
3
243
193
182
246
219
249
35
28
226
34
208
73
38
222
232
178
209
27
240
247
236
223
251
146
122
231
243
232
42
213
229
150
242
138
225
6
27
204
150
139
168
232
247
236
163
246
240
3
147
225
182
236
209
224
74
231
212
222
209
45
28
117
225
205
103
223
246
219
167
152
167
168
21
236
234
229
243
223
42
178
57
189
213
246
229
240
222
73
178
168
2
203
209
221
247
149
208
158
151
220
223
167
42
231
167
101
138
157
13
204
225
110
87
122
202
29
204
176
47
236
152
223
236
222
223
224
42
246
192
222
223
44
126
191
247
243
104
223
0
167
246
2
231
156
251
244
212
156
46
193
246
241
83
225
150
47
167
249
223
246
236
48
