127
245
173
250
248
240
79
213
252
194
248
19
249
239
179
25
250
250
122
227
159
224
245
94
188
242
181
160
141
224
37
227
20
234
102
204
186
225
227
214
38
111
8
148
161
31
224
150
195
177
233
71
242
227
240
227
109
226
229
218
248
248
241
245
189
250
177
241
191
22
60
247
225
142
173
163
245
4
155
234
74
27
44
234
223
132
241
206
1
222
204
178
224
42
226
246
83
95
57
248
250
4
222
178
250
164
252
239
17
179
183
6
122
245
187
64
211
249
202
30
221
160
137
103
8
135
227
57
158
236
251
99
198
229
48
222
118
245
26
32
243
227
135
8
194
240
153
29
1
251
237
203
248
226
154
227
251
85
252
147
223
221
216
20
212
198
147
137
243
213
110
251
77
77
249
246
152
204
218
250
141
213
234
215
194
215
224
248
223
194
193
224
27
201
9
210
39
234
181
134
209
1
119
147
60
183
164
154
28
15
234
182
118
43
163
192
227
123
215
213
236
216
87
229
234
188
49
211
217
248
223
20
208
173
224
221
160
57
45
202
210
241
5
234
218
60
224
244
155
165
155
252
173
222
234
224
216
3
109
241
241
202
146
223
219
236
152
192
241
43
230
241
234
234
153
36
217
224
203
242
247
227
31
236
222
173
245
154
224
174
249
194
241
203
32
165
223
166
226
205
204
12
243
161
245
34
227
226
246
10
179
226
245
150
246
34
243
210
246
226
242
220
197
215
243
217
36
154
242
208
195
147
35
137
155
223
210
131
224
251
45
54
16
185
160
221
140
223
212
241
48
227
223
242
96
227
192
242
137
227
20
92
192
227
78
39
252
246
221
221
220
227
251
221
226
151
248
176
1
243
234
137
155
203
58
236
214
122
217
234
210
137
215
172
242
178
234
216
174
227
235
227
143
231
103
171
222
166
34
7
211
34
57
241
73
220
180
154
34
205
204
248
246
251
114
198
145
169
234
64
204
247
227
242
235
248
6
0
222
147
20
243
234
241
240
64
29
60
103
243
222
247
21
217
227
227
241
227
247
218
197
198
71
248
215
194
251
235
210
195
181
188
250
242
47
118
119
234
234
252
222
142
227
117
163
213
241
27
183
245
241
241
250
234
249
12
245
226
241
235
206
227
166
196
159
128
193
221
48
215
234
159
152
194
210
222
250
179
211
27
227
104
241
168
188
170
202
248
227
225
131
173
189
225
224
217
194
232
62
3
211
241
241
197
5
251
218
213
234
236
43
103
235
218
223
165
173
51
179
221
224
96
7
137
192
236
246
201
222
93
224
137
147
210
58
227
241
136
224
227
245
85
241
221
243
72
243
172
164
31
210
251
224
227
248
80
173
245
245
38
203
19
251
96
235
133
96
198
72
242
131
114
198
227
46
87
211
250
247
58
5
234
234
227
250
217
222
57
107
227
87
1
223
154
8
123
121
224
43
234
224
129
27
217
214
224
52
227
244
210
211
135
62
27
240
54
234
71
9
226
177
25
224
209
141
140
247
223
161
227
221
250
26
217
194
241
213
239
159
122
188
246
248
210
17
245
221
96
234
241
245
234
147
34
247
213
223
221
235
252
183
251
210
181
233
137
250
237
137
216
234
24
248
227
37
155
210
241
241
103
250
74
57
214
241
210
246
199
21
126
1
57
241
208
194
251
3
251
220
249
234
245
232
46
77
108
248
224
252
241
38
241
224
172
216
32
27
248
116
31
224
221
57
210
28
234
210
234
241
245
110
251
27
137
22
110
245
223
35
224
72
236
250
64
241
227
230
252
169
195
155
251
165
181
151
224
242
57
183
173
19
218
147
227
242
113
131
204
135
219
166
222
5
225
249
169
73
251
118
245
247
241
247
241
147
63
199
221
224
31
203
15
137
38
179
246
227
249
210
215
246
241
246
224
222
61
118
215
246
220
247
249
224
224
226
54
249
243
193
210
246
227
44
212
138
188
46
224
132
122
242
157
27
234
172
223
242
229
226
137
199
231
170
7
39
216
215
79
57
224
189
189
210
234
166
63
241
242
227
181
194
223
53
204
224
4
199
147
213
227
148
211
227
137
66
227
249
203
220
136
252
188
239
246
248
215
246
223
227
220
99
224
204
221
183
236
179
134
164
147
64
226
223
212
246
224
244
29
96
95
227
216
242
251
247
223
212
250
172
222
212
88
246
166
45
184
174
59
250
227
236
7
231
173
210
251
26
220
154
211
157
7
252
233
24
227
205
194
227
192
45
222
241
223
189
224
36
251
193
154
221
246
188
183
241
97
29
103
201
225
217
247
200
136
227
234
72
203
251
189
67
199
248
64
152
241
227
224
71
222
61
192
60
171
241
222
146
147
245
217
166
241
242
223
250
119
197
99
246
195
224
246
249
234
227
177
207
232
222
227
19
2
221
135
157
236
234
161
147
31
148
155
19
245
249
126
234
31
224
250
236
96
234
250
183
204
174
113
234
243
120
165
166
249
173
234
208
53
246
226
197
246
98
248
243
223
189
203
189
248
251
218
154
57
225
245
225
236
137
153
236
170
209
200
114
173
233
163
170
64
227
170
160
195
198
224
216
24
39
250
191
227
220
137
224
234
243
172
137
243
1
223
251
246
243
214
160
218
231
210
147
241
218
194
169
58
98
46
3
199
224
168
65
227
191
217
225
218
20
161
186
156
137
227
234
142
22
170
251
132
117
252
241
15
152
227
249
95
243
39
180
252
251
53
250
162
241
173
227
249
212
38
181
64
245
244
38
242
62
250
52
129
110
198
46
223
137
188
248
62
247
43
221
213
224
49
242
222
236
235
224
247
223
234
179
125
158
47
77
160
147
221
249
215
29
167
243
235
173
250
137
30
180
220
236
211
100
203
178
249
137
188
227
147
31
22
97
129
206
204
227
137
199
190
222
155
246
178
142
234
24
166
224
187
213
249
167
225
221
48
210
234
16
150
248
186
155
29
211
232
185
180
251
43
25
26
96
40
16
26
17
137
11
212
191
57
23
224
247
137
47
250
242
109
164
243
92
219
31
164
247
249
26
234
247
250
91
31
57
126
251
7
234
224
1
224
224
197
195
242
223
138
137
162
227
20
252
155
212
240
102
236
195
66
160
8
181
164
233
227
64
220
208
188
61
148
173
222
48
213
73
137
118
194
82
252
223
241
139
16
250
33
250
244
46
22
157
28
191
234
210
241
62
224
233
197
47
1
27
220
227
4
182
2
246
234
245
249
234
204
227
34
241
241
42
71
232
140
57
250
224
240
194
49
248
66
243
251
223
227
33
71
165
82
237
118
241
136
232
220
227
228
224
179
221
8
198
208
221
63
247
164
221
71
203
206
165
147
20
203
5
227
142
199
113
159
243
249
24
183
221
218
205
224
107
154
227
35
216
140
210
203
220
213
249
248
145
165
227
1
249
4
241
72
246
34
155
12
20
243
173
191
234
27
227
91
214
222
252
203
234
251
227
179
197
247
49
241
236
87
241
249
224
210
8
116
234
114
227
216
167
85
236
227
24
250
234
217
48
223
121
0
221
32
227
215
147
241
211
197
247
249
114
221
211
142
246
227
210
159
181
232
227
161
249
243
0
210
234
224
127
193
137
19
224
234
234
147
196
224
250
101
232
5
241
234
248
35
147
160
74
26
126
197
234
227
193
84
236
203
96
227
227
2
241
215
242
250
6
38
252
46
53
210
67
242
194
245
222
250
241
203
74
245
88
227
248
223
203
1
147
246
164
193
234
126
224
167
130
69
250
7
224
147
203
222
6
164
243
154
144
224
224
136
193
94
227
162
12
208
63
161
192
221
119
223
223
250
250
234
241
1
223
21
31
224
147
198
223
236
187
204
210
239
234
180
147
204
224
184
154
179
216
236
144
181
227
251
179
186
32
227
183
164
211
220
203
29
162
8
137
7
22
16
20
252
216
168
16
1
51
223
163
198
118
42
236
34
147
212
236
181
225
195
49
180
120
16
203
103
220
247
212
250
62
212
129
56
216
177
114
199
11
224
234
248
227
224
20
173
13
34
163
204
227
197
4
241
234
203
1
221
216
221
204
247
158
99
241
247
228
211
220
200
222
27
54
252
118
204
224
242
246
38
249
227
210
22
250
16
217
102
241
223
179
248
191
179
226
247
137
181
227
161
170
147
244
247
171
247
227
17
248
245
234
6
179
210
241
213
228
36
216
220
247
246
179
29
3
221
222
96
232
103
38
245
250
251
190
137
19
211
244
5
234
245
216
136
158
71
137
2
74
36
87
204
46
223
4
241
227
58
251
235
250
250
188
221
234
12
222
187
234
36
227
57
224
246
242
234
250
166
224
28
223
248
56
213
239
210
169
7
212
8
211
221
243
218
147
220
246
218
194
242
155
241
49
222
250
220
51
234
19
235
220
137
224
226
45
24
213
252
34
249
227
236
234
106
157
2
252
60
26
242
114
34
193
221
17
196
212
224
170
171
221
250
159
252
177
234
179
154
224
218
218
219
25
221
234
204
119
192
241
222
173
102
247
215
234
247
246
48
34
199
246
220
223
222
174
248
228
236
188
58
234
179
127
223
232
54
146
96
204
177
241
251
142
104
236
247
234
233
65
29
177
223
250
147
248
4
242
74
241
198
88
223
172
154
220
49
178
215
247
96
34
51
49
126
195
241
213
250
227
224
154
179
220
217
214
242
38
227
130
241
199
250
116
194
213
159
249
44
221
222
37
177
46
166
32
246
220
224
137
8
227
250
247
179
113
245
198
198
9
227
227
4
42
155
234
181
223
154
184
52
223
234
198
232
224
247
152
224
223
235
247
193
137
247
164
246
222
215
246
246
250
155
53
1
137
147
247
224
251
248
29
103
241
226
224
189
210
158
220
21
85
137
147
192
227
221
252
242
248
147
3
155
227
183
171
241
1
227
250
227
247
147
248
242
227
154
169
234
244
224
136
220
248
252
146
173
245
248
209
209
126
39
103
221
57
6
220
223
189
213
20
244
113
53
46
181
220
37
46
42
235
118
163
245
58
129
155
2
48
193
251
44
140
20
62
58
154
225
147
213
248
232
223
165
213
195
224
206
250
6
25
173
246
181
87
234
227
215
224
223
224
47
223
27
196
212
3
174
246
210
151
220
234
203
244
217
248
215
198
162
206
178
222
242
245
252
207
216
224
161
3
54
223
241
30
226
9
2
58
121
195
241
97
10
248
247
243
234
251
126
215
241
227
57
227
208
234
203
236
195
224
134
203
250
186
33
138
213
137
247
234
220
96
251
160
227
225
239
147
143
195
27
218
222
250
212
130
151
31
223
5
198
4
212
248
246
193
250
118
192
234
213
236
165
227
248
79
43
221
171
210
179
210
20
210
63
234
223
236
196
247
154
234
232
252
166
234
8
199
222
239
174
208
227
140
224
235
154
250
27
149
181
223
252
214
251
38
166
43
218
203
173
194
243
172
195
20
11
224
247
245
249
109
224
246
215
247
210
248
179
224
249
227
223
246
102
234
236
230
227
154
251
234
222
250
241
224
127
57
93
164
8
164
49
8
72
193
78
35
114
166
96
227
20
204
203
121
173
248
29
185
250
147
222
46
197
227
6
250
203
170
247
29
220
234
177
6
224
60
222
155
209
248
203
204
241
140
129
135
177
177
157
131
241
126
246
221
116
173
168
137
223
241
118
241
217
31
246
226
222
172
9
162
221
193
20
160
202
169
242
33
182
224
220
223
224
35
221
173
56
194
218
181
227
194
221
227
224
250
198
166
223
147
194
246
25
77
154
186
18
232
240
249
121
154
251
251
152
199
247
64
244
213
251
234
217
154
222
233
210
221
87
245
248
131
164
128
1
196
39
51
250
227
247
224
166
160
77
247
227
218
210
183
35
170
211
224
242
226
42
141
230
224
128
202
232
91
197
241
236
248
196
203
245
234
78
30
208
220
121
147
170
189
234
54
63
244
227
126
241
137
236
220
81
99
201
183
212
246
234
121
204
221
234
223
57
152
172
224
63
155
211
211
164
29
32
166
217
250
227
78
210
163
43
10
248
251
15
168
159
204
204
246
234
57
249
221
33
251
155
227
251
164
151
41
241
251
12
223
126
215
166
227
129
53
208
225
8
222
248
250
43
32
236
194
202
246
13
250
250
236
227
104
87
241
234
234
212
172
212
137
126
72
211
126
247
234
140
248
203
250
126
195
24
39
178
114
250
246
215
252
162
49
137
108
227
2
74
191
137
16
42
216
212
250
212
174
21
234
38
224
113
242
221
250
250
172
198
252
236
248
158
197
227
250
221
234
224
242
243
160
231
198
175
227
229
2
211
234
192
31
246
186
224
118
177
211
39
223
95
216
248
248
213
235
248
58
248
160
203
241
250
216
234
63
227
113
29
114
249
210
96
250
250
147
252
209
217
250
169
241
16
46
164
202
177
53
25
242
247
240
25
8
221
221
22
1
251
77
251
212
213
5
210
147
247
210
224
234
208
251
228
235
165
225
147
48
212
159
244
16
42
205
154
251
174
116
53
246
29
224
158
207
227
227
46
227
216
145
234
97
204
221
223
213
245
251
241
250
131
147
91
203
140
199
63
207
60
227
62
220
143
82
232
227
178
5
131
195
251
251
137
210
173
171
213
250
223
53
16
227
188
207
251
227
74
251
245
193
252
215
245
29
191
232
234
88
166
161
25
4
216
7
146
3
177
221
247
251
246
210
236
80
192
251
154
241
249
224
147
141
221
234
235
165
38
137
1
49
29
34
46
223
143
203
210
47
224
48
141
216
227
139
227
227
198
