6
82
251
185
121
10
192
0
182
228
9
250
229
47
193
251
144
233
9
193
187
244
4
36
164
24
189
229
193
237
191
228
96
143
228
193
100
0
233
187
24
164
184
8
221
228
195
41
250
132
121
101
247
191
57
193
180
209
247
46
203
247
183
228
193
104
249
228
250
244
71
221
134
247
27
148
176
246
69
54
248
237
194
59
214
230
192
1
250
225
196
7
221
248
173
141
228
249
24
220
141
171
221
195
159
38
0
139
226
53
193
220
185
134
229
228
167
160
247
157
141
142
211
228
221
162
9
46
176
227
251
110
230
219
53
190
47
195
220
170
237
34
191
170
38
3
250
229
234
64
150
34
228
182
163
152
250
183
157
193
251
14
228
249
196
236
142
40
228
228
235
16
141
188
251
129
227
236
133
228
26
135
229
247
8
110
56
230
58
236
237
58
247
251
118
238
236
171
171
139
249
69
236
173
183
187
30
43
38
187
30
227
186
141
62
1
166
0
211
189
189
247
228
236
229
174
251
251
99
228
192
247
220
182
228
191
81
187
228
170
140
20
102
230
144
173
250
3
50
160
164
63
161
87
159
228
45
248
238
238
58
208
249
250
63
230
35
236
193
221
250
142
197
228
247
224
228
211
238
2
158
2
251
163
228
175
28
185
228
229
5
189
27
188
2
210
154
237
205
53
57
217
168
143
141
102
235
8
158
221
236
229
58
58
192
241
116
171
228
20
243
247
32
134
249
228
252
77
168
187
9
237
221
48
248
233
228
5
249
141
69
189
201
28
142
31
118
187
107
250
46
173
175
240
225
215
237
230
238
42
235
176
200
228
235
190
134
6
25
252
228
62
250
250
32
240
196
252
215
164
200
189
215
169
248
235
247
221
219
121
235
69
233
229
224
34
226
236
212
22
212
34
251
171
138
235
7
205
228
151
143
234
82
233
252
225
145
191
236
153
245
242
214
195
193
224
228
0
195
199
52
230
168
241
227
228
193
185
195
62
164
3
100
192
228
153
233
227
126
236
205
237
87
249
188
150
227
196
250
193
228
248
27
251
203
138
29
60
28
116
246
155
0
209
238
248
211
250
228
31
229
214
228
192
221
113
248
251
140
109
228
228
219
202
226
233
78
250
176
145
240
133
238
189
237
230
184
183
248
235
41
249
189
121
233
209
235
57
48
183
195
133
219
165
228
140
160
228
152
228
160
173
167
196
160
128
202
251
11
233
191
23
235
191
249
42
219
26
164
221
246
30
179
193
230
175
189
25
243
182
168
228
52
233
236
36
184
208
228
4
2
52
3
228
39
237
185
113
101
211
10
193
175
185
1
247
232
233
103
250
114
192
159
175
141
237
8
48
185
174
174
132
183
38
82
249
133
103
5
87
0
133
195
250
58
145
118
1
100
237
228
192
185
172
158
249
193
215
63
251
44
6
249
247
225
118
156
250
229
221
187
62
225
235
205
251
128
124
157
106
193
131
247
228
198
248
249
221
49
159
225
228
10
242
43
169
251
187
241
184
25
142
237
189
210
248
250
187
221
228
230
39
233
167
196
175
169
192
192
187
241
224
218
145
225
25
159
243
46
248
169
249
17
252
249
20
31
238
209
196
54
228
175
233
142
189
230
144
158
64
238
238
176
159
228
228
193
10
34
176
182
250
163
7
139
228
250
13
216
235
230
74
126
170
225
240
221
0
183
118
49
238
247
195
247
250
250
237
191
237
228
238
196
53
235
226
17
184
186
110
176
184
250
169
228
225
213
221
214
142
195
193
193
211
26
251
215
238
191
25
226
215
2
228
247
126
211
96
252
228
96
247
186
83
195
140
221
251
247
208
41
141
24
58
209
233
5
56
133
48
19
250
51
160
174
249
193
234
52
238
220
181
235
135
237
234
187
211
250
120
193
39
173
243
173
24
228
234
209
113
168
244
200
190
221
251
114
204
48
121
219
237
234
202
192
158
218
174
98
142
56
231
14
251
236
32
236
164
74
59
144
228
228
114
249
16
228
207
228
107
235
171
204
155
72
16
135
250
228
114
248
158
187
247
236
58
247
145
237
163
49
36
104
117
225
161
234
118
249
235
194
188
24
238
31
166
16
77
66
22
49
156
187
170
234
144
221
189
230
237
228
118
211
3
251
204
228
235
191
166
196
250
119
241
215
27
57
228
250
196
221
176
226
191
227
228
157
228
173
140
37
228
45
214
220
5
228
142
47
163
228
223
225
212
58
228
221
153
233
211
191
248
19
191
220
210
51
243
64
251
225
251
109
118
155
145
252
250
69
152
228
221
236
73
221
252
250
247
183
96
177
230
42
199
56
205
230
249
243
196
10
175
171
71
228
36
64
21
232
156
151
214
237
196
251
249
43
169
6
3
18
190
100
165
46
250
125
247
186
240
45
187
146
160
173
235
228
229
245
60
10
44
71
240
191
120
2
126
241
160
247
83
231
126
203
69
226
146
62
189
237
100
182
228
127
31
192
0
173
146
150
172
230
3
228
229
36
154
237
238
192
185
228
142
191
229
250
156
188
224
122
230
235
198
38
250
156
228
247
114
187
39
161
11
71
252
47
44
142
13
192
250
187
247
7
221
139
126
196
228
137
180
237
241
250
209
174
202
102
64
250
46
104
171
239
173
228
142
31
251
251
250
228
193
158
230
241
8
187
238
201
246
48
225
186
251
251
232
163
202
114
234
140
186
233
237
247
230
250
44
249
233
170
27
224
63
193
79
250
43
219
193
191
251
228
247
110
24
247
237
228
176
193
249
251
222
249
178
173
30
157
219
228
233
247
249
96
188
195
175
212
243
29
228
36
202
142
133
155
6
235
247
184
250
176
251
249
141
13
187
248
193
163
228
60
151
237
181
209
252
56
251
189
235
98
153
83
187
233
247
245
196
3
235
26
250
233
227
47
225
249
169
153
167
240
210
152
233
221
243
129
143
150
187
58
228
145
228
230
235
248
21
240
184
241
237
49
162
20
249
19
10
228
126
236
191
233
237
189
228
119
228
46
157
118
237
237
191
228
207
2
228
26
228
216
251
236
176
251
195
235
168
214
4
230
250
194
25
243
248
20
230
248
237
187
214
64
247
219
110
48
173
250
188
211
233
225
120
237
53
251
34
215
34
242
43
38
247
237
237
243
155
46
247
20
71
43
140
252
228
196
31
0
164
228
123
100
185
228
247
185
252
116
225
230
251
233
13
3
250
164
190
114
247
82
235
228
81
139
241
226
237
31
250
193
176
165
91
196
236
228
237
247
235
142
251
48
196
221
119
212
149
96
185
36
193
1
58
27
164
167
192
210
193
230
176
246
251
237
228
235
184
118
214
228
181
158
147
225
240
62
238
184
204
126
187
251
34
182
213
152
2
252
249
250
211
195
64
42
251
77
221
249
228
34
251
82
26
211
22
5
21
140
25
22
113
137
236
247
159
226
12
224
139
185
228
196
240
71
184
221
16
161
208
187
229
247
228
9
185
179
142
189
235
243
191
219
250
203
158
82
252
234
233
227
236
196
243
72
176
114
250
151
34
176
159
233
142
247
251
228
135
64
250
191
250
49
132
234
221
184
228
169
186
219
215
212
249
209
195
247
54
28
171
236
234
249
73
151
174
228
243
185
250
193
72
241
221
247
119
238
159
4
158
238
200
118
65
251
81
31
19
182
243
233
217
100
166
250
249
183
209
226
247
154
69
190
141
237
211
145
233
48
250
228
127
103
172
236
250
186
234
224
192
27
251
135
251
249
230
159
250
250
249
211
186
158
247
251
228
0
187
215
221
228
230
229
196
247
164
226
156
96
229
126
127
252
171
195
2
180
203
176
249
237
232
228
228
3
59
250
77
48
196
157
247
39
121
227
228
158
247
248
96
228
8
231
241
247
33
48
166
195
128
217
225
173
189
221
200
138
38
237
37
249
19
73
109
193
153
236
69
118
221
142
235
240
250
0
163
98
225
237
189
6
247
246
166
167
228
241
66
228
238
165
189
210
193
230
69
37
167
228
142
144
142
237
58
151
226
225
204
228
233
167
248
248
238
247
28
230
24
249
189
193
250
228
33
141
158
237
10
225
237
212
192
209
164
211
194
1
194
43
228
228
27
221
63
165
249
150
8
174
209
237
0
238
235
238
55
63
247
250
230
49
32
240
164
250
139
65
236
195
230
124
25
136
7
1
145
229
172
251
3
229
247
182
0
252
243
143
27
235
48
57
74
225
236
164
247
221
251
210
202
192
103
221
240
204
34
248
195
8
131
126
249
236
249
72
250
251
39
193
122
156
99
219
251
187
228
209
237
154
183
31
134
240
151
202
235
29
145
135
211
187
233
156
122
5
229
225
228
250
139
11
237
14
182
228
234
236
243
21
241
126
250
251
251
22
193
10
100
9
237
182
228
249
64
193
196
228
174
127
142
202
251
250
241
171
96
233
155
62
43
157
167
247
228
225
166
251
228
235
247
11
12
250
234
226
196
219
27
0
62
243
243
228
238
243
247
9
207
225
144
215
238
184
228
6
181
183
250
164
235
228
249
214
247
173
98
230
114
202
191
129
245
228
214
189
132
250
192
17
248
234
238
238
175
228
193
29
237
168
58
195
121
237
228
193
252
164
99
236
73
250
160
3
202
146
225
176
247
228
252
228
137
226
126
129
229
63
171
176
228
187
251
230
169
196
245
171
228
139
251
228
249
158
0
235
85
202
25
27
230
42
249
175
80
221
34
229
161
205
146
175
228
215
189
196
60
228
187
1
237
38
103
228
126
125
250
249
195
225
228
95
238
160
235
26
27
230
168
91
168
170
160
235
145
193
168
46
250
207
230
228
130
2
211
251
172
99
144
46
134
26
172
193
1
17
1
186
225
230
158
233
189
2
153
2
249
220
170
131
154
248
142
249
251
62
251
227
39
200
159
24
219
159
252
194
247
147
215
225
195
65
143
13
243
36
185
207
249
235
157
54
187
168
250
32
228
212
248
209
211
228
210
247
180
97
123
189
221
211
195
128
167
225
235
32
122
228
243
37
77
158
144
211
230
32
221
114
73
230
248
228
165
166
221
147
10
251
251
229
247
155
247
241
236
249
159
248
214
183
154
245
196
36
228
250
236
57
247
64
242
152
238
24
145
119
62
100
215
48
154
47
250
229
142
251
174
135
139
153
248
185
109
237
231
32
121
84
240
229
214
159
211
25
7
230
94
155
237
27
247
29
158
221
170
236
226
211
159
250
229
173
235
242
118
174
185
147
175
173
228
228
240
238
142
228
249
158
25
193
175
142
242
234
12
240
220
187
221
176
215
2
3
114
52
184
249
234
228
183
193
165
131
247
228
29
176
237
44
130
247
186
142
179
228
138
238
233
189
187
28
249
175
249
187
228
236
119
228
235
134
249
145
32
120
185
172
11
194
184
230
36
196
223
250
249
129
182
77
221
221
4
249
160
233
249
235
144
250
6
96
250
238
181
43
155
228
126
220
247
25
250
252
143
211
187
164
107
233
27
136
249
195
230
145
224
238
146
197
113
170
236
233
195
247
144
232
187
216
249
192
183
247
235
251
249
228
158
3
159
196
198
237
172
43
221
235
96
249
247
28
228
171
161
250
81
39
205
148
175
247
176
248
235
31
240
170
142
65
167
225
63
172
243
43
9
251
154
141
187
251
221
236
228
17
247
117
15
213
236
184
134
22
122
247
189
235
114
176
109
82
247
31
229
220
232
225
244
247
235
193
219
156
228
8
192
247
247
119
175
248
37
161
205
238
228
8
227
223
238
20
189
172
130
247
252
221
236
40
241
238
221
194
143
241
20
22
200
167
193
114
229
241
236
187
0
173
49
195
231
160
221
243
209
165
192
181
221
248
17
174
8
249
8
236
147
46
247
0
251
248
251
71
146
219
174
227
53
165
143
228
228
22
225
3
187
228
181
196
221
59
241
159
202
136
23
240
237
247
231
157
251
221
238
133
124
141
252
232
226
241
235
193
240
238
228
182
228
119
59
114
238
228
249
235
31
152
12
233
221
135
120
168
228
186
102
138
44
247
196
65
225
165
249
142
0
251
29
19
221
95
188
5
73
184
240
230
22
209
229
239
10
0
193
215
196
124
236
134
193
240
232
83
249
27
236
88
225
48
187
92
161
248
234
228
3
240
236
230
121
55
250
158
6
235
179
140
164
225
17
249
185
31
242
120
155
229
247
221
49
126
176
194
173
175
141
195
147
211
218
251
251
235
25
238
30
211
243
149
237
79
251
26
108
54
0
219
21
143
187
22
33
27
85
228
168
185
186
170
238
175
114
24
247
234
235
126
126
110
251
250
228
25
58
241
241
172
31
142
235
247
157
241
252
251
250
58
113
237
133
213
228
247
30
165
237
46
214
250
126
204
189
247
249
88
188
249
252
211
164
219
187
64
114
176
229
238
145
10
110
141
220
196
31
221
193
250
121
251
250
8
217
211
221
96
235
4
142
31
229
228
106
155
250
227
180
155
153
71
114
228
133
250
168
10
228
80
233
192
145
228
237
225
95
44
99
251
250
151
192
156
226
230
247
98
209
185
137
226
173
234
249
228
189
246
246
156
162
153
156
3
241
187
25
251
144
220
191
243
217
250
228
231
47
145
251
211
250
249
186
118
208
204
241
204
44
142
17
139
74
168
249
228
173
142
144
141
236
228
173
71
248
156
36
18
220
225
141
238
250
73
237
7
248
248
229
251
236
77
137
139
250
251
250
250
228
228
63
240
160
3
241
58
85
164
118
146
249
187
22
43
215
250
159
228
196
164
