102
192
178
165
248
181
250
190
184
246
224
6
233
224
227
250
229
233
249
225
25
224
247
29
222
155
148
223
185
223
64
178
32
10
250
215
117
142
234
118
4
196
198
217
189
136
250
251
234
234
195
119
223
246
188
171
174
240
135
233
117
247
33
187
210
251
162
233
249
204
158
247
224
251
233
182
214
249
139
237
8
61
233
250
176
28
250
126
250
139
215
244
240
31
186
193
249
239
140
119
246
80
154
11
47
175
196
252
224
247
26
191
63
11
143
205
11
192
130
233
245
49
250
227
151
34
20
251
193
227
222
207
251
47
194
4
251
196
110
215
249
250
8
63
229
222
245
87
84
224
252
122
108
37
251
243
214
226
152
136
190
244
196
215
228
246
154
194
63
250
227
130
14
181
234
168
193
142
49
174
174
49
145
20
24
234
167
237
198
2
24
219
126
229
216
233
190
186
214
188
140
62
224
169
214
247
10
223
244
245
142
250
222
156
244
239
251
6
177
248
229
119
233
93
179
244
6
244
174
234
175
66
239
214
233
181
53
162
96
251
177
95
247
238
229
223
193
244
244
157
195
252
250
198
251
178
240
22
249
185
79
175
144
237
245
244
139
245
252
219
216
99
237
158
147
17
144
250
63
178
249
29
72
178
129
74
240
192
193
249
158
239
10
170
31
234
239
190
43
177
229
224
182
248
130
141
145
196
31
244
116
225
225
1
249
62
238
224
139
233
198
251
233
164
183
251
160
222
244
251
228
177
233
229
158
176
190
239
239
194
196
37
224
224
83
126
31
223
190
123
3
5
35
229
250
252
245
246
102
237
229
223
189
192
85
136
53
130
25
26
224
175
240
145
233
240
25
234
27
47
166
96
223
240
167
240
83
198
57
119
3
186
213
227
146
228
122
8
173
240
244
48
190
34
209
95
224
102
249
159
237
227
16
56
214
179
227
0
52
184
59
158
250
214
218
190
249
224
145
118
31
87
240
19
162
222
233
252
126
245
233
251
250
244
224
145
234
224
144
172
2
233
64
247
250
213
83
138
239
219
224
229
250
162
240
198
57
236
193
224
248
69
247
134
118
247
145
29
245
233
239
224
177
244
246
44
245
72
1
223
175
74
223
82
250
175
185
183
182
198
250
37
149
223
3
248
249
251
122
249
251
43
228
245
240
222
60
248
158
250
39
24
63
249
154
67
227
198
159
238
88
96
183
165
248
250
51
156
95
198
237
234
224
240
25
64
251
249
16
191
245
224
237
250
42
1
149
249
233
96
247
183
224
143
224
162
234
190
250
240
25
190
244
231
250
247
229
111
229
175
228
233
214
154
176
138
7
137
238
198
190
240
175
224
240
233
143
234
45
29
62
222
194
177
21
250
244
205
29
177
233
87
103
229
248
159
173
87
194
237
194
232
246
242
65
224
144
249
194
249
209
247
69
142
239
45
229
228
118
233
184
24
237
217
175
246
237
17
213
198
247
189
232
17
127
27
166
245
196
250
250
238
245
181
252
245
251
91
190
31
164
227
162
51
114
126
223
53
53
224
25
41
187
117
49
79
224
238
107
28
217
198
157
44
252
245
186
244
78
224
217
243
233
224
122
87
28
220
45
246
250
219
24
144
240
242
224
148
239
159
237
244
250
6
241
196
193
250
171
194
219
193
25
185
57
239
244
222
229
240
157
228
237
58
224
145
244
198
183
157
240
234
3
175
232
178
218
144
216
224
245
251
222
250
224
157
198
84
240
246
23
25
222
138
126
127
228
58
224
145
175
224
53
196
181
240
224
26
162
233
219
238
245
95
225
191
197
247
34
229
240
230
24
131
139
166
137
178
4
175
249
190
251
8
231
224
151
21
193
247
195
238
245
147
0
143
224
224
178
128
137
239
240
178
249
247
224
251
34
144
185
185
173
240
247
232
245
237
178
224
247
250
182
233
183
153
155
224
48
54
25
193
85
91
190
214
178
131
252
249
190
194
229
119
190
80
197
132
187
190
92
240
114
85
245
238
166
21
191
224
178
215
248
213
222
250
240
244
237
140
194
252
224
34
46
229
129
246
240
79
195
181
244
122
24
161
198
244
88
238
240
58
199
203
139
60
224
225
174
246
144
118
22
155
244
142
128
251
250
229
229
224
193
28
153
27
250
231
243
145
21
227
193
172
64
224
193
177
26
192
113
38
249
149
27
223
169
32
233
85
58
167
192
251
240
63
196
249
77
172
234
190
1
213
244
162
187
160
223
249
182
250
249
198
140
250
224
1
224
121
186
250
251
1
221
249
193
219
198
246
154
198
34
242
224
175
38
250
250
200
172
29
190
19
193
210
248
238
195
237
55
124
238
244
223
245
238
23
151
240
227
198
110
195
252
189
228
244
27
125
240
139
175
28
224
189
209
251
251
38
229
117
175
16
222
78
240
72
172
142
215
239
32
189
223
250
119
155
82
178
237
225
224
244
240
188
152
224
64
215
240
140
4
142
6
198
195
224
57
228
176
193
33
250
240
174
12
190
62
223
139
240
240
79
96
183
240
251
119
247
234
247
209
249
233
138
240
193
20
250
27
149
198
192
175
240
12
60
229
240
249
244
240
167
232
237
46
100
244
61
242
160
229
244
1
225
247
247
197
56
51
246
140
88
251
177
48
141
205
244
182
200
193
127
249
32
51
240
85
247
175
224
166
3
171
177
237
249
227
190
122
219
138
143
26
110
2
244
193
187
149
237
168
251
244
145
209
136
250
223
228
237
190
217
118
189
237
60
198
214
234
245
238
161
156
42
175
244
210
236
198
181
251
224
103
215
178
252
175
244
142
198
8
226
194
238
244
12
139
11
247
175
217
249
239
144
235
33
144
6
214
195
247
104
185
121
154
240
123
145
104
247
56
194
175
18
196
224
176
226
224
175
251
247
251
143
31
27
237
244
29
251
223
155
234
247
245
192
195
146
190
244
245
229
244
19
224
244
155
113
240
13
224
248
178
145
237
45
160
138
224
73
236
193
193
131
241
139
228
250
186
81
46
196
176
229
182
195
159
250
132
246
193
224
195
13
224
52
249
188
186
237
240
227
247
161
213
190
116
122
8
110
228
222
224
173
233
3
162
252
102
148
194
245
87
222
224
219
237
83
126
224
100
118
23
98
58
118
127
246
49
215
49
35
219
139
167
191
144
237
224
237
175
214
194
244
243
210
219
239
48
31
157
224
176
245
251
62
71
194
239
237
240
213
246
233
224
168
126
139
137
143
120
49
223
224
219
82
243
252
244
214
224
224
188
114
224
244
244
225
237
22
240
223
223
234
250
224
128
231
102
0
186
144
237
176
250
251
133
163
182
209
244
224
181
87
140
251
64
63
247
223
207
176
148
186
251
249
232
250
87
233
249
188
21
82
142
224
251
178
0
21
184
221
217
190
133
214
239
94
237
190
250
234
214
246
250
233
229
244
195
233
195
224
184
126
158
27
249
239
128
249
227
188
234
247
57
195
223
244
55
171
116
222
215
244
228
178
250
236
248
224
44
205
178
121
146
251
58
240
147
244
141
158
4
138
20
173
244
251
239
238
8
2
4
177
1
223
224
229
224
252
13
56
244
223
218
20
132
119
34
224
44
224
18
42
216
244
251
196
250
247
247
229
246
121
50
216
246
244
237
247
173
123
57
237
219
229
227
33
48
102
224
240
244
215
141
77
62
250
224
110
64
231
153
5
64
224
195
224
2
244
244
84
227
137
175
244
237
222
239
250
126
250
244
38
250
249
143
217
122
126
227
174
172
122
245
157
181
237
154
249
185
249
184
41
155
245
154
24
218
45
244
148
194
237
4
194
224
166
184
215
177
118
246
251
114
128
237
249
4
119
215
198
244
214
104
77
222
43
229
250
190
85
25
224
250
144
185
250
77
240
250
233
233
227
247
152
240
209
244
201
244
237
252
10
241
118
224
198
138
16
137
249
217
196
155
167
185
122
189
24
213
78
239
190
187
191
194
224
133
7
139
250
38
196
87
210
238
244
138
95
1
190
244
222
244
35
138
242
240
251
11
178
252
4
10
101
120
229
213
95
245
142
188
190
185
227
246
233
108
245
130
240
137
224
245
85
119
114
219
114
247
227
95
228
186
217
85
85
224
62
250
224
217
118
241
233
184
101
21
170
240
13
176
223
15
219
185
243
81
45
146
144
214
8
251
223
216
222
144
2
15
176
224
172
240
250
198
31
222
146
149
245
110
232
250
250
219
158
240
113
244
95
71
193
218
48
243
249
156
176
239
16
250
251
244
135
167
34
138
0
144
158
33
190
216
142
249
233
181
179
247
227
157
182
20
90
185
155
223
228
247
178
153
26
240
224
30
246
233
224
198
252
250
240
73
188
159
224
224
224
184
171
223
9
245
111
237
190
224
237
19
184
219
162
233
141
155
148
198
249
232
240
26
233
214
244
234
236
224
238
166
234
214
237
24
196
215
247
202
213
213
244
229
200
7
244
250
194
20
189
3
126
102
252
7
190
66
128
193
175
244
214
143
198
179
126
186
243
194
222
240
195
142
224
34
246
252
118
248
244
88
142
223
229
156
198
11
59
217
229
229
229
199
200
108
114
185
140
244
224
239
178
173
195
15
186
233
27
246
159
224
194
250
224
182
240
83
183
13
223
251
186
21
250
252
226
192
244
119
165
149
229
34
64
224
244
192
0
132
91
194
243
194
47
223
227
251
196
229
142
186
222
252
58
245
250
34
233
82
224
217
36
177
237
2
122
91
140
142
131
194
49
171
139
164
247
126
240
146
186
29
0
168
237
226
224
11
244
240
251
77
33
128
121
21
198
7
227
190
238
183
252
237
95
249
237
237
189
26
188
222
195
244
214
250
233
145
227
190
234
246
234
246
156
170
137
190
88
237
233
240
240
250
247
54
47
11
251
98
250
19
98
250
240
162
227
185
145
189
247
158
190
250
154
195
248
13
218
145
1
239
213
243
53
244
172
181
250
251
156
31
246
228
40
251
227
246
52
191
214
10
107
224
249
227
224
50
218
140
244
224
139
69
233
240
250
130
175
245
200
158
82
188
96
233
244
237
75
244
27
214
49
175
39
164
231
251
244
224
188
118
4
218
250
119
219
158
130
248
237
154
39
169
65
237
39
31
196
72
176
173
194
224
24
241
245
87
9
95
224
237
185
224
198
244
187
223
237
154
177
158
225
161
188
244
250
187
20
210
4
131
224
33
162
110
195
155
25
137
215
250
247
171
102
217
227
26
247
243
46
245
243
22
22
39
96
44
218
243
142
141
6
2
233
236
247
247
5
248
251
227
57
233
240
167
224
189
118
128
233
250
161
25
229
185
49
136
250
215
156
224
247
244
42
74
203
139
227
161
122
188
219
224
95
250
250
185
240
161
34
187
145
47
33
251
121
222
83
214
20
145
245
224
63
169
238
95
233
237
233
195
229
80
88
35
10
247
197
240
233
217
58
250
175
233
237
239
136
196
188
174
52
47
229
29
198
132
236
196
177
176
61
225
145
251
251
54
233
246
183
238
217
157
185
244
198
25
196
250
186
88
193
250
229
195
24
145
181
213
213
58
136
244
88
42
74
155
54
126
161
216
36
251
226
237
9
222
229
194
228
195
55
137
249
117
233
250
126
240
239
193
114
4
237
132
234
233
167
187
126
154
144
29
87
237
199
218
94
245
140
216
104
192
117
250
17
252
244
213
193
85
218
246
218
239
64
237
137
217
183
240
249
137
149
24
198
27
251
62
158
194
196
148
237
87
237
192
193
141
182
155
244
182
143
4
188
109
251
20
59
245
186
76
43
228
135
244
252
219
244
49
51
191
224
175
251
189
190
213
119
223
250
219
222
250
25
100
216
234
224
173
163
219
133
23
155
4
237
166
178
237
158
194
190
139
78
248
58
147
16
189
176
171
109
14
143
65
25
244
195
251
250
104
224
244
191
205
114
193
178
203
48
194
139
245
31
64
218
222
196
57
251
248
238
247
240
223
250
223
41
252
24
144
251
214
213
250
244
244
231
233
246
57
248
232
238
250
213
224
53
237
224
141
214
241
249
193
145
240
217
240
195
178
34
29
234
214
179
39
246
114
85
189
233
187
222
8
49
225
62
189
239
195
218
83
224
245
128
21
223
227
170
181
26
195
113
198
147
137
206
95
229
56
138
198
229
198
249
193
251
19
193
146
244
179
162
145
196
114
229
43
192
51
13
42
205
11
130
226
159
189
1
244
251
249
244
198
146
11
126
198
123
249
99
207
249
248
249
159
31
233
224
31
122
12
198
173
102
234
250
244
190
246
187
222
234
224
69
196
190
208
160
245
33
237
237
153
195
245
144
50
157
131
244
193
173
250
167
121
214
118
62
178
178
145
247
237
118
186
246
169
223
248
227
240
20
36
197
59
224
223
193
251
161
182
65
175
121
227
49
244
193
247
240
166
239
251
24
78
232
63
219
179
246
138
16
247
139
224
185
250
6
244
141
29
16
244
247
128
82
188
224
249
193
171
198
236
239
78
251
129
18
58
214
224
116
192
240
224
249
25
241
209
233
136
224
194
178
224
184
110
250
224
35
240
178
162
161
49
176
224
221
234
248
237
224
214
71
18
250
246
223
9
162
155
160
251
224
224
250
173
172
208
251
198
193
234
27
130
185
244
243
121
171
233
126
152
217
248
114
250
239
215
42
223
218
225
192
181
214
139
173
48
248
247
224
8
186
171
57
240
229
17
224
247
252
178
58
190
240
250
176
121
104
247
145
145
214
224
240
95
195
140
117
139
168
224
63
