204
195
225
243
200
208
198
247
244
205
119
240
35
223
62
233
6
199
204
139
217
250
159
149
161
126
242
240
184
74
244
217
217
122
250
166
56
209
224
206
46
138
248
210
252
60
248
152
214
217
202
121
194
217
2
246
204
247
25
166
4
244
243
21
46
214
76
218
251
251
180
240
44
223
231
178
215
154
114
235
189
166
83
150
241
214
239
66
185
130
223
214
251
197
80
161
225
246
239
251
117
21
208
248
156
199
60
199
225
114
185
218
195
52
180
239
215
247
215
120
251
241
241
251
242
191
175
249
248
251
226
242
246
207
206
59
241
223
49
204
117
159
209
246
223
249
201
178
161
56
204
8
178
137
173
218
204
203
206
251
251
166
241
216
226
8
204
246
206
163
131
197
58
243
170
4
241
241
218
166
206
205
239
33
166
241
36
0
248
241
126
249
247
137
248
248
165
20
116
251
44
199
206
209
209
218
217
239
156
50
134
252
245
244
251
239
248
241
241
241
208
208
200
161
129
199
187
118
246
242
116
166
83
184
204
241
248
2
96
240
178
175
243
243
78
209
194
192
246
18
42
251
204
165
233
209
8
137
251
241
168
195
144
191
193
3
163
241
127
181
9
54
237
198
202
49
218
151
244
248
227
42
88
247
232
241
40
214
165
132
251
217
180
36
180
217
212
116
31
9
206
234
28
246
240
243
24
120
248
244
46
246
250
98
184
34
130
136
225
231
249
225
64
242
29
31
57
83
104
81
6
202
166
242
241
225
126
155
58
95
202
136
250
83
223
200
249
119
4
225
19
82
244
118
201
165
247
248
216
232
202
196
58
241
184
159
179
64
215
169
246
251
6
217
204
248
249
209
138
223
152
166
166
196
238
126
185
27
241
244
250
177
205
241
248
178
196
248
225
152
216
188
19
179
139
63
248
139
139
21
226
251
224
117
150
251
58
6
116
199
251
135
225
217
209
173
194
33
168
161
240
251
247
244
160
217
125
220
9
248
226
150
246
66
193
241
205
95
232
131
241
51
95
160
178
5
185
225
200
189
197
43
246
34
192
220
26
246
154
251
241
176
29
156
204
251
245
218
59
64
173
60
3
251
159
190
157
7
124
238
209
148
177
149
225
244
10
226
9
119
166
209
245
135
209
58
85
31
27
244
205
246
52
247
247
194
217
252
209
22
217
241
208
251
166
201
197
135
197
246
57
31
82
199
245
247
63
185
114
217
58
138
209
120
164
223
241
9
118
0
159
110
24
205
251
166
248
244
220
199
251
240
31
223
119
250
214
157
39
217
223
249
238
22
152
227
97
244
25
224
58
180
80
251
222
197
138
217
206
188
181
6
110
114
201
197
180
249
150
164
181
206
45
108
252
243
149
241
34
227
249
217
5
167
181
57
185
241
104
19
159
247
96
91
248
95
241
251
190
242
28
220
159
154
251
215
126
11
81
243
206
24
215
246
138
241
243
226
251
248
241
241
177
241
206
123
1
152
220
243
136
169
206
220
166
241
250
195
240
99
159
218
249
248
166
201
103
75
48
73
226
138
242
119
29
246
185
116
119
209
248
202
58
166
217
189
39
230
202
180
80
194
239
43
195
156
223
22
248
30
193
11
224
44
201
233
36
225
100
165
245
204
223
87
240
194
223
17
246
244
2
218
137
243
57
239
200
0
225
172
58
241
139
25
245
243
42
248
217
238
138
209
189
245
158
218
252
9
251
96
250
64
217
218
139
241
218
197
251
240
199
140
251
216
220
239
78
63
226
248
251
178
197
204
240
227
1
248
222
197
121
158
241
206
233
233
158
247
197
244
217
243
29
239
204
217
249
153
144
36
49
248
214
22
249
46
73
238
210
206
195
223
188
160
217
154
159
252
243
249
250
179
189
66
2
206
210
160
240
241
138
25
250
118
227
154
217
126
248
252
197
29
147
194
243
227
193
199
241
165
241
245
17
240
160
217
184
35
212
241
208
241
248
222
241
155
158
241
217
223
201
185
184
194
108
225
249
251
202
200
200
241
51
209
163
245
96
243
161
251
137
95
241
189
62
185
133
247
160
43
205
245
35
248
125
199
145
242
121
245
248
195
159
217
246
217
247
204
223
178
126
241
2
246
164
241
186
154
57
220
186
103
217
157
34
215
29
201
227
203
202
48
251
179
178
205
159
58
204
204
206
8
5
248
195
241
156
201
122
197
167
96
135
28
42
198
241
71
132
229
202
201
196
135
172
202
241
225
217
202
166
156
139
202
248
34
241
31
132
248
209
127
248
218
135
157
152
152
57
200
113
186
244
247
248
215
206
204
46
171
191
186
42
0
224
192
233
206
164
223
45
121
124
132
217
216
247
167
107
118
154
32
217
39
202
241
223
139
113
215
13
9
251
240
241
235
28
196
223
29
35
238
165
235
108
161
49
241
226
209
248
241
247
57
103
62
45
166
161
110
172
239
2
40
184
248
71
244
241
26
158
54
152
58
62
202
232
185
60
204
155
135
161
180
248
166
24
20
224
81
199
248
226
75
249
15
160
251
206
186
84
137
250
209
4
245
6
34
205
252
248
76
36
121
154
157
214
193
251
249
140
245
36
202
131
200
43
166
12
204
247
225
247
12
34
218
201
218
217
35
177
96
4
237
127
249
206
74
241
138
251
245
243
121
208
160
217
118
225
33
137
58
241
22
172
150
13
25
124
163
108
0
217
134
208
124
245
214
166
241
239
206
142
34
217
63
139
208
248
21
204
245
216
223
202
126
137
241
216
69
29
154
242
51
227
186
132
241
139
74
110
233
107
52
215
140
238
170
202
139
153
173
251
205
241
164
107
139
137
225
20
43
178
4
194
11
85
100
159
145
233
19
195
95
202
11
53
217
132
243
243
138
233
246
132
151
251
121
251
126
180
53
242
218
217
238
64
247
215
0
55
251
209
241
160
243
91
216
157
196
9
182
243
221
248
223
241
247
25
99
251
57
24
83
124
166
169
205
5
241
44
225
101
139
245
248
217
42
201
99
251
212
124
77
245
132
206
8
209
234
210
217
127
126
175
185
17
35
5
225
99
251
164
218
200
209
20
199
197
48
209
199
156
62
209
83
200
217
248
200
226
108
197
244
233
234
241
8
248
248
4
251
12
244
200
139
196
247
139
232
218
251
83
241
19
202
204
200
182
246
46
6
217
9
227
194
195
249
209
247
246
121
17
194
245
239
251
77
156
3
204
251
169
153
241
180
160
204
248
139
136
96
31
251
248
206
109
246
218
32
252
98
166
155
69
248
79
241
130
213
157
196
152
247
166
98
138
217
248
204
166
181
224
160
25
195
247
165
193
218
19
251
248
70
199
14
46
218
244
246
223
193
151
140
245
71
251
35
250
209
241
223
251
204
244
197
194
249
204
216
249
138
245
225
35
241
127
163
64
39
200
130
186
220
139
195
243
42
209
241
200
184
157
156
225
241
39
58
200
200
96
62
248
8
45
163
129
29
95
189
88
239
5
54
248
239
181
210
197
216
248
194
156
225
251
63
226
241
109
199
241
241
193
225
118
240
217
22
220
118
137
34
241
238
1
193
247
135
201
194
235
131
251
44
241
167
234
81
57
202
249
169
200
244
241
189
5
225
134
46
234
206
60
223
101
241
199
180
110
244
200
22
104
56
181
200
204
130
184
122
225
232
202
223
157
62
9
58
206
243
245
157
249
226
244
58
58
241
126
224
205
1
225
209
242
69
245
248
247
80
26
158
223
198
48
53
249
3
4
181
245
90
156
138
241
243
242
250
241
205
245
202
201
251
247
195
209
0
248
94
246
239
165
172
233
27
160
3
8
223
24
248
206
136
225
194
178
215
241
61
252
96
243
245
241
208
46
99
29
72
28
247
139
248
63
165
223
155
251
2
221
242
250
246
200
175
217
44
240
118
240
218
215
161
155
154
247
199
246
246
227
218
38
4
249
207
160
164
208
83
217
139
128
195
200
57
172
243
243
166
130
224
209
249
158
8
197
202
209
164
251
159
200
217
241
218
166
249
96
248
73
248
246
245
242
198
217
241
117
208
57
241
194
239
184
205
90
126
223
244
1
223
85
241
130
246
204
118
31
159
217
22
121
209
219
74
251
204
81
165
201
222
202
241
195
217
32
235
186
135
27
60
142
247
217
145
118
241
171
153
208
12
248
206
247
243
193
206
133
204
214
109
241
84
233
155
99
13
242
248
251
166
246
138
226
182
225
148
217
0
241
205
194
150
202
208
225
103
11
41
217
197
214
167
126
162
135
193
46
206
64
223
99
198
49
224
198
49
36
168
251
224
248
62
238
27
200
0
206
200
232
225
136
247
180
198
139
250
243
72
16
225
165
58
156
245
108
197
194
208
123
251
139
110
127
242
240
184
165
191
193
223
247
184
225
217
248
164
246
181
81
218
249
202
250
165
185
178
1
246
1
33
21
119
209
239
233
243
243
5
244
17
85
161
16
209
131
99
137
186
201
173
218
133
248
100
138
241
24
126
135
241
185
244
245
246
223
206
193
248
139
34
160
118
209
131
217
71
241
73
143
164
164
208
25
250
224
250
25
217
146
246
199
200
195
193
202
118
241
134
223
137
194
29
251
240
1
224
194
49
118
71
73
96
133
63
245
217
241
165
240
217
192
33
251
243
173
209
63
223
177
189
60
225
168
227
54
178
122
244
218
200
224
241
148
24
114
108
217
244
248
61
158
226
217
213
249
161
241
223
199
137
155
181
34
46
58
202
247
217
251
204
150
225
91
242
225
12
224
217
138
235
245
234
241
103
1
217
209
239
114
240
240
166
217
183
225
166
201
240
28
177
241
245
217
241
241
145
248
241
243
96
215
73
178
248
185
251
209
245
227
217
161
207
197
223
240
47
69
251
170
96
132
199
160
197
121
241
156
217
242
16
243
126
62
220
225
201
25
246
197
172
116
104
238
188
52
179
251
217
79
248
156
225
132
58
251
64
202
187
224
209
209
25
222
158
191
206
199
241
251
209
247
4
200
16
195
250
251
163
199
241
4
250
156
201
36
201
247
202
148
96
132
65
157
59
26
156
197
209
26
72
241
4
152
185
16
246
241
217
204
158
217
193
239
116
204
245
106
27
217
251
204
85
251
246
204
243
245
206
239
242
62
224
193
161
217
200
214
23
239
22
117
198
160
172
245
21
241
217
3
223
241
241
218
54
241
205
206
223
60
102
37
213
189
118
201
244
223
250
225
157
157
81
166
248
90
206
251
53
241
217
241
161
197
248
58
206
195
137
186
241
248
96
241
214
204
95
209
198
156
197
241
217
4
156
155
137
252
244
181
149
122
4
159
209
16
20
220
245
20
244
241
227
244
119
217
57
152
244
204
131
31
21
252
202
104
99
64
138
240
140
246
133
220
116
241
241
248
241
20
223
167
242
157
227
250
244
190
159
243
226
220
247
243
29
225
16
218
239
173
226
223
160
148
156
117
157
39
218
41
217
137
206
202
22
214
206
78
228
241
241
157
153
223
166
246
49
204
185
49
47
200
152
96
160
132
58
58
239
118
244
36
209
204
204
138
210
241
245
200
160
241
246
159
63
247
32
247
168
246
202
98
244
126
205
243
243
215
172
212
63
166
202
241
250
235
233
215
206
199
64
116
234
12
0
209
251
1
182
185
39
159
210
241
252
217
223
180
182
241
156
200
239
220
247
104
223
80
160
29
126
202
248
201
186
147
248
209
172
7
63
204
103
206
82
218
224
223
248
16
205
193
241
199
204
126
83
245
186
34
87
202
209
106
199
242
227
246
246
241
194
0
100
204
28
224
6
241
110
50
148
241
246
215
240
1
227
227
209
45
166
118
165
225
247
241
218
78
247
245
199
242
126
246
81
220
242
206
43
194
234
249
140
220
251
88
214
241
155
225
240
248
190
200
204
25
241
247
22
201
222
200
58
155
243
239
249
31
245
216
9
201
127
87
3
87
200
153
226
119
247
252
232
154
251
57
96
223
159
220
224
199
241
223
244
152
156
193
201
215
3
252
239
77
243
150
138
160
132
74
247
38
241
198
193
62
85
4
222
166
247
241
152
146
32
252
248
204
61
118
139
225
205
194
161
217
241
156
243
225
214
25
63
217
244
217
241
245
181
189
114
227
227
178
222
239
251
200
208
1
205
199
226
154
200
241
242
156
225
209
238
240
220
199
139
100
247
113
251
246
164
241
138
226
220
51
194
197
149
202
108
12
116
169
221
63
247
248
145
20
245
106
201
193
248
199
209
248
223
251
156
206
249
202
7
156
217
245
248
241
27
53
241
206
2
45
64
245
251
160
73
248
224
131
74
3
16
250
225
249
155
200
28
64
242
5
48
71
97
110
159
202
155
209
250
185
71
61
52
243
3
243
64
91
155
241
27
218
192
165
116
138
224
139
153
36
247
227
194
241
58
252
24
73
225
251
246
251
241
202
3
215
116
194
163
24
15
190
248
202
226
197
204
99
26
251
241
225
118
80
251
224
200
58
168
35
118
246
62
204
248
26
73
247
218
165
248
242
250
246
176
158
200
245
215
200
218
247
204
224
186
54
248
241
113
193
193
252
209
58
204
63
164
249
133
73
240
126
205
25
137
210
217
16
226
198
83
130
241
206
202
241
239
152
252
32
201
248
216
223
248
251
130
140
127
0
88
241
241
245
217
153
186
77
117
182
39
198
180
227
156
243
217
165
248
248
201
200
50
154
191
230
226
242
54
249
241
140
7
244
91
245
241
209
206
148
241
199
242
29
205
165
139
246
201
96
241
241
185
