213
30
154
229
6
245
218
146
27
204
252
13
46
64
20
214
190
252
250
201
184
227
106
119
252
246
216
145
226
216
33
252
9
30
146
230
3
162
213
252
144
247
239
62
142
239
54
218
208
176
162
17
244
213
99
240
246
153
242
203
118
9
192
216
185
249
193
96
8
202
134
236
193
229
202
252
252
97
242
216
183
230
233
213
227
252
248
119
126
240
204
189
203
197
22
226
252
129
120
33
244
252
232
195
165
43
211
9
226
248
245
232
251
205
243
77
249
168
39
240
202
111
47
244
203
234
78
252
114
197
237
22
114
211
233
216
31
205
251
182
162
225
160
242
77
164
96
114
227
137
183
183
170
162
210
233
226
220
167
227
114
226
60
227
110
245
209
240
153
151
71
146
144
226
114
144
230
51
118
143
245
226
244
183
251
248
127
207
251
177
166
17
207
191
236
181
202
22
27
213
163
226
160
249
244
162
143
38
205
249
252
214
57
114
4
252
216
174
236
21
167
158
229
34
226
245
250
181
213
211
227
202
163
244
146
95
240
248
252
251
202
144
13
232
233
168
218
16
227
158
144
193
249
228
252
230
207
113
8
204
236
198
227
252
5
45
245
40
227
48
159
251
164
47
209
209
216
159
200
146
183
249
228
160
82
126
175
230
146
167
251
229
172
220
182
176
251
227
117
183
226
232
252
205
251
121
129
167
199
247
3
229
162
136
46
216
162
195
218
181
236
252
126
64
162
193
7
194
244
180
249
227
214
240
159
206
210
192
227
234
126
236
21
196
251
58
225
251
226
165
233
249
0
244
31
132
145
120
166
208
216
81
218
26
179
160
252
166
174
252
1
200
240
204
62
243
244
143
208
226
227
7
200
233
26
252
235
216
180
58
246
49
226
176
245
119
126
207
11
103
227
166
0
103
109
226
246
152
150
233
248
227
243
232
179
162
240
204
87
104
233
250
155
84
158
122
104
117
22
248
181
224
143
9
95
250
208
183
78
4
249
58
234
167
250
242
229
150
206
181
158
218
174
240
19
207
250
248
175
196
201
209
59
249
77
117
34
26
242
244
52
218
227
245
205
126
226
215
252
198
146
216
156
233
132
168
128
110
32
209
23
226
252
39
236
242
201
249
209
226
244
57
162
197
226
234
25
24
205
214
243
159
213
224
230
244
218
200
242
237
246
252
140
202
195
110
215
31
206
186
62
189
203
213
246
229
96
146
251
88
95
122
204
233
251
12
21
145
196
126
145
248
46
165
252
48
233
54
16
202
181
129
20
252
237
231
229
77
188
246
224
252
114
228
226
194
221
240
167
205
24
224
11
233
252
147
244
16
250
175
252
25
226
236
34
58
160
143
193
250
10
1
77
63
204
242
158
63
146
249
208
226
227
252
180
252
249
160
31
223
236
13
216
179
130
104
227
242
57
19
214
197
59
176
174
95
174
202
244
162
240
213
251
251
144
215
252
229
209
249
96
95
146
126
194
226
224
36
252
8
252
209
233
180
202
6
252
117
247
151
58
249
251
245
240
237
16
246
227
209
1
158
249
16
126
245
16
202
174
246
225
164
182
151
182
197
234
245
221
234
128
240
163
251
118
251
167
175
252
74
234
0
24
249
214
214
145
205
142
199
176
205
63
174
233
5
106
213
199
173
71
177
211
251
183
249
226
234
252
233
0
240
252
173
216
175
240
209
213
226
171
242
215
183
158
145
146
230
204
240
180
2
250
246
243
6
184
205
226
228
228
164
60
27
227
196
19
155
227
56
209
218
202
252
172
228
206
137
26
183
252
171
210
146
243
126
141
216
126
252
56
131
58
227
240
114
147
191
39
175
251
220
242
206
164
120
146
74
229
214
249
6
229
213
58
226
205
206
118
168
226
233
201
143
236
45
242
252
225
242
249
193
147
157
243
193
233
199
41
183
226
160
193
145
66
224
143
3
252
64
216
114
214
243
24
242
16
178
252
139
144
252
216
230
67
144
96
233
209
12
250
142
66
244
95
226
176
227
216
176
203
22
51
242
163
240
9
234
202
176
87
186
178
215
202
210
251
180
7
252
250
226
248
34
227
122
211
216
163
58
203
201
218
60
240
207
226
227
236
251
249
180
149
228
30
204
145
252
208
122
226
244
63
240
196
248
231
249
209
24
227
12
224
208
172
144
206
186
251
194
96
205
227
245
198
25
26
185
126
45
226
242
251
227
246
238
167
249
227
233
240
242
250
155
234
250
248
118
227
244
249
38
231
118
147
224
248
228
165
209
215
163
213
126
46
242
227
225
244
118
225
252
58
116
183
211
234
234
226
34
249
251
36
83
199
242
240
126
204
132
228
226
181
232
16
208
227
240
243
174
25
201
251
223
118
17
229
122
168
233
242
226
47
107
168
186
17
23
62
118
228
25
209
229
8
94
227
53
251
22
244
227
114
82
16
19
218
100
83
209
227
205
103
235
213
252
43
8
225
10
229
33
7
248
36
229
252
242
63
144
246
244
178
214
204
144
200
205
191
251
21
250
214
110
241
194
218
208
227
83
148
251
78
224
102
213
94
130
229
182
248
175
213
156
244
234
132
0
227
208
251
216
159
226
119
103
227
243
227
226
35
155
252
204
211
151
242
251
240
250
62
232
179
163
236
145
213
233
243
216
132
64
227
164
8
231
229
209
193
151
11
153
1
242
0
155
236
12
213
240
172
252
164
249
251
46
78
164
165
252
218
82
163
144
26
175
243
252
240
73
4
31
252
245
196
251
63
230
231
252
175
252
234
199
251
167
69
213
250
25
80
179
208
145
118
192
233
171
7
240
234
249
252
191
183
118
224
202
182
218
128
160
227
242
78
248
240
183
227
187
149
249
208
24
194
194
230
38
182
175
218
243
248
59
155
168
194
252
194
173
236
58
232
99
158
167
166
246
249
196
252
176
155
171
160
216
227
205
49
63
184
82
218
103
236
252
229
233
252
252
202
27
233
74
221
229
116
227
80
122
213
6
210
167
144
126
118
230
134
21
218
236
223
209
193
230
71
160
141
203
74
143
7
229
167
26
202
249
251
141
6
183
34
200
145
58
158
144
224
129
251
85
238
167
230
227
58
146
244
252
158
228
243
251
28
242
216
167
157
146
63
226
214
229
49
1
234
194
247
236
39
229
147
251
245
230
62
102
224
174
146
248
213
236
146
198
53
35
227
57
249
250
230
249
199
183
216
249
252
21
51
13
179
39
99
183
203
247
132
183
248
48
213
251
229
79
208
199
206
91
144
227
39
239
242
226
22
205
208
213
128
209
226
13
209
214
12
207
204
249
22
248
204
252
5
136
218
173
21
245
118
226
231
218
5
250
39
205
233
229
41
20
36
103
233
183
74
183
229
240
229
251
159
25
25
249
243
251
240
234
216
126
158
183
109
41
251
243
171
183
146
226
9
201
200
227
120
234
158
178
9
245
47
224
183
24
227
229
134
163
0
8
245
24
205
233
172
250
20
120
242
128
230
227
242
214
251
42
245
214
246
250
252
218
145
215
226
250
252
250
252
102
113
160
249
158
155
148
57
182
248
243
199
197
245
227
79
251
8
213
252
226
227
209
242
58
154
62
3
252
206
153
239
22
151
25
240
87
22
201
246
203
238
26
0
171
177
25
251
242
30
251
227
252
244
251
252
216
252
246
35
175
58
251
250
246
159
8
248
106
251
227
9
245
242
59
204
39
240
224
118
12
233
191
251
11
191
9
234
194
209
233
251
198
251
234
226
10
216
9
118
151
29
198
74
248
5
118
226
27
182
252
82
236
249
249
202
167
171
226
155
243
201
203
208
213
227
164
149
3
146
167
85
242
144
204
166
216
180
252
75
26
58
208
238
36
163
227
236
216
228
249
227
229
9
209
220
199
176
202
242
251
35
155
229
74
7
200
127
252
199
170
208
227
127
164
167
122
88
227
155
248
236
144
242
167
244
64
63
180
217
230
1
205
230
252
206
232
85
227
174
204
220
229
24
226
206
25
198
251
73
205
206
41
47
3
143
181
118
227
0
36
250
216
48
242
233
252
227
250
250
158
146
243
226
158
244
209
251
241
26
192
183
251
236
58
191
210
49
144
252
170
234
251
216
206
121
207
206
226
225
230
161
233
230
199
26
31
226
158
177
191
245
191
251
224
227
217
249
145
1
213
162
198
126
50
18
49
250
249
36
250
196
197
250
118
251
49
216
57
27
126
242
163
226
205
8
143
80
221
244
216
229
147
210
216
114
38
252
181
167
206
208
39
167
164
234
175
121
133
202
216
36
232
199
20
134
226
251
137
225
114
165
240
85
25
9
183
82
29
226
202
122
95
155
46
8
136
239
233
250
240
240
213
58
234
118
209
236
146
97
146
162
118
164
240
174
95
214
248
162
229
175
213
6
163
226
39
146
227
182
29
209
225
200
236
213
87
58
228
203
150
236
74
209
4
240
213
183
38
248
242
179
251
206
63
233
221
113
245
207
243
240
19
243
153
208
144
213
40
167
110
209
154
224
126
49
207
240
226
233
16
244
153
30
39
236
244
191
240
190
114
249
119
146
203
226
176
245
176
201
96
227
248
211
248
209
118
250
236
252
250
233
196
144
251
175
165
236
252
162
47
228
31
183
171
248
80
21
41
249
244
205
34
132
77
54
2
244
162
240
250
188
225
204
233
87
164
209
64
227
208
203
96
218
31
206
227
38
233
226
250
242
250
227
183
126
227
205
218
199
252
231
236
40
236
157
233
159
227
78
132
165
233
121
237
236
252
134
213
238
248
233
252
32
207
245
166
248
25
242
227
251
207
7
9
156
243
247
251
204
234
202
178
252
236
250
216
204
4
54
227
99
4
207
34
208
233
234
183
243
132
240
0
236
208
248
238
183
226
227
250
234
240
3
171
226
246
240
118
252
249
58
213
243
167
213
55
244
145
242
180
114
240
31
153
234
218
213
76
216
173
218
153
47
5
226
245
65
252
246
183
230
249
97
208
252
47
229
238
111
43
226
211
145
246
236
82
252
41
158
157
58
49
180
209
226
22
250
252
243
146
204
249
57
123
231
139
182
236
201
4
243
252
182
240
62
5
197
167
46
216
202
250
143
31
226
231
242
31
56
204
230
178
231
227
202
245
178
118
194
214
236
225
230
201
213
32
209
193
65
13
251
141
102
49
180
206
1
203
252
165
240
216
119
202
213
194
236
225
233
145
188
176
183
222
3
245
198
218
226
237
34
206
124
233
252
98
248
218
178
226
57
208
130
54
237
172
221
144
140
146
20
247
224
213
140
249
54
250
93
252
252
242
82
87
252
21
245
229
9
230
226
111
193
216
163
164
158
250
159
218
21
251
252
65
78
119
251
196
201
202
199
183
225
183
249
227
252
252
3
147
242
22
250
216
249
251
46
5
226
234
58
236
234
234
23
44
252
165
32
245
27
252
160
246
194
166
39
11
38
174
249
242
251
230
35
224
252
164
142
183
233
183
249
250
186
228
252
229
205
249
197
210
242
252
40
23
119
240
146
24
209
208
12
134
56
57
249
162
252
58
252
171
162
233
36
214
240
252
217
251
240
64
19
243
51
170
236
160
122
250
246
251
203
227
243
202
150
165
175
252
246
248
218
233
252
209
180
244
227
216
155
170
49
87
249
226
4
226
240
242
158
207
118
247
226
240
250
228
174
252
209
216
118
236
158
9
83
236
44
179
229
216
96
140
252
178
209
187
231
113
248
194
229
231
216
227
225
226
4
37
245
205
245
214
7
47
250
251
56
199
159
173
227
189
227
230
249
183
251
180
127
218
158
243
243
163
226
252
250
209
231
224
250
167
119
24
126
237
146
126
24
248
155
204
252
168
237
143
251
182
236
230
25
251
231
18
227
246
222
233
252
245
183
210
251
209
250
245
251
245
50
2
165
205
59
204
206
251
8
245
132
251
141
240
167
221
162
55
224
154
160
233
146
248
21
218
216
204
207
4
244
240
202
207
250
43
232
175
165
146
234
226
232
242
206
150
240
168
209
251
102
190
251
227
4
229
217
167
183
251
38
140
234
120
5
207
191
147
230
194
251
85
226
31
155
31
126
16
159
62
207
198
209
216
190
227
229
56
199
249
34
250
226
203
205
162
183
99
245
229
252
252
208
226
224
141
228
225
246
252
236
57
54
251
251
193
246
168
252
250
145
216
218
171
163
2
242
205
208
38
248
206
221
144
43
51
208
55
160
211
227
204
204
227
248
183
27
176
250
178
194
249
134
35
242
22
224
117
248
233
103
1
251
204
240
234
204
230
242
76
213
215
216
226
208
224
168
121
206
126
233
34
244
188
43
246
234
213
132
233
64
40
146
45
236
179
233
249
240
162
176
242
38
229
231
47
183
248
226
218
174
244
216
251
168
224
213
251
218
14
142
79
227
217
197
166
252
239
8
59
183
226
42
6
244
146
120
222
201
252
248
230
250
9
234
226
199
252
164
0
53
229
47
234
207
211
227
66
146
16
23
226
228
201
201
221
252
164
249
249
144
205
243
19
141
144
207
58
117
226
103
250
25
216
227
12
39
0
80
233
234
204
132
252
8
161
108
128
174
240
84
200
184
218
226
226
198
233
226
22
83
49
242
232
25
227
215
230
249
203
202
252
236
227
218
250
232
202
246
227
0
233
248
60
8
230
207
62
146
150
161
154
69
37
49
220
80
227
183
132
19
73
236
150
21
213
226
242
227
95
201
245
59
248
4
246
251
146
252
213
7
252
252
210
46
166
49
164
74
216
226
34
214
1
150
237
252
145
