2
13
174
249
248
11
212
232
26
181
62
119
214
216
114
170
136
150
164
207
83
224
46
137
183
184
150
3
132
224
170
249
195
179
237
214
236
194
127
224
154
226
154
214
241
129
248
248
220
243
195
36
184
179
151
246
217
118
176
216
248
185
173
107
154
74
197
158
144
220
183
222
241
157
238
25
219
63
58
152
223
238
182
183
249
165
195
78
217
13
224
242
239
36
182
166
214
25
95
24
235
246
203
146
210
156
63
205
226
237
49
5
243
249
240
249
170
58
153
249
187
246
251
220
249
171
178
203
251
46
248
239
17
240
188
152
243
239
180
127
19
236
248
250
216
241
251
249
249
53
184
151
252
88
175
249
177
234
64
245
191
170
209
250
215
214
63
191
183
82
231
193
234
243
250
214
216
8
236
128
226
234
240
113
236
199
178
224
183
249
241
250
224
73
127
245
133
157
193
236
220
10
88
206
251
216
242
248
213
184
150
245
8
249
25
244
249
51
25
223
132
165
244
157
155
252
39
193
236
209
226
244
7
58
243
239
134
251
92
6
145
216
194
21
27
246
170
236
153
166
15
9
54
168
168
186
177
151
194
145
208
216
244
189
248
22
134
216
145
205
81
237
91
182
206
245
39
11
214
181
192
168
189
170
19
252
189
237
150
213
74
228
1
194
134
190
96
182
210
164
177
214
214
191
213
22
242
192
239
152
249
142
224
117
152
179
241
170
225
248
167
243
81
1
97
154
216
58
252
243
243
142
79
19
27
10
236
153
195
236
190
164
192
236
242
170
235
215
246
224
132
211
175
152
82
191
248
246
46
195
224
169
154
193
250
167
240
214
95
214
29
236
247
183
207
245
241
195
63
245
243
231
246
240
216
236
182
249
216
143
114
224
216
214
216
244
93
252
134
156
218
155
236
166
220
9
209
249
126
144
238
117
224
224
35
251
36
47
246
241
127
35
99
252
209
204
194
113
216
240
209
181
224
106
153
201
178
145
49
182
190
232
160
245
251
172
142
224
182
211
236
160
25
148
212
39
5
241
174
220
194
151
194
252
163
252
223
141
168
141
30
248
179
157
209
237
248
247
252
236
249
240
59
74
142
128
164
214
109
234
168
248
195
212
212
236
195
212
231
60
148
249
226
1
185
58
177
6
1
240
189
193
193
218
57
208
46
169
240
212
194
194
170
207
244
185
170
126
139
152
170
208
208
54
57
0
241
201
214
29
200
251
248
145
251
210
214
27
224
114
184
194
248
214
220
59
137
216
236
216
208
251
251
185
189
103
246
131
51
26
16
214
47
249
4
214
14
217
1
245
186
82
141
85
195
241
146
250
225
249
236
216
242
224
190
192
252
147
250
250
25
216
193
218
191
217
172
141
224
26
20
244
236
216
216
250
237
83
224
198
30
27
145
132
195
249
251
150
46
248
214
64
166
214
3
184
194
8
74
187
208
195
194
200
214
164
224
187
192
234
22
224
155
214
190
248
36
36
46
156
45
181
217
146
180
216
241
227
136
227
35
184
238
45
198
236
249
22
185
232
214
1
248
119
166
212
239
53
226
221
5
242
240
152
232
176
245
216
24
126
241
107
141
181
214
34
242
246
158
191
180
248
236
184
205
251
226
243
189
248
74
200
250
57
231
244
126
213
157
43
99
142
214
194
214
236
224
16
216
206
186
241
248
216
241
220
236
236
195
144
209
141
216
187
177
237
119
99
221
236
235
49
210
213
64
157
182
189
6
44
249
243
181
82
237
143
51
237
250
178
182
224
249
183
51
190
217
8
148
214
250
209
45
0
185
216
245
224
227
195
133
164
222
152
182
53
243
206
216
236
217
236
241
20
182
240
235
249
179
248
195
224
187
236
51
240
240
224
246
182
243
134
212
16
243
188
187
216
239
82
139
165
217
200
248
249
249
245
190
249
192
212
169
240
13
189
208
245
158
83
183
250
251
248
209
34
247
220
113
218
220
85
144
190
150
39
27
222
237
180
63
96
202
224
24
251
236
83
194
251
226
174
131
247
44
237
10
154
34
214
35
25
236
168
164
239
145
184
49
60
244
195
225
241
250
215
216
31
252
170
252
246
43
193
182
81
249
156
216
73
214
34
219
248
238
214
251
88
236
152
220
248
237
212
167
56
244
184
151
187
235
236
204
214
224
142
242
133
167
81
223
216
174
237
236
220
242
222
188
17
63
161
134
162
58
226
214
195
1
148
132
157
214
27
123
236
240
250
214
218
234
94
250
184
83
173
190
125
190
138
252
5
4
214
209
224
190
209
137
60
246
145
183
236
248
250
214
145
249
244
236
242
238
195
96
224
65
230
182
147
163
31
248
10
108
182
34
31
216
237
240
240
183
224
132
174
250
236
141
247
249
249
219
161
252
212
252
219
32
186
144
113
158
236
129
215
88
250
217
24
236
192
38
166
226
184
201
118
236
166
34
221
85
246
213
236
158
158
236
216
214
153
219
193
224
216
244
195
52
214
136
236
150
245
236
249
127
193
251
187
167
216
53
249
223
108
25
244
158
214
189
214
190
214
210
132
141
48
184
236
199
243
224
190
134
249
235
48
31
207
151
235
134
250
249
235
194
208
134
32
246
251
180
180
57
53
170
158
224
242
102
234
236
79
33
236
114
61
158
69
200
134
221
8
220
217
214
193
142
236
183
158
234
207
132
51
158
63
81
240
224
236
70
73
187
170
184
214
41
166
208
192
82
237
239
217
237
117
148
239
217
214
204
125
224
236
238
249
208
167
168
247
126
226
249
65
188
32
222
214
109
242
128
62
249
209
201
218
252
34
250
141
249
167
4
249
117
236
251
242
236
119
216
211
243
164
4
49
124
188
238
194
190
249
146
168
153
150
209
114
177
183
5
238
241
124
156
96
166
51
26
193
216
235
99
38
128
59
175
247
199
57
214
4
163
239
157
165
240
9
158
142
216
220
132
193
246
190
101
236
251
181
124
235
194
36
114
227
213
223
186
248
236
195
148
212
151
214
252
245
166
181
202
158
164
60
214
236
213
113
236
34
140
42
233
217
237
247
163
42
182
248
251
212
225
238
153
155
249
113
216
166
246
144
214
236
142
114
213
239
220
225
224
186
244
248
59
90
58
214
179
236
236
192
42
157
51
17
236
162
164
157
213
223
239
236
81
207
31
183
210
190
183
4
195
1
58
58
12
236
132
31
195
191
48
214
151
58
63
214
134
233
32
218
63
133
209
210
53
38
168
236
174
57
148
214
236
232
245
187
251
195
73
126
214
179
219
22
225
158
221
176
93
173
167
236
148
246
145
48
152
236
209
25
23
206
236
216
240
252
218
170
242
44
44
251
157
94
236
8
228
174
54
174
95
217
211
74
170
131
49
251
1
162
248
142
13
245
58
249
46
220
252
2
177
182
213
201
31
242
16
154
52
216
218
212
217
148
193
152
103
206
216
222
209
226
133
158
198
85
216
80
251
153
182
70
134
236
248
198
24
96
197
212
42
250
158
141
223
209
133
220
1
252
188
251
164
193
130
213
210
227
251
236
157
222
208
128
243
244
248
186
137
250
241
119
146
32
35
0
4
216
1
223
83
146
238
140
218
49
163
235
218
141
240
200
249
237
107
240
214
145
244
180
243
224
230
216
78
210
240
224
205
45
187
153
190
224
194
213
181
114
176
13
226
84
58
183
167
194
249
99
249
250
154
96
25
236
209
181
250
226
192
220
152
24
77
1
236
167
216
249
27
233
249
18
214
183
78
237
214
3
214
96
248
249
0
166
190
141
236
59
218
46
189
204
236
184
169
31
8
21
250
2
170
2
151
0
217
163
178
214
218
158
236
213
246
26
14
214
240
245
238
158
248
235
154
214
194
186
184
190
11
215
14
248
187
214
22
214
219
209
248
137
208
195
192
167
236
223
51
193
4
21
126
180
214
174
218
16
213
209
250
24
110
205
251
209
236
148
210
22
249
100
248
183
214
221
223
187
108
236
190
216
249
189
172
6
190
3
250
145
188
216
243
144
246
236
179
252
168
248
250
236
193
248
246
124
236
6
158
1
237
248
236
210
248
218
213
143
236
224
101
53
176
188
57
180
206
24
199
193
220
240
22
166
46
6
249
245
190
214
226
32
190
246
0
246
235
216
192
138
24
214
226
167
219
246
16
180
186
151
31
208
249
153
20
242
220
186
220
151
243
63
19
214
166
236
249
147
197
51
248
48
181
132
10
243
142
214
240
209
133
26
152
36
14
193
69
26
128
90
246
214
214
217
144
97
200
27
73
213
182
64
21
243
230
96
216
233
208
148
251
239
246
212
225
210
249
209
95
151
159
49
236
88
9
244
182
135
243
249
205
96
246
241
222
192
250
217
243
33
0
216
145
119
241
209
5
193
209
199
242
176
219
167
7
166
169
249
46
193
226
224
181
221
87
238
32
189
8
209
218
248
151
182
241
193
181
252
29
236
144
60
158
138
238
187
236
236
168
187
219
189
243
158
34
242
248
240
182
214
238
114
144
244
8
240
145
174
180
179
47
60
235
248
95
216
187
224
153
150
251
8
28
194
33
32
202
178
148
245
224
148
236
213
31
243
214
233
51
123
236
216
126
22
175
36
163
200
224
251
248
191
165
241
193
226
39
126
172
166
212
20
189
154
8
126
29
154
237
249
225
216
213
34
117
159
250
247
183
250
242
214
216
117
226
235
102
248
47
44
243
214
190
152
214
244
210
220
86
117
145
11
214
194
251
154
195
131
241
250
237
216
63
142
193
235
76
246
248
242
192
24
27
248
145
251
189
27
252
8
225
251
92
96
250
103
237
156
153
249
214
195
247
170
216
192
220
87
0
251
8
58
120
214
192
225
174
248
81
236
207
250
154
116
8
178
155
8
193
156
58
21
200
240
249
216
250
218
185
251
164
236
193
57
128
50
249
158
248
132
109
240
250
22
164
53
179
9
192
213
249
235
63
219
218
184
155
42
247
170
185
52
195
214
208
216
25
246
165
157
195
0
248
118
36
3
140
141
193
242
241
59
248
208
150
248
214
150
237
206
189
140
235
6
242
252
194
95
177
243
127
242
184
108
144
173
170
46
155
242
150
195
152
168
224
252
249
97
168
236
54
220
145
172
138
0
216
184
129
148
236
193
194
246
248
236
11
214
218
207
48
100
20
183
177
167
166
123
53
164
181
82
167
249
236
13
224
13
213
218
24
251
249
236
29
144
150
53
236
103
224
218
248
170
213
225
22
214
213
208
74
214
148
209
235
94
114
214
238
152
210
144
142
245
214
249
156
53
72
150
250
97
179
39
213
243
91
214
114
243
63
220
145
177
118
243
174
142
174
186
27
211
249
214
214
236
213
39
163
246
145
216
1
193
157
127
28
172
214
21
216
74
212
117
150
249
153
119
137
126
214
134
214
37
238
218
225
248
236
237
36
247
174
150
216
151
248
252
85
236
154
251
190
126
181
3
64
242
249
241
226
214
237
241
234
242
62
251
219
152
236
60
248
164
203
251
248
240
250
236
249
176
145
248
251
220
249
209
246
180
249
242
152
164
224
242
77
4
145
24
248
214
236
248
243
236
118
240
124
153
216
235
164
213
217
226
194
214
48
165
195
212
245
193
216
180
183
221
63
3
242
237
0
128
27
145
183
182
153
251
210
214
43
34
199
166
243
157
250
215
202
137
237
224
182
226
237
36
242
168
184
193
49
209
209
240
187
150
24
236
210
236
224
59
243
138
31
175
243
154
245
166
248
194
192
24
251
114
240
236
166
251
34
240
222
126
50
42
143
26
165
142
145
248
127
201
225
153
27
36
182
60
236
113
60
150
150
193
208
95
191
248
245
249
214
247
251
169
151
248
184
3
212
227
221
62
233
11
27
214
248
167
216
237
20
214
176
251
248
152
166
167
59
179
78
175
231
214
193
212
239
243
29
230
213
240
194
20
249
195
193
249
190
181
181
6
188
102
181
241
119
16
252
195
95
165
216
179
187
150
241
248
71
208
245
218
246
195
212
22
195
43
212
159
53
176
22
48
236
6
128
236
247
22
156
24
124
150
179
114
104
216
195
245
183
184
245
195
217
114
29
46
224
245
214
248
245
96
190
164
158
208
244
214
3
52
244
220
87
205
216
214
250
250
252
6
236
144
31
0
97
150
166
183
23
242
211
230
59
252
73
252
236
189
241
247
187
140
250
236
17
241
1
241
58
220
145
224
184
57
166
227
56
219
243
31
164
219
212
73
150
224
241
202
74
212
245
158
213
236
214
32
230
145
224
210
250
233
223
234
212
207
183
5
163
71
142
21
91
137
240
230
249
153
245
77
249
195
214
190
87
214
226
224
227
181
241
182
197
244
233
218
221
200
247
54
215
180
8
209
126
211
158
3
202
134
236
214
221
73
245
142
110
153
73
161
212
249
60
248
117
216
237
243
212
182
243
248
240
63
76
183
211
248
158
214
233
248
170
156
148
62
162
216
22
187
250
169
53
250
214
25
252
24
210
214
169
97
220
216
57
236
177
195
43
250
154
74
221
236
183
169
167
146
14
35
138
216
25
163
206
209
47
252
205
236
214
244
188
214
34
9
210
239
213
27
244
38
252
212
237
29
233
153
153
142
183
214
244
250
242
62
244
174
187
36
36
225
117
175
243
165
195
31
219
156
146
139
214
185
34
249
216
141
248
180
145
249
184
19
145
38
210
187
249
251
158
243
20
181
124
236
166
241
236
190
216
20
51
237
83
218
194
214
183
145
214
158
96
158
205
126
250
251
193
252
249
246
