167
8
35
177
218
173
36
155
218
25
235
226
250
237
1
6
222
248
179
220
243
245
175
196
87
221
117
252
232
193
232
46
43
17
198
215
184
238
252
223
225
235
229
221
216
226
31
137
176
215
0
245
12
250
161
215
3
211
183
248
223
226
126
225
217
181
149
129
219
155
20
181
114
225
198
27
36
185
217
248
221
161
227
215
227
27
243
183
250
235
243
188
2
235
204
225
181
223
201
37
252
183
250
4
14
237
225
243
196
223
44
213
122
6
247
232
38
91
252
223
222
211
153
225
221
126
158
93
223
198
229
161
53
17
203
136
248
205
223
218
4
252
249
43
201
118
26
248
62
199
213
252
223
78
223
177
225
36
192
225
153
229
199
181
227
224
103
65
245
214
8
153
234
32
240
234
71
16
211
229
62
154
252
179
243
235
146
198
118
205
215
173
221
247
205
232
237
232
218
248
160
232
127
243
149
252
16
250
185
193
158
221
245
183
212
243
230
248
217
153
96
250
51
223
204
161
204
182
252
234
238
134
215
30
223
5
46
49
25
7
248
215
245
248
241
158
213
60
237
31
140
154
205
193
14
124
135
218
217
223
25
155
53
223
188
133
223
42
250
72
12
60
174
77
47
155
3
29
250
243
36
198
234
215
8
243
223
244
226
244
100
250
248
223
218
170
226
183
0
157
183
250
185
80
248
9
227
172
243
199
84
213
243
243
212
233
34
237
235
20
248
176
34
157
178
212
180
223
6
149
152
205
248
15
232
176
9
120
220
234
203
173
60
243
171
161
172
184
201
4
248
232
248
235
24
232
31
153
217
201
250
101
164
146
134
243
119
193
227
222
25
248
170
252
243
223
176
144
249
229
245
53
153
233
153
200
221
216
62
160
220
205
223
171
138
243
224
237
252
158
43
235
177
182
74
223
181
220
223
39
252
175
173
163
64
134
248
171
11
117
238
237
243
171
149
235
3
249
243
225
167
48
224
161
134
204
43
10
154
147
211
245
249
8
223
248
248
250
155
244
233
222
249
248
252
66
229
249
235
134
250
56
155
153
215
163
155
63
232
48
232
173
211
250
21
248
204
250
214
252
49
251
164
249
220
192
237
218
196
223
2
243
45
220
63
230
61
47
243
92
203
225
221
172
218
225
1
37
205
248
250
200
19
238
150
252
218
244
221
251
213
140
234
198
32
248
186
211
243
243
213
51
215
227
220
226
168
230
53
186
238
225
219
43
232
252
76
175
205
243
234
134
236
220
56
250
243
71
172
36
179
204
229
252
46
179
249
251
154
24
155
127
153
73
243
220
248
211
252
175
66
245
235
1
60
196
184
226
219
226
170
250
249
245
51
221
71
237
134
223
55
235
34
218
250
127
223
233
122
167
165
185
211
1
252
220
248
220
114
16
250
246
245
21
243
232
31
252
51
249
220
227
218
218
237
158
162
38
23
158
182
158
161
233
214
179
226
51
149
232
243
8
227
118
96
223
221
218
216
232
252
91
232
94
248
250
153
214
250
252
189
234
145
223
46
225
53
20
173
210
200
243
185
171
243
235
217
243
217
218
221
142
237
195
153
221
237
230
252
131
247
226
95
243
245
123
183
234
46
134
223
245
243
56
126
146
225
200
222
153
3
217
146
63
213
248
30
11
220
200
62
234
30
197
182
176
252
215
183
167
243
157
114
160
229
218
153
74
155
222
195
6
0
138
14
183
182
158
158
212
243
8
215
126
134
4
48
126
153
252
153
123
204
12
44
163
245
223
12
65
63
27
154
63
218
245
155
245
238
195
154
27
179
188
219
42
87
185
167
92
144
47
3
223
151
250
203
197
227
223
123
144
118
248
248
38
8
178
53
232
221
220
4
223
218
220
250
244
173
223
195
11
235
114
235
205
176
248
6
247
233
192
223
126
43
223
218
4
173
223
46
232
161
178
166
34
241
237
179
237
252
154
64
248
221
236
145
207
213
26
16
197
252
232
235
244
240
8
248
31
3
60
221
248
213
4
95
17
215
46
249
154
91
170
47
243
172
1
203
241
252
230
96
200
243
237
77
172
252
250
182
57
223
249
178
157
198
47
221
229
46
252
24
167
82
195
143
218
153
3
199
155
235
231
225
4
232
243
252
193
64
170
183
252
217
215
203
161
51
155
245
172
223
155
252
163
227
243
252
225
7
232
74
153
23
35
151
59
248
21
158
225
229
27
219
198
223
221
185
215
220
118
154
214
214
212
222
53
216
223
250
226
230
167
233
215
251
215
198
232
146
225
248
235
245
220
215
237
243
223
204
221
223
193
236
212
135
217
193
250
242
220
238
157
145
216
193
237
24
243
60
223
130
250
221
58
227
250
218
20
114
227
114
233
55
80
156
116
216
91
235
243
232
252
158
120
153
252
172
182
167
247
48
225
230
181
158
248
243
247
216
25
81
116
142
245
2
223
221
248
69
221
193
248
200
205
243
156
158
155
237
248
138
235
145
4
252
187
38
64
155
232
126
223
243
237
24
1
192
216
13
235
210
238
248
1
205
11
238
31
221
248
223
57
134
190
162
11
145
252
249
176
16
252
47
234
201
232
233
221
205
174
215
225
154
223
9
223
58
118
200
113
237
249
129
223
224
233
96
154
133
235
54
243
130
232
232
199
185
54
244
134
191
58
60
232
248
143
223
245
116
201
223
120
36
248
181
183
250
57
159
247
60
215
118
178
232
158
250
245
49
248
219
219
221
252
219
245
232
127
155
230
250
27
217
245
233
225
203
155
25
127
3
241
214
34
243
19
238
204
219
223
226
204
19
217
227
48
212
62
251
23
43
248
221
194
60
222
217
245
242
223
250
211
226
233
235
134
248
243
74
161
205
248
237
11
163
249
217
88
219
151
42
223
12
181
36
211
185
165
236
158
171
210
57
215
221
243
28
251
151
248
237
219
215
28
198
248
82
181
203
248
118
122
121
74
243
238
244
50
223
158
235
234
245
174
155
243
243
216
21
28
252
146
218
218
243
225
210
212
134
8
20
218
158
250
46
155
239
129
203
244
185
9
127
215
248
176
193
26
215
62
201
223
149
223
44
155
154
131
46
72
17
174
215
1
199
223
233
192
180
248
215
235
237
155
222
220
182
232
251
215
237
85
229
212
245
223
235
248
220
250
204
179
39
230
32
206
225
250
210
237
180
232
200
248
145
248
204
238
248
215
252
154
225
154
138
181
235
54
173
235
221
156
248
30
38
132
63
223
64
153
238
217
42
215
238
210
143
223
252
250
126
9
170
223
172
154
158
160
235
146
49
225
252
153
182
57
88
235
119
204
174
226
188
242
249
8
106
158
215
219
2
214
225
171
225
117
225
28
46
21
216
34
196
230
116
149
162
40
250
183
237
244
231
172
142
97
224
216
17
22
245
172
218
203
235
232
245
243
118
220
234
0
107
205
171
238
252
245
156
219
134
1
243
238
102
249
49
135
223
113
195
158
199
207
234
176
237
11
245
215
174
145
203
245
252
212
3
4
71
223
182
118
61
249
223
91
237
145
230
127
226
135
213
25
161
14
6
43
250
243
221
223
250
168
223
170
6
243
245
245
193
223
142
154
103
20
163
243
243
237
24
73
34
229
241
249
248
248
164
222
218
107
215
248
223
226
160
74
25
226
134
57
245
25
181
82
252
201
213
223
205
193
153
174
220
129
204
243
210
252
16
27
223
243
229
235
223
232
221
243
248
93
23
222
28
21
243
106
233
225
27
46
4
158
31
56
221
249
57
74
2
165
198
49
57
244
171
217
24
226
234
160
21
245
232
246
232
158
154
218
130
146
173
237
222
252
8
142
134
155
153
46
158
238
157
217
221
205
32
204
248
171
204
180
235
232
43
233
74
185
134
99
248
243
248
223
243
193
248
85
210
252
217
62
126
134
249
245
217
203
34
43
198
252
138
88
226
223
46
238
243
232
221
252
69
232
137
204
223
96
43
242
114
37
204
96
158
243
248
237
214
170
178
235
235
143
208
248
225
235
201
151
1
61
243
237
205
237
138
204
215
250
196
64
153
213
8
239
232
167
16
218
57
230
235
242
189
235
172
197
218
81
137
35
3
130
218
223
199
243
245
212
36
87
213
252
250
220
252
154
237
134
199
234
228
223
210
151
252
225
80
179
235
151
214
243
249
226
200
74
223
215
212
38
118
157
237
221
223
243
217
229
243
238
158
215
233
218
219
232
252
212
223
39
144
240
147
117
182
176
205
219
220
164
243
118
197
243
252
233
37
26
126
243
121
227
229
114
105
205
1
252
243
205
249
156
185
153
217
223
243
175
181
236
215
235
232
223
1
252
57
221
163
245
221
223
48
250
232
232
38
205
218
178
155
209
250
220
245
232
252
223
3
237
218
171
252
37
145
250
245
154
225
155
232
231
183
45
8
249
225
186
46
49
197
49
222
252
183
220
252
252
243
225
114
118
48
48
207
243
174
216
8
69
223
13
248
246
227
96
235
126
1
4
248
244
54
227
248
182
252
31
85
154
243
52
245
252
238
167
87
209
157
227
42
227
145
245
182
223
161
221
94
219
182
235
49
171
12
134
114
235
235
156
243
233
244
220
102
151
238
226
135
245
245
250
248
17
204
212
232
157
223
218
223
237
219
226
250
237
179
251
82
51
237
119
248
223
252
178
232
243
223
146
152
232
237
200
6
205
56
214
245
243
245
150
240
174
187
205
223
205
2
54
243
217
155
249
252
223
157
223
216
223
248
203
223
252
224
106
42
156
235
252
134
158
225
28
124
243
129
244
184
227
3
213
252
252
136
33
248
158
235
197
198
157
236
64
3
184
35
28
220
179
243
223
223
134
251
23
5
229
243
237
182
219
154
243
155
9
88
249
209
172
190
250
252
223
154
219
237
217
227
237
221
223
229
232
252
235
185
36
225
80
245
198
71
225
235
250
237
232
134
252
96
252
243
45
244
216
43
252
57
58
151
251
49
130
223
244
225
155
130
185
248
237
152
235
158
120
220
150
237
223
163
60
173
216
250
249
223
216
30
248
175
193
219
127
231
190
71
225
224
153
179
245
162
16
220
152
243
239
203
43
205
116
63
252
149
11
237
218
182
227
232
225
224
252
154
249
243
232
223
213
250
24
251
220
237
87
34
151
170
238
219
145
225
223
248
5
235
6
60
149
223
211
215
144
215
126
27
8
43
65
217
210
212
214
245
248
237
190
135
181
249
106
38
20
233
57
217
172
248
113
235
250
248
214
213
224
230
250
227
223
200
202
183
238
243
243
243
237
60
163
231
155
248
12
179
223
71
248
21
114
155
149
134
197
225
126
220
134
224
152
163
205
219
249
158
190
248
250
153
31
38
221
178
248
248
225
23
118
57
171
226
188
223
216
203
225
1
252
194
108
134
204
150
237
31
102
179
252
166
214
0
201
182
250
243
215
248
218
4
153
15
222
238
47
219
156
233
215
250
46
242
218
175
151
220
113
81
193
243
146
250
20
243
223
92
185
96
238
250
60
200
121
183
17
232
183
142
204
226
249
96
252
87
245
250
243
34
46
223
250
101
62
96
9
234
221
243
248
114
149
168
126
65
158
210
252
146
249
197
223
141
178
62
12
94
177
234
227
170
19
220
237
227
6
237
158
227
232
232
220
176
34
233
151
222
153
132
151
14
223
24
243
215
87
144
204
96
215
215
174
223
225
240
233
218
243
223
237
46
106
252
232
60
156
156
245
154
35
120
218
214
243
189
178
36
173
182
1
96
217
31
223
198
21
213
221
224
232
131
116
210
187
223
252
182
178
235
248
245
248
45
222
102
232
171
151
245
233
167
32
225
152
156
35
36
175
229
60
244
248
142
252
193
22
238
210
153
244
203
245
226
227
184
105
176
208
220
243
0
82
248
125
186
219
133
252
229
47
230
217
180
167
102
146
183
43
7
32
225
134
205
243
183
62
238
212
1
61
250
141
133
130
215
53
227
35
220
223
235
127
251
248
161
220
252
225
153
54
205
210
174
238
205
8
142
158
243
77
212
209
231
102
119
223
220
226
243
235
164
7
1
217
198
34
2
250
58
22
243
34
155
248
243
46
250
247
62
244
200
252
214
98
225
252
216
225
60
250
161
223
245
144
27
248
54
162
204
155
146
183
146
205
231
35
174
134
243
205
151
57
220
223
57
243
243
126
221
172
225
215
31
154
241
223
134
249
240
213
248
245
47
220
229
46
223
205
185
134
225
151
25
174
1
212
155
85
223
252
98
134
195
149
118
183
146
171
173
250
252
249
214
248
44
183
245
252
230
248
252
229
222
7
245
223
250
113
243
134
74
233
250
198
169
114
146
155
180
243
248
226
204
21
252
243
11
216
252
158
219
227
159
138
181
218
230
213
25
117
245
250
232
161
223
241
111
144
55
211
252
193
47
218
126
201
8
25
200
223
217
137
214
74
220
233
215
196
154
41
223
248
252
251
238
223
35
165
155
232
43
215
226
222
232
20
5
249
234
235
248
54
80
165
245
185
227
154
119
82
154
99
214
226
248
175
226
218
34
244
25
123
101
243
223
218
22
202
185
248
232
212
1
116
227
218
13
95
194
237
248
197
221
7
222
245
218
252
218
2
248
176
51
223
250
126
174
43
252
211
157
245
248
41
243
248
221
252
252
106
252
212
251
63
248
156
252
6
176
172
227
233
232
182
227
4
238
243
234
238
221
161
49
222
122
222
182
245
209
207
3
161
0
228
191
81
220
177
182
224
209
47
248
248
6
190
160
219
223
116
36
154
218
205
214
205
