201
51
242
226
243
247
79
236
31
224
244
136
163
235
249
180
235
248
200
95
232
247
182
243
251
39
96
242
227
162
237
231
227
226
218
190
192
201
156
168
213
237
133
46
96
244
31
162
170
85
226
240
247
42
231
194
228
238
225
149
200
224
6
148
226
226
219
219
231
249
147
188
231
231
218
244
245
226
229
249
117
0
231
251
19
251
227
149
73
214
44
245
159
28
49
251
201
42
221
216
165
248
118
238
121
16
218
244
2
13
136
208
159
251
231
62
226
237
196
180
248
231
223
87
248
206
47
149
231
216
194
244
238
13
0
57
244
224
245
25
62
150
16
199
27
58
248
38
226
231
247
252
49
229
248
243
143
34
209
229
39
171
208
231
211
238
231
244
8
193
235
231
193
231
226
248
163
191
198
198
223
145
49
95
231
240
200
201
241
237
225
247
181
163
5
182
250
47
225
223
229
242
231
190
95
2
147
2
252
247
252
228
224
243
169
172
248
230
65
97
147
134
248
225
222
221
240
49
243
186
252
234
244
163
218
56
72
196
219
242
25
56
24
189
168
53
6
118
163
231
219
170
73
235
75
159
187
249
231
240
56
222
236
198
205
232
84
150
231
206
192
150
201
224
200
74
244
235
201
244
45
163
194
48
3
5
247
198
227
163
54
24
100
159
22
231
150
25
173
217
53
248
161
146
29
49
245
218
200
63
162
54
225
239
245
223
232
121
133
249
63
175
237
231
27
194
224
231
14
248
244
197
225
150
24
220
146
209
231
96
163
234
248
8
136
172
219
223
173
249
223
240
251
8
206
223
8
218
114
234
251
180
228
224
156
100
3
150
25
252
212
224
231
188
240
233
175
163
245
244
233
224
244
122
237
249
102
245
231
163
200
17
244
87
163
252
121
228
63
223
150
247
52
49
226
252
21
251
134
64
247
194
247
226
243
163
219
247
231
178
132
244
126
215
46
231
42
11
227
225
132
54
21
175
236
225
96
120
162
250
133
200
200
189
150
46
110
60
251
225
163
229
238
224
223
238
174
250
183
147
242
237
200
188
242
24
208
218
219
200
188
230
192
219
0
182
197
163
184
204
242
241
217
242
247
251
247
248
192
228
231
7
234
192
244
231
244
122
118
249
178
186
226
173
248
136
53
150
32
252
232
223
162
223
231
24
50
249
27
231
240
238
225
227
178
231
249
237
58
150
162
248
127
244
9
244
65
132
231
140
144
249
225
235
176
143
113
248
141
244
163
235
46
219
102
141
223
22
4
237
58
225
162
134
162
0
231
136
244
110
163
200
235
234
209
134
163
250
243
218
217
200
219
224
242
102
251
226
231
150
251
143
228
20
231
248
251
247
250
162
147
246
173
237
4
226
219
175
149
94
223
147
195
195
218
136
200
244
7
217
150
45
150
181
245
251
150
2
247
208
189
163
171
14
43
103
251
244
227
0
150
231
217
231
150
64
198
222
224
229
214
251
242
237
192
218
251
240
231
182
225
231
200
163
226
200
244
251
250
244
147
250
228
251
242
96
236
234
163
224
250
251
58
229
25
20
244
245
222
224
163
209
251
233
251
163
127
9
209
175
242
231
216
218
163
150
216
37
162
1
163
251
200
114
225
226
226
240
231
12
226
244
230
80
7
218
251
250
224
231
118
150
250
241
244
109
77
234
201
29
231
150
78
103
50
35
169
249
2
19
175
175
240
193
244
231
249
244
49
181
235
201
218
163
231
28
206
231
201
223
249
231
74
52
226
163
222
231
241
143
200
34
223
251
129
44
25
167
244
101
242
191
240
192
58
201
28
150
244
251
159
252
200
230
195
228
245
161
186
224
228
231
220
251
150
182
249
232
82
46
192
11
244
117
117
100
178
35
126
235
114
209
136
171
231
53
116
190
163
251
136
233
147
251
242
208
251
244
122
229
227
172
27
232
147
237
77
151
248
248
50
163
225
183
226
2
241
173
240
138
147
124
231
221
229
163
3
224
1
195
227
118
46
22
117
183
232
44
226
175
243
150
109
222
114
223
184
34
251
244
229
238
37
127
226
188
217
218
230
245
222
231
219
54
231
232
247
163
251
241
225
114
242
250
102
223
233
247
251
237
222
224
163
2
1
229
78
250
114
251
249
250
251
214
163
240
237
150
195
228
238
228
224
158
93
250
231
231
236
223
231
16
231
6
163
199
244
162
16
1
181
160
195
240
233
143
232
136
231
118
200
251
251
224
42
229
252
231
171
163
34
218
87
244
6
241
210
242
248
250
219
29
245
177
236
6
238
181
229
161
160
46
32
9
227
87
9
244
215
163
147
1
244
231
251
174
249
180
163
249
59
242
36
245
150
250
219
150
200
224
186
163
201
224
163
64
224
126
174
147
160
118
243
69
251
186
162
219
87
127
232
200
231
223
200
242
113
22
242
43
201
251
182
199
150
227
233
244
251
231
252
251
36
231
132
163
163
251
248
61
249
74
49
222
114
247
249
229
99
159
224
25
245
240
242
223
118
232
200
24
156
172
157
242
28
248
62
240
158
154
140
215
244
16
117
243
161
13
114
223
222
218
200
240
74
248
182
213
172
229
226
163
250
227
159
102
223
48
41
227
226
227
19
150
242
31
248
64
21
235
231
175
185
181
178
225
247
242
175
209
250
62
244
230
137
223
172
86
225
229
233
223
226
165
219
9
163
20
208
65
231
136
160
231
193
218
169
201
161
209
165
11
249
238
225
192
219
243
207
213
33
226
36
224
192
163
161
63
169
143
46
27
163
242
247
251
229
163
71
193
9
8
163
231
58
200
153
249
28
217
147
88
249
249
48
74
0
41
251
215
226
245
214
241
4
231
198
28
242
244
195
143
223
251
163
170
120
231
236
212
161
231
64
240
200
116
170
249
63
248
204
143
181
230
187
159
41
136
237
251
252
249
211
194
52
191
235
243
126
150
204
35
217
231
217
244
216
55
236
163
156
4
212
218
1
159
212
227
150
229
232
21
69
155
223
114
208
247
250
139
11
225
181
197
181
244
227
238
163
243
225
95
208
251
237
113
219
174
247
161
29
64
142
237
104
252
21
113
231
137
58
248
250
182
9
251
172
252
229
251
11
218
236
189
198
240
200
127
165
174
159
3
251
29
150
231
169
250
235
244
18
223
22
225
42
199
213
230
181
227
216
199
250
0
223
78
238
222
250
242
162
174
226
16
226
113
218
218
237
250
218
240
163
193
230
225
162
251
235
161
244
49
182
184
11
25
74
252
55
222
229
83
161
12
229
251
251
231
147
150
163
225
163
69
21
231
247
195
226
52
144
28
20
163
245
147
102
244
230
134
247
231
249
146
194
231
29
231
158
35
251
46
163
247
223
228
252
133
147
233
172
162
234
213
150
200
13
243
62
224
250
230
163
147
231
230
247
235
193
201
81
159
230
173
158
71
140
231
230
163
169
160
60
241
251
43
247
114
170
240
227
143
231
242
129
251
3
192
231
247
149
250
247
134
4
150
237
229
43
201
221
245
248
249
227
215
160
57
229
39
247
26
56
224
225
244
236
206
216
238
25
240
201
243
226
247
127
236
136
116
143
235
229
248
193
251
188
231
224
201
222
159
244
227
224
236
226
204
241
150
249
231
231
146
231
46
248
163
227
224
46
231
145
99
80
251
174
231
11
132
189
58
249
228
240
234
163
3
225
247
251
173
236
150
219
163
227
165
2
227
231
201
251
0
162
244
251
161
82
122
237
199
249
245
237
248
231
230
243
236
233
240
216
37
231
246
227
225
244
231
161
227
225
170
231
240
201
238
229
251
139
252
174
199
114
237
49
206
8
224
201
231
241
231
244
159
237
118
150
244
228
244
150
237
170
163
231
120
232
231
118
231
5
140
244
132
34
160
226
163
244
163
235
146
231
250
156
147
126
77
244
201
163
198
251
233
208
3
248
143
223
244
53
242
249
143
28
252
85
223
162
137
241
200
150
251
3
248
226
161
236
238
223
91
163
249
57
244
231
248
61
249
9
251
160
250
43
46
121
5
173
22
250
53
163
202
223
114
233
232
134
216
147
248
248
231
244
173
234
223
231
158
4
244
251
228
199
45
200
237
208
171
231
248
172
231
74
244
87
238
28
231
57
205
231
188
24
243
231
247
180
226
225
58
231
231
231
71
42
226
249
163
200
235
93
218
42
245
208
251
244
249
195
223
231
240
231
249
251
25
181
173
225
178
244
232
244
250
162
226
249
218
219
245
248
223
216
163
170
231
118
242
6
174
122
240
118
245
150
80
251
225
244
247
226
110
209
163
231
2
102
250
248
240
171
2
46
36
64
238
249
223
244
236
87
232
161
248
251
162
231
241
243
240
223
231
215
38
250
244
232
237
57
140
228
242
3
226
226
143
82
228
220
57
238
247
233
157
231
240
230
200
50
151
251
170
163
235
251
248
95
231
74
244
198
203
248
238
198
244
64
234
186
237
240
215
245
252
78
231
247
46
179
219
163
223
251
82
240
240
204
64
243
251
163
218
231
21
251
163
206
172
221
244
240
20
223
200
248
231
9
236
4
200
35
248
244
201
233
198
114
238
252
249
27
231
13
237
244
216
224
245
192
251
96
50
231
249
223
25
185
133
251
252
251
231
21
237
244
140
217
150
251
169
162
231
209
237
231
225
172
233
118
3
237
226
29
231
3
252
224
230
231
182
231
58
150
231
227
240
200
236
162
200
244
156
146
6
226
243
244
163
200
136
226
231
240
162
163
159
245
223
231
231
0
231
224
46
231
222
229
248
145
230
146
248
163
200
35
150
179
228
231
150
63
231
226
163
176
219
168
163
243
224
142
210
231
238
242
226
220
231
208
3
231
74
237
223
141
98
238
150
245
228
231
165
248
173
245
189
144
247
11
24
159
215
34
231
175
118
225
227
56
97
127
249
231
225
188
174
150
252
171
150
175
62
114
221
219
133
224
150
231
240
242
244
227
242
235
251
11
247
174
244
231
250
150
209
229
195
211
199
200
160
240
185
139
227
232
223
83
200
193
194
142
241
228
247
100
129
247
248
46
240
240
148
214
181
237
248
226
231
231
237
252
150
122
58
240
223
231
76
159
244
2
231
9
149
149
224
226
3
29
227
159
189
177
251
192
216
140
174
244
58
113
171
35
228
243
243
247
200
201
244
247
187
46
214
217
51
223
26
231
240
193
250
163
252
71
163
219
243
240
224
52
49
247
231
124
163
227
147
249
198
161
238
209
31
155
250
175
163
248
150
215
250
224
231
201
199
225
20
240
240
175
160
185
231
11
162
252
244
122
252
225
198
242
127
173
232
143
205
163
231
223
24
160
147
12
199
34
224
194
205
237
250
223
235
223
174
208
179
231
1
150
224
224
49
63
187
230
183
199
231
96
224
20
28
251
64
173
35
163
153
231
226
150
218
229
231
175
163
231
172
224
174
233
107
248
217
119
251
113
233
200
218
187
199
244
222
244
213
116
159
24
150
231
231
233
162
248
71
248
108
158
140
249
156
244
238
41
57
114
153
226
251
230
163
170
251
200
248
6
24
251
181
163
51
244
243
188
31
249
38
245
140
83
163
106
231
200
225
231
163
250
248
24
219
218
149
240
251
120
149
67
24
134
63
249
218
231
213
233
0
205
175
144
1
117
249
224
77
126
230
199
249
231
251
150
147
192
23
240
173
245
158
231
225
7
228
251
164
198
161
238
71
134
20
219
137
5
194
114
5
241
57
248
146
43
4
62
108
163
6
167
235
249
237
224
226
35
127
202
231
244
216
231
107
245
34
15
7
134
194
129
231
119
204
248
24
16
210
193
231
219
17
150
160
122
245
205
248
174
134
233
6
100
226
35
226
224
223
251
130
249
251
199
36
251
209
227
244
34
245
250
62
237
252
133
23
160
74
154
171
222
208
147
6
165
159
172
243
223
165
223
237
251
134
223
195
71
165
248
31
127
231
251
222
249
143
41
31
149
201
163
238
204
237
251
218
231
238
236
169
223
29
206
244
113
247
252
189
231
12
163
176
174
71
136
10
172
226
175
118
232
231
228
248
234
35
251
231
236
96
223
248
223
149
181
137
248
247
245
245
236
248
229
36
36
26
71
232
248
149
240
238
88
136
149
231
150
41
241
160
250
231
182
238
232
250
48
149
251
179
117
210
243
169
94
192
248
165
20
200
96
249
226
122
51
63
200
103
199
245
15
218
247
158
221
249
150
244
247
248
231
241
242
13
249
251
251
114
243
180
126
244
244
245
82
219
247
173
1
175
217
251
110
234
229
248
95
251
233
20
240
236
160
51
147
136
126
244
161
96
231
244
251
16
231
229
252
19
248
247
231
236
249
148
218
100
43
163
25
163
192
226
244
8
218
9
3
156
161
34
227
231
163
234
245
226
163
218
227
192
233
187
198
200
145
163
231
41
199
231
153
231
186
118
163
247
192
251
231
240
6
237
171
224
62
235
235
248
124
239
250
237
231
243
224
251
224
150
204
192
231
136
232
5
27
129
63
231
11
122
190
0
226
217
247
231
225
102
249
25
218
244
252
150
244
249
236
240
245
219
231
147
209
148
248
163
249
251
194
208
249
138
182
77
245
244
127
249
48
136
244
43
248
189
2
34
231
227
226
113
3
209
229
165
250
233
129
231
163
16
27
99
46
218
189
39
175
170
250
213
1
147
223
10
251
26
224
225
196
163
213
223
244
231
240
96
140
250
223
232
16
231
245
100
218
4
225
231
195
35
148
195
110
136
114
249
182
244
247
150
244
249
29
251
244
248
