150
199
207
236
244
249
249
249
20
144
247
85
236
244
166
240
216
220
244
63
118
214
229
9
26
82
231
238
181
246
199
232
237
236
118
158
8
147
252
179
125
158
250
210
194
165
208
148
232
194
223
249
242
247
222
191
153
147
247
236
237
237
231
143
240
137
226
208
94
246
222
4
232
229
210
189
252
118
219
239
237
102
250
241
243
80
249
208
249
232
148
237
241
170
249
116
246
221
21
251
199
246
232
166
250
236
147
232
236
243
236
237
164
244
244
230
42
252
195
148
167
13
236
61
252
216
185
230
240
91
249
244
229
232
166
23
205
206
34
191
128
209
212
141
7
236
198
251
168
243
232
252
171
73
44
116
214
129
249
87
143
250
128
246
214
189
129
192
173
147
26
242
147
244
236
171
64
161
236
154
170
27
216
252
231
220
230
148
229
197
185
249
250
100
244
249
249
240
209
244
226
135
148
238
237
243
195
1
169
180
118
11
99
169
234
137
209
164
12
233
236
236
56
224
221
13
57
148
232
182
226
252
193
250
58
190
236
237
80
66
236
56
252
252
231
183
165
236
249
214
179
241
237
246
147
243
224
234
231
232
246
236
160
198
174
110
1
172
199
229
249
145
27
148
240
249
249
249
114
21
61
193
61
246
231
232
148
49
58
231
236
191
4
16
237
20
170
237
6
238
247
45
132
249
252
209
21
236
249
91
147
241
4
170
232
42
180
249
242
225
73
60
222
216
220
240
142
228
217
239
236
182
202
117
181
1
156
99
118
232
247
243
229
62
241
169
199
13
137
232
236
103
232
236
217
214
8
88
236
238
252
221
230
243
162
225
252
128
107
211
41
155
36
176
195
198
241
175
36
225
193
237
191
221
142
236
252
222
252
25
243
144
240
249
199
181
57
186
249
239
214
235
170
214
229
174
252
223
28
237
234
42
250
249
180
59
26
126
230
148
25
230
147
176
129
213
192
8
220
148
164
236
143
195
236
49
190
247
247
246
235
140
247
230
223
153
129
252
252
214
130
243
246
242
209
194
227
213
148
242
209
11
235
165
246
232
164
175
3
243
242
249
236
252
165
249
243
183
236
230
244
82
252
236
0
154
148
233
160
10
55
229
217
114
252
140
183
232
118
239
232
88
181
236
36
247
219
141
164
6
14
241
202
4
102
237
222
236
176
244
247
192
221
176
229
116
225
165
252
249
249
225
162
96
249
213
211
216
236
79
194
183
206
164
230
222
249
193
252
250
234
197
190
122
27
234
243
148
161
22
82
171
225
143
225
45
244
161
224
240
232
55
234
231
231
236
34
148
230
148
170
236
62
236
249
237
46
42
252
164
209
6
50
83
243
165
231
239
231
209
194
220
199
222
33
103
218
114
252
222
229
240
252
104
166
87
60
160
148
181
13
206
221
242
252
1
74
243
232
163
36
237
166
154
153
27
244
135
142
207
232
234
252
162
225
242
179
247
140
252
249
27
183
217
237
237
232
113
198
238
34
196
94
129
60
158
232
183
249
233
249
232
239
237
250
159
243
74
235
249
209
186
31
180
148
247
247
212
191
144
8
237
242
187
225
221
212
190
230
1
159
54
141
210
232
191
250
234
118
246
238
213
249
226
137
116
236
214
162
243
252
126
228
236
148
224
216
126
170
252
172
245
182
21
220
249
26
60
13
4
38
177
117
243
247
32
236
121
72
235
64
126
164
173
226
232
21
164
182
181
252
237
250
114
175
130
7
39
165
217
56
129
177
233
239
242
209
211
219
183
30
241
209
180
167
223
121
83
176
175
14
233
177
148
240
17
240
3
148
181
156
231
148
232
147
238
236
181
209
236
214
188
164
246
237
28
58
244
182
236
62
236
139
249
232
67
192
162
134
148
182
164
148
241
225
136
117
73
137
252
252
236
239
39
197
153
249
252
232
222
219
227
164
234
240
235
232
13
208
236
199
53
193
236
232
246
118
63
220
231
236
160
167
145
155
138
171
148
239
198
252
232
161
175
20
186
232
8
102
23
232
60
192
23
162
242
242
169
236
237
174
148
147
49
36
213
160
227
74
148
194
29
243
209
252
252
170
32
208
194
244
250
237
230
8
242
240
4
57
16
232
96
22
78
241
60
237
250
227
168
251
147
46
232
43
46
153
236
9
170
0
201
249
153
230
59
6
194
30
225
118
45
148
53
214
233
244
36
237
157
201
229
236
11
252
32
246
83
236
222
217
229
237
230
225
23
23
247
223
103
148
237
250
252
236
164
148
146
225
148
136
161
60
9
4
249
161
242
242
95
247
211
207
249
244
252
4
47
161
227
232
8
241
247
232
230
189
232
54
46
27
229
214
247
6
246
164
27
141
140
232
6
96
166
234
252
8
252
100
142
243
249
164
234
182
244
230
123
158
4
85
233
60
164
199
171
239
234
228
66
221
246
231
155
147
0
246
148
63
251
244
180
195
231
114
228
201
26
229
85
53
150
148
230
164
246
164
252
230
36
199
187
189
143
148
143
240
230
13
249
148
140
145
229
232
5
225
118
252
199
250
236
8
211
207
234
164
232
157
248
233
249
229
196
198
243
73
46
179
148
74
236
252
170
98
8
20
236
83
235
240
237
74
230
210
232
62
200
205
33
236
211
167
183
28
236
20
165
213
192
188
32
228
58
252
192
236
236
148
45
250
22
57
116
144
234
160
81
162
20
148
222
249
49
153
252
231
180
243
249
36
173
188
237
240
2
236
249
222
76
190
230
145
221
221
164
252
243
221
222
248
236
237
208
50
143
205
246
222
221
207
148
236
220
244
23
229
142
148
225
182
238
100
198
244
212
15
230
132
147
247
214
211
148
233
122
183
199
186
147
245
180
251
225
183
236
1
63
249
99
237
231
249
158
181
221
141
4
232
0
240
5
238
232
166
48
147
148
249
209
171
171
234
74
166
199
143
214
229
42
244
186
220
250
252
205
6
224
230
27
60
27
227
36
41
236
102
246
20
241
210
238
10
42
231
179
214
183
234
142
170
247
209
63
252
28
181
232
238
44
236
232
242
39
237
82
239
252
148
246
236
147
252
221
13
29
231
95
251
246
101
235
236
37
232
214
12
148
63
130
27
180
231
29
212
130
212
161
236
205
228
43
1
183
195
250
194
197
244
236
47
190
213
170
146
65
181
235
236
164
236
228
225
27
82
238
240
183
83
142
163
252
54
79
188
252
97
249
236
230
137
252
85
222
132
222
232
247
165
249
53
236
199
243
49
159
236
178
240
199
229
165
121
250
205
236
1
236
252
139
201
19
187
47
164
128
142
25
37
25
250
195
231
220
4
236
249
228
192
229
243
237
231
230
246
215
222
236
64
237
236
236
64
164
219
163
243
171
119
17
210
183
188
222
3
239
229
208
252
149
239
221
175
243
60
58
252
232
156
127
20
251
247
243
208
236
170
247
249
241
252
49
229
244
164
31
233
36
164
160
236
252
204
179
232
199
58
249
228
173
138
252
237
87
41
153
222
29
233
62
58
249
130
244
183
250
21
168
20
251
236
226
116
230
63
236
252
130
25
20
247
197
222
232
236
121
252
79
84
93
233
232
247
149
243
230
237
205
27
229
183
233
31
243
221
247
180
1
236
164
61
252
227
214
182
161
247
114
197
252
231
249
147
191
193
113
222
113
246
164
146
246
29
232
164
232
226
170
53
163
234
227
224
11
214
80
179
164
190
147
231
177
244
250
236
139
238
171
167
199
162
235
130
130
236
233
182
198
39
117
150
237
242
223
231
62
47
192
237
205
196
234
47
240
188
167
199
171
236
222
59
175
166
187
166
17
234
148
58
214
222
8
179
222
53
212
232
232
36
36
82
53
20
148
247
83
173
247
133
228
64
183
17
247
143
239
198
148
38
198
188
207
135
78
95
244
252
213
219
9
196
228
217
182
252
227
212
252
240
240
6
225
239
46
233
4
163
250
232
114
236
154
10
213
118
209
5
11
235
193
164
141
252
73
230
232
77
199
181
3
148
244
236
236
232
83
32
249
236
206
183
126
222
38
250
160
226
181
177
222
119
238
164
252
190
249
236
232
238
252
34
196
250
225
252
230
54
118
231
74
236
238
249
222
237
194
229
33
183
222
162
196
230
59
203
23
168
148
226
244
64
230
199
154
39
171
41
163
247
247
252
240
221
249
236
225
0
56
236
230
4
225
229
244
153
10
249
241
118
32
141
232
206
239
232
222
230
180
4
246
237
88
1
231
48
165
246
127
145
216
161
232
249
217
158
119
205
234
236
22
249
236
236
247
8
242
183
141
252
202
232
164
222
214
252
198
150
4
12
182
244
169
231
27
225
147
132
250
27
249
164
148
6
249
222
213
250
234
73
117
232
236
108
236
147
99
41
233
232
104
147
119
252
166
37
213
252
232
18
62
46
249
126
226
168
232
29
83
0
214
126
171
199
229
181
161
236
252
6
244
164
12
232
217
0
51
234
213
233
193
163
241
27
208
244
236
232
195
230
241
0
246
147
240
72
221
87
244
49
249
3
226
49
147
4
76
213
199
214
164
16
237
221
222
119
64
250
212
77
20
177
191
114
13
17
246
236
166
166
232
249
21
250
143
221
237
4
213
26
246
9
252
221
192
237
113
249
236
126
74
207
214
188
137
19
232
236
147
226
96
166
164
240
241
238
217
236
233
2
197
221
214
232
232
222
34
237
252
239
85
136
251
201
77
217
150
140
230
246
225
252
17
82
199
246
222
148
252
160
246
236
219
27
74
67
165
232
207
251
100
109
209
197
31
249
182
88
48
153
142
247
214
148
249
244
24
229
147
191
145
130
222
199
38
231
243
147
230
125
216
244
244
182
114
118
45
249
47
161
232
222
20
187
181
237
81
249
157
236
217
238
147
148
13
244
161
219
249
114
137
130
181
231
207
246
244
1
243
39
206
232
217
148
171
121
252
252
122
236
251
242
236
246
81
21
236
236
236
182
234
239
220
110
32
232
140
147
54
124
238
170
230
5
169
59
214
232
226
231
1
32
194
225
250
220
18
148
227
164
210
239
148
191
244
206
176
233
19
164
235
166
220
194
3
233
222
136
249
244
222
244
26
164
4
175
203
236
234
12
222
199
214
46
190
147
237
131
64
235
249
148
164
229
240
158
244
217
209
19
192
228
164
252
233
244
250
63
250
249
13
170
217
118
100
251
25
34
202
205
125
252
242
228
164
160
228
11
236
230
33
3
180
11
71
81
54
147
210
170
231
147
241
236
182
182
244
194
188
130
242
222
236
231
153
190
249
239
54
148
230
147
73
5
126
145
237
34
252
87
3
249
183
153
236
252
196
0
220
243
72
249
27
236
174
244
103
164
242
237
229
197
69
249
252
247
219
232
96
237
233
38
16
249
232
192
235
222
103
233
109
241
190
242
186
205
176
22
249
230
252
249
232
96
250
180
238
190
207
251
236
153
236
250
227
207
109
230
232
172
178
9
10
250
152
117
197
250
162
232
229
232
249
57
148
192
165
117
154
240
155
232
190
228
236
118
246
87
252
252
121
224
236
232
64
177
233
250
236
236
216
232
244
168
252
232
165
24
28
211
80
2
146
124
236
243
230
140
32
180
139
49
215
230
252
250
63
230
236
244
195
87
51
222
238
232
233
240
156
216
213
252
236
247
214
230
156
95
207
244
250
228
170
236
228
222
242
168
45
252
179
246
170
249
197
227
244
8
252
239
83
243
132
222
230
110
242
161
226
71
206
236
222
246
1
230
236
118
150
165
251
230
171
225
212
252
236
0
236
2
252
46
237
234
246
25
235
232
81
221
8
122
252
179
252
243
250
246
171
11
220
175
250
202
57
230
33
232
152
177
144
190
193
237
24
236
244
236
74
229
237
244
149
252
58
29
241
21
164
28
64
217
232
230
140
228
12
222
236
161
38
57
186
210
137
240
236
234
247
233
249
222
164
169
208
236
82
244
156
217
148
229
242
225
23
252
95
71
148
236
29
19
236
148
49
136
232
103
232
213
247
241
243
222
252
239
53
139
177
120
182
57
249
252
166
240
230
60
231
252
222
122
237
103
99
130
236
87
232
235
252
171
58
184
229
63
117
58
148
175
199
207
240
27
224
186
161
22
219
243
224
244
180
249
142
236
252
78
252
74
230
221
243
7
236
18
236
247
53
45
231
244
62
246
232
182
240
227
228
1
178
236
236
230
24
239
252
99
236
16
222
249
36
225
250
132
241
252
5
61
232
232
174
236
59
186
12
9
232
200
197
3
234
234
240
236
232
220
212
217
77
243
163
42
150
59
195
8
31
59
246
244
230
240
116
164
117
202
213
60
160
249
104
189
196
226
249
189
26
232
156
232
16
222
33
230
54
147
236
147
208
33
244
232
150
240
116
216
78
234
249
240
236
247
114
74
232
36
252
242
164
175
2
216
236
222
147
31
58
247
31
183
236
243
234
249
237
147
60
251
147
217
1
248
58
177
45
250
205
180
236
144
185
230
230
249
228
170
128
74
195
236
3
249
173
153
236
236
53
164
148
236
147
246
236
29
246
238
237
245
240
205
242
230
244
214
221
234
181
241
163
38
1
237
38
239
142
205
243
236
142
247
234
244
25
249
216
232
183
148
4
237
236
252
114
169
236
11
241
126
232
187
232
129
237
232
239
156
168
243
29
249
249
225
210
34
236
24
130
117
249
239
251
51
148
114
6
233
147
64
44
191
219
240
117
222
250
38
244
179
155
231
141
222
30
10
222
168
214
193
28
221
127
212
217
226
226
177
6
237
113
