126
246
238
157
224
150
96
235
24
126
251
144
21
244
152
232
39
99
232
126
246
235
175
165
104
225
232
79
226
22
251
246
162
164
203
185
174
46
250
149
214
232
199
235
39
248
236
75
164
237
232
217
160
166
17
118
194
248
184
199
175
237
24
84
232
200
235
212
232
235
181
28
209
237
117
248
9
38
247
22
214
180
237
119
144
212
235
9
232
159
188
220
251
237
171
192
158
235
192
135
145
241
16
172
186
24
82
247
224
160
226
161
250
246
213
50
175
148
244
25
87
49
240
251
147
240
240
195
251
250
149
191
232
91
218
235
28
12
149
232
232
132
9
226
160
209
198
248
237
246
1
240
239
12
165
195
232
245
87
54
247
31
238
240
235
163
31
225
128
34
104
190
246
192
182
85
246
51
176
251
251
232
175
226
247
216
151
252
1
87
84
151
232
110
117
251
185
160
45
214
239
237
190
175
235
244
22
218
218
235
29
224
218
131
244
235
175
207
156
43
114
236
237
244
227
249
158
240
159
225
250
9
161
134
149
237
110
19
26
82
120
8
212
191
122
237
250
236
237
160
230
237
219
151
7
17
227
135
20
251
151
70
241
84
8
178
237
215
119
235
244
235
165
184
250
237
58
151
62
232
176
23
191
161
39
226
232
178
136
169
73
251
48
218
164
178
184
96
193
206
145
237
226
193
87
27
150
235
206
237
218
244
9
63
99
238
218
240
237
43
232
168
114
244
167
160
174
235
63
158
232
232
214
246
96
24
237
64
232
246
176
235
237
149
220
224
212
251
121
81
151
244
24
237
228
145
232
4
116
226
244
48
178
164
250
240
246
106
162
71
22
232
244
85
141
45
134
252
195
251
161
179
136
99
221
196
252
88
225
218
237
81
250
195
218
232
229
134
216
224
138
186
176
194
240
149
215
25
133
232
134
7
248
239
228
209
114
21
251
94
247
69
239
239
26
232
251
235
87
195
237
229
26
190
182
17
126
237
227
215
82
64
20
161
237
249
206
239
218
143
235
183
27
185
43
248
251
220
151
248
191
230
192
224
251
146
246
9
232
225
251
24
244
195
235
235
174
77
226
237
218
244
237
251
187
207
102
195
204
247
58
220
39
240
250
230
252
122
213
226
190
164
24
246
160
252
208
38
209
235
250
232
234
226
24
251
222
171
151
3
21
150
191
137
248
235
251
232
226
251
55
46
192
223
77
46
237
176
164
117
195
232
235
236
39
238
244
145
136
251
251
215
244
63
31
238
225
228
237
182
236
235
22
219
160
161
250
232
237
251
2
225
247
19
158
34
32
150
156
247
163
217
232
226
250
1
164
232
8
25
85
224
242
226
10
243
160
246
214
18
48
152
223
175
235
248
203
208
183
196
126
244
199
58
186
224
217
208
0
215
11
185
5
151
25
251
21
87
235
0
170
232
11
244
60
237
74
212
131
192
250
118
232
179
251
252
244
119
211
230
161
235
232
239
181
62
195
77
160
142
244
212
225
39
175
251
36
216
244
181
232
3
87
3
250
166
248
116
251
211
229
232
3
248
60
36
193
232
164
244
150
48
151
175
164
4
238
63
237
181
223
215
179
247
119
31
249
215
190
131
204
224
240
174
150
232
190
227
183
163
251
244
191
226
186
244
87
232
235
143
174
246
190
208
232
204
108
240
149
184
251
25
167
138
1
245
244
7
33
30
244
220
164
232
232
231
135
190
26
215
28
87
239
252
48
117
151
237
173
160
252
95
49
228
77
248
132
151
244
72
232
160
159
232
235
244
139
3
235
229
232
190
143
176
199
84
232
232
118
156
213
203
34
244
110
85
239
244
248
250
161
175
47
246
45
248
224
48
225
131
0
250
251
194
215
244
114
160
110
239
226
163
164
74
161
252
114
250
235
246
196
27
44
232
29
163
187
232
12
26
244
126
58
226
149
247
183
175
246
238
241
184
182
232
235
244
53
50
11
224
37
58
212
106
152
106
237
232
229
237
237
241
77
131
95
218
195
232
240
204
169
41
244
226
27
20
232
238
240
130
235
248
232
195
26
247
144
224
62
249
251
99
225
193
251
182
12
185
251
198
71
150
236
3
58
1
163
232
228
250
249
250
38
218
1
35
158
248
187
224
244
160
224
152
220
211
244
187
226
192
220
144
27
160
43
186
207
174
163
171
81
244
244
44
250
138
8
4
202
131
237
21
192
182
208
232
247
235
235
215
248
250
87
181
225
236
87
238
227
17
133
224
230
225
213
249
230
144
232
204
226
244
227
235
232
238
211
186
237
33
247
225
232
230
207
235
164
248
173
87
223
232
187
239
224
212
134
24
192
160
124
6
237
41
232
235
209
150
237
232
134
232
62
157
238
235
186
246
208
137
244
53
164
232
25
159
229
150
25
246
228
198
250
232
230
32
19
235
35
250
235
3
220
152
235
63
1
29
238
235
232
139
134
237
73
241
177
116
235
229
244
236
224
248
231
227
114
223
225
232
12
215
119
244
250
237
226
139
218
224
28
235
4
2
35
220
219
249
144
140
235
244
46
251
164
26
195
232
240
223
174
213
218
158
240
240
232
227
136
235
230
122
192
224
63
43
160
119
237
220
239
252
247
248
1
4
237
184
110
150
118
237
36
216
30
193
48
20
215
251
17
160
64
244
122
198
232
192
225
251
251
248
148
235
156
52
223
240
232
251
215
226
208
9
215
252
14
52
224
102
232
235
239
232
214
160
39
202
247
244
244
160
224
232
85
60
194
51
160
181
224
232
126
74
198
45
220
206
10
25
143
85
134
206
167
235
5
248
226
186
235
122
164
251
3
232
246
87
29
185
244
251
248
220
232
212
232
164
237
232
244
251
158
209
238
238
244
225
244
151
246
9
177
25
6
0
186
251
46
250
175
239
241
218
151
145
11
248
166
56
235
5
251
220
224
148
19
250
220
250
20
212
243
232
126
56
3
226
246
193
0
236
1
226
225
235
229
209
20
116
28
239
69
130
212
63
144
240
236
201
156
237
226
171
244
235
39
232
160
244
64
82
58
250
224
209
185
192
58
151
237
62
172
31
232
248
235
206
152
0
250
35
160
208
21
251
239
35
252
214
214
110
131
244
134
244
249
251
232
232
246
164
237
244
126
226
143
217
8
238
35
252
248
134
26
39
214
224
235
194
25
84
240
220
237
61
173
240
218
199
227
224
16
246
87
251
232
232
175
183
11
235
91
250
34
218
218
222
238
125
223
32
176
237
248
250
237
230
161
212
215
239
32
66
216
244
170
232
165
160
244
143
226
184
139
229
195
248
215
10
205
45
10
34
235
236
237
62
163
208
225
250
226
137
19
192
172
63
3
237
215
215
160
248
235
173
134
246
211
186
246
214
58
229
184
237
243
235
220
235
250
219
235
140
46
220
0
241
43
248
138
228
251
39
114
3
149
12
232
226
58
149
160
0
167
208
63
224
235
171
144
251
182
88
235
212
187
189
224
186
160
130
240
34
47
207
155
143
39
16
248
235
151
207
198
238
247
251
244
33
144
134
244
160
165
226
164
244
237
250
51
236
66
237
223
232
16
72
38
237
232
156
208
235
1
220
172
232
235
237
216
191
240
191
237
118
26
232
239
114
232
244
235
218
251
159
251
9
25
57
232
120
237
162
51
21
107
224
132
164
248
144
186
9
247
237
160
151
238
82
184
229
237
229
157
235
236
150
175
238
195
243
239
51
215
43
226
164
238
161
232
175
237
238
91
156
235
220
244
238
178
156
248
161
64
5
186
220
13
17
151
190
248
204
191
235
217
236
241
226
229
239
3
163
251
3
250
244
150
149
251
176
226
232
240
226
2
114
232
237
232
164
251
95
250
50
237
157
238
22
162
102
247
96
211
252
252
244
21
232
152
207
238
134
247
249
237
231
167
107
29
184
235
238
215
26
251
28
144
193
209
218
232
237
100
175
176
143
251
246
251
229
195
150
251
208
246
232
239
184
212
175
190
218
61
157
248
158
140
230
25
1
60
203
161
9
130
237
185
165
250
218
238
145
5
202
185
163
232
42
35
33
152
251
239
48
207
71
23
103
184
1
85
151
49
235
149
208
63
186
50
171
6
174
21
51
208
251
213
240
178
247
151
13
9
159
139
160
248
228
235
36
24
174
90
160
160
235
252
78
249
212
3
9
232
31
209
208
215
237
232
251
203
149
246
249
236
201
237
248
224
228
225
126
85
11
232
224
8
126
162
220
183
132
139
232
215
250
16
246
192
208
164
237
221
138
7
190
227
221
57
195
249
135
237
221
94
226
53
237
134
186
186
95
232
160
150
83
230
158
158
162
184
3
215
226
230
252
251
237
232
251
237
232
31
246
183
12
249
8
116
182
226
194
193
236
166
195
232
247
158
158
38
145
237
164
122
225
164
249
182
235
3
240
188
244
229
131
251
237
161
235
30
161
231
250
25
225
5
160
237
226
248
184
3
246
222
236
232
246
152
152
247
236
224
102
149
214
246
237
251
237
174
235
191
54
232
27
244
232
214
232
64
126
48
2
149
244
6
232
231
235
251
249
248
224
240
235
218
216
170
238
163
42
235
23
237
164
154
85
248
244
251
69
0
249
46
246
114
249
235
208
49
150
240
235
195
215
190
232
214
156
46
144
56
240
193
251
118
124
31
239
250
225
248
244
220
211
231
214
160
251
214
181
195
237
226
129
244
227
160
174
102
28
60
252
239
248
150
234
182
251
232
133
147
237
238
184
158
2
250
161
236
241
235
229
237
235
150
13
135
239
194
146
246
237
225
251
222
163
47
235
237
232
236
8
43
118
238
201
237
244
54
226
214
225
251
244
251
145
184
161
144
235
22
162
43
248
63
150
169
251
85
232
204
235
159
164
176
235
20
227
163
164
1
218
241
102
213
238
204
204
232
244
219
31
250
232
235
202
147
187
220
117
150
232
126
239
64
5
144
247
186
223
43
244
244
48
232
60
215
134
220
251
235
213
160
160
175
247
126
215
17
145
246
246
235
0
126
237
167
207
164
114
249
250
215
144
21
246
230
194
37
231
174
251
246
237
26
239
251
250
226
110
226
187
32
26
226
28
134
20
218
195
251
150
101
224
248
228
194
73
163
237
225
237
195
35
235
224
185
25
237
247
235
143
232
239
56
251
248
16
215
3
227
224
187
63
247
248
160
232
114
246
246
169
251
226
12
164
235
192
163
174
244
37
249
215
232
12
244
176
159
163
110
106
192
222
232
247
218
232
224
208
224
193
49
171
113
230
211
230
60
164
232
244
232
237
238
251
29
126
164
209
26
164
117
151
176
244
32
229
247
235
232
190
3
151
249
116
151
199
226
15
208
114
223
224
51
219
238
0
212
224
237
207
214
63
239
162
235
238
160
232
244
206
232
213
173
150
65
26
235
232
151
226
232
164
232
25
237
220
232
235
167
218
207
239
164
208
110
0
20
1
236
246
164
237
238
244
246
39
146
228
237
249
164
227
250
32
218
223
237
244
229
244
243
244
251
235
165
232
218
251
17
214
216
235
225
251
130
244
43
226
250
181
223
232
198
237
250
12
225
71
218
1
126
83
128
130
146
189
248
137
156
225
44
235
190
213
144
248
187
244
181
206
62
156
221
150
151
151
168
251
232
99
185
149
213
85
238
160
186
166
232
12
118
79
10
244
79
247
246
216
228
127
61
224
235
232
39
232
150
220
213
160
224
213
4
62
28
145
176
116
0
244
75
251
251
239
251
218
63
214
135
185
159
72
232
232
161
132
226
160
226
152
121
106
150
49
5
187
9
170
118
251
244
247
237
25
226
220
250
235
244
131
117
244
251
232
149
250
0
240
146
224
151
183
217
239
104
248
195
251
6
235
239
247
235
213
216
252
161
246
177
195
161
239
236
217
160
164
126
249
144
226
216
235
238
164
129
230
247
235
61
250
250
165
237
244
252
232
204
140
251
164
161
134
232
250
111
5
251
244
232
11
198
244
232
231
151
251
20
7
235
116
146
251
246
26
150
137
238
88
156
248
194
239
235
225
164
4
232
248
248
39
139
156
251
19
32
206
164
216
81
6
192
237
244
236
100
61
151
246
226
190
240
240
30
186
176
251
227
251
250
6
246
205
232
237
249
226
2
148
59
160
82
175
250
160
53
203
110
28
250
230
248
232
33
185
235
194
232
244
190
251
137
244
131
230
126
224
131
171
72
235
251
214
186
208
191
238
231
164
244
251
36
215
24
211
189
61
160
132
238
232
251
246
244
35
18
232
24
251
87
33
237
215
226
9
85
216
239
237
3
135
212
240
251
157
10
198
31
215
197
232
246
50
232
192
118
245
2
210
248
26
251
32
28
251
237
160
151
244
26
160
237
235
208
182
250
226
239
227
224
96
160
190
87
238
161
215
224
116
212
57
232
33
235
218
164
151
12
226
235
250
232
237
188
41
128
173
229
250
175
183
237
226
250
35
251
238
249
64
170
239
164
163
223
244
235
200
237
216
220
143
236
18
251
208
250
137
158
151
3
100
38
250
6
118
246
170
236
208
126
237
215
151
211
230
244
213
53
7
251
144
220
232
235
232
118
244
251
191
247
240
238
225
118
46
156
9
241
211
232
21
0
134
114
72
149
160
204
214
249
181
134
8
212
94
195
156
251
190
143
232
54
44
235
252
206
28
232
151
224
160
194
213
251
193
226
114
83
161
160
151
232
237
225
249
252
190
135
212
238
208
199
248
183
47
238
201
6
235
209
241
248
232
252
27
158
151
238
28
239
143
179
20
251
240
