233
252
147
9
197
110
32
247
51
252
197
154
243
245
121
233
233
83
231
234
192
196
178
189
1
160
191
232
230
191
242
148
193
246
103
252
132
251
57
198
17
133
43
200
248
226
240
226
238
244
152
229
102
35
185
119
251
12
172
168
160
244
199
25
237
148
197
238
232
158
241
154
185
242
244
238
21
249
76
233
202
233
218
5
193
202
232
230
249
238
246
24
80
198
51
198
179
233
138
252
200
154
218
221
247
176
246
233
192
57
48
80
72
73
145
230
245
25
237
166
252
231
199
234
133
179
65
241
109
234
241
159
132
234
238
244
10
252
3
152
167
51
58
188
252
200
99
235
246
246
192
244
252
138
241
242
189
172
150
59
242
172
227
98
64
234
251
240
241
238
58
198
0
247
238
232
163
251
53
193
177
138
248
234
251
205
96
233
166
160
197
178
252
132
246
233
226
233
187
185
246
10
241
233
202
236
202
2
193
196
233
167
241
211
62
192
219
184
237
175
252
157
0
185
241
234
210
197
102
176
233
202
223
161
107
208
202
245
87
62
239
223
249
234
135
241
97
230
62
252
244
151
251
53
238
150
137
16
252
133
126
246
64
247
226
147
252
225
229
150
2
200
146
247
129
199
146
252
24
54
43
231
193
156
236
34
191
202
238
196
202
138
29
189
190
32
236
7
184
248
150
252
202
149
233
220
132
1
6
152
199
202
236
252
249
252
247
145
178
38
247
197
249
154
246
230
233
233
28
27
238
198
150
64
132
239
200
246
60
202
51
242
2
97
237
150
8
237
244
252
247
219
208
140
246
25
132
222
20
192
135
252
251
193
250
200
194
197
41
150
234
234
243
250
233
168
252
226
252
151
193
198
202
200
251
252
34
136
199
74
234
229
200
185
243
249
141
78
234
188
163
243
245
83
246
246
241
60
241
242
237
233
57
217
150
239
160
229
233
180
4
218
220
187
212
238
17
252
199
191
233
2
200
250
53
174
185
129
150
238
242
138
231
206
230
182
160
234
199
48
247
249
215
232
244
245
189
245
58
235
186
242
242
51
241
232
192
229
246
250
132
191
153
250
239
29
199
235
197
2
150
20
167
9
163
239
244
72
210
191
191
231
156
252
225
202
246
246
252
26
187
252
202
234
170
87
233
102
241
247
87
34
232
132
176
243
202
205
246
93
197
3
234
159
8
233
145
107
246
163
250
226
225
154
244
21
126
252
144
132
158
185
154
118
193
35
194
221
244
190
238
243
238
244
243
200
251
133
73
233
234
233
233
252
160
122
28
36
223
213
238
202
217
233
192
244
233
202
130
145
6
8
251
11
103
238
244
192
159
25
161
152
32
51
215
49
249
32
194
199
241
4
202
126
232
233
135
233
236
200
238
245
251
4
134
101
64
76
246
187
133
194
241
241
192
176
147
96
63
149
25
192
46
0
4
233
247
241
53
242
62
233
123
199
215
103
230
192
133
245
190
153
163
198
238
36
233
156
251
100
133
189
157
57
200
231
118
58
231
104
231
62
233
24
5
229
114
160
126
247
232
241
63
159
230
232
63
243
34
175
160
133
232
246
233
226
150
138
239
138
252
134
36
199
252
232
233
26
247
24
198
200
231
4
186
28
173
81
41
162
179
62
101
241
197
230
240
192
153
234
245
238
241
186
239
246
172
246
145
138
45
194
190
58
231
176
64
73
32
247
252
44
245
233
156
233
243
225
189
149
218
244
250
146
225
243
252
233
243
238
213
248
177
238
238
237
43
229
236
237
241
28
177
26
169
102
246
49
0
34
230
8
55
233
110
185
5
186
202
0
194
203
233
82
185
246
238
241
233
5
25
157
234
83
1
185
76
172
191
245
102
245
230
17
248
146
48
149
128
192
213
2
36
247
60
169
42
179
245
177
232
252
245
28
247
34
246
231
230
99
244
96
156
211
189
252
186
241
250
188
166
182
156
202
251
233
247
229
154
122
152
141
159
149
34
234
233
231
161
134
252
198
223
241
233
58
241
103
134
232
126
234
238
96
202
251
126
232
246
246
15
66
233
234
233
38
154
136
244
237
226
233
241
125
235
32
199
246
230
232
141
252
249
126
136
221
242
7
246
51
226
36
13
217
246
234
233
16
234
247
193
215
6
175
65
198
87
144
241
233
33
69
249
74
175
197
234
57
191
132
238
245
126
193
205
247
252
103
157
157
53
241
128
170
252
74
35
241
200
149
154
174
233
188
161
186
218
243
192
46
249
249
220
134
199
231
215
239
127
182
127
160
39
249
252
249
149
241
190
21
172
237
197
241
194
147
244
227
199
245
242
24
252
146
198
244
170
145
176
16
190
238
230
247
56
128
118
237
62
96
233
246
57
249
247
241
249
202
232
118
240
141
40
223
154
106
199
192
213
149
154
233
202
252
154
151
245
230
202
245
179
245
156
241
36
233
251
231
226
233
1
231
220
25
232
130
230
20
249
188
156
248
158
157
233
233
126
12
162
192
220
33
149
146
225
237
194
153
159
215
189
134
240
230
233
35
189
194
38
102
52
252
156
87
78
226
113
149
230
62
6
232
236
46
233
11
249
54
36
239
233
84
231
232
129
230
174
230
104
176
244
193
218
176
51
249
187
156
241
226
237
238
245
154
197
34
244
232
123
238
142
33
24
116
95
250
131
230
250
232
160
200
177
182
249
252
233
241
95
100
27
120
93
176
192
69
234
189
74
252
235
240
233
197
244
127
252
233
234
212
192
252
5
183
49
60
176
199
178
113
193
233
231
122
246
192
246
104
198
202
59
127
154
252
245
63
54
134
225
169
99
152
234
177
250
0
169
230
234
1
36
244
238
202
245
233
234
8
239
230
202
138
160
232
202
206
241
238
246
231
243
199
192
238
241
251
230
193
197
27
251
189
34
233
198
218
2
232
122
117
219
186
96
83
229
169
247
167
200
63
118
2
178
77
10
242
200
186
117
154
211
177
236
151
117
56
134
63
78
169
118
247
234
199
250
238
202
234
54
127
197
198
250
62
239
179
25
194
36
236
251
190
246
154
160
238
233
25
250
233
250
210
28
243
250
247
154
3
247
133
197
160
122
69
246
80
199
133
241
233
233
197
220
249
199
252
231
235
26
246
238
243
234
251
205
135
45
218
236
248
57
185
85
242
233
201
241
10
190
241
178
200
187
233
157
245
126
237
127
252
202
5
184
241
202
252
245
244
15
241
224
193
252
81
182
43
118
188
145
35
249
150
138
27
181
242
97
234
251
239
246
226
136
103
241
48
60
17
114
133
156
32
200
252
160
145
35
191
232
192
233
154
238
60
242
208
252
138
6
246
241
173
23
145
193
62
252
8
151
63
192
233
64
244
241
62
101
249
252
133
167
209
232
117
132
135
231
130
200
180
234
252
6
114
233
245
234
232
191
205
234
133
17
200
238
184
190
187
154
167
200
243
34
248
138
154
234
27
241
118
87
251
139
128
197
73
152
178
230
185
133
27
87
246
231
158
169
233
231
198
245
241
200
233
172
1
148
249
233
28
180
74
245
159
239
233
233
250
232
230
159
185
169
243
26
0
223
200
252
245
218
245
34
202
212
175
185
83
249
179
186
251
202
252
181
154
232
159
26
46
182
114
113
244
249
101
96
63
250
205
226
153
156
193
178
192
243
1
103
232
241
243
249
233
191
189
246
95
175
250
192
167
5
252
235
236
104
5
152
230
233
158
183
73
230
246
63
251
157
17
192
21
54
178
145
51
252
143
251
174
156
234
3
157
245
203
49
230
152
230
224
57
231
234
114
1
29
133
241
230
233
153
246
131
93
205
229
197
244
233
202
239
246
249
234
172
252
252
246
45
34
131
136
240
244
168
220
178
230
241
246
194
0
233
233
243
251
166
246
11
232
237
233
194
247
177
241
221
63
252
249
252
44
252
152
148
233
34
136
233
200
191
160
134
245
8
230
197
229
54
126
126
249
202
34
233
246
230
154
252
244
250
218
192
6
242
64
34
247
242
49
238
233
174
161
184
199
237
22
69
149
249
126
193
230
177
48
194
11
137
246
211
73
192
192
246
246
190
57
103
205
175
251
244
223
251
233
246
178
198
240
69
240
238
55
167
152
238
241
146
198
247
178
249
173
4
251
252
150
244
23
236
36
197
169
236
126
160
177
159
74
230
192
8
118
223
43
147
232
241
242
19
51
211
232
252
212
233
246
110
229
175
44
232
182
18
249
233
17
199
169
245
252
133
24
78
63
128
196
229
194
152
223
252
252
177
246
202
17
241
138
206
234
241
139
250
233
48
231
152
229
22
234
114
202
194
179
191
210
31
246
122
249
248
102
171
204
96
251
231
172
241
247
242
154
167
231
251
233
168
173
202
96
150
240
248
241
246
32
235
215
154
249
48
193
242
8
9
192
23
252
231
60
43
35
5
244
238
225
238
246
154
252
33
232
235
246
248
147
165
232
251
245
229
252
101
243
246
251
251
60
230
238
171
106
245
149
77
239
250
234
197
159
21
64
238
126
43
102
19
238
47
252
243
194
234
196
199
202
196
246
173
232
202
212
238
205
14
192
232
5
127
247
186
252
233
177
0
199
34
224
241
172
252
190
238
232
233
252
230
193
234
74
114
104
77
242
189
137
59
246
246
25
158
252
233
81
233
252
21
154
216
247
48
13
34
188
238
25
49
28
137
184
117
158
244
231
189
238
200
150
213
149
24
103
251
135
64
218
167
244
173
238
155
60
242
133
237
191
234
1
244
187
192
157
231
124
233
238
34
232
233
225
243
210
176
232
32
242
32
245
5
104
200
242
241
106
232
233
200
246
185
242
144
53
234
150
99
145
233
188
167
248
146
158
156
242
4
233
220
234
193
249
234
252
238
149
82
24
146
242
246
27
4
175
226
1
231
191
232
189
196
232
18
243
193
246
233
241
57
244
150
118
158
58
251
31
198
49
218
182
156
197
245
58
250
249
225
147
245
241
126
63
114
249
46
220
233
202
187
233
243
251
233
202
252
244
132
233
245
167
251
231
245
78
172
199
238
252
157
8
126
157
34
245
199
49
233
118
71
194
9
236
151
96
167
233
198
245
139
71
240
118
232
230
210
146
56
138
22
252
238
173
126
46
185
231
242
199
231
242
241
245
244
65
230
238
41
245
246
252
247
212
202
99
233
232
252
179
172
251
232
36
120
129
189
189
238
58
6
189
162
197
233
250
19
152
233
168
241
243
234
252
233
134
120
232
199
234
145
66
233
187
135
193
237
189
233
247
252
197
193
234
103
139
231
236
233
177
154
126
241
244
248
28
58
91
245
36
149
172
243
246
181
241
252
27
251
53
153
58
248
243
203
184
143
238
13
233
158
114
28
193
146
185
242
109
241
199
244
19
233
241
192
154
130
167
252
245
45
246
251
199
234
150
60
51
233
58
219
252
246
200
39
200
233
215
242
252
234
233
249
178
185
188
230
158
56
187
1
230
205
241
251
35
241
41
246
247
202
157
247
252
238
233
144
81
233
7
117
136
234
60
29
233
26
159
252
233
45
244
176
249
83
243
247
65
241
108
77
241
251
228
244
177
61
241
246
242
205
194
239
81
197
187
231
177
211
91
230
252
191
51
160
149
169
233
210
25
53
249
226
218
233
245
95
252
197
231
28
1
2
110
137
244
252
188
207
224
196
238
152
193
238
172
36
251
200
251
231
193
189
245
154
244
247
70
235
233
73
249
156
251
248
114
247
179
49
234
215
249
8
42
199
242
104
189
233
175
244
8
102
249
204
8
249
117
162
71
232
54
236
202
154
22
78
109
247
174
233
244
222
87
114
79
230
185
58
34
246
131
197
188
12
138
151
238
62
241
244
247
200
118
200
238
190
220
114
244
232
188
8
233
159
120
150
188
135
186
45
8
192
45
232
236
233
231
43
76
156
103
172
159
202
71
200
252
189
233
103
7
146
242
244
233
233
192
252
179
187
252
3
244
169
247
178
178
163
202
239
241
191
160
233
229
218
83
246
193
246
54
233
221
241
247
49
190
250
9
151
238
238
247
167
247
234
241
241
179
233
169
240
100
235
64
247
248
233
233
241
217
123
140
21
189
38
99
176
8
41
233
252
198
33
223
246
127
192
156
35
197
247
122
231
246
249
237
234
8
247
181
241
202
0
229
233
243
182
192
154
156
90
241
156
122
191
230
192
186
234
233
210
247
245
82
249
234
215
99
246
217
247
233
251
58
247
1
232
145
238
238
126
202
231
252
216
247
173
238
167
191
232
233
96
232
144
151
168
19
25
167
1
251
232
229
191
193
149
129
189
202
225
249
238
197
83
252
172
233
218
179
2
233
246
17
6
223
157
6
203
252
5
77
238
126
249
118
153
174
28
238
241
186
74
243
198
251
159
240
149
134
246
136
190
238
35
212
156
244
244
221
238
202
0
154
49
4
205
201
250
211
234
199
156
85
52
75
134
235
157
249
106
239
43
46
191
22
231
246
246
4
131
233
246
244
202
159
154
158
102
242
246
200
221
229
135
43
197
250
176
247
233
246
189
250
137
176
187
158
249
18
200
238
246
251
128
243
197
234
234
53
200
155
20
154
199
230
221
34
245
231
232
202
248
246
198
189
53
121
243
187
63
32
202
236
134
202
204
189
157
39
238
154
63
233
251
190
249
101
156
247
25
218
204
15
150
14
230
162
241
220
29
160
194
234
242
252
236
247
249
142
127
225
157
249
207
252
233
138
237
218
249
247
234
202
238
243
249
231
25
252
252
233
167
246
233
4
215
246
236
