163
54
224
9
239
29
236
126
147
87
188
140
238
192
38
63
190
249
234
223
245
164
239
234
252
239
191
87
208
221
170
241
8
221
228
29
249
251
27
177
239
234
135
246
103
251
203
140
1
223
141
225
252
184
161
63
250
252
245
123
20
220
107
20
167
221
16
186
223
192
223
134
225
174
174
223
199
205
215
234
192
224
126
229
251
250
116
171
251
231
240
122
238
3
249
216
190
247
239
172
239
139
234
213
58
24
234
214
138
208
245
203
77
239
223
244
214
187
195
225
247
252
226
226
247
240
67
154
221
185
9
252
223
223
223
221
154
224
219
240
224
22
215
36
249
204
247
181
245
251
192
157
187
84
16
245
239
235
158
234
27
236
251
150
239
1
223
211
3
215
4
246
208
251
24
250
138
49
22
77
236
133
216
135
234
239
36
8
241
218
245
245
226
247
218
126
38
224
223
178
31
27
220
5
224
151
245
231
185
161
11
213
192
39
186
161
164
245
247
190
216
156
169
203
31
33
114
69
225
167
173
24
51
154
53
150
163
179
223
215
208
162
172
214
239
249
250
174
175
223
139
29
147
213
216
249
121
194
238
234
221
175
80
213
242
250
182
0
212
236
194
234
227
251
35
38
64
219
173
204
185
213
208
186
238
208
246
197
181
252
82
79
151
6
126
173
251
204
224
197
228
223
159
238
249
211
234
122
208
144
240
135
7
217
96
17
159
38
49
186
251
5
43
224
185
225
237
242
195
147
240
160
97
47
252
209
239
211
212
158
67
230
149
75
39
224
72
67
192
205
150
118
227
240
241
239
47
6
234
239
82
96
3
181
21
246
132
245
215
246
212
247
49
57
190
43
195
244
204
236
190
164
241
176
58
77
104
217
234
247
192
223
205
192
161
28
224
240
238
164
169
8
54
154
64
239
240
239
249
69
121
59
234
247
162
110
134
212
224
99
239
225
223
251
214
44
13
212
150
0
186
160
27
223
245
226
69
233
214
226
25
156
192
29
16
250
118
110
234
77
162
239
84
236
214
239
42
158
141
110
239
242
246
221
242
69
217
225
59
217
240
57
141
126
223
195
218
48
186
233
234
134
216
239
228
224
192
223
21
169
238
189
234
87
175
215
130
20
243
25
142
249
234
173
35
247
234
226
95
72
250
211
234
211
185
78
175
174
164
29
120
175
38
24
160
239
204
20
204
225
142
157
152
241
175
174
242
177
223
26
249
219
1
251
147
64
81
194
251
212
174
100
83
243
241
185
251
252
214
234
239
206
11
225
25
114
140
148
221
210
251
241
213
245
251
224
161
242
247
235
224
157
0
22
171
225
242
161
228
224
116
103
218
27
239
217
77
235
154
213
191
116
185
0
246
4
159
249
72
224
249
118
238
1
130
251
25
159
54
139
239
45
249
50
205
60
125
234
126
207
252
16
77
219
46
217
174
191
225
250
246
157
195
234
217
23
177
250
192
224
114
150
134
234
55
222
220
223
223
128
234
213
141
203
82
164
223
215
35
85
96
249
52
46
159
174
1
110
185
144
214
26
241
143
234
164
64
91
210
228
235
156
134
249
217
249
234
228
223
206
249
188
228
127
23
141
226
175
230
38
215
246
223
140
127
208
223
232
141
49
250
239
242
228
175
250
225
186
240
213
175
192
110
227
8
161
212
173
234
204
248
251
45
122
234
214
201
239
251
239
244
219
238
218
197
38
239
103
225
213
226
35
1
154
45
34
124
223
134
142
221
248
214
239
19
210
0
248
144
224
223
191
173
57
242
192
192
227
58
161
145
156
246
49
188
233
209
201
174
71
252
113
195
249
175
203
142
242
175
182
134
116
96
242
41
158
187
239
189
220
204
204
31
228
3
235
224
185
225
4
245
219
160
63
251
103
27
247
192
236
249
16
208
140
32
213
26
238
239
30
175
110
58
251
81
246
252
174
199
247
170
158
241
164
24
164
208
113
234
251
212
152
234
241
158
96
208
234
192
188
108
63
241
239
135
23
234
47
208
218
239
224
223
217
224
160
214
239
199
238
234
234
233
106
216
224
214
225
191
245
234
245
118
177
4
43
252
214
5
6
173
214
2
239
62
247
251
56
214
137
223
239
35
228
190
221
251
119
219
225
25
235
213
56
247
235
13
170
202
245
234
30
239
41
251
234
171
223
238
241
247
223
126
245
212
234
145
31
220
185
192
221
250
164
8
245
116
4
245
251
239
221
206
238
201
162
239
226
240
99
240
250
225
46
24
221
134
13
226
251
221
202
143
176
103
186
141
224
160
197
178
6
194
230
174
208
206
250
52
78
234
188
188
237
225
227
49
174
203
169
242
54
36
223
122
230
228
247
186
192
206
26
240
185
219
251
234
247
238
224
216
175
83
91
217
214
118
240
164
169
234
18
238
16
142
218
210
159
46
232
245
173
21
176
251
242
204
234
29
35
184
16
239
83
226
246
208
191
64
186
93
99
217
151
8
24
198
178
181
194
245
234
224
158
43
22
216
234
234
165
231
190
217
223
246
233
173
248
19
226
213
216
239
135
223
178
96
107
151
208
53
249
147
213
197
227
39
228
211
223
188
1
169
251
21
163
192
199
244
14
239
248
129
239
251
59
202
57
0
131
141
225
188
234
239
242
118
174
122
63
225
110
221
240
243
224
185
46
223
208
204
192
239
99
240
139
247
126
29
174
221
104
239
213
211
220
247
221
88
246
18
240
245
45
251
103
147
7
221
241
186
174
238
160
174
25
192
192
119
214
83
215
191
1
238
56
151
194
234
202
236
64
245
251
169
239
246
234
202
192
100
175
211
247
228
156
242
58
190
25
27
68
192
232
213
250
240
154
98
58
139
43
223
35
230
244
11
221
129
247
175
13
83
96
73
192
249
129
65
215
216
245
240
234
163
24
41
239
160
135
100
74
47
117
234
224
251
88
250
247
156
43
233
71
155
251
240
192
156
122
234
191
192
162
221
249
110
176
9
109
221
208
214
251
206
48
166
238
192
174
100
241
247
190
221
219
219
187
247
247
182
238
11
175
247
206
234
247
69
39
180
191
252
185
190
34
126
174
239
251
57
242
134
224
141
251
0
139
214
220
208
251
32
250
228
242
129
196
56
229
234
200
224
46
178
238
218
0
233
8
186
124
177
209
246
51
5
225
221
226
164
210
241
209
116
249
245
226
225
249
27
247
8
252
54
46
211
48
226
185
228
8
172
249
223
215
225
251
249
241
16
251
175
186
239
167
213
158
249
228
216
234
118
181
228
192
150
224
245
241
31
251
77
245
250
242
242
32
57
226
140
149
224
126
245
221
149
42
162
221
159
190
245
192
215
151
192
4
212
234
235
240
119
240
200
22
88
128
248
246
245
64
81
191
203
206
177
212
203
49
154
247
27
203
108
187
217
214
202
251
25
96
144
246
96
212
245
245
96
252
223
132
47
62
1
239
174
246
117
174
170
157
197
151
170
225
233
159
48
226
156
144
238
23
160
42
234
211
58
177
162
95
208
228
221
117
224
214
228
142
159
246
252
32
176
164
242
176
223
239
235
52
165
178
189
250
223
234
234
243
144
209
251
251
26
221
185
122
251
149
239
191
224
185
241
245
242
161
182
245
171
220
213
8
179
234
151
250
214
246
235
221
81
150
54
5
139
98
54
223
244
215
221
238
214
116
224
190
16
176
233
241
44
223
95
133
157
236
144
249
224
223
87
163
49
251
224
225
21
8
238
214
31
250
224
227
174
225
8
162
203
35
0
45
251
251
63
214
249
247
251
197
239
248
241
215
177
220
225
83
247
251
223
225
142
181
129
214
238
240
226
242
14
239
159
234
190
203
246
224
252
49
242
234
228
34
204
248
224
183
249
214
245
245
126
251
110
224
247
250
38
212
251
191
160
20
121
150
26
234
206
245
240
29
11
208
199
171
239
158
241
174
150
210
215
25
27
2
203
22
249
155
221
228
238
223
119
46
124
178
191
162
237
249
38
225
27
190
203
238
127
199
139
48
171
137
223
249
142
238
34
190
214
240
251
224
195
221
51
247
228
197
73
225
178
225
208
24
199
249
225
63
32
250
141
190
223
247
151
175
214
190
214
247
193
12
204
230
175
149
245
161
191
241
195
25
249
118
177
238
199
212
88
248
217
8
191
150
224
114
231
239
142
223
241
21
240
250
192
87
188
125
224
216
177
114
126
141
164
117
214
221
246
203
250
7
252
233
190
234
104
218
207
246
46
118
142
187
192
240
126
234
249
136
215
246
209
194
124
46
246
235
251
39
252
0
247
214
245
184
241
248
239
45
186
27
47
154
218
234
248
150
249
192
141
218
188
245
202
251
174
140
220
96
223
216
164
20
247
1
225
247
13
175
204
118
251
38
240
251
225
225
239
239
252
239
61
242
228
251
154
176
214
228
0
192
223
245
190
250
245
250
249
174
248
251
23
117
156
204
164
96
248
235
251
10
214
238
225
126
224
164
251
160
25
47
45
184
247
191
249
64
27
190
118
219
147
164
251
207
164
39
157
23
16
6
173
132
110
188
185
234
34
58
54
157
238
25
70
149
6
214
234
203
239
74
204
157
45
247
179
83
223
245
221
224
44
223
143
239
162
241
234
242
218
214
63
190
223
220
251
166
134
238
242
47
38
227
152
223
190
223
223
240
242
223
218
238
197
238
228
133
140
147
249
124
223
96
228
150
220
136
189
223
224
191
189
20
245
204
250
217
28
242
158
37
212
226
238
199
142
213
241
225
227
242
22
156
251
227
245
164
42
128
154
199
226
160
249
239
203
71
224
73
223
242
224
233
215
245
158
217
234
216
60
215
249
194
192
225
54
130
171
245
221
216
249
226
18
29
47
234
187
169
246
178
247
173
187
169
240
208
70
224
236
164
171
246
162
192
247
249
213
251
241
234
29
219
243
190
239
242
120
171
43
251
219
239
165
239
6
239
238
156
221
221
175
239
16
234
48
25
218
225
225
252
246
173
188
246
185
35
217
239
249
102
87
213
234
250
197
161
154
239
239
114
25
238
173
223
48
251
164
39
214
249
169
25
98
40
242
48
0
163
24
192
225
220
248
35
227
175
249
34
190
225
142
138
175
22
27
247
215
63
191
5
252
242
91
214
178
54
223
72
190
1
213
185
143
234
251
204
239
162
77
224
216
192
239
239
248
172
219
205
114
204
171
60
252
62
247
62
241
239
186
204
231
225
224
249
249
46
247
223
129
223
216
162
4
228
191
242
140
111
230
240
225
245
96
177
207
154
234
122
151
202
22
234
170
245
73
26
56
192
247
134
201
188
8
239
218
24
209
63
143
209
239
51
238
134
192
214
250
224
206
249
124
243
8
52
10
204
211
174
175
96
118
56
236
242
252
251
174
242
225
131
118
251
249
218
187
240
192
218
233
218
238
190
44
127
252
204
218
251
249
164
64
234
240
239
83
160
141
177
58
140
238
216
239
141
213
251
164
245
85
216
186
49
223
197
135
141
204
249
118
141
160
36
8
239
240
142
175
27
247
129
34
182
240
248
119
188
163
252
245
250
243
211
241
164
216
251
102
246
232
27
242
217
8
221
170
139
226
245
85
140
64
251
4
7
154
223
245
202
212
219
214
183
24
148
5
224
212
167
246
164
234
239
48
214
216
72
241
211
192
180
26
100
221
58
56
251
34
241
27
169
250
224
239
152
176
35
251
223
251
217
223
192
162
224
141
233
126
24
175
175
252
239
186
188
228
235
239
242
183
230
251
55
224
245
234
218
144
145
223
156
251
238
138
142
223
31
164
169
235
6
234
223
191
247
35
249
34
249
0
88
249
122
245
224
126
223
21
225
228
142
147
209
224
245
150
25
190
48
249
122
216
241
224
240
163
192
246
156
21
144
29
221
196
11
235
106
248
16
239
240
29
181
241
197
240
204
190
234
212
239
191
70
238
225
5
216
246
242
223
238
245
150
251
218
219
248
182
234
129
249
180
4
236
67
156
239
129
218
225
250
239
239
224
245
58
188
249
249
143
186
181
190
223
245
223
69
238
248
214
247
214
171
248
46
242
239
246
189
223
214
223
239
117
39
243
34
201
201
49
224
221
99
192
175
1
151
208
31
249
204
214
245
212
24
234
234
174
239
223
23
219
189
58
16
175
30
247
138
121
229
175
204
242
161
251
236
251
247
26
201
164
103
251
74
224
225
130
225
219
214
199
114
238
248
245
252
235
226
5
163
251
249
166
103
240
252
213
197
234
228
221
156
118
170
135
187
242
201
163
214
102
197
239
246
252
192
249
220
193
20
249
39
62
217
251
216
142
177
251
245
191
245
234
157
156
69
190
34
184
62
9
224
221
225
245
222
249
249
117
245
211
227
240
92
135
85
223
245
217
38
240
1
174
251
186
214
116
8
1
242
49
189
160
208
134
234
234
110
190
226
175
221
27
238
250
250
221
2
173
225
191
102
247
225
126
245
166
190
220
128
251
49
190
194
143
145
249
20
174
204
221
176
247
130
224
238
223
172
250
121
239
116
110
43
234
251
245
1
249
242
24
239
213
225
151
240
96
225
228
246
234
234
246
226
152
226
185
221
158
35
175
204
54
234
239
150
190
205
242
224
224
64
225
238
1
49
57
250
223
234
226
25
169
192
225
227
64
247
234
239
16
242
246
31
148
224
241
213
192
57
225
221
224
184
251
192
235
83
127
166
192
228
33
157
96
186
245
252
219
63
103
216
234
4
29
142
174
99
249
238
234
225
154
219
247
238
207
176
204
221
203
140
113
62
