192
242
207
239
243
235
230
58
153
251
154
202
58
154
243
244
248
202
251
210
150
151
183
242
154
171
231
196
234
37
142
198
239
231
227
204
113
53
236
227
250
160
220
228
140
231
0
230
242
229
142
240
136
165
251
25
227
231
248
244
126
204
181
251
195
53
181
1
158
165
248
208
246
227
206
231
243
192
188
209
157
2
228
236
5
142
159
235
198
6
240
243
28
209
179
230
48
50
197
244
242
16
189
20
168
242
248
190
153
227
243
36
239
239
230
223
2
177
244
227
226
5
49
227
16
130
139
6
21
243
228
47
176
242
247
187
216
209
248
219
114
248
58
195
227
227
53
226
250
194
204
233
111
248
248
138
240
247
195
232
247
235
199
26
11
227
222
192
227
63
63
148
3
242
21
202
225
20
226
60
216
227
5
227
172
248
220
58
183
251
243
214
251
152
202
76
251
248
248
117
246
220
244
247
210
47
131
173
246
176
62
160
103
203
246
150
227
63
87
241
209
106
235
231
160
243
211
2
160
47
247
178
211
99
174
163
225
251
235
210
230
236
202
247
118
223
57
169
246
222
242
243
237
12
142
247
250
235
208
210
204
118
242
235
47
207
238
74
247
117
244
187
153
221
223
239
218
49
238
153
203
1
227
246
175
227
108
31
237
228
22
102
248
71
160
250
23
147
4
126
226
62
220
199
250
191
35
191
57
38
178
251
211
130
233
211
84
187
228
248
47
210
104
189
248
160
228
159
161
109
223
160
168
232
250
21
251
186
14
243
154
225
237
47
208
247
18
220
197
22
246
242
160
246
27
230
242
209
221
250
222
227
220
214
104
248
192
237
160
244
173
203
181
158
242
210
227
181
126
243
160
248
251
75
169
240
244
250
160
246
160
243
220
236
201
27
202
251
46
186
69
250
36
58
247
234
243
160
252
102
225
91
136
251
223
222
230
247
238
236
142
4
242
214
250
151
246
148
21
246
71
243
160
42
244
242
121
252
81
170
244
151
227
183
243
189
197
239
203
248
154
236
116
240
179
196
244
202
242
153
239
210
227
220
198
134
243
248
169
218
229
196
242
161
146
243
242
101
24
233
5
81
211
151
250
28
251
247
193
217
239
246
250
171
181
124
153
247
34
246
154
223
247
247
252
50
211
242
173
219
160
62
193
250
196
169
51
251
222
161
176
154
252
28
5
250
16
250
225
203
225
133
250
246
142
227
228
161
246
47
243
220
153
245
161
234
198
215
246
249
10
242
13
174
251
236
57
178
232
154
246
72
248
236
23
46
161
117
220
242
246
106
153
229
133
229
128
83
79
58
192
160
174
251
196
70
164
248
250
211
64
235
161
220
166
126
53
173
235
80
56
39
243
217
191
250
252
191
53
246
122
232
237
194
202
27
9
160
179
223
227
227
119
228
222
243
220
6
189
222
169
202
131
208
246
250
250
230
136
252
251
161
151
128
227
250
227
208
243
250
204
61
63
249
246
171
225
227
233
199
250
11
189
201
231
102
23
246
244
243
231
237
28
142
192
35
43
242
221
95
208
31
251
130
242
182
113
237
250
46
225
233
186
231
11
45
232
230
167
209
225
28
232
95
223
20
230
251
214
153
20
43
140
240
242
240
244
186
248
160
160
242
146
231
181
199
248
251
168
227
181
28
25
184
226
247
220
245
242
12
246
9
250
153
74
30
199
152
202
248
25
121
244
233
193
29
210
210
227
247
77
176
191
250
19
243
36
235
26
4
100
20
36
246
6
239
36
191
4
246
213
236
181
244
247
227
251
223
35
160
220
172
231
36
1
220
249
152
208
211
87
200
128
154
252
213
104
160
189
128
34
243
28
227
154
238
239
238
214
160
160
48
142
179
154
170
27
248
192
225
91
232
208
154
220
229
43
220
82
24
35
244
229
231
227
213
247
246
209
227
180
126
252
24
235
223
198
8
99
243
247
226
248
38
204
238
36
246
247
189
227
236
164
169
33
9
62
153
220
223
208
95
28
230
229
173
227
151
160
114
226
62
103
243
178
250
227
227
197
247
242
243
250
195
186
223
74
242
206
27
153
246
24
38
167
23
246
188
59
244
192
126
181
247
19
225
36
100
243
25
244
160
176
209
247
186
220
242
251
235
228
219
208
129
179
113
179
240
40
209
244
38
243
248
130
153
248
226
225
245
62
223
182
251
1
205
39
169
252
36
92
152
220
218
252
248
219
222
222
181
28
183
194
201
242
244
12
187
186
140
181
122
142
225
49
220
248
231
168
96
244
62
242
244
251
216
251
58
154
154
175
39
227
203
242
160
221
154
247
230
206
227
34
212
250
250
27
13
244
29
251
208
246
248
216
160
52
243
126
154
166
88
235
240
39
220
10
204
16
126
223
227
245
161
195
245
244
252
159
240
242
244
156
21
211
244
118
144
177
227
235
225
71
219
211
213
10
250
154
246
248
242
227
130
242
247
207
46
189
246
196
87
136
15
227
244
242
204
250
248
8
91
53
1
204
227
227
160
181
28
237
16
230
12
58
226
184
161
161
233
239
191
251
251
160
160
229
243
237
214
216
12
230
168
225
133
178
240
166
251
39
150
220
120
178
241
2
236
203
173
27
225
49
246
97
42
244
179
34
128
206
222
244
248
244
222
242
161
222
227
119
220
219
181
188
222
71
247
242
230
94
107
209
25
119
244
25
244
131
252
248
243
27
230
247
34
248
26
34
45
196
242
36
41
220
222
154
227
152
247
9
220
202
62
174
13
147
240
233
243
142
210
47
188
250
251
21
211
242
233
25
251
101
205
193
160
77
231
244
211
225
212
205
184
205
251
251
102
202
225
248
210
63
250
139
227
126
225
226
251
216
250
246
246
207
243
235
222
123
153
49
152
236
184
227
63
3
142
226
210
250
30
239
218
223
209
20
189
35
233
225
118
236
251
227
184
251
242
13
252
244
227
34
230
235
142
247
132
22
168
225
195
82
246
227
248
230
43
186
226
160
251
247
244
244
218
220
45
221
69
62
225
251
84
227
232
223
227
25
246
153
1
250
223
176
250
160
231
227
43
221
235
169
51
33
46
28
169
76
181
204
250
181
218
225
16
117
202
153
246
189
152
10
179
220
186
204
146
179
241
248
231
250
163
213
200
160
74
228
247
217
21
251
225
236
160
41
20
248
227
227
160
248
250
48
223
126
244
160
202
250
244
252
228
210
25
154
242
4
152
144
28
243
242
226
176
173
227
8
246
227
229
240
246
36
223
52
251
235
187
227
29
219
79
153
51
169
159
197
6
153
247
211
230
191
232
165
227
224
4
176
223
151
244
247
160
153
102
220
64
227
189
250
246
107
153
83
251
231
242
211
60
216
214
247
152
225
240
186
236
227
152
237
34
135
119
225
246
242
231
235
113
177
129
175
211
207
160
191
227
164
227
117
26
191
171
192
244
172
226
222
242
150
235
223
251
191
55
252
71
63
181
126
24
94
77
136
251
210
223
144
171
250
243
118
244
220
251
4
138
211
145
130
183
31
10
221
246
216
227
236
243
74
248
205
178
178
230
25
244
5
31
226
183
227
223
189
153
172
243
246
244
244
211
225
242
31
186
241
227
251
248
244
160
153
176
251
58
219
160
238
7
244
104
220
191
223
225
154
223
215
188
30
247
174
203
164
211
179
247
236
235
153
243
146
223
160
251
231
74
247
160
27
251
29
114
236
54
237
31
246
186
250
250
248
42
179
225
246
250
181
173
218
65
0
189
235
243
28
244
99
2
251
71
189
8
169
227
248
244
60
17
156
242
235
171
150
180
151
252
191
198
206
142
232
36
243
2
242
222
139
223
227
233
93
181
136
223
202
122
91
48
186
21
248
211
252
251
219
218
239
242
74
54
227
150
230
248
206
220
204
188
110
227
250
252
160
4
160
227
126
138
242
248
250
63
153
16
64
197
154
250
248
21
5
54
216
243
226
152
243
179
250
0
158
248
43
139
198
154
142
160
232
227
9
242
1
128
52
161
191
191
42
195
98
248
169
168
217
245
4
243
79
236
235
133
58
220
43
9
247
223
247
235
242
154
227
227
160
175
160
196
241
8
33
97
238
227
230
160
191
178
28
151
153
188
211
248
37
227
223
241
242
173
233
220
160
153
175
211
233
208
248
21
46
46
246
205
225
226
251
228
0
158
179
185
231
10
251
227
175
181
248
243
223
95
223
223
246
153
180
240
193
227
246
242
242
160
153
50
227
20
237
231
235
235
153
145
220
239
227
160
198
81
235
168
226
242
251
24
102
250
226
153
131
247
145
19
21
133
196
248
223
121
246
248
104
6
223
59
232
0
228
166
152
160
244
151
171
245
213
154
236
239
181
27
22
250
230
227
246
119
247
161
235
218
14
238
16
208
233
242
99
63
206
220
223
240
212
210
236
226
247
13
232
243
252
45
179
176
237
246
227
57
246
196
142
202
101
251
205
226
28
248
160
248
225
237
227
250
181
250
153
69
138
196
236
181
31
0
44
242
225
161
233
0
227
136
251
156
6
236
26
179
231
220
187
48
242
213
62
244
248
226
160
173
191
4
84
227
118
161
62
235
34
9
143
240
127
3
56
76
223
226
243
21
235
251
246
208
247
251
197
242
211
247
17
219
219
246
219
133
21
17
251
168
151
223
243
52
233
177
42
250
83
220
251
119
48
181
43
242
153
73
13
230
221
205
251
244
184
14
227
237
118
161
60
179
216
225
226
181
201
182
133
243
208
165
216
154
181
237
50
146
243
227
227
179
160
58
243
103
186
149
226
167
191
246
169
4
220
244
22
172
251
243
248
242
6
45
2
242
49
242
130
31
44
136
236
245
232
11
104
244
242
227
243
160
58
250
246
251
192
102
87
160
192
133
233
244
151
235
169
246
132
53
244
236
238
175
151
34
247
31
247
34
219
227
153
225
23
251
49
242
0
160
243
244
248
218
231
242
41
176
24
251
247
250
245
53
142
227
235
226
236
180
238
161
181
239
160
63
242
43
199
190
214
209
227
31
32
252
235
13
223
244
247
235
94
4
248
244
221
244
99
1
172
61
203
42
161
47
24
153
227
242
151
229
182
153
142
47
243
227
243
250
193
250
160
233
31
230
236
225
30
179
247
191
202
161
223
237
235
237
64
15
239
230
196
144
45
251
121
198
138
179
129
223
187
202
210
230
233
98
163
242
246
223
3
134
83
113
195
230
118
227
220
190
193
247
246
153
27
247
38
220
22
189
146
236
37
160
64
27
128
168
242
210
238
160
244
230
42
243
126
192
11
251
133
114
74
252
170
211
186
246
160
172
161
16
249
160
153
153
43
16
236
233
154
171
219
223
20
179
64
201
232
160
161
19
166
52
171
235
219
154
127
196
175
251
34
85
25
87
229
161
211
187
227
250
211
165
23
161
8
227
1
51
196
250
248
227
133
190
191
154
219
244
154
242
244
231
210
236
152
27
27
186
16
99
220
251
250
239
157
178
250
246
204
2
164
154
250
250
246
227
118
170
113
242
230
240
47
219
211
222
251
38
197
226
246
242
113
150
244
219
242
166
251
4
160
251
218
179
151
55
100
245
227
118
250
28
28
210
10
35
96
153
244
149
241
235
175
210
159
167
185
213
43
103
233
227
228
248
151
239
227
245
176
43
181
154
146
208
140
153
242
239
2
95
211
227
146
71
223
244
235
242
227
49
230
232
124
166
246
207
220
160
142
202
172
161
128
193
246
169
247
251
222
223
168
190
242
250
196
4
215
236
164
252
60
242
56
1
198
240
237
209
8
114
16
228
165
220
204
227
247
127
251
250
153
181
230
15
250
248
128
161
77
159
244
168
139
172
82
183
169
243
195
222
83
248
12
169
37
211
226
136
220
236
21
70
227
230
227
156
250
246
246
20
235
156
227
227
160
102
243
34
175
195
230
176
172
219
235
231
157
242
153
241
59
3
170
250
192
19
119
169
153
251
58
229
208
188
247
227
244
160
45
242
104
250
251
204
19
120
8
176
190
248
151
220
230
185
156
219
10
231
217
225
225
243
233
227
242
160
161
47
34
28
223
174
203
151
189
219
232
128
36
52
52
197
142
248
46
34
227
176
239
225
153
227
248
34
211
153
4
34
28
231
4
230
223
192
227
43
246
244
250
242
28
220
207
225
248
197
1
0
80
219
173
248
99
196
178
244
250
250
251
243
251
230
242
233
227
162
38
151
181
159
77
222
180
211
252
225
251
245
205
190
227
246
174
64
216
250
248
72
241
250
213
227
165
35
246
26
239
160
238
181
230
215
203
45
0
160
239
206
16
169
211
220
244
242
62
196
172
220
250
238
242
169
206
244
209
225
251
213
236
28
230
251
154
153
31
223
251
242
114
73
193
244
180
191
29
197
250
189
47
151
235
205
130
167
196
32
143
108
237
164
248
231
175
248
188
182
244
195
248
35
242
247
229
154
250
240
47
196
152
209
251
189
44
8
154
139
244
243
247
231
219
213
225
230
223
160
248
238
57
246
252
221
20
220
30
153
180
19
239
4
73
0
236
244
211
178
16
150
120
180
24
220
242
189
58
230
58
205
142
208
226
242
190
243
242
171
11
248
201
250
242
157
236
243
223
226
87
173
211
98
209
180
248
51
227
214
250
245
139
227
152
228
54
74
218
215
122
189
47
222
251
250
251
114
228
189
247
162
179
161
247
181
228
100
229
188
136
16
250
211
160
219
33
237
244
160
233
250
237
150
16
200
92
160
227
196
230
229
214
222
211
227
236
213
0
180
50
179
222
227
