246
216
215
39
216
116
219
88
32
248
221
233
178
150
150
242
204
156
130
163
64
155
244
152
207
10
156
251
176
28
244
216
162
146
5
242
237
217
241
201
45
196
231
243
203
163
232
246
197
100
221
4
164
246
231
204
241
180
192
224
168
228
211
140
94
82
230
71
251
203
96
226
247
222
215
142
245
143
156
58
56
21
190
130
246
230
38
63
249
130
241
31
175
245
242
242
159
43
71
226
233
158
18
237
221
237
159
250
238
173
201
234
246
48
1
27
243
39
147
188
246
238
20
237
222
250
152
55
212
89
186
250
24
199
231
149
180
246
246
249
238
244
192
251
239
230
210
21
197
230
154
39
241
237
156
188
213
21
42
3
163
251
246
181
220
188
245
224
244
80
251
175
11
202
230
158
140
6
3
27
241
249
216
187
237
190
170
36
231
226
229
246
54
227
222
183
150
100
247
174
156
110
219
53
227
222
242
63
230
230
190
237
44
7
238
204
20
221
132
85
0
231
246
182
6
174
234
102
224
251
21
122
237
158
232
8
130
100
205
170
58
250
244
165
51
192
192
242
167
168
116
241
51
234
104
241
213
71
156
234
57
147
197
201
228
173
229
152
189
251
162
136
148
227
192
192
230
210
165
204
240
234
226
238
155
158
237
203
226
230
34
156
222
251
233
241
241
34
187
242
194
6
176
153
242
232
176
252
233
248
64
237
226
122
139
129
81
175
216
171
139
199
147
163
217
6
242
250
251
222
189
215
251
252
233
222
249
98
147
22
189
156
11
225
85
191
156
249
132
241
190
221
159
168
244
244
177
2
247
155
251
51
244
31
242
192
245
237
5
238
77
61
250
232
237
171
176
247
234
232
47
81
114
157
126
226
11
233
83
225
28
252
237
203
237
31
114
226
19
198
186
242
32
211
252
156
207
78
154
57
202
48
28
38
237
217
96
190
159
250
223
246
249
246
249
35
11
231
176
157
249
156
154
222
225
35
233
58
80
247
8
224
223
229
24
36
233
54
212
82
19
228
205
118
251
113
230
230
163
246
250
6
248
247
237
230
203
159
232
217
206
193
7
22
21
20
234
66
251
176
176
249
141
226
181
245
205
142
248
227
192
225
230
250
252
82
195
62
196
226
230
226
251
8
222
242
25
230
246
245
187
217
227
204
21
223
126
238
239
103
145
48
242
225
148
156
244
73
221
128
0
199
245
180
248
190
51
108
60
34
236
173
207
227
237
122
143
207
9
230
225
126
175
32
43
248
214
138
247
218
139
231
163
230
180
1
62
51
194
170
233
250
84
245
203
82
203
27
251
5
84
251
163
241
230
117
246
178
248
33
226
222
222
203
25
14
175
239
238
11
165
224
158
231
232
229
222
87
229
178
168
223
246
162
19
226
225
246
145
232
250
244
191
58
230
88
113
126
227
149
87
156
230
92
246
237
149
35
126
3
246
237
222
120
36
186
116
242
251
226
248
249
226
225
232
218
245
104
230
18
232
251
239
230
229
238
46
243
251
222
230
224
224
226
251
175
242
87
230
223
249
145
246
156
154
234
244
158
170
230
195
215
43
247
251
141
185
242
248
219
246
193
234
238
175
239
47
183
233
147
192
22
103
79
148
6
238
244
230
156
178
220
227
221
232
230
149
118
203
237
132
203
237
155
238
247
244
149
4
250
227
117
228
192
224
202
0
1
247
222
156
8
116
247
114
244
230
249
46
234
242
36
156
177
154
242
251
241
219
34
246
229
163
154
198
210
177
47
118
204
226
164
251
245
148
230
152
238
60
230
149
200
227
232
89
201
228
103
160
99
252
206
193
226
235
133
180
126
182
241
249
252
229
222
6
132
181
226
250
116
227
201
221
226
237
230
241
171
192
113
251
231
251
155
247
242
175
237
49
177
229
28
185
247
230
218
134
224
245
237
145
212
27
231
249
0
234
234
190
72
181
155
252
62
226
251
156
164
237
242
145
244
156
228
227
230
229
234
229
226
102
192
225
144
248
53
41
249
26
222
178
22
29
248
165
232
176
230
233
190
213
230
102
193
251
243
175
47
246
158
242
192
229
147
183
215
226
247
227
192
242
46
29
18
233
191
232
230
28
192
178
247
189
251
228
155
229
205
246
82
173
230
230
224
83
222
21
226
62
38
239
250
156
251
217
140
154
64
140
3
245
237
63
245
96
11
230
25
154
154
36
186
159
237
247
122
110
207
36
230
181
238
99
230
252
227
250
230
233
217
237
215
237
222
6
42
244
124
241
246
233
207
248
161
244
64
242
229
159
189
246
246
245
234
24
251
252
246
203
183
238
247
129
241
182
247
250
229
5
163
34
7
246
28
21
178
190
230
173
234
246
245
87
247
176
4
192
43
237
241
208
131
41
190
238
226
223
178
196
29
245
27
34
230
203
180
185
242
33
192
130
158
180
148
114
39
173
214
85
168
251
220
194
10
203
38
251
249
224
238
241
193
247
27
8
202
99
46
237
7
81
237
44
205
244
230
186
138
224
22
247
130
176
242
149
145
227
221
226
152
246
204
96
164
46
244
175
230
39
230
183
181
225
103
28
178
220
241
241
223
248
247
243
152
135
233
154
187
192
237
28
251
230
159
203
151
122
192
114
4
245
251
196
238
205
247
245
91
237
242
58
150
242
147
226
218
135
246
205
48
222
251
17
202
87
223
156
74
251
246
231
245
76
134
144
114
247
176
246
237
171
230
64
228
249
216
41
93
244
205
202
211
12
250
227
183
218
174
222
205
237
226
230
222
231
224
234
223
174
230
47
8
230
183
25
234
139
246
6
237
24
228
83
224
46
243
203
182
230
47
204
146
251
158
244
226
245
42
182
156
145
46
230
233
251
251
246
62
98
231
154
251
248
211
27
10
44
238
155
182
214
85
182
173
158
224
188
118
243
234
200
32
211
230
62
218
16
230
147
230
228
230
126
117
250
238
230
146
203
102
72
227
187
182
155
232
230
156
159
3
154
0
230
230
57
232
96
29
252
126
204
252
219
27
191
141
245
1
84
227
63
174
234
237
249
190
167
170
230
211
192
60
230
224
214
230
16
216
25
224
203
230
230
149
175
176
227
238
49
18
246
154
159
177
39
145
2
242
192
242
219
140
158
223
24
184
246
28
246
156
222
56
51
216
246
246
238
226
51
215
156
43
62
244
250
34
180
210
232
222
185
217
147
226
230
159
71
230
4
250
140
132
222
219
17
230
43
251
158
28
180
173
251
240
21
198
152
251
205
39
99
32
228
251
242
97
150
242
252
46
230
3
234
251
64
202
29
44
242
243
244
247
191
251
227
191
226
222
232
191
154
231
205
118
238
251
246
242
62
227
21
230
180
237
99
193
159
159
227
226
155
150
237
182
154
245
22
146
236
191
251
176
165
202
26
176
48
159
246
222
221
226
177
227
249
34
36
60
27
187
58
126
16
230
241
246
230
102
53
222
156
231
241
34
230
163
251
98
232
246
24
119
107
167
87
214
234
241
245
230
162
25
103
186
234
155
154
249
186
149
244
213
230
64
149
251
226
54
117
230
54
251
63
180
230
64
158
250
73
192
30
232
73
242
60
225
203
242
226
249
237
154
1
36
0
194
246
65
251
46
114
246
245
230
242
244
249
230
245
246
230
246
252
152
250
156
220
232
85
226
114
241
217
201
245
9
162
32
175
231
64
224
226
186
168
29
180
251
222
7
63
224
244
230
243
227
240
232
246
126
217
4
212
211
231
139
144
247
48
148
251
224
232
226
221
204
230
189
166
85
226
245
241
82
241
16
205
202
246
182
246
45
249
243
165
130
16
12
39
158
237
202
156
62
236
245
246
190
173
242
158
47
39
147
20
150
245
194
205
219
230
149
28
173
19
71
42
30
251
192
58
205
88
232
127
233
176
245
192
103
155
185
173
187
130
35
137
214
249
230
245
242
156
242
80
250
237
3
161
163
237
64
192
222
243
20
183
225
218
249
223
26
162
2
175
233
241
244
39
246
87
152
156
227
251
249
236
248
251
238
247
6
234
36
227
251
223
0
139
246
64
22
82
0
243
236
191
96
234
155
155
180
238
203
233
146
242
141
118
244
230
237
177
243
104
245
237
64
124
192
116
242
24
249
222
49
158
154
237
27
191
148
222
188
145
185
227
230
227
175
122
91
7
81
227
182
192
82
84
199
242
18
190
192
163
212
227
138
188
48
87
244
45
245
8
176
250
226
161
237
19
154
224
113
227
41
34
234
144
232
220
154
227
118
230
128
219
181
120
210
158
234
245
246
98
12
127
99
25
144
217
28
29
20
244
226
46
11
251
183
245
183
230
245
161
217
230
247
180
214
252
241
224
181
201
238
159
242
230
246
222
14
237
27
36
26
57
202
174
232
103
241
217
207
227
54
25
195
242
237
237
149
241
78
122
238
234
242
230
192
190
219
88
204
95
230
226
202
88
130
217
170
138
114
6
217
223
207
159
248
152
25
62
250
238
85
191
144
229
228
174
202
158
145
64
247
95
226
237
230
232
241
233
221
230
87
232
229
0
226
62
139
237
102
1
174
16
158
156
193
217
62
156
228
0
242
251
248
202
147
158
26
250
27
36
234
99
242
247
220
242
224
211
242
237
81
192
244
27
126
243
130
249
241
178
192
8
158
4
102
214
156
147
184
244
35
223
52
58
250
80
242
239
251
221
187
225
233
127
6
200
187
27
219
162
220
85
19
4
194
136
59
245
34
64
183
230
203
3
186
155
5
221
3
220
58
249
222
175
219
227
248
58
27
240
154
234
230
170
230
224
197
185
12
63
138
242
21
12
34
222
246
183
230
178
228
145
237
247
199
246
180
88
237
10
180
60
188
231
242
43
247
28
245
230
237
49
219
25
244
231
190
147
241
251
140
21
207
123
182
242
187
224
230
165
116
242
80
74
223
104
244
27
180
193
88
230
159
207
246
207
237
34
43
159
230
244
203
8
230
218
221
31
204
238
22
211
7
222
28
230
247
222
245
45
180
251
230
222
223
211
223
222
242
250
156
246
57
176
62
53
226
250
58
227
244
134
170
238
250
230
245
203
228
176
241
242
199
243
226
16
222
50
249
51
245
202
198
237
190
118
246
29
230
246
200
155
249
213
239
222
227
156
4
57
242
175
226
249
230
238
230
156
171
168
246
186
247
185
224
251
158
207
88
246
230
149
230
9
222
247
221
244
27
82
226
131
203
231
32
230
203
232
155
220
230
188
232
126
248
29
49
234
248
247
230
163
170
24
251
246
84
156
126
16
82
130
25
246
156
43
205
153
6
245
13
85
178
25
245
174
246
230
85
27
251
245
242
64
250
239
231
200
184
147
228
190
181
25
227
244
71
246
81
249
76
162
226
113
230
22
223
226
145
226
246
241
244
252
172
190
251
53
6
231
204
246
246
128
62
178
201
228
182
243
163
251
176
98
234
140
250
139
223
8
243
234
134
211
251
216
220
242
222
154
83
230
217
227
206
150
155
231
231
171
147
64
26
251
229
251
95
36
5
171
191
162
156
150
234
32
173
177
176
230
156
231
252
58
223
186
233
130
47
244
237
182
182
241
246
244
218
246
106
229
63
245
177
249
245
251
42
178
230
223
222
192
221
203
242
204
174
233
247
173
207
190
222
230
233
225
250
224
249
202
31
156
173
251
156
242
56
233
107
156
159
250
218
22
16
189
227
247
148
223
48
39
87
138
123
237
218
246
143
238
243
224
51
106
24
234
58
174
114
119
234
251
246
102
219
4
156
230
26
211
35
140
237
180
159
101
134
234
247
113
222
242
230
207
230
74
126
64
231
58
10
162
176
132
238
246
175
37
124
244
160
187
230
60
246
143
176
211
59
232
241
204
61
247
230
133
156
200
178
156
242
203
34
62
139
251
244
240
108
230
248
244
126
221
251
83
212
57
227
227
58
93
172
237
121
225
219
206
242
21
152
29
251
230
116
245
24
232
191
48
226
161
219
11
246
224
0
3
187
79
250
15
156
216
201
156
199
238
240
65
176
230
234
237
237
217
219
21
147
190
243
229
238
177
188
249
135
202
126
203
156
233
230
241
96
245
249
230
48
25
149
200
246
194
49
20
222
32
176
226
104
34
206
42
159
176
247
227
233
11
229
246
242
230
185
52
216
245
246
143
242
246
243
225
227
230
181
148
1
247
190
239
146
176
242
251
36
19
246
7
145
246
4
116
246
121
58
144
181
242
240
114
192
242
251
229
46
225
232
121
82
251
95
239
29
234
223
226
233
176
174
237
87
229
246
249
238
29
31
242
245
240
133
180
166
234
152
191
220
158
220
98
204
242
241
251
223
250
20
154
190
224
241
242
232
149
244
159
159
118
170
226
245
226
144
182
221
224
145
212
250
141
221
79
109
228
218
218
18
182
247
31
72
230
228
17
44
27
246
230
131
57
203
243
247
203
31
229
57
6
237
234
205
251
233
230
23
98
221
186
156
96
226
21
71
1
154
163
99
159
2
226
148
203
186
155
171
243
219
225
247
241
247
175
221
192
230
145
226
134
252
237
100
245
185
5
230
246
225
230
227
230
16
149
238
224
126
230
242
241
42
222
247
231
156
230
211
162
186
230
150
238
190
194
181
85
103
181
227
48
237
229
250
230
222
176
163
252
233
37
127
246
141
222
231
217
244
209
230
118
163
246
222
221
34
13
213
7
203
194
251
230
63
173
125
230
182
118
155
227
230
25
217
143
194
186
226
150
149
183
202
242
181
154
49
27
165
214
230
226
132
226
246
227
230
