150
182
1
46
153
238
200
214
247
161
193
62
214
243
56
245
3
161
212
247
246
160
217
156
242
182
234
36
239
88
63
4
108
239
217
252
219
1
77
19
196
111
173
163
211
219
221
221
251
41
249
49
218
176
246
251
46
236
236
210
66
216
172
57
225
237
234
132
194
212
145
242
231
1
186
225
202
251
249
187
207
251
246
194
218
236
247
226
96
234
224
215
225
190
182
247
229
24
164
223
1
223
224
113
34
180
10
251
241
160
63
244
62
247
242
57
245
197
201
212
210
8
248
164
246
194
181
175
136
128
252
242
155
239
232
241
85
247
161
197
197
163
51
247
240
84
218
224
246
250
99
248
180
191
194
215
222
248
60
238
215
63
178
7
152
163
148
218
192
218
219
153
168
179
156
114
216
161
25
197
220
52
153
222
13
241
77
239
239
59
221
20
56
5
20
71
103
225
213
79
2
230
190
161
188
229
215
251
222
90
224
239
251
248
56
153
241
217
137
252
151
157
156
249
16
243
185
205
34
161
219
57
245
209
244
218
188
205
244
248
224
218
246
236
230
245
244
221
251
29
84
190
90
217
196
12
129
197
215
246
215
13
244
248
163
14
163
244
215
133
239
189
248
195
209
220
232
138
252
73
27
178
241
212
38
196
212
190
163
251
250
248
155
143
238
248
33
244
137
34
124
58
221
12
189
100
250
248
240
170
20
212
209
113
60
106
196
249
7
162
245
217
252
239
249
189
229
24
224
218
251
196
196
212
245
179
246
211
246
79
126
219
17
212
245
219
172
185
251
241
219
217
35
196
153
81
185
209
192
153
223
57
190
198
21
251
138
249
244
203
219
230
219
4
149
99
126
126
156
194
213
190
136
250
100
194
182
24
225
154
137
246
176
219
116
29
230
236
2
251
219
249
49
218
251
233
196
25
218
194
109
190
251
190
32
245
182
154
8
217
217
212
209
236
178
197
248
252
218
145
195
16
221
189
139
222
249
230
251
100
218
195
196
215
246
49
248
218
233
1
205
3
89
234
232
233
127
251
17
32
152
185
193
193
231
157
212
239
193
135
152
221
230
241
186
168
102
74
177
226
62
243
218
46
145
251
59
226
121
159
206
192
160
163
66
3
187
54
135
245
245
204
3
81
243
186
247
218
128
156
241
239
221
4
153
179
217
185
250
96
244
189
219
122
229
160
38
198
9
243
189
6
30
149
226
248
220
246
34
241
215
29
224
170
230
231
180
212
194
222
57
3
212
4
19
244
110
245
49
251
161
230
221
197
245
222
242
222
22
29
126
121
247
218
27
221
15
185
58
163
221
241
188
55
11
46
118
251
190
171
157
6
136
118
218
249
180
250
98
21
249
42
180
222
48
27
126
251
200
190
218
9
192
20
246
212
190
215
157
180
227
217
219
59
85
24
230
182
58
252
162
198
181
33
219
154
250
239
225
245
95
5
196
225
239
156
0
213
241
197
196
130
239
151
27
249
247
143
190
225
87
153
64
7
197
230
186
236
5
205
106
114
226
209
219
32
188
41
225
239
251
246
217
225
131
154
232
182
196
123
95
16
226
234
249
244
113
230
126
46
163
236
245
244
233
249
205
189
193
241
29
168
232
95
218
3
188
226
238
185
215
96
216
58
145
225
196
212
8
17
73
143
239
22
196
225
251
238
193
6
252
251
222
0
231
245
212
126
219
230
219
252
239
238
247
224
194
162
222
242
126
238
143
163
151
186
245
196
188
185
145
224
238
106
241
187
31
9
58
238
251
197
166
241
225
21
223
20
198
217
193
121
216
197
219
186
239
210
53
85
223
214
153
248
236
207
56
246
245
188
183
182
249
87
121
143
136
230
133
167
244
131
196
217
222
63
195
226
166
127
190
155
252
239
224
177
157
215
143
191
22
82
225
239
246
248
19
238
163
212
10
46
2
224
63
148
106
218
38
189
35
155
163
191
155
225
222
39
23
145
222
144
252
244
207
8
236
232
249
244
248
49
177
249
137
95
249
131
187
187
121
189
155
234
119
241
238
133
36
230
95
246
245
141
248
247
210
195
215
224
156
152
239
212
239
125
236
184
241
252
222
3
241
218
130
33
251
238
248
222
182
218
225
155
221
222
239
238
251
136
213
83
219
225
53
85
198
246
245
24
196
81
252
65
216
219
205
4
251
47
138
220
180
251
190
251
196
249
160
110
184
219
223
245
234
190
101
145
179
251
191
36
221
194
58
142
27
173
245
191
248
251
8
252
225
192
191
82
202
246
249
225
145
251
247
241
212
114
238
24
154
63
96
219
138
221
104
214
251
245
224
88
83
144
219
246
251
241
149
216
232
25
109
239
217
238
245
202
65
242
212
236
9
171
191
1
169
137
193
243
153
95
248
222
135
246
248
17
192
205
214
213
236
218
146
214
29
119
221
85
62
63
230
244
222
126
251
233
190
194
43
20
192
20
13
248
246
226
246
242
242
197
9
191
173
232
139
181
194
215
197
222
157
58
114
219
215
158
250
218
29
175
250
195
213
156
35
221
87
58
239
250
222
238
243
160
141
249
20
15
71
250
222
178
184
182
248
142
74
135
213
246
246
182
0
154
236
26
242
187
242
151
245
244
95
247
251
173
247
155
245
192
245
222
46
165
0
110
191
246
215
22
246
225
116
226
236
248
85
9
221
162
251
211
249
212
20
177
71
230
142
246
197
246
116
117
222
208
252
198
251
81
239
241
249
251
230
182
231
63
194
221
241
248
216
191
51
225
245
62
191
251
251
28
222
220
57
234
241
4
218
242
189
197
191
151
244
239
215
249
8
249
251
249
239
238
8
247
145
194
161
214
190
143
55
163
246
241
252
118
4
244
251
157
250
218
182
131
173
222
224
24
173
239
224
249
142
251
138
241
220
195
230
239
28
16
248
218
247
221
251
245
46
241
132
190
172
252
84
193
96
238
114
236
241
218
192
220
9
247
219
213
145
231
51
246
145
247
251
122
161
38
116
223
155
190
245
240
110
242
117
96
173
209
230
163
222
170
152
246
177
190
62
36
218
214
197
58
249
251
232
205
19
83
221
251
58
210
217
225
201
58
217
218
36
247
222
20
225
212
174
248
238
252
20
251
122
244
249
216
251
226
118
27
252
239
195
221
186
58
244
248
210
224
180
251
215
213
224
34
246
137
192
246
167
217
106
62
233
191
197
232
248
244
26
230
76
241
24
226
226
131
230
180
247
88
3
157
8
225
25
114
42
134
251
197
126
146
230
35
65
58
251
160
163
230
251
128
250
164
191
194
173
197
162
163
104
217
188
191
249
221
171
48
194
53
239
252
251
12
0
239
182
245
224
251
224
186
241
97
4
33
219
218
215
224
219
221
218
162
231
217
190
130
6
239
27
220
248
224
225
251
252
251
224
133
246
84
35
242
53
242
8
129
180
239
58
27
100
249
138
142
177
171
238
250
122
211
247
214
230
251
137
135
215
251
21
248
1
248
195
149
246
178
239
239
102
191
53
230
114
218
79
246
125
239
183
187
165
75
219
36
223
247
245
252
219
249
236
248
190
213
223
62
213
240
245
224
185
8
160
146
248
43
205
238
58
218
43
246
0
251
230
182
242
161
142
53
224
127
159
222
178
153
154
161
222
118
8
230
160
190
143
103
245
190
215
190
190
230
212
217
186
241
248
164
95
224
191
167
37
191
8
8
26
226
209
213
155
232
136
102
248
59
247
156
186
252
38
245
212
143
220
157
34
12
16
208
215
180
156
218
1
248
53
176
179
54
250
202
158
178
136
182
137
218
242
244
185
219
221
196
98
145
241
15
190
245
28
188
193
197
196
3
122
227
252
203
197
244
213
242
219
77
188
246
23
217
85
178
11
126
191
242
244
213
248
248
116
239
219
133
148
239
44
99
227
247
100
236
195
102
78
224
232
232
221
241
222
218
99
153
203
159
244
243
219
3
197
232
246
20
252
48
214
252
219
214
24
248
10
218
188
36
214
157
217
226
194
248
192
251
246
188
225
6
217
242
241
225
192
238
250
58
246
249
218
240
232
241
248
219
3
36
184
219
246
218
241
177
247
138
238
31
186
222
249
196
46
247
209
113
246
164
237
248
252
225
125
195
99
32
14
223
143
203
244
29
110
27
118
238
29
180
74
195
189
155
250
62
44
238
225
251
221
54
240
210
250
248
179
224
20
121
151
251
195
11
250
191
113
218
239
85
226
248
156
230
182
247
239
248
217
239
8
216
249
188
216
188
246
137
226
119
221
246
217
190
0
155
177
239
224
226
196
246
173
230
239
193
196
217
217
232
236
35
173
184
45
197
162
192
146
143
99
249
0
230
215
136
4
248
16
241
167
31
77
214
252
251
57
221
164
239
190
55
249
247
136
154
248
243
152
173
180
216
74
224
154
239
227
110
220
193
155
131
212
163
232
119
191
160
60
250
241
224
196
238
17
244
43
232
234
224
138
245
155
221
178
163
131
194
78
138
189
24
241
222
154
12
252
236
12
247
192
8
185
189
19
232
222
28
222
251
30
128
224
192
133
246
11
236
191
230
29
226
28
233
214
250
241
204
85
106
136
190
249
223
172
197
240
123
54
1
117
239
138
238
252
153
224
49
180
11
73
244
138
165
251
81
79
202
13
162
137
194
249
226
36
245
215
161
202
230
247
221
194
209
154
200
193
241
224
141
163
246
213
217
155
128
238
20
35
239
19
29
24
243
187
251
219
246
230
248
129
237
77
236
200
232
137
6
214
245
197
32
119
8
227
219
182
251
240
191
148
225
49
84
244
230
242
202
246
226
137
249
224
244
214
133
77
217
75
239
37
73
185
139
163
49
167
239
131
251
209
232
33
188
191
236
118
201
234
222
218
65
222
249
45
186
5
46
196
246
218
215
216
219
107
244
142
245
219
240
213
142
101
225
196
43
25
203
234
77
220
245
230
217
1
106
196
154
219
182
239
135
240
5
186
239
196
64
161
143
26
80
250
195
161
62
142
177
248
225
7
63
54
58
163
247
80
218
130
175
218
214
104
214
230
1
21
224
178
245
1
222
62
212
251
188
85
222
215
160
222
82
185
210
11
58
88
236
9
46
160
244
192
192
217
29
22
175
195
157
96
53
230
121
25
238
247
230
176
243
116
217
114
126
159
8
155
221
190
250
247
121
48
252
120
246
218
246
217
217
197
218
218
36
187
219
197
218
194
251
104
154
248
236
71
166
2
163
143
241
212
7
6
215
22
213
215
250
193
213
27
236
102
212
248
11
116
248
178
241
218
7
226
61
234
251
212
226
243
159
36
225
108
221
136
252
77
9
193
189
154
212
5
196
5
218
186
222
213
225
124
241
194
251
108
34
126
218
118
238
210
33
221
239
43
161
194
8
187
161
248
251
17
159
232
154
250
225
218
187
188
186
6
169
155
104
221
125
220
224
218
248
197
218
182
251
177
21
238
185
64
252
245
141
36
71
236
175
242
239
4
239
143
219
191
230
217
247
26
45
233
173
212
4
214
42
190
230
96
157
137
191
233
217
233
161
213
24
247
28
117
103
62
22
241
223
208
197
249
138
216
114
153
173
176
122
246
197
211
230
36
170
196
188
35
220
223
10
226
176
241
218
97
191
177
122
74
216
158
126
246
178
177
252
214
224
173
17
92
176
34
204
179
180
250
80
184
60
190
217
212
35
63
246
6
248
194
218
143
95
157
16
221
251
251
214
241
179
219
25
58
95
190
84
251
249
246
8
48
238
23
129
182
189
212
189
232
118
216
38
219
135
217
233
16
230
250
190
209
150
181
238
190
230
159
243
219
239
243
190
138
232
231
47
248
238
249
196
230
214
226
182
133
244
220
222
88
250
232
248
243
248
241
29
231
242
213
221
215
53
241
171
128
194
226
191
251
180
246
189
82
248
197
239
24
241
163
224
244
226
247
178
216
219
226
21
193
173
249
83
198
226
239
215
27
218
222
142
251
196
179
252
241
178
246
20
222
143
247
173
173
234
131
20
246
182
242
175
77
34
3
251
224
177
53
52
230
250
201
219
251
186
138
216
135
106
224
130
216
239
161
135
74
178
156
9
192
236
249
176
240
133
226
245
245
0
8
154
236
197
226
4
195
190
219
34
222
248
252
126
110
46
154
248
55
190
212
195
247
221
145
230
251
21
16
194
53
232
141
173
248
83
244
179
252
218
84
163
240
248
243
34
60
159
251
246
230
103
213
74
206
186
190
25
160
247
222
152
210
129
158
138
248
242
177
252
183
160
151
176
238
194
196
249
20
155
35
61
236
247
225
170
219
59
245
215
79
251
215
224
248
251
230
211
138
103
248
135
163
239
218
225
211
234
252
53
46
154
178
144
8
230
214
171
248
51
241
249
232
218
216
242
192
20
119
221
201
212
197
240
31
184
249
194
219
186
245
95
215
190
249
226
176
225
145
219
138
226
250
196
248
62
251
157
246
250
214
128
222
212
163
222
222
248
38
230
69
249
26
226
26
237
216
191
226
193
81
192
247
38
216
80
236
241
155
221
251
248
250
236
6
218
248
181
187
222
243
53
247
248
42
157
241
212
239
100
246
241
246
151
244
221
222
245
251
136
247
71
221
242
239
0
151
196
221
250
252
191
136
238
175
121
223
155
238
247
202
212
238
224
181
119
143
248
213
225
248
177
230
214
182
246
134
47
244
219
31
242
239
54
220
249
32
38
190
187
236
213
120
220
190
212
238
186
216
145
236
238
145
24
250
197
52
74
24
224
239
20
210
26
239
246
241
244
146
243
