121
11
251
230
158
244
117
51
190
230
227
73
241
57
51
78
174
250
198
232
230
240
201
83
231
238
212
208
140
230
129
182
13
247
96
203
58
232
158
238
7
182
226
203
252
141
239
244
240
29
173
248
239
34
230
54
215
16
252
133
230
83
220
145
137
250
149
231
27
57
231
248
160
192
43
191
191
162
131
191
143
58
247
153
236
167
177
197
192
190
84
250
169
58
99
230
250
232
248
63
240
200
230
233
19
198
230
230
238
29
230
0
226
230
82
232
203
229
187
3
34
129
250
179
198
230
229
238
51
229
244
245
60
229
246
239
134
240
143
185
240
228
252
153
192
230
230
47
248
54
104
230
114
46
229
225
96
154
248
192
234
252
230
18
147
245
170
163
152
229
229
250
64
0
203
180
249
148
20
230
202
252
209
230
31
26
6
239
182
245
252
144
178
12
158
180
178
226
198
246
252
230
162
252
28
159
191
144
4
9
248
71
42
58
191
220
246
35
171
251
223
248
241
229
65
64
230
114
211
203
47
32
245
244
29
21
248
227
184
144
47
227
133
64
191
57
243
231
182
238
149
10
202
134
244
230
252
250
27
203
198
158
192
199
144
252
149
250
191
245
150
22
21
250
186
229
199
175
203
241
237
62
229
218
225
182
201
46
203
163
244
252
190
250
249
164
113
248
192
140
131
252
230
230
209
230
162
49
168
2
208
34
216
250
11
252
159
5
160
188
139
78
230
218
138
250
198
232
164
221
1
8
232
231
244
231
241
149
172
188
227
19
245
179
203
230
252
207
21
166
166
203
180
247
249
246
252
189
240
97
150
171
244
9
245
202
230
20
114
223
203
173
249
0
213
156
196
180
148
191
226
192
150
126
232
91
247
133
247
229
230
182
8
203
168
71
114
220
230
244
227
248
189
60
190
240
230
179
248
191
214
160
234
230
201
248
245
221
200
80
241
118
203
252
249
114
250
230
227
190
229
252
227
198
201
229
99
34
235
149
252
231
27
249
118
226
6
252
205
29
69
148
241
191
197
34
252
38
16
22
203
189
245
185
56
16
158
241
4
221
236
117
252
191
228
207
247
203
224
203
189
223
172
131
77
249
229
250
230
20
191
245
104
227
216
203
230
203
232
85
229
178
184
230
231
45
232
202
149
189
230
203
241
20
187
149
231
186
185
229
83
230
36
203
239
252
230
118
33
33
177
236
21
55
203
192
199
104
29
230
250
252
248
230
248
149
201
34
240
167
175
203
250
248
227
230
227
230
126
191
244
252
220
24
141
182
27
82
249
230
104
228
188
10
2
238
118
144
252
250
221
203
201
246
144
230
241
189
147
170
217
88
187
199
190
198
165
240
44
191
238
191
36
34
252
230
247
246
231
15
165
240
27
244
248
234
246
49
172
185
130
16
189
180
250
230
140
233
33
245
175
232
234
39
203
230
175
71
116
231
39
232
137
243
148
71
29
138
129
203
229
234
129
248
113
148
113
201
187
252
180
232
180
249
184
141
230
245
231
252
220
65
153
232
239
146
103
189
229
203
34
122
202
229
116
205
248
120
137
153
95
245
202
247
182
231
250
233
229
229
95
225
199
27
226
208
230
22
225
186
190
147
120
32
182
231
241
214
0
247
244
186
158
252
215
200
148
248
214
159
187
185
4
169
250
201
132
29
246
161
175
221
53
74
191
230
129
248
252
147
250
160
191
182
252
1
252
248
247
237
126
199
149
32
187
38
164
243
131
229
252
173
230
191
250
247
202
58
117
74
149
131
137
248
134
202
143
244
244
252
231
252
235
247
33
202
230
227
248
127
203
144
39
143
59
97
230
62
240
6
144
244
236
81
203
95
252
189
230
170
230
240
250
24
205
249
226
178
166
232
13
242
218
175
234
230
147
246
230
129
252
179
231
231
230
252
203
173
252
190
8
157
190
218
149
203
28
43
189
250
231
230
247
232
182
241
231
167
53
1
247
61
150
199
241
232
155
236
34
202
238
230
38
104
27
205
245
191
230
159
166
12
229
245
238
248
39
86
183
175
250
241
250
241
191
5
239
236
234
239
116
199
175
230
178
185
79
153
244
150
51
197
246
82
145
236
145
226
199
229
248
230
171
150
252
227
244
245
149
191
241
29
229
94
119
52
44
238
118
142
177
62
237
251
230
232
230
189
208
241
247
229
91
224
191
188
236
126
248
252
252
227
203
217
182
180
14
252
83
1
243
248
211
230
29
83
86
227
160
188
229
217
231
50
13
134
21
54
126
126
29
230
186
101
18
145
224
251
229
244
230
138
133
203
184
252
6
246
191
244
46
230
190
216
148
46
241
222
160
239
250
230
171
57
74
144
203
190
217
229
107
227
227
230
251
248
234
2
204
250
207
4
187
220
245
230
157
234
248
62
252
192
203
217
220
241
185
191
201
246
198
172
148
250
93
53
140
189
232
250
232
126
244
175
191
248
247
29
147
48
232
240
203
196
188
58
186
169
191
36
247
133
148
26
25
229
249
117
203
205
232
203
230
118
157
191
88
201
173
152
49
250
225
241
230
180
229
224
151
245
229
46
134
238
192
244
197
62
252
246
18
208
234
250
228
182
252
191
246
202
252
246
126
230
182
169
244
113
246
231
252
227
192
229
207
118
200
230
246
241
252
203
0
176
226
1
149
203
34
8
182
236
189
250
234
78
104
208
203
153
247
149
249
171
224
211
232
244
230
143
57
246
187
192
145
252
249
250
239
248
182
27
27
126
126
231
188
241
93
0
114
236
246
246
180
214
244
230
60
221
48
190
116
74
182
208
63
201
203
87
155
149
244
250
184
143
152
172
252
221
203
158
143
238
174
211
240
25
230
187
207
85
203
230
196
229
34
229
134
175
144
63
213
31
6
201
1
247
12
252
49
49
232
244
230
152
28
250
247
171
175
29
185
191
178
230
182
134
151
245
246
203
246
153
9
216
152
232
87
121
230
191
227
232
252
217
186
248
229
149
48
158
156
152
240
244
25
252
252
208
238
104
237
208
24
234
182
185
250
147
217
10
133
238
122
230
203
198
227
134
188
158
252
120
190
230
166
236
226
230
201
182
85
252
13
28
183
252
245
230
247
245
135
175
180
229
9
138
47
175
203
245
173
31
230
239
230
239
162
203
186
203
244
42
57
246
252
46
192
153
252
224
249
14
38
149
192
250
203
252
175
229
149
229
63
120
202
230
191
191
230
203
163
17
233
191
182
180
229
230
237
241
229
133
177
248
221
248
247
128
170
9
164
185
249
179
0
250
251
228
29
252
246
203
116
241
250
248
168
189
247
8
247
252
231
191
153
151
160
192
153
199
145
250
248
186
128
232
199
4
193
241
249
32
37
103
250
167
171
191
190
193
230
46
192
182
191
183
248
226
246
246
96
252
37
142
134
192
201
179
189
148
229
228
203
222
251
241
184
160
170
113
29
56
216
63
227
48
0
18
171
181
188
190
252
110
182
27
250
179
218
104
246
250
147
62
251
165
169
65
127
26
160
168
184
221
171
249
201
147
248
175
31
39
1
152
230
192
246
149
2
189
190
103
218
155
124
245
244
159
144
250
5
250
250
239
203
61
230
34
230
53
248
198
46
241
170
69
246
232
214
191
180
189
239
234
230
29
69
245
221
205
247
1
252
252
26
132
230
230
185
26
47
229
227
142
173
250
172
205
220
189
234
252
8
246
141
160
229
190
245
230
230
251
247
240
232
62
19
238
4
118
179
187
163
188
17
191
190
79
44
194
2
227
175
69
226
216
241
36
245
78
240
241
1
229
103
248
250
1
245
203
25
244
241
232
234
231
64
226
230
162
182
117
28
29
230
139
8
35
237
170
202
116
150
164
19
241
245
182
174
82
179
140
244
148
226
178
198
238
28
25
230
9
248
229
191
144
220
240
240
63
203
168
227
29
247
244
249
1
87
2
191
120
2
27
85
244
56
16
48
188
148
6
243
217
252
231
230
229
232
169
108
214
230
248
143
189
199
149
190
245
246
184
236
230
230
102
34
250
248
169
191
153
234
236
85
140
5
8
250
107
165
28
227
232
240
229
43
29
229
134
224
5
238
203
116
229
185
127
8
58
230
230
186
64
243
120
250
202
230
230
232
245
213
34
180
229
208
237
0
247
191
201
211
250
229
166
236
245
187
191
85
171
224
231
248
71
192
4
150
230
245
230
41
22
236
144
241
230
191
208
246
110
190
252
21
229
208
180
234
249
230
155
232
250
177
250
248
202
186
250
73
118
2
233
136
28
249
61
244
166
56
252
202
190
2
246
241
29
134
246
172
247
182
191
231
238
153
229
248
229
63
190
122
113
185
252
57
60
99
227
230
239
245
166
192
108
191
248
172
207
236
187
248
164
232
234
203
180
229
61
119
230
227
191
61
181
199
227
47
240
230
175
95
182
228
72
230
128
224
39
248
244
146
181
202
203
191
123
231
182
8
145
175
177
237
252
226
121
64
226
230
250
248
179
145
36
110
117
34
62
244
250
198
250
71
159
11
16
180
230
177
148
236
192
180
231
230
250
109
203
218
252
148
244
239
60
203
8
148
247
34
226
230
245
185
245
131
203
185
22
180
77
19
198
156
192
170
129
114
241
108
249
181
252
236
232
246
147
7
246
129
247
203
104
244
230
244
241
165
149
99
165
158
107
231
27
128
189
244
246
128
17
16
241
230
46
250
33
240
244
192
230
162
252
246
203
182
230
114
149
185
252
67
14
203
191
236
230
159
32
159
244
174
97
230
191
191
5
147
228
250
230
189
239
149
175
151
174
221
217
114
85
252
179
192
132
64
140
252
248
158
57
230
8
244
241
252
208
31
101
87
145
126
229
248
252
147
169
189
252
144
235
246
201
1
202
241
157
230
203
230
144
26
182
80
241
171
119
227
246
245
248
230
17
69
240
21
184
128
83
238
2
143
229
202
118
166
208
239
239
8
191
244
199
49
215
231
52
230
248
95
250
230
163
203
180
191
252
25
250
196
175
5
95
248
230
250
34
241
237
208
201
201
250
46
230
189
162
58
191
252
107
121
251
248
92
230
250
181
221
238
230
49
141
34
188
184
220
34
230
250
252
191
95
19
30
231
60
203
237
230
224
246
230
250
49
34
229
39
227
171
142
237
244
225
230
229
27
85
182
186
54
249
250
229
148
246
189
170
16
248
2
8
230
121
234
243
211
43
189
201
231
252
237
243
34
74
230
85
241
230
224
141
179
160
85
144
217
230
153
175
95
246
229
189
203
245
200
49
203
172
249
232
6
249
238
114
4
250
146
159
51
246
232
64
179
167
96
169
230
163
229
149
250
245
188
202
239
160
214
62
199
203
237
58
252
244
202
192
166
191
244
2
145
229
164
231
203
224
91
178
238
175
145
247
177
126
250
230
159
230
232
241
164
244
189
203
250
39
232
245
252
238
160
159
164
236
182
251
4
142
220
230
246
159
252
234
182
233
162
230
126
230
26
26
172
250
230
165
180
74
231
236
128
118
186
203
252
203
225
203
48
230
250
205
252
239
230
60
230
189
18
31
122
229
203
234
28
152
248
250
216
119
191
145
245
0
149
167
237
203
229
184
126
242
232
252
166
230
232
31
199
230
8
232
233
160
144
36
175
230
220
182
244
233
241
223
133
239
134
244
244
247
250
35
182
226
203
0
236
205
170
119
189
137
223
213
52
20
181
63
234
233
104
188
191
52
150
134
248
245
87
142
24
252
20
250
169
248
4
186
178
203
250
197
58
247
60
233
49
244
11
211
228
185
211
181
49
189
52
252
202
96
186
241
188
235
144
0
203
131
248
184
113
203
12
229
180
186
201
179
8
211
27
231
192
153
232
247
230
182
220
251
241
238
230
203
218
74
63
230
172
230
238
148
211
148
230
245
126
248
252
250
250
191
140
203
231
49
201
229
128
16
134
6
177
149
247
248
170
137
52
170
158
189
252
199
223
97
122
229
229
59
11
224
180
239
230
250
203
133
182
232
234
218
179
173
149
239
229
247
197
246
187
187
211
240
150
230
244
84
201
248
152
182
149
199
149
177
39
83
192
16
234
87
228
179
202
202
39
231
230
247
175
203
203
221
250
169
149
230
145
248
244
252
128
5
252
180
3
189
230
88
229
231
169
118
72
149
232
246
252
23
169
12
167
192
219
221
220
227
230
237
203
230
251
248
149
252
226
57
252
39
54
246
239
245
230
20
229
239
57
96
214
203
94
252
252
82
238
246
203
81
28
229
247
234
64
252
159
126
30
171
191
199
229
230
191
191
26
182
244
172
230
230
241
53
157
83
192
191
230
102
170
165
243
247
192
94
133
170
231
52
241
162
230
210
252
31
2
211
191
21
224
251
231
179
247
8
110
126
140
170
247
149
140
244
84
42
182
163
176
237
181
245
227
230
230
155
172
91
226
47
246
236
248
229
118
218
252
149
252
169
203
42
168
250
241
220
249
22
146
226
185
250
192
238
1
128
110
175
252
192
2
10
231
104
252
233
167
71
230
237
169
248
241
230
246
189
227
77
229
231
250
40
230
39
101
178
203
160
128
221
213
251
81
189
234
240
173
229
221
163
227
166
2
189
56
153
230
36
250
39
232
96
48
234
236
6
236
167
165
237
58
83
234
191
232
187
196
30
160
58
232
173
163
27
127
201
240
233
247
221
198
11
252
230
236
192
142
203
224
149
141
20
151
252
240
230
0
81
230
191
126
216
249
82
228
218
164
192
236
230
231
240
230
32
227
231
232
188
53
246
252
248
119
95
131
