251
251
211
249
143
251
28
244
190
116
152
183
9
249
230
146
246
49
238
77
128
225
238
252
194
152
243
179
246
225
224
28
8
252
3
34
243
139
0
12
143
244
34
225
217
38
2
243
157
244
204
179
63
190
242
252
242
240
245
24
201
225
232
225
111
176
249
249
42
245
193
238
230
246
206
239
146
144
245
229
180
167
183
22
146
230
238
152
245
36
167
238
245
225
249
189
6
41
154
230
193
238
146
148
102
197
82
224
238
96
13
244
27
225
12
3
250
252
95
131
225
57
246
192
224
197
171
242
46
9
230
164
230
193
27
209
194
148
133
146
34
246
225
152
4
216
220
252
225
189
251
118
36
189
230
166
240
231
240
183
58
142
238
25
220
245
62
225
116
251
147
225
225
244
182
252
159
228
210
55
246
244
177
159
217
179
219
129
187
205
246
200
206
197
246
192
6
240
233
34
192
102
114
46
12
16
238
133
243
242
223
16
192
251
6
163
219
236
48
230
252
240
246
65
47
145
166
210
57
147
251
175
214
245
249
178
31
193
164
252
215
192
220
167
222
164
238
244
188
185
250
170
230
190
249
246
164
249
25
195
250
232
71
14
83
197
225
171
193
16
172
221
73
59
157
116
238
90
130
249
192
119
47
53
21
183
232
211
230
244
252
225
117
252
195
198
101
221
243
133
12
232
242
244
249
153
223
210
232
249
249
155
222
190
220
187
233
114
48
167
245
252
126
39
242
237
51
16
252
48
240
249
159
249
225
165
46
219
230
26
226
251
148
225
158
22
225
159
122
148
245
47
225
129
251
178
187
1
196
47
223
164
4
232
12
132
206
252
147
159
194
193
83
249
250
225
23
21
152
225
238
186
31
221
192
217
239
107
225
49
194
249
248
251
192
172
219
244
204
142
63
25
183
108
1
251
192
242
195
251
34
27
239
193
195
175
58
225
231
217
38
181
225
250
18
134
252
118
147
249
245
226
238
25
225
225
192
238
6
220
242
239
225
207
240
230
27
148
249
143
48
57
68
225
165
34
118
166
177
195
190
231
172
57
194
224
132
36
246
181
38
224
148
217
126
246
195
245
142
249
249
177
251
117
245
164
8
249
172
243
166
143
224
29
225
29
230
249
146
233
246
22
219
194
147
195
45
159
184
119
197
193
249
85
128
230
251
167
194
250
131
225
189
140
238
249
139
108
225
238
249
28
46
222
17
212
238
224
230
196
249
126
41
152
167
252
226
145
249
189
225
154
220
230
148
244
230
239
81
226
74
90
167
252
31
250
164
231
249
26
162
242
251
29
217
246
225
230
231
197
126
185
220
135
220
230
219
148
231
31
222
16
238
162
221
142
164
190
4
57
223
220
249
193
143
151
195
238
230
8
192
249
87
243
208
74
200
29
201
165
215
248
142
167
35
93
223
220
205
121
95
220
189
20
192
225
43
252
249
225
166
246
246
250
24
252
133
167
137
196
58
25
194
78
244
225
244
197
20
33
211
190
226
225
143
252
146
90
251
244
164
155
195
96
172
5
42
232
163
190
252
29
51
126
174
2
64
17
252
194
55
185
63
177
230
172
129
134
4
244
251
157
129
239
223
230
1
157
26
193
195
106
191
165
143
243
225
223
225
249
189
195
242
133
229
205
183
134
210
43
96
238
165
21
4
3
220
11
245
132
164
20
195
230
230
229
240
207
192
239
24
222
182
189
170
233
251
225
61
225
178
43
225
43
240
39
140
196
239
244
227
122
47
192
241
250
231
245
6
252
142
249
231
231
252
46
74
242
238
0
164
140
170
64
242
146
8
189
230
49
249
208
225
46
117
240
165
219
249
179
74
41
249
251
126
152
95
225
246
220
165
222
225
153
232
117
134
77
162
240
225
231
184
189
87
249
192
25
189
210
249
225
12
241
66
39
239
147
174
180
228
6
165
195
38
129
238
147
5
46
222
146
193
231
231
184
252
61
249
126
232
88
27
197
252
196
240
189
251
176
244
245
251
143
133
176
0
196
230
225
230
118
240
17
174
142
195
24
142
139
38
251
74
3
230
204
208
249
232
9
77
230
195
220
225
220
90
197
179
194
188
252
230
51
162
19
224
230
133
225
238
240
69
204
244
225
122
62
243
252
43
244
252
145
99
124
249
159
243
189
240
167
242
95
223
166
225
175
225
186
189
39
237
226
195
165
244
195
178
251
249
231
166
220
225
64
180
220
244
249
146
210
34
226
252
193
164
165
0
107
58
197
88
231
229
6
28
223
25
69
242
244
224
195
191
39
250
3
148
74
133
189
16
195
225
249
240
225
240
167
243
239
225
61
238
102
34
71
157
42
174
195
244
193
240
146
250
230
180
77
116
1
189
245
161
249
249
169
49
238
210
224
239
192
233
169
237
79
183
189
161
47
251
203
238
46
220
187
184
226
231
194
163
133
166
186
180
235
231
238
244
238
8
148
184
182
233
243
69
189
241
9
103
74
225
8
193
225
230
224
95
85
221
192
238
134
249
243
225
230
249
73
252
192
99
244
237
238
169
157
133
33
27
187
157
240
206
218
193
62
44
151
197
238
31
243
25
187
173
203
243
208
252
176
238
220
192
6
245
230
22
225
230
192
157
225
230
148
176
31
249
223
232
48
251
2
163
225
220
102
164
197
154
234
183
103
148
225
245
246
221
231
210
176
34
208
219
63
5
128
74
192
246
184
243
193
241
225
172
148
14
219
182
157
232
220
38
118
27
208
251
1
157
197
49
252
240
246
219
46
176
58
47
181
225
249
62
195
225
230
189
240
225
143
102
210
249
249
222
233
148
123
146
230
245
118
252
34
246
21
173
11
150
195
166
193
211
231
230
8
230
175
239
146
162
42
47
251
224
231
47
142
158
245
249
244
245
164
252
174
231
239
27
194
238
183
147
164
152
244
252
194
148
194
244
13
62
197
236
240
226
249
208
251
166
161
9
244
251
25
238
36
187
225
192
244
239
232
220
220
249
224
143
225
23
195
157
238
11
77
225
167
167
142
48
170
167
193
252
218
226
225
231
194
250
35
226
238
116
192
126
252
189
226
243
49
239
194
126
63
157
178
252
228
147
34
232
143
133
220
11
249
228
225
225
189
28
57
164
246
144
242
246
21
193
230
220
186
220
252
22
152
166
145
225
185
238
164
229
252
224
252
192
179
164
64
238
4
240
27
5
240
96
95
107
67
232
237
238
210
230
243
225
252
245
174
11
251
174
192
181
242
194
8
240
163
245
21
230
65
171
37
186
232
230
7
246
250
174
231
246
240
233
165
57
195
113
146
47
197
194
180
233
224
225
53
196
154
225
221
193
244
123
188
229
196
179
9
143
220
167
242
32
193
190
195
171
220
121
244
223
243
140
230
145
146
119
4
10
229
196
247
47
240
45
83
226
195
6
226
122
45
28
220
231
231
238
80
223
250
1
142
225
249
180
236
186
206
196
187
239
226
242
4
182
27
230
249
176
174
110
245
142
206
20
156
29
195
189
243
245
249
172
240
149
251
129
242
251
140
25
249
240
226
77
251
96
249
196
238
60
5
222
230
189
243
207
148
0
164
164
225
237
237
151
30
244
225
225
244
148
31
244
225
220
0
249
252
186
250
229
189
218
223
244
159
170
58
183
249
249
193
148
249
242
4
217
27
119
238
53
174
250
79
251
178
193
175
206
244
249
47
119
217
225
225
218
241
197
181
238
143
210
252
230
169
161
116
148
178
251
231
189
244
173
189
137
147
220
174
250
231
245
186
142
172
49
242
252
195
80
11
42
25
104
252
238
195
148
205
148
249
242
193
190
220
154
197
197
217
25
143
29
220
29
164
210
27
216
100
28
230
217
175
20
250
152
189
243
148
174
0
219
29
17
164
181
245
16
222
226
48
28
194
99
31
219
223
230
238
165
231
158
77
133
251
82
38
120
249
184
245
196
225
142
220
230
57
73
187
114
194
222
238
62
101
249
189
152
165
166
42
24
134
157
114
249
245
249
238
187
143
238
193
203
221
252
146
195
82
225
27
164
13
190
25
245
225
192
230
249
46
183
242
147
186
240
8
131
58
133
181
138
82
231
252
36
231
170
246
240
224
159
233
25
154
250
156
238
225
13
188
208
93
233
238
249
58
129
244
189
224
174
237
171
231
246
186
238
251
156
46
214
21
143
1
238
179
151
31
148
231
210
240
236
47
181
189
28
159
189
231
195
203
97
8
225
185
251
173
6
252
181
188
189
25
225
63
251
241
246
222
231
197
143
146
192
24
1
62
193
240
3
157
197
195
244
231
147
174
71
245
65
194
1
58
29
99
62
205
244
4
194
192
175
246
251
238
198
237
60
65
197
148
24
252
225
239
193
249
220
132
189
46
118
77
154
232
159
225
225
231
184
250
167
249
183
230
88
217
225
232
114
152
8
192
156
203
210
244
226
252
243
6
251
87
114
220
189
231
64
189
227
225
54
195
196
232
186
189
82
139
118
74
196
244
39
141
140
142
244
189
143
12
38
223
58
60
189
140
239
244
83
238
249
211
110
188
221
51
172
243
187
7
81
180
239
142
175
182
231
195
238
225
44
216
170
236
126
249
180
245
221
132
3
193
232
58
186
244
165
225
186
121
231
248
227
39
4
35
250
139
224
238
238
171
177
194
57
159
249
212
167
54
27
16
222
230
181
53
249
195
156
178
4
251
225
171
140
141
133
194
20
168
166
230
152
34
231
251
244
9
181
218
197
154
225
25
251
174
63
250
81
33
30
251
6
110
65
225
251
232
190
238
11
181
83
35
249
47
248
164
195
239
180
189
175
225
146
194
163
201
68
231
232
39
252
219
200
65
159
238
248
188
225
143
43
239
1
195
138
190
19
230
180
193
210
82
224
244
230
232
225
152
240
34
120
40
217
31
113
225
128
114
119
232
180
224
193
151
173
230
238
244
246
189
203
27
197
220
192
249
173
249
225
127
246
225
250
249
193
252
238
5
249
225
164
245
251
69
195
82
189
180
63
225
62
252
180
184
82
251
206
4
221
7
252
157
3
173
60
47
13
36
196
38
195
224
96
244
249
16
240
222
245
180
47
110
225
232
249
132
239
206
197
192
225
32
154
225
142
226
3
180
230
240
251
195
25
252
238
244
19
97
96
251
170
157
225
195
192
251
189
238
148
191
244
58
251
38
192
25
190
182
182
148
204
190
180
43
241
143
208
238
144
4
179
138
232
238
133
238
230
167
243
77
142
32
194
251
208
232
239
250
225
167
4
221
231
242
31
252
239
189
180
239
138
15
47
54
87
46
8
208
210
225
250
191
249
164
82
152
10
238
238
164
152
245
101
239
178
239
251
101
200
190
54
31
233
231
238
164
201
3
252
233
224
230
197
57
25
80
98
29
244
192
241
188
249
192
163
223
181
74
243
152
4
181
9
252
251
220
165
237
251
179
12
17
231
242
225
225
248
122
27
220
25
183
238
189
163
66
250
190
245
4
164
240
182
60
243
165
178
164
232
189
187
195
198
249
238
22
126
186
249
251
249
152
225
64
163
122
225
189
193
181
252
220
249
29
195
3
170
27
167
249
242
147
188
181
104
180
225
220
201
242
126
243
0
233
142
194
230
192
192
206
147
232
196
210
251
225
241
67
225
8
90
190
225
160
193
156
243
193
248
239
196
116
130
190
224
240
43
194
249
249
114
144
238
189
238
9
40
238
13
138
249
148
238
62
174
225
148
244
238
164
133
242
230
128
8
195
176
239
220
237
190
174
96
220
240
194
189
167
225
228
129
231
107
174
240
44
147
164
183
195
220
244
197
41
240
33
228
238
146
239
147
170
25
114
117
238
57
1
231
251
208
223
243
238
246
147
235
167
164
249
195
39
8
189
225
25
52
11
175
237
189
34
148
186
252
231
189
226
238
237
244
245
154
63
223
252
251
201
143
249
240
240
90
192
193
251
132
252
153
164
83
225
197
220
25
171
252
195
246
4
197
209
174
245
4
214
208
1
225
148
147
238
185
93
239
56
20
8
244
216
175
245
190
238
191
249
239
234
190
252
72
3
192
248
32
244
142
219
246
226
27
145
195
252
148
192
166
47
39
242
63
179
249
213
60
246
183
116
55
0
47
167
142
192
63
225
1
231
222
47
224
48
252
27
143
238
187
195
230
219
192
32
193
242
244
9
53
252
243
34
222
218
167
29
246
211
122
193
3
91
142
171
145
6
16
48
233
238
233
209
238
178
225
239
24
248
248
148
244
23
252
231
137
128
154
193
249
73
153
134
100
237
183
179
189
197
245
211
249
210
48
236
147
230
197
249
225
244
34
249
193
230
169
238
226
242
156
190
249
238
157
222
51
240
249
62
189
40
228
249
193
235
231
238
30
252
47
220
0
189
244
189
32
99
46
244
239
197
205
168
238
187
25
181
225
114
62
189
178
74
180
217
218
181
134
240
185
148
201
226
231
225
197
176
224
249
102
140
230
148
114
142
126
190
195
9
110
165
232
195
154
1
233
127
244
250
230
246
74
167
189
39
189
48
95
193
237
243
192
77
225
233
225
44
63
244
29
225
231
224
245
26
126
22
217
79
181
200
9
159
165
245
251
63
114
58
186
187
27
240
170
195
219
239
206
8
225
35
225
5
224
194
239
190
220
196
219
1
4
79
195
181
190
210
5
204
179
73
192
17
179
157
28
158
187
59
25
237
240
5
49
231
143
104
174
25
226
19
231
197
246
249
240
165
64
186
53
60
42
238
244
58
96
47
210
36
242
184
190
249
178
19
159
169
