172
194
237
175
189
179
72
144
161
237
180
247
250
242
180
35
179
74
0
211
167
154
187
79
218
227
45
184
225
16
9
186
18
29
222
39
8
161
74
35
144
3
23
71
237
25
123
230
226
167
2
215
242
34
220
154
237
36
163
229
161
219
229
228
247
229
248
96
189
247
225
237
206
185
212
227
73
231
122
2
73
205
247
44
22
197
217
122
174
247
247
166
21
238
226
163
228
249
147
142
229
84
220
176
161
242
63
224
167
247
228
95
145
171
219
38
41
218
228
84
229
211
25
60
252
242
231
229
195
125
229
250
235
220
145
126
202
235
201
228
227
121
26
0
226
87
228
237
215
198
229
238
229
36
229
243
238
20
34
134
189
157
104
64
237
7
221
226
247
64
42
139
230
242
219
202
242
248
219
228
87
163
227
221
229
229
241
220
231
237
206
238
252
220
250
77
251
247
228
149
225
217
71
29
220
169
157
229
142
235
24
145
211
238
196
144
181
234
231
25
237
60
219
232
140
162
244
236
5
65
31
211
227
246
161
142
247
227
208
242
229
7
208
142
181
227
221
252
238
194
51
238
247
2
226
16
36
144
160
99
219
236
183
52
221
194
163
7
200
179
155
229
251
142
196
134
173
242
247
225
57
231
247
142
220
162
130
84
235
232
250
248
229
90
6
242
250
238
126
36
12
147
215
229
162
237
203
246
251
250
161
47
95
153
82
132
142
230
54
243
229
1
144
161
249
64
247
247
22
219
146
241
228
229
38
247
237
229
164
47
226
230
219
215
61
237
249
228
236
157
225
126
43
180
173
229
247
249
227
237
212
200
216
151
149
237
226
247
212
5
163
183
27
229
121
183
126
231
242
228
140
171
149
147
126
250
121
25
163
228
205
198
2
235
235
228
249
179
229
140
196
161
189
180
208
208
234
241
228
142
14
184
241
179
247
81
69
228
179
237
207
164
114
228
162
219
229
227
147
229
180
179
178
229
247
228
6
170
6
217
163
232
25
226
66
180
229
34
117
249
247
162
226
174
236
234
240
227
250
229
242
176
243
208
229
175
81
147
199
189
239
221
206
162
157
228
249
229
248
250
251
227
180
227
251
229
247
228
3
228
228
243
238
57
38
126
194
149
228
229
196
156
228
195
211
235
12
228
229
236
126
182
220
161
250
228
101
147
63
249
235
35
242
232
246
60
161
102
251
218
49
252
237
252
252
233
229
247
16
249
182
25
57
8
241
3
78
142
134
116
172
227
158
249
211
200
30
225
199
226
135
238
247
143
180
230
176
26
147
174
231
231
229
126
20
180
96
16
18
247
229
228
237
36
210
185
228
9
228
227
227
241
233
51
58
220
27
217
147
250
9
99
57
231
228
78
142
228
225
20
216
246
225
250
239
212
238
126
229
250
1
43
251
199
206
131
84
195
160
194
250
58
169
229
231
6
229
219
237
238
1
51
113
102
247
232
179
129
65
247
233
247
237
1
81
124
118
215
140
204
231
8
147
202
225
231
227
184
250
133
176
145
252
229
118
238
231
57
229
173
238
243
241
32
251
237
1
247
7
229
230
227
228
238
250
230
163
249
162
85
230
241
214
247
237
236
134
64
44
232
251
232
140
180
41
228
234
228
188
231
54
188
248
205
22
170
220
142
237
249
65
169
243
237
229
142
247
195
147
222
242
117
178
212
236
191
138
165
221
229
157
247
5
172
37
139
156
247
113
163
49
231
27
250
233
160
208
243
228
39
60
249
229
238
162
231
206
242
229
238
193
251
227
149
228
104
236
227
247
238
251
242
229
221
237
147
247
117
229
34
200
150
57
25
229
55
225
227
217
236
192
48
251
165
228
175
124
227
48
100
206
228
250
220
5
229
181
249
200
130
247
144
179
248
24
228
234
248
209
228
250
191
28
104
220
206
8
247
226
233
147
164
231
211
49
227
6
247
139
69
172
31
6
198
229
180
228
229
214
16
163
7
247
249
158
139
177
227
219
219
249
231
21
118
178
25
147
230
226
57
251
214
233
247
231
211
54
46
147
241
236
123
231
181
241
242
142
228
227
249
231
161
204
239
59
249
219
231
196
180
222
220
228
208
117
114
229
251
39
206
227
127
238
227
220
71
163
145
51
165
157
249
249
229
145
160
161
4
221
172
229
227
114
202
204
219
46
237
247
231
228
143
8
247
247
248
247
228
180
234
231
250
206
219
77
74
194
229
230
230
142
33
247
229
219
227
176
219
219
37
19
175
146
227
88
163
238
247
74
39
147
145
228
200
143
27
241
25
237
27
225
71
233
237
200
157
142
19
145
147
240
46
35
11
235
117
250
178
193
231
209
247
36
228
200
227
4
243
209
73
213
225
5
175
219
228
228
145
219
212
188
180
0
237
183
237
173
211
132
166
247
237
231
211
57
180
3
132
226
101
221
251
235
235
144
243
183
251
225
213
236
221
229
113
131
142
178
229
179
247
238
229
244
38
180
10
219
247
158
8
17
237
213
209
229
247
227
235
237
1
247
242
238
177
221
242
12
238
226
2
250
167
247
252
170
157
147
230
247
194
232
236
233
176
231
156
9
228
247
221
228
238
215
156
222
250
6
228
87
231
238
229
238
229
203
66
247
2
150
163
18
225
252
247
247
130
161
4
117
5
180
165
238
247
182
229
71
230
142
240
247
191
228
247
219
247
219
39
228
227
240
76
250
178
247
232
231
165
57
150
226
185
219
41
184
170
138
221
251
160
145
230
84
226
0
230
242
249
237
209
218
1
239
87
4
208
43
37
229
219
96
126
178
134
225
229
251
16
249
250
113
249
95
247
140
185
172
215
249
228
219
181
250
229
193
175
47
251
220
239
131
10
100
250
250
237
247
145
43
240
139
143
200
186
102
251
187
232
143
226
244
150
247
204
251
126
221
238
130
162
242
147
247
229
224
162
230
2
179
239
48
202
243
134
73
188
130
163
176
250
142
58
239
51
81
226
222
27
228
247
49
228
227
221
214
244
228
96
230
3
83
228
210
51
205
237
188
238
237
231
218
195
229
142
251
250
208
229
252
114
247
236
104
163
142
250
228
157
237
136
229
216
227
58
162
9
78
179
229
0
3
237
231
226
10
21
179
232
164
145
227
247
126
247
69
157
232
134
228
180
231
194
238
216
162
165
226
228
25
216
47
1
65
26
119
248
232
195
0
225
231
250
161
234
142
101
221
247
243
144
142
127
226
229
31
227
251
210
231
224
228
165
219
239
228
156
232
208
147
164
179
240
236
229
247
163
142
130
98
209
144
235
227
144
57
211
96
229
228
247
230
228
211
153
147
243
236
220
229
78
171
160
147
171
237
220
251
32
39
243
95
232
0
199
160
210
142
124
229
212
218
226
161
251
227
247
20
218
28
226
2
229
31
19
69
173
234
235
198
41
6
183
99
99
0
228
52
82
25
228
230
120
219
249
247
6
173
12
179
233
227
228
178
6
247
247
147
34
165
227
93
200
209
243
161
34
239
198
180
247
224
7
144
245
226
189
183
103
32
203
227
247
163
234
208
231
219
206
250
213
251
232
219
250
225
243
217
228
223
224
219
229
178
229
248
249
120
225
139
226
239
165
228
247
25
61
247
147
53
247
16
26
200
191
230
236
219
251
238
219
229
60
19
250
119
53
226
142
241
206
214
211
180
145
247
212
175
238
204
147
251
64
232
229
229
0
56
179
250
227
247
247
186
194
5
43
166
226
144
233
25
242
165
221
247
220
252
211
83
237
144
247
250
0
172
201
247
185
242
31
162
180
36
54
178
139
224
243
11
16
211
202
38
219
219
142
100
63
230
139
149
249
34
195
177
43
211
230
219
199
145
145
251
151
247
136
229
247
229
228
4
208
160
233
246
165
130
31
221
247
24
225
27
163
210
164
228
247
202
2
242
144
232
63
219
147
247
217
242
229
231
247
229
201
218
211
242
54
228
61
6
250
229
218
247
196
222
3
25
96
247
125
21
147
242
161
239
213
6
118
237
234
237
7
219
140
237
225
45
56
247
219
235
58
144
219
247
122
113
218
229
188
179
241
186
22
229
219
229
246
29
251
135
239
30
228
65
11
249
6
247
247
142
186
242
244
186
250
247
249
219
251
49
12
160
142
62
238
11
218
58
147
192
238
228
236
56
181
234
247
250
12
178
247
160
194
144
220
147
137
87
237
36
160
224
118
249
227
163
229
173
189
226
173
12
251
239
163
78
135
237
171
229
120
33
198
147
7
145
34
229
20
229
56
247
49
247
208
16
180
176
25
145
236
65
65
250
166
218
181
236
195
169
247
221
85
230
173
208
242
118
227
175
229
229
221
228
156
244
250
31
142
219
142
65
26
233
247
208
188
55
57
228
27
247
229
144
77
244
229
227
130
47
226
228
172
166
177
238
232
240
194
78
210
32
57
228
247
206
180
203
144
247
157
42
36
158
195
209
232
22
235
228
235
225
226
227
157
226
244
220
179
96
229
62
230
4
171
228
139
243
96
155
57
187
144
228
1
24
229
175
176
140
46
227
7
232
218
142
237
236
230
5
199
236
9
145
73
247
242
145
239
227
247
14
231
118
231
1
142
228
247
152
247
212
163
231
227
235
243
175
243
64
234
20
237
220
241
226
230
57
236
179
207
127
154
229
228
179
6
211
87
210
241
238
249
103
208
251
221
229
145
24
11
175
228
126
251
242
226
226
228
167
116
85
157
180
212
230
221
78
121
172
181
247
238
247
212
199
249
175
212
126
173
188
227
216
157
42
204
236
202
226
206
177
247
237
232
104
219
130
237
29
6
220
228
242
123
237
54
242
206
228
247
183
117
216
229
231
228
252
229
231
242
250
48
63
225
228
252
251
239
206
180
203
234
62
170
234
237
243
48
162
182
228
166
231
170
236
202
53
94
44
139
160
228
229
229
247
147
247
187
84
247
11
22
162
249
8
233
226
155
228
35
247
162
237
145
252
130
229
176
147
18
76
220
64
249
251
84
238
142
180
162
232
247
116
244
248
180
247
247
2
163
232
247
10
217
229
168
229
157
171
215
219
229
220
147
162
119
226
248
225
145
234
219
230
251
249
228
148
189
235
212
247
220
4
247
221
228
21
124
208
87
217
34
221
219
220
233
163
126
87
234
250
229
126
249
247
101
163
208
130
243
160
251
251
238
156
28
229
246
0
163
247
184
229
228
163
251
238
234
220
247
250
228
229
226
226
161
3
147
155
77
83
0
95
17
103
180
219
196
173
219
226
247
165
242
180
237
74
147
163
25
16
234
192
122
186
200
228
227
220
20
183
206
163
237
118
228
180
250
247
11
43
123
227
247
214
236
174
250
229
226
95
62
1
244
147
57
211
215
126
220
178
242
162
44
228
247
24
180
145
242
250
243
176
36
233
161
142
183
34
35
233
140
228
247
12
219
149
179
142
144
54
113
247
241
212
51
164
237
180
211
44
235
101
35
49
23
147
249
237
27
241
45
53
233
236
251
187
251
179
235
219
247
226
175
237
238
233
206
237
113
62
127
63
157
242
251
64
157
227
228
179
142
161
147
230
36
118
247
228
174
201
249
142
231
191
172
229
235
206
53
145
237
236
183
38
234
235
29
32
217
230
225
113
236
227
228
27
242
205
160
35
154
226
157
145
0
219
250
232
160
172
43
47
210
142
239
242
179
145
220
236
215
206
198
196
225
227
225
227
218
241
118
250
219
23
26
211
118
228
231
238
36
227
167
248
228
229
31
217
224
228
227
222
180
237
247
48
186
225
55
229
236
31
48
219
247
8
242
1
251
164
25
199
16
63
232
242
58
241
51
248
251
195
21
96
57
103
231
162
233
53
237
128
175
250
104
145
16
231
225
250
142
200
162
4
64
179
122
251
57
6
160
225
228
250
228
149
243
45
237
161
248
228
234
238
94
11
34
220
220
157
238
32
228
229
21
229
229
228
205
248
205
147
22
223
236
230
200
250
176
228
228
220
228
230
229
236
12
249
229
220
31
247
142
252
202
247
51
147
251
138
225
237
226
250
118
218
58
226
216
174
238
238
228
222
225
240
243
247
247
231
130
234
243
252
252
229
180
164
232
11
155
187
229
229
157
157
110
1
251
229
228
249
229
202
228
25
238
144
135
100
237
233
180
244
4
157
229
82
243
17
222
228
228
213
58
247
227
240
147
251
39
176
183
228
32
62
217
233
114
96
186
227
236
228
57
218
162
71
161
218
126
176
228
178
238
158
229
221
226
231
156
237
247
248
14
149
188
228
185
126
35
180
25
251
226
248
32
228
213
1
144
176
163
145
58
178
225
171
191
150
229
174
189
190
63
226
87
147
54
20
167
135
158
231
219
103
245
213
8
231
129
228
247
247
199
211
252
219
231
181
191
220
12
180
251
96
227
249
145
249
27
217
157
250
242
250
238
251
217
229
235
221
248
219
63
181
81
219
236
169
237
53
251
144
150
226
184
25
228
81
98
227
240
20
164
229
217
226
228
243
232
249
222
175
228
247
148
215
127
243
140
242
237
247
170
219
237
179
26
252
226
219
31
135
235
16
165
237
172
104
161
3
51
252
206
243
212
249
216
219
226
239
234
228
27
215
139
200
219
240
179
137
134
170
185
53
184
244
243
18
186
221
227
237
221
135
239
172
228
162
227
221
219
149
237
147
21
247
248
251
161
184
229
118
27
229
228
232
237
224
142
162
182
43
12
184
229
137
229
242
237
155
54
20
6
171
208
195
243
232
38
183
135
247
64
211
102
228
113
145
196
247
108
186
4
