0.75796
1.07024
0.651735
0.501682
0.42778
1.06495
0.660913
0.676446
0.678321
0.702114
0.606702
0.509282
0.48243
0.52753
0.514248
0.565138
0.484495
0.461214
0.501262
0.638188
1.07846
0.694496
0.846733
0.860289
0.571914
0.532337
0.448288
0.385583
0.533559
0.951538
0.774214
0.646285
0.585364
0.556146
0.509371
0.540284
0.545957
0.687154
0.708854
0.436409
0.565864
0.468908
0.568999
0.601239
0.988833
0.79746
1.01585
0.813766
0.588641
0.364593
0.369201
0.38889
1.28976
0.810913
0.575289
0.542755
0.660355
0.706706
0.782584
0.749718
0.645567
0.572948
0.544286
0.802558
0.664556
1.0898
0.875633
0.911834
0.83959
0.785121
0.498221
0.41622
1.14955
0.645758
0.770238
0.807946
0.897594
0.697845
0.655516
0.646907
0.718271
0.837169
1.00289
0.683252
1.36287
0.933851
1.02011
0.745491
1.06427
1.06579
1.59382
0.953344
0.888279
0.592249
0.696253
0.914173
0.592851
0.650641
0.681402
0.826181
