113
103
145
153
147
172
116
125
146
118
120
107
139
113
164
117
104
109
135
143
136
157
107
112
145
140
105
144
100
130
106
103
123
102
158
157
110
146
147
166
137
153
119
170
122
154
129
131
175
101
159
142
156
110
100
115
170
134
130
127
133
168
138
133
181
114
148
121
140
137
160
106
115
132
104
187
121
101
151
167
169
135
152
102
127
173
184
142
111
138
132
158
176
136
111
165
139
126
114
117
108
122
105
109
108
119
112
124
118
134
125
116
128
120
129
171
123
144
124
126
131
141
160
154
128
151
141
163
182
149
161
179
148
155
143
159
149
177
150
150
155
182
162
171
152
164
175
162
165
174
156
163
161
172
167
180
180
166
173
168
176
183
184
185
186
178
186
169
181
191
177
178
179
174
185
183
194
188
189
190
194
193
189
188
187
192
190
192
196
191
195
193
196
195
197
198
197
198
-1
