116
174
154
181
113
107
114
175
103
137
117
101
115
124
184
138
174
127
147
177
148
116
127
161
104
108
107
121
175
143
158
122
118
102
111
101
162
156
110
154
100
165
169
148
167
115
120
157
110
145
162
125
132
157
139
153
108
117
153
142
121
128
131
138
150
143
133
122
144
166
119
141
155
105
111
105
135
133
100
151
123
144
109
159
119
146
181
140
140
118
137
155
132
145
142
141
104
129
103
106
106
102
112
114
112
130
109
113
146
124
123
139
120
126
131
126
134
136
151
135
125
147
168
128
129
130
149
134
171
163
136
173
160
163
171
160
149
150
152
182
156
170
159
168
164
158
169
152
179
186
178
164
178
161
179
183
166
172
176
170
165
173
177
187
167
180
172
189
191
180
182
176
183
185
187
185
186
188
189
190
192
184
191
188
192
194
190
195
197
194
193
193
197
195
196
196
198
198
-1
