178
157
162
132
148
135
111
104
123
175
157
146
139
160
164
121
130
125
158
165
122
161
130
114
129
107
124
112
149
155
123
156
139
154
100
143
155
106
107
115
110
102
115
169
135
104
153
103
144
150
173
121
100
144
127
133
113
111
140
122
128
109
101
119
171
162
168
118
118
172
167
109
148
103
150
108
117
179
145
126
133
120
171
128
119
182
134
160
105
156
101
134
131
131
151
143
108
129
117
146
105
102
110
106
152
113
112
120
116
136
114
116
142
124
138
170
137
126
140
125
132
138
172
168
127
151
147
136
141
141
161
137
142
147
154
149
177
145
176
153
159
152
165
158
173
185
163
170
163
184
166
193
174
164
159
175
174
180
167
187
187
169
178
183
166
190
194
186
182
177
176
181
181
180
184
179
193
185
188
183
189
192
188
191
186
190
195
189
191
196
192
198
194
195
196
197
197
198
-1
