112
140
159
121
117
114
156
142
115
162
120
143
118
149
172
158
144
128
176
150
105
104
146
133
151
119
109
153
181
145
139
128
170
107
104
155
164
157
110
177
131
140
179
124
170
107
127
164
100
111
103
121
141
108
122
177
173
182
134
153
100
115
118
106
184
101
141
102
110
138
166
108
175
105
180
106
162
142
147
125
123
102
130
152
137
171
152
101
172
126
116
122
176
119
165
134
127
181
116
111
109
132
103
125
136
113
112
114
132
113
120
130
156
148
129
117
129
123
124
135
137
147
148
126
143
131
133
135
165
139
168
136
146
144
138
149
157
155
145
169
163
178
169
151
154
174
154
150
173
158
167
160
161
168
185
159
163
161
167
160
186
166
175
193
186
182
185
180
179
174
171
183
178
188
189
184
183
187
191
187
188
190
191
193
189
192
194
190
192
195
198
194
196
195
196
197
197
198
-1
