158
119
120
113
110
113
168
140
168
105
109
142
120
144
139
100
172
119
114
136
123
134
106
152
158
131
143
145
138
106
154
118
108
125
107
185
179
170
126
111
110
157
134
145
101
143
142
159
175
124
165
155
155
128
105
160
133
101
156
151
123
111
149
153
163
130
162
180
118
136
141
127
129
122
127
104
103
130
116
137
133
109
104
137
132
135
112
108
177
102
177
121
102
148
100
112
166
139
140
103
131
128
115
107
124
115
147
116
129
117
126
125
114
122
117
121
147
132
178
138
135
151
148
146
161
141
144
159
152
146
150
153
161
173
154
172
167
173
149
157
150
160
164
170
167
163
156
169
169
165
180
181
182
162
179
174
171
186
166
171
184
176
164
190
183
189
175
186
178
176
191
182
174
188
191
185
184
181
187
189
183
188
194
187
190
193
192
198
195
195
192
193
194
197
196
196
197
198
-1
