158
113
136
135
123
117
104
139
138
132
100
145
163
108
114
150
144
138
156
150
106
127
142
170
125
137
179
164
103
101
121
146
128
139
100
131
131
105
111
119
120
163
184
116
147
136
103
153
132
187
154
172
126
151
133
157
177
148
160
127
175
112
176
164
112
128
140
145
159
133
102
156
162
143
182
130
116
106
144
102
107
121
111
115
167
117
149
104
108
119
147
151
114
124
110
124
157
142
130
125
101
109
105
110
109
107
134
113
115
118
137
118
120
122
122
129
123
126
155
141
141
134
129
155
148
143
154
160
135
168
159
146
165
158
140
149
162
161
152
165
181
169
153
152
176
166
179
185
170
183
171
171
180
172
161
168
169
180
178
173
166
175
174
181
167
184
186
177
188
173
174
178
183
189
190
186
182
192
187
188
190
191
189
185
195
192
194
191
193
193
198
194
196
195
196
197
197
198
-1
