108
126
122
146
131
123
177
118
127
149
110
161
167
109
147
180
125
184
143
143
100
151
139
101
173
193
172
158
189
117
172
162
129
108
192
140
112
113
113
166
176
178
134
140
159
106
105
144
124
115
186
125
187
133
104
166
104
169
165
187
168
189
162
181
146
117
192
142
149
169
174
186
139
150
168
150
130
132
177
115
157
180
164
100
157
119
181
122
183
128
136
142
131
161
103
133
102
118
127
191
101
102
103
107
105
106
107
111
109
110
111
116
114
112
116
114
121
120
119
120
121
198
124
156
123
126
138
128
129
130
137
132
135
134
136
137
135
138
155
141
141
154
145
144
145
148
148
153
147
152
151
152
153
154
155
156
160
158
159
160
198
163
163
164
165
196
167
171
170
170
171
175
173
174
175
179
178
176
179
185
182
182
183
184
185
195
188
188
190
190
191
194
193
194
195
196
197
-1
197
