176
142
183
155
154
105
163
126
178
189
128
173
102
105
100
166
131
101
146
184
106
154
151
162
110
103
109
121
172
178
125
138
182
190
150
142
177
161
114
141
124
183
164
134
174
110
136
100
166
111
124
187
156
120
165
130
159
184
193
149
109
135
126
119
117
137
120
150
101
155
176
134
188
188
191
175
167
137
168
113
140
121
122
140
112
169
102
162
135
132
190
149
179
172
122
152
197
152
117
169
108
104
103
104
107
106
107
108
116
115
111
112
113
114
115
116
118
118
119
148
133
123
123
129
125
127
127
128
129
130
131
132
133
147
145
136
139
138
139
144
141
143
143
144
145
146
147
148
198
160
151
153
153
158
157
156
157
158
159
160
161
196
163
164
165
171
167
168
170
170
171
195
173
174
175
181
177
180
179
180
181
182
186
185
185
186
187
194
189
192
191
192
193
194
195
196
197
198
-1
