162
158
190
188
179
121
148
176
185
154
144
173
155
108
107
183
105
172
161
180
106
118
100
174
129
189
129
164
186
175
181
135
191
171
105
135
126
161
190
100
120
107
102
144
158
140
142
130
145
192
148
112
137
110
159
113
143
160
187
164
123
123
117
171
136
101
149
150
178
117
139
156
146
152
182
146
188
124
155
193
136
165
111
101
149
104
122
142
127
131
139
182
165
132
109
126
181
114
172
121
103
102
103
116
106
104
115
108
109
110
111
112
113
114
115
116
119
118
119
120
134
122
125
124
125
128
127
128
133
130
131
132
133
134
198
138
137
138
141
140
141
170
143
169
145
147
147
153
151
150
151
152
153
154
157
156
157
168
159
160
163
162
163
167
166
166
167
168
169
170
197
177
173
174
175
176
177
178
180
196
179
184
183
184
185
186
187
195
189
194
191
192
193
194
195
196
197
198
-1
