138
176
110
170
101
189
168
178
121
126
134
141
156
146
178
149
180
154
115
152
164
106
116
142
188
194
153
107
126
154
111
174
145
146
130
119
143
162
192
145
100
119
166
113
127
191
138
114
185
103
118
151
105
185
166
130
147
188
120
127
161
100
184
182
169
161
132
142
105
167
140
132
179
190
108
155
182
117
101
183
120
174
133
151
139
181
158
169
189
117
192
107
131
149
113
168
122
175
162
104
102
102
103
104
112
106
110
108
109
111
109
112
137
114
116
125
115
118
124
123
121
122
123
124
125
128
129
128
129
136
131
135
133
134
135
136
137
198
139
140
141
144
143
144
160
148
147
148
150
150
159
152
153
157
155
156
157
158
159
160
165
163
163
164
165
173
167
172
171
170
171
172
173
177
175
176
177
198
179
180
181
187
183
184
186
186
187
196
195
190
191
193
193
194
195
196
197
-1
197
