107
156
147
157
118
129
186
105
145
123
126
193
170
191
171
148
153
122
115
171
158
120
109
131
188
179
134
116
126
170
149
150
192
146
179
191
168
169
125
149
187
106
139
185
160
140
116
181
139
152
100
133
127
101
134
161
136
136
190
172
113
177
146
108
143
159
107
141
166
178
173
181
185
111
167
163
144
177
103
184
115
138
125
166
129
186
160
114
137
113
100
156
141
158
161
102
122
104
182
108
101
102
103
104
105
112
110
106
109
110
111
112
121
114
119
117
117
118
119
120
121
124
124
132
123
128
127
128
130
130
131
132
133
135
135
197
137
138
155
140
142
142
143
144
145
154
147
148
151
150
151
152
154
155
153
198
157
165
159
164
162
162
163
164
165
176
167
168
169
175
174
172
173
175
176
174
196
178
180
180
183
182
183
184
195
189
187
188
189
190
195
192
193
194
196
194
198
-1
197
