171
122
167
176
165
120
192
134
107
102
195
146
116
117
147
159
167
129
120
102
155
180
158
168
124
141
136
115
104
190
103
108
145
100
131
158
129
157
147
185
186
115
125
121
182
105
109
127
157
173
153
175
174
187
100
192
123
134
141
138
160
137
106
190
140
183
178
104
172
175
106
182
122
127
101
195
171
159
151
144
155
146
151
152
156
137
136
178
191
181
163
135
111
117
173
108
169
140
183
118
101
114
103
113
105
112
107
110
109
110
111
112
113
114
133
116
119
118
119
132
121
126
123
124
125
126
128
128
130
130
131
132
133
198
135
150
139
138
139
143
142
142
143
144
145
149
148
148
149
150
154
152
153
154
166
156
164
162
161
160
162
163
161
164
165
166
170
168
169
170
197
172
189
174
177
176
177
179
179
180
188
184
184
181
185
186
187
188
189
194
191
193
193
194
196
196
197
198
-1
