129
132
185
190
173
115
187
102
108
139
164
103
179
104
107
176
137
192
178
143
186
160
171
127
147
120
179
126
176
117
154
172
175
184
100
141
149
116
189
174
105
133
153
114
188
157
113
166
109
108
156
143
191
171
103
188
162
125
132
124
149
125
144
158
110
116
140
168
163
101
169
159
193
121
175
137
119
112
138
155
185
139
100
155
181
144
134
106
119
164
169
118
162
153
167
112
130
190
128
111
101
102
152
104
105
106
107
152
109
110
111
136
113
114
115
123
117
118
122
120
121
122
123
124
131
126
127
128
129
130
131
135
133
134
135
136
148
138
142
140
141
142
146
145
145
146
147
148
150
150
151
198
151
154
161
156
157
158
159
160
161
197
163
165
165
166
167
168
170
170
183
172
173
174
182
177
177
178
180
180
182
183
181
184
196
186
187
195
189
194
191
192
193
194
196
197
195
198
-1
