14 1 4 0 5 2 2 0 2 2 4 3 8 7 5 2 0 9 1 1 0 1 6 0 9 2 2 3 5 6 0 2 0 2 0 3 6 7 0 7 4 0 5 12 6 2 2 2 6 2 8 0 1 0 5 14 1 5 0 3 5 1 0 0 0 0 0 0 7 0 5 1 1 3 0 8 2 9 1 1 7 2 0 13 0 11 16 1 1 3 12 0 6 4 7 1 3 0 1 16
0 12 13 31 9 0 1 6 4 0 6 16 10 5 1 55 8 41 4 1 2 0 35 1 16 0 5 4 0 8 1 24 3 3 6 4 6 9 3 17 0 2 0 8 42 18 15 8 2 3 6 10 2 0 1 1 17 14 29 1 3 0 0 3 5 16 36 8 12 9 4 8 13 5 1 6 15 9 24 1 2 19 6 1 3 4 4 21 3 3 0 12 27 14 21 0 0 9 0 10
14 3 13 5 8 6 4 0 5 12 5 2 11 15 8 19 7 2 0 12 0 0 11 0 9 1 5 6 4 5 0 39 19 8 17 6 4 4 0 4 12 2 9 7 0 23 0 7 1 9 1 4 2 0 3 3 2 0 2 16 5 15 27 3 15 2 13 2 6 15 1 6 13 19 4 3 5 11 2 1 3 6 5 1 0 6 0 0 23 3 16 6 15 3 1 14 5 37 1 5
2 13 2 10 41 5 3 22 3 0 15 4 4 6 11 13 1 12 2 5 22 0 8 7 0 0 2 4 16 0 5 11 12 4 1 5 2 9 15 0 0 2 4 9 5 33 5 1 7 21 7 0 8 6 6 0 4 8 0 2 5 6 1 7 6 11 4 1 1 3 12 7 1 5 0 13 4 10 17 2 7 1 26 1 10 16 14 2 2 13 4 4 1 14 10 2 30 8 9 22
6 3 0 11 1 4 4 1 1 0 0 3 10 1 9 13 3 7 2 0 8 0 0 0 7 5 5 0 4 1 5 4 5 15 0 1 7 6 5 1 5 2 7 1 0 3 5 10 3 0 5 22 5 1 3 0 2 8 2 6 0 3 2 1 8 9 1 7 9 1 2 26 6 0 7 0 3 6 5 1 1 3 1 0 7 3 2 2 4 1 0 0 1 0 1 6 2 2 10 6
3 5 9 0 1 6 7 5 6 2 0 3 3 5 0 2 0 1 15 11 4 1 0 1 0 7 7 7 0 0 2 0 0 8 0 1 0 3 5 2 5 8 1 2 5 10 1 1 2 4 12 12 3 2 8 7 2 3 8 0 0 15 2 0 2 17 19 1 3 2 0 3 0 2 2 6 0 1 0 3 2 1 8 2 5 1 1 2 12 0 6 1 7 0 1 0 2 3 11 0
0 1 0 0 0 0 0 1 0 1 0 0 0 1 0 0 0 0 0 2 7 0 0 0 0 0 1 0 0 0 0 0 0 0 1 0 1 0 0 0 2 2 0 0 2 0 0 0 0 0 0 0 0 2 2 0 0 0 2 0 0 1 0 0 0 0 0 0 9 1 0 0 0 0 1 2 1 0 0 1 0 1 0 0 0 0 0 2 2 0 0 1 3 0 0 0 0 0 1 3
1 0 0 0 0 0 8 0 1 0 0 0 0 0 0 0 1 1 0 1 0 0 0 0 2 0 0 0 1 0 0 0 0 0 3 0 0 0 0 0 0 0 1 0 0 0 0 2 0 0 0 0 0 0 0 3 0 0 0 0 0 0 0 1 1 0 0 0 1 0 1 2 0 1 0 2 0 0 0 0 0 0 0 0 0 1 0 1 0 0 0 0 0 1 1 8 2 0 0 1
3 12 2 11 7 6 1 8 0 0 11 4 19 3 7 17 4 0 12 31 6 0 13 1 9 3 16 16 0 20 17 10 2 4 6 3 7 1 15 2 13 19 3 0 32 4 0 4 16 3 0 0 33 6 3 33 3 0 9 2 2 13 2 3 17 2 0 4 4 8 8 4 10 0 7 3 20 13 3 5 2 7 13 9 3 9 4 9 0 20 8 6 22 30 5 7 3 6 1 11
3 10 2 13 6 3 9 7 12 2 0 4 0 5 0 4 8 2 9 3 3 3 0 0 8 3 3 2 0 4 0 5 6 0 5 1 2 5 4 0 17 15 5 8 4 13 18 0 0 13 2 15 10 21 13 3 3 2 3 3 18 8 4 4 0 0 22 0 1 0 0 6 19 11 34 10 1 3 8 35 4 14 9 0 1 6 4 15 6 6 4 4 5 0 24 1 0 5 3 6
1 9 2 0 0 3 2 1 3 5 1 0 4 7 0 3 0 16 0 5 4 1 0 0 6 4 4 9 1 8 0 0 6 36 0 14 0 10 0 0 1 10 4 3 0 2 2 3 0 5 9 4 4 5 2 2 1 1 1 1 3 8 7 0 5 4 1 1 0 1 2 6 4 2 1 5 2 0 1 2 4 1 0 3 13 1 3 3 1 12 0 0 1 2 1 5 2 0 4 3
1 0 0 0 0 0 4 0 0 0 0 1 0 4 0 0 0 1 0 0 0 0 0 0 0 0 0 18 1 0 0 2 0 0 0 0 0 2 0 1 0 0 0 0 1 0 1 4 1 1 1 4 0 1 0 0 0 2 0 0 2 0 0 0 0 0 0 2 0 0 0 0 0 0 0 0 0 0 0 0 0 1 0 1 2 0 0 0 0 1 1 1 0 0 0 10 0 1 1 0
8 4 1 0 19 6 3 2 1 26 0 2 0 20 0 33 65 6 15 9 0 1 6 18 3 2 5 1 1 2 5 9 1 11 9 2 2 10 3 7 1 3 12 13 18 5 53 1 22 16 8 1 7 10 5 1 7 3 0 18 7 0 5 5 31 0 8 27 12 6 23 2 11 3 0 0 2 1 24 4 14 7 3 4 1 6 6 12 8 18 10 2 7 0 4 9 3 3 2 13
0 0 0 0 0 0 0 0 1 0 4 0 0 0 0 1 0 0 0 0 2 0 2 1 1 0 0 0 0 1 0 0 0 1 0 0 0 0 0 3 2 2 2 0 0 1 0 0 0 0 0 0 2 0 0 0 0 0 1 0 0 0 2 0 0 0 0 0 0 0 0 0 0 0 0 0 1 0 0 1 0 0 1 2 0 1 4 0 0 3 0 0 1 0 0 2 0 0 2 1
1 1 0 0 2 1 5 0 0 0 0 0 0 0 0 0 0 0 1 0 0 0 1 1 0 0 0 1 1 2 0 1 0 0 1 0 0 0 0 2 0 0 1 0 1 0 0 0 0 0 0 0 1 0 1 0 0 0 1 0 0 0 0 1 0 1 0 0 0 0 0 2 0 0 0 0 2 0 0 0 0 0 0 0 0 0 2 0 0 0 0 1 0 1 0 1 0 5 0 1
1 0 0 1 8 7 18 8 11 3 3 6 7 3 4 2 11 1 3 13 0 1 17 5 0 11 15 1 6 6 9 6 8 0 8 19 6 3 1 2 2 5 2 3 8 1 1 2 1 1 5 5 2 4 5 4 0 3 2 3 0 4 0 3 2 7 7 4 10 1 0 10 0 0 8 2 3 2 2 14 1 2 2 0 1 1 0 2 9 6 0 1 11 2 9 18 8 19 2 0
5 1 5 1 3 5 6 14 9 3 31 11 18 2 14 1 9 3 0 14 7 9 16 12 0 1 8 7 16 12 3 4 8 1 0 1 3 0 0 25 9 2 4 16 5 1 7 7 13 12 14 3 1 1 5 4 2 0 3 14 22 9 1 1 16 15 21 20 18 1 4 10 1 4 2 3 3 4 4 2 7 5 9 10 0 0 1 16 5 11 6 3 8 8 2 2 3 13 11 3
5 8 1 2 3 14 2 2 0 25 19 4 7 11 1 13 0 0 3 6 7 9 7 8 1 2 0 6 6 7 22 3 8 0 4 2 2 4 24 19 5 4 5 1 0 9 6 3 33 6 2 31 6 0 1 10 3 1 36 18 7 8 2 0 23 8 4 25 0 3 29 0 2 0 7 45 1 12 10 4 4 7 8 5 12 1 0 0 4 7 3 0 16 12 1 3 2 31 3 2
3 4 1 5 0 4 18 6 6 5 1 1 1 0 7 0 1 4 0 21 2 1 10 5 1 5 6 0 2 15 0 15 0 7 4 13 10 2 2 2 1 5 4 1 5 3 6 2 1 8 1 2 1 0 0 20 4 7 2 6 23 0 3 7 5 2 1 2 6 7 2 9 0 16 2 0 6 9 1 1 4 4 0 1 1 1 2 2 3 13 0 0 4 8 0 16 23 7 2 4
0 2 3 0 0 0 0 0 0 0 1 0 0 2 4 1 0 0 0 0 0 0 2 2 1 0 0 0 0 2 1 0 3 1 2 0 1 1 2 0 0 0 2 0 3 1 1 1 0 0 0 0 0 2 1 0 1 0 1 1 0 0 2 0 2 0 1 0 0 0 0 0 0 1 1 2 0 1 0 0 0 0 1 1 1 0 1 0 1 0 0 0 0 0 0 0 1 0 0 1
3 11 2 0 8 13 0 9 8 2 12 2 7 1 2 1 5 3 5 2 3 11 1 5 0 1 10 0 5 1 0 5 11 6 2 7 7 5 16 10 0 1 7 2 3 13 7 6 0 9 11 9 0 2 2 6 12 13 9 2 6 0 7 8 0 6 0 0 7 0 2 5 13 0 6 5 4 4 6 5 0 3 2 1 1 2 0 5 16 2 15 3 4 10 3 7 12 18 34 0
10 20 2 35 2 8 3 11 7 35 2 30 5 6 7 6 1 3 7 4 4 1 10 8 11 6 29 12 10 2 23 1 2 0 15 3 3 8 16 6 18 3 8 7 31 2 14 18 3 9 7 9 6 25 4 23 8 0 5 5 41 7 16 6 2 6 2 11 13 4 3 0 0 0 3 5 2 1 7 0 8 9 4 2 4 2 0 0 0 10 1 25 0 3 1 0 17 1 62 4
4 0 1 4 3 1 1 1 6 9 7 0 0 10 2 4 16 6 6 4 0 4 1 2 1 8 0 1 10 5 1 13 6 13 4 1 2 0 11 3 4 7 0 15 2 10 1 1 0 0 2 2 16 1 2 4 7 0 0 3 15 14 1 6 1 0 2 11 4 0 2 0 4 3 0 2 1 3 9 3 0 23 6 1 3 3 7 3 6 0 4 8 7 2 0 1 4 3 2 4
12 5 14 1 4 0 0 16 14 10 0 6 1 2 9 5 0 2 13 2 11 9 3 1 2 0 0 2 5 15 16 1 0 6 17 0 2 2 0 1 9 16 5 2 19 3 5 0 4 3 45 7 1 4 5 11 16 4 11 2 5 19 3 10 4 14 8 8 10 16 17 1 26 7 11 3 8 1 7 0 15 15 0 0 2 5 5 10 4 1 10 5 2 3 24 1 28 3 3 2
1 0 0 0 0 0 0 1 0 0 0 1 0 0 0 0 0 0 0 1 0 0 3 1 0 0 0 2 0 1 0 0 0 0 0 0 0 2 0 1 0 1 1 0 1 1 0 0 0 1 1 0 0 1 0 0 1 0 0 0 0 0 0 0 3 0 0 0 0 0 1 2 0 2 0 1 0 0 0 1 0 0 0 0 0 0 0 0 3 0 0 4 1 1 0 0 0 1 1 2
0 4 4 0 0 1 0 0 1 3 1 1 1 1 3 2 1 1 1 0 2 8 9 11 2 6 1 0 2 5 0 0 5 1 6 7 1 0 1 1 1 6 1 1 0 0 15 0 15 0 1 3 3 5 0 3 10 3 1 1 6 0 0 0 0 8 3 9 1 12 0 4 1 1 0 1 9 2 13 7 5 4 3 4 2 3 2 1 0 1 0 4 7 4 1 0 2 0 2 13
1 2 2 3 6 0 9 6 12 0 5 3 4 6 2 10 0 0 1 9 3 0 3 0 0 8 3 4 0 0 5 2 1 0 0 3 3 2 3 3 0 10 2 4 8 5 6 5 4 6 1 0 1 4 0 1 6 1 0 7 2 2 1 0 3 5 2 0 7 4 3 2 2 1 0 1 1 4 9 5 6 0 6 1 2 0 4 3 1 0 9 3 1 3 0 1 1 1 1 3
3 7 1 5 2 4 11 1 4 6 1 0 7 17 0 5 2 3 13 0 19 0 0 1 2 3 3 1 6 11 6 4 25 11 2 4 2 13 3 2 5 2 1 1 1 0 2 5 1 10 4 0 0 8 6 3 2 0 9 1 0 3 10 5 4 1 2 2 0 6 0 20 7 8 0 1 9 1 4 7 0 4 1 2 6 5 3 0 0 1 4 5 2 12 13 1 0 0 4 1
47 7 10 9 21 6 3 3 1 0 8 1 23 1 4 10 13 7 1 1 27 8 4 11 0 0 4 8 1 7 8 2 0 6 1 11 10 13 6 12 4 0 2 2 3 3 12 4 9 2 0 7 18 8 0 26 3 8 7 30 6 2 21 0 6 2 7 1 3 15 3 33 6 11 5 10 1 21 5 9 0 24 3 6 8 2 0 1 20 4 14 1 14 7 23 3 12 0 7 2
0 1 4 0 0 0 0 0 0 0 1 1 0 0 0 1 0 0 0 0 1 0 0 4 0 0 0 0 0 0 0 0 2 0 0 0 0 0 0 2 0 0 0 0 0 0 2 0 0 0 0 0 0 1 0 0 0 0 0 0 1 3 1 0 2 0 0 2 0 0 0 0 0 0 0 0 0 1 1 0 0 0 0 0 1 1 0 1 0 0 0 0 1 0 0 0 1 1 5 0
1 13 4 1 0 14 5 5 9 9 4 7 21 12 8 9 2 18 3 8 24 1 10 20 6 3 4 4 2 2 10 5 1 2 7 2 3 6 2 17 19 20 5 13 13 13 22 2 2 14 23 25 9 7 4 2 11 16 35 1 0 21 2 6 8 7 8 11 6 11 0 27 8 4 2 0 31 1 1 12 7 2 3 16 2 10 2 9 28 0 7 4 0 0 4 4 41 14 4 0
0 0 0 0 0 0 0 0 0 1 1 0 0 0 1 4 0 2 1 0 0 0 1 0 1 2 0 0 0 0 0 0 3 0 0 0 0 0 0 1 0 0 2 1 0 0 0 0 0 0 2 0 1 1 1 0 1 1 2 2 0 0 0 0 1 0 2 0 0 0 0 0 3 0 0 0 0 0 1 1 0 0 0 0 1 0 0 0 0 1 0 1 1 0 0 0 0 0 0 1
8 2 17 10 17 4 13 4 9 5 6 3 39 8 3 0 7 22 11 5 16 3 0 5 2 1 0 21 10 1 5 10 5 3 4 2 9 2 27 17 21 25 6 5 1 2 4 10 1 4 1 18 10 9 21 0 4 3 2 2 10 2 0 6 8 10 1 1 16 2 3 4 17 4 4 8 6 3 3 11 5 0 2 0 4 5 5 10 11 0 27 6 8 4 1 4 11 11 2 0
1 0 0 9 20 4 0 8 30 7 6 3 3 2 0 1 14 4 10 7 10 6 2 0 0 7 6 0 3 3 1 3 1 7 18 0 10 7 21 10 8 6 17 2 4 0 2 4 23 7 3 18 4 0 7 6 1 0 7 4 13 13 2 1 1 3 24 2 5 8 8 4 7 7 1 0 2 24 9 5 4 1 11 5 5 5 9 3 9 12 25 1 2 3 13 3 20 5 2 2
0 0 0 0 0 0 0 1 0 1 2 0 0 1 0 0 1 1 1 1 4 0 0 0 0 0 0 1 0 1 0 1 0 1 0 0 0 0 1 0 1 0 0 0 0 1 1 0 1 0 0 0 0 0 0 0 1 0 1 0 0 0 0 0 1 0 1 1 0 1 0 0 0 1 0 0 0 0 0 0 1 0 0 0 0 3 2 0 1 0 0 0 2 0 0 0 0 1 0 0
13 12 3 0 2 23 17 2 1 1 3 6 13 1 27 0 0 7 15 29 1 1 2 1 1 0 3 3 3 20 7 12 8 19 25 4 8 0 4 12 11 12 12 2 0 12 1 2 1 2 2 5 8 0 0 13 5 5 0 7 9 11 2 5 25 5 13 0 21 3 0 13 15 2 0 4 4 12 1 0 1 0 6 2 0 2 15 8 2 6 3 17 0 2 7 10 4 19 7 0
2 11 2 4 4 4 0 7 14 2 1 1 0 0 5 3 0 12 0 1 4 2 0 6 9 0 9 2 2 0 9 15 0 0 0 1 1 6 2 4 8 5 10 6 4 0 9 1 1 12 0 0 4 7 0 7 4 5 3 5 8 0 2 0 9 0 7 8 4 0 2 4 8 18 14 19 4 0 17 12 11 8 9 1 11 1 11 0 0 2 11 6 3 1 4 2 3 2 7 3
0 0 1 0 2 0 0 1 0 0 1 1 0 0 0 0 0 0 0 0 0 0 0 0 0 0 0 0 0 0 0 0 0 0 0 0 0 0 0 1 2 0 0 0 1 0 0 0 1 0 0 1 0 3 0 4 1 0 0 0 0 1 0 0 2 0 0 2 1 0 0 0 1 0 0 0 2 0 0 1 1 0 0 0 0 0 0 1 0 0 0 1 0 0 0 0 0 0 0 2
1 0 0 0 0 0 0 1 0 0 2 1 0 0 0 0 0 0 0 0 2 0 0 0 0 10 0 0 0 0 2 0 0 0 1 1 1 0 0 0 1 1 0 0 1 0 1 1 1 0 1 0 0 1 0 0 0 0 0 0 0 0 0 0 0 1 0 0 0 0 2 0 2 0 1 2 1 0 0 0 0 0 0 0 1 1 1 0 0 0 0 0 2 0 0 0 0 1 1 0
4 2 0 0 0 0 13 1 1 0 0 0 0 3 1 1 0 3 0 2 0 1 0 0 0 0 1 7 1 1 0 0 1 0 0 0 0 5 0 0 0 0 1 0 0 2 0 6 0 0 0 6 0 0 0 0 0 1 0 0 0 0 1 0 0 0 0 0 0 0 0 0 2 1 2 0 0 1 0 0 0 0 0 0 0 1 0 0 1 0 5 0 0 2 0 2 0 0 2 0
13 7 2 10 0 5 1 12 5 0 0 6 14 2 6 3 2 1 3 0 4 5 0 14 4 3 3 4 1 0 1 2 16 0 2 0 1 3 2 12 9 1 2 0 0 14 1 1 6 8 1 0 1 3 7 2 0 0 2 1 1 3 8 7 2 8 9 3 0 12 0 4 0 8 1 2 5 0 8 1 1 0 2 7 2 0 2 1 7 0 1 7 16 0 5 2 6 0 0 0
0 0 4 0 0 0 0 1 2 1 0 0 0 0 0 0 0 4 0 2 0 1 4 0 0 3 1 0 0 0 1 1 0 0 0 4 0 0 0 0 0 0 0 0 0 1 0 0 0 0 0 2 0 0 0 1 0 1 0 0 0 1 0 0 0 1 0 1 1 0 2 0 3 0 0 0 0 0 0 0 0 2 0 0 0 0 4 1 0 1 1 0 0 0 1 0 0 0 0 4
3 2 8 9 16 5 18 4 3 2 7 4 9 0 4 1 19 4 16 10 3 12 10 14 21 25 1 24 1 3 7 18 0 12 9 6 0 3 2 1 15 6 2 8 4 1 6 2 7 8 0 8 0 6 7 19 5 0 8 21 21 3 11 8 3 3 17 5 5 9 7 1 2 6 1 3 7 19 13 19 3 0 13 10 2 11 0 4 10 7 7 4 5 1 6 4 0 4 0 0
7 0 0 0 0 0 0 0 2 0 2 0 0 0 2 0 0 0 1 2 0 0 0 0 0 2 1 4 1 2 0 0 0 0 0 1 0 0 3 0 0 0 3 0 0 0 0 8 0 9 0 0 0 0 2 0 0 0 0 0 0 0 2 1 0 6 0 0 2 1 0 0 5 0 1 0 1 0 0 0 1 0 0 0 0 2 1 0 2 1 0 0 0 0 0 5 0 1 0 0
1 1 2 0 0 1 1 1 1 0 0 1 1 1 0 0 0 5 0 0 0 0 0 0 0 0 0 0 0 1 0 0 0 0 0 1 1 0 0 0 0 3 1 1 0 0 0 0 0 0 1 0 0 0 4 0 0 0 0 0 0 1 3 0 0 1 0 0 1 2 0 0 0 1 0 0 1 1 1 1 0 1 0 1 0 0 0 0 1 2 0 0 0 0 0 0 0 2 0 0
0 0 0 0 8 8 13 0 5 0 0 1 7 6 3 5 7 1 1 7 2 0 4 0 2 4 2 22 3 4 0 13 0 1 4 1 8 0 1 9 3 0 5 2 8 4 3 0 5 4 8 2 0 0 0 1 5 1 1 1 1 0 1 4 5 3 2 3 2 8 11 0 0 12 0 3 8 2 5 3 1 0 5 0 14 0 2 0 14 0 13 1 0 1 9 12 2 5 5 1
5 0 0 5 0 1 0 0 2 1 2 12 2 5 0 22 1 1 1 19 20 4 20 0 1 6 0 10 14 1 0 4 10 4 5 4 0 1 0 3 2 12 0 1 2 2 1 1 5 3 3 5 0 0 0 1 1 0 0 22 13 3 0 1 0 8 3 11 1 0 1 1 8 3 3 1 1 8 5 0 0 6 5 3 0 6 5 4 0 0 4 0 2 8 1 2 8 0 6 1
0 2 0 1 1 1 0 2 0 2 0 0 3 0 1 0 0 1 1 0 6 0 0 0 0 1 0 0 0 1 0 0 1 2 0 0 1 0 0 0 1 0 1 0 0 2 0 1 0 0 0 0 0 0 0 0 0 1 0 0 1 0 1 2 0 0 0 0 0 0 1 0 0 0 1 0 0 0 0 0 3 1 0 0 0 1 0 0 0 0 0 0 0 1 1 0 0 0 1 0
5 2 3 0 2 0 24 2 12 1 0 9 1 6 0 5 0 0 3 10 0 1 0 2 1 1 18 12 7 1 5 0 1 6 2 0 0 0 0 0 0 3 7 5 0 0 0 5 2 0 5 13 0 2 1 2 1 3 3 1 2 2 3 0 2 9 0 8 2 6 3 9 1 3 3 5 6 10 0 6 0 9 18 9 5 5 2 14 6 1 1 17 3 7 6 1 1 0 17 0
0 0 0 0 1 0 1 1 0 0 3 0 0 0 0 0 0 0 0 0 5 2 0 0 0 0 0 0 0 0 0 5 2 0 0 0 0 0 1 0 0 1 0 0 0 0 2 1 0 0 1 0 0 1 0 0 6 0 0 0 0 1 0 1 0 0 0 0 0 0 0 1 0 0 1 0 0 0 0 1 0 0 0 2 0 2 1 0 1 0 3 0 0 0 0 1 0 0 1 0
1 3 0 5 0 1 0 0 0 0 2 0 0 1 0 1 0 7 0 0 0 0 16 0 0 0 0 0 0 0 0 1 0 0 0 1 0 0 1 1 0 1 0 1 1 0 1 2 1 1 0 0 0 1 0 0 0 0 0 0 1 0 2 17 0 1 0 0 0 0 0 0 0 1 0 1 0 0 0 2 0 0 0 3 0 0 2 1 0 2 3 0 0 0 0 1 0 1 1 2
0 1 3 1 1 3 1 0 2 0 0 0 0 0 0 0 0 0 0 5 0 0 1 0 0 1 0 1 0 1 1 1 0 0 0 0 2 0 0 0 0 2 0 0 0 1 0 0 0 4 1 0 0 0 1 0 0 0 0 0 1 2 0 0 0 1 0 0 3 0 0 0 3 1 1 0 0 0 1 0 11 1 0 0 0 0 0 0 1 0 0 0 0 1 0 0 1 0 0 0
5 0 0 5 8 1 12 7 3 0 1 5 20 4 15 14 5 6 11 5 26 4 2 0 19 6 3 5 3 29 9 6 15 7 3 16 11 10 5 7 7 16 5 7 0 5 0 5 4 17 1 5 3 9 31 9 0 9 4 8 11 5 6 17 44 1 4 11 11 11 0 6 2 7 7 5 17 27 4 4 2 3 2 0 1 0 3 6 1 6 1 11 1 10 8 4 7 4 1 7
0 0 2 1 0 0 2 0 0 1 1 0 0 0 0 0 1 0 0 0 0 0 0 1 1 5 0 0 0 0 0 0 1 0 0 0 0 0 0 0 0 0 3 0 0 0 0 0 0 0 0 0 0 0 0 1 0 1 0 0 0 1 0 0 0 0 0 1 0 0 0 0 0 0 0 0 1 0 0 0 0 0 1 0 0 0 1 0 0 0 0 2 0 1 0 0 0 0 0 1
0 0 4 3 0 6 0 2 1 0 1 2 4 0 0 8 4 0 12 3 0 0 7 1 0 13 5 2 3 0 8 2 2 6 2 5 12 1 3 0 17 1 5 7 0 2 3 3 1 0 1 12 3 1 2 0 5 15 16 6 0 0 6 6 5 9 2 0 1 8 3 2 10 0 1 4 0 7 5 1 0 1 2 8 6 2 0 7 7 0 0 3 14 0 2 0 2 2 0 3
2 1 7 4 0 10 24 5 20 5 11 21 20 51 22 48 0 3 0 7 0 14 2 1 3 5 2 9 5 13 0 29 6 15 4 14 4 0 3 8 13 16 3 2 4 30 24 3 2 1 3 3 2 5 0 8 14 1 8 0 10 2 3 6 16 8 2 26 6 3 11 7 17 2 1 7 0 8 0 3 2 6 2 3 13 1 4 17 1 4 5 2 6 15 14 4 16 7 1 24
3 6 3 3 3 4 6 0 0 7 5 1 1 1 3 3 0 16 3 8 3 1 2 0 2 9 5 0 1 1 0 9 7 10 10 0 2 15 0 2 5 2 4 0 9 3 8 1 7 0 13 8 3 2 1 3 9 2 1 1 12 17 7 0 3 0 2 11 2 2 2 0 0 1 0 3 0 0 5 0 4 6 1 4 5 7 2 6 0 1 8 0 6 1 0 1 2 0 3 1
8 8 9 1 5 6 2 11 21 4 1 15 6 6 4 20 3 8 0 11 4 0 5 6 0 3 2 4 6 14 0 1 12 0 20 1 3 17 6 7 2 6 1 4 3 2 7 16 7 2 4 8 0 3 9 5 7 7 22 18 2 40 8 1 21 25 4 1 6 1 19 4 13 1 1 1 1 5 0 0 2 14 8 0 4 8 10 0 17 1 8 9 6 0 6 9 0 1 1 5
0 0 4 10 3 1 8 4 0 2 7 3 4 13 10 17 4 0 19 2 0 2 21 1 0 5 1 12 0 1 4 0 0 0 1 1 0 1 3 3 0 3 4 13 2 4 3 2 2 0 7 8 10 5 6 0 0 0 0 3 8 0 0 6 9 2 4 1 0 2 0 0 26 5 2 4 4 0 0 3 17 3 3 8 0 10 5 0 6 13 2 0 2 9 8 1 7 5 5 0
0 10 4 0 6 3 1 2 23 7 5 0 4 2 2 21 3 1 0 0 4 0 14 1 5 4 10 8 3 0 14 12 3 18 0 2 8 3 6 2 1 5 4 0 9 5 2 2 16 4 5 35 6 40 5 5 9 0 2 10 36 2 29 1 1 4 4 31 9 26 1 2 10 4 3 2 24 2 1 2 39 0 3 1 5 2 5 0 3 2 5 6 9 16 20 3 3 32 11 11
24 0 4 0 1 5 2 6 1 5 1 10 2 9 4 5 2 7 6 9 8 1 7 2 8 1 5 0 2 5 2 2 0 4 0 5 2 1 5 6 9 0 1 0 1 5 2 0 6 3 13 0 10 0 0 6 0 6 2 3 7 0 4 1 3 3 5 5 1 19 6 4 20 2 0 13 1 4 2 0 1 11 0 0 1 2 1 7 2 6 0 3 0 0 0 0 3 1 16 1
9 3 21 0 17 19 10 3 5 0 19 5 8 8 4 1 16 4 3 9 23 22 0 4 11 0 12 0 0 27 6 14 1 5 0 11 22 3 17 3 6 1 12 14 17 17 9 9 3 10 6 9 2 1 12 30 2 11 0 14 2 3 1 3 0 3 13 24 3 47 2 0 0 21 12 2 5 1 11 1 3 1 19 3 7 0 1 6 4 23 4 22 0 8 3 0 29 20 19 0
1 0 0 0 0 2 0 2 2 0 0 1 0 0 0 0 0 0 0 0 1 0 0 1 1 0 0 0 3 0 0 0 0 0 2 0 1 0 0 3 0 3 2 0 1 0 0 0 0 0 0 0 0 0 0 0 0 0 0 0 0 0 0 0 1 2 1 14 0 0 1 0 1 0 0 0 0 0 0 0 0 1 0 0 0 0 0 1 0 0 0 0 2 0 0 0 0 2 0 0
2 26 2 5 8 21 16 5 8 9 0 36 8 7 9 2 0 6 9 0 10 9 6 5 2 12 6 39 0 28 16 1 4 4 14 7 3 11 0 9 8 2 7 0 1 6 1 13 0 10 5 21 9 1 2 1 3 8 14 19 5 0 20 9 8 0 17 1 18 5 0 6 1 17 0 9 7 5 9 1 0 4 2 3 2 7 0 17 1 5 5 2 4 8 5 1 12 6 0 0
0 9 3 10 6 0 1 1 2 8 4 6 4 4 2 4 1 0 9 0 3 3 4 4 9 1 10 1 9 1 1 0 4 4 1 3 5 1 4 5 9 6 1 0 0 2 1 2 0 1 3 6 0 1 0 0 3 14 4 7 1 5 1 1 0 0 0 0 3 11 3 0 7 0 2 3 18 3 5 1 1 4 5 19 3 0 1 6 0 2 3 2 2 1 16 5 5 5 15 2
0 4 9 2 18 2 0 12 1 17 12 7 15 6 0 7 4 0 2 9 7 0 16 4 0 12 3 1 3 2 1 1 0 18 2 2 9 0 24 8 10 5 16 26 11 3 8 4 11 13 1 5 3 1 9 12 0 26 6 1 19 8 16 1 0 0 2 2 1 2 11 3 8 9 11 9 1 20 4 3 1 7 4 1 2 3 4 6 8 3 11 3 0 4 1 11 0 9 3 28
1 0 0 0 1 1 0 0 0 0 0 1 0 0 0 0 2 1 0 2 0 0 1 0 2 0 0 0 0 0 1 2 5 0 0 0 0 0 3 0 1 0 0 2 0 0 0 0 0 0 0 2 0 1 3 2 0 2 0 0 0 0 1 1 0 1 0 0 0 0 0 0 0 0 1 0 0 0 0 0 0 0 0 6 0 0 1 0 1 0 0 0 0 0 0 1 1 0 1 0
5 1 0 1 4 4 1 0 0 12 5 10 4 0 2 8 2 3 9 0 1 2 1 2 4 0 7 9 2 9 2 2 0 7 7 30 14 6 1 1 3 14 1 2 5 11 3 4 1 2 5 2 0 3 0 0 2 4 1 0 3 3 11 4 5 4 1 10 8 13 4 6 1 1 3 10 7 8 1 6 2 3 1 9 2 3 1 4 1 7 8 8 4 1 2 1 10 0 3 0
0 0 0 0 0 0 1 0 0 0 0 1 0 0 1 0 0 1 0 0 0 0 3 0 0 5 1 0 0 0 2 0 1 0 0 0 0 0 3 1 1 0 2 1 0 0 0 1 0 0 1 0 0 0 0 2 0 2 0 0 0 2 0 1 0 0 2 0 0 3 0 2 0 0 0 1 0 1 0 0 0 0 1 0 0 0 0 0 0 0 0 0 0 0 2 0 0 2 0 0
11 2 6 14 27 0 8 17 3 2 15 0 32 2 4 2 0 2 9 6 3 15 5 9 7 6 4 18 2 6 7 5 7 13 3 7 5 2 10 1 11 2 1 4 7 3 25 4 9 14 11 3 17 2 1 7 1 24 4 2 2 4 2 0 2 1 2 0 2 4 23 53 2 13 2 4 7 6 5 0 1 9 13 2 0 0 12 4 2 3 14 0 2 3 11 5 1 9 9 9
0 0 11 5 7 13 0 2 4 11 4 2 1 2 3 0 17 2 1 4 4 1 11 0 7 7 1 3 4 1 1 1 3 12 8 2 1 0 3 3 0 22 1 2 4 1 3 2 1 4 8 2 7 7 3 0 3 2 0 7 0 5 0 5 2 10 3 7 2 2 16 2 8 0 1 7 2 18 12 10 4 1 2 6 3 6 0 1 5 2 0 2 4 1 0 5 0 0 1 2
1 1 0 0 2 2 1 1 0 0 0 0 0 2 0 1 1 0 0 0 0 0 0 0 0 0 0 2 0 1 0 0 0 0 0 0 0 1 0 0 0 0 0 1 1 1 1 0 0 0 4 1 2 1 0 0 0 0 1 0 0 0 1 0 0 0 0 1 1 0 0 1 0 0 2 0 1 0 0 0 0 0 2 0 0 0 0 0 0 0 0 0 0 0 4 1 0 0 6 0
0 7 20 3 16 7 3 0 11 14 0 15 9 9 8 2 0 5 8 8 15 10 2 15 17 5 1 1 3 3 8 2 1 19 1 15 11 6 6 0 5 8 0 0 3 7 7 2 13 1 31 0 17 3 14 15 11 2 1 3 5 0 8 5 45 22 8 6 1 2 10 4 5 11 2 1 8 2 4 5 8 9 7 6 1 21 0 39 5 7 6 11 2 3 6 2 3 3 1 1
0 0 0 0 0 1 4 0 0 5 0 0 0 1 0 0 0 1 0 0 2 0 0 1 1 0 1 1 0 0 0 0 4 0 4 0 0 0 0 0 1 0 0 0 0 0 1 9 0 12 0 1 1 0 0 1 0 0 0 1 1 1 1 0 0 0 0 0 0 0 1 0 0 0 0 0 0 0 0 0 0 0 0 3 0 0 0 0 3 1 0 0 0 0 1 0 0 0 0 1
0 0 0 5 0 0 0 1 0 0 0 2 0 1 0 1 0 0 0 1 0 2 1 0 0 2 0 0 1 0 1 1 0 0 1 0 0 0 0 0 0 0 1 0 0 0 0 0 0 0 0 0 0 0 1 0 0 1 0 0 0 0 0 0 0 0 1 1 0 1 1 0 1 0 0 0 0 0 0 0 0 0 0 0 0 0 0 0 0 15 0 3 1 0 0 0 0 0 0 1
0 3 1 7 5 7 8 0 11 6 1 6 6 4 15 0 3 2 1 5 4 2 16 7 4 3 8 26 0 11 25 1 11 7 4 5 2 5 4 27 12 1 12 20 11 3 8 2 2 17 22 0 2 4 7 8 3 0 16 4 9 0 14 5 0 8 10 10 8 10 2 4 0 5 15 2 7 3 8 3 8 0 7 3 3 1 0 12 12 17 13 5 5 8 15 3 2 1 3 0
6 10 11 2 0 0 6 2 24 10 6 20 2 1 2 21 11 6 15 2 35 6 6 4 7 4 2 9 10 12 4 2 6 0 8 3 1 8 3 15 21 1 12 8 4 5 11 3 2 7 17 4 4 1 3 0 0 5 0 1 6 7 2 1 5 5 7 5 6 2 8 1 3 2 16 10 1 6 0 0 0 1 7 11 0 1 1 18 11 4 0 22 7 0 22 1 1 23 1 0
9 0 1 6 0 7 6 2 2 2 2 8 0 4 0 10 1 3 1 0 6 6 3 0 2 2 15 0 0 9 4 2 4 3 8 8 9 0 4 3 7 2 2 4 12 3 0 0 1 13 7 33 8 8 11 9 4 2 0 2 1 0 1 0 2 2 0 1 0 11 1 2 1 2 0 3 0 1 4 10 1 0 5 0 2 0 6 3 3 13 0 2 3 10 0 10 2 5 3 3
0 0 3 0 0 0 0 3 0 0 0 1 0 0 0 0 1 6 3 0 0 0 0 0 1 1 1 1 0 0 0 1 0 2 0 1 0 2 2 0 0 0 1 0 0 0 0 1 0 0 1 1 0 0 1 0 0 0 0 0 0 0 2 1 0 0 0 0 8 0 1 0 1 0 1 0 0 0 0 1 0 0 1 0 0 0 0 0 0 0 3 0 0 1 1 0 0 0 0 0
2 2 21 13 8 1 20 23 6 0 3 18 11 0 8 3 5 16 6 0 6 2 4 6 5 0 7 46 17 8 6 1 9 2 14 10 14 8 3 11 10 2 14 17 2 26 2 12 1 24 3 18 5 9 6 5 8 17 0 3 1 3 1 3 0 4 1 1 14 2 6 5 6 6 12 12 23 0 3 21 1 0 8 6 3 13 3 11 6 0 27 1 18 11 0 20 4 0 31 5
10 4 1 2 9 5 6 1 5 4 5 5 0 4 1 1 12 2 0 1 18 14 5 5 4 2 6 7 12 0 6 7 2 1 1 0 1 12 9 3 13 2 4 0 1 3 5 1 13 5 22 20 8 7 1 2 18 9 3 0 2 19 2 2 5 14 0 5 0 0 16 0 0 6 4 3 11 8 1 0 7 0 13 0 1 10 3 5 3 4 1 3 4 2 8 3 5 4 5 5
3 1 2 14 0 1 0 6 13 3 2 12 1 1 2 1 1 6 5 6 2 2 2 35 18 4 0 7 6 5 8 2 4 5 2 5 0 20 5 0 2 0 3 2 0 2 4 0 4 3 0 6 4 6 0 0 3 9 0 2 5 1 2 1 4 4 4 0 0 2 9 2 0 3 9 6 2 23 4 2 3 1 18 3 0 12 13 14 5 0 2 3 2 5 5 1 6 0 7 0
0 0 0 1 0 0 0 0 0 6 0 2 0 0 1 0 0 0 0 0 0 1 0 3 0 0 0 1 1 0 0 0 0 0 0 0 0 0 0 0 0 0 1 0 1 0 0 0 0 1 0 1 0 1 1 0 0 0 0 0 0 0 0 0 0 1 2 0 0 0 0 1 1 0 1 0 1 0 0 0 5 0 1 1 0 0 0 0 0 0 0 0 0 0 0 1 0 0 1 0
9 13 17 2 5 5 6 0 1 12 2 1 4 4 16 8 4 8 7 5 4 11 2 0 6 0 2 4 2 1 1 2 3 30 2 0 2 3 0 0 4 30 0 5 5 0 11 7 5 6 15 12 7 5 7 3 3 8 12 7 2 1 25 15 7 9 3 11 10 2 16 4 6 8 14 10 22 3 3 5 2 4 0 1 11 3 15 11 3 24 0 7 28 2 5 22 0 5 12 6
0 7 1 4 8 22 0 0 5 6 2 9 2 0 12 6 1 16 0 14 8 3 1 3 5 8 0 3 17 1 17 3 12 20 2 1 3 3 2 15 16 3 1 4 2 18 4 3 7 23 6 10 2 1 5 5 7 9 2 9 11 0 4 2 2 12 0 2 8 6 4 1 28 2 1 1 0 8 2 1 1 10 1 6 6 9 1 19 12 2 27 13 4 0 15 3 11 5 0 0
1 2 7 4 15 0 22 4 1 29 0 2 11 6 19 8 3 25 8 1 0 2 5 0 14 13 11 0 21 0 5 2 0 0 17 3 4 4 0 17 1 9 2 0 6 38 13 6 7 14 27 4 7 4 6 13 18 7 3 4 3 11 0 3 26 0 3 0 1 19 1 8 33 0 12 5 7 0 3 0 12 2 2 5 14 3 10 0 4 0 10 59 6 8 5 8 1 20 7 2
0 0 0 16 0 16 0 0 0 2 4 0 1 0 0 0 0 3 6 0 0 0 1 0 6 0 3 0 6 2 1 1 2 1 0 2 0 0 0 0 0 0 0 6 0 2 2 0 0 1 4 0 0 0 0 5 0 0 1 0 0 0 1 7 3 20 0 9 1 0 0 5 0 6 3 8 2 0 3 0 2 0 1 0 2 0 3 0 0 0 1 1 0 4 1 1 1 3 1 15
0 0 0 10 0 3 1 0 1 6 1 1 0 0 5 0 0 2 0 0 1 0 3 8 1 0 0 0 0 1 0 0 0 1 0 1 0 1 0 0 0 0 0 2 0 1 7 1 0 0 9 0 0 0 1 3 0 9 0 1 0 0 2 5 6 0 1 4 0 0 0 6 0 7 0 2 0 0 0 1 0 0 0 0 1 0 4 0 0 1 0 3 0 1 0 4 2 8 12 3
3 17 5 1 5 3 1 6 1 2 13 1 32 8 2 6 10 26 9 5 12 26 17 0 5 4 5 12 2 0 7 4 11 1 10 12 5 0 6 3 0 9 8 2 3 9 7 0 0 20 12 11 3 2 15 0 19 8 6 0 3 0 0 18 14 18 1 14 3 2 5 20 9 11 14 6 15 2 0 0 0 5 11 0 4 7 10 1 5 0 13 10 11 7 2 22 0 8 2 6
1 0 1 2 0 0 3 17 0 3 0 0 0 1 0 0 0 0 0 0 0 1 0 0 0 2 0 0 2 0 0 0 1 0 0 0 1 0 0 1 0 0 0 1 0 0 0 1 1 1 0 0 0 0 0 1 0 0 0 0 1 0 1 0 0 1 0 0 0 0 0 0 1 0 0 0 0 0 3 0 1 0 2 1 0 0 0 1 0 0 2 2 0 2 0 1 0 0 0 1
1 26 11 4 0 11 2 5 1 1 5 2 6 9 7 2 14 14 3 11 5 20 1 6 0 3 22 10 13 0 17 1 8 10 5 2 15 0 6 8 8 5 4 9 3 6 6 17 16 18 20 22 3 11 0 3 4 13 0 7 17 8 23 12 4 0 1 1 1 1 2 32 0 0 21 1 0 17 0 1 11 2 10 5 8 3 1 8 7 4 5 6 4 4 3 3 1 24 3 3
3 0 0 3 2 13 0 6 8 1 1 1 2 3 0 7 4 0 0 2 14 0 16 0 8 10 0 2 8 1 4 7 2 1 6 1 1 7 2 2 0 5 0 0 14 32 3 0 0 4 13 7 9 10 0 0 4 7 0 2 6 3 2 0 3 2 0 13 3 2 1 7 4 8 4 3 12 1 0 0 7 1 9 2 1 6 2 8 1 0 0 3 4 1 6 2 7 6 6 1
0 6 4 3 2 1 3 6 0 6 6 1 6 1 7 2 2 13 7 3 1 0 0 9 13 0 1 6 2 2 5 17 0 1 1 0 9 0 6 11 1 9 4 8 1 11 2 1 2 1 0 0 1 2 2 3 4 7 0 25 1 1 1 7 4 0 2 3 3 1 15 4 8 4 4 7 3 4 1 0 9 14 5 7 3 8 9 0 1 0 2 0 4 1 11 0 1 8 1 2
6 6 4 17 9 2 15 12 3 0 2 18 3 0 1 32 13 8 14 5 0 19 1 4 6 9 1 6 17 10 1 12 0 20 5 13 28 3 2 2 7 5 2 25 2 10 2 19 4 17 0 2 2 23 3 0 1 0 1 5 9 12 2 22 1 3 4 15 8 0 4 4 15 1 0 13 7 1 3 6 9 36 2 7 1 8 6 14 0 11 13 7 5 8 2 14 1 2 2 2
5 0 3 0 10 6 1 1 2 6 16 6 11 8 2 10 3 4 0 0 5 4 9 5 21 22 0 3 0 9 0 10 3 3 2 14 2 8 9 3 0 4 13 10 1 0 3 0 0 16 3 9 3 0 0 6 4 16 2 2 2 0 4 19 9 12 0 6 4 0 7 24 16 18 3 3 8 8 5 1 10 0 2 10 10 9 4 1 6 10 6 13 5 0 0 11 8 14 6 21
0 0 2 11 0 6 0 1 10 13 5 0 2 2 6 8 7 9 2 2 2 2 4 1 1 1 3 1 4 6 1 0 5 6 3 1 2 3 7 0 0 4 1 6 1 3 5 2 0 1 3 7 1 11 2 0 4 4 10 0 5 19 8 0 7 0 0 6 2 0 0 11 1 2 1 10 4 1 7 2 8 5 5 2 8 1 8 1 1 8 4 4 2 4 2 1 3 12 4 1
0 0 1 0 0 0 0 0 0 0 2 2 0 0 0 0 0 0 0 2 0 0 0 0 0 1 0 2 0 0 0 2 0 0 0 0 2 0 1 0 1 1 0 0 0 1 2 0 1 0 0 0 1 0 0 2 0 0 3 1 0 0 0 0 0 0 1 0 0 0 0 0 0 0 0 0 0 0 0 0 3 0 0 0 0 0 0 0 0 1 0 0 0 1 0 1 0 1 1 1
4 3 0 1 8 16 1 0 4 0 0 15 12 15 6 3 5 0 10 1 0 13 0 0 17 0 1 1 6 6 2 1 1 3 1 7 0 16 1 11 5 13 0 3 26 0 18 3 1 2 0 2 1 0 5 19 0 19 1 0 9 8 1 6 14 0 7 2 5 11 0 7 0 2 4 27 1 3 1 8 4 5 1 17 2 2 5 0 4 11 5 15 2 3 3 6 2 5 2 0
0 21 3 8 7 3 0 2 2 13 16 0 2 0 0 10 4 19 5 11 8 0 12 3 5 38 27 5 1 4 3 2 18 9 6 6 3 6 8 3 3 2 4 6 4 1 3 8 6 4 1 14 0 8 8 8 32 3 0 10 5 18 7 0 3 6 1 12 17 6 31 27 2 4 4 20 17 8 4 1 17 10 7 2 12 7 14 0 8 1 0 4 2 10 0 5 23 6 10 7
6 1 2 2 1 8 3 3 4 5 6 4 0 19 15 15 1 35 0 4 2 8 7 22 7 15 4 3 0 1 19 1 4 12 1 17 3 10 44 1 1 3 0 6 16 8 5 1 0 14 7 16 5 1 0 0 22 0 2 10 2 7 1 4 33 6 7 1 16 0 0 4 12 1 3 2 3 5 6 20 3 5 1 1 7 18 5 7 0 0 31 9 17 1 9 7 6 27 3 9
