3 5 9 16 1 0 1 0 0 1 8 5 3 3 0 5 9 1 1 21 7 3 3 7 9 5 3 0 10 0 1 12 1 7 16 13 0 11 3 6 13 1 16 4 20 6 6 3 2 3 5 3 7 11 7 28 0 9 14 7 3 6 18 0 1 3 13 10 11 0 1 16 12 5 1 3 2 0 4 0 2 5 0 0 3 5 1 4 12 2 5 1 6 0 1 11 10 1 5 4
0 1 2 4 1 1 0 0 1 0 0 0 0 0 0 0 0 1 0 0 7 0 1 1 2 0 2 0 1 1 1 1 0 1 0 0 0 0 2 0 0 1 0 1 0 0 0 3 0 0 0 0 0 0 0 0 0 1 0 1 0 0 2 0 0 0 0 1 0 0 0 0 0 0 0 0 0 0 0 1 1 0 0 1 2 0 0 1 0 0 1 1 0 0 0 0 0 0 0 0
11 1 5 10 9 16 1 8 4 20 1 0 5 5 2 11 28 0 8 40 19 0 14 25 16 1 5 23 1 11 0 7 23 4 1 1 4 5 12 14 12 23 7 3 0 3 7 0 13 11 6 18 0 7 1 3 8 6 2 25 15 24 6 5 12 2 0 0 7 5 10 20 0 10 12 2 16 11 13 11 7 3 1 2 11 3 0 11 18 5 0 23 0 0 7 3 14 22 4 19
0 0 0 0 0 0 2 1 0 0 0 0 0 1 2 2 0 0 1 0 1 0 0 0 0 0 1 0 0 0 0 1 0 1 0 0 0 0 0 0 0 0 0 2 1 0 0 0 0 0 0 1 0 0 0 4 3 0 0 0 1 1 0 0 0 1 1 1 0 0 2 0 0 0 1 0 0 1 0 1 1 5 1 0 0 1 0 0 0 0 4 0 0 0 0 0 0 2 1 1
5 51 3 3 6 11 0 1 5 10 3 1 0 2 1 4 24 2 7 2 0 1 1 16 5 1 2 4 11 5 7 4 16 2 2 0 1 3 10 0 1 3 0 8 0 3 2 7 3 16 1 1 2 5 11 10 2 0 0 6 9 0 3 5 15 3 1 2 3 0 0 0 7 18 4 4 25 7 0 2 2 1 2 8 0 1 0 2 0 0 3 3 2 4 1 9 32 2 0 5
11 4 3 2 3 0 0 0 2 13 9 0 1 1 3 9 4 2 5 1 4 1 6 4 3 8 8 7 1 0 1 0 3 2 0 0 6 8 0 1 1 5 3 3 2 4 5 2 1 1 0 9 4 17 2 0 2 2 0 3 9 13 4 4 6 3 16 6 1 3 1 2 7 0 1 0 0 0 0 0 8 3 8 1 2 1 8 18 0 4 6 1 0 1 5 3 4 1 6 3
0 3 2 5 2 9 3 4 3 1 0 10 12 16 0 0 0 0 0 0 4 1 2 2 0 9 0 1 2 0 1 1 7 0 2 2 6 9 9 1 8 7 8 8 0 0 6 5 3 4 0 10 11 0 2 13 2 2 5 1 1 0 3 2 10 4 4 1 5 5 11 0 6 0 7 8 3 4 0 0 0 5 5 25 3 2 0 8 18 0 0 3 1 9 2 0 2 2 7 7
6 10 4 4 17 3 8 31 8 4 10 0 25 7 10 1 4 2 2 1 2 19 62 4 1 5 5 2 1 11 2 2 15 5 4 2 10 6 25 1 7 8 3 7 7 3 1 0 20 1 8 13 4 3 7 1 10 11 2 2 20 2 9 1 16 0 0 8 7 11 14 0 5 9 4 0 4 10 0 2 8 2 7 3 1 0 2 15 7 3 3 1 23 23 0 2 6 6 1 4
2 1 5 23 1 5 2 8 8 17 24 12 5 16 1 9 10 4 14 5 0 2 1 6 0 13 2 3 1 5 10 17 1 19 18 13 11 1 6 0 11 4 17 8 0 20 0 6 6 3 4 6 5 18 4 2 9 5 20 18 2 6 8 4 2 0 0 20 1 1 16 17 2 0 10 1 0 3 45 18 3 0 1 6 18 18 8 6 2 16 12 6 1 16 24 22 5 15 8 12
3 17 0 2 0 0 3 7 1 14 5 0 0 0 3 12 8 3 1 4 42 1 2 3 0 5 4 4 2 16 1 0 1 6 7 15 3 8 0 3 15 11 4 0 1 0 8 6 2 4 20 5 15 1 4 6 3 3 26 2 0 1 14 9 19 3 13 10 4 6 9 4 30 3 0 4 1 18 4 14 3 0 6 26 14 2 2 1 12 6 8 39 11 0 2 1 11 2 7 20
0 0 0 0 10 3 3 2 5 7 3 7 8 15 9 1 0 3 5 4 0 4 2 17 0 7 0 10 3 0 4 0 0 1 1 4 0 0 4 3 3 1 9 0 5 1 7 3 6 0 8 4 2 17 1 3 0 2 0 3 1 0 5 4 5 0 0 3 2 0 3 9 1 19 11 16 9 4 0 16 2 6 7 1 2 1 0 1 7 2 5 0 0 0 1 0 5 5 3 4
6 3 11 1 11 1 10 16 1 2 0 23 7 30 18 7 5 24 15 4 8 3 18 34 11 11 19 1 3 0 1 7 16 4 31 0 0 12 5 11 8 13 0 18 5 20 4 14 5 15 5 0 6 15 5 6 27 2 14 4 20 1 3 4 2 3 12 11 2 5 12 10 12 1 22 2 5 4 13 13 5 1 0 46 3 1 6 3 2 2 9 14 3 2 43 13 17 4 4 0
3 0 0 1 3 0 0 0 0 0 0 3 0 1 2 0 2 0 0 0 1 0 0 1 0 0 0 1 0 0 1 0 0 0 0 2 0 15 0 1 2 1 0 0 0 1 0 3 1 0 6 0 0 0 2 5 0 1 0 0 1 0 0 0 0 1 0 0 0 2 0 0 1 0 0 0 0 0 0 0 0 1 1 1 1 0 0 0 0 0 0 0 0 1 2 0 1 0 0 1
0 0 1 1 8 1 0 0 6 0 2 1 3 0 16 1 4 17 21 5 12 16 3 16 3 1 0 42 9 1 3 12 0 4 1 1 0 14 5 0 5 2 2 8 0 3 0 1 5 0 0 8 1 0 1 0 2 1 0 1 3 1 0 2 2 3 4 0 10 5 4 1 10 2 11 3 3 8 0 7 11 5 5 2 6 0 2 2 0 5 3 4 1 22 0 6 0 6 3 5
2 3 0 9 4 5 3 0 3 5 6 1 7 0 20 1 5 0 2 2 2 10 15 1 5 0 1 13 3 11 1 5 4 18 0 0 13 3 2 8 7 4 7 6 3 5 2 7 3 10 4 0 4 2 4 0 11 3 0 0 10 2 2 0 20 1 3 2 0 0 2 3 0 0 0 3 12 19 2 2 3 8 0 0 0 2 4 6 9 3 2 4 1 7 1 0 2 5 6 4
3 1 12 8 11 18 9 10 8 0 8 6 3 11 15 0 6 9 0 0 2 2 2 23 1 17 6 3 5 0 20 5 16 8 4 10 45 6 0 5 1 0 11 7 3 12 2 1 3 0 1 2 12 11 3 5 4 2 0 0 9 5 4 7 11 9 1 38 0 2 10 4 11 7 1 9 6 10 21 3 9 0 12 3 10 3 32 2 10 8 1 2 5 5 12 15 1 20 0 12
6 4 16 8 1 14 24 1 3 2 19 10 30 0 0 7 11 1 21 0 7 6 3 0 9 8 7 12 1 20 3 8 4 8 6 0 3 10 7 11 2 1 23 1 9 3 24 14 4 3 2 6 7 9 6 5 11 6 1 8 5 8 4 12 0 6 0 0 1 22 0 2 31 0 4 38 14 0 10 6 12 3 1 33 8 4 3 4 26 1 21 28 20 0 1 0 7 2 11 18
6 0 24 5 1 12 20 15 13 2 17 3 28 9 26 6 9 1 3 3 5 15 7 29 5 3 1 19 11 15 7 0 7 7 2 7 2 8 1 0 1 6 15 1 8 16 0 4 4 9 2 15 1 6 2 8 7 1 15 4 9 8 20 26 1 4 2 10 0 7 3 23 2 21 6 23 0 0 7 15 14 1 11 3 4 15 7 3 0 2 5 5 6 14 27 32 4 1 0 6
0 1 0 3 2 10 0 6 4 2 0 11 2 0 0 8 1 0 4 1 0 0 4 2 3 15 1 7 1 3 0 1 9 2 23 12 8 0 0 2 6 5 4 7 0 14 6 0 2 1 0 0 19 5 1 1 1 13 5 6 0 2 7 0 4 0 2 3 0 17 1 2 18 1 1 8 5 0 13 9 1 13 1 0 5 1 0 3 7 0 2 6 1 4 1 7 11 1 3 10
2 0 26 1 4 17 7 7 7 1 1 2 1 6 12 0 3 25 2 2 1 4 1 3 17 1 3 20 8 0 1 0 13 3 7 4 8 0 2 2 4 0 58 2 5 0 2 0 15 5 2 3 14 8 11 22 2 30 5 6 9 5 5 8 5 8 14 3 10 0 23 2 22 2 15 11 3 5 1 18 9 0 1 12 0 1 9 8 11 11 5 3 11 4 8 2 4 1 27 6
5 1 19 8 7 7 1 16 29 3 0 8 12 2 27 37 4 0 1 5 0 7 4 6 4 2 3 0 1 0 3 4 5 8 0 9 0 0 0 1 6 6 0 2 1 34 8 9 3 11 2 8 14 8 9 8 12 9 1 2 5 4 1 1 6 14 1 9 2 5 0 5 0 8 3 0 3 22 32 5 10 0 2 13 5 0 7 2 3 5 26 0 11 13 1 17 16 1 8 13
0 13 6 3 3 1 4 6 0 9 1 0 9 0 0 2 4 5 2 0 0 3 1 2 2 1 5 0 3 10 10 0 4 3 0 5 0 7 0 1 3 12 2 0 2 10 0 0 2 6 0 3 3 1 3 1 8 2 1 0 0 5 0 4 1 1 10 0 4 6 3 3 0 3 0 7 1 1 0 0 0 2 0 1 6 2 0 0 2 2 14 3 7 1 0 2 3 1 3 9
3 5 8 7 12 2 10 2 14 3 12 2 2 7 4 0 3 5 15 14 1 11 23 1 7 11 3 4 8 6 9 6 7 6 3 2 2 7 6 23 7 0 18 2 0 1 10 0 1 2 7 3 0 5 0 20 24 31 13 23 8 1 0 4 21 4 13 26 3 5 1 3 32 3 4 0 1 0 4 9 4 17 1 13 3 4 1 3 8 1 8 5 29 3 1 5 5 2 31 6
16 1 15 7 8 5 3 5 5 10 23 9 0 4 11 3 0 21 6 9 12 0 2 0 0 1 2 5 6 6 7 4 0 11 30 27 2 1 10 2 16 9 20 0 4 3 8 5 2 5 0 3 6 4 1 2 10 7 2 4 3 20 14 6 13 6 5 1 20 5 22 7 0 9 12 13 0 12 1 4 0 4 10 1 1 2 1 15 1 5 0 20 11 10 0 5 4 1 12 0
3 0 2 1 7 2 0 6 17 6 12 1 0 3 14 1 2 1 0 1 0 1 7 3 0 7 5 21 0 9 2 11 4 1 1 4 2 0 3 3 4 7 2 3 2 1 7 0 3 1 7 0 6 2 1 1 2 1 1 25 10 4 0 0 2 2 0 2 2 1 1 1 0 0 2 0 1 10 2 1 11 7 4 0 4 2 2 1 0 2 3 0 1 1 3 5 9 4 4 2
0 0 0 0 1 1 0 2 0 0 0 0 2 0 1 0 0 0 1 1 0 0 0 0 0 0 0 0 1 0 0 2 0 0 0 0 0 0 2 0 0 0 0 0 0 0 0 0 1 0 0 0 1 1 0 2 0 0 3 0 0 0 0 0 0 1 4 2 0 0 0 1 0 1 1 0 2 0 0 0 1 0 1 0 0 1 0 0 1 0 0 0 0 0 0 0 2 1 2 0
2 0 0 0 0 1 0 1 0 0 3 1 1 2 0 0 0 0 0 0 0 2 0 2 0 0 0 0 0 1 0 1 0 1 0 1 0 0 0 0 0 0 3 1 0 0 0 0 0 0 0 0 0 0 0 0 1 0 3 0 0 0 1 0 0 0 0 2 1 0 9 2 0 2 1 2 0 1 1 0 0 1 1 0 0 14 0 0 0 0 0 0 0 0 0 0 4 0 2 2
0 0 1 0 0 3 0 0 0 0 0 0 1 0 1 1 2 0 0 0 0 1 0 1 0 0 1 1 3 0 0 0 0 0 1 0 0 0 0 0 0 0 0 0 0 0 0 0 0 0 0 2 0 0 0 10 0 0 0 0 0 0 2 2 0 0 0 0 0 0 1 0 0 0 0 0 0 0 0 0 0 0 1 1 1 0 0 0 0 0 0 0 0 0 0 0 0 0 1 0
0 5 0 12 10 0 12 2 3 20 38 1 2 10 10 0 0 5 4 3 6 1 0 5 5 5 13 1 10 0 10 1 7 3 5 2 9 2 1 10 0 12 8 13 4 1 1 31 1 11 6 28 16 10 0 19 11 0 17 10 1 10 20 1 10 1 1 0 11 1 5 2 28 0 10 4 3 2 9 14 8 0 9 7 6 8 13 1 9 1 2 0 0 14 2 0 2 10 5 8
7 20 9 7 0 4 6 11 5 1 1 7 4 1 13 2 6 7 33 0 8 8 5 16 3 9 2 6 5 17 1 2 11 7 6 22 2 16 7 0 38 5 5 30 0 1 2 3 4 0 2 3 17 1 7 0 4 17 2 16 6 2 11 21 7 6 1 6 33 1 1 0 6 9 0 0 11 3 2 2 14 7 24 0 31 27 6 23 9 2 11 6 3 3 10 19 10 6 16 15
0 1 0 0 0 0 0 0 1 0 0 0 0 0 2 1 4 0 0 0 0 2 0 0 0 0 1 0 0 0 0 0 0 2 0 0 0 0 0 1 0 0 1 0 0 0 0 0 0 0 0 0 1 0 0 6 0 0 0 0 1 0 0 0 1 0 0 0 1 0 1 0 0 0 0 0 3 0 1 2 1 0 0 1 0 0 0 2 0 0 2 0 1 5 0 0 0 0 0 0
0 0 2 1 0 1 0 0 0 0 0 4 0 1 0 0 2 1 2 0 0 0 4 0 1 1 0 0 0 3 0 0 1 0 0 0 0 1 1 0 1 0 0 0 1 0 0 1 0 0 0 0 0 0 0 1 0 0 3 0 0 0 1 0 4 0 0 1 0 1 0 0 0 1 0 0 1 0 0 2 0 0 1 0 2 0 1 1 0 0 1 2 0 0 0 0 0 0 0 1
0 0 0 0 0 8 0 1 0 0 1 1 1 4 0 0 2 2 0 0 0 1 0 0 0 1 0 6 0 0 0 2 0 0 0 0 0 0 0 0 0 0 2 2 0 0 0 0 1 0 0 0 1 0 0 1 0 0 0 0 0 1 1 1 1 0 1 4 0 0 0 0 0 1 0 0 2 0 0 1 0 0 0 0 0 0 0 0 0 0 0 0 1 0 0 3 0 0 1 0
0 1 0 0 1 0 0 0 1 0 0 1 0 0 0 0 0 0 1 0 0 0 0 1 0 1 0 0 0 0 0 0 0 1 1 0 0 1 0 1 0 1 1 1 0 0 0 0 0 0 0 0 1 1 0 1 0 0 0 0 1 2 0 0 0 0 1 0 2 0 9 0 0 0 1 0 0 0 0 0 1 0 0 0 0 2 0 0 0 0 0 0 5 2 0 0 1 0 0 3
0 0 0 1 0 3 0 1 0 1 0 0 4 1 1 0 0 0 0 1 2 0 0 0 1 1 1 0 0 2 0 1 2 2 0 1 1 0 0 2 0 0 0 0 0 0 1 2 2 0 0 0 20 6 0 0 1 0 0 0 1 0 0 5 0 0 1 1 0 0 2 1 0 0 10 0 0 8 0 1 0 0 0 0 0 1 0 0 0 0 0 0 0 0 0 0 0 1 0 4
7 1 16 1 0 0 2 5 4 4 31 5 2 8 4 0 6 1 9 3 1 2 2 2 1 6 1 5 1 2 1 3 6 0 1 3 2 3 4 18 10 3 0 5 11 15 9 2 6 1 10 1 8 11 3 1 3 2 1 4 2 7 3 3 0 7 12 6 1 0 13 10 0 1 3 5 9 2 2 0 3 6 2 0 2 22 3 9 6 16 2 4 0 5 0 0 1 5 0 8
14 13 4 3 2 1 0 4 2 19 3 6 0 6 3 8 1 6 1 8 19 6 4 19 6 13 0 7 1 0 3 1 3 13 14 17 5 4 14 0 9 10 16 21 1 3 2 2 2 1 0 0 4 28 1 18 2 32 0 25 3 0 8 1 1 17 5 1 18 2 7 10 12 4 4 2 16 5 7 6 0 59 4 0 16 25 0 4 11 2 11 6 4 7 4 6 9 5 6 21
4 11 2 1 9 0 0 5 0 4 3 5 1 4 0 5 1 4 1 6 0 10 1 0 0 9 2 4 6 3 7 2 1 0 0 0 2 6 6 1 5 5 7 2 2 3 1 0 1 1 9 2 0 7 0 3 4 1 0 6 0 2 0 28 0 4 2 2 1 2 5 5 7 2 0 4 12 4 28 1 7 3 4 3 2 0 25 1 4 0 1 1 7 2 7 20 1 3 4 7
1 0 0 0 1 0 0 0 0 0 0 1 0 1 1 0 0 0 0 2 0 1 5 3 2 0 0 1 2 0 1 0 0 1 0 0 0 0 0 0 0 0 0 0 0 1 0 0 1 1 0 0 0 0 0 1 0 0 0 2 2 1 0 1 3 0 0 0 0 0 0 1 0 1 0 2 0 0 0 1 2 0 0 1 0 1 0 0 0 0 2 0 0 1 0 1 0 0 1 1
2 0 0 0 1 1 0 2 1 2 0 5 2 0 0 0 0 1 0 0 0 0 0 0 0 0 2 0 0 0 0 0 0 0 0 0 1 0 0 0 0 0 1 0 2 1 0 1 0 1 1 0 0 0 0 0 1 1 1 1 0 1 1 0 3 0 0 1 0 0 0 1 0 0 0 0 0 1 0 0 0 0 1 1 1 0 0 0 2 0 0 0 0 0 1 1 0 0 0 0
1 2 0 5 0 0 0 0 0 1 1 0 0 0 0 1 4 0 0 5 0 0 2 0 0 0 3 1 1 0 0 0 1 1 1 0 0 0 1 0 2 0 0 0 1 0 0 0 0 1 0 1 0 5 0 2 0 0 0 0 0 0 1 0 0 0 0 6 1 0 0 0 1 0 0 0 0 0 0 0 0 0 0 4 0 0 0 0 0 0 0 1 0 0 2 1 0 0 1 3
1 1 16 5 34 4 8 6 3 23 4 2 15 22 3 2 0 21 12 5 1 0 25 9 1 16 8 8 1 10 7 2 24 1 5 2 0 2 7 1 2 2 2 0 1 10 10 19 3 0 9 5 2 13 12 22 2 15 3 6 4 2 0 4 13 3 0 4 3 0 4 2 17 16 1 0 1 5 3 14 5 1 5 6 9 0 1 0 1 9 5 24 4 5 23 11 0 28 7 7
0 34 0 2 5 3 21 15 0 39 7 5 5 0 10 7 3 2 3 2 0 1 18 3 14 8 8 17 0 9 28 10 24 3 0 9 3 1 3 5 1 3 7 0 9 0 0 14 5 5 7 3 0 0 2 5 3 27 0 23 6 1 9 15 9 10 17 5 0 1 6 14 1 10 1 13 18 13 16 1 4 15 4 0 3 5 5 6 3 11 2 0 7 8 2 0 56 1 0 15
27 5 0 0 2 1 1 3 3 11 10 13 2 10 1 0 7 1 1 1 1 2 2 1 0 0 2 4 4 1 5 1 3 6 2 1 6 13 0 1 0 3 5 10 0 3 3 1 2 4 3 15 4 7 7 5 1 5 0 2 1 3 1 1 6 0 10 5 7 6 3 2 3 2 0 3 4 4 0 1 0 2 3 4 4 1 3 2 1 7 1 3 0 0 3 3 10 0 15 16
0 0 0 1 0 0 0 0 0 0 0 4 0 1 0 0 0 1 1 0 0 1 0 0 0 0 0 0 0 0 1 1 0 0 1 1 2 0 0 2 0 0 3 0 1 0 1 0 0 1 0 0 0 0 0 0 0 1 1 0 1 0 0 0 1 1 0 2 0 0 0 0 0 0 0 0 0 0 6 0 1 0 1 0 0 1 1 0 0 1 0 1 2 0 0 3 0 0 0 0
6 2 2 0 0 8 14 2 7 0 2 5 11 10 0 3 2 3 2 0 10 1 0 3 8 2 2 0 3 0 0 6 1 0 5 1 5 0 2 4 4 4 3 0 0 3 2 1 12 10 6 4 0 1 5 4 0 2 3 0 19 2 8 6 2 5 0 3 6 6 4 8 5 10 0 0 2 2 10 20 0 6 5 1 3 1 8 0 1 4 2 15 7 7 8 7 6 2 0 1
9 1 12 13 3 3 1 4 5 6 13 7 1 2 0 4 10 1 5 3 0 2 12 1 10 1 6 1 3 14 4 4 4 7 6 4 11 5 1 8 12 5 0 4 25 4 3 5 10 0 0 0 2 0 12 3 1 0 8 0 0 4 6 4 5 1 2 18 0 3 0 0 4 8 2 0 7 6 0 2 1 2 2 10 2 8 1 3 3 3 1 1 0 4 4 1 8 4 6 14
1 6 6 0 3 8 0 3 1 9 0 2 0 8 3 5 13 4 3 18 4 0 4 0 7 2 2 0 3 0 1 4 0 0 4 2 0 2 3 2 2 11 10 4 6 6 1 3 2 8 1 4 2 0 2 2 3 14 6 7 4 0 3 1 1 8 1 2 7 9 0 1 4 0 7 7 2 7 1 13 3 1 2 19 3 18 3 0 2 1 0 0 0 0 1 25 4 3 4 1
3 18 15 7 7 0 3 7 3 9 8 1 17 8 9 4 16 12 27 3 8 23 2 7 17 7 0 0 5 4 4 3 5 2 3 5 11 4 1 3 1 11 8 33 22 1 13 2 2 12 2 8 2 4 3 0 10 13 4 23 3 2 10 4 20 11 18 4 10 24 4 1 4 0 5 4 5 2 11 6 8 13 0 0 2 25 5 3 20 4 3 8 1 4 8 16 1 0 5 6
0 0 0 0 0 0 0 0 0 2 0 0 0 0 1 0 0 6 0 0 0 0 0 0 0 1 0 0 1 0 0 0 1 1 0 0 2 0 2 0 0 0 0 0 1 0 3 0 0 0 0 0 0 0 0 2 0 0 5 0 0 0 0 0 0 7 0 1 4 0 1 0 0 2 1 0 1 1 0 1 3 4 0 0 0 0 0 0 0 0 0 0 0 0 0 0 0 1 1 0
0 5 14 5 0 1 9 4 20 0 13 0 10 2 18 11 9 4 1 0 0 5 2 8 3 15 3 5 5 15 24 12 14 33 23 3 6 11 0 15 0 1 3 7 1 6 9 0 1 2 6 1 3 5 28 7 6 17 16 12 4 11 2 35 5 0 4 1 0 17 0 8 11 0 26 6 0 1 10 4 4 0 1 0 30 2 1 0 6 6 1 15 17 8 13 6 3 4 3 18
0 0 0 0 0 2 0 0 0 18 0 0 0 0 0 0 0 0 0 0 0 0 0 2 0 0 0 0 0 0 0 1 1 2 0 3 2 2 0 1 0 0 0 0 2 1 1 0 0 1 1 0 1 2 2 1 0 0 2 0 1 1 0 2 1 0 0 0 0 0 3 0 0 0 0 1 0 1 0 0 0 0 0 0 0 1 0 1 0 1 1 0 0 1 0 0 0 1 0 0
9 1 9 0 1 5 21 1 0 0 8 1 1 8 4 0 1 2 2 1 1 0 0 13 10 4 0 4 1 15 3 5 0 1 4 0 0 0 13 1 1 0 0 5 0 1 0 0 7 0 0 0 3 1 1 1 4 8 0 0 0 0 1 4 0 0 1 0 3 2 3 9 11 4 7 0 0 0 2 0 0 1 0 0 5 1 0 1 4 2 1 12 6 4 4 0 0 0 2 13
0 1 1 1 0 0 3 0 1 1 0 1 1 1 0 0 4 0 3 4 3 0 2 0 0 0 1 1 0 0 0 0 0 0 0 2 0 0 0 0 1 1 1 0 7 0 0 0 0 1 0 2 0 0 0 0 0 0 0 0 0 11 0 0 1 0 0 3 0 2 0 0 0 0 0 0 1 0 1 4 0 0 0 0 0 0 0 0 1 0 9 2 0 0 0 0 1 1 0 0
0 1 3 1 1 2 0 1 0 1 3 1 0 0 2 0 0 0 1 0 0 0 1 1 0 0 0 0 0 0 0 0 0 0 0 0 0 0 0 1 0 0 1 0 0 0 0 0 0 1 0 0 0 0 2 0 0 0 0 0 0 0 0 0 1 0 0 0 0 2 5 2 1 0 0 0 1 0 0 0 0 0 0 1 0 1 2 0 0 1 1 0 1 0 0 0 0 1 0 0
2 7 0 4 6 3 0 0 0 12 9 6 2 11 2 0 4 1 0 3 2 3 14 15 0 3 6 1 1 17 6 0 17 3 0 6 0 10 18 6 9 7 1 3 0 2 3 6 6 14 2 4 8 7 17 8 7 2 3 1 7 3 12 8 4 0 1 5 11 12 9 0 0 8 3 2 3 15 5 0 3 0 0 2 3 2 17 0 11 5 1 1 0 10 3 1 23 0 0 8
0 16 13 6 15 5 6 20 0 21 12 3 15 4 0 28 2 6 3 2 0 6 6 0 4 24 0 5 0 4 0 4 6 8 12 1 8 5 21 12 26 8 19 7 4 3 5 40 12 7 0 4 0 10 5 13 0 1 7 11 9 3 9 5 2 21 29 9 9 6 26 15 0 1 4 5 20 16 13 9 6 0 1 19 1 1 1 5 2 3 4 23 11 3 1 9 9 2 4 13
0 2 1 6 5 3 5 4 1 0 5 1 6 1 6 4 0 1 1 2 1 0 0 0 0 3 3 20 5 1 2 7 0 0 5 1 8 5 0 4 9 8 3 0 1 3 20 0 12 6 3 1 11 1 5 9 0 5 0 8 9 5 3 5 0 6 17 1 7 0 17 2 19 0 12 8 4 4 3 1 2 5 1 5 0 0 3 0 6 8 12 3 1 6 0 2 2 4 2 14
0 0 2 1 0 1 0 1 0 0 0 0 1 0 4 0 0 1 0 0 2 0 0 0 0 1 0 0 0 0 5 0 0 0 3 1 0 7 3 1 1 0 1 0 0 0 0 5 0 0 0 2 1 0 0 0 0 0 0 0 8 0 0 0 0 0 0 1 0 0 0 0 1 0 0 1 0 0 0 0 1 0 0 2 0 0 0 0 0 0 0 0 6 0 5 0 1 2 0 0
13 9 3 1 7 7 2 8 34 6 4 17 4 12 22 11 3 23 2 9 1 9 9 0 11 15 14 21 15 1 1 26 3 2 2 2 0 21 13 3 2 0 3 1 3 2 1 13 0 2 6 44 1 7 0 1 0 2 14 2 16 5 5 9 5 7 17 0 26 5 3 2 16 3 2 6 25 4 2 2 1 1 3 0 14 10 22 1 7 24 9 2 2 14 6 4 11 6 4 16
9 1 11 0 0 6 7 2 15 3 4 1 2 4 3 4 5 9 5 7 3 1 8 1 1 2 3 1 5 0 2 3 6 9 0 11 9 4 14 14 11 2 3 0 3 6 0 6 14 0 0 4 2 6 5 10 0 0 3 1 0 0 0 8 2 4 4 1 17 1 1 25 1 0 0 2 1 2 2 0 12 4 5 1 0 2 1 14 8 4 1 0 4 1 5 14 30 0 1 2
0 1 4 15 4 2 5 24 5 4 13 17 0 7 1 9 19 13 7 3 1 8 7 3 16 22 12 6 5 16 6 1 4 29 2 8 42 23 0 6 11 6 0 3 15 5 3 9 3 0 3 2 11 5 4 7 21 4 17 0 17 2 0 2 1 4 0 8 2 0 1 14 0 1 13 2 6 10 0 3 9 12 4 9 26 0 6 6 6 7 4 0 17 4 7 7 0 3 7 1
9 3 19 0 9 1 9 1 5 1 1 5 2 3 18 8 7 2 6 30 12 6 7 1 6 1 8 2 36 6 0 6 2 9 12 3 1 4 5 6 13 0 5 3 5 2 0 49 0 2 1 2 9 11 21 7 6 1 19 4 2 29 2 4 2 11 0 1 9 2 7 0 41 2 1 26 21 7 3 0 11 20 6 7 7 27 2 7 0 4 8 17 5 2 2 3 2 9 36 6
4 7 5 12 7 0 8 4 34 2 17 4 4 8 10 14 5 16 24 16 27 1 9 11 30 2 0 7 1 2 15 4 14 7 6 4 12 2 19 10 5 21 4 2 8 13 4 2 3 6 12 39 2 18 2 3 9 2 3 10 4 14 9 3 2 0 13 12 8 6 22 0 0 4 10 25 0 11 1 4 13 8 1 0 3 10 18 2 0 23 2 5 26 2 9 15 0 2 17 1
0 7 3 1 1 2 13 1 3 9 2 2 4 1 3 7 7 0 2 3 7 5 2 6 4 5 0 1 9 1 0 15 7 1 1 7 1 2 3 5 1 3 3 2 5 2 4 2 6 5 1 0 1 1 2 17 0 9 0 0 9 11 14 4 2 7 9 18 1 0 0 3 4 6 3 7 2 1 1 5 0 0 2 8 2 0 20 4 6 0 3 15 6 2 2 17 3 10 0 5
3 0 3 1 0 5 3 7 4 1 1 28 7 2 10 8 19 3 12 4 8 27 0 10 4 3 4 4 2 0 3 17 2 0 7 8 15 0 4 5 5 8 1 26 26 15 41 11 11 1 15 26 12 14 1 8 1 4 4 0 2 7 8 2 8 10 16 1 0 1 6 15 11 5 14 1 8 26 4 3 20 8 8 3 0 21 3 3 0 6 9 36 0 2 5 0 11 5 0 6
17 6 3 7 2 9 8 4 0 15 0 2 14 15 0 13 3 3 4 0 0 6 1 16 1 2 6 11 10 17 9 1 3 2 4 7 2 9 13 4 11 2 2 4 8 13 1 3 1 12 4 15 6 0 12 5 36 5 2 5 8 1 7 18 10 3 5 8 1 13 3 10 12 0 4 10 9 10 2 3 6 12 7 5 0 1 1 2 18 1 3 5 27 0 57 2 4 3 3 8
6 1 0 5 3 2 7 4 0 14 10 8 15 4 11 0 25 10 26 13 3 7 9 26 14 14 15 4 2 8 2 1 2 25 1 10 18 13 1 23 0 8 31 0 7 1 11 4 18 33 1 15 1 3 4 11 9 12 1 16 7 13 10 5 10 13 25 8 3 3 6 0 1 4 1 4 0 0 15 0 15 3 3 2 3 3 0 12 0 6 14 0 3 29 14 3 1 5 31 15
1 0 1 0 0 0 0 1 1 0 1 0 1 0 0 2 1 0 0 0 1 1 0 0 0 0 0 0 1 0 0 0 0 0 1 1 0 0 1 2 0 1 0 1 0 0 1 0 0 0 0 0 0 1 0 0 0 0 1 0 5 3 0 0 2 0 0 0 0 0 1 0 0 1 0 0 0 0 4 0 1 2 0 0 0 0 0 4 0 0 0 0 1 0 0 1 0 0 0 0
2 3 5 4 4 5 5 1 3 11 0 0 1 9 0 1 1 3 9 0 1 1 1 7 1 19 5 8 4 0 2 0 0 0 6 0 9 0 3 1 0 1 9 5 2 19 5 7 12 2 5 3 0 5 15 8 1 1 2 7 0 36 1 5 8 1 2 1 1 3 0 2 0 4 8 4 0 0 1 15 6 9 2 2 3 0 5 0 9 3 1 0 1 9 1 2 13 3 15 1
5 4 1 0 0 2 4 7 4 0 0 3 1 5 4 1 1 9 3 12 2 1 7 9 1 1 0 13 1 2 5 10 0 1 0 0 2 3 19 3 0 0 1 5 4 3 5 0 1 3 0 0 0 5 0 5 0 14 1 1 1 0 2 8 4 10 1 8 2 10 5 10 10 15 17 4 0 7 2 0 7 8 0 2 5 3 1 9 20 4 10 2 0 1 0 0 0 0 2 3
1 38 0 16 12 22 3 10 2 7 1 0 1 0 2 6 9 14 6 16 2 0 7 4 4 20 5 11 1 13 1 18 8 2 0 17 2 1 3 9 0 3 26 2 6 9 15 5 6 5 3 3 5 6 8 20 1 2 5 29 10 4 22 5 6 2 0 0 1 1 9 1 8 6 2 1 2 13 4 5 1 0 27 7 15 14 7 2 0 0 7 1 18 2 41 0 3 0 8 0
3 2 8 10 4 2 0 0 7 0 5 9 2 1 11 65 0 5 10 6 15 4 14 2 4 3 9 1 2 1 2 9 3 1 1 2 9 0 6 12 2 0 3 1 4 0 1 8 17 21 3 1 17 4 2 4 5 0 0 17 6 1 7 4 5 11 9 0 9 7 2 19 6 0 5 2 0 13 2 2 0 1 34 8 11 13 6 1 3 15 19 2 7 14 1 3 12 20 4 7
1 0 2 1 2 0 8 2 7 2 20 0 13 6 2 6 0 1 8 0 6 0 4 5 1 6 1 1 5 9 2 10 2 7 12 0 2 0 8 8 1 5 8 8 3 0 1 1 2 0 5 4 1 14 3 2 2 2 0 3 1 1 0 7 3 7 10 10 2 1 4 10 1 6 2 5 0 13 6 3 0 22 6 3 4 1 5 7 6 3 19 5 28 3 4 3 2 9 1 24
1 0 0 0 0 1 0 1 1 0 1 1 1 0 0 1 0 0 0 0 0 1 0 1 0 0 0 1 1 0 0 1 0 1 1 1 0 0 0 0 0 0 1 0 1 2 8 1 0 1 0 0 0 5 0 0 0 0 0 0 2 0 0 0 0 0 1 1 1 0 0 1 0 0 0 0 0 0 0 0 0 0 0 0 0 1 0 0 1 0 1 0 0 0 0 0 1 0 0 0
0 7 1 3 0 9 6 1 1 0 25 3 0 3 6 5 2 4 0 5 4 1 1 5 5 0 6 5 6 3 3 2 6 4 0 1 6 7 1 0 3 2 5 3 0 6 2 10 1 12 6 0 4 0 2 5 3 2 2 7 2 5 0 5 2 0 5 0 3 0 8 6 4 1 2 1 13 0 3 0 2 13 5 9 0 1 4 1 1 3 2 10 27 8 6 3 1 0 6 4
31 11 4 4 4 1 0 2 2 6 4 0 13 13 3 5 2 1 7 0 0 17 2 1 3 2 3 1 1 3 10 0 9 5 24 2 0 0 0 5 2 4 9 8 2 4 2 0 0 7 2 2 6 0 9 0 4 11 5 0 2 5 0 1 4 1 9 5 2 4 2 1 15 15 4 8 6 0 4 0 8 3 2 0 3 0 1 0 3 10 0 5 6 13 4 4 0 1 5 4
24 2 11 7 0 2 7 8 1 4 0 9 16 13 19 14 6 0 0 9 0 4 0 11 1 1 0 0 10 16 6 10 12 6 1 7 10 13 7 3 9 21 0 1 0 3 12 2 0 4 1 1 8 3 3 24 16 6 0 31 4 6 0 6 8 10 1 0 1 2 13 4 3 6 32 14 6 5 6 3 3 0 3 4 2 0 4 2 6 8 0 4 4 18 2 0 0 1 15 7
32 11 34 4 13 14 41 6 24 2 1 5 13 0 8 7 2 0 15 8 1 3 1 29 1 0 6 11 3 0 2 0 1 0 4 3 19 13 7 12 23 7 11 1 17 2 1 7 12 5 18 6 14 2 1 15 4 2 5 1 1 0 6 5 2 3 6 7 1 3 0 16 1 3 4 17 0 19 5 21 0 7 7 4 11 1 5 0 2 3 1 1 14 14 0 30 5 6 9 11
2 5 3 6 20 0 3 0 9 0 3 11 0 12 24 18 1 2 19 11 8 10 4 2 6 3 3 3 9 3 34 2 1 48 3 0 2 3 1 15 2 9 2 1 0 12 2 3 11 5 3 0 10 5 2 3 0 12 1 0 4 8 2 1 11 0 2 1 9 1 26 25 25 0 0 5 6 11 19 6 6 7 10 8 5 2 6 3 1 0 3 25 12 9 14 8 22 43 2 9
2 1 0 2 18 1 1 2 3 0 6 17 3 6 0 6 0 10 1 0 0 0 0 5 1 3 6 3 3 0 0 6 15 6 2 4 6 8 1 1 5 1 0 5 6 2 4 4 6 13 10 0 2 0 5 2 12 11 1 7 1 2 4 2 4 1 2 12 1 7 0 4 0 8 5 16 1 7 1 9 1 22 1 0 7 0 0 2 1 1 6 3 5 1 6 20 5 2 49 2
0 0 0 0 0 0 0 1 0 0 2 0 1 0 0 1 0 1 0 0 0 6 0 2 0 0 0 0 0 9 0 0 0 3 0 0 2 0 0 0 3 1 1 1 0 2 0 2 0 1 0 0 8 2 0 0 0 0 0 0 0 0 0 10 0 1 0 1 0 0 3 0 1 0 0 0 1 12 0 0 2 0 0 0 1 2 0 0 0 0 0 0 1 1 1 0 2 0 3 0
1 4 20 1 8 9 1 12 4 6 11 1 60 9 3 2 7 3 6 3 0 11 1 0 15 10 0 2 5 15 0 0 2 9 14 0 11 22 8 0 2 4 1 0 1 2 5 2 0 7 5 3 4 11 30 0 5 2 0 6 3 0 6 14 1 1 7 0 0 2 0 11 5 1 5 4 6 1 25 0 26 0 1 9 3 10 0 4 4 0 7 0 7 2 2 6 0 3 15 8
0 0 0 2 1 0 1 0 0 6 2 5 2 0 0 0 10 0 0 3 0 0 6 1 0 0 11 2 0 3 1 0 0 1 0 4 1 0 0 0 8 0 1 0 3 0 1 0 0 8 0 8 0 0 1 0 1 0 0 0 0 9 0 0 2 4 0 2 0 0 0 0 2 0 0 0 0 0 1 3 0 4 1 0 0 0 0 1 0 0 14 1 0 4 0 0 1 0 1 0
3 18 12 23 4 3 20 1 5 2 8 2 22 6 3 11 0 4 2 3 7 4 3 20 19 1 4 0 12 0 0 1 3 2 15 2 1 3 3 1 28 2 0 21 19 1 0 5 3 2 12 0 8 3 0 5 12 16 41 3 24 6 2 11 18 10 2 5 4 5 1 0 7 0 5 15 12 4 5 0 19 3 7 8 0 0 0 8 4 10 1 3 6 22 2 7 6 3 7 3
6 3 30 2 8 4 6 16 2 8 4 19 4 0 5 4 16 7 11 8 4 10 3 7 18 15 4 8 17 4 19 3 7 1 15 1 0 0 15 0 2 2 0 8 2 3 4 6 0 12 7 7 10 1 5 12 1 22 11 4 22 0 2 1 2 1 0 22 11 8 1 3 5 2 0 3 3 1 9 12 0 27 14 0 25 13 0 2 1 1 9 6 0 3 19 2 0 4 15 0
0 1 1 0 0 0 1 0 1 0 1 0 0 0 0 0 0 0 0 0 8 1 1 0 0 1 0 1 0 2 0 1 0 1 0 1 0 0 8 1 0 1 0 0 0 0 0 9 0 0 0 1 0 1 0 1 0 0 0 2 3 0 0 0 0 0 0 0 0 0 0 0 1 0 0 0 0 0 0 0 0 1 4 1 0 0 0 0 1 0 0 2 0 0 0 0 0 2 1 0
0 5 2 0 0 0 0 2 0 4 0 0 0 0 0 0 0 0 0 0 3 0 1 0 0 0 1 0 0 0 0 0 1 0 0 1 0 0 1 0 0 0 0 0 0 0 0 0 0 2 2 1 0 0 0 0 0 0 0 0 0 0 1 0 0 0 1 6 0 0 0 0 1 0 1 0 1 0 0 1 0 0 1 1 1 0 0 2 0 1 0 0 0 3 2 0 0 0 1 2
0 0 2 12 8 6 0 11 2 0 0 0 5 2 6 2 2 1 6 3 1 1 3 0 7 6 1 25 7 6 2 1 5 8 4 1 7 0 4 3 2 4 0 0 1 0 6 4 1 1 4 4 2 7 4 10 16 7 1 14 1 2 1 0 2 5 1 1 10 6 10 5 4 7 2 17 6 0 3 0 5 2 10 0 2 4 4 1 7 0 5 4 8 0 0 4 3 2 1 1
0 1 0 0 0 0 0 0 0 10 1 1 1 0 0 0 0 0 0 0 0 1 0 0 0 0 1 1 0 0 0 1 0 0 1 0 1 0 0 0 0 1 1 0 0 0 1 0 0 0 0 1 1 0 0 2 0 0 0 0 0 0 0 0 0 0 0 1 0 0 0 0 0 0 0 0 0 0 0 1 1 0 0 0 0 0 1 1 0 0 0 0 2 0 0 1 0 0 0 0
1 1 0 0 0 0 0 0 0 0 0 0 0 0 3 0 0 1 0 0 0 1 0 0 3 0 0 0 2 0 1 0 1 0 0 0 0 0 1 0 0 0 0 1 1 0 0 1 2 0 0 0 1 2 0 3 0 0 0 1 2 1 0 0 0 0 0 2 0 0 0 0 0 0 1 0 0 0 0 0 0 0 0 0 0 1 0 2 2 1 0 2 0 0 0 0 1 0 0 0
3 2 6 6 21 2 9 22 0 5 12 0 8 13 5 4 9 41 4 12 2 1 2 0 18 5 7 5 5 19 2 2 5 12 15 1 2 21 3 2 3 2 1 1 20 25 6 1 7 1 1 7 13 8 6 0 7 5 4 0 17 8 17 2 7 4 7 7 5 27 10 1 4 9 7 1 15 11 16 24 12 18 8 2 19 3 2 8 1 3 0 8 4 3 2 5 0 3 1 1
7 1 13 10 29 4 55 8 1 3 15 11 4 2 5 22 3 21 7 11 15 7 10 4 12 0 2 15 6 0 22 2 1 1 26 0 22 3 4 7 5 1 1 3 31 14 22 7 6 0 5 3 6 2 8 5 12 0 14 15 7 3 6 11 4 12 4 13 5 0 4 4 2 6 15 0 11 8 2 13 0 2 0 30 0 52 0 3 3 1 18 1 2 0 42 1 3 0 4 6
2 22 0 0 6 1 0 2 5 2 5 16 4 6 4 0 8 0 2 5 1 5 2 13 5 4 0 0 1 7 4 7 1 5 2 5 2 6 1 2 9 0 0 4 1 0 4 2 4 4 0 0 0 5 0 7 0 0 0 8 0 2 18 2 5 0 3 2 6 4 2 9 0 11 4 12 5 7 10 12 1 0 2 3 4 2 10 2 5 0 3 9 1 7 1 8 1 12 4 7
0 2 1 0 2 2 0 0 0 18 0 0 2 1 0 0 3 0 1 8 1 2 0 0 0 1 1 1 1 1 2 1 0 0 0 3 1 0 1 0 12 3 1 0 0 0 0 0 3 0 0 1 0 2 0 0 0 0 0 1 1 0 0 0 0 0 0 4 0 0 1 5 1 0 0 0 0 0 0 0 0 0 1 0 0 2 0 0 0 0 7 0 0 0 0 8 1 0 0 1
7 1 3 0 25 2 13 0 9 6 0 0 21 2 4 8 1 8 2 3 16 3 10 0 8 1 5 3 1 15 6 0 2 3 0 9 2 17 6 5 6 15 2 3 2 4 0 8 2 9 2 26 2 4 5 0 11 17 20 22 2 4 1 11 38 10 14 1 6 10 12 33 5 26 14 0 2 0 4 17 7 12 2 16 10 1 1 43 1 0 0 1 15 14 11 11 14 12 8 3
0 1 1 0 1 0 1 0 3 0 0 0 0 1 0 0 0 0 1 0 0 3 0 0 2 3 0 0 0 1 1 0 3 0 0 0 0 0 0 0 0 0 1 7 1 0 2 0 0 0 1 0 0 0 0 0 1 0 1 0 4 1 1 0 0 0 0 1 0 0 0 0 1 0 0 1 1 0 0 1 2 0 0 0 0 2 3 0 1 0 0 0 0 0 0 0 0 1 0 3
1 0 0 0 0 0 0 1 0 0 1 0 1 0 0 1 0 0 0 0 0 2 0 0 23 0 0 0 0 0 1 1 0 0 0 0 0 1 0 1 0 0 1 1 0 0 0 0 0 0 0 0 3 1 0 0 0 0 0 0 0 2 0 2 0 0 1 1 1 0 1 0 9 0 0 0 0 1 5 1 0 0 0 3 0 0 0 0 0 2 0 0 0 0 0 0 0 0 1 0
0 0 0 6 0 0 1 0 0 0 0 0 0 0 0 0 0 1 3 5 0 0 0 0 0 0 0 0 2 0 0 1 2 0 0 1 0 2 1 0 0 0 0 0 11 2 0 0 1 0 1 0 0 0 0 0 0 0 0 0 0 0 0 0 2 0 0 2 1 2 0 0 0 1 0 0 0 0 0 0 0 0 1 0 0 0 0 0 0 0 0 4 0 0 0 0 1 2 0 0
5 14 2 0 8 0 1 3 2 17 9 9 8 28 12 1 1 8 6 6 12 3 16 6 8 21 2 19 6 12 18 0 5 1 0 5 0 4 13 16 4 3 0 9 1 4 7 20 2 3 14 7 11 0 1 5 6 7 20 4 1 0 44 1 0 0 4 1 4 4 0 36 6 4 3 3 19 61 4 1 7 1 2 21 0 12 55 0 10 15 2 9 3 4 2 11 13 8 6 3
