0 1 0 4 1 3 0 3 1 0 0 1 2 0 1 0 1 5 3 2 1 0 2 1 4 22 1 0 3 2 0 0 0 4 10 4 7 0 2 1 1 9 2 9 3 1 7 1 0 6 0 0 0 8 1 6 4 0 0 0 15 6 0 3 5 3 9 1 2 3 6 0 3 4 0 5 1 1 6 0 0 0 3 1 2 1 0 3 1 2 0 2 1 11 0 1 2 0 4 5
3 6 0 1 11 1 4 13 3 9 10 8 0 1 7 5 0 11 6 4 4 0 4 6 2 0 1 0 0 4 3 16 10 2 0 0 0 3 4 1 8 1 7 9 3 1 6 1 1 5 11 2 4 16 5 0 0 5 11 0 0 0 0 9 5 3 0 6 0 6 3 0 1 1 0 3 1 6 0 1 0 7 6 0 4 1 0 1 1 1 13 0 2 0 5 1 2 2 0 13
1 14 1 1 0 1 0 0 0 0 0 0 0 0 0 0 0 0 1 0 0 0 0 1 0 0 2 0 0 0 1 1 0 0 0 0 0 1 1 0 0 2 1 1 1 2 2 0 12 0 0 0 0 0 0 0 1 0 0 0 0 0 0 1 3 0 1 0 0 1 2 0 0 0 0 0 0 2 0 2 0 0 0 0 0 1 0 4 0 1 0 0 0 0 0 0 1 2 0 0
5 3 5 0 4 21 1 3 1 0 5 16 1 2 5 2 13 1 0 10 7 4 3 5 4 4 6 5 7 1 0 4 4 41 48 17 11 9 15 0 0 1 2 5 2 2 3 10 2 0 15 12 32 15 6 10 0 2 3 4 5 2 2 3 35 5 19 1 11 28 14 20 12 5 0 6 1 16 1 3 9 21 6 7 0 0 4 38 3 5 5 16 0 0 16 10 10 1 2 11
2 1 0 4 0 8 8 1 3 0 5 1 3 1 5 15 3 0 5 0 3 3 0 7 0 1 0 1 7 1 1 3 0 0 8 3 5 0 0 10 9 0 2 3 9 9 3 0 3 4 0 3 1 0 4 11 6 10 5 0 3 1 3 7 5 6 11 13 3 2 1 7 5 6 8 7 6 4 3 8 0 1 11 11 6 5 2 6 0 3 1 6 1 0 2 2 0 7 2 9
9 4 0 0 1 5 3 4 0 0 9 3 2 1 13 3 19 7 6 3 0 6 3 8 0 3 2 4 0 0 3 1 11 0 3 0 0 22 0 1 8 2 0 2 0 1 6 3 0 0 3 0 13 0 0 4 1 2 5 0 0 0 0 2 1 1 2 1 2 2 21 10 4 13 7 0 11 0 6 5 0 2 0 0 1 6 1 6 1 2 8 8 3 0 9 0 2 0 0 1
8 4 6 1 0 10 3 3 0 2 3 0 3 8 0 0 1 2 1 2 3 0 3 0 0 11 11 6 9 2 4 0 2 4 4 0 0 2 4 1 2 0 2 0 2 19 6 0 2 8 2 3 0 2 5 3 3 3 5 5 3 2 14 0 7 9 1 2 3 0 7 5 0 19 0 1 0 4 1 1 5 4 6 8 9 0 1 1 6 1 3 5 4 0 1 3 4 4 2 3
3 0 0 0 2 0 0 0 0 2 0 3 0 1 0 0 0 0 1 0 0 1 0 0 0 0 0 0 0 2 1 1 0 1 0 0 1 0 0 2 0 0 0 0 0 0 0 0 0 0 0 0 1 0 0 1 0 0 0 1 0 0 0 0 0 1 1 0 0 0 0 0 0 1 0 0 0 1 3 0 1 1 0 0 0 0 1 0 0 0 0 0 1 1 2 0 0 0 0 0
0 4 0 0 0 0 0 0 0 0 0 1 0 0 1 0 0 3 0 0 0 0 0 0 0 1 0 0 0 4 0 1 0 0 0 1 1 0 0 0 0 0 2 0 0 0 1 1 7 2 0 0 0 0 1 3 0 0 0 0 0 0 0 1 0 4 0 0 0 0 0 0 0 2 0 1 0 5 0 0 0 1 0 1 0 0 0 0 0 0 0 0 0 0 0 0 0 2 2 2
3 0 1 0 0 0 0 0 0 4 0 0 0 0 0 2 0 1 0 0 0 1 0 2 0 0 0 0 0 0 2 1 0 1 0 0 0 1 0 4 0 0 0 0 0 0 0 0 0 0 0 5 0 0 0 0 1 4 4 0 1 0 2 0 0 2 0 5 11 0 2 0 0 1 0 0 1 1 0 4 0 1 0 0 0 0 1 0 1 0 6 1 1 1 0 5 1 2 6 0
0 0 0 0 0 1 0 0 2 1 0 1 2 0 1 2 0 0 1 4 0 0 0 0 0 1 1 1 0 0 1 2 0 0 0 1 0 1 0 0 0 7 0 0 0 1 1 0 0 0 0 0 7 0 0 0 0 0 1 1 0 0 0 0 0 0 0 0 2 0 0 2 1 0 2 1 0 0 0 0 1 2 1 0 0 1 0 0 1 0 2 1 0 0 1 1 0 0 0 0
1 0 0 0 3 0 1 1 0 0 11 6 0 1 0 1 0 1 0 0 0 1 0 0 0 0 4 0 0 1 3 3 0 7 1 1 1 0 1 10 1 0 0 0 0 0 1 0 0 1 1 0 2 10 0 2 1 14 7 0 0 0 0 0 1 0 1 0 9 0 0 0 2 1 0 0 8 0 0 2 0 1 0 1 0 2 1 0 0 0 0 0 0 7 2 0 3 16 5 0
8 2 4 2 11 8 25 7 13 0 4 1 16 4 6 0 16 18 16 5 7 4 6 2 18 5 1 12 4 9 7 6 5 1 10 2 1 9 7 23 4 7 14 10 17 18 0 2 0 2 6 8 8 2 17 7 2 3 21 3 3 5 7 3 4 1 0 40 3 12 1 13 8 5 3 24 11 2 0 3 1 0 2 2 7 5 0 7 8 4 13 2 9 13 11 12 17 5 4 3
16 5 11 9 5 4 16 6 5 12 4 3 18 8 1 3 6 43 1 5 8 1 3 40 1 1 0 1 4 12 4 0 55 8 0 18 12 0 3 7 0 2 13 6 27 0 5 6 3 5 2 40 4 15 1 24 0 1 3 17 3 7 9 4 0 5 7 16 8 0 3 2 0 2 0 11 6 1 22 8 0 12 3 0 0 34 14 3 8 2 1 15 5 23 24 16 0 1 5 3
1 0 0 0 1 0 0 0 1 0 0 0 0 1 0 0 0 0 0 0 0 0 0 1 0 0 0 0 0 0 0 1 0 0 0 0 1 0 0 0 0 0 0 0 0 0 1 0 1 1 1 0 0 0 0 0 0 1 1 0 1 0 1 0 0 6 1 1 0 2 0 0 3 2 0 0 1 1 0 0 0 0 0 0 0 0 0 7 0 1 0 0 0 0 0 1 0 0 2 1
1 1 0 5 2 3 10 1 1 1 2 4 5 1 0 0 3 1 1 0 13 6 2 1 0 0 5 0 8 12 1 0 9 8 2 1 2 9 4 6 8 8 1 14 4 6 4 0 0 1 8 12 2 16 4 0 0 2 0 7 20 2 2 5 6 10 3 0 0 5 0 0 1 11 1 4 0 8 1 7 1 16 11 13 9 0 0 4 16 9 0 1 1 2 9 3 0 2 1 0
6 5 0 7 10 4 1 0 0 0 3 6 9 0 2 6 3 5 2 6 2 1 27 5 0 0 2 6 9 0 0 5 5 1 2 7 1 2 4 1 3 18 1 2 1 5 7 10 1 16 4 0 2 5 0 0 13 1 4 3 0 6 1 2 0 1 0 1 7 3 3 2 5 10 7 4 0 0 5 1 5 3 6 0 1 2 0 8 7 0 5 7 4 0 8 0 0 26 6 0
3 6 10 0 5 17 9 5 2 13 2 0 0 15 4 17 3 0 3 12 4 4 8 5 7 5 3 6 1 2 0 2 20 0 0 11 3 2 1 1 3 6 1 2 0 2 9 0 0 10 3 0 8 7 22 6 4 10 1 8 4 8 5 8 7 3 0 29 12 32 6 12 6 0 5 2 6 3 4 0 18 14 9 0 2 20 5 3 2 9 0 4 11 49 21 5 12 22 2 1
1 1 3 0 6 0 4 7 12 1 2 0 2 5 2 1 0 0 0 1 11 2 0 21 5 39 0 1 1 6 7 2 7 4 3 6 2 0 0 7 15 4 3 2 4 2 5 0 5 2 0 0 0 19 6 0 4 20 5 7 6 11 6 3 4 4 3 0 2 5 4 0 0 10 4 8 6 17 0 5 0 1 4 3 2 3 0 5 6 11 2 3 8 1 0 0 7 3 3 0
0 0 0 2 1 0 0 0 0 6 2 24 0 0 1 1 0 0 0 0 1 0 0 0 0 0 0 1 1 0 2 2 0 1 0 0 0 0 0 0 5 0 0 0 1 0 0 1 0 0 0 0 0 0 1 0 0 1 0 0 0 0 0 0 0 0 0 0 3 1 0 0 0 1 3 0 3 3 0 0 0 0 0 1 0 1 0 0 0 0 0 0 5 0 0 0 0 8 9 0
4 20 3 1 2 1 4 14 1 0 0 1 5 2 14 14 12 0 8 3 4 5 2 0 8 2 3 9 4 1 1 2 11 9 7 7 8 12 0 4 1 0 7 9 3 1 0 1 9 2 2 14 6 3 8 4 1 3 2 0 2 6 4 9 3 1 10 2 3 2 3 1 3 16 2 9 7 2 0 2 8 4 1 1 6 3 4 2 0 6 3 0 0 6 5 3 8 1 13 2
1 13 13 0 0 7 0 25 1 11 1 7 5 0 13 15 7 1 19 2 8 4 7 1 2 4 3 4 2 10 0 1 3 0 0 0 3 3 1 4 6 4 10 12 6 3 23 20 3 1 7 8 14 1 8 9 0 0 1 3 3 0 5 4 16 2 10 0 1 7 15 1 35 7 0 6 1 10 0 4 21 3 5 11 0 6 13 15 2 21 6 0 2 5 3 1 5 4 14 4
1 0 0 0 0 1 0 1 0 0 0 0 0 0 0 1 0 0 0 1 0 0 1 0 2 0 0 0 1 0 0 1 0 0 0 0 0 1 0 0 0 0 0 0 0 0 3 1 0 0 0 0 0 2 0 0 1 0 2 1 3 0 0 0 0 0 1 0 0 0 3 0 0 1 0 1 0 0 0 0 1 0 0 0 0 0 0 0 1 1 0 3 0 1 0 0 0 2 0 1
0 1 2 0 0 2 1 0 0 1 0 0 0 0 0 0 10 0 0 0 2 0 1 0 0 1 0 0 3 0 0 3 1 0 0 0 7 0 1 0 2 0 1 0 0 0 0 1 0 1 3 0 0 5 0 0 0 1 0 0 2 1 0 0 0 0 2 0 0 0 0 3 1 0 0 1 0 0 1 0 25 0 2 0 0 1 1 0 11 0 2 3 1 0 0 0 1 0 0 0
3 1 0 0 0 0 0 0 0 2 0 0 1 0 2 0 0 1 0 0 0 0 0 2 1 1 1 0 0 0 1 1 0 0 0 0 1 2 0 0 0 0 0 1 0 0 0 0 0 0 1 0 1 1 0 0 0 0 0 0 0 0 0 1 0 1 0 0 4 2 0 5 4 0 0 0 0 0 0 0 0 0 0 0 0 0 0 0 0 0 1 0 0 1 1 3 1 0 0 0
10 3 6 4 0 0 4 0 2 1 1 4 0 1 0 6 0 5 7 0 2 4 3 3 15 7 8 8 11 3 8 11 2 2 1 0 6 9 4 3 1 0 12 2 0 5 7 0 7 4 2 0 0 5 1 3 9 25 6 7 0 1 9 0 0 0 0 3 0 5 3 12 6 0 10 11 5 7 1 9 0 5 12 3 2 0 1 5 13 1 1 0 2 7 1 0 13 0 4 12
1 0 1 1 0 1 5 9 0 1 9 7 2 8 0 18 6 0 2 6 7 0 17 0 0 6 1 6 0 0 0 0 5 0 5 1 0 4 2 6 0 0 11 3 15 6 6 0 19 3 4 4 2 1 12 1 0 0 2 3 0 0 2 13 0 4 0 3 8 0 2 3 7 6 4 1 8 0 8 4 2 24 3 5 4 0 5 0 3 5 10 4 21 3 2 2 0 0 1 7
1 1 0 0 0 0 0 0 2 0 0 1 1 0 0 0 1 0 0 1 0 1 0 1 0 0 0 0 0 0 0 0 0 0 1 0 1 0 1 0 0 0 0 0 0 0 0 1 1 0 1 1 0 1 0 0 1 0 0 0 0 0 0 0 0 4 2 1 1 0 0 0 0 1 0 0 1 1 0 0 1 1 2 0 5 0 0 0 1 1 0 0 1 0 1 0 0 1 1 0
0 0 0 1 1 1 0 0 1 0 1 0 0 1 3 0 0 0 3 1 0 1 0 1 0 0 0 0 0 0 0 0 1 1 2 0 0 0 0 0 1 0 0 0 0 0 1 2 0 0 0 0 0 1 0 0 0 0 0 0 1 0 1 0 0 0 1 0 0 0 0 1 11 0 0 0 0 0 0 2 0 0 0 1 0 0 0 2 1 0 1 0 1 1 0 1 0 1 0 0
0 6 1 0 3 0 2 0 4 3 1 1 0 4 4 1 1 7 7 0 3 3 8 3 0 9 2 0 1 2 4 1 0 7 4 1 7 1 2 0 0 6 0 8 3 5 13 1 2 10 2 7 1 7 2 7 4 3 12 5 15 12 7 5 1 7 8 3 4 0 1 0 0 7 5 4 11 0 1 1 7 0 1 6 21 0 2 2 0 1 2 2 6 5 0 4 1 4 2 12
9 0 4 1 4 0 1 0 7 9 2 5 3 0 3 2 0 2 0 5 3 2 0 7 1 7 4 4 0 3 2 2 3 5 1 1 3 5 1 8 2 0 2 0 3 8 14 1 7 9 2 2 1 0 3 0 7 1 6 2 1 8 0 1 3 1 1 4 1 0 0 5 2 4 2 2 7 9 8 0 0 1 9 0 0 2 5 4 4 0 7 16 1 2 8 1 2 7 1 7
1 5 0 0 0 1 8 0 1 9 3 0 8 2 6 3 3 3 0 5 1 13 5 0 0 5 3 7 2 0 0 3 10 1 3 1 1 1 4 5 3 1 0 11 4 3 3 1 3 1 0 6 5 0 0 7 9 2 5 3 14 0 11 12 1 5 2 5 8 4 5 10 1 7 2 8 7 4 1 7 16 3 3 1 4 3 1 2 2 0 7 17 4 2 1 2 2 5 9 2
3 0 6 0 0 0 2 1 1 1 0 0 1 0 0 2 0 0 1 0 0 2 1 0 0 0 0 1 9 0 0 0 3 0 1 0 4 0 1 3 0 0 0 3 0 0 0 0 1 0 0 0 0 7 1 5 0 0 0 2 1 1 0 0 1 0 1 0 0 1 0 0 1 0 0 2 1 0 3 0 3 0 0 0 0 0 0 0 15 1 0 1 0 0 0 0 0 0 0 0
27 2 22 19 24 0 15 0 17 7 5 14 15 5 0 1 2 0 0 7 4 2 10 8 2 8 2 2 18 2 8 8 23 1 2 11 13 3 0 6 2 2 0 9 8 9 10 25 1 2 6 23 3 6 3 23 2 6 3 9 4 8 2 34 24 9 17 4 3 7 14 10 13 16 9 5 3 4 1 3 7 12 6 3 5 1 4 0 24 2 16 2 1 1 0 2 31 5 5 11
1 0 0 3 2 0 1 1 0 0 0 0 0 0 0 2 0 0 0 1 1 0 0 0 0 0 2 3 0 0 1 0 0 0 1 2 1 0 0 0 0 2 0 0 0 0 0 1 0 1 0 1 0 2 0 0 0 0 0 1 0 2 0 0 1 0 0 2 0 0 0 1 0 0 1 0 2 0 7 0 0 0 0 0 0 0 0 2 0 0 0 1 1 0 1 0 0 1 0 0
16 1 7 7 10 16 3 2 1 8 19 1 8 4 17 3 16 10 3 2 12 5 0 3 15 3 4 16 20 2 8 21 6 16 0 0 0 5 9 1 1 7 2 3 20 0 6 6 10 5 7 6 8 1 2 0 6 3 15 5 8 14 4 0 1 6 5 5 1 7 24 10 1 6 3 11 3 7 28 24 2 22 10 11 11 15 0 0 1 8 11 3 0 26 1 10 8 10 1 27
17 1 0 1 13 10 1 9 14 17 0 5 0 7 4 4 4 2 0 2 2 2 0 5 1 9 4 4 7 7 3 2 10 0 0 0 9 0 2 2 8 0 0 4 13 5 5 1 5 0 10 3 5 0 5 0 2 1 12 1 1 5 2 4 0 1 1 0 2 2 0 2 2 0 5 9 2 0 5 0 4 6 3 0 0 1 5 4 2 0 2 8 8 7 1 8 2 0 3 8
1 5 12 3 10 3 10 9 3 11 0 6 1 0 1 1 6 6 6 7 0 7 2 3 5 2 12 0 0 0 1 4 12 0 0 1 5 0 5 4 7 1 3 4 4 3 4 2 6 4 12 11 9 2 3 2 4 2 7 0 1 0 3 4 6 6 0 5 9 6 1 1 6 2 10 1 10 5 0 1 0 0 0 4 8 4 7 2 14 0 1 12 0 1 1 1 5 1 1 5
5 5 33 2 2 7 24 2 4 2 3 0 23 0 14 5 11 0 3 19 2 6 1 0 9 20 8 8 6 5 2 1 24 2 21 6 1 1 8 0 2 6 2 4 27 8 8 10 9 31 8 5 6 2 1 3 3 3 0 3 2 0 0 3 0 10 18 3 1 1 4 3 21 20 3 21 12 5 0 1 20 0 13 9 0 15 0 5 0 30 3 31 2 1 4 13 0 22 3 0
4 0 1 7 0 8 5 17 2 2 36 5 26 28 1 5 6 1 13 3 5 18 2 8 4 9 19 8 2 2 1 0 33 1 47 18 21 1 7 0 13 2 5 7 21 17 4 0 11 6 4 2 1 1 0 7 0 3 0 2 5 3 1 0 5 3 9 1 3 0 6 0 10 11 1 5 0 2 23 1 4 3 5 3 6 1 9 0 10 1 6 0 3 10 3 4 10 4 5 0
10 2 20 10 4 0 1 4 11 1 3 2 2 4 0 2 0 7 7 9 6 1 1 2 0 0 0 2 4 11 0 5 1 4 7 0 3 0 0 0 14 1 2 1 2 0 10 2 6 5 1 5 5 0 13 9 0 9 0 3 0 0 7 7 3 1 14 1 4 0 4 1 10 4 4 19 7 9 2 9 0 2 0 0 4 1 3 0 3 5 23 5 7 5 3 1 1 4 5 1
4 4 0 1 0 1 0 0 3 1 0 0 1 3 10 0 5 0 4 4 0 8 0 0 2 0 0 0 1 14 0 0 6 8 0 1 0 0 4 0 0 0 3 5 1 4 1 3 12 1 2 3 1 0 0 4 0 1 3 4 8 0 1 8 4 0 1 0 0 3 0 0 0 4 2 6 0 0 13 0 5 1 0 0 3 0 1 0 10 13 1 2 0 0 5 4 0 0 0 1
1 2 0 0 0 1 0 0 0 0 3 0 0 2 0 0 1 0 1 0 1 0 1 1 1 0 0 1 0 1 1 2 0 2 0 2 1 0 0 0 0 0 0 3 0 0 1 0 1 1 0 0 0 1 0 1 0 0 1 0 5 8 0 0 0 1 0 0 1 0 0 0 0 0 0 0 0 0 0 0 0 0 0 0 0 0 0 0 0 0 0 0 0 0 0 3 1 0 1 0
0 0 3 0 1 7 12 0 2 3 13 1 0 0 1 7 11 4 2 10 3 0 0 4 2 2 1 7 0 12 1 20 0 1 0 2 1 0 4 10 0 1 1 7 0 2 0 0 14 6 2 6 1 4 1 13 1 1 12 5 4 4 1 0 6 0 0 3 2 6 0 5 6 8 5 10 0 3 2 1 4 5 0 2 9 5 5 6 2 8 6 4 6 0 0 7 3 4 5 2
18 13 1 7 5 17 7 1 4 17 2 3 10 1 11 0 2 2 3 4 6 0 3 9 3 0 37 5 6 1 12 1 13 6 1 8 1 4 1 6 2 3 0 20 4 5 1 0 1 5 12 3 5 23 12 0 16 11 0 2 0 1 4 0 12 0 2 1 14 2 6 5 0 9 2 0 24 15 1 3 0 6 15 3 5 20 6 8 2 8 10 19 10 2 2 0 11 13 3 8
7 11 3 3 0 3 0 10 0 5 8 5 1 3 2 0 9 2 20 13 1 13 5 5 7 0 2 9 2 4 2 9 0 2 3 1 13 0 0 1 4 2 3 1 1 2 7 0 10 12 0 1 1 15 4 4 2 9 4 3 1 0 1 4 0 2 14 1 6 0 5 2 3 9 2 9 4 0 10 4 0 11 2 3 2 1 1 1 0 6 2 3 6 8 1 14 0 3 15 9
2 6 0 5 4 3 10 9 8 7 3 3 12 18 1 4 1 1 14 6 3 16 1 0 6 0 2 3 3 10 43 4 1 9 13 2 10 6 2 0 0 2 12 1 9 1 1 4 0 8 12 5 15 3 1 1 11 8 4 0 12 0 1 0 1 12 5 1 4 2 7 9 3 5 3 3 0 1 12 0 0 0 0 2 3 4 3 3 6 0 5 9 3 3 3 1 0 12 3 1
0 2 0 0 0 4 4 1 0 0 1 2 0 2 1 0 0 0 0 5 1 1 1 1 1 2 3 1 0 0 0 0 1 0 0 0 0 0 2 2 0 8 1 0 0 1 1 3 0 0 0 0 0 1 0 0 3 1 0 0 0 0 0 0 0 0 1 0 0 1 0 0 0 0 0 0 0 3 0 0 1 0 4 0 0 0 0 0 0 0 0 3 3 0 0 0 0 0 0 0
3 4 0 1 10 42 14 20 8 4 1 15 2 0 2 4 8 5 2 22 39 12 3 8 0 8 0 8 5 5 10 1 0 0 4 0 7 1 28 10 4 7 32 41 0 14 0 5 5 29 7 1 11 6 1 1 15 1 5 1 5 1 0 10 2 0 2 1 10 19 1 3 1 16 2 13 15 7 3 4 7 0 0 10 2 1 5 3 0 1 0 11 35 6 7 11 4 0 4 5
0 0 2 1 6 1 0 0 1 0 0 0 2 2 1 1 1 2 0 0 0 0 0 0 0 0 0 0 0 0 0 1 0 0 0 5 0 2 0 1 0 0 0 0 0 0 0 2 0 1 0 0 0 0 0 0 0 0 2 0 1 0 1 0 0 0 3 1 0 0 0 0 0 0 3 0 0 0 1 2 2 1 0 0 0 1 0 0 0 2 0 0 0 2 1 0 0 0 0 0
2 13 3 1 0 3 4 2 7 2 7 4 4 11 1 2 0 3 4 0 8 1 8 3 8 0 1 23 0 5 4 1 7 1 17 10 2 0 12 4 0 2 0 1 2 7 8 2 7 4 5 5 2 1 0 1 6 2 0 2 5 3 2 7 4 0 6 9 2 4 0 4 4 3 12 3 0 9 0 1 7 13 1 1 1 5 3 15 4 4 15 0 0 11 8 1 2 2 1 0
0 0 0 0 0 0 0 0 0 0 0 1 0 0 0 0 1 1 0 0 0 0 0 0 0 0 0 0 2 0 0 0 1 2 2 0 1 1 0 0 0 5 0 0 0 0 0 0 0 0 1 0 4 0 1 1 1 0 0 0 0 0 0 1 0 0 0 0 0 0 0 2 0 0 0 0 1 0 0 0 0 0 0 0 1 0 2 0 0 0 0 0 0 0 1 0 0 0 1 1
3 11 1 30 5 3 7 1 10 7 4 2 7 4 1 1 3 7 2 1 6 0 18 4 0 0 0 2 1 3 9 1 3 1 2 0 0 4 0 7 4 0 0 1 0 1 7 9 1 0 12 2 2 2 7 10 5 1 6 1 0 1 3 11 7 0 0 0 8 8 14 3 16 6 23 2 0 0 8 6 0 4 4 0 6 8 5 0 1 2 8 2 15 6 0 7 5 2 0 0
3 0 0 12 2 3 1 1 21 18 4 25 11 4 37 15 1 1 5 3 1 8 2 10 1 19 2 18 7 9 2 11 5 14 6 3 1 3 4 0 22 11 9 1 2 5 14 0 6 2 6 6 0 28 22 0 5 7 3 5 1 2 1 20 4 2 13 10 2 31 10 4 2 6 12 3 4 3 4 41 7 1 1 14 0 1 0 2 6 8 1 11 40 4 2 6 0 0 11 0
1 2 36 1 5 41 4 2 3 5 4 0 18 8 2 10 16 19 1 1 18 1 1 3 3 4 1 34 1 10 3 0 8 1 1 1 0 12 9 15 12 28 2 3 4 0 5 10 6 4 13 2 1 11 6 10 18 2 13 13 2 3 5 13 2 0 1 0 10 12 10 19 4 3 1 10 8 0 1 7 1 0 0 3 6 4 6 6 3 1 8 0 1 16 1 0 0 8 0 24
0 1 0 1 6 1 0 0 0 1 0 6 0 1 0 3 0 0 2 0 18 0 0 0 0 0 0 3 2 0 7 4 0 1 0 0 0 1 0 7 5 0 0 0 1 0 0 0 0 1 2 0 0 0 0 1 0 0 5 2 0 0 0 3 0 1 0 1 15 1 0 4 0 0 7 0 0 0 0 4 1 5 1 0 0 19 0 0 0 0 4 1 17 0 0 8 1 5 0 0
4 7 0 16 1 0 1 0 1 2 7 2 1 0 7 1 3 21 4 9 18 15 1 10 14 11 20 2 8 1 3 5 8 3 2 10 4 12 1 6 0 0 4 2 2 2 1 2 1 3 2 8 2 0 16 8 2 0 2 0 1 14 0 1 0 1 5 7 6 3 14 4 27 6 1 8 6 1 4 4 3 4 4 6 5 12 7 0 16 0 7 4 0 15 4 15 1 13 0 3
0 0 1 9 4 13 4 1 7 16 5 3 16 0 6 4 1 5 8 11 10 2 0 2 2 9 3 3 4 1 17 8 13 5 14 1 8 9 0 1 1 2 2 1 2 0 3 10 1 1 1 4 12 0 5 23 0 4 2 7 15 3 2 4 4 1 0 4 16 6 1 0 2 15 1 0 3 4 7 1 7 2 0 6 15 7 0 0 7 3 9 1 15 22 3 3 2 1 4 4
1 3 0 1 1 0 6 0 0 1 6 2 0 4 1 2 2 1 0 1 4 5 2 2 4 7 0 5 0 0 1 1 0 12 3 0 6 0 7 0 2 4 9 2 1 4 3 2 6 0 1 14 10 7 5 24 1 11 9 2 5 5 21 0 4 6 0 0 2 3 3 2 6 4 3 11 3 2 0 2 1 0 1 2 1 4 26 0 13 1 0 9 3 4 1 2 1 3 2 3
1 7 1 13 2 17 3 13 0 5 23 11 6 0 1 11 4 3 11 11 13 14 14 9 5 9 4 2 24 10 4 20 6 21 37 1 6 4 15 5 5 2 3 10 0 3 5 4 10 5 4 5 20 6 1 2 6 2 7 2 4 0 12 6 3 3 3 2 32 18 0 3 5 2 16 7 3 7 0 0 5 1 5 8 2 9 1 7 0 3 5 5 2 1 1 8 2 20 7 16
2 5 4 1 5 8 6 3 0 1 0 0 3 6 3 0 0 8 1 6 2 7 1 0 1 3 2 3 1 6 0 1 6 7 4 5 3 0 6 0 0 6 0 2 0 0 2 3 6 2 6 8 3 12 1 4 2 1 2 2 1 9 6 6 1 1 6 1 0 5 5 0 8 0 0 12 0 2 17 5 0 2 4 2 4 0 3 33 3 1 2 0 0 16 1 5 5 0 5 0
2 8 10 1 1 0 9 3 2 0 0 0 4 0 17 0 1 2 8 1 16 5 4 3 2 2 7 0 3 0 3 5 6 0 1 7 6 5 7 2 21 6 2 2 0 7 0 15 0 2 0 7 6 12 7 9 7 1 0 0 9 0 12 0 1 5 3 4 0 2 17 0 14 3 6 1 4 2 7 1 10 4 0 2 0 4 3 0 8 2 12 0 2 1 10 4 2 1 5 24
0 2 3 0 0 1 0 2 0 0 0 0 0 2 0 1 11 2 0 0 0 5 0 2 1 0 0 0 0 0 0 0 0 1 0 2 2 0 0 1 0 0 1 0 0 0 1 1 0 1 1 1 0 0 0 10 0 0 0 12 6 3 0 2 0 0 0 0 1 0 2 0 0 1 0 0 1 1 7 0 0 0 0 0 0 1 2 1 4 1 0 0 1 0 2 0 0 0 0 0
0 0 0 1 0 0 0 2 1 0 1 1 0 1 0 0 2 0 0 0 0 0 0 0 0 0 0 1 3 0 1 1 0 0 0 0 0 1 1 0 0 0 0 0 0 1 3 0 0 0 0 0 1 0 0 0 1 0 0 0 6 5 0 2 0 0 0 0 0 0 0 1 0 0 0 0 0 0 0 1 0 0 0 1 0 0 1 3 0 0 1 0 1 1 1 0 0 0 1 0
4 0 1 9 1 2 1 1 5 14 26 11 0 0 10 0 0 1 4 16 5 1 0 1 2 5 5 6 3 1 0 1 0 5 3 1 4 8 5 6 4 4 14 0 1 3 3 0 0 2 23 0 4 9 0 0 1 0 20 18 2 1 14 1 0 0 13 1 2 0 8 10 1 0 0 3 10 1 0 3 0 5 3 1 5 17 12 1 3 0 6 21 8 3 1 2 7 8 1 15
8 5 5 8 0 3 13 11 8 0 1 3 2 0 27 12 13 5 9 3 9 2 1 0 0 3 24 18 3 1 2 3 7 16 1 7 2 3 1 9 2 2 2 2 0 13 17 0 0 1 0 2 3 10 28 10 15 18 7 0 5 3 12 15 4 6 1 1 0 3 1 11 12 4 4 5 4 2 8 0 13 0 3 3 2 0 1 2 9 4 0 1 11 2 10 14 9 3 7 7
1 1 0 0 0 0 0 0 0 2 14 13 2 1 0 0 0 0 0 0 3 3 1 0 0 1 0 2 0 0 0 4 0 0 0 0 0 14 0 2 0 1 0 0 0 1 1 0 0 0 2 1 0 0 0 1 3 1 3 0 0 1 0 1 0 0 0 1 0 0 0 4 0 0 7 0 1 0 0 2 0 6 0 0 0 0 0 0 0 0 0 1 3 0 0 1 1 0 3 0
1 0 0 0 2 0 3 0 0 3 1 9 2 0 0 5 0 0 0 1 14 1 3 1 0 0 0 0 1 0 3 6 0 0 2 0 0 3 0 3 4 0 0 0 0 0 0 0 1 0 1 0 0 0 0 0 5 0 0 1 0 2 0 0 0 1 0 3 0 3 0 0 0 0 0 0 0 1 0 0 0 3 1 0 0 3 0 0 0 0 4 0 1 0 0 1 0 1 6 0
1 0 0 10 2 4 3 0 0 4 2 1 0 0 4 9 1 0 2 1 5 1 9 6 2 4 0 5 3 1 5 9 1 13 0 4 2 7 9 3 10 1 2 1 2 4 2 10 3 2 1 0 9 2 3 4 4 0 6 2 1 0 6 0 0 1 9 3 0 8 4 2 1 4 10 13 3 5 3 1 6 4 0 8 2 15 8 0 0 3 0 1 0 0 0 1 2 1 35 2
2 0 1 0 0 0 0 0 0 0 0 1 0 0 0 0 0 1 1 4 0 0 0 0 1 0 0 1 0 1 0 0 0 0 0 5 0 1 0 1 0 4 0 0 0 2 0 0 0 0 0 0 0 1 0 1 0 0 0 0 0 0 0 1 0 0 0 0 0 0 1 0 0 0 2 1 1 0 1 0 1 0 0 0 0 0 1 0 0 0 0 0 1 1 1 0 0 1 0 2
3 1 0 0 5 0 0 1 11 1 0 10 3 4 2 7 0 0 6 1 2 3 5 0 9 1 0 1 3 0 0 1 2 4 12 0 5 2 8 2 1 0 10 1 0 13 0 0 0 5 1 5 6 2 0 6 1 0 1 0 6 0 1 2 1 0 7 3 1 0 15 2 3 1 1 1 5 7 4 0 0 1 0 3 7 4 1 0 0 0 0 7 8 1 4 10 2 1 10 0
6 0 2 7 13 2 5 7 11 1 10 9 11 3 3 12 9 12 10 13 10 15 4 4 4 6 5 1 9 5 4 7 3 13 2 0 5 3 14 2 2 4 1 0 9 14 6 21 6 2 9 7 2 0 0 3 10 4 7 11 1 9 30 15 0 6 1 1 0 0 5 11 31 2 4 13 7 2 1 7 8 3 6 0 1 17 5 1 7 7 7 7 4 7 2 2 12 8 0 1
6 3 6 15 11 14 1 2 5 0 2 22 15 4 2 1 16 0 4 2 2 21 4 4 3 5 16 9 6 12 8 1 2 18 2 2 14 3 10 17 0 1 23 7 2 2 4 20 23 15 22 6 12 16 2 3 43 0 20 5 0 7 6 9 2 18 6 8 9 6 27 23 8 13 11 14 13 4 9 1 2 27 18 2 17 4 4 1 0 1 4 5 0 3 0 13 22 9 4 2
10 0 2 7 4 0 1 2 2 3 1 9 17 8 2 31 1 0 9 3 4 7 19 15 12 1 0 2 1 1 2 4 6 1 8 8 1 32 10 4 0 11 1 2 5 4 8 0 34 17 7 6 1 0 2 3 19 0 9 0 7 7 5 1 7 0 18 1 3 10 0 16 0 13 0 2 5 1 0 6 3 9 0 0 8 5 6 5 5 4 2 0 9 6 6 1 1 6 4 2
0 1 0 0 0 0 1 0 1 1 0 0 0 0 0 0 0 0 2 1 0 1 0 1 0 0 1 0 0 0 0 0 3 0 0 0 0 0 0 0 1 0 0 2 0 1 1 0 0 0 0 0 0 0 1 3 0 3 0 0 0 0 0 0 0 1 0 0 0 0 1 1 5 0 0 0 0 0 0 0 0 1 0 1 0 0 0 0 0 0 1 0 0 0 0 0 0 0 0 0
9 28 1 0 8 2 11 12 26 22 40 8 5 7 7 26 0 9 3 24 5 7 10 24 0 4 3 8 22 1 14 2 3 4 0 4 12 9 6 1 11 5 5 9 0 1 0 5 4 0 5 0 0 2 14 3 1 5 5 1 8 6 1 6 7 5 2 5 5 9 2 9 23 2 5 7 8 0 1 21 9 10 5 8 6 8 11 2 3 19 6 6 0 4 11 8 0 6 2 1
0 2 0 2 0 0 0 0 2 0 0 0 0 0 2 1 0 1 1 0 0 0 0 0 0 0 0 0 1 1 0 0 0 0 2 0 0 1 1 1 1 0 1 0 0 1 0 0 1 0 2 0 0 0 0 1 0 0 0 0 0 0 0 1 0 0 0 2 0 0 0 0 1 0 1 0 0 0 0 0 0 0 0 0 0 0 0 0 1 0 0 0 0 0 0 0 0 0 0 0
4 16 4 0 1 9 3 3 3 16 4 1 1 1 7 5 4 1 4 3 12 4 9 3 1 5 0 3 13 10 1 2 8 0 1 3 7 7 4 0 4 0 5 4 0 6 4 0 2 3 2 3 5 2 1 6 2 0 4 0 0 4 0 13 6 4 5 18 1 4 3 0 6 2 4 0 0 5 13 0 3 4 5 0 9 1 2 2 15 8 4 6 4 3 1 9 0 7 1 2
1 14 4 2 14 3 2 19 1 7 5 1 2 23 13 13 0 3 2 1 11 9 0 30 0 8 1 5 5 3 2 7 1 0 12 5 4 2 1 2 4 7 6 16 1 2 18 3 0 20 3 18 21 7 14 3 1 6 0 3 21 18 20 1 14 9 4 1 21 44 1 5 0 10 3 0 0 6 0 1 14 2 4 15 2 15 8 12 4 0 2 30 0 0 2 4 1 4 7 1
6 0 1 4 0 6 2 11 5 10 8 2 4 7 1 7 2 3 1 1 1 3 4 10 0 13 3 3 4 0 12 0 5 3 2 2 8 0 4 12 5 2 2 1 7 2 1 7 0 1 7 3 0 3 0 9 1 0 4 1 0 5 1 10 5 0 0 3 26 1 3 9 3 2 1 0 0 14 0 4 19 3 0 11 2 1 3 0 10 5 2 2 1 0 0 0 5 3 15 4
14 1 2 1 0 10 9 1 1 1 0 1 0 0 0 0 0 0 0 3 3 3 1 2 14 0 5 2 0 0 0 0 1 0 0 0 2 0 0 1 0 3 7 7 0 0 1 3 0 5 0 11 2 1 0 2 1 0 0 1 0 1 0 1 0 0 0 0 0 0 1 0 0 0 0 0 0 0 1 1 0 0 4 2 0 1 0 0 0 0 1 5 0 0 0 2 5 1 0 11
9 4 12 23 9 3 13 6 11 9 7 1 1 33 14 6 6 9 14 7 2 1 8 0 24 0 3 8 7 3 4 3 6 4 8 0 26 13 3 3 16 3 0 5 4 6 14 13 14 11 5 8 16 3 3 3 17 0 10 4 20 0 0 2 5 2 4 12 23 3 3 0 5 4 9 0 3 12 3 4 23 18 2 0 6 9 21 1 5 5 4 0 4 21 1 8 0 6 0 4
0 5 2 0 2 0 1 2 2 16 14 5 0 2 2 23 0 0 8 1 4 0 4 1 0 0 0 2 0 1 10 6 0 4 2 0 2 6 4 2 6 0 1 0 3 3 2 0 4 0 5 0 0 0 3 8 3 9 2 15 0 7 8 6 3 5 1 0 3 2 0 11 0 11 6 1 0 25 11 1 2 0 0 12 5 4 19 1 4 0 17 1 0 1 5 0 0 7 7 0
7 0 5 2 1 7 38 4 2 16 1 5 11 41 2 8 26 3 8 2 9 0 12 10 6 0 6 1 1 8 4 23 21 11 8 0 2 7 11 0 7 2 4 1 4 2 18 10 0 0 0 17 1 1 13 2 8 2 13 12 3 3 1 22 9 0 18 7 5 21 26 14 13 8 12 0 38 10 10 2 20 14 1 13 1 22 6 8 6 3 4 28 3 3 11 15 2 0 0 19
0 0 0 0 0 0 6 2 0 0 0 2 0 1 1 0 0 0 0 0 0 1 0 0 3 0 0 0 0 1 0 0 0 0 0 0 0 0 0 0 0 0 1 0 1 0 1 0 0 0 2 0 0 0 0 0 0 0 1 0 0 0 0 0 2 0 2 0 0 0 1 0 0 0 0 0 0 0 1 0 0 2 0 0 4 0 1 0 0 0 0 0 0 1 0 0 1 0 0 0
0 3 0 0 0 0 0 0 0 0 1 0 1 1 0 0 0 0 0 0 1 0 0 0 2 1 0 1 0 0 0 0 1 2 0 0 0 0 0 0 0 1 0 0 1 0 0 0 0 0 1 2 0 0 0 0 1 1 0 0 3 0 0 1 1 0 0 0 0 0 0 0 0 0 0 0 0 0 0 1 5 5 0 0 0 0 0 0 6 0 0 0 1 0 1 0 0 0 0 0
2 0 0 0 1 1 3 0 0 0 0 0 0 0 0 0 0 1 2 1 0 2 0 0 0 0 0 0 6 1 1 1 0 0 1 3 0 0 1 0 0 0 0 0 0 0 0 0 0 1 1 0 3 0 1 0 1 0 2 0 14 1 0 0 0 0 0 1 0 1 1 1 0 1 0 0 2 0 0 0 2 0 1 0 1 0 1 0 0 0 0 0 0 1 0 2 0 0 0 0
6 2 2 4 0 4 0 3 1 1 0 0 0 11 0 1 0 5 6 2 3 2 1 0 1 5 4 1 11 3 3 11 1 2 0 5 5 4 2 1 4 1 6 2 6 2 7 4 3 10 15 0 2 0 7 2 2 5 1 0 0 0 0 5 9 11 0 9 0 14 2 0 7 0 6 3 13 2 5 3 4 8 6 7 29 2 5 4 3 1 1 1 5 0 4 0 2 1 2 24
2 6 36 15 3 6 23 7 21 4 0 26 1 3 27 18 14 2 1 1 5 3 15 4 7 28 6 4 3 18 14 15 5 10 8 5 9 5 5 0 1 2 4 0 1 2 13 5 3 1 19 2 28 4 1 6 6 9 6 1 19 4 2 24 9 1 1 13 5 2 0 16 25 17 6 0 0 6 5 25 0 3 12 0 18 8 2 23 7 1 2 7 0 2 7 0 7 38 0 35
7 0 0 3 1 6 5 24 6 7 0 10 9 4 1 12 3 13 5 6 7 2 0 0 7 16 23 10 16 5 14 9 12 12 9 3 0 7 5 14 4 2 14 9 0 4 12 1 22 8 1 1 6 6 4 5 23 9 2 6 0 15 8 7 4 27 0 0 9 3 1 9 15 3 0 1 3 3 1 15 12 0 0 58 4 9 1 2 9 8 12 20 4 7 4 2 2 1 4 5
1 10 0 0 0 0 1 0 0 1 1 0 2 0 0 0 0 0 0 0 0 0 0 0 0 0 0 1 9 0 0 0 0 0 0 0 0 0 0 0 0 1 0 1 0 0 1 0 5 0 0 1 0 0 1 0 0 2 0 0 0 1 0 0 0 0 0 0 0 0 3 0 3 1 0 4 0 1 0 0 0 0 0 0 2 0 0 3 0 0 1 0 0 0 1 0 0 0 1 0
7 1 1 0 9 17 0 12 1 10 3 0 3 1 1 0 8 5 0 1 14 1 3 12 5 6 2 7 4 1 0 0 13 5 12 6 1 0 3 2 2 3 8 0 13 1 6 5 3 6 6 2 4 0 15 0 2 3 3 23 2 0 1 4 2 2 6 6 10 0 4 1 1 6 4 10 0 10 3 1 2 0 2 1 4 1 1 0 2 2 0 8 0 6 9 8 2 4 5 16
23 9 29 0 3 2 14 0 8 3 0 0 5 4 9 3 4 2 0 6 2 0 1 7 5 5 2 0 7 4 11 8 5 3 0 0 5 8 1 3 8 8 27 0 9 17 8 11 6 7 11 1 1 1 5 23 3 3 8 4 5 3 17 2 23 17 5 1 5 3 5 6 0 0 1 24 0 6 0 4 8 3 0 7 0 10 3 11 1 5 1 1 8 6 8 3 0 27 6 5
6 3 0 12 13 5 6 0 8 2 4 2 3 1 5 2 2 8 42 12 5 10 52 2 0 12 24 40 9 4 17 11 2 6 27 13 5 2 16 16 3 0 34 16 11 4 4 8 3 11 5 4 3 6 12 6 4 0 9 0 10 2 9 8 0 3 9 4 16 8 11 19 27 3 4 0 5 13 9 2 10 9 9 0 5 9 5 17 0 2 14 6 2 2 29 16 19 4 26 2
0 13 0 0 4 2 19 16 0 0 0 3 0 0 4 0 10 3 3 2 2 9 3 0 11 6 1 1 2 3 1 6 1 6 0 13 0 1 4 0 2 21 0 0 4 5 2 0 0 3 6 3 20 3 8 9 5 2 1 2 0 0 6 6 0 5 3 7 2 9 2 1 4 2 6 1 0 0 0 8 5 0 3 1 9 3 6 3 4 0 7 2 1 2 3 3 29 2 1 0
0 0 0 0 1 0 0 0 2 0 0 0 1 0 0 0 1 0 0 1 0 3 0 0 0 1 0 0 0 1 0 0 0 0 0 5 0 0 1 0 0 1 1 1 1 1 0 0 0 0 0 1 2 0 0 0 0 0 0 0 14 2 0 0 0 0 2 0 0 0 1 1 0 0 0 1 0 0 0 0 14 0 0 1 3 0 0 1 0 0 0 0 1 0 0 0 2 0 0 3
0 1 3 2 0 3 2 3 19 4 3 2 0 5 3 2 5 1 7 7 0 5 8 4 2 13 3 4 1 8 12 3 7 5 15 0 10 1 2 0 7 0 4 2 5 4 1 0 14 2 1 0 15 11 0 0 2 0 0 5 1 1 3 0 13 14 5 6 0 1 14 3 4 4 2 2 4 2 0 1 6 7 1 11 2 4 0 0 1 0 0 2 2 3 1 5 2 9 8 15
38 3 2 2 1 8 3 0 2 1 3 3 1 2 4 7 4 1 14 5 5 1 9 15 1 4 10 3 0 4 13 1 6 1 8 9 0 2 7 0 4 1 7 10 10 2 8 0 2 2 9 1 0 3 4 0 2 0 0 1 15 9 1 15 1 7 19 6 4 0 8 2 6 0 4 0 1 1 18 0 1 1 0 17 0 0 1 16 5 4 8 9 5 13 14 6 0 8 10 1
2 5 1 1 0 12 2 2 6 3 0 7 1 6 1 1 0 2 1 4 1 1 18 9 0 1 3 7 7 1 0 2 3 2 1 0 5 15 13 12 9 6 6 4 13 0 9 12 1 10 0 1 1 7 0 3 4 5 7 2 1 0 3 0 0 3 10 4 1 3 1 10 2 2 8 1 6 0 2 5 1 2 7 2 0 0 4 4 1 3 0 7 4 4 7 7 10 4 7 1
1 1 1 0 0 0 0 2 0 0 0 0 0 0 1 0 0 0 0 0 0 0 0 0 0 0 2 1 0 0 1 0 0 0 0 3 0 0 2 0 1 0 0 0 0 0 0 0 0 0 0 0 1 1 0 0 2 2 1 0 1 3 0 0 0 0 0 0 0 0 0 0 1 0 0 0 0 0 0 0 1 2 0 0 0 0 0 0 15 0 3 0 0 0 0 0 0 0 0 0
