1 0 1 0 0 3 0 0 0 1 0 0 0 1 0 1 0 0 0 0 1 0 1 1 0 0 0 0 3 0 1 1 0 0 1 1 1 2 0 0 0 0 1 1 0 1 0 0 1 0 3 1 0 0 0 1 0 15 1 1 0 0 2 0 0 0 0 0 2 0 0 2 0 0 0 0 3 0 0 0 0 0 0 1 0 1 0 0 0 0 0 0 1 0 0 0 0 1 0 0
14 2 6 4 23 23 1 1 1 6 9 1 3 0 10 3 1 3 5 0 1 6 1 5 2 1 8 2 2 0 10 3 8 1 2 0 6 4 3 3 9 2 3 4 6 2 1 2 3 0 8 0 13 4 6 21 3 6 5 2 5 1 7 0 8 5 2 25 23 4 12 3 0 0 0 18 0 1 0 20 2 4 3 2 42 1 12 0 4 0 9 2 3 5 1 9 1 0 0 9
0 5 7 5 0 2 2 0 4 8 0 6 1 1 7 8 14 9 0 6 4 6 0 1 0 1 2 4 4 5 1 4 6 4 8 4 1 7 2 0 10 2 5 0 1 0 5 2 8 0 7 3 9 0 1 0 13 1 5 8 2 2 5 8 18 0 0 21 0 1 2 1 0 1 6 4 12 17 6 4 5 4 8 7 1 0 0 1 2 0 4 5 4 16 2 9 4 0 3 4
4 0 1 22 0 0 1 1 2 4 14 1 3 13 22 3 0 5 6 1 8 21 12 5 12 4 3 9 0 5 5 3 1 0 3 1 6 4 9 1 22 20 4 3 3 9 9 9 1 1 1 0 4 8 5 0 24 2 6 9 14 11 3 3 6 5 0 1 7 14 21 4 1 9 1 11 8 1 7 3 1 3 0 24 7 15 3 4 16 0 12 10 0 2 15 3 7 16 2 8
0 0 0 1 8 0 0 0 0 0 1 0 0 0 13 0 0 0 1 2 0 0 0 0 0 0 0 0 0 0 0 0 2 0 8 0 0 0 1 1 0 0 0 0 1 1 0 2 1 0 0 0 0 1 0 0 0 0 0 0 0 3 1 0 1 1 1 0 0 0 0 0 0 1 0 0 2 2 1 1 0 0 0 1 0 0 0 0 1 0 0 0 0 0 0 0 0 2 2 0
6 10 2 20 2 5 2 3 8 3 2 1 0 4 18 7 1 5 7 2 0 0 5 14 3 1 0 2 19 1 5 26 0 0 28 14 2 21 17 2 0 25 6 30 9 0 5 15 5 5 0 8 8 0 0 7 6 26 2 2 3 13 1 7 2 9 4 19 2 3 2 19 5 2 0 17 3 0 1 8 4 14 5 14 0 15 4 16 11 0 42 0 6 4 7 0 1 6 5 20
3 1 3 0 7 4 2 3 0 5 1 3 2 2 0 2 0 2 4 1 0 6 1 1 1 15 1 1 13 10 2 1 9 2 0 6 1 7 4 6 0 0 1 5 0 2 3 4 1 2 4 3 0 0 0 0 6 5 4 6 1 1 5 0 4 3 12 1 1 4 3 0 2 2 8 0 0 3 0 1 2 0 4 5 8 1 8 0 6 1 0 7 5 1 14 1 1 3 1 5
3 3 1 0 0 0 1 1 1 0 0 0 0 0 0 1 1 1 1 3 1 0 0 0 0 0 1 0 0 0 0 0 0 0 0 0 0 1 0 1 0 0 0 0 0 0 1 0 0 0 1 0 0 0 0 0 0 0 1 0 2 0 0 0 0 3 0 0 0 0 1 0 0 1 0 0 0 0 0 0 0 0 10 0 0 2 0 0 0 0 0 0 0 0 3 2 0 0 0 1
0 13 0 0 0 0 0 0 0 0 0 0 0 5 0 0 1 0 0 0 2 0 0 0 0 0 0 1 1 1 3 3 0 0 0 0 0 0 0 0 0 0 0 0 0 0 0 0 0 1 1 0 0 1 0 4 0 0 1 0 0 0 3 0 1 0 0 0 1 0 0 0 0 0 3 0 0 0 0 0 0 0 0 1 0 3 0 1 0 0 0 0 1 0 0 1 0 0 0 0
1 0 7 2 1 3 5 5 19 2 5 14 7 0 12 5 0 3 2 7 1 12 2 0 3 1 4 3 5 1 0 0 2 3 1 4 1 12 0 3 0 6 0 0 0 1 1 3 1 2 4 1 7 5 1 0 0 0 3 1 0 6 0 0 7 0 1 4 0 2 0 6 9 1 0 0 7 4 0 0 0 6 1 0 5 0 0 3 1 4 1 1 2 3 8 4 4 0 3 0
1 0 0 0 0 1 0 0 0 0 2 2 0 0 0 0 2 1 1 1 0 0 0 1 0 1 1 1 0 0 0 1 0 0 0 0 0 10 0 1 0 3 0 0 0 0 0 0 0 0 0 0 0 0 0 0 2 0 0 1 1 0 0 0 0 0 2 1 4 0 0 1 0 1 1 0 0 0 0 0 0 0 1 0 3 0 0 0 1 0 1 0 4 1 0 4 0 0 0 0
0 10 9 2 12 4 7 14 1 0 3 6 1 22 3 15 0 15 7 7 8 9 1 3 10 0 3 1 10 24 11 0 3 11 19 4 35 2 5 1 2 5 6 12 2 1 4 2 25 0 32 4 6 36 2 7 17 0 1 0 5 0 13 11 1 5 0 9 7 10 0 1 4 7 10 7 2 6 29 5 1 1 6 3 3 1 13 1 0 14 17 32 31 4 1 17 0 10 6 6
8 2 2 3 3 7 3 11 12 5 1 3 10 6 2 8 1 2 4 7 6 3 3 21 37 3 7 9 10 1 7 25 0 2 2 2 0 4 2 2 14 10 2 1 8 4 12 15 3 0 37 9 32 2 11 15 11 8 18 8 8 7 4 19 3 5 24 6 5 4 5 3 4 17 2 8 12 16 13 1 6 0 6 9 0 22 3 2 7 2 38 18 18 18 16 2 6 3 0 8
0 2 3 18 3 4 0 3 4 14 0 1 7 1 6 11 0 0 2 1 4 1 5 0 8 4 9 0 11 2 0 2 8 2 8 0 2 2 4 2 0 4 2 2 4 2 3 1 5 1 12 6 6 0 4 6 1 3 0 4 7 1 6 2 11 3 0 4 4 0 3 9 3 1 10 1 17 1 2 2 0 8 0 1 3 14 2 9 0 1 2 0 0 8 3 11 3 0 0 0
0 1 0 0 13 1 11 10 3 1 5 0 2 4 0 1 9 2 3 5 8 9 4 10 2 3 16 1 2 4 4 0 1 4 2 0 1 0 2 5 2 4 7 0 2 5 0 2 2 2 8 6 3 0 4 3 5 0 2 0 0 4 1 1 1 0 1 0 1 5 5 4 2 1 0 1 1 2 5 3 9 18 12 3 0 6 0 1 1 0 7 0 11 0 11 4 9 3 0 45
0 2 0 1 0 1 0 0 0 0 1 0 1 0 0 1 0 0 1 0 0 0 0 0 0 0 0 0 0 1 1 0 0 0 0 0 0 0 0 0 0 1 0 0 0 0 0 0 1 0 9 0 1 0 0 0 0 4 0 0 0 0 0 0 1 0 0 0 0 0 0 0 1 0 0 1 0 0 1 0 0 0 0 1 0 1 0 0 0 0 0 0 0 0 0 0 0 0 0 1
0 4 11 3 5 28 11 0 15 15 0 8 2 1 2 4 10 1 16 4 7 4 0 4 15 5 2 19 3 6 2 7 9 7 15 6 3 0 2 4 15 5 10 1 3 13 2 15 17 17 0 17 4 1 5 5 10 3 3 0 8 6 27 14 2 4 18 15 14 3 3 41 16 2 1 31 38 3 30 13 1 0 2 0 6 2 15 3 0 17 6 17 6 10 1 5 8 6 3 13
0 7 3 1 9 6 5 0 21 9 11 2 9 3 6 2 4 4 0 14 0 14 0 8 3 8 0 7 1 0 2 8 2 6 4 3 8 6 0 0 6 1 7 1 1 1 2 0 1 1 1 20 3 0 1 4 2 9 2 0 0 1 1 0 17 4 0 0 5 0 14 1 2 0 4 5 0 5 18 9 0 1 3 0 2 1 2 0 5 6 3 11 4 2 1 4 4 0 0 0
8 1 0 5 1 1 2 7 1 11 10 8 17 0 1 1 0 3 1 4 5 4 1 5 0 1 5 11 3 1 3 1 2 4 3 4 10 0 5 11 1 0 0 10 5 0 15 0 3 3 1 2 4 0 8 5 1 1 6 0 7 3 6 2 12 14 21 2 4 10 2 4 13 9 0 2 2 3 3 0 5 0 0 3 3 0 5 2 2 2 10 3 2 0 4 5 0 0 0 1
3 2 0 1 0 10 9 1 17 1 6 9 5 1 1 0 2 0 2 7 5 2 2 1 6 2 16 0 2 17 1 5 1 7 11 2 3 5 2 0 3 2 0 0 2 9 1 1 0 9 1 0 9 13 7 6 4 0 1 2 0 0 3 5 0 0 4 7 6 7 1 4 17 0 1 1 5 7 2 1 0 3 0 2 0 2 10 8 0 7 2 3 4 5 3 16 0 2 19 2
4 16 3 0 6 3 36 8 10 10 5 6 0 39 7 7 17 0 2 6 3 5 12 1 3 4 1 11 0 25 3 1 7 0 1 4 7 3 3 0 0 5 0 5 1 19 14 23 7 3 3 7 7 0 2 1 3 2 4 10 0 3 7 14 5 0 5 15 0 10 2 13 4 18 17 9 1 3 0 17 0 0 17 1 5 2 14 0 13 8 7 9 0 38 4 12 20 7 3 15
0 0 11 15 2 3 6 1 4 3 5 4 1 13 2 2 1 0 2 4 3 2 3 3 4 9 1 0 0 5 4 0 9 8 0 1 0 8 10 0 0 4 1 2 0 1 3 2 0 2 7 0 3 3 22 3 3 3 2 1 4 1 0 0 4 16 11 3 1 9 2 0 5 4 1 0 9 1 0 2 11 0 0 11 3 0 1 3 8 12 9 2 3 4 3 1 12 0 0 9
1 2 3 3 1 2 1 1 6 5 0 1 1 0 4 17 2 8 2 10 12 0 12 2 8 1 3 4 1 1 1 1 3 2 12 6 8 2 6 0 4 5 4 2 6 0 34 2 1 0 7 1 8 0 8 0 10 1 0 7 2 6 1 0 3 6 4 9 0 1 6 7 0 0 4 5 1 6 3 2 7 3 0 0 3 2 4 1 6 0 4 3 8 0 12 11 1 3 2 0
10 4 0 3 2 0 5 0 0 1 6 5 3 12 12 0 1 2 3 0 5 5 4 2 3 3 2 3 2 1 3 3 5 1 0 0 4 3 17 0 3 1 16 0 0 0 1 0 1 3 5 6 6 0 5 3 0 1 2 1 9 4 4 7 4 0 3 4 8 3 5 5 8 2 4 7 4 0 7 2 5 0 6 3 2 3 1 0 8 1 4 5 9 2 4 7 0 1 1 0
2 0 0 4 3 0 0 4 8 0 5 1 0 0 0 8 4 3 2 0 2 0 2 22 7 25 2 4 4 0 6 4 9 6 1 3 7 3 1 6 2 3 0 0 1 1 2 7 7 1 5 2 2 19 9 17 12 1 0 9 0 0 7 6 0 2 13 0 3 9 0 0 5 1 7 6 7 12 1 21 2 3 5 7 2 4 1 0 2 1 5 4 0 3 23 0 1 4 3 2
1 2 2 10 62 3 1 15 0 14 3 4 17 1 4 0 3 11 22 3 0 1 13 0 0 4 0 12 0 0 18 0 0 7 9 16 0 0 1 5 0 0 2 15 7 10 7 28 4 6 5 10 0 3 5 14 5 0 1 0 8 15 9 0 2 0 1 4 7 2 4 1 10 23 14 15 0 4 12 0 3 11 18 19 4 0 2 2 3 3 5 0 11 5 7 0 26 5 14 6
6 17 7 6 2 1 1 0 14 1 5 1 9 1 9 7 0 0 5 7 17 12 11 3 7 5 24 2 4 2 19 7 13 6 10 40 19 2 2 2 15 8 1 30 15 34 8 22 9 3 0 2 0 2 9 0 3 7 0 0 6 0 10 4 3 3 6 0 3 20 5 13 1 9 8 12 0 0 23 12 3 2 6 2 8 18 0 3 1 14 3 10 5 8 5 8 6 11 2 3
2 20 0 2 5 7 11 6 13 5 1 26 8 10 0 3 3 5 3 0 0 23 22 6 0 0 8 6 1 33 3 6 8 0 12 9 40 7 20 1 15 2 4 0 13 3 2 7 0 28 5 4 13 26 0 13 8 2 31 1 10 8 13 1 9 5 5 4 1 5 4 1 1 2 13 0 4 4 1 1 1 10 0 2 22 5 9 1 14 25 26 0 21 3 0 17 0 3 5 2
3 2 9 14 3 23 8 0 16 5 0 7 6 2 14 1 7 1 0 2 1 3 6 4 7 2 3 1 15 5 8 4 11 20 5 0 12 13 10 17 32 18 1 3 10 2 23 0 5 14 4 1 9 1 5 32 40 0 25 1 3 2 19 16 7 3 2 10 1 0 4 2 0 0 3 1 3 12 4 12 3 20 14 5 7 2 1 8 6 18 0 5 13 12 0 12 12 5 2 3
1 0 1 0 1 0 0 1 0 0 1 0 0 0 2 0 1 0 0 1 2 0 1 0 1 1 0 2 2 0 3 3 0 1 0 1 0 0 0 0 0 0 1 0 0 0 0 1 1 1 0 0 0 0 0 1 0 0 1 0 0 0 3 0 1 0 0 0 1 0 0 0 0 0 0 2 0 0 0 1 0 0 2 0 0 0 0 2 0 0 1 0 0 2 0 0 0 0 0 0
0 0 0 0 0 1 0 0 0 0 0 1 1 2 0 2 0 0 0 1 0 1 0 1 0 0 1 0 0 0 0 0 0 1 1 0 0 1 1 0 0 0 0 2 0 0 0 0 0 0 0 0 0 0 0 0 0 0 0 0 0 0 0 0 0 1 0 3 3 2 1 2 0 0 0 0 0 0 0 0 0 2 0 1 2 0 0 0 1 2 0 0 0 1 2 2 0 0 1 0
0 4 8 0 4 0 3 10 1 0 3 4 0 2 11 1 1 15 0 2 7 5 1 1 2 1 3 4 0 3 1 13 3 0 2 10 10 7 0 3 3 2 1 0 0 5 1 1 19 2 12 1 0 0 5 1 0 0 1 10 3 1 6 0 3 1 2 2 6 1 1 0 0 0 0 2 4 5 2 1 0 9 9 5 10 3 7 2 7 1 6 5 2 16 2 0 3 9 2 0
3 0 6 10 0 7 33 6 19 1 1 3 5 7 23 5 34 27 5 32 4 0 5 11 2 6 4 3 2 13 7 7 0 7 5 7 13 4 17 0 5 15 4 0 10 3 10 1 7 4 3 1 2 6 1 2 25 12 0 0 3 12 0 14 1 4 5 9 10 5 19 2 16 6 11 6 17 3 2 2 5 6 9 2 2 2 3 19 14 6 11 5 5 2 2 8 6 12 3 2
6 2 6 1 3 37 0 7 1 6 5 5 2 1 4 0 3 10 5 13 3 1 2 1 0 8 4 0 20 3 4 1 7 9 0 33 11 2 15 2 3 0 8 3 1 8 2 28 0 2 2 14 12 2 2 1 11 6 1 4 3 0 4 2 0 4 0 1 8 2 1 2 3 5 2 9 2 6 9 3 3 3 7 0 1 2 0 0 0 16 8 1 9 2 5 3 5 3 7 1
2 16 3 3 7 4 4 1 13 2 4 1 4 0 3 18 5 10 9 17 7 4 2 0 4 0 11 0 14 4 5 15 6 8 3 4 4 4 0 0 3 1 0 0 18 0 4 4 5 0 2 4 4 3 2 2 1 0 7 5 6 10 2 7 3 12 3 6 8 1 1 10 0 9 12 2 1 7 5 9 1 0 3 2 3 6 4 5 3 2 2 5 1 0 6 1 2 15 0 1
8 0 0 15 5 8 0 4 0 7 1 0 4 5 7 12 3 0 1 20 8 13 6 1 2 4 4 18 5 8 2 5 3 2 2 3 8 5 0 5 31 5 2 2 0 7 4 11 2 3 9 1 0 0 12 14 0 3 12 1 8 14 5 20 5 1 1 3 11 12 19 0 1 2 0 1 4 2 1 7 0 7 2 1 7 5 14 1 8 3 1 7 22 1 8 4 9 6 9 1
0 0 0 0 0 1 0 0 0 0 3 0 2 20 0 1 7 2 5 0 0 1 0 0 0 0 0 0 1 2 0 4 0 0 0 1 0 0 0 0 0 2 1 0 0 2 0 0 2 0 0 1 0 0 0 4 13 0 1 0 1 0 0 0 0 3 0 0 0 0 0 0 0 1 4 0 0 0 0 4 1 0 0 0 0 0 4 1 0 0 0 1 0 0 0 0 1 0 0 1
3 0 11 0 15 1 2 15 8 1 7 1 2 2 8 12 1 3 10 2 6 2 2 13 6 0 1 7 0 0 0 1 1 7 0 3 5 0 6 0 0 0 2 2 7 7 5 13 10 1 0 9 7 15 0 0 3 3 11 1 4 0 1 3 2 5 2 8 9 2 15 0 0 2 5 3 14 1 6 8 0 2 0 4 7 3 3 3 0 6 8 3 0 0 1 3 7 2 0 1
0 15 8 2 11 8 17 10 0 15 17 3 6 3 0 0 17 1 13 0 15 2 3 4 2 2 2 4 15 1 21 8 0 4 0 7 4 21 3 14 5 1 4 14 5 1 0 3 11 3 0 2 2 1 5 2 24 9 1 0 15 1 4 6 2 2 0 1 0 0 15 14 4 5 2 1 0 5 1 0 25 4 8 2 12 0 25 2 2 7 12 3 12 3 0 7 6 8 3 16
15 4 0 7 6 3 0 6 19 0 4 6 5 0 1 12 3 4 0 2 0 3 0 3 2 1 4 3 6 9 4 0 2 5 6 18 2 3 5 3 4 2 0 22 8 0 1 0 5 8 2 0 0 1 11 1 4 6 6 3 0 8 1 7 1 1 2 13 0 6 0 0 1 4 2 1 12 2 1 14 4 3 12 3 1 2 2 4 3 3 0 8 8 4 2 7 1 1 7 7
5 1 10 0 4 1 2 1 1 0 2 19 1 12 9 0 10 2 0 1 8 3 0 7 0 18 0 1 1 2 5 0 2 2 13 11 0 4 2 5 0 0 2 7 3 1 1 3 1 1 2 9 10 0 3 1 1 9 2 1 0 0 7 1 0 11 0 8 2 10 1 6 8 1 1 3 1 9 10 2 0 3 2 8 3 0 0 12 0 12 0 3 2 3 5 3 1 6 14 1
20 4 1 0 1 3 0 11 6 7 4 0 18 0 4 2 5 0 10 2 5 1 0 2 0 4 0 1 15 2 0 0 7 3 7 1 2 0 3 13 1 5 8 2 11 7 0 2 6 1 0 3 2 7 4 1 1 0 8 4 2 2 5 6 4 2 7 2 0 4 6 0 3 5 1 2 1 11 2 0 4 4 2 0 0 0 4 3 4 3 1 6 0 2 6 0 0 5 3 2
0 1 1 0 0 0 4 0 0 0 0 0 0 1 0 1 0 0 0 0 0 0 0 0 4 0 0 1 3 0 0 0 0 0 0 0 0 2 0 1 0 0 2 3 0 0 0 0 0 1 1 0 0 1 1 0 0 1 1 4 0 0 0 0 0 0 0 0 0 0 1 0 0 0 2 0 1 0 0 11 0 0 0 0 0 1 2 0 0 0 1 0 0 1 0 0 0 2 0 1
0 0 1 0 0 1 0 1 0 2 2 1 0 0 1 0 0 0 1 0 0 0 27 0 0 1 0 0 0 1 0 0 0 0 1 0 0 0 1 0 0 0 0 1 1 2 0 1 0 0 0 0 0 0 1 0 1 0 1 0 2 2 0 1 0 0 0 0 2 0 0 1 0 0 0 0 0 2 0 0 1 3 0 0 0 1 0 0 0 0 0 1 1 2 0 0 0 0 0 1
2 0 1 0 0 1 5 0 0 1 1 3 0 7 0 0 0 0 0 0 1 1 0 0 0 0 0 1 0 0 1 0 0 0 0 1 2 0 0 0 0 0 3 0 0 0 0 0 0 0 1 0 0 0 0 0 0 1 0 1 0 1 0 0 0 0 0 0 1 0 0 1 0 0 0 0 0 0 3 1 0 3 0 1 2 0 0 0 1 1 0 0 0 0 1 0 1 0 1 0
7 19 2 6 4 6 3 7 5 8 4 0 7 4 2 15 6 8 7 4 18 15 12 8 0 0 1 2 2 0 0 9 4 4 6 1 8 2 7 5 15 3 9 0 0 2 1 43 1 11 3 7 4 6 14 0 1 5 6 7 1 2 7 4 2 4 5 1 14 3 5 0 2 36 2 8 4 1 0 18 0 2 15 12 9 0 1 1 3 10 10 4 9 1 0 6 7 4 7 5
12 0 6 3 3 10 0 3 6 16 7 0 7 0 10 15 11 4 2 2 34 8 7 4 11 1 15 1 11 2 7 7 0 21 19 1 17 3 9 1 2 5 1 16 1 3 4 0 3 15 17 31 17 2 2 0 21 2 34 19 3 2 7 0 12 6 16 2 3 4 20 3 5 3 6 2 6 0 2 10 29 19 5 12 9 17 1 2 5 1 4 38 2 22 21 38 4 25 4 3
5 2 1 12 9 0 2 1 5 0 6 2 0 0 16 0 2 1 7 4 3 7 1 3 4 10 15 7 6 5 0 1 1 1 8 3 3 1 1 0 0 7 14 5 0 1 13 1 1 4 1 4 7 8 4 5 10 4 4 0 18 2 1 8 3 0 1 14 3 20 2 8 5 1 6 2 3 3 0 2 3 0 8 9 1 9 2 6 5 0 1 1 5 0 1 7 2 2 10 7
6 2 5 11 14 54 10 1 5 6 4 8 0 6 0 5 0 12 1 1 7 4 1 5 0 24 15 2 2 0 10 0 5 1 9 8 11 7 15 9 51 21 2 1 8 21 4 2 6 1 6 18 5 3 5 6 0 16 0 1 17 0 4 5 3 4 6 3 13 4 11 1 0 22 1 5 12 7 22 5 16 0 10 3 12 11 0 17 4 4 8 13 17 4 2 5 0 2 4 7
11 1 5 5 6 2 8 13 5 3 2 14 6 3 6 3 10 10 3 22 1 38 28 7 8 1 0 5 18 7 0 3 16 7 8 5 0 9 3 1 4 2 5 1 0 0 2 0 6 2 8 3 0 11 19 0 4 0 0 8 2 0 4 2 3 2 26 1 7 0 0 13 1 0 6 1 1 2 11 1 18 22 6 3 14 11 2 14 6 0 5 0 0 1 7 8 8 11 4 0
1 2 0 9 5 1 0 17 4 4 0 2 17 4 0 18 5 8 0 2 3 11 9 4 4 23 8 12 15 2 0 4 7 9 1 0 17 1 1 0 30 24 12 3 19 10 20 2 14 0 10 17 11 7 2 15 3 7 1 7 4 1 3 1 2 8 1 1 1 1 9 19 1 5 1 3 0 0 8 0 12 5 4 17 6 5 2 0 1 4 0 7 1 0 1 0 10 12 1 1
9 0 4 1 2 2 6 7 3 10 0 10 7 64 3 30 15 9 6 1 2 4 6 5 3 2 9 0 2 12 1 0 4 2 4 6 1 1 2 10 11 16 8 12 2 1 13 9 18 0 4 5 1 2 2 9 6 2 5 5 3 5 6 2 17 11 0 37 3 5 0 5 1 1 22 15 8 11 0 8 4 18 9 0 2 7 14 3 1 4 0 2 6 4 4 6 2 5 3 0
2 12 2 0 2 0 22 9 5 8 1 1 1 3 4 0 2 4 2 3 2 5 7 1 2 3 3 10 0 6 30 8 18 8 1 1 2 5 3 2 19 9 23 0 2 7 2 20 8 8 17 6 4 5 3 7 3 19 1 3 25 9 1 7 6 1 11 0 11 21 3 24 6 12 0 3 8 22 5 15 4 1 6 1 11 2 2 1 15 4 5 1 24 20 7 1 4 1 3 3
6 0 1 1 2 0 0 6 4 2 2 2 0 12 3 0 4 0 1 0 1 3 4 1 3 0 7 8 1 7 2 0 1 0 4 0 5 0 7 2 1 14 5 3 0 0 14 1 0 2 30 12 10 11 8 4 5 0 1 3 2 1 3 1 3 1 2 1 1 9 8 1 4 1 9 10 2 0 3 14 9 10 8 8 9 0 11 15 4 1 6 15 0 6 7 3 7 13 1 2
1 0 5 19 1 4 27 6 3 0 7 1 16 7 0 14 5 0 0 9 1 4 11 6 2 27 3 5 5 1 1 1 3 0 17 0 7 1 3 1 2 18 1 22 1 7 1 0 3 9 18 2 8 6 19 3 5 6 0 7 9 1 3 0 3 0 0 11 3 4 14 2 1 12 8 13 20 3 8 1 16 0 9 22 16 33 1 37 0 11 12 0 4 1 6 10 0 6 3 3
9 11 1 3 0 4 11 1 27 0 14 2 1 24 3 6 5 1 13 18 4 14 10 6 9 10 7 1 7 0 5 0 5 1 1 3 9 8 0 9 32 2 10 7 3 7 6 0 7 2 4 5 4 3 4 0 7 15 0 1 34 2 17 2 7 12 0 14 1 5 19 12 6 4 1 4 12 0 6 31 3 2 6 2 3 14 0 0 14 2 7 3 17 4 4 23 0 6 8 2
5 0 14 0 0 2 2 3 2 2 3 15 0 3 5 9 4 2 2 3 3 10 1 0 10 3 2 10 3 14 11 4 1 6 9 8 5 5 6 0 5 1 1 11 11 9 2 0 2 0 0 4 6 3 15 0 2 8 5 5 1 2 1 4 4 16 1 8 7 2 7 10 0 3 13 1 1 1 2 13 4 4 5 11 0 1 0 3 9 2 3 9 1 3 1 0 0 0 22 1
0 0 1 2 4 0 0 1 0 0 0 0 0 0 2 0 0 2 0 0 1 0 2 0 1 0 1 0 0 0 0 0 0 0 0 0 0 0 0 1 1 0 0 0 0 2 0 0 0 0 0 0 1 0 0 1 0 0 0 0 0 0 0 0 0 0 0 2 0 0 0 0 0 0 0 0 0 0 1 0 1 1 1 2 0 1 1 0 3 1 0 1 0 0 0 0 1 0 1 1
0 1 1 0 1 0 0 2 0 0 0 0 0 1 0 1 0 0 0 0 0 1 0 2 0 0 0 0 0 0 0 0 0 0 0 1 0 0 1 1 0 0 0 0 0 0 3 1 0 0 3 0 0 3 0 0 0 0 1 0 2 1 0 4 6 1 0 0 0 1 0 0 1 4 1 2 0 0 0 0 1 0 0 0 0 0 1 0 0 3 0 0 7 1 0 1 0 1 0 0
4 15 16 2 3 13 11 12 1 27 9 7 2 11 0 3 3 3 7 6 9 6 4 7 5 0 2 4 9 23 25 3 1 6 13 1 0 1 19 21 5 6 37 5 1 0 10 13 5 4 2 6 6 32 3 10 1 11 6 15 1 0 11 2 0 2 11 5 6 4 5 43 4 39 9 1 2 2 2 0 1 17 5 3 0 1 2 5 3 0 1 2 2 2 8 20 4 0 17 19
5 7 1 12 4 2 21 1 2 5 1 4 3 19 0 21 3 4 0 0 2 1 2 0 0 15 12 25 16 17 11 7 4 2 3 4 3 6 6 12 7 6 7 18 13 10 13 6 0 14 7 6 12 16 8 6 4 4 0 0 7 6 0 14 11 2 12 2 0 9 6 4 6 0 18 0 25 5 2 5 6 15 24 0 10 26 27 0 1 1 5 11 4 4 7 23 9 10 8 11
3 4 0 0 0 3 2 0 1 0 5 5 9 0 0 0 19 3 8 7 1 1 1 0 3 1 2 0 2 1 9 6 0 0 7 7 0 8 3 0 8 3 3 5 2 4 0 6 0 5 0 2 2 1 6 0 3 3 2 6 0 3 2 4 7 5 2 0 4 8 4 0 3 0 2 5 7 8 0 0 1 13 2 4 24 1 0 0 11 0 6 11 2 1 2 4 0 2 1 0
0 9 8 4 3 0 2 4 0 1 0 0 4 8 4 2 3 7 1 2 12 0 3 13 5 1 4 4 1 16 5 2 2 1 4 1 2 7 2 10 1 0 0 16 12 3 17 1 4 2 5 12 2 0 9 11 4 0 10 10 10 3 13 2 0 24 0 6 4 1 4 15 0 3 8 9 4 3 0 16 9 8 0 2 0 1 4 4 8 0 7 0 6 3 1 6 11 0 6 1
12 0 7 2 1 2 3 7 2 0 3 0 20 0 20 2 1 12 3 1 6 5 3 10 8 8 4 7 0 1 0 0 1 0 4 7 0 6 0 0 0 2 0 6 2 3 8 3 0 10 0 0 1 4 15 0 1 2 3 3 16 0 3 2 9 1 3 1 0 6 2 9 2 11 0 5 2 7 1 0 0 1 0 1 9 2 0 2 0 3 0 3 3 3 9 5 5 8 0 5
0 0 10 6 2 3 0 1 2 4 2 7 8 2 15 0 12 1 7 8 5 1 1 3 0 24 3 2 16 7 0 5 3 5 3 0 3 3 0 1 3 1 0 1 1 4 0 7 9 1 0 16 3 0 1 7 11 0 0 0 19 1 1 5 10 6 1 2 2 8 10 3 1 4 22 7 4 8 8 6 3 3 1 2 11 1 1 2 5 8 5 2 2 16 6 6 10 24 6 0
5 4 14 15 1 19 0 15 4 17 3 0 22 4 4 0 8 11 13 0 12 2 1 48 5 4 0 5 0 3 3 2 3 0 0 0 8 3 2 7 1 7 2 12 4 11 1 17 2 0 12 18 8 3 4 7 0 1 4 1 2 4 1 4 1 0 0 3 4 3 1 1 8 5 12 0 4 0 11 4 5 48 6 5 0 1 18 4 5 3 0 2 3 19 3 6 10 6 0 7
2 0 1 5 0 1 0 1 4 1 3 2 1 2 0 33 7 3 12 0 0 2 6 6 2 5 11 6 0 3 2 0 7 2 0 7 2 1 0 0 1 6 1 1 0 0 3 2 3 4 1 2 4 0 7 2 1 19 7 6 14 0 6 0 1 2 4 0 3 6 2 9 7 4 1 10 1 1 6 0 7 0 1 11 2 6 0 9 16 20 10 1 0 8 2 0 1 1 0 1
0 0 0 1 3 10 0 0 0 0 3 3 0 0 3 0 1 1 2 3 0 0 4 0 0 1 0 1 0 18 1 0 0 1 1 1 0 0 0 1 4 3 0 0 1 0 1 2 1 0 0 0 0 0 0 0 0 2 3 0 0 0 2 0 4 0 0 4 1 1 0 0 0 0 0 0 0 0 0 0 3 0 0 1 1 0 0 0 0 0 1 1 1 0 3 0 0 0 0 1
1 0 1 0 1 0 1 0 0 1 9 3 0 0 0 0 0 0 1 1 0 2 2 0 0 0 0 0 0 9 0 3 0 5 8 1 1 5 0 0 5 3 0 0 0 0 0 1 0 0 2 0 0 0 1 2 0 2 20 1 1 0 1 0 0 1 0 3 0 7 2 1 0 0 0 0 0 11 0 0 0 0 0 3 2 2 0 1 0 0 1 0 0 0 4 6 6 0 0 0
7 1 13 2 0 0 12 35 2 3 1 2 13 1 15 1 0 12 1 15 0 3 2 7 12 14 0 0 3 9 1 15 21 7 25 0 1 5 10 0 1 9 5 6 0 8 0 2 4 6 3 5 0 33 0 0 1 5 14 1 1 0 1 5 2 10 8 7 0 22 0 7 19 0 1 14 5 2 17 13 5 7 12 9 0 1 4 12 2 8 16 3 0 2 0 0 2 3 4 3
15 0 0 3 1 1 0 16 4 2 6 1 4 2 2 1 3 5 13 5 5 1 9 0 7 0 6 0 1 3 0 2 1 8 4 1 5 2 8 1 1 2 5 3 5 0 1 0 4 9 0 1 13 1 1 0 0 0 3 3 3 0 7 13 20 1 2 0 1 0 1 2 0 0 0 2 1 9 1 1 9 7 7 2 1 2 19 2 2 0 3 10 0 1 2 9 0 6 14 2
6 0 9 27 7 34 3 11 2 29 9 3 0 16 23 6 4 1 8 13 7 4 19 9 26 4 19 13 2 3 9 11 26 2 1 9 0 13 18 10 2 14 0 0 2 3 0 7 10 9 15 1 15 4 0 7 19 7 1 1 20 14 8 8 1 5 17 7 0 5 9 3 1 17 0 15 1 0 0 4 0 0 3 14 5 0 27 28 15 6 39 14 0 0 3 23 5 7 0 2
2 0 0 1 2 0 0 0 1 0 0 7 0 2 0 0 0 0 0 0 0 1 0 1 0 0 0 0 0 0 0 0 1 1 0 2 0 0 1 1 1 0 3 0 1 0 0 1 3 0 0 1 0 0 0 0 2 0 0 1 0 0 3 5 0 0 0 2 0 1 1 0 1 3 0 0 0 0 0 0 0 0 0 0 1 0 0 1 1 0 0 1 0 0 1 3 0 0 1 0
11 7 2 13 0 1 0 13 1 1 10 3 2 4 7 1 2 0 1 0 2 1 0 0 2 5 21 4 3 0 1 5 5 0 5 2 0 14 1 5 8 0 3 0 6 2 14 0 5 4 0 1 3 1 2 5 0 13 9 2 0 3 8 5 3 2 3 2 7 9 3 0 1 0 1 3 0 9 0 1 3 3 2 0 0 3 22 3 5 6 4 0 1 16 6 1 4 20 1 0
11 35 6 26 11 6 1 2 8 3 1 10 10 22 0 8 3 4 11 0 2 6 1 0 4 5 17 16 2 25 1 2 0 11 3 8 7 16 1 0 2 7 5 8 0 0 7 0 6 16 28 0 1 11 13 1 0 7 6 2 6 1 5 6 5 7 7 3 15 12 0 26 6 6 19 16 8 0 10 2 0 7 3 17 1 1 2 4 7 5 0 7 1 1 8 10 12 4 1 4
3 3 7 0 0 2 0 4 0 0 1 0 2 3 4 1 8 0 1 14 6 6 2 2 4 13 0 5 1 14 17 3 0 3 4 5 1 3 12 8 1 1 1 3 3 3 3 12 0 5 2 0 14 0 3 0 1 2 1 3 1 11 6 0 2 0 0 3 2 4 4 0 28 0 4 9 1 4 1 0 1 9 1 0 1 0 3 2 11 3 7 0 0 6 1 1 9 6 0 4
0 5 3 11 1 8 5 3 2 3 0 2 4 14 3 0 21 2 2 4 5 0 6 10 0 2 2 0 5 3 7 1 6 1 11 2 13 0 2 8 1 1 20 11 1 2 3 1 3 2 0 4 8 3 3 6 8 8 2 26 3 5 1 3 11 1 2 2 3 1 12 1 14 4 0 7 15 7 11 7 0 1 0 0 1 2 7 18 1 2 7 5 2 7 4 0 2 3 33 4
7 9 7 17 3 2 47 8 0 1 1 12 8 15 4 3 44 0 10 0 8 12 1 3 9 9 5 3 26 11 21 16 12 5 7 2 9 3 9 1 7 0 6 15 3 4 8 2 6 12 6 19 9 23 0 4 2 8 14 2 3 8 1 34 7 34 4 4 11 0 8 4 8 2 3 1 5 1 2 9 17 3 17 3 2 2 8 4 5 12 5 35 1 12 1 12 3 22 6 3
0 0 0 0 0 1 1 0 0 0 1 0 0 1 0 0 1 0 0 0 9 1 1 1 0 0 1 0 0 0 0 0 0 0 1 3 0 1 1 0 1 0 0 4 0 0 0 0 0 1 0 0 0 0 2 0 0 2 0 2 0 0 3 3 1 0 0 0 0 0 0 0 0 2 0 0 0 1 0 0 0 0 0 1 3 0 0 0 0 0 0 0 12 0 0 2 1 0 0 2
1 0 0 1 0 0 3 0 0 0 0 8 0 0 2 1 1 0 3 1 0 1 0 0 0 0 0 0 0 2 0 0 0 0 0 0 1 0 0 0 0 0 1 0 3 0 2 0 0 0 0 0 0 0 1 0 0 0 0 2 2 0 1 3 0 1 0 8 3 1 1 0 0 0 1 0 0 0 0 1 0 3 0 1 1 0 0 2 1 0 1 0 0 0 0 0 0 0 0 0
1 0 0 0 0 1 0 0 0 0 1 0 0 0 0 1 0 0 0 0 0 0 2 0 0 0 0 1 0 0 0 0 4 0 0 0 0 2 0 0 1 0 0 0 0 0 0 0 0 0 0 1 0 0 1 0 0 0 0 0 0 0 5 0 0 0 0 0 1 0 0 0 2 3 0 3 0 2 0 0 0 0 1 1 0 2 0 0 1 0 0 0 0 0 0 0 0 0 0 0
4 0 3 15 2 13 0 0 1 4 7 1 0 11 0 0 0 17 4 4 0 6 10 2 0 1 0 3 17 2 4 0 0 5 4 2 3 0 3 1 1 3 0 5 2 14 0 2 10 6 0 4 0 0 5 3 1 0 1 1 6 3 0 1 9 17 1 2 8 12 0 0 0 0 3 0 10 0 1 12 0 0 1 3 1 1 0 0 10 10 8 8 5 1 3 6 0 1 9 8
3 3 4 0 1 0 2 2 19 2 5 3 3 2 7 5 6 3 14 6 6 0 20 6 4 0 1 1 7 1 5 31 1 6 20 4 0 3 11 0 0 15 4 14 39 7 6 0 5 2 13 5 6 0 6 6 28 1 6 8 1 15 1 2 6 6 2 8 0 16 4 6 20 8 4 2 4 1 3 4 18 49 0 9 0 5 1 14 8 0 1 11 4 7 0 7 0 1 4 1
1 0 0 0 0 0 0 1 1 0 0 0 0 0 0 1 0 0 1 0 3 0 2 2 0 0 1 1 0 0 2 0 0 0 0 0 0 0 0 0 1 0 0 0 0 0 0 1 1 0 0 0 0 3 0 1 0 0 0 0 0 0 0 0 0 0 0 1 0 0 0 0 0 10 0 4 2 1 1 0 0 0 0 0 0 0 1 1 0 0 1 0 2 0 1 0 0 0 0 0
0 7 0 0 0 1 2 1 0 0 0 0 0 4 0 1 3 0 1 0 0 1 0 1 0 0 0 0 0 0 3 0 1 1 0 0 0 0 0 0 2 0 0 3 0 0 0 0 1 1 0 0 0 3 0 4 0 0 3 1 0 0 0 0 0 0 0 0 1 1 0 0 0 1 3 0 0 0 0 0 0 0 0 0 1 1 1 0 0 0 2 0 0 1 0 0 0 0 0 1
16 12 3 4 2 9 3 11 26 5 1 1 16 1 15 11 0 2 0 4 1 3 16 16 3 16 15 8 10 10 1 13 0 15 23 19 7 11 10 3 1 1 2 2 16 15 2 23 3 19 6 2 2 20 6 16 12 9 0 15 11 2 3 0 1 1 1 2 3 1 9 11 8 5 5 0 6 7 2 7 0 8 4 6 1 1 4 1 2 8 8 3 13 6 3 10 14 2 6 8
23 11 26 5 9 15 2 0 0 5 1 5 8 4 7 0 5 5 2 0 10 23 1 6 5 1 2 2 4 19 20 7 6 8 29 19 6 2 20 10 10 2 6 13 11 2 5 14 0 1 4 6 7 0 0 4 11 4 12 2 10 5 6 0 1 2 0 31 26 4 0 18 48 18 7 16 0 3 22 1 3 3 25 15 14 5 1 31 1 0 9 2 0 17 6 0 0 0 18 10
0 0 0 0 0 0 1 0 0 0 0 0 0 2 0 0 0 0 0 0 1 0 0 1 0 0 0 0 1 0 0 0 1 0 0 0 1 1 0 1 0 1 2 0 0 0 0 0 0 0 0 0 0 0 0 0 0 3 0 1 0 0 1 2 1 0 0 1 0 0 0 2 3 0 0 0 0 0 1 0 1 0 0 0 0 1 0 1 0 1 0 0 0 2 0 2 1 0 0 0
0 0 1 6 0 0 0 0 4 2 1 0 3 0 0 0 0 0 2 0 1 0 0 1 7 0 2 1 0 1 0 0 5 2 0 0 0 0 0 0 0 0 0 0 2 1 1 0 0 1 0 0 0 0 0 0 0 0 0 0 0 0 0 0 2 1 0 0 0 0 3 0 1 0 0 1 1 0 0 0 1 0 0 0 0 0 1 0 3 9 0 0 0 0 1 0 0 1 0 0
5 13 1 10 10 16 10 0 8 13 6 13 6 0 0 2 17 5 1 2 11 13 1 5 5 1 5 12 0 1 3 0 5 11 7 18 6 0 2 11 5 16 0 5 5 5 4 0 3 11 1 17 3 2 10 12 13 4 5 1 1 3 2 6 0 2 12 0 22 1 3 3 8 2 0 0 6 3 3 3 0 3 1 2 3 1 5 3 2 1 12 0 12 0 13 3 8 10 3 2
2 8 0 0 0 1 0 0 1 0 1 1 0 1 0 0 1 1 0 0 0 1 0 0 0 1 1 0 1 4 1 0 0 1 1 0 1 0 1 0 2 0 0 0 0 0 0 0 0 1 4 2 0 0 0 6 5 0 0 1 0 1 1 1 0 0 2 1 0 0 0 0 1 1 0 0 0 0 0 4 0 1 0 2 0 0 2 0 0 0 0 0 0 1 0 1 3 0 0 0
6 0 3 1 2 4 0 3 0 0 5 3 0 4 5 1 21 1 13 6 1 7 0 5 6 3 2 8 2 0 0 0 6 6 8 6 3 0 6 1 4 9 6 0 0 22 1 6 2 4 0 0 11 1 9 6 0 1 4 3 2 5 2 0 11 0 3 18 2 9 5 1 0 1 6 20 3 1 0 3 0 2 1 4 0 5 23 2 11 0 5 3 13 9 7 1 0 8 5 2
17 16 2 14 7 0 0 2 5 3 1 7 12 4 5 1 1 9 4 0 1 0 0 1 2 5 2 4 0 0 5 4 0 10 4 3 3 12 0 0 3 0 34 2 0 5 2 4 6 3 8 6 1 0 8 1 1 3 1 14 4 12 3 8 3 3 6 3 4 1 3 0 6 0 9 16 19 1 6 3 5 13 0 1 0 4 0 2 2 5 1 5 5 9 14 3 2 0 7 0
0 0 0 0 0 0 0 1 0 1 1 0 0 0 0 0 0 0 1 0 0 0 0 0 1 0 1 0 0 1 0 0 0 1 0 0 0 0 0 1 0 3 0 1 1 0 0 1 1 1 0 0 0 1 1 0 0 0 0 0 0 0 1 0 1 1 0 0 0 1 1 1 1 0 0 0 0 0 0 0 1 3 0 0 0 0 0 0 0 0 0 1 3 0 2 0 0 0 0 2
1 7 5 1 0 2 0 5 7 7 1 1 0 0 0 4 5 2 1 6 0 1 0 7 5 0 3 6 3 1 19 3 1 2 8 1 6 6 0 2 3 13 14 3 2 1 5 19 3 4 1 0 10 1 0 0 3 8 3 7 1 0 0 23 2 1 0 3 4 6 15 4 1 0 2 1 2 2 0 2 0 0 2 7 4 16 0 5 0 0 2 1 2 2 0 6 2 7 0 0
3 10 27 6 13 7 2 35 2 1 2 2 14 0 2 4 1 2 0 1 14 19 2 0 18 10 3 1 1 0 3 10 8 2 2 19 8 12 10 5 7 7 21 19 6 2 2 5 3 7 0 2 0 0 10 11 0 15 5 3 14 0 5 1 0 1 1 2 2 33 11 0 8 2 2 14 3 2 16 2 23 2 4 2 7 9 3 0 4 34 2 2 5 12 22 19 0 5 11 0
3 0 0 0 8 0 0 0 0 0 1 0 0 0 2 1 0 0 2 0 0 0 0 0 0 0 0 0 1 4 0 0 0 1 4 0 1 0 0 1 0 0 2 0 1 0 0 1 1 0 0 0 0 0 0 0 2 0 0 0 0 1 1 0 1 0 0 1 0 0 0 2 0 2 1 0 0 0 0 0 0 0 0 1 0 0 0 2 0 0 1 2 0 0 0 0 0 1 0 0
2 0 2 1 1 2 0 8 1 4 2 1 16 4 0 1 5 2 7 6 3 2 12 1 3 8 0 7 2 0 3 3 6 6 21 1 5 0 1 0 15 0 0 1 4 2 14 1 5 1 0 2 3 11 0 4 15 19 2 1 2 2 16 3 1 2 6 4 4 11 1 3 6 3 3 1 0 7 9 4 3 2 8 2 0 2 0 2 1 0 2 12 0 2 26 2 2 7 22 2
10 6 10 0 3 1 5 6 9 21 1 0 13 10 18 0 7 2 0 6 1 14 21 26 13 4 2 1 8 0 2 5 1 1 2 8 2 4 1 6 4 3 6 2 1 3 2 11 4 0 3 6 4 8 13 5 49 2 8 3 15 8 16 4 7 0 9 24 0 1 7 3 3 3 4 1 6 5 17 0 1 5 7 9 1 5 0 24 3 15 3 5 4 7 9 0 4 4 4 7
0 6 3 10 2 2 12 0 3 7 5 3 1 23 0 10 12 0 13 0 17 21 8 7 22 8 7 2 1 14 11 3 18 10 7 16 0 4 1 0 3 2 3 33 4 6 12 1 9 9 2 11 11 2 1 10 16 3 8 3 16 10 5 1 9 14 2 21 3 0 6 23 1 25 17 1 6 14 9 5 4 8 4 4 9 2 4 19 0 3 15 14 0 15 10 5 15 4 5 17
