0 9 1 0 3 0 5 2 1 0 0 0 0 0 0 0 0 0 1 0 0 0 3 0 0 2 0 0 1 1 0 0 1 0 1 0 0 0 0 11 0 0 3 0 0 0 2 0 0 0 0 0 1 1 0 1 8 2 4 0 0 0 1 0 0 1 0 1 1 1 5 0 0 1 0 0 2 0 0 0 1 0 0 1 3 0 0 0 0 6 0 1 0 0 0 0 0 0 0 0
0 0 0 5 4 4 1 13 4 7 1 2 20 3 9 9 2 0 5 2 0 10 3 6 2 13 4 6 1 2 6 1 3 0 9 3 2 2 7 2 16 6 5 0 2 2 5 8 7 7 2 0 5 2 0 2 13 2 0 3 1 0 14 4 0 4 3 4 4 10 1 9 3 11 7 2 0 6 6 2 10 1 13 2 2 6 1 1 0 4 1 0 0 2 1 0 2 1 0 6
1 3 4 1 6 4 0 7 5 3 5 2 2 5 0 5 11 13 7 14 2 8 1 7 4 0 6 6 16 15 4 7 13 0 11 51 23 0 2 7 45 1 1 15 0 27 19 6 2 7 17 6 0 2 3 11 0 68 5 9 2 13 3 5 2 10 8 1 0 4 8 4 7 4 10 10 25 0 6 3 0 36 29 24 15 5 2 4 31 8 3 1 5 1 3 1 9 0 0 10
10 9 20 5 4 4 6 1 12 1 1 4 0 9 9 8 7 2 15 24 9 6 2 24 4 0 12 10 22 20 0 1 17 1 1 10 21 27 0 8 0 4 2 0 14 4 16 9 1 0 9 7 7 4 9 7 26 3 2 0 4 0 5 18 0 12 11 7 11 5 1 2 14 27 0 15 2 8 13 2 0 4 11 0 2 6 27 3 22 0 3 4 2 4 1 13 0 0 4 36
5 0 1 5 1 2 0 1 1 2 2 3 0 1 5 5 1 3 7 1 1 6 4 1 4 0 3 6 1 17 2 5 3 2 0 3 3 1 9 2 0 1 24 3 4 1 10 1 8 1 2 10 0 2 0 9 3 0 4 1 1 1 1 13 0 5 4 4 9 6 9 6 0 4 5 5 7 1 1 2 1 3 3 4 1 19 4 0 15 3 1 1 1 0 4 8 1 2 3 2
0 1 0 1 1 0 4 0 0 1 0 0 0 1 0 0 0 0 1 0 0 0 0 0 1 2 0 1 1 0 0 0 0 0 0 2 0 0 0 0 0 0 0 0 0 0 0 0 0 0 1 0 2 0 1 0 0 0 1 0 1 1 0 0 0 1 0 0 2 0 1 0 1 0 0 0 0 5 3 0 0 1 0 0 0 0 0 0 1 1 0 0 0 0 0 0 0 0 0 0
0 1 0 0 0 0 1 1 0 3 0 0 0 0 0 0 1 0 0 0 0 1 0 0 0 0 0 0 0 0 2 0 0 0 1 1 0 0 0 0 0 0 0 0 0 0 0 2 0 1 2 0 0 0 0 0 0 0 0 0 1 0 0 1 2 0 0 0 0 0 1 1 0 0 0 1 0 0 1 0 0 0 0 0 2 0 0 0 0 0 0 1 0 0 0 0 0 0 0 0
1 0 0 1 0 0 0 0 0 0 0 1 0 1 0 1 1 1 0 0 0 0 2 1 5 2 0 0 0 1 0 0 1 1 0 0 0 1 0 0 0 1 0 0 3 0 1 0 0 1 0 0 0 1 0 0 1 0 0 0 0 1 2 0 0 0 0 0 0 1 0 3 0 0 0 0 0 0 0 0 3 0 0 1 0 0 0 0 0 0 1 0 0 1 2 0 0 0 0 0
6 1 10 3 0 0 2 6 4 11 3 8 27 11 8 1 0 5 1 1 7 6 1 0 3 0 2 8 5 1 11 1 1 3 1 1 4 4 1 0 2 2 0 6 8 9 2 0 4 0 0 3 11 3 2 0 2 0 0 0 1 7 1 1 1 1 7 5 3 5 1 1 0 10 13 1 1 1 0 10 25 8 1 4 2 1 1 4 2 3 4 1 2 0 10 0 6 6 2 8
0 1 1 0 0 0 0 0 0 1 2 1 0 0 1 1 6 0 0 1 1 0 0 5 0 0 0 0 0 0 0 0 0 1 0 1 1 2 0 0 0 1 0 0 1 1 0 0 1 0 0 3 0 1 0 0 1 0 0 1 0 1 0 1 0 0 0 1 3 0 0 2 0 0 0 0 0 1 0 2 0 0 0 0 0 0 0 1 0 0 0 1 0 0 1 0 1 0 0 0
0 0 8 11 8 1 7 0 3 7 16 11 3 15 5 2 15 1 6 0 1 9 2 2 5 21 8 5 42 2 5 24 0 19 1 11 2 11 13 0 5 4 1 6 4 8 1 25 1 0 4 6 6 10 2 0 11 24 4 0 0 4 0 4 6 4 2 0 21 7 2 4 7 1 11 12 15 3 5 1 5 12 12 14 13 9 3 5 12 16 0 4 3 11 15 14 7 66 0 14
7 3 3 0 1 10 0 8 18 4 10 2 4 2 9 2 2 9 11 1 2 0 1 7 0 12 3 3 4 1 0 0 1 1 10 12 0 1 4 0 0 6 4 5 0 5 5 3 11 2 7 1 1 8 7 7 9 6 0 2 3 3 2 0 0 0 2 5 9 0 3 6 5 0 4 2 1 12 0 0 3 0 0 3 7 12 1 7 0 2 1 3 5 2 13 4 1 6 2 8
0 0 1 0 0 0 0 0 0 1 1 0 0 0 0 0 0 0 1 0 1 1 0 1 0 0 0 0 0 0 0 0 0 0 0 0 0 2 2 0 2 0 0 0 0 0 0 0 1 1 0 0 0 0 0 0 1 2 0 0 0 0 1 0 0 0 0 1 2 0 0 1 1 1 1 0 0 0 1 0 0 1 0 1 0 0 0 0 0 0 1 0 2 4 1 0 0 0 1 0
0 1 4 0 0 0 1 1 1 0 0 0 0 0 0 1 0 0 2 0 1 0 0 1 0 0 1 0 3 0 0 0 0 2 2 0 0 0 0 0 1 0 0 0 0 0 0 1 1 0 0 0 0 0 0 0 0 0 0 0 0 2 0 1 0 0 0 0 1 0 0 0 0 0 0 0 0 1 0 0 0 3 1 0 0 0 0 0 0 1 0 2 0 0 5 0 1 0 0 0
0 0 0 1 0 1 0 0 0 0 0 4 0 0 0 1 0 2 0 1 2 0 0 1 2 0 0 0 0 0 0 0 0 1 0 0 0 0 0 5 2 0 0 0 0 1 0 0 0 0 0 0 0 1 1 0 0 0 0 0 0 7 0 0 0 0 0 0 1 0 2 0 1 2 0 0 0 1 0 0 1 1 0 0 2 0 0 1 0 3 0 0 0 6 0 0 7 0 3 3
0 0 1 9 0 1 0 0 1 13 0 6 0 9 0 0 5 1 0 11 4 0 0 1 0 1 1 0 0 0 0 6 0 0 0 0 0 0 1 0 0 1 0 0 7 3 2 0 0 0 0 0 2 0 1 1 0 1 0 0 0 0 1 0 0 2 0 0 0 0 2 3 0 0 0 1 0 1 2 0 0 1 0 0 0 0 0 3 0 0 1 1 0 0 4 0 0 6 0 0
3 0 3 7 0 2 6 7 5 2 8 14 0 0 2 6 24 4 0 2 2 5 5 13 0 0 33 19 15 9 3 2 3 0 4 2 18 10 13 1 5 15 8 10 13 4 6 19 12 4 5 22 10 9 2 0 3 12 9 5 9 10 2 45 8 0 1 2 5 9 1 26 3 2 1 3 1 6 12 4 7 14 4 3 21 2 31 0 3 6 3 5 51 13 3 0 9 5 5 5
3 0 3 2 2 10 2 1 2 7 4 10 9 1 0 0 10 1 0 4 5 4 0 2 1 17 3 4 12 0 0 0 0 2 0 1 19 7 0 1 2 4 0 24 8 6 1 0 2 5 3 0 3 0 3 0 0 0 3 2 1 15 13 4 5 1 2 3 27 5 15 0 12 0 2 2 8 1 9 0 4 15 9 10 1 2 0 2 1 2 4 2 3 14 0 14 5 3 15 0
5 3 2 6 4 0 7 4 23 1 3 3 0 3 8 0 0 0 0 2 6 8 2 0 2 19 2 2 1 0 14 0 11 2 4 3 6 1 1 3 5 11 3 12 5 4 6 1 5 2 4 7 0 2 0 3 2 1 13 1 1 1 24 0 5 5 11 19 4 0 0 16 4 0 2 2 2 3 0 10 1 1 4 0 0 1 0 6 1 3 10 4 0 3 1 0 0 0 1 12
2 0 2 0 0 0 1 0 0 1 0 0 1 0 1 0 2 1 0 0 0 2 0 0 0 0 0 0 0 0 0 0 0 1 0 0 6 3 0 0 0 0 1 1 0 0 0 0 0 1 0 0 0 2 0 0 0 0 0 1 0 1 2 2 1 4 0 2 1 1 0 0 0 0 0 0 0 0 0 0 0 0 0 0 0 0 0 1 1 0 0 1 1 1 0 0 0 1 2 1
0 14 3 3 1 8 5 0 0 15 5 8 2 23 1 4 0 0 0 13 20 5 1 24 29 20 6 0 11 0 13 1 6 3 15 3 1 11 4 14 0 7 3 7 0 0 8 6 3 4 1 6 6 2 6 1 5 14 0 19 11 3 11 4 5 4 1 2 1 0 18 0 11 12 13 2 6 9 9 1 9 7 0 18 3 5 20 47 10 15 2 38 16 6 0 8 12 1 21 3
5 1 7 2 5 0 5 9 2 4 2 4 1 12 2 2 21 2 5 13 11 4 6 3 6 21 9 16 1 1 1 37 0 6 3 3 0 2 3 11 0 1 1 1 17 20 3 2 11 4 1 4 10 30 0 2 0 3 25 17 27 1 44 1 4 5 10 0 7 2 0 7 26 1 6 4 2 3 11 8 3 13 8 6 11 1 11 13 21 2 47 1 2 10 5 5 2 11 20 9
3 6 2 0 5 12 5 7 8 2 4 3 2 1 5 3 6 11 5 1 6 1 3 7 1 2 6 3 4 4 0 4 4 6 0 7 2 0 3 5 1 1 3 5 4 2 0 8 4 4 1 0 0 7 12 4 0 12 2 2 4 3 2 3 2 0 0 1 3 18 2 13 2 0 0 7 5 2 3 4 5 1 3 5 3 0 1 12 1 7 2 4 3 4 5 5 0 8 34 10
0 1 4 1 4 10 0 1 5 2 6 3 2 3 3 1 2 6 3 7 0 1 7 4 4 11 11 1 9 1 0 3 1 2 10 4 3 4 1 2 25 1 1 1 1 30 3 2 0 0 0 7 0 7 0 1 1 1 5 14 4 3 2 6 2 2 4 1 2 11 2 2 11 0 14 9 0 12 1 1 2 5 5 3 9 3 1 3 0 6 0 5 5 1 2 20 8 15 6 9
0 1 0 0 0 0 1 0 0 0 1 1 4 2 0 1 0 0 0 0 0 0 0 0 0 0 1 2 0 0 0 0 0 0 0 2 0 0 1 1 0 0 0 0 1 0 0 0 4 0 14 0 1 1 0 0 0 0 0 0 0 0 3 0 0 0 0 0 0 1 0 0 0 0 1 0 0 0 0 0 0 0 0 0 0 0 0 0 1 0 0 0 0 0 0 1 0 0 1 0
1 0 12 2 2 2 2 7 1 4 0 6 4 4 3 1 0 1 4 2 4 3 0 6 5 0 9 3 15 0 0 0 4 1 0 2 1 1 6 6 8 2 5 1 1 18 3 2 3 1 6 9 7 3 2 2 4 3 3 5 16 1 7 0 2 1 5 0 1 2 4 10 16 6 2 1 4 6 0 0 19 1 3 19 1 5 1 1 1 1 6 0 2 0 3 0 0 2 5 3
0 1 0 2 0 0 0 0 2 0 1 2 0 0 0 0 0 0 3 0 1 2 3 0 3 0 0 1 0 0 0 0 0 0 1 0 10 1 1 0 0 1 0 1 0 0 1 0 0 0 0 0 0 0 0 0 1 1 0 1 1 2 1 2 0 0 0 0 0 0 0 0 0 0 0 1 0 1 0 2 0 0 0 0 0 3 5 1 1 0 0 1 1 0 0 1 0 2 0 0
0 1 1 10 1 0 3 1 0 4 0 6 1 1 15 0 3 0 0 4 1 1 1 0 0 1 0 2 0 0 0 2 2 0 0 0 4 3 0 0 1 0 0 0 1 0 1 0 1 0 0 0 0 2 0 0 2 0 0 1 0 1 1 0 0 0 0 1 1 0 0 11 1 1 0 0 1 0 0 0 13 2 1 0 0 1 0 2 0 1 1 1 0 0 7 0 0 12 2 0
0 5 6 0 0 6 12 1 2 0 5 0 6 0 0 3 0 0 31 1 2 1 8 9 4 3 0 3 6 3 2 0 0 16 1 8 0 4 3 1 6 5 5 1 0 2 0 1 0 0 12 1 8 3 0 0 7 4 3 4 1 0 0 0 8 7 0 6 5 0 4 0 0 6 0 2 0 2 1 2 1 1 3 5 1 0 0 2 9 14 2 2 7 5 0 0 13 0 0 1
0 1 0 1 0 2 3 0 0 0 0 0 0 1 0 0 0 0 1 1 7 1 0 1 0 0 2 0 0 0 0 0 0 0 0 1 0 0 2 0 4 2 1 1 0 0 0 1 3 1 0 0 0 0 0 8 0 0 2 0 0 0 0 0 3 0 0 1 0 0 0 2 0 0 0 2 0 0 0 0 0 1 2 0 0 1 0 0 2 0 1 0 0 0 0 0 1 0 0 0
29 9 27 0 4 1 22 2 3 3 8 4 2 0 2 0 4 17 9 17 46 1 1 5 1 0 9 24 0 29 6 3 18 9 2 1 5 5 2 1 5 5 9 9 2 2 6 7 8 0 1 2 0 0 8 5 2 1 6 2 9 16 6 11 9 30 1 9 0 42 4 2 10 2 11 23 5 0 0 1 13 6 5 8 44 1 14 7 1 2 5 19 0 13 1 11 8 1 9 42
0 0 1 0 0 0 0 0 0 0 2 9 0 0 0 0 0 0 0 0 0 0 0 0 0 0 0 1 0 0 0 1 0 1 0 0 4 1 0 1 0 0 0 0 0 0 0 2 1 0 0 0 0 1 2 0 0 0 0 0 0 0 12 0 0 0 2 0 0 1 0 0 0 0 0 1 0 1 0 1 0 3 0 0 0 2 0 0 0 0 0 1 0 0 0 0 1 0 0 1
1 41 2 7 8 2 5 12 0 0 11 4 10 2 9 10 2 2 8 12 3 8 0 22 6 12 4 6 1 1 2 3 3 2 1 13 3 6 4 4 1 4 2 1 6 5 8 10 6 8 20 15 0 13 1 0 8 14 22 5 2 8 10 9 4 0 10 1 3 10 0 2 0 0 14 0 19 34 9 7 1 1 4 5 4 1 16 2 22 3 10 5 1 9 4 9 4 14 12 3
9 2 13 7 2 4 17 10 3 5 2 5 6 1 0 20 1 2 2 2 11 0 10 2 1 13 6 0 0 37 2 13 2 5 2 0 4 7 11 14 4 18 5 7 1 9 4 0 11 1 6 13 0 3 0 0 3 0 5 4 7 2 4 4 7 7 7 17 4 1 5 0 8 5 12 5 3 1 6 2 5 1 0 3 22 1 2 3 5 6 1 1 7 2 1 4 4 6 7 2
0 0 0 0 2 1 0 0 0 1 0 2 0 0 1 0 0 1 0 0 0 0 0 0 0 1 2 0 1 0 1 0 0 0 0 0 0 0 0 0 1 0 0 0 0 0 0 0 1 0 0 0 0 0 0 0 0 1 0 0 0 0 0 1 0 0 0 1 0 2 1 1 0 0 0 0 0 0 1 1 0 0 0 1 0 0 3 0 0 0 0 0 0 0 1 1 0 0 1 0
12 17 3 5 5 12 6 5 16 1 1 1 13 14 8 7 6 0 6 3 18 12 4 0 0 14 1 10 16 3 5 0 0 1 3 6 0 2 0 14 4 4 32 10 10 11 7 3 10 0 12 1 1 4 9 5 8 0 6 2 0 2 3 1 1 6 0 13 10 0 0 5 0 1 18 7 11 5 16 4 0 5 6 0 20 4 6 1 0 1 2 3 6 2 3 0 2 1 4 6
8 6 1 11 10 8 10 0 0 39 2 11 17 5 4 5 1 3 3 8 0 8 6 11 4 4 6 6 17 37 14 1 0 4 6 7 8 1 2 0 7 13 6 0 7 1 8 2 1 10 5 3 6 15 6 17 8 6 0 4 5 19 6 4 12 16 1 0 2 0 4 3 2 3 0 2 20 5 2 14 0 2 2 7 4 0 4 5 17 13 12 11 0 13 7 8 4 4 5 3
6 6 0 6 7 0 3 1 2 7 10 0 0 1 9 6 2 9 22 16 1 2 10 4 1 4 0 14 0 0 6 2 20 0 0 2 26 4 0 1 4 9 5 0 3 19 3 18 4 5 3 9 9 1 3 11 0 7 8 13 0 26 4 0 2 8 6 1 0 4 1 4 1 1 13 5 26 6 4 3 5 15 7 5 10 15 16 1 6 13 14 5 1 2 0 0 5 7 3 8
0 0 0 11 1 0 0 1 0 1 0 12 2 12 1 0 1 5 0 8 0 0 0 0 0 0 0 0 0 2 0 3 1 0 7 0 0 0 0 0 0 0 0 0 1 0 2 0 0 2 0 0 1 1 0 0 0 0 0 0 0 0 7 0 0 0 0 0 1 0 0 5 0 0 0 0 0 0 3 0 3 16 0 0 1 0 0 0 0 0 1 0 0 0 3 2 0 0 0 1
3 22 1 0 11 2 1 3 2 5 1 29 9 2 14 2 0 5 5 3 4 5 13 11 1 5 1 5 2 0 13 9 0 1 3 7 4 2 2 25 2 2 10 3 0 2 4 6 0 6 4 1 3 1 2 7 14 2 2 4 0 4 4 0 6 1 12 6 1 6 0 0 9 7 3 4 1 2 10 0 28 12 2 5 5 1 1 3 0 3 4 1 6 0 12 2 1 4 0 1
4 19 5 11 1 0 7 2 0 5 3 5 7 4 5 3 19 0 5 6 13 8 0 0 2 3 1 13 5 1 0 1 0 6 4 5 2 13 17 0 7 5 2 1 5 3 0 5 7 38 0 3 6 8 0 6 21 12 1 1 9 3 0 7 22 9 5 7 11 3 1 0 16 0 0 0 9 6 2 5 11 22 10 15 14 8 9 0 10 2 7 0 7 3 1 7 4 1 2 9
2 0 1 0 0 2 0 0 0 0 0 0 7 0 1 1 0 0 0 1 0 1 0 0 0 0 0 1 1 0 0 0 3 0 0 0 1 0 0 1 0 0 1 0 2 1 0 0 0 0 4 0 0 0 0 0 0 2 3 1 0 0 1 0 0 1 0 2 1 1 0 0 0 1 1 0 1 0 0 0 0 0 0 0 0 0 0 0 0 0 1 0 5 0 0 0 0 0 0 0
4 12 11 11 5 2 8 1 1 3 4 3 17 22 5 7 2 6 5 18 13 0 2 14 6 1 20 4 4 4 4 15 4 6 5 5 9 0 7 1 2 15 3 1 9 8 14 14 23 7 7 3 2 3 4 12 2 5 6 13 7 14 6 0 6 3 8 36 10 23 0 8 21 12 4 18 1 10 5 5 8 3 7 20 1 0 20 13 3 7 1 34 3 12 6 2 1 4 20 3
0 0 0 0 0 0 0 0 0 0 0 1 0 0 1 0 1 0 1 0 0 0 0 0 1 1 0 0 2 0 0 0 0 0 0 0 0 0 0 0 0 0 1 0 1 1 0 0 0 0 0 0 0 0 0 0 1 2 0 0 0 1 0 0 0 0 1 0 0 0 0 0 0 3 0 0 0 2 0 0 0 0 1 0 0 2 1 1 1 0 0 0 0 0 0 17 0 0 1 1
6 0 2 1 1 1 11 3 7 0 0 2 0 1 2 7 0 9 4 0 3 6 2 0 3 4 1 0 0 0 1 1 1 0 4 1 2 5 5 3 9 1 6 5 0 0 6 0 0 11 1 2 2 7 2 7 7 0 25 1 4 20 4 2 1 5 2 0 13 10 6 1 8 7 2 10 13 1 1 5 8 1 9 2 3 3 2 12 0 0 0 1 12 1 3 0 1 5 0 4
20 2 1 0 0 2 0 0 2 4 2 2 6 4 1 1 2 6 2 2 4 3 1 1 5 0 1 7 2 0 2 13 2 10 11 0 8 1 4 1 2 2 0 1 1 10 2 3 1 6 1 4 1 2 6 1 5 3 3 6 0 0 3 9 1 2 2 2 2 9 1 5 6 5 0 1 11 2 3 5 15 2 4 12 1 5 14 15 3 10 10 1 5 3 8 2 28 2 18 0
0 0 0 0 1 1 0 0 0 0 1 0 0 0 1 4 2 0 6 1 5 0 1 0 0 6 6 2 0 0 0 0 0 3 3 0 0 0 1 0 0 0 0 0 0 0 0 0 0 1 2 0 0 0 2 1 0 0 1 0 0 0 0 25 10 0 0 1 2 6 0 0 4 17 0 2 1 0 0 0 0 1 0 0 1 4 9 0 0 1 1 1 0 0 0 3 0 1 7 0
4 0 10 6 2 8 0 1 0 0 5 14 0 1 0 0 7 0 11 8 2 2 1 4 12 0 9 2 1 7 8 1 9 1 5 1 8 1 1 0 1 8 0 5 11 3 4 0 4 3 6 9 1 4 7 1 0 1 5 1 2 4 5 1 1 0 13 12 0 6 0 0 3 1 12 1 0 2 4 5 0 1 0 6 6 5 12 20 0 0 2 8 1 6 6 1 1 5 4 0
11 6 3 3 0 0 1 2 1 8 0 7 26 7 1 9 2 1 10 19 3 1 3 0 3 7 7 0 21 5 8 2 8 8 3 6 8 4 6 9 13 0 10 11 3 18 1 14 3 10 1 17 11 2 0 2 16 19 19 7 11 0 2 19 1 11 1 14 22 4 0 6 1 9 3 28 1 4 7 10 0 13 2 0 8 18 2 26 3 5 31 0 0 1 7 3 2 11 7 0
5 2 3 3 5 13 0 7 0 0 0 9 0 4 2 5 2 1 8 1 3 0 20 5 0 3 0 1 5 0 9 2 1 6 6 17 2 1 17 3 8 1 3 11 0 10 2 9 4 3 14 3 4 0 12 8 0 0 0 0 0 2 0 0 4 4 1 1 11 7 0 0 1 8 4 3 0 0 0 9 7 9 7 1 0 4 2 2 0 0 2 0 14 2 0 10 8 2 1 2
3 1 4 0 0 9 7 5 4 31 0 1 2 0 4 0 5 4 9 0 5 2 0 15 2 4 5 0 2 7 1 0 4 3 4 1 3 2 1 2 0 16 0 8 0 7 1 7 1 1 0 1 7 6 0 4 2 0 2 2 1 0 1 4 2 3 1 7 8 2 3 16 9 1 0 2 1 1 2 0 18 5 8 4 2 3 6 1 3 3 4 6 3 0 10 5 2 6 0 2
1 0 0 0 0 0 0 2 0 0 0 0 0 3 0 0 19 0 0 3 0 0 0 1 0 2 0 0 0 0 0 0 0 0 2 0 0 0 0 1 1 0 0 1 0 0 0 0 1 7 1 0 1 0 0 0 1 0 0 0 0 0 1 0 0 0 0 0 0 5 2 3 0 0 0 1 0 0 1 0 1 2 2 0 0 0 0 0 1 1 0 0 0 1 0 0 0 1 1 1
0 0 0 0 0 0 0 0 1 2 0 1 0 0 0 3 2 0 0 0 0 0 0 0 0 0 1 1 2 0 2 0 1 0 2 0 1 0 1 0 0 1 1 0 1 0 1 0 0 0 0 0 1 0 0 0 0 1 1 0 0 1 0 0 0 1 2 1 1 0 0 0 0 0 2 0 0 0 0 2 0 0 0 0 0 0 1 1 0 0 2 0 0 3 0 0 22 0 0 0
2 0 0 0 0 1 0 0 0 0 0 0 0 0 2 1 0 0 2 0 0 1 0 0 0 0 1 0 0 0 0 0 1 0 0 0 1 1 3 2 0 0 1 0 0 1 0 0 1 0 0 0 0 0 1 1 0 0 0 0 0 0 0 0 1 0 0 0 0 0 1 0 0 1 2 3 1 0 0 0 0 0 0 0 0 6 1 1 0 0 0 2 0 0 0 0 1 0 0 0
3 13 30 7 1 7 2 11 8 10 3 25 0 2 0 11 4 4 4 2 0 1 0 0 0 10 16 8 1 32 0 9 4 3 5 0 5 10 5 1 13 16 6 5 16 3 1 1 0 5 1 13 14 13 2 3 2 0 2 5 6 6 2 18 2 22 3 4 0 1 12 8 6 6 1 15 8 2 14 2 8 4 17 1 1 2 23 1 1 45 3 1 19 2 18 1 1 4 5 0
0 59 9 26 0 5 13 2 13 3 11 15 6 19 3 4 2 4 0 3 4 1 5 2 9 3 1 6 9 26 16 2 12 6 3 5 7 9 0 6 17 7 3 15 9 6 4 0 1 11 5 0 0 14 3 18 4 3 12 5 7 0 0 4 25 16 0 8 7 11 5 1 3 1 2 6 4 43 22 3 24 2 11 6 17 4 20 3 1 7 4 16 14 5 12 15 10 10 11 0
3 9 7 28 3 1 6 13 1 11 12 14 5 11 7 18 15 2 2 5 43 11 1 26 9 4 9 0 8 14 8 7 0 7 1 16 18 4 3 4 11 0 18 4 1 5 1 7 0 1 12 22 8 8 2 9 6 2 2 0 4 0 13 2 8 13 26 1 10 8 17 2 3 0 15 14 10 7 0 2 26 7 22 13 8 40 2 17 4 2 9 4 5 1 0 15 3 7 6 12
1 5 4 2 53 2 0 29 5 1 6 15 0 33 0 2 3 6 0 2 8 0 2 2 34 8 19 3 0 5 0 9 0 6 7 2 3 7 6 3 6 13 7 23 13 0 2 1 6 1 41 2 3 1 4 0 0 10 2 1 5 1 1 0 0 0 9 7 4 13 6 20 1 1 3 2 6 17 0 1 20 6 3 17 1 10 1 2 0 53 1 4 17 4 4 3 14 1 19 17
3 3 0 0 2 0 3 6 11 0 1 3 16 4 3 2 2 4 9 2 1 13 0 3 0 3 0 15 6 0 5 7 4 3 0 22 2 6 0 3 0 0 1 4 1 6 4 1 3 7 0 8 2 0 0 4 1 2 1 0 1 2 0 1 4 4 2 8 3 3 7 0 0 9 1 7 4 3 10 1 7 1 0 2 4 3 8 0 6 5 4 10 5 5 9 5 7 7 10 5
0 1 0 0 3 2 0 0 0 0 1 1 0 3 1 2 1 0 0 0 0 1 0 0 0 0 0 0 0 1 0 1 0 1 0 1 0 0 1 1 1 0 0 0 2 0 0 0 0 0 0 0 0 0 2 1 0 3 0 0 0 0 0 0 0 0 1 0 0 0 1 5 1 0 1 0 0 0 0 0 0 0 5 0 0 0 0 0 0 13 1 0 3 1 0 0 0 2 1 0
0 1 1 0 0 0 0 1 0 0 0 0 1 0 1 0 0 1 0 0 1 16 0 0 0 0 3 0 0 1 0 0 1 0 1 0 6 0 0 0 0 1 0 1 1 2 0 0 0 0 0 0 1 0 1 0 0 0 0 3 0 0 2 0 0 0 3 3 0 0 1 5 0 0 1 0 1 0 0 0 1 0 0 0 1 0 0 0 0 0 0 0 0 0 0 4 0 2 2 1
44 1 15 1 7 1 4 6 19 5 6 0 5 2 16 11 10 4 23 4 1 16 3 2 4 14 4 10 2 6 7 5 11 0 0 14 2 30 11 2 12 2 2 6 12 18 11 9 4 9 0 10 4 13 24 4 18 2 6 1 10 27 10 8 6 4 3 2 32 15 15 5 1 7 21 1 25 6 3 13 3 8 35 40 16 2 15 2 5 6 9 13 2 0 4 6 23 3 9 27
11 1 10 9 10 14 2 7 12 0 13 10 1 7 6 0 10 14 0 0 0 6 11 0 3 22 11 6 1 5 1 28 8 2 17 0 15 3 11 4 4 7 0 2 1 1 3 0 3 20 2 0 5 0 8 3 1 1 0 1 8 3 16 7 0 36 12 11 5 8 6 0 5 8 2 0 1 0 6 3 5 0 2 0 0 7 3 10 11 18 0 11 0 13 14 0 21 10 4 10
2 5 11 0 2 10 4 1 2 5 13 1 0 3 0 2 0 7 0 4 3 15 4 1 1 1 0 32 2 2 0 1 4 8 0 5 4 2 16 2 1 1 1 4 3 2 3 4 13 2 0 5 2 14 3 3 3 4 7 0 1 1 8 2 25 0 1 3 11 3 2 10 6 9 9 1 15 3 0 16 5 10 5 3 9 0 25 7 0 8 39 12 1 0 0 15 0 3 3 3
10 11 11 18 0 7 4 7 13 9 2 6 8 12 0 0 8 11 0 1 2 1 6 5 31 9 12 7 3 1 0 8 16 0 15 12 13 16 3 22 4 0 6 10 3 6 9 5 5 13 4 24 9 7 1 9 0 0 5 11 11 8 2 10 0 4 9 6 0 26 9 3 6 7 9 2 10 22 22 5 7 11 0 6 0 3 2 17 8 6 11 2 0 0 2 2 9 12 19 5
0 0 1 0 0 1 0 2 0 0 0 0 0 0 2 1 0 0 10 3 0 0 2 0 1 0 0 0 0 1 0 1 0 0 0 1 0 0 1 0 0 0 0 0 0 1 0 2 0 0 0 0 1 1 0 0 0 0 0 0 0 0 0 0 2 0 0 0 0 2 1 0 0 0 1 0 2 0 1 0 0 1 0 1 0 3 0 1 0 0 0 0 0 0 0 2 2 2 0 0
0 1 0 2 0 0 0 0 0 1 4 1 1 2 0 0 1 0 3 0 0 0 0 0 0 0 0 2 1 0 0 0 0 0 0 0 0 0 0 0 1 0 0 0 0 0 0 0 0 0 0 0 0 0 1 0 0 0 0 0 0 1 0 0 0 0 0 1 0 1 1 0 0 0 0 0 0 0 2 0 1 1 0 0 0 0 1 1 0 0 5 0 0 1 0 0 2 0 2 0
3 3 0 10 11 12 8 1 2 5 10 8 7 19 9 4 8 16 1 5 6 6 6 8 7 0 27 2 8 12 20 2 6 0 16 3 7 3 11 13 3 17 7 2 23 6 3 2 21 2 5 4 8 1 15 0 0 5 26 1 3 1 18 7 2 0 6 7 9 42 0 8 6 4 0 0 3 8 7 15 6 12 10 16 8 2 0 1 5 4 20 21 19 1 7 5 10 2 21 11
1 6 0 4 3 2 12 5 7 0 17 13 2 2 0 1 1 2 2 4 0 0 14 3 1 0 10 1 0 0 2 5 2 6 2 1 1 2 0 0 0 3 2 2 25 6 2 4 1 0 2 5 0 3 2 1 1 0 10 6 2 0 0 0 1 0 9 14 2 5 12 5 0 0 2 1 1 5 7 8 2 6 4 0 3 3 1 8 0 40 4 3 1 1 4 1 1 3 2 12
0 0 2 0 2 1 4 0 3 3 0 1 0 0 1 0 0 0 1 1 0 0 1 0 0 0 0 0 2 4 2 0 1 0 0 0 0 1 2 0 0 1 0 1 6 1 0 1 0 0 1 0 0 0 0 0 0 0 0 0 1 0 0 0 0 0 0 3 0 0 0 0 0 0 1 0 1 2 2 0 0 1 0 0 1 0 0 0 0 1 0 0 2 0 4 1 1 0 0 0
0 0 3 6 2 2 3 0 1 0 0 10 2 1 23 3 2 4 3 2 6 4 2 3 2 6 1 10 9 8 4 0 1 0 0 10 1 7 5 7 7 5 0 1 9 4 4 28 0 8 4 1 1 3 1 8 1 13 5 8 1 11 2 4 0 12 3 4 8 0 4 8 0 4 0 2 5 2 7 4 3 0 4 5 6 2 1 0 4 9 4 0 1 1 2 0 1 0 1 9
0 0 2 3 4 0 7 3 0 2 25 6 5 0 1 0 0 1 0 0 0 7 2 0 20 1 1 0 0 1 1 3 1 0 1 0 1 8 3 2 0 10 6 0 1 1 3 5 4 3 8 1 5 0 6 2 2 0 1 3 1 2 5 0 0 0 15 1 1 1 0 6 0 0 6 6 2 3 5 0 1 3 3 0 1 0 0 3 0 4 0 0 1 10 32 2 1 0 0 3
0 0 1 6 0 2 0 0 0 5 0 2 6 0 1 0 1 6 1 0 0 2 1 5 0 0 0 0 0 1 0 2 0 0 0 0 0 1 2 0 0 0 0 1 8 0 3 0 0 10 0 0 2 1 0 0 0 0 1 0 0 0 2 1 0 0 1 0 0 0 2 1 1 0 0 2 0 0 1 0 0 1 0 8 0 0 1 0 0 0 0 0 0 0 7 2 0 2 1 32
0 2 0 1 0 2 2 7 3 4 8 5 9 6 1 1 1 4 0 3 5 0 0 4 3 8 3 1 7 1 0 0 4 4 0 5 2 6 11 0 3 22 0 25 10 2 0 6 8 0 0 0 7 3 5 7 1 3 2 3 8 6 0 4 0 2 1 6 0 7 3 1 2 2 8 7 1 2 4 0 0 2 3 1 5 0 3 2 9 0 1 1 4 0 4 0 13 19 3 12
5 3 13 0 5 6 0 3 2 0 2 0 12 0 1 8 0 0 4 0 0 12 0 0 2 0 3 0 1 3 2 0 1 0 4 1 1 9 9 9 2 7 4 0 0 1 1 6 6 0 0 1 1 2 3 0 8 0 0 12 0 10 0 3 0 2 12 5 2 1 2 0 0 0 3 15 0 3 0 0 0 1 0 3 3 2 1 1 1 17 3 2 0 0 0 5 4 0 6 0
4 4 1 7 16 0 6 25 5 1 6 1 13 2 0 6 4 8 1 0 29 3 3 1 27 14 8 1 14 9 12 7 3 0 8 32 11 3 0 0 12 1 23 2 3 32 2 8 9 0 3 16 11 6 20 1 6 0 3 2 14 13 10 20 3 2 9 5 0 0 1 2 24 1 6 5 3 3 3 10 2 5 2 3 0 11 25 9 8 11 6 22 15 26 1 3 11 20 1 4
1 11 11 11 5 2 15 14 6 2 15 22 1 6 12 2 0 7 2 1 7 9 0 21 4 0 0 8 6 5 1 10 3 3 6 32 2 8 19 9 8 1 0 8 3 7 4 16 2 47 2 2 0 23 18 4 2 10 12 0 2 11 2 1 0 4 6 2 8 3 18 2 11 1 7 8 12 2 7 0 17 10 2 13 0 3 2 17 0 6 12 11 12 27 2 3 9 4 0 6
1 14 7 26 5 11 5 1 11 3 0 0 17 8 1 21 8 4 2 6 3 14 2 1 20 17 15 8 5 1 5 21 5 2 26 18 8 3 8 9 1 12 8 8 12 1 1 6 1 0 3 12 5 0 6 10 16 1 4 12 16 2 1 13 5 0 15 33 0 16 1 0 20 3 4 12 3 14 0 28 0 1 4 4 23 7 14 22 2 6 0 4 0 2 3 12 2 4 8 8
0 0 0 0 0 0 0 0 0 2 0 0 0 0 0 0 0 0 1 2 1 0 0 1 0 0 0 0 0 0 0 0 0 1 1 0 0 0 0 0 0 2 0 0 0 0 0 0 0 2 0 0 1 0 0 2 0 0 0 1 1 0 1 0 0 1 0 1 0 2 1 0 1 0 0 0 0 0 0 0 0 0 0 0 2 0 1 2 1 0 1 2 0 0 0 0 0 0 0 0
2 1 0 0 0 0 0 1 0 1 5 10 2 0 1 0 1 1 0 4 0 4 0 2 7 0 0 0 1 7 0 1 1 0 3 0 8 13 3 0 1 1 1 4 4 5 0 3 6 9 3 1 2 1 0 4 0 0 1 1 10 1 8 3 0 3 4 6 10 1 1 2 0 0 10 0 0 4 7 0 17 3 0 3 1 0 0 5 6 0 1 0 7 0 20 1 0 7 0 3
0 0 0 3 0 1 1 13 0 1 3 6 2 3 5 3 8 5 0 1 0 0 0 1 1 0 2 1 2 0 0 1 3 0 2 0 0 3 9 0 4 4 0 6 4 8 2 0 2 6 1 9 6 5 0 0 0 1 3 0 1 0 0 0 0 1 2 1 2 0 1 10 0 0 1 1 0 1 6 0 0 2 0 1 0 0 0 6 1 1 1 0 0 1 7 0 0 0 0 7
1 0 0 1 1 1 0 0 0 5 0 7 0 3 4 0 10 0 0 7 1 0 0 0 0 0 0 0 1 0 0 4 0 0 1 1 0 3 1 1 0 0 1 0 9 0 5 1 0 1 0 1 0 0 1 2 2 1 0 0 0 1 1 2 0 4 0 0 0 0 0 3 0 0 0 0 1 0 2 1 2 0 0 0 0 0 2 0 0 0 0 0 0 0 8 1 1 2 0 7
0 0 0 0 1 2 0 0 0 0 2 1 1 0 1 1 0 0 0 0 0 0 0 0 1 0 1 0 0 0 0 0 0 0 0 0 0 0 1 1 0 0 0 0 1 0 2 1 0 0 4 0 0 0 1 0 0 1 0 0 0 2 0 0 0 0 0 0 1 0 0 1 0 0 0 0 0 1 4 0 0 0 0 1 0 0 1 0 0 0 0 0 1 0 0 0 0 1 1 1
0 0 0 0 2 1 0 2 0 1 0 0 0 0 0 0 0 0 0 2 0 0 0 0 0 0 0 1 0 0 0 0 0 0 1 1 1 0 2 0 0 0 2 0 0 0 1 1 2 0 0 0 1 0 1 0 2 0 0 0 0 0 0 0 0 0 0 1 1 2 0 0 0 0 0 0 0 0 1 0 0 0 0 2 0 3 1 0 1 0 0 0 1 0 1 0 4 0 6 0
0 1 0 2 0 3 0 1 0 1 0 0 0 0 0 0 1 2 2 0 0 1 0 0 0 2 13 3 1 0 0 0 1 2 0 0 2 0 0 0 0 0 0 0 0 0 1 1 1 1 0 1 0 0 0 0 0 2 0 0 0 0 0 3 4 0 0 1 0 2 0 2 0 5 0 0 0 0 0 7 0 1 0 0 3 0 3 0 0 0 6 3 0 0 1 9 0 1 6 0
0 0 0 0 0 0 0 1 0 3 0 0 0 1 0 0 1 0 12 0 0 0 0 0 0 0 0 0 0 1 0 0 1 1 0 0 0 3 0 2 0 0 0 0 0 1 2 0 0 0 1 0 1 0 0 0 0 0 0 0 0 2 0 0 0 0 2 0 0 0 0 1 0 0 0 0 0 1 0 0 0 0 0 0 0 8 0 0 1 1 1 0 0 0 1 1 0 0 0 0
1 1 1 0 0 0 0 0 0 0 0 0 4 1 0 0 2 0 0 0 0 0 0 0 1 1 0 1 0 0 0 1 1 0 4 0 0 0 0 0 0 1 0 0 0 1 0 0 19 0 0 0 0 0 0 0 1 0 0 0 0 0 1 0 1 3 0 0 0 3 0 0 1 0 4 0 1 0 0 0 0 1 0 1 0 0 0 0 1 2 0 1 1 0 5 0 0 1 0 4
12 0 1 2 9 5 39 11 3 3 10 2 19 5 6 2 3 1 5 1 7 1 15 8 0 4 8 0 4 14 12 1 4 3 4 0 7 0 30 5 6 1 3 6 19 15 5 1 7 23 0 4 1 3 0 9 0 5 0 0 14 16 6 17 3 6 5 9 2 9 10 2 3 4 5 11 16 8 0 14 3 3 4 14 11 4 16 3 23 12 14 1 21 1 13 8 3 3 0 0
4 4 1 0 3 0 5 0 31 29 11 0 0 3 1 1 8 1 8 8 5 16 0 6 9 7 5 2 1 0 7 2 0 0 3 6 4 6 7 5 4 3 8 6 17 3 3 2 0 0 7 2 3 7 1 5 3 2 0 1 4 1 0 13 5 0 5 1 0 1 1 13 0 0 0 11 1 0 6 10 11 12 8 10 10 13 5 4 1 2 5 0 2 4 20 11 2 4 1 2
14 5 5 17 9 2 0 15 4 3 4 12 6 0 5 1 9 7 21 13 21 3 0 6 9 7 14 16 2 13 0 4 1 15 17 8 2 21 4 16 13 1 1 3 3 6 18 9 0 17 13 2 4 9 13 2 4 20 2 16 0 4 11 1 4 1 55 9 19 2 15 3 15 0 4 1 1 11 12 0 0 10 2 10 21 4 6 3 14 11 0 6 14 2 15 1 1 2 1 10
0 2 0 0 9 0 4 2 1 2 12 6 0 18 6 1 0 5 0 3 3 1 2 2 8 12 0 0 3 1 0 7 5 3 2 13 10 2 0 0 2 0 2 7 5 1 23 1 3 0 1 4 5 1 3 2 1 1 3 2 0 3 5 4 0 0 3 2 0 6 6 6 5 2 1 8 0 1 2 2 1 1 2 0 5 1 3 1 4 1 0 3 7 0 8 1 0 2 5 1
3 0 0 2 1 4 6 6 2 43 3 1 1 23 5 2 0 2 5 16 5 10 7 0 5 1 0 5 1 2 1 1 11 2 16 5 9 11 0 4 1 8 3 8 7 7 4 0 2 5 10 2 8 8 3 4 3 0 0 1 0 0 0 0 1 8 6 6 7 4 5 11 2 3 10 5 0 7 3 3 10 7 4 4 1 4 19 5 2 9 2 11 0 0 0 6 0 5 3 0
2 2 0 27 1 4 2 4 31 4 4 1 2 29 5 13 11 4 0 1 6 12 1 11 1 1 1 1 3 0 7 7 11 8 0 12 2 22 5 21 3 1 3 26 1 21 0 18 4 0 2 11 6 5 9 4 3 1 5 0 0 1 20 3 4 5 5 14 10 6 16 6 0 9 13 5 2 5 0 27 0 28 2 5 20 0 6 10 4 2 1 7 2 9 28 13 28 12 11 6
22 3 11 13 5 4 6 7 0 6 1 2 11 12 8 0 4 4 20 2 58 8 4 5 34 9 9 10 2 4 6 1 12 20 8 2 8 14 1 4 5 1 7 14 5 3 3 0 2 8 2 11 8 10 4 1 6 9 30 4 4 1 59 5 5 6 0 1 15 2 2 0 3 0 0 6 8 1 5 18 8 0 2 2 14 3 4 3 13 6 9 9 1 0 5 4 23 12 32 4
0 17 3 0 2 1 0 1 0 0 3 0 1 9 1 4 7 3 14 5 6 5 1 4 6 2 18 5 1 3 0 3 6 7 2 9 4 10 4 7 14 2 0 0 3 18 6 5 1 0 8 1 0 2 4 2 1 1 3 15 0 0 2 1 4 5 6 1 6 2 1 0 1 6 1 8 5 13 6 0 0 3 3 9 1 1 1 11 10 3 3 0 0 7 9 0 13 6 0 13
7 5 5 9 2 5 0 1 5 2 1 6 4 11 8 11 7 5 2 10 1 15 0 16 17 5 18 8 25 1 20 0 24 9 1 20 3 0 4 2 26 0 1 1 6 1 9 0 22 17 22 4 0 6 0 16 19 2 3 0 35 0 1 0 1 37 0 8 8 8 7 9 0 6 1 21 4 5 32 7 12 0 5 16 4 1 7 9 7 16 2 22 5 11 3 36 0 1 7 1
2 1 1 2 1 5 1 2 13 0 6 5 0 2 1 2 6 1 0 1 3 9 8 3 14 5 20 3 19 45 7 2 11 1 2 1 4 3 5 10 1 4 4 0 1 1 2 0 6 5 10 7 2 15 15 15 0 2 14 3 5 0 8 0 8 3 8 5 9 0 11 10 1 0 5 18 10 2 4 2 0 0 19 12 1 10 14 8 9 11 6 0 6 1 10 0 5 12 22 20
0 2 0 0 2 0 2 3 0 0 0 0 1 0 0 0 0 0 1 1 2 1 0 1 0 0 0 1 0 0 0 1 0 0 0 0 2 0 1 0 0 0 1 1 6 0 1 2 0 1 1 1 0 0 0 0 0 1 1 0 0 1 1 0 1 1 0 1 0 0 5 0 1 0 0 0 0 0 0 1 0 0 3 0 0 0 0 1 0 2 1 0 0 0 0 3 0 0 0 0
1 9 4 8 7 5 16 2 1 0 0 3 1 7 0 4 13 7 3 8 5 0 1 0 0 6 6 18 2 3 9 10 0 2 4 1 5 0 0 5 8 5 2 6 7 2 2 4 15 1 0 2 4 5 8 5 18 3 4 0 5 1 0 0 1 31 1 0 3 2 0 0 1 6 0 1 6 9 4 0 4 3 10 0 2 12 14 1 1 6 3 2 0 6 8 4 1 3 0 4
4 3 2 8 0 7 0 13 3 4 1 6 3 9 2 4 23 0 6 24 2 1 0 12 0 1 6 1 0 0 2 3 2 1 0 2 1 0 0 33 2 0 1 1 7 2 21 1 1 6 0 4 9 7 0 0 0 2 2 6 11 0 48 8 7 1 2 0 16 2 0 15 10 5 0 0 1 2 15 3 3 2 2 5 4 1 2 5 3 0 5 12 2 6 7 2 1 10 2 0
