119
124
117
198
166
127
178
143
181
176
184
116
101
105
108
187
142
183
159
151
103
165
101
186
138
138
157
106
132
141
177
148
115
197
144
182
160
191
146
104
100
171
174
169
122
149
135
122
119
190
105
148
153
175
191
124
136
106
123
158
185
140
173
177
131
172
134
152
141
170
164
150
128
121
162
112
130
126
162
110
161
160
111
135
136
183
114
139
170
102
156
196
152
163
110
109
167
179
151
181
118
100
108
114
112
109
113
113
111
102
107
107
103
104
115
116
118
120
117
120
121
129
123
125
125
126
129
132
130
128
127
133
134
-1
131
189
137
188
137
197
142
140
144
146
143
189
147
192
149
150
156
155
153
154
198
154
155
158
139
157
159
163
161
165
166
164
172
171
167
168
169
173
168
193
180
174
175
176
180
182
179
178
147
184
185
186
187
195
193
196
188
194
133
194
145
192
195
190
145
