153
164
108
187
154
134
158
191
176
114
161
180
127
175
147
135
123
174
141
150
105
137
139
152
148
100
160
132
156
136
173
196
129
146
164
138
141
131
177
107
174
149
188
144
143
148
122
123
177
185
190
184
169
178
156
153
185
183
101
159
112
125
114
121
170
168
100
187
189
142
103
192
152
102
109
175
133
121
166
116
118
113
144
101
124
105
120
172
115
120
173
128
194
125
145
163
118
107
109
167
102
103
104
104
106
106
111
108
110
110
111
112
113
115
116
117
117
119
119
198
134
122
124
126
126
128
127
129
130
130
131
132
133
137
135
136
138
139
140
140
196
142
143
170
145
146
147
149
151
150
151
158
155
154
155
157
157
159
160
161
162
162
163
165
165
166
167
168
169
171
171
172
193
176
179
178
179
182
180
181
181
182
183
184
186
186
195
188
189
190
191
192
193
194
195
197
197
198
-1
