107
115
113
168
152
178
183
124
187
180
194
150
165
122
169
109
104
105
166
141
127
103
157
162
119
130
196
121
188
156
189
118
100
122
126
132
108
158
135
140
139
139
101
147
143
105
170
126
163
180
172
176
151
174
128
188
142
186
142
100
171
118
157
111
124
160
102
106
150
134
110
185
177
162
159
136
173
164
123
127
158
103
137
145
185
131
182
109
144
137
176
168
166
183
114
128
120
147
120
181
101
102
115
104
116
106
107
108
110
111
112
112
113
114
117
116
117
192
119
195
121
154
123
125
125
155
129
129
131
130
132
133
133
134
135
136
138
138
141
140
144
145
143
146
148
146
148
149
149
151
153
152
153
154
155
156
192
159
160
161
161
193
163
164
165
167
167
169
172
170
171
173
174
175
175
177
179
178
179
195
181
182
184
184
189
186
187
190
191
190
191
197
193
194
196
197
198
198
-1
