149
118
182
168
140
171
170
194
169
129
190
147
137
154
168
107
155
151
120
173
112
154
161
191
116
190
118
166
111
197
108
107
146
164
165
148
103
102
126
182
163
121
157
140
146
117
163
193
170
156
108
147
196
106
134
132
159
173
101
128
141
126
167
110
153
167
185
179
174
165
160
129
179
171
122
169
151
138
122
124
117
158
113
121
105
184
134
114
136
100
105
132
100
195
162
123
110
104
187
127
101
102
103
104
139
106
143
109
109
115
111
112
113
114
115
116
138
119
119
120
137
125
123
124
125
131
127
128
130
130
131
133
133
135
135
136
139
142
141
142
145
143
144
144
145
194
148
150
149
150
152
152
153
181
155
156
157
158
159
160
161
162
184
164
181
166
187
172
176
172
175
174
175
178
176
177
177
178
180
180
183
185
183
186
188
186
188
189
189
191
192
192
193
195
196
197
198
198
-1
