155
194
101
114
112
118
168
180
131
190
173
186
170
159
189
117
104
120
188
109
172
144
125
145
156
163
142
191
102
178
196
139
110
183
168
100
136
130
111
134
107
129
154
157
138
145
132
113
162
160
139
161
128
143
159
165
148
103
124
119
105
111
165
184
189
164
177
151
126
147
150
122
140
127
107
152
108
150
171
169
156
192
175
146
116
135
167
131
123
115
140
179
101
181
166
146
125
141
158
116
104
100
106
192
106
110
105
109
103
102
108
113
114
112
115
121
117
119
120
118
121
137
132
124
196
126
127
129
130
135
133
137
134
122
136
128
123
133
141
198
144
197
138
142
143
152
147
148
151
154
153
149
153
149
195
157
155
158
183
160
161
176
166
164
162
163
174
169
167
176
174
170
179
172
173
177
175
171
180
178
181
184
185
182
182
186
187
197
185
188
194
198
195
191
193
190
187
193
-1
