144
118
193
127
101
151
182
168
191
152
111
107
132
182
103
109
115
186
163
125
131
113
162
104
108
106
140
168
172
127
159
113
139
112
194
118
142
148
149
121
156
129
161
119
175
102
160
122
183
110
108
153
100
105
124
166
146
117
188
154
140
120
180
177
174
197
114
151
141
157
181
150
162
192
180
110
148
163
170
122
179
165
175
116
155
117
174
100
102
114
144
178
171
184
176
173
159
167
169
128
101
135
104
105
103
106
107
130
109
134
111
131
132
112
116
128
115
130
119
121
125
123
123
124
120
126
136
126
138
137
133
137
141
135
133
129
138
136
143
145
143
134
150
139
149
146
147
142
147
145
198
152
153
154
157
158
161
156
193
160
191
155
164
165
166
164
190
173
167
171
172
170
192
169
195
176
178
195
177
186
185
184
181
179
185
183
196
197
189
187
189
158
187
194
196
188
190
198
-1
