178
183
179
157
136
171
129
137
154
152
101
165
189
175
136
123
163
114
112
110
161
167
167
141
141
184
177
116
183
107
115
170
153
186
162
117
105
137
121
150
109
162
190
185
100
156
125
132
191
124
120
164
100
103
138
104
190
140
133
150
169
159
102
133
143
118
159
181
134
187
128
165
144
131
113
160
107
142
102
170
180
189
118
110
131
188
139
174
135
147
113
134
122
108
158
181
152
173
125
146
101
106
103
104
105
106
124
108
109
111
111
112
127
114
115
116
117
119
119
120
121
122
123
126
126
128
127
129
130
130
194
132
197
194
135
145
140
138
139
149
142
144
143
145
146
147
148
148
149
151
151
153
155
154
155
156
157
158
188
160
161
172
163
164
166
166
168
168
169
173
171
172
174
175
176
176
177
178
179
180
182
182
187
184
185
186
195
192
192
196
191
193
193
195
196
197
198
198
-1
