160
145
122
135
103
192
188
109
157
113
179
127
134
133
132
118
124
177
178
178
142
126
106
146
177
129
151
111
194
196
101
152
170
155
165
148
141
161
167
147
122
196
136
104
136
181
125
123
154
101
174
179
108
150
162
195
173
182
112
164
140
185
115
156
139
128
110
108
163
169
110
144
113
189
120
109
105
159
168
121
138
147
171
120
156
172
181
172
168
100
146
149
102
137
158
184
124
119
117
153
102
100
103
104
106
107
105
186
166
107
112
114
111
114
118
191
195
116
115
121
119
131
123
130
125
127
128
126
129
131
133
130
135
132
117
197
139
140
137
138
141
142
188
187
190
144
145
148
152
183
189
149
151
154
163
153
155
161
162
160
157
158
165
159
167
164
198
193
169
173
176
170
171
175
184
174
175
176
186
180
182
116
185
197
180
143
198
194
166
134
192
190
-1
150
191
183
143
187
193
