141
131
106
146
177
135
125
182
136
100
111
107
106
179
130
148
119
169
147
144
176
167
153
139
118
155
175
152
121
140
167
185
105
151
162
132
110
158
183
101
144
102
126
133
172
170
165
143
122
183
156
177
156
117
159
127
186
179
103
108
137
128
149
173
171
120
195
136
146
113
194
174
163
140
117
157
160
127
108
151
150
180
134
141
116
148
154
129
185
126
138
158
129
168
100
178
104
197
174
115
101
103
112
102
109
107
105
104
109
110
112
198
113
116
196
192
111
118
119
120
121
123
124
122
125
128
124
123
189
131
132
130
188
138
135
137
133
139
134
114
142
142
143
197
145
195
147
145
150
192
180
152
154
169
153
163
157
155
164
170
166
160
161
166
165
159
164
161
193
162
171
168
175
172
173
191
181
176
181
178
149
115
184
182
190
186
184
188
193
191
198
194
196
190
114
189
187
187
-1
