128
125
144
134
107
183
132
110
183
158
185
120
102
118
120
198
181
154
168
100
100
159
182
122
131
140
169
127
187
186
143
112
130
123
111
180
110
162
114
145
155
156
139
129
170
151
157
153
166
172
142
101
177
164
174
106
150
164
175
104
133
149
192
121
142
152
133
124
116
179
103
112
161
108
165
129
135
132
139
150
189
174
184
181
196
187
141
105
104
128
178
184
158
160
113
172
147
138
136
190
103
102
118
101
105
107
116
108
109
106
111
115
117
119
109
113
117
115
119
121
114
124
126
125
123
122
127
196
149
131
182
126
136
137
137
195
192
135
141
138
146
140
143
145
146
144
147
198
130
195
151
152
154
173
153
156
157
159
155
160
161
169
163
165
162
168
167
173
175
171
167
178
170
171
163
166
191
197
177
191
148
179
193
193
186
188
185
188
190
194
189
194
134
197
180
176
148
-1
176
