125
105
119
165
111
100
183
121
149
158
127
170
164
118
130
152
120
167
181
182
114
184
145
115
103
128
156
175
141
173
162
132
131
100
166
116
132
159
161
124
139
180
155
153
148
107
140
185
143
122
113
194
174
186
159
133
146
171
169
102
105
116
185
145
110
142
128
177
179
102
181
176
138
157
141
191
106
133
154
106
175
147
126
109
113
189
122
148
146
129
138
151
169
158
172
165
118
101
163
179
101
104
103
104
108
109
107
108
110
111
112
112
192
114
115
117
117
127
119
120
121
123
123
124
125
126
129
131
130
134
137
135
134
136
135
136
137
196
139
140
142
143
144
144
191
190
147
149
150
150
151
152
153
154
155
156
157
189
160
160
161
162
163
164
166
167
168
168
193
170
171
172
173
174
176
177
178
178
190
180
186
182
183
184
187
188
187
188
193
192
195
194
195
198
196
197
197
198
-1
