181
129
116
101
188
161
167
153
103
163
100
117
125
139
137
103
135
115
144
134
193
189
174
140
122
123
113
129
179
180
145
159
147
132
138
133
169
157
121
171
158
143
187
111
155
142
128
142
192
196
153
150
109
192
118
107
114
119
141
106
127
166
126
164
178
162
128
151
104
191
176
136
183
102
117
105
144
168
156
186
110
182
179
111
165
157
134
177
160
101
170
149
139
163
174
185
146
148
112
178
102
100
108
104
105
106
107
109
194
110
108
112
113
114
123
121
115
118
120
120
125
124
124
122
119
131
127
132
126
130
131
133
130
136
116
198
135
195
137
140
141
195
143
152
148
147
150
146
145
151
149
154
155
154
152
190
161
158
159
156
175
160
165
162
166
167
168
164
182
181
169
185
180
171
172
177
184
172
184
173
173
183
170
176
175
187
188
186
189
190
194
196
197
198
191
197
138
193
-1
