184
136
136
183
146
176
112
151
180
113
192
147
144
149
101
154
165
107
127
168
102
178
156
162
132
173
114
198
137
143
133
139
178
160
170
133
123
160
167
120
110
149
162
140
166
119
148
153
174
115
108
171
176
175
147
158
125
100
105
152
106
155
112
173
121
116
104
145
101
103
115
130
122
195
181
168
144
142
164
132
141
172
152
129
128
114
177
105
169
124
124
155
109
135
185
131
175
117
163
172
102
100
195
111
103
104
109
106
110
108
113
107
111
188
118
118
117
119
116
121
192
193
123
127
125
122
189
128
129
130
197
138
131
135
137
134
140
141
134
138
139
142
188
145
143
146
187
148
161
150
151
156
150
163
158
161
159
153
157
154
159
157
126
167
196
186
165
166
170
196
169
190
171
174
189
182
179
179
177
181
182
180
184
194
185
183
164
194
186
191
-1
187
190
197
198
191
193
126
120
