133
182
145
162
157
138
113
182
135
104
171
181
176
179
112
111
169
128
132
190
170
114
168
165
189
102
120
144
150
151
185
127
117
175
159
195
151
147
123
140
116
178
107
124
149
166
131
158
134
177
105
138
141
184
114
128
142
163
143
111
146
156
175
173
121
121
117
104
118
198
108
148
162
198
164
100
101
150
171
172
125
115
106
183
160
155
103
122
131
148
127
109
174
130
100
140
110
152
149
157
102
186
103
101
105
106
107
108
109
110
193
196
119
112
115
113
119
125
116
191
122
120
123
124
126
118
187
126
196
136
132
130
133
134
135
137
191
139
197
193
141
143
129
142
194
146
147
144
145
154
153
152
154
155
153
167
161
156
160
161
163
158
159
164
167
169
165
166
192
168
174
172
173
170
180
177
178
176
179
180
188
183
181
185
195
184
187
-1
194
129
139
192
188
189
186
136
190
137
197
