176
178
167
129
174
142
101
182
113
135
115
163
132
102
189
119
141
159
124
184
152
173
163
176
154
157
138
139
150
101
126
160
178
144
152
191
147
143
166
126
121
165
168
186
172
146
179
169
130
103
133
156
106
188
111
128
136
150
140
110
108
109
185
123
131
161
158
103
111
188
100
112
137
105
162
153
187
184
116
160
142
132
117
180
186
155
149
175
167
114
122
134
136
104
157
145
182
170
172
118
108
100
104
102
105
106
107
110
107
120
109
112
113
114
115
120
121
116
119
117
118
122
123
124
194
198
127
193
129
130
127
128
133
135
192
134
137
138
140
141
139
148
143
144
145
146
148
190
174
154
151
149
151
155
153
195
158
156
159
190
171
164
171
164
165
162
168
166
169
170
161
177
177
196
175
125
131
198
179
180
183
187
181
185
183
181
173
193
189
194
197
195
-1
196
197
192
147
125
191
