165
107
145
134
133
111
127
142
106
156
125
148
163
185
159
161
183
135
103
133
141
191
144
191
135
168
102
101
116
178
143
151
165
143
101
188
155
176
121
137
167
180
162
100
172
117
105
129
177
124
146
151
145
148
194
110
116
113
154
138
182
118
122
180
120
131
114
130
161
193
138
109
170
157
113
123
126
160
115
132
122
100
110
153
196
183
108
181
176
109
153
187
186
189
174
169
139
140
175
140
103
102
104
104
105
106
107
108
190
112
111
112
193
114
115
117
119
118
119
120
121
127
123
124
125
126
128
128
129
130
131
132
190
134
136
136
137
172
139
171
141
142
146
144
147
149
147
149
150
150
152
152
158
154
155
156
157
158
159
160
162
164
163
164
166
166
167
168
169
170
171
173
173
174
175
177
179
178
179
196
181
182
184
184
185
186
187
188
189
192
194
192
195
197
195
197
198
198
-1
