177
150
158
195
134
150
127
160
170
172
121
162
105
185
142
194
165
120
143
122
177
157
140
146
151
198
186
153
141
115
159
155
116
110
180
167
163
192
114
123
169
130
149
188
107
110
100
127
192
187
103
155
154
190
118
106
126
108
133
124
132
117
194
111
129
176
119
113
159
136
101
103
195
104
193
153
102
125
157
148
175
171
114
151
109
146
174
172
184
100
189
128
145
189
179
112
183
137
148
125
102
140
101
105
106
104
107
108
109
138
111
113
142
112
115
116
118
120
119
117
122
124
121
144
123
131
129
128
126
132
133
130
131
134
138
137
145
144
143
135
141
135
136
139
147
139
147
197
149
166
152
152
164
156
171
156
154
158
161
161
169
162
160
164
167
174
165
166
170
168
163
168
173
180
173
186
175
181
193
183
176
182
191
197
179
188
185
196
187
196
178
184
181
182
178
191
198
-1
190
