160
132
103
125
110
119
176
191
109
128
117
146
167
170
172
100
165
134
115
106
135
189
130
137
143
187
112
139
102
141
129
180
186
157
185
154
168
146
188
186
196
144
171
164
120
177
159
157
119
187
175
150
149
151
101
124
114
136
175
149
179
163
122
132
115
118
183
133
100
143
176
166
101
127
169
126
104
114
103
160
131
111
127
145
152
182
181
110
151
154
142
173
171
121
120
138
106
173
142
158
104
102
105
107
105
107
108
108
109
111
112
113
113
192
116
116
117
118
195
121
122
123
123
124
125
126
192
128
129
130
131
134
133
137
135
136
138
139
140
140
141
193
148
144
145
147
147
148
152
150
153
155
153
155
156
156
162
158
159
161
161
162
163
164
165
166
167
168
169
170
195
172
174
174
180
177
178
178
179
181
182
183
184
184
185
197
188
190
189
190
191
194
193
194
196
197
198
198
-1
