196
192
130
161
139
119
182
191
134
131
173
184
122
117
145
143
164
176
133
156
175
136
171
120
114
100
198
101
177
142
100
162
169
188
137
106
174
136
105
158
149
102
127
144
111
167
112
168
104
113
152
178
124
111
148
160
168
181
193
108
182
157
185
147
151
170
114
196
150
150
141
123
125
135
121
175
146
172
153
189
171
116
164
190
166
103
122
159
145
118
107
132
161
155
109
113
128
185
187
110
108
107
101
102
103
106
109
105
104
133
112
110
132
115
115
118
137
120
116
139
126
124
140
135
127
128
129
123
138
134
129
125
138
130
131
119
126
117
140
141
121
142
143
194
163
146
147
154
151
148
149
152
154
155
153
156
157
160
193
190
195
162
165
166
167
163
191
165
169
180
172
170
174
180
173
177
178
176
179
181
179
197
184
197
192
186
144
183
189
186
198
195
183
-1
158
187
188
159
194
