170
115
120
180
158
160
188
183
118
147
155
117
168
101
173
116
137
184
140
126
112
122
185
102
172
163
124
171
154
125
123
139
134
130
195
165
117
156
100
149
114
175
157
189
103
131
172
162
120
121
133
154
141
179
150
153
140
148
146
161
144
109
178
177
181
108
135
134
100
157
178
138
132
127
145
166
105
179
174
183
163
169
190
149
113
110
142
106
164
153
185
129
123
191
101
135
144
116
109
115
108
102
103
111
114
104
107
112
104
107
111
105
113
110
152
106
119
119
197
118
121
126
127
128
131
124
130
128
129
125
122
133
198
186
136
137
192
138
136
142
139
143
141
147
143
146
187
145
150
148
151
194
195
151
156
159
155
158
159
160
161
166
165
162
169
164
167
168
170
167
171
189
173
175
193
174
180
176
176
177
181
182
198
196
196
182
190
184
152
188
132
197
193
194
186
192
-1
187
191
