106
156
149
118
188
150
120
122
175
163
157
184
130
126
103
130
180
178
169
143
114
107
124
190
147
151
104
159
155
116
169
131
107
161
189
133
177
181
179
142
128
163
170
162
181
152
184
129
179
168
132
142
103
133
113
112
123
119
154
158
146
124
100
116
139
164
175
153
132
164
100
118
174
172
145
106
177
123
162
117
120
149
153
151
112
102
187
101
189
111
122
109
173
167
145
185
109
171
160
185
137
105
108
105
101
102
104
108
110
110
126
113
111
114
115
117
115
141
121
121
119
127
131
128
139
135
140
134
135
140
125
136
138
138
125
136
141
144
134
129
127
137
144
195
197
148
147
191
146
148
197
152
150
154
155
156
158
159
157
160
161
193
166
166
165
167
165
195
176
168
172
176
171
170
173
174
194
178
198
180
186
182
183
186
183
182
187
188
191
190
193
196
-1
192
143
192
198
196
194
