100
103
150
116
140
132
142
115
113
123
151
123
148
186
101
133
113
105
122
175
138
107
129
124
146
156
153
141
157
121
154
139
142
108
106
115
174
110
160
116
174
135
165
133
146
137
130
193
127
120
134
138
128
160
109
106
135
111
134
172
167
166
162
117
108
149
128
101
112
111
170
126
102
103
122
145
163
153
147
100
112
109
139
166
120
125
104
148
143
105
136
110
149
184
167
127
118
132
119
131
102
107
104
114
114
137
130
119
121
117
151
157
124
147
131
118
136
143
145
144
125
141
126
155
168
150
173
140
129
176
144
161
154
161
159
171
158
155
178
162
176
158
171
169
152
152
164
156
163
182
183
159
180
175
168
170
164
172
173
169
181
182
187
165
190
178
181
177
192
191
179
177
191
187
180
179
183
185
186
188
185
184
188
194
197
189
196
189
190
193
192
194
195
196
195
198
197
198
-1
