139
112
164
121
141
111
110
149
125
150
103
126
126
108
107
104
106
141
114
129
119
175
169
155
145
102
115
115
122
146
143
133
149
135
108
107
175
123
171
144
148
151
100
170
132
145
162
167
113
161
183
117
153
122
111
124
118
168
165
116
156
134
131
138
159
114
168
117
118
125
144
104
101
147
153
100
177
105
128
167
157
152
159
185
137
169
156
166
129
143
106
123
102
136
147
142
150
112
101
127
103
105
110
109
113
109
124
130
138
120
116
139
119
121
152
132
133
120
128
137
130
136
142
127
148
163
131
157
140
140
134
160
135
154
158
158
174
146
151
171
154
176
172
178
178
155
160
189
161
162
183
166
172
174
186
165
170
163
173
164
173
181
184
176
188
187
177
179
187
180
182
181
191
180
184
179
185
182
190
196
186
188
193
192
189
191
193
194
194
190
192
198
197
195
195
196
197
198
-1
