173
112
117
127
102
156
162
100
183
168
148
121
138
148
108
138
163
105
157
129
111
102
173
113
170
107
147
111
143
100
126
129
133
123
157
103
112
154
125
135
160
131
118
140
164
151
110
189
105
144
153
117
178
155
145
153
101
114
116
126
134
170
106
171
123
121
136
177
118
116
143
113
127
122
130
141
146
162
149
132
172
139
101
109
133
109
145
120
152
103
158
161
183
135
119
185
174
137
124
114
104
104
110
107
106
122
108
120
115
115
125
119
131
134
128
124
140
139
136
150
142
159
128
144
142
132
130
137
147
149
146
166
141
151
165
150
155
175
171
159
154
152
167
172
176
166
169
161
165
181
156
163
164
168
158
167
169
160
179
188
194
175
184
177
184
180
179
180
182
190
176
194
174
182
178
181
186
187
185
186
187
188
191
197
189
191
192
190
193
192
193
195
197
195
196
196
198
198
-1
