112
163
149
171
104
115
102
112
154
134
106
140
169
182
161
152
159
150
158
136
146
148
121
128
134
140
137
107
111
147
168
175
143
192
147
144
101
116
123
103
101
142
167
118
109
111
148
105
136
130
173
162
125
110
139
129
179
108
157
108
117
130
119
144
113
103
129
121
114
142
132
170
151
113
126
104
119
141
131
100
100
160
176
102
115
122
158
128
188
127
157
159
124
106
166
127
170
131
110
181
122
109
107
105
116
120
114
118
145
123
120
174
124
168
143
126
117
135
132
125
135
156
133
141
160
137
155
139
133
153
163
151
153
138
138
155
178
164
145
149
165
156
181
150
146
165
164
162
154
152
173
169
161
180
178
172
167
177
166
182
171
175
184
179
177
172
188
174
176
183
180
186
185
184
185
187
187
194
183
189
186
198
189
190
193
190
193
191
192
191
195
194
196
197
195
196
197
198
-1
