109
100
103
152
113
124
130
180
106
103
169
180
129
168
102
167
145
102
162
128
139
115
136
125
104
166
148
163
106
150
110
149
134
127
123
118
100
110
134
151
111
101
109
105
147
119
146
120
138
144
146
128
175
156
176
162
159
156
154
124
118
167
143
171
159
138
105
164
112
149
108
141
114
117
122
131
101
136
142
120
186
108
142
140
144
176
116
121
181
152
181
115
111
116
163
121
126
127
122
117
104
107
114
113
119
107
154
112
132
125
123
141
130
131
126
145
133
137
129
148
135
137
157
132
174
133
161
135
139
151
150
143
147
170
160
155
171
140
160
164
161
158
188
153
155
153
168
179
157
182
158
174
166
165
165
172
170
177
178
179
169
182
189
183
187
184
173
178
172
189
175
193
173
195
184
177
194
188
185
183
191
187
185
186
190
190
192
195
191
192
193
196
194
196
198
197
197
198
-1
