103
190
187
140
138
167
145
106
114
115
167
114
110
131
147
115
182
151
103
130
164
128
156
111
171
133
148
124
112
144
159
134
169
118
170
108
101
172
174
104
119
140
142
139
143
105
163
154
119
121
123
134
100
129
153
153
143
135
152
146
135
101
132
122
117
116
122
136
125
129
107
131
109
136
100
116
127
147
138
126
105
112
106
146
165
120
102
139
137
124
109
161
154
107
123
102
142
157
110
152
104
108
113
111
113
126
120
128
117
148
151
127
118
125
144
133
141
137
166
130
121
149
157
165
155
132
150
150
170
145
158
156
162
149
168
159
155
141
163
176
160
161
168
164
177
179
172
160
169
175
162
158
174
180
181
178
166
176
177
171
173
178
188
186
183
185
184
173
185
183
182
175
187
186
179
180
181
191
189
184
189
190
191
192
188
196
193
195
192
194
195
193
194
197
196
197
198
198
-1
