104
100
113
172
142
149
165
123
102
115
195
104
135
157
159
164
118
159
158
155
137
153
160
110
107
172
129
140
138
103
127
126
184
122
125
124
138
151
112
139
147
110
108
136
105
106
180
101
109
158
134
136
133
156
134
163
128
132
154
112
114
164
130
108
100
107
147
111
170
117
127
126
141
173
103
111
140
115
162
120
145
124
153
132
105
143
121
120
148
146
157
113
133
156
146
162
118
167
116
169
101
102
106
122
125
114
109
117
121
119
123
116
128
131
119
130
139
137
169
131
148
152
144
149
129
135
150
154
168
145
152
144
163
141
185
178
143
150
166
142
161
160
171
151
168
155
167
179
176
161
175
179
166
173
165
197
185
177
176
175
174
178
186
183
174
170
182
187
171
181
181
182
190
177
188
184
186
180
189
183
192
193
189
188
187
190
193
191
192
191
195
194
196
194
196
198
197
198
-1
