109
117
105
151
156
113
152
104
112
175
156
137
155
133
138
128
145
126
131
178
111
103
120
100
123
155
101
132
100
144
132
121
182
134
125
164
142
153
116
118
117
115
150
114
142
141
112
107
140
139
127
115
129
164
146
119
101
146
116
111
163
170
172
122
154
165
174
149
110
138
150
131
124
129
109
106
134
169
105
168
145
120
170
130
153
102
103
167
106
151
180
171
128
167
124
113
127
149
171
122
102
104
108
107
110
108
163
118
114
126
121
141
133
148
119
176
135
147
125
148
147
123
179
130
139
166
136
143
137
159
136
143
135
140
161
172
158
144
162
160
160
157
159
157
154
158
152
165
166
176
173
162
186
161
175
168
184
183
187
177
169
185
177
182
179
173
181
180
188
174
178
184
187
181
193
194
189
191
191
185
190
183
193
186
188
190
189
195
194
195
192
192
196
197
196
197
198
198
-1
