149
107
130
105
114
141
142
112
126
101
177
135
151
143
110
136
156
148
165
166
170
121
115
119
171
177
114
105
106
157
174
131
144
129
117
104
116
100
133
143
108
164
136
154
110
168
149
102
101
132
138
113
160
134
147
146
181
120
151
135
155
144
161
100
123
102
160
125
103
107
125
124
158
150
130
165
145
129
163
180
155
118
142
127
137
118
181
121
117
112
122
116
123
103
171
159
109
120
111
108
106
104
111
137
109
115
113
122
124
131
141
119
128
140
138
126
140
128
173
139
162
127
132
159
133
147
167
148
150
152
146
134
169
166
158
139
154
153
145
167
153
172
163
170
161
169
157
152
172
187
175
156
180
164
178
186
179
184
162
182
176
168
173
188
178
190
175
174
186
176
179
194
183
182
189
184
185
191
183
193
185
187
191
189
188
192
192
194
190
195
193
197
195
196
196
197
198
198
-1
