132
158
144
106
113
135
143
123
181
100
124
119
113
149
107
152
121
112
131
103
146
100
150
141
163
137
130
133
118
171
135
107
177
114
153
155
142
166
112
147
169
102
116
130
139
117
161
124
114
116
118
151
173
121
141
167
125
136
126
128
127
119
181
105
104
103
106
111
156
129
140
127
142
139
148
111
182
115
168
182
153
122
101
128
140
174
123
145
125
108
102
149
122
117
104
169
167
145
171
152
101
105
110
108
109
109
115
137
120
110
120
134
133
143
150
144
156
138
132
126
134
129
147
138
165
131
170
155
159
157
146
176
160
160
157
136
151
164
154
176
163
158
148
161
164
172
162
154
179
183
159
184
178
165
186
162
172
170
178
180
166
168
173
174
175
184
187
177
179
188
175
185
180
195
190
186
189
185
191
188
189
191
183
193
194
196
187
192
190
192
195
193
194
198
196
197
197
198
-1
