169
112
116
174
106
160
106
113
144
126
159
156
115
154
107
130
155
112
123
137
137
165
127
113
140
138
166
149
180
111
132
148
146
159
100
147
102
150
105
101
134
116
157
164
118
122
129
143
140
109
124
114
101
188
114
141
146
131
145
104
118
105
141
134
149
136
125
127
133
119
132
162
126
135
115
152
121
102
136
103
100
142
103
104
108
131
168
163
133
128
167
138
119
155
117
179
135
107
120
125
111
108
117
124
120
110
109
139
110
151
130
143
122
121
182
154
163
129
123
139
167
128
145
171
185
158
148
157
147
171
170
144
152
161
184
151
142
153
183
170
161
160
150
156
162
181
153
183
168
158
165
164
179
166
176
184
173
172
192
178
172
175
181
186
175
169
182
174
177
176
173
177
185
189
178
180
190
191
187
195
188
186
187
192
189
193
193
197
191
190
194
195
194
196
196
197
198
198
-1
