173
156
170
157
156
101
157
165
109
106
104
160
122
110
171
150
110
107
138
139
115
130
129
141
133
103
169
125
178
114
163
148
108
154
172
174
131
103
143
149
131
102
140
153
128
120
106
162
113
144
112
147
111
148
116
123
102
160
112
113
108
140
120
115
130
127
124
122
136
186
126
151
145
107
121
109
118
143
123
101
137
142
135
117
138
126
162
183
159
127
129
114
167
145
100
134
124
100
134
132
104
105
150
105
147
111
118
117
121
116
135
119
146
119
136
151
141
128
169
125
133
142
165
155
132
137
168
146
144
172
159
166
158
164
149
153
161
139
154
158
167
163
152
173
152
182
170
168
177
155
166
195
161
179
175
192
184
186
164
184
176
185
190
181
176
174
192
171
179
175
182
180
185
183
180
178
177
181
193
187
188
188
196
191
187
189
190
194
189
193
191
195
194
196
198
197
197
198
-1
