110
112
108
159
168
129
102
122
121
101
115
125
153
100
122
118
146
116
154
114
131
106
150
163
151
152
110
137
145
153
127
141
117
108
117
132
115
134
113
142
155
156
168
111
144
137
130
104
125
128
135
118
105
177
167
103
100
154
138
131
111
101
158
170
143
185
151
114
170
174
119
135
145
124
143
141
104
179
140
159
130
113
148
120
105
123
146
123
133
107
178
120
127
129
142
172
109
102
163
176
103
106
107
140
116
109
121
126
133
112
119
147
136
134
164
155
136
149
138
132
124
126
149
147
157
139
128
156
148
169
144
166
161
172
187
173
139
169
158
150
181
162
160
186
152
161
180
183
166
165
157
164
186
160
162
171
171
175
165
180
179
167
174
176
188
189
173
175
181
182
183
178
177
184
194
193
185
188
192
184
182
190
187
197
189
191
192
191
195
190
195
196
193
194
197
196
198
198
-1
