170
136
126
100
108
115
183
151
109
146
114
104
160
120
186
112
141
122
127
103
139
145
138
100
150
120
140
124
167
126
112
129
118
134
114
174
142
130
111
121
102
195
110
119
149
125
158
149
115
104
137
153
101
132
133
140
133
101
155
135
122
136
130
145
108
142
129
128
119
124
102
128
154
107
153
177
154
103
113
161
144
105
117
159
168
150
160
166
139
113
162
135
137
152
134
173
121
107
106
118
109
116
105
110
106
111
117
132
127
138
123
116
125
141
174
157
123
131
147
148
144
169
143
143
148
131
170
164
184
146
147
169
175
156
157
156
172
181
159
151
176
185
155
152
165
164
168
178
167
163
177
158
171
163
162
178
176
175
161
165
179
185
184
166
172
182
187
179
173
171
186
180
180
193
181
182
183
189
190
188
188
189
190
192
187
191
195
192
194
197
191
193
194
196
196
198
197
198
-1
