129
172
112
131
144
106
120
162
126
124
113
151
123
163
152
148
121
173
119
136
147
117
139
137
156
103
174
138
113
135
163
100
109
102
107
117
101
141
188
122
127
145
136
141
123
146
106
130
100
150
157
125
108
128
165
119
104
124
148
132
158
162
169
175
108
153
109
161
114
131
127
183
166
103
120
105
142
170
118
105
166
111
129
137
112
145
125
178
114
128
147
155
170
104
159
140
178
165
102
133
101
107
110
111
115
110
115
122
121
159
116
152
116
118
154
150
143
126
132
133
134
146
149
130
144
134
135
140
143
161
142
164
138
149
156
157
167
153
139
181
154
158
189
164
155
175
151
169
160
168
176
179
171
184
167
177
174
160
172
187
184
191
173
171
168
197
180
189
176
181
185
179
182
186
180
183
177
187
188
182
185
186
191
198
194
194
192
190
192
190
193
193
196
195
195
196
197
198
-1
