103
104
114
135
112
150
167
120
152
122
179
142
148
109
133
154
106
120
184
162
107
164
134
156
129
141
148
110
109
150
104
105
166
126
106
114
100
175
103
126
123
151
108
127
135
125
138
107
112
168
124
161
138
116
140
118
100
115
179
111
131
101
146
115
102
190
111
108
187
145
117
105
154
153
122
119
147
128
153
110
118
173
140
139
152
123
139
137
147
151
113
101
113
136
166
125
124
134
102
117
121
129
149
142
172
163
119
169
121
116
180
128
178
178
143
143
155
127
169
130
141
133
131
164
144
130
132
132
136
149
146
180
191
155
197
159
137
156
145
176
157
144
161
163
165
170
162
160
158
159
181
158
165
185
157
192
183
170
160
183
168
167
174
174
172
189
171
173
195
171
181
175
177
188
177
176
182
182
186
192
184
186
194
188
185
187
189
191
194
190
196
193
193
196
195
197
198
198
-1
