123
112
128
124
104
105
110
174
137
113
122
104
140
188
103
152
117
131
181
128
168
127
143
102
102
107
134
159
118
114
126
119
158
105
115
170
109
100
107
145
112
131
164
172
144
138
132
178
141
143
147
197
195
116
124
147
135
115
132
134
103
164
183
173
136
149
140
170
152
162
113
101
142
123
101
100
137
122
145
187
121
110
182
142
120
118
125
111
114
127
141
139
109
155
166
106
108
130
129
130
106
129
111
148
159
135
108
179
156
174
117
116
133
156
119
120
126
121
146
154
175
136
165
125
153
149
133
157
139
160
183
144
150
138
169
148
153
150
161
151
162
165
154
177
168
146
184
151
160
157
155
158
167
172
176
163
161
171
177
180
163
173
166
186
175
192
167
169
180
171
176
185
178
195
182
191
193
188
179
193
181
184
186
187
185
189
190
189
190
191
192
194
194
196
196
198
197
198
-1
