121
121
140
111
131
117
148
112
109
101
154
100
144
119
107
116
176
105
113
137
105
109
134
147
133
128
161
145
114
120
146
111
120
126
127
132
135
123
153
157
125
145
171
167
101
116
103
115
162
104
102
155
136
103
108
142
115
172
143
182
148
137
126
124
141
130
133
150
108
174
124
131
156
158
110
122
159
130
139
100
134
196
164
167
164
128
153
112
107
113
117
168
118
102
119
104
158
149
129
178
166
123
177
106
106
114
140
159
125
110
156
118
143
152
122
155
142
127
187
136
150
161
129
146
139
141
149
152
132
160
138
165
151
182
135
138
144
188
154
177
179
174
163
157
180
151
147
178
163
172
194
162
165
191
160
170
168
173
171
175
170
193
183
166
169
186
169
190
179
176
173
191
181
184
175
185
181
185
183
180
186
184
189
189
187
188
196
190
192
195
192
197
193
194
195
197
198
198
-1
