104
138
108
139
164
120
140
144
132
141
140
122
125
115
133
158
109
103
160
129
134
101
124
105
179
106
117
137
114
173
104
116
147
109
111
148
132
128
111
126
105
122
118
117
124
118
190
130
120
108
130
167
131
100
184
164
107
136
144
103
119
115
155
145
128
160
143
157
123
107
121
112
131
110
127
180
100
156
121
161
126
116
113
101
110
102
102
168
138
135
137
112
114
172
133
106
154
177
153
151
192
123
142
145
156
146
184
149
113
141
155
129
134
136
119
181
125
142
149
135
147
146
127
150
174
148
163
139
183
166
178
157
189
189
152
158
169
163
152
143
165
151
174
182
150
176
154
187
159
161
171
153
162
181
175
167
159
162
169
170
182
179
166
165
168
173
180
170
176
178
171
172
191
193
175
177
188
183
186
194
195
185
190
185
187
186
197
188
192
191
193
198
196
194
195
196
197
198
-1
