117
100
135
129
124
123
136
122
163
126
113
108
128
131
156
141
149
133
151
150
109
143
119
159
140
113
139
132
117
111
114
120
133
111
120
112
152
138
154
104
106
143
114
132
107
147
177
171
162
103
118
101
118
105
116
188
155
124
148
105
125
101
106
148
130
164
137
151
146
107
138
152
129
121
165
184
102
130
147
109
102
104
183
134
162
155
128
121
110
115
144
119
174
116
135
100
149
103
108
110
183
164
176
175
141
166
159
112
115
126
122
137
131
170
145
153
136
142
160
125
127
123
189
127
134
142
145
168
153
168
181
150
157
160
154
146
139
140
144
181
157
172
158
158
176
167
178
161
169
166
175
173
156
182
161
163
171
193
180
172
169
170
174
173
165
167
179
194
196
195
177
186
178
187
184
185
180
179
191
182
185
190
187
189
186
195
188
190
192
191
193
192
197
194
196
198
197
198
-1
