138
103
165
166
155
126
139
112
106
102
136
115
143
162
114
101
142
106
111
168
159
138
158
174
171
101
108
151
113
117
126
115
145
131
145
153
150
161
178
100
156
179
149
133
179
129
116
104
160
109
171
133
167
164
103
105
152
110
135
146
107
170
118
107
196
144
118
160
108
180
155
109
131
129
184
102
140
130
104
152
141
122
137
114
100
186
121
135
130
132
124
119
117
144
121
112
141
127
116
154
111
124
134
105
125
120
110
127
140
128
119
120
113
149
147
136
125
139
122
123
132
123
150
147
174
128
156
134
143
163
137
154
176
146
153
181
178
158
142
165
188
173
172
167
161
148
157
148
151
168
190
159
175
162
157
169
163
190
177
169
172
164
177
166
185
187
170
183
181
175
173
182
176
185
183
182
180
187
191
184
195
197
193
191
186
189
188
189
192
194
192
197
193
194
195
196
198
198
-1
