123
130
161
175
186
120
107
108
116
115
155
104
179
182
127
137
102
127
129
101
183
123
110
121
169
166
107
125
100
141
177
146
137
121
113
133
162
101
168
105
143
111
103
172
156
104
103
146
129
112
139
144
168
164
128
117
114
145
122
167
108
119
120
114
149
155
124
118
142
151
109
161
160
140
131
132
131
140
112
132
117
144
111
124
109
118
142
148
130
158
106
128
165
147
119
152
100
122
116
125
102
105
134
113
138
106
178
133
115
110
148
153
187
136
136
138
177
145
126
158
126
173
150
149
139
171
150
163
173
156
163
135
134
147
135
160
183
143
174
184
141
165
151
152
181
154
157
154
153
175
176
182
174
159
159
157
170
186
167
164
162
191
169
171
188
166
193
170
180
179
196
172
176
192
189
181
184
178
180
188
185
191
189
185
190
192
187
195
190
194
194
197
193
196
195
198
197
198
-1
