119
123
119
168
154
133
104
187
126
101
111
172
139
109
124
117
100
102
105
140
103
130
155
147
152
125
157
115
122
143
105
181
101
183
138
103
117
135
141
108
150
132
167
127
154
191
133
121
169
141
118
134
142
115
116
139
113
120
107
100
179
128
144
109
169
112
136
131
170
110
153
125
134
118
129
167
106
140
112
160
166
151
120
146
110
163
186
130
137
138
149
102
132
114
126
122
153
111
162
107
152
104
106
114
108
143
147
155
116
127
113
145
129
131
146
121
124
137
123
128
159
174
166
149
164
144
148
178
161
158
148
165
135
175
142
136
188
173
182
195
171
157
177
190
145
151
175
150
160
158
156
192
161
159
156
172
177
174
163
170
162
168
165
164
187
176
180
193
176
171
173
184
192
190
180
181
179
178
185
189
182
183
184
185
188
186
194
191
189
197
196
193
194
195
198
196
197
198
-1
