152
141
119
112
182
139
159
129
102
123
136
133
146
153
180
108
137
109
118
132
124
101
151
114
117
157
107
104
157
113
116
158
125
185
147
155
158
174
128
146
134
138
188
138
121
103
178
132
189
111
111
127
117
128
103
160
116
106
102
112
139
167
175
115
125
105
108
130
148
159
109
115
101
124
130
150
107
162
106
120
129
189
136
141
145
100
181
100
110
104
113
119
165
105
183
121
110
140
118
169
120
126
122
178
150
137
156
131
144
127
151
114
135
161
165
175
123
160
122
145
126
144
133
142
169
131
149
176
134
162
135
147
154
149
143
154
163
142
156
140
143
155
164
173
148
153
172
166
184
152
186
187
171
163
161
168
167
171
166
170
164
172
182
191
168
174
177
170
188
195
173
181
176
197
177
180
179
186
179
184
192
190
183
185
191
187
193
193
190
194
192
196
194
198
195
196
197
198
-1
