111
138
126
105
115
129
153
127
157
137
116
147
146
109
107
148
174
183
136
119
131
170
111
109
112
130
119
117
100
156
128
106
150
110
117
167
146
125
121
151
155
137
141
123
165
162
107
134
126
168
149
100
136
176
153
143
106
169
185
102
103
104
180
101
105
172
114
124
121
115
101
138
149
127
140
103
108
152
143
122
130
102
118
151
120
108
133
158
154
122
140
135
110
114
165
124
118
148
139
104
116
113
161
161
155
113
133
112
159
142
135
160
174
152
120
141
125
160
173
132
123
131
162
173
150
129
132
128
164
144
134
142
168
145
154
156
145
182
139
147
185
144
171
184
186
175
178
159
163
191
157
169
176
177
167
158
164
181
171
166
163
179
195
183
170
166
172
179
196
178
196
189
189
193
175
177
180
187
181
186
182
187
188
184
191
188
194
193
190
190
192
192
194
195
197
197
198
198
-1
