101
156
103
140
123
119
112
103
118
167
152
146
134
179
125
107
169
117
165
126
157
169
117
139
145
152
165
192
106
108
183
107
137
109
122
115
100
100
133
139
109
148
186
145
101
178
122
104
114
160
154
120
173
174
105
161
131
112
151
127
102
166
111
138
143
125
136
126
144
104
124
113
111
140
121
114
108
102
130
116
156
160
106
133
135
131
110
129
175
128
135
182
128
110
142
116
105
132
190
113
132
115
123
190
168
138
157
129
163
188
134
144
118
127
141
120
121
136
119
141
137
130
124
181
191
142
164
166
151
149
162
143
155
148
158
176
172
146
149
150
153
147
147
150
159
177
168
153
161
154
163
155
189
159
170
158
178
170
175
164
185
162
167
188
171
187
180
180
171
179
173
172
191
174
176
184
177
181
187
185
182
183
193
184
193
186
189
197
194
194
195
192
196
197
195
196
198
198
-1
