172
118
141
156
126
139
122
187
142
158
153
139
130
142
108
116
110
134
120
106
115
110
150
154
102
121
129
104
175
124
183
140
100
108
105
146
120
159
168
107
133
170
101
146
128
105
106
122
148
190
109
114
130
147
145
144
128
131
109
186
149
117
113
101
164
103
132
100
103
167
121
145
102
176
115
164
137
158
155
124
131
134
133
141
135
135
112
148
111
123
114
160
143
118
111
107
119
153
183
119
104
125
123
112
127
138
178
174
143
166
117
113
181
116
147
125
129
149
126
132
184
138
136
127
169
184
137
161
163
144
156
151
181
154
162
136
172
155
157
140
171
160
152
162
152
182
151
157
150
159
174
166
177
165
165
192
161
170
189
173
163
167
194
168
171
188
178
173
169
179
176
175
177
179
193
186
182
180
180
189
190
191
185
198
185
195
187
188
191
193
192
196
194
195
196
197
197
198
-1
