496
481
480
445
401
372
335
319
300
299
282
253
226
213
198
174
168
146
134
81
64
48
35
22
14
453
437
433
413
373
307
277
209
159
121
69
491
160
85
33
252
287
99
264
63
275
205
423
314
165
397
435
25
322
400
338
389
125
210
468
133
424
288
368
86
53
233
376
463
370
259
110
321
75
32
399
87
189
414
157
479
104
217
273
439
93
67
362
312
96
369
83
72
225
298
20
346
128
339
154
65
345
88
361
249
313
116
107
303
327
219
257
336
181
201
364
190
19
388
29
241
380
352
382
304
242
363
203
334
379
446
405
202
353
194
357
385
130
240
330
469
406
457
302
234
98
50
381
301
378
332
142
492
355
15
55
466
262
329
454
395
260
269
147
84
476
471
286
61
23
197
187
482
432
132
404
149
244
349
341
186
278
281
163
441
196
175
66
365
89
97
80
366
356
152
498
316
112
421
308
256
442
387
467
408
360
78
173
59
452
145
195
418
464
216
62
126
54
447
317
393
351
358
49
383
289
347
276
135
246
143
293
411
419
267
0
248
340
137
417
120
141
28
279
176
140
161
155
315
153
200
386
305
8
434
266
57
40
231
475
297
17
272
164
422
13
392
290
108
350
3
243
245
263
283
122
490
410
375
94
139
90
285
167
16
170
367
172
377
280
111
113
384
220
238
236
429
444
179
420
494
323
114
324
465
158
478
18
71
407
26
342
182
68
6
119
123
443
169
204
427
391
138
495
237
333
430
489
74
261
218
178
403
459
450
294
10
354
320
221
440
331
398
24
497
31
12
106
438
156
185
11
224
30
43
222
458
191
91
460
109
402
42
232
296
371
193
9
254
230
56
52
115
27
325
101
247
415
184
171
239
118
343
136
274
359
211
124
105
150
344
36
162
39
483
73
431
309
449
270
428
337
47
1
228
488
21
144
131
180
470
103
265
426
5
409
100
214
177
37
51
206
477
70
455
311
374
166
212
4
58
188
295
95
493
425
250
117
148
77
394
474
235
46
129
451
284
348
486
461
390
436
207
251
292
271
258
473
2
208
192
291
255
45
328
456
7
199
229
41
227
499
416
485
484
306
318
326
472
462
183
79
38
396
412
76
60
215
487
268
44
102
223
92
127
310
34
82
151
448
