496
453
447
422
409
389
376
362
281
280
266
259
232
209
173
144
141
140
126
113
111
84
53
50
49
479
438
424
393
384
344
335
318
303
299
293
250
199
187
178
157
131
119
100
81
32
19
0
473
370
216
213
363
499
115
82
315
263
330
278
57
158
122
444
402
342
93
156
25
398
418
377
69
469
494
252
90
471
340
139
235
427
61
310
155
18
242
482
461
37
13
277
60
123
481
317
193
416
134
366
264
206
467
161
95
383
463
435
103
448
476
246
244
24
66
378
102
364
450
470
475
223
201
169
313
125
269
309
334
387
26
229
219
289
75
388
478
8
228
31
452
485
300
186
455
311
460
152
58
56
253
207
215
63
492
360
2
466
486
73
136
480
129
189
46
166
297
234
407
128
373
440
385
451
185
348
65
220
321
272
271
38
118
328
332
406
170
196
79
432
287
288
47
371
392
10
391
94
265
331
194
498
341
260
147
227
372
202
361
283
396
33
333
20
14
381
484
382
420
417
405
386
177
413
127
248
151
390
337
198
312
21
27
44
135
423
350
399
286
224
359
96
345
101
464
408
41
268
379
319
412
34
314
307
323
443
7
28
142
352
30
132
394
274
327
154
336
77
495
15
172
284
491
22
64
108
292
105
488
80
339
39
171
210
221
110
176
48
483
245
254
87
397
367
231
5
85
222
324
276
43
211
306
369
239
68
88
1
72
192
117
86
294
114
446
182
457
99
436
3
92
347
62
434
179
240
489
497
354
188
236
197
282
164
51
316
468
230
421
322
428
200
29
116
349
83
493
54
212
403
267
459
273
374
411
217
35
270
290
78
97
160
218
329
431
465
162
124
183
295
238
17
305
195
150
430
121
163
107
59
225
304
298
415
226
153
148
9
456
458
45
395
106
474
109
130
71
175
346
441
357
146
433
74
358
472
261
437
241
419
401
285
184
487
55
190
203
165
256
308
326
167
149
133
414
355
275
429
98
425
257
255
247
490
442
137
258
449
138
368
214
208
204
40
16
112
262
104
237
343
205
365
301
23
52
351
375
42
174
410
145
67
249
356
243
291
439
445
11
36
233
426
477
320
4
302
400
143
70
6
89
454
76
191
325
279
353
91
404
462
12
168
338
251
380
159
296
120
181
180
