499
460
413
378
362
361
344
343
339
292
278
270
255
248
241
232
217
186
175
171
139
110
73
45
43
39
27
479
466
454
430
410
400
389
386
337
226
198
163
157
150
147
138
127
118
101
93
87
72
29
19
10
6
15
459
205
334
173
497
40
23
313
180
290
106
416
131
444
387
412
267
60
124
320
162
308
424
12
36
462
452
288
164
79
250
203
388
385
207
229
277
1
409
41
111
439
233
317
289
70
185
236
435
151
209
496
114
140
137
13
51
253
4
487
135
222
49
174
247
125
119
268
340
59
201
9
25
231
324
451
178
420
314
240
100
384
464
112
414
99
490
71
2
48
5
359
167
469
338
128
284
365
165
153
263
441
295
368
223
304
358
311
347
327
246
220
282
239
374
323
148
170
405
74
391
477
245
69
379
434
55
53
91
299
428
401
152
402
196
22
489
17
486
115
433
75
354
482
390
181
56
259
244
47
129
271
458
493
333
476
123
206
399
183
64
193
97
467
34
403
249
20
67
258
149
445
296
202
411
63
442
341
272
348
426
438
275
214
273
54
38
76
187
366
126
360
95
192
143
88
332
363
46
82
251
450
11
310
141
291
367
103
169
104
471
463
26
184
204
154
50
478
260
437
116
415
351
8
42
90
356
18
221
261
265
32
285
77
404
31
417
419
335
394
398
408
495
177
0
159
293
355
145
418
331
382
194
160
199
349
52
455
484
306
280
371
395
375
350
436
447
238
172
393
176
423
407
107
134
427
396
132
329
283
488
257
190
370
81
235
136
300
109
256
44
224
352
345
86
325
66
96
281
213
84
191
481
448
307
432
120
406
286
474
364
457
158
215
397
266
28
468
453
252
456
61
121
30
80
357
422
498
133
102
210
377
369
113
373
65
225
301
279
328
287
182
421
21
376
492
342
392
179
315
3
146
302
264
211
57
294
230
105
242
254
380
237
440
316
262
269
475
24
166
346
98
298
319
144
473
372
212
108
465
83
78
16
449
276
485
297
383
94
381
68
14
219
309
197
312
461
330
92
472
483
470
142
480
326
35
446
443
161
234
274
189
208
494
216
117
303
58
62
305
188
37
431
243
425
228
227
353
429
318
130
491
156
122
322
33
321
168
7
85
89
218
155
200
336
195
