0.475928068161011
0.472018003463745
0.450179100036621
0.499240159988403
0.475548982620239
0.4666748046875
0.495085000991821
0.478951930999756
0.484869003295898
0.497716903686523
0.471864938735962
0.553691864013672
0.493079900741577
0.462112188339233
0.462926149368286
0.5050208568573
0.438532114028931
0.513046979904175
0.469269990921021
0.451852083206177
0.596038103103638
0.449636936187744
0.496379137039185
0.470727920532227
0.483687162399292
0.4565269947052
0.464339017868042
0.485265970230103
0.449882030487061
0.615100145339966
0.440813064575195
0.522699117660522
0.466184854507446
0.498149156570435
0.474883079528809
0.422515869140625
0.458210229873657
0.466743946075439
0.542622089385986
0.443483114242554
0.46696400642395
0.470741987228394
0.472424983978271
0.45592999458313
0.496531963348389
0.500334978103638
0.466987133026123
0.463117837905884
0.446806907653809
0.477360963821411
0.459281921386719
0.484547853469849
0.472533941268921
0.468724966049194
0.501354932785034
0.541319847106934
0.482357978820801
0.468079090118408
0.488208055496216
0.470653772354126
0.542095899581909
0.460873126983643
0.462589979171753
0.478116035461426
0.571547031402588
0.450443029403687
0.478255987167358
0.519532918930054
0.459156036376953
0.47464919090271
0.464620113372803
0.51170015335083
0.530581951141357
0.475690841674805
0.476525068283081
0.466655969619751
0.482863903045654
0.467458009719849
0.485099077224731
0.458200931549072
0.482150793075562
0.46998405456543
0.494180917739868
0.474339962005615
0.501725912094116
0.487729072570801
0.476388931274414
0.471865892410278
0.486160039901733
0.499632120132446
0.484237909317017
0.491002082824707
0.476832866668701
0.46406102180481
0.481248140335083
0.493779897689819
0.495869159698486
0.501874923706055
0.482712030410767
0.463037014007568
