0 1 14 0 0 0 1 1 2 0 0 0 0 0 0 0 0 1 0 0 1 2 0 2 22 1 0 0 1 1 0 0 1 0 0 1 0 0 0 0 0 0 0 0 0 0 1 0 0 2
4 4 0 1 3 5 0 29 3 1 5 3 4 0 5 13 2 27 2 3 8 5 14 3 4 0 17 3 2 1 3 6 1 7 2 8 5 6 6 5 38 5 15 0 3 2 26 6 5 7
0 0 12 7 2 3 7 0 14 6 29 1 9 4 12 12 12 0 2 7 0 4 8 0 16 1 1 4 10 13 9 3 2 0 9 6 7 12 3 8 21 6 4 14 10 5 2 6 2 2
5 2 7 0 9 0 1 2 9 2 7 5 0 10 2 0 9 0 7 7 24 0 8 5 2 2 2 6 0 5 0 3 6 1 6 4 2 1 8 2 5 2 3 0 0 6 2 21 2 0
2 7 4 1 0 3 1 5 7 0 1 8 12 3 8 0 0 3 9 0 1 1 11 2 1 0 4 11 9 7 0 8 4 3 3 4 1 17 4 1 2 0 1 3 0 0 1 2 2 9
1 7 0 3 10 2 2 40 13 1 20 0 3 0 11 4 4 0 9 1 5 1 0 4 15 0 13 8 1 21 2 16 17 1 14 2 21 4 8 4 21 5 9 8 5 2 16 3 3 2
1 11 1 5 1 5 9 2 0 0 8 7 10 2 0 1 5 2 8 8 7 5 1 0 10 7 2 8 1 3 5 0 13 3 2 1 0 4 0 1 8 8 1 0 18 0 1 4 1 1
14 1 12 7 13 3 9 0 6 8 4 12 2 15 25 6 13 15 21 7 1 5 6 8 3 1 5 19 9 2 2 9 22 25 0 3 3 7 2 5 2 15 2 3 6 2 1 11 3 1
38 5 0 33 10 6 5 0 0 8 25 2 1 0 5 11 2 11 6 51 8 10 2 4 17 8 3 3 1 2 4 2 3 2 4 8 13 39 4 2 0 5 1 2 1 7 4 4 22 4
1 0 0 0 0 0 0 0 0 0 2 0 2 0 0 0 0 0 0 0 1 0 2 0 0 3 1 0 3 0 1 0 0 1 0 1 0 1 6 0 0 0 0 4 0 0 0 0 0 1
5 1 2 2 4 1 0 1 1 2 4 0 1 2 6 2 0 7 13 0 0 5 4 16 7 0 7 2 1 25 6 6 0 0 1 1 1 1 7 7 9 6 2 13 6 15 0 7 10 4
4 13 8 4 10 4 10 10 5 7 6 15 16 1 4 2 6 16 5 5 4 0 2 0 0 11 11 14 5 2 34 1 1 1 1 3 1 15 3 3 4 19 9 2 1 4 3 6 4 2
6 1 6 4 0 0 1 6 6 5 6 2 6 9 6 3 0 2 8 2 0 7 8 9 1 1 8 0 5 3 4 2 2 9 0 4 0 1 1 1 17 0 1 1 0 1 0 8 3 4
6 3 2 4 8 0 2 8 0 0 1 0 0 7 2 2 0 5 16 5 8 1 0 4 12 4 4 1 3 14 4 10 3 2 0 0 6 1 6 3 0 3 8 4 1 0 1 4 1 2
5 3 4 1 3 8 8 2 4 1 0 2 1 0 4 1 0 5 0 1 5 3 2 0 3 4 6 7 0 3 5 8 11 5 0 5 6 1 3 0 4 2 6 1 2 1 0 0 6 12
3 2 13 9 0 2 9 4 0 5 23 20 1 3 4 1 2 9 4 9 0 11 1 2 18 1 3 18 0 8 12 5 19 3 6 0 4 3 7 8 4 1 1 22 20 0 2 0 18 16
4 1 1 0 3 5 1 0 0 2 0 1 1 0 0 1 0 0 0 2 0 0 1 0 1 1 0 3 1 0 0 0 1 0 0 3 0 0 1 0 0 1 0 2 0 0 0 0 2 1
0 5 3 14 0 0 13 5 1 3 3 1 1 13 0 9 2 0 0 8 0 3 12 6 1 3 0 34 2 2 5 13 12 20 0 0 15 17 1 0 0 9 6 9 44 11 4 10 4 2
24 2 10 18 0 8 5 19 4 12 2 5 1 15 29 0 8 7 11 9 0 2 11 25 5 2 5 9 0 15 1 6 4 1 0 0 5 7 0 22 20 5 18 4 7 23 0 4 1 4
5 4 0 3 2 2 12 0 1 4 5 1 0 5 3 2 12 1 0 4 12 5 3 0 0 5 0 6 7 0 4 3 24 0 0 0 1 43 11 3 5 2 1 2 0 0 3 2 12 1
2 9 0 0 2 5 1 2 1 0 0 1 0 0 5 1 7 2 4 3 3 0 1 0 2 3 15 1 2 11 2 3 4 4 0 7 1 2 1 3 5 5 1 0 7 1 5 0 0 2
0 1 6 4 2 4 5 0 1 5 23 0 9 21 15 15 9 17 0 5 23 10 5 7 0 0 10 21 4 5 1 3 65 13 7 29 4 8 3 1 26 5 12 3 4 4 0 2 1 1
0 0 0 0 0 1 0 0 2 0 3 0 0 0 0 23 4 1 0 0 0 0 0 2 0 0 0 0 0 0 3 0 2 0 0 0 0 0 1 0 0 0 0 0 0 0 0 0 0 3
8 4 14 10 1 2 4 3 14 3 4 1 1 7 6 5 21 8 1 1 16 2 6 2 35 0 16 5 3 6 2 31 0 7 0 2 13 5 28 4 5 2 0 9 9 20 11 8 2 2
5 0 2 6 3 0 0 2 2 4 35 3 6 2 3 1 1 3 3 4 13 1 1 2 0 6 2 0 0 18 7 11 0 3 7 5 5 22 6 0 0 8 2 3 2 5 1 5 2 4
0 4 0 2 8 3 3 8 0 0 2 1 1 3 2 10 10 0 4 2 2 11 0 1 4 0 1 3 27 0 5 2 2 10 2 4 1 7 1 10 6 1 7 4 12 3 1 1 1 0
1 0 5 0 0 0 0 0 0 0 1 0 0 0 0 1 0 24 1 0 1 1 0 0 0 3 1 0 0 1 0 0 0 0 0 0 0 1 0 0 0 0 0 0 1 0 1 1 0 0
1 0 0 1 0 4 4 0 0 2 0 1 0 0 0 0 0 0 0 0 0 1 0 0 0 1 0 1 0 0 2 1 0 1 0 1 1 0 0 0 0 1 0 5 0 0 0 0 0 0
0 5 6 4 6 3 3 4 0 0 2 2 0 0 14 3 1 2 3 0 0 1 1 6 3 18 3 0 2 1 7 1 1 0 11 1 0 0 3 7 16 7 3 0 9 5 3 3 4 3
1 0 0 0 0 0 0 0 0 0 0 0 0 0 0 0 0 0 0 1 3 1 0 0 1 0 1 0 0 8 0 0 0 0 1 0 0 0 0 0 2 0 1 0 1 1 2 0 1 0
2 2 0 0 0 1 0 1 0 0 1 0 3 1 0 0 2 1 0 0 0 0 0 0 0 0 0 0 1 8 1 0 0 1 5 1 0 0 0 2 0 0 0 0 0 0 0 1 0 0
0 0 6 1 2 1 3 0 1 0 0 0 0 0 0 2 1 10 0 0 1 7 2 1 1 0 1 0 1 0 1 0 0 1 1 1 1 4 0 1 0 2 0 0 2 0 0 1 0 0
4 4 3 4 1 4 2 2 0 1 4 2 8 4 5 0 0 7 9 5 0 1 0 7 0 4 3 0 1 3 10 1 3 1 34 4 5 13 14 0 0 6 0 9 0 10 4 2 0 15
1 9 9 0 3 2 0 3 0 0 0 2 1 5 4 6 1 2 13 5 9 5 8 2 10 13 13 9 8 3 1 1 0 2 3 3 8 0 8 0 4 0 2 0 0 6 2 1 0 3
0 3 3 2 1 2 0 13 1 2 5 6 16 0 13 0 10 14 2 3 0 4 0 3 1 6 0 2 1 1 0 6 12 18 2 1 8 3 1 5 0 0 0 4 0 0 1 1 1 11
6 1 10 0 2 3 2 8 3 7 0 10 0 0 0 14 11 0 4 1 2 0 3 2 10 7 1 7 3 0 2 1 5 0 0 1 9 4 1 3 10 0 0 0 10 0 5 1 2 3
5 4 24 27 17 17 5 1 15 3 17 3 0 1 2 12 20 12 10 11 2 1 4 5 0 15 4 4 23 11 4 0 7 3 1 11 11 1 1 10 8 0 2 11 1 1 2 3 0 1
20 0 1 0 12 0 2 4 29 1 4 0 7 18 12 12 9 33 1 12 6 2 4 1 19 3 5 22 1 4 25 3 6 0 0 0 0 0 8 1 2 3 3 5 1 28 2 2 0 19
1 8 0 11 5 7 2 8 0 20 10 0 9 3 9 2 4 4 4 0 1 1 8 14 2 0 6 11 3 1 2 7 2 1 4 3 12 14 13 2 0 0 0 5 0 2 3 3 14 4
25 11 16 5 3 10 3 3 9 2 23 20 1 0 0 8 4 7 10 3 9 5 9 0 13 2 2 3 16 2 7 0 30 4 6 0 3 1 4 8 0 0 0 0 1 19 0 4 0 23
0 0 1 0 1 2 4 0 1 0 0 1 0 1 0 0 0 0 1 0 1 0 1 1 0 0 0 3 0 0 0 1 0 0 0 1 0 1 0 0 0 1 0 0 0 1 0 0 0 1
1 0 7 1 0 2 1 5 1 0 0 0 2 0 1 1 0 0 0 0 0 7 0 0 17 1 0 0 1 0 1 0 0 0 1 0 0 0 0 0 1 0 0 0 1 0 0 0 1 0
8 0 2 1 0 1 9 0 1 7 3 2 8 13 4 0 7 24 0 1 1 0 0 0 2 2 4 5 7 4 1 4 2 14 13 4 2 8 0 6 3 2 10 16 7 3 2 3 8 0
1 11 2 3 1 3 5 0 7 2 6 3 4 1 4 4 7 4 3 17 8 2 11 0 1 3 0 2 1 4 6 0 2 4 6 11 4 0 4 3 12 6 0 7 2 3 0 1 6 26
23 2 0 0 4 8 1 1 2 1 15 4 6 7 4 10 4 4 13 3 0 1 8 7 1 7 0 1 4 5 2 1 8 0 2 6 2 5 7 16 7 0 7 0 10 11 2 1 15 2
0 1 0 0 0 1 0 0 0 5 0 3 0 3 0 1 0 0 1 0 1 0 1 0 0 1 0 1 0 2 2 0 0 1 1 1 2 0 5 0 0 3 0 0 0 1 0 0 1 1
32 0 0 1 0 14 10 0 3 0 3 2 1 2 9 1 0 1 16 0 15 7 0 4 1 5 16 2 3 3 8 16 31 3 13 1 0 2 18 45 0 11 4 2 12 11 0 9 9 2
0 2 0 0 8 1 5 9 2 1 2 11 2 8 6 7 9 17 0 11 1 2 0 4 1 16 0 0 2 1 4 7 3 0 1 0 2 7 9 1 20 1 1 0 19 1 0 0 2 2
0 3 0 0 0 0 0 0 0 0 0 1 0 0 1 0 2 0 0 0 2 0 0 0 0 0 1 0 0 4 0 0 0 0 0 0 1 0 0 0 0 1 0 0 0 0 0 0 0 0
5 0 11 6 4 3 2 5 0 2 3 6 6 2 22 4 7 1 5 0 5 8 6 4 1 20 1 8 34 6 34 5 0 21 20 4 0 18 1 0 4 6 14 5 4 4 18 3 1 12
4 28 17 0 25 27 23 0 22 13 9 12 11 10 23 2 0 2 7 19 3 4 1 0 1 4 4 0 2 2 10 20 6 4 1 15 11 0 13 16 7 7 1 2 3 9 29 3 20 1
0 2 1 0 1 3 7 0 0 0 0 1 0 0 2 6 1 0 0 1 0 2 0 0 1 3 0 1 0 2 1 0 0 1 2 0 2 0 0 1 1 3 0 1 0 0 0 0 0 1
3 0 15 3 0 4 1 2 8 0 6 0 3 1 5 0 3 0 0 0 1 0 10 2 2 1 7 6 11 0 5 5 5 0 1 0 2 0 4 5 1 5 4 2 14 0 6 0 7 0
5 3 2 2 0 5 5 1 9 1 0 5 5 5 2 5 1 12 0 0 2 1 0 5 4 3 4 1 2 0 5 3 1 0 0 4 4 8 2 0 8 29 4 8 2 2 0 1 0 5
0 0 0 2 0 0 1 0 4 0 0 0 0 0 0 1 0 0 0 1 0 0 0 0 0 0 1 0 0 0 0 1 0 0 0 0 1 0 0 0 1 0 0 0 1 0 2 1 4 0
0 0 11 0 0 0 1 0 0 3 1 0 1 0 0 2 1 17 2 1 1 14 4 2 2 0 0 0 0 1 1 0 1 0 1 0 1 0 0 0 0 0 1 2 2 2 1 2 0 0
0 0 2 1 1 0 1 0 0 1 0 1 0 0 0 0 0 0 0 1 0 3 2 0 0 0 0 0 0 0 0 0 0 0 17 0 0 0 1 0 0 1 0 1 3 0 0 0 0 0
4 5 0 0 1 1 5 15 18 8 7 1 8 1 0 9 2 1 14 19 0 21 9 1 18 6 7 6 1 11 7 4 9 15 3 0 20 2 9 3 9 10 0 5 0 12 4 1 7 15
1 0 0 0 0 4 4 0 0 3 0 0 2 3 0 1 0 0 1 1 1 0 2 0 7 1 0 0 0 2 0 1 0 0 0 0 0 0 0 0 0 0 0 1 0 0 0 0 0 0
7 13 11 1 10 0 1 8 0 6 0 3 1 0 1 16 4 2 7 0 2 2 1 7 9 3 4 3 3 4 2 3 0 7 17 3 3 2 2 2 0 1 13 14 1 0 5 0 2 0
0 0 1 0 0 1 2 1 0 0 0 0 1 0 0 1 0 4 0 0 1 1 1 0 0 0 1 0 0 0 0 0 0 1 0 0 1 1 3 0 0 0 0 1 0 0 0 0 0 0
0 2 12 1 7 5 2 0 4 2 1 3 0 3 3 3 4 10 4 0 7 2 8 5 3 8 2 8 3 2 0 12 0 11 1 3 5 9 2 0 0 5 0 2 1 12 0 6 2 8
0 2 0 0 0 0 0 1 0 2 0 1 15 1 0 2 0 0 0 2 0 1 0 1 0 0 0 0 0 0 0 0 4 18 0 0 0 2 0 0 0 3 1 3 1 0 0 3 0 0
0 0 0 0 0 0 0 0 0 0 0 0 1 1 0 0 0 1 0 0 0 0 0 0 0 0 8 1 1 2 1 0 0 0 0 0 0 1 3 0 0 0 0 1 1 1 4 1 0 0
8 0 6 1 5 31 0 16 4 0 0 1 13 2 3 1 2 36 7 2 2 2 7 5 6 11 6 5 10 3 0 0 0 22 3 14 4 8 2 6 0 8 1 7 16 17 6 16 7 16
2 2 0 17 2 0 4 1 3 8 20 1 2 9 4 1 3 1 1 13 9 1 3 7 0 5 2 1 2 0 0 0 3 1 0 10 20 0 3 3 1 13 9 3 27 3 19 2 13 14
0 0 5 0 0 0 0 0 0 0 1 0 0 0 1 0 1 0 0 0 2 0 0 0 3 0 0 0 1 1 4 0 1 0 1 0 0 0 0 0 0 0 0 0 0 0 0 0 0 0
12 12 12 19 10 7 2 2 16 12 24 12 12 5 4 0 0 2 1 0 17 11 8 8 9 2 0 2 8 15 5 1 5 2 7 0 4 40 13 6 8 12 7 0 6 5 4 8 5 4
0 9 6 4 8 2 0 1 2 0 1 2 11 0 0 1 2 6 2 0 3 3 15 2 0 1 5 1 0 0 0 2 5 15 16 9 1 0 3 4 2 1 1 1 7 3 4 3 0 1
6 2 0 6 0 12 2 8 0 4 0 2 6 6 3 6 14 1 0 12 3 6 1 1 8 0 10 15 2 0 4 2 0 5 2 10 7 2 13 3 0 0 1 4 2 3 1 5 7 8
1 4 0 4 2 3 7 2 1 1 3 5 4 3 3 8 0 9 1 4 4 2 0 3 4 8 6 5 1 0 2 7 8 0 2 6 0 1 11 2 1 1 0 1 12 5 2 0 7 3
2 2 0 0 6 5 5 1 7 15 0 2 8 3 1 3 0 4 7 9 29 0 2 1 13 6 0 7 0 16 1 6 1 1 3 0 6 5 2 7 1 3 8 0 4 9 1 1 0 3
18 6 18 3 3 0 0 15 13 17 2 23 8 1 23 2 5 5 17 21 5 0 5 10 20 3 3 3 0 8 1 0 4 19 4 2 3 0 12 6 11 9 8 7 4 12 16 0 13 0
4 4 8 2 3 8 1 7 3 0 0 7 4 10 4 0 10 3 14 0 0 0 17 4 1 24 3 17 2 0 1 2 6 0 14 27 13 17 6 1 20 2 11 6 0 6 8 28 21 12
3 3 9 5 5 8 5 0 15 1 1 15 1 1 0 6 3 0 2 0 3 4 1 4 0 2 4 4 1 15 5 2 21 0 3 7 0 7 5 3 0 0 0 0 1 5 2 4 6 11
4 4 2 2 0 2 3 0 1 9 6 0 1 5 1 5 6 4 3 0 2 6 0 3 2 2 4 1 0 2 4 10 3 5 5 9 4 0 0 8 6 0 0 2 3 1 4 2 0 2
6 28 11 19 17 32 7 9 17 7 5 21 4 9 1 1 30 18 10 27 7 9 5 8 1 2 6 13 41 0 4 9 15 1 4 8 0 6 23 2 2 17 4 5 6 5 13 2 19 2
9 11 3 12 22 7 0 2 26 4 15 29 19 10 16 10 21 0 2 1 0 5 10 4 1 4 3 17 8 10 6 11 4 11 1 0 6 8 4 0 12 0 5 6 5 12 10 0 6 0
0 0 0 0 0 2 1 1 0 1 0 0 0 2 0 0 2 1 0 0 0 0 1 0 0 1 1 0 0 0 0 0 0 0 0 0 0 0 0 0 0 0 0 2 0 0 2 2 0 1
6 0 2 1 1 7 6 2 0 1 1 5 1 2 1 3 4 3 3 2 2 4 4 1 1 0 3 1 0 0 1 1 0 11 2 1 0 7 1 2 0 1 1 4 1 0 3 1 19 6
0 0 3 0 15 0 9 0 3 13 0 3 0 0 1 0 2 2 1 6 0 11 7 3 0 0 3 8 0 0 2 1 1 0 0 0 16 2 6 19 10 0 2 2 5 9 2 2 12 6
21 6 10 13 7 8 7 7 22 0 15 19 4 19 1 2 21 0 5 13 1 5 1 1 8 7 3 12 22 3 21 2 9 7 38 7 5 36 3 12 5 12 10 12 12 6 10 3 4 29
0 0 5 0 0 0 1 0 0 0 0 2 0 0 0 0 0 2 0 0 0 21 0 0 0 0 0 0 1 0 0 0 0 0 0 1 0 0 0 0 1 0 0 0 1 1 0 0 0 0
12 5 1 7 1 0 4 24 24 5 21 1 5 16 14 19 6 2 1 2 22 10 3 19 2 4 9 3 6 2 5 0 1 1 8 6 0 3 15 13 8 5 10 6 6 4 1 21 24 27
4 1 2 4 6 9 0 8 1 6 4 2 5 3 2 2 1 1 3 1 10 1 0 0 0 2 3 1 12 8 2 2 0 11 8 11 0 2 2 3 11 17 3 4 8 3 3 4 0 1
3 10 1 1 5 7 2 0 0 3 9 2 1 8 6 1 1 4 1 3 0 8 3 5 2 17 10 0 0 0 8 13 3 21 5 11 3 1 6 0 9 11 1 0 5 14 8 3 3 9
1 4 6 5 2 0 9 2 0 0 6 0 1 13 0 4 5 10 2 1 0 0 3 1 4 12 8 0 6 0 2 0 17 2 2 10 16 7 6 8 2 2 4 1 1 1 1 2 7 0
1 0 0 2 1 0 0 1 1 0 0 0 1 0 0 0 1 0 0 1 0 0 0 0 1 0 0 0 0 2 1 0 0 2 0 0 2 0 0 0 0 1 7 0 1 0 1 2 2 0
3 2 1 0 3 3 4 3 11 1 3 10 0 2 3 5 3 7 1 2 6 7 0 7 0 2 5 5 2 19 4 0 10 1 5 4 14 7 1 2 3 7 5 4 0 9 2 2 0 0
8 0 3 0 1 2 0 6 0 1 5 1 1 1 2 19 1 4 0 1 1 2 0 3 1 10 0 2 0 8 13 4 2 2 14 1 3 4 1 4 3 0 11 3 8 10 13 1 2 0
8 1 3 0 3 7 3 3 6 9 2 1 6 7 1 5 1 1 3 8 5 5 0 1 3 6 6 7 0 0 10 5 1 4 3 19 0 1 0 1 0 3 2 4 7 10 3 0 3 1
0 0 0 1 0 3 1 0 0 0 0 1 0 0 1 1 0 0 0 0 0 0 0 0 0 0 0 0 1 0 5 0 2 0 0 0 0 0 0 4 1 0 0 0 0 2 1 1 0 0
0 1 0 0 3 1 0 0 2 19 2 0 10 0 0 0 0 0 0 0 0 0 0 1 0 0 0 0 0 0 0 0 0 0 0 0 0 0 0 1 0 0 0 1 0 0 0 0 0 0
1 1 15 7 2 6 8 8 9 2 1 23 0 11 23 29 4 18 5 0 1 1 0 0 0 22 9 4 19 2 5 0 14 6 24 8 2 16 0 6 4 0 3 0 4 4 1 3 30 1
8 0 4 11 1 8 3 4 2 0 1 1 10 0 6 9 8 6 3 24 1 1 3 21 5 1 8 4 2 5 3 1 0 2 1 1 20 1 0 2 1 0 1 7 7 7 8 0 0 2
0 12 1 1 1 0 3 6 1 4 8 0 1 10 1 9 1 4 4 0 1 4 6 2 1 0 3 0 0 2 24 3 2 5 7 6 6 6 0 2 0 3 7 2 9 6 4 3 3 3
0 0 0 0 4 0 1 1 0 0 0 1 0 0 0 0 1 0 0 1 1 0 0 0 0 0 1 0 0 3 0 0 0 0 2 0 0 0 0 0 0 0 0 0 3 0 0 0 2 0
0 0 3 0 0 0 1 1 0 0 0 0 0 0 0 0 0 8 0 0 1 7 2 0 4 0 0 0 2 0 0 1 0 0 1 0 2 1 0 0 0 0 0 0 3 1 0 0 0 0
0 0 1 1 0 0 0 1 0 0 1 1 0 0 0 0 0 0 1 0 0 0 2 2 0 1 0 2 0 2 1 0 0 0 4 1 0 1 0 0 2 0 0 1 0 0 0 0 2 1
5 0 2 0 9 16 4 1 17 12 0 12 2 12 18 1 0 2 4 5 5 4 0 0 0 1 0 6 7 29 16 19 4 0 3 14 1 0 8 4 5 2 3 3 1 2 8 0 2 2
