2 2 0 5 11 4 26 2 5 2 4 2 0 14 6 0 13 10 0 0 43 11 2 0 3 3 8 2 2 7 16 0 14 5 9 3 7 8 5 43 0 3 0 7 21 8 0 0 1 11
14 0 1 4 18 0 22 16 4 4 5 4 4 7 3 4 0 10 14 9 9 24 0 1 11 5 2 17 0 12 13 18 1 6 2 24 11 12 1 0 2 10 0 4 3 1 8 10 7 12
1 0 0 0 0 1 0 0 0 0 0 0 1 0 0 0 0 2 0 0 0 0 0 1 0 0 0 0 1 3 1 0 0 0 2 1 0 0 2 0 0 0 1 0 0 0 0 0 0 2
0 0 5 11 2 20 1 0 15 14 8 11 4 13 1 3 1 0 5 4 2 3 17 0 0 6 0 2 22 4 8 15 4 2 3 1 1 0 11 6 1 5 9 8 1 0 3 2 3 3
4 3 6 2 2 7 5 11 15 5 46 8 7 0 1 1 0 6 0 2 8 0 14 13 0 16 6 9 4 10 2 1 1 0 2 3 5 17 8 6 13 16 0 2 4 17 9 38 2 13
0 3 0 0 1 1 0 0 0 0 0 0 0 0 1 0 0 1 0 0 0 0 0 0 3 2 0 0 0 1 0 0 0 3 1 0 0 1 0 0 0 0 0 0 0 0 0 0 0 1
0 0 0 5 0 0 0 1 0 1 0 0 0 0 0 0 0 0 0 0 0 0 0 7 0 0 0 3 0 0 0 0 0 1 0 1 0 0 0 0 0 0 1 0 0 1 0 0 0 0
2 4 2 18 4 0 4 6 5 1 1 6 0 8 2 8 3 0 4 2 0 0 0 0 0 2 1 8 0 4 0 10 5 4 11 0 0 0 1 3 6 6 4 0 19 6 1 1 3 7
2 12 8 4 7 6 4 9 4 2 1 12 2 1 1 1 6 0 1 4 2 2 1 11 5 1 1 4 4 0 0 2 1 3 2 5 4 2 8 7 5 1 1 4 0 1 0 8 11 5
2 0 1 0 2 1 9 0 3 0 17 3 3 4 21 8 3 5 5 4 7 0 6 0 1 0 11 1 0 5 7 0 1 0 1 1 2 0 8 0 0 1 4 0 3 0 1 1 0 0
3 2 18 18 1 11 6 16 3 22 1 1 0 4 13 8 28 0 4 3 11 4 12 0 2 33 11 1 32 14 1 7 8 4 1 2 2 9 6 7 23 1 12 3 30 0 23 7 14 1
4 6 23 0 3 1 12 9 1 0 12 3 15 6 1 0 1 0 10 19 1 16 2 3 1 5 11 8 2 6 6 1 0 21 12 20 2 5 7 3 2 11 2 17 9 2 8 7 2 2
2 8 1 0 5 3 1 4 1 9 0 12 2 0 0 2 0 10 0 0 1 2 2 0 0 0 7 4 5 1 6 4 4 1 0 1 3 2 1 9 6 1 10 7 1 5 10 3 0 5
0 7 2 3 0 4 1 0 1 4 4 5 2 2 2 0 4 0 7 0 4 0 5 0 0 5 2 3 8 0 0 0 6 1 19 5 1 5 0 4 1 1 7 3 6 2 1 2 7 3
3 22 2 13 3 2 6 20 36 3 19 3 4 4 9 6 14 5 2 7 18 7 4 5 18 7 5 2 13 1 3 3 5 0 0 1 0 5 1 17 11 0 5 2 1 11 3 4 18 4
13 37 5 9 6 24 1 0 19 16 1 9 17 1 12 0 4 4 4 10 7 1 7 1 1 4 3 13 29 17 10 10 4 1 13 1 10 0 1 1 0 12 12 2 8 3 0 16 10 12
0 3 0 1 9 0 0 1 0 0 0 0 0 0 1 0 0 0 1 1 0 0 0 2 0 3 0 0 0 0 0 0 0 0 0 0 0 0 1 1 1 4 0 0 1 0 2 0 0 2
5 2 1 0 2 0 12 15 3 1 13 2 5 3 1 12 10 15 2 13 2 2 3 3 5 0 18 0 4 3 3 9 14 1 15 0 5 18 1 3 9 1 0 3 20 5 11 0 1 0
0 3 9 4 1 0 3 3 1 1 11 8 0 10 3 0 12 9 1 6 1 0 7 2 2 1 7 5 2 0 1 2 11 0 3 4 1 5 1 4 3 0 12 7 0 3 0 1 0 1
2 20 4 3 0 12 31 1 2 16 11 7 16 12 12 10 17 11 18 24 0 26 1 10 33 2 0 5 3 7 1 2 2 15 3 9 5 1 7 9 19 1 2 9 5 2 1 1 13 0
0 0 1 0 0 1 0 0 0 0 0 0 0 1 0 0 0 0 1 0 1 0 0 3 0 0 0 2 0 0 0 1 0 0 0 0 0 0 0 0 0 0 0 0 1 0 1 0 1 0
0 5 1 7 4 2 3 5 1 1 6 7 0 2 1 1 2 0 0 0 15 4 3 4 0 4 0 4 2 0 0 0 0 8 5 0 2 5 1 10 9 1 7 1 0 10 0 20 0 2
4 45 24 7 25 0 3 1 1 31 4 10 3 5 0 3 9 71 6 5 8 2 34 2 0 6 2 31 3 0 3 1 13 1 15 2 8 0 10 12 13 11 11 13 1 11 12 0 2 5
7 22 1 0 34 0 4 11 8 5 23 13 13 15 1 2 25 19 0 24 6 4 29 1 7 0 8 8 21 6 12 1 26 2 6 7 4 0 1 3 3 6 0 1 0 16 26 1 5 1
1 4 2 0 25 0 3 0 3 4 3 10 5 8 1 2 1 4 7 0 1 4 2 1 1 4 23 3 0 9 29 7 0 16 9 0 7 1 13 9 1 8 3 5 13 8 6 2 16 0
8 24 14 0 3 6 11 6 34 5 0 6 0 1 29 0 11 2 0 5 1 1 0 10 1 27 15 23 22 1 1 10 7 24 0 3 0 6 2 8 2 19 6 16 2 5 2 0 1 4
0 10 0 0 1 0 1 0 1 2 8 8 1 6 0 2 2 5 1 9 3 3 1 14 0 5 3 5 3 15 2 4 2 9 8 1 1 2 0 0 0 4 8 0 10 2 5 7 2 2
1 3 2 0 10 0 2 0 1 3 6 3 0 6 18 0 9 0 8 6 6 0 7 0 2 4 6 0 0 0 6 7 3 2 0 0 1 5 9 2 7 6 8 1 2 2 4 5 3 2
0 0 1 0 1 0 1 1 0 0 0 0 1 0 0 0 1 0 0 1 0 0 1 0 0 19 0 0 1 1 0 0 4 0 0 0 0 0 0 1 0 2 1 0 0 1 0 0 2 0
1 1 1 6 5 1 0 0 3 5 3 25 0 0 9 0 0 1 2 2 1 0 15 6 3 4 7 0 1 6 6 2 4 5 1 0 2 10 0 0 0 0 1 9 3 5 10 2 3 3
8 1 1 0 5 12 1 9 14 0 1 1 0 1 3 0 1 0 1 9 3 0 4 1 5 6 7 9 12 0 0 4 0 8 1 7 1 1 3 2 1 2 9 1 6 2 3 4 6 3
12 6 13 19 5 5 36 21 2 18 5 3 1 7 9 7 3 2 7 3 20 28 22 3 3 15 7 1 4 11 1 0 0 7 16 8 7 3 7 5 3 0 0 5 22 7 0 8 4 26
2 0 1 0 1 1 5 1 5 4 0 5 20 2 5 22 3 6 1 0 8 1 12 0 6 12 7 8 0 0 7 7 0 13 8 6 0 0 1 8 0 1 2 4 0 12 1 0 12 2
0 1 2 0 9 1 12 4 20 4 5 3 1 1 15 6 0 1 20 1 4 0 3 1 1 0 3 1 3 4 1 0 2 10 0 1 2 13 4 0 8 5 0 4 3 7 3 1 2 4
0 2 4 1 4 1 10 11 6 8 0 0 3 8 0 4 3 6 3 5 3 0 1 3 10 4 0 10 0 2 3 0 7 2 0 4 4 10 2 3 0 0 7 0 5 1 3 0 2 23
5 0 13 6 16 4 13 3 11 3 1 4 0 3 4 4 1 0 0 1 2 7 4 4 6 1 2 4 6 1 3 3 0 0 7 4 1 1 0 1 3 14 1 1 1 3 23 0 2 9
0 3 0 6 4 1 11 4 0 4 1 3 3 6 2 3 4 0 0 4 11 1 1 7 3 2 0 1 2 0 3 1 5 4 0 2 11 1 1 0 0 1 8 10 2 5 15 4 3 0
0 0 0 1 1 0 0 0 0 1 0 1 1 1 0 0 0 4 0 1 0 1 2 0 3 0 0 2 0 0 1 1 0 0 2 0 1 0 1 4 1 0 0 1 0 0 0 0 0 2
1 0 0 3 0 0 0 0 0 0 0 0 1 0 0 0 0 0 0 0 0 2 0 0 0 1 0 0 0 0 0 0 0 2 0 0 0 2 3 0 0 0 1 0 0 0 2 0 0 0
0 4 2 0 2 4 7 1 0 3 3 9 0 1 2 3 14 0 5 1 3 1 1 15 19 13 1 2 2 7 1 2 0 8 4 0 7 2 0 5 1 14 1 0 6 10 1 7 20 0
7 7 15 0 3 1 5 15 7 6 3 2 0 4 6 0 9 3 0 3 3 9 4 5 2 6 4 2 0 3 9 3 27 3 0 14 16 3 5 1 4 22 11 9 3 8 0 1 8 10
0 1 0 1 0 0 0 0 0 0 0 0 0 0 0 1 1 4 0 0 0 0 0 0 1 0 3 0 0 1 0 0 0 0 6 0 1 1 0 0 0 4 0 0 0 1 0 1 1 0
0 3 22 0 3 9 9 4 4 15 10 6 1 1 5 9 8 5 4 6 4 19 14 1 3 27 1 12 4 11 2 23 8 2 9 4 9 5 1 9 3 1 5 21 2 2 8 1 0 5
3 15 5 7 0 3 1 4 0 0 3 10 1 5 4 3 3 1 0 8 10 0 0 0 9 0 1 4 6 0 3 5 0 0 0 2 2 3 5 4 0 5 7 3 1 7 8 0 1 2
0 6 0 0 0 0 0 0 0 0 0 0 0 0 0 1 0 2 0 0 1 0 1 0 0 0 0 0 1 0 0 0 0 0 0 0 0 7 0 2 2 0 2 5 0 0 0 1 0 2
1 0 3 0 0 0 0 1 0 0 0 0 0 1 0 0 0 0 4 0 0 0 1 1 0 0 0 0 0 0 0 0 0 0 0 0 2 0 6 0 0 2 0 0 0 0 1 0 0 0
1 5 6 3 0 3 1 0 1 1 2 14 1 2 3 4 7 1 1 1 2 6 7 2 3 1 0 0 0 4 2 1 4 4 15 2 4 10 3 6 7 4 9 0 1 2 1 5 1 0
12 2 2 2 1 2 15 1 2 5 3 11 7 2 3 0 5 7 5 5 18 4 4 4 2 5 12 2 9 13 0 5 5 1 0 8 9 1 1 0 5 9 2 1 6 1 0 0 7 0
7 4 16 1 8 1 0 16 10 7 4 8 9 4 1 16 5 9 6 0 6 0 17 3 0 1 9 1 9 15 9 1 1 3 3 14 12 1 2 5 1 0 12 3 11 3 0 7 1 3
0 0 1 1 0 0 1 0 0 0 0 0 1 0 0 0 0 1 1 0 0 0 0 6 4 0 0 0 0 1 4 0 1 1 0 0 1 2 1 2 0 0 0 0 0 0 0 0 0 0
0 5 4 4 5 1 11 5 6 8 1 5 2 4 6 2 5 10 1 0 3 5 6 1 3 1 3 0 2 1 0 10 6 2 13 0 0 9 3 2 0 4 7 0 7 2 2 0 3 0
13 0 8 19 2 0 0 2 9 10 14 2 15 8 2 13 0 5 1 8 11 2 37 3 9 3 2 2 6 6 20 10 1 1 5 4 6 4 4 7 1 19 0 9 19 2 2 13 1 0
16 3 6 2 3 8 1 14 1 0 4 1 12 1 2 3 14 9 5 0 2 1 2 0 0 1 1 6 4 1 6 6 2 10 5 0 0 0 15 1 1 1 10 3 3 7 1 12 2 1
3 7 11 1 19 5 0 16 6 31 12 0 8 0 0 2 3 0 0 2 4 2 2 13 3 0 7 5 4 10 7 4 4 0 0 2 11 13 1 12 0 13 2 0 3 6 0 1 10 1
9 0 3 1 7 2 6 1 23 14 9 20 24 6 4 2 2 14 4 8 3 16 1 3 0 10 7 11 2 16 3 22 3 5 8 0 9 4 2 19 11 1 1 7 0 8 8 5 12 12
0 1 0 0 1 0 0 0 0 0 1 0 0 1 0 0 0 0 0 0 0 2 1 0 0 8 0 0 2 1 0 0 0 0 1 0 0 0 0 0 2 0 1 1 1 1 2 0 0 0
0 0 1 0 0 0 1 1 0 1 1 0 2 0 1 0 6 0 0 0 1 2 1 7 2 4 4 1 17 0 1 3 5 0 0 0 0 0 0 2 4 0 0 1 0 0 0 0 0 1
9 1 3 0 1 7 4 2 3 3 2 10 7 8 0 0 3 3 2 0 5 6 9 2 3 2 1 4 16 1 2 5 4 3 0 8 1 2 2 2 9 6 1 2 9 5 5 12 1 1
1 8 5 1 2 10 0 1 5 4 8 1 0 8 14 6 0 3 3 4 4 6 2 0 12 3 9 13 6 7 2 0 10 0 8 3 2 1 1 6 8 1 17 5 14 7 6 4 0 0
1 9 8 0 0 0 1 11 3 0 0 0 0 0 2 1 1 1 2 0 1 1 6 4 0 5 0 0 6 0 2 8 3 0 0 8 1 0 0 26 3 0 0 0 0 0 0 0 1 4
1 0 0 2 0 0 0 2 0 0 0 1 0 0 0 0 0 0 0 0 0 0 0 0 0 0 0 0 2 0 0 0 0 0 0 0 1 0 0 0 0 0 0 0 0 0 0 0 0 0
10 2 1 0 3 2 4 0 1 0 5 4 4 2 7 5 5 1 0 3 28 4 16 1 1 0 1 8 4 13 12 6 1 22 2 2 4 7 12 3 12 7 0 10 2 11 30 15 1 3
4 3 5 7 1 3 1 2 4 10 4 1 6 0 0 2 2 1 0 10 1 2 2 1 1 2 0 8 9 5 4 2 8 1 8 0 2 6 14 8 1 2 13 6 0 2 4 3 9 1
12 0 6 4 9 1 0 10 6 0 0 2 1 0 4 0 8 0 2 5 1 0 0 6 0 1 2 2 5 5 10 1 3 0 3 2 9 0 0 7 5 8 6 2 13 3 1 0 3 18
8 4 2 6 2 12 9 0 1 28 0 12 12 10 6 0 6 13 7 8 1 16 0 2 11 6 14 1 2 3 11 8 2 14 11 8 5 24 6 23 5 3 7 24 5 0 8 9 5 1
13 6 1 9 5 2 3 1 0 5 35 27 29 0 19 34 0 15 6 8 4 1 5 2 15 0 3 2 8 7 3 0 2 9 15 9 6 3 12 3 7 1 9 11 2 1 19 3 0 0
2 0 0 0 10 6 3 11 6 2 16 7 4 6 8 3 0 6 9 1 1 0 4 0 1 7 5 0 1 1 3 0 5 2 0 13 2 1 10 1 19 4 3 2 4 2 8 1 4 0
2 0 0 0 0 0 1 0 0 0 1 3 0 3 1 0 0 0 0 0 0 0 0 0 0 1 0 0 0 0 0 0 0 0 11 0 1 0 2 0 1 0 1 0 1 0 2 0 1 0
0 1 2 0 0 0 0 0 1 0 0 1 0 1 0 1 0 0 1 0 3 0 0 1 1 1 0 0 0 0 0 0 0 1 3 0 0 4 0 0 3 0 0 1 0 0 1 0 0 0
7 3 17 11 19 3 2 3 16 21 6 10 10 11 3 0 21 1 0 5 2 2 10 10 12 11 11 0 10 7 1 1 7 10 10 19 0 1 3 1 1 5 2 27 3 0 5 16 4 0
1 0 4 2 0 0 0 7 1 5 0 0 0 0 0 0 18 0 0 0 0 3 0 0 0 14 0 1 1 0 0 0 0 0 0 0 1 3 0 4 7 0 0 2 0 0 0 0 6 0
10 1 4 3 6 7 2 1 4 1 0 1 1 0 1 23 4 16 2 5 7 2 3 4 0 6 13 1 5 1 5 2 0 1 0 0 0 4 0 0 13 8 2 3 3 5 0 4 0 0
2 9 17 3 0 3 9 5 2 8 2 12 2 1 0 2 9 2 21 6 3 1 9 4 13 3 4 2 11 2 10 14 7 2 29 7 5 11 0 6 0 1 6 8 11 1 0 5 1 0
6 13 15 1 3 0 6 24 5 11 10 2 3 12 12 32 8 9 33 1 9 10 4 1 0 4 2 15 7 0 6 7 19 3 10 8 11 5 1 4 1 0 3 18 5 2 11 1 8 3
1 8 0 5 13 0 1 0 3 0 1 6 13 3 5 0 1 0 7 2 2 1 10 1 7 4 8 0 0 0 0 4 3 0 11 0 3 27 3 8 0 32 5 0 1 1 3 0 2 6
0 1 0 0 0 0 1 0 0 0 0 3 0 1 0 0 0 0 3 0 0 0 0 1 0 2 0 1 0 1 0 0 0 0 0 0 0 0 2 1 1 0 0 0 0 0 0 0 0 3
0 0 1 0 0 1 0 0 0 0 1 2 0 0 1 0 0 1 0 0 3 2 0 0 1 0 6 1 0 0 1 1 0 0 0 0 0 0 0 0 2 0 0 0 0 0 0 1 0 0
0 1 12 0 0 1 3 13 17 5 0 0 1 1 3 10 0 6 1 1 3 7 6 1 3 2 16 2 3 2 0 3 5 0 1 2 3 4 0 5 5 10 4 2 17 13 6 0 5 5
16 11 6 22 7 0 2 0 10 4 12 22 3 24 6 0 10 17 5 4 0 23 4 5 5 5 8 11 0 4 1 17 7 1 4 16 15 21 5 4 1 21 3 8 2 7 12 6 10 26
0 4 1 1 0 1 8 10 0 0 0 13 12 0 11 0 8 7 0 8 3 3 4 5 1 2 5 2 4 6 24 6 0 0 3 4 3 4 10 5 0 6 8 6 4 4 3 2 3 0
0 1 0 1 0 0 0 0 0 0 1 0 0 0 0 0 0 0 0 0 1 0 1 1 0 0 0 1 0 1 0 0 1 2 1 2 0 3 0 0 0 0 0 0 1 0 0 1 0 1
4 2 4 0 7 3 7 3 21 4 10 4 0 1 2 1 1 14 3 0 0 7 25 0 0 16 0 7 2 6 14 12 0 0 1 1 1 0 1 2 2 0 0 5 2 0 3 4 1 11
0 0 0 0 0 2 0 1 2 0 0 0 0 1 2 0 0 0 0 1 0 2 0 0 0 2 0 0 0 0 2 0 0 0 0 0 0 2 0 0 0 1 0 0 0 0 0 0 0 0
0 0 2 1 0 0 1 0 2 1 6 0 1 3 8 3 1 0 3 0 7 0 8 0 1 0 14 0 0 9 11 0 1 0 9 1 4 0 2 0 0 3 8 3 0 4 3 7 2 0
6 11 9 6 3 2 0 8 5 0 4 5 1 2 2 1 7 3 2 11 8 4 3 0 2 0 5 0 2 0 15 7 2 9 18 2 2 12 0 10 6 0 7 0 2 1 1 10 5 0
0 0 2 4 3 1 0 0 0 2 1 0 0 1 0 1 0 0 0 1 0 0 0 0 0 6 0 2 0 0 1 0 0 3 0 0 0 0 0 0 1 5 0 1 0 0 0 0 1 0
0 6 1 2 1 0 9 6 0 10 9 2 13 1 9 5 12 1 28 13 17 0 1 15 0 22 5 19 16 0 1 10 0 2 21 2 7 4 0 19 21 2 19 5 3 1 1 11 6 14
1 2 0 25 4 1 5 4 11 0 3 2 6 4 2 1 0 3 2 0 10 5 0 1 4 14 0 4 1 13 7 0 15 7 5 2 3 17 5 14 0 5 0 3 1 13 2 2 0 2
0 9 0 1 1 5 8 6 6 2 0 2 2 3 3 0 1 8 13 8 5 0 5 0 12 0 9 0 5 11 1 6 1 18 3 10 2 3 13 2 1 3 5 2 1 5 11 19 5 12
0 0 0 0 0 0 0 2 0 0 0 1 0 2 0 0 0 2 2 0 1 1 0 0 0 1 1 0 0 1 1 0 0 0 0 0 0 1 3 2 0 0 0 0 1 0 0 2 3 1
12 3 0 4 3 2 11 6 1 1 1 1 0 9 0 25 4 26 1 4 6 8 2 1 1 2 0 1 0 29 19 8 2 0 6 14 4 0 2 3 5 0 1 32 13 4 7 1 6 2
0 0 0 6 1 1 0 0 0 2 0 0 0 2 0 0 0 0 0 0 0 0 0 3 0 0 0 0 0 1 0 0 0 0 0 0 0 0 0 0 0 1 0 0 0 1 1 0 0 0
5 3 2 5 11 8 22 5 3 1 8 22 22 5 0 5 1 3 14 7 17 2 10 10 4 7 4 3 9 3 0 6 3 16 4 8 14 2 15 0 4 2 2 2 2 9 4 9 23 3
0 0 0 0 0 2 2 1 0 0 0 0 0 0 1 0 0 3 0 0 0 0 0 0 0 1 12 1 2 0 1 0 1 1 1 0 0 1 1 0 0 0 0 0 4 0 0 0 1 0
2 1 0 8 4 1 3 0 0 0 0 14 9 10 3 2 28 2 8 2 1 0 1 7 9 0 2 3 1 4 0 3 6 0 0 0 1 3 14 6 1 3 3 3 3 3 13 2 12 1
0 5 0 3 5 19 1 6 14 0 2 5 5 4 0 9 0 5 3 2 6 2 5 7 0 3 1 1 3 2 0 2 4 1 1 0 9 5 3 0 6 3 4 6 4 7 0 12 9 10
1 0 0 0 2 1 0 0 0 0 0 0 0 1 0 2 1 0 0 0 2 3 0 3 0 0 0 0 2 0 0 0 0 0 0 0 1 1 7 0 0 2 0 0 0 1 1 0 2 0
0 5 9 3 0 1 3 8 3 36 6 1 5 5 30 6 6 9 2 13 2 0 7 22 2 6 17 7 2 0 15 2 9 1 1 2 1 15 6 4 3 2 1 7 1 9 2 25 0 1
1 8 3 13 0 0 7 4 1 6 11 14 1 7 0 0 0 0 0 11 7 3 2 0 1 6 2 2 0 1 3 3 8 1 3 0 2 0 4 2 0 7 5 4 5 3 1 2 3 0
8 1 5 5 1 12 6 0 6 5 13 0 0 18 3 2 10 0 3 6 6 5 15 10 12 16 2 0 5 6 5 9 3 11 9 1 13 27 8 12 0 23 5 24 11 1 12 1 0 1
