0 0 0 0 0 3 3 1 0 0 2 1 0 2 0 0 1 0 0 1 1 0 0 0 1 0 0 0 0 0 0 1 2 2 0 0 0 0 0 1 3 0 0 0 0 1 0 2 0 0
0 3 1 5 0 0 0 8 3 0 4 5 3 0 0 0 1 0 13 0 6 23 2 2 2 0 6 1 6 8 8 0 4 4 7 0 4 2 0 4 1 0 16 7 8 10 0 3 10 4
1 19 17 6 12 18 4 21 4 4 1 7 2 3 0 0 0 4 3 0 5 10 30 13 0 4 3 18 3 3 23 8 10 9 17 9 1 12 3 10 9 25 18 12 4 2 17 10 2 0
7 4 0 4 28 2 4 6 0 9 3 3 4 5 11 2 4 6 4 3 1 1 15 7 0 7 61 6 0 1 14 2 2 5 9 24 9 0 9 0 1 22 19 1 7 4 13 2 13 11
0 0 0 0 0 1 0 0 1 0 0 1 1 0 0 1 0 0 3 3 3 4 0 0 0 0 0 0 0 0 0 0 0 0 0 2 0 0 0 1 0 0 0 0 0 1 0 0 1 0
0 4 1 1 0 8 0 1 0 4 5 0 3 0 1 0 4 2 0 1 3 1 1 1 1 2 18 0 7 1 4 0 4 3 0 2 7 0 0 1 2 17 2 2 0 0 0 0 3 1
11 4 1 0 3 9 8 37 2 7 3 25 3 0 3 15 3 29 7 0 0 14 6 1 2 8 3 1 13 7 1 5 3 3 5 7 3 3 0 0 4 3 8 0 1 5 0 4 10 25
2 5 1 2 2 1 2 4 0 14 0 0 1 0 0 1 1 2 0 3 2 0 0 4 10 3 2 6 0 3 2 1 3 2 0 0 0 0 0 0 0 4 0 2 1 0 0 1 0 4
0 0 1 0 0 1 0 0 0 0 2 0 0 3 0 0 0 2 1 1 0 1 0 0 2 1 4 1 0 4 1 0 1 0 0 0 0 0 0 0 4 0 0 0 2 0 0 0 1 0
8 0 0 0 1 0 0 4 0 0 0 3 2 0 1 2 0 0 0 0 3 2 0 0 0 0 0 0 0 0 0 0 0 1 0 0 0 0 0 0 0 0 4 1 0 0 3 0 0 0
0 0 1 1 0 1 0 1 0 0 0 0 0 0 1 0 0 0 0 0 0 0 1 0 0 0 2 0 0 1 0 0 0 0 0 0 0 1 0 0 0 0 0 1 2 1 4 0 0 0
0 0 2 0 0 3 0 4 0 0 0 1 0 0 0 0 0 5 1 2 0 1 0 0 0 1 1 2 0 1 0 1 0 0 0 0 0 1 1 0 0 1 0 3 1 1 5 0 2 0
1 0 1 0 0 1 0 2 4 0 1 0 0 1 0 0 0 0 0 0 0 5 0 1 0 2 0 0 0 2 0 1 0 0 1 0 0 0 0 3 0 1 0 0 0 0 0 2 0 0
7 4 5 13 26 8 11 1 3 2 5 5 8 1 3 4 8 5 25 23 4 3 2 12 4 1 12 14 19 15 1 0 5 17 9 0 11 7 0 1 0 34 2 9 5 17 1 2 3 3
0 0 0 5 0 0 1 0 0 0 0 0 0 0 1 0 0 1 0 3 0 2 0 1 0 0 0 0 0 1 1 0 0 0 3 1 1 2 0 0 1 0 0 0 0 0 0 1 0 0
1 0 1 0 0 0 0 0 0 0 0 0 2 0 0 0 0 0 1 0 1 0 0 0 0 11 0 0 0 1 0 0 1 0 0 0 0 0 0 1 0 0 0 1 1 2 0 0 1 1
1 4 6 2 2 7 1 2 0 9 0 2 0 1 4 12 26 14 2 2 1 1 0 0 17 2 0 10 1 9 18 1 0 5 2 3 21 1 1 2 0 0 5 0 4 0 14 4 8 0
2 0 3 0 14 5 5 2 0 6 1 0 11 21 33 2 0 4 5 2 1 1 1 9 10 0 4 4 1 1 8 5 11 4 1 11 10 7 19 1 4 0 0 0 0 1 0 0 7 0
9 1 2 6 0 0 1 7 17 0 1 0 0 0 0 0 0 3 0 0 0 2 2 0 18 1 0 0 0 6 0 0 0 0 0 0 1 2 2 1 0 0 0 0 0 0 1 0 1 5
6 7 1 1 3 1 2 5 10 6 1 1 17 2 0 4 0 3 0 4 9 16 5 2 2 7 5 1 6 2 4 8 7 9 2 24 16 5 2 1 1 32 5 5 1 15 10 15 3 14
16 8 16 2 2 12 1 15 7 12 9 5 6 1 2 3 2 15 2 4 2 0 3 3 6 7 13 6 2 4 2 3 11 9 0 1 2 1 22 0 8 1 11 1 2 3 0 1 32 2
0 0 0 0 0 0 1 0 0 1 0 0 1 0 3 1 0 0 0 0 0 0 1 2 1 0 1 0 0 1 0 0 1 0 0 0 0 0 0 0 0 0 0 0 0 0 1 0 0 0
2 2 1 13 5 0 3 3 3 0 5 0 0 5 1 7 5 9 7 2 0 10 5 6 0 6 1 0 0 1 4 1 3 3 6 0 6 0 10 5 0 2 0 0 1 4 2 6 1 7
11 0 3 19 1 31 0 5 2 2 2 26 4 25 3 0 2 1 1 22 8 4 0 3 2 0 16 14 1 3 7 15 8 39 8 12 29 9 7 8 10 5 4 16 10 18 7 14 3 1
10 8 3 0 11 2 3 0 18 5 25 8 1 0 1 0 5 6 0 4 16 9 3 1 7 4 0 7 25 3 10 0 13 0 10 1 44 4 3 6 0 7 11 2 11 0 9 5 1 0
4 1 5 18 9 3 7 6 3 2 3 8 15 0 3 9 1 0 7 0 1 0 0 2 9 3 1 17 6 4 0 44 31 7 7 2 3 0 5 0 0 5 7 7 2 24 5 2 1 12
0 9 5 6 2 10 9 0 13 10 2 6 1 4 5 8 3 0 7 1 0 20 0 0 9 21 3 2 7 1 5 0 2 14 5 4 0 1 8 4 3 0 8 0 0 4 0 6 18 0
0 3 0 1 0 0 7 0 0 0 0 0 1 1 0 0 1 0 0 0 0 0 0 0 1 0 0 0 0 0 0 0 0 1 0 0 1 1 1 1 1 0 0 0 0 0 0 0 0 0
5 11 5 21 10 0 4 21 12 6 8 0 0 0 10 4 9 6 4 13 2 19 1 0 26 0 0 29 3 2 5 21 17 3 1 8 1 1 22 1 2 23 16 8 5 0 6 0 8 5
1 0 4 2 0 0 0 1 0 0 1 0 1 3 0 0 1 0 0 0 0 0 1 0 2 4 0 0 0 0 2 0 0 0 0 0 0 0 0 0 0 1 0 1 0 1 0 0 1 0
2 23 1 4 1 5 4 0 3 3 8 5 13 10 1 3 1 4 3 3 6 4 0 0 15 2 39 5 1 2 2 7 7 8 4 0 1 0 1 1 5 5 0 2 3 2 0 1 1 8
0 0 0 0 0 1 1 0 0 1 0 0 0 0 0 2 0 0 0 0 0 0 0 0 0 0 0 0 1 0 0 0 0 0 1 0 1 1 0 0 3 0 0 0 0 2 0 2 0 0
0 0 3 0 1 0 0 0 0 0 0 1 0 0 1 1 0 0 1 0 0 0 0 0 2 0 1 0 0 1 0 0 0 1 0 0 0 0 0 0 0 0 0 0 1 0 1 2 0 0
4 8 2 3 0 3 2 0 2 3 4 4 1 2 2 2 6 10 4 2 6 1 1 0 0 0 0 1 0 11 0 1 1 0 1 7 2 1 2 14 6 5 0 9 0 6 7 0 1 0
9 7 11 26 0 2 8 3 7 4 5 4 33 16 0 20 4 11 5 14 6 1 3 9 11 16 2 11 0 0 3 5 5 4 15 4 1 3 3 6 0 2 0 6 2 10 0 5 0 6
5 0 8 7 0 0 0 2 7 11 1 6 4 0 0 0 3 12 2 2 8 0 1 0 4 8 0 4 2 4 2 1 1 0 6 0 6 0 7 2 2 3 1 21 1 0 0 0 0 1
0 0 0 1 0 0 0 3 0 0 0 0 0 0 0 0 1 3 0 0 2 0 1 0 8 11 1 1 1 0 0 0 2 0 0 0 3 0 0 0 0 2 0 0 0 0 2 2 0 0
0 0 0 0 0 0 0 1 1 0 0 1 2 0 0 0 0 0 0 0 0 0 0 0 0 0 0 0 0 0 0 0 0 0 0 4 0 1 2 1 1 0 0 0 0 0 0 1 0 1
0 21 46 3 0 3 6 4 2 7 11 2 5 1 11 11 5 16 3 0 1 40 20 0 6 7 10 2 15 1 0 6 1 0 26 2 16 0 2 0 2 25 7 11 19 7 14 1 8 1
0 4 3 21 11 16 0 3 2 9 17 7 4 17 1 13 5 13 0 24 9 7 10 3 1 11 1 8 16 3 11 8 16 5 20 10 2 22 0 20 4 5 2 8 28 0 1 7 7 27
11 5 9 1 7 7 7 12 6 1 6 1 15 4 12 7 2 3 21 2 2 42 12 5 20 2 1 9 1 0 6 12 0 4 5 0 0 0 30 3 11 19 5 4 9 2 0 3 0 3
0 0 0 0 3 0 0 0 0 0 1 0 8 4 1 8 0 0 1 1 2 2 0 0 1 0 0 1 0 0 0 0 0 0 1 10 1 11 1 5 5 0 0 0 3 0 5 1 0 1
0 8 0 3 2 0 4 7 1 0 0 15 1 2 1 3 0 0 10 8 5 0 1 13 8 7 8 2 2 5 11 1 2 1 2 0 0 4 8 0 9 8 0 4 0 6 0 10 0 0
0 0 0 0 0 1 0 0 0 0 0 6 0 0 3 5 0 1 0 0 0 0 0 1 0 1 0 0 0 0 2 13 1 3 2 1 0 0 0 0 0 0 2 3 1 0 1 1 1 0
0 1 17 3 2 1 0 2 4 0 4 1 0 5 2 2 8 0 12 2 0 1 13 2 0 1 1 1 3 7 5 7 5 0 0 5 1 0 7 2 1 20 21 20 1 4 9 14 1 3
0 1 0 0 16 16 2 0 14 4 1 6 4 6 1 7 0 14 13 13 18 3 8 12 2 5 9 4 12 2 1 1 13 3 10 3 1 4 1 4 8 6 3 4 0 4 1 2 6 3
0 0 1 0 0 0 0 0 0 0 0 0 1 0 3 1 0 0 4 0 0 1 0 0 0 0 0 0 1 0 0 0 1 2 0 1 1 0 0 0 12 0 1 2 0 0 1 0 0 0
4 3 22 5 2 10 1 1 7 0 1 9 6 9 10 5 25 1 10 9 2 1 1 4 0 1 14 1 17 7 6 3 20 6 14 10 5 2 23 40 10 24 9 6 13 1 13 14 2 1
2 2 8 18 14 2 2 5 3 0 4 2 1 1 1 3 1 4 0 1 8 9 8 2 8 1 9 4 1 0 1 0 1 8 12 2 3 6 0 2 0 0 1 4 0 6 14 7 6 0
0 0 0 0 1 0 0 1 0 0 1 0 0 0 0 0 2 4 1 0 0 1 0 1 0 3 0 1 2 0 0 0 1 1 0 0 1 0 2 1 0 0 0 0 19 0 4 0 0 0
0 0 0 0 0 1 0 0 0 1 1 0 0 2 1 0 0 2 0 1 0 0 0 0 3 0 1 1 0 7 0 2 0 0 0 3 14 0 0 0 1 0 0 0 0 2 0 0 4 2
5 0 3 2 0 1 7 4 1 5 6 4 16 13 0 4 2 3 0 1 0 0 3 2 21 1 3 3 1 4 0 0 5 8 0 2 6 1 6 10 1 10 2 1 0 1 8 7 8 1
1 1 1 1 2 3 7 5 8 9 17 10 2 5 6 1 8 14 3 8 4 3 4 3 0 5 3 2 9 17 9 11 5 9 14 1 1 1 17 1 13 4 7 26 0 0 4 1 0 8
0 0 0 0 0 0 0 0 0 0 1 0 0 1 0 0 0 0 0 0 0 2 0 0 0 0 0 0 0 2 0 1 1 1 1 0 0 1 1 0 0 0 0 0 6 0 3 0 1 1
16 0 3 2 5 2 1 22 1 7 1 2 3 6 4 2 16 19 3 1 5 2 3 0 7 2 9 16 2 7 21 12 1 3 20 7 7 9 0 4 3 12 0 0 3 1 14 2 3 0
20 1 2 43 2 3 2 3 12 0 0 7 7 7 3 1 0 1 5 0 4 5 0 0 4 2 8 0 18 5 1 39 8 2 1 0 9 13 1 4 4 1 2 6 4 3 9 5 3 0
0 0 3 2 9 1 4 0 5 8 11 3 2 1 4 9 7 1 8 9 3 1 1 1 9 0 0 10 2 3 2 7 1 3 3 3 5 2 0 2 0 3 1 0 5 10 3 5 2 2
2 0 3 0 0 0 1 1 0 4 0 0 0 1 1 0 1 1 0 3 0 0 2 0 0 0 0 0 0 2 0 0 0 0 0 0 0 0 0 4 0 0 2 1 0 0 1 0 2 0
6 5 1 1 3 3 5 10 13 30 5 9 2 4 0 8 2 2 1 10 0 4 3 9 13 0 10 14 18 7 8 5 3 0 8 1 0 2 9 2 5 5 4 1 1 10 6 2 4 18
0 0 38 9 7 9 4 7 2 1 7 0 7 11 0 12 1 4 19 0 4 3 10 1 6 13 1 2 11 0 1 8 11 26 2 3 3 7 0 0 3 1 2 1 3 4 8 4 0 15
16 0 1 4 39 3 1 3 1 3 2 7 1 0 17 5 9 3 31 0 5 1 2 2 4 3 1 16 1 0 19 21 7 1 4 5 1 7 8 6 1 1 0 0 11 16 5 7 2 1
6 4 2 8 0 0 2 2 0 4 2 0 0 2 8 2 18 13 4 0 6 6 1 1 4 3 1 11 3 0 7 1 14 0 0 5 2 2 9 1 0 1 12 15 6 2 1 0 1 6
0 0 1 0 1 0 0 1 0 5 7 7 4 5 8 4 1 1 4 10 9 0 1 3 1 3 9 9 13 0 3 2 6 7 1 8 2 6 10 3 12 10 1 5 1 6 0 5 1 11
4 2 0 0 0 0 0 0 0 0 0 0 0 1 1 0 0 0 1 0 0 0 0 0 1 4 0 0 0 1 0 0 1 0 0 0 1 1 0 0 1 0 0 0 1 0 0 0 0 1
5 2 0 1 0 0 1 6 2 0 1 0 1 1 0 0 0 0 1 2 0 1 0 1 3 8 1 0 0 2 0 3 0 0 0 1 17 1 0 3 0 1 12 0 0 0 0 0 0 0
1 0 0 6 1 0 12 0 2 1 1 13 0 0 0 0 8 0 0 0 5 0 0 0 14 0 1 0 5 0 5 5 3 1 3 3 5 0 6 0 0 1 0 14 1 0 0 0 1 8
1 1 1 0 0 0 0 2 0 0 0 1 0 1 0 0 0 0 0 0 0 0 1 0 0 16 0 0 0 0 0 0 0 1 0 0 1 0 0 0 0 0 0 1 0 0 0 2 1 0
0 0 0 0 0 0 0 0 0 0 0 0 1 2 0 1 0 4 0 0 7 0 0 0 1 0 0 0 1 0 1 0 0 0 0 0 0 0 0 0 0 0 0 1 2 0 0 2 1 1
6 0 0 0 0 0 0 0 2 1 0 0 0 0 2 0 0 3 1 1 0 0 0 0 16 7 1 0 3 1 0 0 4 0 2 0 2 0 0 0 0 0 4 0 0 0 1 0 0 1
8 8 14 17 35 0 6 1 1 1 5 10 1 4 1 2 7 15 4 21 7 6 12 9 2 28 39 3 0 5 1 6 0 25 3 1 16 1 5 3 12 1 0 17 4 1 9 31 1 14
6 0 0 0 0 0 0 2 0 4 0 0 1 2 3 0 0 0 0 2 0 1 0 0 0 15 0 0 0 0 0 1 0 0 0 1 0 0 0 0 3 0 0 2 0 0 0 1 0 0
2 14 0 3 12 4 1 10 3 8 10 4 16 11 8 9 1 1 8 7 22 6 18 21 4 5 0 0 0 0 15 1 19 15 4 12 22 9 16 4 7 2 1 3 23 7 16 23 1 7
0 7 4 0 0 0 1 0 1 2 4 6 0 1 10 5 6 0 1 9 0 0 4 4 7 12 3 8 8 5 1 2 2 1 1 18 1 0 1 0 2 1 8 2 8 0 3 14 8 0
1 28 2 1 8 17 5 1 0 16 3 3 5 2 0 27 3 12 15 6 11 3 16 6 0 1 0 2 5 3 3 17 0 5 14 6 1 1 20 15 1 6 0 19 3 2 2 2 0 1
7 0 10 11 6 11 2 5 3 2 7 2 27 3 15 7 7 2 7 1 1 18 15 6 8 4 37 5 0 9 29 18 5 9 4 16 5 4 1 32 14 5 15 0 2 25 11 9 1 0
0 0 0 0 0 2 1 1 0 0 0 2 1 0 2 2 0 0 1 0 0 1 0 1 0 1 0 2 0 4 0 3 0 0 1 1 0 2 0 0 3 0 0 3 0 1 0 0 0 0
3 0 0 0 1 0 1 0 0 0 0 5 0 0 1 0 0 1 1 1 0 0 1 0 0 0 0 0 0 0 1 5 0 0 0 0 0 0 0 0 0 0 0 0 0 0 0 1 0 0
5 1 9 6 2 2 11 8 4 40 2 16 1 12 15 2 13 1 9 14 1 4 14 1 2 1 8 18 13 1 14 5 1 3 1 2 17 3 4 1 9 2 23 7 3 12 16 14 46 10
5 2 11 2 2 3 0 6 1 6 6 0 2 1 0 1 8 0 2 0 2 0 2 1 5 21 6 1 5 1 2 2 8 6 5 5 3 7 8 7 7 2 3 1 0 2 0 0 14 0
13 10 0 1 0 9 0 2 5 8 12 0 0 10 1 1 0 0 3 2 4 4 5 2 0 16 7 1 0 4 0 25 1 4 6 1 6 15 10 13 0 3 7 1 10 13 0 2 8 2
25 14 13 21 9 5 5 7 12 0 2 2 1 0 9 1 14 7 9 7 0 10 6 14 8 2 6 1 18 15 0 2 0 23 5 0 5 0 4 9 10 9 9 6 27 14 3 9 4 7
0 0 1 0 1 5 2 10 0 1 12 1 10 3 0 1 1 11 10 1 7 3 1 0 3 4 6 11 1 2 2 2 0 5 7 0 4 0 1 11 15 2 2 4 13 11 6 7 0 6
1 0 12 12 1 1 1 8 0 7 1 9 1 0 3 1 7 3 7 11 5 2 2 2 1 4 8 7 22 0 2 8 2 2 2 1 5 4 0 5 0 0 2 1 3 3 4 0 15 6
4 11 2 6 10 6 7 1 2 10 13 0 2 5 2 10 4 0 0 10 4 38 0 0 3 0 1 15 1 4 3 2 3 2 2 1 2 1 10 3 2 0 0 0 0 0 7 0 16 0
3 0 0 0 0 0 0 0 0 0 0 0 0 0 0 0 0 0 0 1 0 1 0 1 0 14 1 0 0 0 0 0 0 0 0 0 0 0 0 0 0 0 1 0 0 0 3 0 0 2
22 1 0 2 3 0 5 0 0 1 1 2 0 0 0 0 0 0 0 2 3 0 0 0 0 6 0 0 2 0 0 0 0 0 0 0 0 1 0 1 0 0 1 0 1 0 1 0 1 0
3 6 5 4 4 0 3 6 4 10 0 3 4 5 3 0 2 3 11 0 0 1 18 3 8 2 6 0 8 1 13 4 6 0 5 5 1 10 4 0 1 1 2 14 1 1 1 2 2 1
0 12 9 3 3 3 1 6 9 0 7 6 1 1 3 6 14 13 0 2 22 3 10 12 1 1 6 12 0 23 4 2 29 0 10 15 2 3 11 11 0 12 6 6 3 14 2 2 12 11
0 3 1 8 5 3 0 0 6 4 2 9 2 2 4 7 0 2 5 1 1 15 4 0 22 3 7 0 7 4 2 1 3 0 2 6 9 5 0 0 4 4 0 1 10 2 3 1 18 3
2 1 0 5 9 5 3 8 0 1 3 12 2 1 1 17 2 0 0 3 4 3 1 5 4 1 8 2 9 28 0 3 4 6 1 0 19 3 1 0 1 4 6 9 0 3 11 8 11 1
0 0 0 0 0 4 0 0 0 0 0 5 0 0 2 0 0 1 0 0 0 0 0 1 0 1 0 0 0 0 0 3 0 1 1 0 0 0 0 0 0 10 0 0 0 1 0 0 2 0
14 7 20 13 9 18 1 13 6 3 0 44 2 2 11 13 2 6 4 22 12 16 7 9 3 11 6 1 31 14 8 12 18 13 4 2 0 5 3 6 1 9 58 13 4 0 12 9 7 8
3 0 0 1 0 3 0 2 0 0 0 5 0 0 3 0 0 0 0 1 0 0 1 1 0 0 0 0 0 0 0 7 0 0 0 0 0 1 0 0 0 4 0 0 0 0 0 1 2 0
1 5 4 3 18 1 0 0 4 1 3 14 10 1 1 2 11 11 9 2 9 6 19 0 6 13 0 10 23 0 13 6 0 3 1 5 3 1 0 5 2 47 55 0 3 0 9 27 31 2
1 0 1 1 6 0 0 1 1 4 16 0 0 5 2 7 3 1 8 4 3 9 4 2 9 0 1 11 1 0 9 9 3 7 2 3 3 0 1 4 11 1 3 1 0 9 1 7 1 3
0 1 1 1 3 6 9 1 11 2 8 3 4 5 6 0 15 4 3 5 1 4 6 12 0 2 5 1 8 18 1 2 0 2 0 10 0 7 3 4 1 8 3 2 6 9 12 17 0 4
4 1 3 1 0 1 34 1 0 1 2 1 0 0 6 0 5 8 22 11 0 18 2 5 1 1 0 1 21 4 1 0 13 6 4 6 1 4 2 1 0 0 0 17 4 0 1 8 14 0
0 0 0 1 12 1 0 1 2 1 1 0 9 1 0 4 0 0 2 0 0 11 0 0 2 0 0 0 0 0 0 3 1 0 0 2 1 2 0 4 0 0 0 0 3 8 4 0 0 0
1 0 0 1 1 0 0 3 2 4 0 0 0 3 0 0 1 11 0 0 0 0 0 0 3 4 3 1 10 11 0 0 1 0 0 0 4 1 0 0 1 0 5 0 0 1 0 0 0 1
0 0 1 0 0 0 2 0 0 0 0 8 1 0 0 1 0 0 1 0 0 0 2 0 0 0 0 0 0 1 0 2 1 3 0 1 0 0 1 3 0 0 0 0 0 1 1 0 0 0
