0 3 2 2 10 8 1 4 9 4 0 4 9 1 2 27 0 4 1 13 4 0 2 12 3 2 9 0 4 1 0 2 1 1 6 7 0 0 5 1 5 1 0 0 0 8 0 2 6 9
3 0 2 1 18 2 0 6 0 1 1 17 0 17 11 0 5 0 3 2 17 10 6 0 1 18 0 0 2 2 1 1 11 4 1 3 0 5 5 0 0 2 1 0 1 2 0 0 3 6
6 0 2 0 0 5 2 0 0 1 2 3 8 1 0 5 1 1 7 0 2 1 4 4 0 0 4 2 6 7 5 0 1 3 2 4 5 3 25 0 2 0 1 0 11 5 2 21 4 0
1 0 0 0 0 0 2 4 9 0 0 0 0 0 2 0 0 0 0 0 0 2 0 2 0 0 0 0 0 2 0 0 1 0 2 0 0 0 0 0 0 0 2 0 0 0 0 1 0 0
0 1 0 0 1 1 6 0 0 0 0 0 0 1 0 1 0 0 0 0 0 0 1 5 0 0 0 0 0 0 1 1 1 1 0 1 1 1 0 0 0 0 0 0 0 2 0 0 0 5
0 0 0 0 0 3 0 0 0 0 1 0 0 1 0 1 2 0 0 1 1 0 0 0 0 0 0 0 0 1 1 0 0 1 0 2 0 0 0 1 0 0 0 0 0 0 0 1 0 2
3 8 2 21 3 1 6 2 0 7 8 28 14 3 1 0 15 9 1 7 0 25 0 0 19 2 8 2 0 6 6 18 16 9 9 4 6 23 8 38 7 4 31 14 6 6 8 0 1 11
0 1 0 1 2 9 4 2 0 7 1 6 6 3 2 1 5 6 0 0 2 4 1 7 8 10 3 2 0 0 5 0 0 10 5 13 5 4 1 6 2 0 7 5 3 7 5 3 8 0
0 0 0 0 0 0 0 1 5 11 0 0 1 0 1 0 1 0 0 0 0 0 3 1 0 0 0 1 0 0 0 0 1 0 0 0 0 0 3 0 1 0 0 0 0 0 0 2 0 1
9 11 8 19 26 19 1 11 4 9 4 6 1 8 5 3 8 3 3 7 9 3 0 12 6 17 18 31 1 3 1 18 6 0 3 0 5 4 0 6 0 29 0 11 3 10 6 19 11 0
1 0 1 4 0 1 0 5 9 0 2 0 25 1 0 2 0 2 2 1 0 0 2 0 0 0 2 0 0 2 1 1 0 1 0 0 1 0 1 1 0 0 0 1 0 0 0 2 0 0
6 2 6 1 15 2 2 2 0 0 12 0 1 8 6 6 13 4 17 3 7 2 0 3 13 0 6 2 5 0 1 2 8 2 4 8 9 6 0 0 2 10 1 1 2 2 0 0 0 2
1 8 7 8 6 20 22 4 0 0 7 9 40 16 7 3 0 7 2 1 6 0 2 13 16 7 7 1 4 2 9 1 4 4 2 2 9 0 5 0 0 2 7 1 9 7 1 7 4 6
1 4 3 2 2 1 7 5 2 9 2 11 1 1 28 4 1 3 0 13 1 1 15 0 5 3 3 1 1 6 1 8 2 3 21 1 0 10 0 3 0 1 2 0 2 1 1 0 11 9
18 4 0 10 10 1 5 5 0 1 0 0 4 0 6 0 0 1 0 0 7 10 9 3 0 3 0 11 1 0 7 5 0 7 5 12 12 2 1 0 2 0 4 30 3 1 3 1 6 5
4 7 3 2 14 15 5 12 1 6 16 0 2 8 2 0 1 2 6 0 7 5 1 5 3 11 4 5 0 13 8 1 6 9 2 8 4 0 10 2 0 1 2 30 27 5 4 8 1 7
0 2 1 4 10 11 3 1 0 0 2 4 1 3 2 1 0 1 3 6 3 1 0 25 10 4 1 2 0 2 1 2 8 3 2 2 1 0 0 0 7 4 0 2 1 3 2 2 1 1
0 0 0 0 0 0 0 2 0 4 0 0 4 1 0 2 0 1 0 0 0 0 33 0 1 2 0 1 1 1 1 0 0 0 1 2 0 0 10 0 0 1 0 0 0 0 0 1 0 0
29 1 0 0 0 0 1 0 0 4 19 2 2 13 13 0 30 14 2 5 13 13 2 14 9 33 1 2 2 7 21 6 2 25 2 11 16 1 2 8 22 0 1 20 4 2 2 1 6 7
3 2 0 0 1 24 21 9 0 6 3 0 7 4 0 0 1 17 0 3 14 7 5 6 10 5 6 1 12 3 1 22 4 10 3 15 1 10 0 2 9 17 6 0 12 10 17 18 4 0
1 3 5 5 0 9 3 7 9 18 0 1 2 0 5 4 22 3 1 4 8 3 0 3 2 7 0 1 0 2 1 0 5 2 4 29 1 1 0 5 3 4 9 0 1 20 1 14 0 14
0 5 2 3 8 15 2 0 2 2 1 7 8 16 53 18 3 3 3 2 4 0 15 1 0 20 15 45 14 0 3 2 3 12 3 15 4 2 0 0 7 2 5 0 3 27 1 1 13 22
6 11 1 1 2 2 1 5 6 1 1 0 1 2 9 2 2 4 0 9 1 3 11 2 30 5 14 0 1 2 3 1 2 1 5 6 25 7 3 6 0 3 8 3 8 1 1 3 0 6
13 3 32 7 6 4 3 2 13 3 6 2 11 1 1 4 2 4 0 5 4 19 9 6 14 10 3 14 2 19 7 4 9 11 0 6 3 11 1 2 9 7 4 0 8 6 3 5 0 4
0 15 0 1 4 0 0 3 0 0 0 0 0 0 0 0 1 0 0 0 0 1 0 9 0 0 0 1 0 0 0 0 15 0 10 1 0 0 2 1 1 1 0 0 0 0 3 1 0 0
13 11 1 3 3 4 1 0 1 3 10 10 14 9 3 3 11 4 1 4 4 9 4 10 11 33 3 0 1 4 6 2 10 15 3 11 5 0 15 7 10 2 19 3 18 0 29 10 16 8
2 2 5 9 3 3 1 0 0 0 1 18 0 5 2 3 7 0 7 4 4 4 0 0 3 5 4 4 7 0 15 4 0 3 2 5 3 0 1 1 3 9 1 1 2 2 6 0 4 14
1 20 6 1 10 3 14 1 0 3 0 0 3 18 23 9 6 8 14 10 4 9 0 18 1 5 15 16 16 13 6 13 12 7 2 2 3 11 10 9 9 6 3 17 3 6 9 1 4 2
3 4 4 6 3 2 2 4 12 0 8 0 2 1 16 3 15 12 3 3 1 1 9 2 11 0 2 0 0 14 1 1 2 1 2 0 4 7 7 8 15 6 2 5 1 2 5 9 2 2
1 7 2 4 1 6 1 11 0 1 7 7 3 2 7 0 0 0 4 4 9 9 3 0 1 3 2 0 1 28 4 0 4 9 1 0 2 0 6 0 0 1 0 0 1 1 2 31 1 6
1 0 1 0 1 0 0 2 2 2 1 0 0 2 0 2 0 0 0 0 0 0 2 0 0 0 0 0 0 1 0 1 0 1 1 0 0 1 0 0 0 2 0 0 0 1 0 0 0 2
5 2 0 0 2 6 2 0 14 1 6 6 1 2 18 1 1 3 1 0 0 1 1 12 1 5 6 2 9 1 3 2 4 0 6 3 3 1 6 16 4 5 5 0 5 13 4 2 1 3
1 1 0 0 0 1 1 0 0 1 0 0 0 0 0 0 1 0 6 1 1 0 1 0 0 0 0 0 0 1 0 0 1 0 0 0 0 1 1 1 0 0 0 0 0 0 1 1 0 9
0 0 0 0 2 0 0 1 1 1 0 0 1 2 0 0 0 0 1 2 0 1 1 0 0 0 1 5 3 0 0 3 0 4 0 0 0 0 1 0 0 0 0 0 12 0 0 1 0 4
1 0 0 0 0 0 0 4 19 3 1 0 0 0 0 0 0 1 0 0 0 0 1 1 0 1 0 1 2 1 2 0 0 0 1 2 0 2 0 2 0 0 2 0 1 0 0 0 0 0
1 1 0 0 1 0 0 10 1 0 0 0 1 0 3 2 0 0 2 4 0 0 0 0 0 0 1 0 0 2 0 2 0 0 0 0 1 0 1 1 0 1 0 0 0 0 0 0 0 1
0 6 4 9 7 1 0 6 23 30 37 3 8 24 5 0 9 6 0 3 18 16 4 10 27 0 12 6 7 16 12 1 1 3 7 6 2 15 1 27 0 0 12 0 0 19 4 16 16 8
0 0 2 0 0 2 4 0 3 0 1 2 0 0 0 0 0 0 2 0 0 0 0 0 0 0 0 0 0 0 1 0 0 1 0 2 1 1 0 0 1 0 0 0 4 0 0 0 0 0
0 1 0 0 2 4 10 1 1 0 9 10 5 11 6 2 0 1 0 4 1 4 0 0 14 2 9 1 7 7 4 2 8 0 3 3 0 4 19 5 0 0 4 3 0 2 0 2 1 2
4 11 3 7 2 5 4 2 0 4 6 7 0 10 41 14 8 7 15 1 8 8 3 13 11 20 11 21 3 2 29 1 20 11 0 1 33 0 1 3 20 17 0 3 5 3 7 2 3 4
1 0 0 0 0 1 0 0 1 0 0 0 0 0 1 0 1 0 0 0 0 0 0 2 0 0 2 0 0 0 0 0 1 2 1 0 2 1 0 1 2 0 1 1 0 0 0 1 0 0
3 11 34 1 5 3 6 0 9 17 2 6 16 8 0 0 0 9 9 12 1 0 10 12 9 2 10 20 8 6 3 0 2 13 14 7 1 16 7 13 4 0 5 10 5 3 21 6 2 0
2 0 2 0 0 0 0 1 4 1 0 0 1 0 0 0 0 0 0 0 0 0 9 1 0 1 0 0 0 2 1 0 1 0 1 2 0 0 1 4 0 0 0 0 0 0 0 13 0 3
6 12 3 1 22 2 3 2 4 0 1 19 7 6 2 2 20 13 11 11 0 1 14 2 12 4 23 2 17 5 15 0 9 11 8 10 17 22 2 19 3 19 17 8 11 13 4 1 15 2
0 0 20 0 1 1 0 0 0 0 0 0 0 0 0 0 0 0 1 0 0 0 0 0 0 0 0 9 0 1 1 1 0 0 0 0 0 0 0 0 6 0 4 1 1 0 0 0 1 0
8 33 0 5 17 3 3 4 1 17 7 7 6 8 0 11 0 12 7 10 0 9 0 0 6 4 2 3 3 0 1 11 3 4 1 18 2 14 3 14 0 2 6 0 4 7 5 3 6 0
0 7 6 4 10 2 25 6 20 28 2 3 0 1 6 6 12 48 7 15 2 7 14 0 1 3 0 9 20 1 2 25 10 4 19 9 13 10 2 0 16 7 2 4 0 21 6 8 4 5
0 0 0 0 0 0 3 0 0 0 0 0 0 0 0 0 0 1 0 0 1 0 0 0 1 0 1 0 0 0 1 1 3 0 0 0 0 2 0 0 0 0 0 0 0 0 0 0 1 1
0 0 24 1 6 0 0 9 10 5 12 1 1 4 0 5 12 2 3 11 5 5 1 16 2 1 2 0 2 7 3 2 13 0 2 0 3 7 4 6 2 4 4 4 3 1 4 11 0 0
0 0 0 0 0 0 2 0 1 1 0 0 1 0 0 0 0 0 0 0 2 0 1 1 0 2 0 0 0 0 2 1 0 0 0 2 0 0 0 0 1 0 1 0 1 0 0 1 0 0
0 45 1 17 5 1 11 8 0 0 2 4 3 7 6 8 2 11 3 8 25 12 1 11 2 2 8 13 7 1 1 4 7 3 0 8 2 7 3 4 15 3 25 11 4 4 1 4 4 13
5 16 11 2 22 10 16 10 0 15 3 15 2 14 0 2 7 5 28 5 25 0 7 0 0 1 14 8 1 3 23 13 8 29 11 3 2 4 5 3 5 22 3 8 14 8 4 11 15 42
0 0 3 0 0 2 0 0 0 0 0 0 0 1 0 3 0 0 2 1 0 2 3 0 1 0 0 4 0 0 0 3 0 0 0 0 0 0 0 0 1 0 0 1 0 5 0 0 0 0
0 0 1 2 11 1 7 0 5 14 12 6 9 4 7 6 0 1 1 21 35 3 1 10 7 1 9 26 3 28 1 14 4 7 0 4 1 2 9 13 3 17 7 7 0 4 6 4 2 19
0 0 0 0 0 1 0 3 5 0 0 0 1 0 0 1 1 0 0 0 0 0 3 0 0 1 0 0 0 0 0 0 0 1 1 0 2 0 0 11 0 1 0 0 1 0 0 4 0 0
7 7 1 3 4 0 2 3 3 1 2 8 10 13 3 0 15 1 2 11 41 7 1 0 36 11 1 2 8 9 1 0 3 1 1 1 7 6 23 4 7 3 15 6 1 29 7 21 3 1
0 10 2 5 33 15 3 1 1 12 4 40 12 1 5 5 2 0 10 13 10 1 11 2 0 43 9 0 24 1 4 33 6 5 6 3 2 1 4 4 7 13 0 7 3 9 3 1 10 29
8 5 4 21 16 7 9 4 7 10 1 24 4 11 6 4 6 4 11 4 4 23 1 0 6 4 5 23 7 0 6 7 9 3 1 0 9 3 4 0 1 1 2 2 9 10 10 27 7 5
0 1 3 1 4 2 2 5 3 1 1 3 0 1 2 3 1 1 0 13 1 0 1 1 14 2 0 1 1 13 0 3 2 1 1 1 0 15 4 7 3 7 3 3 1 0 0 1 4 1
5 8 2 2 2 8 6 5 3 0 9 2 1 0 1 0 14 4 2 2 14 4 2 3 11 0 6 7 0 3 2 3 2 0 1 17 4 15 4 2 2 14 0 24 6 0 5 27 0 5
2 4 3 1 1 2 1 0 0 0 2 12 20 2 0 1 17 1 7 2 2 2 0 9 3 0 1 4 5 0 0 6 6 4 1 4 1 9 0 0 3 4 10 1 0 7 3 1 7 6
3 6 9 6 7 18 5 6 2 6 7 42 11 0 3 9 6 16 9 6 15 11 0 10 14 6 1 2 6 7 3 5 8 0 10 5 16 6 6 5 19 5 13 3 6 0 16 5 10 1
1 0 0 0 1 0 0 0 0 0 0 0 0 2 0 0 1 0 1 1 1 2 0 1 0 0 1 0 0 0 0 0 0 0 0 0 0 0 4 0 0 0 0 0 0 0 3 1 1 0
10 9 15 10 11 6 0 5 0 1 3 0 0 1 1 0 1 6 1 0 3 0 1 14 6 0 1 2 7 0 8 3 4 5 6 1 5 0 0 0 14 1 4 0 11 0 0 0 0 1
13 1 7 5 2 23 6 9 3 5 1 1 25 1 5 8 8 6 0 2 4 6 4 1 10 4 18 5 2 4 3 6 3 2 1 4 0 7 6 4 21 9 1 1 5 2 4 1 4 2
9 1 13 4 0 11 6 1 0 2 1 0 11 30 17 15 5 9 7 3 9 4 0 0 9 0 3 20 4 1 13 16 8 23 24 12 12 1 1 0 0 1 0 3 14 3 9 0 1 3
0 8 1 8 6 0 5 7 7 13 1 2 0 4 4 6 3 29 19 2 10 12 15 5 8 5 7 18 2 5 11 15 4 0 9 0 0 30 4 40 0 16 23 3 14 1 5 12 8 1
0 0 0 1 1 1 0 5 2 0 0 0 0 0 0 0 0 0 0 0 0 0 0 0 0 1 1 0 0 3 0 0 1 0 0 0 0 0 0 0 1 0 0 0 0 1 0 1 0 0
2 18 6 14 1 4 11 2 9 0 14 3 1 9 7 12 2 12 0 8 5 1 8 6 27 15 0 28 7 1 1 3 23 11 8 1 24 28 2 7 9 5 0 3 1 10 8 0 8 3
7 3 3 4 0 1 17 0 5 4 11 3 6 3 5 0 1 24 2 10 16 8 0 17 2 0 1 13 8 14 13 7 5 1 7 1 3 5 0 2 5 3 2 7 11 15 25 1 8 2
7 2 3 3 4 3 2 1 12 2 5 8 4 2 2 2 2 1 3 0 0 6 8 1 16 5 1 0 7 0 1 0 7 1 0 0 14 4 0 1 0 6 0 0 2 5 0 0 6 0
13 9 10 4 0 28 0 0 0 1 7 12 0 2 7 3 3 1 9 11 3 4 2 10 0 3 1 9 24 0 1 0 0 1 9 7 3 5 0 0 1 5 11 10 4 8 6 1 18 10
8 6 5 6 0 1 5 5 4 3 18 4 4 1 1 1 12 3 3 2 0 4 4 5 2 3 15 4 3 0 18 0 1 1 13 1 0 4 25 1 0 1 3 2 6 3 15 16 6 3
3 5 2 0 1 0 0 1 1 0 0 0 0 2 0 0 2 0 5 0 0 0 0 1 0 0 21 0 0 0 0 0 5 0 0 0 0 1 0 2 0 0 1 1 0 0 6 4 0 0
1 0 0 0 3 0 8 0 0 1 0 0 0 0 0 0 1 0 3 0 0 2 0 0 0 0 0 3 2 0 1 0 0 0 0 0 0 0 1 1 1 0 0 0 0 0 1 0 0 4
10 22 0 5 20 11 13 0 2 6 4 8 21 6 3 3 6 5 9 5 26 15 7 7 16 0 3 21 3 2 2 2 15 2 4 6 15 3 2 9 7 0 1 1 1 0 3 9 3 6
1 3 0 2 4 1 5 3 3 0 0 7 0 2 6 0 3 6 3 8 15 2 3 0 0 1 11 0 0 2 2 0 3 1 4 1 7 5 1 2 2 1 0 0 2 3 1 0 2 5
2 19 0 0 0 0 1 0 2 1 0 0 0 0 0 0 0 0 5 0 0 1 1 0 0 0 1 0 0 0 0 0 2 0 15 0 1 0 0 0 0 2 0 0 0 0 1 2 0 1
0 0 0 0 0 0 4 0 0 0 0 0 0 0 1 0 0 0 0 0 0 0 0 2 0 0 0 0 1 0 0 0 3 7 0 0 0 0 0 0 1 2 0 0 0 0 0 0 1 1
10 9 2 10 10 3 10 5 0 0 0 4 4 19 5 2 0 3 2 0 9 0 1 8 3 1 23 1 0 8 5 1 3 3 5 0 5 6 2 4 7 1 2 5 9 0 3 0 3 0
0 0 0 0 0 0 0 1 7 0 2 0 1 0 0 0 1 0 0 0 0 1 0 0 0 1 1 0 0 0 0 0 0 1 0 0 2 0 0 0 0 0 2 3 1 0 1 0 0 0
1 12 7 2 2 8 5 0 0 0 1 4 4 7 0 25 2 3 6 0 2 0 0 5 5 0 8 12 0 0 5 5 1 6 5 2 1 0 0 1 4 8 15 0 0 0 4 0 1 12
5 1 0 5 6 3 1 3 0 0 0 14 3 0 7 1 2 0 14 4 0 3 18 7 0 0 4 2 0 2 2 0 11 0 1 1 0 1 1 0 0 3 1 0 0 0 5 3 3 6
0 7 0 6 7 0 3 0 0 1 0 0 2 7 1 1 5 0 0 1 2 10 1 5 7 1 5 6 2 0 17 0 1 1 3 2 5 4 7 2 5 3 1 6 2 3 13 16 0 0
26 1 16 0 5 7 1 5 0 4 8 1 5 6 1 3 4 1 7 1 36 3 38 14 0 0 5 15 12 0 43 3 0 7 7 8 3 7 3 18 4 0 12 3 7 4 2 3 19 6
1 8 7 12 5 0 9 6 0 12 4 3 14 8 3 24 0 2 1 3 1 1 16 3 2 9 27 13 4 1 3 16 5 11 6 0 15 21 1 7 0 9 4 5 3 11 13 0 70 10
1 6 0 1 1 3 2 1 1 2 0 7 12 15 1 17 3 5 0 6 0 2 2 14 0 0 6 1 1 2 0 3 6 9 1 0 6 2 9 0 2 0 0 0 8 3 5 5 0 1
14 10 1 12 9 10 1 1 6 3 9 9 11 1 19 1 2 19 4 1 0 13 2 2 2 1 9 8 0 5 3 3 11 8 3 1 0 4 2 6 10 4 8 3 2 3 0 0 0 3
6 11 1 21 4 3 2 0 17 0 0 1 0 2 2 6 0 0 1 2 2 9 2 2 0 0 4 0 0 4 2 1 2 3 7 18 1 2 5 2 0 4 0 0 2 3 1 6 1 5
7 0 0 10 1 1 2 0 2 7 24 0 2 1 3 1 4 5 0 1 2 4 1 0 2 1 5 5 0 2 0 31 0 14 0 2 1 3 9 3 4 1 6 4 0 1 0 2 3 3
20 3 3 5 19 10 0 9 6 8 2 3 2 6 1 0 3 0 1 6 1 9 3 6 4 5 8 5 10 49 1 6 4 16 20 2 5 21 7 2 0 2 0 1 1 4 19 13 43 8
1 5 0 0 0 1 2 0 0 0 1 0 0 0 1 0 1 1 3 2 0 0 0 4 0 0 2 2 0 0 0 0 1 0 1 0 2 0 1 0 0 1 0 2 0 0 4 0 0 2
26 1 6 11 10 16 0 0 4 11 16 11 8 8 21 27 6 0 8 5 0 2 3 2 8 17 0 7 17 0 1 10 31 1 0 10 3 11 8 0 11 0 9 4 4 2 32 5 5 23
2 0 1 0 0 0 1 1 0 0 0 1 0 1 1 0 0 0 0 0 0 1 0 0 0 0 3 2 0 0 0 1 0 13 1 0 2 0 0 2 0 0 0 0 0 0 0 0 0 6
0 1 9 0 3 9 1 0 0 0 0 2 0 0 6 11 8 1 0 2 5 0 1 3 4 3 13 6 0 0 6 3 0 0 0 7 3 19 0 0 2 9 13 7 18 0 5 0 0 1
15 1 2 4 2 10 11 0 2 3 10 7 3 0 0 0 0 6 0 10 11 5 2 7 19 2 0 4 2 20 4 1 1 9 1 6 7 0 1 5 5 1 0 7 11 4 0 10 0 1
2 0 0 0 1 0 4 1 3 0 0 0 0 1 0 0 0 0 0 0 0 5 0 0 0 0 0 0 0 0 0 1 1 0 0 0 0 0 0 0 1 0 0 0 0 0 0 1 0 6
1 3 2 5 5 1 0 1 3 6 5 3 4 19 5 7 0 1 10 1 2 1 0 1 0 8 1 6 2 3 1 1 4 0 1 1 1 8 4 1 6 1 2 8 4 2 2 0 0 3
2 0 0 0 0 0 3 1 0 0 0 1 0 0 1 0 0 0 0 0 0 0 0 1 0 0 1 2 0 0 0 0 2 4 2 0 0 0 0 0 0 1 0 0 0 0 0 1 0 7
3 5 10 3 11 2 1 2 4 11 5 3 21 7 12 7 1 1 0 0 14 18 7 3 5 4 0 6 10 14 8 4 4 3 2 0 1 19 4 3 3 4 4 5 5 2 6 0 2 7
