1 4 1 0 6 6 4 2 12 0 0 0 2 7 1 1 7 8 0 1 2 0 5 13 1 0 8 4 0 0 7 0 8 3 0 0 0 2 7 17 0 8 7 7 3 9 5 7 1 6
17 11 7 13 0 3 0 12 1 0 1 9 1 1 8 16 9 18 30 1 9 7 1 0 0 4 8 14 16 19 6 10 2 2 1 7 7 6 12 52 5 24 7 6 4 6 22 1 0 15
0 2 15 3 2 0 0 4 9 0 0 1 2 6 13 0 2 6 0 2 1 12 6 3 1 1 1 0 9 14 4 6 8 1 6 11 1 3 4 3 0 9 2 1 0 1 5 6 12 0
0 0 0 2 0 0 0 0 0 0 4 0 0 0 1 1 0 0 0 2 0 0 0 0 4 0 0 0 0 0 0 0 4 0 0 0 0 0 1 1 1 0 2 0 0 0 5 0 0 0
2 4 0 16 34 0 9 1 18 8 3 1 5 2 14 10 6 24 10 8 32 2 16 11 15 6 4 0 6 10 18 17 5 4 6 3 3 15 9 17 4 7 2 2 8 7 3 8 0 14
3 12 11 6 4 0 2 4 0 0 0 4 1 1 4 9 3 0 7 4 2 4 5 5 11 3 1 3 1 6 4 0 0 9 0 2 0 5 4 8 0 3 0 11 4 5 10 2 17 12
0 6 8 0 0 9 7 0 5 11 1 6 3 0 5 0 2 1 0 1 1 5 5 0 4 2 5 5 4 0 8 2 5 1 1 24 6 9 4 4 10 0 0 1 3 0 0 5 2 2
1 3 4 3 0 1 9 7 2 0 5 0 5 2 2 0 3 2 8 3 6 0 7 0 2 8 0 12 3 1 7 2 3 1 0 10 3 2 1 2 1 3 0 0 5 0 9 3 4 9
6 13 8 0 1 3 7 2 5 0 4 14 0 1 7 7 11 15 5 2 22 3 1 11 0 9 1 10 10 0 8 8 0 1 5 5 7 11 0 20 9 7 0 0 17 4 0 6 10 4
3 0 0 4 7 0 3 10 4 7 2 11 1 7 1 12 12 2 6 0 3 5 2 1 1 1 2 0 0 1 8 1 0 2 0 1 1 1 0 5 4 2 0 3 0 8 6 14 2 1
49 0 4 6 13 9 2 16 3 5 8 9 12 3 5 15 4 1 0 13 24 2 3 0 5 5 5 5 0 5 0 2 1 4 9 4 13 1 7 0 5 2 1 15 7 0 12 7 8 1
3 2 1 1 9 1 1 5 4 0 2 4 4 1 0 1 0 1 8 3 0 5 1 1 16 1 2 1 3 11 6 4 2 6 7 1 4 2 4 0 1 2 1 0 0 9 9 1 1 6
11 3 6 11 8 9 7 0 4 0 2 20 5 5 2 7 37 3 9 13 3 13 11 11 3 0 34 17 3 23 6 5 6 16 18 15 1 8 2 6 0 12 7 24 0 0 0 1 12 2
0 0 0 0 0 2 0 1 0 0 0 1 0 0 1 1 0 2 0 0 0 0 5 0 0 4 0 1 0 0 0 0 1 1 0 0 0 0 1 0 0 1 0 0 0 3 0 0 2 0
11 6 0 6 0 2 4 3 11 5 7 0 6 2 3 2 2 0 0 1 6 3 1 4 5 5 6 1 4 1 1 9 1 4 1 0 0 1 3 7 0 9 3 3 0 1 0 15 6 1
0 0 0 0 0 2 2 0 0 0 0 0 13 0 0 0 0 2 0 0 1 0 0 1 0 0 3 3 0 0 0 0 0 0 5 2 1 1 1 3 0 0 0 0 0 0 1 0 3 0
0 1 0 0 1 0 0 2 0 1 2 0 4 1 0 0 1 6 0 0 0 0 0 5 0 0 0 0 0 0 3 0 3 0 1 0 0 1 3 0 1 0 4 0 0 1 0 0 0 0
0 7 1 1 0 0 0 0 0 0 0 1 0 0 0 0 1 0 3 0 0 1 0 0 1 0 0 0 0 1 0 0 0 0 0 2 0 0 1 0 0 0 0 0 1 2 0 0 0 0
4 10 2 0 2 0 4 0 3 1 2 8 0 2 12 6 6 0 0 6 11 0 0 5 0 9 1 0 1 0 1 1 0 0 12 11 1 3 0 12 18 0 2 6 3 13 1 7 8 0
0 7 5 18 0 2 8 7 10 1 4 1 0 10 2 0 0 0 2 3 0 0 0 1 1 10 1 0 8 0 7 3 5 4 8 7 7 1 1 1 0 3 0 3 7 3 2 7 6 4
1 8 0 1 1 1 1 0 1 5 2 1 9 0 4 0 0 5 0 3 6 0 7 1 5 7 22 0 3 2 6 4 0 7 3 3 0 5 2 0 0 1 3 28 1 2 5 11 0 2
1 0 2 0 0 2 1 15 1 2 5 1 3 3 0 2 0 11 4 1 1 5 5 0 0 4 1 6 3 17 8 2 3 2 0 13 5 5 6 1 0 3 1 8 2 5 4 6 1 8
3 1 5 11 6 5 0 1 0 7 4 16 2 2 0 4 1 4 1 3 1 2 7 0 4 7 3 7 1 2 0 10 0 9 2 1 4 8 0 5 1 8 20 3 5 8 5 0 8 0
0 0 0 0 0 0 0 0 0 0 0 2 0 0 0 0 0 0 0 1 0 0 0 0 1 0 0 0 0 0 0 0 2 0 0 23 0 0 0 1 0 0 0 0 2 1 0 0 0 0
12 1 1 4 3 7 3 4 4 13 2 13 3 1 4 0 0 2 7 0 4 1 7 1 6 1 41 4 1 11 10 4 9 2 0 4 0 2 2 3 1 0 5 17 1 1 1 6 0 5
1 0 0 0 2 0 2 2 1 0 0 0 0 1 0 0 1 0 0 1 0 0 1 0 0 0 2 0 0 0 0 0 0 0 1 0 0 0 0 0 0 0 0 0 1 0 0 0 0 0
8 8 1 3 7 0 1 11 26 2 14 9 24 9 16 18 9 4 3 10 2 9 5 11 32 11 2 9 4 0 4 0 0 20 2 1 3 1 3 7 24 7 6 11 0 5 7 5 10 9
1 5 7 8 6 16 8 3 0 0 9 9 2 2 14 0 5 6 1 1 3 3 11 4 36 0 2 17 7 25 1 14 0 9 1 1 2 8 15 3 0 5 40 1 24 3 4 1 3 12
0 1 0 0 0 0 0 0 0 1 0 0 0 0 1 0 0 0 2 0 0 1 1 4 2 0 0 0 0 0 0 0 4 0 0 1 0 0 0 1 0 2 0 0 0 0 1 0 0 1
2 2 0 4 1 1 0 0 0 0 0 5 4 4 6 2 5 4 0 6 0 4 9 11 1 5 2 5 2 7 8 0 12 0 4 3 1 1 0 0 2 17 0 9 1 3 2 2 24 4
6 0 4 3 1 15 7 2 0 10 2 9 9 17 9 1 8 20 1 0 14 3 2 7 2 1 8 3 11 1 43 3 10 5 21 7 3 45 17 6 7 15 8 12 12 0 1 7 6 19
1 21 14 16 0 1 2 0 0 11 11 6 74 1 4 16 2 2 8 16 10 3 2 1 0 10 0 3 1 2 8 11 0 8 10 2 8 4 4 5 3 12 0 4 14 6 2 0 0 12
0 1 1 0 0 0 0 2 2 2 0 14 2 2 2 15 1 1 0 0 0 0 0 0 0 0 4 0 16 0 2 1 0 0 1 1 4 5 2 2 0 3 6 0 3 3 2 17 0 2
1 3 0 9 0 11 3 7 2 0 24 31 7 1 2 11 2 5 3 0 0 3 0 3 11 1 4 0 3 8 3 4 9 0 6 4 3 7 2 4 5 0 4 5 4 0 1 1 0 6
1 15 1 2 2 1 3 1 4 37 1 5 21 2 2 3 30 40 7 2 11 22 0 0 11 0 14 31 15 3 2 3 7 9 1 15 2 0 46 11 5 14 2 4 0 2 7 4 5 12
2 0 0 0 0 0 1 1 0 4 0 0 0 2 0 0 0 0 5 0 0 0 0 0 0 0 0 0 4 0 0 0 0 0 1 1 0 1 1 1 1 0 0 0 0 0 0 0 3 0
4 9 8 4 2 8 16 0 4 11 4 0 9 3 2 11 9 0 0 2 10 6 7 12 3 16 2 4 0 4 5 0 0 8 0 2 3 5 9 2 2 8 1 2 8 0 6 20 1 7
9 6 0 2 0 2 12 6 5 8 1 19 5 10 1 1 1 0 11 3 0 5 6 1 4 3 6 19 2 8 1 3 0 15 5 0 3 0 2 0 6 18 1 0 4 7 0 2 9 1
7 1 0 17 1 20 3 1 2 4 3 1 3 1 7 13 5 15 0 18 3 12 2 4 31 1 1 15 2 2 3 14 3 17 20 7 2 1 7 13 1 0 2 4 0 19 23 8 10 7
5 7 6 4 2 0 0 4 1 9 12 2 2 20 1 3 13 0 0 0 0 3 0 1 0 1 0 2 2 6 7 2 0 2 2 0 0 5 0 0 0 4 3 4 0 9 0 3 10 0
6 7 8 1 3 1 7 2 2 24 5 0 2 2 0 2 14 1 13 6 0 12 3 1 1 20 7 16 1 5 11 5 3 7 9 7 0 10 7 2 10 2 10 6 2 20 19 16 2 17
8 2 18 0 10 30 24 3 5 23 4 19 7 3 2 2 1 2 6 11 6 6 9 8 2 3 3 7 22 3 4 2 2 2 7 9 17 0 5 9 0 0 10 2 14 16 3 1 1 0
4 1 1 1 9 2 8 4 6 5 22 0 9 0 8 1 1 17 13 5 9 16 4 3 14 6 3 1 13 11 13 7 27 3 4 25 14 5 15 1 22 1 6 3 5 0 1 1 2 13
40 1 0 1 6 7 4 3 6 12 3 11 0 4 8 3 11 5 0 5 1 5 2 5 5 2 0 16 8 6 2 1 1 0 0 2 10 28 1 2 0 12 5 0 0 0 2 1 7 1
11 0 1 4 0 6 0 0 0 1 0 1 0 0 0 0 6 0 13 0 0 0 0 0 0 2 1 0 0 8 0 0 2 0 0 0 0 1 0 2 3 1 0 4 0 0 1 0 0 0
0 2 0 0 0 0 0 0 0 0 1 0 0 0 0 0 2 0 0 2 2 0 0 0 0 1 1 0 0 0 0 0 0 0 0 2 0 1 0 0 3 1 0 1 0 0 0 0 0 0
0 9 10 23 0 21 7 0 8 0 5 0 2 4 0 9 11 3 10 6 4 4 2 8 0 1 4 17 7 16 3 8 11 6 0 2 4 4 4 0 6 5 5 8 7 1 0 3 1 9
1 14 4 18 14 5 3 11 5 2 1 7 7 17 9 15 13 22 25 3 12 1 6 5 2 6 1 14 3 50 13 6 5 6 18 0 12 20 2 6 8 10 19 1 3 11 10 6 10 4
0 0 0 0 0 1 0 0 0 1 1 0 0 0 0 0 1 0 2 0 0 1 0 0 0 0 0 0 0 1 0 0 1 2 0 0 1 2 0 0 0 0 0 0 1 0 0 1 0 0
39 3 1 0 0 8 3 4 32 12 2 0 0 11 9 16 8 1 16 2 7 35 3 0 0 14 8 5 4 1 8 10 0 45 2 3 20 13 2 1 14 0 8 2 24 20 9 3 7 8
0 0 10 0 0 0 0 2 0 1 0 1 0 1 2 0 0 0 1 0 0 0 1 1 0 1 0 0 1 0 0 0 0 1 0 0 0 1 2 0 0 0 0 0 0 3 0 0 0 1
1 0 0 0 0 0 1 1 0 1 0 0 0 1 0 1 1 1 1 1 1 0 2 0 0 0 0 0 0 2 0 0 1 0 0 0 0 0 0 0 0 4 6 0 2 0 10 0 0 0
32 3 1 20 10 48 4 4 11 7 6 18 4 3 15 17 0 18 6 7 8 8 6 6 6 6 5 4 0 0 8 11 1 3 2 2 22 12 11 0 7 9 5 26 4 6 9 23 7 13
1 7 1 0 7 0 0 0 5 4 4 3 1 0 0 4 0 14 0 3 1 5 0 0 1 3 2 0 6 0 8 2 0 0 0 0 1 4 1 2 0 4 2 0 3 5 0 6 0 15
1 1 0 0 2 0 1 1 0 0 1 0 0 3 0 0 0 0 1 0 0 0 0 0 0 0 1 1 0 0 2 0 1 0 0 4 0 0 0 1 0 0 0 0 0 0 0 0 0 0
0 1 1 2 4 2 0 0 0 0 0 0 0 0 0 0 0 0 0 2 2 0 2 0 0 0 1 2 0 0 0 0 0 2 2 19 0 0 1 0 0 0 0 1 0 0 0 0 1 0
2 4 1 9 2 2 2 0 0 1 2 1 13 1 5 9 3 3 4 1 2 8 0 5 0 7 0 3 4 13 0 6 2 17 5 3 0 3 1 5 0 0 11 3 5 0 1 6 0 3
1 6 5 6 24 11 16 14 0 0 0 13 3 0 1 1 1 7 1 0 34 2 20 3 1 5 12 16 5 0 5 7 10 7 0 8 11 5 25 11 29 4 26 0 12 2 3 13 3 1
2 0 0 0 0 1 3 0 2 1 0 1 2 0 0 0 0 0 0 1 0 0 0 9 1 0 0 1 1 1 0 1 1 1 1 0 0 0 0 0 0 0 0 1 0 0 1 0 0 0
7 10 18 21 11 4 1 3 6 1 4 9 10 3 16 7 0 5 39 0 5 23 4 13 1 26 2 2 20 1 7 13 0 6 6 8 3 4 1 3 16 1 0 0 22 9 16 1 12 3
0 7 0 32 6 2 6 16 7 9 1 2 17 7 1 4 3 5 6 2 2 5 12 1 5 7 4 0 12 12 6 4 1 23 8 1 17 10 6 4 1 11 3 0 34 18 8 3 21 11
0 0 0 0 1 3 0 0 0 0 0 2 3 2 0 0 0 0 0 0 1 0 7 2 1 0 1 0 0 0 0 0 0 0 0 0 0 0 0 0 0 0 0 0 2 0 1 1 0 0
0 3 3 0 1 18 10 2 3 1 17 1 18 12 0 7 1 6 3 12 2 5 8 21 2 4 6 20 15 6 10 0 2 3 1 11 0 7 2 6 0 10 6 2 3 5 1 10 3 6
1 0 0 0 0 0 0 0 0 0 0 0 4 0 0 1 1 0 0 0 0 0 1 0 0 0 0 0 0 0 0 1 0 0 8 0 0 0 0 9 0 0 2 1 0 0 0 0 0 0
0 0 0 1 0 0 0 3 0 0 0 0 2 1 0 0 0 0 2 2 0 0 2 0 0 0 1 1 2 0 1 0 0 0 2 0 0 2 1 2 5 0 1 0 0 0 0 2 0 0
0 0 0 0 0 0 0 0 0 0 0 0 0 0 2 0 1 0 0 8 0 0 1 1 0 0 0 1 0 0 0 0 0 0 1 0 0 0 0 0 5 1 0 0 0 2 0 0 1 0
0 1 0 2 5 5 3 3 36 0 2 13 9 0 4 3 0 2 0 10 11 1 2 4 3 4 0 1 1 0 1 9 3 1 0 2 4 6 5 6 1 0 10 2 2 0 9 0 0 1
4 2 1 10 5 0 8 2 0 8 0 1 5 13 16 5 6 0 21 7 1 2 14 1 15 1 17 2 9 1 10 1 15 0 7 9 5 7 5 13 2 4 8 2 18 3 5 1 20 1
3 4 0 0 8 17 5 0 2 6 4 0 3 3 0 3 9 7 3 0 24 19 19 11 14 13 3 5 5 49 6 1 19 1 8 0 2 8 0 13 1 26 21 15 2 2 7 0 32 1
2 25 2 4 3 11 35 6 3 2 9 7 3 4 0 7 2 3 1 2 2 6 22 0 7 6 27 2 5 10 37 2 9 6 0 0 2 6 0 1 7 22 14 1 2 20 4 2 0 10
0 0 0 1 0 5 0 0 2 0 0 0 0 0 0 1 9 1 1 0 1 1 16 1 3 0 0 0 2 2 0 1 1 0 0 0 7 0 0 0 0 0 0 0 1 0 0 1 3 0
1 0 1 0 2 0 0 2 0 0 0 0 1 3 0 0 1 0 0 5 0 0 0 0 1 0 0 0 0 1 0 0 0 1 0 0 1 0 0 0 4 0 0 0 1 0 0 1 0 0
0 32 17 2 5 2 35 16 6 2 13 7 8 5 0 14 9 18 3 16 6 6 9 3 9 13 0 13 2 0 8 3 5 2 0 11 2 8 0 23 3 20 6 0 12 1 10 1 1 1
2 2 10 12 2 1 23 5 10 8 2 3 4 5 4 13 0 8 5 4 15 5 3 5 2 6 6 1 6 3 0 0 12 7 9 12 8 2 7 16 5 1 3 2 13 8 0 19 10 12
1 10 1 0 0 12 5 15 4 9 1 1 1 0 0 6 25 11 1 9 11 1 0 8 32 17 3 1 7 1 13 12 2 7 15 13 24 17 3 10 3 7 8 9 5 8 7 8 22 23
0 0 0 0 0 0 0 0 0 1 0 0 0 0 0 0 0 0 1 8 0 0 1 0 0 1 4 0 0 0 0 1 2 1 0 0 0 1 0 1 9 0 0 0 0 0 1 4 0 0
6 0 2 2 1 3 1 4 0 0 3 0 0 2 1 3 3 0 4 23 3 11 0 0 4 3 1 5 0 8 9 0 4 4 1 2 0 1 2 5 7 2 5 7 3 3 1 1 5 8
0 0 0 0 0 1 0 0 0 0 0 1 0 0 0 6 0 1 0 0 0 0 1 2 1 0 0 0 0 0 2 1 0 0 0 0 0 1 1 1 2 0 0 0 0 0 1 0 0 0
4 19 5 2 31 1 34 12 5 0 15 3 2 0 6 1 11 8 5 1 3 15 7 12 2 21 0 4 16 7 4 2 15 5 11 2 0 4 2 0 1 6 5 18 17 3 0 7 2 9
0 4 12 8 5 3 0 0 2 10 22 1 13 9 46 3 5 10 4 5 15 4 0 3 18 5 0 2 7 0 21 0 1 5 19 0 0 54 0 7 8 10 7 0 4 12 48 6 0 6
0 0 4 0 2 0 1 0 0 3 0 1 0 0 0 1 0 1 0 0 0 0 0 0 0 0 1 0 1 0 0 1 0 2 1 1 1 0 0 0 0 1 1 0 0 0 0 0 0 1
0 1 0 0 3 3 0 1 0 0 0 0 1 1 0 1 0 1 2 1 0 0 0 1 3 0 2 0 2 0 0 0 0 0 0 1 0 2 0 0 0 0 6 0 0 0 0 1 0 0
0 0 0 0 0 1 0 0 0 7 0 0 0 0 0 0 0 0 0 0 0 1 0 0 0 0 0 0 4 0 0 0 2 0 0 0 0 0 0 0 0 1 1 0 0 0 3 0 0 1
1 12 2 0 18 0 2 0 3 4 7 1 1 1 2 21 0 4 0 1 0 0 1 0 1 4 6 0 2 1 0 10 0 17 0 11 2 2 3 0 1 0 3 0 2 2 2 0 0 1
1 12 1 0 0 5 13 2 0 0 6 3 4 6 0 1 4 3 6 0 3 2 3 0 8 16 1 2 1 0 0 4 3 3 0 2 11 0 0 2 0 1 14 1 3 2 2 1 5 3
8 3 7 1 3 2 1 1 0 3 6 2 1 2 4 2 2 1 9 1 3 11 1 1 6 2 2 3 5 5 1 5 0 2 5 3 0 5 9 1 0 8 1 1 3 0 0 12 9 0
4 31 6 0 2 6 5 7 2 4 0 4 16 2 6 4 13 5 6 2 13 8 3 15 2 10 3 2 3 1 2 3 3 3 0 0 0 5 2 0 1 1 0 2 2 9 1 0 16 3
0 0 4 1 0 0 0 0 0 8 0 1 0 0 0 0 0 0 1 1 0 1 1 0 0 1 1 0 0 0 2 0 1 0 1 0 1 1 0 0 0 0 1 0 0 0 0 2 0 0
3 0 0 13 3 3 0 8 13 2 6 17 5 14 0 23 1 0 1 0 3 14 1 1 8 3 34 5 5 4 2 4 4 6 13 7 0 13 29 2 8 7 9 4 1 2 4 8 2 2
1 0 0 0 1 0 0 0 0 0 4 0 0 0 0 0 0 5 0 0 0 0 0 0 0 2 0 0 0 0 1 4 0 0 2 1 1 0 16 0 0 0 1 0 1 0 0 1 0 1
1 10 11 1 0 4 0 1 2 2 8 4 1 4 1 7 0 0 6 0 11 5 0 0 7 15 1 2 4 2 0 0 4 5 3 6 11 11 6 2 5 2 1 0 3 5 3 4 6 5
1 5 5 8 10 9 1 1 5 4 3 1 3 1 8 5 2 5 12 6 2 0 10 5 5 6 0 5 0 9 4 2 8 0 7 4 7 2 4 3 3 5 0 10 0 3 3 6 11 0
0 3 0 0 0 0 0 0 0 0 0 0 0 4 0 0 0 0 0 0 1 1 0 0 1 1 0 0 0 0 0 0 0 0 0 0 1 0 0 0 0 0 1 0 0 0 1 0 1 2
0 5 0 1 0 2 0 0 1 0 0 0 0 0 0 0 0 0 2 2 0 0 0 0 1 0 0 0 2 0 1 0 0 1 1 0 0 0 0 0 1 0 0 0 0 0 1 0 1 0
5 7 1 15 14 17 9 19 13 19 6 2 19 1 0 2 13 4 0 31 22 1 2 27 1 22 5 29 0 3 1 7 0 38 28 4 1 55 0 26 4 17 2 3 3 12 5 0 7 7
0 2 0 0 1 0 2 0 0 1 0 0 1 0 0 0 1 0 0 0 0 0 0 1 0 4 0 1 0 0 0 0 2 0 1 1 0 0 0 1 0 0 1 0 0 0 0 0 0 1
1 0 0 0 1 1 0 0 0 1 0 0 0 0 0 0 0 1 0 0 0 0 2 1 1 0 0 0 0 0 0 1 0 0 0 0 0 2 1 0 2 0 0 0 0 0 2 0 0 0
0 0 0 0 0 0 0 0 0 6 0 0 0 1 0 0 0 0 0 0 0 2 1 0 0 0 12 1 0 1 0 0 0 1 0 4 0 1 0 3 0 2 0 0 1 0 0 3 0 2
8 3 2 3 0 3 3 0 0 0 12 1 4 1 1 6 2 5 0 0 0 0 2 24 1 17 5 0 1 1 10 2 12 2 8 1 5 4 0 2 11 2 14 3 2 8 10 10 1 2
2 10 8 23 11 1 3 3 1 11 1 7 1 1 6 12 1 3 0 22 1 3 3 4 1 4 12 2 9 5 0 0 1 6 1 1 1 15 23 14 1 1 0 6 7 2 6 0 5 1
