1 2 0 2 10 3 2 2 1 2 0 2 4 4 6 4 0 2 10 3 3 8 9 2 5 7 0 0 0 1 3 1 5 2 1 6 0 8 1 1 4 5 1 13 1 2 3 2 0 3
28 27 1 15 12 13 1 1 1 1 1 9 9 4 13 0 5 20 10 15 7 0 0 14 0 2 3 1 2 2 4 3 10 3 1 6 1 22 0 18 2 5 2 5 2 8 9 19 3 2
6 2 0 0 0 0 0 0 0 0 0 0 0 0 6 0 0 1 0 0 0 0 0 0 1 0 0 0 0 0 1 0 0 0 0 0 0 0 0 0 0 0 0 5 0 0 1 0 4 0
0 0 31 0 1 0 0 0 0 1 3 0 1 0 1 0 1 0 0 0 0 0 0 0 5 2 0 2 0 0 0 0 0 0 2 0 0 0 0 4 0 0 0 1 2 2 0 0 0 1
0 24 16 7 6 6 5 0 9 1 1 7 3 27 4 13 15 9 0 2 9 1 0 3 0 0 1 4 4 3 2 9 0 4 15 17 19 16 2 14 1 3 2 16 13 7 10 4 2 1
4 1 3 0 0 0 1 1 2 4 3 4 1 6 3 2 12 0 2 5 16 7 36 13 16 4 7 11 0 1 0 4 0 2 0 15 9 0 3 1 5 0 1 6 1 23 3 35 6 0
0 0 0 2 0 2 0 0 11 0 0 0 0 0 1 0 0 0 0 0 8 0 0 0 0 0 0 0 4 1 2 2 0 0 0 0 0 2 0 0 2 2 0 0 0 0 0 0 2 0
1 2 47 1 0 6 1 6 0 3 2 8 20 1 2 5 5 5 2 5 5 2 20 7 11 11 4 1 2 12 0 15 8 6 4 13 0 6 0 0 1 10 9 9 3 13 13 14 1 1
0 11 0 15 4 0 0 0 4 0 1 2 0 7 1 7 0 3 0 0 2 7 1 3 2 2 13 6 2 18 2 0 6 2 0 0 0 0 4 9 5 17 1 0 6 4 1 17 0 6
12 8 37 20 0 2 23 19 9 4 12 3 12 8 1 4 2 11 1 1 4 3 0 3 2 1 5 8 9 8 3 22 6 20 0 3 13 2 9 0 12 7 3 3 4 8 4 6 11 0
0 0 3 0 2 0 1 0 1 2 4 4 0 0 2 0 0 0 0 0 0 0 0 0 0 0 0 0 0 1 0 0 0 0 0 0 0 0 0 0 0 1 0 0 1 1 0 0 0 2
6 1 13 9 0 0 1 3 1 3 8 4 8 10 6 1 6 2 1 0 18 17 3 6 0 4 11 1 0 0 7 3 5 10 6 2 6 4 2 16 1 0 13 3 0 0 1 0 5 1
1 7 12 3 1 0 7 1 6 2 3 12 9 11 2 1 34 2 0 5 1 4 5 0 3 0 1 2 1 5 1 3 14 2 0 5 10 1 2 9 5 2 4 4 3 2 3 3 2 4
2 2 0 0 0 1 0 1 1 4 0 1 0 0 1 0 0 0 0 2 0 0 0 0 0 4 0 0 0 0 0 0 0 0 0 0 0 2 5 0 1 0 2 0 0 0 1 0 14 0
1 1 3 15 5 2 0 12 5 0 14 0 1 5 1 11 3 1 2 5 0 1 1 3 2 0 2 2 8 4 7 6 5 13 0 0 1 0 1 0 5 3 2 3 7 1 1 2 0 1
1 3 3 3 0 4 20 9 1 2 1 0 0 4 0 7 2 1 0 1 5 3 3 8 1 11 1 4 0 1 0 0 2 1 4 5 10 0 4 1 5 1 1 2 1 4 4 0 5 10
0 16 2 9 2 5 7 1 6 2 7 4 5 0 3 26 1 6 13 17 0 18 8 3 7 8 69 44 3 0 3 19 3 15 0 15 3 1 3 7 4 3 4 6 17 1 0 3 7 13
6 5 7 0 0 8 8 0 12 4 5 5 3 11 8 5 0 19 8 6 3 12 7 9 0 15 4 5 17 2 2 6 0 1 24 0 24 7 16 17 0 1 3 17 8 2 8 22 1 13
0 5 4 0 2 2 3 0 5 11 7 2 12 6 2 1 3 0 7 8 1 0 11 3 6 1 4 3 1 6 0 1 4 0 2 8 0 16 0 8 0 15 5 1 1 1 20 8 2 18
4 3 5 36 2 12 9 4 7 2 5 5 6 6 4 0 3 4 2 3 5 0 4 0 3 6 6 4 4 5 14 0 2 12 7 2 6 2 5 0 5 7 2 9 7 2 2 1 21 0
2 12 2 8 6 3 14 0 5 5 1 4 1 3 1 2 0 6 3 3 0 3 1 0 6 0 4 2 0 3 4 0 1 5 2 14 1 19 9 9 1 2 0 1 2 1 2 2 7 5
3 1 0 8 4 2 11 2 4 0 0 0 4 3 3 4 13 0 0 1 0 12 1 5 3 7 10 2 0 5 0 2 4 6 6 1 1 4 0 2 6 0 1 6 0 0 9 0 9 8
0 0 0 0 0 0 0 0 1 0 0 0 0 0 0 0 0 2 0 1 23 0 1 2 0 0 0 0 0 1 0 0 0 2 0 0 2 0 1 0 0 0 0 0 1 1 0 0 0 0
0 0 2 1 7 3 30 4 1 16 4 0 44 16 11 9 7 0 11 15 4 1 36 15 5 1 17 11 0 5 1 2 7 1 26 15 0 8 2 21 8 18 17 1 2 9 11 21 7 0
0 5 0 0 15 0 1 0 1 0 9 4 1 19 25 8 3 12 1 2 2 4 8 1 1 0 17 2 1 3 2 6 10 8 5 1 3 0 0 3 13 1 1 1 11 0 0 6 5 5
1 2 2 6 0 0 0 3 1 6 0 11 1 0 0 0 6 6 7 4 3 13 4 5 5 6 12 1 14 1 2 0 1 3 0 0 10 6 24 4 9 3 10 0 1 6 1 12 0 1
0 1 2 0 0 0 0 0 1 2 3 2 0 2 2 0 1 0 1 1 1 0 0 0 0 0 0 2 4 0 0 1 0 3 1 1 0 0 0 2 0 1 3 1 1 4 0 1 11 1
6 3 3 4 17 3 3 2 20 1 1 5 7 0 5 9 15 8 0 0 2 1 0 1 4 10 7 0 0 6 10 5 7 2 0 0 8 0 3 6 14 9 9 0 5 4 3 11 3 1
2 0 0 2 2 0 0 0 2 0 1 13 7 1 2 0 3 0 2 1 2 0 0 0 0 0 0 0 1 0 0 0 1 1 0 1 0 0 0 1 1 0 1 0 0 0 1 0 0 0
1 20 1 3 6 0 12 2 1 0 5 14 1 8 4 7 4 16 1 2 3 8 1 4 3 26 3 0 9 1 2 8 9 19 0 14 1 21 5 0 14 5 7 1 0 4 0 4 6 15
0 1 0 0 0 0 0 0 0 4 1 0 0 0 0 0 0 0 0 0 2 0 0 0 0 0 0 0 5 0 0 0 0 0 1 0 0 0 0 0 0 0 0 2 0 0 1 0 11 0
0 0 4 0 0 0 0 0 1 9 0 0 0 0 0 1 0 0 0 0 0 0 0 0 2 1 0 0 0 0 1 5 0 1 0 0 0 0 1 1 0 3 1 1 0 0 1 0 1 2
3 13 1 1 28 1 0 0 10 11 3 0 2 11 14 8 0 0 2 0 1 0 2 11 1 33 1 2 3 0 3 29 4 16 1 0 10 9 7 1 4 0 7 2 3 22 7 12 0 4
0 0 0 0 0 0 0 4 1 0 0 0 4 0 0 2 0 1 0 1 0 0 0 0 0 3 0 1 0 0 0 1 0 0 2 0 0 0 0 0 3 2 0 0 0 0 0 1 0 0
0 4 1 15 1 10 0 1 7 12 5 12 0 2 0 4 2 5 0 0 6 0 8 3 1 0 35 3 1 3 19 13 7 1 17 2 7 0 13 5 0 14 1 1 1 8 9 18 1 1
0 0 10 6 0 2 0 0 22 16 11 15 6 17 26 2 0 6 19 9 14 14 2 19 8 0 8 10 5 3 0 4 8 2 0 28 3 30 2 32 7 5 8 12 14 8 0 0 1 13
35 1 8 6 8 10 1 0 4 1 0 7 7 0 18 3 1 3 9 3 3 2 19 3 3 7 15 3 0 7 10 1 5 15 1 10 4 0 21 3 10 2 9 4 1 18 19 8 3 7
12 1 1 10 3 0 10 1 13 4 24 0 1 0 0 1 6 0 0 6 3 8 2 3 6 4 2 3 1 3 0 4 0 4 1 4 5 4 3 7 3 1 1 0 2 12 0 0 9 2
2 1 11 0 1 13 1 9 3 4 8 5 2 1 2 4 3 2 6 0 24 2 10 6 0 4 11 14 0 3 11 0 3 5 0 3 1 18 2 6 0 15 20 1 15 8 1 3 1 2
2 0 0 1 2 0 1 0 2 3 1 0 0 0 1 0 0 0 3 0 0 0 1 0 0 4 0 0 0 0 5 0 0 2 3 2 1 0 0 0 0 0 0 8 0 0 0 0 1 0
0 1 1 0 1 1 0 1 1 0 0 0 0 0 0 1 0 1 0 0 0 0 0 1 0 0 0 0 0 0 1 0 3 0 0 0 0 4 0 0 0 0 0 0 0 1 1 0 0 0
1 1 5 0 23 6 1 15 38 5 11 2 0 18 2 9 0 3 7 5 0 2 15 5 7 6 17 15 0 9 18 57 6 0 0 10 1 15 0 0 10 1 0 17 1 2 3 9 4 0
4 2 1 8 0 1 5 1 1 13 8 0 1 14 10 0 0 7 5 0 0 1 1 6 6 1 6 5 5 0 0 5 1 9 17 2 3 21 1 21 2 2 10 1 4 16 3 6 1 2
1 0 1 9 1 5 0 5 9 27 16 17 9 1 14 2 2 21 0 10 6 0 6 13 1 6 2 2 3 10 1 5 5 1 8 5 0 4 17 3 1 0 14 2 4 27 1 8 5 6
28 2 7 6 7 1 6 1 1 2 17 10 3 11 2 9 11 20 0 3 2 5 13 2 3 3 3 2 22 0 1 5 14 19 0 1 0 4 15 19 0 8 2 13 0 9 7 6 12 12
5 4 4 4 0 0 0 8 1 0 2 3 2 1 31 4 22 3 3 7 2 3 3 0 0 4 4 0 7 0 6 6 0 4 4 18 10 2 1 0 2 1 4 6 3 18 7 1 0 0
5 8 1 2 1 12 5 13 7 1 0 2 6 1 3 10 7 3 0 7 6 19 12 1 1 19 2 2 7 2 7 1 9 10 0 2 0 11 21 0 17 7 7 3 16 3 10 0 4 9
0 1 5 2 17 3 7 4 8 2 11 8 5 2 3 0 8 2 5 5 12 0 1 3 1 5 13 1 20 4 0 13 3 5 0 0 4 8 2 4 2 0 1 15 0 0 24 1 2 0
0 0 0 0 0 0 0 0 0 1 2 1 2 4 4 0 0 0 0 1 3 0 2 0 1 1 3 3 0 1 15 0 0 3 0 0 2 0 0 0 1 0 2 2 0 1 1 0 0 0
2 6 9 2 1 2 10 5 5 11 0 0 13 3 6 2 11 13 2 25 21 3 16 1 0 2 9 3 2 13 8 23 29 1 0 14 11 3 9 11 19 1 1 6 4 23 0 0 4 8
8 4 1 1 2 12 3 6 32 10 0 7 2 1 0 17 0 3 11 4 4 8 3 0 5 1 4 8 23 1 7 0 4 3 1 1 21 4 2 1 11 12 27 2 4 2 16 1 9 16
0 0 0 0 0 1 2 0 1 1 1 0 0 1 1 2 0 0 0 1 0 1 2 1 0 0 0 0 0 1 0 1 0 1 0 1 0 1 0 0 0 3 0 7 2 0 0 0 0 0
3 1 1 0 0 0 1 0 2 1 0 16 5 0 1 0 0 0 0 0 0 0 0 1 0 0 0 0 1 1 0 1 0 1 0 0 1 0 0 0 0 0 0 0 0 0 2 0 0 0
0 0 1 0 2 0 2 0 2 6 9 1 1 2 1 5 0 8 0 6 7 5 4 5 3 0 2 0 4 2 0 1 0 7 0 0 14 7 3 1 2 0 3 3 17 6 2 7 1 12
8 6 2 12 8 1 15 7 4 7 9 12 1 6 2 12 24 20 5 1 13 21 1 1 6 12 15 4 10 3 0 8 4 2 0 12 0 8 2 10 0 15 13 1 10 0 0 4 22 12
6 2 5 0 9 1 3 6 15 3 0 22 4 1 1 0 8 4 4 0 2 9 1 2 16 0 0 1 2 0 3 0 1 3 0 4 10 6 5 0 5 10 5 7 1 1 0 0 17 1
5 15 13 15 0 13 2 1 1 4 3 7 1 0 20 0 0 7 12 13 13 2 2 1 1 9 0 8 0 5 3 7 11 23 0 9 6 4 1 14 1 14 5 1 2 1 47 2 9 0
7 0 2 0 1 5 8 3 1 3 4 10 0 1 8 0 21 9 0 2 4 2 0 0 2 3 1 6 0 1 3 0 19 21 3 2 7 0 1 2 6 1 2 7 23 3 6 0 0 1
6 4 5 2 3 0 1 4 25 9 38 1 0 13 0 6 1 0 0 6 1 11 2 6 16 7 10 4 7 4 13 2 21 8 0 21 14 0 1 16 1 1 22 0 6 4 1 6 15 5
0 2 7 2 6 2 2 6 0 3 0 2 1 9 0 1 1 0 7 0 7 15 8 3 9 5 4 11 3 6 10 0 2 14 14 0 10 1 28 4 3 0 1 0 14 1 15 0 1 7
5 1 1 8 11 14 5 1 4 0 0 22 0 10 0 4 2 31 8 21 2 1 4 5 3 0 4 2 5 4 3 9 5 1 21 2 2 12 2 9 11 6 2 7 14 2 0 4 1 24
4 0 5 10 8 8 0 0 4 24 9 4 1 7 2 22 0 1 0 37 6 11 5 7 13 9 1 10 6 8 0 9 1 3 2 3 1 7 7 4 5 4 4 1 4 9 7 1 3 33
11 1 0 30 3 5 1 1 1 0 2 7 0 0 15 0 14 10 0 1 1 9 17 5 3 9 2 0 2 3 2 1 12 0 4 2 0 9 8 0 1 7 0 5 0 0 2 0 0 4
6 3 2 11 0 8 3 17 2 6 34 6 12 9 3 10 0 1 3 1 6 5 13 14 18 5 11 3 27 15 5 15 1 1 34 3 5 1 4 9 2 13 11 8 6 5 4 7 6 0
2 1 0 3 0 0 0 0 0 2 0 0 3 2 0 0 0 0 1 1 0 0 2 1 0 1 2 1 2 1 0 0 0 1 3 1 0 0 1 0 0 1 1 0 0 0 1 0 0 2
7 6 1 11 5 14 10 8 1 2 5 0 3 3 13 3 1 1 14 21 3 6 2 7 14 0 3 0 2 1 3 7 1 5 8 0 3 8 2 11 3 0 1 6 2 4 0 2 8 9
0 2 1 4 0 1 4 7 5 7 3 5 0 1 3 8 12 0 0 1 2 1 10 2 3 6 7 0 3 0 3 15 1 1 5 0 4 5 2 8 0 1 2 4 1 0 8 4 2 3
0 0 12 4 2 0 5 2 0 3 6 0 0 1 0 7 1 1 1 8 9 6 7 0 14 6 3 2 0 3 9 3 6 3 2 0 7 2 9 6 6 1 0 5 11 6 2 17 5 10
4 13 3 8 5 13 6 46 0 6 2 4 3 12 23 7 2 1 14 18 7 7 25 12 5 2 2 10 8 2 6 2 17 3 14 3 17 3 2 4 4 6 7 1 12 13 9 22 6 0
21 1 6 12 14 2 4 5 0 10 3 15 1 8 4 28 10 1 0 24 31 13 3 14 0 3 9 4 11 11 8 5 4 38 5 3 3 12 9 4 5 22 30 4 0 8 15 12 1 16
10 2 11 2 1 0 0 10 21 0 3 0 6 0 5 3 2 0 8 1 13 20 32 6 1 2 3 4 30 10 3 1 3 9 0 11 17 1 4 5 10 36 10 13 17 13 5 17 1 3
0 16 3 6 3 10 4 8 5 3 2 7 5 6 6 9 20 0 1 1 0 16 4 1 8 7 1 5 9 37 0 10 9 1 10 9 3 16 2 13 0 1 3 0 8 14 10 8 1 5
0 6 5 1 11 10 3 1 7 12 15 6 3 12 1 3 17 19 5 4 7 30 9 6 26 0 19 3 0 11 2 10 8 18 6 25 16 0 1 11 2 6 0 2 3 9 19 7 8 7
10 3 0 2 1 3 12 4 0 2 6 4 2 13 0 4 3 6 5 3 0 11 13 9 0 1 0 0 5 3 3 9 20 17 0 0 8 2 3 1 3 0 0 5 0 17 1 4 6 5
0 0 0 0 0 1 0 1 0 0 1 0 5 0 0 0 0 0 0 1 0 0 0 0 0 0 0 0 2 0 1 0 0 0 0 0 0 1 0 0 2 0 0 0 2 0 0 0 0 0
0 0 11 0 0 0 0 0 0 2 7 0 3 0 0 1 0 0 0 3 0 0 0 0 0 0 0 0 0 1 0 0 1 0 1 0 2 0 1 0 1 0 0 0 0 0 0 0 1 0
0 0 0 0 1 4 1 1 0 0 1 2 1 3 3 1 0 0 2 7 1 1 1 18 2 1 2 1 4 0 1 6 0 0 2 2 0 0 4 1 0 3 13 0 2 2 5 4 2 2
5 11 8 2 13 2 5 0 12 11 10 13 3 16 9 13 5 2 3 1 7 1 5 8 12 12 19 3 4 8 7 6 4 5 1 17 0 23 6 0 39 17 19 9 5 3 10 1 1 1
0 0 4 1 0 0 0 1 0 0 0 1 1 0 2 0 2 0 0 2 1 0 0 0 1 0 0 0 0 1 1 0 0 0 0 1 0 0 1 0 0 1 4 1 0 0 0 0 0 0
23 8 8 1 6 3 16 2 8 11 15 0 2 7 13 2 3 8 16 6 0 2 0 26 0 7 4 3 11 11 9 0 5 4 8 0 2 10 0 7 1 0 0 2 5 24 0 5 7 5
2 4 6 5 3 1 0 0 1 2 16 6 4 6 3 4 8 5 0 0 4 1 0 1 0 1 6 0 2 4 10 0 3 2 4 2 7 3 3 4 16 9 2 6 0 4 7 13 9 4
1 1 0 0 1 0 1 1 1 2 0 0 0 1 0 0 0 0 0 0 0 0 0 0 0 0 1 0 0 0 0 0 0 2 0 1 0 1 0 0 0 2 3 0 1 1 0 0 1 0
0 0 10 0 0 0 0 0 0 0 0 0 4 3 1 0 0 0 1 0 0 2 0 0 1 1 0 0 0 0 1 2 0 3 0 0 0 0 0 0 0 0 0 2 1 0 0 0 2 0
1 0 2 0 2 2 0 2 7 4 6 10 18 0 0 1 8 1 1 8 1 9 4 5 0 0 1 3 10 1 0 2 4 1 5 0 4 6 1 16 0 3 5 0 2 3 10 1 3 1
2 1 1 3 2 2 6 18 8 21 7 17 5 10 23 22 6 2 5 0 2 12 12 1 13 7 7 10 8 3 6 20 3 11 2 6 10 10 4 3 12 30 1 7 6 49 4 49 8 15
0 1 1 1 2 0 0 0 0 4 4 1 0 0 0 0 0 0 3 0 0 0 1 0 1 1 0 0 0 0 0 0 1 1 0 0 0 0 0 0 0 0 0 0 1 0 0 0 17 0
1 1 1 0 0 0 1 3 1 0 0 1 0 0 0 0 0 0 0 0 0 0 0 0 1 0 0 0 0 0 0 1 0 0 1 0 0 0 0 1 0 0 0 1 0 0 0 0 0 3
1 1 2 0 6 6 2 1 14 1 0 15 10 5 0 3 0 14 3 1 19 8 2 0 2 4 10 2 2 13 1 0 0 0 12 3 10 3 0 12 1 2 3 6 4 0 3 0 2 1
1 7 0 9 0 1 8 10 2 3 6 2 32 2 17 1 7 7 16 5 33 2 15 0 22 2 5 15 1 17 1 10 16 1 7 19 13 0 0 25 26 8 6 1 22 26 6 0 6 7
11 21 5 13 4 17 13 8 0 9 16 14 3 2 20 7 13 11 8 0 4 9 6 12 5 7 1 0 4 27 22 26 4 1 11 6 4 0 43 8 8 8 4 41 0 1 6 1 4 2
1 1 1 7 4 3 0 4 1 0 9 1 8 2 4 6 2 2 0 0 2 2 2 2 1 10 2 1 10 2 4 4 1 11 4 3 5 9 3 1 8 1 0 2 4 4 2 3 9 0
0 0 4 0 0 1 0 0 0 0 0 0 0 0 0 1 1 0 1 0 0 0 0 0 0 1 0 1 0 0 1 0 0 0 0 0 1 0 0 2 0 0 1 0 0 2 0 0 0 3
1 2 0 0 1 1 0 0 0 0 0 1 0 13 0 0 0 0 0 0 0 0 0 0 0 0 0 0 0 2 0 1 0 0 0 0 0 2 0 3 0 0 3 0 1 0 0 0 0 1
9 7 6 4 0 2 5 1 3 2 3 6 0 9 4 1 10 0 8 6 0 5 2 0 2 4 10 7 1 3 20 8 2 0 7 14 0 1 0 6 0 1 1 4 15 5 2 7 20 2
4 19 1 9 17 0 17 5 7 5 2 0 2 3 10 14 25 4 0 7 4 1 15 0 2 27 3 14 14 0 1 2 1 4 19 0 3 1 7 5 21 9 1 0 12 1 3 15 3 4
2 2 0 6 1 2 6 3 0 1 1 2 16 2 1 17 5 11 0 0 9 1 1 0 2 2 11 6 3 0 0 10 1 2 1 10 0 0 2 5 8 4 25 2 4 0 10 0 3 3
4 4 19 0 9 28 3 1 11 8 16 1 9 0 1 1 6 1 2 16 2 2 4 0 8 3 1 14 12 37 8 1 2 9 3 2 0 0 1 11 3 12 1 15 6 0 44 13 1 7
0 0 2 2 12 8 4 2 3 8 18 3 3 2 0 31 2 5 2 3 7 4 12 10 7 13 8 4 11 1 5 9 6 7 22 0 3 8 1 7 1 2 30 4 9 0 4 6 1 2
1 0 0 1 23 1 2 5 12 1 4 1 0 10 3 2 0 11 0 1 3 1 1 0 1 0 1 7 1 5 0 9 2 3 4 0 5 9 7 5 0 3 6 7 0 3 4 2 3 6
3 11 5 0 11 15 7 0 17 8 3 2 32 13 0 2 1 13 4 5 8 3 2 19 7 19 13 6 5 14 0 3 5 3 1 13 17 14 25 20 4 16 0 2 4 1 2 1 3 2
