0 0 9 12 2 5 8 7 5 37 5 2 2 8 14 4 1 0 0 0 7 9 2 2 4 2 13 2 0 10 0 3 0 12 3 1 19 19 2 3 6 2 1 6 4 1 0 0 8 1
0 0 1 0 0 0 1 0 0 0 0 0 0 0 0 0 0 0 0 0 6 3 0 1 0 3 0 0 0 0 0 0 0 1 0 2 0 12 0 1 0 0 2 2 0 0 0 0 0 0
0 7 7 2 1 1 8 1 7 0 0 1 9 0 1 4 6 1 23 3 27 2 1 2 3 13 7 6 2 2 1 8 0 12 5 0 12 18 5 7 6 5 3 2 10 11 15 13 3 11
16 17 8 15 2 4 3 41 3 4 0 16 2 9 6 6 1 4 0 1 0 0 19 0 3 2 4 8 28 6 4 7 1 9 0 21 1 5 9 10 10 4 4 20 17 12 2 8 0 3
1 9 6 17 8 1 1 25 16 16 2 0 0 0 1 2 2 4 0 16 0 2 1 3 6 0 1 2 1 0 9 0 17 0 5 4 0 1 6 4 2 11 3 5 12 0 5 7 1 1
40 15 0 12 3 2 2 1 4 2 13 33 19 1 1 0 2 0 29 1 9 1 4 3 0 4 47 17 1 1 13 1 0 1 1 6 7 11 7 7 17 17 1 0 3 0 6 0 0 5
1 0 3 0 0 0 0 0 1 0 0 2 1 1 0 2 0 0 0 0 0 0 0 0 0 1 0 1 0 2 1 1 2 0 0 1 0 0 2 0 0 1 1 0 0 2 0 0 0 0
16 7 0 5 5 2 1 7 7 1 2 5 8 0 3 7 2 0 20 0 1 8 2 5 0 0 7 1 0 0 0 2 4 2 3 2 0 0 0 3 5 13 1 0 3 1 3 1 1 1
1 12 3 5 2 2 3 3 0 0 2 1 1 0 2 5 5 4 1 5 2 1 6 6 6 8 6 4 2 24 0 4 6 2 1 5 1 2 0 7 0 0 2 2 5 1 3 20 10 2
1 0 1 1 0 0 0 0 0 1 0 0 0 0 2 0 0 0 0 3 1 0 0 0 2 0 0 0 1 0 1 1 0 0 3 3 8 0 1 0 1 0 0 0 0 3 0 0 0 0
0 3 0 0 9 0 0 0 0 1 1 3 0 0 1 7 1 20 7 2 1 3 8 0 0 2 1 2 0 0 5 0 0 0 7 3 10 2 0 1 2 0 0 0 1 14 4 4 7 1
5 5 0 2 4 8 0 10 0 1 1 3 0 0 1 0 0 6 5 0 1 8 1 0 0 3 0 0 0 0 2 0 0 3 3 1 5 9 1 0 4 0 3 1 1 14 18 0 1 1
1 1 0 6 0 0 1 8 1 6 3 4 0 2 1 21 0 0 0 0 4 2 0 1 2 0 0 0 1 3 4 0 1 1 23 0 0 1 0 0 9 0 3 0 0 0 5 4 2 1
3 1 7 2 1 3 4 0 2 1 2 3 17 1 5 4 4 9 1 0 0 1 2 4 5 1 3 0 3 0 7 3 0 0 7 5 0 1 1 2 13 4 7 5 8 0 19 1 2 1
9 0 3 1 0 0 2 0 9 0 2 0 6 2 1 0 3 0 0 10 0 0 0 14 1 2 3 0 2 6 0 5 3 0 0 2 1 0 11 4 0 9 0 0 2 0 0 0 0 0
5 5 4 0 1 1 4 8 0 0 4 6 13 6 5 1 4 2 1 1 4 1 1 4 7 1 1 3 1 2 4 1 1 4 0 2 1 0 6 4 4 6 5 6 6 3 0 13 1 0
19 2 2 10 4 27 2 16 2 11 3 12 0 2 9 36 4 24 6 6 17 4 3 2 2 7 1 1 15 1 4 1 6 34 0 4 7 0 1 2 31 1 1 15 3 19 2 13 9 2
0 0 0 0 0 2 1 0 0 0 0 0 1 0 0 0 0 1 1 2 0 0 1 0 1 1 0 0 1 0 0 0 0 0 0 0 1 0 1 0 1 1 0 5 0 1 1 0 0 1
9 2 0 10 4 0 11 1 3 36 7 27 0 7 2 8 23 1 9 8 3 1 2 8 1 11 1 1 2 0 5 1 2 5 20 14 4 20 2 0 3 0 6 14 0 15 3 14 14 4
0 0 1 1 2 10 0 4 0 0 1 11 0 2 1 0 0 1 0 1 1 0 17 0 0 2 1 0 0 0 11 0 0 0 3 5 0 0 1 0 4 0 4 0 0 0 1 1 0 4
7 0 5 8 2 6 0 9 4 5 9 6 3 17 8 4 3 15 0 10 13 17 0 5 7 7 7 1 0 2 27 5 4 3 3 18 1 0 10 0 1 1 13 3 5 12 8 21 1 20
6 1 11 13 10 1 4 5 3 0 0 4 4 0 0 2 7 2 0 2 3 3 0 13 2 4 11 8 4 1 4 1 6 16 2 7 0 3 4 4 4 0 2 2 8 0 3 2 1 1
8 8 1 18 14 4 24 5 1 11 7 3 23 1 0 5 6 15 3 11 5 3 0 4 0 5 7 2 0 20 22 2 12 2 7 7 5 14 17 50 17 0 7 28 0 9 1 20 5 2
3 3 1 5 1 0 0 12 5 19 0 1 6 14 3 3 4 10 27 2 3 3 11 2 1 1 11 12 1 9 1 0 3 1 4 3 29 1 1 6 0 0 12 7 0 16 50 16 5 0
10 1 1 1 0 0 13 1 1 0 3 0 4 0 3 0 5 0 0 4 0 0 0 8 2 0 3 0 1 2 0 18 7 4 0 0 0 0 6 5 0 0 1 1 1 1 0 0 0 0
8 24 5 1 0 0 19 0 1 11 5 0 3 7 1 6 14 4 16 2 0 0 0 14 0 0 9 3 15 2 2 4 2 4 1 0 2 0 3 2 0 3 0 0 0 2 6 12 0 0
21 12 15 0 2 12 5 1 8 27 29 1 25 11 5 44 0 7 24 15 4 7 9 4 0 2 27 3 4 8 6 6 0 4 4 25 23 3 9 4 3 14 1 1 10 0 1 4 0 36
3 0 3 0 1 0 4 0 1 1 7 2 0 0 26 2 2 1 1 0 0 0 1 5 8 0 0 2 4 2 0 0 0 11 0 0 0 0 4 2 0 2 0 0 2 0 0 0 1 0
6 3 6 0 1 0 5 0 1 7 12 0 0 0 4 3 1 1 4 7 0 0 0 4 1 3 0 0 5 1 0 10 7 1 0 0 2 0 2 2 1 0 0 6 9 0 2 3 0 1
0 0 0 0 0 0 0 2 1 0 0 0 0 0 0 0 0 0 1 0 1 0 0 0 0 0 2 0 6 0 0 0 0 0 0 0 0 0 1 0 0 0 0 1 0 0 0 0 3 0
2 3 31 0 3 3 4 4 0 2 1 1 4 3 1 0 0 2 23 2 12 8 17 0 0 10 1 7 8 0 7 0 5 8 2 6 1 3 15 2 3 1 1 7 4 2 3 3 5 1
0 0 0 0 0 2 0 2 0 1 1 0 0 0 0 0 0 1 0 0 0 1 1 1 0 0 3 0 1 0 0 0 0 1 1 1 0 0 0 0 4 0 0 0 0 16 0 0 2 4
0 3 1 4 3 2 6 0 4 2 7 7 0 10 13 12 0 5 4 2 4 4 5 1 8 0 1 3 0 6 1 0 2 1 0 7 0 3 1 1 1 2 0 0 7 1 4 11 1 7
1 2 0 8 7 4 11 5 4 2 3 3 11 3 3 1 3 7 2 14 0 1 0 0 6 2 13 5 1 15 12 2 6 0 4 1 4 1 7 1 0 4 24 0 3 0 5 0 29 0
1 0 2 8 0 0 0 1 2 14 1 0 0 0 1 2 5 10 0 0 16 4 0 0 3 4 1 4 7 0 0 3 0 0 8 1 13 1 0 1 2 1 1 0 1 6 0 3 7 10
0 0 1 0 0 0 1 0 1 4 2 1 3 2 0 1 0 0 0 1 0 1 0 0 0 1 1 0 0 2 0 0 0 0 0 0 0 0 2 0 0 0 0 0 0 1 0 0 3 2
0 0 1 0 0 2 0 0 1 0 0 2 0 0 0 0 0 0 0 0 1 1 1 0 1 0 0 0 1 0 0 0 13 0 0 0 1 0 14 0 0 0 0 0 0 0 0 1 0 0
0 2 0 14 18 5 1 0 5 0 5 2 4 22 1 3 3 1 25 8 8 19 2 0 0 3 3 0 6 5 6 2 19 0 41 4 3 4 7 2 4 0 14 0 3 26 11 20 4 2
0 0 0 0 0 0 0 0 2 3 0 2 0 1 0 1 0 1 1 0 0 0 1 1 0 0 0 1 0 1 0 0 1 1 0 0 3 1 0 0 0 3 0 0 0 9 0 0 0 1
6 0 2 3 1 1 1 3 1 0 5 8 4 1 7 4 0 0 4 1 1 1 3 0 2 5 1 3 1 0 3 0 1 2 22 5 0 4 4 0 4 6 2 3 0 1 0 1 2 10
6 2 15 11 0 3 6 7 1 0 1 25 4 26 7 2 15 11 2 2 12 7 34 4 11 2 2 0 7 14 0 1 11 1 6 18 10 5 4 0 2 0 1 8 3 4 3 7 15 3
0 1 1 1 1 0 0 1 0 0 0 4 0 0 1 0 0 0 1 0 0 0 1 1 2 1 1 0 2 1 0 0 0 0 0 1 0 1 0 0 0 0 0 1 0 2 0 0 2 0
0 6 6 5 6 4 0 7 1 1 18 8 7 2 2 4 3 2 1 1 2 0 7 12 4 5 7 5 2 0 0 11 0 3 0 4 13 3 2 5 1 8 5 0 3 17 2 2 26 4
0 0 3 9 0 0 20 5 12 23 2 3 5 2 1 3 3 9 2 1 1 0 0 1 4 0 2 0 0 0 6 2 7 1 10 0 10 5 9 7 0 4 5 14 4 6 9 13 3 0
0 0 2 0 1 3 0 0 2 0 1 1 0 0 0 0 0 0 0 2 17 0 2 0 0 5 2 0 0 2 0 0 1 1 0 1 0 3 2 0 0 0 0 0 0 1 0 0 0 0
0 2 0 0 0 4 1 0 0 0 1 0 0 0 0 0 0 2 0 0 0 0 0 0 0 1 1 0 2 0 0 0 1 0 0 0 3 4 0 2 0 0 0 0 3 0 0 0 0 0
0 1 1 0 0 0 0 0 0 0 1 0 0 0 0 0 0 0 0 0 0 0 0 0 0 0 0 1 0 0 1 0 0 0 0 1 6 0 0 0 1 1 0 1 0 20 0 0 1 1
5 0 8 6 5 6 6 33 6 0 1 1 3 13 2 6 4 1 2 0 18 2 25 3 1 11 4 11 1 1 14 1 1 17 30 1 26 5 8 6 9 3 5 5 1 4 12 7 1 8
0 0 0 0 0 0 1 0 0 0 5 0 0 0 0 0 0 0 0 1 0 0 1 0 1 0 0 2 0 0 1 2 1 2 0 0 0 2 0 0 1 0 0 0 3 0 0 1 0 0
3 10 3 3 4 0 1 7 8 0 2 6 0 5 3 1 0 0 8 7 1 3 12 1 1 0 1 1 3 1 0 4 1 3 4 3 0 0 6 3 1 0 2 9 3 1 5 9 1 18
0 0 1 0 3 0 0 1 1 0 6 2 0 0 0 0 0 0 0 0 0 1 0 1 1 0 0 0 0 1 0 0 0 0 1 0 0 2 0 1 0 2 1 1 1 1 0 0 0 0
1 0 0 0 0 2 0 0 0 0 0 0 0 1 0 1 2 0 0 0 0 0 1 0 0 1 0 0 0 0 0 0 0 1 0 3 2 0 0 0 1 0 1 0 0 0 0 1 0 1
0 2 0 10 0 3 1 4 1 0 4 1 1 1 1 0 1 0 1 0 1 3 5 1 0 12 2 0 1 0 4 0 0 0 0 4 0 0 0 0 0 2 1 1 0 0 2 0 3 6
1 0 0 0 0 0 0 0 0 3 0 0 0 0 1 1 0 0 0 0 0 1 2 0 3 0 0 0 1 0 0 0 0 1 0 1 12 0 0 0 0 1 0 0 0 0 0 0 2 0
5 0 3 9 0 4 6 2 2 0 8 9 3 7 3 8 0 3 1 0 6 5 0 16 7 3 0 0 12 9 3 2 2 1 1 0 8 3 3 4 3 9 2 4 6 0 2 13 3 2
1 0 1 0 0 2 0 1 0 1 0 0 0 0 0 0 1 0 0 1 0 1 1 0 2 0 2 1 0 0 0 0 6 0 1 0 0 0 3 0 3 0 1 1 1 0 2 1 3 0
0 0 1 0 0 7 0 0 0 0 0 0 0 2 0 0 2 0 0 1 8 0 0 1 0 6 0 0 0 1 0 0 0 0 0 1 0 5 0 0 0 0 0 0 0 3 0 1 1 1
13 2 6 4 3 0 15 5 0 7 3 9 0 9 17 33 12 1 2 6 1 0 9 4 1 0 93 16 23 11 4 0 6 12 0 1 25 6 11 0 7 6 2 3 3 3 4 1 4 1
9 3 10 5 0 15 2 1 1 0 1 11 15 4 1 0 6 1 13 1 9 9 1 4 12 17 0 9 8 44 6 3 0 4 18 16 2 6 4 7 23 29 10 3 5 2 4 7 0 38
3 0 5 28 0 4 1 16 0 1 5 1 11 5 3 2 18 0 1 0 16 4 1 6 1 5 4 6 6 9 2 0 2 2 19 6 5 8 0 0 0 3 7 2 3 0 8 9 1 0
0 1 1 1 0 2 2 0 2 0 0 0 0 0 1 0 0 0 1 2 4 1 0 3 0 3 1 0 0 0 1 0 0 0 0 0 0 3 1 0 0 0 0 0 2 0 2 1 3 1
3 5 0 0 4 4 6 1 14 3 1 6 11 4 3 6 0 0 3 2 2 3 2 7 0 2 5 20 0 5 2 3 6 1 2 1 0 2 0 4 4 0 6 0 5 3 2 0 26 13
8 2 6 8 0 8 0 6 10 8 4 1 4 3 9 0 2 0 2 5 3 8 0 1 0 1 2 2 0 1 6 4 1 10 0 3 2 3 1 11 2 4 3 8 8 5 2 0 3 6
0 2 0 10 0 0 0 0 2 1 3 1 3 8 1 5 5 3 8 0 1 6 0 3 1 0 7 5 4 2 1 3 3 5 7 3 1 2 2 2 6 1 4 4 0 0 7 1 3 1
2 6 9 0 0 0 1 0 8 3 14 0 1 3 3 4 6 2 4 4 0 1 1 2 1 1 1 3 8 1 0 6 2 3 0 0 3 0 1 1 0 6 0 8 0 0 1 0 0 0
1 0 0 0 1 0 0 1 14 0 3 0 4 0 5 0 3 0 1 7 1 0 0 7 2 0 0 0 1 3 0 1 2 0 0 0 1 0 0 7 0 0 2 9 7 0 0 0 1 0
0 0 0 3 1 0 0 1 0 0 1 0 2 0 2 0 0 1 0 1 0 0 0 0 0 0 0 0 10 0 0 0 0 0 0 0 0 0 0 0 1 0 0 18 0 0 0 0 3 0
0 0 0 2 0 4 4 0 0 0 0 5 0 0 0 0 2 0 1 0 2 2 6 0 1 0 0 0 0 0 5 1 2 0 5 3 0 1 0 0 0 0 23 0 0 0 0 0 23 1
4 0 0 0 0 0 12 0 2 3 0 0 7 0 12 0 4 0 0 9 0 2 0 2 1 1 3 7 9 1 0 10 18 0 2 0 0 0 0 0 0 1 0 6 7 0 0 0 1 0
6 11 33 2 7 5 3 0 3 2 23 17 11 0 11 3 24 1 9 5 2 6 2 0 8 2 12 4 4 3 12 9 2 12 5 9 2 4 0 5 1 11 19 15 7 4 20 5 22 7
3 0 2 0 7 13 2 8 9 18 9 0 6 16 13 0 8 8 5 3 2 16 10 3 7 2 13 2 0 2 1 3 0 0 3 2 0 7 0 5 0 4 4 5 3 6 7 12 2 15
0 1 1 0 0 4 0 0 0 0 1 1 0 2 1 0 2 1 0 0 4 0 0 0 0 3 0 2 0 0 0 0 0 1 0 0 2 0 0 0 0 0 0 0 0 1 1 0 0 1
0 0 1 1 0 1 5 0 0 1 1 0 1 0 4 2 1 0 0 0 0 1 0 0 0 0 0 0 0 1 0 0 0 1 2 0 0 0 0 0 0 0 6 0 0 0 0 0 12 0
0 2 4 5 4 15 16 3 4 3 4 10 0 3 3 9 17 1 7 0 4 0 6 16 2 5 0 0 0 14 9 3 0 8 9 2 1 3 0 1 1 6 2 4 1 6 6 1 5 4
0 0 0 1 1 0 0 0 0 0 0 0 0 1 0 0 1 1 3 0 0 18 0 0 0 1 0 0 2 0 0 0 1 0 0 0 1 1 0 0 0 0 0 1 1 0 0 0 0 1
0 1 0 1 0 0 0 0 1 0 0 0 0 0 1 0 0 1 0 0 0 0 0 3 0 0 0 0 0 1 0 1 2 0 0 3 2 1 9 0 0 0 0 1 0 0 1 1 0 0
3 5 1 0 7 6 1 1 1 0 6 6 1 29 0 26 2 2 4 3 2 3 5 1 9 1 12 1 5 4 8 1 5 10 3 2 0 1 16 2 1 5 0 2 0 9 10 1 1 0
5 0 3 1 0 0 3 1 0 0 0 0 9 0 0 0 4 0 0 3 0 0 0 3 1 0 1 1 6 12 0 1 0 4 0 0 1 0 6 9 0 8 0 3 0 0 0 1 0 1
0 0 0 0 0 1 0 0 0 0 0 0 0 0 0 1 0 0 0 1 0 1 0 0 1 2 3 0 0 0 1 0 0 0 1 0 7 0 2 0 0 0 0 0 0 0 1 0 0 0
1 0 4 1 1 1 2 2 7 0 0 2 0 3 1 0 7 0 5 2 3 2 8 1 1 4 7 2 1 5 0 1 8 14 3 9 7 2 1 1 7 4 8 4 3 1 0 3 48 12
3 5 0 2 9 8 8 2 7 4 10 21 9 4 16 1 1 28 5 1 30 1 8 9 4 3 4 16 4 3 8 24 7 0 2 0 13 1 2 3 0 0 4 2 0 1 5 27 0 1
9 2 0 20 1 10 7 13 11 7 0 5 4 1 0 4 5 21 6 0 5 8 3 4 0 7 17 0 3 0 16 1 5 3 14 1 7 10 3 0 15 3 26 12 6 2 15 1 13 5
1 11 14 5 8 8 33 10 3 9 9 10 15 0 3 4 12 3 6 4 23 5 7 1 20 20 11 3 8 7 6 15 9 1 16 0 6 4 1 5 10 17 0 1 2 6 1 2 1 2
5 4 0 0 6 11 3 2 1 4 7 3 4 1 4 4 0 8 5 1 5 0 0 5 0 4 1 0 10 19 1 25 0 1 5 1 6 2 3 0 0 1 7 3 1 2 7 3 9 19
1 0 10 2 4 8 7 0 0 20 0 27 0 3 1 13 5 2 0 9 0 0 10 4 0 0 8 4 5 0 12 0 5 10 1 17 3 5 0 1 3 13 2 9 2 5 0 5 1 5
1 0 0 0 0 12 0 0 0 0 0 1 0 0 0 0 0 2 0 3 1 0 1 1 0 17 0 1 0 0 0 0 1 3 2 0 0 8 0 0 0 0 2 1 0 0 0 0 0 0
0 1 1 8 1 0 1 12 2 11 2 3 1 0 7 5 19 0 0 1 0 18 3 0 11 2 3 6 20 2 13 2 2 2 1 1 2 5 3 5 0 5 0 0 3 23 4 5 10 0
3 0 6 11 5 11 2 5 0 11 1 14 1 1 0 6 3 13 7 2 1 0 4 1 1 3 1 5 2 2 9 5 4 5 6 18 2 10 4 2 13 7 0 1 0 14 0 2 14 1
0 1 1 0 0 2 0 0 0 0 0 1 0 0 0 0 0 0 1 0 2 0 0 0 0 9 2 1 0 0 0 6 0 0 1 0 1 1 0 0 0 0 1 1 0 0 1 1 0 0
1 1 8 0 2 6 0 2 1 0 0 2 4 7 4 3 5 8 5 11 16 0 44 5 2 4 5 8 2 15 10 2 14 16 18 1 10 6 0 12 7 7 1 5 7 10 6 0 0 30
6 3 2 3 1 4 5 0 2 4 1 0 0 4 1 1 4 4 0 4 5 14 2 11 1 0 0 6 2 3 21 2 3 1 0 3 7 16 0 3 1 5 1 0 3 3 2 2 1 2
0 3 0 6 4 7 0 5 0 1 0 3 0 0 1 1 0 0 0 0 17 11 7 4 0 1 0 0 0 0 0 0 1 0 4 9 2 2 0 1 0 0 2 0 0 0 1 1 3 2
0 0 0 0 0 18 0 3 0 0 0 3 0 2 2 0 1 2 0 1 0 2 0 0 0 2 0 0 0 0 2 1 0 0 10 5 0 3 0 0 1 0 2 1 1 0 0 0 4 3
6 2 15 3 12 0 2 1 2 1 2 0 1 10 2 3 3 21 4 3 6 14 3 1 33 34 4 10 24 5 3 20 7 6 1 1 7 2 10 8 7 13 7 3 0 4 26 2 6 2
1 0 1 0 0 0 0 1 0 1 0 2 0 0 0 1 0 0 0 0 0 2 0 2 0 2 1 1 7 0 0 0 1 0 0 0 0 0 0 0 0 0 0 3 0 0 0 0 0 0
2 5 4 1 3 3 3 18 13 12 1 10 23 4 5 10 5 26 13 6 10 17 9 4 3 16 15 7 6 2 0 1 40 21 1 0 11 22 4 3 26 2 12 9 1 1 15 21 1 6
0 0 0 0 0 0 1 0 0 0 1 0 0 0 0 0 0 0 1 1 0 0 0 1 1 0 0 0 1 0 0 0 0 0 0 0 0 0 0 0 2 0 0 0 0 5 0 0 0 2
8 31 3 8 4 3 2 6 19 1 20 0 4 6 0 5 3 3 7 4 1 14 0 0 6 1 2 2 2 3 1 7 0 0 9 3 24 0 10 1 7 1 2 22 3 3 13 2 5 3
9 7 2 0 1 10 6 5 1 2 5 1 1 20 1 4 1 1 2 1 2 5 4 1 9 0 3 1 9 0 0 1 12 2 14 1 4 2 4 1 8 2 0 0 13 1 7 8 5 1
0 0 0 1 0 6 0 1 1 0 0 1 0 0 0 0 1 1 1 0 0 0 0 0 1 2 0 2 0 1 0 0 0 0 1 0 0 4 0 3 0 0 0 0 0 1 2 0 3 0
