0 2 5 0 1 1 0 1 0 0 1 0 2 0 2 0 5 1 0 1 0 0 0 1 0 2 0 1 0 0 1 0 0 0 1 0 6 0 1 0 0 0 0 0 1 1 8 0 1 2
6 1 18 7 0 7 3 7 9 2 7 22 4 0 6 0 42 9 6 29 16 25 6 11 5 21 20 8 1 4 2 12 23 4 1 13 14 1 12 2 4 5 11 3 13 20 26 7 1 7
0 3 3 2 3 6 7 0 4 0 0 6 7 16 0 0 4 15 1 0 5 0 2 3 4 1 4 4 0 7 2 0 24 14 7 9 2 0 5 10 1 4 2 2 0 4 7 2 1 2
1 0 11 0 0 1 2 1 2 0 4 0 3 8 0 4 1 0 0 3 3 1 0 13 1 1 3 2 3 3 5 1 3 0 1 11 1 7 0 4 1 1 2 0 0 3 0 2 8 0
4 1 0 4 10 0 2 0 9 5 0 2 2 7 1 3 0 1 2 0 4 2 0 1 2 8 0 2 2 0 2 3 5 10 4 1 10 1 10 5 5 2 1 1 2 3 2 4 5 13
1 4 4 1 11 1 5 5 6 8 9 6 9 8 8 5 9 1 5 6 12 5 15 12 3 0 0 3 0 0 13 5 0 9 6 0 1 0 2 8 2 6 0 1 6 0 0 4 4 6
21 18 18 3 2 1 6 0 7 11 1 4 1 8 3 5 11 23 5 8 11 1 6 1 2 1 11 6 25 1 1 27 5 18 8 3 3 3 8 7 0 1 4 5 6 12 5 2 6 40
9 24 6 7 20 17 2 3 1 6 23 3 6 0 0 1 1 7 9 3 1 1 13 15 13 7 21 6 0 2 6 6 4 3 2 3 7 16 6 3 3 4 4 24 14 3 13 6 1 1
5 0 7 1 1 8 1 3 3 15 2 24 7 0 5 7 4 6 2 3 0 1 5 4 2 0 5 2 9 0 4 5 5 2 6 5 0 0 10 1 0 6 0 4 4 0 1 1 3 1
8 7 9 4 1 9 10 15 17 1 1 0 6 4 8 0 12 7 2 30 6 2 5 6 5 8 3 0 7 22 5 0 13 3 3 0 0 1 4 20 1 3 3 7 5 2 18 0 0 12
1 2 12 3 4 2 32 7 0 36 10 13 1 2 16 8 16 11 3 2 1 52 4 13 10 9 5 3 15 15 8 36 0 5 3 9 0 24 5 2 3 7 0 3 16 3 8 29 9 8
2 13 1 1 1 2 0 2 2 8 6 3 2 0 2 5 8 0 0 0 0 5 15 4 0 12 0 0 5 14 6 6 3 0 1 5 8 5 6 0 4 5 10 0 3 4 0 13 9 1
0 0 0 0 0 0 1 0 1 0 0 1 1 0 0 0 1 0 0 1 0 0 1 2 0 0 1 0 0 0 0 0 1 1 0 7 0 0 2 1 0 1 0 0 1 2 0 0 0 3
12 4 27 4 21 1 1 5 32 9 7 0 14 25 4 11 3 2 1 3 20 30 18 7 11 0 16 1 34 6 12 0 2 7 8 1 26 5 14 4 4 11 8 0 10 5 3 7 13 14
1 2 0 1 0 0 1 0 0 0 0 0 0 0 0 0 1 0 0 0 0 0 1 0 1 0 0 1 5 0 1 0 1 0 2 0 0 0 0 2 0 0 1 0 0 1 0 0 6 0
14 0 0 11 1 3 3 0 4 0 0 7 3 10 2 7 2 2 3 2 0 10 5 0 11 3 14 19 2 2 15 5 3 0 0 4 2 2 2 2 5 1 1 0 1 2 7 1 8 4
0 2 0 1 0 2 1 1 0 3 0 3 1 1 0 0 1 0 0 3 0 0 0 0 1 0 1 0 0 1 0 2 0 2 0 1 2 1 0 2 1 2 1 1 1 0 1 1 7 1
9 8 2 7 28 2 25 5 11 0 7 7 6 6 7 0 15 1 10 0 2 4 7 6 7 17 10 9 3 5 7 11 2 12 1 11 18 10 22 5 2 1 3 1 26 3 8 1 16 7
4 23 11 4 0 2 13 2 0 11 2 5 1 14 0 0 8 5 5 10 2 4 4 10 1 2 5 10 13 0 6 34 0 3 8 16 27 7 7 20 7 9 4 4 17 5 8 7 20 0
1 3 4 5 1 4 11 1 1 2 4 1 2 1 0 0 5 0 0 0 0 13 1 10 2 0 7 2 13 0 4 1 0 4 9 7 6 0 0 4 0 0 9 10 1 0 0 6 5 2
0 0 0 0 0 2 0 0 0 0 0 12 0 0 0 0 1 0 0 1 0 0 0 0 1 0 0 0 0 4 0 0 0 0 1 1 1 0 0 0 0 0 1 0 0 0 0 2 0 0
0 0 0 0 1 0 0 0 0 1 0 0 0 0 0 0 0 1 0 0 0 0 1 0 3 0 2 0 0 1 0 0 1 0 0 6 0 1 0 0 0 0 0 2 0 0 0 0 0 0
0 1 1 0 1 9 2 0 3 0 4 5 2 3 0 1 8 4 1 7 7 1 1 1 10 0 2 4 1 1 0 3 3 3 3 2 4 0 7 1 1 6 11 1 2 1 1 0 0 7
3 1 1 0 3 12 14 0 7 4 1 1 0 0 2 1 0 3 0 4 3 0 4 0 7 1 11 2 1 5 5 13 5 9 3 0 3 3 22 6 9 0 4 7 2 3 1 5 10 1
7 3 6 16 0 11 24 1 8 30 6 0 2 4 13 18 3 17 12 5 4 6 10 9 1 0 21 0 26 2 10 2 9 1 3 5 4 11 3 33 0 0 0 6 2 0 2 2 22 1
6 24 0 1 0 7 27 6 8 1 2 3 4 4 10 9 0 2 3 11 8 4 2 30 4 8 3 2 10 4 16 2 26 2 3 7 1 7 1 4 5 6 4 3 4 5 27 4 9 20
0 0 0 0 0 1 1 0 1 0 1 0 1 1 0 0 2 0 0 0 0 0 1 2 0 0 0 0 4 1 2 0 0 0 0 0 0 0 1 0 0 0 5 0 0 1 0 0 0 0
0 0 0 2 0 0 0 0 1 0 0 0 0 0 0 0 0 0 0 0 2 0 1 1 0 12 0 0 0 0 0 0 1 0 2 0 0 0 0 3 0 4 1 0 0 0 0 1 0 0
24 1 1 1 2 4 9 0 1 8 10 0 6 1 13 8 1 0 0 0 4 0 5 4 1 4 3 8 8 2 4 1 5 6 3 1 12 5 2 9 0 4 1 0 3 1 1 5 0 7
1 10 1 4 0 4 2 7 2 1 0 8 19 2 0 0 13 3 11 3 1 0 5 0 1 5 5 0 1 19 7 1 0 3 4 0 1 3 10 1 11 9 0 0 0 7 5 0 3 2
10 14 5 0 1 2 1 2 0 5 17 4 1 2 0 0 2 2 8 1 0 8 4 8 0 3 7 5 3 0 2 1 0 0 7 5 1 1 0 0 8 1 1 0 10 9 1 0 8 2
10 5 8 8 24 5 10 37 10 0 1 9 5 9 2 5 5 1 5 1 7 8 0 5 1 0 2 19 1 4 2 10 0 6 1 11 2 1 13 15 0 2 39 0 3 9 1 40 0 4
0 2 2 0 4 2 4 0 11 4 15 3 2 1 1 0 18 0 10 2 1 6 4 2 2 3 5 19 1 3 0 3 2 3 8 5 8 2 9 20 16 0 3 10 3 4 9 7 3 3
1 2 28 5 1 26 7 5 0 0 12 53 20 9 3 9 4 13 0 21 12 2 0 6 37 4 0 13 2 2 8 6 7 9 13 0 0 0 2 3 2 6 17 4 12 0 10 1 15 8
1 7 7 5 1 4 9 2 2 11 4 11 4 0 2 5 7 8 0 5 10 2 0 3 4 12 19 3 8 7 1 33 8 5 3 12 3 4 3 1 24 6 7 2 0 9 1 19 0 5
1 10 14 6 1 2 0 8 0 3 2 0 4 0 1 0 4 2 0 1 2 5 8 3 0 11 4 0 3 0 3 0 6 5 3 6 5 3 1 5 0 5 5 0 8 6 2 4 1 3
1 2 2 0 0 0 0 1 0 0 0 3 1 0 0 2 0 1 0 2 1 0 0 1 0 1 0 4 0 0 1 1 0 0 0 0 0 1 0 0 1 0 0 0 1 1 0 0 0 0
0 1 1 1 0 3 0 0 0 0 0 0 0 0 0 3 1 0 7 0 0 0 0 0 0 1 0 1 0 0 3 0 0 1 0 1 0 3 7 0 0 0 0 0 0 0 1 0 0 0
0 0 0 1 0 3 0 0 0 1 1 1 0 0 0 2 0 1 0 0 1 0 0 0 0 0 0 0 0 0 1 1 0 1 0 0 1 3 1 1 0 2 1 4 0 0 0 0 2 1
1 6 6 2 0 0 1 1 5 2 8 0 1 2 0 3 4 8 2 2 2 4 0 10 0 3 3 3 6 7 3 3 2 4 5 4 2 7 0 0 1 2 1 8 3 4 1 3 2 1
0 7 5 2 9 2 1 3 7 20 2 6 14 10 23 10 0 0 0 1 6 3 5 3 1 12 3 17 17 9 9 13 8 4 18 13 2 11 7 2 14 0 9 7 0 26 15 8 16 7
5 3 1 9 12 11 4 8 24 8 1 6 1 5 3 4 3 2 4 0 8 3 13 17 10 37 0 1 7 36 23 24 15 0 2 5 3 0 6 0 4 24 0 3 31 1 4 3 4 1
2 5 4 0 0 2 7 4 2 14 4 9 8 5 0 6 3 0 2 15 2 9 6 1 3 28 5 4 19 1 5 20 1 11 2 7 15 28 3 26 3 13 1 7 0 0 3 14 24 6
4 1 0 1 0 0 0 1 0 2 0 1 0 0 0 0 0 5 1 0 1 1 0 0 0 0 0 0 0 0 0 0 0 1 0 0 0 0 0 0 0 0 1 1 0 2 0 0 0 0
0 9 2 2 3 5 2 10 0 12 5 7 2 5 16 5 0 2 4 1 2 6 8 4 1 2 0 1 0 1 0 0 15 3 0 5 2 0 10 2 3 4 0 0 0 14 3 0 3 4
0 0 0 0 0 0 0 0 0 0 1 0 0 0 0 2 1 0 1 0 2 2 1 0 1 0 1 0 0 0 3 0 0 1 0 12 0 0 2 2 0 2 1 0 0 0 0 0 0 0
5 1 20 1 5 0 0 0 6 3 0 13 0 3 0 9 2 19 5 2 5 3 3 4 12 1 0 15 5 0 1 3 2 3 14 30 3 7 4 1 8 14 4 8 4 10 9 4 2 3
0 0 0 0 0 0 1 5 0 0 0 0 0 0 2 0 0 0 5 0 0 1 1 2 1 0 0 0 0 0 0 0 1 0 0 0 0 1 0 0 0 0 0 0 2 0 0 1 0 0
0 1 1 6 0 7 0 1 0 0 0 0 1 0 0 0 0 0 0 3 1 0 4 0 0 1 0 0 0 5 2 0 1 0 2 0 1 1 0 0 5 0 0 2 0 0 0 0 0 1
0 0 0 0 0 0 1 0 0 1 0 0 0 0 2 0 1 0 1 12 0 0 0 0 5 0 0 0 0 0 1 0 0 0 0 0 0 0 0 1 0 0 0 0 0 0 1 0 2 3
0 0 0 0 1 0 0 0 0 0 0 0 0 0 0 2 0 1 0 0 0 0 0 0 1 1 1 0 0 0 5 0 0 1 0 0 0 0 3 0 0 2 4 0 0 0 0 0 3 1
0 0 0 0 0 1 0 1 1 2 0 1 2 1 0 0 0 0 0 2 0 0 1 0 0 0 0 0 0 0 0 1 0 2 0 22 0 0 0 0 0 1 1 0 1 0 0 0 0 1
4 0 3 2 13 0 9 6 4 2 1 1 0 12 0 0 0 0 6 3 5 2 6 1 0 2 3 0 4 4 12 1 0 3 2 13 0 1 1 13 4 2 1 3 1 5 0 7 8 1
3 1 0 0 0 0 0 0 0 0 2 1 0 0 0 0 0 3 0 0 5 1 0 0 0 0 0 0 1 0 0 1 0 1 0 0 0 0 1 0 0 1 0 4 0 0 0 0 0 1
5 6 2 2 27 4 7 4 6 7 2 7 24 2 0 0 10 6 9 10 0 0 3 1 2 3 0 2 1 12 10 1 14 11 58 0 6 4 4 2 9 6 9 7 6 1 0 1 0 0
0 0 0 0 0 0 0 0 0 0 0 0 3 0 1 0 0 0 1 0 2 0 0 0 1 0 1 2 0 0 0 0 2 0 0 1 3 0 0 0 0 0 0 0 0 0 0 4 0 12
0 1 0 0 0 0 0 0 0 1 0 0 0 3 2 0 1 0 0 0 0 0 0 1 0 0 0 0 0 0 0 0 0 0 0 0 0 0 0 0 2 1 1 0 0 0 0 0 1 0
0 2 3 0 0 4 5 5 4 2 7 5 2 1 5 3 1 0 0 15 2 4 1 2 5 8 3 4 2 8 0 2 16 4 1 13 3 2 10 5 0 13 0 19 1 4 2 11 1 11
0 0 0 0 0 0 1 0 0 0 1 1 1 0 1 0 0 0 0 2 1 0 0 0 0 0 0 0 0 0 0 0 0 0 1 0 0 0 0 4 0 0 1 1 0 1 0 0 2 0
15 5 0 24 0 4 0 3 7 9 11 25 0 2 14 1 5 0 0 2 18 15 17 9 4 6 5 43 6 0 5 1 13 5 17 2 6 1 4 3 5 6 4 7 1 19 5 0 0 6
0 0 0 0 0 0 2 0 0 0 0 1 0 0 0 0 0 1 0 4 0 0 1 0 0 2 0 0 2 0 0 0 0 0 1 0 0 1 2 1 1 0 0 1 0 0 3 0 0 0
0 0 0 0 0 0 0 0 0 0 0 0 0 1 0 0 0 1 0 0 2 0 1 1 0 0 0 0 1 1 0 0 0 1 0 1 0 0 2 4 2 0 0 3 0 2 0 0 0 0
0 2 15 0 1 0 2 0 5 1 9 1 1 5 2 1 8 3 4 3 3 9 1 2 1 10 2 0 3 6 7 0 1 0 1 0 0 8 2 1 3 4 13 3 4 14 2 8 0 0
5 10 1 2 1 2 1 3 7 4 0 2 3 11 0 1 5 4 0 9 10 4 3 1 0 0 2 1 1 13 0 12 0 14 3 5 4 9 6 1 1 2 0 0 1 1 2 3 2 6
1 0 0 0 0 0 1 0 0 0 0 0 0 0 0 0 0 1 1 0 0 0 0 0 2 1 0 0 1 1 0 0 0 3 0 0 1 0 0 0 0 1 1 2 0 0 0 0 0 0
0 2 6 7 2 4 1 9 8 1 7 2 1 4 3 0 2 0 1 3 17 6 0 0 15 1 9 0 1 5 5 22 3 2 4 2 7 1 0 2 5 5 1 7 3 5 1 1 3 17
9 8 1 1 0 0 7 1 3 0 0 0 1 3 3 8 1 35 1 1 9 4 1 3 32 0 6 1 0 5 0 12 5 4 2 0 10 2 4 6 0 5 0 2 5 3 11 6 2 12
13 2 11 27 4 0 13 1 7 12 1 1 23 2 12 3 3 5 20 3 0 5 9 5 12 18 11 0 13 1 4 11 18 0 1 2 2 2 3 3 12 1 17 0 2 3 4 19 3 9
8 25 2 10 38 0 1 2 8 20 14 2 7 2 1 9 7 8 2 15 6 4 4 0 2 8 2 4 8 16 11 3 16 2 4 1 3 1 14 12 2 13 11 6 12 1 15 33 1 6
0 14 20 0 0 1 4 7 12 3 0 1 1 3 2 1 0 2 6 3 0 2 5 2 8 5 1 0 4 3 1 0 5 15 3 1 6 1 0 2 1 1 2 5 22 6 0 3 1 0
0 22 3 12 4 0 1 1 6 12 2 1 34 1 43 5 0 13 3 1 2 21 13 7 4 1 12 6 2 1 2 1 2 5 9 47 13 1 10 0 6 5 2 7 3 8 7 2 14 20
15 6 2 8 14 32 11 5 11 5 12 0 14 2 8 10 9 12 1 2 6 6 10 5 16 7 1 4 17 1 10 15 0 18 13 1 0 26 0 2 18 0 0 2 4 4 11 0 1 21
18 3 9 1 1 6 0 0 7 0 4 1 0 1 9 11 4 3 4 0 2 1 2 2 0 1 2 1 1 7 0 0 3 0 4 0 2 3 6 5 2 1 0 0 1 21 6 1 0 0
4 2 1 1 0 0 0 0 0 1 0 0 0 0 0 0 0 0 0 0 0 0 1 1 0 2 0 1 0 0 2 0 0 0 0 0 0 0 0 0 0 0 0 2 0 0 0 0 0 0
1 6 6 17 4 5 3 0 18 6 2 18 0 12 15 2 1 7 6 9 0 1 0 1 0 13 35 0 1 25 0 1 1 4 3 34 1 1 9 3 4 7 5 22 1 0 0 0 1 14
0 1 0 0 0 2 0 0 0 1 0 1 1 0 1 0 0 0 0 0 0 0 0 1 0 0 0 0 1 0 0 1 0 0 1 2 1 0 0 1 7 0 0 0 0 1 0 0 0 0
5 1 0 0 24 9 7 42 2 11 14 4 3 2 6 7 0 2 1 11 5 6 24 1 26 11 2 1 11 0 4 11 0 14 0 6 3 2 11 1 1 9 8 19 6 4 9 1 7 1
6 0 5 0 42 8 0 7 0 23 23 20 31 11 30 9 10 10 12 4 3 2 21 4 0 9 0 8 3 3 1 13 8 4 0 9 15 4 14 15 4 22 3 18 3 2 10 5 20 0
0 0 0 0 0 0 0 0 3 2 1 0 0 0 0 0 0 0 0 0 0 1 0 0 1 0 0 0 0 0 1 0 1 0 0 0 0 0 6 0 0 0 0 0 0 1 1 3 0 1
3 5 0 4 0 10 5 4 0 5 6 0 0 4 2 1 4 7 14 0 2 3 5 3 4 1 5 0 6 5 1 4 8 1 7 0 0 0 1 2 0 7 2 1 1 4 0 0 8 0
4 4 16 2 1 13 10 17 25 2 1 1 2 0 3 2 1 0 5 7 19 1 12 18 3 0 5 2 2 7 4 10 10 9 11 21 1 8 42 28 7 8 3 3 26 9 3 3 0 0
2 3 6 1 12 0 10 1 10 8 6 2 0 0 0 0 5 1 13 21 8 2 0 10 0 21 2 11 2 16 1 3 6 6 2 3 1 2 5 3 2 3 13 8 4 8 17 2 7 10
0 0 0 0 1 0 0 0 1 0 0 0 0 1 0 1 0 0 0 0 0 0 2 1 1 0 0 0 0 0 0 0 0 0 5 0 0 0 0 0 1 0 0 0 2 1 0 1 0 0
2 0 9 2 2 2 7 2 7 0 1 2 3 12 0 2 6 3 0 3 0 4 6 7 9 0 1 0 5 0 4 0 2 0 0 2 1 12 7 3 0 6 2 2 0 0 5 2 8 3
9 0 0 2 12 2 2 11 1 3 0 10 0 7 3 5 0 21 3 0 4 6 1 5 0 1 11 0 11 0 12 2 1 4 3 1 0 0 2 5 0 2 0 16 2 14 0 0 2 1
6 9 6 14 6 4 14 2 2 5 2 21 5 3 5 3 1 2 17 6 31 17 6 15 1 3 7 4 1 8 15 10 8 0 3 5 0 0 24 9 19 1 0 22 30 47 7 4 1 2
0 0 0 0 0 10 0 0 0 0 0 1 0 0 0 0 0 0 1 0 0 3 0 0 1 2 0 1 0 1 0 0 0 3 1 1 0 0 1 0 3 2 0 1 0 0 0 0 1 0
0 0 1 0 1 0 2 2 0 0 0 0 0 0 0 0 0 0 0 1 0 0 0 2 0 0 0 0 1 2 0 0 0 0 0 0 0 0 0 0 0 1 0 1 0 0 0 2 0 0
1 12 2 6 3 4 5 0 2 0 1 0 4 4 6 7 0 2 0 13 5 0 4 3 1 0 0 2 2 3 8 0 14 5 5 2 14 17 5 1 7 17 0 1 7 2 4 1 1 9
1 0 4 4 15 1 2 4 10 19 0 2 0 0 17 5 2 9 9 2 2 2 2 0 6 2 19 17 8 11 9 9 3 19 11 24 25 18 2 2 6 3 0 12 16 35 8 4 0 5
3 0 0 1 0 0 1 0 0 0 1 0 0 0 2 3 0 0 0 1 0 0 1 0 0 1 0 0 1 2 0 4 4 2 1 6 2 0 0 0 6 0 0 2 0 1 0 0 0 0
1 0 10 1 8 2 1 0 2 1 0 11 1 15 2 1 7 3 6 0 1 1 7 2 3 3 0 2 3 12 0 5 6 1 3 0 6 15 2 0 2 1 2 0 2 0 0 0 3 2
6 0 1 1 0 1 3 0 0 19 9 6 4 0 24 1 8 0 0 2 0 1 4 6 17 4 1 19 0 4 1 5 1 5 1 1 3 7 3 1 17 3 0 0 4 6 9 1 1 8
14 0 0 0 1 1 0 1 0 1 0 0 0 0 0 0 0 2 0 0 0 0 0 0 0 0 0 1 1 1 1 1 0 0 1 4 0 0 0 0 1 0 0 1 1 2 0 2 0 1
3 18 9 5 9 15 5 4 3 9 8 9 10 2 3 0 0 9 3 8 3 7 18 6 28 0 10 15 0 1 6 10 0 0 8 1 7 1 4 10 5 4 7 2 4 3 14 4 6 6
0 0 1 0 0 0 2 1 0 0 0 0 0 1 0 0 0 0 0 0 0 0 0 0 0 0 0 0 0 4 0 0 0 0 1 7 0 0 0 1 18 0 1 0 1 0 0 0 0 3
0 1 0 0 1 0 1 3 0 0 1 1 1 1 0 0 0 0 0 0 0 0 1 0 0 2 0 0 0 0 0 1 1 0 0 5 2 2 0 0 1 1 1 1 0 0 1 0 0 0
0 0 0 0 3 0 13 1 0 0 0 3 0 3 1 0 0 3 0 0 0 0 1 0 0 0 0 0 1 0 0 0 0 0 0 0 0 1 0 0 0 0 1 3 1 1 0 0 0 0
9 0 0 1 1 0 1 0 1 2 0 3 2 0 1 0 0 0 0 0 0 1 0 0 0 1 0 0 0 0 0 0 0 0 0 1 0 1 1 0 0 0 0 0 0 0 0 4 1 0
0 1 7 0 2 1 6 8 2 1 1 4 1 0 7 6 1 0 1 0 6 3 0 2 12 6 4 8 1 5 1 3 0 0 7 0 8 1 9 15 4 0 3 0 3 24 5 8 1 3
