4 3 5 3 4 24 4 8 1 4 3 5 0 2 1 0 0 22 3 6 3 1 9 5 0 5 6 10 0 11 3 6 1 15 15 8 6 8 18 2 17 0 3 9 2 0 2 0 21 22
0 4 7 22 28 7 3 18 13 5 19 1 5 6 1 20 0 0 6 7 19 1 20 5 0 2 17 0 0 1 9 15 8 0 1 1 6 3 6 2 2 8 22 22 6 12 1 0 4 4
0 0 0 2 0 0 0 0 0 1 0 1 0 0 0 0 0 0 0 0 0 0 1 0 0 1 0 2 1 2 0 1 9 0 0 0 0 4 0 0 0 4 0 0 0 1 1 0 0 0
1 7 13 4 6 22 8 2 18 10 0 2 0 5 17 0 7 9 19 7 6 5 10 12 11 0 2 3 5 6 10 0 2 7 6 5 13 6 6 8 1 4 14 18 1 4 2 6 4 4
1 1 6 10 5 14 10 1 2 1 2 0 12 3 2 5 5 8 3 15 1 1 11 6 12 17 12 4 5 7 0 4 37 2 10 10 4 24 42 3 5 4 7 3 27 1 3 2 7 5
14 2 1 0 0 0 7 0 0 0 0 1 0 0 16 0 3 0 6 0 1 4 0 0 0 0 1 0 0 0 0 0 0 0 1 1 3 0 0 0 0 0 0 12 1 13 9 0 1 0
1 4 2 2 2 13 0 20 5 4 5 3 3 14 0 7 3 7 2 4 4 0 33 1 5 1 12 6 4 10 0 19 36 2 1 21 24 7 4 3 2 31 7 1 10 0 9 3 6 5
3 23 5 15 3 1 2 1 2 1 5 1 6 6 9 1 7 3 2 1 13 2 2 2 8 15 12 16 1 30 20 1 3 1 8 12 15 20 3 3 2 5 3 3 1 4 1 10 2 4
0 1 13 6 4 3 0 0 7 1 0 18 3 2 3 15 5 4 1 3 7 4 7 3 31 10 11 7 1 21 4 58 1 18 2 2 5 0 9 1 0 8 1 3 6 0 0 15 10 23
1 1 3 2 6 6 1 0 2 1 0 6 1 2 0 4 0 0 5 2 2 0 16 11 1 1 1 0 6 0 0 10 2 6 0 4 0 2 0 0 1 3 13 0 6 1 3 4 0 19
6 37 0 0 0 0 0 0 1 3 18 0 0 4 2 4 0 0 3 12 6 9 0 2 0 1 0 0 1 0 6 0 0 0 2 22 2 0 5 0 6 22 0 5 3 8 9 4 0 1
1 7 0 0 0 0 9 0 1 0 3 0 3 0 1 13 11 1 17 1 15 1 0 9 16 0 0 0 1 0 10 0 0 0 0 0 2 0 0 0 6 0 0 0 0 5 1 3 2 2
12 0 0 3 1 0 13 0 2 16 17 2 0 0 7 1 10 0 9 5 12 30 8 12 2 2 7 7 11 0 12 7 5 8 7 1 12 0 3 4 13 4 0 5 12 22 6 7 0 1
1 0 0 0 0 0 6 0 0 0 1 0 1 1 0 0 0 0 0 0 0 0 4 0 1 0 0 0 0 0 0 0 0 0 0 0 0 0 1 1 0 1 0 0 2 1 0 0 0 1
0 2 3 0 0 0 1 0 0 0 0 15 0 0 0 0 0 0 1 0 1 0 1 1 0 0 0 2 0 4 0 0 0 2 1 0 0 0 0 0 0 0 1 0 0 0 0 2 0 0
2 4 1 3 0 1 3 5 1 1 0 2 1 15 2 0 2 1 1 0 21 3 1 11 3 7 0 2 10 7 1 2 2 0 4 1 5 1 0 6 3 0 0 5 2 3 0 15 6 1
8 2 0 0 6 1 7 3 2 2 0 2 8 9 0 7 0 4 2 5 5 0 0 0 0 0 3 3 6 4 2 6 3 1 0 0 4 4 1 8 8 4 12 6 0 11 5 3 11 0
0 4 0 8 5 12 3 3 12 3 2 2 6 0 2 4 3 3 4 4 4 2 2 4 1 9 1 1 1 3 1 1 1 7 1 2 4 1 0 2 0 6 6 2 3 2 2 21 1 5
4 1 5 2 2 3 5 1 1 1 20 10 1 4 6 8 30 0 6 4 3 12 7 1 6 5 0 3 3 5 2 0 0 4 2 8 8 6 1 0 0 9 1 7 1 6 11 3 1 3
0 1 4 3 2 3 0 8 3 3 1 1 11 3 7 13 0 0 1 2 0 3 5 3 0 1 0 0 4 13 2 0 13 9 4 2 0 0 1 1 4 14 2 6 7 1 1 1 0 4
0 1 2 3 7 4 0 1 2 0 4 2 1 8 7 2 2 2 1 7 12 8 3 1 0 2 7 1 0 3 2 2 10 1 5 0 4 3 7 10 0 2 0 2 3 2 3 1 12 1
0 6 5 3 12 11 0 2 0 1 0 0 6 0 6 0 2 2 1 3 0 9 11 7 6 7 9 20 2 7 5 18 1 3 4 0 3 3 0 2 4 3 6 1 15 1 5 0 10 1
2 4 2 0 0 7 3 2 6 1 1 0 0 0 11 1 16 18 0 6 0 14 6 0 1 7 1 1 11 3 11 1 3 3 12 0 2 1 7 5 7 1 3 2 2 14 30 2 0 0
0 0 0 0 0 3 1 0 0 12 1 0 0 1 1 1 0 1 0 1 0 0 1 2 0 0 0 0 0 0 0 0 3 0 0 0 0 1 0 0 0 0 0 0 0 0 0 0 0 0
1 1 2 7 5 0 3 2 8 3 1 5 2 20 0 12 5 1 3 13 4 1 9 6 11 0 12 2 11 17 3 3 16 3 10 12 0 4 4 5 11 3 18 0 9 3 1 7 10 1
4 2 0 1 0 0 0 0 1 0 0 0 0 0 15 7 16 0 3 0 2 1 0 1 2 0 0 0 0 1 2 0 0 3 6 0 5 0 0 0 0 0 1 1 0 4 8 2 1 0
0 0 0 0 0 3 3 0 0 0 0 1 0 1 0 0 0 0 0 0 0 1 0 0 1 1 0 0 0 0 0 0 1 1 1 0 0 1 0 0 0 0 0 0 2 0 1 0 0 0
4 0 2 1 17 15 0 6 21 2 14 4 18 6 8 3 5 15 1 5 2 0 0 8 17 1 0 3 0 5 9 11 5 6 7 1 6 0 10 9 2 4 12 6 8 20 0 2 1 3
1 0 1 2 8 0 0 0 0 1 0 1 7 3 0 2 0 2 7 10 8 12 0 0 1 2 0 6 2 0 3 0 1 3 7 2 0 6 1 1 0 17 0 15 6 3 9 4 1 15
1 0 0 0 0 0 0 0 0 0 0 0 1 0 0 0 0 0 0 0 0 0 0 0 1 0 0 6 0 2 0 6 1 0 0 0 0 3 1 0 2 0 0 0 1 1 0 0 0 0
5 1 0 0 2 0 5 0 2 1 3 0 2 0 5 0 6 1 0 11 0 3 0 1 1 3 0 0 0 0 9 0 2 0 2 0 0 3 0 0 9 3 0 4 0 6 3 3 1 0
13 3 0 6 0 2 0 9 15 2 7 0 5 2 3 1 0 0 4 0 1 1 5 6 3 3 13 6 0 12 4 4 1 0 3 9 5 6 8 3 16 6 8 13 0 2 7 0 0 0
0 1 0 3 4 1 1 0 0 0 0 0 2 0 1 0 1 1 1 0 0 7 0 0 1 0 1 0 1 0 2 0 0 0 1 0 0 0 0 0 1 2 0 1 0 0 0 1 0 0
1 4 0 7 0 0 2 1 3 0 3 4 3 5 4 14 3 8 7 6 2 4 0 4 12 10 5 4 1 2 1 0 0 0 1 0 5 16 1 4 6 3 1 0 2 4 6 4 1 1
1 31 0 7 5 1 7 12 8 1 13 4 7 4 4 5 7 1 30 0 16 17 1 5 1 5 5 1 2 1 5 7 17 0 3 20 9 3 12 1 0 12 34 1 2 1 2 11 5 4
10 0 5 8 2 5 2 2 25 13 9 1 8 3 7 3 0 1 6 0 4 0 4 25 6 4 13 2 0 0 3 4 3 4 1 0 0 0 16 2 6 1 0 8 0 21 9 0 5 0
12 0 1 0 0 0 0 6 2 9 8 1 5 7 6 3 1 0 2 2 2 3 6 2 4 5 0 3 6 4 0 1 2 2 1 0 3 0 13 0 14 0 0 6 0 5 3 1 2 1
1 0 0 0 11 0 0 10 9 8 0 0 0 1 3 0 0 0 0 0 1 0 0 0 0 14 1 0 0 0 0 1 1 0 0 6 0 1 13 0 2 0 0 0 0 0 0 0 1 1
10 6 10 10 24 1 13 34 2 0 12 3 14 0 1 2 5 1 3 3 0 0 6 1 1 11 2 1 9 8 4 10 5 2 10 1 0 1 51 1 7 12 7 29 4 2 8 0 3 13
4 1 6 2 1 1 0 3 1 0 1 9 3 7 0 7 3 4 3 3 5 10 14 0 0 14 0 8 1 1 4 10 0 2 4 3 11 2 7 2 6 13 1 5 7 3 0 4 4 1
5 1 0 0 0 0 0 0 1 0 7 1 1 0 0 0 2 0 4 0 0 0 0 0 1 0 1 0 0 1 6 1 0 0 6 5 0 0 0 2 0 2 0 0 0 1 6 0 9 2
0 0 0 1 0 0 0 0 0 1 1 6 0 0 1 0 1 1 0 0 0 0 0 1 0 0 0 2 1 0 0 0 0 0 1 0 0 0 1 0 0 0 2 0 6 0 0 0 0 6
0 0 0 4 3 0 0 0 0 1 0 0 0 0 0 0 0 0 0 0 0 0 0 2 0 3 0 2 3 0 0 0 1 1 0 1 2 1 0 1 0 0 1 0 0 0 1 0 0 0
0 0 0 0 3 0 0 1 0 0 1 0 0 0 6 0 4 0 0 0 1 4 0 0 0 2 1 1 0 0 5 1 0 0 9 0 1 1 1 5 0 0 0 1 0 4 4 0 16 0
0 0 0 0 4 0 0 1 0 0 0 16 0 0 0 0 0 3 0 1 0 0 0 0 2 0 0 0 1 0 3 2 0 0 0 0 0 0 0 0 0 0 1 0 1 0 0 0 0 7
1 1 2 7 12 3 0 13 8 9 7 6 3 13 4 14 5 2 5 6 22 14 26 7 0 1 6 1 0 4 0 8 8 3 4 0 10 17 3 8 2 0 3 3 11 7 8 3 23 6
0 6 2 1 3 3 1 1 0 2 2 0 0 2 14 0 1 1 7 6 3 12 3 5 4 3 0 0 2 2 5 3 0 3 16 2 3 2 8 2 7 8 2 7 1 3 2 3 4 2
0 4 3 7 11 0 2 2 0 5 22 1 8 1 5 13 3 2 6 4 0 1 2 0 3 4 16 5 33 2 0 6 7 0 4 1 8 12 5 9 3 19 4 2 4 13 17 8 14 0
1 0 2 0 2 7 22 7 1 18 2 1 0 21 1 3 0 1 5 4 1 0 6 4 4 9 0 2 0 1 8 0 1 2 1 11 2 0 6 6 7 2 2 3 5 6 5 7 2 2
1 7 2 13 3 2 17 0 0 2 0 11 0 0 5 3 1 8 1 2 5 9 1 9 1 2 8 8 3 17 1 0 3 1 0 4 1 4 1 7 0 3 4 0 2 5 6 7 3 2
5 0 13 0 1 4 1 1 0 11 1 0 1 3 1 6 4 3 3 2 0 4 1 1 0 0 1 0 0 2 0 8 6 8 10 0 1 10 4 1 33 5 2 3 0 7 2 2 11 0
0 0 0 0 9 0 0 0 7 0 0 0 0 0 1 0 1 1 0 0 1 0 0 0 0 1 0 0 0 0 0 0 17 1 1 3 1 0 1 0 0 4 1 0 2 1 0 1 0 0
1 2 0 1 3 2 1 4 2 7 5 0 0 9 0 5 1 1 0 1 4 3 6 15 0 0 0 2 6 6 5 3 5 1 13 0 1 8 2 16 0 0 3 2 4 4 3 1 6 1
0 0 2 1 0 1 1 0 2 1 0 1 5 6 0 0 0 8 1 0 0 0 10 0 0 0 1 0 0 1 1 9 0 2 0 0 0 1 4 0 3 0 1 0 9 0 0 2 1 4
0 0 2 0 0 0 12 0 0 2 0 2 1 0 0 0 0 1 0 0 0 0 0 1 7 0 0 1 0 0 0 0 1 2 3 0 0 1 4 1 0 0 2 0 0 0 0 0 4 0
0 0 10 2 2 1 2 0 65 2 2 6 3 7 14 5 6 4 23 2 2 8 2 25 0 4 6 16 6 9 7 4 10 11 11 5 8 7 7 17 2 6 11 1 2 9 7 0 2 7
5 5 8 6 2 7 7 5 3 9 0 0 5 1 13 4 4 8 2 2 1 2 6 2 6 5 7 31 12 25 20 2 10 2 3 18 5 2 13 4 1 15 1 12 0 1 11 0 10 5
2 0 5 1 0 1 0 2 0 0 1 2 3 1 1 0 0 1 0 0 1 0 18 0 1 0 6 7 6 6 0 1 0 1 1 0 3 5 0 2 0 1 0 1 3 1 0 0 1 2
1 0 4 5 4 2 10 2 21 3 0 10 5 23 1 1 1 2 2 3 4 5 0 9 5 2 0 2 0 2 9 3 0 0 6 2 6 0 4 11 6 31 8 4 1 6 1 4 26 11
0 0 0 0 0 0 3 0 0 0 0 4 0 0 0 4 0 0 0 3 0 0 0 1 0 0 0 0 0 0 0 0 0 1 0 0 0 0 0 0 0 0 1 0 4 0 1 0 0 0
1 6 0 0 2 0 10 0 0 0 5 0 0 0 1 0 4 0 0 1 4 1 0 2 5 0 0 0 0 0 14 3 0 0 14 0 4 1 2 0 0 0 1 2 0 2 3 0 0 1
0 0 1 0 4 2 3 0 2 1 0 2 3 1 0 12 1 7 0 6 8 0 1 1 3 2 6 1 4 11 0 8 12 9 1 5 1 2 1 0 0 0 13 0 5 0 0 0 1 4
9 1 6 3 0 12 16 0 1 11 6 12 7 20 1 19 2 5 1 3 0 0 0 2 3 2 1 9 3 3 3 16 5 34 1 2 1 12 5 6 8 4 2 9 8 20 1 6 0 0
0 13 7 27 6 6 13 0 2 1 0 5 0 3 2 3 3 2 3 2 6 2 6 4 11 27 7 1 4 2 7 2 0 1 2 4 1 29 8 0 3 3 1 2 2 0 5 2 4 5
3 0 1 0 3 0 1 1 0 0 2 0 0 6 6 1 0 0 5 24 5 15 0 9 3 23 0 0 0 0 6 3 2 0 3 0 6 1 1 0 16 4 0 7 0 6 9 4 0 0
2 2 2 1 0 8 8 0 5 0 1 1 2 8 3 32 2 2 0 4 2 2 5 6 0 1 6 6 0 9 2 2 0 1 2 0 4 11 2 2 2 0 3 0 2 1 1 4 1 1
3 6 0 1 0 3 0 17 2 0 1 0 0 0 2 1 2 2 10 0 0 1 1 5 1 4 7 0 4 0 4 0 4 4 4 1 0 0 4 0 0 3 3 5 5 3 1 16 1 1
3 1 1 0 0 1 1 0 0 1 5 0 1 0 0 0 14 0 0 0 0 0 0 3 1 0 0 0 0 0 0 0 0 0 2 0 1 1 0 0 0 0 1 4 1 3 0 2 3 0
5 3 1 4 0 3 2 1 1 2 2 5 19 4 16 1 8 6 2 32 4 0 3 0 5 2 8 13 15 9 15 5 8 1 9 0 11 1 5 1 2 11 19 6 7 0 17 1 0 4
5 10 13 5 1 3 1 3 1 2 1 13 0 15 0 0 0 17 0 0 1 3 3 3 3 9 1 0 4 6 1 0 2 0 0 1 0 3 2 4 5 0 1 0 5 1 1 0 0 9
2 11 3 2 2 14 0 2 4 2 12 30 22 2 1 7 6 0 23 17 15 0 15 1 9 4 1 3 8 21 3 18 1 0 2 2 4 11 13 6 10 2 12 0 19 3 2 7 3 3
0 2 11 2 4 3 0 0 0 3 0 5 7 3 0 5 0 23 3 0 16 5 4 5 25 1 12 6 8 23 3 2 37 5 0 31 4 6 13 6 6 13 11 1 1 3 5 3 7 11
3 0 2 2 8 0 2 1 3 0 3 1 14 3 2 5 11 5 9 14 2 1 1 3 6 7 7 0 5 4 2 3 2 4 1 8 4 5 11 2 0 2 6 11 2 4 4 0 6 3
1 7 5 7 2 0 1 4 28 0 5 0 8 3 2 9 5 36 20 0 1 20 1 2 4 0 5 1 13 17 3 4 3 8 10 3 15 0 1 5 1 3 7 1 12 7 2 2 8 0
1 2 0 0 1 0 0 0 0 1 0 0 3 0 0 0 6 0 0 0 0 0 1 1 0 0 0 1 0 0 0 1 0 0 0 4 0 1 0 0 1 0 1 7 1 0 0 0 0 1
0 7 0 8 1 13 25 6 14 1 8 0 10 1 0 4 5 6 2 2 5 0 5 3 6 25 6 3 0 19 1 4 7 5 0 4 8 37 34 33 12 3 6 0 12 5 1 0 2 5
2 0 12 6 0 1 25 2 9 6 7 17 2 1 7 4 26 1 7 5 5 2 0 5 17 2 18 2 25 0 7 11 1 5 0 13 1 3 32 9 28 1 3 2 0 23 0 21 1 2
1 4 2 4 13 0 7 25 1 9 20 2 1 1 2 0 2 0 0 3 17 0 1 2 8 13 1 3 0 1 0 3 4 0 1 10 8 3 6 3 0 0 2 0 3 1 6 2 7 1
2 3 2 4 0 2 0 0 3 10 0 18 14 3 2 5 9 2 0 1 0 1 0 2 17 0 4 17 3 3 13 2 3 0 7 6 3 6 11 11 0 11 1 0 5 3 0 17 0 4
0 0 9 8 11 0 0 8 3 1 2 1 24 4 3 1 6 10 4 0 3 2 8 10 0 1 0 7 15 1 3 7 7 5 4 11 3 7 16 5 3 1 2 0 21 1 2 4 6 7
0 1 7 2 2 1 1 6 7 3 2 1 0 0 0 17 0 1 0 0 0 0 13 14 2 1 0 2 1 7 0 13 4 2 0 2 2 2 0 7 0 2 8 1 1 0 0 3 0 0
0 1 0 0 0 1 0 0 0 0 1 0 0 2 0 1 1 1 3 0 0 0 0 0 0 1 0 1 0 4 0 0 1 0 0 5 0 0 0 0 1 1 0 0 0 0 0 0 0 0
6 1 1 2 1 13 0 14 1 2 10 2 6 1 0 9 8 12 5 0 1 2 0 17 1 10 9 21 3 10 2 0 5 1 4 14 0 2 11 7 1 4 6 11 3 9 4 3 0 24
0 0 0 0 1 0 1 0 0 0 0 5 0 0 0 0 1 0 0 0 3 0 0 0 0 7 0 0 1 0 3 0 0 0 0 1 0 0 0 1 0 0 1 2 0 0 0 0 0 1
2 0 0 0 0 0 0 0 0 1 0 1 1 0 0 0 0 1 0 0 1 0 2 0 0 0 0 0 5 0 0 0 0 0 2 0 0 1 1 0 0 0 2 1 1 0 0 0 1 8
0 2 5 10 0 5 15 2 3 1 8 5 1 15 21 5 2 7 17 1 20 1 21 10 1 0 7 0 28 1 7 15 0 0 8 5 10 16 8 7 7 4 27 13 2 12 3 6 0 17
1 3 0 6 1 0 7 0 3 12 3 0 14 0 5 8 1 1 0 4 2 2 7 2 0 27 3 1 24 5 7 5 6 1 8 2 1 2 12 7 6 25 0 8 1 2 2 9 2 2
0 0 4 2 0 4 0 2 2 0 2 5 1 0 2 9 8 7 0 1 0 0 0 0 0 1 0 4 6 0 0 8 0 0 14 0 8 16 3 3 0 0 1 4 2 5 5 16 0 1
14 6 3 2 20 1 26 4 5 2 1 2 41 15 1 25 3 21 2 5 9 2 0 3 10 5 3 8 3 22 7 4 2 3 1 15 16 6 10 8 10 7 2 2 3 6 5 5 26 17
3 0 0 0 1 1 0 0 0 0 1 0 0 0 0 0 0 0 2 3 0 1 1 0 0 0 0 1 0 0 0 0 0 0 0 0 0 1 1 1 0 3 0 13 0 4 0 0 6 0
0 0 0 0 2 0 1 0 0 11 0 1 1 0 0 0 1 0 1 0 0 0 0 0 3 6 0 1 0 0 1 1 2 0 1 11 0 1 0 0 0 13 1 0 1 0 0 0 0 0
5 14 8 3 0 14 3 0 1 0 1 4 2 4 2 12 7 7 5 0 7 3 1 1 0 1 5 0 3 7 8 0 1 0 2 0 17 3 0 1 5 0 10 6 0 4 9 10 1 0
8 12 5 0 14 4 2 1 11 0 29 3 1 0 18 17 10 18 2 3 1 5 5 12 1 1 7 1 0 8 0 7 1 1 0 1 19 1 9 1 7 4 3 9 9 14 8 2 4 1
1 1 1 0 0 0 1 0 1 1 0 0 0 0 0 0 0 0 0 0 0 0 0 0 0 1 0 2 2 0 0 0 2 0 0 0 0 0 0 0 0 0 1 0 0 0 0 0 1 0
10 1 2 1 11 1 1 1 5 0 11 18 1 7 4 4 11 6 5 0 7 7 3 3 18 0 1 4 19 2 6 0 1 7 1 1 2 2 0 2 15 2 9 3 8 6 3 6 2 3
0 0 1 13 2 1 0 1 0 7 0 0 0 7 1 7 0 9 0 1 2 1 7 3 0 1 6 12 4 1 0 5 1 13 0 2 0 1 12 0 2 7 0 1 5 0 0 4 0 5
0 1 0 0 0 0 3 3 0 0 0 0 1 0 0 0 0 2 0 1 1 0 3 0 1 0 0 3 0 0 0 0 0 0 0 0 1 7 1 0 0 0 0 0 1 0 0 2 0 0
3 0 0 1 1 0 0 0 2 0 0 0 0 0 0 1 1 1 0 0 1 0 1 2 1 2 1 1 0 0 2 0 0 0 2 2 0 0 2 0 0 1 1 1 0 0 0 0 1 0
3 0 1 0 0 0 2 0 0 0 0 1 0 0 0 0 5 0 1 1 2 1 0 1 0 0 0 0 0 0 0 0 1 1 3 0 0 1 0 1 0 0 0 0 0 16 0 0 1 1
0 8 1 0 2 1 0 0 1 3 9 5 13 2 0 1 5 5 6 0 1 0 0 6 1 0 1 16 4 0 11 11 0 1 3 3 0 4 0 7 7 1 12 1 6 1 2 1 0 4
