14 24 12 8 13 5 2 5 0 1 0 43 1 7 10 5 1 9 12 8 6 8 4 8 6 11 8 3 0 3 1 0 2 26 6 1 0 3 4 4 3 7 13 7 7 13 0 4 5 22
5 4 2 1 0 2 5 1 12 6 13 3 1 17 3 0 6 4 0 3 15 8 1 1 6 11 8 0 3 1 9 2 2 7 1 8 7 2 7 8 1 8 0 6 9 1 0 2 0 4
2 6 5 15 4 2 6 0 0 1 1 1 12 1 4 3 6 6 1 0 19 1 8 5 8 4 4 0 2 1 5 0 1 2 23 2 1 8 6 0 6 1 0 17 3 11 0 1 3 17
3 3 1 0 0 4 2 10 0 0 0 3 5 0 3 0 12 17 6 1 5 0 4 6 5 2 0 8 1 8 10 3 6 0 8 15 0 16 6 10 5 9 16 7 11 9 6 12 0 5
7 3 8 2 7 18 7 6 3 4 3 17 0 4 0 7 1 14 12 4 1 8 0 21 5 21 8 19 0 5 6 8 0 0 36 13 8 5 0 23 23 8 7 16 10 2 0 8 7 3
0 0 0 1 0 0 0 0 0 0 1 0 0 1 0 1 0 0 0 1 0 3 1 0 1 4 1 0 1 0 2 0 0 1 0 0 0 0 0 0 8 1 0 3 0 1 0 0 0 0
0 4 22 2 2 5 1 4 12 7 1 5 5 5 13 1 6 12 1 16 3 5 0 4 7 1 0 4 1 4 1 0 4 16 5 20 2 10 3 4 0 22 2 1 4 5 2 5 1 3
0 2 2 1 1 0 10 20 8 6 4 0 2 4 1 2 1 4 3 0 4 2 4 6 0 1 7 7 10 2 9 8 3 0 1 15 3 0 6 5 5 1 2 5 4 1 0 4 4 1
22 0 8 0 2 3 4 6 2 0 1 4 0 1 5 21 0 1 15 18 7 1 6 1 20 2 1 3 6 0 1 3 1 1 30 1 1 1 8 26 1 3 25 1 6 0 14 16 0 12
0 0 3 0 0 0 0 0 1 0 0 2 0 0 0 0 0 0 2 0 1 1 2 1 0 0 0 0 2 0 0 0 0 0 1 0 0 0 0 1 0 0 0 0 0 0 0 0 0 0
11 12 7 13 0 18 7 7 22 4 5 10 9 3 0 1 0 0 2 18 1 0 23 1 0 5 1 2 6 0 16 1 3 5 0 15 0 0 1 0 4 15 34 3 6 6 18 4 1 3
4 3 4 3 5 11 17 5 1 4 1 7 4 1 19 1 6 9 5 2 15 0 0 2 2 0 7 1 1 0 0 0 1 6 2 0 4 1 3 2 1 1 12 1 10 5 2 0 0 0
1 2 1 10 9 0 0 0 1 1 2 6 4 11 3 1 12 10 13 4 2 4 9 0 1 12 3 0 1 22 4 9 1 7 2 1 3 7 0 2 7 0 5 2 9 0 0 9 10 4
0 0 3 13 2 2 12 2 6 4 2 5 7 5 16 2 7 5 8 1 5 13 1 6 3 5 6 9 2 12 8 5 6 0 2 3 4 5 6 2 1 1 2 14 3 6 1 38 0 1
15 10 3 5 3 27 4 26 6 7 1 3 7 4 0 0 8 2 20 2 14 16 0 1 10 7 2 2 12 6 20 10 6 0 17 11 1 7 1 1 3 4 7 5 2 0 29 9 23 7
0 0 1 0 1 1 0 0 1 0 0 0 1 0 0 0 0 0 0 0 0 1 0 0 0 2 0 0 0 0 0 2 0 0 1 0 0 0 2 1 0 0 1 0 0 0 0 0 0 0
1 2 4 6 6 21 6 3 1 9 9 12 3 16 19 10 14 17 2 11 1 6 4 4 9 3 18 0 2 2 1 1 11 3 0 6 1 0 25 0 2 0 5 16 10 1 5 6 8 3
0 0 0 0 0 1 0 0 1 1 1 0 0 0 0 1 2 0 0 0 0 0 0 0 0 0 1 0 0 13 1 1 0 0 0 0 1 0 0 0 0 0 0 0 0 1 0 4 2 1
0 0 1 0 1 0 0 1 0 0 0 4 4 0 0 0 1 0 0 1 1 0 0 4 3 2 0 0 0 1 1 0 0 0 0 1 0 1 0 0 0 0 0 0 2 0 0 2 1 0
2 12 26 13 19 1 10 18 6 14 18 8 7 7 7 0 1 0 1 9 1 3 14 22 5 9 5 5 15 13 0 6 12 4 13 1 3 8 2 0 8 1 4 4 7 6 5 11 9 6
4 18 23 2 11 8 7 0 0 3 14 23 6 4 3 12 3 9 3 1 3 1 1 4 3 3 3 0 8 3 0 7 2 21 0 12 3 1 10 0 1 8 0 2 1 5 14 0 1 1
0 0 0 0 0 0 0 0 2 1 0 1 1 3 4 0 1 1 1 1 0 1 0 0 0 0 1 5 0 0 0 2 6 0 0 0 0 0 0 0 1 0 0 0 0 1 0 1 0 0
4 2 0 9 3 1 2 4 1 4 7 4 3 5 1 2 2 4 1 8 3 10 9 11 0 4 3 2 1 0 22 6 3 0 4 7 6 0 19 0 4 21 0 7 4 2 2 7 3 1
0 0 0 0 0 0 1 4 1 1 0 0 0 0 0 1 0 0 0 0 1 0 0 0 0 2 0 0 2 0 0 0 0 0 0 0 1 0 0 0 0 3 0 0 1 0 0 0 1 0
3 8 0 4 16 16 3 10 3 5 2 9 5 1 0 9 7 7 3 4 12 0 8 21 4 9 12 3 5 2 8 3 6 4 11 9 5 2 0 4 7 1 1 15 0 3 3 15 9 8
5 1 0 2 2 12 9 2 3 0 11 1 0 0 2 0 9 0 1 1 0 0 0 2 5 5 1 2 5 5 2 1 3 0 6 1 11 4 3 2 0 0 6 0 0 9 1 10 6 0
0 0 1 0 2 0 0 1 3 0 0 0 0 0 1 0 0 0 0 3 0 0 0 0 0 0 0 1 6 0 1 0 1 0 2 0 0 3 1 3 0 0 0 0 0 0 1 0 0 0
2 0 4 13 5 0 2 5 0 13 5 4 3 27 3 2 2 0 3 1 7 6 0 0 1 1 1 10 2 3 0 0 1 0 6 21 1 5 1 2 16 1 1 2 1 3 0 4 4 1
8 3 0 1 0 2 5 9 2 0 0 2 0 0 1 4 13 4 0 1 1 16 5 3 0 4 0 0 0 1 10 0 2 2 3 11 2 1 5 8 4 2 13 4 0 4 1 10 4 7
1 6 12 9 2 4 0 2 7 2 1 1 1 4 0 4 0 1 0 5 3 3 4 4 9 10 12 9 0 4 0 8 0 3 5 3 0 2 4 0 0 19 1 3 1 4 3 12 6 2
0 4 0 0 0 1 8 0 0 1 4 13 0 0 0 0 0 2 24 0 0 0 0 0 0 0 0 1 0 1 0 0 8 0 0 0 0 0 2 0 0 0 2 1 0 0 0 0 0 0
0 0 1 1 1 0 0 0 0 1 1 0 0 0 0 0 1 0 0 0 1 0 2 0 2 0 0 3 2 0 0 0 0 0 0 0 2 0 1 0 0 2 0 1 1 1 0 2 0 1
4 4 11 20 1 6 3 5 14 2 23 0 6 2 1 3 19 1 4 5 7 9 1 0 0 0 0 0 0 5 3 1 9 1 7 9 0 1 5 7 10 0 3 2 0 2 1 1 3 1
8 8 11 4 0 10 3 5 3 2 4 9 0 0 1 5 2 0 5 2 4 21 0 0 2 12 8 14 9 8 6 7 2 10 8 2 31 3 2 3 4 2 7 12 0 3 5 0 13 2
0 11 4 3 12 3 22 5 2 8 0 16 1 4 1 9 1 1 4 0 12 6 1 2 15 0 1 6 2 2 8 11 0 3 17 22 3 1 3 10 6 41 0 9 2 6 10 20 1 9
0 3 0 1 1 4 4 1 0 3 11 4 1 7 3 15 2 4 3 2 2 0 1 5 2 10 2 0 7 14 1 3 1 9 3 2 4 15 5 4 0 10 2 2 2 11 1 2 3 5
8 0 17 2 1 8 39 0 14 0 2 6 2 5 1 0 52 6 10 4 3 11 3 13 9 2 25 10 14 21 13 18 14 2 5 5 2 2 0 3 1 15 24 4 17 13 3 12 33 0
0 1 1 0 1 0 0 0 0 0 0 0 1 1 1 0 1 0 0 0 0 20 0 1 2 2 0 0 0 0 5 1 0 2 1 0 0 0 0 0 1 0 1 2 1 1 9 0 1 0
0 0 2 1 1 2 0 0 0 0 1 0 0 0 0 1 2 0 1 1 0 0 2 1 1 0 1 6 1 0 1 1 0 0 0 0 0 0 0 6 0 0 0 0 0 1 1 0 0 0
0 2 8 14 1 5 9 1 26 4 15 12 9 4 1 6 1 5 4 2 31 27 12 15 11 19 28 1 27 6 0 8 0 14 0 1 2 2 8 11 7 8 5 12 28 2 25 1 12 3
0 10 0 1 4 1 1 7 10 2 0 7 1 0 10 2 8 8 0 4 6 32 5 1 13 5 5 0 7 7 3 7 8 0 5 1 0 17 6 11 12 0 4 28 1 0 8 1 1 8
11 4 15 0 20 27 0 16 4 1 0 32 3 1 8 16 6 16 11 3 4 5 15 0 8 3 1 11 1 3 8 9 3 21 3 12 19 11 2 8 6 3 11 8 2 0 14 3 12 6
0 6 6 3 21 4 13 1 11 0 57 24 3 3 14 1 10 3 0 5 2 2 1 14 1 1 3 11 0 10 3 9 1 4 13 2 1 30 1 0 14 6 14 3 2 7 3 0 1 9
0 0 4 0 0 0 1 0 2 2 0 1 1 0 0 0 0 0 0 0 1 7 0 0 0 2 2 0 0 0 3 0 1 0 6 0 0 0 0 0 1 0 0 3 1 0 0 0 1 0
0 0 1 0 0 1 5 0 0 0 0 1 0 0 0 0 0 0 2 0 0 0 1 0 0 0 0 0 0 0 0 1 0 0 0 2 1 1 0 0 0 1 0 0 3 0 2 0 3 0
1 1 0 1 0 0 0 0 1 0 0 1 0 0 0 0 0 0 0 0 0 0 0 0 0 0 0 2 0 6 0 1 0 0 0 0 0 0 0 1 0 0 0 0 2 1 0 0 0 0
15 4 0 2 2 2 19 0 17 2 2 2 20 3 11 20 9 4 3 2 13 1 4 4 0 4 2 4 1 3 0 3 0 15 8 1 0 0 1 4 2 0 5 1 3 3 1 9 0 4
9 0 9 0 2 0 0 1 1 0 0 0 1 0 0 6 8 2 0 12 6 9 5 3 16 15 9 12 2 5 15 0 0 3 12 8 0 0 3 0 3 7 0 5 0 1 14 8 0 11
2 0 0 0 1 1 3 1 0 0 1 1 0 0 0 0 2 2 3 1 2 0 0 1 0 1 0 1 0 3 0 1 1 1 0 0 0 0 0 0 0 0 0 0 1 0 0 16 2 0
1 1 0 1 0 5 0 0 0 0 0 0 0 1 0 0 1 0 0 2 0 2 0 0 0 0 1 0 0 14 1 0 1 2 0 0 0 1 0 0 0 0 1 1 1 0 0 1 0 0
6 1 6 1 3 3 2 2 1 4 10 2 0 0 0 5 7 1 5 2 7 1 2 0 2 9 2 5 2 5 1 2 1 1 17 10 11 6 1 2 1 8 0 2 1 3 2 1 5 4
6 5 3 2 1 14 4 0 8 0 7 7 1 5 0 0 0 2 7 1 0 1 3 0 5 4 6 4 0 4 0 14 0 1 0 0 0 0 0 0 1 1 32 1 3 0 0 14 1 0
0 0 8 31 1 13 3 3 0 38 0 8 39 7 0 11 1 14 22 13 8 1 0 2 4 1 4 5 39 12 2 36 10 9 9 0 4 4 9 4 5 13 17 0 5 3 21 17 1 14
16 2 0 4 8 4 1 0 26 8 10 1 11 3 3 8 12 1 10 10 3 0 13 3 5 0 0 5 1 5 0 1 6 0 0 1 1 0 4 5 2 7 4 12 13 2 1 3 19 3
9 0 0 0 0 1 4 9 0 13 10 6 0 13 2 4 7 7 4 6 3 2 7 3 6 1 9 3 0 0 0 2 6 4 11 0 2 4 0 4 1 0 9 3 2 2 0 3 0 0
10 1 10 0 2 5 7 4 4 5 18 3 10 4 5 4 2 1 2 1 27 7 2 6 5 2 0 3 0 17 6 0 3 3 5 0 3 9 2 0 1 0 0 6 1 10 9 2 6 5
0 6 2 1 0 3 2 1 10 1 0 2 10 2 2 12 7 13 16 0 1 8 2 12 14 20 0 1 2 2 6 0 3 6 4 6 13 5 3 5 7 2 12 1 11 3 0 2 18 2
0 2 1 1 0 10 7 0 2 0 1 25 8 10 2 1 2 0 0 4 1 4 0 11 5 1 17 0 10 16 5 3 2 1 0 0 7 0 17 3 10 3 0 0 2 3 3 0 2 13
5 1 1 5 0 2 12 2 2 18 0 0 4 5 2 2 2 0 2 0 0 2 7 0 5 5 1 0 8 2 0 0 1 0 4 1 0 3 4 8 2 0 1 1 2 4 2 2 0 13
1 0 1 1 0 0 0 0 2 1 1 0 0 2 1 0 0 0 2 0 0 0 0 0 0 0 0 0 0 0 0 0 1 1 0 0 2 0 0 1 0 0 0 0 0 0 0 0 0 4
1 1 3 1 5 4 15 2 30 2 4 4 9 12 7 0 12 21 3 4 0 12 1 11 0 11 11 21 16 2 8 0 0 2 0 12 1 1 13 0 18 1 4 20 1 0 5 3 18 5
4 5 0 1 6 14 23 5 21 5 13 1 15 7 13 3 0 4 4 0 16 3 21 23 1 14 0 9 3 6 1 1 3 2 7 47 10 4 8 1 2 11 5 9 3 3 6 8 12 10
6 13 6 4 2 19 5 7 0 15 0 16 1 21 5 3 2 1 1 2 13 4 0 0 6 7 21 0 1 0 19 6 9 11 3 0 12 13 22 12 1 11 6 7 10 6 2 8 17 2
0 0 0 0 0 0 3 1 0 0 2 1 0 0 0 0 3 1 0 0 1 0 1 1 0 1 0 0 0 0 0 1 0 1 0 0 5 0 0 0 0 0 1 0 0 0 0 0 12 1
14 1 4 3 23 8 3 6 20 0 10 1 7 21 0 15 0 3 31 1 5 0 2 6 4 0 4 1 6 2 2 14 3 5 5 4 2 6 1 5 1 0 4 12 9 2 2 7 3 1
0 0 0 4 0 1 1 0 1 0 2 0 0 0 0 1 0 0 1 0 0 0 0 1 0 0 0 2 0 0 0 0 0 1 1 0 2 0 1 0 0 0 1 2 0 0 0 0 0 0
0 0 1 0 0 0 0 2 0 0 0 1 0 0 4 0 12 0 0 0 2 2 1 8 0 0 0 0 3 0 3 0 0 8 1 7 2 7 3 0 7 1 0 1 0 0 3 1 0 0
0 0 0 0 1 0 0 0 0 0 0 1 0 0 0 0 0 0 0 0 0 0 1 0 2 0 1 0 0 0 1 0 0 0 0 1 0 0 0 1 6 0 0 0 1 0 0 0 1 1
7 22 31 3 7 2 7 5 5 3 0 0 6 3 1 5 2 1 32 0 8 1 10 3 0 4 10 2 3 3 0 2 1 1 0 8 6 7 43 15 18 9 5 6 2 23 4 8 11 1
5 12 5 9 0 4 1 5 3 2 0 0 0 6 2 0 3 0 6 4 21 4 6 42 6 8 7 4 5 10 22 9 27 0 4 1 1 26 22 9 18 10 1 1 25 5 3 3 3 0
4 0 12 2 5 3 0 1 3 5 3 1 3 2 0 0 8 25 2 0 14 2 1 6 14 0 3 1 3 0 32 11 2 0 3 12 0 9 8 2 0 3 0 0 9 2 1 1 9 10
6 31 0 1 9 1 6 3 10 2 13 0 3 5 13 12 35 5 0 0 23 37 6 6 10 0 0 5 12 1 7 4 17 13 9 8 21 15 16 1 4 17 14 2 2 1 13 9 13 2
2 4 0 0 0 6 0 1 0 0 0 12 0 0 1 1 0 0 0 0 1 0 0 1 0 4 1 0 0 0 0 0 0 0 0 0 0 0 0 0 0 0 8 0 0 0 0 1 0 0
1 1 0 0 0 0 0 0 1 1 0 0 0 0 0 0 0 1 0 1 4 0 1 0 0 1 0 1 0 1 0 1 0 1 1 0 0 1 0 0 0 0 1 0 0 0 1 11 0 0
5 2 1 1 0 3 2 2 4 11 6 35 1 9 16 1 19 21 16 26 1 4 22 5 10 5 1 16 27 18 16 5 0 6 2 6 0 1 4 7 12 11 2 8 10 1 8 11 5 0
0 2 1 3 4 5 23 1 1 3 17 8 22 1 2 3 17 13 0 10 13 0 3 1 9 3 4 5 3 7 8 4 6 17 0 2 5 15 0 1 22 26 8 10 24 2 14 5 16 9
0 31 3 5 6 7 3 0 3 1 6 1 7 1 0 1 4 1 8 3 5 0 0 1 0 3 2 1 3 3 4 2 5 2 0 12 4 7 4 1 1 3 10 1 5 4 3 6 2 3
0 0 0 0 0 0 0 0 0 0 0 0 0 0 1 0 2 0 0 1 1 9 0 1 0 0 0 2 0 0 0 0 0 0 1 0 0 2 0 1 1 1 0 1 0 1 0 0 0 0
1 3 4 0 2 15 7 19 3 8 1 9 5 4 0 4 7 0 6 8 0 0 28 1 5 0 5 7 2 0 1 1 1 2 3 3 2 1 6 2 8 2 8 1 6 3 11 11 0 3
3 1 5 25 1 2 33 8 13 0 4 8 0 15 16 0 11 1 1 2 12 4 12 7 1 2 4 35 3 2 0 6 9 3 0 9 3 3 2 1 1 19 11 6 5 2 23 2 12 5
0 1 0 6 0 2 10 5 5 3 4 6 12 4 1 9 1 1 13 2 5 6 0 3 7 2 11 6 0 2 2 1 0 5 0 1 2 4 1 2 4 19 1 2 0 17 5 8 3 0
34 8 8 19 2 3 1 9 5 4 0 5 18 2 12 21 11 5 4 9 5 1 6 8 5 1 4 2 20 7 1 2 5 1 50 7 9 8 16 2 17 18 2 0 8 1 9 7 23 1
0 0 1 0 5 0 1 0 0 0 2 0 5 0 0 0 0 0 0 0 6 5 0 1 1 2 0 0 1 0 7 0 0 0 0 0 0 0 1 0 5 0 1 2 0 0 0 0 0 1
18 1 0 0 2 2 4 2 2 16 1 10 1 5 2 3 5 0 3 0 1 2 0 6 3 3 0 1 5 4 1 0 1 0 2 2 2 3 4 0 1 0 1 1 3 3 10 6 2 0
1 1 4 9 9 3 0 21 20 1 3 2 0 6 0 9 2 9 1 0 0 20 3 17 6 14 1 0 2 3 27 1 3 3 1 1 0 18 1 1 18 8 2 32 2 21 4 1 9 0
4 3 7 24 11 20 0 1 5 1 5 1 5 10 5 17 0 2 1 9 3 9 1 2 15 0 2 8 3 4 23 2 19 11 1 14 1 5 6 20 2 10 10 8 3 0 12 2 19 0
7 3 18 8 0 22 6 3 1 9 1 2 0 4 0 12 7 0 0 12 3 6 6 7 1 8 7 1 5 10 6 8 0 7 2 5 12 7 1 0 20 17 3 10 1 2 8 19 1 7
10 0 1 1 4 4 1 12 11 0 2 7 2 2 0 1 1 13 2 5 4 11 5 13 22 9 1 16 4 7 0 1 0 3 8 9 9 2 1 23 17 12 1 1 8 1 0 8 2 1
0 0 0 0 17 0 0 1 0 1 0 0 10 0 0 0 4 0 1 0 6 10 0 0 1 0 0 0 0 0 0 0 0 6 10 7 0 6 1 1 6 2 0 9 1 5 3 0 1 5
0 2 10 5 5 19 1 0 16 2 13 17 3 5 5 22 7 5 21 11 18 1 9 7 1 8 2 2 6 1 10 9 4 5 11 11 4 0 2 28 0 1 13 29 1 1 1 14 9 27
1 0 0 11 1 1 0 10 2 1 5 11 1 5 21 7 14 7 10 1 4 2 2 1 11 10 2 5 7 3 20 1 4 4 2 5 9 2 0 2 4 4 13 1 1 0 1 10 10 5
0 0 0 2 0 2 0 2 0 0 0 0 1 0 0 0 0 1 0 0 2 1 2 0 0 1 6 0 0 0 0 1 2 0 0 0 0 1 0 0 0 0 0 0 0 0 1 3 0 1
0 0 1 0 0 1 0 0 0 1 1 1 0 0 0 0 1 0 0 0 1 1 0 2 0 1 1 0 0 0 8 0 0 2 0 0 0 0 0 0 1 0 0 0 0 0 0 0 1 0
5 5 1 1 15 0 5 7 3 0 0 8 16 0 2 9 5 3 5 16 8 18 7 2 0 1 1 13 4 0 1 0 0 7 3 6 3 6 4 34 2 10 2 4 7 1 1 0 0 5
0 2 2 4 5 4 18 0 0 0 14 2 31 31 4 1 7 5 1 8 3 10 1 31 0 1 1 1 1 11 0 0 2 0 4 7 3 3 8 7 26 16 0 9 3 5 9 12 6 7
6 8 4 2 4 1 1 10 2 0 2 9 1 2 8 6 1 0 4 1 0 6 2 8 6 5 4 0 1 25 0 4 0 1 1 3 2 4 0 1 6 2 0 2 0 1 8 3 7 4
0 0 0 0 3 0 1 0 1 0 1 1 1 0 1 0 0 0 0 0 3 0 0 1 0 0 1 1 0 0 0 0 0 0 0 0 0 0 0 0 1 1 0 1 0 0 0 0 0 2
14 20 13 3 1 0 10 9 0 1 15 0 10 19 1 0 3 13 0 23 1 5 3 12 2 0 24 9 5 16 0 32 12 14 8 2 3 5 2 6 12 5 2 8 11 14 1 5 8 0
5 2 34 0 6 5 8 17 1 9 17 15 5 7 0 3 2 3 1 0 0 12 19 5 0 5 2 3 7 38 9 23 1 14 3 7 4 1 31 5 0 1 1 26 3 9 7 4 2 18
0 1 0 0 3 0 0 1 0 0 0 1 0 0 0 0 0 0 0 2 3 0 0 2 0 0 1 0 1 6 1 2 1 1 0 1 0 0 1 0 0 0 2 0 1 0 4 2 1 1
