6 18 7 0 20 6 0 17 1 3 20 8 5 1 39 8 0 20 6 12 16 20 22 0 4 2 2 10 1 7 4 1 4 5 20 11 0 4 2 0 2 23 3 7 8 9 5 2 33 19
25 5 19 0 1 5 0 7 25 5 1 4 1 2 9 4 0 1 8 12 2 0 6 13 0 1 15 4 3 1 5 7 10 5 13 7 5 13 2 1 2 5 0 3 4 1 1 10 12 6
4 1 9 4 19 6 20 22 12 16 8 4 5 1 40 2 3 4 3 5 10 5 7 24 24 36 3 6 1 1 11 2 2 8 0 0 2 6 2 6 11 9 27 8 0 0 10 1 2 1
9 5 2 1 1 0 0 1 17 2 20 8 6 0 9 3 4 0 6 1 29 2 0 1 1 7 3 1 7 5 8 12 0 7 2 2 0 0 5 0 0 0 0 0 1 14 0 0 11 4
7 3 1 5 1 4 8 0 0 5 5 2 3 10 6 12 6 8 2 24 1 0 1 0 5 3 18 0 15 9 7 15 7 32 0 9 2 22 0 6 4 2 11 10 7 0 4 3 30 4
0 0 0 0 0 0 0 0 0 1 0 0 0 0 0 0 3 0 0 2 0 0 0 1 0 0 0 0 0 0 0 0 2 1 0 0 0 1 0 0 3 0 0 1 0 2 0 1 1 0
2 0 5 0 3 8 1 12 0 10 14 4 5 30 1 2 1 0 4 3 0 3 5 8 11 5 8 1 4 5 0 2 1 7 8 6 0 10 1 3 13 0 13 3 2 12 1 3 4 2
9 7 16 7 8 4 9 6 1 1 19 5 5 16 3 12 3 10 2 1 0 6 2 0 7 2 5 6 7 0 27 11 5 5 1 0 1 11 11 15 10 3 2 2 15 11 2 8 0 8
0 1 0 1 0 1 0 0 2 0 0 1 0 0 0 0 0 0 0 0 0 0 0 0 0 0 0 0 1 0 2 0 1 0 0 0 0 2 0 1 0 1 0 0 0 0 0 0 0 0
16 0 3 6 31 7 2 15 1 1 0 7 2 15 2 24 5 7 2 2 1 12 15 4 1 0 2 0 1 2 7 0 0 9 20 4 2 8 11 3 3 0 29 0 4 2 11 1 12 13
1 11 3 0 0 11 1 2 11 12 7 1 12 7 9 8 25 17 1 0 12 1 2 27 6 9 5 8 0 5 2 39 8 0 15 7 14 12 20 23 3 5 0 6 7 0 0 4 4 12
6 2 0 2 0 23 29 2 31 10 10 1 4 4 25 14 3 10 1 1 9 5 12 1 32 11 9 2 13 28 1 11 1 0 14 6 3 13 0 0 13 7 5 3 7 0 4 9 3 2
7 12 0 1 2 0 3 5 11 2 7 3 11 11 0 18 1 1 2 2 1 9 0 9 11 0 17 6 0 8 4 2 9 7 2 2 6 3 4 1 10 0 2 1 6 1 0 3 6 2
11 13 9 4 1 22 1 7 0 8 0 11 2 3 13 6 6 15 1 8 1 8 9 3 1 5 1 3 3 5 17 2 7 12 0 3 0 9 3 0 6 2 4 6 17 5 3 0 0 15
3 22 5 18 4 4 0 3 16 8 9 4 1 0 5 1 25 23 4 0 14 7 1 32 18 3 9 5 4 0 21 3 2 5 7 0 0 14 6 2 1 3 11 2 4 6 2 0 4 0
3 11 3 19 8 2 35 27 0 12 3 3 2 14 6 0 2 9 1 0 0 1 2 1 0 1 1 5 26 0 0 1 20 9 25 8 0 5 2 8 3 4 0 0 6 7 4 8 26 7
0 1 0 2 0 1 1 2 10 12 2 4 2 0 0 9 8 1 3 12 5 4 1 3 0 7 1 4 4 15 0 2 13 4 5 3 8 0 4 6 1 3 1 0 0 0 8 2 2 4
0 0 9 0 0 11 0 1 4 4 0 5 0 2 9 4 0 0 1 2 0 3 1 1 5 4 10 6 0 0 1 1 2 0 3 0 0 1 0 5 1 0 0 6 4 0 0 0 0 0
0 3 4 6 1 0 3 6 4 1 2 2 2 3 0 8 7 5 14 4 1 6 5 21 2 5 2 3 6 40 4 3 1 18 2 6 7 7 4 1 13 0 5 10 14 15 1 5 1 1
5 0 0 2 4 0 8 1 12 1 0 0 3 16 0 1 0 3 0 9 0 23 1 7 11 1 0 1 0 4 9 9 8 1 8 2 8 0 6 1 0 2 4 5 4 4 1 0 0 1
3 1 2 7 1 10 0 0 7 2 4 1 6 5 3 1 1 2 1 3 0 0 4 6 2 0 3 5 0 7 2 0 1 1 0 9 17 1 0 6 0 4 1 2 9 0 1 0 3 3
3 1 1 2 1 3 18 1 7 0 4 3 42 19 10 22 10 9 0 4 1 18 3 11 4 19 7 2 11 7 9 2 0 8 8 4 2 1 2 23 1 0 2 2 0 7 1 4 1 2
2 13 0 3 4 0 3 13 4 3 0 2 1 1 10 1 3 2 3 0 3 0 4 0 9 1 0 3 14 5 2 8 10 15 0 3 3 1 7 2 7 4 8 2 9 0 7 5 1 1
0 7 7 0 3 4 3 12 6 6 5 0 0 0 14 2 6 1 12 12 9 1 4 2 1 3 1 1 2 10 4 19 0 2 8 3 2 6 7 0 3 7 7 0 0 1 0 4 1 3
0 6 1 3 1 16 2 2 9 16 8 17 12 10 22 9 3 3 0 1 0 0 43 1 19 27 13 7 14 16 0 9 0 9 2 10 25 6 22 9 0 6 7 4 8 0 17 7 3 13
1 4 0 11 14 0 2 3 4 7 2 4 2 11 2 0 2 5 0 5 1 16 1 5 4 0 0 9 4 10 1 0 4 3 6 1 10 7 0 5 14 0 0 7 1 7 9 4 3 10
3 1 5 2 3 22 12 0 0 13 14 6 3 14 8 16 36 0 14 0 4 8 10 2 10 6 7 5 5 15 8 5 0 11 39 5 42 2 1 17 0 16 11 5 0 3 12 0 4 3
4 10 5 0 4 4 23 6 5 3 10 13 6 5 0 0 6 0 10 0 3 0 1 13 26 14 5 4 2 20 0 10 14 7 6 0 4 14 8 0 1 2 5 5 14 7 13 0 10 10
5 8 3 1 5 4 6 2 5 2 1 0 1 18 11 0 0 29 22 2 2 4 7 19 2 2 13 3 3 12 6 9 8 2 4 7 0 4 4 18 2 12 2 3 15 23 3 9 4 8
0 1 1 0 0 1 1 17 0 1 0 0 0 0 1 0 0 0 7 1 2 0 0 1 3 0 0 1 0 1 0 0 0 0 1 0 0 1 3 1 0 1 0 0 0 0 0 1 0 0
0 6 3 0 8 20 2 0 12 0 0 0 1 5 1 0 6 1 0 0 0 2 3 1 0 9 0 2 0 1 0 0 3 7 4 3 0 3 0 14 0 0 0 3 4 0 4 1 8 8
0 12 5 17 4 12 15 11 10 3 31 1 8 19 0 10 17 1 3 3 5 0 0 0 2 1 9 1 10 28 2 4 12 4 0 6 10 3 5 4 22 10 4 13 2 6 13 2 4 0
0 0 0 0 0 0 1 0 0 0 0 0 0 2 1 0 2 0 0 0 0 0 0 0 0 0 0 1 1 0 0 0 0 1 1 0 0 3 0 0 4 0 0 0 1 0 2 0 1 0
0 0 0 0 0 0 1 0 0 1 0 0 1 0 0 2 0 1 0 0 0 0 3 0 0 0 0 0 1 4 2 0 0 0 0 0 1 3 3 0 2 0 0 2 0 1 0 0 0 0
0 5 1 2 1 10 1 0 6 0 7 1 7 20 1 1 7 0 7 4 4 0 2 3 2 1 15 7 15 17 0 2 12 3 2 3 16 0 7 6 4 5 7 7 12 33 0 8 4 4
0 0 0 0 0 0 0 1 0 1 1 0 0 0 0 1 0 0 2 0 5 2 1 0 1 0 0 1 2 0 6 0 1 0 0 0 0 2 5 1 1 1 3 0 1 9 0 2 0 0
0 0 2 1 2 0 0 2 0 0 0 0 0 1 0 0 0 0 0 1 0 0 7 0 0 0 1 0 0 1 2 0 0 1 0 0 0 0 0 0 0 2 1 0 1 1 0 0 1 2
0 1 5 0 14 1 0 8 25 8 0 0 3 12 0 0 8 2 1 1 3 13 6 0 12 3 4 21 0 12 1 12 6 1 0 7 3 3 0 4 3 3 1 7 1 0 2 0 5 7
23 10 0 1 0 2 0 3 0 0 13 0 0 0 0 0 0 5 2 0 8 0 1 0 0 0 0 0 2 1 3 4 0 0 1 0 6 21 12 0 0 3 10 0 0 12 3 1 0 0
16 1 15 8 3 0 13 5 3 15 2 5 0 1 11 1 12 0 0 0 7 6 3 5 9 16 6 6 10 14 6 10 1 35 3 3 2 23 1 1 17 3 3 4 2 10 8 6 1 2
0 1 2 0 0 4 5 2 1 11 9 3 3 20 4 19 23 6 0 14 3 1 21 41 7 0 2 0 6 1 6 3 1 8 19 3 3 2 4 3 21 0 24 6 10 14 6 2 13 3
22 8 15 7 12 2 25 10 10 2 4 4 3 3 10 2 11 14 1 16 4 0 1 12 3 2 4 5 0 1 1 10 18 0 8 11 16 3 8 3 10 0 20 10 60 13 4 6 1 6
16 3 2 1 0 4 11 0 1 11 0 1 0 1 6 5 3 5 3 3 12 2 24 6 5 12 5 0 9 3 8 11 1 8 4 10 4 9 0 1 0 2 10 1 3 0 4 2 4 2
3 1 0 7 0 2 0 0 4 1 2 2 5 0 1 3 4 1 0 0 6 3 30 0 2 2 8 2 3 5 0 0 4 7 6 1 0 0 5 0 0 0 9 0 0 2 1 18 7 1
0 0 0 0 0 0 0 1 0 0 0 0 1 0 0 0 0 0 0 0 0 0 0 0 0 2 0 0 0 1 0 0 0 0 1 0 1 0 0 0 0 1 0 1 2 1 1 0 1 1
1 2 0 3 5 2 3 1 7 1 2 0 14 5 6 3 2 1 1 2 2 8 6 2 35 2 5 14 2 5 2 5 20 5 3 11 2 2 1 1 4 5 4 5 7 0 1 9 3 3
4 5 22 2 2 1 1 4 4 8 20 13 3 2 3 3 20 11 1 1 4 20 3 18 7 19 3 7 2 2 3 4 5 42 5 9 11 0 10 6 4 0 1 2 7 4 17 5 10 16
6 1 1 6 6 5 3 11 0 1 1 0 5 2 9 1 3 0 0 1 1 4 0 1 9 1 3 0 2 5 1 5 0 2 1 0 8 5 1 1 1 6 4 1 1 6 11 12 4 2
0 0 0 10 2 1 4 0 0 3 1 6 1 0 1 2 3 0 1 1 0 1 3 2 4 6 9 0 4 0 0 0 8 0 1 6 0 2 2 7 0 0 0 3 1 1 7 1 5 6
0 2 16 0 0 0 0 0 0 0 0 0 0 0 2 1 0 0 0 1 0 1 0 1 1 0 0 1 0 0 0 0 2 0 3 1 0 0 0 0 1 0 0 0 1 0 1 2 2 0
27 9 1 1 1 0 1 2 0 6 10 4 3 2 2 1 6 2 8 2 3 2 5 1 1 2 9 1 6 3 2 4 1 2 2 2 1 5 1 1 20 15 1 19 0 2 6 0 3 2
0 0 0 1 2 2 0 0 0 0 0 1 1 0 1 2 0 0 0 0 0 0 0 0 0 0 0 0 0 0 1 0 0 0 1 0 0 0 0 0 0 0 1 0 0 2 2 0 8 2
4 0 2 2 0 2 10 0 0 13 1 2 2 4 0 2 1 1 0 0 17 16 1 3 1 6 1 8 3 4 9 5 3 0 1 2 1 4 0 13 7 15 0 1 3 6 0 3 4 2
8 5 0 17 6 5 9 13 0 0 0 20 10 7 0 16 3 11 6 1 6 12 5 3 9 5 8 6 7 15 5 3 11 17 1 14 4 10 3 0 6 10 6 0 0 13 2 9 14 17
0 5 2 1 0 2 10 3 4 5 22 1 6 0 2 2 6 15 2 4 0 2 0 4 2 9 7 3 9 3 0 9 3 1 0 3 12 2 1 1 4 0 9 5 5 0 1 9 2 7
8 0 2 2 1 13 2 4 13 1 0 3 2 3 0 5 4 4 15 1 3 4 7 10 0 4 20 3 8 17 0 53 1 13 0 10 2 1 3 19 4 7 17 2 4 3 0 8 4 4
2 2 0 3 8 0 41 5 20 13 17 0 3 11 17 9 0 0 5 11 2 1 1 10 5 5 12 5 3 1 10 2 14 0 0 0 5 2 18 27 2 7 6 1 4 15 12 13 1 7
17 0 12 2 7 1 8 0 0 1 1 1 3 0 0 2 3 0 0 1 0 2 3 1 8 6 11 6 1 0 0 0 3 0 6 15 0 0 2 6 2 0 5 1 0 4 6 3 2 1
0 2 0 0 0 0 1 0 0 0 1 0 0 0 1 0 0 1 0 0 1 0 0 0 1 1 0 0 0 0 0 1 0 1 1 0 0 1 2 1 0 1 0 0 1 4 0 3 0 0
0 9 2 5 8 5 3 3 1 3 1 0 0 2 12 4 2 5 5 15 0 3 0 11 3 11 5 2 12 2 10 0 5 9 10 4 15 0 1 0 2 0 11 4 3 7 0 0 13 19
8 1 11 7 1 6 2 1 2 0 4 6 4 1 2 0 8 2 6 11 13 1 3 0 3 0 18 2 1 1 1 18 0 3 10 6 6 0 0 5 6 2 0 4 11 3 1 0 23 6
0 1 1 0 1 1 0 2 0 3 1 0 1 0 1 0 0 0 1 0 0 1 0 0 0 0 1 0 0 0 2 0 0 0 0 0 0 0 0 1 0 0 0 3 0 0 1 1 0 0
0 3 5 0 4 2 0 8 0 1 36 1 0 0 1 3 7 1 12 2 2 2 1 0 1 5 1 7 3 16 1 1 1 3 1 5 0 4 2 0 2 2 7 2 7 4 1 1 0 0
0 0 0 0 0 4 0 8 0 0 8 0 0 0 0 1 0 1 0 0 2 2 0 1 0 0 0 0 1 3 8 0 0 1 2 0 4 16 5 0 4 4 0 1 1 0 0 0 0 1
3 1 6 6 19 6 1 36 29 27 16 1 9 11 0 11 9 44 6 4 0 1 2 16 9 11 6 1 15 0 2 6 10 21 10 21 7 20 1 4 1 1 5 2 12 0 28 5 0 11
16 5 1 11 0 0 18 15 18 23 58 0 2 1 1 0 5 2 24 1 12 1 10 0 12 15 8 7 4 4 16 7 3 5 0 3 18 9 4 2 20 1 20 0 4 36 1 22 2 7
0 1 0 0 1 0 0 0 0 1 2 0 0 7 1 0 0 0 0 0 0 0 7 0 0 0 0 0 0 0 0 0 0 4 0 0 0 0 1 1 0 0 1 0 0 0 0 0 0 0
0 2 0 0 0 0 1 1 0 0 2 0 0 2 0 0 0 0 2 0 0 0 0 2 1 0 0 1 0 0 0 0 0 1 2 0 3 0 0 0 0 0 1 0 1 11 0 5 0 0
5 1 2 10 10 3 0 1 4 2 2 0 1 0 0 9 7 0 8 2 5 0 2 2 2 12 7 3 0 0 0 0 1 2 5 2 0 11 0 6 0 1 4 10 7 2 3 1 18 0
0 0 0 0 0 0 3 2 0 0 1 0 0 0 1 2 0 0 0 15 0 1 1 0 0 0 0 1 0 0 0 1 2 0 0 1 2 0 0 0 0 1 0 0 0 0 0 0 0 1
8 10 0 0 0 0 0 1 1 0 0 0 0 0 1 0 1 0 0 0 0 0 0 1 0 0 1 1 3 0 0 1 0 0 0 0 1 0 0 0 0 0 0 0 0 4 2 11 0 0
1 20 17 17 15 6 1 2 13 7 4 2 16 12 0 1 2 29 4 1 7 2 1 15 6 25 1 2 3 23 4 0 10 4 14 3 47 7 13 3 1 24 26 13 3 4 7 19 7 0
1 6 1 0 0 0 2 14 1 0 7 0 1 0 0 0 1 6 14 0 4 2 0 0 0 1 2 0 1 2 9 3 0 0 0 0 8 3 4 1 1 0 3 0 0 1 9 2 0 0
3 3 6 1 22 0 8 1 25 5 8 2 0 1 2 17 4 23 9 4 2 0 7 1 3 7 2 3 1 8 14 4 0 7 2 14 13 3 14 10 4 4 17 1 3 2 11 13 3 1
0 2 4 5 2 5 4 0 1 1 5 0 8 6 0 0 6 0 3 14 12 2 0 0 2 15 5 0 18 4 0 0 3 7 7 6 2 0 0 0 2 0 0 4 0 4 17 7 14 0
5 1 3 3 0 4 0 3 0 5 0 2 3 0 15 3 0 0 0 5 0 3 0 6 3 14 8 3 4 2 3 2 4 1 1 0 0 0 3 5 0 0 5 4 2 14 2 1 5 1
2 10 1 3 5 35 0 10 0 5 8 3 0 26 5 4 8 0 19 0 1 2 6 0 17 4 5 9 14 5 3 3 17 10 0 9 4 14 6 2 2 11 11 6 7 1 9 7 0 9
0 0 0 1 1 0 0 0 0 2 4 0 0 0 1 1 0 2 1 0 0 2 0 0 0 0 0 0 0 0 3 9 1 2 0 0 3 11 0 0 4 2 0 0 1 0 0 3 0 0
0 0 0 0 3 0 0 0 2 0 2 1 1 0 0 0 2 0 0 0 0 0 1 0 1 1 0 0 1 1 0 0 0 1 1 1 0 0 1 0 1 0 0 0 1 0 3 1 0 0
0 0 1 1 0 1 0 2 0 0 2 2 1 0 0 0 2 1 0 0 2 0 0 0 0 2 0 0 0 1 9 7 0 0 1 2 0 4 7 0 2 0 0 1 2 0 0 0 2 0
2 7 3 5 0 19 2 3 14 2 6 7 0 6 7 1 5 3 12 4 1 7 0 3 17 5 18 3 0 3 8 0 20 4 15 23 14 2 8 3 3 4 13 16 12 0 1 0 14 0
15 0 13 15 8 5 3 9 24 4 6 0 3 3 14 15 2 11 6 1 7 1 1 14 0 1 12 9 2 9 5 2 2 4 4 0 3 3 1 4 0 4 0 4 7 6 0 6 4 6
4 12 7 3 0 17 5 0 1 5 6 25 2 6 0 1 10 8 10 8 2 2 0 2 9 4 5 12 4 8 8 8 8 2 4 3 2 5 1 7 2 6 1 4 16 14 22 1 2 8
9 3 4 3 4 0 8 6 18 3 0 1 4 5 2 11 4 0 13 9 3 2 1 2 6 0 9 6 5 14 2 5 2 3 1 2 0 12 0 4 4 3 0 11 3 17 9 3 0 2
1 0 1 0 2 0 0 0 2 0 0 0 0 5 1 0 6 0 1 7 0 2 0 0 0 0 0 0 0 1 0 1 0 0 0 1 0 0 0 0 0 0 1 0 0 0 0 1 0 0
0 0 0 0 0 0 0 0 0 0 0 0 1 1 1 0 1 0 0 0 0 1 1 0 1 0 0 0 0 0 2 1 0 6 0 0 1 0 0 0 1 1 2 2 0 1 0 0 0 0
4 3 0 1 3 1 2 22 2 0 2 6 0 2 0 10 10 4 14 0 4 5 2 1 0 0 3 1 7 3 10 26 0 2 0 0 4 8 7 4 4 1 24 3 10 1 1 1 1 4
2 45 2 8 2 2 0 0 8 0 2 2 0 0 2 12 5 0 5 14 17 8 1 0 8 1 3 8 3 1 3 6 2 1 0 3 14 4 2 9 6 2 1 10 0 4 6 5 5 0
1 11 3 6 15 1 6 5 1 2 4 12 8 7 2 0 1 6 1 0 15 0 6 2 9 5 0 1 12 0 2 4 1 1 2 29 0 1 0 5 7 3 9 8 4 0 1 3 5 7
0 0 13 0 0 0 0 1 0 0 0 0 2 1 4 0 1 0 0 0 0 0 0 0 0 2 0 3 0 3 1 0 2 0 1 0 0 0 1 0 0 0 1 1 0 0 0 0 2 0
0 12 11 28 0 0 12 21 1 34 0 0 16 0 0 5 4 1 14 1 2 9 10 11 1 19 32 7 17 0 2 1 14 0 16 2 35 18 25 7 1 1 0 0 14 13 2 2 23 4
0 0 1 1 0 2 1 4 0 0 2 0 0 1 0 0 0 4 1 0 6 0 0 0 0 0 1 0 0 9 3 2 1 2 0 0 2 0 2 0 0 5 4 0 0 1 0 0 0 3
1 0 0 1 0 0 0 1 0 4 3 0 0 1 17 0 0 1 0 0 0 3 0 0 0 0 0 0 0 1 0 0 0 0 0 2 0 0 0 0 0 1 0 0 2 0 1 0 0 0
2 0 3 0 0 0 0 0 0 0 0 0 0 0 7 0 2 0 0 0 1 3 0 0 0 0 0 2 0 1 0 0 0 0 2 0 0 0 0 0 1 0 0 0 0 0 0 0 0 1
2 6 11 0 2 4 4 23 4 3 1 12 2 4 6 6 6 4 1 8 14 1 0 70 4 5 21 8 7 1 6 8 9 5 37 17 6 14 38 21 1 15 11 10 0 10 3 8 0 2
3 4 0 1 1 7 0 6 3 1 5 0 5 1 0 8 4 0 8 0 7 11 14 8 12 2 0 0 1 1 0 4 1 1 0 2 1 6 0 3 6 5 3 0 9 4 22 0 0 1
4 9 0 3 0 0 3 1 1 0 0 2 2 0 0 3 2 0 27 7 4 4 5 4 1 5 9 1 5 0 13 1 1 2 0 4 3 6 3 1 11 1 0 6 14 4 1 3 1 4
0 3 5 0 1 2 1 2 0 2 0 3 1 9 10 1 12 0 10 2 11 1 12 9 2 3 3 8 0 2 1 0 5 2 1 1 2 1 4 6 0 0 10 1 4 9 0 2 1 3
0 0 1 0 2 1 0 0 1 0 0 0 0 1 0 0 2 1 0 8 1 13 0 0 0 1 0 0 0 0 0 3 0 0 0 1 0 1 1 1 0 0 0 0 0 0 1 0 0 2
0 4 1 0 3 0 0 2 20 0 1 7 6 12 1 0 14 0 0 6 0 1 1 2 2 15 4 0 2 1 0 0 0 8 6 9 1 0 0 9 0 1 0 10 4 3 13 1 0 1
