8 6 4 15 17 15 2 1 7 0 0 4 23 7 36 7 1 1 15 0 4 0 13 15 0 8 0 1 0 0 0 6 0 22 30 9 7 12 6 16 1 19 1 16 2 8 2 7 9 3
1 2 0 0 1 1 0 0 1 0 0 0 0 0 2 0 0 3 0 0 1 1 1 4 0 1 3 2 0 1 0 7 0 1 0 0 1 2 5 1 1 0 0 0 1 0 1 0 2 1
24 10 0 4 5 1 0 0 3 10 0 0 2 15 7 0 3 3 5 2 4 1 9 1 0 2 5 5 11 12 3 4 22 2 0 1 10 1 1 6 2 5 0 14 14 0 3 0 5 1
8 0 0 0 7 8 2 3 1 0 1 6 5 0 0 0 0 1 1 7 3 3 3 7 0 5 14 5 1 11 1 3 7 7 6 1 0 5 3 3 0 0 6 6 6 2 2 5 1 3
0 0 0 0 1 1 4 0 28 0 1 0 0 0 0 0 0 0 1 0 0 0 1 0 0 0 1 1 0 11 0 0 3 3 1 0 1 0 2 17 0 0 0 0 0 1 1 0 0 0
8 11 2 2 9 1 4 33 4 2 3 21 3 8 3 4 0 3 2 5 0 7 2 2 3 20 3 10 1 0 2 5 6 9 12 0 1 5 4 2 8 14 17 47 2 2 10 3 14 14
0 0 0 2 0 0 3 1 0 0 2 0 0 0 0 0 2 0 0 1 0 0 0 1 1 0 1 0 4 0 0 0 1 0 0 0 0 0 0 0 0 0 2 1 0 0 0 1 0 0
0 1 0 0 0 0 0 0 0 0 1 0 0 0 2 0 0 0 0 0 2 6 0 0 0 0 0 2 3 3 0 1 0 0 0 2 3 0 0 0 0 0 0 0 0 0 0 0 0 0
1 1 0 0 11 3 2 7 12 8 6 3 3 4 6 4 13 15 0 2 7 4 0 1 1 0 1 4 7 2 11 0 1 2 15 9 0 2 0 0 2 4 1 4 0 16 3 18 4 0
15 2 0 0 1 1 1 0 3 0 0 0 0 0 0 0 0 0 0 0 6 0 0 2 1 11 2 7 0 1 0 0 0 0 0 0 0 1 3 1 2 0 0 0 0 0 0 0 1 1
1 10 2 12 3 0 8 3 1 3 1 5 17 7 1 3 8 8 0 0 11 0 7 4 2 9 0 8 0 5 0 2 6 1 2 8 4 0 12 0 3 9 9 2 0 1 3 4 0 1
2 1 0 1 1 0 8 0 3 0 0 1 1 1 0 1 1 0 2 2 0 0 0 0 0 0 3 0 0 2 1 0 1 0 6 1 4 6 0 1 0 4 0 0 0 1 0 0 1 0
0 18 4 4 11 30 3 9 2 2 8 3 8 0 9 15 2 2 16 3 8 38 3 4 3 0 1 2 3 32 12 27 8 17 8 1 20 9 18 10 2 0 4 0 12 1 3 1 6 0
3 1 3 4 2 10 2 12 11 2 15 18 14 4 58 7 2 4 8 0 11 11 30 11 8 6 1 6 6 17 4 21 13 11 3 3 33 0 25 3 5 6 0 25 18 2 1 12 5 36
0 0 0 0 0 0 1 1 0 0 0 0 0 0 2 0 0 3 0 2 0 1 0 0 0 0 0 0 0 1 0 1 0 0 2 0 2 0 0 0 0 0 0 1 3 1 8 2 0 0
1 0 0 2 2 2 0 0 0 1 0 1 0 0 1 1 0 1 0 0 0 1 1 0 0 1 0 0 1 0 0 2 2 0 0 0 0 2 0 0 0 0 0 0 0 0 0 0 0 0
7 1 2 1 7 0 3 0 1 31 18 13 3 2 4 10 0 5 7 5 28 8 1 28 5 0 1 6 6 11 5 9 6 16 0 7 3 18 0 3 3 23 0 3 1 1 4 1 0 10
14 25 7 0 5 3 4 1 0 15 8 13 6 14 19 1 35 17 7 2 8 3 10 0 6 3 4 8 1 1 4 3 2 12 2 23 26 5 4 6 5 5 11 11 5 2 8 2 11 8
4 5 1 0 2 7 3 5 1 4 6 9 0 1 7 5 3 5 4 0 6 1 7 0 2 14 0 13 1 2 2 8 2 2 5 11 3 3 7 1 1 3 1 5 6 0 2 0 3 6
13 5 0 1 4 2 6 8 1 1 2 0 5 28 4 0 9 0 3 13 1 4 2 3 3 3 3 0 9 0 0 0 2 0 6 0 0 3 1 1 1 0 7 7 0 24 1 0 0 3
12 2 2 0 3 0 0 1 25 3 10 5 1 1 4 5 1 4 4 2 0 3 2 0 0 0 1 1 3 18 1 1 1 6 0 0 3 2 0 0 0 11 5 7 9 10 6 5 1 3
0 0 2 0 0 1 0 1 0 0 0 0 0 0 0 0 0 1 2 0 0 0 0 1 0 0 0 0 1 0 0 0 0 2 0 0 0 2 0 0 0 1 1 0 2 0 1 0 1 0
0 6 0 12 0 7 21 2 5 0 5 9 4 2 0 11 6 6 1 31 16 0 6 4 4 6 26 22 4 2 3 5 6 9 3 2 0 5 5 2 2 11 11 4 2 12 7 1 6 2
5 1 4 2 3 0 3 0 0 4 3 6 4 0 18 10 8 6 3 0 2 0 6 0 4 0 16 1 1 8 4 8 0 7 3 0 0 3 0 0 2 14 0 9 1 0 10 1 24 3
0 0 2 0 0 0 0 0 0 2 1 13 3 0 0 0 1 2 1 0 6 1 0 1 3 0 1 1 13 0 0 0 0 0 0 0 0 0 13 0 3 1 0 0 1 0 0 2 1 2
0 0 6 6 2 2 1 0 7 0 5 12 0 2 6 7 4 11 3 13 0 3 0 11 32 0 14 2 6 15 0 3 1 3 8 1 1 3 0 0 6 0 2 9 6 17 20 2 4 7
5 3 35 12 6 11 11 12 0 5 0 5 8 4 7 4 7 0 9 23 7 8 7 10 10 0 8 0 0 0 0 4 0 16 7 10 14 0 6 6 8 3 3 10 13 28 4 3 14 5
4 3 17 3 0 17 6 11 2 19 7 0 17 24 6 9 17 2 1 15 21 2 75 2 16 0 20 10 5 0 21 8 1 12 3 10 2 4 9 12 9 0 3 24 9 0 0 0 7 5
11 11 1 5 6 15 1 13 0 3 4 3 0 5 3 6 2 2 3 8 3 22 9 11 17 9 4 9 12 1 2 3 1 2 1 7 0 1 5 11 8 10 2 0 1 0 8 6 7 1
0 0 1 1 0 1 0 1 0 1 0 0 0 0 0 0 0 0 0 1 1 0 0 0 1 0 0 0 1 0 0 0 1 0 1 1 1 1 2 2 0 0 2 0 0 0 0 0 4 0
1 1 22 4 7 14 0 35 9 2 1 27 5 4 11 0 10 7 1 11 3 1 8 14 0 1 2 3 17 35 12 1 0 5 6 2 2 8 0 18 4 2 6 0 4 4 5 10 4 4
1 0 0 4 1 0 0 0 2 5 0 1 0 1 0 0 4 0 1 0 0 1 11 1 0 1 0 0 1 2 7 1 0 1 2 3 0 3 0 0 0 0 7 0 0 2 1 0 1 0
5 7 2 8 1 1 11 0 3 1 8 3 4 2 1 0 0 0 5 0 4 25 29 3 18 1 1 6 26 7 0 1 2 1 12 0 3 3 4 5 0 0 1 4 3 1 1 2 6 7
9 0 2 0 2 3 2 2 2 3 2 5 7 7 0 2 5 3 4 4 4 2 0 0 9 2 2 0 1 2 1 3 3 9 8 0 8 2 2 0 9 4 4 2 5 7 9 3 1 6
10 8 19 8 1 0 17 4 17 7 5 1 2 6 0 5 0 2 16 6 18 4 1 6 11 10 3 6 9 0 3 21 2 16 41 0 5 5 2 2 3 0 13 3 2 10 8 0 0 0
6 12 0 10 1 0 12 4 12 13 2 1 8 6 1 5 3 7 3 15 1 0 6 1 9 1 6 5 1 1 3 1 42 2 25 28 2 5 0 4 8 3 5 12 1 1 10 1 0 2
0 3 4 5 12 1 1 10 6 0 6 3 7 4 0 2 0 7 1 1 1 0 7 6 0 1 1 0 7 0 0 2 0 2 5 6 0 6 3 2 5 4 3 1 3 4 8 4 8 7
1 14 9 27 6 5 3 17 6 11 9 3 8 15 7 9 4 19 11 20 6 0 4 20 18 16 1 6 6 11 1 1 0 5 2 4 10 11 15 11 5 2 2 6 8 2 19 8 1 1
8 10 1 10 9 8 11 5 11 3 1 2 0 10 8 2 13 7 5 2 3 5 0 3 1 4 1 7 6 7 3 6 3 0 6 3 4 1 4 18 4 0 8 3 14 0 1 0 6 19
3 4 4 5 1 0 0 3 0 2 3 4 2 2 2 31 0 1 3 2 6 1 3 8 1 5 11 9 3 8 0 14 3 2 4 0 3 19 6 3 0 6 1 5 1 1 0 9 14 1
3 2 0 0 3 0 0 0 0 0 1 0 0 1 0 1 0 10 0 1 0 0 0 1 0 0 0 4 0 0 5 2 0 0 0 0 0 2 1 0 0 0 0 1 1 1 1 1 0 0
0 1 0 1 1 0 0 0 0 2 0 0 0 0 0 0 0 0 0 0 0 0 1 0 1 0 1 27 0 0 0 1 0 0 1 0 0 0 0 0 1 0 0 0 0 0 2 0 0 0
4 1 0 0 2 0 1 0 1 0 2 0 1 0 0 0 2 0 1 0 0 0 0 0 0 1 0 1 2 0 0 0 0 0 0 0 0 2 0 1 0 0 0 1 2 0 2 1 0 0
0 0 4 2 0 1 0 0 2 0 0 0 1 1 5 0 0 0 0 2 0 0 0 0 0 1 0 2 0 0 0 1 0 2 0 0 0 0 4 0 0 0 0 0 4 0 0 0 0 0
0 0 5 4 8 0 0 1 1 0 0 2 0 16 1 0 0 0 1 8 3 3 2 2 7 3 0 9 1 0 0 0 3 6 0 5 2 7 3 0 0 0 2 4 3 6 1 0 0 0
2 4 3 5 3 4 1 2 6 3 3 2 0 0 0 1 9 0 0 1 12 0 1 1 0 2 6 0 0 3 0 0 4 0 2 5 5 7 5 1 3 14 13 1 0 1 1 1 3 1
11 5 27 0 12 0 2 3 7 4 17 11 6 4 20 2 5 2 16 0 8 3 10 10 11 21 0 1 0 9 3 5 0 0 15 0 3 8 7 8 14 0 7 1 18 2 8 6 14 2
9 15 7 23 17 4 41 22 21 9 5 10 3 15 7 34 4 6 14 14 8 3 4 0 2 2 0 13 4 0 1 0 7 14 2 4 13 8 22 1 0 1 9 4 4 9 0 5 2 5
2 5 15 16 5 0 5 1 18 6 2 9 8 2 6 5 0 1 5 20 7 7 0 5 0 2 7 6 0 25 2 3 0 12 15 5 4 0 1 5 7 6 1 8 0 1 6 2 0 0
1 0 0 0 1 0 1 1 0 0 0 0 0 0 0 0 0 0 0 0 0 0 0 1 0 0 1 2 15 0 0 0 2 0 0 0 0 2 0 0 0 0 1 1 0 0 0 0 0 1
1 1 2 3 20 0 1 18 1 2 10 18 7 5 6 1 6 0 2 15 3 19 4 9 13 12 3 18 1 0 14 2 15 1 4 0 0 0 5 31 15 3 1 3 0 0 13 0 1 18
0 0 1 0 2 0 0 0 0 0 0 0 0 0 0 0 0 12 0 2 0 0 0 0 1 0 0 0 0 0 0 4 0 1 1 0 0 0 1 1 1 0 5 2 1 1 1 0 0 1
3 9 12 7 7 6 1 4 1 10 8 7 2 17 6 3 7 6 2 9 10 4 7 2 0 35 12 0 21 2 15 1 1 6 2 9 12 0 8 0 2 0 27 7 12 8 3 22 22 15
5 11 3 3 25 1 19 1 16 2 4 0 18 6 3 4 1 26 7 16 4 37 5 3 4 20 0 7 0 3 29 12 10 11 0 1 26 37 7 7 4 26 6 0 12 11 4 15 7 1
5 0 2 3 3 6 0 7 1 1 9 0 0 6 7 1 4 8 0 14 4 7 1 2 6 1 0 9 2 1 4 0 4 17 5 1 1 5 6 16 7 2 0 1 8 13 3 3 0 0
5 11 17 0 0 2 21 15 6 9 18 4 5 2 1 0 1 9 3 23 35 12 0 1 14 20 37 11 17 1 1 9 11 8 2 18 4 2 9 0 3 12 2 1 14 1 12 6 2 0
1 3 5 0 3 12 8 0 6 0 2 0 8 3 2 4 7 1 0 1 0 1 1 2 1 7 2 0 6 12 9 2 0 1 4 0 8 8 0 3 3 27 2 5 6 0 2 1 6 6
3 1 3 16 22 0 22 2 0 2 14 9 0 12 0 7 1 1 4 10 13 0 0 3 2 18 0 12 14 0 5 2 5 0 39 16 10 4 12 4 14 1 10 1 1 16 1 8 3 6
0 0 0 0 0 0 6 0 0 1 0 0 0 1 0 0 0 0 3 0 1 0 0 0 0 0 0 0 0 0 0 0 0 0 0 1 0 0 0 0 1 0 0 0 0 1 0 1 0 0
2 4 6 0 2 2 18 23 7 1 1 4 0 6 10 10 0 5 7 0 4 2 5 0 1 6 5 9 22 4 13 1 24 1 22 12 12 16 10 24 11 5 14 1 3 6 0 4 7 8
0 3 1 0 4 6 7 0 2 1 2 5 0 3 0 4 4 13 0 0 0 1 2 7 8 0 5 9 2 1 2 0 0 0 13 4 8 20 7 13 0 5 2 0 11 2 13 3 1 2
2 1 7 7 6 37 4 11 0 9 13 0 1 2 1 1 14 8 2 11 6 4 0 12 8 10 5 1 3 3 4 1 9 2 11 3 7 3 1 13 2 1 10 0 3 10 3 14 0 4
1 1 16 1 6 16 0 1 6 1 10 35 13 0 1 1 7 1 15 4 2 1 0 3 2 1 10 0 8 5 18 3 1 3 5 9 21 1 1 12 13 4 6 8 5 16 9 7 1 0
9 3 17 5 0 5 1 6 2 7 7 1 17 10 1 4 12 9 2 0 1 8 1 5 18 7 5 18 4 0 12 0 3 5 8 51 3 15 4 0 44 17 8 19 5 1 10 25 2 3
9 5 3 9 0 5 4 0 0 0 9 1 1 1 0 3 5 4 7 2 0 0 0 10 1 1 0 0 0 1 3 5 3 4 4 1 1 12 1 11 0 0 0 1 6 1 14 3 0 4
3 6 1 7 7 1 16 0 7 1 4 16 6 0 6 13 2 2 5 6 10 1 2 0 6 0 4 9 7 8 2 1 0 6 3 27 3 0 1 5 5 3 5 4 0 0 0 2 5 0
10 0 3 8 3 7 5 9 9 13 2 23 4 7 9 14 0 4 29 2 0 2 6 6 1 0 0 19 5 6 1 2 3 0 22 15 2 14 1 7 8 0 27 28 2 10 12 0 13 5
0 0 3 1 0 4 3 7 1 8 13 2 4 3 0 1 0 0 13 4 0 1 2 0 17 2 1 0 1 10 3 0 1 0 1 0 0 6 1 1 4 10 7 0 0 10 1 1 1 0
5 4 5 4 5 0 0 1 2 1 5 9 5 7 1 9 2 5 3 6 1 0 9 11 14 0 2 6 0 8 9 1 0 2 4 0 11 1 11 3 1 4 10 0 2 3 0 0 2 3
1 0 0 0 0 0 0 0 1 0 0 1 4 3 0 0 5 0 2 0 1 1 0 1 1 0 0 0 0 0 1 0 0 0 1 0 0 0 0 1 0 0 0 1 0 4 0 0 0 2
15 7 19 9 4 27 1 6 12 6 4 37 2 10 7 0 31 4 3 14 0 9 7 8 11 5 5 4 28 8 5 7 12 0 0 2 2 0 3 0 6 16 16 6 12 9 1 9 9 10
9 9 10 1 0 8 7 12 6 8 0 6 5 9 17 20 3 4 5 1 1 12 0 0 5 4 12 0 21 0 2 2 0 0 26 14 4 29 10 2 3 5 0 7 4 13 3 0 0 11
6 1 16 1 3 1 2 2 3 7 9 1 9 3 1 1 0 18 6 5 2 0 3 0 0 5 1 1 1 14 8 5 1 13 1 9 1 1 2 0 3 5 0 0 0 0 1 3 1 11
9 20 5 2 8 8 6 0 0 5 6 6 1 45 3 4 9 9 0 38 8 4 0 10 3 6 20 29 0 10 1 24 9 0 1 2 11 9 0 7 8 31 0 6 3 3 42 8 16 4
4 10 22 0 3 5 1 0 5 10 18 10 8 10 10 8 11 4 23 18 17 6 5 2 7 12 9 2 25 0 23 0 1 6 4 10 16 22 0 12 12 3 8 0 0 11 10 14 3 4
3 2 4 1 10 0 0 3 3 2 10 1 1 2 3 0 14 0 0 9 6 1 0 3 1 5 0 2 1 5 3 0 0 1 0 5 6 0 2 3 4 4 1 1 0 24 0 1 1 6
2 1 4 1 2 0 0 6 0 0 3 17 1 1 4 1 3 3 2 2 3 0 1 5 3 1 0 7 6 0 1 0 0 6 0 7 1 2 1 0 1 1 1 0 3 4 13 0 1 4
2 0 0 0 1 0 2 0 0 0 0 0 0 0 0 0 1 3 0 0 0 0 0 0 0 0 0 1 0 0 0 4 0 1 0 2 0 1 5 1 0 0 2 0 1 0 0 0 0 1
0 8 8 0 11 0 0 7 0 8 1 0 4 0 1 0 6 5 3 1 6 7 1 3 0 8 3 18 0 4 8 4 8 6 2 4 5 4 0 1 1 2 2 0 7 12 3 0 8 1
0 0 1 3 0 1 0 0 0 0 0 0 0 2 0 0 2 1 0 0 0 0 0 3 4 3 0 4 0 0 0 0 1 1 1 0 0 0 0 1 7 0 0 0 0 0 3 0 0 0
1 0 1 14 0 3 5 4 9 1 0 5 6 0 3 2 1 1 5 16 10 15 4 3 9 3 2 1 14 6 2 3 4 13 2 3 3 3 1 5 2 1 5 0 0 6 5 3 3 1
0 11 6 0 1 16 4 16 8 0 14 4 2 3 1 4 0 0 4 8 2 4 0 5 1 1 3 0 1 5 2 3 2 1 0 6 4 12 7 0 0 3 1 1 3 0 7 8 1 14
17 2 8 0 1 4 22 4 5 6 1 27 6 5 0 25 22 0 3 8 3 10 2 0 24 0 5 7 6 8 3 7 20 9 13 19 4 5 1 10 4 0 4 11 9 8 21 0 2 1
4 4 0 2 14 22 10 2 3 8 6 0 14 1 10 6 2 0 6 2 3 3 2 0 40 4 9 13 1 17 2 0 7 3 16 1 14 4 0 15 3 1 7 0 24 0 3 20 4 8
0 0 0 0 0 0 0 0 0 2 2 0 0 0 0 0 0 0 0 0 1 1 0 1 0 13 0 3 0 3 0 1 0 0 0 0 1 0 1 0 2 0 0 0 0 0 0 0 1 1
1 0 3 0 3 5 0 1 0 0 1 1 0 1 3 6 0 11 10 3 2 0 2 2 8 1 1 1 1 0 0 3 10 0 0 14 0 0 4 0 4 1 0 0 3 2 0 24 3 1
32 21 7 9 2 3 4 5 17 28 3 27 3 16 2 5 6 11 16 3 0 10 10 18 7 3 16 5 0 5 2 8 0 11 6 4 3 11 10 39 2 6 6 7 1 0 2 0 15 6
1 0 0 0 0 0 2 0 3 0 0 0 7 3 0 1 0 0 0 0 0 0 0 0 2 2 3 0 0 2 1 1 1 0 0 0 0 0 0 7 0 1 0 0 2 0 0 0 0 1
21 3 4 10 4 2 0 11 8 2 9 3 0 20 10 14 5 3 17 8 1 8 9 21 20 5 5 15 13 2 3 3 20 6 8 9 0 3 7 1 0 3 6 0 12 6 0 18 14 0
6 7 8 0 3 14 16 26 20 1 16 2 9 17 10 11 13 14 12 9 0 12 5 17 17 3 8 32 4 0 2 15 9 2 0 2 6 0 3 19 6 2 1 2 19 2 2 6 6 2
0 0 0 0 0 1 3 0 0 0 1 1 2 0 1 0 0 0 1 0 0 0 0 0 0 0 0 0 0 0 2 31 0 0 0 0 0 0 3 0 1 0 0 2 0 0 0 0 7 0
0 1 0 0 0 0 0 0 0 0 0 0 0 0 1 0 2 1 1 0 0 1 3 1 0 0 1 0 0 2 0 0 1 0 2 0 0 1 1 0 0 0 1 1 0 0 0 1 2 0
2 9 2 1 6 16 1 7 5 3 3 2 5 16 46 9 4 0 7 3 25 8 21 11 5 5 9 19 27 6 4 6 0 0 1 14 0 1 5 4 5 0 36 4 18 5 7 3 11 11
8 4 0 1 3 1 2 1 3 1 7 12 7 7 4 7 3 9 10 1 0 22 1 1 3 0 7 1 2 3 6 29 8 2 1 0 0 1 22 2 0 3 1 2 5 12 3 6 6 22
9 4 0 1 0 15 0 2 0 1 3 7 6 11 1 2 0 0 3 2 5 3 8 0 2 17 3 8 1 0 0 8 2 9 5 4 8 0 1 9 3 16 0 0 0 0 0 4 17 4
5 19 55 0 0 1 2 4 2 6 0 4 0 13 17 4 42 12 5 7 6 12 24 3 2 0 1 2 8 7 6 10 1 12 0 13 4 1 18 8 3 2 0 5 0 0 1 1 1 1
1 0 0 0 0 1 0 0 3 1 0 0 0 0 1 2 0 0 0 0 2 0 0 0 0 0 0 0 0 8 0 1 0 0 1 0 12 0 1 0 0 1 1 1 0 0 1 1 1 1
9 10 5 7 3 39 0 4 7 0 12 1 4 5 22 11 4 0 4 0 1 0 11 18 1 4 8 0 23 1 1 4 7 0 11 32 36 4 7 12 3 1 2 0 3 4 2 6 7 8
0 0 2 0 0 0 0 0 0 0 0 1 0 1 1 1 1 0 0 0 0 1 0 0 0 4 0 0 0 0 2 1 0 0 0 0 1 0 0 0 0 2 0 0 0 0 2 0 1 0
2 6 10 16 3 12 7 28 7 6 9 4 15 7 14 4 2 5 1 5 3 2 3 1 11 7 15 0 3 3 11 1 7 4 2 2 1 10 6 11 0 1 10 1 2 0 4 0 1 4
