7 5 2 1 2 9 0 6 6 1 5 4 5 8 0 1 14 6 1 9 28 1 0 0 2 8 6 1 21 2 3 3 0 1 7 3 10 15 6 9 3 1 1 13 17 0 0 9 1 0
17 6 0 17 1 0 3 1 2 13 8 11 6 9 5 3 18 12 0 29 3 4 4 0 5 21 1 1 1 1 9 1 4 0 0 8 2 44 18 2 6 14 7 3 0 1 7 7 1 2
0 3 1 0 0 0 0 1 1 0 1 0 0 0 1 0 1 0 0 0 4 0 0 0 0 0 0 1 0 0 0 0 1 4 0 1 0 0 0 1 0 0 1 0 0 0 0 0 0 0
12 13 2 8 3 0 2 18 2 0 32 1 5 24 1 0 7 10 0 1 17 13 3 8 0 0 19 1 0 3 9 31 6 33 21 0 0 4 11 1 20 7 0 13 2 0 16 26 3 4
0 0 0 1 1 0 0 0 2 0 0 0 0 1 2 1 0 0 0 0 0 4 3 0 0 1 0 0 2 1 1 0 2 0 0 0 0 2 0 0 0 0 1 0 0 0 0 0 0 0
8 2 3 13 4 0 2 1 6 7 10 15 15 3 18 10 28 15 1 12 17 5 4 39 9 10 17 2 0 2 3 2 8 0 14 5 5 2 1 19 3 5 1 30 5 2 19 3 0 6
29 6 19 15 9 4 38 5 0 4 23 1 3 8 4 6 0 3 7 12 7 4 1 0 0 8 5 0 1 18 14 0 1 9 0 10 11 6 3 23 1 32 1 1 0 7 5 8 10 11
1 2 6 0 9 7 2 6 5 0 0 2 2 5 2 3 4 0 4 2 8 2 2 2 1 2 0 3 1 2 0 6 9 3 0 9 2 9 2 3 4 2 1 1 2 2 4 1 1 5
4 19 13 5 12 6 3 2 14 0 1 0 3 4 3 4 1 18 7 32 4 1 1 0 3 0 20 26 3 16 0 3 7 12 37 4 0 13 2 0 9 12 7 15 3 3 3 9 18 9
1 0 2 8 4 1 4 7 3 5 4 1 0 5 4 2 3 2 3 0 0 8 1 7 4 2 11 4 7 1 3 2 2 0 5 3 1 0 0 21 10 8 3 1 0 4 0 7 0 0
2 3 12 0 2 3 3 1 0 1 2 0 12 0 2 8 0 0 3 0 2 0 4 5 8 0 3 1 5 5 11 6 0 0 0 4 0 1 0 0 0 9 2 0 0 9 5 1 4 1
10 1 0 0 4 12 0 0 3 16 5 3 5 12 3 2 3 1 4 12 0 2 23 16 1 12 1 2 15 0 0 5 2 0 11 2 0 11 13 0 6 0 14 3 3 5 0 4 1 0
3 0 0 0 1 0 4 0 2 0 0 0 0 1 0 5 0 1 0 4 3 0 0 0 0 4 0 0 1 7 1 0 1 0 7 2 1 0 1 0 2 0 0 1 1 2 1 0 0 1
0 2 4 17 3 4 0 5 0 5 1 4 7 4 8 1 2 9 6 0 1 2 1 2 12 7 7 3 0 27 1 6 1 12 4 1 14 5 7 4 0 1 6 4 0 0 2 2 0 0
5 4 13 0 3 0 2 0 0 0 3 0 1 3 0 1 8 6 2 2 1 5 3 0 0 0 4 1 13 2 4 2 4 7 1 7 0 5 0 7 2 0 3 22 5 2 0 1 5 5
0 7 0 0 0 0 0 0 1 1 0 0 0 2 0 0 0 0 2 0 2 3 0 4 1 0 0 0 2 0 1 0 0 0 3 0 0 0 3 0 0 0 0 1 0 0 0 2 4 1
14 2 2 17 1 16 2 4 6 1 0 5 0 1 2 0 1 3 4 1 0 3 12 22 13 1 1 3 0 4 0 4 6 4 12 0 10 5 1 19 0 1 5 3 2 3 12 3 1 6
0 4 2 0 0 21 9 0 1 0 5 0 2 1 2 1 8 2 10 1 7 3 3 1 0 0 1 2 0 6 0 3 5 1 2 1 0 14 2 13 1 1 2 2 0 1 0 0 3 12
0 7 0 24 15 0 0 5 4 1 3 7 3 6 2 2 0 6 0 3 3 8 6 0 12 2 4 0 2 1 18 6 2 6 2 0 0 5 6 4 2 3 0 0 3 1 5 1 0 0
1 0 0 0 0 0 2 2 0 1 0 0 1 0 0 0 1 0 0 0 0 1 0 0 0 4 0 0 0 0 0 0 0 0 1 0 1 0 3 0 0 0 0 1 0 0 0 0 0 8
0 0 0 0 0 0 0 2 0 0 0 3 0 0 0 1 0 0 0 0 0 0 1 0 0 0 0 1 0 0 0 0 2 0 2 0 0 0 0 0 1 0 0 0 0 0 0 2 0 1
0 1 0 2 0 0 1 0 1 2 0 0 0 0 0 0 0 0 0 0 0 1 0 0 6 0 4 0 0 1 0 3 1 1 0 1 4 0 0 0 0 0 1 0 0 0 9 0 0 0
0 7 0 8 4 1 1 9 0 0 2 6 7 14 7 3 9 4 21 8 1 3 8 12 1 1 34 25 4 6 16 5 6 9 4 11 3 3 0 3 18 2 6 13 2 9 11 9 25 6
7 1 7 1 3 1 3 3 1 6 0 0 0 10 1 0 0 0 0 5 15 2 4 2 0 0 4 11 3 2 1 7 26 8 3 18 1 0 4 5 1 5 5 0 1 28 0 2 2 0
8 1 1 18 1 0 1 13 0 1 0 2 1 0 7 1 1 0 0 0 0 8 0 1 1 9 7 2 0 0 0 1 0 0 0 0 13 0 0 2 0 1 2 2 1 0 2 4 1 0
0 11 10 1 0 21 2 2 19 0 9 0 1 1 1 0 8 6 1 1 0 0 1 2 0 0 2 2 1 0 1 0 6 1 4 5 1 1 6 4 2 0 0 8 0 0 0 0 2 31
12 26 17 7 10 0 0 11 1 1 9 0 10 3 0 18 3 21 7 8 0 5 5 6 2 13 4 0 1 23 18 16 18 20 12 5 1 26 1 17 5 5 13 4 10 6 3 6 6 3
21 12 3 10 5 18 0 5 0 0 9 2 1 3 1 3 1 1 1 0 3 3 7 0 9 10 17 5 3 4 6 8 22 9 2 6 5 0 3 16 0 17 3 6 19 6 2 10 7 0
13 1 2 7 2 2 2 11 4 16 11 1 0 0 10 0 3 5 9 13 13 10 3 0 0 1 4 0 1 11 2 1 3 1 6 3 1 3 6 6 0 2 3 1 0 2 6 0 7 3
15 11 11 2 15 2 10 15 17 4 8 6 5 20 4 9 6 1 9 7 5 4 0 9 9 5 3 0 2 9 7 3 16 7 0 17 3 0 52 1 9 19 0 4 0 1 1 12 3 15
0 0 0 1 1 0 0 1 0 1 0 0 0 1 0 0 1 0 0 0 0 0 1 0 1 0 2 0 0 0 0 4 0 0 1 1 0 1 0 0 0 0 0 3 0 0 0 0 0 0
1 0 0 4 2 0 0 0 2 1 0 0 0 1 1 0 0 0 0 0 1 1 0 0 1 1 3 1 0 1 0 0 0 0 0 0 9 0 0 0 0 1 0 0 1 0 1 1 0 0
1 10 9 6 9 19 7 0 0 2 3 4 4 7 3 7 1 4 5 1 24 2 0 3 14 1 2 7 2 0 3 12 26 1 1 6 2 6 4 14 1 2 15 3 1 3 8 1 12 14
10 0 2 1 0 9 26 7 2 0 8 0 0 4 2 5 4 0 2 0 5 5 4 0 8 5 1 2 4 10 0 1 2 0 2 1 1 0 0 5 2 26 1 0 8 1 2 2 2 0
0 0 1 8 4 0 0 1 0 0 0 0 0 0 7 1 0 0 0 0 0 7 0 2 3 1 13 2 0 0 4 0 0 1 2 0 3 1 0 0 0 0 1 0 1 0 1 5 0 1
2 13 0 17 5 2 18 1 31 0 8 18 7 3 0 6 16 15 5 12 7 7 0 7 2 5 6 30 4 11 0 6 19 1 45 4 1 1 12 0 56 6 3 2 4 0 18 0 2 9
3 0 0 1 1 0 0 0 0 2 0 2 1 0 2 0 4 0 0 0 0 0 1 0 1 0 0 2 0 1 0 0 0 0 0 0 2 1 0 2 0 0 0 2 1 3 0 0 1 0
1 6 0 0 2 1 0 0 2 4 6 0 7 9 2 4 6 1 1 0 7 1 6 0 1 0 0 2 0 0 2 1 10 1 1 1 1 7 0 8 10 32 1 6 4 2 0 3 3 3
9 0 5 8 0 1 11 3 0 5 4 2 4 2 0 38 4 6 0 0 1 6 3 4 10 1 1 1 3 9 7 3 10 0 1 0 1 0 0 4 5 4 3 6 1 6 8 11 0 36
19 15 0 2 6 10 1 1 10 1 5 1 12 0 6 18 3 19 11 3 1 1 2 3 5 18 6 2 20 7 1 20 15 6 6 6 1 13 3 1 7 6 1 1 9 4 4 2 0 12
0 0 0 0 0 1 0 3 0 1 0 11 0 0 2 0 1 0 0 0 0 2 1 9 1 0 1 1 7 0 0 0 0 0 0 0 1 0 0 0 0 0 1 0 7 0 0 0 2 1
9 7 0 3 22 33 5 5 2 8 10 8 4 10 16 0 10 10 1 0 5 3 3 23 0 16 17 2 0 1 13 1 10 39 3 11 2 8 23 1 2 5 6 14 3 15 9 7 19 4
1 2 1 1 0 0 0 0 0 0 0 0 0 0 0 1 1 1 0 0 1 0 0 1 4 1 4 0 0 1 0 2 0 0 5 0 8 0 0 1 0 0 0 0 0 2 3 0 0 1
0 0 0 0 0 0 1 0 11 2 0 0 0 0 2 0 1 0 1 0 0 0 0 0 0 0 0 1 0 1 2 0 0 0 0 0 0 0 0 0 0 0 1 0 2 7 0 0 0 0
1 0 0 0 0 0 0 2 0 0 0 1 0 0 2 4 0 0 2 2 3 1 0 0 0 0 0 0 0 0 0 2 0 5 0 0 0 0 5 1 0 0 0 0 0 0 0 1 1 0
0 0 0 0 0 1 1 1 1 0 2 0 0 0 0 1 5 4 4 0 1 0 0 0 0 1 0 1 0 1 0 1 0 0 0 0 0 1 1 0 0 1 0 5 0 1 0 0 0 0
1 0 1 0 0 6 1 0 0 4 0 0 2 1 0 7 5 0 0 4 1 0 1 0 0 2 0 5 0 9 2 0 7 0 4 6 1 2 0 1 2 0 0 0 0 2 0 3 2 9
5 0 0 2 0 3 14 1 8 10 3 1 0 15 0 2 8 3 9 4 7 0 0 0 1 1 0 1 0 2 6 1 7 1 1 6 5 3 1 4 5 0 1 2 1 3 5 3 1 3
10 2 12 1 5 22 0 24 15 2 6 3 17 2 2 7 19 10 5 3 11 3 27 11 0 7 4 13 6 10 10 11 1 19 0 1 1 2 8 7 2 3 0 3 2 10 0 3 1 2
0 0 0 0 0 0 1 0 0 1 2 2 0 0 0 0 7 1 2 0 0 0 0 0 1 0 0 1 0 0 0 0 1 1 0 2 0 2 1 0 0 0 0 3 2 0 0 0 0 0
0 0 0 0 0 0 0 2 0 1 3 0 0 0 0 0 4 0 0 0 1 4 0 0 1 0 0 0 0 2 0 0 0 0 1 0 0 0 0 0 0 0 0 9 0 0 2 0 1 1
4 1 8 17 6 3 2 2 30 7 1 15 1 14 4 8 4 4 2 0 0 0 9 1 5 9 4 4 10 4 10 1 12 0 0 41 3 5 12 10 5 4 3 3 0 6 4 9 0 2
0 0 0 1 0 0 0 0 0 2 1 1 0 0 0 1 2 0 0 0 0 0 0 0 0 0 0 0 1 0 0 0 1 0 0 0 1 3 0 0 0 0 0 1 0 0 1 0 0 0
1 3 8 3 3 8 1 2 14 15 4 29 4 0 8 0 7 0 2 7 2 7 17 6 5 23 3 19 5 4 17 19 40 7 9 7 6 2 11 0 18 2 6 2 5 7 0 11 5 14
1 0 4 1 1 9 1 6 5 11 2 3 15 0 3 4 7 2 4 0 5 3 3 3 2 1 0 2 0 5 3 0 19 9 12 3 1 0 1 0 0 4 14 0 2 4 1 0 4 14
0 0 2 0 0 0 1 0 1 0 0 0 0 0 2 0 0 0 2 1 0 1 1 0 0 0 0 0 0 0 0 0 0 0 0 0 0 1 0 0 0 0 6 0 15 0 0 0 1 0
0 3 0 2 0 0 2 0 0 2 1 0 0 0 0 4 0 0 0 12 1 1 0 0 0 0 0 1 0 1 0 0 5 0 0 1 0 0 2 0 22 1 0 0 0 1 0 0 0 3
0 0 2 1 0 1 0 1 0 1 0 1 0 0 0 0 1 0 0 1 0 2 1 1 0 0 0 0 0 0 0 4 0 0 0 0 0 0 0 0 1 0 1 2 1 1 0 0 0 0
6 3 0 11 2 3 3 1 11 0 7 9 1 0 0 0 2 4 2 0 8 3 2 2 2 1 13 0 6 7 2 1 6 0 0 2 8 0 1 9 2 1 0 0 1 1 0 0 0 1
1 0 0 1 2 0 0 0 0 0 0 7 1 0 0 0 0 1 2 1 0 0 0 7 0 0 0 0 24 0 4 1 0 2 0 0 0 0 0 0 1 1 1 0 0 0 1 0 1 1
0 0 1 1 0 0 0 0 2 3 1 0 0 0 2 0 1 0 0 0 0 0 2 0 0 0 0 0 0 0 0 0 0 0 1 0 0 0 0 0 0 0 1 2 0 0 0 1 0 0
0 0 2 7 7 0 1 1 3 7 3 1 19 6 2 2 0 3 3 4 0 0 1 3 14 8 23 1 4 7 4 1 12 2 9 0 2 0 0 5 0 9 5 4 2 4 36 0 6 5
0 2 1 0 0 0 1 0 0 1 0 0 2 0 0 12 2 0 0 4 1 0 0 0 1 2 0 0 1 2 0 0 0 0 3 4 1 0 0 1 1 1 0 0 1 0 1 0 0 2
6 4 5 26 2 14 3 10 6 6 23 6 9 1 30 0 2 4 23 4 7 1 3 33 6 7 8 7 0 6 18 6 4 15 12 11 15 2 6 19 3 3 7 7 3 6 1 4 0 1
3 2 2 4 4 26 2 2 4 8 4 1 1 10 1 20 3 5 8 5 7 36 0 5 7 12 23 2 8 10 1 18 26 5 13 2 3 14 35 14 10 8 18 3 5 15 6 12 11 7
20 0 6 0 7 2 2 0 6 4 7 2 8 6 11 3 1 9 0 4 1 3 10 0 5 1 17 2 0 2 7 1 0 1 0 2 8 5 4 4 2 11 4 5 25 2 3 12 1 0
2 4 0 17 15 14 2 2 1 15 3 4 5 3 6 9 1 11 1 9 15 5 0 3 11 6 12 8 7 9 7 0 2 7 0 3 0 8 4 4 5 3 2 7 0 7 18 2 8 23
0 0 0 0 0 0 6 0 2 0 0 0 1 0 1 5 0 0 0 3 2 0 0 1 1 2 0 0 1 2 0 0 8 0 9 1 1 2 0 1 1 0 0 0 1 0 2 1 4 0
5 3 0 2 10 4 0 0 7 0 6 0 0 0 0 0 2 6 1 1 3 2 0 9 0 0 0 0 2 2 9 3 0 6 0 0 19 4 16 11 1 5 3 1 1 5 9 1 0 0
0 1 7 0 3 1 7 0 7 0 9 4 2 12 3 10 0 3 42 0 4 2 2 2 0 3 3 18 13 0 1 2 0 3 3 4 0 0 0 0 7 3 0 0 1 0 1 9 3 4
0 0 0 0 0 0 0 1 0 1 1 0 0 1 0 0 0 0 0 0 0 0 1 0 0 0 1 1 0 0 0 0 0 0 1 0 1 2 0 0 1 0 0 1 0 0 0 0 0 1
1 4 2 0 0 0 1 3 3 5 4 0 10 2 0 4 0 0 1 4 2 0 2 3 1 0 0 0 0 13 0 0 0 4 1 4 2 0 6 4 2 0 0 0 0 1 0 0 2 15
0 3 0 0 0 0 0 0 0 0 0 0 0 0 0 1 0 0 2 0 0 0 1 0 0 0 1 0 0 0 0 0 0 6 0 2 0 0 0 0 3 1 1 0 0 0 0 0 5 0
10 6 5 2 2 20 3 7 7 10 16 2 5 30 4 8 3 2 7 7 1 9 10 5 10 6 6 3 1 1 1 15 11 35 10 0 4 4 5 0 4 1 6 9 0 45 7 5 0 7
0 0 0 0 1 0 0 0 0 0 7 1 1 0 1 0 5 3 24 0 0 0 0 0 1 1 1 2 0 0 0 1 0 0 0 1 0 0 0 0 0 1 0 14 0 0 0 0 2 0
4 9 5 1 0 0 13 0 0 2 5 0 8 0 0 40 2 6 30 0 0 3 10 0 1 1 0 2 0 8 2 7 14 0 5 0 0 1 2 0 1 15 0 6 0 3 1 1 1 3
0 0 3 0 0 0 0 1 0 0 0 1 0 1 1 1 0 0 0 1 0 1 0 1 1 2 1 0 0 0 0 0 2 1 2 3 0 0 1 1 0 1 0 1 4 0 0 1 0 0
4 6 2 6 6 2 0 0 0 2 0 15 6 1 3 2 2 12 9 8 0 2 1 1 0 1 4 4 6 0 2 6 14 8 2 1 2 3 2 1 5 2 2 9 0 0 8 7 10 0
0 4 7 18 0 34 16 8 7 7 14 3 9 7 5 12 3 36 10 18 19 8 3 7 26 0 0 4 7 5 0 0 11 4 1 16 2 4 4 4 3 12 5 0 0 8 2 18 18 18
9 0 0 2 8 5 7 3 3 0 7 1 0 2 20 2 6 0 1 5 0 0 11 8 6 3 25 2 4 16 4 5 3 7 7 0 0 4 7 4 9 12 4 13 1 3 2 5 1 1
1 4 2 1 22 1 16 1 4 3 11 5 3 8 1 2 4 7 17 5 2 10 1 0 4 2 0 2 12 2 14 12 3 2 4 8 0 7 2 5 16 3 4 3 3 8 10 0 3 19
4 0 0 0 1 4 1 7 2 10 0 0 0 4 3 1 2 5 3 2 3 2 8 0 0 13 15 4 1 2 3 3 0 0 6 9 1 9 3 2 4 1 0 0 0 2 0 3 6 6
13 5 0 15 7 19 1 2 2 3 7 11 1 8 2 11 1 0 0 16 7 3 2 7 0 5 9 11 3 9 16 2 4 11 9 6 18 6 16 3 18 7 4 2 12 12 3 4 9 16
3 13 17 11 18 4 8 3 4 14 0 10 8 21 0 4 13 16 15 5 9 0 3 2 5 0 5 10 2 5 6 4 1 2 11 1 2 34 7 1 13 3 4 15 2 13 2 11 4 2
12 3 0 4 1 0 4 7 9 2 11 2 11 7 3 16 6 0 0 4 6 2 23 8 0 0 6 8 1 6 6 12 4 0 0 5 0 21 5 8 2 10 6 2 29 8 1 6 4 4
0 11 3 1 6 5 16 13 0 4 0 1 5 0 5 0 15 0 2 0 9 3 1 5 11 14 1 5 6 16 5 9 0 1 1 2 0 0 4 0 0 7 2 1 4 14 0 0 1 1
10 12 3 4 2 4 6 1 17 4 6 8 3 0 10 12 4 8 6 0 31 18 9 2 11 9 10 10 3 1 1 0 6 2 11 1 5 0 9 2 2 4 6 6 3 0 16 16 5 4
0 5 5 5 3 21 0 11 0 2 0 2 4 1 4 5 0 9 1 6 4 37 5 8 12 1 8 10 1 0 13 0 2 10 8 2 2 5 5 8 1 12 0 3 4 2 0 8 4 1
3 3 7 2 1 6 0 1 9 0 0 1 12 5 1 2 5 13 3 4 2 5 7 7 1 3 11 7 13 2 9 7 11 5 8 0 2 9 14 1 3 8 5 2 8 7 4 9 0 1
9 5 9 2 13 14 10 0 0 0 2 6 0 4 19 0 0 23 16 2 1 2 0 30 2 6 2 8 1 10 1 28 0 2 7 17 0 10 8 0 19 4 1 7 0 10 18 2 3 1
13 0 2 3 1 1 5 7 3 3 20 6 12 2 1 1 2 3 2 1 2 1 0 1 0 5 2 0 6 7 2 22 3 5 0 2 3 1 1 0 2 9 8 1 9 3 2 13 3 1
1 11 14 14 4 6 15 0 1 10 2 10 0 5 19 1 2 3 1 4 2 0 16 0 8 1 7 0 6 2 0 3 0 17 3 1 14 5 2 8 2 1 1 27 1 0 1 2 15 1
15 15 0 2 5 19 11 0 3 0 30 1 11 8 4 1 16 0 12 4 3 6 1 2 0 33 0 6 4 2 5 0 0 4 3 18 3 6 0 16 8 12 17 7 1 7 0 9 1 8
17 2 8 7 0 5 7 5 0 0 5 3 3 0 21 8 0 1 0 7 2 4 1 1 2 1 4 3 6 9 1 3 12 6 2 11 5 0 0 0 1 4 7 2 1 8 2 14 1 4
4 5 0 2 1 3 8 2 7 0 5 0 0 2 4 4 0 0 5 2 3 0 0 0 2 8 0 1 3 1 1 0 12 1 1 5 0 0 0 0 1 6 6 10 8 0 0 1 4 0
0 1 0 0 2 0 0 0 0 1 3 2 8 0 2 0 2 6 0 0 0 0 0 0 0 0 0 0 0 2 0 2 1 0 1 0 0 0 0 1 1 0 0 7 2 0 0 0 0 0
1 1 5 0 1 0 0 0 0 1 1 0 2 0 1 1 1 0 0 1 1 1 0 0 1 2 1 2 0 0 3 0 0 0 0 1 1 1 0 0 0 0 0 0 2 0 0 0 0 5
1 1 1 0 0 0 0 1 0 0 0 0 0 0 1 0 1 0 1 0 0 1 0 2 0 1 0 0 5 0 1 0 0 0 0 0 0 0 3 0 1 0 1 0 0 1 0 0 0 0
0 1 3 1 26 15 1 0 1 3 12 3 8 11 2 12 7 13 5 8 22 6 6 13 2 11 9 13 8 0 12 0 15 1 1 0 16 16 13 7 33 16 20 1 5 12 9 2 7 3
1 1 0 14 0 0 2 0 0 0 0 0 3 2 1 0 0 0 1 0 1 0 0 1 1 0 4 0 0 1 0 0 0 1 0 1 2 0 1 1 2 2 2 0 0 0 0 0 2 0
