0 0 0 0 0 0 0 0 3 1 0 0 1 0 0 1 1 1 6 1 0 0 0 0 0 0 0 0 0 0 0 1 0 2 16 0 1 0 0 0 2 2 0 0 14 0 4 0 0 0
0 1 0 0 7 0 0 0 8 4 4 4 1 5 7 4 0 0 2 0 3 1 4 0 12 1 0 2 0 1 6 0 0 1 0 3 5 0 0 5 7 2 1 2 4 1 3 2 3 1
1 1 22 3 7 4 3 4 0 4 12 2 0 6 5 7 17 2 12 9 13 2 2 7 4 1 0 9 3 0 1 1 30 3 6 0 1 3 13 3 4 0 13 3 5 2 0 23 8 28
2 0 0 0 1 0 0 0 2 0 0 0 0 0 0 0 0 0 3 0 0 0 0 0 1 3 0 0 4 0 1 0 0 0 2 1 0 0 0 0 3 1 0 0 0 0 0 0 1 2
0 5 0 9 1 0 10 3 0 1 4 1 0 0 7 3 7 2 0 3 1 2 3 0 4 0 0 8 5 1 9 1 3 11 0 8 14 12 0 2 0 2 1 1 0 4 6 0 1 3
1 16 3 4 2 7 15 5 1 1 0 4 2 8 11 2 0 4 6 0 5 24 7 3 0 2 0 3 21 3 1 20 6 0 8 3 5 2 5 4 1 1 9 6 1 2 4 0 4 5
4 2 10 9 11 8 4 1 3 14 6 24 3 2 7 10 3 12 2 26 0 21 5 0 24 0 22 10 5 4 4 2 14 23 7 10 0 3 5 3 28 7 0 1 3 3 6 4 5 12
1 0 0 0 1 2 12 5 4 3 1 5 0 0 2 15 5 1 4 0 7 4 14 2 14 4 2 2 3 7 5 2 14 0 0 4 6 10 15 6 2 3 7 1 0 2 2 2 3 10
2 7 5 1 2 1 4 9 0 4 1 0 2 14 13 1 0 4 1 1 3 0 9 12 4 1 2 10 3 2 7 11 6 1 6 14 5 3 1 1 1 10 21 11 1 5 2 4 4 1
1 21 7 5 0 8 1 2 18 1 3 0 0 4 2 4 24 4 21 6 0 3 2 1 5 11 2 4 4 4 6 0 14 1 8 18 0 1 3 4 3 11 7 1 4 17 8 7 4 2
12 0 0 0 1 1 7 0 0 13 6 5 0 1 3 2 3 0 9 11 0 2 1 6 15 15 13 4 0 2 4 3 10 0 0 9 1 3 3 0 2 8 4 7 2 0 4 4 3 5
0 0 0 0 0 0 3 0 0 0 0 0 0 2 0 0 0 0 0 2 1 0 1 1 0 1 0 0 3 0 0 0 2 1 0 1 0 0 0 0 0 0 0 0 0 0 2 0 0 0
0 2 3 0 2 1 1 1 2 6 10 6 0 1 0 0 0 0 1 1 0 0 0 2 20 2 4 15 0 3 1 0 0 2 1 5 1 1 3 0 1 5 0 7 3 2 0 2 3 4
26 1 3 4 0 5 5 2 1 5 9 4 2 0 5 0 27 12 8 8 4 7 3 9 3 12 1 1 7 4 0 1 1 0 1 7 2 1 7 4 7 2 3 0 1 14 8 0 7 0
0 0 2 0 5 1 1 1 0 6 2 0 3 0 1 0 2 38 1 2 3 6 6 8 0 3 2 0 0 0 7 0 7 9 8 3 22 3 2 1 1 9 1 9 0 0 1 8 4 5
0 1 1 0 0 0 0 2 4 0 0 0 1 1 1 0 1 1 15 0 0 0 5 1 0 0 1 0 0 1 0 0 0 0 3 0 0 0 0 0 0 9 0 0 0 0 0 2 0 0
4 0 5 0 2 4 0 1 0 1 0 5 5 7 17 4 0 4 21 1 1 0 0 1 12 0 6 1 0 1 10 4 2 1 0 3 0 1 6 0 13 0 8 18 7 0 1 0 1 2
32 9 0 3 5 6 1 3 7 0 2 0 4 3 13 5 5 0 3 2 14 4 4 0 3 19 0 22 4 0 0 8 9 3 2 5 14 8 6 11 3 2 0 3 2 1 3 14 2 5
0 0 0 1 0 1 1 0 6 1 1 0 1 0 1 1 0 0 9 0 0 0 0 0 0 0 0 0 0 0 0 0 0 0 0 0 0 0 0 0 0 0 0 0 9 1 3 1 1 4
1 0 0 0 0 0 0 2 2 0 0 5 0 0 0 0 1 0 0 0 0 0 3 1 0 0 0 0 0 1 0 0 0 9 0 0 1 0 0 1 1 0 0 0 1 0 0 0 4 1
3 0 4 0 5 13 4 1 11 14 3 4 15 2 16 0 3 1 8 1 18 3 4 2 13 2 12 0 0 0 4 5 0 1 4 9 3 27 0 4 0 1 11 0 3 5 1 7 3 5
0 1 1 0 1 1 3 4 22 10 1 3 6 1 0 1 4 8 3 0 0 1 3 0 2 1 0 10 0 4 7 7 1 2 0 3 1 0 2 1 0 1 6 2 5 1 0 6 3 9
4 0 1 6 12 5 4 7 5 2 1 8 4 1 4 3 25 23 3 3 2 4 0 6 13 6 2 8 3 9 4 12 8 9 4 2 4 15 4 13 3 0 3 1 6 2 14 3 2 0
1 0 0 1 2 0 0 0 0 0 0 0 0 0 0 0 0 2 0 4 0 1 0 0 1 7 0 0 6 1 1 1 0 1 0 0 0 0 1 0 0 0 0 0 0 1 0 1 1 0
0 0 0 7 0 1 1 0 0 0 0 1 2 0 1 0 0 0 1 13 1 0 0 0 0 0 0 0 0 0 1 1 0 2 0 0 1 0 1 0 0 0 0 1 0 0 2 0 1 4
7 9 25 1 10 0 13 11 14 5 2 4 1 1 26 9 0 6 28 0 22 9 3 24 8 6 3 0 7 11 1 3 10 1 6 1 1 5 1 1 19 5 6 2 8 11 3 7 9 4
2 10 0 0 0 2 2 1 7 4 1 3 4 0 0 1 0 2 9 0 0 2 8 1 1 9 0 1 2 1 0 2 1 1 6 1 4 10 11 4 0 1 7 11 1 1 12 1 0 1
6 1 3 1 8 4 2 0 4 5 1 3 7 2 0 4 10 3 6 2 4 1 15 1 1 6 9 0 1 4 27 1 11 1 9 2 2 11 4 1 4 0 0 2 5 1 3 14 9 3
0 9 5 0 3 0 3 5 2 9 3 2 1 5 6 2 5 6 0 2 2 7 2 0 2 0 1 0 3 12 0 1 8 7 2 11 3 0 5 0 3 15 1 6 7 13 5 29 0 3
1 5 11 10 3 0 4 1 0 1 0 4 0 10 1 2 0 0 9 3 2 0 0 0 11 12 2 2 0 3 0 2 0 0 2 8 0 0 1 2 10 1 3 1 3 4 1 7 1 0
8 2 8 3 9 0 4 11 10 17 3 1 5 0 8 3 0 10 7 0 1 0 5 0 16 7 12 5 0 1 14 17 22 7 1 3 0 0 4 3 3 6 14 4 5 7 1 8 4 2
0 2 1 2 0 0 2 5 1 4 1 3 2 1 0 0 0 0 2 0 1 0 11 1 1 0 1 5 0 9 5 8 0 4 0 4 1 0 3 2 0 0 5 0 1 5 4 5 0 2
0 0 0 0 0 0 0 0 2 0 1 0 3 0 0 0 1 0 0 0 0 0 0 0 0 1 0 0 0 0 0 0 0 1 0 0 3 1 0 0 1 0 0 0 0 0 1 0 0 1
2 0 0 1 0 0 3 0 1 1 0 1 0 1 0 0 0 1 0 1 2 0 1 0 0 0 0 0 0 2 6 1 0 0 0 4 1 0 2 0 0 0 0 0 1 0 0 0 1 1
6 12 0 10 0 11 2 4 7 0 0 1 3 5 0 3 0 1 0 0 12 5 2 12 2 1 11 1 1 10 8 5 27 0 0 11 6 2 6 31 0 0 0 10 12 6 8 9 9 1
0 0 0 0 0 1 0 0 3 1 0 0 0 0 0 2 0 0 0 2 2 2 0 0 0 1 0 0 3 0 1 0 1 3 0 1 1 0 0 1 0 0 0 0 0 0 0 1 0 0
6 0 1 1 0 19 0 3 4 6 3 3 2 13 0 9 5 11 0 1 6 9 22 0 14 1 7 2 0 4 8 6 3 9 1 15 10 7 12 3 2 26 15 0 2 3 1 6 0 2
1 0 6 1 1 0 3 4 0 0 2 0 0 4 0 0 1 11 0 0 0 3 0 0 0 0 0 1 0 0 0 10 5 0 0 0 0 0 0 1 1 1 6 2 0 2 16 0 0 0
0 6 0 0 12 0 0 2 1 2 0 18 3 4 0 4 5 4 3 0 2 0 5 1 2 0 1 0 0 2 2 9 0 1 1 0 3 15 4 0 2 4 1 16 0 0 10 2 2 7
11 16 1 1 10 8 2 15 26 2 1 16 1 8 7 2 4 8 3 4 5 5 10 14 23 10 8 11 0 8 0 12 34 4 0 4 1 3 1 1 3 6 6 2 4 6 1 4 1 11
0 1 0 0 0 0 0 1 1 1 1 1 0 2 0 0 0 0 0 0 1 0 0 1 2 1 0 0 3 0 0 0 0 0 0 1 0 0 2 1 0 0 0 1 1 1 0 0 0 2
7 24 0 2 2 2 1 17 2 7 5 5 11 4 13 11 4 2 12 7 40 1 2 54 15 2 4 5 1 15 14 0 2 0 1 7 3 11 14 2 9 3 19 7 0 15 7 3 19 23
15 2 0 6 2 3 2 8 9 0 1 5 0 4 3 0 5 5 0 3 1 5 1 4 15 11 1 5 2 9 0 1 2 9 8 10 0 7 2 1 0 4 4 3 9 2 11 0 3 8
0 0 0 0 0 0 0 2 2 0 1 0 0 0 2 0 3 0 17 0 0 0 0 0 0 1 0 0 0 0 0 0 1 0 6 0 1 0 0 1 0 3 0 1 4 0 0 2 0 2
4 2 1 7 0 1 0 1 1 1 2 9 2 3 11 0 17 3 1 0 0 1 1 9 0 0 12 4 0 0 1 6 7 3 0 0 6 0 13 7 0 3 3 10 1 1 5 9 3 11
2 1 3 0 0 0 0 3 0 0 0 6 0 0 0 1 0 0 1 0 0 0 2 0 0 0 1 4 0 0 1 0 0 2 1 0 0 0 0 1 1 0 0 0 1 2 1 0 10 0
2 3 1 1 0 6 17 0 4 3 0 2 8 5 3 2 7 0 8 3 3 2 0 3 6 10 1 7 1 0 0 1 1 5 3 8 0 1 1 2 3 8 1 1 3 4 0 0 0 7
3 9 17 4 7 4 2 3 3 0 22 2 2 4 6 5 11 4 1 5 2 13 2 7 0 19 7 18 7 11 7 8 1 2 8 0 2 27 31 3 4 2 1 14 10 14 8 11 1 0
0 9 2 7 8 0 0 3 4 4 12 6 0 5 0 0 1 20 2 11 4 2 1 9 8 1 1 0 3 4 6 3 2 0 0 5 1 2 2 4 3 9 0 2 0 0 6 2 1 0
2 12 13 3 8 7 7 35 25 14 10 3 4 2 4 4 8 6 2 0 2 7 5 15 1 0 17 1 3 0 0 2 6 9 8 5 5 5 2 1 20 0 11 0 19 0 4 7 2 4
4 3 5 21 2 7 1 2 2 10 0 4 7 1 2 1 2 2 9 3 9 1 11 0 0 4 1 4 4 2 4 1 1 6 8 2 4 1 7 2 4 0 5 0 4 1 7 2 24 21
4 0 0 5 2 0 16 4 5 0 0 1 4 6 7 2 5 6 11 9 0 0 4 7 2 1 5 4 1 4 0 5 2 3 0 16 5 4 4 9 4 5 0 1 0 13 3 0 1 2
1 0 0 2 0 0 1 0 1 2 0 0 0 0 0 1 0 0 0 0 0 1 0 1 0 0 0 0 2 0 0 0 0 0 0 1 0 0 0 0 0 0 0 2 2 1 2 0 1 1
2 41 3 21 17 6 5 1 1 5 1 7 1 5 6 5 0 0 12 10 1 0 11 1 2 16 26 2 30 15 4 0 2 24 2 5 1 6 1 10 7 5 2 2 7 3 6 2 17 10
0 11 4 0 10 1 5 7 9 0 3 9 8 0 5 15 0 0 2 1 0 0 0 1 3 1 6 2 0 4 3 0 1 8 0 0 1 0 9 5 2 4 1 6 3 0 2 0 12 5
0 0 0 15 1 0 0 1 0 0 1 0 0 0 0 0 3 2 0 1 0 3 0 0 0 2 0 0 3 1 0 1 0 0 0 2 0 0 0 0 1 0 0 1 1 0 0 0 0 0
13 10 21 1 1 0 9 2 5 11 13 19 5 1 6 28 1 15 2 1 1 7 4 1 12 2 9 15 14 0 12 18 0 1 12 1 8 0 1 18 0 8 10 2 1 0 11 0 8 7
33 9 2 1 1 1 2 6 2 1 18 2 4 5 5 15 16 0 2 2 14 5 0 6 3 19 0 2 13 10 1 26 22 9 15 6 4 0 3 4 0 1 7 0 6 1 2 7 5 0
2 1 6 2 1 8 16 3 15 0 8 3 0 2 8 12 15 59 4 20 14 15 0 7 0 12 6 0 4 11 1 0 5 2 2 0 5 8 11 6 10 19 10 1 3 4 5 2 15 5
6 2 6 5 0 0 9 2 3 5 0 2 6 3 1 0 0 0 1 1 1 2 3 0 0 9 1 1 1 1 2 5 6 1 11 0 0 4 3 1 1 4 1 7 2 3 0 13 4 0
1 0 0 0 0 0 0 0 2 0 0 1 1 0 0 0 0 2 0 0 1 0 0 0 0 0 0 1 1 1 0 0 0 4 0 0 0 0 0 0 0 0 0 0 0 0 0 0 0 0
2 3 0 0 5 3 6 2 4 3 9 8 1 1 1 5 0 0 4 1 7 0 24 0 0 0 3 5 0 3 5 6 0 5 2 0 0 1 1 5 8 2 0 0 1 6 3 4 12 6
0 0 1 0 2 1 1 0 1 0 0 0 2 1 0 0 0 7 0 0 1 1 1 3 0 0 0 0 1 1 12 0 0 0 0 0 0 1 0 0 0 0 0 0 0 0 0 0 0 0
4 2 1 0 8 8 0 3 3 1 5 1 1 5 1 1 1 7 7 33 6 13 9 0 4 8 0 0 7 4 0 3 26 3 0 3 0 4 1 10 0 1 7 4 1 6 2 6 10 2
28 1 15 11 12 0 10 9 0 2 1 4 3 0 9 0 3 0 12 0 6 3 11 0 1 1 13 0 6 3 53 11 1 24 0 4 3 2 0 4 6 0 19 1 4 3 3 0 1 9
6 3 6 0 7 1 2 0 1 5 2 0 6 0 2 3 9 0 12 4 0 2 3 9 0 2 8 5 5 6 3 0 1 0 12 2 5 2 0 0 6 1 2 8 1 7 0 16 0 7
2 0 10 1 2 1 2 1 8 0 14 3 2 9 7 12 5 25 0 0 6 2 0 1 4 0 1 25 3 10 1 1 3 0 1 0 0 4 14 2 6 8 15 17 10 6 39 22 8 3
1 5 1 1 0 2 14 4 1 0 5 8 0 6 0 3 0 0 2 6 2 6 0 0 4 6 3 2 1 0 1 6 3 1 25 3 2 5 5 2 11 4 24 3 23 4 3 0 7 7
0 2 0 0 0 0 0 1 0 0 0 0 0 0 1 0 0 1 0 0 3 0 0 1 0 3 2 0 0 0 0 0 0 0 0 1 0 2 0 0 0 1 1 0 1 0 1 0 1 1
3 2 3 6 13 12 1 9 1 10 0 0 4 7 16 1 26 9 5 1 4 0 6 12 2 1 0 0 0 0 0 4 8 2 10 3 19 8 4 2 4 1 2 1 5 8 0 4 1 0
1 0 0 0 2 3 0 0 0 0 0 0 1 0 0 1 1 1 1 1 3 0 0 0 0 1 0 0 0 0 0 0 0 0 0 0 0 0 0 0 1 0 0 0 0 0 2 0 0 0
4 2 3 0 0 0 7 0 5 6 9 5 11 2 7 19 4 1 7 0 2 5 5 0 0 1 3 3 4 4 6 5 4 1 11 5 1 2 3 3 0 0 8 1 11 0 0 2 9 3
1 1 4 2 7 15 5 9 0 7 3 2 0 0 1 9 13 0 0 3 2 5 0 2 2 5 19 0 0 3 1 8 2 17 1 2 0 3 3 0 8 0 11 0 0 0 10 3 0 3
0 0 7 0 3 0 0 0 0 0 0 0 0 1 0 2 1 1 0 2 0 0 0 0 0 1 0 0 1 0 0 0 0 0 0 0 0 0 0 0 0 0 1 0 0 1 0 0 0 1
0 0 1 0 0 0 0 4 0 0 1 0 0 4 0 0 0 1 0 0 2 0 0 0 0 0 0 0 1 0 0 0 0 0 1 4 2 0 0 0 1 0 0 0 0 1 2 0 0 1
1 2 1 3 0 1 0 0 1 0 0 2 1 0 2 7 2 0 0 9 0 8 0 0 0 5 0 1 10 0 1 0 2 2 0 2 5 18 0 11 7 0 0 0 0 0 0 0 0 0
4 8 0 28 2 0 0 7 2 9 27 2 8 0 16 0 0 5 1 6 6 3 2 5 4 10 0 8 9 9 4 2 18 10 7 19 10 5 12 2 5 15 9 0 2 11 0 5 3 4
6 12 16 10 20 0 8 7 20 7 3 9 11 11 0 18 3 0 1 6 18 0 1 2 37 3 6 2 29 0 7 3 3 0 5 12 14 1 1 3 3 21 5 5 3 0 3 2 12 5
8 12 1 2 6 0 6 8 6 8 5 13 2 7 1 1 8 4 1 28 12 5 14 0 4 3 3 0 9 0 15 20 3 10 1 1 2 6 1 1 8 0 0 1 2 9 1 5 0 2
0 2 2 4 6 0 0 0 4 5 2 7 2 8 4 15 19 3 53 8 25 0 1 3 9 9 9 2 10 13 1 5 7 1 6 9 4 18 0 0 11 6 13 22 9 0 7 0 0 0
0 0 0 0 0 0 0 3 1 0 0 0 0 0 0 0 1 0 0 0 0 0 0 2 0 1 0 0 0 0 0 0 0 0 0 0 0 0 2 0 1 0 1 1 0 0 0 0 1 0
3 2 0 18 5 13 3 2 2 13 4 1 0 0 1 4 4 5 10 10 1 1 0 0 4 3 2 3 0 1 7 1 0 4 2 4 0 1 1 3 1 9 11 4 6 7 5 1 18 1
4 11 15 15 24 3 9 4 1 8 4 0 0 2 1 0 22 8 20 1 0 18 0 9 8 2 10 0 0 2 2 0 2 0 11 2 0 1 0 8 8 0 10 8 1 1 14 8 2 3
6 4 0 1 7 0 0 8 3 2 1 6 2 3 2 1 6 3 0 6 4 0 2 3 3 14 5 7 6 2 0 2 15 3 1 1 0 4 3 3 3 4 4 3 1 11 5 3 4 9
4 15 7 20 11 5 9 0 3 6 2 6 11 1 0 15 6 19 3 1 6 1 21 30 3 8 0 21 3 14 0 2 0 6 6 10 9 1 1 23 20 5 4 3 11 6 3 3 6 9
14 6 0 2 6 2 0 13 1 1 25 2 2 2 6 0 3 4 22 8 8 7 6 1 5 5 4 5 12 4 16 15 2 0 13 0 15 2 5 2 7 7 13 2 7 4 17 3 0 0
0 0 0 2 7 3 1 0 0 0 0 0 1 0 1 8 0 0 0 0 11 0 0 0 0 0 0 1 0 0 2 1 0 1 0 0 0 0 0 1 0 0 0 1 0 0 2 0 1 0
26 7 5 0 15 0 1 4 7 16 5 2 28 7 19 2 1 15 2 20 5 7 6 3 4 8 28 0 5 17 9 2 18 2 2 0 0 2 2 17 9 6 1 10 1 4 11 5 5 7
2 15 0 18 11 16 6 2 16 7 32 10 2 7 8 7 0 0 11 26 6 4 0 7 9 2 6 4 6 0 6 0 1 8 0 10 1 0 8 3 7 14 0 2 11 4 6 13 1 2
0 0 0 0 7 3 3 1 1 11 3 9 0 4 2 4 4 9 4 5 14 5 1 1 6 0 25 6 4 6 20 0 8 10 3 15 11 7 2 0 29 12 5 2 8 8 8 5 6 19
0 2 0 0 0 1 0 0 2 0 0 3 0 1 0 0 0 1 3 0 0 0 0 0 0 0 0 2 0 0 2 0 1 0 1 0 1 7 0 0 1 4 2 0 1 1 0 3 0 2
1 0 0 0 0 1 1 2 0 0 0 0 1 6 1 0 1 0 0 0 2 0 0 2 0 0 0 0 2 0 0 5 0 0 1 5 0 0 2 0 1 0 1 5 2 0 0 0 0 0
3 0 0 10 0 5 0 0 0 0 0 0 1 1 4 0 5 1 0 24 1 4 0 0 0 0 0 0 0 0 0 0 7 0 0 0 4 0 0 9 3 0 0 0 0 0 0 0 0 0
0 1 0 2 2 1 0 0 0 1 0 0 0 1 0 2 0 1 0 0 0 3 0 5 0 0 0 0 0 0 0 0 2 0 1 0 2 0 0 3 2 0 0 0 0 0 0 0 0 0
0 0 8 0 0 0 2 0 0 0 1 0 0 2 1 0 0 4 0 0 0 0 1 2 3 0 0 0 0 2 3 0 1 0 1 0 0 0 1 1 1 0 7 6 0 0 6 0 1 0
17 7 1 19 1 24 3 4 0 3 4 5 12 5 1 6 0 0 0 13 10 5 13 15 1 4 0 1 0 5 4 0 8 11 13 5 1 4 1 0 0 10 2 2 0 9 0 0 1 0
0 0 1 0 1 2 0 3 0 1 0 0 0 1 0 0 3 0 0 0 0 2 0 5 0 1 0 0 0 0 0 0 2 0 1 1 2 4 0 0 1 0 1 0 0 0 0 1 0 0
15 1 4 4 1 1 2 2 0 10 1 0 0 5 2 0 11 0 0 5 0 3 2 2 0 1 30 1 2 0 3 4 3 5 5 10 1 2 2 1 0 3 0 3 0 1 10 0 2 2
3 3 5 5 3 3 1 5 7 3 3 10 6 8 3 0 5 7 3 0 1 2 3 0 0 1 2 8 5 6 0 1 17 10 16 0 5 10 9 8 3 1 5 1 11 49 5 2 5 5
0 0 0 6 0 1 1 1 0 0 1 0 0 0 0 0 1 0 0 1 1 1 0 0 1 0 0 0 0 0 1 1 0 0 0 0 1 0 0 1 0 0 0 1 0 1 0 0 0 0
