0 0 9 8 1 0 4 0 1 0 0 2 0 10 1 3 2 1 1 0 0 6 7 6 0 8 2 9 2 9 8 16 1 0 4 0 8 25 1 4 3 11 11 2 6 4 17 5 2 5
3 1 1 9 1 13 15 6 0 1 7 5 6 2 17 2 9 0 4 11 0 3 7 9 13 3 7 1 15 21 30 25 0 1 8 0 19 1 2 10 13 11 8 13 2 3 4 7 1 3
0 0 3 4 0 5 0 0 1 0 3 1 11 1 0 0 0 0 1 1 0 2 8 5 0 0 7 3 3 9 0 0 0 0 0 0 0 1 4 0 0 8 3 1 1 1 12 3 4 1
11 7 4 0 2 1 10 5 2 4 1 2 2 3 4 15 13 2 2 2 3 0 0 4 10 0 11 0 6 0 2 0 11 8 4 8 0 5 3 2 3 5 16 0 2 1 2 2 4 16
3 23 2 8 31 13 15 0 6 4 0 3 0 2 1 37 0 7 0 1 13 8 5 2 5 5 4 17 4 6 0 7 0 9 0 7 1 8 12 16 0 0 7 8 12 1 4 5 4 0
7 4 2 7 7 26 4 4 0 1 5 5 8 1 3 0 9 7 7 16 3 2 6 6 11 1 2 5 6 2 6 4 8 2 8 15 2 18 10 5 0 10 1 2 6 0 1 3 1 6
8 4 3 7 2 1 3 1 23 18 10 0 7 0 6 6 4 16 3 3 1 0 22 1 2 8 0 15 4 1 11 13 5 8 1 0 5 1 0 9 0 13 0 7 11 2 10 0 10 7
4 1 0 3 1 1 7 4 1 1 9 2 3 11 1 1 4 2 1 18 16 5 2 18 2 2 2 10 2 15 1 4 0 0 4 2 5 1 9 0 3 2 0 7 5 2 10 12 0 3
3 1 13 0 3 2 2 7 12 1 8 0 19 7 0 1 1 3 0 8 2 1 0 4 0 23 2 16 1 1 0 6 2 1 2 2 1 1 5 1 0 3 7 2 0 1 1 9 2 5
1 0 0 0 1 2 4 2 2 3 0 5 1 0 1 1 1 4 4 0 1 0 0 1 2 0 0 0 0 1 13 0 0 0 1 1 1 11 0 4 1 1 0 3 0 5 2 0 1 6
3 1 8 4 10 1 10 6 6 11 1 9 9 4 3 2 4 0 8 3 2 2 8 7 4 0 37 3 8 15 1 3 0 12 9 14 2 18 3 7 6 21 6 10 1 17 2 14 1 13
0 14 12 1 23 8 22 5 23 12 10 0 0 12 6 3 6 22 16 15 6 4 7 4 3 13 12 0 19 18 2 3 3 0 3 10 8 14 0 3 0 1 1 0 1 4 20 1 0 6
2 1 0 8 6 0 0 1 1 4 9 0 1 0 0 3 6 0 2 1 0 13 0 1 4 2 0 6 11 0 9 4 3 9 6 1 1 4 2 0 1 0 1 0 12 0 11 1 0 0
3 0 0 0 3 0 3 4 0 2 0 9 0 0 0 3 14 6 18 0 0 0 0 0 0 5 0 3 0 1 1 0 2 0 2 5 3 5 0 4 1 2 0 0 11 5 1 0 0 5
0 0 0 0 0 0 1 0 0 1 0 0 0 0 1 5 0 0 2 0 7 0 0 0 0 0 0 0 2 1 0 0 0 0 1 3 2 1 1 1 0 0 0 0 0 1 2 0 1 1
0 2 1 7 1 10 0 0 3 0 0 0 1 7 0 1 0 0 0 0 0 2 3 2 3 0 0 4 1 3 0 3 0 2 2 0 0 1 4 0 3 4 2 0 0 2 0 0 0 0
1 1 2 0 1 0 1 0 0 0 0 0 0 0 0 0 1 1 6 0 1 0 0 0 3 2 2 0 0 1 0 0 1 1 5 0 0 2 0 0 1 2 0 1 0 0 0 3 1 1
0 0 0 0 0 0 0 0 0 1 0 0 3 0 0 1 0 0 0 0 0 0 0 0 0 0 0 0 1 1 0 2 0 0 1 1 1 0 0 0 0 1 8 0 0 0 0 0 0 0
2 2 5 2 1 0 1 6 0 5 4 1 1 0 1 10 0 1 7 5 2 7 2 1 6 4 1 6 21 0 3 2 5 1 0 16 3 1 5 0 5 0 13 1 0 0 3 0 5 4
3 18 0 5 9 0 15 33 0 11 30 29 3 8 6 8 5 2 23 12 4 1 1 0 7 8 2 9 3 0 19 16 40 7 6 1 9 7 45 4 3 2 0 8 0 4 5 2 12 13
0 0 2 0 1 0 0 0 0 0 0 0 0 0 0 1 0 0 7 0 0 1 0 2 3 1 0 3 0 0 0 0 0 0 0 0 4 1 1 0 0 0 0 0 1 0 0 5 0 0
10 0 0 1 6 0 3 0 1 0 0 1 0 0 5 1 0 1 7 0 11 1 0 1 3 1 0 0 1 2 1 0 2 10 1 0 2 6 2 6 0 0 0 3 0 2 0 0 0 4
2 4 17 3 5 1 0 8 1 2 0 1 2 1 9 6 2 5 27 13 0 1 5 9 2 10 10 12 6 6 1 17 3 27 22 1 11 2 4 5 1 17 7 5 0 0 30 8 1 0
2 1 2 0 0 0 0 0 0 4 2 0 1 0 2 1 0 2 0 0 8 0 2 0 0 0 1 0 0 0 0 1 1 0 0 2 0 1 0 0 0 3 0 1 0 0 0 0 0 1
0 0 0 1 0 1 0 0 0 0 0 0 0 0 0 0 0 0 0 0 0 2 2 1 0 0 0 0 0 0 1 2 1 0 2 0 0 3 0 0 2 1 0 3 1 0 0 0 0 0
1 0 0 1 0 1 2 0 0 0 0 0 1 0 0 0 2 1 0 0 0 0 1 1 0 0 4 1 1 0 0 0 0 1 0 0 0 4 0 0 0 2 0 1 2 0 0 0 1 0
8 2 12 3 1 5 13 6 4 7 0 2 5 0 4 16 16 22 0 11 4 10 6 0 6 7 1 38 12 0 3 3 0 11 7 0 1 2 6 15 2 8 2 21 5 21 5 1 6 1
2 5 65 11 0 1 5 1 21 4 6 33 5 2 1 4 13 7 15 15 19 8 3 0 2 30 6 8 11 9 20 6 3 5 14 0 10 24 0 5 1 10 3 1 9 17 4 19 11 1
9 2 0 3 7 14 1 4 0 4 8 7 1 6 9 8 0 17 7 5 4 24 1 1 0 4 6 1 10 17 2 6 1 19 15 1 20 1 0 8 13 0 2 6 1 17 54 1 5 4
0 0 3 1 2 3 0 0 2 4 2 2 4 0 9 0 8 6 6 6 4 6 8 2 1 0 3 2 2 1 5 6 11 0 4 6 16 2 2 11 0 9 4 1 8 3 0 4 6 2
2 1 0 1 1 1 10 5 4 0 9 0 4 9 0 1 3 5 1 0 12 3 9 13 5 6 3 5 3 2 9 1 5 0 18 3 8 1 0 0 4 3 1 1 23 5 0 3 12 11
0 0 4 3 4 4 0 13 7 5 0 4 4 7 3 4 8 17 9 0 1 1 2 12 0 0 0 12 5 13 1 4 0 5 1 3 2 7 7 19 18 2 8 4 1 33 15 1 9 0
0 1 0 1 0 0 1 0 0 1 1 0 0 1 0 0 3 0 0 0 0 0 0 0 0 0 0 0 0 0 0 0 0 0 0 0 9 0 0 0 0 2 0 0 0 0 2 0 1 0
2 0 0 1 4 0 0 0 0 1 0 0 0 1 0 0 0 0 1 0 1 0 0 0 0 1 0 0 0 0 1 2 0 3 0 0 0 0 0 0 0 0 0 0 0 0 0 0 0 0
16 25 4 24 5 1 0 14 11 1 1 1 4 2 6 12 4 11 4 3 2 11 8 36 0 0 6 11 5 5 0 29 20 17 7 14 17 20 6 4 12 7 2 1 21 8 19 5 8 4
0 4 11 1 6 0 4 5 8 4 2 1 5 12 2 5 6 6 0 1 10 10 9 3 0 0 4 3 2 8 1 1 5 2 6 8 3 4 2 4 4 5 0 1 2 7 1 6 2 7
5 9 4 2 9 1 18 4 4 10 0 20 18 0 3 19 2 9 1 2 2 14 16 1 4 1 5 0 5 2 2 0 2 4 24 4 4 5 2 23 18 0 38 2 6 0 3 15 25 3
0 0 0 0 0 0 0 0 0 1 0 1 1 0 1 6 0 1 0 0 2 0 2 0 0 2 0 2 1 0 0 1 0 3 1 0 1 0 4 0 2 0 0 0 0 0 0 1 0 0
14 9 4 21 7 5 3 15 1 6 7 32 25 1 1 0 0 6 3 4 27 0 0 0 2 2 0 1 1 0 13 4 0 7 2 8 5 2 7 18 4 1 0 7 5 10 3 4 6 1
1 1 1 9 0 1 2 0 0 0 1 2 3 3 0 1 0 0 0 4 0 1 20 2 2 1 3 9 14 5 0 12 0 0 0 0 0 1 4 0 2 2 5 4 1 0 10 10 4 0
4 6 16 3 2 5 2 15 0 15 0 7 0 4 18 9 14 14 0 7 1 29 9 7 2 15 12 1 2 2 19 12 12 2 10 0 3 9 1 13 0 6 2 18 0 0 19 3 1 1
2 0 0 0 0 1 2 0 2 1 0 1 1 0 0 2 0 1 0 0 1 0 0 0 1 2 0 0 0 2 0 2 1 0 0 0 1 0 2 0 2 0 0 0 1 0 0 1 1 0
3 12 4 6 0 0 7 0 4 26 3 10 1 1 13 0 12 4 11 2 28 21 5 2 2 2 1 6 30 2 0 2 2 27 0 6 4 2 1 3 0 6 5 8 0 5 11 5 14 16
0 0 0 1 0 5 1 0 0 0 2 0 3 0 0 0 0 1 1 0 0 9 0 1 2 1 1 2 3 1 0 3 2 0 1 0 2 0 8 0 9 0 1 0 0 0 5 0 0 0
4 10 3 6 7 16 3 1 1 2 0 3 8 8 2 10 0 3 5 5 0 3 2 3 8 1 0 1 19 4 4 1 12 1 4 3 9 0 0 0 5 10 0 3 2 0 2 23 3 9
5 0 6 3 2 6 0 8 0 7 4 0 2 2 2 0 7 2 5 0 0 2 0 1 6 0 0 3 3 1 2 2 3 3 1 4 2 0 20 2 14 0 3 2 4 1 0 0 3 2
15 1 3 25 6 23 11 3 11 5 5 1 6 2 10 19 11 2 7 8 7 9 5 28 9 14 19 32 35 9 0 5 23 11 12 0 10 8 3 10 12 31 4 17 8 5 8 5 0 1
2 3 17 0 3 4 0 2 4 7 3 3 5 0 11 9 0 5 0 0 9 3 15 2 0 6 9 6 2 1 5 1 0 1 5 5 19 1 2 7 0 5 4 0 6 10 7 7 17 0
1 2 5 0 1 2 2 5 19 2 0 9 2 9 17 2 7 0 0 1 7 1 11 8 2 20 0 1 1 6 9 4 1 2 11 0 4 20 5 1 4 4 0 1 2 15 1 4 2 1
39 8 3 1 1 29 0 1 26 13 4 42 0 1 0 6 4 0 5 1 0 1 1 33 5 0 0 15 3 2 16 6 0 0 3 4 1 3 8 9 9 6 3 12 2 2 3 12 8 13
5 8 0 2 5 10 1 7 14 0 3 1 0 3 3 2 5 3 2 7 1 28 4 4 10 4 3 2 0 1 5 0 0 4 3 4 6 5 0 0 4 3 4 7 0 13 3 0 1 1
0 0 1 1 0 0 0 0 1 2 4 0 0 2 0 0 1 3 0 0 0 0 1 0 3 1 0 1 0 0 0 0 1 1 0 1 0 1 0 0 1 1 0 0 0 1 0 0 0 0
0 4 8 2 1 6 1 0 0 0 1 0 12 7 0 0 0 0 0 0 0 16 4 4 0 0 2 6 5 3 2 1 0 0 0 0 0 0 3 0 5 21 1 1 1 0 2 2 3 0
6 25 3 1 3 0 11 14 3 8 0 0 6 13 12 1 9 0 3 3 3 1 18 13 20 5 0 4 0 5 8 7 0 3 2 8 7 8 3 2 18 6 1 0 3 10 6 9 8 3
0 1 1 0 0 1 2 0 12 0 0 0 0 5 0 3 0 0 2 0 0 0 1 0 0 0 2 0 2 0 0 2 0 1 0 1 0 0 0 3 0 5 0 0 1 0 0 0 1 0
9 12 3 8 2 14 5 13 0 23 6 0 5 6 10 21 0 4 0 9 4 5 17 8 37 12 0 6 6 1 3 24 0 11 1 0 16 5 1 1 12 5 32 8 0 46 17 28 7 1
1 2 19 6 12 1 3 0 4 0 2 0 0 1 5 9 0 2 0 3 5 17 4 0 4 21 0 0 3 1 5 2 3 0 17 2 4 3 1 0 2 10 1 6 11 3 0 20 0 1
0 0 2 1 0 1 1 0 2 1 3 1 1 1 0 1 2 0 0 0 0 0 1 0 0 0 7 0 1 0 0 1 0 3 0 0 0 0 0 0 0 14 0 0 1 1 0 12 0 0
1 9 4 1 3 6 4 27 1 0 9 2 1 5 18 4 0 5 20 1 19 2 0 3 16 22 9 12 3 0 19 0 13 6 0 0 0 2 10 11 1 1 0 1 5 5 10 0 28 6
4 1 3 0 5 0 5 25 3 9 5 6 3 5 6 25 2 10 9 5 9 2 0 7 1 14 0 9 9 12 24 7 25 2 15 4 3 7 5 0 11 0 5 3 4 0 24 19 16 1
6 10 0 9 1 5 0 9 2 3 2 13 14 19 5 1 2 2 4 9 13 8 4 3 0 5 16 13 0 10 0 13 44 1 1 2 7 8 5 3 4 1 3 14 0 3 5 8 5 0
5 0 0 0 0 0 0 0 0 0 1 0 1 0 2 3 0 0 2 0 0 0 0 0 0 0 1 0 0 4 0 0 0 1 1 0 0 0 0 0 0 2 1 0 0 0 0 0 1 0
0 7 4 6 1 0 0 2 3 1 8 7 9 15 5 3 2 3 9 4 10 9 1 1 2 0 1 16 5 3 0 2 0 8 6 4 0 0 0 3 0 1 1 12 4 5 0 2 11 10
0 0 1 0 2 0 4 0 0 1 1 3 2 0 1 0 1 0 0 1 7 0 0 0 0 9 0 1 0 0 0 0 3 0 0 5 3 1 0 0 1 0 0 0 14 6 2 0 0 7
19 5 3 15 6 2 2 14 1 0 2 5 2 18 9 11 3 2 7 16 5 4 1 7 4 6 1 1 4 23 5 5 21 20 8 9 3 7 1 7 13 2 0 8 9 2 0 4 9 11
0 11 5 10 9 1 1 5 30 1 8 18 17 11 0 19 0 22 7 20 4 7 8 28 12 6 7 0 8 1 4 5 1 11 0 4 1 6 4 0 14 10 11 5 19 4 2 24 3 3
14 1 21 8 9 4 0 1 11 11 12 21 3 3 6 2 5 12 0 0 3 10 1 0 13 0 10 12 38 1 14 1 4 41 7 1 2 1 8 3 6 2 9 14 2 5 0 2 0 0
13 14 0 8 0 5 3 0 0 22 5 10 10 3 13 4 16 6 1 14 3 0 9 1 2 4 8 6 7 1 2 10 1 0 1 4 6 14 8 8 6 2 1 17 6 12 2 3 2 3
16 6 8 0 1 15 2 1 3 10 13 4 11 14 1 14 6 0 0 9 5 3 14 26 3 1 2 10 11 0 10 9 4 2 9 3 0 3 32 1 2 24 7 6 1 1 21 10 16 11
0 0 0 0 1 0 0 0 0 4 0 0 0 0 0 4 0 1 0 0 0 0 0 0 0 0 1 0 0 0 0 2 0 4 0 2 0 1 0 0 0 0 0 2 0 1 1 0 0 0
1 23 1 9 9 19 7 11 1 5 6 9 9 21 13 6 0 5 1 3 19 0 6 25 8 6 7 3 0 22 5 5 1 8 6 8 12 7 0 20 20 4 5 8 17 8 7 8 7 0
0 9 10 3 1 2 0 4 1 10 1 3 0 4 10 0 0 4 2 1 1 11 0 2 1 1 0 8 7 8 0 3 1 0 0 4 6 0 2 6 3 10 2 0 1 0 7 32 3 6
9 1 9 8 6 2 5 1 1 18 1 5 0 3 7 1 3 1 5 5 24 6 40 17 3 4 0 2 8 5 8 10 1 27 18 1 5 14 3 1 9 1 2 8 2 1 0 10 24 0
5 4 0 6 9 5 18 1 7 1 19 2 1 20 8 3 11 7 7 13 2 14 1 5 13 2 1 7 2 0 10 2 3 14 0 15 0 0 17 0 4 4 11 1 39 6 5 1 1 1
15 3 3 9 0 23 0 6 27 2 2 0 14 5 0 1 2 2 1 8 20 0 6 0 0 3 10 1 3 1 0 5 4 0 17 1 1 12 0 40 0 8 0 0 5 1 22 14 5 3
1 0 0 0 0 1 11 0 0 1 0 0 0 0 0 0 2 0 0 0 3 0 1 0 0 1 1 2 0 0 1 0 0 2 1 1 2 4 0 0 2 0 0 1 0 0 0 2 0 0
22 6 8 7 0 5 8 8 6 8 6 10 1 7 9 4 8 1 14 7 2 10 17 7 1 11 12 23 2 3 7 19 2 6 1 7 12 18 1 15 14 0 4 2 3 2 39 1 2 4
1 0 0 1 0 0 0 0 0 3 0 0 0 2 0 1 1 0 1 0 0 0 0 0 1 0 0 0 1 1 1 0 0 1 0 0 4 2 0 1 0 1 0 0 0 1 0 0 1 0
3 0 1 0 0 1 0 0 1 0 6 0 0 1 2 0 0 1 0 1 0 0 0 0 0 0 0 2 1 2 0 0 0 0 0 1 0 0 0 0 1 0 0 1 0 0 0 0 0 1
3 2 10 6 15 5 11 12 15 14 9 2 1 0 39 10 0 6 13 0 9 8 2 23 7 1 13 1 20 2 4 2 36 2 4 0 1 1 13 16 9 5 4 0 1 4 0 1 24 5
0 0 1 0 0 0 0 0 0 2 0 1 0 0 0 0 0 0 1 0 0 0 0 0 0 2 0 0 0 0 0 0 0 0 0 0 0 0 0 0 0 0 0 0 0 1 0 0 0 0
1 39 0 4 4 13 8 8 10 1 7 13 6 20 4 4 13 2 16 10 0 23 5 5 0 4 9 16 1 1 6 2 1 38 0 21 5 1 13 7 14 7 3 2 5 15 23 4 12 7
0 0 0 0 0 0 1 0 1 1 0 0 0 0 0 0 0 0 2 0 0 0 0 0 0 2 0 0 0 0 3 0 1 0 1 0 0 0 0 0 0 3 0 0 0 1 2 2 0 0
1 0 3 4 1 1 0 0 8 0 0 0 22 1 0 1 1 0 4 0 0 5 0 3 0 0 1 3 5 1 0 0 1 0 0 1 2 0 1 1 4 0 15 1 0 0 6 2 6 0
9 8 1 14 9 5 8 7 20 3 1 2 0 9 32 7 6 6 5 3 0 9 9 1 1 6 10 13 9 11 4 9 33 13 2 3 10 12 2 15 14 5 2 12 1 0 12 10 12 2
0 14 1 9 19 0 3 3 25 6 4 2 1 4 5 10 11 4 12 11 11 10 2 7 17 14 1 3 18 1 18 2 33 7 16 10 0 3 1 11 0 1 1 4 0 0 2 8 18 1
16 3 0 7 4 5 3 9 2 2 20 18 2 0 19 53 1 6 1 9 0 8 26 1 5 18 14 11 4 23 8 0 14 0 6 0 49 0 1 12 16 7 4 2 2 5 11 7 4 0
0 0 1 0 0 0 3 0 1 0 1 0 1 1 0 0 1 0 0 4 1 1 0 0 0 0 1 0 0 0 0 0 3 0 0 0 1 2 0 0 0 1 0 0 0 0 1 0 0 0
5 0 2 5 6 1 7 0 1 0 0 3 0 10 1 4 1 2 0 4 4 1 10 2 7 0 8 1 0 11 4 0 4 1 1 0 2 0 9 4 12 2 3 3 8 14 1 0 2 7
0 1 6 21 0 8 0 0 0 0 6 0 3 2 0 0 1 0 0 0 0 8 0 3 0 2 0 6 0 0 0 1 0 0 0 0 0 2 12 2 1 1 0 0 0 0 13 6 1 0
0 0 1 0 0 0 0 0 1 0 5 0 0 0 0 0 0 0 0 0 0 1 0 0 0 1 0 1 0 1 0 0 1 0 0 0 1 1 1 0 0 0 0 0 2 0 1 0 1 0
4 9 0 0 1 4 6 16 2 4 27 21 27 0 3 0 11 26 21 18 16 2 0 1 6 24 0 7 9 0 7 3 19 0 17 6 3 5 8 2 5 9 0 3 6 2 3 4 5 20
0 8 0 3 0 2 0 0 0 0 1 1 1 1 0 0 0 0 0 0 0 0 0 0 0 0 0 0 1 5 0 0 0 1 0 0 0 0 0 0 1 4 1 0 0 0 1 0 12 0
0 0 0 1 0 1 0 0 0 2 0 0 2 0 0 0 2 0 0 0 10 0 0 1 0 0 0 0 0 2 1 0 0 0 0 1 1 0 0 0 1 1 0 0 0 1 0 0 0 0
1 2 3 1 3 3 11 1 2 1 2 12 3 5 6 3 3 2 1 6 0 0 3 6 17 2 0 3 5 6 5 0 7 0 15 1 1 0 2 0 1 0 2 1 0 9 1 6 6 5
1 0 0 7 7 6 11 0 3 9 0 8 16 1 0 20 6 3 22 2 26 5 14 14 27 28 0 14 0 0 2 26 8 10 1 1 2 0 5 3 6 1 14 2 12 12 0 5 4 4
0 2 7 5 5 0 19 13 0 3 1 14 0 0 3 1 2 0 0 0 5 0 1 3 2 10 0 8 6 0 34 2 5 0 19 0 1 8 10 0 2 4 5 5 19 7 1 2 1 22
0 0 7 3 0 6 12 0 1 8 3 0 3 3 0 9 7 3 6 1 2 1 1 6 11 5 2 2 6 2 0 9 1 2 3 1 5 0 3 1 8 1 0 25 5 8 3 2 10 3
0 4 3 0 9 0 2 1 2 5 0 6 2 11 4 0 1 1 1 6 4 5 4 2 2 1 14 1 7 0 0 0 14 0 1 1 1 0 0 0 3 7 1 4 1 2 12 4 3 0
0 0 1 6 0 6 0 0 0 0 1 1 3 0 0 0 0 0 1 0 0 2 0 3 4 0 0 24 7 1 0 1 0 0 1 0 1 1 10 0 0 0 1 0 3 0 2 0 0 0
