0 0 0 4 0 0 2 0 1 1 0 0 0 0 0 0 0 0 0 3 1 0 0 0 1 1 2 1 0 2 0 0 0 1 1 0 0 0 0 0 0 3 0 1 1 0 1 0 2 0
0 0 0 1 0 2 0 0 0 6 0 1 0 0 1 1 1 0 1 0 1 16 0 1 1 0 1 0 0 3 0 0 0 0 0 0 0 0 0 0 0 0 0 2 10 0 0 0 0 0
6 5 28 0 10 9 9 4 0 33 9 10 1 37 0 51 5 17 0 19 7 11 6 29 1 1 21 2 5 3 16 23 4 1 0 1 12 3 14 5 12 15 10 5 11 5 8 5 0 3
1 0 0 0 0 0 0 0 0 0 0 0 0 0 0 1 0 0 0 0 7 0 1 1 0 0 1 0 4 0 1 0 0 0 0 0 0 1 4 0 2 0 0 0 1 1 0 0 1 1
19 3 0 4 2 0 2 5 7 0 13 5 1 0 27 8 3 0 11 0 2 0 2 3 9 23 7 1 17 13 0 21 13 0 0 1 5 12 12 10 1 2 6 5 8 24 2 3 16 16
1 4 1 1 0 1 10 1 1 5 0 0 5 3 1 0 1 11 10 10 0 5 1 0 2 0 13 13 14 6 0 2 0 0 2 2 1 7 3 8 1 30 4 6 6 4 2 8 4 4
3 3 5 2 6 4 1 7 0 4 11 13 0 0 1 0 5 1 1 0 0 3 11 5 2 6 1 3 0 2 6 2 5 11 4 4 4 1 4 3 2 6 0 3 6 0 2 3 0 1
10 8 1 0 0 31 3 7 9 4 1 2 1 9 0 15 0 0 0 0 10 23 2 18 6 11 28 3 11 1 26 4 1 3 1 26 12 0 13 11 2 15 2 3 17 0 4 16 11 2
3 1 0 1 0 0 0 8 1 0 1 0 2 0 9 0 0 0 1 0 0 0 0 0 0 7 1 3 0 3 10 2 5 0 0 6 29 0 2 22 1 2 4 1 1 1 2 3 0 0
3 5 5 22 3 5 3 0 14 1 3 8 17 5 16 1 1 9 16 1 1 10 10 13 1 1 19 2 13 26 5 9 1 3 5 0 4 0 15 2 0 6 5 13 0 1 1 8 17 1
0 0 0 0 4 2 1 3 0 0 0 0 0 1 0 15 0 0 1 0 0 0 2 0 0 0 0 1 4 0 0 0 4 3 0 0 0 0 0 1 1 0 1 0 1 0 0 0 0 2
17 17 5 8 8 1 17 2 6 2 3 1 4 1 1 0 3 12 12 8 2 0 12 4 3 1 3 2 2 4 8 13 1 14 11 2 0 1 0 5 11 3 2 3 7 3 4 2 9 3
1 4 1 3 1 2 2 4 3 9 2 1 2 1 3 0 2 2 11 0 4 3 9 0 0 5 0 4 0 0 2 0 3 3 1 1 3 10 0 0 0 0 10 2 7 8 0 9 0 2
16 2 0 1 0 0 1 2 6 0 1 4 1 2 2 0 0 2 0 0 0 1 3 0 2 2 2 1 0 5 3 2 3 2 4 6 1 1 3 0 0 0 5 1 0 0 2 4 0 0
7 1 0 3 12 3 3 5 15 28 0 4 24 13 0 3 13 17 20 0 10 4 18 5 5 2 6 14 42 2 18 3 6 4 1 6 2 0 17 3 4 2 4 10 4 5 7 6 2 1
0 2 3 22 8 3 3 6 0 8 2 11 4 3 1 0 6 1 3 5 12 5 12 8 7 2 8 7 2 16 3 1 3 5 1 13 34 6 8 6 0 11 14 7 2 3 3 2 21 12
0 0 1 0 0 0 1 3 0 5 0 0 3 0 0 0 0 0 0 0 0 1 0 0 0 1 0 0 0 0 0 0 0 0 0 1 0 0 0 0 0 2 0 0 4 0 1 0 0 0
8 1 11 4 0 5 16 6 4 12 19 8 5 2 0 1 19 12 2 21 11 11 5 6 1 3 0 6 5 3 7 4 0 20 3 5 4 7 6 4 1 0 0 2 10 4 2 1 2 10
0 25 1 0 7 8 0 9 2 5 4 5 2 9 10 17 2 8 8 12 47 1 7 4 3 20 0 1 1 3 3 3 27 10 0 21 0 10 2 8 20 12 5 10 0 28 12 4 1 7
1 5 1 0 0 0 3 0 1 0 0 0 0 0 0 0 3 2 0 1 0 0 0 0 0 1 1 1 0 1 8 0 0 0 1 1 0 0 5 0 0 0 0 0 0 0 0 0 0 0
13 2 8 1 18 1 3 14 12 10 4 0 0 5 0 0 1 2 10 11 4 12 0 3 4 2 1 16 1 3 2 1 2 4 6 2 0 1 1 1 0 1 3 2 3 3 1 0 7 0
6 0 2 3 8 5 0 9 2 1 3 1 1 11 1 14 8 15 1 14 1 0 3 3 6 1 1 0 4 13 0 0 3 6 1 0 1 0 0 12 5 1 0 8 3 0 3 0 2 1
1 3 2 3 5 14 1 3 12 11 6 14 0 3 6 17 11 7 9 2 6 14 1 6 6 5 3 0 2 4 11 17 16 6 6 1 3 12 6 2 0 1 3 2 1 1 7 6 5 0
10 5 5 6 2 35 6 8 10 28 1 4 4 2 33 9 2 1 2 0 1 7 0 8 3 12 1 11 7 6 12 8 4 18 0 17 9 8 0 1 1 0 3 2 15 4 16 18 16 12
2 0 0 2 1 0 2 0 1 0 1 0 0 1 1 5 2 1 0 1 1 1 1 0 0 0 0 0 0 0 0 0 0 0 0 0 1 1 0 0 0 0 0 0 0 1 1 0 1 0
0 2 3 0 6 5 2 13 1 4 0 8 3 9 2 1 2 1 4 0 7 6 5 6 1 1 2 4 0 1 1 2 1 11 4 3 7 3 1 10 2 5 0 2 0 4 8 3 2 14
30 25 0 1 11 1 11 6 6 6 3 10 2 18 13 1 3 18 0 2 9 7 0 5 10 1 7 1 15 2 5 0 1 0 6 0 3 15 11 1 12 6 0 4 16 0 3 2 6 18
16 5 9 11 9 1 11 10 3 6 6 4 10 16 2 7 5 11 1 25 1 14 0 29 17 3 6 15 0 12 18 2 6 21 0 3 32 4 2 2 9 0 17 0 18 15 27 2 6 9
3 6 0 11 1 1 2 1 1 3 1 7 11 2 34 1 0 2 6 0 1 0 3 30 3 1 2 13 23 1 0 0 1 5 12 1 8 3 5 12 4 1 25 0 12 2 2 6 1 26
11 2 5 19 2 4 10 7 86 1 0 11 1 18 3 9 0 1 3 0 6 5 2 1 3 1 7 5 4 0 8 8 1 5 13 7 3 3 3 2 0 1 4 13 0 29 14 11 10 6
1 0 0 0 1 0 0 1 0 0 0 0 0 0 0 0 1 0 0 0 1 1 0 0 2 0 0 0 0 0 0 0 0 0 1 1 0 0 1 1 0 1 0 4 0 1 0 1 0 0
13 2 9 10 1 0 8 1 2 1 4 2 0 1 6 7 4 5 1 2 0 1 1 13 2 3 5 37 0 14 1 0 3 0 3 6 1 5 0 15 4 3 17 2 10 8 6 0 2 4
2 0 0 11 1 15 0 0 0 5 0 0 2 0 3 1 7 10 0 1 1 1 13 0 1 0 6 15 10 5 6 3 4 0 7 0 21 1 18 14 4 2 1 0 4 1 4 8 4 0
15 0 2 7 4 1 5 8 1 2 5 8 6 0 0 0 1 1 2 2 12 15 5 5 9 6 5 0 9 3 6 8 10 1 2 7 3 3 11 1 11 3 0 9 0 5 11 7 2 4
5 7 0 18 2 8 7 3 2 12 4 14 8 2 9 1 13 1 2 6 2 4 6 19 4 2 2 4 4 1 3 3 19 26 1 1 1 3 7 3 3 0 10 1 6 3 2 0 3 2
22 5 4 6 3 2 2 5 3 5 4 7 24 0 2 7 7 2 12 8 1 47 3 6 29 5 1 1 6 2 22 10 23 14 9 1 8 2 9 4 7 5 7 5 12 7 13 0 21 17
0 16 0 1 0 0 1 0 1 0 1 2 0 2 1 1 0 1 0 2 0 0 0 2 0 0 0 12 3 0 1 2 0 1 0 11 1 0 3 0 0 0 2 0 0 0 0 0 1 0
0 5 0 0 2 2 1 2 3 1 0 2 0 0 5 0 1 0 0 0 0 0 1 0 0 3 0 1 0 4 3 0 1 1 0 0 3 0 3 2 0 0 22 3 4 0 3 1 0 1
25 2 3 14 2 6 2 1 18 11 5 4 3 3 4 4 0 3 6 0 17 8 7 4 0 0 22 2 3 4 1 24 6 14 4 16 5 6 4 16 14 26 7 1 24 1 1 0 10 10
0 2 37 4 0 9 14 7 12 10 3 1 0 1 6 2 1 12 2 9 9 6 2 1 3 6 17 12 0 8 8 19 3 4 10 0 12 2 2 7 8 1 16 18 43 2 7 13 6 16
0 6 11 6 2 16 6 12 17 0 11 4 8 19 1 5 4 2 4 1 8 1 4 9 6 0 4 5 10 9 4 0 1 9 4 2 1 6 4 0 3 13 20 23 16 2 5 14 0 5
0 0 0 2 0 0 0 0 0 0 2 2 13 1 0 2 0 1 0 0 0 0 1 0 0 0 0 0 1 1 0 0 0 1 0 2 0 0 0 0 0 0 0 0 0 0 0 2 0 1
1 0 8 11 14 3 12 10 0 7 4 3 3 0 3 0 8 1 7 9 1 7 2 2 3 11 8 3 2 2 4 0 0 1 5 0 6 6 7 4 0 3 6 4 3 3 6 11 6 6
5 0 2 1 1 4 7 1 3 2 0 26 1 0 0 26 0 0 2 0 7 4 4 3 5 2 15 5 3 4 1 1 4 3 7 1 8 4 0 21 7 3 7 11 5 19 2 13 1 2
1 3 0 0 0 7 4 1 1 3 2 0 0 8 4 1 5 1 1 2 4 0 10 1 1 6 0 6 4 7 4 1 1 1 1 4 4 1 12 3 4 0 9 2 5 0 4 4 1 2
0 0 0 0 0 0 0 0 0 0 0 1 1 0 1 0 0 0 1 2 1 0 2 1 0 0 0 0 0 0 0 0 0 0 1 0 1 0 0 0 0 1 0 0 1 0 0 0 0 0
0 0 0 1 0 2 1 0 0 3 3 2 4 5 1 0 1 0 0 0 10 0 0 10 2 0 1 2 4 0 0 0 0 1 7 0 0 0 0 0 1 2 0 0 1 2 8 0 0 7
0 0 0 0 3 2 0 0 3 10 1 0 0 0 0 0 0 0 0 0 0 1 0 3 0 0 1 0 0 0 2 1 0 1 0 1 4 0 0 1 1 0 0 0 0 0 0 0 0 1
3 5 1 0 11 1 0 0 11 4 0 4 13 0 1 4 1 0 6 0 0 6 6 2 1 0 1 2 0 3 2 1 1 6 4 1 24 7 0 1 2 0 0 5 2 3 0 2 5 1
12 0 2 1 0 2 1 3 0 5 1 0 1 0 7 0 0 3 0 14 1 1 0 4 8 7 6 4 2 2 3 4 21 9 3 1 5 0 14 6 2 4 4 0 6 6 0 0 8 9
1 17 0 1 11 6 15 16 38 1 13 3 7 5 2 2 5 1 7 9 17 12 1 10 0 1 8 2 0 6 3 10 4 2 9 5 0 29 1 7 0 0 0 3 11 12 2 24 2 0
11 3 2 15 1 20 0 6 26 0 5 0 32 37 2 10 1 1 1 0 0 2 14 17 0 7 8 23 2 4 2 10 11 1 1 4 5 1 10 1 5 2 4 0 11 3 6 0 4 20
0 4 7 7 9 3 1 3 2 1 0 0 8 10 13 1 0 0 0 9 1 0 0 8 6 4 5 3 0 17 3 0 9 7 4 2 0 1 6 9 1 6 4 0 1 0 3 0 2 4
2 1 5 6 10 0 1 2 6 4 11 2 9 5 5 7 4 3 1 0 8 4 3 1 0 2 0 1 0 30 4 7 10 15 6 5 10 0 8 2 2 1 0 5 5 8 2 3 10 5
0 0 0 1 1 2 1 0 0 0 0 0 0 0 0 1 0 0 0 0 14 0 0 0 0 0 0 0 0 1 0 0 0 1 0 1 0 0 1 0 1 0 0 0 0 1 0 0 1 2
0 0 2 0 0 0 0 0 1 0 0 0 0 0 1 0 0 1 0 0 0 9 0 0 0 0 0 0 2 0 0 0 1 0 2 0 1 4 1 1 0 0 0 0 2 2 0 0 0 0
6 1 2 5 3 16 3 9 7 1 7 1 5 16 0 0 0 6 6 3 2 14 1 8 6 4 12 3 9 4 4 3 1 3 10 0 6 26 1 13 20 0 3 2 1 14 18 7 6 4
0 0 0 4 3 0 0 0 2 0 1 0 1 0 1 0 20 0 1 0 2 0 0 0 0 0 0 0 0 0 0 1 0 0 2 0 0 4 0 0 0 0 0 0 0 0 1 0 0 0
0 2 0 4 0 4 0 0 0 1 2 1 1 2 0 12 2 0 1 12 7 0 0 0 1 0 1 0 26 0 1 0 0 0 0 0 3 1 1 0 31 0 0 1 0 2 4 0 0 0
4 7 13 0 5 4 8 1 17 7 1 1 2 1 2 2 3 7 1 4 14 0 2 6 2 10 9 0 6 3 22 0 8 2 6 5 1 4 18 1 5 5 2 8 2 17 3 1 8 1
1 0 0 2 0 26 2 0 0 1 3 2 1 6 3 2 3 7 0 1 1 0 1 7 1 9 10 0 5 20 1 1 14 0 7 0 6 0 1 0 6 1 0 0 14 5 2 0 5 0
8 8 1 5 5 21 0 3 9 4 4 1 1 1 1 5 3 2 4 2 0 3 4 7 1 14 2 21 9 3 0 4 0 7 3 1 2 3 0 0 4 7 7 1 0 0 2 0 2 18
6 13 10 5 5 10 3 1 2 2 2 4 27 7 6 5 10 25 0 9 2 6 30 2 0 0 4 1 2 4 17 0 3 0 1 12 2 6 6 1 0 1 9 6 1 7 17 22 0 10
0 1 8 7 7 0 10 13 1 4 0 2 1 4 0 2 6 5 10 1 4 11 1 3 4 2 9 4 1 1 8 1 0 0 0 3 2 4 0 9 2 4 0 6 5 3 0 12 24 1
1 3 0 0 3 0 0 0 2 1 1 0 0 0 0 0 1 0 1 7 1 0 1 0 2 0 0 0 0 0 0 1 0 0 0 0 0 1 0 0 1 9 1 0 4 1 0 0 0 0
0 0 11 0 7 2 1 0 0 0 11 0 1 0 0 6 0 7 1 2 3 0 0 2 3 0 5 1 9 2 0 0 0 0 1 0 5 0 0 0 3 0 0 0 3 0 1 1 2 4
14 0 0 2 13 28 10 2 1 0 11 0 2 5 9 7 4 8 3 1 8 1 1 0 6 7 16 1 3 2 2 30 0 0 5 8 10 12 2 0 3 10 1 28 25 11 5 9 2 0
5 0 0 0 0 0 1 11 6 0 5 4 11 2 0 0 1 0 0 5 5 0 3 9 0 4 3 2 4 2 3 0 5 1 5 0 0 7 6 0 5 0 1 1 1 1 4 0 0 7
6 5 2 2 14 0 0 1 4 5 4 3 2 7 1 0 6 3 2 7 0 1 0 0 1 1 12 3 6 1 4 1 10 0 1 1 3 21 10 2 11 2 0 8 19 3 0 7 2 2
1 4 16 4 7 5 5 1 6 15 29 3 0 4 7 4 10 5 6 5 13 0 5 3 3 7 0 22 12 22 5 0 23 12 2 2 4 1 2 0 0 0 17 10 2 10 11 4 14 17
0 2 20 3 9 20 7 5 7 14 2 23 7 10 5 6 13 5 9 6 5 1 6 9 3 1 17 3 16 8 21 10 5 28 1 16 11 1 16 9 25 2 41 4 5 3 2 2 1 16
2 1 0 0 1 0 0 1 0 0 0 0 0 0 1 1 0 0 3 0 0 1 0 1 0 1 0 3 4 1 0 0 0 0 0 2 0 0 0 1 2 1 0 2 0 0 0 0 1 0
0 1 0 0 0 0 1 0 0 0 1 0 1 2 0 0 0 0 0 7 0 0 0 0 1 0 1 2 0 1 0 0 0 2 0 1 2 0 0 0 0 3 1 0 0 2 0 2 0 0
0 0 7 1 4 8 9 0 2 0 0 2 0 1 1 0 2 3 1 0 1 3 3 2 1 3 3 0 1 14 0 1 0 0 0 3 2 2 0 0 8 1 0 2 3 9 12 4 8 1
12 6 1 11 14 0 6 47 0 7 6 10 27 0 12 6 8 3 7 14 2 11 3 5 4 10 2 3 5 7 11 24 4 21 15 12 16 2 2 4 17 25 0 72 4 2 2 2 0 7
2 4 3 5 7 5 2 0 7 2 2 2 10 1 0 1 1 8 11 13 6 2 0 7 1 1 4 1 4 14 11 13 7 6 11 5 2 2 27 4 0 4 4 5 0 0 4 14 0 7
0 9 0 0 0 0 0 1 5 0 0 0 2 1 0 1 0 1 0 2 0 0 0 0 0 0 1 4 0 2 19 3 0 1 0 0 0 0 0 2 0 1 0 1 0 0 0 0 0 0
22 6 0 0 7 5 5 0 1 3 0 2 2 1 15 5 19 6 17 5 3 10 4 18 3 0 1 2 18 0 1 7 5 2 3 1 2 4 1 2 0 1 32 0 5 3 9 0 3 13
0 2 2 7 2 14 3 0 1 1 0 1 1 2 4 3 12 0 1 8 4 0 3 1 5 0 3 10 0 4 4 4 10 2 21 1 8 1 5 2 3 15 4 0 4 0 1 1 8 0
0 1 4 0 2 0 0 0 0 2 0 0 0 5 0 0 0 4 0 0 0 2 4 0 0 4 0 0 0 0 0 0 0 0 0 0 0 0 4 0 1 0 0 0 0 1 0 0 1 0
3 1 7 0 3 2 0 2 2 1 0 1 3 5 1 17 3 27 0 0 16 1 13 6 0 1 3 3 18 5 1 0 5 3 12 21 1 2 3 16 0 4 2 1 2 13 0 3 3 0
3 16 9 10 0 2 1 18 2 2 11 6 19 4 5 4 4 22 2 3 3 6 2 3 12 7 11 29 0 5 4 8 11 6 1 0 4 25 4 8 2 8 8 1 4 10 18 0 2 3
2 0 3 1 12 2 13 6 17 10 17 5 7 1 15 7 17 1 9 5 22 2 1 0 4 5 2 9 0 17 20 0 19 8 11 5 5 0 0 18 2 22 6 3 3 1 10 30 5 10
7 1 0 1 0 1 2 0 4 1 0 0 0 0 0 0 3 0 2 1 0 1 0 0 2 0 0 5 2 0 5 5 1 4 0 0 0 0 1 9 0 1 7 0 1 1 0 0 0 0
0 2 1 1 0 0 0 0 1 0 0 1 0 0 0 0 0 0 2 2 0 0 1 0 0 2 0 1 15 0 0 0 3 0 0 1 1 0 0 0 0 0 1 0 0 0 1 1 0 0
0 1 1 0 1 0 0 0 0 0 0 1 0 2 0 0 1 0 0 1 11 0 1 0 1 1 0 0 1 0 0 0 0 2 1 0 4 0 0 0 14 0 0 0 0 1 1 0 0 0
6 25 5 9 0 5 1 0 16 1 0 23 11 6 5 1 12 0 24 7 7 12 10 6 5 1 6 4 7 6 34 10 1 5 22 0 7 2 2 0 2 2 8 4 0 4 4 12 2 5
1 12 7 8 28 3 2 2 4 3 0 1 16 1 1 0 1 20 2 13 24 12 3 2 8 14 4 15 4 5 2 9 8 7 9 5 4 4 3 20 5 2 0 5 16 8 4 5 3 15
5 0 22 25 33 0 11 3 10 5 12 16 1 15 1 6 5 4 2 3 0 5 26 33 3 10 1 27 23 10 4 1 18 17 7 9 0 1 1 3 14 2 6 6 10 1 2 3 9 24
0 1 2 1 1 4 0 1 0 0 0 0 0 2 1 2 0 0 2 0 10 2 0 0 4 0 1 1 0 0 2 0 0 0 0 0 0 2 1 2 9 2 0 0 2 2 1 0 0 0
0 12 21 4 3 6 0 5 2 8 11 0 0 32 14 2 10 3 9 8 9 1 0 1 5 9 4 8 17 8 0 9 0 0 6 3 12 4 2 20 0 5 1 3 13 1 15 4 0 1
0 0 0 0 0 0 0 0 0 0 2 2 0 0 0 0 2 2 0 0 7 0 0 0 0 1 2 0 0 0 0 3 3 1 0 0 2 3 0 1 2 0 1 0 0 0 2 0 1 2
2 0 2 1 1 9 0 2 1 1 9 0 0 4 0 0 0 0 0 4 1 7 0 0 2 0 0 0 5 0 0 1 1 0 0 0 0 3 0 0 4 2 0 4 3 1 2 1 0 0
6 1 2 1 4 0 4 0 6 3 4 4 0 1 11 7 0 4 0 0 1 7 1 1 0 10 0 4 2 5 1 1 2 2 15 9 23 3 8 33 6 4 4 2 7 16 8 0 1 2
0 8 8 1 3 0 0 1 1 0 1 1 2 9 9 0 3 2 2 3 0 6 0 8 2 0 1 6 15 1 1 33 3 22 0 1 3 0 1 2 2 1 7 0 11 0 14 2 0 0
1 0 0 0 0 1 0 0 0 0 0 0 1 0 0 0 1 0 0 0 0 5 0 0 1 1 0 0 1 0 1 0 0 1 0 0 1 0 1 1 0 0 1 0 1 0 0 0 1 0
2 4 0 4 0 0 0 6 18 0 6 5 0 0 5 4 3 1 1 4 5 2 8 0 0 3 5 0 1 10 5 17 6 12 3 1 0 8 0 9 1 1 4 7 0 3 4 8 5 9
0 0 0 0 1 0 0 1 0 1 1 0 2 0 0 3 0 1 0 0 0 0 0 2 0 0 0 1 4 0 0 0 0 0 0 0 0 0 1 0 0 0 2 1 0 2 0 1 0 0
2 20 0 0 0 0 7 12 6 1 0 5 0 5 4 0 7 5 2 6 3 1 2 0 7 1 2 0 0 2 5 0 12 1 1 6 1 3 3 1 0 4 5 0 3 1 0 5 3 0
0 1 8 13 3 0 9 0 1 11 6 5 3 25 3 4 1 0 0 1 0 7 2 0 3 3 0 1 1 8 2 0 3 0 0 8 1 4 1 3 0 7 8 0 3 0 2 4 0 2
