0 1 0 1 16 0 7 2 12 0 7 11 0 2 2 13 6 2 5 3 0 10 0 6 3 6 2 2 0 3 2 1 9 3 9 1 0 2 5 7 3 3 5 3 1 3 7 12 1 3 0 3 2 12 13 9 2 3 1 1 2 11 2 6 11 7 4 3 1 4 1 4 8 13 5 0 1 4 5 0 12 8 0 5 2 3 0 8 0 1 25 13 2 2 5 10 0 1 3 2
2 0 1 1 1 0 0 1 1 2 0 0 0 0 0 0 1 8 2 0 0 0 0 0 0 0 0 0 2 1 2 2 0 0 1 0 0 2 0 8 0 2 1 1 0 0 0 0 0 0 2 0 0 0 0 0 0 1 0 0 0 1 0 0 0 0 0 0 0 0 0 2 1 0 0 0 0 0 0 1 2 0 0 0 1 2 0 1 0 0 0 3 1 0 0 0 1 1 0 0
0 1 0 0 0 0 0 1 0 0 0 0 0 1 0 0 1 0 0 1 0 0 0 2 0 0 6 0 0 0 0 0 3 1 2 0 1 0 1 0 1 0 0 0 0 0 0 2 0 0 0 1 1 0 2 0 0 0 0 0 0 1 0 1 0 0 0 0 2 1 1 1 0 0 0 0 1 1 0 0 0 0 0 1 0 0 0 0 0 0 0 0 0 1 0 1 1 0 0 0
1 0 0 0 0 2 0 0 0 0 10 1 0 5 0 1 0 1 0 1 3 1 1 13 0 1 2 0 1 0 0 0 0 0 0 9 0 0 13 0 1 2 1 0 0 1 0 0 17 0 0 1 0 0 21 1 1 0 1 0 1 0 0 0 1 0 0 0 1 0 0 0 0 0 1 0 2 0 0 0 0 2 1 0 1 0 0 2 0 0 3 1 1 0 0 2 0 0 1 0
0 5 6 0 2 0 1 2 8 1 2 4 0 4 2 3 2 2 1 2 6 0 0 1 5 15 3 5 5 1 0 1 6 0 0 0 2 3 0 4 10 0 2 1 1 0 5 1 5 1 2 1 0 2 0 9 6 1 11 4 3 2 5 1 3 0 1 6 10 1 5 4 4 7 4 0 3 2 1 2 0 1 4 2 1 10 16 10 4 5 8 6 6 0 0 1 3 5 0 2
6 2 1 3 11 8 10 3 5 4 6 10 31 2 8 4 6 2 2 41 6 22 2 2 1 6 0 2 3 7 5 0 27 0 22 1 7 12 3 6 5 5 1 1 11 3 0 6 9 15 35 0 2 16 0 1 3 10 13 5 10 12 11 5 1 5 4 1 2 1 14 9 22 0 34 4 23 1 2 10 1 4 2 0 5 0 0 3 2 1 0 10 27 3 7 4 11 3 3 7
9 1 1 0 0 2 0 0 0 0 3 0 0 1 0 13 0 0 0 1 0 0 0 1 0 0 6 0 1 1 1 1 0 0 1 7 0 0 12 0 0 15 0 2 0 0 0 0 1 0 0 1 0 0 2 12 0 0 0 0 0 0 0 1 0 0 0 0 3 0 0 1 0 0 1 0 2 0 1 0 0 1 0 0 0 2 0 0 2 1 0 0 0 1 2 7 0 0 1 3
0 2 0 2 13 2 2 3 23 13 4 1 2 0 0 10 7 0 1 9 0 5 0 0 0 1 0 1 1 3 0 7 0 7 0 1 21 7 0 1 0 9 1 0 3 5 0 8 7 11 4 2 7 4 3 4 3 2 3 1 2 9 3 0 1 1 1 14 1 6 5 3 1 1 2 3 0 0 7 0 0 0 8 8 2 0 9 2 3 0 7 0 2 0 14 0 1 2 3 1
2 9 1 6 2 2 1 2 12 3 4 6 7 0 0 0 6 3 5 2 7 9 7 1 2 6 0 8 2 13 3 4 6 2 3 0 3 3 6 0 0 2 1 6 0 1 0 6 2 0 2 6 0 6 1 11 2 0 6 2 2 0 4 4 7 1 0 6 3 7 0 10 1 7 6 8 2 9 19 0 0 0 6 4 0 1 7 3 0 1 3 5 0 13 8 4 10 6 14 6
0 0 1 0 0 1 0 0 0 0 0 0 0 0 2 0 0 0 0 1 0 0 0 0 1 0 0 0 0 0 0 0 0 0 0 7 0 0 0 0 2 0 0 0 2 0 0 0 0 1 1 0 0 1 3 0 1 0 1 0 0 0 0 0 2 0 0 0 0 0 0 2 3 0 0 4 3 0 0 0 0 0 0 2 0 0 0 0 3 0 3 0 0 0 0 4 0 0 0 1
8 2 7 0 11 5 3 4 4 13 1 15 14 8 2 3 0 12 51 29 5 2 1 10 1 2 7 7 3 1 18 25 4 4 7 6 5 14 33 8 4 0 2 4 3 6 7 11 3 4 1 3 14 14 2 23 6 2 4 4 19 6 2 3 16 3 5 3 1 2 8 5 10 8 4 18 6 7 17 2 10 4 0 4 5 7 8 1 4 19 5 20 3 0 2 13 13 0 11 11
5 0 1 4 3 0 2 0 14 0 10 5 1 7 2 4 5 1 3 6 1 7 16 1 1 13 9 10 1 0 3 2 6 7 1 0 1 13 0 0 2 6 17 0 2 6 6 1 0 1 4 7 2 0 5 7 3 0 2 0 3 5 3 0 1 6 3 2 18 4 3 0 13 1 6 1 13 2 2 0 2 0 1 47 15 4 3 8 1 9 0 5 1 6 13 0 2 0 24 1
1 12 2 6 0 1 11 3 2 10 0 7 0 3 0 8 0 5 0 4 2 5 0 2 3 2 7 16 10 2 5 5 3 3 3 0 2 1 9 11 18 25 7 6 3 1 3 4 0 0 1 4 4 1 7 1 1 11 4 0 3 0 0 5 1 0 1 21 1 0 7 0 1 0 2 2 0 2 2 6 8 1 0 0 2 1 19 10 11 2 3 7 3 9 1 14 1 1 0 0
4 9 9 4 0 0 11 9 6 5 0 0 3 0 0 0 3 15 1 10 9 0 8 5 6 0 7 0 3 0 3 6 1 6 3 2 5 0 24 0 2 3 11 1 5 5 10 7 10 0 12 1 3 3 1 19 2 4 5 1 0 2 7 6 0 4 5 2 8 6 0 10 5 0 2 5 2 3 0 9 1 6 0 11 0 0 14 14 1 0 8 0 2 4 17 3 1 1 2 11
1 1 0 4 2 0 0 0 0 0 0 0 0 0 0 0 1 0 0 2 0 1 3 0 0 0 0 1 0 0 0 1 0 0 0 2 0 0 0 1 0 0 0 0 0 0 1 0 0 1 1 0 2 0 5 0 1 0 0 0 0 0 0 0 1 0 0 1 9 1 0 1 0 0 1 0 1 0 2 1 0 0 0 4 0 1 0 0 1 1 1 0 0 0 2 1 1 0 1 1
3 1 3 3 1 3 2 0 0 1 0 1 2 2 2 7 0 2 0 4 10 0 0 6 0 5 4 5 2 1 1 0 0 2 10 7 3 6 4 8 8 3 11 3 1 1 3 6 4 0 1 10 5 3 5 8 5 4 2 1 2 3 4 0 4 3 10 0 4 1 0 4 6 7 9 5 8 3 5 1 15 10 3 0 6 2 2 0 1 7 2 4 14 3 8 4 13 1 2 6
2 0 13 2 2 0 1 1 9 0 2 3 4 4 6 0 0 0 2 0 4 7 0 4 1 6 2 6 3 4 0 0 0 0 1 0 3 0 13 0 2 0 1 1 1 5 3 2 7 10 0 3 10 5 6 0 10 4 2 2 1 2 2 3 1 4 1 1 0 2 4 1 9 9 5 4 4 3 5 3 4 7 3 2 0 1 9 6 10 0 10 16 2 2 2 8 0 7 4 3
33 7 0 1 0 14 5 3 14 5 1 10 2 7 1 3 13 7 0 1 0 4 1 0 9 6 0 5 0 3 2 1 1 6 0 11 8 16 0 1 0 2 1 7 1 0 6 12 3 2 8 0 0 8 2 3 1 1 4 1 2 23 4 1 0 15 1 3 2 2 2 0 4 0 2 0 1 4 6 0 1 4 9 9 10 2 5 0 1 0 1 1 8 1 7 0 9 2 13 5
4 21 1 6 3 4 1 2 8 0 1 0 11 2 1 1 7 1 7 0 9 12 0 1 1 2 13 7 7 3 1 4 2 2 1 1 1 11 6 5 0 0 3 3 0 0 1 4 5 1 3 6 4 1 0 1 1 2 11 0 2 10 3 2 8 1 14 4 4 9 1 1 0 6 0 14 4 6 6 9 10 0 14 5 7 21 21 2 3 7 3 0 1 0 4 8 5 8 0 13
0 1 0 1 1 0 0 0 0 1 0 0 0 0 0 0 2 2 0 0 0 0 1 1 0 6 0 0 0 0 0 0 1 0 0 0 1 0 1 1 0 0 0 4 0 1 0 0 0 0 3 0 0 0 0 0 2 0 0 0 0 0 1 0 1 1 0 0 0 0 1 0 0 0 0 0 0 2 2 0 2 1 0 3 0 0 0 0 0 0 1 1 0 0 0 0 0 0 0 0
1 0 0 0 0 0 0 1 0 1 0 2 1 1 0 0 0 0 0 0 5 0 0 0 0 0 1 0 1 0 0 0 2 1 1 0 2 0 0 0 1 0 0 1 0 1 1 0 0 7 0 0 0 0 1 0 0 0 0 0 2 0 0 1 0 2 0 0 0 0 0 0 0 1 3 0 1 0 0 1 0 2 0 6 0 0 0 0 1 0 2 0 0 1 1 0 0 1 0 1
1 1 10 5 0 0 5 2 0 11 5 1 3 0 11 6 1 8 3 3 2 4 7 6 8 0 0 9 3 1 1 0 0 3 7 3 1 4 3 7 0 6 11 0 5 0 6 0 12 4 18 3 1 0 1 0 5 0 4 14 15 3 4 1 6 5 4 3 0 1 12 14 19 6 7 0 3 5 1 4 0 8 2 1 0 4 12 1 4 4 10 3 4 7 5 1 0 7 1 2
0 1 0 1 1 0 0 0 2 0 0 0 0 0 1 4 0 0 0 1 0 7 0 0 0 0 0 0 2 5 0 0 0 0 0 0 0 0 0 0 0 0 1 0 0 0 0 0 0 0 0 0 0 3 0 1 0 0 0 1 3 0 0 1 2 0 0 0 0 1 0 0 0 0 1 1 0 0 0 0 0 0 0 0 0 0 0 0 0 0 0 0 0 2 0 0 0 0 0 1
2 0 0 0 1 9 0 4 0 1 1 0 0 0 0 2 1 0 0 1 7 0 0 2 0 2 1 1 1 3 0 0 0 0 0 12 0 0 5 0 1 1 0 9 1 0 0 0 1 0 4 1 0 0 13 5 0 0 0 0 0 0 0 0 0 0 2 0 0 1 0 0 2 0 1 0 1 0 0 0 0 0 0 1 0 0 0 1 2 0 0 0 1 0 0 1 0 0 1 1
4 4 1 12 4 0 11 2 0 8 3 6 11 1 12 1 0 2 6 12 0 0 3 0 0 6 6 2 10 2 24 1 0 2 3 2 4 7 0 0 5 0 7 1 1 0 1 1 1 1 3 4 4 6 1 0 6 0 1 1 3 1 3 0 1 11 19 9 2 1 0 1 2 0 1 0 1 0 5 6 3 0 1 8 8 0 10 6 0 9 5 6 0 0 8 0 3 3 2 0
0 4 0 0 0 0 1 0 0 2 1 2 1 0 0 0 0 0 0 0 0 0 0 0 1 3 1 1 0 4 0 0 0 0 0 0 2 0 0 0 1 0 0 0 0 0 0 0 0 1 0 1 0 0 1 0 0 1 1 1 0 1 4 0 1 1 0 1 0 1 0 0 1 3 4 0 0 0 0 1 3 0 0 1 0 0 0 0 0 2 0 0 0 0 0 1 0 0 1 1
18 11 3 0 14 4 4 0 9 2 2 2 9 30 0 7 5 10 2 0 1 3 5 7 10 11 0 1 1 3 3 2 0 0 0 22 3 4 1 0 9 3 1 5 1 3 3 0 23 0 29 13 0 3 7 6 0 15 6 2 1 1 3 4 1 16 1 13 2 7 2 1 8 1 10 21 0 9 3 4 18 1 4 29 6 16 2 8 2 3 26 6 21 0 8 0 34 28 3 0
18 6 5 25 3 5 2 9 14 0 0 3 2 2 1 2 0 0 9 14 4 1 3 4 12 7 2 12 37 1 2 1 9 1 1 4 11 5 3 6 3 1 1 8 6 11 13 3 0 8 1 14 0 10 6 1 9 13 0 4 0 7 9 2 0 1 2 1 1 0 2 19 1 10 1 2 16 1 9 15 7 0 1 24 2 1 17 7 6 13 18 17 11 2 5 0 18 3 2 19
2 6 11 6 0 1 2 3 2 2 4 14 0 3 5 12 8 0 9 5 5 2 0 12 6 4 0 13 20 3 0 14 0 7 0 3 7 10 2 0 12 1 2 2 7 7 4 8 0 4 4 16 1 3 0 15 10 0 1 1 4 2 0 9 3 3 1 1 6 7 2 4 4 3 5 0 7 1 3 1 15 1 17 0 2 3 3 12 0 0 2 5 11 3 3 3 1 5 4 1
0 1 1 0 1 0 0 0 0 0 0 0 0 0 0 4 0 0 2 0 0 0 0 0 1 0 0 0 1 0 0 0 1 0 1 0 1 0 0 0 0 1 1 0 0 0 0 0 3 1 0 1 0 0 0 1 1 0 1 0 0 0 0 0 0 1 1 0 1 1 0 0 1 0 0 0 1 0 0 0 0 0 0 0 4 1 0 0 0 1 0 0 2 0 0 0 0 1 0 1
5 3 15 1 12 6 8 6 2 1 18 11 0 0 21 0 3 1 1 0 18 12 4 20 6 29 1 8 9 0 17 3 7 6 1 0 9 6 4 3 1 0 2 1 0 9 11 16 2 15 0 2 2 6 1 15 4 1 0 6 1 16 3 2 2 1 4 3 0 25 4 10 1 11 4 6 4 1 2 0 7 3 5 25 8 3 2 3 19 6 8 5 0 13 10 8 2 1 3 8
0 1 0 1 1 0 0 0 0 0 0 0 0 1 0 0 0 0 0 2 3 0 1 3 0 0 0 0 0 0 0 0 1 0 0 0 0 0 1 0 1 0 2 0 0 0 0 0 0 0 0 0 0 0 0 1 0 0 0 1 0 0 0 1 0 0 0 0 0 1 1 0 0 0 1 0 0 0 2 1 0 0 0 0 0 0 3 0 0 0 0 0 0 2 3 5 0 0 2 0
0 0 0 0 0 0 1 0 0 1 0 0 0 1 0 0 0 0 1 1 0 3 0 0 1 0 0 0 0 0 1 0 0 2 0 2 0 0 0 0 1 0 0 0 2 2 0 0 0 0 0 0 0 1 0 0 0 1 0 2 1 0 4 0 0 2 0 0 0 1 1 2 0 15 0 0 1 0 0 0 0 0 0 0 0 0 0 0 0 0 1 0 0 0 0 0 0 1 0 0
0 2 2 2 2 3 0 2 2 1 4 3 0 2 2 9 0 4 1 10 6 23 4 2 1 7 0 0 7 24 1 0 9 0 0 2 2 5 5 4 15 2 14 7 7 15 1 1 11 2 1 4 0 4 5 1 2 7 2 8 16 1 0 8 3 7 3 0 2 0 0 0 15 10 4 3 2 2 2 1 0 0 6 4 1 0 1 16 0 1 0 4 1 0 1 2 4 1 4 4
0 0 0 0 2 0 0 0 0 0 0 0 0 0 0 0 0 1 0 0 0 0 0 0 1 0 0 1 0 4 0 0 0 0 0 0 0 0 0 0 1 0 0 0 0 1 0 0 0 0 1 0 1 0 2 0 1 0 0 0 0 0 1 0 0 0 0 0 0 0 0 1 1 0 0 0 0 1 1 0 1 1 1 0 0 0 0 0 0 1 0 0 0 0 2 0 0 0 0 1
5 4 0 14 1 8 23 6 1 12 1 6 16 3 1 11 1 1 3 2 9 1 2 17 2 15 0 3 11 0 9 13 3 9 3 0 1 1 2 8 8 0 0 3 0 10 0 4 0 23 1 10 0 10 3 1 34 4 10 9 2 2 6 2 3 5 13 1 5 0 3 2 0 9 12 14 11 6 4 6 30 2 15 6 18 0 6 0 4 0 1 0 1 1 3 6 1 3 6 8
2 8 6 9 1 9 7 1 3 2 2 1 2 3 2 0 1 1 0 2 13 6 3 0 0 17 2 1 2 0 4 3 3 7 0 5 6 0 8 4 0 24 26 3 2 3 2 11 7 6 3 1 0 1 0 2 0 9 2 3 3 1 6 4 7 4 28 0 4 6 7 2 2 4 5 1 0 0 8 0 7 7 0 0 0 0 2 6 0 2 15 1 0 3 0 0 6 11 4 3
0 4 4 6 1 1 0 0 5 1 3 8 0 0 8 3 4 0 1 16 1 0 2 14 5 11 0 0 1 1 1 3 8 0 2 1 11 1 2 6 15 5 9 1 11 11 0 0 8 0 5 4 2 5 3 8 14 1 1 2 0 6 1 0 3 0 3 5 1 0 8 10 1 1 4 2 4 0 3 9 11 11 0 5 10 0 1 0 2 1 0 1 4 1 2 8 2 1 1 3
1 3 0 4 0 0 5 0 2 9 3 4 2 1 4 6 0 6 8 8 10 0 0 1 0 2 5 2 0 3 1 1 3 0 3 1 3 18 1 4 10 3 1 0 9 4 5 1 3 3 6 13 9 0 0 11 11 2 0 11 1 1 0 2 0 0 0 16 13 14 2 0 0 0 4 7 3 28 0 5 1 0 4 2 5 3 4 12 2 0 3 0 4 0 9 3 0 2 0 5
0 0 0 2 0 0 0 0 0 1 0 0 0 3 0 0 0 0 1 0 0 0 0 2 0 4 0 2 1 2 0 0 0 0 0 0 0 2 0 1 2 3 0 0 0 0 2 0 0 3 1 0 1 0 1 0 0 0 1 0 1 0 1 0 0 0 2 2 0 0 0 0 0 1 1 2 0 0 0 0 0 1 0 0 0 0 0 1 1 1 0 0 0 0 0 1 0 1 0 0
0 1 3 4 0 0 2 7 1 3 1 14 1 1 4 2 0 1 3 3 2 6 3 1 1 7 3 4 11 0 16 6 0 5 6 2 0 2 0 7 0 4 0 1 2 3 0 2 4 8 0 3 9 2 7 7 7 5 2 0 9 12 5 3 1 0 3 0 0 0 10 3 2 19 2 3 2 2 11 3 2 3 2 2 2 10 0 1 10 5 1 0 0 4 1 4 0 3 7 0
1 0 0 0 0 6 0 1 0 2 0 0 0 1 0 0 0 1 0 0 0 0 0 0 0 1 1 0 1 0 1 2 1 0 0 2 0 0 2 0 0 0 2 0 0 0 1 0 1 2 1 0 0 0 0 1 0 0 1 1 0 0 1 1 1 0 1 0 0 0 0 2 0 0 1 0 0 1 1 0 0 1 0 0 0 0 0 1 0 0 1 0 0 0 0 1 0 0 1 0
8 11 0 4 0 0 2 0 0 18 0 5 0 1 8 2 8 6 6 1 0 2 3 10 8 3 2 2 7 4 12 7 0 7 4 6 2 2 10 0 6 3 2 7 1 4 7 0 0 0 2 7 2 31 16 7 2 7 0 1 3 2 9 3 0 0 0 7 0 2 21 5 6 12 4 15 4 0 4 0 0 11 0 0 2 6 1 0 6 3 4 1 0 8 0 7 9 3 3 3
2 2 5 2 6 2 4 1 7 5 1 4 1 1 0 4 9 4 1 7 3 5 1 1 4 7 1 1 9 2 8 5 1 2 5 0 0 1 3 2 2 2 3 1 8 3 6 1 3 0 7 3 0 0 13 0 4 0 2 8 4 2 3 10 4 0 1 17 1 3 0 5 0 0 12 1 13 1 3 2 1 2 7 1 1 0 2 0 3 11 0 1 9 3 12 1 1 5 1 1
0 3 3 4 2 1 9 6 1 0 0 1 7 2 2 0 0 12 2 12 6 0 0 0 11 0 8 0 1 6 6 7 0 0 2 1 0 2 5 2 21 12 3 1 7 7 3 0 3 0 11 0 2 1 4 1 8 6 2 2 1 0 2 5 1 1 4 1 1 3 3 9 3 3 0 3 0 5 5 3 4 3 20 0 1 4 7 2 14 2 0 1 1 0 5 0 6 0 2 0
0 0 1 1 0 0 0 0 0 0 0 2 1 0 0 0 1 0 0 2 4 0 0 0 0 1 0 1 0 0 0 0 0 0 0 0 1 0 1 2 0 2 1 2 2 1 1 0 1 0 0 0 0 0 0 0 1 0 1 0 0 2 0 0 0 0 0 0 0 0 0 0 0 0 0 0 1 0 0 0 0 0 0 0 0 1 1 1 1 0 1 1 0 2 2 5 0 0 0 0
0 0 0 0 0 0 0 0 2 0 0 0 0 0 2 0 1 4 0 0 0 0 0 1 1 0 1 1 2 0 0 2 0 0 0 0 0 2 0 0 0 4 3 1 1 1 0 0 0 1 0 1 0 0 1 4 0 0 0 0 0 4 0 0 1 0 0 0 0 1 0 1 0 0 0 0 0 0 0 0 2 0 1 1 0 0 0 0 0 0 2 0 0 0 0 0 0 0 2 2
1 0 1 0 0 0 0 0 0 1 3 2 0 0 2 0 0 1 0 0 0 1 1 0 0 0 0 0 1 1 0 0 0 0 0 8 0 0 0 0 1 0 0 0 1 0 0 0 0 0 0 1 1 0 3 0 0 0 0 0 0 1 0 0 0 0 0 0 0 1 0 0 2 0 0 2 1 0 1 0 1 0 0 1 1 0 2 1 0 0 1 0 0 0 0 0 0 0 0 0
0 7 7 12 6 7 4 0 6 14 3 1 1 3 2 1 22 4 2 7 0 38 8 2 6 29 7 9 1 6 9 1 10 1 5 1 9 19 2 4 9 6 7 7 6 11 10 62 0 10 0 3 3 18 2 6 4 3 3 17 4 5 3 16 5 1 7 3 1 12 2 3 13 12 0 9 10 9 11 6 1 4 8 0 29 10 0 27 1 23 2 10 14 9 1 34 17 11 12 8
0 1 6 1 1 2 0 3 0 0 13 2 4 9 4 4 3 8 2 4 1 4 0 0 6 11 1 4 0 7 4 7 10 2 5 8 5 1 3 6 4 15 3 18 6 3 3 7 8 16 0 3 0 1 4 1 5 0 11 20 2 2 2 2 7 15 0 0 2 2 1 0 16 6 6 1 1 6 8 1 5 2 5 3 21 1 3 24 0 9 5 6 0 3 12 9 6 2 0 1
0 0 1 0 0 0 0 0 4 0 0 0 0 0 0 0 0 3 0 0 0 0 1 3 0 0 0 0 4 1 0 1 0 0 7 1 0 4 2 8 2 0 0 1 0 0 0 0 0 0 0 0 0 0 0 0 0 0 0 0 0 2 0 0 0 0 1 0 0 0 0 1 0 0 0 0 0 0 1 3 0 1 1 0 1 0 0 1 0 2 1 0 0 0 0 0 0 1 1 0
0 0 1 4 0 0 0 2 0 1 3 2 0 2 0 1 0 0 0 0 0 4 0 0 1 0 0 1 1 1 0 0 0 4 1 0 2 0 0 0 0 0 1 1 0 1 0 1 0 1 0 0 0 0 1 0 0 0 1 1 1 0 0 0 0 0 0 0 0 0 0 0 0 1 0 2 0 0 0 2 0 0 0 0 0 0 0 0 0 0 0 0 1 2 0 0 0 1 0 1
0 0 3 3 6 0 3 6 3 5 1 3 1 0 0 0 1 3 8 11 2 1 3 0 6 8 1 5 14 3 1 3 3 3 3 1 3 1 0 3 3 0 0 0 6 3 2 0 0 7 8 0 11 0 0 0 11 0 0 11 1 8 1 0 0 4 5 0 0 0 0 4 14 0 5 0 0 5 0 6 2 0 3 0 5 0 8 18 2 4 0 0 8 1 16 0 13 0 18 0
2 1 0 0 0 6 0 0 0 0 1 0 0 5 2 7 1 0 0 1 0 1 0 4 0 0 13 0 0 1 1 0 0 0 0 1 0 0 0 0 0 2 1 3 0 0 0 0 10 0 0 0 1 1 31 5 0 0 1 1 0 2 1 1 0 0 0 3 4 0 0 0 0 1 0 0 0 0 0 0 0 0 0 0 0 3 0 0 0 0 6 1 0 0 1 8 1 1 0 0
0 0 0 0 0 1 0 0 0 1 0 0 0 0 0 0 2 0 0 0 1 0 0 7 0 0 1 0 0 1 0 0 1 0 0 0 0 0 0 1 0 7 0 5 0 1 1 1 0 0 0 0 0 1 1 1 0 0 1 0 0 0 0 0 0 0 0 3 2 0 1 1 0 0 1 0 2 0 0 0 0 0 4 0 0 0 0 0 0 0 1 1 0 0 0 12 0 0 0 1
1 15 2 3 3 3 8 1 3 1 2 10 0 3 13 3 1 1 4 1 4 1 1 0 11 4 6 2 2 1 1 8 1 7 0 10 2 3 6 8 0 9 21 0 8 3 14 3 2 2 5 1 4 0 3 3 16 3 4 2 5 9 1 5 12 2 2 0 5 3 0 1 5 5 5 9 0 2 4 8 0 3 2 2 4 0 12 2 1 2 18 9 0 3 13 1 1 0 14 3
0 2 17 2 5 1 2 0 5 6 0 2 3 0 10 0 3 0 2 1 0 9 1 0 0 0 0 0 0 1 2 2 1 2 12 0 1 2 1 4 0 1 1 0 0 1 0 9 0 4 1 3 6 1 0 0 7 1 0 1 2 6 6 12 11 1 3 1 2 35 0 2 3 1 4 1 2 0 27 0 0 2 6 3 3 1 0 10 3 0 1 2 7 2 3 0 2 5 4 10
0 0 0 0 2 0 1 1 1 2 0 0 0 0 1 0 0 0 0 0 4 1 1 1 0 4 1 0 0 0 1 0 1 0 0 0 0 0 0 2 0 8 0 1 0 2 0 2 0 0 0 0 0 0 0 1 1 1 1 0 0 0 0 0 2 1 0 0 0 1 0 0 1 0 0 0 0 1 0 1 0 0 0 4 0 0 0 0 0 0 0 0 0 0 1 3 0 0 0 0
0 0 0 2 0 0 1 0 0 1 2 0 0 1 0 0 0 0 0 0 0 1 0 0 0 0 0 0 0 0 1 2 0 0 1 2 0 0 0 0 1 0 0 0 2 0 0 0 0 2 0 0 0 0 0 0 2 2 0 3 2 0 0 0 0 0 0 0 0 0 1 0 0 0 0 0 0 1 0 0 0 1 0 0 0 1 1 1 0 0 0 1 0 0 0 0 1 0 0 0
6 2 5 0 13 22 8 2 13 5 6 2 11 4 17 4 3 24 13 4 2 2 7 16 7 1 4 5 8 9 5 15 4 5 11 9 59 4 1 2 28 3 10 0 2 1 4 26 5 8 16 4 6 34 2 5 2 0 11 8 3 9 16 31 1 5 31 2 11 81 3 3 6 2 13 7 1 2 10 8 8 8 33 16 11 14 29 39 0 6 2 15 8 14 2 0 11 3 17 1
3 7 16 8 21 11 0 5 0 0 5 3 0 10 2 1 1 12 19 7 0 29 3 15 21 0 1 4 22 8 8 1 3 34 15 24 7 1 2 29 22 19 5 26 3 7 1 3 10 0 4 17 3 6 1 1 5 12 5 13 0 4 13 11 8 11 24 0 5 9 7 1 3 1 2 5 5 18 0 6 15 7 1 19 8 1 6 2 4 26 11 10 10 6 17 0 12 2 0 7
11 8 6 2 1 6 6 10 1 17 0 11 6 4 14 1 15 9 1 7 24 6 11 23 1 7 7 4 4 10 13 22 17 29 4 9 3 0 8 2 3 0 12 1 23 5 0 4 5 9 0 37 1 2 20 37 5 1 7 3 13 2 10 9 17 4 2 10 8 0 1 18 5 4 6 8 6 5 0 5 5 0 23 0 24 11 3 4 19 9 3 1 4 29 7 12 32 2 1 4
0 12 1 6 13 3 4 0 3 15 7 1 19 8 21 0 7 9 10 0 4 9 12 13 2 5 0 1 7 3 3 3 19 3 5 2 7 9 4 2 6 1 7 3 1 11 8 8 10 3 4 0 10 4 14 0 12 1 10 12 5 9 7 4 13 3 2 0 0 7 4 0 0 2 1 0 5 8 11 5 11 1 23 9 7 1 0 9 24 3 7 7 3 3 1 9 19 9 6 2
2 21 4 9 20 4 2 3 5 8 2 11 5 5 2 6 13 0 6 6 0 5 11 1 0 5 0 10 3 15 15 22 3 29 3 0 5 5 1 0 5 0 1 3 12 2 2 8 3 6 11 6 7 0 42 4 11 3 6 10 18 7 2 2 9 11 3 0 0 8 2 2 2 5 2 8 19 5 20 11 10 3 3 2 24 3 1 1 17 0 3 1 3 8 0 10 14 8 2 21
8 1 1 0 0 2 11 5 3 0 0 1 0 7 11 2 14 36 2 1 2 0 3 1 3 0 4 1 4 0 0 5 0 4 0 2 1 1 4 0 0 5 1 6 10 0 0 1 9 2 9 11 3 0 2 5 3 8 2 4 0 2 0 0 0 3 4 3 4 2 1 1 0 0 1 5 2 1 6 0 3 4 1 0 9 12 9 2 0 5 11 8 2 2 8 1 1 4 0 0
0 1 1 0 1 1 0 0 0 2 1 0 1 0 1 0 0 0 0 0 0 0 0 0 1 2 0 1 0 0 0 1 0 0 1 1 0 0 0 0 0 1 0 0 0 0 0 0 1 0 0 0 1 0 0 0 4 0 0 0 0 0 0 0 0 1 3 0 0 0 1 0 0 6 1 1 0 0 0 1 2 2 0 0 0 0 0 0 0 0 0 0 0 0 2 0 0 0 0 0
2 5 5 0 18 22 1 4 1 11 7 1 2 11 16 1 0 3 18 2 5 7 0 0 1 6 2 3 6 12 0 6 4 8 0 0 7 4 1 5 3 11 0 10 2 0 7 2 3 1 0 0 9 1 0 1 2 4 6 2 25 3 5 11 5 0 6 0 1 0 0 3 0 7 0 3 0 0 5 9 6 2 1 5 1 0 3 1 6 5 3 9 9 1 2 2 7 0 13 1
2 7 1 1 6 2 1 8 2 7 5 8 12 5 4 1 1 6 9 5 4 3 5 3 3 15 18 5 2 2 12 17 6 3 1 4 11 3 5 0 3 4 24 4 10 1 5 3 6 11 2 14 0 7 8 2 0 3 2 2 1 3 1 13 6 5 3 6 5 2 3 3 3 1 10 13 12 0 4 2 0 11 13 10 1 2 1 3 0 2 0 3 11 0 6 1 0 6 9 3
4 0 1 1 2 11 1 0 5 3 6 5 0 1 2 2 7 2 0 10 8 0 4 1 0 3 3 4 10 0 3 16 2 7 8 4 5 0 0 1 1 10 9 1 6 3 0 10 3 3 12 0 14 6 0 0 0 25 2 0 4 5 1 15 4 1 1 5 1 6 19 6 0 3 2 2 4 1 2 7 4 5 1 5 0 4 2 4 1 1 2 2 0 0 3 20 3 0 2 5
0 45 5 22 2 6 9 4 11 0 9 42 2 13 28 2 9 4 13 0 2 9 8 2 4 3 12 4 5 3 2 15 3 16 1 0 4 0 18 18 5 4 0 37 20 1 12 5 1 2 8 7 11 1 0 3 16 6 4 14 8 6 1 30 0 12 20 4 17 20 3 2 25 1 10 20 3 0 6 10 0 5 21 16 7 7 8 0 2 0 5 16 8 0 23 22 9 5 12 27
7 9 1 4 5 8 6 15 3 20 10 0 3 0 2 2 6 10 6 0 2 7 11 6 8 0 13 11 16 11 1 10 1 1 9 5 6 1 5 1 6 7 26 4 9 10 7 15 1 1 9 20 9 5 1 4 9 12 7 18 13 4 9 0 12 2 8 20 0 3 1 0 38 3 3 2 1 5 5 15 14 9 30 5 0 9 1 4 1 2 0 0 0 47 2 4 7 20 0 14
14 10 3 19 0 3 0 23 1 13 2 0 4 9 4 4 0 0 4 7 0 0 8 12 0 0 0 0 2 0 3 1 5 6 3 10 2 3 2 5 2 1 1 6 0 0 9 3 1 3 0 10 10 1 3 1 3 0 1 1 1 1 6 1 6 7 1 1 8 0 9 0 1 16 0 1 0 4 4 2 2 0 3 3 0 5 4 0 5 2 1 8 2 0 2 3 17 15 9 0
9 3 1 1 6 5 0 2 4 6 15 5 10 12 0 9 16 10 3 7 1 1 2 3 5 2 13 0 1 5 3 3 0 0 0 0 5 8 0 4 0 3 7 7 3 4 1 0 8 3 12 1 0 5 3 0 3 5 3 5 1 7 8 0 4 11 0 2 5 4 2 5 5 0 1 7 4 0 0 0 5 4 0 0 7 3 4 5 0 0 0 1 1 9 0 4 4 6 0 2
0 1 0 1 1 0 0 0 0 0 0 0 0 0 0 1 0 0 0 0 2 2 0 0 0 1 4 2 0 0 1 1 0 0 0 1 1 0 0 0 0 1 0 2 1 0 0 1 4 1 0 1 2 0 1 0 0 1 1 0 0 0 0 0 0 0 0 0 0 1 0 0 1 0 0 0 0 1 0 0 0 0 2 0 1 0 0 0 0 0 0 1 0 0 0 0 0 0 0 2
4 8 12 30 2 4 5 4 2 8 13 5 4 0 0 4 19 0 1 0 1 23 11 4 13 3 3 9 19 2 3 4 2 13 17 5 23 7 5 10 5 14 12 3 2 7 0 6 42 0 23 15 7 1 12 40 4 3 4 4 8 1 21 3 26 4 3 9 1 0 28 1 18 5 1 0 0 4 3 13 10 7 0 5 3 18 5 7 3 2 6 0 22 3 27 6 18 10 10 2
0 6 6 0 7 6 1 1 5 13 10 2 4 7 0 4 17 0 6 6 1 2 6 2 1 5 0 0 0 1 16 3 2 4 0 5 3 3 1 0 7 2 4 7 0 15 0 5 5 1 8 3 7 5 8 2 1 3 12 9 2 1 2 1 0 3 2 0 3 0 4 9 10 2 3 0 6 2 0 7 1 1 0 2 0 0 3 1 1 2 2 0 16 2 3 2 5 17 0 7
1 3 0 5 1 1 4 7 1 10 5 0 5 7 0 6 5 5 1 0 8 4 3 6 0 2 1 0 5 12 4 6 8 6 9 1 2 11 10 6 1 4 3 1 16 0 1 1 0 8 2 2 0 0 4 1 11 13 0 2 6 1 0 2 1 5 1 1 3 13 3 2 0 13 5 1 0 3 2 0 4 3 0 7 26 3 0 8 0 8 2 0 0 3 0 7 1 8 2 2
1 10 1 1 12 3 3 6 6 3 13 9 1 1 1 4 39 16 0 1 1 1 12 8 3 16 0 5 3 12 1 30 11 37 1 4 5 0 8 1 11 9 1 14 2 5 2 5 3 4 5 4 0 6 1 5 16 1 4 1 0 2 4 12 24 10 27 2 3 7 3 1 22 8 10 3 3 17 3 8 35 12 4 6 3 4 23 2 1 5 33 4 33 7 2 10 1 6 3 4
4 6 1 4 2 0 5 1 7 1 3 0 1 22 26 0 1 6 6 1 0 2 2 3 0 2 16 21 2 12 4 17 0 6 3 4 1 8 0 0 7 1 1 5 3 3 3 3 0 17 3 3 2 2 3 2 9 14 8 0 3 1 0 10 4 8 0 5 0 5 0 13 4 6 10 7 0 17 7 0 2 2 1 2 4 3 1 6 1 0 5 0 26 0 2 11 4 1 3 1
0 0 2 0 0 0 0 1 1 0 0 1 0 0 1 0 0 0 2 1 5 0 0 0 0 0 1 0 0 1 0 0 0 0 0 1 1 1 0 0 0 0 0 5 0 0 1 2 0 3 0 1 0 0 0 0 2 0 0 0 0 2 1 0 0 0 1 0 1 0 1 1 0 0 1 0 0 0 0 1 0 0 1 2 0 0 0 2 0 0 1 0 1 0 0 10 0 0 2 2
2 1 0 0 0 1 0 0 0 1 0 1 0 1 0 0 0 0 2 0 0 0 0 0 0 0 3 0 0 0 0 0 0 1 0 0 0 0 1 0 0 0 0 3 0 0 0 0 1 1 0 0 0 0 1 0 2 0 2 0 0 1 0 0 0 2 1 0 0 1 0 1 1 0 0 0 2 0 0 0 1 0 0 0 0 1 0 1 0 0 0 1 2 0 1 1 0 2 2 0
0 0 0 0 0 0 0 0 0 0 3 0 0 1 0 0 1 0 1 0 0 1 0 0 1 0 1 0 3 2 0 0 0 0 0 1 1 0 0 0 0 0 0 0 0 0 0 0 0 3 0 0 2 0 0 0 0 0 0 0 1 2 0 0 0 1 1 0 2 0 0 0 0 0 0 0 0 0 0 3 0 0 0 0 0 0 2 0 0 1 0 0 1 0 1 0 0 0 1 0
1 0 0 0 1 1 0 1 0 0 0 0 2 2 3 0 0 0 2 0 0 0 0 0 0 1 0 1 0 0 0 0 1 0 0 0 3 0 0 1 1 1 0 0 0 0 0 0 0 0 1 1 1 0 0 0 0 0 0 0 0 0 0 0 2 0 0 0 0 0 0 0 1 4 1 0 0 0 0 0 1 1 2 0 4 2 0 1 0 0 0 0 2 0 0 0 0 0 0 0
0 1 0 11 6 0 0 2 0 0 13 2 7 11 4 2 2 0 0 1 8 0 8 2 23 1 5 6 0 0 16 2 7 3 5 4 1 1 17 22 4 0 1 4 5 6 0 3 5 4 3 3 1 3 2 1 0 0 0 1 0 1 4 0 21 2 11 8 3 3 5 3 3 2 6 0 2 11 1 1 1 1 1 1 3 4 4 9 6 2 1 4 0 2 8 12 0 3 2 2
1 1 0 3 2 0 0 3 2 3 2 4 6 1 0 5 15 4 4 5 3 0 5 11 5 9 0 5 0 7 5 1 0 3 0 1 3 2 2 4 6 1 3 2 5 0 4 7 11 11 3 5 15 3 3 0 6 17 2 7 0 1 10 1 0 3 1 4 10 3 2 1 1 1 0 2 0 2 4 2 13 6 4 9 15 0 4 1 0 2 12 3 0 19 2 5 4 5 4 8
8 7 1 1 5 3 0 3 8 5 0 0 4 3 9 0 1 22 10 4 4 0 5 1 7 0 7 2 0 14 6 1 6 11 4 1 1 13 0 4 0 1 0 2 18 16 14 0 1 0 1 2 4 1 8 2 0 6 0 0 3 0 3 1 5 2 0 0 1 2 3 1 3 0 4 7 15 8 1 6 22 1 1 2 1 15 10 2 3 0 1 5 4 5 9 8 0 6 15 4
4 2 11 53 8 2 0 2 1 4 0 0 1 17 0 1 2 3 3 6 1 0 8 3 8 13 9 9 0 0 7 8 2 1 18 0 9 5 0 4 7 6 1 4 4 3 0 2 2 0 6 1 0 5 1 0 6 1 0 7 10 10 6 1 1 13 0 8 0 4 4 2 1 3 8 2 0 5 5 1 7 0 1 2 0 0 4 2 1 3 1 8 3 3 0 4 3 2 0 3
2 1 0 4 32 6 3 2 3 3 0 13 1 10 1 7 1 4 22 8 4 0 2 0 3 5 0 9 20 4 7 4 6 10 6 6 1 9 2 8 18 3 2 7 0 4 5 35 40 5 3 24 2 4 9 31 9 11 5 0 1 0 8 1 9 0 3 5 10 40 15 9 7 9 3 5 11 3 5 6 1 0 31 15 9 15 0 29 4 9 0 8 0 0 3 0 1 10 5 2
0 18 6 2 1 23 5 0 8 0 1 1 7 4 1 2 12 9 0 0 5 10 3 5 0 0 1 0 1 1 5 4 0 4 4 1 0 3 2 5 3 9 12 1 0 5 1 11 22 1 3 8 2 15 3 1 17 9 5 2 11 0 3 3 3 1 7 2 4 12 10 5 2 0 0 1 1 23 5 1 4 0 4 0 0 5 0 5 0 3 2 5 0 3 4 4 0 8 6 0
1 4 9 0 2 15 4 20 0 0 4 5 0 3 3 2 3 2 1 4 3 2 3 9 2 3 19 1 6 3 17 0 6 1 8 2 1 1 6 8 0 4 0 3 3 3 19 8 2 0 8 4 8 4 4 4 13 2 9 4 0 5 0 5 1 3 8 1 0 8 2 4 0 0 0 2 7 5 0 1 9 0 0 0 1 0 16 6 0 2 7 4 0 3 6 0 9 6 1 4
2 0 0 1 0 0 2 0 0 1 0 0 1 0 1 0 0 2 0 1 0 6 0 0 0 1 0 1 0 4 0 1 2 0 0 0 0 0 0 2 1 0 0 0 0 2 0 0 0 0 0 1 0 0 0 0 0 0 0 0 0 1 1 0 1 0 0 0 0 0 0 0 0 0 0 0 2 0 0 0 0 0 0 0 0 0 0 0 0 0 0 0 0 0 0 1 0 0 1 0
2 7 2 18 10 0 3 10 13 14 0 10 0 1 5 0 5 6 0 1 2 18 3 13 1 1 0 0 5 0 5 16 7 6 1 5 23 11 7 13 4 15 3 10 4 4 16 9 1 5 16 4 3 15 9 12 6 3 0 13 16 14 17 8 0 5 3 5 5 3 3 3 0 9 1 0 2 5 2 20 20 10 9 0 0 13 0 23 6 8 14 14 27 10 29 9 6 3 4 4
8 22 20 6 2 2 12 6 5 1 1 4 12 0 0 0 3 13 0 40 3 13 0 1 0 2 0 2 1 6 34 9 14 14 1 6 4 8 7 20 6 4 5 14 4 4 22 7 19 0 8 2 5 33 5 11 3 10 4 6 0 13 8 0 8 0 3 1 7 5 1 0 4 13 7 2 0 4 0 1 1 1 2 10 0 3 15 0 3 3 2 7 16 0 2 3 2 0 8 3
12 6 2 1 0 11 6 0 6 4 12 0 13 3 1 3 15 11 5 0 1 10 11 9 6 8 7 0 1 5 3 4 10 7 7 2 23 9 3 0 1 4 2 2 2 6 0 5 2 1 1 2 19 12 1 1 1 10 2 4 7 1 2 2 2 0 3 1 1 4 4 1 4 2 0 0 1 3 0 1 11 2 1 4 25 3 2 9 6 2 10 1 6 4 1 8 10 4 1 5
18 1 5 4 8 5 32 3 12 19 10 1 5 5 5 3 1 2 15 11 13 1 4 6 0 5 10 10 5 11 3 0 7 5 5 2 4 12 0 0 2 4 0 2 4 6 7 0 20 0 13 1 8 15 1 4 21 13 5 16 11 12 11 3 6 0 5 1 2 27 5 0 6 13 0 36 10 1 16 0 0 0 6 0 4 7 8 7 9 3 28 1 12 19 3 18 1 13 1 17
3 0 4 0 0 3 0 1 0 4 8 3 9 3 13 1 5 13 0 1 4 0 0 0 17 5 0 4 0 5 0 3 0 5 3 13 0 3 8 1 3 2 4 1 17 0 1 2 1 11 8 6 0 4 2 0 9 7 5 5 2 1 7 1 0 6 3 1 3 0 4 2 5 11 6 14 6 2 17 9 15 10 2 0 2 7 2 2 4 2 1 6 3 9 4 3 1 13 2 3
3 9 0 22 1 2 3 0 0 0 18 8 2 11 5 0 2 1 6 1 1 4 0 2 0 5 1 2 7 1 2 4 3 0 10 16 2 3 0 4 0 1 3 1 5 14 7 15 4 3 21 0 1 1 5 1 11 3 2 0 0 7 0 2 9 3 4 3 0 11 3 8 11 4 2 2 5 3 12 6 1 0 1 5 4 2 4 11 2 3 4 1 0 6 5 1 0 5 0 16
1 0 12 8 7 1 3 7 7 3 11 17 0 0 48 9 15 6 22 2 1 1 2 13 8 1 1 28 6 8 11 3 16 5 0 19 6 20 3 25 4 13 0 15 1 0 0 5 2 2 0 3 6 14 4 24 24 1 1 21 3 1 7 28 1 32 3 0 5 6 7 6 6 3 8 1 5 3 2 7 5 3 7 20 14 8 16 20 0 17 6 11 19 9 1 24 12 0 9 9
1 0 1 0 1 0 0 3 0 0 1 0 0 1 0 0 1 0 0 0 1 0 0 1 1 0 0 0 1 2 0 1 0 0 0 0 0 0 0 0 0 6 1 5 0 1 0 0 0 0 0 0 1 0 0 0 0 0 0 0 0 0 0 0 0 0 0 0 0 0 0 0 1 1 0 0 1 0 0 0 0 0 0 1 0 0 8 0 0 0 0 0 0 0 0 2 0 1 0 0
1 11 0 0 1 0 39 5 2 15 14 3 7 2 10 2 2 11 26 12 0 13 8 11 11 2 7 1 15 3 8 0 2 9 8 0 3 1 0 12 22 4 0 2 20 2 0 8 0 9 13 22 8 5 3 11 15 3 8 1 0 12 7 4 0 5 2 12 28 5 0 9 22 9 13 1 8 5 6 3 3 12 14 6 2 2 2 6 1 9 10 7 5 6 6 8 3 0 0 11
