2 1 2 1 17 2 3 18 10 3 18 5 6 0 1 0 8 4 6 0 6 6 11 0 3 3 0 2 1 9 4 2 10 0 11 2 8 5 6 7 0 2 5 8 11 5 2 5 3 3 7 1 2 2 3 15 3 0 1 3 4 1 0 0 0 0 1 0 4 8 2 2 3 0 2 1 2 5 7 17 35 7 3 0 0 6 1 1 6 2 2 1 1 0 0 3 0 0 0 8
4 10 2 7 8 35 12 7 20 13 52 10 1 2 11 6 1 1 1 2 3 13 2 13 7 0 6 3 13 4 17 1 4 4 1 1 12 0 2 2 0 11 5 0 5 7 8 23 9 8 4 3 1 3 10 0 0 18 1 2 2 4 13 6 10 8 7 12 1 10 9 5 11 5 9 11 1 0 23 20 9 6 11 15 2 1 2 5 6 8 3 0 50 3 0 25 7 2 0 6
16 1 4 13 1 6 9 1 2 0 4 0 7 2 2 3 3 1 0 20 3 0 1 6 4 7 0 5 3 2 0 2 1 2 9 2 7 0 13 9 2 2 4 0 1 0 16 0 3 5 7 5 4 0 1 1 1 2 5 5 9 1 7 2 11 8 10 2 6 0 5 6 4 1 3 2 3 2 0 0 1 7 0 4 6 1 7 9 3 11 0 0 3 0 2 1 0 2 3 5
3 13 6 10 5 5 8 9 13 9 2 17 0 5 9 11 26 1 5 6 5 9 1 3 18 0 4 11 33 2 9 2 1 10 2 7 0 2 0 2 2 5 2 9 2 0 0 2 12 0 3 3 1 2 0 8 7 2 27 3 23 4 7 13 12 6 6 0 3 1 12 13 8 0 3 0 13 1 4 18 6 1 8 0 12 24 4 2 0 16 9 7 8 0 28 3 4 3 3 10
5 0 0 0 2 1 1 0 0 0 0 0 0 0 0 0 0 0 1 0 0 1 2 0 0 0 0 1 0 0 11 0 0 0 0 0 0 0 0 0 1 0 0 1 0 0 1 0 0 1 8 0 0 0 0 0 0 0 0 0 2 2 0 0 0 0 0 1 0 0 0 0 0 0 0 0 0 1 1 0 0 0 0 3 0 0 2 0 0 2 0 3 0 0 0 0 0 1 1 3
9 0 3 5 20 21 0 2 3 0 2 9 1 0 8 9 8 3 4 6 4 7 13 3 9 3 10 11 20 9 4 1 10 2 3 3 3 4 2 2 2 1 22 4 4 17 14 0 5 0 12 2 22 2 7 2 3 6 10 3 10 0 3 7 5 14 2 10 0 17 11 5 5 1 11 40 8 2 2 13 2 5 3 10 3 10 7 16 1 11 12 10 0 8 14 14 10 9 13 1
0 0 0 0 0 0 3 1 0 2 0 1 0 0 1 0 1 0 0 2 1 0 1 0 0 2 2 0 1 0 0 0 0 0 0 0 0 4 0 2 0 0 0 0 0 11 0 0 0 0 0 4 0 1 0 1 0 0 0 0 0 0 0 0 0 0 0 0 0 1 0 1 0 0 0 0 0 0 4 1 0 0 1 0 0 0 1 1 1 0 0 0 0 0 1 0 2 4 1 0
1 0 0 0 0 0 1 1 0 0 0 0 1 0 0 0 1 0 1 0 0 0 0 0 0 0 0 2 0 0 0 0 1 0 0 0 1 0 0 1 0 0 0 3 0 0 0 5 0 7 1 1 4 1 1 0 0 2 0 0 0 0 0 0 1 0 0 1 0 0 0 0 0 0 0 0 0 1 2 3 0 0 0 0 0 0 0 0 0 2 0 0 0 2 0 1 0 0 2 1
0 0 0 1 0 0 0 0 1 0 0 0 1 0 11 0 1 0 1 0 0 1 0 0 0 2 0 0 0 0 0 1 0 0 0 3 0 2 0 4 1 0 0 0 1 0 0 0 1 0 1 0 0 0 0 0 0 0 0 0 0 1 0 1 1 0 0 1 0 1 0 11 0 1 0 0 0 0 0 0 1 0 0 0 0 0 0 0 0 0 0 0 1 0 0 0 1 0 3 2
8 0 5 8 0 12 1 8 0 0 0 4 3 2 7 3 2 10 14 19 1 6 3 8 1 1 4 4 4 6 1 3 1 1 0 12 3 1 3 4 10 3 1 0 0 0 7 2 5 0 6 8 1 4 3 1 1 20 15 10 28 1 1 3 4 0 5 7 5 2 1 11 0 1 0 1 0 4 4 1 1 5 7 7 0 4 0 8 0 2 8 1 3 9 3 0 2 0 1 31
3 2 0 20 0 6 3 3 1 8 5 1 9 2 13 30 4 3 10 13 0 2 0 1 23 0 29 2 7 2 11 0 8 2 11 4 33 11 0 7 0 4 14 2 10 16 7 6 2 11 9 2 0 12 13 3 0 0 16 30 1 7 0 21 4 0 23 2 9 1 5 0 6 0 5 3 5 0 2 11 0 7 0 4 0 11 0 4 2 23 1 4 1 1 1 1 8 11 35 0
0 0 0 1 0 0 0 2 0 0 0 0 0 0 0 0 0 0 0 1 0 1 0 0 0 0 0 0 4 0 0 0 0 0 0 0 1 0 0 0 0 1 0 1 0 1 0 0 1 0 0 17 0 0 0 0 0 1 0 1 0 0 0 0 0 0 0 0 0 0 0 1 0 0 0 0 1 1 2 1 0 0 0 0 1 0 0 0 0 0 1 0 0 0 0 1 0 2 0 0
0 1 0 0 0 0 0 0 0 0 0 0 0 2 0 0 1 0 0 1 0 0 0 0 1 1 0 1 0 2 0 0 0 0 1 0 0 0 6 1 0 1 2 0 0 0 0 0 0 0 0 0 0 1 0 4 1 0 1 0 1 0 0 0 0 1 0 0 1 0 0 0 0 1 0 1 0 6 0 0 0 1 0 1 0 0 0 0 0 2 0 0 1 0 0 0 0 0 0 0
2 0 1 0 0 0 1 0 8 5 0 2 8 1 0 0 6 1 1 1 1 0 0 0 0 0 0 0 0 3 1 2 2 0 0 1 0 2 0 0 0 1 0 4 1 0 0 1 0 0 0 6 2 0 0 0 0 0 0 0 2 5 0 0 0 0 0 8 1 0 3 0 0 0 0 1 1 0 0 4 0 3 4 2 0 2 0 4 0 0 0 0 0 0 0 0 1 4 0 0
1 0 0 2 0 1 0 11 7 2 2 3 5 3 2 2 15 0 2 2 0 0 0 0 2 4 2 2 18 1 1 4 1 5 3 5 5 0 14 0 0 12 1 5 6 0 1 8 2 0 2 1 3 3 2 3 0 1 6 0 6 1 8 0 4 3 0 22 0 0 0 14 10 4 3 6 3 2 12 4 8 32 2 2 7 3 5 0 0 4 2 0 5 4 1 0 2 1 0 0
5 1 21 0 4 4 1 2 6 0 1 6 5 2 0 1 6 11 19 10 2 6 2 6 5 6 1 6 0 5 1 0 1 2 4 12 7 8 0 0 3 2 1 17 3 1 2 1 5 2 1 2 23 9 9 0 3 3 6 1 2 3 2 1 0 4 3 4 19 0 5 14 1 23 2 2 3 3 0 5 2 5 20 20 1 4 7 11 10 16 1 2 7 2 0 15 18 0 9 2
2 0 0 1 0 0 0 0 1 2 0 0 9 0 2 3 7 0 1 0 1 1 2 0 0 0 0 0 0 0 0 1 3 0 1 4 0 5 1 0 2 0 0 13 1 3 1 3 0 1 0 0 0 0 1 1 2 0 1 0 0 4 0 0 0 0 0 0 0 0 0 0 0 0 2 1 4 1 5 8 0 10 0 0 0 0 0 6 0 0 1 1 1 2 0 0 0 2 1 0
2 3 0 3 11 5 10 3 2 1 9 1 6 8 1 0 13 0 3 8 3 8 5 3 2 3 10 0 0 1 3 16 2 15 4 4 3 0 5 0 0 17 0 7 3 3 9 8 1 0 0 7 2 5 0 0 3 3 4 1 4 6 0 3 7 0 3 13 3 1 3 0 2 10 1 0 0 0 8 8 9 9 1 4 1 5 11 1 9 1 10 0 0 4 0 9 3 16 1 1
0 0 0 0 0 0 1 0 0 0 1 0 0 0 1 0 0 0 0 0 1 2 0 0 0 0 0 0 2 0 1 0 0 0 0 0 0 0 0 2 1 0 0 1 0 0 2 0 0 0 0 0 0 0 0 0 7 0 0 0 0 1 0 0 2 0 0 0 0 1 0 0 0 1 0 0 1 7 0 2 0 0 0 0 0 1 0 0 0 3 1 0 0 1 1 0 1 1 0 0
0 0 0 2 0 1 0 0 0 1 0 0 0 1 0 0 0 0 0 0 0 0 0 0 0 0 1 1 1 1 0 0 0 1 6 2 0 0 0 0 0 0 0 0 0 0 0 0 0 0 0 0 0 0 0 0 8 1 1 0 0 0 2 0 1 0 1 1 0 0 1 0 0 0 0 0 0 1 1 1 0 0 1 2 0 0 0 1 0 2 0 0 0 0 1 0 0 0 0 1
9 3 25 5 4 1 4 1 8 14 5 7 8 3 17 2 1 23 7 0 6 3 1 3 7 11 3 16 9 0 5 8 0 1 10 26 38 1 5 0 5 9 5 11 9 18 6 5 22 2 3 10 2 3 10 2 21 0 4 13 3 1 4 7 2 1 6 0 3 1 5 0 12 21 0 10 4 12 5 6 4 10 2 13 8 1 1 19 7 41 3 4 9 0 6 3 5 0 5 2
0 1 0 0 0 0 1 1 0 0 0 0 0 0 10 0 0 0 1 0 1 0 1 1 0 0 0 4 0 0 1 0 0 0 0 1 1 0 1 0 0 0 1 0 0 0 0 2 0 0 2 0 0 1 2 0 1 1 0 2 0 0 0 0 0 1 1 0 0 0 0 0 0 1 3 0 0 0 1 1 0 1 0 0 1 0 0 1 0 0 0 0 0 1 0 0 0 0 0 0
2 1 3 4 1 4 5 0 10 8 1 13 4 9 1 4 0 10 1 0 1 1 0 0 3 1 30 0 13 6 3 3 0 4 1 3 6 1 0 0 12 3 1 3 1 0 2 2 0 4 1 0 7 1 2 0 1 21 1 1 0 0 5 2 3 6 8 0 1 0 3 3 3 12 2 5 0 3 0 8 4 3 5 1 17 5 4 0 0 0 8 4 5 5 0 6 0 0 10 0
0 0 0 0 1 0 1 0 19 2 0 1 5 4 0 14 3 0 0 0 1 0 2 0 0 0 0 3 0 0 0 4 0 0 0 2 1 3 13 0 1 2 1 1 1 1 0 3 0 21 0 2 0 0 1 3 1 0 0 1 0 6 0 0 0 0 0 2 0 1 4 0 0 0 0 0 7 0 8 0 1 6 0 0 0 3 0 12 0 0 0 0 0 0 0 0 0 9 1 1
0 0 1 0 0 0 0 0 0 1 0 0 0 0 0 1 0 0 0 0 0 1 0 0 0 0 2 0 2 2 0 0 0 0 1 2 4 0 0 0 0 0 1 5 0 0 0 1 0 3 1 0 0 5 1 0 2 0 0 5 0 1 0 0 1 0 0 0 0 1 0 1 0 1 0 1 0 0 0 1 0 2 0 0 0 0 0 0 1 0 1 1 0 0 0 0 0 0 0 0
0 6 5 4 16 2 0 2 0 4 1 5 0 0 7 3 22 13 5 3 1 0 3 4 4 5 9 1 6 2 1 4 16 0 9 2 1 0 3 3 4 5 0 17 6 1 0 15 5 1 0 3 1 6 1 0 0 0 3 4 5 4 1 5 3 10 0 3 2 13 2 5 2 5 0 0 7 4 9 11 2 24 3 0 1 1 0 26 10 2 2 2 0 9 4 3 1 0 1 4
0 0 0 0 1 0 1 1 0 2 0 2 0 1 0 1 0 0 1 0 0 0 0 0 0 0 0 1 0 0 0 0 0 2 2 0 0 1 0 0 1 0 0 0 0 0 0 1 0 0 0 1 2 0 0 0 0 0 0 0 0 1 0 1 1 0 0 0 0 0 1 0 0 0 0 1 1 0 0 0 0 0 2 0 0 0 0 0 0 0 0 0 1 3 1 0 0 1 0 0
0 1 0 5 0 1 1 0 0 0 0 36 0 2 0 0 0 0 1 0 1 0 2 1 0 0 0 0 0 0 2 0 0 1 0 4 0 0 0 2 0 0 0 1 1 1 0 0 0 0 0 0 0 0 0 1 0 0 0 0 0 0 0 1 0 0 0 0 7 1 5 0 0 5 1 0 0 0 0 0 0 0 0 1 0 0 0 0 0 0 0 3 0 0 0 0 0 0 1 0
9 4 7 5 2 1 5 13 6 5 17 0 17 0 17 12 2 4 3 13 5 3 0 0 1 1 2 10 0 14 4 4 0 0 3 0 0 0 0 13 19 0 0 9 6 14 0 2 1 0 1 1 0 1 2 3 4 0 0 23 9 5 5 1 6 8 2 0 0 0 0 3 4 5 0 8 0 4 3 2 6 2 11 13 0 1 1 1 14 5 8 3 3 2 11 3 0 0 2 9
3 8 3 11 2 7 2 0 0 9 9 3 4 0 2 8 7 0 0 1 2 13 30 2 0 5 2 8 7 3 0 1 0 1 1 3 2 1 11 4 3 0 11 0 4 4 5 4 0 2 0 6 0 2 1 8 2 1 2 9 2 9 12 2 6 8 0 2 2 8 1 0 0 2 5 1 12 2 0 17 4 6 6 4 3 8 0 1 2 3 0 0 1 0 12 0 5 0 3 0
0 0 0 2 2 0 0 0 0 1 2 0 0 0 1 4 1 0 0 1 0 0 1 0 1 1 3 0 1 0 0 0 0 0 0 0 1 2 0 0 0 0 0 0 0 0 0 0 0 0 0 0 1 0 0 0 0 0 0 0 0 0 0 0 0 1 3 0 0 0 0 0 0 1 0 1 0 0 0 0 0 0 0 0 0 0 0 0 0 0 0 2 0 1 0 0 0 0 1 1
0 0 1 0 0 0 1 0 1 0 0 0 0 0 0 1 1 0 0 0 0 1 1 0 0 1 2 0 1 1 0 0 1 1 1 0 0 0 0 1 0 0 3 0 0 0 0 0 1 0 0 0 0 0 0 0 0 2 2 0 1 0 2 2 0 2 1 0 0 1 0 0 0 0 0 1 0 0 0 0 0 2 0 0 0 0 1 0 0 1 0 1 0 0 0 1 1 0 0 3
12 3 0 21 18 7 7 34 2 0 4 22 3 0 6 17 1 16 8 0 16 4 7 0 13 10 17 1 8 14 0 0 0 15 2 23 4 13 12 7 10 1 10 4 8 0 1 7 3 2 11 8 13 5 3 21 8 11 13 3 0 5 3 36 20 9 3 3 8 9 1 0 0 1 2 17 1 7 0 1 0 1 9 0 0 1 6 1 43 0 8 12 2 4 9 6 2 0 7 7
6 1 0 0 7 8 6 8 3 5 0 5 1 3 5 1 0 1 3 10 7 1 0 6 4 8 0 0 18 4 1 4 1 0 2 5 10 3 3 1 0 6 6 1 6 0 0 5 0 1 5 11 3 1 1 3 2 1 1 5 9 5 11 2 3 7 12 1 8 5 0 4 5 0 4 1 2 2 2 32 11 3 3 13 2 0 1 3 1 0 13 1 1 16 3 0 1 0 0 7
1 2 4 2 12 18 6 6 5 1 3 9 2 2 4 5 0 6 1 2 3 2 1 3 8 4 4 4 8 2 7 6 12 6 1 1 8 0 1 0 2 1 7 1 3 6 14 1 3 1 1 2 0 1 8 0 0 1 4 1 4 1 18 1 0 1 0 4 1 6 5 13 0 6 10 0 3 4 0 12 3 3 0 0 0 4 5 3 0 2 2 0 9 5 0 0 0 6 1 10
2 3 8 2 2 1 4 2 13 6 1 3 6 0 15 1 5 0 1 2 8 3 3 21 13 0 3 6 8 0 23 4 11 1 2 2 0 7 4 6 6 5 3 7 8 7 18 3 0 3 0 17 7 2 15 1 0 10 8 1 17 19 0 5 0 3 3 16 0 10 2 1 6 7 29 3 22 0 0 1 11 19 0 0 14 3 7 7 3 2 11 2 8 4 1 0 1 24 3 8
8 2 35 5 9 20 0 4 1 9 6 0 4 2 6 0 19 3 22 1 4 8 1 0 13 11 0 8 9 6 8 3 6 14 8 4 0 3 3 8 9 4 0 1 14 0 6 24 17 1 2 6 0 4 5 6 0 7 0 1 11 5 2 10 21 8 4 19 2 1 1 9 1 15 2 19 3 11 7 1 5 13 3 6 13 4 0 5 1 14 6 14 4 4 9 7 28 4 6 1
18 1 11 2 3 28 2 1 3 17 3 10 2 28 10 4 2 1 6 12 0 2 2 4 11 7 2 10 10 1 7 1 2 1 2 2 3 1 40 19 0 0 1 12 14 2 6 7 4 2 2 5 0 2 9 11 2 12 2 3 0 4 0 6 31 2 10 5 13 33 4 23 17 0 3 0 4 4 0 7 6 8 7 2 17 15 17 8 8 17 1 22 0 3 2 4 11 0 9 0
9 2 14 3 6 5 7 4 0 3 0 5 2 0 17 0 1 2 8 3 8 3 2 3 2 3 16 1 0 1 0 5 0 1 19 1 5 1 0 16 12 18 0 1 1 2 1 17 0 11 3 4 5 0 3 2 3 27 0 1 4 2 2 4 2 4 2 13 0 2 0 2 0 1 2 3 16 4 2 3 3 0 1 2 1 4 22 0 0 0 2 7 7 8 0 5 0 13 4 2
3 2 11 1 2 4 0 0 0 2 0 2 5 6 0 3 1 3 2 4 2 2 0 1 0 2 11 1 3 4 7 7 10 0 3 2 2 2 1 0 0 5 10 1 0 4 7 1 5 2 37 1 2 0 11 0 2 7 0 0 12 0 9 5 18 0 1 1 0 5 3 3 5 4 1 4 2 0 2 5 4 2 10 1 9 3 2 7 1 0 0 12 2 1 2 0 1 2 0 9
1 5 2 3 6 2 4 1 6 3 9 0 8 10 5 5 8 1 4 0 4 9 0 3 0 0 13 14 1 0 11 7 14 2 0 3 19 9 1 5 1 2 0 1 0 0 9 10 0 2 4 6 1 6 1 3 1 0 21 0 0 22 3 0 1 3 0 8 11 7 0 5 0 0 8 13 23 7 17 17 3 4 22 4 11 2 4 2 3 0 2 3 0 2 5 5 0 9 7 2
0 6 3 0 2 15 17 3 10 12 0 10 5 32 2 14 0 4 4 28 10 14 27 1 20 8 4 11 32 19 3 8 4 14 5 34 3 21 6 6 4 2 4 4 1 14 10 0 8 1 2 0 1 3 3 8 22 3 8 3 4 1 7 5 9 17 2 3 14 9 1 2 3 0 2 23 7 1 2 3 17 17 2 0 2 6 13 2 7 21 8 8 6 6 11 5 9 6 11 41
16 12 3 12 13 0 7 23 6 29 7 2 17 0 5 21 1 31 7 6 4 6 14 1 3 5 1 7 5 3 5 20 11 0 2 8 4 9 7 0 1 0 3 8 1 31 1 5 1 1 3 6 12 5 1 3 2 11 4 3 6 12 2 4 6 6 1 1 10 14 0 0 5 9 4 9 23 12 2 8 2 15 11 29 7 1 13 0 15 1 1 1 2 0 1 3 16 12 1 1
3 3 13 1 2 7 1 18 1 5 1 4 0 4 8 0 0 1 1 8 17 6 8 6 8 1 28 4 17 1 6 24 8 4 1 6 4 5 2 3 7 8 6 4 6 0 2 8 5 14 0 0 2 5 1 3 1 2 4 4 38 5 3 15 1 3 26 11 5 6 3 7 1 33 9 0 3 0 1 0 2 2 1 2 1 5 3 2 8 18 18 1 11 9 0 10 27 1 8 10
1 0 0 0 0 0 0 0 0 0 0 0 2 0 0 0 1 0 1 0 0 0 0 1 1 0 0 0 0 0 1 2 0 0 7 0 0 0 2 0 0 1 0 0 2 0 0 0 0 0 0 3 0 2 0 1 12 1 0 0 1 0 0 0 0 0 0 0 0 0 3 0 0 2 9 0 0 2 1 1 0 0 1 0 0 0 0 1 0 0 0 0 0 0 0 0 0 0 1 0
3 0 0 0 0 0 2 0 0 0 1 0 0 0 0 0 0 0 2 1 0 0 0 0 0 0 0 3 1 1 1 3 2 0 0 1 1 15 1 0 0 0 1 2 0 4 0 1 0 1 0 4 0 0 0 0 0 5 1 0 0 0 0 0 0 0 0 0 1 0 0 0 0 0 0 0 0 0 3 0 0 1 1 0 0 1 1 0 1 0 0 0 0 0 0 3 1 11 0 0
0 17 1 7 4 2 28 7 5 3 0 3 0 5 4 1 0 0 9 2 1 5 21 0 4 8 3 6 7 16 17 10 1 2 2 6 8 8 5 5 7 4 0 21 9 3 46 1 38 5 0 0 0 12 10 0 20 5 3 2 8 6 31 5 2 1 4 1 3 0 0 3 7 1 2 9 1 4 6 5 6 1 1 8 2 3 11 0 8 1 20 2 0 4 5 8 5 0 1 7
0 0 0 2 0 0 0 0 0 0 1 0 1 1 4 0 0 2 0 0 0 0 0 1 0 2 2 0 0 0 0 0 0 1 1 2 1 1 1 1 0 0 0 0 0 0 0 3 1 0 0 0 0 0 1 0 0 1 0 2 0 0 0 1 3 0 0 0 0 0 0 0 0 0 1 0 0 0 0 0 0 1 0 1 1 3 0 2 1 0 0 0 0 0 0 2 0 0 0 0
0 0 0 0 0 0 1 0 2 1 0 0 1 7 0 0 1 2 0 0 0 0 5 0 0 2 0 0 1 0 0 0 1 0 2 3 0 4 0 2 0 1 0 3 0 0 0 0 0 0 2 12 0 0 0 0 0 1 0 1 0 0 1 0 1 0 0 1 0 2 0 1 1 0 0 0 0 2 1 0 0 0 2 0 0 0 1 0 2 0 2 0 1 0 0 0 3 0 0 0
1 6 2 2 9 0 6 1 5 0 1 15 2 0 10 6 11 3 4 2 7 2 8 5 1 9 1 13 2 2 1 2 0 0 0 9 5 0 1 0 9 3 2 8 0 4 0 0 0 2 0 1 5 1 0 0 0 4 2 0 1 0 10 1 4 6 3 8 0 0 2 2 2 10 1 8 0 4 19 1 0 1 6 3 0 9 1 1 6 5 5 2 2 15 0 3 4 0 0 4
0 0 0 0 0 0 0 1 1 0 0 3 5 2 0 7 5 3 1 1 0 0 0 0 2 0 0 2 0 0 1 4 0 0 0 0 0 1 0 0 1 0 0 2 0 0 0 7 0 0 0 11 0 0 0 1 0 0 1 0 1 20 0 1 1 1 0 3 0 1 4 3 0 0 1 2 16 0 1 20 0 5 0 0 0 6 0 7 0 0 0 1 0 0 0 0 0 1 1 0
0 1 1 1 0 0 0 0 0 0 0 0 2 0 0 1 0 0 1 0 1 1 0 1 1 0 15 1 0 1 0 0 0 0 0 0 2 1 0 0 0 0 1 2 0 0 0 0 1 2 0 0 0 0 0 1 1 0 0 0 0 0 0 0 0 0 1 0 0 0 4 0 0 0 0 0 0 0 2 2 0 1 0 0 2 0 0 1 0 0 0 0 1 1 0 1 2 3 2 1
9 9 1 21 2 11 7 1 5 0 1 3 6 3 12 3 3 4 5 7 2 14 2 7 27 3 7 2 2 6 2 6 4 0 9 28 12 12 7 1 23 4 1 16 11 46 3 8 6 14 2 7 6 2 8 3 3 2 10 15 5 14 0 0 1 4 4 24 4 4 3 11 1 17 0 19 1 16 6 1 3 2 2 4 7 1 7 2 10 4 24 4 1 0 19 3 19 17 15 0
3 1 1 1 0 0 0 0 0 0 1 0 1 0 0 2 0 0 0 1 0 0 0 0 0 0 0 0 2 1 0 1 1 0 0 0 1 4 0 0 0 0 0 1 0 5 0 0 1 0 0 0 1 0 0 0 1 0 0 2 0 0 0 0 0 0 0 2 0 1 0 0 0 0 0 0 2 1 0 0 1 0 1 1 0 1 0 0 0 0 0 1 0 1 1 1 0 10 0 0
2 3 4 15 1 1 6 14 1 3 3 2 5 1 8 2 1 0 0 6 0 8 0 6 2 10 10 1 13 1 0 4 0 11 8 4 2 7 0 5 6 10 11 11 3 1 2 0 11 10 9 2 13 10 2 0 0 0 9 2 3 5 30 7 4 17 0 12 4 8 10 12 0 0 11 2 4 0 0 1 1 2 11 2 2 5 12 4 1 8 13 22 23 0 0 2 7 2 17 9
2 10 0 0 3 0 5 3 28 0 0 9 7 11 0 6 10 12 4 5 0 0 14 5 12 5 1 9 3 19 7 1 0 0 1 4 3 3 0 12 14 0 2 28 9 5 1 9 3 15 9 6 6 1 3 21 27 9 30 16 9 4 14 0 9 4 10 20 8 5 3 4 2 1 1 4 4 14 3 4 13 1 0 8 14 10 2 5 16 20 3 25 3 3 10 7 1 1 11 12
5 4 8 1 1 5 3 6 8 3 4 1 1 6 17 1 14 4 5 2 6 1 2 13 0 3 6 2 7 3 0 0 0 14 2 5 11 0 3 0 3 1 1 0 0 0 9 0 2 2 2 4 0 0 11 1 3 4 8 1 2 5 11 15 20 6 3 2 11 3 2 10 0 3 0 2 0 6 4 4 5 4 7 0 5 0 0 7 1 1 1 5 3 17 7 0 0 0 2 0
2 2 1 7 0 1 1 1 0 1 3 7 3 1 1 0 0 1 1 1 2 0 0 8 1 0 1 0 3 6 2 11 7 5 1 8 3 1 0 1 4 1 0 7 1 9 0 5 0 9 4 1 5 3 3 6 2 0 0 3 0 0 13 6 2 3 1 2 1 3 5 1 0 0 2 10 5 0 7 4 1 2 2 1 3 6 12 1 1 5 8 0 6 9 7 2 5 5 2 1
6 2 9 2 0 1 9 0 14 2 3 7 9 0 5 3 1 4 0 22 2 11 11 32 12 2 7 3 2 11 15 2 7 8 8 1 8 9 5 5 1 1 3 3 2 1 15 3 3 5 2 1 4 2 12 0 0 35 24 9 8 19 9 13 18 4 5 5 17 13 22 1 21 5 0 1 9 6 8 6 3 8 10 9 7 7 7 22 16 2 2 0 0 20 1 0 2 1 37 6
8 1 4 0 6 7 9 5 1 3 4 2 6 7 0 1 0 0 1 4 4 10 9 2 3 2 6 1 0 8 5 0 3 0 1 16 3 19 1 0 3 6 1 8 12 3 3 1 1 3 5 2 2 9 4 3 6 1 1 3 0 10 2 2 4 2 3 0 3 1 0 11 11 1 4 8 2 2 3 7 0 3 11 10 0 1 4 2 4 7 3 1 3 2 3 9 13 9 9 2
0 0 0 0 2 0 0 1 0 0 0 0 0 0 0 0 1 0 0 0 2 0 0 1 0 1 1 1 1 0 0 0 0 0 4 2 0 0 0 0 1 0 0 0 1 0 0 0 0 0 0 1 0 2 0 1 9 0 0 0 0 2 2 1 1 2 0 0 1 2 0 0 0 1 0 0 0 2 0 0 0 0 2 0 0 3 1 0 0 0 2 1 0 0 1 0 3 0 1 0
3 2 0 8 14 0 0 3 8 2 1 1 2 6 3 2 0 3 5 1 4 3 0 3 0 3 5 2 3 0 3 4 6 5 9 9 0 3 1 11 1 6 0 0 8 17 5 1 0 5 8 9 1 1 3 5 0 3 3 3 2 14 0 0 9 5 4 4 0 0 1 7 1 3 1 8 3 3 0 2 1 5 2 6 24 0 0 3 0 7 8 3 9 3 1 2 1 8 5 6
0 1 4 18 4 10 5 8 2 4 6 4 2 10 3 2 16 0 11 1 6 5 13 10 0 7 1 4 14 6 2 5 4 0 32 4 5 3 7 10 3 24 3 4 9 1 1 19 0 5 5 2 1 19 3 7 12 6 1 18 4 5 11 18 3 2 6 8 3 27 20 5 22 22 6 2 0 1 13 14 9 0 2 0 0 6 6 14 2 4 0 21 3 0 4 6 0 1 4 0
3 7 9 2 6 1 1 7 1 5 6 7 0 0 3 1 7 0 9 4 7 3 3 8 1 4 5 5 20 2 0 1 4 2 1 0 10 0 1 2 9 2 2 8 16 6 9 4 2 1 3 0 3 4 11 7 0 2 5 0 10 2 7 3 10 0 0 3 3 2 4 23 4 0 6 2 0 0 0 9 4 4 2 15 5 5 6 1 1 0 7 2 0 20 0 1 4 0 1 12
0 1 1 0 7 6 5 1 5 5 3 0 1 11 5 4 0 1 0 9 4 5 0 8 0 11 1 11 3 1 8 7 0 2 4 2 2 5 7 3 4 4 2 1 0 0 5 2 1 2 4 0 1 4 5 10 2 5 4 0 0 10 1 0 20 7 0 0 0 0 2 6 9 1 13 0 3 3 7 8 2 2 7 0 3 2 8 8 2 5 1 2 15 3 0 1 5 4 9 0
8 0 11 10 0 1 1 3 2 3 8 5 0 2 6 22 8 8 0 4 11 3 0 3 10 0 0 0 4 4 5 2 6 0 2 5 20 11 7 4 3 1 1 1 3 3 1 1 0 3 0 4 6 12 1 8 2 1 5 1 1 13 4 5 5 3 9 15 1 3 8 8 0 3 3 14 4 19 6 0 2 7 9 4 1 3 4 10 6 8 1 13 10 5 0 1 11 1 6 0
0 0 0 0 0 2 0 0 1 0 0 1 10 1 0 2 5 1 0 0 0 0 1 1 0 0 1 4 0 0 1 3 10 0 0 6 0 2 0 0 0 0 0 0 0 0 0 6 0 0 1 1 0 0 0 0 0 0 1 2 0 1 1 0 0 0 0 3 0 13 8 1 0 0 0 0 1 0 0 1 0 0 0 0 0 5 0 5 1 0 0 0 0 0 0 1 0 0 0 1
8 0 11 4 3 2 6 0 36 11 2 0 1 20 15 3 1 1 16 2 9 8 1 9 6 3 5 6 9 1 1 7 1 4 2 2 6 37 15 11 20 5 12 0 12 4 3 4 0 3 7 1 4 15 6 3 18 5 34 8 2 0 8 0 5 3 1 0 1 1 6 16 0 19 6 5 32 9 1 6 17 8 4 6 4 9 17 0 1 6 15 5 3 1 3 7 1 5 0 3
7 5 1 3 1 16 6 12 12 3 12 0 9 1 8 7 4 0 3 25 6 6 2 20 13 0 0 4 9 8 2 3 13 8 4 13 9 4 0 1 3 1 3 0 11 5 15 18 14 0 4 4 6 3 0 2 0 0 0 0 15 0 9 0 17 0 2 4 13 6 8 18 8 6 2 7 32 0 6 9 6 29 3 1 1 6 3 4 0 51 0 0 14 9 0 3 2 0 5 0
0 9 1 2 1 2 8 25 0 1 1 10 2 0 2 0 1 2 5 2 4 3 1 1 5 7 7 0 0 0 10 2 9 1 0 0 8 4 5 2 0 11 1 0 7 2 1 0 20 4 10 17 1 0 16 4 4 1 2 2 8 1 8 1 11 3 1 0 4 3 1 0 12 2 9 1 0 1 2 0 0 0 8 2 0 2 5 0 7 14 2 3 0 9 3 13 23 15 6 0
42 6 4 12 19 2 9 6 10 1 1 24 8 16 3 2 22 0 1 1 18 14 0 5 8 6 3 42 3 1 0 3 2 43 7 7 0 15 12 12 11 8 13 2 25 2 4 10 2 46 2 4 1 2 11 7 2 21 0 43 18 23 1 0 18 6 8 2 12 3 9 2 2 9 16 38 2 2 6 1 9 0 8 2 2 31 3 14 16 3 4 0 15 15 0 10 5 1 3 3
8 7 1 9 1 0 13 12 6 7 12 2 1 8 12 7 35 16 9 22 21 7 2 4 25 4 14 5 25 0 2 6 4 32 2 40 10 2 0 7 16 4 21 31 0 6 22 0 5 12 18 1 6 5 3 0 17 12 7 21 3 14 27 1 11 2 2 9 33 8 16 5 5 4 0 17 5 6 0 1 7 6 0 3 5 2 5 12 4 0 17 16 9 5 7 11 12 3 1 14
0 0 0 0 0 0 1 1 0 1 0 2 1 0 0 7 0 0 0 2 0 0 0 0 2 0 1 0 1 0 0 0 0 2 5 1 0 0 1 0 0 1 1 1 3 0 0 0 0 0 0 0 0 1 0 0 0 1 0 0 0 0 0 0 0 1 1 0 3 2 0 0 1 0 0 3 0 0 0 1 0 1 0 0 1 0 0 0 0 1 4 0 0 0 1 1 2 0 0 0
2 0 4 0 1 1 0 0 14 1 4 3 0 14 7 1 3 3 0 0 1 11 3 9 1 3 0 2 0 3 7 11 5 2 3 7 3 8 1 3 1 1 0 1 1 0 4 0 6 2 1 5 0 3 0 11 0 11 0 0 0 0 13 8 9 3 12 1 3 6 6 4 4 0 4 2 6 1 5 1 6 5 2 4 4 2 0 10 12 0 2 0 8 3 8 1 0 20 3 1
4 0 6 0 1 0 1 2 0 1 0 2 3 6 3 1 0 3 4 5 1 6 2 5 0 0 0 3 19 1 0 4 2 0 15 4 5 2 2 2 0 0 0 8 2 1 1 1 7 5 2 3 1 0 0 1 1 3 3 1 0 6 6 1 3 2 3 0 3 10 0 0 1 2 4 4 4 3 7 3 8 2 4 1 3 7 3 5 2 2 15 0 3 1 7 0 1 0 1 1
3 4 0 4 32 0 7 11 8 6 3 0 0 0 7 10 2 5 8 3 4 18 2 11 6 0 0 5 4 0 7 3 15 4 12 10 1 9 2 1 6 17 10 22 1 2 6 7 27 0 0 28 4 9 7 2 35 12 4 9 4 26 3 12 7 15 10 12 5 13 4 9 22 0 8 7 1 24 1 6 7 18 2 2 17 12 28 12 2 9 1 4 25 3 18 20 1 7 6 5
1 34 8 3 5 5 1 5 4 5 16 10 10 7 3 23 19 1 1 1 0 3 7 5 0 23 5 11 35 1 2 4 3 1 1 3 7 6 2 2 15 18 13 3 1 0 0 0 0 19 1 1 5 13 8 15 8 1 1 21 2 0 2 9 23 9 3 22 5 0 12 15 4 2 8 2 16 6 2 2 19 12 6 6 1 7 11 13 1 1 8 2 10 5 13 12 5 3 8 0
8 10 26 1 8 6 21 3 1 3 0 0 4 13 21 12 17 2 4 0 4 8 6 2 21 16 22 11 21 22 1 2 12 1 11 6 13 12 9 13 0 7 9 1 0 3 6 18 2 2 4 13 24 18 2 0 47 5 32 6 2 0 13 0 20 8 1 21 3 8 14 5 0 4 7 0 1 25 23 0 4 0 5 5 3 3 4 1 2 6 10 4 0 6 1 1 10 18 6 1
0 4 0 6 4 0 7 0 3 12 1 3 3 7 5 6 7 3 1 5 9 1 3 4 0 0 0 6 7 3 3 5 0 1 1 0 2 5 7 3 0 7 1 2 4 14 16 0 2 0 0 6 7 1 0 3 0 6 11 6 3 8 0 33 1 13 4 0 3 0 11 3 4 0 3 25 1 6 0 4 0 5 4 6 5 4 0 2 0 1 3 9 7 1 10 14 2 15 2 1
2 0 15 3 1 5 4 0 3 7 0 8 8 5 2 7 2 1 2 4 1 0 13 6 6 7 1 4 0 16 1 8 1 5 0 3 2 15 7 4 5 0 0 2 1 7 1 1 1 0 0 4 2 1 8 12 1 3 2 2 0 2 0 1 5 2 0 6 3 0 2 3 1 2 1 3 1 2 5 6 4 3 1 7 12 1 2 0 0 0 5 0 0 3 2 1 0 4 3 0
4 0 0 1 0 0 0 1 9 3 0 0 3 2 0 6 0 0 0 1 0 0 0 2 4 0 0 5 0 0 0 9 1 1 0 3 0 1 0 0 0 0 0 1 3 13 0 10 1 10 0 3 1 1 0 0 1 0 1 3 0 11 3 0 0 0 0 2 1 4 22 1 2 0 0 0 1 0 7 7 0 10 0 1 0 0 2 14 0 0 0 0 0 1 2 0 0 1 0 0
0 0 3 1 0 0 0 1 0 3 2 1 0 1 1 0 0 0 0 0 1 0 0 1 0 2 0 1 2 1 0 2 0 0 1 1 0 1 0 0 2 0 0 0 0 6 0 0 0 1 0 0 0 1 0 1 3 0 1 0 0 0 0 1 0 1 0 1 2 0 0 0 0 0 1 0 0 0 3 0 0 1 0 0 0 1 1 0 0 0 0 1 0 0 0 1 2 2 0 1
0 0 1 0 0 1 0 1 0 0 0 0 0 0 0 0 1 0 0 2 0 0 0 0 0 1 0 0 0 0 0 0 2 0 0 0 2 0 1 1 0 0 0 0 0 0 1 0 0 0 1 0 0 0 0 0 1 0 0 0 0 0 0 1 0 1 5 0 0 0 0 2 0 0 0 0 0 0 0 0 3 0 0 0 0 0 1 0 1 0 0 0 0 0 0 0 0 0 1 0
3 1 5 9 4 5 7 3 5 0 1 2 12 1 9 3 8 13 4 5 6 0 18 2 4 11 0 19 7 0 1 2 1 6 13 41 8 11 3 2 3 3 12 1 17 14 0 13 9 7 28 1 6 0 2 2 4 0 4 14 4 2 1 0 3 0 1 8 17 21 8 2 9 4 4 0 15 8 4 11 1 0 2 3 2 11 7 9 0 11 5 1 0 0 1 3 19 0 7 8
7 3 6 33 3 6 6 6 4 0 1 7 1 5 29 0 2 1 0 4 2 3 8 12 9 0 3 9 3 10 12 9 2 5 5 12 14 2 3 2 0 13 13 39 21 3 8 8 2 0 5 2 15 7 8 0 0 6 11 6 3 2 13 19 3 1 29 5 6 43 1 5 2 7 1 10 28 21 5 3 2 0 0 1 7 7 1 1 3 0 12 33 7 11 3 2 6 9 4 7
9 0 4 7 3 1 1 3 2 1 7 5 3 11 17 5 1 8 18 1 0 1 1 15 2 1 5 2 4 0 8 0 3 15 7 4 5 1 0 4 5 0 5 9 4 17 1 3 8 0 5 3 6 12 6 0 12 6 8 3 3 2 6 1 0 11 1 3 15 3 0 4 11 5 0 7 3 1 0 1 1 8 1 4 1 0 13 2 6 6 4 11 5 6 6 5 7 3 10 3
1 2 4 8 7 14 1 0 9 34 7 1 0 1 2 4 6 1 0 0 15 13 3 19 1 5 24 8 14 1 3 0 13 7 1 5 15 4 0 7 11 14 12 11 7 8 0 5 12 2 4 10 30 2 4 1 16 1 4 18 9 3 8 18 2 6 4 6 4 11 4 0 1 11 7 11 5 9 43 4 24 3 3 11 25 6 0 18 0 4 1 5 3 14 8 14 0 3 5 7
4 10 8 11 1 11 28 3 12 8 9 13 2 9 0 4 1 9 3 3 7 4 18 20 1 2 4 18 28 11 3 6 10 3 1 1 0 1 2 2 5 10 3 2 13 4 20 39 18 0 3 4 0 23 0 26 14 28 12 8 1 6 29 9 1 11 3 7 2 4 15 2 7 13 1 28 9 1 0 9 2 17 7 9 0 7 22 18 8 4 11 10 6 5 8 3 0 5 5 0
0 12 36 18 8 7 10 9 5 0 1 3 3 1 2 1 10 7 37 3 2 2 3 0 0 10 4 7 7 1 2 11 1 6 0 4 2 0 4 4 4 0 8 0 2 8 6 2 1 4 5 9 1 5 7 3 2 5 3 1 6 6 1 22 2 4 4 1 0 4 2 4 34 0 14 14 11 10 2 7 12 2 9 1 6 20 19 1 22 2 0 3 3 10 0 8 25 7 5 14
7 0 0 1 0 0 1 1 9 3 0 0 0 6 0 4 2 0 0 0 0 0 2 1 0 2 0 2 1 1 0 5 2 0 0 3 0 1 0 1 0 0 0 3 1 0 1 3 0 16 0 9 1 1 1 1 0 2 0 0 0 10 0 0 3 0 0 8 2 10 2 1 0 0 0 0 6 0 3 0 0 2 0 0 2 1 2 11 0 0 0 0 0 0 0 0 0 3 0 1
3 3 15 25 5 11 9 11 0 3 11 5 24 5 4 1 6 20 20 8 6 2 2 3 11 6 0 3 8 10 1 7 7 16 6 8 4 37 5 0 15 5 5 3 10 0 1 1 13 4 1 16 4 8 16 9 2 8 9 22 2 2 18 14 2 3 0 1 1 12 5 19 24 0 5 6 0 5 6 4 19 44 3 5 6 6 1 14 10 7 5 2 36 5 12 4 1 7 28 10
7 4 2 3 5 10 11 7 1 10 5 0 1 0 1 18 11 0 2 6 9 7 1 8 0 4 6 1 9 5 15 8 10 9 0 9 2 1 3 12 11 32 5 8 1 0 0 1 18 7 15 15 5 3 27 0 2 2 15 2 38 26 5 8 1 8 5 18 10 0 12 2 0 1 0 2 1 3 16 2 3 20 1 24 14 20 0 13 1 18 1 1 3 3 0 16 7 3 4 1
8 7 2 0 3 1 0 6 1 28 3 10 7 3 7 14 0 7 2 2 1 25 4 1 3 0 5 6 9 10 5 0 16 17 6 16 1 1 40 8 2 6 23 1 13 9 11 6 0 8 9 26 2 12 1 10 2 10 0 12 0 7 0 3 9 34 19 6 0 9 10 0 6 6 5 3 7 33 7 5 3 7 13 4 4 3 1 3 2 1 0 18 7 10 6 5 5 0 8 5
4 33 5 19 1 2 37 1 22 5 1 1 2 40 2 0 1 18 9 14 0 10 8 5 16 8 23 13 22 6 7 1 0 1 5 3 4 1 7 4 3 5 5 3 6 0 2 4 20 14 1 1 3 0 1 8 19 9 7 6 0 2 2 12 9 17 24 9 9 5 8 9 6 2 3 17 19 10 0 5 3 7 4 6 13 19 34 0 16 6 6 5 6 9 11 4 0 12 3 25
7 11 2 9 3 28 7 1 9 0 19 4 2 13 0 15 7 9 31 16 6 3 2 6 0 10 4 6 7 3 2 12 5 6 13 7 2 17 10 11 37 9 6 1 4 2 3 4 12 10 3 2 4 4 3 2 8 13 1 7 1 3 2 0 27 15 4 5 16 13 30 0 14 11 3 3 24 9 1 7 22 5 5 6 7 4 4 16 19 13 12 7 0 2 5 0 0 1 14 0
0 3 2 2 0 1 2 3 1 6 3 5 7 3 2 6 0 0 0 13 0 0 5 0 0 0 4 3 1 0 0 6 1 1 1 0 3 1 10 0 14 0 6 0 0 0 2 1 5 3 0 4 2 4 5 1 0 0 6 4 8 1 0 4 4 0 5 3 1 0 2 7 3 1 3 0 7 1 0 1 1 0 2 1 3 6 5 2 2 4 0 3 2 8 2 0 8 2 9 0
2 0 5 18 0 0 10 4 12 8 0 1 9 3 10 10 1 0 19 16 2 10 5 0 3 2 1 23 9 4 2 19 5 1 1 2 2 8 10 1 0 3 1 8 11 1 1 18 12 3 18 4 2 3 10 3 16 12 5 0 9 0 11 4 10 2 23 7 4 9 18 4 0 2 31 0 8 0 22 4 1 2 16 1 1 7 4 3 3 7 31 0 0 17 1 0 10 7 0 0
0 1 0 0 0 0 0 0 0 0 1 1 1 0 0 0 1 0 0 0 0 0 0 1 2 2 0 1 0 0 0 0 0 0 1 0 1 0 1 2 0 0 0 0 1 2 0 0 0 0 0 1 0 0 1 1 1 0 0 0 0 0 2 0 0 0 0 0 1 0 0 1 0 0 1 1 0 3 1 0 0 1 1 0 0 0 1 0 0 0 0 0 0 0 0 0 0 2 1 0
1 14 1 0 0 2 44 2 6 8 4 1 1 11 1 3 21 1 2 2 10 14 4 8 8 21 1 10 6 11 7 4 15 1 2 10 9 4 7 14 5 16 11 0 21 2 14 2 3 1 0 3 16 15 2 7 15 5 0 3 9 12 2 0 9 3 13 0 1 3 17 3 5 7 6 1 12 21 20 5 5 4 8 12 24 11 19 12 12 1 1 5 13 1 10 4 7 12 6 0
3 3 0 1 8 2 0 3 7 1 3 2 3 3 1 1 7 1 15 2 10 5 3 0 2 1 8 12 10 0 2 16 2 3 4 1 2 5 3 5 2 1 5 3 8 2 10 2 2 8 1 0 3 1 0 4 5 17 17 1 1 3 2 3 8 0 2 4 3 2 2 0 2 27 1 14 16 5 3 8 4 5 5 9 11 0 0 0 14 2 1 5 9 3 12 3 0 5 11 2
