3 0 8 3 5 2 1 1 0 1 2 1 3 9 3 1 9 4 5 8 2 2 0 12 3 3 11 5 0 3 1 0 7 0 2 14 2 2 4 0 1 2 0 6 6 0 3 5 0 8 3 4 3 1 1 0 3 0 10 14 2 3 1 1 6 1 3 6 1 1 14 16 0 9 7 2 2 10 1 1 1 3 4 5 2 0 8 5 0 0 11 5 4 2 0 17 2 5 6 6
5 2 4 8 9 0 17 6 2 7 4 0 1 1 4 11 4 1 5 0 0 14 3 0 2 5 1 8 0 1 4 10 2 0 1 4 5 3 3 1 0 4 2 3 6 1 4 9 11 2 4 3 6 0 2 4 1 8 2 0 3 3 2 1 2 1 3 0 0 0 3 8 1 5 4 5 5 4 5 2 1 1 11 1 8 2 1 2 2 1 1 7 12 10 1 0 7 2 0 1
0 1 0 0 1 1 0 0 0 1 1 1 0 3 1 0 0 0 0 2 0 2 0 0 1 0 0 2 0 0 0 0 0 2 0 0 0 0 0 0 0 0 0 0 0 0 0 2 0 0 0 0 0 0 0 0 0 3 0 0 2 0 0 0 3 0 1 0 0 1 5 2 0 1 1 0 0 3 0 0 1 0 1 1 1 0 0 0 0 0 0 4 0 0 0 1 0 4 0 0
0 3 0 4 11 0 8 4 1 2 2 3 0 4 1 0 4 8 2 3 0 9 0 11 1 2 0 4 7 8 2 1 3 1 1 3 8 1 3 11 1 0 2 0 0 11 0 1 9 1 5 7 4 0 10 1 4 3 1 0 0 1 5 0 0 7 5 11 7 7 17 16 20 1 0 0 8 6 1 9 0 0 1 0 1 0 4 1 2 6 1 5 0 6 3 2 2 6 7 4
16 11 4 21 43 3 0 0 9 5 13 16 4 4 5 5 17 3 14 6 5 16 19 5 12 0 1 17 2 19 9 28 7 10 1 8 25 11 5 4 4 30 9 9 20 0 0 1 7 8 9 11 7 4 9 0 5 15 13 7 2 0 8 8 11 1 5 3 10 2 3 3 0 1 1 17 1 0 2 4 13 3 5 1 8 4 5 5 6 0 1 15 5 10 11 11 4 2 8 7
0 1 0 2 0 2 0 0 0 0 0 1 0 1 0 0 2 1 0 1 2 15 0 0 1 0 0 0 0 8 0 3 0 1 2 0 0 1 0 0 0 0 2 0 5 0 0 1 0 0 2 2 1 0 0 0 1 0 3 8 2 0 7 0 0 0 0 1 2 1 0 0 0 0 1 0 0 0 0 0 1 1 0 4 0 0 0 11 1 1 1 3 0 1 0 0 0 0 0 0
7 4 0 20 0 15 4 14 16 2 16 5 15 2 5 3 10 2 8 41 2 15 6 10 5 8 6 0 1 10 33 10 26 10 0 1 7 20 10 13 0 2 9 5 19 6 8 3 0 8 16 13 11 8 7 15 15 0 7 12 0 16 0 9 1 1 0 6 10 13 25 18 12 1 8 16 14 45 18 9 3 10 27 2 8 0 14 18 4 14 7 10 0 5 7 13 36 0 6 4
1 4 42 8 7 0 10 9 0 2 21 1 5 29 4 8 4 2 5 5 4 25 5 9 6 44 5 1 0 14 4 4 3 4 5 19 2 3 13 2 1 1 35 7 15 6 4 14 0 6 11 22 4 7 7 2 8 11 18 3 11 25 3 1 7 1 17 1 5 2 2 7 1 5 8 8 2 22 0 0 25 28 7 5 9 2 2 3 7 1 10 5 5 8 11 13 8 0 1 9
3 4 8 2 5 3 2 9 8 17 16 5 26 11 12 28 11 7 0 4 3 8 1 0 8 4 1 10 4 4 7 10 8 0 13 19 8 18 4 6 7 26 0 0 10 1 2 0 1 1 3 0 26 20 6 7 4 8 9 12 20 9 3 0 1 7 15 12 11 3 27 0 33 20 5 1 2 2 2 3 3 0 3 4 18 10 32 15 0 5 10 4 1 8 18 9 1 3 1 11
0 0 0 0 0 0 0 0 0 0 0 0 0 0 0 0 0 2 1 0 0 1 0 0 1 0 0 2 1 0 0 2 1 0 1 0 0 1 0 0 0 0 0 0 1 1 0 1 0 0 0 1 0 0 1 0 2 0 0 0 0 1 8 0 0 0 0 0 2 0 0 0 1 0 2 2 0 0 0 0 0 0 0 0 1 1 0 0 0 1 1 0 1 0 0 1 0 3 1 0
18 2 16 9 1 1 26 3 14 0 2 25 0 1 5 3 0 5 1 1 2 4 3 9 4 6 5 4 2 0 9 5 8 4 20 1 22 11 1 15 5 6 1 0 0 8 13 1 0 5 7 6 6 10 1 6 6 6 2 0 13 2 1 2 35 8 36 2 0 0 8 6 1 2 6 5 9 2 2 24 11 3 1 5 7 22 27 7 0 0 0 0 16 2 10 0 1 27 19 1
0 0 18 4 0 0 1 5 0 13 0 0 0 1 2 2 2 5 6 11 0 1 2 1 1 1 3 6 0 1 2 1 6 21 10 5 3 1 1 4 3 1 1 0 0 17 0 5 2 0 1 0 4 8 3 10 0 2 0 0 17 0 1 7 1 11 4 1 0 0 2 2 3 3 3 7 2 8 8 0 1 0 2 0 2 4 4 0 4 0 4 1 3 7 10 0 1 1 0 2
3 2 2 2 4 1 1 15 4 1 4 4 3 3 0 7 0 2 3 2 5 5 5 1 10 0 3 4 1 1 6 3 12 2 0 0 0 5 5 14 2 1 4 4 17 0 4 1 1 0 0 6 3 12 11 1 0 1 4 0 5 5 5 0 0 3 0 0 2 7 2 8 11 0 5 1 1 11 3 1 0 11 0 8 8 11 1 9 6 6 0 1 8 0 4 3 3 2 27 2
0 2 3 0 0 1 0 1 0 11 1 1 0 0 9 18 1 2 1 0 0 0 3 0 1 0 3 0 0 0 3 0 0 1 0 0 1 2 0 0 2 2 5 0 3 0 0 0 0 6 1 0 0 0 0 0 0 0 0 2 0 0 0 0 0 1 0 0 0 0 1 0 1 1 4 0 0 0 2 0 0 1 0 0 0 0 1 0 1 0 0 0 0 5 0 0 0 0 0 0
0 0 0 0 0 0 1 0 0 0 0 0 0 0 1 1 0 0 0 2 0 1 0 0 0 0 0 1 1 0 0 0 0 0 1 1 0 0 1 0 1 0 1 0 0 0 0 1 0 0 0 0 1 0 0 0 0 5 1 0 0 0 1 0 0 0 1 1 0 0 3 0 0 0 1 0 0 0 1 2 0 0 0 0 0 0 1 1 0 0 1 0 0 0 0 0 0 0 0 0
3 14 1 0 1 3 3 4 2 1 4 0 1 5 3 3 13 6 2 0 4 7 2 2 1 3 1 8 0 15 8 5 1 1 0 4 0 6 3 0 3 2 2 0 0 0 1 0 2 5 11 2 0 1 1 0 2 0 0 5 1 1 2 7 0 0 0 0 0 26 8 20 1 2 1 6 16 4 2 8 7 14 2 4 8 5 0 0 3 6 10 1 11 19 1 0 0 4 5 2
0 0 1 1 1 0 0 5 0 0 0 8 1 0 0 2 1 0 0 3 0 0 0 1 5 0 6 17 0 0 1 0 1 0 0 0 17 2 2 0 0 1 2 0 2 4 0 0 0 0 0 1 0 0 4 0 0 1 4 0 0 0 0 0 9 3 1 8 0 1 1 2 1 6 3 0 0 5 1 0 1 0 1 0 0 1 15 0 0 0 1 0 7 1 0 10 2 0 12 0
0 1 5 5 0 0 4 2 0 5 3 7 0 2 1 0 4 2 7 3 0 4 6 2 7 6 0 0 5 4 2 1 1 1 7 7 0 0 2 3 3 4 9 0 0 9 1 3 2 5 4 6 3 1 2 10 0 2 0 19 0 0 0 1 2 0 4 1 0 1 8 0 5 0 12 2 2 4 2 3 1 2 5 5 0 1 1 8 3 0 6 1 1 7 0 3 1 0 10 6
0 0 2 0 0 2 0 0 0 1 0 0 0 0 4 1 0 1 1 1 0 4 0 0 0 0 0 0 0 1 0 3 0 0 1 1 1 0 0 0 0 0 0 0 2 1 0 0 0 0 0 2 1 0 0 0 0 17 0 4 0 0 0 0 0 0 1 0 0 1 0 0 1 0 0 0 4 1 0 0 1 0 1 0 1 0 0 0 1 0 2 0 0 0 1 0 0 0 0 0
1 0 0 0 0 0 0 1 0 1 1 4 0 0 1 0 0 1 0 0 0 0 0 1 0 0 0 0 0 0 0 0 0 0 0 0 0 0 0 0 1 0 0 0 0 1 1 0 0 1 1 0 0 0 0 0 0 0 1 0 0 0 0 1 2 2 0 1 0 0 0 0 2 1 0 0 0 0 1 0 1 0 2 0 0 0 1 0 0 1 0 0 0 0 0 0 0 0 0 1
11 13 3 0 0 3 0 0 5 2 0 1 3 2 6 2 0 1 0 0 15 2 0 1 4 2 0 3 1 1 2 6 0 4 2 5 6 14 1 2 14 10 0 8 1 1 11 2 12 1 2 11 10 2 1 6 0 0 4 0 2 6 4 5 4 0 2 0 0 1 0 2 0 3 4 1 0 0 13 6 2 5 1 0 9 7 2 2 2 1 0 4 12 16 13 9 7 3 1 11
16 5 9 7 3 0 0 0 14 3 4 2 3 2 1 0 0 27 6 5 6 6 4 25 2 1 0 0 6 0 1 9 3 0 0 2 1 11 21 0 5 17 4 7 0 9 0 0 3 1 0 0 0 14 1 5 0 4 2 2 4 2 4 3 2 7 1 5 6 0 10 0 3 10 5 16 5 1 4 0 1 6 2 2 8 1 5 1 3 3 6 4 2 0 2 8 1 0 6 5
1 8 0 2 0 0 0 0 0 0 1 0 0 2 0 0 0 0 0 0 0 1 0 0 0 0 0 0 0 0 0 8 0 0 0 2 1 0 0 1 1 1 0 0 0 0 0 0 0 0 0 0 0 1 0 0 3 1 0 0 0 0 23 1 0 1 0 0 0 1 0 1 0 1 0 0 0 0 0 0 1 1 0 0 2 1 0 0 1 2 0 0 0 0 0 0 0 6 1 0
3 1 0 0 0 0 1 0 1 1 0 0 0 0 0 0 0 0 0 0 0 0 0 0 0 0 0 0 0 0 0 0 0 0 1 0 0 1 0 0 1 0 0 0 1 2 0 0 0 0 1 0 0 0 0 0 1 0 0 0 1 0 1 0 0 0 0 0 0 0 0 0 0 0 1 0 0 1 0 0 0 0 0 0 0 0 0 0 1 1 0 0 0 0 3 0 1 1 0 2
1 1 2 0 0 0 2 0 0 1 0 0 0 0 0 1 2 1 1 0 1 0 1 0 0 0 0 0 0 0 0 0 0 0 1 1 0 0 0 1 0 3 1 1 0 0 0 0 0 0 1 0 0 0 0 1 0 0 0 0 1 0 0 1 3 1 0 0 0 0 0 0 0 0 0 0 0 0 0 1 2 1 2 0 3 0 0 0 0 0 0 1 1 1 2 2 0 0 0 0
0 0 0 0 0 0 2 12 0 1 0 2 1 1 0 1 0 0 0 0 1 0 0 1 2 1 5 7 3 1 0 1 0 1 0 1 5 0 0 0 0 0 1 2 2 2 4 1 0 0 0 0 2 3 6 0 1 1 0 0 0 0 0 0 2 12 0 6 0 4 0 1 2 16 0 0 2 0 0 2 6 0 0 1 0 1 2 0 1 0 0 0 7 1 0 0 1 0 0 1
0 3 0 7 1 3 0 1 1 1 0 2 14 2 2 1 2 1 2 3 14 4 5 2 1 1 1 0 11 6 1 2 7 3 0 1 0 8 7 5 6 0 0 2 1 3 13 2 1 11 2 3 3 1 3 5 2 6 0 2 5 0 4 4 1 4 1 2 3 0 1 3 1 4 2 0 0 4 0 3 0 15 0 2 9 2 5 0 2 0 1 6 4 0 1 3 8 2 1 3
0 0 2 0 1 0 0 2 1 2 0 0 1 1 0 0 1 1 0 9 1 0 0 0 0 2 0 0 0 0 0 0 1 2 1 0 4 4 1 1 0 1 0 0 0 0 4 0 0 0 2 0 0 0 7 0 0 0 1 1 0 1 2 0 3 4 0 0 0 0 0 1 0 0 0 0 2 1 5 1 8 1 1 0 2 0 0 0 0 0 0 0 4 1 0 1 0 0 1 0
6 5 1 6 1 1 1 0 8 3 3 1 2 0 2 3 5 0 17 2 1 6 1 10 1 1 1 1 3 4 2 0 22 12 1 2 5 6 7 5 1 0 1 1 2 2 0 3 3 0 1 0 4 2 15 7 0 3 1 7 5 7 4 5 11 0 3 0 1 4 9 6 2 5 0 3 6 2 1 13 4 3 1 1 0 1 1 1 4 4 1 13 3 12 7 0 4 1 36 2
8 3 5 3 6 1 18 0 4 1 0 1 13 16 2 24 17 1 18 0 15 1 7 1 1 8 8 31 0 0 5 11 9 9 5 1 2 14 16 2 9 10 24 6 6 0 7 0 5 2 22 1 22 1 1 1 1 7 3 9 6 11 0 3 42 54 3 0 7 5 8 2 4 1 6 14 0 5 1 2 2 0 3 13 6 4 6 7 4 1 7 20 15 2 26 21 6 6 0 5
1 9 1 1 0 2 0 7 0 3 2 6 1 11 2 1 0 3 2 0 19 6 11 1 2 0 0 4 8 1 0 2 6 1 7 7 19 11 10 2 6 5 0 4 2 9 12 0 7 2 20 10 3 0 9 1 2 1 10 1 7 8 4 1 29 1 2 0 2 2 25 8 2 2 2 4 1 4 30 2 4 9 3 1 1 2 1 2 15 4 0 0 0 1 0 2 1 1 5 0
0 1 1 0 0 4 0 0 0 2 2 0 3 0 1 0 2 0 0 3 3 0 0 1 2 0 0 0 2 1 0 0 0 2 0 0 0 0 1 0 0 0 0 0 0 0 0 0 0 0 1 0 0 1 0 0 0 0 0 0 1 0 1 0 4 0 0 0 0 0 1 0 1 1 1 0 0 0 1 1 0 0 1 1 0 0 0 0 0 0 0 0 1 0 1 0 0 0 0 2
4 3 0 4 0 9 1 0 0 2 1 1 0 6 2 17 2 5 0 0 0 0 12 6 1 1 0 1 9 3 11 3 1 5 13 4 8 0 0 4 1 3 4 0 8 8 6 1 9 0 5 5 3 0 0 0 9 1 0 2 3 3 3 2 1 5 3 0 3 15 5 0 6 5 3 0 4 6 1 6 6 15 0 2 6 0 2 3 10 0 2 0 0 3 8 2 1 1 6 8
6 7 6 0 10 0 27 1 1 7 0 5 16 6 6 2 18 2 22 0 11 5 11 6 5 3 11 0 2 13 3 3 1 12 1 2 16 20 3 3 35 13 1 0 12 3 1 0 2 45 5 4 18 1 3 4 3 0 4 1 0 15 2 3 13 0 16 27 2 17 5 4 10 0 5 8 0 3 5 0 7 13 1 5 1 2 4 5 0 1 1 1 0 0 4 7 2 3 4 20
11 7 0 7 5 4 0 0 1 13 4 10 13 1 8 5 2 0 1 0 1 3 4 4 19 0 18 1 2 19 0 16 0 1 2 7 3 3 0 2 3 8 9 0 11 4 2 3 2 2 4 2 0 1 2 3 8 4 2 0 0 5 0 1 12 0 1 5 2 1 14 6 9 0 23 4 1 3 1 3 0 15 2 1 0 1 1 4 1 9 1 34 5 2 1 1 2 0 1 1
0 0 0 0 0 17 0 8 0 0 0 2 2 0 0 0 0 0 0 1 0 0 0 0 1 1 12 2 1 0 0 0 0 0 0 0 2 0 0 0 0 0 0 0 0 3 0 1 0 0 0 4 0 0 0 1 0 1 0 0 0 0 0 0 1 3 0 5 1 1 0 5 0 0 0 0 0 0 0 0 1 1 0 0 1 0 4 2 1 0 0 1 1 0 0 13 1 0 0 0
0 3 1 0 1 0 0 0 0 1 1 1 10 1 0 0 0 0 0 1 6 3 1 0 3 1 0 1 0 5 1 6 1 0 1 0 1 0 0 4 0 0 3 4 16 2 7 0 0 1 0 0 0 0 0 0 4 2 0 1 0 1 0 1 0 0 1 0 6 1 0 0 0 1 0 0 0 3 0 0 0 1 0 6 2 3 1 1 0 4 0 4 2 0 0 1 0 2 1 0
0 13 0 1 0 0 0 0 0 0 1 0 30 0 0 1 0 0 4 1 1 8 0 0 0 0 0 0 1 3 0 4 0 0 0 0 0 0 0 0 2 0 1 5 2 0 0 0 0 2 0 2 0 0 0 0 6 11 0 0 1 0 3 0 1 0 0 0 4 2 0 0 0 0 1 0 0 0 0 1 1 0 2 3 0 8 1 9 0 3 0 4 0 0 0 0 1 2 0 0
0 0 0 0 0 0 1 1 0 2 2 0 6 0 0 0 1 0 0 0 5 2 0 0 0 0 0 1 0 8 1 0 0 0 0 1 0 0 0 0 0 0 1 2 6 0 1 0 0 1 0 2 0 2 0 0 6 9 1 4 0 0 4 0 0 1 0 0 1 5 0 0 0 0 1 0 0 0 0 0 1 0 0 2 2 0 1 7 1 1 0 4 0 1 3 1 0 4 1 3
0 18 5 1 4 14 4 2 2 3 0 8 2 1 20 2 0 2 2 1 2 1 8 2 0 4 0 0 4 0 1 5 0 0 2 9 1 1 2 10 8 0 2 6 2 0 1 11 12 0 3 9 0 5 0 4 3 0 0 3 11 0 3 6 0 16 1 0 1 0 10 0 0 0 2 0 7 8 3 7 0 0 2 2 4 5 1 0 1 7 1 5 15 4 0 4 5 2 0 0
22 0 4 0 11 12 14 9 18 1 0 6 19 11 8 1 6 9 1 6 0 9 8 5 1 20 2 10 1 2 7 3 36 1 2 3 0 36 1 6 3 17 4 3 2 0 4 2 28 0 10 14 4 6 0 8 0 5 6 1 13 3 0 0 1 8 4 0 45 8 5 9 20 3 2 4 8 3 22 6 16 6 0 5 7 4 5 4 11 1 9 4 32 25 10 7 1 1 9 6
1 0 0 0 0 10 0 2 0 0 0 0 0 1 1 0 0 0 0 6 0 0 0 1 0 0 0 0 1 0 1 0 0 0 0 0 0 0 0 0 0 0 0 0 0 0 0 1 0 0 0 1 0 0 0 1 0 0 0 0 0 0 0 0 0 0 0 0 1 2 1 0 0 0 2 1 0 0 0 1 0 0 2 0 0 1 0 1 0 0 0 0 0 0 0 0 0 1 0 0
7 5 5 5 8 2 3 6 1 2 2 0 1 8 0 5 6 0 13 0 2 4 7 5 0 15 0 3 2 3 2 1 0 4 1 6 7 5 1 4 3 1 0 9 0 16 7 0 5 4 4 4 10 4 10 0 3 0 10 5 2 2 3 3 4 0 4 2 5 7 10 5 4 0 9 10 4 6 1 0 3 4 6 5 0 0 0 5 1 10 0 4 5 0 9 1 11 9 5 1
0 0 0 5 0 1 0 1 1 1 0 1 0 0 1 0 0 0 0 0 1 0 1 1 0 2 0 1 0 0 0 0 0 0 0 0 0 0 0 0 0 0 0 0 0 5 0 1 0 1 0 0 0 0 0 0 0 0 0 0 1 1 1 2 1 1 0 0 0 1 0 0 0 1 0 0 0 0 0 0 0 2 0 0 0 0 0 1 0 0 0 0 0 0 0 0 1 0 9 0
1 0 0 0 1 0 1 0 0 0 0 3 0 0 0 0 0 2 0 1 0 0 0 0 1 0 0 0 1 0 0 0 3 0 0 0 1 3 0 0 0 0 0 0 0 0 2 0 0 0 1 0 0 0 0 0 2 0 0 0 0 0 0 0 14 0 0 0 0 0 0 0 0 2 1 0 0 0 1 0 1 0 0 0 0 0 0 2 0 0 2 0 0 0 0 0 0 0 0 0
0 3 0 0 0 0 0 0 0 0 0 0 1 0 1 0 0 0 0 3 0 0 0 0 0 0 1 0 0 0 0 2 0 0 0 1 0 0 0 0 0 0 0 2 0 0 0 1 0 0 0 0 2 0 1 0 2 0 0 0 3 0 0 0 0 0 0 0 1 0 1 0 0 0 1 0 0 0 0 0 1 1 3 0 0 0 3 0 0 4 0 0 0 0 1 0 0 1 0 0
0 0 1 0 2 1 1 0 1 0 0 4 0 0 0 1 1 0 0 0 0 0 0 0 2 2 1 0 1 1 0 0 1 0 0 0 0 1 0 0 2 2 0 0 0 0 0 1 0 0 1 1 0 0 2 0 0 1 0 0 0 0 1 0 1 0 1 0 0 0 0 2 1 0 0 1 0 1 1 0 0 0 0 0 1 0 5 0 0 1 0 1 2 0 0 1 0 1 0 0
2 2 9 0 0 0 3 5 0 1 2 1 1 4 1 2 1 2 0 0 1 1 13 0 7 5 0 3 0 4 3 1 1 8 7 1 2 0 3 3 8 2 7 2 2 2 2 5 2 1 7 0 0 4 2 16 0 7 1 0 1 5 2 6 0 13 0 0 2 1 3 5 5 0 0 1 11 4 6 6 0 1 0 22 10 2 8 0 2 1 13 4 0 1 3 18 3 1 8 3
2 3 18 9 5 0 4 6 8 4 2 1 11 4 9 20 4 13 2 1 4 15 2 3 0 9 5 8 7 4 2 10 30 9 3 1 6 8 1 1 3 4 3 4 36 7 5 1 4 0 1 5 6 1 4 3 0 3 0 6 12 2 0 4 8 10 0 6 3 12 3 1 9 10 10 21 3 3 7 23 9 9 3 10 6 3 2 14 37 4 12 2 19 16 9 1 3 3 0 12
0 0 0 0 0 1 0 0 0 6 3 0 1 0 3 0 5 0 0 0 4 0 4 1 0 1 0 0 0 2 0 0 1 0 0 1 0 1 0 2 0 0 7 0 1 0 1 1 1 4 1 0 1 0 0 0 0 0 1 2 0 0 2 1 0 1 1 1 1 0 2 0 0 0 2 0 0 0 0 0 3 0 1 0 0 0 0 1 0 0 0 4 0 6 0 0 0 1 0 0
4 0 4 4 15 0 1 0 7 8 0 15 2 1 1 1 1 4 0 9 1 0 3 2 8 0 3 2 2 0 0 6 6 1 16 0 3 1 3 7 5 5 5 0 5 3 1 7 0 13 5 2 4 9 0 0 0 1 9 4 0 4 2 1 1 4 7 2 3 3 1 5 1 2 15 2 24 8 4 2 6 3 4 6 1 1 14 11 1 9 1 2 0 5 0 5 4 5 5 0
4 2 13 0 1 1 0 3 0 5 2 0 1 1 2 1 5 4 2 0 3 0 3 0 3 3 8 0 0 5 1 5 2 6 8 8 6 0 0 6 0 0 1 7 2 9 1 0 2 5 5 6 11 7 14 5 15 4 5 3 1 1 4 0 7 4 1 0 5 3 1 1 2 1 0 6 1 7 1 9 4 1 0 0 2 3 2 0 3 5 7 15 2 0 1 6 4 30 1 6
1 0 6 7 4 34 18 16 1 0 5 0 0 5 6 10 10 0 3 3 5 3 2 3 13 31 10 7 7 1 5 1 1 11 14 22 25 8 4 8 4 19 12 0 1 7 3 14 12 2 3 1 16 4 13 6 7 1 5 10 0 5 2 0 1 5 5 6 2 4 16 0 3 8 0 0 4 2 6 20 0 12 0 3 15 43 5 0 1 7 3 1 19 4 2 7 0 3 3 5
1 1 6 0 0 1 11 9 7 3 0 1 7 1 2 1 5 4 1 6 1 0 3 0 10 2 4 4 0 4 1 1 16 5 2 4 7 4 8 3 0 4 1 0 2 3 11 5 0 1 0 1 14 10 0 3 1 9 3 6 6 8 9 0 0 1 3 4 5 1 0 69 5 2 3 0 0 1 0 6 9 4 7 0 16 4 2 11 1 5 10 0 1 0 8 0 5 7 0 6
0 0 1 1 0 2 0 0 2 2 0 0 0 1 2 0 0 0 2 5 3 0 1 1 1 0 0 1 9 0 0 0 0 0 2 0 0 0 1 1 0 0 0 1 0 0 0 1 0 2 0 0 0 0 0 0 1 2 0 1 0 0 2 0 0 0 0 0 0 0 0 2 0 2 0 0 2 0 0 2 0 2 0 1 0 0 1 0 0 0 0 0 0 0 0 0 1 0 0 0
3 9 14 0 0 4 11 1 1 6 11 1 2 0 10 3 8 3 20 3 5 4 3 26 35 11 1 9 25 2 20 4 2 7 2 8 3 15 1 4 9 17 2 13 0 0 4 6 2 1 1 0 2 4 3 2 14 2 24 2 19 6 2 38 2 9 6 0 6 18 19 9 18 0 9 24 1 2 1 2 31 23 0 0 3 2 13 7 16 8 4 10 2 0 20 6 10 0 5 17
5 3 20 2 2 7 5 1 1 16 5 1 28 5 15 2 32 1 2 15 37 16 10 7 1 0 6 18 2 0 0 19 3 12 2 7 4 9 3 5 1 8 0 3 1 10 7 16 9 1 0 7 4 16 27 26 1 1 44 5 5 14 15 10 2 0 4 16 15 0 7 1 9 7 8 1 7 0 9 22 0 2 1 8 0 6 3 15 3 7 2 4 10 23 12 11 4 4 7 7
9 13 6 3 6 8 4 3 11 2 33 6 15 12 2 6 0 13 2 3 1 9 7 1 28 10 13 11 37 2 16 1 10 2 12 6 17 1 24 11 14 7 1 8 1 0 11 0 0 17 1 0 2 12 3 5 3 3 18 5 12 12 9 11 3 2 2 21 1 1 22 10 2 9 2 4 5 2 1 25 6 4 1 26 12 11 10 13 0 1 5 5 3 32 6 8 11 16 8 8
2 0 3 0 4 0 16 11 6 1 3 9 1 15 8 3 0 1 1 3 14 3 10 4 2 13 1 8 28 18 2 15 9 7 6 12 6 1 12 22 8 7 2 8 0 8 0 13 10 16 13 0 5 2 38 25 0 7 20 0 10 4 2 5 0 11 11 2 23 7 16 5 1 3 0 5 10 1 9 7 17 2 9 20 8 8 12 8 17 8 13 8 31 0 3 2 1 3 3 1
0 0 0 0 0 0 0 2 0 0 2 0 1 0 0 0 2 0 0 1 0 2 0 1 0 0 0 0 0 0 0 0 1 0 0 0 1 0 0 0 0 0 0 1 0 0 1 0 0 0 0 1 0 0 2 0 0 7 0 0 0 0 0 0 0 0 0 0 1 0 0 0 1 1 0 0 0 1 0 2 0 0 0 0 1 0 0 1 0 0 0 0 0 0 0 0 1 4 1 1
0 1 0 0 0 0 0 0 1 0 0 0 0 0 0 0 1 0 0 0 0 2 0 0 1 2 1 0 0 0 0 0 0 0 0 0 0 0 0 0 1 0 0 1 0 0 0 0 0 0 0 0 0 0 0 0 14 0 0 0 0 0 0 0 0 0 0 0 0 0 0 1 0 0 0 0 0 0 0 0 1 2 3 0 3 0 0 0 0 2 0 2 0 0 0 0 1 0 1 0
3 0 3 7 15 21 1 6 2 2 5 6 1 2 3 7 0 0 1 4 1 6 4 0 0 2 6 8 10 1 4 8 0 1 7 12 5 0 7 3 4 14 9 2 0 19 2 0 5 2 2 6 0 5 2 1 3 1 0 2 2 8 1 3 2 10 10 0 16 9 2 2 1 0 8 0 2 1 5 3 2 1 6 5 2 0 0 0 3 0 4 1 1 20 13 14 5 1 0 9
1 1 0 1 0 0 0 0 0 0 0 0 1 0 0 0 0 0 0 9 0 0 1 0 0 0 0 0 1 1 0 0 0 0 1 0 0 0 0 1 1 0 0 0 0 0 1 1 1 2 2 0 0 0 1 0 1 0 4 1 0 1 0 0 0 0 0 16 0 1 0 0 0 1 0 1 0 0 0 1 3 0 1 0 0 0 0 0 0 0 0 0 0 0 1 0 0 0 0 1
6 2 3 2 19 2 18 2 18 7 7 5 26 9 10 5 6 7 33 6 1 12 1 16 3 13 7 3 2 5 3 7 5 5 2 14 9 0 2 15 8 1 4 15 24 8 34 5 12 3 2 1 5 1 8 1 2 4 12 1 17 16 4 18 10 1 0 2 17 14 15 28 3 0 2 5 0 1 5 14 11 25 2 16 31 12 0 0 4 0 5 11 2 5 11 9 1 1 7 22
3 0 1 16 11 11 3 0 0 3 10 1 5 5 8 22 0 17 20 0 6 7 14 6 12 4 2 9 0 4 9 3 0 18 3 7 7 4 17 2 1 1 3 1 4 7 2 2 7 1 11 13 1 19 25 0 5 0 4 14 7 13 9 1 2 0 1 5 16 27 5 2 9 9 13 23 2 7 10 14 0 0 5 9 13 36 1 0 7 5 17 6 0 20 10 5 4 19 3 4
1 26 1 3 11 6 7 3 0 2 5 1 2 0 15 3 4 2 2 2 0 2 15 11 11 2 7 12 16 2 13 6 10 8 5 2 23 4 5 8 1 10 3 13 1 7 18 9 40 0 8 15 5 19 20 1 28 3 4 1 14 8 7 19 2 2 22 0 3 5 3 2 3 4 5 9 13 2 13 3 13 4 10 25 0 8 3 0 0 0 21 10 7 5 3 0 35 5 14 12
0 6 0 0 0 0 0 0 0 0 0 1 4 0 0 0 0 0 2 0 4 0 0 1 0 0 0 0 0 1 0 2 3 0 0 0 0 1 0 0 0 1 0 3 5 0 0 0 0 1 0 8 0 0 1 2 3 1 0 4 0 0 1 0 0 0 0 1 12 14 1 0 1 0 1 0 1 0 1 0 2 3 0 7 0 0 0 2 0 2 0 8 0 0 1 0 0 0 0 0
7 15 3 1 26 0 18 19 8 10 0 0 1 8 8 17 5 2 3 8 1 12 1 7 6 1 1 1 1 3 6 0 3 3 13 1 4 1 7 18 10 16 4 7 1 1 0 29 4 2 3 19 0 3 2 4 0 2 2 13 11 0 53 5 4 1 18 0 6 6 18 4 16 4 5 5 4 32 15 8 9 12 7 11 2 15 13 0 4 8 16 2 9 0 10 7 8 18 12 2
3 12 1 8 6 7 13 6 3 0 3 0 30 2 0 2 0 0 5 10 8 3 4 4 2 8 7 5 0 6 14 0 3 6 16 5 3 2 26 15 26 6 8 4 6 0 1 10 1 8 3 4 27 10 7 1 8 3 23 3 11 2 8 0 6 13 4 2 2 1 4 17 10 17 0 13 20 8 21 4 8 7 13 20 21 5 5 17 7 0 4 2 0 4 4 13 7 3 2 15
1 7 0 3 12 7 3 3 2 4 2 6 1 3 12 1 8 5 0 1 1 20 20 9 1 8 10 1 6 0 6 0 9 0 0 4 2 1 18 1 23 0 4 6 7 6 7 4 9 1 52 17 11 17 3 6 1 23 0 3 1 1 4 1 12 10 22 8 25 5 2 22 1 1 3 6 15 11 1 1 15 6 24 10 0 13 8 9 17 1 2 2 3 5 7 4 2 1 12 35
14 4 0 26 1 9 27 18 4 4 2 0 21 3 2 2 1 14 0 1 3 17 0 3 7 12 1 7 2 10 11 11 0 0 32 2 2 1 10 1 5 3 2 4 14 1 1 2 2 0 3 0 1 2 6 3 15 0 6 10 1 0 2 5 3 4 0 7 6 4 19 22 5 3 1 2 8 10 7 28 0 4 3 16 0 10 4 7 13 19 6 2 8 1 5 30 16 12 8 9
1 0 1 0 7 12 0 5 3 2 1 11 2 4 1 4 4 1 14 2 0 1 4 8 15 1 1 0 1 1 2 1 3 0 0 1 0 0 24 1 6 11 3 4 5 6 9 1 6 25 13 8 2 0 4 0 3 0 0 7 7 0 2 2 0 1 2 14 27 2 9 0 3 11 2 2 1 0 1 10 1 0 3 1 10 5 4 0 6 13 2 2 2 9 3 0 1 6 4 13
0 0 12 2 7 0 10 3 2 5 1 2 3 2 6 19 2 0 0 0 2 6 7 16 5 0 5 1 1 11 0 13 0 10 1 3 4 4 3 1 1 6 1 0 1 1 6 3 0 7 0 0 2 0 0 11 0 4 1 0 2 4 0 0 0 8 0 0 0 3 1 0 5 0 16 2 5 6 7 0 14 5 1 1 7 0 0 12 17 1 4 2 4 2 6 1 0 0 6 19
1 1 0 0 0 8 2 1 0 0 1 0 1 0 0 0 0 0 0 5 0 0 0 0 0 0 1 0 0 0 0 0 2 0 0 0 0 1 2 1 0 0 0 1 2 0 0 0 1 0 0 0 0 0 2 0 0 1 2 1 0 0 0 0 0 0 0 0 0 4 0 1 0 0 2 0 0 0 0 0 0 1 0 1 1 0 0 1 0 0 1 0 0 1 0 0 3 0 0 1
3 4 0 1 2 14 14 11 8 4 2 9 0 0 2 1 0 0 2 26 6 4 4 3 5 2 2 5 5 1 1 2 2 3 2 1 0 7 2 0 4 0 1 0 5 9 9 2 3 1 6 6 8 2 3 1 24 2 0 2 4 0 1 2 1 2 1 15 1 10 9 9 2 5 0 1 0 6 2 1 5 12 1 3 5 0 4 3 6 1 7 4 0 0 6 2 2 3 2 3
0 0 0 1 0 0 0 0 1 0 0 0 1 1 0 1 0 0 0 1 0 8 0 0 0 1 0 0 0 1 0 0 0 0 2 0 0 0 0 0 0 5 0 0 1 1 0 0 0 0 0 0 0 2 0 0 1 4 0 0 3 1 1 1 0 1 0 0 0 1 0 0 0 0 1 0 0 1 0 0 0 1 0 0 0 0 0 0 2 0 3 0 0 0 0 1 0 0 0 0
2 11 1 0 1 1 0 1 0 2 0 0 0 0 0 0 0 0 1 0 7 2 1 0 1 0 0 1 1 1 0 1 0 0 0 1 1 0 0 0 3 0 2 3 8 0 0 0 0 0 0 22 1 0 0 1 3 3 1 3 4 0 4 0 0 1 1 0 2 3 0 0 0 1 0 0 0 1 1 0 0 0 0 9 0 2 1 4 4 2 0 3 0 0 3 0 1 3 2 0
15 7 2 3 1 8 5 8 0 7 2 10 10 2 4 1 0 0 13 3 1 8 0 8 3 6 0 3 0 1 2 10 1 17 11 7 2 5 6 2 2 38 4 1 33 3 0 0 3 3 4 16 8 0 10 5 4 3 17 4 0 11 1 2 4 29 7 5 2 0 2 4 6 8 3 18 8 8 0 6 9 17 6 16 10 21 5 8 1 0 6 32 1 6 4 14 1 0 0 0
1 0 4 7 8 1 1 0 2 17 4 2 23 6 8 3 0 8 2 2 0 1 0 30 0 2 4 0 2 5 8 0 4 7 0 3 0 1 1 2 3 14 1 6 0 5 13 2 1 0 4 0 6 0 3 0 1 13 2 0 0 8 0 10 3 0 1 13 1 4 5 4 4 0 9 0 1 0 12 3 1 8 6 6 4 0 4 2 2 3 6 6 0 1 4 0 1 1 0 2
1 4 1 6 0 4 15 0 11 0 11 0 15 0 13 0 4 7 4 0 8 22 1 5 6 15 13 4 5 0 2 6 26 3 27 1 3 0 14 2 2 3 16 2 8 3 10 0 3 14 0 5 9 7 0 2 2 1 0 5 6 0 8 19 1 6 5 1 12 12 19 2 0 1 0 4 10 31 1 0 5 1 4 6 15 15 6 0 7 8 6 14 2 4 7 0 3 0 1 4
0 1 0 0 3 1 1 0 3 4 1 1 15 3 0 0 0 0 0 0 0 3 1 0 1 0 0 0 1 0 0 17 0 0 0 0 0 1 0 0 0 0 0 2 0 0 1 0 1 0 0 1 0 1 0 0 2 7 0 3 0 0 1 0 1 1 1 0 4 4 0 0 1 0 1 0 0 1 0 0 2 1 2 6 0 0 1 2 0 0 0 11 0 2 0 1 0 7 1 0
13 0 7 1 2 4 2 0 0 1 0 0 5 2 0 4 1 0 0 9 3 10 5 8 2 7 0 3 14 2 1 1 5 4 0 14 0 0 1 0 0 0 3 4 0 4 6 10 1 6 12 6 5 2 3 4 18 12 2 4 2 2 4 9 1 2 1 8 4 1 1 7 9 3 2 2 6 3 1 1 0 8 2 1 0 3 0 5 3 16 8 0 0 7 0 0 0 2 4 16
16 6 4 2 1 1 21 13 3 10 2 0 3 0 1 1 1 2 11 7 5 6 15 9 6 0 3 3 3 14 2 10 2 2 19 0 6 8 3 8 8 3 3 8 3 1 0 12 2 10 1 1 4 5 9 0 0 10 20 13 5 7 6 0 16 9 8 20 1 7 24 0 1 17 2 15 1 12 6 3 2 5 5 10 19 7 0 30 13 3 8 6 3 24 8 12 7 14 3 6
2 4 0 7 9 1 23 1 2 5 2 0 0 34 2 1 0 17 15 13 7 8 5 14 2 1 11 10 4 10 2 7 6 8 21 4 2 11 24 9 15 0 5 1 7 0 4 3 10 4 13 16 13 17 11 0 12 20 35 0 9 5 9 2 1 2 2 6 6 4 0 9 6 10 0 27 7 7 13 34 10 7 16 2 18 1 14 15 11 5 18 10 4 1 20 23 14 4 9 0
4 6 12 0 3 2 3 10 0 3 0 14 1 5 1 0 1 4 7 2 2 9 3 9 2 10 13 2 13 6 9 16 6 8 15 1 6 8 10 4 2 10 7 10 12 1 2 2 5 2 9 0 8 0 2 3 9 8 6 10 5 7 21 0 6 14 7 4 3 7 2 17 9 27 14 14 50 0 3 3 12 1 24 0 0 4 4 18 4 2 5 5 2 4 10 8 3 2 7 5
3 8 2 0 0 3 0 0 5 10 4 9 8 6 1 16 1 8 8 4 17 22 9 13 31 0 0 1 0 5 0 7 3 2 11 9 11 25 0 9 14 0 6 0 1 5 20 2 7 32 12 7 4 7 10 4 4 4 23 0 16 2 1 11 16 13 0 1 2 9 4 10 2 2 2 3 18 0 7 2 3 1 11 8 3 14 2 5 7 0 0 6 4 4 20 21 21 0 2 10
7 1 15 15 15 4 18 3 18 0 44 3 0 29 6 15 2 1 11 2 1 6 10 0 44 4 0 2 5 11 5 3 20 8 7 15 24 19 2 9 18 0 2 5 18 8 9 6 11 0 1 0 11 4 4 6 3 1 3 3 1 2 0 7 10 0 1 6 32 0 0 7 6 8 5 2 1 14 7 13 4 11 3 1 0 16 19 19 7 3 2 0 0 8 11 1 2 6 5 1
3 0 0 9 5 3 0 0 0 0 4 4 7 2 10 2 1 2 2 0 0 16 4 0 7 1 6 1 3 9 9 10 0 5 11 5 0 4 0 1 1 1 7 7 2 3 0 3 2 3 18 9 13 2 21 0 3 0 0 1 1 2 2 0 1 5 6 0 1 7 13 1 0 1 2 1 3 0 4 6 0 6 2 0 12 1 2 8 4 2 0 8 1 3 6 1 2 17 4 1
2 0 0 0 0 0 0 1 1 0 0 0 0 1 0 2 0 0 1 0 2 2 0 1 0 0 0 0 0 0 0 0 3 1 0 0 0 1 0 0 0 0 1 0 0 0 0 1 0 0 0 0 0 0 0 0 0 2 0 0 2 0 0 0 0 1 1 0 0 1 1 0 0 1 2 0 0 0 1 0 0 0 0 3 0 4 1 0 0 0 0 0 1 0 1 1 2 0 0 1
10 2 12 2 11 27 7 7 2 4 9 1 0 2 20 1 0 0 15 0 4 3 22 7 2 15 5 6 0 4 1 28 7 1 2 5 9 20 4 1 3 9 3 4 17 4 2 1 0 10 0 13 7 11 2 20 0 3 10 1 9 7 1 5 31 1 8 0 5 2 8 10 15 9 14 0 2 1 11 2 28 35 26 19 4 1 3 26 8 39 18 22 34 12 14 23 13 13 6 0
3 0 2 2 4 27 0 2 0 2 4 0 2 4 2 1 1 3 23 3 8 9 2 0 4 2 24 4 13 4 2 2 8 14 11 21 0 5 11 1 3 2 0 5 0 13 4 2 9 6 15 10 1 2 35 6 1 2 11 1 1 0 7 2 0 2 8 7 1 5 2 4 5 20 0 10 1 1 1 0 7 2 0 6 0 0 7 6 0 7 3 7 7 9 0 22 14 7 7 6
1 1 3 1 2 4 4 12 3 7 3 0 3 4 1 2 1 6 1 0 1 2 2 18 5 3 0 7 0 8 1 3 3 3 0 12 4 7 0 5 1 6 4 5 3 2 9 3 1 15 1 9 1 0 0 0 1 6 9 1 6 4 4 2 6 10 0 8 1 4 3 7 6 1 28 5 1 8 2 9 3 11 4 0 3 3 0 2 0 2 0 2 1 13 4 7 0 2 12 2
1 9 15 6 7 56 3 4 6 0 3 8 9 16 10 3 3 20 8 20 8 0 1 0 2 10 2 4 1 0 5 3 3 21 0 2 0 3 27 0 5 4 0 2 32 1 4 6 0 6 14 4 10 2 34 0 29 15 6 17 13 2 1 0 11 7 7 4 0 18 7 4 0 1 8 14 6 13 15 3 0 6 1 10 3 0 14 2 10 1 24 10 22 3 6 24 9 4 2 4
5 0 4 14 8 5 1 1 7 62 6 11 7 0 26 8 0 15 5 2 2 6 28 9 16 5 11 11 13 12 0 1 7 7 18 14 12 4 9 10 8 7 10 10 0 6 13 4 10 9 9 1 5 22 8 0 4 36 3 1 29 2 9 0 0 9 9 1 15 2 21 11 15 13 3 1 10 14 6 0 9 10 3 1 4 18 0 21 3 15 2 0 0 0 8 3 4 5 12 17
4 3 2 13 1 9 1 8 33 0 0 1 8 0 1 6 1 0 21 0 12 1 9 2 25 0 1 21 15 20 8 8 4 6 14 2 1 2 32 3 9 7 12 3 3 11 11 0 37 1 6 31 3 20 8 0 8 1 15 3 12 6 0 10 0 3 0 15 14 5 5 3 10 15 7 4 24 22 0 7 10 9 1 1 9 6 2 10 1 1 11 6 13 1 11 1 6 4 2 13
0 0 0 2 1 0 0 0 0 0 0 0 1 0 0 1 0 0 0 8 0 1 0 0 0 0 2 1 1 0 0 0 2 1 1 0 0 0 0 0 1 0 0 0 0 0 0 1 0 0 1 0 0 0 0 0 1 0 0 0 0 0 0 2 1 1 0 15 1 0 2 1 1 3 2 1 2 3 0 0 0 0 0 0 0 0 1 0 0 0 1 0 1 0 0 0 1 1 0 0
1 2 11 7 6 9 6 1 16 13 15 6 32 1 1 8 2 18 16 0 9 1 0 8 28 8 6 2 1 6 5 6 4 0 1 1 28 0 0 2 11 0 13 1 10 0 26 18 5 5 0 3 1 10 5 0 7 4 14 12 0 8 11 0 0 8 7 1 1 14 10 8 14 19 2 0 0 3 0 47 0 20 7 3 0 4 10 24 3 6 0 0 2 0 2 15 3 0 3 3
9 6 2 11 13 5 4 16 2 8 27 5 11 0 0 4 1 12 20 23 5 11 2 3 2 1 5 1 4 3 10 8 0 6 12 11 8 4 4 28 4 4 2 2 0 1 1 2 14 6 3 2 10 7 2 7 41 1 4 13 23 5 44 0 0 0 12 0 2 6 18 3 2 6 5 3 15 6 0 1 2 25 12 10 22 7 3 3 0 19 34 3 1 4 10 11 7 4 13 64
0 0 0 1 0 0 0 1 0 0 0 0 0 1 0 0 0 0 0 0 0 3 0 0 1 0 0 1 0 0 0 0 0 0 0 0 2 1 0 1 0 0 0 2 1 0 0 0 0 2 0 0 0 0 0 0 3 12 1 2 0 0 2 0 0 0 0 0 0 0 0 0 0 0 0 0 0 0 0 0 0 0 1 2 2 0 0 0 0 0 0 0 0 0 0 0 2 1 1 1
0 14 0 0 0 0 0 2 0 0 1 0 1 2 0 1 1 0 2 1 6 3 1 0 0 0 0 3 2 4 1 3 1 0 0 0 0 1 1 1 0 3 0 10 0 1 0 0 0 0 1 8 0 1 0 0 7 8 1 6 0 0 0 0 1 0 2 0 10 0 0 0 1 0 0 0 0 0 0 0 0 0 0 0 1 0 0 2 0 15 1 5 0 1 0 1 0 2 0 0
