2 9 0 0 8 13 1 4 2 3 3 0 6 2 13 0 3 2 4 1 0 0 1 4 1 1 0 7 0 12 2 1 4 2 3 0 5 0 6 9 36 7 0 0 12 3 1 0 8 4 1 0 2 0 0 5 1 8 11 5 0 10 9 0 0 0 13 17 1 23 2 1 0 7 0 2 1 10 1 5 6 3 5 7 2 2 0 0 0 5 1 0 1 0 0 1 6 0 2 7
0 8 19 2 12 1 2 0 13 3 0 11 0 26 5 15 10 23 27 6 2 11 7 2 1 1 20 0 1 1 21 19 9 2 4 0 0 2 0 3 11 27 7 10 14 0 9 1 2 0 1 1 7 7 1 0 16 8 8 1 23 13 18 12 13 6 19 4 1 0 0 21 12 1 9 6 2 7 3 2 5 1 36 9 0 2 9 6 5 0 0 27 5 1 2 11 0 0 18 0
2 1 7 1 8 14 12 6 5 0 28 1 3 0 4 0 1 0 13 29 2 0 2 11 24 18 13 0 1 9 1 7 7 37 22 6 1 7 4 1 3 1 7 15 12 3 11 7 0 12 7 9 1 6 24 12 4 1 9 2 3 22 0 20 36 15 0 14 0 4 2 15 0 6 9 0 1 0 2 12 0 1 11 8 0 6 10 4 1 4 0 8 2 1 17 7 3 2 48 5
7 2 1 18 5 8 16 0 14 19 18 11 20 8 3 8 31 3 8 9 1 6 25 10 6 1 5 4 0 1 12 2 10 0 3 0 8 0 7 7 0 2 8 0 13 0 0 19 1 1 11 21 22 0 11 5 4 24 2 2 17 6 6 1 11 6 3 2 7 2 12 5 6 3 0 10 3 10 7 2 6 4 13 0 0 2 18 0 6 2 1 1 0 5 28 9 2 34 4 27
1 0 3 4 7 3 3 8 15 2 4 5 1 4 1 16 4 5 8 5 7 4 2 14 13 2 4 26 5 2 24 0 1 10 25 10 1 6 0 0 2 2 1 8 33 6 5 5 0 3 2 4 10 6 13 1 11 14 2 6 11 1 5 6 14 15 7 0 5 13 7 2 7 0 0 1 4 5 1 0 0 11 2 8 4 2 14 6 3 30 13 4 3 17 4 1 7 12 1 11
2 0 0 0 0 0 0 1 0 0 0 1 0 0 0 0 2 2 0 0 0 0 0 0 0 0 0 0 0 0 0 0 2 0 0 0 6 0 0 0 0 0 0 0 0 0 0 0 0 0 0 3 0 3 15 1 0 0 2 1 0 1 1 1 0 0 0 0 0 0 1 0 0 1 0 0 0 0 1 0 2 0 0 0 0 0 0 1 1 0 1 1 0 2 0 2 2 0 1 0
0 1 1 1 0 2 0 1 0 11 0 0 0 0 0 0 0 1 0 0 0 0 0 0 0 0 0 0 0 0 0 0 1 4 1 0 1 0 1 4 0 0 1 0 0 0 0 1 0 0 0 9 0 0 2 0 0 1 0 0 0 0 0 0 0 1 0 2 0 0 0 1 0 0 2 0 0 0 0 1 0 0 1 1 0 2 1 0 0 0 0 1 0 2 1 0 0 1 1 0
4 0 0 15 4 1 4 0 1 0 4 2 4 4 7 0 4 2 7 0 0 4 1 6 0 8 0 0 1 0 5 0 1 2 18 7 15 10 2 1 2 16 0 0 0 0 3 3 2 2 19 10 0 4 3 4 1 5 0 0 4 0 8 10 4 0 1 0 6 6 1 1 9 1 9 9 9 7 8 10 12 0 3 1 1 0 3 4 18 0 26 1 4 10 1 6 0 0 5 3
1 1 0 6 3 15 10 6 4 1 0 0 2 2 8 3 10 0 6 0 14 5 4 9 1 10 1 0 8 1 14 0 1 0 3 4 1 2 2 8 5 5 4 0 5 1 2 1 0 7 9 7 14 1 2 1 8 19 33 1 0 3 19 1 24 1 7 10 2 4 5 4 0 4 1 3 0 0 4 1 7 1 5 15 5 10 0 1 8 1 2 1 0 5 9 1 7 7 7 1
1 4 18 30 2 1 15 23 12 2 2 11 4 12 26 5 7 0 5 0 3 2 2 2 1 8 4 5 3 3 5 6 16 2 9 6 2 13 7 18 9 22 0 4 0 12 11 34 8 2 27 0 1 2 26 5 2 4 11 12 13 11 10 15 4 11 1 4 8 8 0 12 2 0 2 0 1 2 4 2 24 4 22 13 3 4 0 4 3 15 2 3 0 0 0 21 23 6 11 12
0 7 0 8 1 12 4 0 1 0 0 0 1 0 0 0 5 0 0 1 0 0 2 1 1 4 1 0 1 0 2 0 0 0 5 0 0 0 0 8 0 1 1 0 0 0 0 0 10 2 3 3 1 3 0 1 1 6 0 0 0 0 0 0 3 0 4 0 0 6 1 0 0 0 0 1 0 15 0 2 0 0 0 3 4 8 0 0 0 5 0 2 12 0 2 0 5 0 0 0
9 0 1 0 2 0 0 0 5 4 2 3 6 2 7 1 0 8 0 1 1 0 0 0 2 0 1 6 2 6 2 3 1 0 0 1 0 13 3 0 20 4 3 4 1 3 1 1 0 1 1 0 1 0 0 3 0 2 5 0 1 1 0 0 3 0 0 4 14 0 1 2 0 0 5 3 11 2 3 4 1 11 1 0 0 0 0 1 3 0 1 0 1 2 1 7 0 2 33 4
19 2 5 0 8 14 0 10 0 0 0 12 2 10 2 13 4 1 3 17 6 8 25 28 5 4 4 12 3 1 1 11 8 26 2 0 1 2 16 4 2 3 5 2 21 0 0 5 1 7 5 22 7 3 4 16 2 3 1 22 6 3 0 0 11 9 9 22 2 0 18 21 4 6 6 3 0 3 0 13 17 1 0 0 11 0 8 26 23 3 4 11 0 0 4 10 7 0 0 5
26 7 13 0 0 3 13 20 7 1 5 11 2 1 3 3 5 0 0 0 10 3 2 3 13 19 31 1 41 13 4 12 2 21 7 4 3 10 17 0 0 1 3 25 2 0 8 4 3 8 1 1 1 4 1 2 3 2 5 11 22 0 32 10 6 1 5 17 5 12 2 2 0 5 3 13 0 25 9 1 22 7 4 9 6 19 17 3 2 5 1 6 2 5 6 3 7 18 5 17
0 1 1 4 10 2 15 0 3 2 5 0 1 26 7 0 4 7 7 3 3 1 3 0 2 1 2 5 0 3 4 18 0 2 17 6 3 7 2 1 13 1 6 0 4 3 16 0 5 9 2 1 9 2 6 0 1 1 2 8 6 2 3 2 0 1 4 3 2 2 1 3 2 0 0 5 3 0 0 2 0 3 4 2 4 3 1 0 3 17 2 5 2 11 0 0 13 0 2 2
16 0 0 0 0 0 0 1 2 1 1 0 0 1 0 0 0 0 0 0 2 6 0 0 0 0 0 0 0 1 2 0 2 0 0 0 1 0 1 0 0 0 1 1 0 0 0 0 0 0 0 2 0 1 0 5 0 0 3 0 1 1 0 0 1 0 0 0 0 0 0 0 0 0 0 0 0 2 0 2 1 1 0 2 2 0 0 1 0 1 0 2 0 7 0 0 1 0 1 2
1 0 0 0 0 19 0 0 2 0 0 1 0 2 0 0 1 0 1 1 0 2 0 3 1 0 1 0 1 0 0 0 1 0 0 0 0 0 0 0 0 0 0 0 0 0 0 0 0 0 1 0 0 0 0 1 1 0 0 0 1 0 0 0 1 0 0 1 0 0 4 0 0 1 0 0 0 0 0 0 0 0 1 0 0 0 0 2 0 0 0 1 0 0 0 2 0 0 0 0
0 17 1 4 1 0 8 1 1 1 0 0 0 1 0 0 14 0 0 0 2 0 0 2 0 6 0 1 0 0 0 0 2 2 1 0 3 0 0 2 0 0 1 1 11 2 0 1 0 0 4 0 9 3 0 1 7 0 0 0 0 5 0 0 0 1 1 1 0 1 1 0 0 0 0 0 0 3 0 0 0 2 1 11 0 0 1 1 0 1 0 2 0 0 3 0 2 0 0 0
29 4 12 22 36 3 29 25 3 1 9 6 0 1 7 1 3 11 0 6 22 1 4 3 21 2 2 2 12 3 5 0 1 4 43 1 10 0 6 29 24 22 0 7 5 7 7 6 0 4 2 5 9 4 5 1 2 6 0 6 0 1 0 7 0 4 6 3 24 17 0 11 8 4 13 1 13 2 10 8 0 0 2 19 7 11 11 9 13 4 1 4 3 8 0 0 4 0 12 5
3 7 3 8 0 4 4 11 4 11 1 11 5 4 3 1 22 12 11 8 10 7 0 17 9 8 0 10 12 18 24 5 11 12 15 0 2 1 12 3 3 0 6 0 16 9 13 4 13 3 5 2 2 33 1 1 2 2 18 3 43 1 15 0 4 13 1 1 15 5 0 14 8 2 7 1 7 2 7 9 0 14 5 2 7 0 5 1 13 1 22 3 0 0 20 0 10 33 2 7
0 1 15 1 3 0 1 2 11 2 1 4 1 21 0 2 1 6 0 0 3 0 1 0 6 0 2 0 10 5 0 2 0 2 1 1 2 3 4 0 1 7 1 0 2 1 0 8 0 0 0 0 0 0 0 0 0 0 0 0 2 0 0 1 0 1 0 5 6 2 0 0 16 4 1 1 7 0 6 6 8 5 10 0 1 0 1 0 0 3 0 3 1 17 0 0 1 9 3 1
5 0 0 0 3 0 2 2 0 1 13 3 6 0 1 7 2 7 2 4 2 11 0 2 2 1 0 0 0 10 2 0 1 0 0 2 8 0 5 0 1 4 0 1 2 4 0 0 0 1 0 0 0 0 0 3 0 11 1 0 0 0 0 1 1 4 0 11 6 1 1 1 7 0 2 11 10 1 2 1 2 14 0 2 0 0 0 0 0 0 4 6 0 3 0 21 0 3 1 4
0 1 0 0 0 0 2 1 1 0 0 7 0 0 0 0 1 0 1 0 0 0 0 0 0 0 0 0 0 1 1 0 1 0 0 0 1 0 0 1 0 0 0 0 0 0 0 0 0 0 0 0 0 0 9 0 0 0 4 0 1 0 0 1 0 0 0 0 0 0 0 0 0 1 0 0 1 0 0 1 10 0 1 0 0 0 0 0 0 0 0 0 0 0 2 0 0 1 0 0
0 1 2 0 0 0 0 0 0 0 1 4 7 0 2 1 0 6 6 1 0 0 0 1 0 2 0 1 0 0 0 0 5 0 0 1 0 4 0 0 0 1 0 0 0 3 1 0 0 0 0 0 0 0 0 1 0 3 0 0 0 0 0 0 0 0 0 0 0 0 1 13 0 0 2 0 0 1 0 0 0 1 0 0 0 1 0 0 0 0 3 0 0 1 1 1 1 0 2 0
0 0 1 0 0 6 0 0 0 0 1 0 0 0 0 0 0 0 2 0 1 1 0 0 1 1 0 0 0 0 0 0 0 3 0 2 0 0 0 0 1 1 0 0 1 0 0 0 2 0 0 0 0 0 0 0 1 0 0 0 0 1 0 0 0 2 0 2 0 0 6 0 0 0 0 0 2 1 0 2 0 0 0 1 0 0 0 0 0 2 0 0 0 0 0 0 0 1 0 0
1 0 16 0 0 1 1 0 1 5 0 5 7 3 3 2 0 8 0 1 8 1 1 2 1 0 1 9 2 8 0 3 0 0 1 0 0 3 8 0 2 2 3 1 0 1 0 6 0 3 0 1 0 1 4 2 1 5 2 0 2 0 0 0 0 0 1 2 0 10 0 2 1 2 1 7 3 2 1 3 3 5 0 0 0 6 0 0 11 0 3 10 0 0 0 2 0 3 0 6
7 6 8 7 0 0 18 0 1 11 14 2 3 4 1 4 2 16 0 0 11 7 7 0 2 10 3 0 5 2 5 1 5 2 60 7 9 9 10 6 11 1 2 7 21 2 8 0 4 2 5 18 3 13 1 15 4 2 9 3 8 0 1 9 11 1 2 15 2 4 11 6 1 2 3 5 3 0 19 0 2 9 4 12 7 2 2 1 0 0 10 3 7 4 0 20 4 2 1 3
0 0 0 2 0 1 0 0 0 1 0 0 0 0 0 2 0 0 0 0 0 0 0 0 0 1 0 2 2 1 0 2 0 0 1 0 0 0 0 0 1 1 0 0 0 0 0 0 1 0 0 0 0 0 0 1 0 1 0 1 0 0 1 0 0 0 1 2 0 0 0 0 0 0 0 3 0 0 1 0 0 0 0 1 0 0 2 0 0 3 0 0 0 0 2 0 0 12 0 1
1 0 0 0 1 0 1 0 0 0 6 0 0 0 0 0 0 0 1 1 0 1 0 0 0 0 0 2 0 2 4 0 0 0 0 0 0 0 0 2 0 0 0 1 0 1 3 1 0 0 0 0 0 0 0 0 0 0 1 0 0 0 0 0 0 0 0 3 0 0 0 0 0 0 2 0 0 0 0 4 0 0 0 0 0 0 1 0 0 0 0 0 0 2 3 3 0 0 0 0
9 4 3 20 5 8 5 11 3 10 10 15 8 8 12 0 7 5 5 1 6 1 6 1 6 2 9 3 8 9 28 7 0 27 1 3 4 1 31 5 2 11 19 1 10 3 7 2 1 20 0 0 1 5 7 6 2 14 6 8 0 5 2 2 19 37 4 0 12 7 1 7 8 1 7 0 0 1 27 16 18 4 20 5 4 0 18 11 18 8 6 1 3 0 20 15 16 12 7 2
3 10 6 0 13 1 2 2 1 4 4 3 0 1 0 2 0 5 9 1 6 1 5 1 21 4 4 11 2 2 14 6 10 3 0 1 10 4 4 3 13 4 2 24 1 7 11 3 3 0 0 0 0 1 7 3 3 1 16 23 5 3 0 0 1 10 18 1 1 4 0 2 5 5 0 0 12 3 7 2 8 0 1 0 8 7 2 10 0 2 5 1 3 2 2 3 0 3 0 4
2 6 4 4 1 8 6 2 20 0 2 1 2 3 3 2 2 10 1 1 2 1 5 2 14 10 1 1 0 3 10 2 0 2 20 3 12 16 0 6 0 2 20 5 12 7 4 1 6 6 3 1 6 20 1 3 6 8 1 4 3 5 1 1 0 6 4 2 0 35 1 13 5 1 5 1 0 0 3 4 1 1 3 7 5 8 2 8 6 4 3 2 23 0 2 17 4 3 3 11
0 1 0 0 0 0 0 1 3 0 0 2 0 2 2 3 0 0 0 0 0 0 0 0 0 4 0 0 0 2 1 1 0 6 2 0 0 0 2 1 2 0 0 1 0 0 0 0 0 0 1 1 0 0 0 2 0 1 0 0 0 0 0 0 0 0 1 3 0 0 0 0 0 1 1 0 0 5 0 0 0 0 0 4 1 0 0 0 1 0 0 0 0 0 0 0 0 1 0 2
1 2 0 19 7 8 4 3 2 4 0 10 4 0 9 2 1 4 1 0 1 1 5 4 3 27 7 11 1 14 0 2 8 19 1 4 0 4 36 4 1 0 8 0 23 21 27 5 5 13 4 26 3 1 3 2 23 10 21 20 0 4 6 19 35 2 8 3 1 9 11 7 32 12 8 7 7 8 19 1 17 17 3 10 4 6 34 6 0 3 56 3 4 2 2 6 2 26 2 1
1 0 1 0 0 0 0 0 4 0 1 0 19 1 0 0 0 2 1 0 0 0 0 1 7 0 0 0 0 1 0 0 5 0 1 0 0 0 2 0 1 0 0 2 0 2 0 2 7 0 0 1 0 0 0 0 1 0 1 0 0 0 0 1 1 0 1 3 0 0 2 0 1 5 5 0 0 0 0 1 0 0 0 1 1 0 1 0 0 1 0 4 1 0 0 1 0 0 8 0
0 0 0 0 0 3 0 0 0 0 1 1 0 1 1 2 0 0 2 0 0 0 0 1 1 0 1 0 1 0 2 0 1 1 0 0 0 0 0 2 1 0 0 0 0 0 0 1 0 0 2 0 0 0 0 0 0 0 3 1 2 2 0 0 0 0 8 0 0 1 0 0 0 0 1 6 0 0 1 0 0 1 1 0 0 0 0 0 0 0 1 0 0 1 2 1 1 1 2 0
1 1 2 2 0 0 0 2 8 0 8 0 11 13 0 0 0 1 22 0 2 1 6 9 15 5 1 1 1 4 2 2 0 11 4 1 2 5 0 3 1 0 2 7 10 6 11 1 4 10 6 1 3 9 1 0 0 8 4 2 5 2 0 4 3 7 7 0 9 8 2 2 0 0 3 0 3 0 5 4 5 23 9 0 1 1 3 5 9 1 2 2 3 2 12 5 0 11 4 0
3 2 1 0 1 1 3 0 2 3 3 5 1 0 3 2 3 2 11 12 5 3 0 5 0 3 0 0 2 1 1 1 8 4 5 3 3 9 0 10 10 5 19 0 3 2 3 4 10 8 7 7 5 1 0 8 6 1 1 1 1 2 3 3 3 5 2 2 0 16 10 0 0 5 1 4 1 5 4 3 2 2 7 1 1 2 1 5 4 9 16 1 11 0 2 3 3 7 4 5
0 10 19 0 5 5 8 8 15 17 0 1 21 2 0 3 0 14 1 14 1 5 3 6 1 1 3 12 0 2 2 14 0 0 4 0 4 8 15 2 26 5 31 35 1 1 6 8 4 7 2 11 1 3 3 1 4 2 3 2 6 1 1 4 0 0 5 9 0 2 0 5 9 3 1 1 1 11 7 8 5 47 33 1 2 3 1 1 1 2 3 11 8 4 4 6 8 2 0 6
2 0 0 4 3 0 2 1 11 14 4 2 0 2 9 3 6 21 3 4 12 12 4 1 3 2 3 0 5 5 3 0 24 3 0 0 0 12 1 2 4 34 2 0 1 2 1 0 1 9 1 8 1 3 7 5 7 22 0 10 5 12 6 1 3 0 3 8 2 0 1 7 1 11 4 3 12 0 7 1 7 1 2 4 1 13 3 7 11 1 9 4 9 2 11 1 1 11 16 1
8 0 5 2 2 0 1 2 3 19 10 13 2 4 18 9 4 3 9 4 10 8 5 8 1 1 2 3 6 4 0 2 4 6 20 3 3 17 5 4 37 4 0 5 5 17 11 24 13 2 28 16 8 3 0 0 2 6 24 14 13 0 37 1 0 3 0 2 18 6 8 22 0 0 2 9 17 6 0 3 3 0 31 3 7 16 21 3 8 24 0 5 6 20 6 11 11 10 10 3
1 0 0 15 0 9 19 0 4 0 0 0 0 0 0 0 6 0 4 1 0 1 2 2 0 3 0 1 0 0 0 0 0 17 2 0 0 0 0 3 0 2 1 0 2 0 2 2 2 6 0 0 3 5 1 0 1 1 0 3 2 26 7 0 11 0 2 0 0 2 0 0 1 0 0 0 0 5 0 0 0 0 0 3 3 4 3 3 0 1 3 0 3 0 0 0 0 0 0 1
0 33 12 1 14 11 2 2 0 2 11 7 14 8 2 0 16 1 6 4 14 4 15 7 3 10 43 2 30 8 3 6 8 5 13 6 10 0 1 0 1 6 30 0 0 1 2 2 8 10 18 4 0 2 11 3 8 0 20 0 7 14 8 2 11 7 1 1 12 2 0 13 6 12 8 1 10 6 18 15 19 6 3 4 0 5 3 3 15 6 3 16 13 0 7 5 3 11 4 12
0 0 1 0 0 2 1 0 1 0 1 0 3 0 1 0 4 2 0 0 2 0 4 0 0 1 1 0 1 0 0 0 0 1 5 1 0 2 1 1 1 1 1 0 6 1 3 1 0 0 3 0 1 3 0 0 1 0 0 0 0 5 8 0 19 0 1 0 1 0 0 2 0 2 0 2 2 3 0 1 0 0 2 13 6 0 3 0 0 4 2 1 0 0 6 0 0 0 1 0
11 0 2 8 2 7 3 6 5 1 1 5 2 2 5 7 8 2 1 3 5 1 8 2 1 3 2 2 1 1 1 2 1 22 1 4 1 5 2 49 0 0 3 0 4 0 9 9 7 0 11 3 5 1 4 2 3 0 6 6 2 7 11 0 5 7 2 4 1 0 0 8 6 3 7 4 2 7 3 2 0 0 6 3 2 0 12 12 1 4 1 2 6 12 9 1 0 6 2 10
0 0 0 1 0 2 0 1 0 0 0 0 1 0 0 0 0 0 1 0 0 0 1 0 4 0 0 0 3 1 1 1 0 0 2 0 0 2 2 0 0 0 2 2 0 1 0 2 0 0 0 0 0 0 0 0 0 1 0 2 0 0 0 0 0 0 3 0 0 0 1 0 1 0 1 3 0 0 2 2 0 0 0 0 0 0 1 0 0 0 1 0 1 0 0 1 0 0 0 1
5 3 0 5 7 2 4 9 8 5 3 19 5 0 1 4 2 14 2 5 9 2 2 14 1 0 19 10 16 26 25 7 0 0 0 3 1 0 4 2 12 0 2 3 0 4 2 15 3 25 2 1 4 0 18 4 2 20 13 1 1 1 0 17 5 4 6 4 1 7 2 2 0 3 3 7 12 1 5 9 32 8 2 6 2 9 0 2 13 5 22 3 1 3 4 7 24 2 6 2
0 9 6 10 1 9 23 4 9 7 2 4 2 10 12 1 1 5 8 1 1 6 5 1 7 6 4 1 14 4 3 0 3 16 29 4 1 0 3 7 2 6 1 4 18 2 17 1 11 2 0 3 1 0 2 0 8 18 3 3 2 7 0 11 4 0 8 14 2 1 0 5 1 3 0 2 5 16 2 3 0 16 19 10 7 2 11 7 2 3 5 6 1 0 12 1 1 13 0 1
0 2 7 6 3 7 0 6 41 10 16 0 6 4 20 8 3 0 8 4 1 0 0 3 3 1 4 0 0 6 3 0 1 0 4 0 1 2 3 3 3 4 2 4 0 0 0 12 2 6 6 0 13 3 11 5 0 2 0 2 2 1 13 15 2 5 9 0 4 17 12 4 0 1 1 0 0 1 0 15 11 1 0 0 4 8 12 4 4 3 1 10 8 1 3 10 0 4 0 0
12 22 22 8 3 0 1 1 5 7 26 0 5 3 10 1 3 10 6 19 7 7 7 0 7 8 10 4 3 0 5 4 1 4 10 0 6 2 15 19 5 11 4 14 7 6 2 2 25 4 1 10 2 8 3 19 4 4 6 2 11 15 17 4 10 4 2 4 3 9 21 12 0 13 6 6 3 0 2 10 1 7 1 0 50 5 2 8 7 4 18 3 7 3 14 25 9 0 2 14
2 0 3 2 3 1 8 4 0 1 0 5 0 0 2 2 8 9 5 0 1 1 5 3 0 10 4 5 7 0 4 2 10 9 2 0 13 1 2 1 33 9 3 7 9 2 1 4 0 0 3 0 3 0 0 0 2 0 2 8 2 17 4 10 1 4 1 4 0 3 1 1 1 11 9 2 18 2 2 15 7 0 11 2 2 5 0 2 1 2 4 6 9 11 1 1 8 0 5 0
10 19 4 0 0 20 10 0 0 4 2 10 5 16 2 8 14 4 20 5 1 0 13 7 5 4 1 2 12 8 6 8 9 23 17 12 2 24 11 12 2 3 10 3 17 7 29 1 11 1 9 5 20 24 6 1 4 1 12 0 7 8 5 2 8 9 12 2 4 18 1 3 9 1 5 6 5 12 0 9 29 0 3 6 10 10 12 0 1 5 3 3 17 2 6 5 8 4 21 0
11 2 0 0 2 3 6 0 3 6 2 0 1 13 5 1 4 0 1 18 7 1 1 5 1 3 21 11 4 0 0 2 0 3 6 4 1 1 5 6 0 6 10 10 2 0 3 22 5 0 12 3 3 1 0 3 9 2 30 3 6 0 2 3 1 1 1 5 0 1 3 0 0 0 0 29 4 4 1 0 3 0 2 0 7 8 5 0 2 9 0 0 16 1 7 5 12 1 3 0
1 2 3 0 6 4 0 4 0 2 1 0 1 12 3 1 4 6 1 0 0 6 1 4 8 9 1 11 9 0 0 12 0 3 1 0 8 3 2 0 1 5 3 6 3 17 0 0 5 3 0 9 1 2 1 2 1 1 1 0 16 4 0 0 8 2 0 2 12 4 0 6 0 0 4 0 9 5 9 0 0 0 6 7 1 2 38 7 4 0 0 6 3 7 2 7 2 1 2 0
3 3 3 2 14 10 2 1 2 7 4 4 7 12 0 21 17 10 6 19 4 4 28 4 0 3 8 2 4 0 16 29 4 0 11 5 9 7 0 2 4 6 15 17 7 14 4 7 24 11 3 13 4 7 1 8 14 1 6 2 13 15 8 3 2 5 5 0 7 13 5 3 8 0 1 6 8 2 1 5 8 10 6 16 3 20 3 2 3 33 1 4 0 4 0 25 6 1 2 2
0 0 0 0 1 4 1 0 0 0 0 0 0 0 4 0 0 0 0 1 0 1 2 0 0 0 1 0 0 0 1 2 0 0 0 0 0 0 0 0 1 1 0 0 1 0 2 0 0 1 0 0 1 0 0 0 0 0 2 0 0 0 0 0 4 1 0 1 0 0 1 0 0 1 0 0 0 0 2 0 0 0 0 0 0 0 1 0 1 1 0 0 2 1 2 1 0 2 0 0
3 0 24 0 7 1 0 4 0 22 1 6 1 6 9 1 0 4 18 2 1 2 0 3 0 0 2 0 4 4 4 1 2 0 0 0 2 3 12 1 1 0 8 6 0 2 1 4 0 0 2 5 1 0 0 6 0 0 1 0 5 0 0 0 0 7 0 6 4 2 1 0 11 17 12 2 2 0 13 7 1 2 0 0 0 2 0 0 2 0 1 10 1 2 0 2 4 2 0 0
0 0 0 1 0 0 2 0 1 9 5 0 0 0 0 0 1 0 1 1 0 0 0 0 0 0 0 2 0 1 1 0 0 1 0 0 1 0 0 0 2 0 0 3 0 0 0 0 0 0 0 1 0 0 0 0 2 0 1 1 0 0 1 0 0 0 0 1 0 0 0 0 0 0 0 1 0 0 2 0 1 0 0 0 0 1 0 0 0 0 0 1 0 0 2 0 0 0 0 0
13 7 2 11 8 0 15 1 0 9 9 11 14 9 7 20 2 3 0 4 14 2 1 2 30 9 27 1 13 8 1 7 2 7 19 7 1 17 21 2 17 5 0 1 4 0 31 10 16 8 9 5 4 4 0 11 2 1 1 0 2 4 0 2 1 11 11 6 3 37 9 22 11 1 2 1 4 3 5 1 1 9 5 3 5 9 2 15 1 15 5 14 6 0 14 0 17 15 3 5
11 13 13 0 3 11 2 8 2 14 2 10 2 5 3 3 1 3 1 4 7 3 0 3 1 2 4 4 6 5 0 36 1 3 19 1 1 4 7 4 0 2 8 3 8 1 0 7 0 2 15 5 2 6 0 2 0 2 0 0 0 2 0 0 12 0 5 2 0 0 0 4 5 7 0 2 8 1 2 16 6 4 4 5 1 3 6 4 6 1 13 5 9 7 1 3 0 7 11 0
14 5 9 1 0 4 11 1 20 0 3 3 0 4 2 1 5 4 4 2 1 3 2 3 3 9 3 3 3 1 2 1 3 5 12 8 4 4 5 9 1 0 0 0 3 0 15 2 1 1 4 1 2 0 4 15 2 6 1 8 14 1 0 0 3 1 1 1 2 5 0 20 0 1 11 4 6 2 2 2 2 1 4 1 2 2 1 0 5 1 30 0 1 1 4 1 0 6 10 0
0 0 0 0 0 0 1 0 0 0 0 0 1 0 1 8 0 0 0 2 0 1 1 1 0 0 1 0 1 1 1 10 0 0 0 1 0 0 2 1 0 0 0 0 0 0 0 0 0 2 1 2 1 3 0 0 0 0 0 0 1 1 0 0 0 0 0 8 3 1 2 1 0 0 1 0 0 0 0 0 1 0 2 0 1 0 0 0 0 0 0 0 0 0 0 0 2 0 1 0
0 2 1 1 3 8 7 1 0 0 1 8 0 3 0 4 3 2 4 2 2 0 7 11 4 7 3 3 15 3 2 3 3 2 0 1 1 4 2 1 5 1 2 2 0 1 4 2 1 0 0 6 1 0 9 4 2 16 8 6 2 3 2 21 1 2 1 8 2 1 31 3 3 0 18 0 4 1 8 0 4 5 0 2 1 0 3 1 2 8 0 4 1 2 4 0 6 4 8 7
0 8 4 9 21 0 3 19 8 27 5 0 1 6 2 12 14 9 1 19 38 9 1 4 2 2 16 7 11 4 20 6 0 10 10 15 3 1 15 0 7 8 11 2 8 9 8 0 6 27 27 2 9 2 7 7 3 4 15 11 1 6 7 1 5 4 12 4 0 6 0 0 3 2 1 0 0 12 0 4 6 2 4 10 4 26 3 1 1 1 0 0 0 3 16 5 17 4 10 14
3 0 1 0 0 1 0 0 4 0 1 0 1 0 0 0 0 0 0 0 0 1 0 0 1 1 0 0 1 1 0 1 0 0 1 1 0 0 1 3 0 0 1 1 0 0 0 0 0 1 4 0 0 1 2 1 0 0 0 0 0 0 1 0 0 0 0 2 0 0 1 0 0 0 2 0 0 1 0 0 0 0 0 4 0 3 0 1 0 0 0 0 0 1 1 2 0 0 0 4
0 9 4 4 2 3 1 0 20 11 0 0 8 0 6 12 4 4 3 1 8 8 10 5 2 0 8 1 0 2 0 0 3 11 3 3 0 16 7 0 2 0 2 1 1 0 2 4 3 0 0 7 0 1 2 0 11 3 8 1 1 4 3 1 5 2 4 8 2 4 2 3 1 2 3 4 2 5 10 2 9 19 13 3 1 5 1 0 1 1 0 1 0 1 1 6 2 13 0 1
2 2 10 0 8 4 9 1 3 2 1 2 0 0 4 1 0 0 0 1 0 1 3 1 0 0 6 21 7 9 3 1 0 0 3 5 6 0 8 5 0 1 1 1 1 7 0 1 4 21 2 0 1 1 2 13 2 5 0 1 3 1 3 8 1 8 0 1 1 1 3 0 10 0 0 21 0 4 1 4 4 4 6 3 3 0 4 1 1 9 0 0 0 4 3 2 3 4 0 1
2 0 0 16 5 14 1 2 3 0 0 0 0 11 22 9 1 1 4 1 9 5 2 14 3 9 2 1 0 33 0 4 12 5 2 0 1 0 14 0 3 2 10 6 0 7 6 3 26 5 12 2 29 11 4 6 1 5 6 4 0 5 15 11 17 2 15 21 9 2 1 0 0 11 2 24 12 0 8 9 8 4 3 0 21 6 3 8 2 0 7 4 9 8 5 4 2 2 0 8
7 3 11 0 2 0 0 2 1 0 1 6 16 20 0 19 0 5 13 0 1 0 0 0 5 0 1 1 0 4 0 0 8 2 0 0 5 0 0 0 1 2 0 0 0 15 1 5 1 0 0 6 0 1 0 3 0 1 3 0 11 0 0 6 0 3 1 0 1 2 1 2 0 4 4 1 8 1 21 0 0 15 0 0 0 0 0 0 1 0 4 3 0 3 1 1 1 1 0 6
0 3 0 0 0 0 0 3 0 1 0 0 0 1 1 0 4 0 2 0 0 1 0 0 0 0 0 0 1 0 1 0 0 1 0 0 0 0 1 0 0 0 0 0 0 1 0 1 0 1 0 0 1 0 0 1 1 0 1 2 0 0 0 0 1 0 14 0 0 2 0 0 0 0 0 1 0 0 0 0 1 0 0 0 0 0 0 0 0 1 0 1 1 0 1 0 0 0 0 0
8 22 19 7 2 13 15 2 4 2 2 2 11 0 0 1 2 14 4 8 0 5 5 1 0 15 0 7 3 4 1 0 3 9 13 6 1 3 12 1 1 3 3 5 4 0 7 0 2 10 5 4 4 12 12 3 2 25 4 21 0 6 4 5 0 0 3 5 1 2 1 21 2 1 0 1 5 16 1 5 0 1 0 3 8 9 20 10 19 0 3 1 0 1 2 6 1 3 1 16
6 2 0 0 3 4 1 3 0 0 1 4 3 3 5 1 2 7 1 1 9 6 7 0 3 13 1 2 13 5 0 1 1 1 5 8 0 11 3 4 13 0 0 1 5 2 1 9 2 3 0 0 4 1 11 1 3 1 9 0 4 6 1 0 13 1 0 3 8 0 4 5 10 0 1 6 2 10 3 0 6 5 7 3 8 4 6 2 10 2 2 10 3 2 1 0 0 0 4 4
2 0 0 0 0 1 0 0 0 1 0 0 1 0 1 0 0 2 0 0 0 0 0 0 1 1 0 0 0 0 0 0 0 0 0 0 0 1 0 0 0 0 0 0 0 0 0 0 0 0 0 0 0 0 8 0 0 2 3 0 0 0 3 0 0 0 0 0 1 0 0 1 0 0 2 0 0 0 0 0 1 0 0 0 0 0 1 0 0 1 0 0 0 16 0 0 2 1 0 0
4 2 0 5 1 0 5 26 2 2 0 3 0 9 2 12 0 0 0 0 11 0 1 0 0 4 0 7 0 24 0 4 1 3 4 6 0 0 2 6 7 4 4 6 3 2 4 18 0 2 7 11 13 2 0 6 18 4 1 0 8 1 3 5 8 0 2 0 0 3 6 0 10 0 0 1 2 2 2 0 1 3 5 7 6 2 1 5 4 1 0 0 6 2 4 9 5 4 1 2
12 1 7 0 1 6 8 2 1 7 0 3 3 5 4 0 0 7 19 3 2 1 7 0 1 1 1 0 3 2 0 3 10 6 1 9 9 0 5 3 0 0 3 2 7 0 6 5 0 4 0 0 1 12 3 1 0 3 7 5 0 1 2 0 8 6 3 0 4 20 4 1 4 3 2 3 1 8 5 1 2 1 0 13 18 16 2 2 2 1 3 0 0 3 1 0 0 2 5 2
1 8 12 7 1 5 1 1 8 2 7 10 17 0 6 24 24 12 17 0 8 0 0 2 9 8 1 8 11 8 3 2 4 2 13 17 3 4 1 8 19 1 0 24 7 6 19 6 6 7 4 2 11 1 24 1 4 0 12 0 1 0 10 6 19 0 17 10 3 28 10 5 2 1 16 0 15 49 16 2 0 1 3 21 26 12 2 22 12 0 0 0 6 2 8 1 1 19 0 3
9 0 0 0 1 0 2 0 15 0 8 2 14 1 0 5 0 4 1 4 10 9 2 0 14 0 6 11 2 0 6 13 4 1 0 1 3 8 5 1 1 12 3 1 2 2 0 15 2 0 1 0 0 0 1 7 0 0 1 0 9 0 0 4 0 1 0 0 4 0 1 6 6 2 4 4 9 0 0 3 4 4 0 0 0 0 6 1 13 0 2 2 1 5 1 7 1 7 5 0
5 0 0 0 3 0 2 3 8 2 2 3 11 2 0 1 0 9 0 0 0 0 0 8 10 2 6 4 3 7 6 5 5 0 0 1 1 3 1 1 8 0 7 2 1 0 0 6 1 1 0 7 0 0 0 8 0 1 0 0 5 1 0 4 0 4 0 4 1 1 0 5 2 3 7 0 21 0 12 0 0 0 7 0 0 2 0 0 1 1 0 6 0 16 1 5 2 0 2 0
0 5 0 2 0 1 11 1 0 0 0 0 0 1 0 0 12 0 0 0 0 0 12 0 0 3 1 1 1 0 0 0 0 12 1 1 0 0 3 5 0 0 1 0 5 0 0 0 4 3 0 0 12 16 0 1 1 0 2 2 0 0 7 1 6 0 1 0 0 1 5 2 0 0 0 0 0 2 1 2 0 0 0 0 7 2 3 2 0 0 0 0 4 0 2 1 0 0 0 0
1 9 7 10 4 20 1 1 28 0 0 12 0 0 1 4 1 5 4 3 16 3 7 9 9 0 7 2 4 10 2 0 1 6 10 4 0 7 2 1 46 7 6 2 6 1 2 9 3 1 7 42 1 6 1 3 1 0 7 4 1 6 14 6 1 19 4 10 1 2 4 4 7 8 28 4 17 1 22 1 11 10 19 0 4 6 9 2 1 23 0 2 8 10 13 9 0 12 7 4
0 0 11 18 3 6 17 0 0 0 3 9 0 1 12 5 16 0 6 1 9 3 2 2 1 0 3 2 2 5 0 2 0 2 17 3 12 2 2 1 17 1 3 21 12 1 4 0 2 10 1 0 6 13 4 6 3 13 8 11 6 0 6 5 3 1 11 2 6 18 4 0 1 2 0 0 2 6 0 8 15 0 1 13 4 2 8 7 2 12 7 2 0 2 12 16 19 2 2 7
1 1 2 5 0 0 0 0 0 1 0 2 0 0 0 0 1 0 0 0 0 0 0 0 0 1 0 0 1 1 7 0 1 1 0 0 0 0 0 0 1 0 0 0 0 0 0 0 0 0 1 1 0 2 1 0 0 0 0 0 0 1 1 0 0 0 0 1 0 1 0 0 0 0 0 0 0 3 0 0 0 0 3 0 0 0 0 0 0 0 0 0 0 1 0 0 2 1 0 0
1 2 1 3 0 1 1 4 5 3 1 4 16 0 8 2 4 11 7 1 1 6 10 3 2 5 0 8 7 0 12 14 0 0 1 0 1 9 10 1 3 1 0 7 5 5 6 23 8 2 3 1 5 3 11 1 1 1 1 0 0 2 2 15 1 0 2 0 5 0 0 3 2 17 6 1 3 10 0 0 0 7 0 0 6 6 1 4 6 0 0 11 1 7 0 1 3 3 5 6
1 0 5 0 0 2 1 0 0 0 1 0 2 7 12 9 1 21 3 12 2 1 19 13 0 3 0 9 0 2 0 8 0 1 1 11 2 4 6 1 2 0 8 7 0 1 3 3 1 2 4 0 8 7 1 0 0 1 6 2 2 0 11 0 2 5 1 1 4 2 8 1 1 6 2 15 11 2 0 44 2 0 4 6 0 10 10 3 0 0 1 0 0 14 6 12 7 15 13 15
8 2 1 2 8 3 5 0 0 5 0 4 1 2 1 9 2 4 0 7 15 2 36 0 6 0 12 2 0 2 2 12 7 2 10 6 1 0 3 9 0 0 0 0 3 2 6 7 4 2 19 1 18 12 3 1 4 3 10 2 11 14 6 2 10 3 9 7 6 9 3 3 1 1 1 5 1 1 15 1 0 0 0 4 1 1 9 6 5 3 2 5 5 4 1 6 6 5 4 4
0 6 0 0 0 0 0 0 1 0 0 0 0 0 0 1 0 0 0 0 0 0 0 1 1 0 1 0 0 0 0 1 0 0 3 0 0 1 0 0 0 1 0 0 0 0 0 0 0 1 0 1 0 0 0 1 0 2 0 0 4 0 0 0 0 0 1 0 0 0 8 0 0 0 0 0 0 2 0 0 1 1 2 0 0 1 1 0 0 0 1 0 0 0 0 1 2 1 0 1
1 0 7 2 1 2 9 4 8 1 4 0 1 4 2 2 3 2 3 9 10 6 0 3 2 5 1 2 2 0 1 7 12 6 5 5 2 10 2 15 0 4 9 0 1 5 1 3 2 4 0 6 7 0 10 7 6 8 6 2 4 0 0 1 2 2 6 0 2 9 7 8 7 1 0 0 5 3 1 8 2 5 2 2 10 1 0 0 0 1 19 1 0 0 2 1 6 0 2 11
0 0 0 0 0 2 0 1 0 0 0 3 0 0 0 9 0 0 0 0 0 0 0 0 0 0 2 0 0 0 0 0 1 0 0 0 0 0 0 0 9 3 0 0 0 0 0 4 2 0 0 0 0 1 3 0 0 0 0 0 0 0 1 0 2 0 0 2 1 0 0 1 0 1 0 1 1 0 0 0 0 0 0 0 0 0 0 0 1 1 0 0 1 0 1 0 0 0 0 0
18 3 0 18 2 2 14 9 27 10 2 3 24 14 6 19 7 2 0 4 18 2 18 11 5 4 8 9 1 0 6 1 9 5 1 7 5 3 1 4 5 35 3 2 12 1 0 9 8 6 2 4 0 20 2 2 16 1 1 2 2 1 24 10 1 11 17 4 0 0 12 4 5 1 1 6 2 1 3 2 0 1 6 1 2 12 8 3 17 11 5 0 4 1 26 7 3 5 3 14
0 8 1 5 11 1 3 5 6 15 2 0 0 1 0 0 5 0 0 5 4 1 4 1 1 1 6 0 0 9 8 0 0 1 1 3 6 0 7 3 3 1 4 4 3 15 6 1 3 2 2 2 2 1 2 7 3 9 2 4 1 3 3 1 15 0 0 6 3 5 2 0 3 1 0 4 10 1 5 11 1 14 8 1 4 2 1 18 11 1 3 0 0 4 0 1 1 2 0 1
5 10 12 4 2 2 2 4 3 7 13 1 2 3 9 0 16 1 5 1 2 2 1 2 3 9 1 1 1 3 2 0 7 4 3 1 1 0 0 1 1 0 5 0 2 9 3 0 0 4 7 6 1 6 4 1 8 3 1 0 6 2 1 1 4 19 0 0 1 3 3 7 6 5 0 3 8 14 10 16 2 18 1 7 8 10 0 5 7 7 0 1 1 12 2 19 0 0 6 1
2 0 0 0 0 1 0 0 0 1 0 1 0 0 1 1 0 0 0 0 1 0 0 0 0 0 0 0 1 1 1 1 0 0 0 0 2 1 0 1 0 0 0 2 0 0 0 0 0 0 0 0 1 1 0 1 0 0 0 0 0 0 0 3 2 0 0 1 0 0 1 2 0 1 0 0 0 2 0 8 4 1 0 0 0 1 0 0 0 0 0 0 0 1 0 2 0 4 0 0
0 1 0 0 1 1 0 2 0 0 2 0 0 1 0 0 0 1 0 1 1 0 0 0 0 0 0 0 0 0 5 0 0 0 0 1 2 1 0 0 0 0 1 1 0 0 0 1 0 0 0 0 1 0 0 0 1 0 0 0 4 0 2 0 0 0 0 1 1 0 0 1 0 1 0 1 0 0 0 0 2 0 1 0 0 0 0 0 2 0 0 2 0 0 0 0 0 0 0 0
15 6 9 5 12 0 4 0 25 4 11 4 12 4 7 3 0 5 1 0 0 7 8 0 2 7 3 1 0 43 13 0 10 3 24 5 16 17 3 20 7 4 0 3 2 3 3 18 7 0 4 17 58 3 5 11 12 4 1 2 15 4 2 2 5 6 5 27 4 27 4 3 3 27 4 22 1 19 6 20 16 2 4 1 2 27 1 8 10 11 10 17 2 4 1 5 5 1 18 0
6 1 2 2 7 1 24 6 9 4 0 1 6 4 3 0 6 11 17 6 2 0 0 1 2 7 7 0 10 7 4 0 3 6 5 1 0 0 4 19 8 4 2 13 8 0 10 0 10 14 9 5 22 6 0 3 6 1 6 7 2 27 2 2 8 0 4 1 0 11 13 2 7 8 0 17 1 11 5 10 0 1 2 6 7 0 16 4 1 9 1 0 5 4 17 1 26 8 0 1
1 0 0 0 3 0 1 2 2 6 21 0 4 1 3 1 0 3 1 0 0 1 0 1 0 0 0 0 4 8 3 6 14 0 0 7 1 6 1 0 0 0 0 1 0 1 0 0 0 4 1 1 0 0 6 0 0 3 7 2 9 2 0 0 1 10 0 4 4 1 1 3 5 0 8 1 4 0 4 0 5 0 3 0 2 16 0 1 38 1 1 13 1 1 0 5 4 6 4 4
26 26 4 10 1 4 0 0 12 7 2 0 2 2 1 17 1 8 7 2 2 1 2 15 11 9 30 0 14 11 11 20 27 12 6 1 16 5 4 6 10 4 0 0 6 0 1 4 4 5 11 9 5 26 3 16 14 5 0 3 5 2 15 5 3 5 1 4 6 4 2 3 1 5 5 2 13 1 10 11 28 0 1 19 6 0 16 24 0 21 2 2 8 13 9 0 1 0 7 1
9 0 3 0 3 1 5 1 2 7 1 7 1 6 6 1 2 0 0 0 4 11 2 4 1 10 2 2 4 4 2 2 1 1 0 15 1 1 0 1 1 5 2 1 3 6 1 3 10 8 2 0 3 1 7 6 0 4 5 0 6 0 5 5 1 2 0 4 0 6 0 0 0 5 0 0 5 0 2 2 2 5 6 5 10 2 10 3 5 5 10 1 0 3 9 1 7 0 7 0
0 0 1 0 0 0 0 0 0 0 2 0 1 0 0 0 2 0 0 0 1 1 0 1 0 0 0 2 1 1 1 0 0 0 1 0 0 0 1 0 0 0 1 0 0 0 0 0 0 0 0 0 0 0 0 1 1 1 1 1 0 2 1 0 0 0 1 0 3 0 0 0 1 0 0 1 1 0 0 0 0 0 2 2 0 0 0 0 2 0 0 0 0 0 2 0 0 0 0 0
0 0 0 1 0 0 0 0 0 0 0 0 0 0 0 0 0 0 8 1 0 0 0 0 1 0 0 0 0 1 0 1 0 0 0 1 0 8 0 1 1 0 0 0 0 0 0 1 0 0 0 0 0 1 0 0 0 0 1 2 1 0 0 3 0 0 0 0 3 0 0 6 1 8 2 1 0 1 0 0 0 0 0 0 0 1 1 0 0 1 0 4 0 0 0 3 0 0 2 2
