13 8 5 3 5 5 12 0 3 5 10 4 8 4 7 2 1 4 1 3 0 8 1 0 11 1 6 6 1 3 7 4 2 8 4 2 4 0 5 1 2 4 0 1 5 0 4 1 1 11 1 0 3 0 0 0 5 0 1 0 6 5 2 5 8 4 3 6 3 2 2 1 0 4 13 2 0 1 0 0 4 1 1 4 1 1 0 0 9 2 0 6 6 0 10 0 0 3 1 2
0 2 0 10 5 0 5 1 4 2 3 0 1 1 3 4 1 1 5 0 1 1 0 38 3 2 2 0 3 11 1 3 3 12 1 1 1 0 11 5 3 3 0 2 9 2 0 1 7 5 2 0 7 2 7 3 1 0 3 10 2 4 1 0 2 2 2 5 1 3 5 6 11 5 7 3 1 6 7 2 2 0 5 6 2 3 2 0 2 2 2 14 4 0 7 0 6 1 11 3
1 12 1 4 19 4 13 0 3 10 0 5 0 0 0 1 1 0 0 1 4 2 0 1 2 5 9 2 0 15 0 8 11 3 2 2 3 1 10 3 3 5 4 7 1 0 3 2 0 0 6 0 4 3 3 0 0 1 0 5 5 0 3 8 3 0 4 0 1 0 8 15 5 1 0 0 1 4 3 2 9 2 0 2 1 2 0 1 8 1 0 6 2 0 2 6 0 2 4 3
1 2 0 0 0 2 11 1 0 6 0 0 4 1 2 0 0 0 0 0 1 1 0 3 3 0 0 2 1 1 1 0 1 16 1 3 0 0 4 1 1 1 0 0 0 0 6 0 0 3 7 0 1 2 0 0 1 4 1 0 0 1 2 0 0 0 1 0 0 0 1 0 0 0 4 5 3 0 0 0 1 0 0 15 4 0 2 1 0 0 0 0 10 0 0 0 1 1 2 0
0 0 1 1 0 0 3 0 0 1 0 0 0 0 1 0 0 1 1 0 0 1 0 0 1 0 0 0 0 0 0 1 5 0 0 3 0 0 0 15 2 1 2 0 1 0 1 1 0 0 0 0 0 0 0 0 0 0 1 0 2 0 0 1 0 0 1 0 0 1 0 0 0 1 0 0 0 0 4 1 0 0 0 4 0 1 0 0 1 0 0 0 0 0 0 0 0 0 0 0
0 8 2 0 1 5 1 22 8 18 9 14 0 4 0 2 6 5 2 20 0 9 22 2 2 0 32 1 21 3 4 3 3 12 20 0 6 7 1 3 23 9 3 18 2 17 5 4 1 29 0 6 5 17 12 0 6 12 7 11 21 11 12 8 0 4 33 0 6 1 20 3 6 8 2 21 8 2 3 15 0 10 9 0 37 23 6 2 0 2 0 1 4 1 9 8 6 14 0 8
12 34 10 7 18 0 1 0 2 9 6 16 3 9 2 7 12 5 26 10 0 6 0 1 2 1 22 4 14 0 7 3 9 20 0 3 31 4 7 7 9 5 1 6 0 4 8 3 19 1 3 31 24 6 0 9 0 15 0 13 5 2 5 2 2 1 21 2 10 1 1 3 5 10 3 17 0 2 1 2 0 9 6 9 1 12 1 2 8 33 2 12 17 15 7 1 2 7 28 21
0 0 0 0 0 0 0 1 2 0 2 0 0 0 0 6 0 0 0 1 2 1 1 0 1 0 0 8 1 0 0 1 0 0 0 1 1 1 1 0 0 0 2 1 1 0 1 1 0 0 0 0 0 0 0 1 0 0 1 2 0 0 0 0 12 10 0 1 1 0 0 0 0 2 1 0 0 0 0 0 1 1 6 0 0 0 0 3 2 0 1 0 0 0 0 0 0 1 0 0
1 0 1 1 3 0 2 3 11 0 1 1 9 5 6 1 0 9 1 1 1 5 1 3 4 3 3 10 5 7 5 7 13 0 10 3 15 7 2 0 10 14 3 1 3 9 4 19 3 2 2 0 1 16 3 4 3 2 9 8 8 4 10 0 5 4 7 8 3 1 1 2 0 1 2 0 0 2 2 3 3 2 3 3 0 3 3 13 7 0 5 1 0 0 10 10 2 3 1 12
0 1 12 4 4 14 3 3 18 4 7 1 3 4 19 1 10 1 1 15 8 6 5 0 3 12 25 11 3 3 1 5 2 1 5 2 13 0 8 7 0 6 12 11 6 8 41 0 21 0 4 12 3 1 7 11 16 9 1 14 9 1 8 9 0 0 23 1 6 5 2 4 13 0 2 3 10 33 9 3 2 14 2 8 2 16 23 2 6 18 11 0 9 25 8 7 4 12 18 5
1 0 1 1 0 0 0 1 0 0 1 0 0 1 0 7 0 0 0 0 0 0 1 1 1 1 0 0 1 0 0 0 0 0 0 0 0 3 0 3 0 0 0 1 0 1 0 1 0 0 0 0 0 0 2 10 0 0 0 1 0 0 3 0 8 6 1 0 0 1 2 0 0 0 0 0 0 0 1 0 1 1 7 0 0 0 0 0 1 0 1 0 2 0 0 0 0 1 1 0
4 0 0 0 1 0 0 2 0 1 0 0 2 0 1 0 2 2 0 0 0 0 1 0 0 0 0 0 0 2 0 3 0 0 0 0 1 0 0 0 0 0 0 0 0 0 0 0 0 1 0 0 0 0 0 0 0 0 2 0 1 0 3 2 0 0 1 0 1 0 1 0 0 0 0 1 0 0 0 0 0 2 0 1 3 2 0 0 0 0 0 0 0 0 0 0 0 0 0 5
11 7 2 1 0 1 4 2 12 2 3 1 2 0 1 0 1 0 0 6 2 2 0 10 4 0 0 2 8 1 10 3 7 5 2 4 0 0 1 3 1 4 1 0 13 0 1 1 13 0 5 0 1 3 0 2 4 3 6 2 3 0 5 2 0 0 1 4 9 3 10 0 0 0 0 0 2 1 1 0 1 4 0 1 4 1 3 3 1 1 0 2 5 0 1 1 7 6 1 4
13 20 2 4 0 30 8 6 4 1 4 24 5 2 6 0 11 12 4 9 1 3 0 5 0 1 26 7 0 2 7 7 3 19 2 1 14 36 3 1 3 0 9 0 1 12 5 5 4 8 0 4 7 17 24 8 7 4 6 10 7 9 0 5 7 0 1 10 2 4 0 1 8 1 39 18 5 5 11 5 6 10 1 1 31 3 8 24 3 8 2 0 20 1 1 8 0 16 9 5
4 6 1 1 5 19 5 1 2 10 0 9 3 0 2 14 7 0 4 3 0 17 7 2 4 4 12 34 0 0 4 0 1 0 1 9 7 0 2 3 6 1 10 2 0 3 0 3 4 5 5 1 4 0 1 1 7 1 5 0 10 10 0 0 2 32 0 0 1 2 10 0 0 0 1 2 7 3 1 21 1 7 5 0 5 0 0 1 7 7 15 6 9 3 2 8 4 3 10 2
10 2 4 3 6 3 2 8 0 2 5 0 1 1 7 3 1 2 1 0 1 6 3 0 5 0 2 5 3 1 0 0 1 0 8 0 5 22 4 3 6 1 16 3 0 0 1 11 1 0 5 4 1 1 10 8 0 0 1 4 2 5 11 3 1 0 1 2 4 0 14 2 9 3 6 6 9 6 8 12 21 2 1 13 10 2 1 2 9 0 0 2 6 0 4 7 1 4 4 4
5 33 1 12 7 1 6 1 4 0 1 2 4 7 4 6 19 14 9 6 7 2 4 8 14 0 2 5 7 5 2 9 6 5 8 0 0 0 0 20 4 8 1 23 12 5 2 16 1 12 2 0 6 11 29 0 0 0 47 3 40 13 12 3 2 9 6 11 2 9 1 1 6 13 6 11 16 4 15 3 17 8 1 1 26 0 10 11 3 0 12 1 0 2 3 6 25 1 18 27
11 9 13 16 27 4 7 3 0 4 12 7 6 1 3 6 9 46 2 5 1 4 0 6 4 34 13 5 2 8 5 11 9 14 3 7 14 13 2 4 7 11 5 14 5 6 0 8 3 1 1 4 3 6 3 8 17 2 0 30 3 17 1 0 2 5 29 0 6 19 6 18 2 1 1 9 55 1 8 1 3 21 7 19 8 0 25 4 12 20 0 5 0 12 2 2 3 3 12 18
0 0 0 0 1 3 0 1 0 0 0 3 0 0 0 1 0 0 0 0 0 0 0 2 0 1 0 0 0 1 3 1 1 2 0 0 0 0 0 1 0 0 1 0 0 0 0 0 1 0 0 0 1 1 0 0 0 0 1 0 1 0 0 0 0 0 0 0 1 0 0 0 2 0 0 5 1 1 0 0 0 0 0 1 0 1 0 2 1 0 0 0 0 0 0 0 0 0 0 1
0 7 5 0 10 5 0 4 1 5 0 7 5 4 4 5 10 26 2 11 0 0 3 11 6 4 5 2 9 6 0 0 2 4 3 10 7 0 0 2 0 1 3 3 4 0 5 2 5 13 2 5 3 4 0 0 5 6 1 17 11 7 7 4 9 7 0 2 12 17 3 8 0 1 27 2 2 1 4 4 4 2 21 3 0 3 11 1 7 0 7 2 1 6 1 5 1 0 2 13
0 0 0 0 0 0 1 0 0 1 4 0 1 1 1 0 0 0 1 0 1 0 1 0 0 0 0 0 0 1 0 0 0 0 0 0 0 0 1 0 0 0 0 0 0 1 0 1 0 0 0 0 0 1 0 2 0 0 0 0 0 0 0 0 0 1 0 0 0 0 0 0 0 0 1 0 1 0 0 1 0 2 0 1 4 0 0 0 0 0 0 0 0 0 0 8 0 0 1 0
0 0 0 0 0 0 0 1 3 0 0 0 0 0 0 8 0 1 0 2 0 0 0 0 0 2 2 0 2 0 0 0 2 0 1 1 0 2 0 1 2 1 0 2 0 0 0 0 0 0 0 0 0 0 1 2 0 0 0 0 3 1 1 0 1 1 0 0 0 0 0 0 0 0 0 0 0 4 0 0 0 0 0 0 0 0 3 0 0 0 4 0 1 0 0 5 0 1 0 5
0 0 1 0 1 1 0 1 2 0 0 1 0 1 1 0 0 0 0 0 1 0 0 0 0 0 0 0 0 0 0 3 0 0 0 0 0 0 0 8 0 0 0 0 0 0 1 0 1 3 1 1 0 1 1 0 1 0 0 0 0 0 0 1 1 1 0 0 1 0 3 0 1 0 0 0 0 0 0 1 0 1 2 0 0 0 1 1 0 0 2 1 0 0 0 0 0 1 0 0
0 0 0 0 0 1 0 1 0 0 0 0 0 0 0 0 1 0 0 0 0 1 0 0 0 0 2 1 0 2 0 0 0 2 0 0 1 0 0 1 1 1 0 1 1 0 14 0 0 1 0 0 1 0 0 0 1 0 0 0 1 0 0 0 0 0 0 0 0 0 0 0 0 0 0 0 1 1 0 0 2 0 1 0 1 0 2 1 0 0 0 0 1 0 0 0 2 0 0 1
1 5 18 9 13 3 1 2 8 1 16 1 2 5 2 1 3 10 7 31 3 8 10 8 9 1 1 6 6 2 17 25 1 2 3 6 6 1 4 3 10 8 3 10 5 11 8 0 20 12 10 0 12 20 2 2 6 10 14 17 6 3 5 0 0 1 0 17 0 7 13 0 2 1 2 7 11 3 0 11 0 7 18 5 4 1 0 9 1 3 3 20 21 9 13 0 8 1 1 4
0 11 3 3 5 0 2 1 5 3 10 13 9 0 1 4 2 0 0 10 0 0 19 1 1 1 1 5 5 3 8 25 16 21 1 9 8 1 9 14 1 0 2 11 0 7 5 5 16 0 2 1 1 0 3 4 2 5 1 10 0 6 9 5 14 2 23 9 26 9 22 0 6 0 5 2 8 2 31 2 1 4 11 13 7 5 14 17 0 15 15 27 0 16 1 2 27 1 8 2
5 2 6 4 1 17 4 4 3 3 12 2 12 18 1 13 0 7 13 6 11 21 1 0 3 11 11 9 1 10 12 0 6 13 1 3 1 23 2 5 21 0 0 5 9 3 1 6 4 23 4 13 9 1 29 8 9 6 0 0 4 1 2 2 17 10 5 7 16 7 5 1 3 0 8 22 4 0 5 23 18 5 24 1 2 0 0 31 4 3 7 6 10 2 9 0 9 1 12 6
17 2 16 5 3 0 0 10 3 3 1 1 2 2 6 0 0 2 2 17 16 1 7 3 3 9 5 9 15 1 1 0 9 19 4 19 1 7 5 3 0 12 1 3 5 0 8 10 3 1 1 1 13 11 4 4 2 6 2 1 6 3 12 10 1 5 1 1 0 17 26 5 2 15 3 0 0 0 6 4 2 2 5 3 1 0 2 5 0 2 3 2 9 6 1 0 2 8 2 0
4 1 0 4 11 9 3 0 1 0 0 1 9 1 3 0 17 0 5 0 2 2 8 0 9 1 7 3 1 17 0 1 16 2 4 4 0 4 6 2 8 1 1 2 1 1 5 6 1 3 0 3 0 0 7 3 0 5 3 2 13 5 5 1 3 3 2 4 10 3 2 4 8 17 18 2 3 0 6 0 6 7 0 2 8 0 6 3 0 7 5 6 5 1 0 3 0 5 3 27
0 12 1 0 5 3 8 5 0 1 5 0 0 2 2 1 0 2 2 1 8 17 3 1 5 0 2 18 8 26 2 2 1 6 18 2 1 4 4 0 2 0 0 0 2 2 24 3 0 8 7 1 1 1 0 1 6 3 6 11 1 4 1 1 2 1 0 2 1 5 4 0 9 1 0 4 10 0 2 2 0 19 2 1 7 6 9 0 6 5 2 11 0 7 1 1 9 9 10 3
0 0 7 0 0 1 0 6 6 1 1 7 1 7 0 2 0 1 2 9 0 1 3 1 7 2 1 4 3 0 6 3 1 0 1 3 0 0 12 0 1 1 2 1 14 4 2 9 8 3 5 5 0 4 12 1 4 0 0 7 0 3 7 4 1 5 3 0 1 0 0 2 2 13 12 4 11 2 3 3 3 5 17 9 1 0 10 12 5 9 0 3 13 3 3 5 1 5 2 0
2 19 7 15 12 5 14 23 3 8 4 3 2 2 4 10 4 17 7 4 7 5 20 0 5 14 4 17 4 0 44 7 8 2 0 5 0 6 14 6 0 8 2 24 8 27 1 11 10 4 13 1 4 32 11 6 14 7 1 18 41 5 12 2 1 1 6 1 5 20 7 1 5 21 6 21 3 10 2 0 1 29 6 2 1 9 4 2 8 9 5 5 9 4 26 32 6 0 7 4
2 0 8 10 18 4 1 16 2 2 11 0 5 1 7 4 1 0 4 10 8 5 12 3 2 0 8 27 9 1 18 3 7 3 3 1 4 5 1 1 0 0 9 4 0 25 1 3 9 1 0 10 2 1 0 16 3 1 15 4 1 0 5 3 4 6 5 5 1 4 7 21 20 7 4 5 4 1 22 0 5 10 10 2 1 2 15 10 1 15 7 11 4 1 1 12 1 13 4 11
1 0 1 0 0 0 0 0 1 0 3 2 2 1 4 0 0 0 1 0 0 0 0 1 0 0 0 0 0 0 0 0 2 0 0 0 1 2 0 1 0 0 0 0 0 0 0 8 0 0 0 6 1 3 0 0 0 2 7 2 1 0 0 0 0 0 1 2 0 0 0 0 0 1 0 0 0 0 0 0 0 0 0 2 0 0 0 0 1 0 0 0 2 0 0 6 0 1 0 3
1 0 0 0 0 0 0 0 0 0 4 0 0 2 0 0 0 0 0 0 0 0 0 0 0 0 0 1 1 1 1 1 0 0 0 0 0 0 0 0 1 0 2 0 0 1 0 0 0 0 0 0 0 0 0 0 0 0 1 0 5 3 3 0 0 0 0 0 0 0 0 0 0 0 0 2 0 0 0 0 0 0 0 0 0 0 0 0 0 0 2 0 3 0 0 0 0 0 0 2
0 1 3 0 0 6 0 0 0 1 1 0 3 1 0 0 0 0 0 0 0 14 2 1 0 0 1 0 0 3 0 0 0 1 0 0 0 1 2 18 1 0 0 0 2 0 3 1 0 2 12 0 2 0 1 0 0 2 0 0 0 0 0 4 0 1 9 0 0 1 0 1 1 2 0 1 13 0 0 1 7 0 0 1 0 0 0 1 0 1 0 3 10 1 0 0 1 1 2 1
1 0 0 0 0 0 2 1 0 0 1 0 0 1 2 2 0 0 0 2 1 0 0 2 0 0 0 0 0 1 0 0 0 0 1 1 0 0 0 0 0 0 0 0 0 0 0 6 1 0 0 0 0 0 1 1 2 1 12 0 0 1 0 0 1 0 2 3 0 0 0 1 0 0 0 0 0 0 0 0 0 2 0 3 0 0 0 0 1 0 0 1 0 1 0 0 0 2 1 0
3 4 0 2 7 1 9 5 0 2 1 0 8 2 5 21 16 2 1 19 4 3 8 0 13 3 5 3 7 7 1 2 1 5 0 1 1 15 2 1 16 37 8 12 25 14 17 31 1 2 22 2 14 14 38 4 5 0 10 20 0 0 4 26 7 1 6 3 6 8 2 23 0 10 1 3 4 10 7 5 2 0 12 2 5 11 26 5 5 2 0 19 0 0 2 36 0 1 7 3
1 0 2 0 0 3 1 0 0 0 0 0 0 0 2 9 0 1 1 0 0 0 2 0 0 0 0 5 0 0 0 2 1 0 0 0 0 6 0 2 0 0 0 0 0 0 0 0 0 2 0 2 1 1 0 0 0 0 1 11 0 5 0 2 2 2 1 0 0 0 1 0 0 1 0 1 0 0 0 0 0 2 3 2 2 1 0 0 0 0 4 0 1 0 0 0 0 0 1 1
1 2 3 7 4 4 10 1 3 2 2 7 43 6 0 4 0 3 6 1 4 0 6 11 8 4 1 2 10 1 3 2 0 0 3 15 11 3 9 4 11 2 0 3 2 5 8 1 1 0 5 2 1 6 1 4 0 0 1 0 9 1 2 3 2 1 1 3 2 1 13 1 1 9 1 6 7 4 2 1 7 4 6 1 14 0 2 2 1 12 3 1 1 2 0 6 1 6 5 2
1 11 1 6 1 0 4 15 4 18 0 0 18 2 2 3 0 0 6 3 16 2 4 1 6 0 4 4 11 5 2 9 37 0 4 2 2 1 4 3 1 0 5 9 5 2 25 2 5 0 2 0 0 5 0 10 1 5 1 1 1 4 0 3 1 0 2 1 0 7 5 0 4 0 0 4 4 6 3 16 0 0 1 10 11 0 13 3 2 1 0 1 4 4 1 7 4 4 9 7
3 0 1 2 3 1 0 12 6 2 4 5 1 12 0 0 1 0 6 0 9 0 0 11 9 9 6 1 1 1 5 3 7 0 2 1 1 0 6 2 23 1 5 5 0 2 1 3 12 4 2 7 0 6 5 0 3 3 0 2 2 2 8 2 1 0 6 9 1 17 3 0 1 3 14 4 0 0 0 4 0 10 0 0 1 2 2 5 2 8 0 4 3 1 1 8 2 1 16 2
2 0 0 0 0 1 0 0 1 0 0 1 0 0 0 0 4 0 0 0 0 0 0 0 0 0 0 0 0 1 2 0 1 1 0 0 0 0 0 2 0 1 1 2 0 2 1 0 0 0 0 0 1 0 3 0 1 2 3 0 1 1 0 0 1 0 1 0 0 0 2 0 0 0 0 1 2 0 0 0 0 1 0 0 0 0 0 3 0 0 0 2 0 0 3 0 0 1 0 1
10 2 23 5 11 46 14 3 1 3 7 3 3 15 0 7 0 3 5 6 0 3 0 5 14 0 14 4 19 7 14 1 0 24 14 10 7 9 7 0 6 0 0 4 3 6 12 10 12 15 5 1 0 15 17 1 0 2 26 4 3 0 8 0 0 17 23 4 10 0 3 3 11 16 3 1 14 4 1 8 13 2 2 1 3 3 0 3 8 19 1 7 23 43 0 1 10 10 5 1
8 3 5 7 3 0 1 1 0 2 4 1 5 3 4 2 0 9 1 7 13 1 0 11 2 1 14 37 3 7 4 1 5 8 0 5 5 14 3 2 2 2 0 1 2 2 2 0 2 12 1 8 3 1 1 3 0 5 1 0 11 4 5 8 3 6 10 6 0 0 34 0 1 4 3 2 16 1 5 8 2 3 0 0 2 4 1 3 0 2 7 1 9 2 16 12 3 0 9 2
15 27 15 3 5 19 5 1 1 8 2 6 5 7 0 2 6 10 4 0 0 2 1 1 11 16 1 27 1 14 31 0 11 2 29 22 3 2 1 8 0 3 2 10 4 3 13 5 10 14 1 8 16 6 7 4 4 5 12 9 1 19 9 0 5 7 3 15 6 15 11 4 4 14 5 2 0 0 8 5 14 2 10 1 5 3 5 9 20 12 0 24 27 1 2 5 46 0 12 18
4 2 3 10 0 6 3 1 11 1 8 15 2 1 3 6 0 0 7 2 1 0 7 3 7 3 8 4 12 0 0 3 0 3 1 24 0 22 1 7 1 4 0 5 9 12 7 7 7 3 1 0 0 0 5 4 5 11 15 0 1 0 2 9 7 8 0 1 0 0 11 1 5 4 15 3 7 3 1 18 5 2 11 3 1 3 0 5 0 5 14 2 6 3 5 6 1 1 0 1
6 7 8 6 20 10 6 9 5 5 3 0 6 7 6 1 9 6 3 3 13 8 8 7 2 1 16 13 4 2 36 0 0 5 0 6 11 4 7 13 5 13 14 2 8 6 0 16 7 6 10 6 2 2 3 2 0 1 6 3 19 12 0 5 5 5 20 1 8 10 0 6 2 1 2 10 0 1 1 8 11 0 10 19 8 3 0 3 5 4 3 0 13 0 2 6 13 4 2 5
11 1 1 9 0 3 6 20 7 3 14 7 12 1 5 7 7 5 15 26 31 4 0 0 5 5 3 6 12 1 4 2 19 0 3 11 4 5 4 2 4 48 10 0 2 7 3 5 7 0 5 3 3 6 6 0 5 3 0 1 10 59 4 0 11 6 2 9 4 5 4 13 7 15 0 4 5 2 3 20 1 3 10 4 1 33 4 2 4 9 1 2 0 10 0 10 6 2 2 1
11 0 13 2 20 14 12 6 2 0 6 1 3 4 9 10 7 0 0 17 6 23 1 1 6 1 1 4 1 2 9 23 2 11 0 28 1 14 2 11 3 4 4 0 0 6 0 1 21 6 0 8 4 3 4 9 35 1 3 2 10 16 22 5 12 4 3 1 1 5 8 13 1 2 1 3 3 0 2 4 0 0 44 2 10 18 11 5 13 5 13 4 2 0 17 2 28 3 14 2
17 60 24 9 1 2 14 4 21 0 3 14 3 8 2 22 1 10 24 0 10 4 28 3 7 1 10 17 0 8 1 6 1 0 6 8 4 0 4 5 10 9 21 4 13 4 9 12 7 25 10 2 0 3 6 21 1 2 8 2 6 5 0 16 16 26 1 2 1 7 6 8 2 2 0 2 9 2 9 2 5 35 8 6 9 6 0 10 5 14 31 9 9 4 15 7 4 2 13 13
5 0 15 2 1 1 1 1 15 8 6 22 1 0 10 16 7 3 7 4 16 7 3 33 1 1 6 0 4 0 0 33 3 12 10 19 1 16 4 4 10 4 3 4 3 17 5 27 14 0 8 3 9 14 10 1 4 3 1 0 2 4 38 2 23 15 33 10 4 9 18 3 2 14 3 0 5 5 3 0 14 8 8 1 7 5 8 2 9 3 1 10 9 22 8 15 13 3 1 2
3 6 0 1 8 12 4 4 6 45 7 3 15 3 2 3 3 4 5 5 4 1 19 0 8 12 11 7 0 6 7 10 2 0 0 9 2 0 3 5 5 5 0 5 0 5 9 12 27 4 0 31 1 1 2 0 9 17 2 3 16 4 1 1 0 4 1 10 1 8 3 20 12 9 10 4 2 3 9 11 3 10 3 5 33 2 5 8 10 1 1 0 17 0 16 7 0 4 1 41
6 5 8 1 5 8 62 3 8 7 19 11 23 10 10 16 27 1 4 9 0 14 4 5 7 0 16 19 5 5 10 17 13 4 9 0 0 0 11 15 0 1 6 3 4 3 11 1 5 0 0 66 6 4 3 1 0 0 0 7 13 0 3 3 14 8 5 0 2 13 11 8 4 2 4 10 2 17 11 15 7 11 27 11 18 1 17 5 5 5 5 18 4 3 8 2 13 0 0 2
0 0 0 0 0 1 0 1 0 0 0 0 1 0 1 0 1 0 1 3 0 0 0 0 0 1 0 1 0 0 0 0 0 0 0 0 0 0 0 0 1 1 0 0 0 1 2 10 1 0 0 0 0 0 1 2 0 0 3 1 0 0 0 0 0 4 2 3 0 0 0 0 0 2 0 0 1 0 0 0 1 1 0 0 1 0 0 0 1 1 0 0 0 0 1 0 0 1 0 1
1 1 4 1 2 3 11 2 0 5 3 11 3 16 1 3 0 3 13 15 16 1 4 10 1 2 3 7 41 4 17 5 0 4 0 13 7 8 2 6 7 8 6 4 14 47 3 5 21 32 0 5 11 1 9 13 12 1 6 0 14 36 26 3 25 10 0 12 2 2 15 5 15 16 0 5 2 3 34 4 3 1 1 16 3 3 2 10 8 4 1 6 2 8 0 20 0 3 4 13
0 4 4 5 0 1 23 1 0 20 8 1 12 16 4 17 16 7 5 9 10 9 9 1 2 2 1 10 5 1 9 8 2 6 1 5 37 3 9 17 14 2 4 4 0 0 0 0 8 1 8 6 26 5 9 3 5 14 8 0 3 14 2 14 1 14 5 3 3 18 1 12 5 7 0 1 4 5 4 16 12 5 2 4 12 11 20 0 15 8 0 1 12 4 2 6 1 9 6 2
0 0 0 0 0 0 0 0 0 0 0 0 2 0 0 0 1 0 1 0 0 0 0 0 1 1 0 0 1 0 1 0 1 0 0 0 0 0 0 0 0 0 0 1 0 0 1 0 0 0 0 0 0 1 0 0 0 0 0 0 2 0 0 0 0 0 0 2 1 0 2 1 0 0 0 0 0 1 0 0 0 1 0 1 1 1 1 0 0 0 1 0 1 0 0 1 0 0 0 0
0 3 1 3 3 13 1 0 7 6 0 1 4 6 0 9 0 3 2 1 3 2 0 3 13 2 3 0 13 4 2 5 1 0 3 7 6 0 1 0 2 0 0 7 8 0 4 3 6 3 6 0 0 1 4 0 5 15 9 5 3 2 0 0 0 2 1 1 3 3 3 2 2 1 2 4 3 2 2 0 8 3 2 4 1 16 4 21 3 7 0 0 3 6 0 0 3 8 4 1
0 0 0 0 0 1 0 2 0 0 0 0 0 0 0 0 0 2 0 2 0 1 1 0 0 0 0 0 1 0 0 2 0 0 1 0 0 0 1 5 0 1 0 1 0 0 0 0 0 2 0 0 0 0 0 0 0 0 1 1 0 3 0 0 1 0 0 1 0 0 0 0 2 0 0 1 0 0 0 0 0 0 2 0 0 0 0 0 1 0 0 1 0 1 1 0 1 3 0 2
1 2 0 0 0 0 0 0 1 0 0 0 0 0 0 0 0 0 0 0 0 1 0 0 1 0 0 4 0 0 0 0 1 1 0 0 1 4 0 0 2 0 0 0 0 0 0 2 0 1 2 0 0 0 0 0 0 0 0 0 0 1 0 0 1 0 0 0 2 1 0 0 0 0 2 0 0 0 3 0 3 2 1 0 0 2 0 1 0 0 4 0 4 0 1 1 0 0 0 1
2 9 11 9 31 0 0 0 0 29 3 13 20 15 10 4 4 26 1 0 15 1 0 1 3 4 9 1 4 3 20 8 7 0 10 15 6 0 6 9 4 3 7 24 3 10 7 8 8 10 2 0 5 0 2 0 5 1 4 1 7 5 3 27 5 12 3 14 3 23 5 0 10 0 3 7 6 12 6 1 0 28 0 7 14 13 3 15 9 1 18 10 12 3 8 7 3 1 8 7
1 0 0 1 1 0 2 1 0 0 1 1 0 0 0 3 1 2 0 1 0 0 0 0 0 2 0 14 0 0 2 1 0 0 0 0 3 0 0 1 0 0 1 0 0 0 2 0 1 0 0 1 0 0 0 0 6 0 0 1 1 0 0 4 1 15 0 2 2 0 0 0 0 0 0 1 1 0 0 0 0 0 1 2 0 0 1 0 0 0 3 0 0 0 0 0 1 0 0 0
1 0 1 0 1 1 16 0 0 0 1 0 0 2 2 0 0 2 0 1 0 0 0 0 0 0 0 2 0 0 2 0 0 0 2 0 2 3 0 0 1 1 0 0 0 0 0 3 0 0 0 6 0 2 0 0 0 0 0 1 0 0 0 2 2 1 0 2 0 0 2 0 0 0 1 1 0 1 0 0 3 0 2 1 0 0 0 0 0 0 0 0 0 0 0 0 0 0 0 0
0 0 4 0 1 0 2 6 3 2 1 1 8 1 7 18 3 4 0 15 14 4 5 6 0 2 0 1 7 4 8 10 0 6 14 16 3 0 6 0 1 0 0 1 1 4 1 2 0 33 0 1 3 18 0 5 0 0 4 9 2 3 4 17 8 0 5 3 6 2 12 5 3 2 2 2 11 4 3 6 1 2 12 3 0 5 1 0 5 1 9 10 6 4 1 3 1 2 21 12
32 3 7 1 0 22 6 16 7 0 3 0 6 4 3 0 8 1 5 8 6 3 8 3 11 1 22 0 7 12 2 0 1 13 5 0 1 3 7 3 3 0 0 3 10 6 8 2 5 8 0 6 0 0 5 4 2 1 13 5 14 0 1 16 14 4 22 1 17 1 19 18 1 13 9 10 1 1 20 7 30 24 15 29 34 4 14 7 7 3 0 4 4 3 0 2 1 3 5 3
1 1 2 0 6 3 0 0 4 3 0 5 4 10 0 8 0 13 18 0 2 0 7 2 2 2 6 8 1 0 2 1 8 0 1 0 6 5 0 0 8 0 0 3 0 2 0 0 4 0 0 0 0 12 11 1 0 3 1 2 0 0 0 2 2 1 2 0 3 0 1 3 20 8 0 0 1 0 10 1 1 1 7 21 0 0 14 9 1 7 0 7 11 5 8 1 2 1 2 0
0 0 0 0 0 0 0 1 0 5 1 0 0 0 0 1 0 2 1 0 0 0 0 1 0 0 0 0 0 0 0 0 0 5 1 0 0 0 1 1 4 0 0 0 0 0 2 0 2 0 0 0 0 0 0 1 0 0 0 1 2 0 0 0 0 0 0 0 0 0 0 0 0 1 0 0 1 0 0 0 0 1 0 0 0 0 0 0 0 0 0 1 0 0 0 0 0 0 0 0
0 0 0 0 0 0 0 4 0 0 0 1 1 1 1 0 0 0 1 0 0 1 0 0 1 0 2 2 0 0 0 1 0 0 0 0 1 0 0 0 0 1 0 0 0 0 0 0 0 0 0 0 1 0 0 0 0 0 0 0 0 1 0 0 0 1 0 0 2 0 0 0 0 1 3 0 0 0 0 1 0 0 0 0 3 1 1 1 3 2 0 3 0 0 0 0 0 3 2 0
1 0 0 1 0 1 1 1 0 0 0 0 0 0 2 3 0 0 0 0 0 1 0 0 0 1 0 1 0 0 1 1 0 0 0 1 0 1 0 5 0 0 1 1 1 0 0 0 1 4 0 0 0 1 0 0 0 0 1 0 0 0 0 0 0 0 0 1 0 0 0 0 0 1 0 0 0 0 0 1 2 0 0 0 0 0 0 0 1 1 0 0 0 0 0 0 1 0 0 1
19 2 3 3 16 8 0 3 19 1 12 5 4 9 15 6 11 19 7 0 8 10 9 3 3 1 11 11 7 5 1 2 9 25 14 5 19 10 2 7 1 9 13 7 0 1 0 10 3 7 0 21 4 2 3 6 0 10 2 9 1 4 3 8 1 36 8 28 5 11 4 3 3 0 6 5 3 23 6 3 9 0 15 4 1 8 17 8 3 15 8 1 8 9 0 25 18 17 6 3
2 15 2 12 15 2 17 9 18 0 25 0 0 1 7 12 7 1 16 3 9 20 3 2 6 0 3 1 9 4 3 6 3 4 5 1 7 11 0 23 11 8 11 6 6 0 0 0 1 0 7 2 3 11 4 5 4 0 25 24 5 2 4 1 2 6 2 2 7 0 4 0 12 25 7 6 3 5 24 0 3 23 16 3 4 8 3 0 17 0 7 2 6 4 15 8 10 1 1 24
6 0 4 7 3 4 2 8 7 0 2 14 0 11 0 0 5 6 11 4 1 2 0 7 4 9 15 10 13 15 12 7 10 1 3 9 24 6 22 16 17 5 24 6 16 2 8 2 1 2 11 0 5 4 14 2 3 7 3 0 19 5 4 9 0 3 7 0 9 1 18 5 2 9 10 2 2 5 1 3 21 1 1 9 3 1 0 12 7 7 4 1 4 7 1 7 3 10 1 14
20 2 3 13 3 0 4 6 3 3 3 3 1 0 3 8 14 14 6 5 4 14 15 59 1 1 3 20 5 0 9 10 5 2 11 2 4 8 7 4 29 2 8 4 10 12 5 18 3 6 5 0 3 0 28 14 17 1 3 6 6 21 0 3 0 2 22 6 0 3 16 2 0 17 4 3 1 1 6 7 21 0 34 4 7 18 0 17 2 4 10 0 6 0 12 0 4 6 1 2
2 0 1 0 1 0 0 0 0 0 0 0 0 0 1 0 0 0 0 0 1 0 0 0 1 1 0 0 1 6 0 0 2 3 0 1 0 1 0 2 1 0 2 0 1 0 13 1 1 0 0 0 0 0 0 0 0 0 1 0 0 0 0 0 2 1 0 0 0 0 0 0 0 0 0 0 0 3 1 0 0 0 0 2 0 0 0 1 0 0 2 0 0 0 2 0 1 3 0 0
3 19 15 15 20 0 11 2 16 0 8 2 13 0 9 2 1 7 19 10 2 2 6 9 5 2 0 5 9 0 4 6 0 9 11 2 7 3 2 7 6 0 0 1 10 32 8 5 22 0 9 6 3 9 2 8 12 0 14 3 2 7 0 10 10 22 5 17 1 3 2 10 8 6 9 2 1 2 3 1 7 16 0 13 1 4 1 29 3 13 2 21 3 8 8 6 6 3 9 1
7 2 9 1 14 12 36 3 15 10 17 1 44 17 1 3 5 3 33 1 12 9 1 7 12 14 6 3 18 8 23 2 0 14 22 2 12 1 10 9 11 7 5 6 14 6 12 3 13 10 12 2 1 0 9 1 3 5 8 8 9 4 5 11 4 0 14 1 0 0 6 4 12 3 6 15 1 8 26 15 7 34 0 0 2 0 4 9 34 13 2 15 20 6 0 5 12 20 11 5
1 4 20 6 1 14 19 3 3 13 0 3 16 4 8 1 2 11 20 7 22 16 22 6 5 9 2 1 13 11 0 14 12 2 3 3 0 3 2 5 0 9 1 0 2 2 6 0 7 0 11 4 36 3 5 8 5 0 5 11 4 1 24 4 16 10 24 26 7 1 13 21 20 8 3 9 9 10 13 3 27 4 10 1 8 10 25 0 6 5 3 4 19 2 4 0 22 7 8 6
8 5 19 6 2 3 14 2 1 4 9 8 12 6 22 0 1 0 15 15 2 3 13 2 1 6 1 6 1 5 3 9 1 4 3 0 8 3 6 0 26 3 3 1 4 12 5 2 0 7 12 4 6 3 5 1 9 8 1 14 1 2 21 6 1 6 1 16 0 14 3 20 2 17 2 1 7 2 11 7 15 15 13 24 10 7 6 16 1 4 0 12 14 1 2 3 15 21 14 10
13 8 5 29 0 10 7 20 5 4 10 25 0 2 4 16 2 2 1 4 4 6 2 0 4 0 22 10 9 8 22 15 0 1 5 4 0 9 3 9 9 2 1 1 0 10 3 0 6 2 5 1 1 5 5 2 5 1 6 1 6 0 20 1 4 1 1 15 6 1 6 8 8 4 2 1 3 2 21 1 1 5 3 10 0 6 0 12 2 3 4 5 13 1 2 2 9 3 4 12
21 4 13 11 4 4 1 9 10 2 13 7 8 6 2 27 2 36 8 17 1 2 6 3 1 12 1 11 19 3 8 3 6 0 2 21 1 5 2 8 10 15 0 5 4 2 2 5 2 4 4 28 2 14 10 1 14 6 13 20 1 5 14 0 0 7 3 4 6 17 20 41 7 4 0 1 3 15 12 18 1 18 4 16 8 0 1 12 2 0 12 2 0 5 0 9 4 8 1 14
6 5 0 10 4 0 6 15 14 10 7 11 16 0 41 26 3 6 9 6 1 11 20 5 3 17 1 21 13 3 15 3 4 7 0 8 18 5 29 2 17 21 13 0 42 8 0 37 1 0 9 1 1 1 6 5 7 31 25 2 10 6 15 9 19 4 10 0 0 0 5 0 37 0 7 11 7 1 41 10 1 3 0 10 3 9 10 20 9 6 5 6 23 6 3 2 1 6 1 15
0 3 0 0 7 1 6 5 0 2 3 6 4 10 1 3 8 5 3 3 9 12 0 0 13 12 2 1 3 1 3 1 2 0 0 1 4 5 3 6 0 1 3 1 1 8 0 6 5 6 1 3 4 0 0 5 0 0 1 2 8 5 4 5 0 0 1 0 0 0 14 1 12 12 7 2 5 3 25 0 8 1 2 0 10 1 3 0 3 8 7 0 8 2 0 0 0 4 4 1
2 0 1 0 2 0 0 1 1 0 0 2 0 0 3 1 0 10 0 0 0 1 0 1 1 2 0 0 1 0 5 0 1 0 0 1 3 1 3 0 0 3 0 0 4 1 1 1 0 0 0 2 0 0 0 2 2 0 0 0 0 1 0 0 0 0 0 0 0 1 1 1 0 0 0 0 0 9 0 0 0 0 0 1 0 0 0 0 1 0 0 0 0 0 0 2 2 0 0 0
0 0 1 2 0 0 0 0 0 0 0 1 0 0 0 1 0 0 0 0 0 0 0 2 0 0 3 1 0 1 0 0 0 4 0 0 0 3 0 0 7 0 0 1 0 1 2 0 0 0 0 0 0 0 0 1 0 0 0 1 0 0 1 0 0 0 3 0 0 1 2 1 0 1 0 0 1 0 1 0 0 1 0 1 1 0 1 0 1 1 0 0 0 1 0 0 0 0 0 0
3 10 4 3 0 6 1 10 2 7 0 4 0 24 7 0 2 2 0 8 1 0 11 17 13 3 0 6 2 15 0 4 20 10 31 15 0 0 11 23 1 3 4 1 2 16 14 4 16 0 15 3 1 13 6 1 2 5 0 2 12 10 0 0 20 7 5 14 18 11 4 0 11 3 6 21 21 3 2 6 10 18 3 1 2 0 12 28 2 1 5 8 1 3 4 3 1 0 26 6
0 0 0 0 0 0 0 0 0 0 1 0 0 0 1 0 1 2 1 0 0 0 2 0 0 2 0 3 0 0 18 1 0 0 2 0 0 0 0 0 0 4 2 0 0 0 0 0 2 1 0 1 1 1 2 1 0 2 0 0 0 1 2 0 2 0 0 0 0 0 0 0 0 0 0 0 0 2 0 0 0 0 0 0 2 0 0 1 0 3 0 1 0 0 0 0 1 0 0 0
1 0 1 0 0 1 0 0 0 0 0 0 0 0 0 1 0 1 0 0 2 0 0 0 1 0 0 0 3 4 0 1 0 5 0 0 0 0 0 0 1 0 0 0 0 0 4 0 0 1 1 1 0 4 0 1 0 2 0 0 0 2 2 3 2 0 0 0 0 0 0 0 0 0 0 1 2 0 1 0 1 0 0 0 0 1 0 0 0 1 0 2 0 0 1 0 1 0 0 0
0 2 2 3 12 3 10 2 1 14 5 5 3 1 6 16 0 1 0 9 6 5 17 4 0 8 5 8 2 4 21 23 4 3 10 1 0 0 5 5 46 6 6 10 3 12 15 1 1 1 0 3 3 0 5 11 0 6 2 6 14 19 8 5 0 0 4 28 20 11 0 6 0 2 0 18 2 1 32 23 9 4 7 5 11 7 3 8 0 8 0 1 23 15 1 5 5 14 19 2
1 0 0 0 0 0 1 1 0 0 1 0 2 0 0 1 1 0 0 2 0 0 0 0 0 0 2 2 0 1 0 0 0 0 0 0 1 5 1 0 0 0 3 0 0 0 0 1 0 0 0 2 0 0 0 5 0 0 0 0 0 5 0 0 1 3 0 0 0 1 0 2 0 1 0 0 0 0 1 0 0 2 0 0 0 0 0 0 0 1 5 0 0 0 0 0 1 0 0 1
1 1 2 4 3 14 3 1 0 8 12 3 14 8 1 5 8 2 5 0 4 0 1 2 0 3 4 1 1 23 5 4 2 6 0 1 4 1 12 8 3 2 5 4 2 0 1 13 5 1 2 3 3 1 0 3 1 0 6 4 8 9 1 8 2 3 0 0 3 0 0 6 0 6 1 0 5 0 7 1 11 0 2 10 0 0 3 0 0 3 1 3 2 0 0 6 2 1 11 5
0 1 9 2 4 3 3 6 6 0 3 2 2 8 6 7 3 3 11 6 0 0 4 12 2 1 5 3 2 0 2 12 19 1 0 11 0 0 1 1 1 3 0 7 31 2 1 1 12 4 0 5 3 3 3 3 0 1 7 1 1 4 0 5 4 6 1 2 13 9 0 0 0 2 5 2 0 0 8 9 9 12 1 0 2 1 7 10 3 6 0 1 1 4 4 4 3 1 6 0
1 5 7 9 1 1 4 6 3 2 26 0 9 2 3 0 2 12 3 1 4 4 2 2 7 2 0 12 5 18 13 3 0 1 3 7 9 7 5 3 28 5 2 3 4 1 2 0 0 0 7 5 0 2 5 1 2 0 4 15 2 12 6 8 5 0 5 3 1 2 3 1 15 19 3 1 0 12 0 0 2 7 2 2 10 0 2 2 7 5 0 1 3 4 1 5 8 4 0 2
3 11 8 7 9 0 5 7 0 4 5 0 17 12 39 9 2 4 44 3 3 6 6 4 2 2 8 20 7 13 18 9 49 2 6 3 4 6 23 26 6 10 5 1 1 3 21 35 0 5 7 1 1 1 1 0 4 2 22 4 9 2 5 4 3 15 7 9 3 12 8 3 13 9 6 5 4 0 15 16 18 9 4 3 11 3 12 7 23 2 7 5 4 20 23 3 17 4 9 14
4 6 8 10 0 0 3 16 12 0 3 0 1 17 2 12 1 18 1 0 4 0 2 1 2 12 4 2 2 2 16 2 1 1 5 2 9 1 1 0 2 3 0 0 9 9 7 3 1 3 4 0 8 1 0 6 14 8 4 5 6 4 0 1 0 0 2 5 1 8 12 3 10 2 3 2 2 5 16 6 2 6 5 8 3 8 10 1 8 0 2 3 3 0 7 12 3 3 2 0
0 0 1 0 0 1 0 0 0 1 0 0 0 0 2 0 0 0 1 0 0 1 3 0 0 0 0 0 0 0 0 0 0 1 0 1 0 0 0 0 0 0 0 0 0 0 0 0 0 0 0 0 1 0 0 0 1 0 1 0 1 0 0 0 0 0 0 0 1 0 0 0 1 0 0 0 0 0 0 0 0 0 0 2 0 0 0 0 0 0 0 0 1 0 0 7 0 1 0 0
1 2 32 26 24 6 11 3 12 4 1 18 17 0 3 5 23 16 3 21 2 0 30 2 21 0 2 18 11 6 1 37 25 5 20 10 9 24 6 8 1 9 46 1 7 10 3 13 5 3 14 2 20 11 2 10 4 16 1 8 1 0 2 8 18 0 28 3 4 12 11 22 22 14 21 6 3 2 0 2 2 2 13 25 4 9 0 8 18 3 7 4 5 16 3 26 2 0 8 15
0 1 0 0 1 2 0 0 0 0 0 0 0 0 1 0 0 0 1 0 0 1 0 8 0 0 0 1 1 0 0 0 1 2 0 0 0 12 0 0 1 1 0 1 1 0 0 0 0 0 2 1 0 0 0 1 1 0 0 0 1 5 0 0 0 3 2 2 0 0 1 1 3 0 0 1 0 1 0 0 1 1 1 0 0 0 1 1 2 0 8 0 0 0 0 0 1 0 0 3
1 8 6 14 3 8 4 9 6 3 8 11 12 30 9 4 2 7 5 1 2 0 7 4 7 3 4 6 40 6 4 3 5 3 7 12 1 1 7 19 0 2 7 2 9 4 2 3 51 8 2 11 5 10 9 7 0 14 4 6 20 5 15 10 13 4 1 0 2 1 7 1 4 2 20 10 8 3 2 3 5 13 8 13 4 0 12 22 13 1 9 2 5 13 4 0 8 4 6 1
0 8 5 7 3 1 4 8 9 1 0 8 0 7 8 0 1 24 3 9 3 26 11 0 3 4 4 15 14 5 9 2 6 5 0 14 6 9 18 13 3 18 0 3 0 1 5 0 8 15 4 19 30 0 6 4 1 6 7 10 3 1 6 5 1 12 4 2 15 2 6 29 4 21 13 18 9 3 2 7 15 20 24 1 10 19 3 38 6 22 0 5 3 0 9 10 9 14 29 8
