3 1 1 6 2 10 1 1 0 11 9 5 0 3 0 4 4 20 12 12 2 2 4 5 4 2 10 13 8 14 1 1 3 14 5 0 1 14 4 0 0 2 3 2 0 12 1 1 9 18 2 3 1 8 0 0 3 1 3 0 0 0 1 11 5 9 4 0 0 2 8 9 0 0 9 1 2 2 1 3 0 14 0 2 4 2 9 1 4 13 0 1 10 2 2 2 7 0 6 0
2 4 5 14 1 3 10 4 1 2 1 0 8 1 2 11 1 6 15 2 1 1 2 2 5 4 0 37 2 0 0 2 3 2 21 2 1 8 1 28 4 11 2 10 6 6 4 6 7 0 7 1 5 9 10 3 1 0 1 4 0 1 2 2 3 4 0 1 0 2 7 1 0 7 1 2 3 3 0 5 0 1 20 0 0 2 2 0 3 0 3 0 2 3 1 1 4 0 1 6
0 4 1 6 1 0 0 8 2 7 2 3 5 15 6 7 6 2 0 0 1 5 1 2 1 2 3 6 0 4 0 8 19 18 1 10 1 9 5 11 5 11 18 1 2 1 2 4 1 4 0 2 6 1 5 7 3 1 14 1 5 3 1 1 2 8 1 2 4 3 5 3 17 5 30 2 0 6 2 5 3 1 0 0 5 3 2 14 10 1 1 2 13 6 5 2 5 8 1 10
1 4 1 14 27 10 18 5 4 22 3 13 24 27 4 2 12 5 5 1 8 3 9 4 3 0 2 5 10 36 17 9 37 3 2 3 3 2 2 10 1 3 0 12 6 9 19 1 14 2 13 9 4 14 7 1 0 8 4 7 3 20 1 0 10 9 8 1 19 0 4 1 2 9 3 3 9 8 21 0 18 7 24 7 19 3 10 22 3 1 0 4 12 2 11 9 14 4 12 11
4 2 8 7 3 1 6 4 27 4 11 1 1 0 11 8 8 1 30 1 3 9 5 2 3 1 10 0 7 2 0 2 0 0 1 0 1 3 15 0 1 1 4 2 10 0 2 1 6 5 0 0 5 6 0 0 8 0 7 9 5 1 5 1 0 0 2 6 10 13 0 4 2 1 2 0 1 3 9 11 0 3 1 2 0 12 4 6 2 2 1 0 1 3 6 3 2 0 2 2
0 1 0 0 0 0 0 0 1 2 0 0 0 0 0 0 1 0 0 0 0 0 0 0 0 0 0 2 0 0 0 1 0 0 0 0 0 1 1 0 1 2 0 0 0 0 0 1 0 0 0 3 0 0 1 0 0 0 1 0 0 0 1 2 0 2 0 0 0 0 0 0 0 1 0 1 1 0 0 2 0 0 0 1 0 0 2 0 0 0 7 0 0 2 0 1 0 0 1 0
4 4 1 5 1 0 0 5 2 5 7 3 0 8 22 0 2 8 0 1 20 1 0 0 2 0 0 1 2 0 2 2 1 9 5 10 8 3 6 0 2 3 5 13 2 7 4 3 11 2 1 9 0 5 16 3 1 3 5 5 5 2 3 0 1 1 4 0 5 3 4 4 0 3 3 1 5 0 13 0 1 0 6 5 4 2 23 2 1 0 7 3 6 10 3 14 9 1 7 0
3 3 2 3 2 2 3 19 1 7 3 0 2 3 3 0 35 14 1 12 8 8 12 15 35 20 0 15 5 19 7 1 4 3 0 19 3 4 18 8 12 1 11 1 4 9 8 24 0 15 1 3 0 3 3 0 1 21 4 4 0 4 1 3 3 2 12 1 6 8 1 20 26 8 5 1 3 18 25 0 4 11 14 3 0 4 0 3 3 9 11 3 1 5 4 9 4 4 5 0
14 9 3 34 8 6 11 2 1 9 6 14 2 4 6 1 4 4 12 4 6 1 1 10 2 14 7 6 2 1 1 8 14 20 2 0 1 8 29 7 2 11 1 5 4 0 1 3 10 13 1 5 0 2 4 1 13 12 5 11 2 4 1 4 3 14 46 4 5 8 17 32 9 23 14 16 8 5 6 12 13 4 9 3 7 0 0 5 1 19 12 6 8 1 1 34 4 8 4 0
15 7 1 9 0 4 0 4 0 8 0 1 0 3 1 0 2 3 6 6 3 3 5 0 3 2 10 4 3 6 2 4 6 5 9 4 10 4 1 22 2 5 0 0 1 1 14 4 3 2 4 0 0 0 4 6 2 0 1 0 11 8 1 3 4 5 0 3 6 1 1 7 1 0 2 2 0 4 7 3 1 7 1 19 0 0 12 14 2 2 5 0 10 2 0 0 0 3 4 4
0 1 0 1 0 0 0 0 0 0 1 0 2 0 0 0 0 0 0 0 0 0 1 0 0 0 0 0 0 0 1 0 0 0 0 0 2 0 0 2 0 0 0 0 4 1 0 0 1 2 0 0 0 0 0 0 1 1 0 0 3 0 1 0 0 0 0 1 0 1 0 1 2 0 0 1 2 0 7 0 1 0 1 0 2 0 0 1 1 0 0 0 1 1 0 0 0 1 0 0
15 5 1 13 16 0 3 5 12 3 3 37 18 18 0 9 3 0 18 6 6 3 8 1 3 12 14 6 0 9 7 10 10 17 29 8 10 15 2 1 0 15 3 5 31 1 32 12 43 0 31 5 4 5 4 24 3 22 0 1 0 27 3 5 6 21 2 9 19 0 2 7 18 13 7 11 2 11 4 0 6 15 16 2 13 52 3 1 0 17 10 1 6 0 30 0 6 5 5 5
0 0 0 0 0 1 0 0 4 0 0 0 0 0 0 0 0 4 0 0 0 0 0 0 2 0 0 0 0 0 0 0 0 0 0 0 1 1 0 0 0 0 4 0 1 0 0 3 1 0 0 1 2 1 0 0 1 1 0 2 1 0 2 0 0 0 1 0 2 0 1 0 3 0 0 0 0 3 0 0 0 0 1 0 0 1 1 0 0 0 0 1 0 0 0 1 0 0 1 0
2 3 11 5 3 1 3 3 3 30 11 0 9 0 5 0 17 1 0 1 13 0 8 0 5 18 1 9 0 1 5 3 5 0 8 4 0 0 2 2 0 1 5 2 13 7 2 12 13 0 2 7 7 0 3 0 6 2 0 1 0 4 1 5 3 1 10 4 0 0 0 13 0 10 4 2 6 0 3 0 8 2 2 1 1 2 13 2 1 6 0 3 0 2 2 2 6 0 3 8
1 0 0 0 1 2 0 0 1 1 1 0 0 0 1 0 0 0 0 0 0 0 0 3 1 1 0 0 0 0 2 0 0 0 0 4 0 0 0 1 0 2 0 0 0 1 0 1 0 0 2 0 0 1 0 0 1 1 0 0 0 0 3 0 3 1 2 0 1 0 1 0 1 1 0 0 2 0 0 0 3 0 2 2 1 0 0 0 5 1 0 0 1 1 1 0 0 0 0 0
0 7 10 8 5 0 1 1 9 8 3 0 3 1 0 10 5 8 2 7 0 7 6 17 8 0 0 2 2 2 13 0 2 0 4 2 6 3 5 1 2 6 0 10 8 0 7 0 7 13 2 0 0 3 1 1 6 14 2 0 2 2 4 1 11 5 18 3 1 0 4 0 0 5 7 4 7 6 3 27 15 2 4 3 3 0 1 2 0 13 2 6 0 2 14 7 0 2 3 1
4 0 2 7 1 14 10 0 0 1 6 6 1 0 5 0 4 1 0 2 3 8 7 1 4 2 2 1 13 8 2 13 0 2 1 6 3 0 0 3 4 0 1 0 8 0 0 0 0 2 0 5 0 6 1 19 0 4 2 13 0 1 2 1 5 5 4 0 4 3 2 1 2 1 4 1 0 1 8 4 0 4 4 6 16 2 7 10 1 3 8 11 0 4 7 1 5 2 1 6
0 1 1 0 0 2 0 0 0 1 3 0 0 0 0 0 0 0 1 1 1 0 0 0 1 0 0 0 0 0 0 0 0 1 0 0 0 0 0 0 0 1 5 0 0 0 0 0 1 0 0 1 1 1 1 0 0 0 0 0 1 0 0 1 0 0 0 2 0 0 0 0 2 0 1 0 0 0 0 0 1 0 2 0 0 0 0 1 0 3 0 0 2 0 0 0 0 0 0 1
32 2 7 1 2 1 1 1 2 1 5 3 0 6 4 9 0 17 0 2 2 3 0 6 14 11 7 0 3 1 4 7 0 2 6 4 0 15 1 0 1 3 2 11 1 8 6 2 2 3 0 3 7 0 8 18 3 7 3 0 3 5 9 0 2 0 4 0 8 11 2 1 0 1 0 2 0 12 1 0 1 11 1 5 0 9 1 3 8 0 0 2 0 1 0 1 0 11 8 12
1 0 1 0 0 2 1 0 0 0 1 0 0 2 0 0 0 0 0 0 0 0 0 1 0 3 0 0 1 0 0 0 0 0 0 0 2 0 1 0 0 1 1 0 0 0 0 0 0 0 0 0 2 0 0 0 0 1 0 0 0 0 0 2 0 0 0 1 0 0 4 1 0 0 0 0 1 0 0 0 5 1 0 0 0 0 0 1 0 1 3 0 0 0 2 1 1 0 1 0
1 0 1 1 0 0 0 1 0 1 1 0 0 1 2 0 0 0 0 0 4 0 2 1 1 0 2 0 0 0 0 0 0 0 0 1 0 1 0 0 1 0 1 0 1 0 1 0 1 0 2 2 0 0 0 0 5 2 0 1 0 0 1 1 0 3 0 0 0 0 2 0 0 0 0 1 0 0 0 0 1 0 0 0 0 1 1 0 2 0 0 1 0 0 0 0 0 2 1 0
11 27 18 7 17 6 10 1 4 11 7 9 19 8 10 3 13 7 9 5 1 0 8 14 8 13 0 2 15 0 2 0 14 18 2 4 20 3 4 13 4 7 1 8 6 8 1 3 0 0 3 13 2 0 1 1 4 0 28 5 6 0 3 9 1 2 15 3 3 0 11 3 2 3 2 12 0 0 7 6 3 3 4 7 1 12 22 11 27 10 5 2 9 7 10 3 1 6 1 0
0 1 0 0 0 0 0 0 0 1 0 1 0 1 0 1 0 0 1 1 0 0 1 0 0 0 0 1 0 0 0 0 0 0 0 0 0 0 0 0 0 0 0 0 0 1 1 0 1 0 0 0 1 1 0 0 0 0 0 0 1 0 1 0 0 0 0 4 0 0 1 0 1 0 0 0 0 0 1 0 0 1 0 0 0 0 0 1 1 0 1 0 1 0 1 3 7 0 1 0
1 10 3 12 6 1 1 11 2 7 3 9 0 8 15 16 0 0 2 0 1 1 3 12 2 1 1 2 4 6 4 5 4 1 0 3 2 3 6 3 2 3 1 1 0 6 7 0 0 6 0 0 7 3 3 1 1 2 16 9 17 3 4 11 7 7 18 13 15 0 6 6 6 0 1 2 10 16 6 7 4 0 4 8 3 2 7 2 5 2 2 1 0 2 1 0 4 1 1 6
0 2 22 17 12 2 8 1 4 0 1 15 24 1 6 4 4 12 20 8 9 7 3 2 24 2 0 7 0 2 1 1 10 4 15 4 12 7 4 6 5 32 4 23 22 3 12 0 3 0 17 3 7 0 8 3 21 9 1 4 5 2 9 20 0 17 4 23 0 8 9 2 20 5 0 7 0 12 9 4 24 4 6 4 10 7 1 4 18 18 7 13 1 0 1 3 2 0 12 5
0 14 3 6 2 1 8 8 18 8 2 0 15 7 16 3 4 29 7 7 9 8 9 5 4 1 2 34 4 0 16 0 20 3 7 4 23 0 17 2 10 3 3 1 0 4 5 9 0 12 6 5 10 7 12 2 5 7 1 14 4 0 1 7 3 1 0 29 10 23 30 0 5 3 13 2 0 2 4 1 0 0 6 3 12 12 3 3 21 5 0 7 5 6 13 8 5 3 17 11
5 2 11 2 2 2 3 3 4 1 0 5 0 0 5 2 3 3 5 2 0 13 6 2 0 3 14 3 0 3 1 1 2 6 4 6 0 5 0 1 0 3 5 3 1 1 2 4 2 0 5 5 4 2 10 1 4 15 10 16 4 3 2 3 0 3 2 2 6 2 12 1 4 3 2 3 1 3 1 6 9 3 24 6 4 16 14 0 4 4 7 2 2 1 2 3 4 13 5 1
0 1 0 1 1 16 12 1 21 1 16 4 2 7 3 31 56 4 2 0 2 6 2 37 51 3 0 5 1 4 23 1 12 6 2 11 24 11 19 1 1 17 1 18 3 13 8 1 11 6 5 1 3 0 1 1 22 4 4 1 0 10 9 4 0 2 11 0 14 4 2 8 2 24 9 5 1 3 36 9 0 19 2 4 1 2 0 3 6 5 3 19 0 12 6 9 4 6 0 2
0 0 1 0 0 0 1 0 0 0 0 0 0 0 0 0 0 0 0 0 0 0 2 4 0 1 1 0 0 0 0 1 1 0 0 0 0 0 0 1 4 0 0 0 0 0 0 0 1 0 0 0 2 0 0 0 0 0 2 0 0 0 1 1 1 2 0 0 0 0 0 0 0 0 0 0 1 0 0 0 1 0 0 0 1 1 2 1 0 0 1 1 0 1 0 0 0 0 1 1
0 0 1 0 0 0 0 0 0 0 0 0 0 1 0 0 0 1 1 0 0 0 1 2 0 0 1 0 0 2 1 0 0 3 2 0 0 0 1 1 0 0 0 0 0 1 1 1 0 0 0 0 0 0 2 0 0 0 0 1 0 1 2 0 3 1 0 0 0 0 0 0 0 0 1 0 1 0 0 0 0 0 0 1 1 0 0 0 0 0 0 0 0 0 0 0 3 2 0 0
0 1 10 2 8 19 12 3 3 12 22 15 20 8 1 9 4 1 2 9 9 0 17 22 0 3 0 5 2 15 5 13 1 2 35 2 0 13 6 19 2 1 2 2 10 0 0 0 2 1 12 1 5 1 1 9 2 11 10 3 15 1 2 5 2 0 0 15 22 4 8 9 6 17 1 23 4 10 1 10 10 6 11 6 16 0 4 6 2 13 27 12 2 1 17 6 4 2 8 0
0 0 0 1 0 2 0 0 2 0 0 1 0 0 1 3 0 0 0 1 0 0 0 0 0 1 0 1 3 0 0 0 1 0 0 0 0 0 0 0 0 0 0 2 0 0 0 1 0 3 0 0 0 1 1 0 0 0 0 1 0 1 0 0 0 0 0 0 1 1 0 0 0 0 0 0 0 0 0 0 0 0 0 0 0 2 1 0 0 0 0 0 0 0 1 1 0 0 0 0
0 2 0 1 6 7 1 48 15 2 3 2 1 3 23 0 0 1 4 14 3 2 0 1 10 2 11 34 16 6 6 16 9 6 0 4 15 4 1 4 9 14 16 16 1 0 14 7 14 8 11 0 9 0 6 6 3 4 7 0 0 7 1 22 8 20 14 2 3 3 1 6 4 9 8 0 0 0 0 6 16 3 14 2 6 1 9 6 14 4 4 10 3 0 4 16 2 3 1 10
2 11 9 2 4 3 2 1 10 4 3 8 4 18 1 0 0 2 0 0 3 4 5 4 0 2 7 0 11 0 14 0 7 4 1 7 5 1 6 0 7 0 0 1 4 2 0 1 5 2 3 1 2 3 2 4 0 1 1 0 1 6 2 14 9 0 6 2 3 6 3 1 4 2 0 8 9 7 22 8 3 0 1 9 0 0 8 2 5 6 9 5 2 10 3 2 4 1 2 7
1 6 4 2 5 0 0 5 3 4 2 5 2 4 2 2 1 2 0 10 3 4 21 0 10 5 6 9 2 1 3 3 0 9 1 10 1 0 1 0 0 0 0 3 4 4 11 12 6 13 2 1 7 4 0 2 1 0 0 1 3 0 1 1 9 8 1 9 3 10 8 2 6 2 2 16 1 9 4 0 1 8 0 2 4 1 3 3 8 4 7 5 1 0 0 4 0 6 1 1
2 33 14 15 12 11 16 5 0 1 0 0 7 7 5 7 12 0 3 12 4 50 6 3 8 26 13 20 10 3 25 7 11 27 7 14 5 5 11 9 9 5 10 6 28 6 5 19 1 0 1 4 0 8 6 2 1 2 4 53 5 17 0 8 16 7 7 3 2 6 6 6 7 8 7 10 16 0 0 3 1 1 6 7 1 3 9 0 6 3 9 0 4 44 0 33 0 3 26 2
3 8 7 1 6 0 10 16 10 6 11 13 13 9 1 0 4 7 25 12 1 5 1 1 5 4 1 3 3 0 18 0 5 1 13 4 22 4 3 25 7 0 1 8 6 24 1 3 9 3 6 9 11 10 5 11 3 22 23 3 1 17 22 2 2 5 5 9 2 20 8 1 0 6 1 3 1 19 20 1 11 14 2 4 6 4 2 0 4 0 4 0 1 1 4 7 2 1 17 2
25 6 4 0 3 2 0 9 4 11 3 2 15 33 6 11 4 0 8 5 4 3 13 5 0 2 13 6 4 0 4 0 5 9 3 1 0 1 4 2 1 3 0 0 0 1 0 2 2 0 8 0 0 3 0 2 0 3 3 1 16 2 0 2 3 0 4 0 5 17 10 1 5 1 0 2 14 4 20 2 1 5 2 4 6 9 16 1 1 8 1 2 1 8 0 7 0 6 4 2
3 5 5 1 29 0 4 3 10 6 4 4 5 0 0 7 10 5 0 0 18 0 3 1 3 16 4 1 3 1 4 16 4 1 16 8 1 0 7 16 2 1 1 11 6 2 8 13 2 1 0 10 3 8 0 11 4 7 1 10 11 1 21 4 2 0 12 1 46 1 20 24 2 0 16 15 22 3 25 9 3 13 5 2 3 14 4 2 23 2 7 7 2 8 8 24 4 4 1 5
0 2 0 0 0 0 0 1 6 0 0 0 2 3 0 3 0 0 2 0 0 0 2 1 0 1 0 0 0 0 0 0 0 0 0 1 0 1 1 0 0 0 0 0 0 0 0 0 0 0 0 0 0 0 0 0 0 0 0 0 0 1 0 4 1 0 1 0 1 2 0 0 0 0 0 0 1 0 0 0 0 0 0 0 2 0 0 2 0 0 0 0 0 1 0 0 0 0 0 0
5 0 7 6 0 12 12 0 1 8 1 6 3 4 5 17 2 10 2 0 22 0 5 2 3 5 34 4 11 24 10 2 13 9 9 2 7 6 2 3 1 9 4 2 4 2 26 8 9 6 8 0 8 16 3 2 5 0 8 14 25 0 7 3 13 0 0 2 0 13 0 2 8 0 0 3 6 3 30 8 1 7 12 11 9 6 0 12 3 3 2 1 0 14 0 12 4 0 15 9
1 2 1 0 0 0 0 1 3 3 0 0 0 0 0 0 0 1 9 1 0 0 1 0 1 2 0 0 0 1 0 0 1 3 0 0 1 0 0 0 1 0 0 3 0 0 1 0 0 4 1 4 0 0 0 0 3 0 0 0 0 0 0 0 2 2 2 0 1 0 0 0 0 0 1 0 0 0 0 1 2 0 0 0 0 0 0 1 0 0 1 0 4 2 0 0 0 1 2 0
1 2 0 7 9 7 0 2 17 2 0 24 5 1 2 8 1 1 11 7 2 4 2 2 0 6 1 7 3 4 1 11 1 5 1 8 4 5 3 5 1 2 2 0 2 2 11 10 8 2 0 5 4 0 5 0 0 1 2 1 10 0 10 16 5 11 6 7 3 0 7 1 0 1 8 4 0 2 11 4 4 6 7 9 2 16 8 5 8 1 1 9 9 3 11 2 0 1 1 2
3 1 3 5 6 3 1 12 3 1 5 0 0 16 10 2 2 2 11 1 0 0 1 10 5 2 0 0 1 3 0 22 1 1 3 0 11 4 0 0 3 2 1 4 7 4 3 1 11 6 2 5 1 0 0 0 3 6 4 2 2 0 3 5 3 3 0 0 6 4 1 2 4 16 1 14 0 0 1 12 5 2 1 0 8 2 0 4 1 3 3 1 4 2 2 2 3 6 8 0
9 4 9 15 2 2 6 2 11 10 0 12 20 0 29 0 6 4 2 9 3 13 12 4 0 0 6 3 17 6 7 27 9 0 0 1 20 2 9 3 2 1 5 7 4 1 2 16 3 5 0 6 14 0 14 4 1 1 0 4 2 3 5 13 13 4 2 3 5 3 3 23 7 1 5 4 16 24 1 6 5 5 7 7 3 22 10 5 1 13 7 3 3 1 6 12 9 3 3 6
13 11 7 0 7 6 14 1 1 2 21 9 2 5 13 4 2 20 14 4 2 3 0 22 3 2 16 26 7 0 5 2 5 3 0 24 19 6 8 11 0 0 16 0 6 0 8 14 16 4 37 4 1 14 5 0 10 11 10 52 6 9 0 3 16 5 1 10 3 13 8 5 8 21 9 1 11 0 2 1 4 12 1 1 8 5 4 27 0 0 7 8 6 6 4 11 8 26 4 3
0 0 0 0 0 0 0 0 0 0 0 0 0 1 0 0 0 0 0 2 1 0 1 2 0 0 0 0 0 0 1 1 0 0 0 6 0 0 2 0 0 0 0 0 1 0 0 1 1 1 0 0 0 0 0 0 0 2 0 0 0 0 0 0 0 1 0 0 0 0 0 1 1 0 1 0 1 0 1 2 0 0 1 1 0 0 1 0 0 0 1 0 0 1 0 1 3 0 0 1
3 3 0 1 5 15 0 0 0 0 5 3 15 5 0 1 0 5 10 2 5 2 1 2 5 9 0 3 3 6 1 0 6 1 20 33 0 6 0 6 1 3 15 0 2 1 1 4 4 14 9 1 0 8 5 9 0 4 4 6 1 0 0 10 9 1 1 7 2 0 0 6 5 2 6 3 1 4 4 4 2 0 0 0 5 2 2 5 3 3 2 1 1 4 1 1 9 6 4 14
4 1 5 9 3 2 1 10 11 5 6 1 6 11 1 8 4 9 6 0 17 8 4 0 5 15 1 20 1 1 4 1 5 0 12 22 3 1 0 29 9 6 1 0 1 5 18 4 5 9 0 9 8 5 2 4 11 0 9 11 0 4 22 19 5 2 39 11 8 36 5 9 22 0 0 1 5 13 2 1 2 6 10 5 0 2 3 1 4 6 8 25 7 2 1 8 2 9 3 50
0 6 5 1 1 3 0 4 4 0 1 3 1 11 1 7 2 5 0 3 0 3 5 13 1 5 7 0 0 15 1 3 0 5 7 3 3 4 0 6 14 6 1 9 3 2 24 2 3 10 0 2 5 9 7 6 0 6 0 6 3 1 3 5 0 2 1 3 8 4 1 5 9 1 2 1 1 1 1 7 2 2 4 1 5 8 9 2 3 0 21 3 0 1 1 11 1 1 6 1
0 3 0 0 0 0 0 0 1 0 0 1 0 0 0 0 2 0 1 0 1 0 0 1 1 0 0 2 1 0 0 2 1 0 0 0 0 0 0 0 0 0 3 2 0 0 0 0 0 0 0 0 1 2 0 0 0 1 0 0 1 0 0 0 0 0 0 1 0 0 0 1 0 0 4 0 0 0 1 0 0 0 0 0 0 1 0 3 0 0 0 3 0 0 0 3 0 0 0 1
6 0 1 1 17 3 1 0 4 0 15 7 9 2 12 7 0 3 5 12 24 1 26 13 10 1 6 8 1 5 1 6 0 6 14 10 1 4 1 1 1 2 0 27 7 2 3 6 3 3 2 2 0 6 3 2 0 16 5 5 19 2 9 20 2 7 6 16 9 3 27 14 0 3 10 5 14 8 10 13 0 1 4 2 36 1 0 37 9 6 9 3 1 4 1 5 12 11 0 2
18 4 2 0 0 4 12 4 1 6 0 11 0 4 6 0 0 1 0 1 4 1 3 4 11 1 3 2 3 5 0 12 10 1 1 5 5 3 3 2 1 1 3 8 3 5 3 16 0 6 0 2 1 12 1 8 1 9 6 0 7 5 5 1 0 0 0 4 0 0 7 9 1 1 8 3 2 0 0 1 7 5 1 1 9 7 3 7 0 3 1 1 8 0 16 1 1 2 1 9
10 7 24 0 1 4 8 2 8 8 4 2 5 6 10 1 0 0 4 0 2 0 2 0 4 2 0 1 4 1 1 1 7 2 5 1 1 4 7 11 1 4 3 2 2 15 2 3 4 15 1 2 0 4 2 3 1 3 2 6 1 1 2 0 0 1 3 3 0 12 22 1 1 3 0 5 2 2 1 4 1 4 2 1 28 8 7 8 0 0 1 0 1 3 6 2 5 0 2 2
2 0 0 0 0 0 5 0 0 0 0 0 1 0 1 0 1 1 0 0 1 0 0 0 0 0 16 1 0 0 0 0 2 0 0 2 1 0 0 0 1 0 2 0 0 1 0 0 0 0 0 0 1 2 0 0 0 0 0 1 0 0 1 0 0 0 1 0 0 0 1 1 1 0 0 0 1 1 0 2 1 0 1 0 0 0 0 0 0 0 0 0 1 0 1 0 0 1 0 0
2 4 1 3 0 11 3 12 2 14 3 1 11 14 5 1 4 7 3 11 0 9 4 3 1 4 0 3 7 2 1 6 3 7 1 0 3 0 1 8 11 3 13 3 0 1 4 9 4 1 1 7 3 1 5 8 9 1 1 1 1 1 1 6 4 5 0 8 7 0 1 1 3 11 0 4 1 5 0 9 9 10 8 5 0 3 1 1 4 4 0 2 0 2 2 2 0 11 1 1
9 9 1 6 24 3 7 4 4 27 7 12 0 2 9 3 2 6 1 1 2 0 2 1 4 4 15 12 2 24 8 5 3 3 23 16 3 9 8 1 19 10 3 10 9 10 10 11 10 3 0 40 1 3 1 10 34 0 9 4 0 6 7 0 0 4 9 9 4 0 17 23 4 19 4 7 6 4 14 7 1 11 4 7 2 23 9 17 12 4 17 0 1 5 11 8 13 7 26 2
10 4 0 6 8 0 12 5 33 8 14 0 1 0 21 5 4 5 9 8 5 6 2 1 1 5 8 0 1 5 0 0 0 4 6 12 36 2 3 8 5 2 1 0 4 0 2 0 0 12 11 0 0 0 9 12 1 1 5 0 0 7 8 1 8 0 5 3 0 3 14 1 3 3 6 3 5 0 0 1 6 1 2 6 3 0 0 2 2 3 13 2 2 6 2 7 2 9 1 2
7 5 2 10 0 4 12 0 18 6 6 17 3 11 2 6 6 0 0 19 8 3 2 10 1 2 7 3 4 3 9 6 12 0 28 0 9 0 20 4 6 10 1 3 5 10 4 0 9 0 6 5 12 1 6 55 11 17 16 0 14 5 2 5 3 10 7 8 8 10 0 12 2 6 2 19 8 10 50 13 11 18 9 7 3 2 11 3 3 6 41 12 1 1 14 11 0 3 13 29
0 0 0 0 0 0 0 2 1 0 0 0 1 1 0 0 2 0 0 0 0 0 0 0 0 0 0 1 0 0 0 0 0 1 0 1 0 0 0 0 0 1 0 1 0 0 0 0 1 1 0 0 1 0 0 0 0 1 0 0 0 0 6 0 0 1 0 4 0 0 0 0 0 0 7 1 0 0 2 0 0 0 1 0 0 0 0 0 0 0 9 0 1 0 0 0 0 1 0 0
1 0 10 2 4 7 5 8 6 3 11 2 1 2 4 4 1 7 3 0 2 6 0 0 0 1 5 11 15 4 1 0 0 2 2 4 1 3 2 0 11 0 0 3 0 1 8 2 0 0 1 7 0 3 0 6 4 1 7 6 2 1 9 2 11 6 3 2 1 4 0 4 7 1 6 4 4 5 3 1 1 0 8 10 2 1 5 2 0 6 2 2 4 1 15 6 7 4 10 0
0 2 0 2 0 0 0 2 2 0 1 0 0 0 2 0 0 0 8 0 1 0 1 0 1 0 1 0 1 5 0 0 4 0 0 0 1 1 3 0 0 0 0 0 0 0 0 0 0 0 0 0 0 0 0 4 1 1 0 0 0 0 0 0 1 2 0 1 0 0 0 0 2 1 0 1 1 0 0 0 0 0 1 0 0 1 0 0 1 0 0 0 0 1 0 0 1 0 0 0
17 3 14 5 7 8 17 3 34 10 1 0 4 13 5 0 14 1 19 6 0 1 2 2 9 5 1 1 6 0 0 14 7 13 2 21 20 1 14 5 0 9 3 0 13 2 3 16 3 11 2 3 0 23 5 13 12 26 6 15 24 0 1 4 23 24 9 1 14 7 0 19 17 3 3 1 2 6 9 10 1 3 6 9 4 1 16 30 10 55 5 7 6 0 10 0 2 32 0 8
0 0 0 0 0 2 0 1 0 0 1 0 0 2 0 0 0 1 1 0 0 0 1 0 0 0 0 0 0 0 0 0 0 0 0 0 0 0 0 0 2 0 7 0 2 0 0 0 0 0 0 0 0 0 0 0 1 0 0 0 0 0 0 0 0 0 1 0 3 0 0 2 0 0 2 0 0 0 0 4 1 0 1 0 0 0 2 0 0 1 2 1 0 1 0 3 0 0 0 0
0 1 0 4 5 4 6 37 13 8 0 0 3 1 10 4 17 10 13 11 1 6 16 6 8 0 25 1 12 13 10 4 7 4 30 5 11 1 7 2 2 1 3 8 10 3 12 1 5 4 2 10 0 3 5 15 2 3 24 4 15 10 12 10 5 1 1 28 12 2 18 4 3 1 4 2 16 12 16 1 1 3 4 7 1 9 6 13 21 1 2 2 2 17 0 8 12 9 38 5
0 8 1 4 3 0 15 1 3 3 0 0 7 0 14 4 1 2 12 0 6 4 2 3 4 1 5 5 9 2 16 1 0 1 5 4 3 2 2 7 5 4 2 4 1 10 12 8 0 0 2 4 1 3 6 1 4 18 0 12 8 16 3 1 10 8 0 0 1 2 8 36 5 2 6 0 2 2 5 8 3 4 10 1 5 6 8 2 3 7 0 3 9 0 8 3 9 0 1 3
0 10 4 7 1 4 4 10 2 15 3 3 2 2 3 3 2 0 13 10 8 0 18 14 0 19 2 10 8 4 40 6 6 2 1 6 25 4 0 7 8 0 26 2 20 3 0 8 6 25 18 6 6 2 13 22 8 4 8 2 8 2 0 16 0 1 8 6 9 16 13 5 8 10 3 4 3 6 5 2 2 13 3 5 16 8 1 11 17 3 1 15 3 15 0 4 0 4 1 0
0 0 0 1 0 1 1 1 0 0 0 0 0 9 0 0 0 0 0 0 0 0 1 0 0 1 0 0 0 1 0 0 0 4 1 6 2 1 4 1 1 0 0 1 1 0 0 0 0 0 0 0 0 0 2 0 0 1 1 0 1 0 0 0 0 0 0 0 1 0 0 0 1 4 0 1 0 0 0 2 3 0 0 0 1 0 0 0 0 0 0 0 0 0 0 0 3 0 0 0
0 0 0 2 0 0 0 0 0 0 0 0 0 0 0 0 0 0 0 0 0 2 1 0 0 0 0 1 2 0 0 1 0 0 0 0 2 0 0 0 0 0 2 0 0 0 0 0 1 0 0 0 0 0 0 0 0 0 0 2 0 0 1 0 0 0 3 2 0 1 0 0 3 0 0 0 1 2 0 3 0 0 0 0 0 0 0 0 1 0 2 4 2 0 0 0 0 0 1 0
0 2 10 9 6 8 19 2 0 34 7 1 2 6 8 19 17 6 2 15 10 13 1 0 50 4 1 4 1 12 1 12 2 10 7 1 2 10 16 16 13 4 1 16 10 1 0 11 2 4 1 2 7 1 14 1 6 0 1 0 11 6 3 0 16 5 0 7 4 11 1 11 1 0 6 6 1 9 10 3 9 1 10 6 9 1 0 14 3 8 7 4 5 3 1 10 5 8 9 1
5 16 0 4 13 10 0 3 4 2 9 1 2 2 14 3 0 16 2 28 10 3 41 2 0 0 0 35 0 10 16 2 4 10 1 2 0 0 1 6 4 20 2 13 8 1 5 3 5 5 5 8 0 1 31 9 16 6 0 12 1 0 6 1 10 1 1 0 3 10 9 18 0 13 2 2 5 11 15 14 6 6 7 3 4 0 36 2 2 2 2 3 3 20 8 1 14 0 0 3
4 0 1 7 8 0 1 9 8 2 1 22 2 5 3 1 4 2 17 7 8 7 0 5 6 4 7 2 1 5 2 1 4 12 4 2 25 5 13 0 7 10 13 3 3 20 8 3 0 3 10 4 12 3 1 1 55 17 2 19 11 1 0 4 8 0 18 4 10 1 4 1 32 0 11 17 24 5 0 1 36 1 2 2 22 7 0 2 8 13 4 24 8 1 1 22 3 1 1 11
0 0 1 0 0 1 0 1 0 0 1 0 0 0 0 0 0 0 0 0 0 0 1 0 2 0 0 0 0 0 0 0 0 0 0 1 0 4 0 0 0 0 1 2 0 0 0 0 0 0 2 0 0 0 0 1 0 0 0 0 0 1 0 0 1 0 0 4 0 8 0 1 0 0 0 0 0 0 0 0 0 2 0 3 1 0 0 1 1 1 0 0 1 0 0 0 0 0 0 0
0 0 1 0 0 0 0 0 2 0 0 0 0 0 0 2 2 0 0 0 0 0 2 0 1 0 0 0 0 2 0 0 0 0 0 0 1 1 0 1 1 3 0 0 0 1 0 0 0 0 1 1 0 1 0 0 0 3 0 1 0 0 0 0 0 1 1 0 0 0 0 1 0 0 0 1 0 0 2 0 2 0 1 1 2 0 0 0 0 0 1 1 0 0 0 1 0 2 1 0
1 0 1 0 0 0 0 0 0 0 0 0 0 1 3 0 0 0 1 0 0 1 0 1 0 0 0 1 0 0 0 0 4 0 1 0 0 0 0 2 2 0 0 1 1 0 0 0 0 0 2 1 1 1 0 0 0 0 0 0 3 1 0 0 0 1 2 1 0 0 0 1 0 0 4 0 1 0 0 0 0 0 0 2 1 1 0 0 2 0 15 2 1 0 0 0 2 0 0 1
0 0 0 0 0 0 2 0 1 0 1 0 0 0 0 0 0 0 0 0 1 0 0 0 0 1 0 0 0 1 0 2 0 1 1 0 0 0 0 0 0 1 0 1 0 0 0 0 0 0 0 3 1 1 0 0 0 1 0 1 0 0 3 0 1 0 0 0 0 0 0 0 0 2 0 4 0 0 0 1 0 2 0 2 0 1 0 2 0 0 0 1 1 0 1 0 14 2 0 0
0 1 1 0 0 2 0 1 0 2 1 0 0 1 0 0 0 0 0 0 0 0 1 0 2 0 1 1 1 2 0 1 0 0 0 0 0 1 1 0 0 1 1 0 0 0 0 0 0 0 0 0 0 0 0 0 2 0 0 1 0 0 0 0 0 0 0 0 0 0 0 1 0 0 0 1 1 0 0 0 1 0 0 0 2 1 1 0 0 0 1 0 0 0 0 0 0 0 0 0
0 0 0 2 3 0 0 0 0 0 0 0 0 1 0 0 0 0 0 0 0 0 0 0 0 0 0 0 0 0 0 0 0 0 0 0 0 0 0 1 0 0 0 0 3 0 0 1 0 0 1 0 0 1 0 0 0 0 0 0 0 0 0 1 0 0 0 0 0 0 0 0 1 0 0 0 3 1 9 0 0 0 0 0 0 0 1 0 0 0 0 0 1 1 1 1 0 0 2 0
5 5 15 5 2 3 12 0 1 2 1 5 13 4 9 3 10 5 9 0 1 3 0 10 3 3 1 3 10 0 8 1 1 1 2 6 2 8 4 10 0 4 11 1 1 3 12 7 6 6 1 0 0 0 4 0 0 6 1 18 6 8 3 2 0 5 1 3 1 3 1 3 13 4 4 1 0 1 0 3 1 0 4 2 2 2 2 7 14 10 2 0 4 2 2 5 2 1 0 0
3 3 3 9 0 10 0 2 0 1 4 2 2 4 2 0 9 15 9 1 2 5 0 12 17 1 6 7 17 16 11 1 0 2 7 0 9 0 3 1 3 7 13 14 2 0 0 2 2 0 1 3 3 5 1 0 1 9 1 4 10 8 5 6 1 2 11 0 5 5 6 0 1 1 8 2 2 4 1 1 10 1 3 18 2 7 6 5 1 5 1 4 8 2 2 1 7 5 16 10
1 1 5 14 33 6 11 2 33 1 0 4 0 2 3 2 0 2 5 1 7 6 8 19 9 10 0 5 19 17 3 3 4 11 9 2 2 1 1 9 4 3 7 7 6 12 20 3 2 0 5 5 4 18 6 9 0 6 9 9 4 7 1 5 7 2 1 3 5 9 4 11 12 4 1 14 0 0 2 3 5 35 3 2 3 16 10 1 1 0 11 12 8 14 9 5 5 21 16 1
0 0 3 1 0 0 1 0 0 1 0 2 0 0 0 0 1 0 0 0 3 2 0 0 0 1 0 0 3 0 0 0 0 2 0 0 0 1 0 0 0 1 1 0 0 1 1 0 0 0 0 0 0 1 0 0 4 0 2 0 0 0 1 1 0 0 2 0 0 0 0 1 1 0 0 1 1 0 0 0 0 0 0 0 0 0 0 0 0 0 0 0 0 0 0 0 0 0 0 1
5 0 0 7 9 3 1 7 6 12 18 3 8 2 6 16 2 2 3 0 5 1 0 0 13 0 5 2 3 6 3 7 11 5 6 0 5 11 4 2 3 4 2 3 4 1 0 2 4 1 0 6 8 0 3 5 16 2 4 0 1 6 5 3 26 0 0 3 2 0 1 0 0 0 1 4 1 7 7 0 1 2 18 3 3 1 2 0 2 3 0 5 8 3 3 0 4 29 6 4
7 0 2 0 0 6 2 5 0 7 6 1 3 10 13 1 4 4 6 2 4 10 2 1 0 0 0 2 1 7 0 0 0 9 4 0 0 14 0 2 2 5 0 1 0 0 0 3 8 9 3 3 6 0 9 8 2 8 4 3 5 4 3 4 0 3 5 4 5 0 7 0 0 3 3 0 2 10 2 5 7 11 5 3 6 0 0 0 10 0 0 0 5 0 2 1 1 0 3 0
0 9 18 42 9 11 2 8 2 11 16 4 18 9 5 30 0 4 15 2 8 0 2 1 8 0 1 1 2 4 0 2 10 1 1 5 3 8 9 3 16 4 0 1 0 10 2 6 3 0 2 8 9 5 3 5 3 20 18 19 21 2 24 9 19 11 27 3 6 23 1 6 8 16 1 2 16 4 2 16 3 4 0 0 0 14 0 7 2 0 2 4 1 8 7 17 2 4 0 18
0 7 7 2 1 4 23 12 36 10 20 5 3 5 0 16 0 4 0 1 5 2 10 3 5 1 4 2 5 8 1 1 7 0 16 1 1 15 15 66 2 12 0 11 1 1 6 2 17 7 14 0 6 18 15 1 9 20 1 9 22 0 6 10 0 2 5 5 21 7 8 4 3 5 13 3 1 9 13 0 14 4 9 1 2 6 7 4 17 11 0 3 20 0 17 3 6 6 29 18
0 0 0 0 0 1 0 1 0 0 4 0 1 0 0 1 1 0 1 0 1 0 1 0 1 0 0 0 0 0 0 1 0 0 0 1 1 0 0 1 0 0 0 1 2 0 0 0 0 1 1 0 0 0 0 0 1 0 0 0 1 0 0 0 0 3 3 0 1 1 0 0 1 0 0 0 0 1 1 0 2 0 0 0 0 0 0 0 0 0 0 0 0 1 2 0 1 0 0 1
2 20 0 1 2 4 2 16 14 3 7 0 0 3 16 14 4 4 13 37 14 7 18 15 8 1 2 25 12 21 9 2 2 0 7 1 0 3 5 23 2 21 2 6 1 0 12 0 0 3 25 12 5 7 5 6 2 40 2 14 5 1 3 10 31 21 0 7 17 5 12 3 16 40 3 4 12 0 10 5 33 11 2 23 3 5 10 5 3 3 7 9 2 2 35 7 9 2 15 4
11 4 6 16 1 22 0 6 0 2 5 6 7 1 5 13 7 3 4 7 8 4 5 0 3 3 12 5 2 23 7 3 2 1 0 0 21 15 13 28 26 4 1 18 23 16 7 6 15 5 3 8 1 16 0 13 1 0 2 0 22 1 0 13 5 5 3 4 3 5 6 1 8 6 3 12 4 23 5 1 2 2 3 5 3 0 2 33 3 6 14 1 4 7 8 0 12 2 5 13
50 2 10 4 27 5 0 5 6 0 5 1 8 0 5 0 9 6 7 1 2 4 8 2 20 2 10 4 11 3 1 9 0 2 1 1 2 0 9 12 8 9 13 1 3 19 0 10 16 0 3 1 6 3 5 15 13 0 10 14 0 0 5 6 10 6 0 14 7 5 11 3 2 3 0 11 10 2 1 7 19 12 8 21 8 26 6 1 24 0 12 8 6 11 9 7 11 11 2 8
0 0 3 1 1 0 1 0 2 0 0 1 1 2 0 2 0 1 0 0 0 1 2 0 0 0 1 1 4 0 0 0 0 0 0 0 0 0 1 0 0 0 0 0 0 0 0 1 0 2 0 0 0 0 0 3 0 0 1 0 0 1 1 0 0 0 0 2 0 1 0 1 0 12 0 0 0 0 0 1 0 0 1 0 0 0 1 0 0 0 0 0 0 0 0 0 0 0 0 2
0 0 1 1 13 1 0 2 19 5 3 7 3 5 1 9 2 1 4 0 1 2 4 5 1 2 3 7 4 3 7 3 1 1 3 19 5 8 4 3 1 0 3 0 3 4 1 14 6 2 4 10 1 0 11 1 38 1 5 2 4 0 0 7 1 3 1 5 0 20 1 2 0 5 2 0 7 4 13 1 0 1 1 1 10 28 1 2 0 5 3 11 2 0 4 9 8 4 1 4
3 1 0 0 0 0 1 0 0 0 0 0 0 0 0 9 1 1 0 0 1 0 1 0 0 1 0 1 2 0 0 0 1 1 2 1 2 0 0 1 0 1 0 0 0 0 0 0 0 1 0 0 0 3 1 0 1 1 0 0 0 0 0 1 0 0 0 1 0 0 0 0 0 0 1 0 2 1 1 0 0 0 0 0 0 1 0 0 0 0 1 1 0 1 0 0 0 0 0 0
10 4 0 10 6 0 2 0 10 0 2 8 1 3 5 1 3 5 2 6 3 0 6 1 3 5 11 1 1 2 1 2 0 1 4 16 1 1 12 7 1 0 2 1 6 0 14 3 8 3 4 2 2 0 13 0 2 2 1 8 6 2 1 0 2 1 4 0 14 1 0 2 1 5 0 1 9 5 0 15 0 7 0 4 10 2 1 0 3 5 0 11 1 2 3 2 10 1 0 1
2 8 7 1 3 10 0 5 4 6 0 3 2 5 4 6 0 7 4 3 11 1 1 4 8 4 1 1 2 1 2 7 2 3 9 0 0 7 2 14 1 5 4 0 6 11 1 10 5 0 2 0 9 4 0 3 8 5 2 2 3 9 7 0 3 3 0 3 5 3 22 0 1 4 1 6 1 2 0 5 0 2 3 6 0 0 2 7 14 0 2 18 1 3 0 0 5 0 0 6
49 12 7 23 1 15 9 8 3 12 2 2 1 4 7 33 6 2 19 1 11 2 7 4 0 4 8 3 5 5 2 28 11 34 7 3 1 36 12 15 3 13 14 5 1 7 4 0 0 5 5 1 4 42 19 12 11 7 2 5 4 0 4 1 7 2 3 6 2 7 22 10 6 0 24 16 12 2 1 13 7 5 6 9 0 7 7 1 7 7 9 21 2 8 0 3 6 16 8 26
0 0 0 0 0 1 0 2 1 1 0 1 1 2 2 1 2 0 0 0 0 1 0 0 4 0 0 2 0 1 0 2 0 1 1 1 0 0 0 0 1 0 0 0 1 2 0 0 0 3 0 0 0 0 0 1 1 3 1 2 0 0 0 2 0 0 0 2 1 0 0 2 0 9 0 2 1 0 1 0 0 4 0 0 2 0 0 0 1 0 1 1 0 0 0 0 0 0 0 0
0 0 2 0 1 0 0 0 1 4 0 0 0 0 0 0 0 0 1 0 0 0 2 0 0 0 0 0 1 2 1 0 1 0 2 0 0 1 0 0 1 0 3 1 0 0 0 0 0 0 0 0 0 0 0 1 0 0 1 0 1 0 0 0 1 0 0 1 1 1 2 0 1 1 0 0 0 0 0 1 0 1 0 0 0 1 1 2 0 1 0 1 0 0 0 0 0 0 0 1
3 7 7 6 11 0 1 10 6 1 2 5 7 6 6 3 2 1 3 10 1 3 6 1 5 0 0 2 5 2 8 16 1 2 17 23 2 3 13 6 11 7 10 0 0 0 1 5 2 1 2 3 7 17 3 3 23 11 8 3 5 0 8 4 2 3 0 2 7 2 6 2 1 3 15 1 1 2 1 4 3 0 6 3 4 1 8 1 0 1 3 9 4 0 1 6 15 5 0 5
1 0 0 0 0 0 0 1 2 0 0 0 0 0 1 0 0 0 0 0 2 1 1 0 0 0 0 0 0 0 0 1 0 0 0 0 0 0 1 0 0 0 0 1 0 2 0 0 0 1 0 0 0 0 1 0 0 0 0 0 0 0 0 1 0 0 0 0 0 0 1 0 0 0 0 1 4 0 1 0 0 1 0 0 0 0 0 0 0 0 0 0 0 1 0 0 0 0 0 0
