133
104
154
172
171
126
170
107
166
162
152
127
175
137
182
124
113
176
140
183
113
159
130
117
100
147
129
148
186
147
114
105
141
173
109
151
144
131
167
141
110
171
164
181
160
115
149
163
158
183
162
102
103
167
109
126
122
138
137
159
123
104
134
161
152
117
184
165
130
101
119
116
156
186
118
150
181
101
122
157
128
139
106
105
188
185
100
187
142
128
133
150
143
157
165
170
146
153
121
169
190
102
103
110
106
108
107
108
111
112
111
112
193
114
115
116
118
119
120
120
121
123
125
124
125
190
127
134
129
132
131
132
135
136
135
136
196
138
139
140
144
142
143
145
145
146
192
148
149
191
151
154
153
155
155
156
191
158
174
160
161
178
163
164
173
166
168
168
169
172
175
174
177
176
177
180
178
179
179
180
194
182
193
184
185
187
188
189
189
196
194
192
195
197
195
197
198
198
-1
