170
190
137
132
181
138
141
107
118
145
178
177
150
155
123
148
157
108
149
129
131
160
122
108
112
159
179
127
164
183
151
140
165
158
146
144
176
186
134
179
139
161
154
180
111
172
156
102
135
175
183
169
124
109
168
116
175
119
195
157
164
124
198
149
187
114
101
103
105
100
154
135
130
126
152
102
185
130
123
115
151
107
147
141
194
197
101
146
116
188
112
136
148
160
161
125
188
105
113
133
106
100
104
104
106
103
120
111
110
110
120
109
113
117
121
118
117
115
114
190
121
119
196
122
125
127
129
126
193
191
133
128
128
131
140
136
138
134
137
142
145
139
143
144
173
143
142
172
147
150
169
153
171
152
155
167
158
156
166
163
159
174
171
173
153
189
168
163
167
162
166
174
162
165
170
176
177
182
184
180
178
185
186
187
182
194
181
184
192
197
198
196
191
192
193
132
-1
195
189
