179
186
188
130
110
106
154
105
156
141
148
150
113
176
182
122
142
159
166
102
144
132
133
156
158
150
169
179
151
106
145
189
121
141
104
181
185
163
112
190
148
176
115
112
125
147
143
130
114
128
111
136
151
174
146
159
128
188
184
131
111
126
102
172
101
139
101
153
164
187
131
127
118
158
171
177
105
147
168
155
124
169
117
192
173
138
129
100
175
174
132
125
135
157
109
165
119
183
191
162
103
100
103
104
117
109
108
108
116
107
107
110
113
115
120
114
121
120
122
192
118
191
116
197
197
124
140
126
129
127
137
134
135
137
136
133
138
134
140
195
139
145
146
144
198
142
143
194
196
195
152
153
168
152
155
170
157
161
161
160
166
162
160
167
163
164
165
193
170
154
167
180
173
171
175
177
178
178
185
172
182
186
183
181
123
180
184
189
187
149
194
119
196
190
149
198
123
193
-1
