115
128
180
106
145
108
101
112
168
110
175
107
181
166
105
154
189
146
121
165
144
159
195
165
137
182
159
179
170
121
157
158
109
183
102
141
113
186
127
138
149
167
122
117
115
193
129
116
153
191
171
178
186
120
124
140
164
177
187
111
142
123
174
198
174
143
184
129
100
104
104
148
101
160
147
169
172
171
146
151
118
150
144
137
185
119
109
124
161
105
132
103
149
134
172
166
183
114
138
170
102
100
136
134
103
130
190
111
107
110
108
112
135
125
113
116
120
119
114
118
117
123
126
122
125
127
136
126
131
132
135
133
128
197
133
131
130
141
139
140
142
139
156
145
143
157
148
152
147
150
154
194
151
155
155
152
153
156
169
158
161
163
167
162
162
163
164
196
195
160
194
173
173
176
176
178
177
175
179
181
182
180
190
184
185
188
188
189
187
192
168
197
106
191
193
-1
192
198
196
