142
133
111
153
103
171
155
162
154
107
167
187
147
146
179
181
106
159
132
158
161
175
186
100
118
111
164
130
138
128
109
114
127
188
182
119
143
137
174
113
156
156
126
177
140
186
124
165
129
101
174
152
108
189
145
167
134
123
117
135
150
142
154
149
110
139
118
100
144
135
152
102
122
169
105
145
101
157
127
173
166
168
128
136
178
181
158
183
180
162
138
117
109
175
105
112
148
163
163
126
102
104
103
104
121
106
107
108
116
110
114
112
113
115
115
116
122
120
119
120
121
123
124
125
125
192
196
131
129
130
131
132
133
134
191
136
137
139
140
141
141
190
143
144
147
146
148
149
150
151
151
193
153
190
155
193
157
160
159
160
161
194
171
164
165
166
168
169
170
170
172
172
173
183
176
176
177
178
179
180
184
182
185
184
185
191
187
188
189
192
195
194
195
198
196
197
197
198
-1
