168
163
192
133
179
144
114
130
148
143
136
132
171
141
110
122
149
104
113
126
169
159
175
131
165
177
124
177
109
140
175
160
173
146
143
164
112
178
113
160
119
131
102
134
139
180
111
152
116
120
148
162
106
167
133
130
127
101
153
151
119
140
103
123
179
166
123
172
151
126
150
122
145
174
162
158
100
144
100
176
157
167
158
182
117
139
125
104
108
121
116
136
153
118
105
183
108
171
111
106
101
102
103
189
105
107
107
186
109
110
187
112
115
114
115
188
117
118
185
120
121
189
127
124
125
128
129
128
129
187
134
132
135
137
135
137
138
138
191
142
141
142
190
145
146
147
147
155
149
150
156
152
154
154
155
156
157
188
159
161
161
185
163
164
165
166
170
168
169
170
193
172
173
174
193
176
184
178
180
181
181
182
183
184
186
191
190
197
194
192
196
195
194
196
195
197
198
198
-1
