177
124
193
148
161
118
130
101
100
133
180
176
166
122
145
155
100
135
151
121
143
105
111
131
184
113
123
127
116
126
165
136
106
179
140
111
154
119
106
170
121
115
118
181
138
135
176
162
146
160
110
178
171
183
102
114
141
186
132
110
122
169
183
102
150
159
181
103
140
152
158
137
104
139
192
168
167
174
165
128
169
173
145
138
129
131
104
129
156
151
147
179
157
149
157
172
120
153
158
161
101
109
103
108
105
107
107
108
109
113
112
112
114
115
116
117
117
189
119
120
186
123
125
124
125
126
127
128
187
130
132
134
133
134
188
136
137
144
139
142
141
142
143
144
185
146
147
148
149
150
189
152
153
154
155
156
187
162
159
160
163
164
163
164
191
166
167
168
171
170
172
173
174
175
175
190
177
178
188
180
182
182
185
184
193
191
190
197
194
192
196
195
194
196
195
197
198
198
-1
