136
118
169
180
117
147
164
170
165
143
184
127
107
138
120
126
183
178
100
128
114
188
184
155
144
117
148
133
175
180
173
111
154
142
169
127
113
104
179
166
123
153
147
125
150
164
182
110
158
106
130
155
129
129
104
165
190
122
116
102
158
140
137
159
171
115
146
172
146
156
126
100
143
182
111
181
187
189
178
116
120
150
177
170
112
196
154
107
152
102
142
105
152
118
139
101
130
171
122
149
101
103
103
109
105
106
108
108
109
110
192
112
113
114
115
195
135
119
119
121
121
123
124
124
125
138
132
128
132
131
131
134
133
134
135
136
137
139
140
141
141
192
145
144
145
193
157
148
149
151
151
161
153
156
157
160
159
160
163
161
162
162
163
166
167
168
167
168
195
175
172
174
173
174
176
176
177
197
179
185
181
188
183
185
186
186
187
189
190
191
191
194
193
194
196
197
198
198
-1
