170
178
118
159
167
110
170
115
139
158
155
126
111
157
100
162
109
104
124
120
145
140
108
102
157
177
166
152
172
153
107
194
171
128
165
122
131
161
186
116
111
164
150
114
142
168
105
176
177
100
101
137
103
148
181
128
183
112
146
106
116
185
140
150
129
148
163
173
175
132
141
174
113
178
182
146
183
152
147
180
184
179
124
156
160
125
175
143
107
136
154
169
149
125
127
173
136
130
154
104
135
102
122
118
105
106
121
108
109
110
123
112
113
114
115
117
117
119
120
121
123
134
103
119
101
127
133
126
129
134
135
130
133
131
132
138
138
139
137
197
143
142
144
141
145
190
144
151
147
151
149
192
198
189
155
192
158
156
159
160
161
162
165
193
188
166
163
188
169
167
168
193
171
172
196
174
191
176
179
180
181
187
186
182
191
187
185
184
197
198
189
153
195
195
196
190
164
-1
194
