109
117
156
105
173
169
139
179
122
157
100
142
163
168
171
114
150
172
158
143
135
121
130
119
101
129
113
141
175
116
169
149
178
114
185
164
168
184
140
176
140
126
119
106
108
103
134
124
106
131
104
163
182
166
137
153
158
127
182
139
123
138
179
151
118
165
129
100
116
171
112
144
101
183
115
103
104
149
127
142
122
118
175
132
138
111
133
146
151
148
178
143
126
111
134
164
154
177
186
145
102
102
194
110
105
107
107
108
109
110
197
112
113
194
115
188
117
187
120
120
121
123
124
125
125
195
128
128
189
130
131
132
133
135
136
136
137
190
152
154
141
152
146
144
145
147
147
148
155
150
153
157
156
155
159
162
160
159
161
160
161
162
191
165
166
167
167
190
170
170
172
174
173
174
187
176
177
180
181
180
181
189
183
184
185
186
188
192
192
196
191
193
193
195
196
197
198
198
-1
