150
180
120
162
102
139
120
165
182
128
177
116
177
100
158
130
125
147
113
135
108
165
133
111
150
141
109
132
151
105
122
100
142
124
103
119
117
112
167
141
135
185
132
138
163
156
102
127
111
144
181
140
115
157
175
108
159
173
134
174
126
143
107
187
110
181
101
162
139
166
172
130
124
126
171
137
118
168
156
116
137
123
136
166
115
163
183
142
148
182
146
178
170
104
129
158
171
186
183
176
101
105
103
104
106
106
107
192
109
110
112
114
113
114
196
191
117
118
119
121
121
122
123
190
125
189
127
128
129
131
131
193
133
134
149
136
153
138
148
140
147
143
144
145
145
146
149
152
151
152
155
153
154
154
155
159
157
160
161
160
161
190
164
164
193
168
167
169
169
170
194
172
173
174
175
176
178
179
179
180
191
184
184
186
185
187
188
188
189
192
195
194
195
198
196
197
197
198
-1
