111
134
166
136
188
135
180
168
152
123
117
125
163
156
148
158
104
172
107
103
161
182
182
156
108
100
151
186
180
131
175
190
118
157
185
153
124
110
170
106
105
139
124
130
108
101
181
147
122
126
167
169
148
105
155
116
143
127
128
100
173
178
177
136
176
176
122
131
127
189
104
193
154
155
172
160
150
130
147
187
103
119
115
123
186
149
159
120
184
174
115
102
109
106
126
154
149
128
184
190
101
102
142
143
114
111
107
112
109
110
113
112
113
114
121
116
117
118
119
120
121
142
145
135
125
138
134
129
129
132
133
132
133
140
137
137
139
138
140
141
141
144
144
145
146
146
196
197
165
150
151
152
153
168
164
158
157
159
160
161
162
162
163
164
165
166
167
169
170
171
171
196
173
174
175
177
178
179
179
189
181
183
183
192
185
188
187
194
191
191
193
192
194
195
195
198
197
198
-1
