103
135
153
148
128
109
157
105
166
151
151
176
129
179
112
177
170
165
136
141
101
138
177
184
181
168
124
128
134
135
167
131
102
154
144
130
129
116
164
142
133
145
118
122
173
141
108
123
161
149
148
158
114
126
174
182
139
173
105
183
110
186
122
164
133
125
147
100
120
171
175
112
179
117
124
110
143
106
150
187
189
152
114
138
170
106
166
136
140
155
143
101
188
176
153
119
108
180
171
100
102
104
103
104
194
107
107
115
109
111
111
113
113
118
115
116
117
119
120
121
121
197
123
125
126
127
127
194
130
131
132
132
188
134
187
137
137
157
139
140
160
142
145
144
146
146
147
156
149
150
162
152
156
154
155
158
159
159
161
160
162
163
163
195
165
167
168
169
169
189
172
172
190
174
175
191
178
178
184
180
181
182
183
185
185
186
190
192
192
196
191
193
193
195
196
197
198
198
-1
