126
188
128
120
174
125
101
148
124
115
172
124
117
150
107
110
152
166
187
164
145
155
114
143
181
149
190
185
177
158
170
179
111
156
133
102
127
169
140
130
154
165
137
176
189
144
143
168
165
112
100
155
158
182
167
119
134
159
123
106
114
160
129
101
132
105
138
163
145
123
104
132
154
111
105
135
188
129
134
161
136
130
159
183
139
173
183
100
163
116
181
113
172
106
126
178
151
137
104
184
103
102
103
118
108
109
107
108
109
110
119
112
113
118
115
116
117
121
120
121
122
122
192
195
125
192
127
128
193
131
131
147
133
139
135
136
138
141
140
141
142
142
150
144
146
146
147
148
149
151
152
153
153
195
157
156
157
197
160
162
161
162
177
164
167
166
168
169
170
171
171
174
173
175
175
176
178
179
180
180
194
182
186
184
185
186
187
189
190
191
191
196
193
194
196
197
198
198
-1
