161
112
151
142
115
176
141
103
146
104
152
160
182
126
160
100
125
137
168
153
138
127
130
154
118
156
180
106
120
156
159
136
149
134
165
153
147
101
179
113
102
157
137
116
162
133
108
155
166
127
145
151
181
123
140
103
170
121
110
179
122
144
181
166
141
173
122
111
115
148
177
158
102
109
113
117
167
158
136
162
145
169
126
135
124
176
131
144
130
183
184
111
100
184
178
171
147
131
124
140
101
107
105
104
105
106
107
108
109
110
186
112
114
114
118
116
117
119
119
120
121
187
123
194
125
129
128
128
129
187
132
132
133
134
135
188
139
138
139
194
143
142
143
188
196
146
148
150
149
150
190
152
192
154
155
175
157
173
159
163
161
164
163
164
165
170
167
168
169
172
171
172
174
174
175
192
177
178
189
180
190
182
183
185
185
186
191
189
193
195
191
198
193
195
197
196
197
198
-1
