836
794
830
701
532
892
909
875
586
643
633
714
922
718
975
826
524
583
691
905
622
643
746
864
517
911
719
810
899
969
525
849
791
874
676
928
900
698
886
561
936
974
586
665
798
980
982
789
667
660
964
871
524
565
847
623
615
868
875
736
942
711
627
617
502
754
651
559
971
602
505
641
800
583
936
760
538
853
581
663
807
742
894
681
545
824
823
582
515
620
873
904
777
784
778
761
809
641
861
964
939
576
627
649
688
603
569
920
636
856
881
855
720
646
731
957
576
650
585
910
655
902
832
664
783
718
895
678
679
876
537
897
597
504
840
940
703
770
529
864
595
983
833
645
861
935
866
694
732
822
706
539
816
500
862
628
575
635
708
896
675
670
672
776
710
508
829
828
500
816
509
512
510
991
648
839
624
670
699
858
714
806
893
933
577
873
915
598
621
705
560
605
865
775
802
815
925
566
595
514
919
793
616
908
827
654
689
735
990
934
897
982
632
584
908
589
698
573
980
502
749
528
562
710
792
740
788
927
531
981
701
767
637
985
593
836
677
854
838
834
840
658
896
656
926
940
828
799
572
919
713
555
975
748
915
870
822
762
635
744
917
780
901
842
523
969
779
605
884
741
790
531
967
860
545
853
504
644
795
939
732
886
547
902
917
901
637
687
974
990
782
815
819
850
796
805
501
541
984
797
978
921
746
819
889
841
731
612
847
536
687
758
513
669
527
878
880
686
769
675
602
712
582
657
512
569
799
937
691
965
702
529
534
566
518
882
863
700
653
977
508
613
973
913
615
743
604
918
764
613
789
523
763
922
970
852
870
900
594
519
779
713
888
761
827
561
967
751
895
645
677
856
978
601
548
558
535
740
682
564
736
707
535
692
818
977
619
754
747
601
661
548
606
820
855
838
892
730
757
693
903
930
620
913
622
798
706
885
775
599
671
868
931
709
648
946
661
719
933
546
781
995
848
752
904
634
778
657
564
837
511
770
667
802
680
525
575
756
757
848
570
623
944
547
950
911
533
803
685
673
885
503
652
970
558
801
888
689
762
883
510
906
660
685
537
514
608
634
910
759
966
528
517
748
872
570
750
763
881
715
600
563
925
921
501
653
632
587
526
665
829
690
758
593
573
568
668
926
743
597
557
506
503
505
507
506
507
550
509
520
511
521
513
516
515
516
520
518
519
522
521
522
553
550
551
526
527
542
530
530
543
532
533
534
541
536
540
538
539
540
542
544
543
544
553
546
552
549
549
554
551
552
554
555
556
556
557
996
559
560
997
562
563
590
565
567
567
568
579
571
571
572
574
574
580
578
577
578
579
580
581
591
589
584
585
588
587
588
590
592
591
592
629
594
596
596
607
598
599
600
608
607
603
604
610
606
609
609
610
611
611
612
614
614
617
616
618
618
619
630
621
625
624
625
626
626
628
629
631
630
631
814
633
640
639
636
638
638
639
640
642
642
739
644
647
646
647
738
649
650
651
652
723
654
655
656
659
658
659
726
662
662
663
664
666
666
722
668
669
674
671
672
673
674
684
676
682
678
679
680
681
683
683
684
728
686
695
688
696
690
694
692
693
695
697
696
697
722
699
700
704
702
703
704
705
724
707
708
709
723
711
712
717
716
715
716
717
727
721
720
721
724
725
725
727
726
728
729
729
730
734
733
733
734
735
737
737
738
739
813
741
742
745
744
745
772
747
753
749
750
751
752
753
755
755
756
773
771
759
760
768
765
766
764
765
766
767
768
769
772
771
774
773
774
786
776
777
787
785
780
781
782
783
784
785
786
787
788
810
790
791
792
793
794
795
796
797
811
804
800
801
805
803
804
806
807
808
808
809
812
811
812
813
814
996
817
817
818
821
820
821
823
824
825
825
826
842
835
831
830
831
832
833
834
835
843
837
845
839
844
841
843
844
845
846
846
961
850
849
851
851
852
956
854
858
857
857
859
859
860
955
862
863
867
865
866
867
869
869
954
871
872
878
874
877
876
877
879
879
880
958
882
883
884
891
887
887
890
889
890
891
955
893
894
958
959
898
898
899
956
949
950
903
907
905
906
907
949
909
952
912
912
914
914
916
916
948
918
946
920
924
923
923
924
932
927
929
928
929
930
931
932
943
934
935
938
937
938
945
941
941
942
943
944
945
947
947
948
951
951
952
953
953
954
957
960
959
960
963
961
962
962
963
992
965
966
968
968
993
971
972
972
973
985
976
976
986
979
979
988
981
987
983
984
986
987
988
989
989
991
992
994
993
994
995
998
997
998
-1
