711
703
789
722
903
822
557
710
661
660
507
948
835
795
710
975
947
887
921
642
704
713
931
576
901
604
825
657
874
554
907
634
929
700
866
957
919
516
567
801
978
659
806
885
601
554
534
712
681
651
660
526
594
591
653
926
847
654
762
512
793
773
650
642
525
601
755
760
640
624
653
896
775
760
752
768
839
637
618
852
804
565
661
911
685
951
924
850
846
778
838
522
705
683
955
785
910
549
796
580
706
801
794
559
807
694
603
765
718
905
545
578
734
552
808
901
532
769
864
860
672
640
774
800
745
729
852
655
902
679
970
974
501
680
819
740
503
883
586
747
692
829
742
757
625
585
865
798
895
568
735
761
788
812
584
738
613
943
507
533
753
638
758
853
884
786
903
906
573
959
664
869
700
678
687
565
567
777
751
557
836
841
553
528
539
955
893
969
862
688
757
889
898
504
981
570
538
892
540
594
644
645
704
629
906
651
899
924
931
543
732
954
739
921
928
870
538
874
902
509
656
551
741
691
649
537
950
916
626
652
754
535
967
776
824
813
510
961
944
949
918
768
872
616
519
620
752
605
770
682
500
508
600
763
628
731
743
947
540
619
573
763
623
939
884
628
511
895
721
829
663
621
686
682
791
952
750
883
780
733
670
701
726
551
798
806
569
865
517
561
728
889
963
669
623
644
872
932
693
648
784
898
973
861
847
811
599
589
956
842
986
731
765
556
758
537
641
728
733
970
940
585
519
892
777
521
691
575
577
925
607
909
689
871
844
796
586
749
826
985
591
836
649
545
756
835
784
698
926
977
860
812
968
964
849
787
792
588
956
535
980
723
701
626
659
871
966
941
980
935
743
766
606
803
632
963
574
616
614
943
539
521
529
802
851
864
966
735
737
809
845
611
894
737
855
738
869
843
544
506
589
769
678
509
726
578
556
961
939
618
703
964
608
766
716
592
605
702
629
969
974
595
930
984
976
534
941
625
810
949
794
863
542
637
670
802
940
932
824
717
529
576
600
648
518
615
714
613
518
851
855
532
849
725
791
685
922
727
536
913
599
805
774
720
838
566
508
750
788
645
724
528
890
514
867
810
891
669
500
570
608
978
503
881
657
841
502
977
845
713
575
985
593
859
897
913
542
639
804
673
501
502
504
505
505
506
525
515
513
510
511
512
513
514
515
516
517
524
520
520
523
522
523
524
527
526
527
531
530
530
531
994
533
997
560
536
561
550
546
541
541
547
543
544
546
548
547
548
549
550
560
552
553
555
555
563
558
558
559
562
562
563
564
564
994
566
572
568
569
571
571
572
579
574
580
579
577
582
581
581
582
583
583
584
596
587
587
588
590
590
597
592
593
595
596
598
597
598
699
612
602
602
603
604
610
606
607
609
609
610
611
612
636
614
615
617
617
622
619
620
621
622
634
624
631
627
627
633
630
630
631
632
633
635
635
636
695
638
639
675
641
643
643
647
646
646
647
676
674
650
668
652
666
654
655
656
658
658
665
663
662
662
666
664
665
667
667
668
675
671
671
672
673
674
677
676
677
696
679
680
681
684
683
684
690
686
687
688
689
690
695
692
693
694
697
696
697
698
699
988
707
702
708
706
705
707
709
708
709
718
711
712
715
714
715
716
717
719
719
720
721
722
723
724
725
987
727
730
729
730
995
732
828
734
736
736
748
746
739
740
741
742
744
744
745
746
747
748
749
831
751
827
753
754
755
756
833
759
759
779
761
762
764
764
780
767
767
771
772
770
771
772
773
779
775
776
782
778
781
781
782
783
783
827
785
786
787
790
789
790
823
792
793
819
795
797
797
799
799
800
820
818
803
815
805
816
807
808
809
815
811
814
813
814
817
816
817
818
821
820
821
822
823
828
825
826
832
830
830
832
831
833
834
834
934
837
837
840
839
840
876
842
843
844
879
846
848
848
857
850
858
854
853
854
856
856
857
858
859
876
861
862
863
877
868
866
867
868
879
870
878
873
873
875
875
880
877
878
880
881
882
882
888
886
885
886
887
888
935
890
891
914
893
894
917
896
897
900
899
900
914
908
904
904
905
909
907
908
910
911
912
912
915
917
915
916
918
919
920
920
923
922
923
934
925
927
927
928
929
930
937
933
933
936
936
937
938
938
989
946
942
942
945
944
945
946
990
948
951
950
953
952
953
954
960
958
957
958
959
960
962
962
991
965
965
990
967
968
972
971
971
972
973
987
975
976
982
979
979
983
981
982
983
984
989
986
988
992
992
996
991
993
993
995
996
997
998
998
-1
