866
767
648
762
954
654
569
840
829
861
967
960
700
939
795
902
604
824
789
744
625
844
686
838
554
639
848
538
875
806
673
936
940
645
962
570
516
713
841
638
573
508
948
586
785
651
881
690
732
950
650
804
945
940
664
938
976
703
653
575
549
849
969
980
597
637
543
541
547
816
617
674
530
854
631
762
859
738
501
516
541
620
824
515
598
936
846
536
806
557
552
877
764
512
651
842
674
666
904
826
523
896
684
903
767
631
657
606
957
520
782
719
876
727
912
610
717
774
901
798
968
959
904
964
731
730
832
727
892
504
620
951
888
505
801
794
810
901
845
953
616
888
622
857
599
552
562
709
632
794
830
926
578
714
502
952
921
773
949
813
509
706
723
829
672
946
799
630
663
853
673
601
594
973
763
855
664
807
610
945
519
851
981
860
688
878
640
526
661
676
743
510
695
723
677
546
834
588
553
714
654
693
761
885
605
570
641
808
716
823
820
602
979
614
914
907
676
685
817
566
522
577
814
925
591
696
930
783
903
618
705
910
575
924
837
772
909
886
730
880
719
731
836
746
810
970
974
655
825
837
776
584
522
975
643
739
705
839
781
833
640
900
703
564
536
649
556
715
931
515
624
689
551
857
725
937
633
848
724
979
645
786
728
663
643
543
885
915
568
873
716
576
963
797
745
666
771
539
803
909
929
565
685
585
825
775
602
538
603
893
646
641
924
585
587
929
891
951
923
919
768
710
977
607
717
697
783
878
578
526
737
564
770
511
535
710
684
656
743
761
779
650
669
699
634
812
502
859
875
748
893
840
513
760
535
704
573
512
607
695
973
912
537
697
798
808
938
528
525
618
527
524
529
615
817
771
891
884
688
781
545
920
741
841
852
962
503
884
877
633
897
741
556
709
597
500
933
869
572
521
558
613
968
809
542
500
668
941
934
939
851
953
687
900
811
534
557
819
786
596
814
758
603
860
766
831
662
789
787
858
652
706
613
919
724
574
694
567
925
629
966
629
656
896
876
562
722
914
732
796
588
563
637
849
518
568
861
672
563
601
773
737
504
905
839
559
852
733
708
519
565
892
652
560
712
921
887
787
966
584
899
768
978
712
812
801
948
621
745
910
742
531
832
930
510
691
790
932
944
777
501
506
503
507
505
506
507
508
509
998
511
514
513
514
987
517
517
518
988
520
521
532
523
524
525
533
527
528
529
530
531
532
533
534
987
549
537
540
539
540
544
542
545
544
546
547
548
548
550
550
551
555
553
554
555
983
561
558
559
560
561
626
594
591
579
566
567
580
569
571
571
572
579
574
582
576
577
581
580
581
582
583
583
592
590
586
587
589
589
590
593
592
593
595
595
596
600
598
599
600
627
612
609
604
605
606
608
608
609
611
611
612
625
614
615
616
617
619
619
622
621
623
623
624
626
628
627
628
758
630
636
632
635
634
635
636
679
638
639
680
642
642
644
644
647
646
647
648
649
679
667
658
653
659
655
658
657
660
659
660
661
662
668
665
665
667
670
669
670
671
671
682
681
675
675
678
677
678
680
681
682
683
683
751
698
686
687
690
689
692
691
692
693
694
699
696
698
701
700
701
702
702
754
704
750
707
707
708
756
711
711
750
713
752
715
720
718
718
721
720
721
722
751
726
725
726
729
728
729
734
735
733
734
736
735
736
740
738
739
740
755
742
747
744
747
746
749
748
749
752
753
753
755
754
756
757
757
759
759
760
988
764
763
765
765
766
985
769
769
770
778
772
778
774
775
776
777
780
779
780
791
782
784
784
785
792
788
788
791
790
793
792
793
805
795
796
797
800
799
800
802
802
803
804
805
993
807
874
809
821
811
820
813
815
815
816
818
818
819
822
821
822
823
828
827
826
827
828
866
830
831
834
833
835
835
836
865
838
871
847
843
842
843
844
845
846
847
865
850
850
867
856
853
854
855
856
870
858
864
863
862
862
863
864
867
868
868
870
869
871
872
872
873
874
989
881
882
879
879
880
883
882
883
993
889
886
887
890
889
890
983
895
894
894
895
897
898
898
899
990
916
902
908
906
905
906
907
908
917
911
911
913
913
915
916
918
917
918
990
920
922
922
923
928
927
926
927
928
984
935
931
932
933
934
935
984
937
955
942
943
941
942
943
944
947
946
947
958
949
950
955
952
956
954
958
956
957
959
960
961
961
965
963
964
965
972
967
971
969
970
971
972
992
974
975
976
977
978
982
980
981
982
985
986
986
994
996
989
992
991
991
995
995
994
996
997
997
998
-1
