587
773
796
751
700
551
801
952
978
547
871
543
621
878
907
528
646
963
596
719
857
506
788
936
582
636
943
698
831
804
883
891
762
585
884
754
795
926
528
881
968
783
870
916
930
659
692
950
822
910
824
610
622
625
574
611
885
837
728
793
930
523
948
664
525
741
522
865
779
818
882
509
976
530
915
863
550
888
871
767
544
638
696
934
636
649
725
669
888
753
844
863
850
936
510
790
895
926
699
665
897
515
617
722
796
696
702
736
766
684
939
501
819
798
650
933
634
707
850
946
581
784
592
558
851
934
784
624
575
578
507
823
976
978
815
904
889
962
656
680
878
682
552
702
704
751
750
872
801
826
530
783
560
735
644
910
777
597
519
618
730
554
500
867
943
917
658
810
899
769
779
814
954
535
589
665
587
893
974
864
643
764
892
647
741
858
914
749
631
623
852
894
855
543
798
828
956
963
857
897
856
984
742
853
912
772
738
613
954
854
802
960
959
503
502
774
520
534
768
714
744
667
676
826
942
756
588
770
920
630
925
555
565
678
552
518
755
852
676
923
590
538
847
821
952
747
874
981
809
831
668
642
613
598
670
626
822
828
510
638
542
564
928
777
619
909
911
892
728
709
658
541
789
944
894
880
854
977
808
711
836
697
975
753
734
679
575
733
830
582
627
885
655
579
671
973
699
571
706
580
677
671
656
620
668
688
835
649
771
532
923
563
921
522
628
662
752
590
580
776
617
750
708
951
511
715
667
872
825
544
778
747
847
501
500
570
506
714
518
909
814
674
594
508
519
675
727
512
804
700
594
965
835
928
768
937
809
541
933
629
555
640
865
906
572
817
615
567
807
781
973
642
748
771
557
736
749
797
722
527
559
869
819
802
837
883
946
692
663
838
869
733
792
713
561
708
583
799
780
919
920
546
674
529
559
775
513
641
955
868
529
539
620
669
662
540
655
577
866
848
639
685
868
918
564
558
949
825
596
737
899
761
577
672
731
947
772
706
755
924
727
942
538
645
830
597
545
916
950
592
614
505
523
879
743
816
859
738
704
887
625
960
583
705
527
623
710
927
807
931
610
763
725
979
813
979
595
616
726
512
811
792
941
739
961
566
970
956
550
663
799
682
591
694
829
932
546
611
601
554
502
504
503
504
505
515
507
508
509
516
511
514
513
514
517
516
517
989
521
520
521
526
524
524
525
526
533
534
533
531
531
532
536
535
536
537
537
986
539
540
609
542
602
549
545
548
547
548
549
605
551
553
553
573
556
556
557
568
562
560
561
562
563
569
565
566
567
568
569
570
571
572
573
574
576
576
601
578
579
607
581
586
584
584
585
586
603
588
589
602
591
593
593
606
595
598
599
600
599
600
603
604
604
606
605
607
608
608
609
716
612
612
648
614
615
616
652
618
619
633
621
622
632
624
633
626
627
628
629
630
631
632
635
634
635
637
637
647
639
640
641
646
643
644
645
648
651
650
651
654
652
653
653
654
659
657
657
660
661
660
661
695
691
664
666
666
684
687
683
670
673
672
673
689
675
681
677
678
679
680
681
683
685
686
686
688
687
689
690
690
691
693
693
694
695
719
697
698
716
701
701
703
703
718
705
717
707
711
709
710
712
712
713
717
715
720
720
718
721
723
721
723
724
724
987
726
732
729
729
730
731
732
988
734
735
746
737
740
739
740
745
742
743
744
745
746
985
748
759
762
759
752
756
754
757
758
757
758
760
760
761
763
764
765
765
766
767
989
769
770
987
791
773
774
775
776
786
778
782
780
781
782
787
785
785
786
787
788
789
790
791
794
793
794
795
991
797
841
800
800
806
803
803
805
805
806
838
808
811
810
812
812
813
844
815
816
817
818
820
820
821
840
823
824
839
827
827
832
829
833
832
834
833
834
839
836
842
841
842
840
843
845
843
845
846
846
849
848
849
990
851
860
853
861
855
856
860
858
859
862
861
862
902
864
905
866
867
873
874
870
873
876
875
875
876
877
877
902
879
880
881
882
903
884
886
886
887
890
889
890
891
901
893
896
895
896
898
898
900
900
901
905
903
904
906
907
908
908
988
913
911
912
913
914
915
985
917
918
919
922
921
922
993
924
925
993
927
929
929
966
931
932
940
935
935
938
937
938
939
940
941
969
945
944
945
966
947
948
949
967
951
953
953
957
955
958
957
958
959
969
961
962
964
964
965
971
967
968
970
971
972
972
986
974
975
982
977
983
980
980
981
982
983
984
992
991
990
997
994
992
996
995
994
996
995
997
998
998
-1
