696
935
715
528
791
716
908
798
787
566
603
618
829
551
971
568
700
529
638
625
847
815
827
850
876
529
569
595
912
958
612
839
695
758
866
799
964
766
504
791
561
891
638
844
684
658
703
799
956
763
534
737
584
920
534
950
752
645
728
844
839
594
960
983
673
524
515
604
904
590
852
923
841
518
874
668
796
706
698
719
540
526
661
792
657
875
874
703
730
613
618
657
616
833
702
932
881
612
846
597
923
808
558
697
573
583
822
615
598
955
508
754
821
832
884
667
656
642
558
761
842
807
519
776
840
830
603
648
794
599
637
502
755
931
560
633
744
962
943
555
749
724
771
512
855
848
761
554
966
632
590
818
820
509
819
653
894
797
513
865
843
934
537
821
903
938
659
681
653
600
836
910
742
663
892
957
856
636
961
550
511
809
783
508
726
580
615
795
552
857
707
679
701
535
563
803
901
532
578
927
804
902
527
901
749
646
516
627
506
506
501
676
675
802
605
651
556
714
968
936
572
571
673
925
523
823
654
527
738
949
632
965
883
857
929
536
815
944
578
564
902
965
891
599
713
864
669
922
729
585
641
649
875
584
594
721
629
905
736
602
878
744
739
507
610
867
554
579
619
776
913
961
924
789
678
973
679
641
746
700
685
872
500
881
539
816
577
943
542
713
733
715
751
544
555
681
924
678
838
931
782
974
745
677
972
705
828
753
566
805
843
908
882
936
688
922
852
591
655
745
770
627
893
682
691
720
810
773
788
782
920
643
905
597
858
698
817
772
631
595
651
525
927
760
945
948
503
660
850
586
514
610
865
714
870
669
840
906
605
940
790
894
583
783
879
592
517
762
752
660
553
756
818
500
945
674
710
820
571
695
871
741
628
938
626
588
868
750
967
680
867
542
591
639
531
722
833
754
684
802
617
739
535
955
763
525
667
567
736
861
581
589
904
521
811
716
675
572
784
834
696
934
913
530
935
870
784
878
623
907
540
971
512
503
807
775
621
880
907
946
712
964
672
648
740
636
609
730
750
846
809
536
975
869
559
755
854
801
756
773
853
718
551
929
725
688
706
760
652
797
682
911
827
804
918
949
872
855
967
545
671
854
671
759
523
942
795
702
543
727
650
770
977
568
974
956
962
611
777
642
501
502
505
504
505
520
507
509
510
510
511
520
513
514
515
516
517
518
519
522
521
522
984
524
985
526
547
528
533
530
531
532
533
548
546
537
538
538
539
541
541
547
543
544
545
546
549
548
549
550
986
552
553
562
557
556
557
563
559
560
561
562
565
564
565
575
567
570
569
570
576
574
573
574
575
576
577
582
579
580
581
582
985
585
587
586
587
588
589
990
593
592
593
635
596
596
607
598
600
601
601
602
608
604
606
606
607
608
609
623
611
614
613
614
620
616
617
622
619
620
621
622
624
624
625
626
630
628
629
630
631
634
633
634
635
990
637
640
639
640
647
644
643
644
645
646
647
986
649
650
662
652
663
654
655
656
662
658
659
665
661
664
664
665
666
666
987
668
670
670
989
672
694
674
687
676
677
690
686
680
692
683
683
686
685
687
689
689
691
690
692
693
693
694
992
729
697
699
699
710
701
707
704
704
705
708
709
708
709
711
711
712
732
728
720
717
717
718
719
721
722
723
723
724
725
726
727
734
731
731
733
732
734
735
735
993
737
738
743
740
741
742
743
747
746
747
748
748
991
779
751
780
753
765
766
757
757
758
759
765
768
762
764
764
767
767
768
769
769
778
771
772
774
774
775
779
777
778
781
780
781
988
786
785
785
786
787
788
789
790
792
793
793
794
984
796
900
798
800
800
801
812
803
806
805
806
813
808
811
810
812
814
813
814
836
816
817
824
819
825
824
822
823
826
825
826
830
828
829
831
831
832
835
834
835
837
837
838
898
895
841
842
897
845
845
849
847
848
849
851
851
863
853
862
859
856
860
858
859
860
861
862
863
864
890
866
888
868
869
885
871
873
873
887
877
876
877
885
879
880
888
882
883
884
886
886
887
889
889
890
895
892
893
898
896
896
897
899
899
900
996
919
903
917
916
906
915
909
909
910
911
912
914
914
915
916
917
918
919
921
921
980
952
926
925
926
928
928
930
930
933
932
933
953
940
937
937
939
939
941
941
942
951
944
946
947
947
948
952
950
951
954
953
954
981
958
957
959
959
960
979
963
963
980
968
966
969
970
969
970
978
972
973
976
975
976
977
978
979
982
981
982
983
995
994
989
987
988
998
991
993
992
994
995
996
997
997
998
-1
