563
748
917
708
852
535
891
533
899
917
562
504
880
672
805
771
957
586
599
514
622
513
627
770
691
776
951
758
600
704
864
617
732
856
546
812
851
612
548
700
729
769
522
501
713
806
890
866
760
767
561
598
587
851
961
630
798
840
666
782
697
538
567
728
598
624
870
531
841
546
539
933
639
849
847
659
959
613
602
524
723
728
822
759
781
958
775
759
824
787
826
752
587
649
658
967
678
903
887
840
673
885
726
844
811
668
596
651
662
801
622
982
821
955
596
550
695
567
523
685
569
790
697
784
853
956
649
976
930
939
771
875
815
773
526
926
667
610
881
605
677
978
981
653
571
957
944
713
641
588
610
825
823
772
630
867
559
656
923
862
671
672
548
717
604
582
513
843
572
896
681
564
883
623
666
695
593
577
635
696
774
925
932
626
725
708
920
700
638
554
646
758
675
500
846
814
675
764
751
684
866
862
803
907
925
527
631
669
637
814
799
679
539
507
943
905
656
719
838
508
688
525
685
730
809
570
855
623
703
709
780
830
865
750
900
590
575
690
600
929
569
698
725
726
634
913
949
950
956
660
618
941
550
973
881
804
775
582
895
583
986
783
720
543
832
520
825
801
541
966
510
954
782
724
514
636
591
731
896
691
667
777
686
761
918
829
981
588
765
637
879
537
813
716
523
897
809
565
655
593
631
707
975
838
883
531
818
898
711
617
698
793
860
684
754
504
837
519
576
795
683
719
677
603
561
747
860
687
836
795
753
584
508
644
823
937
502
842
984
638
570
715
953
747
963
842
937
945
751
733
952
566
950
845
938
542
644
895
554
804
620
857
962
660
927
542
864
810
808
647
890
647
926
786
888
765
645
602
515
802
886
929
797
947
887
923
977
808
619
821
754
682
752
986
799
711
509
893
962
760
709
500
597
852
919
980
512
934
538
788
506
878
854
920
974
506
519
609
703
606
635
723
863
517
714
878
931
974
850
884
901
628
565
589
898
907
627
560
963
748
770
849
654
729
827
781
547
534
629
543
863
885
715
690
836
642
764
954
654
583
940
973
535
803
786
798
856
872
605
549
919
858
518
574
944
933
889
533
681
608
938
586
562
983
642
910
901
558
701
968
812
932
558
817
922
876
674
984
503
520
501
502
503
505
505
994
507
510
509
511
511
512
528
516
515
516
517
518
529
521
521
522
527
524
525
526
528
530
529
530
532
532
557
534
536
536
537
556
540
540
541
544
545
544
545
551
547
552
549
551
553
552
553
555
555
556
557
995
559
560
579
580
563
564
578
566
568
568
579
573
571
572
573
574
575
576
577
578
581
580
581
740
585
584
585
744
594
592
589
590
591
592
595
594
595
612
597
613
599
601
601
615
603
604
607
606
607
608
609
611
611
614
614
615
616
616
621
618
619
620
621
739
624
625
625
626
738
628
629
632
633
632
633
634
663
636
664
639
640
640
641
643
643
651
645
646
648
648
650
650
652
652
653
662
655
657
657
658
659
661
661
663
665
664
665
737
670
668
669
670
671
741
673
674
676
676
680
678
679
680
738
682
683
692
689
686
687
688
689
693
692
694
693
694
741
696
705
699
699
702
701
702
706
704
705
706
707
742
710
710
712
712
720
714
718
716
717
718
721
722
721
722
739
724
734
727
727
735
734
730
731
732
733
736
735
736
737
740
743
742
743
746
744
745
745
746
994
749
749
750
757
756
753
755
755
756
757
794
762
761
762
763
763
768
766
766
767
768
769
792
778
772
773
774
777
776
779
778
779
780
790
785
783
784
785
787
789
788
789
791
791
792
793
794
796
796
797
997
800
800
996
802
831
807
805
806
807
832
816
810
811
817
813
816
815
819
818
819
820
820
831
822
834
824
828
826
827
828
829
830
833
833
834
835
835
993
837
839
839
916
841
845
843
844
846
847
848
848
909
850
877
874
853
854
855
859
857
858
859
861
861
871
870
867
865
868
869
868
869
871
873
872
873
874
875
876
877
912
879
880
882
882
908
884
914
886
894
888
889
892
891
892
893
894
908
906
897
904
899
900
902
902
903
904
905
906
910
909
911
911
913
912
914
915
915
916
991
918
988
921
921
922
924
924
990
928
927
928
970
930
931
934
935
936
935
936
946
941
939
940
942
942
943
946
945
948
947
948
949
971
951
952
953
970
955
965
960
958
959
960
961
966
964
964
965
967
968
969
969
972
971
972
988
979
975
976
977
978
979
980
991
982
983
985
985
987
987
989
989
990
992
992
993
995
996
997
998
998
-1
