694
568
672
962
502
594
535
537
660
696
578
695
622
880
709
727
525
828
931
601
509
794
658
628
876
823
511
975
783
585
799
938
554
671
790
937
554
576
934
698
904
501
526
701
733
583
901
767
866
633
926
766
954
550
838
757
950
951
507
541
679
889
973
968
885
926
954
817
537
796
946
722
576
841
965
674
905
753
628
748
737
675
605
840
829
930
752
730
853
970
957
757
545
520
656
514
663
759
922
596
549
943
963
861
626
762
721
655
763
543
621
900
528
831
688
792
874
528
517
866
783
670
603
941
562
744
884
681
942
665
916
983
735
971
850
907
714
881
506
835
937
693
613
932
736
898
612
609
673
551
503
699
958
630
560
659
918
820
592
620
748
515
928
571
734
819
815
744
593
631
713
939
747
956
571
607
574
882
728
857
803
765
570
629
641
622
792
704
788
723
806
915
967
524
517
604
592
784
690
868
567
859
897
973
813
543
795
927
754
956
600
697
607
545
786
795
739
701
844
824
721
540
634
814
890
550
745
946
820
847
805
948
895
670
909
934
694
741
733
680
877
915
712
772
638
561
584
643
746
834
672
918
635
586
839
899
544
867
787
802
760
605
603
708
544
858
735
684
885
536
722
706
799
511
739
534
707
835
507
516
810
621
931
726
593
949
561
830
658
910
801
667
503
811
716
940
854
801
590
590
912
761
807
911
687
858
972
668
546
955
504
960
535
730
920
796
891
878
903
894
690
894
964
903
683
506
624
573
869
582
896
527
883
822
883
574
705
968
500
881
864
933
577
635
800
575
785
614
624
626
865
861
760
927
843
749
684
542
902
746
513
584
699
662
703
755
620
825
785
534
892
723
941
682
930
870
547
555
500
816
752
862
641
639
960
953
761
749
516
764
834
637
840
519
644
766
519
710
806
907
639
819
588
813
512
860
839
793
691
830
971
945
948
706
664
816
729
671
625
798
864
808
967
606
667
863
889
657
563
942
961
512
764
678
980
600
899
566
860
638
666
609
582
769
758
632
589
581
613
702
530
808
560
566
786
727
890
958
636
505
610
611
740
732
767
712
523
678
713
565
617
615
822
736
902
570
662
583
897
886
740
831
686
962
589
524
726
807
950
853
642
754
523
843
825
905
655
829
591
951
501
502
992
504
505
510
508
508
509
510
557
529
513
514
515
520
518
518
521
522
521
522
530
529
525
526
527
532
531
531
532
533
533
558
539
536
538
538
539
540
541
542
556
552
548
546
547
548
549
551
553
552
553
557
555
556
559
558
559
995
563
562
564
564
565
569
567
568
569
991
572
572
573
578
575
579
577
580
579
580
581
648
651
587
585
586
587
588
597
598
591
596
595
594
595
597
599
598
599
602
601
602
647
604
619
606
608
608
617
610
611
612
614
616
615
616
618
618
619
653
647
623
623
649
625
627
627
648
629
630
631
632
633
634
652
636
637
646
640
640
644
642
643
645
645
646
649
650
650
652
651
653
654
654
997
656
657
661
659
660
661
991
663
664
665
666
669
668
669
718
677
676
673
674
675
676
677
685
679
680
681
682
683
686
685
687
688
689
689
692
691
692
693
719
695
696
697
698
700
700
717
702
703
704
705
711
707
708
709
710
711
718
714
715
715
716
717
720
719
720
993
725
724
724
725
778
781
728
729
731
731
732
778
734
772
738
737
738
743
742
741
742
743
771
745
779
747
751
750
750
751
773
753
756
755
756
774
758
759
775
774
762
763
771
765
770
768
768
769
770
773
776
776
780
775
777
777
779
780
781
782
782
992
784
791
789
787
788
789
790
791
996
793
794
990
797
797
798
856
800
803
802
804
804
805
846
812
809
809
810
811
812
849
814
815
818
817
818
845
821
821
826
823
824
827
826
827
828
851
833
832
832
833
836
837
836
837
838
845
842
841
842
847
844
846
848
848
850
849
851
852
852
855
854
855
856
857
875
859
876
871
862
863
872
865
870
867
868
869
871
873
872
873
874
875
877
878
879
879
880
989
882
887
884
886
888
887
888
921
893
891
892
893
922
895
896
921
898
924
900
901
912
913
904
906
906
908
908
909
910
911
914
913
914
917
916
917
919
919
920
923
923
924
925
925
988
929
928
929
987
936
932
933
935
935
936
986
938
939
940
977
943
944
944
945
947
947
977
949
983
952
952
953
979
955
978
957
959
959
978
961
964
963
966
965
966
981
969
969
970
976
972
974
974
975
976
980
981
979
982
984
982
984
985
985
986
987
988
989
990
993
994
994
996
995
997
998
998
-1
