597
792
885
582
665
968
698
863
862
518
658
935
836
769
531
563
844
911
609
543
787
665
574
525
897
804
688
545
625
523
756
782
864
832
663
750
784
685
918
536
885
658
657
612
824
693
953
735
985
510
926
904
950
991
666
620
963
685
833
631
575
739
512
762
701
897
599
792
838
917
820
825
587
789
542
531
795
581
675
558
957
637
868
828
900
500
669
912
645
500
762
698
718
710
506
797
883
583
632
788
781
510
985
568
730
586
969
518
971
687
648
840
668
617
513
556
719
717
655
736
809
895
819
734
615
582
526
769
892
778
630
912
669
539
514
988
866
692
683
971
871
910
859
764
832
547
561
930
515
914
992
508
890
687
733
953
516
696
628
502
847
919
690
535
770
539
916
918
748
614
585
969
600
928
983
965
728
815
647
631
775
602
787
580
751
604
830
836
742
577
674
974
959
557
771
682
663
845
737
829
732
952
938
742
624
546
970
525
511
526
833
760
668
810
748
573
807
806
941
540
659
783
617
919
981
640
996
641
910
939
847
590
824
987
591
823
674
654
612
700
933
813
891
644
887
747
650
533
767
656
588
615
954
983
579
626
720
662
860
844
766
957
816
557
896
760
872
544
827
960
593
753
537
739
776
536
651
859
898
902
594
602
810
661
750
627
642
562
906
793
621
936
586
558
947
590
954
775
694
743
869
893
596
819
545
894
740
783
538
637
638
720
599
973
941
547
936
598
794
886
878
511
764
509
581
786
613
982
606
874
871
596
981
696
643
813
968
743
694
620
943
521
867
647
786
642
988
678
766
561
774
689
600
660
888
907
503
520
666
595
529
735
654
607
508
908
959
886
630
595
966
524
829
873
646
717
519
683
927
559
589
782
987
899
606
626
808
781
559
899
956
755
502
699
863
624
841
780
660
927
815
915
633
573
644
805
779
914
796
823
751
928
638
741
509
618
608
967
650
770
682
504
906
796
816
866
839
964
523
556
934
812
776
747
821
672
803
564
648
741
828
846
826
677
568
956
862
915
731
619
856
908
803
772
883
651
562
858
576
963
940
528
869
767
605
805
984
916
672
978
738
618
563
503
935
890
788
560
901
949
808
979
970
530
505
942
577
721
501
761
911
701
774
867
728
635
729
692
812
817
501
549
507
504
505
506
507
552
549
550
517
512
513
514
515
516
517
519
520
521
522
522
552
524
534
527
527
528
529
530
532
532
533
534
535
554
537
538
541
540
541
542
543
544
551
546
548
548
553
550
551
553
554
555
555
723
570
571
569
560
567
566
565
564
565
566
567
570
569
572
571
572
724
574
575
576
578
578
579
580
723
584
583
584
585
726
587
588
589
592
591
592
593
594
707
704
597
598
609
601
601
603
603
604
605
610
607
608
611
610
611
705
613
614
616
616
706
621
619
622
623
622
623
703
625
627
629
628
629
636
634
632
633
634
635
636
707
639
639
640
641
705
643
709
645
646
708
649
649
653
652
652
653
706
655
656
657
679
659
680
661
662
664
664
678
667
667
670
671
670
671
673
673
675
676
676
677
679
681
680
681
703
684
684
686
686
691
688
689
690
691
711
693
695
695
697
697
711
699
700
702
702
704
709
708
715
712
710
714
713
712
714
713
715
716
716
725
718
719
722
721
722
724
725
726
727
727
995
729
730
731
732
733
734
757
736
737
738
758
740
744
745
744
746
745
746
756
749
749
753
752
752
754
754
755
757
759
758
759
992
761
763
763
765
765
882
768
768
880
771
773
772
773
877
857
777
777
778
779
780
798
799
785
784
785
798
791
790
789
790
791
801
793
794
795
800
797
799
800
801
802
802
849
804
852
806
807
848
809
811
811
854
814
814
848
818
817
818
822
820
821
822
850
843
825
826
827
842
831
830
831
835
834
834
835
837
837
838
839
840
841
842
843
849
845
846
853
850
851
851
853
852
854
855
855
856
857
858
861
860
861
879
865
864
865
877
874
868
870
870
875
872
873
876
875
876
880
878
879
881
881
882
884
884
945
889
887
888
889
948
891
892
893
894
895
896
903
898
902
900
901
903
905
904
905
945
907
909
909
931
921
913
913
922
921
924
917
923
920
920
922
923
924
925
925
926
932
929
929
930
931
932
933
934
946
937
937
938
939
940
942
943
944
944
948
946
947
949
950
951
951
952
993
955
955
962
958
958
961
960
961
962
978
964
965
966
967
977
975
974
972
972
973
976
975
976
977
980
979
980
995
982
997
984
986
986
989
990
989
990
991
994
993
994
996
997
998
998
-1
