603
646
873
604
665
619
848
763
627
844
584
642
956
812
772
586
850
709
662
831
768
685
663
758
564
730
897
893
667
701
681
961
562
681
872
952
513
933
573
570
628
793
688
922
567
760
972
791
660
505
577
526
880
624
789
946
652
932
872
546
810
737
618
780
571
635
705
665
944
724
895
966
582
830
543
526
567
860
540
787
557
659
537
700
626
602
980
734
685
672
832
553
845
603
696
661
726
928
503
924
771
911
502
738
648
853
727
772
698
808
569
638
741
755
655
587
645
838
751
760
706
932
630
806
867
585
969
885
889
752
723
533
948
945
869
703
704
500
834
945
857
917
670
886
750
922
721
520
640
866
558
776
896
979
814
634
537
854
683
949
961
953
849
539
975
905
616
869
507
560
833
974
783
816
839
849
904
553
678
718
609
867
504
686
903
906
545
519
745
983
636
572
747
675
578
987
692
546
841
534
917
957
954
574
725
662
770
905
987
738
642
807
584
837
958
507
616
853
549
542
615
790
610
559
859
988
745
520
547
648
544
606
716
879
691
602
677
578
847
769
880
861
933
841
674
882
985
680
502
969
962
902
811
956
977
914
589
705
533
790
629
733
568
641
653
765
530
695
624
876
527
963
672
641
611
927
874
913
719
668
944
564
762
817
902
780
923
814
634
505
669
835
710
986
712
747
580
519
510
531
907
978
729
579
770
630
782
680
982
655
669
879
640
682
605
846
651
525
613
815
914
881
623
960
842
892
652
819
576
749
815
965
833
946
563
542
591
804
753
934
636
976
740
713
711
909
638
539
588
835
721
530
763
761
639
856
843
550
674
900
605
924
984
785
562
779
974
965
512
759
565
860
528
551
715
881
844
744
715
690
575
718
504
675
837
522
702
918
964
868
915
744
670
894
931
893
779
702
733
753
901
948
786
807
686
551
749
717
532
547
707
906
927
700
506
840
557
936
792
541
501
788
811
953
786
617
707
518
784
862
805
626
575
910
615
875
952
764
855
978
806
940
909
742
651
926
532
659
962
709
506
500
976
528
622
658
813
713
587
631
627
895
623
874
771
514
610
775
710
511
915
875
664
569
549
984
538
758
870
934
910
666
678
850
898
830
740
512
735
757
586
737
761
736
925
697
955
751
935
621
501
524
503
515
516
508
509
508
509
510
511
514
513
515
517
516
517
518
523
521
521
522
523
524
525
595
527
529
529
599
531
534
535
536
535
536
594
538
593
540
541
592
543
544
545
554
548
548
555
550
552
552
554
556
555
556
561
558
559
560
561
596
563
566
565
566
593
568
596
570
571
572
573
574
581
576
577
580
579
581
583
582
583
597
585
594
589
588
590
590
591
592
595
598
597
598
601
599
600
600
601
614
607
604
608
606
607
608
609
612
611
612
613
614
998
619
617
618
620
620
621
622
825
625
625
826
633
628
629
632
631
632
633
825
635
637
637
650
639
647
644
643
643
644
645
646
647
649
649
650
656
654
653
654
657
656
657
658
828
660
661
827
663
664
820
666
667
668
693
671
671
673
673
693
676
676
677
679
679
694
684
682
683
684
688
687
687
689
689
690
691
692
696
694
695
697
698
699
699
821
701
803
703
704
794
706
708
708
728
729
711
712
714
714
728
716
717
720
719
720
722
722
723
724
725
726
727
731
730
731
732
732
797
734
735
736
794
739
739
743
741
742
743
800
746
746
748
748
796
750
756
752
754
754
755
756
757
795
759
774
767
762
766
764
765
766
767
768
769
775
774
773
773
777
776
777
778
778
795
781
781
782
783
784
785
798
787
788
789
797
791
792
793
800
798
796
799
801
799
801
802
802
803
804
805
820
809
808
809
810
823
812
813
822
817
816
818
818
819
821
822
823
824
824
826
827
828
829
829
997
831
832
990
834
836
836
885
838
839
840
865
842
843
864
845
846
847
848
852
851
851
852
857
854
855
856
858
858
859
863
861
862
863
864
865
866
888
868
871
870
871
884
873
878
877
876
877
878
890
884
883
882
883
886
887
887
889
888
890
891
891
892
993
894
899
896
897
898
899
900
901
941
903
904
942
908
907
908
921
912
911
912
913
920
916
916
919
918
919
920
921
940
923
929
925
926
930
928
929
930
931
937
938
936
935
937
939
938
939
941
943
942
943
990
951
947
947
950
949
950
951
991
971
954
955
958
957
959
959
960
971
968
963
964
967
966
967
968
970
970
973
972
973
993
975
995
977
980
979
981
981
982
983
992
985
986
989
988
989
994
991
992
994
995
996
996
997
998
-1
