942
876
676
773
835
738
751
921
827
920
734
516
642
902
886
524
530
503
862
664
603
841
638
705
905
813
770
657
700
867
651
501
907
636
820
727
798
504
713
842
836
937
708
718
744
905
709
797
792
513
829
791
977
814
598
838
635
868
618
657
842
796
543
939
838
966
688
624
578
739
932
715
877
509
740
726
884
587
528
597
615
753
918
691
758
621
548
563
737
749
913
805
857
577
557
688
654
500
906
899
943
790
852
848
933
965
523
767
806
921
837
703
709
811
827
605
533
511
759
611
818
567
817
916
764
601
908
847
846
560
652
954
715
612
855
732
793
825
909
610
925
813
923
661
509
516
969
882
726
762
628
644
561
896
622
676
650
897
901
740
851
917
929
730
733
632
529
945
507
646
595
937
719
581
713
877
810
690
645
699
681
906
599
666
559
678
870
765
743
545
881
862
847
664
643
528
656
648
551
920
553
567
881
747
606
786
627
641
616
924
707
717
873
624
510
749
710
526
687
809
527
536
510
761
953
939
591
614
889
579
916
655
816
575
963
613
594
828
750
872
571
783
743
710
860
884
896
612
672
669
511
946
818
935
574
785
929
547
793
908
561
600
673
943
609
928
698
670
852
930
861
580
529
646
843
545
760
514
786
758
544
837
824
610
845
655
957
966
592
736
784
871
656
725
866
562
878
819
772
507
942
912
947
841
693
594
730
501
900
796
500
615
869
651
560
919
570
791
805
769
934
586
506
952
834
702
513
833
666
806
731
540
551
724
834
923
738
815
808
861
692
557
817
771
534
799
889
562
639
825
900
503
552
586
775
667
607
607
848
628
854
719
600
731
752
508
961
596
535
704
876
642
783
659
864
663
687
525
634
587
674
748
962
670
788
977
546
517
558
892
752
963
724
565
746
746
933
869
866
898
576
831
769
638
944
775
872
550
582
904
705
856
598
934
831
756
588
716
574
576
784
531
967
534
625
815
871
563
694
718
672
946
859
673
653
631
922
622
540
755
707
888
626
614
951
890
523
931
616
754
564
864
659
867
643
736
910
978
701
635
742
543
518
947
936
828
760
763
606
698
665
525
952
591
546
754
809
951
630
637
554
855
667
542
515
968
767
823
883
771
541
669
580
878
756
690
741
857
967
962
502
502
504
505
505
506
993
508
522
518
512
512
517
514
515
520
519
519
520
521
521
522
983
524
537
526
527
538
532
530
531
532
533
537
535
536
539
538
539
989
541
542
982
544
556
548
547
549
549
550
555
552
553
554
555
556
979
558
559
571
572
569
566
564
565
566
568
568
569
570
573
572
573
585
575
584
577
578
579
583
581
582
583
584
585
590
589
588
589
590
593
592
593
998
595
596
597
603
599
602
601
602
604
604
605
992
608
608
609
981
611
989
613
619
620
617
617
618
619
620
621
623
623
629
625
626
627
630
629
631
632
633
633
634
695
636
637
639
640
640
641
680
649
644
645
647
647
648
649
650
683
652
653
654
679
662
658
658
660
660
661
662
663
685
665
679
668
668
681
671
671
680
675
674
675
677
677
678
684
682
682
684
683
685
686
686
696
689
689
695
691
692
693
694
697
696
697
994
699
700
701
702
703
704
706
706
721
708
711
712
711
712
714
714
722
716
717
720
721
720
723
722
723
729
725
728
727
728
729
979
735
732
733
734
735
800
737
801
739
800
741
742
745
744
745
776
747
748
779
750
751
776
753
777
755
757
757
779
759
763
761
762
764
765
766
766
768
768
781
770
774
772
773
774
778
780
777
778
780
781
782
782
803
789
785
787
787
788
789
790
795
792
794
794
795
802
797
798
799
801
802
803
804
804
988
807
807
808
812
810
811
812
986
814
981
816
821
822
819
820
821
822
823
824
826
826
983
830
829
830
832
832
833
986
835
836
840
839
839
840
985
843
844
844
845
846
849
850
849
850
851
853
853
854
990
856
858
858
859
860
984
863
863
865
865
970
891
868
892
870
873
874
875
874
875
891
880
879
879
880
886
882
883
885
885
887
887
888
894
890
893
893
894
895
895
973
897
898
899
902
901
903
903
904
911
912
907
911
909
910
914
913
914
915
915
970
917
918
919
971
927
922
924
926
925
926
927
928
956
930
931
932
956
941
935
936
938
938
940
940
941
959
948
944
945
949
948
950
949
950
958
955
953
954
955
957
958
959
960
960
961
973
964
964
965
975
972
968
969
974
971
972
974
975
976
976
980
978
982
980
985
987
988
984
987
990
995
992
991
991
993
996
995
994
996
997
997
998
-1
