775
804
808
514
509
781
824
919
941
915
505
703
802
857
864
546
850
552
719
762
593
524
525
664
602
712
720
957
865
661
611
595
901
519
752
755
723
870
794
698
643
792
735
696
646
848
506
632
527
573
895
541
798
552
585
865
734
617
660
728
544
671
849
939
917
875
914
894
976
549
590
828
736
619
511
579
742
749
760
567
794
888
917
516
703
541
530
666
861
537
729
935
640
956
805
630
820
704
776
673
584
968
545
821
707
893
724
863
788
617
580
581
951
842
625
819
523
671
981
577
843
656
824
906
738
807
660
750
717
543
606
929
799
941
639
976
908
631
916
925
740
919
613
727
561
802
518
515
680
991
847
529
853
503
772
787
836
818
868
756
800
848
562
554
725
681
558
741
561
982
628
540
879
507
733
588
968
621
573
583
940
870
763
622
790
719
520
961
836
608
589
637
813
592
792
926
602
905
967
875
758
555
914
901
628
933
960
737
510
859
764
849
828
657
696
981
620
902
620
668
604
826
572
955
888
803
673
714
591
527
629
900
843
681
731
752
817
503
837
694
785
818
730
749
630
778
732
553
641
793
937
593
718
597
536
911
894
796
911
712
644
851
501
530
813
826
956
872
859
578
591
780
679
739
972
878
960
953
950
500
762
543
871
825
587
936
727
611
555
647
952
954
516
658
603
891
753
742
776
675
920
966
693
722
928
971
873
736
640
972
895
618
750
574
950
501
985
904
846
942
559
970
971
626
532
563
791
612
931
852
930
531
677
907
860
709
891
507
625
754
892
890
672
645
614
975
532
889
778
608
810
963
775
961
548
839
784
944
557
798
582
603
755
758
838
924
692
610
896
697
724
627
814
974
869
947
576
847
910
713
743
932
811
588
734
544
816
816
882
851
966
925
779
554
637
557
759
658
522
500
526
880
922
844
609
529
515
786
893
949
958
531
587
699
868
867
519
783
612
643
564
729
995
842
810
534
553
641
939
540
923
783
605
965
964
502
877
931
977
670
621
721
874
663
811
970
577
684
927
659
691
740
861
683
814
635
838
730
589
585
695
923
962
594
759
665
803
957
558
669
691
725
679
697
693
635
694
609
846
508
827
596
569
935
862
823
583
523
920
574
566
844
933
743
656
982
504
785
659
717
716
502
512
504
505
506
513
508
509
510
511
512
513
514
705
517
517
518
520
521
521
522
708
524
525
526
528
528
537
538
535
533
533
534
535
536
539
538
539
549
542
542
550
545
547
546
547
548
551
550
551
688
565
568
556
556
565
560
559
560
568
562
563
564
570
566
567
569
570
571
571
572
689
575
575
576
688
578
579
580
581
582
687
584
586
586
649
601
600
590
598
592
596
594
595
597
599
598
599
600
601
652
607
604
605
606
607
648
654
610
615
613
614
616
615
616
648
618
619
622
623
624
623
624
650
626
627
632
629
633
631
634
633
634
636
636
638
638
639
649
642
642
653
644
645
646
647
650
651
651
653
652
654
655
655
685
657
678
664
661
662
662
663
665
666
667
667
668
669
670
675
672
674
674
676
676
677
678
682
680
682
685
683
684
686
686
687
690
689
690
705
692
706
700
695
701
700
698
699
702
701
702
708
704
710
706
707
709
710
711
711
715
713
714
715
716
996
718
766
720
721
722
723
769
726
726
766
728
768
767
731
732
733
748
735
747
737
738
739
744
741
745
744
746
745
746
747
748
767
751
751
770
753
754
757
756
757
769
761
760
761
763
764
765
765
772
770
768
771
773
771
773
774
774
997
777
777
780
779
782
781
782
833
784
789
786
787
788
789
790
791
797
793
795
795
796
797
801
799
800
801
809
806
804
805
806
807
808
809
834
812
812
833
815
815
830
817
821
819
820
822
822
823
831
825
829
827
830
829
832
831
832
835
834
835
841
837
840
839
840
841
996
881
845
845
884
858
852
853
850
855
854
854
855
856
856
857
858
880
860
886
862
863
864
866
866
867
882
869
881
871
872
873
874
876
876
877
878
879
885
883
883
885
884
886
887
887
913
889
890
908
892
898
899
897
896
897
898
899
900
902
903
903
904
905
906
907
909
909
910
912
912
913
992
915
916
918
918
993
921
921
922
991
924
947
926
927
928
929
930
944
932
934
934
938
936
937
938
945
940
943
942
943
946
945
946
948
948
949
984
951
952
953
954
955
987
959
958
959
983
989
962
963
964
965
983
967
969
969
978
979
973
973
974
975
977
978
980
979
980
985
984
988
986
986
988
987
989
990
990
992
994
993
994
995
998
997
998
-1
