1 0 6 1 0 0 1 2 1 0 1 0 0 1 0 3 1 0 0 1 1 1 0 0 0 1 0 0 0 0 1 0 2 0 0 0 0 1 0 0 2 0 0 0 0 0 0 0 0 1 3 1 0 0 0 1 0 0 2 0 0 1 1 0 1 0 0 0 0 1 0 1 0 0 0 1 0 0 0 1 0 0 0 0 0 0 0 0 2 0 0 2 0 2 2 0 1 0 2 0
0 0 0 0 0 1 0 3 0 1 1 0 1 0 0 2 0 0 0 1 0 1 0 0 0 0 0 1 0 0 0 0 0 0 0 1 2 2 0 0 0 0 0 0 0 1 0 0 0 0 0 0 0 0 0 1 0 0 0 1 0 0 0 0 1 0 0 0 1 0 0 0 2 0 0 0 0 0 0 0 1 0 0 0 0 0 0 1 0 2 1 0 3 2 0 0 0 2 0 0
16 11 5 22 0 5 10 0 7 11 8 1 23 7 2 2 5 4 15 6 8 14 0 1 8 8 10 26 12 6 5 5 1 1 3 2 3 2 5 0 5 17 7 21 2 0 18 3 1 15 0 7 5 14 6 0 3 5 1 0 1 0 0 14 16 6 7 1 2 0 1 18 1 0 3 1 1 7 3 6 1 2 1 11 6 2 6 24 14 23 2 2 1 4 6 0 16 2 4 4
0 0 0 0 1 0 0 0 1 1 0 0 0 2 4 1 0 2 0 2 0 0 0 2 0 0 3 0 1 2 0 0 0 0 0 1 0 0 0 1 0 0 0 0 0 0 0 1 0 0 0 1 0 0 0 0 0 2 2 0 3 0 0 1 0 0 0 0 1 0 0 0 0 0 1 2 0 0 0 0 0 0 0 0 0 2 0 0 0 0 0 2 0 0 0 2 0 0 0 1
10 2 7 12 12 4 7 0 1 37 1 7 16 2 6 5 6 2 11 1 33 1 10 15 7 21 6 3 2 0 0 7 0 3 8 7 6 12 12 9 30 14 5 1 3 26 2 11 26 2 7 10 1 2 1 0 19 22 1 12 16 4 60 1 16 16 8 7 3 8 0 18 5 3 0 3 0 5 0 5 6 10 4 29 4 7 3 8 13 1 3 5 14 2 5 9 0 4 2 3
3 23 3 1 0 3 1 0 3 5 6 4 0 4 7 0 0 0 10 0 5 5 3 2 16 0 13 3 0 6 3 3 2 0 2 1 2 4 0 1 2 1 4 0 1 7 3 0 4 6 2 8 3 0 0 0 2 4 1 4 1 3 0 2 1 0 2 4 4 9 2 6 0 6 2 0 1 0 3 1 0 0 4 6 0 3 0 0 1 1 2 7 7 1 13 2 5 1 10 6
1 5 18 2 4 20 4 1 0 1 11 0 1 3 5 0 6 2 1 1 1 0 1 3 8 0 3 4 10 1 2 1 0 6 0 3 2 0 3 6 2 14 16 6 3 4 13 3 13 1 21 2 0 6 0 2 4 1 3 12 0 1 0 1 4 13 5 6 1 1 0 0 3 1 19 5 6 1 1 3 4 0 16 7 5 8 2 6 9 10 2 6 9 1 2 6 1 1 0 0
11 4 23 4 11 3 9 1 1 27 21 4 7 4 7 10 1 3 4 3 13 1 5 0 7 3 0 7 5 0 14 3 26 0 2 3 5 4 8 19 15 9 3 27 7 4 9 1 8 1 2 1 12 12 8 1 4 2 2 3 1 16 29 8 0 9 0 2 5 11 5 0 2 5 3 11 11 6 1 10 14 3 0 6 2 25 1 5 7 19 4 5 10 6 9 22 25 0 1 2
8 1 15 2 0 2 9 3 8 0 6 18 2 19 4 13 8 0 9 2 2 12 0 5 6 6 9 0 10 3 3 12 8 15 8 2 1 4 0 0 8 3 30 0 3 3 3 0 0 2 5 3 2 1 6 0 3 5 2 0 3 14 22 0 1 3 0 1 4 0 5 3 2 3 2 0 2 0 4 3 5 7 1 1 2 0 10 8 0 3 1 5 2 4 10 2 3 0 3 6
2 0 1 1 2 1 0 0 4 8 1 2 2 0 2 12 0 3 9 8 1 11 5 1 4 0 0 3 8 3 1 0 5 4 5 8 1 4 0 6 5 4 0 0 2 6 1 0 16 6 2 10 0 6 1 0 0 12 1 0 2 3 4 0 0 3 1 2 5 3 1 3 1 7 13 2 25 1 7 1 0 0 1 1 1 8 3 3 0 3 7 2 3 2 6 1 0 0 1 8
13 0 4 0 13 6 0 10 1 1 1 1 0 2 11 2 3 11 13 1 3 0 1 0 2 5 5 7 9 2 9 3 5 1 4 2 9 1 4 2 16 0 10 1 4 3 3 4 1 0 1 3 1 15 0 0 19 8 4 4 1 18 3 0 2 0 8 1 1 2 0 3 0 1 4 4 0 10 3 0 3 2 8 1 8 7 1 0 0 6 2 1 12 1 3 9 4 14 1 0
3 4 23 10 5 4 3 3 0 4 7 4 0 8 17 9 6 1 7 1 3 0 2 1 3 8 3 4 5 2 3 1 2 1 13 4 2 21 5 0 1 12 0 1 1 11 0 1 0 3 0 3 3 1 6 3 0 11 3 0 3 9 2 2 0 0 8 4 6 2 2 1 2 0 12 3 0 0 8 7 0 4 0 3 4 9 0 2 10 17 4 1 2 5 1 8 13 7 0 2
0 0 0 0 2 0 6 0 1 0 0 0 0 0 0 0 3 0 0 0 0 0 0 0 0 0 0 1 0 0 0 2 0 1 1 1 0 0 0 0 0 0 3 0 0 0 1 1 1 0 4 0 0 0 2 0 1 0 0 0 3 0 0 2 0 1 0 0 0 0 0 3 0 0 0 0 2 1 1 0 1 3 2 0 1 1 2 1 0 0 0 0 1 0 0 0 1 0 0 0
18 14 19 1 24 18 19 4 2 20 12 12 5 4 5 0 12 9 16 15 1 9 1 9 0 2 12 26 6 8 4 35 27 3 16 3 11 3 4 5 9 12 7 14 11 8 14 24 3 14 2 20 10 11 14 3 3 15 11 4 6 6 36 3 0 12 11 5 3 8 9 5 7 8 10 2 3 12 0 10 11 7 13 33 3 2 7 13 0 1 0 10 13 1 1 6 4 5 10 3
30 7 2 5 4 10 8 0 10 14 6 5 1 0 1 11 0 3 1 0 4 18 1 26 3 6 9 32 20 0 17 4 14 21 6 4 3 0 20 24 3 1 1 4 3 5 17 3 1 11 10 5 5 8 11 43 7 0 6 15 4 8 2 6 4 11 4 3 0 34 11 0 1 5 7 5 30 37 2 3 5 16 9 3 8 13 16 15 2 1 0 7 5 4 6 18 5 7 14 2
0 6 13 0 5 6 0 8 6 1 10 21 1 11 6 7 27 3 13 1 2 8 6 7 19 7 5 28 4 4 1 5 17 4 1 4 16 3 4 6 3 9 5 8 0 9 17 16 4 3 0 15 6 7 1 2 10 0 1 4 1 8 0 14 18 2 5 0 6 9 7 6 1 10 14 6 2 21 1 1 7 6 6 10 13 3 1 7 1 0 8 0 4 17 6 5 0 1 8 4
11 0 0 0 2 0 1 5 5 0 0 1 1 0 0 3 0 1 3 7 1 9 1 0 0 1 2 0 14 0 0 0 1 13 0 0 2 2 0 5 1 0 7 0 3 0 3 0 13 12 2 0 1 0 0 4 3 0 15 2 1 0 2 2 0 5 2 0 1 1 0 12 0 0 0 2 11 0 1 12 0 0 10 0 2 1 5 1 2 2 9 2 12 5 6 0 3 8 1 6
13 10 6 1 3 8 3 3 5 8 6 4 12 2 8 1 32 20 18 0 0 12 6 3 6 2 2 8 2 2 16 11 5 4 3 18 8 6 13 14 22 10 19 2 4 1 0 6 3 2 4 3 4 7 1 0 6 12 11 6 10 4 17 6 8 0 1 21 0 6 8 14 6 0 20 3 6 5 3 5 2 2 15 3 10 5 0 7 2 5 14 1 34 22 2 15 8 9 5 1
0 1 0 0 0 1 0 0 1 0 0 0 1 0 2 1 0 0 1 1 0 0 0 0 0 1 1 0 1 0 0 0 0 1 0 0 4 0 0 0 2 0 1 0 1 0 0 0 1 0 0 1 0 0 4 0 2 0 0 0 13 2 2 0 0 0 0 0 1 0 1 0 0 1 0 1 0 0 1 0 0 0 1 1 1 0 0 2 0 0 0 0 0 0 0 0 1 0 1 1
0 2 1 18 1 1 2 2 7 4 16 3 3 18 1 2 3 2 9 5 23 3 1 2 20 3 7 4 12 5 10 3 0 9 0 3 7 7 5 4 5 4 3 13 1 2 1 1 11 2 1 1 1 1 1 1 0 0 7 4 3 10 0 6 24 0 6 7 3 3 6 2 5 1 8 5 10 5 10 2 2 1 0 2 0 1 0 38 10 3 3 9 3 1 0 2 2 1 1 0
0 2 0 0 13 0 0 1 0 0 0 1 0 0 0 0 1 4 0 0 4 1 1 0 0 0 0 8 6 0 1 2 0 0 1 0 1 0 0 0 2 2 0 0 10 0 0 0 0 0 0 1 0 0 1 0 0 0 0 0 0 1 0 0 0 0 0 0 3 0 1 0 1 2 1 0 5 0 0 0 0 0 0 1 0 11 0 3 1 0 0 0 0 0 1 0 0 1 1 0
0 0 0 1 0 0 0 0 0 0 3 0 1 1 0 1 0 0 0 0 1 0 0 0 1 2 0 0 1 0 3 0 1 0 0 1 0 0 0 0 1 1 0 1 0 0 0 0 0 0 1 2 1 0 1 0 0 1 0 0 0 0 0 2 0 0 0 1 0 1 1 0 0 0 1 1 0 2 0 0 0 0 0 0 0 0 0 4 0 2 0 0 0 0 0 0 0 0 0 2
3 0 8 1 3 3 0 2 9 0 2 0 8 2 8 3 0 0 16 13 1 7 2 0 0 1 6 3 6 0 0 0 0 16 5 0 1 0 0 7 0 3 0 1 2 1 2 1 5 2 6 0 0 1 0 3 3 0 5 6 1 3 3 0 0 1 4 0 3 10 0 5 1 23 14 0 0 0 0 1 0 1 5 2 4 0 2 1 0 1 5 0 6 4 7 2 0 9 1 4
1 0 0 0 1 0 0 2 0 0 2 0 1 1 0 0 0 0 0 1 0 0 1 1 1 0 0 1 2 0 0 0 0 0 6 1 1 0 0 0 0 1 0 0 0 0 2 1 0 0 0 0 0 3 0 0 0 6 1 0 0 0 0 0 0 0 0 0 0 0 1 0 1 0 1 0 0 0 0 2 0 0 1 0 1 0 0 0 0 0 0 1 1 0 0 0 0 1 2 1
0 0 1 2 0 1 1 0 0 1 0 0 0 1 0 0 1 0 0 0 0 0 0 0 2 0 0 0 4 0 0 0 0 1 0 0 1 0 0 0 1 0 1 1 0 0 1 0 3 0 0 1 0 0 0 1 1 0 0 0 0 0 0 0 1 1 0 1 3 0 1 1 0 0 0 0 0 0 0 0 0 0 0 0 0 4 0 2 2 0 0 2 0 0 2 1 0 1 4 0
28 17 1 13 0 6 6 3 1 3 7 1 17 11 1 5 0 0 15 6 1 1 2 2 1 3 1 17 5 23 2 17 10 0 3 6 4 9 0 4 16 1 4 6 2 0 26 2 15 7 1 4 1 9 7 10 3 2 5 2 11 10 9 3 1 25 3 5 6 13 12 1 20 19 17 16 1 12 3 19 12 7 5 1 1 6 3 15 7 1 5 4 0 2 15 7 1 11 0 0
3 0 0 6 4 2 0 15 5 8 3 8 5 11 12 6 0 0 6 55 15 2 2 16 2 10 41 3 15 11 21 3 1 3 8 0 1 6 10 6 2 8 44 25 23 37 0 1 7 4 2 0 3 2 3 6 2 9 10 28 6 2 1 1 6 11 0 9 3 2 12 5 7 8 5 2 24 12 7 1 7 2 13 4 4 5 9 0 3 5 17 4 7 0 10 9 34 8 0 1
0 0 0 2 4 0 0 1 0 0 1 4 1 2 0 1 0 0 3 0 6 0 0 0 0 1 0 0 0 1 0 1 0 0 0 1 4 0 0 0 0 1 0 1 0 0 0 0 0 0 1 0 1 0 2 0 1 2 0 0 0 1 0 0 0 1 2 0 5 0 0 0 0 2 0 0 0 2 0 0 0 0 1 0 0 0 0 0 1 0 0 1 0 0 1 0 0 0 0 0
0 0 0 1 0 0 0 1 0 1 1 0 2 1 0 0 1 2 0 0 0 0 0 0 0 0 0 1 1 1 2 1 0 0 0 0 0 0 0 0 0 1 0 1 0 1 2 0 1 1 0 0 1 1 0 0 0 1 0 0 0 0 8 0 0 0 0 0 3 0 0 0 1 0 0 0 0 0 0 0 0 0 0 0 0 0 0 0 0 0 3 4 0 1 3 0 1 0 1 7
0 1 1 1 0 0 0 0 0 0 0 1 0 0 0 0 1 0 0 4 1 0 0 0 0 1 1 0 0 0 0 0 0 2 0 2 0 0 1 2 0 0 0 0 0 0 1 0 0 0 1 2 0 2 0 1 0 0 0 2 1 0 0 0 0 3 0 0 1 0 0 0 5 0 3 0 0 0 0 0 0 0 1 0 0 4 1 0 0 0 0 0 2 4 0 1 0 0 10 0
0 2 0 20 0 0 4 0 0 0 0 0 0 0 0 2 0 1 0 0 0 0 1 1 1 1 0 0 1 1 0 0 0 0 0 0 0 0 1 1 0 1 1 1 0 0 1 0 0 0 1 0 0 0 0 2 0 1 0 0 1 0 0 0 1 0 0 0 0 0 0 0 0 0 0 0 0 0 1 0 2 14 0 0 1 2 1 0 0 0 0 0 1 0 0 2 0 0 1 1
1 0 1 1 6 0 0 0 1 0 0 7 0 0 2 2 0 2 2 0 7 0 1 0 0 0 0 6 2 0 0 0 0 1 0 0 0 1 5 1 0 10 0 0 7 0 0 0 0 0 0 0 2 0 2 0 0 0 1 1 1 0 2 1 1 1 0 0 0 1 1 0 0 0 0 0 0 0 6 0 0 0 0 0 1 0 0 0 0 0 0 0 0 1 0 0 0 1 0 0
0 0 1 27 12 2 1 10 24 1 0 20 6 5 4 5 3 14 6 5 1 2 0 3 2 13 15 3 9 14 3 7 3 5 9 6 3 15 6 15 3 9 7 2 0 14 1 0 8 12 3 17 6 1 15 20 18 35 3 10 12 5 15 4 44 1 0 7 0 1 6 0 1 2 9 22 1 1 13 8 5 1 1 9 5 8 8 6 3 5 8 2 11 2 8 1 1 8 0 14
0 1 2 4 4 14 7 10 0 0 26 1 3 8 11 5 4 3 0 2 3 5 4 5 9 3 6 2 4 11 12 8 9 6 4 12 40 3 4 4 21 7 6 8 1 0 9 2 40 5 0 9 1 19 25 0 1 25 13 6 0 10 13 12 5 1 0 0 14 13 1 6 1 15 22 19 8 7 10 29 1 0 3 1 9 6 4 9 6 17 10 4 1 1 17 16 1 10 4 3
3 12 0 18 13 1 2 35 30 3 6 6 1 8 15 1 14 8 8 13 15 11 7 14 3 2 9 1 2 5 3 1 1 6 7 4 13 16 3 2 17 7 5 4 2 0 9 11 6 0 3 1 30 3 8 2 1 6 11 2 9 24 14 7 13 2 21 3 7 1 4 0 2 1 1 0 0 9 16 2 0 11 2 4 6 13 9 2 7 9 3 1 2 4 9 1 12 0 11 11
6 6 0 37 1 2 42 3 2 6 12 0 23 0 19 4 1 1 7 6 5 7 1 14 9 6 24 6 0 7 2 5 0 0 5 5 23 7 0 4 0 5 4 12 13 7 24 1 0 1 0 8 3 2 11 1 2 17 2 8 1 15 29 10 8 1 1 4 5 0 4 1 10 6 2 4 0 4 1 6 2 1 0 3 5 3 9 13 12 1 4 2 9 3 2 0 22 5 10 20
11 18 9 2 1 9 1 11 5 2 10 2 0 3 8 6 15 0 0 6 10 0 10 5 5 16 2 3 2 1 13 6 8 10 3 9 5 8 2 2 0 7 8 20 2 0 8 13 3 11 1 23 17 5 13 13 5 11 3 11 9 4 5 11 9 20 12 24 13 6 15 4 1 0 1 9 10 6 7 2 0 8 2 20 1 0 12 6 0 1 1 11 1 9 5 11 1 13 8 4
4 2 8 12 15 0 5 1 24 0 1 2 12 7 4 6 2 23 14 2 0 13 9 9 5 9 1 9 14 2 18 7 1 4 4 11 3 33 12 6 3 5 6 6 5 0 10 6 5 18 21 0 5 4 29 14 2 1 0 1 6 0 10 45 5 4 8 7 56 11 1 12 2 1 1 1 4 22 2 1 4 9 4 2 10 9 0 17 7 1 0 2 4 0 5 3 8 19 9 1
0 0 0 0 0 2 0 1 1 0 0 5 0 12 0 0 0 0 0 1 0 0 6 0 0 3 1 0 0 1 4 0 8 2 0 0 13 0 0 0 0 1 0 0 0 0 1 0 0 0 1 0 0 1 0 12 8 1 2 1 0 0 0 1 0 0 1 1 0 0 0 1 0 0 2 1 2 0 0 0 0 0 19 1 0 1 0 0 0 1 0 1 0 5 2 2 0 2 2 0
4 8 2 21 20 11 1 15 5 1 6 6 8 34 9 6 0 2 6 15 5 1 2 3 14 3 5 0 2 3 4 2 12 23 2 11 0 7 18 10 0 13 10 7 22 8 7 5 19 5 12 3 4 1 0 9 9 3 14 3 2 20 2 5 0 0 31 5 2 10 8 4 1 1 14 1 4 27 11 23 4 18 0 8 2 20 0 7 1 0 2 17 12 5 9 2 0 26 2 10
0 15 1 16 0 1 4 2 4 2 0 6 1 14 19 0 5 6 6 0 0 4 1 1 4 20 1 1 0 0 0 2 7 4 3 3 0 1 1 3 2 7 4 9 0 1 18 3 0 2 7 1 0 1 28 2 0 2 1 2 1 1 3 0 25 0 1 5 3 1 3 2 4 7 0 4 10 2 1 5 20 13 1 4 4 3 2 0 1 9 2 16 0 2 3 4 0 0 5 7
1 2 5 0 0 2 0 2 1 0 0 0 0 0 10 0 4 1 0 3 0 1 9 0 0 0 0 1 1 0 1 0 1 2 0 0 3 0 1 0 1 0 0 1 0 0 0 0 1 0 2 0 0 0 0 2 0 0 1 0 2 0 0 1 0 0 0 0 0 1 0 1 0 0 1 0 0 0 0 0 1 0 6 0 0 0 0 2 0 0 0 3 1 1 0 1 0 1 3 0
16 5 4 8 3 0 13 8 3 5 1 1 0 3 3 0 6 17 0 1 8 0 17 4 5 1 4 12 2 1 2 6 5 0 2 2 1 10 2 9 8 2 8 1 4 11 9 0 3 11 2 3 2 4 7 0 2 1 4 3 12 0 1 0 0 8 7 5 3 1 5 0 3 4 8 4 5 5 4 4 1 1 0 6 7 4 3 3 0 0 5 0 0 11 0 12 2 0 0 1
21 6 11 1 2 0 2 2 2 2 6 0 10 9 0 0 0 6 11 4 3 3 4 3 7 21 8 7 4 0 4 0 2 4 6 9 2 11 6 1 6 5 1 3 4 3 2 5 0 1 2 0 0 0 0 7 2 8 10 0 8 1 2 3 9 27 4 0 1 0 4 0 4 2 1 3 3 3 1 1 0 8 0 0 5 2 4 0 1 1 1 3 4 0 25 6 2 9 2 6
5 0 0 3 0 10 6 2 2 30 6 0 15 3 2 5 12 40 10 25 7 7 1 11 10 10 8 0 13 10 3 5 7 3 29 1 10 6 9 3 2 5 2 5 0 4 1 13 11 5 1 15 0 1 1 33 10 4 14 4 24 5 23 15 2 1 31 21 3 1 4 4 7 18 5 5 16 4 17 1 4 15 7 5 14 0 3 7 5 13 1 1 7 11 7 2 0 1 3 6
0 0 1 0 0 0 1 0 1 1 0 0 0 0 0 0 0 0 1 0 0 0 0 1 0 0 0 0 1 0 0 3 0 0 0 0 0 0 1 0 1 1 0 2 0 1 0 2 0 1 0 0 0 0 0 0 0 1 0 1 0 2 0 1 0 1 0 0 1 0 0 0 0 0 0 1 3 0 0 0 0 0 0 0 0 2 1 0 1 0 1 0 1 1 0 0 1 0 0 1
7 6 3 6 13 5 2 4 5 16 1 5 7 5 2 0 4 3 2 2 4 0 3 21 0 4 5 0 8 0 0 3 3 0 3 14 4 0 4 6 0 4 1 14 2 2 2 1 23 6 1 0 0 13 2 3 7 5 3 7 21 2 19 8 7 13 8 6 34 2 7 4 2 3 6 50 3 13 8 32 0 1 8 13 1 4 2 0 11 2 13 0 11 8 2 1 1 5 3 5
4 5 6 5 1 0 2 35 0 0 0 3 3 6 4 1 2 6 1 6 4 0 3 3 0 1 2 2 8 4 2 3 3 4 5 14 0 5 11 16 1 1 1 10 4 3 3 7 4 2 4 6 8 3 2 5 24 1 3 12 0 18 2 1 2 5 14 15 0 28 3 9 2 0 14 6 0 0 0 6 0 0 3 4 3 5 1 10 0 2 3 8 12 9 0 0 1 0 9 1
10 2 0 2 1 4 1 6 17 3 5 6 8 5 8 2 2 5 28 2 5 3 8 2 2 0 3 19 37 0 1 8 11 23 1 1 2 1 0 7 1 1 2 0 1 3 0 0 11 14 0 6 9 1 1 7 0 3 13 6 14 4 0 10 6 8 43 1 0 9 7 5 11 2 2 2 3 35 5 1 0 2 6 8 10 36 2 24 3 1 1 5 7 4 7 0 1 12 16 1
13 16 4 9 15 0 13 7 7 12 6 8 2 10 4 0 9 14 1 2 1 25 19 0 16 0 5 5 30 10 18 7 8 14 11 0 7 3 19 3 0 5 1 14 4 4 1 0 7 9 12 12 15 2 10 1 0 18 0 1 11 2 5 8 8 8 20 2 11 2 2 1 2 1 12 16 8 17 1 3 0 3 3 36 3 5 7 6 2 19 0 5 7 2 2 11 21 11 1 11
