3 1 1 2 4 0 16 7 1 1 2 0 6 0 6 0 1 2 0 1 4 5 0 3 7 5 1 1 4 2 4 3 0 8 8 3 0 0 8 2 1 2 2 0 2 0 8 3 1 3 6 3 4 6 0 15 3 1 9 2 6 4 9 0 2 6 2 2 0 1 4 0 0 7 2 4 2 0 0 9 1 2 1 7 1 6 0 2 0 1 1 2 1 4 2 2 8 2 5 7
0 0 0 0 1 1 0 0 0 1 0 1 1 0 1 1 0 0 0 5 1 0 2 0 2 0 0 0 0 5 1 1 0 0 0 0 0 1 0 0 0 3 1 0 0 0 0 0 0 0 0 0 0 0 0 0 1 0 1 2 2 0 0 1 1 0 0 0 1 0 0 0 0 3 1 0 1 3 1 0 0 0 2 0 0 0 0 0 0 0 0 0 1 0 0 0 0 1 1 0
0 0 0 0 2 0 0 0 0 2 0 0 0 0 0 0 0 1 3 1 0 0 0 0 0 0 0 0 1 0 0 0 0 0 0 0 1 0 2 0 1 0 0 1 10 0 2 0 1 2 0 1 1 1 0 1 1 0 0 0 0 6 0 0 0 0 1 0 0 0 1 0 3 0 0 0 1 1 0 0 0 0 0 0 0 1 0 1 0 0 0 0 1 1 2 1 0 0 1 0
3 4 31 4 1 2 1 1 8 2 0 3 2 1 22 0 22 6 0 9 28 0 17 0 4 2 3 5 10 3 1 0 10 2 3 19 1 6 10 2 9 29 7 10 33 3 8 6 0 10 4 15 11 9 6 9 20 7 0 1 5 1 5 1 3 2 6 1 2 3 0 0 2 14 4 4 7 6 6 15 1 0 3 5 15 26 1 14 15 1 4 0 5 11 2 1 11 21 5 1
2 14 0 2 0 1 8 3 0 3 0 7 3 18 8 7 3 4 2 16 16 6 0 7 5 4 1 1 3 3 2 0 3 5 5 1 12 11 28 14 3 5 3 0 3 2 9 0 4 1 8 0 5 0 7 10 1 13 0 0 5 29 6 11 0 1 6 1 0 0 2 4 2 6 6 3 5 13 19 4 7 2 8 2 17 3 4 6 3 4 0 0 8 0 1 2 0 1 2 6
0 1 0 0 0 0 1 0 0 0 0 0 0 0 0 0 0 0 0 0 0 0 0 0 0 0 1 0 0 0 0 4 0 0 0 0 0 0 1 0 1 0 0 0 0 0 1 1 0 0 0 0 0 0 0 0 1 0 0 0 0 0 0 0 0 0 0 0 0 0 0 3 1 0 0 1 2 2 0 2 0 0 1 0 0 0 0 2 0 0 0 0 1 0 0 0 0 4 0 0
3 9 6 4 6 38 14 7 5 7 12 9 4 2 0 8 14 2 5 12 1 0 7 0 13 3 10 6 0 18 6 1 6 5 3 2 9 13 7 9 13 1 0 14 9 22 30 13 3 4 3 3 19 7 19 10 4 2 16 0 0 5 2 0 1 2 5 7 2 0 12 29 0 13 0 9 10 4 0 1 0 0 10 1 3 24 11 3 1 15 7 4 1 7 9 3 9 0 5 14
0 1 0 0 0 0 0 0 0 0 0 0 0 0 2 0 0 0 2 0 0 1 0 0 1 0 0 2 0 2 1 0 1 0 0 0 0 0 0 0 1 0 0 0 0 2 0 0 0 2 0 0 0 0 1 2 0 0 1 0 0 0 0 0 0 1 0 0 0 0 0 0 0 0 0 0 0 0 0 0 0 0 0 0 0 0 0 0 0 0 0 0 0 0 0 0 1 1 0 3
4 1 5 0 1 0 6 0 7 0 0 0 15 14 3 0 5 2 1 2 7 12 0 3 1 1 4 12 1 9 4 7 1 15 0 8 9 6 1 6 5 0 1 4 1 0 2 17 7 0 1 1 5 18 1 6 0 7 6 0 0 13 5 10 20 5 5 0 2 1 8 3 0 3 1 1 7 1 12 1 3 5 0 0 8 8 6 8 2 1 2 2 8 8 1 1 4 10 2 10
2 4 4 0 2 0 1 0 12 8 5 1 2 0 13 1 0 2 1 5 1 8 1 1 2 0 11 10 2 0 1 1 5 0 6 4 9 0 0 1 4 0 0 3 3 9 4 1 3 2 18 1 5 2 0 8 1 3 14 2 0 2 7 0 3 1 1 9 6 2 3 4 11 5 1 1 14 3 10 0 0 2 2 7 14 17 1 8 1 9 0 0 5 6 0 10 5 2 3 1
0 0 9 22 2 3 4 16 8 8 7 7 6 0 5 0 9 11 1 13 7 7 0 4 4 9 8 2 10 4 3 9 5 2 0 1 1 1 2 18 2 9 0 1 2 4 3 1 4 9 0 4 14 0 6 3 1 3 0 2 0 6 5 11 1 0 4 4 7 4 6 7 2 3 2 0 0 2 0 1 6 7 3 0 2 0 3 1 11 3 1 0 0 2 5 2 0 0 1 3
4 1 1 0 13 3 2 6 22 2 10 8 8 9 29 27 14 6 0 19 13 1 3 8 2 1 20 1 3 2 5 2 2 6 12 12 7 17 0 22 2 8 17 6 7 24 1 4 11 0 0 7 1 4 1 19 0 13 14 8 22 7 1 5 6 2 2 8 1 2 8 0 7 27 4 1 30 3 0 3 2 3 2 4 6 19 3 9 0 0 4 2 5 3 24 18 1 12 8 6
9 4 1 8 10 1 3 2 3 8 2 0 5 4 4 0 3 0 4 6 18 2 5 0 4 1 1 2 3 3 11 2 3 12 1 2 5 3 6 0 0 0 0 0 0 2 10 7 3 8 11 5 0 1 6 0 3 7 2 0 2 2 13 19 1 0 2 2 3 4 2 1 6 5 3 3 6 0 3 13 0 3 1 4 5 3 2 5 0 4 2 0 5 10 2 0 6 7 0 3
8 7 0 0 1 1 7 3 6 2 9 0 0 2 2 1 0 0 10 0 0 12 8 0 0 12 1 4 2 4 0 1 1 8 1 1 2 5 6 0 2 10 9 0 9 10 10 1 0 1 2 2 1 1 11 9 2 0 1 2 4 1 7 1 1 1 4 0 6 4 1 0 13 0 1 0 1 2 1 0 10 10 0 24 16 2 4 4 12 13 0 1 1 2 3 4 2 4 3 7
1 0 0 0 0 0 0 0 0 1 0 0 0 0 0 1 0 1 6 0 1 0 0 2 2 0 2 0 0 2 0 0 0 3 0 0 1 0 1 0 1 0 0 0 4 0 0 3 12 0 0 0 0 0 0 2 2 0 0 8 0 2 0 0 1 0 0 0 0 0 0 2 2 0 1 0 0 1 1 0 1 0 2 0 0 1 0 4 0 1 0 0 3 0 8 0 0 0 0 0
8 2 0 0 13 6 3 0 0 13 20 14 3 2 17 11 1 5 0 1 5 3 2 2 4 2 3 1 8 21 6 11 10 1 2 7 1 13 3 1 7 5 1 3 2 6 17 7 0 5 2 0 5 4 7 0 11 11 9 0 2 3 6 1 1 0 0 0 0 16 8 0 7 1 4 7 1 0 5 0 10 4 7 0 8 12 15 6 18 4 0 4 7 2 0 1 4 4 6 3
4 7 2 1 0 0 0 1 4 1 2 6 1 0 5 5 0 0 20 0 7 3 4 0 0 3 0 2 1 3 4 1 2 13 2 2 4 2 4 5 1 3 7 0 0 5 5 3 0 6 0 3 7 4 3 6 1 0 0 2 1 0 4 3 12 0 2 1 0 1 8 0 9 9 1 3 8 0 1 5 4 9 4 1 1 10 2 2 3 11 2 2 4 4 4 5 9 5 1 11
1 4 2 1 3 0 0 1 2 0 12 3 0 5 0 9 10 1 0 1 4 0 1 4 3 1 3 0 1 6 2 1 2 1 3 3 0 0 8 8 0 1 12 1 3 0 3 2 0 1 0 0 7 0 5 3 0 0 1 0 4 4 1 2 1 8 1 0 2 2 2 7 0 0 0 0 8 4 2 0 5 0 0 0 1 0 5 2 2 2 1 1 0 10 4 3 4 2 0 0
9 0 2 4 9 2 2 4 1 2 1 11 30 9 3 6 6 11 19 5 0 13 3 23 1 17 6 2 2 21 7 10 8 6 6 7 3 1 11 0 2 6 5 0 6 0 41 10 7 9 3 7 11 6 3 12 7 8 3 8 9 1 0 9 7 0 1 2 3 4 7 5 4 6 4 9 11 16 5 1 20 9 1 3 10 16 1 12 2 8 12 27 6 3 7 6 1 0 3 5
12 16 12 3 0 7 1 10 5 12 5 6 5 11 11 3 16 2 7 11 7 5 7 7 2 6 1 6 6 3 11 2 3 1 8 1 20 56 10 13 5 33 10 2 13 6 6 6 2 1 8 11 7 19 9 2 3 7 10 2 9 14 4 2 0 0 7 2 10 19 9 26 6 9 2 7 2 11 8 10 10 6 3 14 5 0 4 9 4 6 7 10 8 40 4 6 1 2 5 0
5 0 0 4 3 0 5 1 5 1 0 3 0 0 0 0 2 0 2 3 2 1 0 4 0 0 1 0 3 6 2 1 8 16 9 6 2 21 7 1 2 2 3 0 12 2 0 1 3 1 0 0 1 1 2 2 0 21 0 0 11 3 0 7 5 4 0 1 2 4 5 6 2 6 1 0 2 5 3 4 0 7 0 1 8 0 3 18 0 8 5 5 5 5 2 2 2 0 8 1
9 3 5 9 0 0 11 0 13 2 1 1 0 10 14 0 10 1 13 5 2 3 0 1 7 2 13 9 4 5 3 0 3 6 5 10 2 2 3 3 1 1 3 5 0 1 2 0 5 7 0 5 6 1 4 1 3 1 1 5 1 18 0 7 4 5 3 0 4 2 4 5 0 4 0 1 1 1 8 13 2 5 1 0 0 1 0 2 1 34 2 0 0 8 0 7 1 1 17 0
13 1 1 0 3 19 9 2 6 1 2 15 0 2 0 3 9 3 3 2 8 5 5 0 6 3 14 2 0 0 2 3 13 10 4 6 6 6 4 4 1 2 0 0 13 3 1 0 12 21 1 0 4 3 8 6 0 0 1 8 2 2 0 5 0 3 2 1 8 3 26 1 0 2 12 1 5 2 4 5 0 1 0 1 6 7 2 6 4 1 0 2 0 7 2 3 0 0 0 2
0 0 0 4 2 1 0 0 1 0 0 1 0 0 1 0 0 0 0 0 0 0 0 0 0 0 0 0 0 0 0 3 1 0 0 0 0 2 0 0 1 0 2 0 1 0 1 1 1 1 0 1 1 2 2 2 2 0 0 0 0 0 0 1 0 1 0 2 2 0 0 1 0 0 1 1 0 0 0 1 3 2 0 5 0 0 1 1 0 0 0 1 0 1 1 0 0 2 0 0
0 0 0 1 0 1 6 0 0 0 0 0 0 0 0 0 1 0 0 0 0 0 0 0 1 0 10 1 0 1 0 0 0 1 0 0 0 0 0 0 1 1 0 0 1 0 2 0 0 0 0 3 0 1 1 0 0 7 0 0 0 0 2 1 0 0 0 1 0 0 0 0 0 0 0 4 0 0 0 2 30 0 0 0 0 0 0 0 1 0 0 0 0 4 1 0 0 0 0 0
0 0 1 0 0 0 0 0 1 2 1 1 0 0 0 0 0 0 0 1 0 0 1 0 1 3 0 0 0 1 0 0 0 1 0 0 1 1 2 0 2 1 1 0 2 0 0 0 0 2 0 1 0 1 1 0 0 1 0 1 0 0 0 0 1 0 0 0 0 0 0 0 0 3 0 0 1 0 0 1 2 0 2 0 2 0 3 0 0 0 1 4 0 1 0 1 1 0 3 1
7 3 0 9 9 0 2 4 1 1 1 3 1 0 0 1 2 0 2 2 8 5 1 14 9 7 9 2 0 5 3 7 3 2 2 0 3 0 0 3 1 5 2 4 2 1 3 4 0 6 7 11 3 0 3 2 2 1 8 2 5 1 45 0 2 0 4 20 1 0 3 15 13 3 1 6 2 0 4 0 12 0 10 0 3 0 17 1 1 1 5 2 9 2 1 0 5 0 0 0
0 0 1 0 0 0 7 0 2 0 0 1 0 0 0 0 0 1 0 0 0 1 0 0 0 0 4 0 0 2 1 0 0 0 1 0 0 0 1 0 1 0 2 1 0 2 0 0 0 0 0 0 0 0 0 9 0 1 0 0 0 0 1 4 1 0 0 0 0 0 2 1 1 0 1 1 0 0 0 1 6 0 0 0 0 1 1 0 1 4 0 0 1 3 0 2 1 1 2 0
0 1 0 1 0 0 3 0 0 0 1 0 0 0 0 0 1 0 5 0 1 0 1 0 1 0 0 0 0 1 2 0 0 0 0 0 3 0 1 0 0 0 0 0 0 1 3 0 0 0 0 1 0 0 0 0 0 0 0 0 1 0 2 2 0 0 1 2 0 0 0 1 0 2 0 0 0 10 0 0 1 0 1 0 0 0 0 0 0 1 0 1 1 0 0 2 0 2 0 0
4 8 5 13 3 10 12 7 26 3 1 7 1 15 4 5 12 5 4 18 14 1 17 6 8 14 15 6 0 1 4 20 2 20 19 5 8 6 12 1 6 6 5 1 16 5 2 5 1 36 27 6 1 0 12 1 1 1 19 3 2 1 12 13 4 18 7 31 5 14 5 15 2 23 11 0 3 0 0 5 11 1 11 7 0 6 6 17 11 12 14 12 0 3 6 1 7 11 28 2
0 5 0 1 1 0 0 0 0 1 0 1 0 0 0 0 0 0 1 0 0 0 0 0 0 1 1 1 0 0 3 1 1 0 0 0 1 0 1 0 1 0 0 1 1 0 1 0 0 0 0 0 0 1 1 0 0 0 0 0 0 0 0 0 0 0 0 0 0 0 0 0 0 0 3 0 1 0 2 0 0 0 0 3 1 0 0 0 1 0 1 0 0 1 1 0 0 1 0 2
0 3 22 21 9 0 4 14 15 5 4 5 2 6 0 2 0 6 0 0 14 2 0 0 0 2 6 3 1 0 3 3 4 10 6 1 5 8 0 2 4 2 3 0 4 3 2 6 3 3 1 2 1 0 0 1 3 1 8 0 3 1 11 4 4 0 5 0 10 0 3 5 4 0 0 0 6 5 7 0 0 13 2 14 6 0 7 4 12 0 0 2 0 2 4 3 2 0 1 2
0 3 0 2 3 1 2 0 0 0 0 0 1 0 13 0 5 0 1 2 1 10 0 1 0 0 15 4 1 2 5 2 0 1 2 2 1 0 18 3 0 1 0 4 5 0 3 2 0 0 41 20 0 1 6 1 1 3 21 0 1 1 1 6 14 3 2 3 9 6 4 4 7 3 12 4 1 2 8 6 6 4 4 0 4 0 15 12 0 7 13 3 0 0 1 1 9 4 5 2
0 1 0 1 0 13 0 0 0 0 0 0 0 0 0 0 3 2 0 0 0 0 0 0 2 0 0 0 0 0 0 1 1 3 0 1 0 0 0 0 0 0 0 0 1 0 0 1 0 0 2 1 0 0 0 1 0 0 0 2 0 0 2 0 0 1 0 6 0 0 0 1 0 2 0 0 1 0 1 0 1 2 0 0 1 0 1 0 0 0 0 3 1 0 0 0 1 0 0 0
2 4 8 2 7 13 6 1 4 9 0 2 0 3 2 4 4 4 2 27 9 24 2 1 0 1 2 0 4 1 4 2 0 2 2 0 0 0 3 7 0 9 2 4 2 4 23 39 6 1 0 0 0 3 12 0 3 3 7 11 0 0 7 0 0 1 0 0 3 4 1 1 2 3 9 7 0 5 17 2 3 2 1 0 2 4 5 4 1 1 8 0 15 3 4 2 1 4 0 1
0 3 4 0 20 4 11 3 8 0 5 2 9 7 15 1 0 0 13 14 28 1 3 11 20 0 6 12 13 2 1 3 3 7 2 1 12 0 5 19 0 9 2 9 6 0 11 16 27 0 6 3 1 7 0 7 2 2 2 5 5 4 7 0 0 15 4 5 2 1 18 3 8 1 2 4 6 8 0 1 4 4 15 2 17 1 7 1 2 6 1 2 2 9 0 4 1 10 2 3
1 4 0 0 1 8 4 3 1 0 4 0 1 4 0 5 2 3 34 4 0 1 3 0 12 0 1 3 3 0 3 2 1 6 15 6 3 0 9 8 1 0 5 3 19 22 10 6 0 8 15 1 12 0 2 1 4 6 0 0 6 0 15 3 9 1 5 2 12 1 11 3 2 1 4 1 6 7 1 1 17 3 7 14 0 5 0 0 8 2 0 4 3 6 0 0 2 4 0 13
63 5 0 6 2 4 5 7 17 3 5 7 5 7 2 15 6 2 1 4 1 41 8 0 10 2 0 1 10 22 30 2 0 3 1 6 4 19 9 2 6 5 28 0 10 8 18 4 0 3 9 8 6 1 10 1 0 2 22 7 2 0 25 0 1 7 9 4 6 2 29 1 3 23 23 0 0 19 10 2 4 7 13 22 6 6 4 31 2 12 2 0 5 10 9 5 6 8 0 1
1 0 0 0 0 1 0 1 0 0 1 2 0 0 1 0 3 0 2 0 0 0 1 0 0 0 0 0 4 2 0 0 0 0 0 1 4 0 0 0 0 0 0 0 1 0 3 0 0 0 2 0 1 0 0 0 0 0 0 1 0 1 0 0 0 0 1 1 0 0 1 0 0 3 9 5 8 0 1 0 2 0 0 0 0 0 1 0 0 0 0 0 0 0 0 0 9 0 0 0
3 0 5 6 2 10 4 0 6 0 6 8 6 3 0 0 0 1 6 0 6 0 11 0 3 1 6 0 1 3 10 12 6 3 9 0 1 0 4 0 1 1 11 3 0 0 3 5 3 0 6 6 0 18 0 4 7 7 7 3 9 0 0 6 6 2 4 0 1 0 2 4 1 0 0 0 0 0 1 0 0 0 3 7 4 5 1 16 2 7 12 10 2 4 1 1 0 2 2 5
0 3 0 0 0 0 0 1 0 0 0 5 0 0 1 1 5 9 0 0 1 0 0 0 3 0 0 1 0 2 0 0 1 0 0 0 0 1 0 0 0 0 1 0 0 0 6 0 0 1 0 0 0 0 1 0 1 1 0 0 1 0 0 0 0 0 0 0 1 0 0 0 0 0 1 0 0 0 0 0 1 1 0 1 3 1 1 0 11 0 0 0 0 1 1 1 0 0 1 1
8 4 5 6 5 6 3 1 1 1 1 2 22 1 2 1 15 7 6 3 4 3 2 1 6 0 0 1 3 1 0 9 6 7 1 2 0 0 9 0 2 1 0 0 3 8 8 1 3 1 4 13 1 0 3 5 3 1 4 5 7 0 0 2 4 8 6 4 1 1 3 8 1 0 1 2 0 11 10 1 1 0 2 0 1 0 6 1 5 2 3 0 1 0 17 8 0 2 1 0
2 0 0 2 0 0 0 0 1 0 0 0 0 0 2 0 1 0 0 0 0 1 0 0 0 0 0 0 6 0 0 0 2 1 0 1 1 0 1 1 1 0 0 0 0 0 0 2 0 1 0 0 0 0 0 0 0 0 0 0 2 0 0 0 1 1 0 0 1 1 0 0 0 0 0 11 10 0 0 2 0 0 1 1 0 0 5 0 0 0 0 0 1 0 1 1 0 1 1 0
0 9 1 10 4 2 9 3 1 1 3 11 2 4 3 5 1 13 0 22 32 0 0 11 1 4 14 5 1 9 12 0 1 4 15 0 15 4 0 0 0 19 2 7 0 15 1 15 5 1 3 8 2 1 29 7 2 23 3 0 7 6 9 22 14 12 2 10 22 0 0 0 6 4 23 7 0 6 3 6 0 2 1 3 9 0 0 3 13 5 5 6 2 7 19 2 18 22 0 2
0 5 3 2 18 2 11 9 1 1 0 2 1 0 1 3 17 1 4 2 0 2 2 9 0 4 3 10 11 4 0 7 6 1 4 1 2 0 2 9 7 8 21 2 6 1 6 6 3 0 3 4 2 0 0 10 3 2 0 0 0 2 7 0 3 11 3 6 0 2 7 0 4 1 6 5 2 0 0 2 6 0 1 2 0 3 0 6 1 0 9 3 2 1 5 3 5 3 2 0
0 3 3 0 13 5 4 12 5 6 2 19 0 8 18 5 13 7 16 17 15 0 2 4 18 16 2 2 6 3 6 18 0 6 6 6 7 0 7 6 5 0 5 7 47 9 1 9 12 9 11 0 20 3 16 11 1 6 2 7 8 2 10 10 8 18 3 8 4 15 18 0 8 14 9 0 42 25 8 30 2 6 1 18 2 10 32 1 0 21 6 14 7 8 6 11 1 25 5 13
6 9 0 0 0 2 19 8 0 43 7 2 6 7 0 13 4 0 9 2 7 2 16 0 0 12 5 11 36 0 3 7 3 0 4 4 7 36 2 28 3 0 7 1 4 4 5 4 0 6 6 4 1 24 13 2 5 7 2 19 37 1 5 2 28 2 6 12 3 8 4 43 3 6 6 8 6 5 4 8 10 6 5 0 6 11 8 0 0 2 2 2 3 5 23 19 5 3 0 7
2 0 0 0 0 0 0 2 2 0 0 1 0 0 0 1 1 1 0 0 1 0 0 2 1 2 0 4 8 0 1 0 0 0 0 0 0 0 5 0 0 0 0 0 0 0 0 0 0 0 0 0 0 0 3 1 0 0 1 0 1 0 0 0 0 0 1 0 0 0 1 0 0 0 6 3 6 1 0 4 0 0 0 1 0 0 0 0 0 1 1 0 0 1 0 0 9 0 1 2
0 0 1 1 1 0 0 0 0 0 1 5 0 0 0 1 0 2 0 2 0 2 4 2 1 2 0 1 0 2 0 0 1 0 1 2 1 2 0 0 8 0 0 0 1 0 2 0 0 0 0 0 0 0 0 0 1 0 0 0 4 0 0 1 1 0 0 0 1 0 0 0 1 0 2 1 0 0 2 0 0 2 0 0 0 1 2 1 1 0 0 0 0 1 0 4 0 1 0 0
0 1 2 0 0 0 3 1 0 0 0 0 1 0 0 0 0 1 1 0 0 0 0 0 0 0 0 0 0 0 1 0 0 2 0 1 0 0 0 0 1 2 1 0 0 1 0 0 0 3 12 0 0 0 0 1 2 0 0 0 1 0 0 0 0 0 6 0 0 0 0 0 1 3 0 0 1 0 0 0 0 3 0 4 0 1 0 1 0 0 0 0 0 0 0 0 0 1 0 1
