3 2 0 7 4 1 4 7 1 2 5 6 0 5 0 3 0 1 0 15 5 11 1 10 8 2 0 1 0 0 2 9 0 2 6 2 0 0 0 8 2 8 1 6 11 4 5 0 2 1 2 0 14 5 6 5 0 3 1 4 6 10 5 7 8 1 2 1 10 1 0 0 2 2 10 5 2 3 5 9 4 0 7 2 2 12 0 1 2 19 7 1 0 10 3 1 3 7 3 3
14 1 0 1 3 4 9 4 1 2 6 0 1 1 0 3 0 1 1 1 6 7 2 3 7 10 0 0 1 4 1 2 0 1 0 2 0 1 4 0 1 6 1 10 1 2 1 0 3 0 13 0 1 2 0 5 3 8 4 3 2 5 0 0 5 0 4 9 4 11 2 0 0 2 0 1 0 2 3 1 1 0 1 2 0 3 0 0 1 3 3 5 1 5 0 9 2 2 1 1
3 2 0 0 0 0 2 0 0 0 0 0 0 0 0 0 0 0 1 1 0 0 0 0 0 1 1 0 0 0 0 0 0 0 0 1 0 0 0 0 0 2 0 0 0 0 0 0 1 0 1 2 0 2 1 0 0 0 0 0 0 12 0 1 0 0 0 2 0 1 0 0 0 0 0 0 0 0 0 0 0 0 0 0 0 0 1 0 0 0 0 0 0 0 2 4 2 0 0 1
1 4 8 13 6 1 1 0 8 4 2 4 12 6 12 1 1 7 6 3 15 3 0 5 4 0 5 8 0 0 7 2 1 7 3 1 3 0 0 6 4 4 3 4 7 5 3 1 6 1 3 8 10 4 6 14 8 0 4 2 8 0 0 1 1 8 5 3 0 4 3 3 1 2 3 35 23 2 3 10 4 18 8 1 7 1 23 22 2 2 0 2 14 0 0 3 1 3 2 10
5 2 2 0 0 1 6 1 1 0 5 1 4 0 0 1 0 0 1 0 1 1 7 3 1 7 3 1 0 0 1 2 10 3 0 6 0 1 1 0 0 0 1 19 0 2 4 12 1 0 0 5 3 0 0 4 4 10 2 0 0 4 5 0 6 0 0 13 0 0 6 6 5 2 0 1 6 3 0 7 0 0 2 0 2 0 8 2 1 4 1 3 4 0 5 2 2 0 0 3
0 0 1 1 1 0 0 0 0 1 0 0 0 0 0 0 0 0 0 2 0 0 0 1 0 0 0 0 0 0 0 2 0 8 0 0 0 2 0 0 0 0 1 0 0 0 0 1 2 0 0 1 0 1 0 0 0 0 0 0 0 0 0 0 0 0 0 0 0 0 0 0 0 0 0 0 1 0 8 0 0 0 0 3 0 1 1 0 0 0 3 1 0 0 0 0 0 1 0 1
13 18 12 16 21 5 3 34 21 7 12 15 4 8 2 2 0 14 0 8 6 1 21 1 33 3 1 6 4 2 0 13 25 12 4 0 1 3 1 0 5 6 14 46 21 14 0 2 17 0 4 11 1 5 6 3 10 4 2 7 3 1 0 9 25 4 0 0 9 3 0 15 3 3 13 0 5 4 10 2 0 3 3 6 7 27 6 9 28 6 8 18 6 10 11 0 2 16 4 39
0 0 1 0 2 1 0 0 1 0 0 0 0 0 0 0 0 0 1 0 0 0 0 0 0 1 1 0 0 1 0 0 0 0 0 0 1 1 0 0 1 1 0 1 1 0 2 0 1 0 0 0 0 19 1 0 0 1 1 1 1 0 0 0 0 1 0 0 0 0 0 0 0 0 0 0 0 0 0 0 0 0 0 1 0 2 0 0 0 0 0 0 0 1 0 0 0 0 1 1
0 3 0 0 0 3 1 1 0 0 1 1 0 0 0 0 0 0 0 0 0 2 0 0 0 0 0 0 0 0 1 1 0 0 0 0 1 1 0 1 1 1 1 0 0 0 0 1 1 2 0 0 1 3 0 0 1 0 2 0 0 0 0 0 0 0 0 1 1 1 0 0 0 0 0 0 0 0 0 0 0 0 0 0 1 1 0 0 1 0 0 0 0 1 1 1 0 0 0 0
5 6 1 0 5 0 1 5 12 0 4 3 0 3 0 3 0 4 2 1 1 1 1 8 0 1 1 19 0 0 0 2 15 0 2 1 2 0 1 5 0 0 7 1 0 5 1 7 7 1 5 0 0 7 12 6 2 0 2 0 7 11 24 1 4 2 3 1 5 11 1 2 35 2 2 2 1 0 4 0 0 5 3 1 7 0 2 9 1 1 4 1 2 1 9 1 0 4 1 0
15 0 13 8 10 6 2 11 9 0 10 9 11 1 8 9 1 8 18 0 12 10 23 18 10 1 3 8 1 11 0 20 5 2 4 0 0 25 2 4 5 10 5 2 8 12 12 6 23 2 7 1 31 1 20 1 0 2 13 2 3 48 3 12 4 11 2 2 0 19 2 6 0 11 7 7 14 7 1 10 17 7 10 11 0 0 4 12 13 8 0 3 10 3 13 2 5 4 10 47
1 1 5 1 0 11 2 31 0 3 7 19 8 3 2 2 5 1 5 6 5 12 3 8 0 5 0 1 5 17 0 27 33 8 0 9 14 10 1 0 4 7 9 22 2 6 35 13 2 1 5 0 15 5 2 8 16 5 6 13 3 7 6 18 7 11 8 1 5 21 14 11 6 23 4 1 2 14 11 5 0 28 0 16 11 14 13 2 3 13 0 17 13 5 10 12 9 6 2 7
8 0 0 1 0 0 4 0 0 1 8 12 0 1 5 10 3 8 5 9 15 1 2 9 1 3 6 4 1 2 7 11 5 3 26 0 6 0 8 0 0 7 2 1 0 1 7 7 6 0 7 30 0 0 1 11 23 5 2 14 2 15 0 1 4 3 4 1 1 0 10 0 12 0 13 11 3 5 0 6 0 0 6 4 9 32 4 4 0 7 1 3 3 0 1 3 18 0 1 3
1 23 4 26 9 6 21 2 17 6 5 9 14 20 14 14 2 1 4 0 23 4 2 4 1 4 5 3 2 11 6 4 6 24 12 1 10 4 3 20 1 4 38 63 13 7 14 1 14 14 3 1 7 7 9 0 12 5 9 0 6 8 3 2 3 7 2 1 13 3 5 4 9 9 32 3 1 18 8 7 0 1 12 3 3 15 26 7 4 6 3 21 2 0 1 1 1 1 8 0
0 0 4 0 1 0 1 0 0 2 0 0 0 0 0 0 0 0 0 0 0 1 0 0 0 0 0 2 0 1 0 0 1 1 0 0 0 0 0 0 2 0 0 0 0 0 2 0 0 0 0 0 0 0 2 2 0 3 1 3 0 0 0 1 0 0 0 0 0 0 0 1 1 0 2 1 0 0 1 0 0 0 0 0 0 2 0 0 0 0 1 0 1 0 0 0 1 0 0 0
2 0 0 0 0 1 1 0 0 0 0 1 0 0 1 0 0 0 0 0 0 0 0 0 0 1 4 0 0 3 0 0 0 0 0 0 0 0 2 0 0 1 1 0 0 0 0 1 1 0 0 0 0 0 2 0 0 0 1 0 0 0 0 0 0 0 1 3 2 0 2 0 0 0 0 0 1 1 2 0 1 0 0 1 0 0 1 0 3 1 1 0 0 0 1 0 0 0 0 2
0 0 1 0 1 0 0 0 1 1 0 0 2 0 0 0 0 0 0 0 0 0 1 0 1 1 1 0 1 0 0 0 0 0 2 0 0 0 0 0 0 1 0 1 0 0 0 1 0 1 1 1 0 1 0 2 0 0 0 0 0 0 6 1 0 0 0 0 4 0 0 0 3 2 0 0 0 0 1 1 0 0 4 0 0 0 0 0 1 0 0 0 0 1 0 0 0 1 0 0
11 2 5 3 15 7 9 0 17 14 10 35 1 0 1 0 5 4 4 6 2 9 2 8 3 17 3 8 2 2 2 2 5 0 8 17 5 34 3 9 15 6 2 0 3 7 2 0 4 10 23 0 12 1 16 11 5 10 13 3 6 8 2 25 17 1 8 27 4 9 0 8 4 6 4 3 6 14 9 2 4 9 2 0 5 9 7 7 3 4 15 11 0 0 1 5 4 1 1 4
4 1 19 10 2 0 3 2 1 4 3 2 0 2 3 1 6 0 2 21 0 2 3 2 3 28 0 20 1 0 4 3 25 13 6 7 5 11 0 12 1 1 21 1 1 1 4 6 3 2 0 2 1 0 20 1 5 8 2 6 0 8 15 2 5 6 1 1 12 2 1 1 4 0 2 0 2 3 0 2 11 5 6 4 16 4 1 2 2 4 1 2 3 11 0 3 2 0 0 6
0 3 0 0 0 0 0 0 0 0 1 0 0 1 0 1 1 0 0 1 0 0 0 2 3 0 0 1 1 0 0 0 0 4 0 1 1 0 1 0 0 0 1 1 0 0 1 1 1 0 0 0 0 0 0 0 0 0 0 1 0 1 0 0 0 0 0 0 0 0 1 0 0 0 0 0 1 0 3 1 0 2 0 0 0 0 1 0 2 2 0 1 1 0 0 0 0 1 0 0
1 2 1 0 0 4 13 6 4 2 1 1 9 0 1 1 10 1 7 1 7 14 0 1 9 1 2 4 8 1 6 1 2 0 13 8 2 0 5 1 1 4 1 1 4 10 1 1 2 0 8 3 1 3 6 0 4 11 1 1 12 9 3 2 0 4 12 3 2 0 3 1 2 3 6 0 3 1 2 5 0 0 0 2 5 0 6 6 5 0 10 3 1 5 4 1 3 0 13 9
4 10 1 1 3 5 2 4 0 13 4 2 4 5 12 0 0 2 4 0 6 0 4 7 4 11 1 5 1 4 1 6 5 14 8 2 6 3 0 7 9 20 8 1 1 0 0 1 5 0 1 3 5 0 1 5 0 1 4 2 5 3 2 5 3 2 0 0 1 8 3 3 0 5 1 21 4 9 22 2 4 5 3 12 5 2 10 9 4 7 1 4 4 0 2 1 2 0 3 3
1 0 0 0 0 1 1 0 0 0 0 7 0 4 2 0 0 1 0 1 0 1 3 0 0 0 0 0 1 0 0 0 0 4 0 1 0 3 0 3 0 0 0 0 0 0 2 0 1 0 0 3 6 1 0 2 0 4 0 0 0 0 1 0 0 1 0 0 0 2 0 0 1 0 15 0 1 0 9 23 0 0 0 2 0 0 0 0 1 1 1 0 0 1 0 0 0 0 0 1
0 0 1 1 1 1 0 1 1 0 1 0 0 0 0 0 0 0 1 2 2 0 0 0 0 1 0 0 0 1 2 0 0 9 0 0 0 0 1 0 0 0 0 0 1 0 1 0 10 2 0 0 1 0 0 0 0 0 0 0 2 0 0 0 0 0 0 1 1 0 0 0 0 0 2 0 0 0 1 1 0 0 0 0 0 0 0 0 0 0 1 2 2 0 0 0 0 0 0 0
0 5 6 3 7 1 6 15 36 1 0 2 2 1 15 3 2 10 12 1 7 2 0 1 2 0 1 11 0 0 15 3 2 0 18 3 2 2 5 1 9 6 6 3 21 5 8 4 8 12 0 7 3 7 1 0 3 16 1 6 5 1 1 7 7 5 2 7 7 1 0 3 26 0 9 2 5 3 3 7 0 1 5 0 4 4 9 7 2 6 4 6 3 3 3 1 1 1 0 4
0 1 6 0 22 10 11 0 1 11 6 4 3 0 13 5 3 23 9 21 8 5 0 7 10 5 2 11 2 4 1 13 8 3 10 4 18 11 3 8 7 0 3 15 1 3 11 3 6 12 7 4 6 8 28 0 16 7 4 15 0 6 1 13 8 8 7 7 1 12 21 1 10 2 3 5 0 2 3 6 4 5 1 4 3 13 10 7 16 9 5 4 2 3 13 20 11 3 5 7
0 0 1 1 0 0 0 0 0 1 0 0 1 0 0 0 0 0 0 0 0 0 0 0 2 0 0 0 0 2 0 0 0 0 2 0 0 0 0 0 1 0 0 0 2 0 0 0 1 0 0 0 0 0 0 0 1 0 0 0 0 0 0 1 0 1 1 1 0 0 0 1 0 4 0 2 2 0 0 0 2 0 1 0 1 0 0 0 0 0 0 0 1 1 0 0 0 0 0 0
0 0 3 2 3 9 0 0 3 0 12 6 2 0 5 8 7 5 4 1 1 0 6 0 6 1 9 14 19 3 1 1 3 4 1 3 1 15 3 3 30 2 5 1 2 0 5 1 0 1 1 0 0 1 8 5 1 10 0 0 3 5 13 0 4 5 0 0 1 4 5 4 14 3 2 9 18 4 0 0 6 0 0 3 4 5 4 11 3 0 0 0 1 22 17 5 3 38 8 0
1 0 3 2 1 3 3 1 13 2 3 7 7 2 1 3 0 24 2 10 3 8 3 2 2 12 6 5 15 0 2 0 1 8 0 1 1 2 6 4 0 2 2 3 0 0 12 1 11 4 5 0 1 1 12 0 0 12 0 8 10 4 0 3 0 5 6 3 0 4 5 2 8 2 1 1 30 4 4 1 0 2 1 0 29 0 7 1 4 14 1 0 2 1 10 9 8 3 7 0
10 0 3 0 1 8 4 1 5 6 3 2 6 4 2 4 4 0 2 0 2 0 5 3 2 6 1 5 2 7 0 12 0 0 9 5 2 11 4 12 11 6 8 1 3 2 9 3 0 3 0 3 1 1 2 0 2 0 0 15 8 8 11 2 15 0 7 2 8 4 1 1 11 12 0 1 1 3 1 9 1 6 8 2 0 4 7 1 0 5 25 1 12 1 0 0 6 9 1 11
26 1 11 1 0 1 11 5 5 3 2 17 6 0 16 9 4 3 0 14 3 19 10 2 17 6 9 6 12 5 9 0 12 1 6 0 6 17 11 53 13 10 6 1 0 12 7 6 3 7 15 9 9 14 2 4 5 9 10 13 11 0 10 3 28 17 0 11 5 4 3 9 10 1 14 0 4 0 27 13 20 7 11 24 1 2 2 0 7 2 0 7 3 2 21 10 1 0 7 11
0 2 0 0 0 0 0 0 0 0 2 0 1 1 2 0 1 0 2 0 0 0 3 3 1 1 1 0 0 1 1 0 1 0 0 0 0 0 0 0 0 0 0 0 1 0 0 1 0 1 2 0 0 0 0 3 0 1 1 0 0 0 3 0 1 0 1 1 0 1 0 0 0 1 0 1 0 0 0 0 0 0 0 0 5 1 0 3 0 0 1 0 0 0 0 0 2 0 0 0
1 2 5 1 6 2 2 4 2 2 1 4 5 8 5 4 2 9 5 4 0 9 2 0 9 12 9 4 5 0 3 0 0 1 3 1 9 5 2 3 2 6 0 1 0 7 2 0 0 3 4 0 7 4 7 0 1 3 5 3 7 1 1 0 5 4 3 11 0 6 0 2 5 4 0 2 1 1 2 13 13 5 1 6 6 0 4 3 0 0 2 1 2 1 0 0 1 11 0 3
7 0 6 4 8 11 7 3 1 6 0 0 1 3 2 44 10 7 1 4 8 2 5 0 0 3 6 3 0 3 0 5 0 22 6 0 2 0 1 17 5 2 5 3 0 4 2 1 2 5 2 3 4 6 0 3 1 5 5 6 0 1 4 22 3 6 5 1 1 2 4 8 5 2 4 1 0 3 10 10 8 3 0 5 11 3 0 2 3 6 10 0 13 4 8 8 0 3 0 1
4 1 1 0 1 0 3 0 0 1 1 5 13 3 4 0 4 1 1 8 0 0 3 1 1 10 4 15 0 12 2 7 1 3 3 4 10 0 0 3 7 0 6 2 7 2 1 8 1 4 13 4 21 10 1 12 2 6 0 5 5 5 0 4 1 7 1 6 5 8 3 2 2 12 3 10 2 8 9 2 24 1 1 0 1 0 7 2 1 2 6 2 4 0 18 4 1 0 6 0
0 1 2 1 0 0 0 0 0 1 0 0 0 0 0 0 0 0 0 0 0 0 0 0 2 0 1 1 0 0 1 0 0 1 0 1 0 1 0 0 0 0 9 0 0 0 0 0 0 0 0 0 2 3 0 0 0 3 0 0 0 1 0 0 2 0 0 0 0 0 1 0 0 1 0 3 0 0 0 0 0 0 0 0 1 0 0 2 0 1 0 0 0 0 0 2 0 0 0 1
1 0 0 0 1 0 0 0 1 1 0 0 0 0 0 0 0 0 0 0 0 0 1 0 2 0 0 0 0 0 0 0 0 0 0 0 0 0 0 0 2 0 0 0 0 0 1 0 0 0 3 0 0 0 2 0 0 1 0 0 0 0 0 1 2 0 1 0 0 0 1 0 0 1 0 1 1 0 1 1 0 0 0 4 0 0 0 0 0 1 1 0 0 1 0 0 1 0 0 3
1 0 2 8 1 1 0 1 0 5 1 0 2 2 0 0 2 2 3 3 1 0 1 11 2 5 3 0 0 14 1 13 0 0 1 23 3 6 8 5 2 11 5 0 1 2 0 0 0 1 4 18 2 10 6 1 0 0 0 26 2 0 2 18 3 0 0 1 0 0 2 0 9 2 0 6 2 2 0 0 2 2 2 0 0 1 9 0 6 5 15 12 2 1 7 1 8 1 5 4
8 27 20 8 0 6 0 13 14 1 5 6 1 8 1 4 2 9 8 15 0 0 10 7 19 30 4 1 4 6 3 1 3 3 20 2 0 3 4 5 5 0 3 3 5 1 3 3 44 5 4 9 6 12 0 4 11 1 8 2 7 2 5 16 18 7 3 6 2 5 9 5 10 8 1 0 13 18 11 4 0 3 0 2 4 10 3 4 0 0 1 21 7 3 0 12 3 9 0 6
24 0 4 6 6 9 9 1 0 10 3 1 3 0 0 1 16 3 1 7 7 10 1 0 0 12 0 0 1 2 5 0 4 0 0 2 1 3 3 5 1 1 1 4 2 5 2 8 1 6 14 13 0 3 1 4 4 1 2 2 4 1 3 2 10 3 3 0 6 3 0 2 15 17 4 7 4 5 4 0 2 0 16 4 1 0 3 12 2 0 4 2 2 2 3 3 4 0 0 0
6 0 2 0 1 6 0 6 4 3 0 0 3 19 1 0 3 12 3 1 1 2 0 0 8 8 1 1 1 7 8 1 0 0 2 8 1 7 11 1 1 3 7 3 7 3 9 10 0 0 3 8 3 1 9 3 1 6 1 4 5 3 5 6 2 12 4 2 4 21 0 0 1 12 5 3 3 11 0 12 1 1 5 7 3 2 0 6 6 4 9 10 2 5 0 0 2 6 5 1
5 0 2 7 4 4 2 1 3 3 1 0 1 7 6 10 3 1 5 1 4 0 9 10 3 3 2 16 4 2 1 2 2 1 0 8 17 5 25 0 1 3 7 6 0 0 1 1 5 0 4 2 3 2 4 0 0 1 0 5 0 0 4 15 2 0 1 5 6 3 1 14 3 3 3 10 1 3 1 0 1 0 2 0 3 0 14 5 0 8 0 9 3 0 4 10 5 17 3 10
3 5 1 5 5 2 10 3 0 3 1 2 1 13 8 11 7 4 4 1 0 1 4 9 0 4 1 2 0 2 6 0 11 1 0 0 0 7 5 0 0 2 2 11 5 1 4 0 2 6 2 5 9 9 0 6 6 1 7 1 5 8 6 10 0 2 3 6 7 4 4 2 15 12 6 1 0 1 2 6 8 16 2 0 9 0 7 6 0 0 6 1 12 1 6 3 5 1 1 5
1 0 4 0 0 1 0 0 0 0 0 0 0 0 0 0 1 0 2 0 1 0 1 1 0 0 1 0 0 1 0 0 0 2 0 0 2 1 2 0 0 0 0 0 0 1 0 0 0 0 0 0 2 0 0 0 0 0 0 1 0 0 0 0 0 0 1 0 0 0 0 0 0 0 2 1 0 0 0 0 0 0 0 1 0 0 0 0 0 1 0 5 2 0 0 0 3 2 0 0
0 12 0 19 2 3 18 1 0 12 3 0 23 1 11 6 5 8 1 9 7 0 4 0 6 5 8 1 17 6 4 5 1 4 6 12 4 13 2 2 10 18 7 4 11 1 13 10 18 10 4 1 9 25 0 4 0 5 0 1 0 1 21 3 0 3 12 9 18 12 7 23 17 7 2 7 0 19 21 7 4 26 8 17 5 20 11 0 37 7 27 3 4 23 7 0 17 15 12 18
1 7 2 0 0 2 3 1 10 3 7 3 17 12 4 6 9 3 6 21 12 1 1 8 0 1 11 1 14 22 6 2 4 0 7 2 3 1 8 32 8 1 0 1 20 0 6 4 1 6 1 7 2 0 2 16 0 3 4 2 20 7 3 15 0 13 12 9 2 4 1 2 0 12 4 12 0 14 3 3 17 4 5 1 10 4 10 0 6 11 2 14 14 12 3 11 17 24 6 7
0 1 0 0 0 0 0 0 0 0 1 1 1 1 0 2 0 0 1 0 0 1 1 0 5 0 0 1 0 0 0 1 0 0 2 0 0 0 1 1 1 1 1 0 1 1 0 1 1 0 0 2 0 0 0 0 0 0 1 1 0 0 25 0 0 0 0 1 0 0 2 5 0 0 0 0 0 0 1 0 1 0 1 2 0 1 0 0 2 0 0 0 0 0 0 0 0 1 0 0
0 0 0 0 0 0 0 0 0 0 0 0 0 0 0 0 1 1 1 0 0 0 2 0 0 1 0 0 0 1 1 0 0 0 0 2 2 0 1 1 0 0 0 0 0 0 0 0 0 0 0 0 0 0 0 0 0 0 0 0 0 7 0 0 0 0 0 1 0 0 0 2 0 0 1 0 0 3 5 0 0 2 0 0 0 2 0 0 0 1 0 0 2 0 0 0 0 2 0 5
10 0 5 5 0 1 6 0 3 0 2 1 2 1 9 10 0 0 0 0 3 1 7 1 3 1 0 2 2 3 1 8 1 9 8 1 15 9 4 0 1 0 2 2 4 0 0 17 6 5 6 5 0 9 17 0 0 9 3 5 1 4 2 7 4 3 1 2 0 14 1 1 1 3 1 1 1 6 12 2 0 0 4 2 0 5 0 7 7 4 2 6 10 23 1 3 2 10 7 4
4 3 1 0 3 0 1 8 0 0 0 2 10 0 0 7 1 3 2 11 4 5 5 2 2 4 2 4 0 1 38 0 0 3 4 0 4 6 2 6 1 0 5 5 15 1 5 0 7 4 9 8 4 0 0 1 6 0 5 5 16 1 1 2 0 1 7 0 1 2 0 10 1 2 29 8 4 10 8 18 5 2 20 6 7 7 6 7 4 2 1 6 3 3 10 2 0 1 6 0
