0 1 2 2 3 2 5 7 2 11 7 12 0 5 2 1 0 1 0 1 2 3 4 1 4 2 8 0 6 4 0 4 7 5 3 0 1 1 3 0 0 10 0 0 9 3 3 0 6 2 0 3 1 7 1 3 0 9 1 1 8 1 0 2 8 10 4 7 1 6 0 0 6 10 3 2 10 2 0 6 0 3 0 0 12 4 1 0 2 1 6 0 2 2 1 3 0 0 19 23
1 0 0 0 0 0 2 1 0 0 0 0 0 0 0 0 1 0 1 0 0 0 0 0 0 1 0 0 0 1 1 0 0 0 0 0 0 3 0 0 1 0 0 1 0 0 0 0 0 1 0 0 3 1 0 0 1 1 0 0 0 0 0 0 1 1 0 0 0 0 0 0 0 0 0 1 0 0 0 0 0 0 0 0 0 0 0 0 0 2 0 0 2 0 0 2 1 0 2 0
0 5 0 0 0 0 0 0 1 4 3 0 2 3 11 0 1 0 1 3 0 1 0 0 6 0 3 2 0 0 1 4 1 0 0 1 7 2 0 1 0 0 0 0 0 4 0 3 0 1 1 1 1 1 0 0 0 0 11 0 4 0 0 0 0 7 2 0 1 0 0 1 0 0 0 1 0 1 1 1 0 3 1 0 0 0 0 0 0 5 0 0 0 0 1 2 1 0 0 1
0 1 0 2 0 23 0 0 0 2 0 0 2 4 0 0 0 0 1 0 2 0 1 0 0 0 0 0 0 0 2 1 0 1 0 0 1 1 0 2 0 0 0 1 0 0 0 0 0 0 0 0 0 2 2 0 0 0 0 0 1 0 2 0 0 0 3 0 0 0 1 0 0 0 1 0 1 0 0 0 0 0 1 0 0 0 0 0 0 1 0 0 0 0 6 1 5 1 0 0
0 8 5 4 1 5 1 4 8 10 10 0 4 0 2 1 3 0 8 3 1 1 6 1 0 14 12 1 1 7 2 3 0 0 3 7 1 7 7 0 0 1 7 14 0 2 7 6 2 3 0 8 8 2 3 16 9 12 1 4 5 2 0 0 5 7 6 9 0 0 0 3 7 6 0 0 6 0 6 1 5 10 1 3 3 1 3 0 12 15 5 14 8 0 2 4 3 0 0 12
6 0 3 5 1 7 32 6 9 9 8 3 0 5 6 1 13 12 8 1 19 4 5 13 6 7 12 18 7 5 29 3 8 2 2 11 6 0 7 8 1 10 1 15 1 1 3 1 5 11 10 18 6 17 2 1 1 14 2 2 1 2 8 10 1 0 7 16 1 10 24 3 1 11 8 16 6 31 12 9 4 1 0 4 4 10 12 41 2 21 1 9 13 6 2 5 20 3 6 1
2 4 3 4 6 1 2 1 5 17 3 0 2 4 4 2 9 12 1 5 0 17 3 1 4 0 0 4 2 4 3 2 0 1 1 2 0 5 7 1 0 1 4 8 0 2 4 2 3 0 0 0 6 1 2 1 2 2 1 3 4 0 0 4 6 2 2 0 1 2 8 0 3 0 0 1 1 10 1 0 9 0 2 4 1 2 2 4 2 1 0 0 2 0 1 4 0 6 8 1
7 4 17 13 12 12 2 0 6 3 1 0 0 0 1 6 3 2 1 0 2 0 0 1 0 0 1 4 10 5 3 0 1 0 0 0 3 0 9 3 5 2 0 0 0 7 0 7 4 4 3 1 18 7 10 1 0 7 3 1 3 15 0 0 0 2 2 3 5 3 0 4 1 6 0 11 21 0 5 10 0 8 8 0 3 2 0 0 2 1 1 8 1 2 11 2 7 1 1 0
3 2 1 1 7 6 5 0 17 2 0 5 0 1 3 11 1 14 6 0 7 12 15 4 3 5 3 6 2 1 26 2 30 6 0 3 4 4 3 0 3 5 2 18 15 5 2 4 13 2 7 6 9 26 2 2 3 2 6 1 1 3 4 3 1 6 11 16 10 2 2 1 4 1 1 3 17 21 3 0 18 0 2 1 2 1 3 5 1 1 3 1 4 1 7 1 1 36 1 13
0 3 6 5 0 1 5 9 13 5 0 15 1 6 0 0 6 0 3 3 2 1 1 10 13 2 0 4 2 2 0 11 13 5 1 6 9 1 8 2 1 5 6 4 3 3 9 3 10 1 5 17 1 7 0 11 4 5 2 6 8 23 3 0 5 6 6 4 3 2 0 0 6 1 5 0 7 1 10 2 6 1 9 2 4 3 2 0 1 1 14 1 15 4 3 0 1 1 1 4
1 0 1 0 0 0 5 10 6 0 0 9 0 0 1 1 0 2 0 6 0 0 4 8 2 2 1 1 1 2 0 2 6 0 4 6 0 0 3 0 1 7 3 0 2 0 4 0 0 1 4 1 14 0 27 17 8 5 2 3 0 0 0 2 0 2 0 4 1 4 0 0 0 3 0 0 0 1 0 0 0 1 2 5 3 3 0 2 0 1 19 2 0 0 0 0 5 0 0 6
18 1 17 19 4 4 17 5 4 6 10 14 1 17 2 27 3 0 4 11 3 14 2 8 26 1 6 15 0 5 3 5 5 10 9 3 4 11 1 11 9 5 1 7 12 2 1 6 10 14 21 0 2 28 3 8 3 28 4 4 21 6 0 7 4 1 32 1 7 3 6 9 24 11 1 3 21 22 3 8 10 8 5 1 7 2 4 0 1 1 3 30 4 32 4 4 4 20 2 30
2 4 2 2 3 13 31 0 7 0 2 7 19 12 5 4 1 2 4 26 2 14 6 7 3 8 3 2 9 0 1 19 7 19 18 6 2 3 3 6 8 3 2 0 15 7 4 1 2 3 13 1 7 5 2 0 1 7 5 1 5 18 9 13 7 0 3 9 6 8 8 12 2 2 13 4 2 5 6 10 14 3 17 2 4 21 4 1 5 2 0 0 2 2 11 2 5 1 24 0
4 0 2 3 8 5 5 2 1 2 5 6 1 2 4 0 7 4 4 4 4 2 0 12 1 12 16 17 1 0 5 0 0 8 3 0 3 14 0 1 7 8 20 7 0 0 4 1 2 3 0 2 11 10 3 0 2 3 1 3 0 2 5 10 3 2 1 13 1 2 6 3 5 7 2 2 1 5 1 6 5 2 0 8 6 1 3 3 2 0 0 2 0 10 9 2 16 1 5 3
0 0 5 25 1 11 10 11 20 3 0 7 0 5 11 5 8 3 0 0 1 2 2 3 9 27 0 20 4 12 2 1 11 9 5 23 6 7 8 0 0 1 0 1 6 8 0 40 4 8 1 0 3 3 0 26 1 7 4 2 4 29 7 4 9 2 3 4 1 21 2 1 2 11 0 0 10 2 5 0 1 8 4 7 1 2 8 3 13 9 27 5 0 18 4 18 1 5 4 2
16 9 2 11 2 1 12 4 0 35 21 4 0 1 4 4 0 11 5 5 6 1 12 5 4 6 0 1 7 32 1 44 1 2 4 0 14 15 4 10 24 11 2 0 2 8 0 31 14 0 8 4 16 6 0 2 9 18 2 0 0 11 17 2 2 3 3 9 11 0 2 9 9 8 7 2 3 5 5 2 17 5 1 3 23 0 5 2 3 17 7 1 0 26 11 11 3 13 3 17
14 8 1 0 1 11 3 10 9 4 12 7 7 3 1 13 1 12 0 9 12 5 14 1 7 3 6 0 0 4 4 7 13 6 2 8 27 4 3 3 6 8 0 3 1 13 11 4 11 1 6 3 7 4 11 5 0 5 4 2 7 10 2 0 1 30 2 1 5 3 5 0 1 8 2 2 1 7 14 6 1 7 5 15 6 14 5 11 39 16 5 4 3 3 1 8 16 0 16 5
0 0 0 1 0 0 0 0 0 1 2 0 3 0 0 0 0 1 0 5 0 1 0 0 0 0 2 0 0 0 0 3 0 0 2 1 0 0 0 1 0 0 0 0 1 7 0 0 0 6 1 0 0 0 2 0 2 0 0 0 0 0 0 0 2 5 0 0 0 0 1 0 0 0 1 1 0 0 0 0 2 0 1 0 0 0 4 0 0 0 0 0 0 1 0 0 0 0 0 0
0 0 0 0 0 0 1 0 0 1 0 1 3 0 0 0 0 1 1 0 2 0 1 1 0 0 0 1 0 0 0 0 0 0 0 2 1 1 1 0 1 0 8 0 0 0 1 10 0 0 1 0 0 3 0 0 10 0 0 0 0 0 0 1 1 1 0 3 0 1 0 1 0 0 0 2 0 0 0 0 0 0 3 0 0 0 1 0 1 0 1 0 0 0 2 2 1 8 2 0
4 6 3 1 8 0 1 6 14 1 10 7 0 7 10 9 6 17 1 2 5 1 4 3 0 0 8 0 8 1 30 4 2 3 3 10 1 1 16 19 8 0 5 0 2 1 4 0 0 0 13 9 13 14 6 3 12 8 4 5 0 6 3 14 2 4 1 9 4 23 11 5 9 8 7 1 2 1 2 5 14 1 8 19 1 0 4 7 0 7 2 4 2 3 1 1 4 17 13 5
8 6 7 1 15 5 22 0 11 10 1 0 16 4 8 2 4 2 7 3 2 6 10 4 6 47 8 5 4 2 5 14 6 5 11 16 24 15 13 0 11 1 1 8 1 3 4 12 0 5 1 3 5 7 10 0 9 5 8 27 15 0 17 5 0 5 2 2 3 5 6 1 5 0 2 2 11 12 2 16 7 1 7 13 10 2 11 13 0 5 2 0 15 2 1 24 0 8 16 5
3 18 5 4 13 3 5 0 4 14 18 12 37 10 12 5 5 0 6 3 11 7 6 9 0 1 5 9 3 0 28 7 6 1 3 12 0 2 1 18 9 3 0 7 10 17 1 13 4 3 5 0 0 0 9 4 1 1 14 4 7 4 3 0 1 8 2 1 19 4 17 1 0 0 3 0 3 8 2 10 2 10 6 0 6 1 2 0 10 5 0 4 21 2 3 10 3 9 0 0
8 16 25 9 3 5 2 20 43 9 0 15 3 3 5 8 16 6 7 0 26 22 12 3 9 0 1 14 14 13 1 5 1 8 1 12 0 22 7 2 32 10 0 3 3 4 13 5 2 5 20 0 20 1 7 2 5 15 9 19 10 15 8 0 3 12 5 4 0 11 5 0 4 2 6 2 5 1 5 0 0 6 6 2 8 4 1 1 30 9 13 5 2 6 10 2 6 6 1 5
17 9 0 1 19 3 11 3 3 6 10 0 6 1 1 17 2 28 0 3 0 3 20 3 30 32 9 9 1 2 1 2 7 1 5 4 0 8 7 1 6 5 0 4 7 10 7 6 10 5 3 29 2 15 1 0 7 1 19 3 2 11 3 3 18 4 42 7 9 11 21 0 1 5 9 3 2 45 4 35 13 4 1 0 12 0 4 9 7 2 14 0 6 9 0 1 5 9 7 4
29 0 3 14 0 10 3 9 14 1 1 5 12 4 26 8 1 3 23 1 0 0 11 4 8 20 0 10 6 3 14 1 0 3 3 5 18 0 17 5 1 1 2 8 6 0 5 30 7 4 2 28 2 4 4 14 13 8 0 2 6 4 1 2 15 25 0 5 3 17 0 8 24 0 4 8 11 7 2 5 8 11 14 3 3 16 3 14 5 1 11 2 10 9 29 0 11 2 2 24
3 3 6 9 3 9 7 1 1 7 9 22 40 0 0 0 0 2 1 1 5 2 7 1 0 3 3 5 0 0 5 14 1 0 2 1 0 2 14 6 6 1 1 1 0 17 1 0 3 4 2 9 2 2 14 1 0 1 4 4 5 0 4 11 12 0 3 0 1 2 4 10 7 3 2 1 10 1 1 13 2 4 0 1 5 0 10 0 0 6 7 0 4 1 5 10 6 2 0 2
0 0 1 0 0 1 2 2 2 1 0 0 0 0 1 0 0 0 0 1 0 0 0 0 0 1 1 0 0 5 1 1 1 0 0 0 1 0 2 0 0 0 0 2 0 0 0 0 0 0 0 0 0 1 1 0 1 1 0 0 0 2 0 0 1 0 0 0 0 0 1 0 1 0 0 0 4 0 0 0 0 1 0 1 0 0 0 0 0 1 0 0 1 1 0 0 0 1 0 0
7 4 1 0 5 2 0 11 6 5 6 4 47 17 2 6 5 8 3 0 3 3 1 2 1 0 0 1 9 6 7 7 5 6 5 3 0 3 1 3 4 5 0 7 1 0 1 8 4 1 8 3 20 0 6 11 4 8 0 1 2 11 0 1 15 3 1 2 4 6 0 1 1 0 0 0 2 6 0 9 25 1 2 3 1 3 4 7 3 10 0 0 2 8 5 4 7 1 0 3
0 0 0 1 1 1 0 0 0 0 0 1 0 0 0 0 0 0 1 1 1 0 0 0 0 0 0 2 0 1 0 1 0 0 0 0 0 1 0 0 0 0 0 2 0 0 0 0 0 1 0 0 0 1 2 0 0 0 0 0 0 0 1 1 0 0 0 1 1 0 0 0 0 1 0 0 0 0 0 0 1 1 0 0 0 0 0 0 0 0 1 0 3 0 1 0 0 1 0 0
2 0 0 1 2 0 0 0 0 0 0 0 1 0 0 0 1 0 0 0 1 5 1 1 1 0 1 13 0 0 0 0 2 1 0 0 3 0 0 0 0 0 0 0 0 0 1 2 0 0 0 2 0 1 0 1 0 1 1 0 0 0 0 0 0 3 5 0 1 0 0 0 0 0 0 0 0 0 2 1 0 0 0 0 1 0 4 0 0 0 1 0 2 0 0 1 0 0 0 0
3 8 0 4 1 16 0 6 2 4 0 0 1 0 1 4 1 1 1 14 3 1 2 10 9 11 3 1 0 4 4 3 12 9 4 0 3 6 0 3 7 2 0 4 0 0 0 4 1 0 2 2 5 1 5 2 2 3 5 3 0 0 2 4 8 4 1 0 3 1 3 0 3 5 4 5 1 1 1 3 3 2 1 0 1 3 3 6 1 17 6 3 6 0 4 6 2 3 3 10
0 0 1 0 0 1 0 1 2 0 0 0 1 0 1 0 2 0 0 1 0 0 0 1 1 2 0 0 3 1 0 0 0 0 1 0 0 0 1 0 1 0 0 1 2 0 0 0 0 0 0 2 0 0 0 1 0 0 1 1 0 0 0 1 0 1 0 1 1 0 0 0 0 0 0 1 3 0 0 0 0 3 1 0 0 0 0 0 0 0 1 0 0 1 0 0 0 0 0 0
7 2 2 19 6 14 11 19 11 1 6 1 0 10 21 2 49 13 8 7 7 0 12 1 3 9 6 27 1 7 4 0 0 3 12 2 8 0 24 5 12 11 1 8 14 1 5 0 49 0 0 28 4 11 3 1 1 4 8 3 6 11 9 6 27 19 18 18 13 6 1 3 0 1 23 12 4 6 17 22 0 5 4 18 15 3 1 3 7 18 0 0 3 17 4 9 6 0 1 7
2 0 1 0 0 0 0 0 0 0 0 0 0 0 0 0 1 0 0 0 0 0 0 0 0 1 0 1 0 1 0 0 0 1 0 1 0 2 0 0 0 1 0 1 0 0 0 3 0 0 0 1 0 0 0 1 0 0 0 0 1 0 1 0 0 0 0 0 0 0 1 0 1 0 0 1 0 0 0 0 0 0 1 0 4 0 0 0 0 1 0 0 0 0 0 1 1 7 0 0
2 0 0 0 5 0 0 0 0 0 0 1 0 0 0 0 0 0 0 2 0 14 1 1 0 3 0 5 0 14 0 0 0 8 2 0 0 0 0 0 0 0 0 0 0 0 0 2 0 0 0 0 0 5 0 0 0 1 2 1 2 0 0 1 0 0 3 0 0 1 1 0 0 0 15 1 7 0 0 2 1 1 2 0 0 0 1 0 3 0 0 1 0 3 14 0 6 0 0 0
0 0 0 2 0 7 0 0 0 1 0 1 1 0 1 0 0 0 3 1 0 0 0 0 1 0 0 0 4 1 0 0 0 0 0 0 0 0 0 0 0 0 0 0 0 0 0 0 2 0 0 0 1 0 0 0 0 0 0 0 2 0 0 0 1 1 1 0 0 0 0 0 0 0 0 0 0 0 0 0 0 0 0 0 0 0 0 0 1 0 0 0 0 0 8 0 0 2 3 1
7 10 3 2 0 1 4 8 0 5 0 9 16 16 21 4 1 10 26 5 1 0 4 12 23 3 2 6 20 7 5 0 5 3 6 4 3 4 0 0 21 6 6 1 11 5 20 11 2 3 4 6 2 4 1 15 7 0 0 4 10 1 1 16 2 2 0 9 0 0 6 3 7 3 5 5 3 3 1 11 6 34 0 2 18 20 16 6 2 0 4 11 4 11 32 13 4 8 41 4
2 0 1 0 1 2 0 0 0 0 1 0 0 0 0 0 2 0 0 1 0 0 0 1 0 1 0 1 0 0 0 0 0 1 0 0 0 1 0 2 0 0 1 3 1 0 0 0 0 1 0 0 0 0 0 0 1 0 1 0 1 0 0 0 0 0 0 3 0 1 1 2 0 0 0 0 1 0 0 0 1 1 0 0 2 0 0 0 0 11 0 0 0 0 0 1 0 0 1 0
0 0 0 1 1 0 0 0 0 0 0 0 3 0 0 0 0 0 0 0 0 2 0 2 0 0 0 0 0 0 0 0 0 0 0 0 0 1 1 1 0 0 0 0 0 1 1 0 0 0 4 0 1 0 0 0 0 0 0 1 0 0 0 0 2 0 0 0 0 0 0 0 0 0 3 0 0 1 0 0 0 0 0 1 0 0 0 2 2 0 0 0 0 0 1 0 0 0 8 0
2 5 1 0 1 3 8 2 2 0 19 12 1 13 16 1 3 14 3 0 1 8 1 0 14 2 0 0 10 6 0 4 7 0 4 20 2 8 0 12 6 5 27 14 4 13 1 0 2 3 12 8 3 2 2 1 10 1 4 9 1 6 2 2 4 2 9 8 0 1 4 2 14 11 0 9 5 7 0 7 2 11 27 0 8 1 0 0 10 2 0 3 0 2 4 13 19 2 2 2
0 0 1 4 0 4 2 3 1 3 5 1 1 0 1 2 11 0 4 0 0 4 0 3 1 0 4 2 18 2 2 0 0 1 7 0 2 0 7 4 0 0 15 5 1 7 0 0 3 1 1 2 3 2 13 7 10 2 1 2 7 3 1 1 0 0 6 6 4 4 5 0 14 5 1 8 5 5 2 4 1 0 5 8 11 4 4 1 12 5 0 0 0 0 10 0 0 5 4 0
0 1 0 0 0 1 0 0 1 1 0 2 0 0 0 0 0 0 0 0 0 1 0 0 2 1 0 1 1 0 0 0 1 3 0 0 0 0 0 0 1 0 0 0 3 0 0 0 0 0 1 0 1 0 0 0 0 0 0 1 0 0 1 0 0 0 0 0 0 1 2 0 0 0 0 0 13 0 0 0 0 0 0 0 1 1 1 1 0 0 0 0 0 0 0 0 0 0 0 1
0 0 1 0 0 0 2 0 0 0 0 0 0 0 0 0 1 3 0 0 0 0 0 0 0 0 2 3 0 2 2 0 0 1 0 0 0 2 0 1 0 0 0 0 0 1 1 0 0 0 0 0 0 1 0 1 1 0 0 0 3 0 0 0 0 4 1 1 0 1 1 2 0 0 0 8 1 0 2 1 1 1 0 0 1 0 2 1 1 2 0 0 4 0 1 0 0 0 0 1
1 7 10 11 0 3 16 1 8 3 11 9 2 22 1 7 25 8 4 9 0 4 25 8 6 3 13 2 11 0 2 11 12 1 3 7 0 21 5 0 1 3 0 6 0 1 17 9 0 7 7 0 0 1 2 4 2 4 13 10 19 8 3 2 3 23 39 5 19 1 1 1 8 2 1 10 6 0 13 11 5 17 22 3 4 17 2 5 0 6 9 7 1 16 3 16 9 2 7 19
0 0 0 2 0 0 0 0 0 0 0 0 0 0 1 2 1 0 0 0 0 0 0 0 1 1 0 0 0 1 0 0 0 1 0 3 0 0 0 0 1 3 2 2 0 1 0 0 2 0 2 0 0 0 0 0 0 0 1 0 0 1 0 0 0 0 0 1 1 0 0 0 1 0 0 2 0 1 2 0 0 1 1 0 0 2 0 3 0 4 0 1 1 0 0 0 0 0 0 0
3 2 7 7 12 16 3 17 4 0 1 8 8 12 6 9 1 6 1 6 6 0 0 1 3 0 2 7 12 21 28 10 2 2 48 5 8 2 8 0 2 5 0 4 7 0 3 2 6 1 5 3 3 6 11 1 12 3 7 2 8 1 25 17 7 4 10 4 4 0 11 7 11 13 3 12 1 6 5 0 15 17 6 0 16 6 6 5 12 18 3 0 12 4 1 0 13 5 4 6
23 1 0 6 1 9 2 14 0 2 6 6 8 15 0 6 6 17 3 8 0 10 27 7 4 0 0 16 21 6 0 6 0 9 3 0 0 0 1 7 0 8 0 4 25 3 5 1 11 6 6 0 0 2 8 3 8 18 2 3 0 10 6 0 17 4 7 20 5 1 3 1 6 0 4 0 13 16 1 5 0 1 0 10 0 2 20 3 6 9 1 4 5 11 0 0 15 1 2 21
0 0 0 1 0 3 0 0 0 0 0 0 3 0 0 0 0 1 1 0 0 0 0 0 4 0 0 0 0 1 3 0 0 0 2 0 0 0 1 0 0 0 0 0 2 2 3 2 1 1 1 0 0 3 0 0 0 0 0 0 0 1 0 9 0 2 1 0 0 0 1 1 0 2 1 0 0 0 0 1 0 0 0 0 1 0 0 0 0 0 0 0 0 0 0 0 0 0 0 0
2 7 4 0 0 10 6 5 8 0 3 7 1 10 3 1 5 3 1 2 2 5 0 1 3 2 1 3 5 3 17 2 0 3 0 2 9 1 2 3 1 0 1 0 4 0 2 3 5 13 16 2 6 10 2 1 7 1 0 11 14 18 3 0 5 5 1 2 7 14 0 0 2 0 8 9 2 6 0 17 3 6 0 5 1 0 1 2 4 2 5 2 5 6 2 14 4 5 3 3
3 0 0 3 0 0 1 2 0 0 15 0 7 0 1 1 0 0 2 4 0 1 0 1 3 0 0 2 0 0 0 26 0 0 0 0 0 0 0 0 5 0 3 1 1 6 0 0 0 6 0 0 0 1 0 0 0 1 1 0 2 0 0 0 0 2 0 0 0 0 2 0 1 0 0 0 0 0 0 1 0 0 0 0 0 0 0 0 14 0 1 0 0 1 0 0 0 1 1 0
