0 2 3 0 2 3 5 23 0 3 6 0 2 2 17 2 4 2 14 2 1 1 2 6 13 7 4 8 1 15 8 3 9 3 5 0 8 0 2 0 1 3 1 0 0 1 2 10 2 21 0 0 7 0 1 5 6 12 1 2 3 5 1 12 7 3 8 1 26 9 4 7 2 2 0 3 3 2 1 0 6 1 0 1 30 0 20 1 16 1 3 0 0 0 3 0 2 0 1 7
0 0 0 0 0 6 2 0 0 0 0 0 0 0 1 0 1 0 1 0 1 0 0 0 0 0 0 2 4 0 0 0 0 0 1 0 0 0 0 0 4 0 3 0 0 8 0 1 0 0 5 0 6 0 0 0 0 0 0 0 0 0 0 3 0 0 0 0 0 0 0 2 0 1 0 0 0 0 0 0 0 0 0 0 0 0 0 2 0 0 0 0 0 0 0 0 1 0 0 0
6 0 20 12 4 15 1 21 8 1 5 2 2 5 5 0 1 10 20 9 1 1 4 1 0 0 4 3 0 4 13 0 1 3 2 3 0 3 0 0 12 12 3 1 0 7 2 4 0 21 7 7 4 12 1 3 22 0 2 12 4 1 3 7 1 0 0 29 3 1 5 18 4 1 5 2 3 0 2 7 5 4 11 3 3 0 5 0 0 26 7 0 10 8 8 11 3 7 22 0
0 4 6 0 1 4 2 1 3 6 1 0 1 0 1 13 1 2 1 0 4 2 2 2 0 16 2 0 0 0 3 0 1 3 4 1 2 0 5 0 2 4 2 3 4 2 6 3 3 6 4 10 0 3 0 0 0 1 1 0 5 3 2 19 0 19 7 0 0 6 0 4 0 0 4 3 17 6 1 2 2 8 17 0 1 7 23 15 0 5 5 1 11 2 4 2 2 0 4 0
0 0 0 4 0 0 0 0 0 0 2 0 1 2 1 1 1 1 0 2 0 1 0 0 1 0 0 1 1 0 0 0 0 0 0 0 0 0 0 1 0 0 0 0 0 0 0 1 0 0 0 0 0 0 0 0 3 2 0 1 1 0 1 0 0 0 0 2 3 2 0 0 0 4 3 0 1 0 0 0 1 1 1 0 0 0 3 0 0 0 0 0 0 0 1 1 2 0 0 0
0 1 2 0 0 2 2 0 0 0 0 1 2 1 0 0 0 0 0 1 0 1 0 0 0 0 0 0 0 0 1 0 1 0 1 0 2 1 0 1 5 2 1 0 1 0 1 1 0 0 5 0 0 0 0 1 1 0 0 0 0 3 3 1 0 3 1 0 0 0 0 1 1 0 0 0 0 0 1 0 0 0 0 2 0 1 4 2 0 0 0 0 0 0 0 0 0 0 2 1
9 12 1 1 1 3 8 10 4 14 0 14 10 6 0 3 22 1 11 12 11 0 1 12 0 2 5 2 0 30 0 4 11 0 6 10 4 1 17 1 25 2 4 10 5 4 12 11 2 5 4 30 2 14 3 13 5 14 0 22 6 6 0 5 0 4 11 13 6 4 6 1 0 6 19 11 16 3 6 6 20 0 9 2 10 0 9 1 1 1 5 19 0 5 8 14 18 1 4 6
2 3 1 0 0 0 2 0 0 0 0 0 0 0 0 0 0 0 0 1 0 1 0 2 0 0 1 1 1 1 1 0 0 0 0 0 0 0 1 1 6 0 0 0 0 0 0 0 0 0 4 2 0 0 1 1 0 0 0 0 0 2 1 1 0 0 1 0 0 0 0 0 0 1 0 0 2 0 0 0 0 0 0 0 0 0 3 9 1 0 2 0 0 0 0 2 0 1 1 0
0 3 1 2 27 11 8 15 4 5 12 6 7 8 11 1 3 3 0 5 4 21 5 4 0 0 5 2 15 15 6 0 10 5 11 1 45 2 3 3 4 1 1 2 1 2 15 5 0 7 1 40 1 4 1 13 5 1 15 2 8 19 13 1 7 0 5 14 3 7 2 1 5 1 13 1 4 3 1 17 38 26 3 5 27 28 4 9 3 2 31 0 2 3 2 5 4 5 1 18
7 1 12 5 2 2 12 8 0 11 4 19 1 4 5 0 1 17 14 1 1 0 1 6 2 5 1 3 11 6 0 2 1 4 0 1 3 3 10 5 3 14 10 0 5 0 8 0 1 2 7 6 1 0 0 0 8 0 7 1 7 2 4 17 1 4 6 0 1 3 1 13 9 2 16 0 3 3 2 4 0 8 0 3 0 4 0 20 0 4 11 20 2 3 16 5 7 2 6 11
1 0 0 1 0 1 0 0 0 0 0 0 2 0 0 0 0 0 0 0 0 0 1 1 0 0 0 0 0 1 0 0 0 0 0 2 0 1 1 2 1 0 0 0 0 0 1 0 0 0 0 2 1 0 0 0 0 1 0 1 0 1 0 1 1 0 0 0 1 0 0 1 0 2 0 0 0 4 2 0 2 0 1 0 0 0 0 0 1 1 0 2 1 0 1 0 0 0 0 0
4 0 0 0 0 1 0 1 0 0 0 0 0 8 0 0 0 0 1 0 2 0 0 0 0 0 0 0 0 0 0 0 1 1 2 0 0 0 0 4 2 0 0 0 0 0 0 0 0 0 0 1 1 1 1 2 0 0 0 0 0 0 0 1 0 0 0 0 0 0 1 1 0 0 0 0 0 0 0 0 2 0 0 0 0 0 1 0 0 0 0 1 0 0 2 0 0 0 0 0
3 0 4 0 0 1 5 2 8 1 1 1 7 4 1 1 4 12 10 1 1 2 0 7 1 0 0 2 2 3 1 3 0 0 4 5 14 0 1 16 4 3 0 4 0 16 1 5 1 5 0 2 4 0 5 0 3 10 0 5 3 1 1 7 4 1 0 0 4 1 4 0 7 4 2 14 4 5 1 0 7 6 13 11 9 4 0 0 3 8 0 15 28 3 3 22 10 13 1 5
1 6 5 3 16 2 1 0 1 3 21 6 10 1 0 0 1 0 0 9 0 0 2 7 1 16 15 4 8 1 2 2 1 0 3 4 3 3 1 4 1 0 0 1 0 8 2 2 1 2 0 2 0 13 5 1 1 0 8 3 0 2 15 1 0 4 2 4 19 6 0 6 0 2 6 4 0 2 0 0 4 0 4 3 0 0 11 9 1 3 13 6 8 24 1 3 3 0 3 0
0 0 0 1 1 0 2 0 0 0 0 0 2 0 0 4 0 0 0 0 0 0 0 0 1 0 0 0 3 0 0 1 0 1 0 1 1 1 0 1 0 3 0 0 0 0 2 1 0 0 1 0 0 0 0 0 0 0 0 0 0 0 0 0 0 3 0 2 0 5 1 0 0 0 1 0 0 0 1 0 1 0 2 8 0 0 1 2 0 1 0 0 0 3 0 0 0 0 1 8
0 0 0 0 0 0 0 3 11 0 0 0 0 3 0 0 1 0 0 0 1 0 0 1 0 0 1 0 0 0 0 0 0 0 2 0 0 1 1 0 1 0 2 0 0 0 0 2 1 0 0 0 0 0 0 0 2 0 1 0 1 0 0 0 0 0 0 0 1 0 1 0 0 0 0 0 0 0 0 0 1 0 0 1 0 1 0 0 0 0 0 0 0 1 0 0 0 0 0 0
10 11 5 27 0 1 2 9 21 10 10 12 16 7 11 2 3 15 10 5 5 12 2 5 6 18 1 6 6 3 1 1 3 2 10 1 30 0 2 9 4 26 1 0 10 5 15 44 13 3 1 3 11 11 18 3 1 28 0 2 9 0 12 1 11 7 5 14 4 3 18 32 4 2 2 1 7 1 1 3 18 3 7 1 11 2 8 18 10 0 1 4 26 1 5 7 0 20 0 1
6 7 7 1 27 5 7 3 8 2 1 3 8 11 2 8 12 1 13 4 8 14 2 2 1 3 3 9 4 0 1 29 0 12 9 20 22 31 4 6 0 10 4 1 15 9 45 18 5 11 2 3 4 9 3 4 0 2 10 5 9 0 1 0 32 2 9 3 5 1 2 12 0 12 9 6 33 11 18 5 1 2 2 4 3 5 13 15 47 6 4 1 7 0 0 13 0 4 22 7
1 16 2 5 2 8 0 1 4 8 1 1 9 1 47 8 1 3 3 1 15 11 22 0 30 0 1 1 9 1 4 6 2 1 4 2 27 0 0 8 8 17 2 6 6 1 37 1 1 9 29 1 9 5 6 3 3 2 0 8 9 2 3 2 11 5 1 11 1 7 2 0 10 16 10 0 11 4 11 9 3 3 12 9 19 14 2 1 3 12 16 7 1 1 31 0 1 4 2 4
0 0 1 1 0 0 2 0 0 0 0 0 1 0 0 1 0 0 0 0 0 0 0 0 0 1 0 0 1 0 0 1 0 0 0 1 0 0 1 1 2 3 0 0 0 0 0 0 0 0 0 0 0 2 0 0 0 0 0 0 0 0 1 1 1 0 0 0 0 0 1 0 2 0 0 0 1 3 5 0 0 0 0 0 2 0 0 0 1 1 1 0 0 0 0 0 0 0 1 0
0 35 11 2 4 3 2 0 4 1 14 2 22 28 6 6 0 1 17 16 7 1 0 5 7 1 22 0 4 11 12 1 5 4 1 0 19 3 0 2 16 2 31 8 13 3 5 6 2 10 14 4 1 10 4 1 5 3 4 1 19 10 19 9 15 17 7 4 1 1 4 27 16 1 23 2 2 1 23 0 16 7 1 1 11 6 2 31 2 9 8 24 3 21 2 5 7 2 2 14
1 0 0 0 0 0 0 0 1 0 0 0 1 0 1 1 0 0 0 0 1 0 1 0 0 0 0 0 1 2 0 1 0 0 1 0 0 0 0 0 1 3 0 2 1 0 0 0 1 2 0 0 0 0 1 0 0 1 0 0 3 1 0 0 1 0 0 0 0 2 0 1 0 0 0 0 0 3 0 0 1 0 0 1 0 1 0 0 0 1 0 1 0 0 0 0 0 1 2 1
0 4 0 5 6 7 3 2 1 0 4 2 0 2 1 1 3 2 1 5 1 0 3 2 1 2 0 7 10 2 1 6 3 0 4 2 0 4 0 3 1 4 7 14 2 1 2 3 0 0 2 2 0 8 5 7 8 2 8 3 4 0 5 0 0 0 11 3 0 18 0 3 3 8 6 2 3 11 6 0 0 1 1 3 2 2 7 4 4 12 0 3 0 7 8 0 0 12 1 1
0 2 12 7 1 0 0 3 3 3 1 8 0 5 7 8 0 4 1 7 0 2 0 2 0 2 10 0 6 6 1 1 0 1 1 0 3 1 0 4 0 3 9 4 1 0 1 17 1 0 0 0 0 9 9 4 22 4 0 9 1 0 2 13 3 0 3 7 7 1 2 0 2 2 5 23 1 1 9 0 9 3 2 29 11 1 1 0 4 1 2 1 2 4 1 5 3 0 9 4
2 6 2 4 2 7 33 26 26 4 32 3 0 1 2 4 5 3 0 4 2 5 3 5 6 0 3 6 3 1 11 7 6 1 11 0 7 1 22 7 11 5 3 1 28 8 39 22 6 4 4 10 4 6 15 11 6 20 4 2 4 0 1 0 1 1 9 0 12 10 7 5 0 0 16 2 13 8 6 2 9 1 0 6 7 16 2 0 0 4 1 10 1 14 16 7 22 10 3 0
0 1 17 0 15 14 1 8 31 22 0 9 0 13 0 14 8 5 6 10 26 1 28 8 8 2 6 13 15 7 15 17 0 4 1 9 0 11 3 15 21 19 13 3 8 1 28 12 21 5 1 16 0 9 11 0 0 1 29 3 2 2 2 21 2 7 5 5 4 1 6 8 14 4 3 12 2 17 8 2 14 2 3 1 1 11 1 30 2 13 3 41 5 17 1 9 8 5 6 1
1 1 0 0 1 2 0 0 0 0 0 0 0 0 1 6 0 1 2 0 0 0 6 0 0 1 0 0 1 1 0 0 0 0 0 0 0 0 0 0 1 0 0 0 0 1 0 1 0 0 0 0 0 0 0 2 6 0 1 0 0 0 0 0 1 0 0 1 0 0 2 4 1 0 0 0 0 0 0 0 2 0 0 0 0 0 0 0 0 0 0 0 0 0 0 0 1 1 0 0
1 0 0 1 0 0 0 0 0 0 0 0 1 21 0 0 0 0 1 1 0 0 0 0 2 0 0 0 0 0 0 0 0 1 0 0 0 0 0 0 1 0 3 0 0 1 0 0 0 0 1 1 0 0 0 1 1 0 0 0 0 0 0 1 1 0 0 2 0 1 1 1 0 1 0 0 0 1 0 0 0 0 0 0 1 0 0 0 0 0 0 0 0 0 3 0 0 0 0 1
9 2 0 4 15 11 23 2 1 25 25 2 6 6 1 6 7 10 16 6 4 0 16 2 24 4 20 10 9 6 16 3 11 36 8 2 1 2 3 10 17 13 4 5 14 3 0 0 3 8 4 13 15 17 2 12 9 2 2 6 1 7 4 12 0 6 14 10 10 2 14 16 8 19 0 2 0 0 8 11 2 5 5 8 6 4 14 2 28 19 9 0 23 8 22 15 1 0 10 8
0 0 1 0 0 0 0 0 0 1 0 0 0 0 0 0 0 0 1 1 0 0 0 0 2 1 0 0 0 0 0 0 0 1 0 1 0 0 2 2 0 0 0 2 1 0 2 0 0 0 0 7 0 0 1 0 0 0 1 0 2 0 2 0 0 0 0 0 2 0 1 0 0 0 1 0 0 0 0 1 0 0 0 0 0 1 3 1 0 0 0 0 0 0 0 1 0 0 1 0
0 0 0 5 0 2 0 0 3 0 3 1 0 0 0 1 0 0 0 0 0 1 0 0 1 1 0 1 0 0 0 0 0 0 0 0 0 0 0 0 0 0 2 0 1 0 0 1 1 2 0 1 0 0 0 0 1 3 0 0 1 0 1 0 2 7 0 1 1 7 0 0 1 0 1 0 0 0 4 1 0 0 0 0 0 2 0 0 0 0 0 0 1 1 0 0 0 0 0 0
5 8 6 4 1 3 0 0 7 2 3 1 2 1 6 1 0 0 0 9 8 3 13 6 3 25 0 2 6 4 1 0 7 4 15 4 14 11 11 5 3 0 1 0 6 3 0 0 3 2 2 4 4 0 4 1 0 4 3 2 9 2 1 9 0 7 8 9 1 12 4 0 3 1 2 0 6 0 7 5 2 3 9 7 5 5 1 0 0 1 7 0 4 0 0 2 2 5 9 0
0 3 1 1 0 0 0 4 1 8 0 3 0 1 9 3 4 13 1 8 1 2 3 3 2 4 7 5 6 3 1 6 1 3 10 3 2 4 8 5 3 1 1 5 10 0 0 2 3 8 0 1 0 17 14 0 6 13 12 1 1 1 0 0 4 0 15 0 23 0 2 0 2 7 1 0 0 9 2 4 3 5 1 0 0 3 2 0 2 2 2 12 6 0 4 1 3 9 3 0
5 7 0 0 0 0 4 3 1 5 0 14 0 1 4 0 0 3 5 4 14 22 1 0 3 18 1 18 16 4 4 7 2 4 3 1 2 6 0 5 15 7 0 2 2 0 4 2 6 1 5 1 7 0 8 1 1 3 7 0 1 4 1 3 0 12 3 1 0 0 2 2 10 6 5 3 0 4 2 3 0 0 5 6 2 4 5 5 3 8 5 0 4 8 0 12 1 18 0 1
0 3 6 2 3 2 3 1 0 12 0 1 1 2 5 2 0 4 4 1 0 7 1 1 0 2 4 11 0 11 0 8 0 3 0 0 6 3 5 2 15 5 2 3 4 1 0 10 4 3 7 0 2 0 7 5 5 12 1 1 3 1 10 13 10 10 1 0 1 2 1 6 7 0 5 6 3 1 1 3 2 0 3 2 5 3 2 8 0 7 1 4 3 3 2 2 0 4 1 5
0 0 0 9 0 6 2 1 0 2 0 7 1 0 0 0 0 0 0 1 2 0 0 1 0 1 0 0 1 0 0 0 0 1 0 0 0 0 0 0 3 0 0 1 0 9 0 0 0 0 7 0 4 0 0 0 2 0 1 0 2 0 0 0 0 1 0 7 0 4 0 3 0 0 1 12 1 1 0 0 2 3 0 0 1 0 0 12 0 0 0 0 0 1 0 1 0 1 1 5
1 1 3 10 7 2 8 16 2 0 7 11 0 1 3 0 0 18 3 3 6 6 9 5 4 19 1 9 13 1 6 30 3 6 2 1 9 6 1 1 9 3 5 18 12 11 6 3 2 30 3 6 0 0 3 3 15 1 4 2 10 0 0 30 9 32 8 33 2 2 2 3 1 2 4 13 1 2 0 3 16 3 5 2 19 2 2 3 1 13 12 7 1 2 0 8 0 2 4 20
4 0 10 0 1 6 7 0 15 0 3 8 3 1 8 0 16 3 9 11 3 16 0 2 2 0 0 1 0 2 5 1 6 1 1 25 14 7 2 4 3 1 0 4 0 1 8 0 1 3 0 2 5 3 4 15 0 1 8 7 6 3 4 0 3 9 4 7 7 0 8 1 9 3 7 7 1 5 8 1 9 8 0 0 3 2 5 5 2 11 0 5 4 1 0 1 0 7 2 1
0 0 0 3 0 3 0 0 0 1 0 6 0 0 0 0 1 1 0 0 0 0 0 0 0 0 0 1 0 0 0 0 1 1 0 0 0 1 1 0 0 1 0 0 1 0 1 1 0 0 1 1 0 0 0 0 1 0 4 2 0 0 0 0 2 1 0 2 0 7 1 0 0 0 0 10 0 0 2 1 3 1 0 0 1 0 0 3 1 1 0 1 0 0 0 0 0 0 0 10
4 12 0 0 1 30 7 5 1 5 6 10 5 3 9 4 2 7 4 1 5 1 5 10 16 1 6 3 4 1 5 3 5 18 22 0 7 1 4 19 1 12 2 5 6 20 1 10 14 1 6 8 6 10 27 1 2 4 14 6 4 16 11 1 5 9 0 0 5 0 0 3 17 22 10 0 7 6 4 4 11 3 21 0 2 8 2 31 8 2 5 1 5 1 0 14 2 42 7 1
21 4 5 38 30 9 0 17 24 5 6 13 7 20 1 1 12 1 1 12 3 4 1 35 7 10 3 1 0 5 15 6 18 14 14 1 21 3 5 19 17 13 6 34 0 7 4 2 0 11 3 4 3 9 12 11 0 4 11 27 0 1 4 9 1 16 19 31 4 8 5 6 25 10 6 5 18 0 14 10 1 8 0 14 1 10 12 0 14 4 0 0 1 6 4 19 3 5 1 3
0 0 0 1 0 0 3 3 0 0 0 0 0 0 0 0 0 0 0 0 0 0 0 0 0 9 0 0 1 0 1 0 0 0 0 1 0 0 0 1 0 0 0 0 0 0 0 8 0 1 1 0 0 0 0 1 1 0 4 2 1 2 0 0 1 1 0 0 0 0 1 0 0 1 0 0 0 0 1 0 0 0 1 1 0 0 0 0 1 0 0 0 0 0 0 0 0 0 3 1
0 0 7 0 6 0 4 1 0 0 0 1 0 1 4 1 1 0 1 0 5 1 0 0 5 1 5 0 0 0 0 0 0 0 6 0 0 0 1 0 0 7 1 0 0 3 0 2 0 6 2 3 2 4 0 8 0 3 1 5 12 4 0 3 7 9 4 0 2 2 0 13 0 0 0 6 0 0 0 7 15 3 0 7 0 0 10 10 3 2 2 1 0 9 0 8 1 2 8 5
0 6 5 2 0 1 2 3 4 9 3 1 0 0 1 10 2 2 4 6 3 14 1 6 1 2 3 5 1 11 2 6 0 1 0 0 7 13 3 0 6 7 8 8 10 9 2 7 3 15 0 0 1 1 0 9 11 1 1 2 1 1 21 8 3 4 0 0 4 0 11 6 2 1 1 0 2 0 13 2 11 2 14 1 1 6 3 1 2 0 5 0 18 1 2 1 5 0 7 6
0 19 2 5 6 3 2 16 11 1 7 7 0 27 9 7 18 0 16 3 0 6 6 12 2 13 1 7 4 1 32 18 2 3 1 27 47 5 10 11 0 5 8 0 13 12 11 20 5 18 12 22 0 11 11 11 13 1 0 14 4 5 0 3 0 3 14 8 0 11 6 0 8 0 2 6 7 5 1 3 0 3 2 28 10 26 18 27 10 14 19 6 0 23 2 4 9 11 9 7
4 5 1 2 0 1 2 0 0 2 6 8 0 1 0 6 3 3 2 0 5 12 14 5 4 1 16 5 10 4 2 3 10 2 1 3 1 1 9 2 7 1 0 3 0 9 8 0 0 3 8 1 9 5 5 3 17 0 13 0 29 4 12 1 3 1 4 3 0 4 4 4 13 0 4 2 0 2 3 4 8 3 0 4 2 9 1 1 1 1 3 8 9 0 3 1 5 5 9 11
0 0 0 0 0 2 1 2 0 0 0 0 0 0 3 0 3 0 0 0 0 0 0 0 0 0 0 0 0 0 1 0 0 2 1 0 0 2 0 0 0 0 0 0 0 0 0 1 0 0 0 1 0 1 0 1 0 0 0 0 0 0 1 1 0 0 0 0 1 0 0 0 0 0 1 0 0 0 3 0 1 2 2 0 0 1 1 1 0 2 0 0 0 1 0 0 0 0 0 0
2 10 0 0 0 0 1 4 0 4 1 0 3 6 0 0 3 0 0 1 1 2 0 0 0 0 0 1 0 1 1 3 1 33 0 1 1 2 1 5 0 0 0 1 2 0 1 0 8 2 0 0 0 1 4 0 1 0 0 0 0 0 0 1 0 2 0 0 2 1 0 0 4 9 9 0 0 2 1 0 0 0 10 1 3 3 2 0 1 0 9 2 0 0 8 0 2 1 0 2
0 0 0 2 0 0 1 0 0 0 1 0 1 0 0 0 1 0 0 4 1 0 0 0 5 1 0 0 0 0 0 0 0 0 0 2 1 0 2 0 0 0 1 0 0 1 0 0 0 0 0 0 0 2 0 0 0 0 1 0 0 0 0 1 0 0 0 0 2 1 0 0 0 0 0 2 0 0 0 0 0 0 4 4 1 0 0 0 0 1 0 0 1 2 0 0 0 0 0 0
5 0 4 0 0 8 11 6 13 25 4 12 4 7 3 5 3 9 9 20 3 5 5 1 5 4 10 29 1 8 1 27 7 2 2 2 21 2 5 2 35 3 1 3 4 22 9 22 0 14 4 3 4 13 1 14 3 16 10 22 1 2 1 4 9 3 2 6 2 0 13 2 17 3 33 0 3 7 5 2 2 8 1 3 2 21 14 2 16 5 1 7 16 3 2 2 1 0 2 47
