2 0 1 1 0 0 3 0 0 0 0 0 0 1 0 0 0 0 0 0 0 0 2 0 0 0 0 0 0 1 0 0 0 2 0 2 0 0 0 2 2 0 0 1 0 1 1 1 0 0 0 0 1 0 0 1 0 0 0 0 0 0 0 4 0 1 0 0 0 0 0 0 7 1 0 0 0 1 0 0 1 0 0 0 0 0 0 0 2 0 0 0 0 1 0 2 0 0 0 0
0 0 0 0 0 0 0 1 1 0 2 0 1 0 1 1 0 0 1 0 0 0 0 0 0 3 0 0 0 1 0 0 1 1 0 0 1 0 0 1 0 0 1 0 0 1 0 1 0 0 0 0 0 2 0 0 3 0 0 1 0 2 0 1 0 1 0 0 0 0 1 0 0 1 2 1 0 0 0 0 0 1 0 0 0 1 0 0 0 1 0 0 0 4 2 0 0 0 1 0
1 0 1 0 3 0 0 0 0 0 0 0 3 0 1 0 0 0 0 1 0 1 0 0 0 0 0 0 0 1 1 0 1 0 1 0 0 0 0 0 1 0 1 1 2 3 1 0 0 0 5 6 1 2 1 0 3 0 0 0 0 1 0 16 0 2 0 1 0 0 0 0 0 0 0 0 0 0 0 0 1 0 1 1 0 0 0 0 0 1 0 1 1 0 1 3 0 1 0 0
8 1 13 0 33 0 1 4 0 3 46 4 6 0 8 2 4 13 2 1 1 4 11 8 5 20 12 5 2 4 18 0 7 7 3 1 3 9 3 11 0 2 13 0 0 1 7 27 2 26 18 2 8 1 2 8 2 0 8 0 2 5 0 2 6 1 6 18 13 12 4 13 14 0 2 0 0 1 4 3 0 6 7 8 19 16 6 16 5 7 0 6 2 8 9 1 1 2 2 13
0 2 1 6 3 6 0 0 1 0 7 12 5 2 0 0 19 3 3 3 0 4 14 2 4 2 4 0 1 0 5 6 0 6 7 1 0 2 22 11 2 5 11 14 25 2 0 1 9 10 1 8 3 8 1 1 12 6 1 7 10 7 9 9 4 0 0 4 8 3 2 7 0 0 2 2 6 6 4 3 5 5 1 3 2 2 3 6 0 1 1 8 0 3 2 2 0 2 6 1
7 5 4 9 3 16 12 1 0 13 7 6 10 15 0 20 4 6 7 8 1 10 33 2 23 1 33 5 0 2 1 0 7 1 2 12 3 12 16 4 6 7 29 8 1 10 0 5 13 0 20 26 5 0 2 12 9 5 4 3 12 4 10 0 25 9 7 16 2 3 1 0 1 0 15 1 2 19 9 6 2 19 2 26 16 1 41 0 1 4 1 4 15 15 10 10 2 12 2 13
0 0 1 0 0 0 0 0 2 0 0 0 0 0 0 0 0 0 0 0 1 0 0 0 0 0 0 0 0 0 0 1 1 0 10 0 0 1 0 0 0 1 0 1 0 0 1 3 0 0 1 0 0 2 0 0 0 0 0 0 0 0 1 1 1 0 0 0 1 0 1 0 0 1 1 2 0 1 1 2 0 0 0 2 0 1 1 2 0 2 0 0 0 0 6 1 0 1 0 1
0 1 0 0 0 2 0 0 0 2 2 0 0 0 0 0 0 0 0 2 2 3 0 0 0 0 0 0 1 0 1 0 0 1 1 1 0 1 0 0 1 0 0 1 0 3 0 0 0 0 1 10 2 0 1 0 0 1 0 0 0 3 1 1 1 0 0 0 0 0 0 1 0 0 0 0 1 0 0 0 0 1 0 0 0 0 0 0 0 0 0 1 2 0 0 1 0 0 0 0
0 0 1 0 0 0 1 1 3 0 0 0 1 1 0 0 0 0 0 2 1 0 1 0 0 0 0 1 0 0 2 0 0 0 1 1 0 0 9 0 0 0 0 0 0 0 0 3 0 0 0 1 9 1 0 1 0 0 0 0 0 0 0 0 1 0 0 0 2 1 0 0 0 0 3 2 1 0 0 0 0 0 0 0 0 0 2 0 0 0 0 0 1 1 0 0 2 4 0 0
3 4 1 0 2 7 1 2 1 5 12 0 3 5 4 3 2 7 3 0 1 3 0 2 9 1 4 1 3 3 0 3 2 2 6 1 5 24 8 1 0 10 15 3 2 0 4 0 2 18 16 3 1 6 0 3 1 0 0 0 2 0 2 1 3 2 7 5 0 14 7 1 0 16 1 1 13 4 16 4 5 0 11 6 3 1 6 11 0 1 0 10 1 2 3 1 0 3 3 3
3 3 11 1 10 0 6 6 3 1 5 8 24 3 6 20 1 0 2 3 0 0 3 13 10 1 17 1 5 4 7 27 10 0 10 5 9 12 1 16 12 4 17 1 1 9 15 2 5 12 5 3 15 2 6 10 7 1 30 6 5 1 0 3 4 9 7 2 3 4 4 2 7 16 5 9 1 1 21 13 11 0 1 4 1 0 3 26 6 2 4 16 11 34 9 8 2 2 5 41
1 0 0 0 2 0 2 2 4 0 0 0 0 0 0 0 1 0 0 0 0 0 0 6 2 0 0 0 0 0 1 0 0 0 0 0 0 0 0 0 0 0 1 0 0 1 0 0 0 9 1 0 0 1 1 0 0 0 0 0 1 0 0 1 0 0 0 0 0 2 1 0 5 0 3 0 0 2 0 0 0 0 2 0 0 0 2 0 0 0 2 0 0 2 0 0 0 0 0 0
14 2 1 8 9 8 1 5 3 7 7 6 9 15 0 8 10 7 2 2 8 3 4 20 2 15 1 8 12 1 33 0 3 14 2 31 21 3 5 0 2 5 1 8 6 2 6 5 0 5 5 6 20 26 7 2 29 1 0 12 4 12 7 24 29 3 17 17 7 10 4 1 22 6 7 3 0 1 11 12 7 0 0 0 1 9 6 10 8 0 18 6 4 21 10 11 4 2 11 1
8 6 31 16 5 10 6 11 31 13 30 2 19 14 30 6 6 9 5 10 0 0 2 3 14 1 0 0 12 0 24 8 10 2 12 10 8 4 6 2 6 4 3 18 15 3 9 19 8 13 4 8 1 8 6 1 4 14 1 9 17 0 10 0 8 1 1 7 6 0 7 9 40 3 0 17 22 1 8 9 9 4 19 20 3 4 26 4 1 2 3 3 1 0 10 4 1 14 2 3
0 0 0 1 1 0 0 2 1 0 0 2 0 3 0 1 2 0 0 0 0 0 0 0 0 0 0 0 0 0 0 0 0 0 0 1 0 1 0 0 0 0 0 0 1 0 0 2 0 1 1 0 2 1 2 0 1 2 0 0 0 0 1 0 0 0 0 1 0 0 0 1 0 4 0 0 1 3 1 0 1 1 2 0 3 1 0 0 4 0 1 0 1 0 3 0 0 1 0 1
0 0 0 0 0 0 0 3 0 2 4 2 1 1 0 0 0 0 0 0 0 0 0 0 1 1 0 1 0 5 0 0 0 0 0 0 0 4 0 0 0 0 0 3 0 4 3 0 0 0 0 0 0 1 0 0 0 1 0 0 1 1 0 1 0 0 0 0 0 0 0 0 0 0 0 0 1 0 1 0 0 0 1 0 0 0 0 0 0 0 0 0 0 0 0 1 0 1 0 0
1 0 0 0 1 0 0 0 0 0 0 1 0 0 0 0 0 0 0 0 1 0 0 0 0 0 0 0 0 0 0 0 0 0 0 0 0 4 0 0 0 0 0 0 4 1 4 0 2 0 0 0 1 1 0 0 1 0 0 0 0 0 4 1 1 1 0 0 1 2 0 1 0 1 0 0 0 1 0 1 0 0 0 1 0 2 1 0 0 0 1 0 1 3 0 0 0 0 0 0
2 0 2 15 10 0 12 2 0 0 1 3 7 0 17 15 1 0 0 0 3 10 6 1 3 3 2 18 1 11 0 5 6 1 1 1 5 1 21 2 1 21 2 3 2 3 1 7 0 4 5 7 0 1 4 0 6 0 0 6 2 7 0 0 10 0 14 4 0 7 3 9 0 1 2 4 0 0 1 10 4 0 0 5 3 2 2 2 1 1 2 6 8 0 4 3 1 2 2 3
0 0 5 8 0 0 1 1 0 0 0 0 3 0 0 0 0 13 0 1 0 3 0 1 0 0 0 2 0 0 0 1 0 1 3 1 2 0 2 0 1 0 2 0 0 0 0 2 0 0 0 0 0 0 0 0 0 0 0 0 0 0 0 0 0 0 0 0 0 0 5 0 0 1 1 1 0 0 0 0 0 0 0 0 1 0 0 0 0 0 0 0 1 0 3 0 0 1 0 0
0 0 1 3 0 1 0 0 0 2 0 0 0 1 0 0 0 0 1 0 0 3 0 1 0 0 0 0 0 0 2 0 0 0 0 0 0 0 0 1 0 0 1 0 0 0 0 0 0 0 0 1 0 2 0 0 0 0 1 0 0 0 1 0 0 1 0 1 0 1 0 0 0 2 0 0 1 0 0 2 0 0 15 1 2 0 0 0 0 1 0 0 1 1 1 0 0 0 0 2
2 0 4 7 4 0 6 1 3 0 0 3 3 0 0 2 0 4 4 0 1 2 2 7 0 0 4 0 2 13 4 0 2 5 0 0 6 9 4 0 12 2 0 10 1 9 2 15 0 5 0 1 6 1 7 5 1 2 1 0 2 3 1 2 0 7 2 10 14 3 28 8 0 0 9 1 0 1 5 0 2 8 9 6 1 1 7 4 15 23 8 5 1 16 1 1 0 5 5 0
5 0 6 1 0 10 0 2 1 0 3 10 3 3 1 10 2 3 4 0 6 12 13 15 3 2 10 1 3 1 0 4 2 1 2 5 2 1 1 1 5 4 6 1 0 0 5 17 2 2 4 0 8 0 2 0 1 2 1 2 10 3 5 0 3 1 0 7 14 5 1 6 0 0 1 8 2 2 6 1 0 5 1 2 4 0 0 0 2 3 10 8 2 2 2 0 0 4 18 4
5 7 1 4 19 1 15 5 13 12 0 0 4 4 1 29 14 3 10 1 1 9 18 0 17 10 8 12 3 1 1 13 3 30 3 14 7 13 24 2 9 5 30 1 5 11 3 14 1 3 0 12 2 9 1 0 6 5 2 1 2 15 5 8 5 4 6 2 4 1 0 11 7 6 1 9 8 11 7 12 2 2 1 4 2 6 2 9 6 18 6 4 19 2 2 16 4 2 5 10
3 1 7 0 6 3 22 4 4 16 0 22 2 1 5 20 4 36 23 12 2 3 11 40 4 28 16 18 29 1 0 4 2 18 13 8 5 22 5 1 0 1 2 6 4 0 1 5 25 18 2 15 17 3 5 14 3 11 4 14 0 12 15 0 24 10 3 9 0 15 14 11 1 9 7 2 2 2 5 28 1 8 1 2 4 9 1 23 13 5 1 1 0 1 2 8 1 22 2 9
1 0 27 6 6 7 1 13 5 3 11 9 1 5 17 27 4 4 3 8 6 30 3 3 1 2 4 0 12 1 0 3 13 2 4 28 6 25 1 1 10 16 0 19 4 2 0 0 11 8 12 0 4 2 3 3 21 6 56 5 10 1 15 0 3 17 1 9 16 1 3 0 24 2 0 0 13 7 4 10 11 3 13 4 3 5 0 1 2 6 6 6 0 2 0 6 12 20 1 3
0 0 0 0 0 0 1 0 0 0 0 0 1 1 0 1 0 0 1 0 0 0 0 3 2 0 0 0 0 0 0 0 0 1 0 1 0 0 0 0 4 0 0 0 0 0 0 0 0 1 0 0 0 0 0 0 0 0 0 1 1 1 0 0 0 0 0 0 0 1 2 1 10 1 0 0 2 1 0 4 0 0 2 0 0 0 0 0 1 0 1 1 0 0 0 0 0 0 0 0
1 1 7 22 7 0 19 6 1 1 1 2 0 6 24 16 4 1 0 1 4 2 2 4 0 16 33 7 13 5 11 15 46 10 18 14 3 24 12 20 0 1 16 1 2 18 10 7 31 1 8 2 17 17 8 11 20 0 3 0 21 6 12 5 0 20 9 0 14 1 8 7 6 1 8 12 7 3 16 3 13 21 3 8 3 0 9 16 4 7 1 12 23 11 2 3 12 2 4 7
21 4 3 23 9 13 2 9 0 7 12 10 2 18 3 19 11 4 0 0 9 18 0 19 18 23 12 4 13 6 3 12 9 1 6 19 0 7 24 0 10 2 9 10 16 19 9 12 27 16 1 23 10 3 3 4 10 15 0 25 5 12 2 19 1 7 13 21 7 3 2 8 2 8 3 1 5 0 6 6 6 37 11 3 8 14 7 4 0 3 4 4 2 20 5 5 1 21 0 4
1 2 0 0 0 0 1 0 0 1 0 0 0 0 2 2 0 2 3 0 2 0 0 1 2 0 0 0 1 0 0 0 3 0 0 0 1 1 0 0 0 0 1 0 0 0 0 0 1 1 1 2 0 0 0 0 0 0 0 0 0 2 0 0 0 0 0 0 0 0 1 0 0 2 0 1 0 0 0 0 0 1 1 0 1 0 0 2 0 1 0 2 1 3 7 2 0 1 0 1
0 0 0 1 0 1 2 0 0 1 0 4 0 0 2 0 0 0 1 0 0 0 2 0 0 0 0 2 0 0 0 12 2 2 0 0 0 0 1 0 1 0 0 0 0 1 0 0 0 0 0 0 0 1 0 0 2 0 0 0 0 0 0 0 3 0 0 1 0 0 0 1 0 0 1 0 1 0 0 0 0 0 0 0 0 0 0 0 0 0 0 0 0 0 3 1 0 0 0 0
0 0 0 0 0 0 0 0 0 1 0 6 0 0 1 0 0 0 1 0 0 0 0 1 0 2 2 1 0 0 0 5 9 2 2 0 0 1 1 0 0 0 4 0 0 0 0 0 0 0 0 0 1 1 0 0 0 0 0 0 3 0 0 0 0 0 0 0 0 0 0 1 0 0 1 0 1 1 0 0 0 0 0 0 0 0 2 0 1 0 0 0 0 0 0 0 1 1 0 1
10 24 15 8 14 5 26 0 5 5 9 7 6 7 13 3 4 17 18 7 8 9 0 3 2 46 0 7 2 16 11 1 8 23 5 1 10 0 1 0 0 3 0 0 0 4 8 0 0 7 5 15 6 0 5 10 0 2 4 13 9 8 8 18 18 11 6 2 18 7 22 25 2 9 1 11 12 18 9 21 2 12 0 0 8 35 11 24 12 2 10 16 1 1 16 0 6 3 24 0
0 13 0 0 2 15 4 0 3 7 19 1 1 1 3 6 10 7 3 4 27 1 0 0 8 8 2 7 2 0 1 0 6 2 1 0 1 9 0 0 3 3 14 1 0 0 1 0 2 8 2 4 1 1 5 1 7 8 4 6 1 2 4 7 0 13 5 0 6 1 4 1 14 1 2 2 5 4 2 0 5 3 0 1 1 4 0 3 1 1 3 0 4 1 5 8 2 0 0 1
9 1 0 1 1 6 6 0 0 12 0 1 4 1 13 1 18 3 2 0 2 2 1 4 3 17 0 1 3 1 3 12 4 1 0 0 11 6 3 0 1 3 3 0 0 17 3 22 2 8 4 1 5 4 0 0 2 3 0 1 1 2 3 12 5 0 7 6 0 4 8 12 1 2 0 2 0 0 3 3 5 5 2 3 2 7 0 2 0 64 19 1 0 4 2 29 6 8 25 2
0 0 0 0 0 1 0 0 0 0 1 0 0 1 0 0 0 0 0 3 0 0 0 1 0 0 2 0 0 1 0 0 0 0 0 0 0 0 0 0 0 0 0 1 0 0 0 2 0 0 0 0 0 1 0 0 0 0 0 0 2 1 4 0 0 1 2 0 0 0 0 0 1 1 0 1 0 0 0 0 1 1 0 0 1 1 0 0 0 2 2 0 0 0 1 0 0 2 0 0
9 0 0 18 5 0 1 1 0 1 3 1 1 14 7 2 1 4 2 2 1 19 10 1 4 8 5 1 3 6 3 1 2 6 8 1 13 17 6 0 2 9 18 6 4 8 7 4 4 13 2 14 17 2 9 8 23 0 7 0 3 4 14 0 9 13 27 3 2 1 0 9 30 22 10 0 0 0 11 8 8 3 15 1 15 2 4 13 7 13 3 15 4 2 0 2 2 3 36 2
4 2 0 1 7 8 6 12 5 8 13 8 2 20 3 0 3 22 18 6 17 4 4 16 6 9 0 3 3 23 5 5 21 0 3 8 2 4 2 16 1 4 7 2 32 4 15 6 12 7 5 0 7 11 7 6 0 2 3 0 6 4 8 8 7 24 3 2 5 3 5 2 10 19 12 12 22 13 7 5 6 18 13 10 9 16 4 11 15 0 24 2 13 11 4 12 1 5 0 3
13 7 3 5 3 2 6 4 8 2 4 8 1 0 18 1 5 0 2 9 0 0 1 2 4 1 3 2 3 14 6 2 11 1 3 11 4 0 6 0 1 1 1 3 3 0 3 1 10 3 4 10 12 20 0 1 1 19 4 2 6 2 6 4 3 0 4 3 0 1 2 7 3 16 13 2 4 0 1 1 2 2 1 5 1 1 2 6 20 18 1 2 0 7 1 4 0 1 4 9
14 4 3 0 10 5 2 6 1 0 27 16 0 2 3 1 30 1 4 4 6 5 13 13 4 9 10 0 11 8 4 0 18 2 1 1 17 5 1 3 6 2 15 25 2 11 6 11 0 7 0 20 0 0 6 3 7 1 6 4 3 10 1 11 5 4 32 4 2 13 9 13 5 0 4 20 7 12 9 11 0 7 11 4 0 2 1 16 15 5 4 6 21 16 16 8 12 4 0 5
2 0 0 0 0 0 1 1 0 1 1 0 1 0 0 0 0 0 0 1 0 0 0 2 0 2 0 0 0 0 0 0 0 0 0 1 0 0 1 1 2 0 1 2 0 0 0 0 0 1 0 1 2 0 0 1 0 0 0 1 0 0 0 0 0 1 1 0 1 0 0 0 2 0 0 0 1 0 0 1 2 0 0 0 0 3 0 1 0 3 0 0 0 10 0 3 0 0 0 1
1 0 1 1 0 0 0 1 2 1 0 0 0 0 1 0 0 0 0 0 0 1 1 9 0 0 0 0 0 0 0 0 2 0 0 0 0 0 0 0 0 1 0 0 0 2 0 0 2 0 0 0 0 0 0 0 0 0 0 0 3 0 0 0 0 0 1 1 0 1 1 0 0 1 0 0 0 0 0 0 0 1 0 0 0 1 0 0 0 0 0 0 0 1 0 0 0 2 0 0
2 0 3 3 1 2 0 3 5 0 0 5 21 1 8 10 4 6 1 0 5 2 1 2 6 19 0 8 14 4 0 4 5 4 14 15 0 2 7 6 0 4 1 8 9 18 0 0 0 1 2 2 5 0 1 6 4 0 0 2 16 2 7 0 7 1 0 5 0 16 2 2 0 2 3 0 6 8 6 3 0 2 1 0 0 2 0 15 7 3 0 5 1 2 4 5 1 8 4 0
10 5 6 0 8 7 3 2 0 17 1 7 6 5 1 3 5 2 10 3 7 3 4 4 7 10 1 1 0 0 4 0 2 1 3 1 0 3 0 1 10 1 2 5 2 0 0 2 4 2 5 0 2 0 2 15 1 6 3 2 1 2 2 3 3 1 5 3 0 2 0 0 7 1 1 9 3 5 0 0 4 3 0 0 2 6 4 1 10 3 4 4 3 2 1 4 0 0 1 9
7 1 0 0 0 2 7 5 1 8 3 6 0 3 1 2 1 3 4 8 4 2 11 0 7 1 16 6 29 1 1 9 0 2 1 2 8 0 6 7 3 1 2 2 3 15 0 2 6 0 0 1 5 0 8 3 12 2 3 0 0 1 33 3 18 1 0 0 8 2 1 0 0 2 1 0 6 1 2 1 4 13 10 11 7 2 2 6 3 5 14 3 0 6 4 1 4 0 1 7
0 0 1 0 0 0 1 1 0 2 4 1 0 2 1 0 1 1 1 0 0 0 0 0 0 1 0 0 0 0 0 0 0 1 0 3 0 2 0 1 0 0 3 0 0 1 5 0 1 0 1 2 0 1 0 0 0 0 0 0 0 0 0 0 0 1 2 2 2 0 0 1 0 1 0 0 0 0 0 0 0 0 0 0 0 0 1 0 0 1 2 0 0 0 0 3 0 2 0 0
3 10 5 1 6 4 29 4 2 23 10 8 16 17 0 6 6 4 2 4 0 0 6 6 1 2 0 1 14 8 5 25 1 7 12 4 1 1 14 16 0 29 10 7 3 5 8 0 12 9 10 7 4 15 2 2 7 2 0 2 7 0 5 2 0 27 5 6 3 0 0 1 3 6 0 34 3 3 0 7 2 20 23 14 4 0 3 0 4 0 0 18 5 0 11 0 3 6 5 6
0 0 0 0 0 0 0 0 1 1 0 0 1 0 0 0 1 1 2 0 0 0 0 0 4 0 0 0 0 0 0 0 0 0 0 0 0 0 0 1 0 1 4 0 0 0 0 0 0 0 0 0 0 0 0 0 0 1 0 1 0 1 0 0 0 0 4 1 1 0 2 0 0 0 2 2 1 1 0 0 0 0 0 0 0 0 0 0 0 1 0 4 0 0 0 2 0 0 2 0
0 0 0 0 0 3 0 0 2 0 0 0 1 0 0 1 1 0 0 0 0 0 0 0 0 5 0 1 1 0 1 1 0 0 0 0 0 0 1 0 16 0 0 1 0 1 0 0 0 0 2 0 0 0 0 0 0 0 0 0 1 0 0 0 0 0 0 0 0 0 0 1 14 1 1 0 0 2 0 3 0 0 0 2 1 0 0 0 0 0 0 0 0 1 0 2 1 0 0 0
1 2 1 0 3 2 5 8 0 2 5 12 4 1 1 0 0 2 6 1 8 5 2 3 4 4 12 0 4 3 1 3 2 9 1 14 3 0 18 21 3 0 11 2 1 1 1 9 14 3 5 4 16 7 3 0 0 10 2 2 1 1 2 1 6 1 1 7 8 11 0 0 3 12 0 3 2 10 2 6 17 0 2 7 0 3 1 4 45 2 0 2 2 15 1 6 7 0 2 3
9 5 4 8 43 5 15 11 0 7 6 15 23 3 5 12 0 1 5 3 6 0 8 3 9 24 10 14 23 0 1 26 12 1 7 15 6 6 2 3 3 5 2 12 9 0 12 25 3 3 5 3 5 1 10 3 11 6 0 8 0 3 3 14 13 11 2 21 2 18 0 2 6 9 0 19 10 8 4 1 22 0 7 0 3 14 2 9 6 2 9 10 2 2 19 4 5 0 8 8
