0 6 2 0 3 4 4 5 0 11 10 2 11 6 3 1 10 4 0 7 27 5 0 0 6 1 20 8 22 0 8 13 4 3 22 15 5 5 0 7 20 1 6 0 5 2 13 0 0 39 18 9 6 15 14 9 38 8 1 1 1 34 2 14 3 11 15 4 18 20 5 17 1 7 13 1 0 11 0 14 7 95 0 2 10 37 26 1 3 5 10 11 6 4 2 2 0 7 9 26
0 13 0 14 1 5 5 1 2 10 7 3 2 8 1 2 1 2 1 4 1 1 16 3 0 3 3 6 2 8 1 1 1 6 6 1 7 5 2 4 0 1 1 3 15 8 17 1 18 3 14 8 6 5 1 2 1 0 11 6 6 2 1 7 6 5 3 9 0 5 1 11 2 7 10 3 3 3 0 1 2 5 21 7 7 1 1 2 3 2 3 1 0 1 10 3 1 5 6 3
4 18 9 9 10 0 5 4 0 8 1 0 2 4 0 0 0 8 1 31 23 2 1 0 25 6 5 6 0 9 9 16 1 16 2 1 1 6 3 8 4 2 23 0 5 6 1 8 10 1 3 7 3 0 0 29 0 0 3 15 12 13 5 0 5 6 0 22 4 2 13 4 2 7 1 16 0 5 2 1 15 3 0 1 6 26 5 4 5 2 16 14 16 9 26 1 0 0 2 4
3 0 2 5 4 0 3 9 0 0 11 3 10 9 0 4 7 1 0 2 0 25 1 1 2 10 0 0 2 2 5 4 5 0 1 4 2 2 3 0 2 4 0 5 1 7 2 1 0 3 2 1 1 8 0 0 2 2 2 7 0 1 5 0 6 0 5 3 8 0 1 8 16 6 0 4 0 9 9 10 3 0 11 1 8 0 0 3 6 12 2 1 2 0 14 4 2 2 0 9
5 1 0 0 1 0 0 1 1 0 0 0 0 0 0 0 0 2 0 4 0 1 0 8 6 7 0 1 0 4 1 0 0 2 8 1 1 0 6 2 12 0 0 1 8 2 10 0 0 4 3 2 0 0 0 2 1 0 0 8 1 0 2 0 0 0 1 1 4 0 0 0 2 0 0 0 0 0 1 0 1 0 0 0 0 2 0 1 8 1 0 0 1 2 0 0 1 0 1 1
11 13 0 0 0 0 1 0 0 0 0 0 1 0 0 0 0 0 0 2 1 0 0 0 0 0 0 0 0 4 0 0 0 0 0 0 1 0 1 0 0 0 0 0 2 1 0 0 0 0 0 0 1 0 0 1 0 0 0 10 1 1 6 1 0 0 2 0 0 0 0 0 0 0 0 0 0 1 2 2 0 0 0 0 3 0 0 1 0 1 0 0 0 1 0 1 0 0 0 0
3 2 1 0 21 6 6 12 1 0 10 0 5 2 0 7 8 6 6 1 6 7 0 8 0 0 5 1 0 1 3 2 3 0 0 0 2 1 0 2 1 15 2 1 3 0 30 3 1 5 8 4 1 6 0 4 2 3 2 0 1 4 2 0 0 2 5 4 0 27 22 0 1 0 4 1 1 2 0 6 1 0 0 4 1 2 0 3 4 0 1 0 5 3 0 0 1 3 0 2
13 1 4 4 14 2 17 10 4 11 5 6 5 15 0 3 5 10 5 7 13 7 1 25 16 4 5 4 0 8 2 3 16 4 5 4 17 0 0 15 4 6 19 5 19 2 6 7 5 16 6 7 7 0 3 14 0 11 0 6 25 1 3 3 0 13 3 6 5 4 20 4 3 0 2 3 14 10 12 5 1 1 6 0 5 7 0 8 28 10 8 1 6 4 5 5 7 0 4 7
0 4 3 7 1 12 3 2 1 13 1 0 0 1 1 0 0 7 23 0 3 3 7 5 4 0 1 2 15 4 7 2 3 5 1 1 1 1 0 0 0 13 1 0 0 1 3 2 7 9 2 8 0 0 4 5 14 9 3 2 1 0 4 1 20 2 0 5 8 9 1 4 4 13 2 1 0 7 2 10 1 4 1 1 5 4 4 4 1 1 6 1 0 15 14 12 5 2 7 2
0 2 0 1 0 0 0 0 0 0 1 0 0 0 2 0 0 1 0 0 2 0 0 0 0 0 3 0 1 1 0 1 0 2 0 1 0 1 0 3 0 0 0 0 0 0 0 5 0 0 2 0 2 0 0 0 0 0 0 0 0 0 2 2 0 2 0 0 0 0 0 0 0 1 1 1 0 0 0 0 0 0 0 3 0 0 1 0 0 0 1 1 0 2 1 0 1 0 0 0
6 23 7 9 1 1 0 2 35 6 0 0 28 15 1 10 11 3 1 3 2 1 12 0 4 31 13 0 5 13 0 3 25 2 10 4 2 1 1 2 0 9 28 5 5 5 1 0 1 0 60 0 5 1 8 6 2 6 0 5 33 1 1 3 10 7 17 1 2 33 6 7 10 2 1 4 9 5 11 2 1 0 0 4 3 9 3 5 1 5 11 0 8 0 5 4 18 8 11 1
11 9 11 17 18 21 2 13 10 5 1 7 4 2 1 2 10 1 6 2 10 16 21 1 0 3 0 2 5 22 10 2 9 8 3 58 21 3 5 7 1 8 17 21 3 2 4 6 0 5 0 12 2 0 6 0 12 32 2 5 0 5 8 11 0 27 8 5 16 17 2 6 22 0 14 3 21 3 0 1 6 3 19 17 5 1 0 2 2 21 5 2 15 7 6 3 10 1 10 2
2 1 11 3 6 2 3 25 1 16 5 12 0 16 15 11 6 5 1 5 16 27 15 5 1 2 5 2 5 10 1 0 1 6 4 0 11 4 1 0 3 36 4 5 3 5 0 12 13 16 12 13 5 10 4 5 0 0 4 2 5 2 3 5 14 2 20 1 0 1 9 5 8 18 1 3 3 3 1 14 0 2 9 3 15 15 0 2 53 7 2 9 4 0 9 5 8 7 9 10
3 1 5 2 26 1 1 13 4 2 14 1 22 1 0 7 0 14 2 6 1 1 0 1 1 0 0 4 4 1 2 4 0 1 9 7 14 0 0 0 6 1 0 5 4 24 2 6 6 5 8 5 3 9 3 0 3 11 2 0 6 0 6 4 8 0 0 1 1 2 1 5 15 6 2 0 6 3 5 3 5 30 5 3 11 1 3 5 0 0 9 3 1 8 0 3 1 9 1 24
13 2 13 2 2 25 0 8 0 1 1 25 2 33 4 0 3 3 2 2 1 0 3 1 1 0 6 2 6 1 0 2 0 5 3 2 9 0 1 0 1 25 0 1 0 1 7 0 6 0 3 0 0 8 1 9 3 1 2 7 3 2 6 1 7 5 4 2 0 0 0 0 3 7 6 19 3 0 5 10 3 3 3 13 1 19 2 9 10 7 6 0 0 4 1 13 20 5 3 2
1 3 3 5 1 17 1 1 3 4 0 25 9 6 1 17 0 19 28 3 4 4 3 2 2 20 2 1 6 9 30 0 4 1 7 5 1 0 7 9 2 8 7 3 5 0 11 0 24 0 2 2 27 2 20 4 1 41 0 20 5 6 1 17 13 5 7 0 1 0 1 18 1 6 8 6 0 3 11 3 5 12 6 13 18 6 8 7 2 2 8 1 5 2 0 9 20 1 12 0
2 6 3 2 2 14 1 2 4 5 0 1 0 21 0 0 4 2 10 0 6 11 0 6 1 4 10 17 0 0 0 1 13 5 3 0 0 4 2 0 12 6 3 12 5 2 0 0 3 14 2 7 4 2 13 6 0 6 0 1 0 3 0 0 2 5 8 2 6 12 6 1 5 0 0 2 2 2 8 0 6 9 0 20 5 4 8 2 0 2 0 8 0 2 2 10 4 1 0 4
7 3 5 0 0 7 8 12 0 5 5 8 2 4 17 1 2 3 0 4 7 2 2 1 4 0 11 0 17 19 3 3 8 6 0 1 6 1 8 3 0 3 1 5 0 7 3 3 3 1 14 2 1 12 1 5 1 6 9 1 4 5 2 0 0 9 0 4 4 4 2 0 2 15 3 0 24 6 1 7 2 0 3 1 16 8 2 13 2 0 5 4 2 8 10 5 0 2 8 2
1 16 2 4 5 3 1 6 1 0 1 0 0 2 16 10 10 2 6 0 0 4 7 4 0 1 11 11 20 2 8 0 10 0 0 0 5 2 2 4 0 3 8 1 2 7 0 0 0 4 7 9 2 0 3 4 8 2 6 7 6 18 8 8 0 3 0 4 3 1 3 14 7 0 2 2 3 0 1 4 6 5 13 6 0 4 0 10 1 4 5 14 2 0 11 2 8 6 12 5
1 0 3 0 0 0 2 0 0 0 0 0 0 1 0 0 0 2 0 0 0 1 1 0 0 1 0 0 3 1 3 1 0 0 0 0 0 0 0 0 1 0 1 1 0 0 0 0 0 0 3 0 0 0 2 0 1 0 0 1 0 0 0 0 0 1 0 0 1 0 2 2 0 0 2 0 1 0 0 6 0 0 0 1 1 0 0 0 5 0 2 0 0 1 0 1 0 2 0 0
4 1 1 0 0 0 2 1 0 1 0 0 4 2 0 1 4 0 2 0 0 1 0 1 0 0 0 0 1 0 0 2 0 0 1 0 0 0 0 0 0 0 1 1 0 0 0 0 0 0 0 0 0 0 0 0 2 0 0 9 2 0 0 0 0 0 0 0 0 0 0 1 0 0 1 2 0 0 0 0 3 0 3 0 4 1 0 0 1 0 0 1 0 0 0 0 0 0 0 0
2 4 3 5 0 3 11 1 0 2 0 8 12 0 4 23 48 2 23 1 0 14 1 0 8 17 0 1 10 1 5 2 1 8 18 11 33 24 4 2 0 8 19 0 12 1 16 7 6 0 1 3 3 25 3 8 28 39 4 14 0 4 12 6 5 11 10 1 0 23 6 0 2 1 12 0 14 6 1 21 3 7 0 4 0 5 13 9 25 3 6 8 0 1 0 0 21 23 8 7
10 1 6 5 0 4 7 4 1 3 1 0 19 5 13 6 0 5 1 8 6 0 0 7 4 0 5 11 1 2 1 8 9 8 0 3 1 15 8 24 0 5 2 2 3 1 10 3 3 0 0 2 1 6 6 1 0 16 3 5 1 9 0 5 9 5 1 0 4 39 5 0 2 0 4 3 8 1 0 1 0 2 2 14 17 4 29 6 1 0 6 3 2 1 0 5 15 9 2 0
6 4 20 1 1 12 13 10 6 0 21 5 0 3 0 7 11 1 14 14 0 3 1 3 0 0 7 2 2 11 23 0 17 1 0 10 2 2 12 2 7 5 13 3 11 1 11 6 8 13 2 13 18 32 6 9 7 1 14 0 8 3 2 0 3 4 8 4 7 11 13 16 6 13 24 1 3 3 6 6 9 2 14 4 19 13 3 3 5 14 5 1 3 11 4 10 0 13 1 5
0 7 4 1 4 3 0 2 5 0 1 0 5 1 7 2 1 1 0 7 6 13 0 0 2 0 0 10 12 14 0 1 5 0 15 1 0 3 1 14 0 0 3 4 0 7 4 1 1 2 10 3 0 0 0 1 5 0 10 1 2 1 6 0 1 0 3 7 7 10 4 4 14 1 2 5 7 0 11 1 1 2 4 13 10 0 26 10 5 5 6 4 9 2 3 7 5 3 2 10
0 0 0 0 0 1 0 0 0 2 10 0 0 0 0 0 0 0 1 0 0 0 0 0 0 0 1 0 0 0 0 0 0 1 1 0 0 0 0 2 0 0 0 2 0 0 0 0 0 0 0 0 1 1 0 1 0 0 0 0 0 2 0 0 1 0 2 1 0 1 0 2 1 0 5 3 0 1 0 0 4 0 1 0 0 0 0 1 0 0 0 0 0 0 0 0 0 0 0 1
0 0 0 0 0 0 0 0 0 0 0 0 1 0 2 1 5 0 0 0 1 0 0 0 1 2 2 0 0 2 4 0 0 0 0 0 2 0 0 0 2 0 0 0 0 0 1 0 0 0 1 0 0 0 0 1 1 0 0 0 0 0 2 0 2 1 0 0 0 3 0 0 0 0 0 0 1 0 0 0 1 0 2 1 1 0 3 0 0 1 1 1 1 0 0 1 0 0 2 0
1 0 0 0 0 0 2 2 0 0 0 0 1 0 0 1 0 0 0 0 1 0 0 0 1 0 0 0 0 0 1 0 1 0 1 0 0 1 1 5 0 1 0 0 0 0 0 1 0 0 2 0 0 0 0 0 0 0 1 0 0 1 1 0 0 0 0 0 0 0 0 0 0 0 0 0 1 0 0 6 0 1 0 0 1 1 0 0 0 0 1 2 2 0 0 0 0 0 2 0
0 6 3 2 2 15 4 0 8 5 0 5 2 0 6 8 3 14 0 1 1 5 3 2 7 1 1 2 3 2 3 3 2 0 5 2 9 9 2 15 8 4 7 8 25 4 4 0 2 6 11 4 4 12 0 0 0 2 7 2 12 1 6 2 4 0 0 8 0 4 0 11 0 3 0 5 2 2 5 14 5 11 0 1 2 38 5 0 8 3 0 1 9 6 3 25 3 8 0 2
1 6 5 2 14 6 8 27 0 0 11 6 10 11 0 14 21 4 0 12 30 11 4 7 2 5 11 31 2 20 10 6 2 5 3 15 4 0 5 10 3 35 7 12 0 10 3 0 7 1 2 11 1 6 7 3 8 0 0 0 13 3 6 4 7 2 2 2 14 0 6 0 1 3 3 0 6 39 0 11 22 2 3 12 6 3 17 0 12 3 11 3 6 3 7 0 15 4 0 4
5 3 15 0 0 14 1 3 0 5 0 3 0 6 2 2 3 4 21 3 0 8 19 0 12 2 3 5 10 2 4 5 0 0 6 10 1 0 2 11 0 0 2 0 1 2 5 3 1 3 16 3 10 7 1 1 0 0 1 4 0 3 9 4 2 6 10 6 0 2 10 0 8 0 0 1 10 5 7 3 1 1 3 0 0 0 2 9 1 0 5 0 3 5 0 0 0 2 0 2
4 1 7 0 11 1 9 6 7 8 7 4 12 10 10 16 0 24 16 3 1 6 5 1 3 0 2 21 25 19 3 2 8 7 3 12 6 1 13 1 18 2 12 7 4 14 14 1 4 4 3 42 15 0 18 2 4 10 7 7 10 1 1 7 10 3 2 16 3 1 3 7 0 10 3 7 6 16 20 5 13 7 7 14 14 3 4 0 7 0 7 1 11 6 9 5 9 14 2 5
6 9 0 0 12 2 0 1 6 21 13 17 6 6 0 2 4 1 1 18 7 2 1 11 3 19 0 0 1 9 21 17 23 17 5 1 9 15 1 0 3 3 6 9 3 10 8 7 12 5 2 0 7 19 8 13 22 21 17 10 2 2 8 12 4 0 4 4 10 13 0 12 15 23 10 23 8 16 2 20 2 7 2 3 1 33 2 4 22 23 16 8 6 2 3 0 3 2 14 16
1 0 2 3 6 7 5 5 0 0 8 3 11 18 5 2 12 0 1 0 1 2 0 0 0 6 3 0 2 0 2 0 0 9 0 4 1 2 0 12 0 0 16 11 1 7 0 1 2 2 0 4 3 5 0 1 0 0 0 0 9 6 1 0 0 0 1 1 2 2 1 3 0 6 0 9 4 1 1 0 2 4 3 6 1 0 3 0 1 0 0 1 5 5 1 1 2 6 1 0
0 3 1 0 0 0 0 1 2 0 0 3 1 2 1 1 0 0 1 6 0 0 2 0 0 0 1 0 0 2 0 0 0 0 0 2 0 0 0 0 0 0 1 0 5 0 2 1 0 0 0 1 0 0 0 1 1 1 0 1 0 0 7 1 1 2 0 1 0 0 0 1 0 0 3 1 1 0 4 0 0 2 0 3 0 1 0 0 0 4 0 0 0 0 0 0 0 0 0 2
1 0 0 0 0 0 0 0 1 2 0 0 0 0 0 0 0 10 0 0 1 2 0 0 0 2 0 1 0 1 0 1 0 0 3 0 0 0 0 0 0 1 0 0 0 3 1 0 1 0 3 1 1 0 0 0 0 1 0 0 0 0 0 0 0 10 1 0 0 1 0 0 0 0 0 0 1 0 0 0 0 1 0 3 4 0 0 0 1 1 2 0 0 0 0 1 0 0 0 0
0 0 0 1 0 0 0 0 0 0 0 0 2 1 0 0 0 4 1 0 0 2 0 2 1 0 1 1 0 0 0 0 0 2 0 0 0 0 0 0 1 0 0 0 1 0 0 0 0 0 0 1 0 1 0 1 1 0 0 0 0 0 2 1 1 0 0 0 0 0 0 0 1 0 3 0 1 1 0 5 1 0 0 0 0 0 0 0 2 0 1 0 0 0 0 0 1 0 0 0
1 6 2 1 6 0 12 13 3 3 2 3 3 2 7 0 6 1 1 1 12 2 0 6 2 4 6 2 16 1 0 0 23 1 0 9 0 16 4 2 0 13 4 0 15 1 0 9 6 7 6 4 2 15 5 2 6 35 0 1 4 4 4 0 0 1 3 4 6 1 0 5 4 16 2 6 0 1 4 7 0 1 2 20 1 7 3 0 0 0 0 10 3 3 9 9 9 0 10 1
0 0 0 0 0 0 1 0 0 0 0 1 0 4 0 0 0 3 0 1 0 0 0 1 0 0 0 0 0 1 0 0 0 0 0 0 0 0 0 1 0 0 1 0 0 0 1 0 0 1 1 1 0 1 0 2 2 0 0 0 1 2 0 0 0 0 0 0 0 1 0 1 0 11 1 1 7 0 1 0 0 0 0 0 0 0 0 0 0 0 0 0 0 0 0 1 2 0 0 0
0 2 6 1 23 27 0 11 14 1 0 0 6 1 43 9 22 33 6 23 0 3 0 18 8 24 2 3 2 0 6 3 2 26 1 3 6 28 1 4 4 6 0 14 21 9 6 6 3 13 0 1 5 2 20 2 8 7 12 8 0 1 7 4 0 28 15 13 2 0 7 6 3 10 3 5 1 18 0 8 3 2 25 3 3 13 38 14 16 6 11 11 2 12 10 4 0 1 23 9
0 1 1 0 0 1 1 0 1 0 0 0 0 1 1 0 0 0 0 0 0 0 3 2 0 0 0 2 0 0 0 0 0 8 0 0 0 0 0 2 0 0 1 0 0 4 0 0 0 0 2 1 0 0 0 1 3 0 6 3 3 3 0 0 0 0 0 1 0 1 0 0 0 4 0 1 0 0 0 0 1 0 0 0 2 0 0 0 1 2 0 1 0 1 0 2 0 1 1 2
0 6 0 10 3 3 0 3 0 7 0 11 0 1 3 2 7 1 9 20 4 2 1 4 19 0 0 10 1 7 0 1 0 6 1 0 6 1 0 7 1 3 3 3 3 1 0 1 0 1 10 1 1 9 7 9 0 1 1 4 1 3 10 0 1 7 0 0 6 0 5 5 12 4 0 17 2 3 0 0 5 6 1 0 8 2 4 0 6 2 13 2 2 1 2 3 2 3 5 8
7 0 2 4 6 8 8 40 14 2 13 0 5 13 1 0 26 12 4 6 7 22 2 4 28 0 2 0 3 9 20 2 0 5 1 1 2 2 0 11 9 14 3 4 2 0 2 4 0 8 1 6 0 9 0 8 3 1 2 9 1 1 8 1 0 17 19 23 2 3 0 1 12 5 0 0 0 10 5 38 8 6 2 5 6 13 6 3 4 2 8 3 13 8 2 6 1 8 12 10
3 15 0 8 8 1 0 2 20 12 0 13 0 0 3 0 2 1 0 0 0 0 19 0 2 0 4 2 1 5 0 2 4 1 6 0 3 0 10 0 2 5 5 5 0 9 0 7 3 0 13 3 0 0 1 5 0 0 1 14 0 3 5 0 2 14 3 2 3 2 0 16 3 3 2 14 0 3 0 5 0 1 3 0 6 2 2 0 7 3 0 2 3 7 0 6 0 0 6 0
2 1 4 6 3 2 6 22 0 19 1 7 4 1 4 4 14 10 6 8 4 11 6 3 1 4 3 6 0 4 11 12 2 2 4 0 11 2 1 6 3 10 5 2 5 3 6 3 9 5 7 6 0 7 9 5 4 0 5 1 0 11 2 0 0 4 1 1 1 1 0 23 3 7 0 2 1 2 0 11 3 0 1 3 8 1 0 25 3 4 1 6 8 0 0 1 0 6 2 11
2 1 10 0 0 3 9 12 7 2 10 2 6 0 6 8 0 4 10 6 11 1 1 17 14 1 4 0 22 4 2 21 41 0 0 1 0 1 9 7 30 1 6 4 1 28 2 3 2 19 0 17 0 6 4 2 7 5 9 2 12 9 6 8 45 18 13 5 53 1 1 29 15 5 4 8 2 0 26 14 6 20 11 16 4 3 12 8 16 36 0 6 3 5 17 9 1 9 4 3
8 3 6 10 7 7 0 23 1 1 0 8 3 5 4 2 1 0 1 0 0 3 11 15 5 2 10 3 0 2 41 4 3 9 4 14 8 3 19 2 6 10 1 0 4 4 5 1 3 11 1 1 6 4 0 6 0 9 9 6 7 4 5 1 10 1 6 3 1 1 0 0 1 3 0 2 7 2 0 0 3 3 6 1 2 1 0 7 4 1 5 2 3 1 4 0 7 3 1 3
0 20 4 1 2 0 3 0 4 7 1 6 5 5 1 5 0 3 10 2 6 1 4 0 5 3 5 1 0 0 0 5 0 10 1 0 11 1 16 5 9 21 2 2 1 2 5 2 0 7 1 1 1 0 9 0 1 9 4 1 3 5 4 8 3 1 1 11 2 3 5 5 1 10 17 2 8 2 0 10 0 3 4 3 1 3 5 0 0 6 3 9 4 11 6 0 1 0 0 1
19 1 3 1 9 4 14 2 0 4 3 4 8 5 5 12 0 1 2 4 1 4 15 0 21 1 5 1 11 12 3 0 5 27 2 1 0 11 13 6 6 2 11 15 1 4 3 8 1 9 3 0 4 6 34 10 4 9 0 6 3 1 11 19 21 1 18 11 3 7 0 10 17 0 5 9 4 2 6 0 2 7 8 2 10 2 32 10 18 5 1 0 0 6 15 9 8 16 10 1
0 0 11 3 4 2 1 15 3 1 1 3 4 4 16 7 27 0 0 0 2 1 3 4 12 0 1 8 2 1 0 0 1 1 4 2 1 0 14 4 8 14 21 1 0 13 9 5 5 1 0 3 0 4 0 8 7 1 3 3 4 0 9 8 1 0 1 5 6 7 4 3 3 5 0 1 1 1 1 0 5 7 0 23 0 1 5 11 0 6 19 0 0 6 0 3 0 5 2 2
