23 1 11 6 15 4 28 19 5 29 7 14 17 11 2 2 5 0 7 4 10 6 24 10 1 23 3 2 5 6 13 1 4 4 6 4 1 0 0 10 1 3 12 6 6 10 4 4 1 22 7 2 5 20 6 5 17 3 1 12 0 13 3 3 5 0 14 3 7 2 0 4 0 5 2 10 5 10 19 20 15 6 6 15 4 7 28 0 20 4 3 0 2 6 18 3 8 6 10 8
1 3 1 0 0 0 0 0 0 0 1 0 0 0 0 0 1 1 0 0 0 0 0 0 0 0 0 0 0 0 0 0 1 0 0 1 0 7 0 3 0 0 0 4 1 1 2 1 0 0 0 1 1 0 0 0 1 0 0 3 0 1 0 0 0 1 0 0 2 0 0 0 0 0 0 1 1 0 2 0 0 0 0 1 0 2 1 1 0 1 0 0 0 0 0 0 0 0 1 0
0 0 2 0 0 2 1 1 3 0 1 0 0 0 0 0 0 1 0 0 0 1 0 0 1 0 1 0 0 0 2 0 0 0 1 0 0 0 0 0 0 0 1 2 0 0 0 0 0 1 0 1 0 0 0 0 0 2 0 0 0 0 1 1 0 0 2 0 5 2 0 0 0 0 0 0 1 0 0 0 0 0 1 0 1 0 0 0 0 0 0 0 0 0 0 0 0 1 0 0
6 8 9 2 3 1 0 2 10 7 3 3 1 0 3 5 10 0 7 7 3 11 6 12 2 9 4 3 0 3 0 8 12 2 7 3 0 0 15 2 0 0 1 1 6 12 0 12 6 0 4 2 0 0 1 4 3 1 1 0 3 2 0 0 1 3 4 3 1 4 10 2 1 5 7 4 6 1 0 11 1 0 0 3 4 4 6 26 3 2 6 12 13 6 0 2 3 3 6 5
0 7 0 1 16 1 29 10 12 1 7 4 4 2 9 5 7 1 2 9 23 12 6 12 2 6 6 5 28 2 1 4 4 16 0 2 0 2 21 2 0 3 21 8 0 13 8 1 2 3 11 1 10 10 0 2 12 7 17 8 2 4 2 6 23 2 24 2 11 11 7 1 0 9 1 8 0 11 13 15 7 14 8 5 2 4 5 0 0 1 11 1 4 0 0 5 0 1 14 8
1 0 11 9 6 0 0 3 3 0 2 4 0 6 3 8 3 0 0 0 8 0 2 6 7 1 11 2 0 11 20 7 3 6 2 2 2 4 9 2 3 1 1 1 0 1 8 5 10 12 2 0 1 2 4 3 3 1 4 1 17 0 13 2 2 9 2 15 1 4 0 11 1 1 1 0 3 2 0 3 1 4 1 4 1 1 4 3 3 15 2 3 0 0 3 7 5 9 0 8
12 2 5 2 0 1 1 9 5 2 12 8 5 7 2 3 2 8 6 11 0 4 23 17 2 1 12 17 6 3 1 8 1 2 7 4 0 0 13 5 0 16 2 5 6 14 7 0 0 3 5 17 7 12 14 2 6 6 4 6 4 0 6 0 9 6 8 3 7 8 5 4 23 4 6 1 3 12 13 9 1 15 1 7 0 0 7 9 0 8 0 0 1 5 1 2 5 1 0 3
7 0 1 6 0 2 14 11 6 0 2 4 9 6 0 1 1 4 5 5 0 8 1 2 2 5 3 0 0 0 3 1 1 0 5 0 0 1 0 7 0 2 11 7 1 2 13 1 4 1 19 2 3 7 0 3 14 7 1 7 0 17 14 15 1 1 5 0 6 4 3 2 6 7 1 6 4 19 6 0 3 12 2 2 0 1 9 3 1 3 4 9 13 2 7 24 4 1 8 3
0 0 0 0 0 0 0 1 0 4 0 0 0 0 0 0 0 0 0 0 1 0 0 0 1 1 0 0 0 1 0 0 1 0 0 0 0 0 0 0 0 1 0 0 0 0 0 0 0 2 0 0 0 0 0 0 1 1 1 0 0 3 0 11 0 5 0 2 0 2 0 0 1 0 3 1 0 4 0 1 0 0 1 0 0 0 0 0 0 1 0 1 0 2 0 0 1 1 0 0
9 17 2 13 0 2 1 1 3 11 5 2 3 0 3 0 4 3 1 1 0 2 6 1 3 1 1 2 20 10 4 1 6 5 4 2 1 52 1 1 5 0 0 2 1 3 1 3 9 9 7 1 1 0 0 4 15 2 3 1 3 3 3 11 0 4 3 3 8 2 3 3 22 1 1 16 8 6 8 19 0 1 2 9 15 18 1 0 5 3 4 1 11 2 7 3 2 2 6 8
5 2 0 22 6 6 8 2 4 11 3 2 2 0 22 16 18 25 0 7 16 10 15 11 0 11 13 3 4 9 2 14 4 0 1 0 4 10 7 10 13 20 10 14 1 0 11 0 12 0 1 5 0 13 10 7 4 39 16 1 4 19 3 2 3 2 0 8 4 8 1 3 2 7 0 1 0 3 0 0 17 8 8 0 5 13 4 6 5 0 8 5 1 5 2 21 3 4 11 16
0 8 6 11 4 13 7 0 7 23 1 0 0 6 17 0 10 0 2 2 4 0 7 1 9 7 4 1 6 9 0 2 1 2 24 1 2 1 2 1 9 0 7 2 7 13 10 0 1 6 8 5 6 12 5 3 14 5 3 2 1 2 3 10 0 26 1 4 6 3 0 9 0 7 0 1 6 0 1 2 1 7 2 0 9 1 3 1 4 2 0 10 4 1 3 3 4 3 2 0
0 0 0 0 0 3 0 0 1 0 1 1 0 2 3 3 0 0 0 0 0 0 1 0 0 0 0 0 0 0 0 4 0 0 1 0 0 0 0 1 0 1 1 0 0 0 0 0 0 0 0 1 0 0 0 2 1 0 0 0 0 2 2 1 0 1 0 1 0 0 0 2 0 0 0 1 0 0 0 0 0 0 1 0 0 3 0 1 0 1 0 0 0 1 0 1 0 2 0 2
0 0 0 0 0 0 0 0 1 1 0 0 0 0 0 0 1 0 0 0 1 1 0 0 0 0 1 0 0 0 2 0 2 2 0 0 0 1 0 0 0 0 0 0 1 0 0 0 0 1 0 5 2 0 0 1 2 1 0 0 1 0 0 0 1 2 1 2 0 0 1 1 0 0 2 1 2 0 1 0 0 0 0 1 1 0 0 0 1 3 1 0 1 0 1 0 2 3 1 0
2 2 26 0 15 2 12 27 7 14 2 9 5 15 31 4 12 2 4 1 47 37 6 32 2 8 37 2 1 11 4 2 13 6 17 5 9 3 4 20 2 3 24 6 18 16 2 0 4 2 0 9 2 0 6 2 3 20 33 3 3 0 3 2 5 5 8 0 6 2 43 3 32 9 11 14 13 1 5 4 5 8 11 15 4 8 5 27 14 0 15 7 5 0 19 5 24 3 7 3
0 1 0 0 0 0 1 0 0 3 0 0 0 0 0 0 0 0 1 1 1 1 0 3 0 1 0 0 1 0 2 0 0 0 0 0 1 0 1 1 0 1 0 1 0 1 0 0 1 1 0 0 0 1 1 0 0 0 0 2 0 0 0 0 3 2 0 0 1 0 1 1 0 0 0 0 0 0 0 0 1 0 0 2 1 0 0 0 0 1 0 0 0 0 0 1 0 0 0 0
13 0 2 0 0 5 3 1 2 13 8 12 8 8 2 0 5 6 0 1 2 5 17 1 0 20 3 6 5 2 0 1 2 5 1 1 2 0 1 0 3 3 2 3 6 0 18 1 3 0 2 0 4 0 6 8 6 1 1 8 5 6 5 7 4 3 4 2 4 1 2 2 10 0 1 2 0 1 6 9 8 3 2 0 2 0 7 0 1 2 3 0 12 4 2 5 0 0 0 1
0 2 0 5 3 5 1 1 0 1 1 9 9 9 3 1 8 1 0 4 0 11 5 2 3 4 1 9 1 0 5 0 2 6 3 8 1 7 1 0 4 11 0 1 4 1 1 0 6 0 5 2 2 4 1 1 1 0 0 0 2 0 6 5 12 8 2 0 3 4 5 2 4 9 12 1 1 19 1 4 1 0 2 1 7 1 2 6 2 3 1 2 3 2 4 2 1 1 11 9
2 2 7 0 4 2 7 10 4 0 2 1 1 33 13 24 0 18 1 5 22 11 3 19 23 12 5 7 0 2 0 13 9 12 19 1 16 4 3 21 0 14 1 3 1 20 2 17 2 11 9 0 5 0 26 1 1 3 0 12 0 6 57 0 8 16 2 1 17 2 24 7 2 0 3 10 6 2 3 1 20 0 1 1 3 3 3 1 9 0 32 13 7 0 7 6 0 0 1 0
15 15 12 4 13 14 11 2 8 3 0 16 26 1 4 20 1 10 3 8 1 18 3 0 13 0 5 24 6 6 2 9 33 12 1 7 3 8 3 9 9 18 4 1 8 9 0 6 3 11 7 18 1 1 2 3 7 12 14 6 2 0 4 19 13 14 20 14 8 6 12 6 9 1 0 4 4 8 8 13 13 4 4 9 6 1 4 15 5 9 0 19 11 8 3 1 6 1 6 1
0 2 0 0 0 0 1 0 6 0 0 0 0 3 1 0 0 2 0 0 1 4 0 0 0 1 0 0 0 0 1 1 2 0 0 0 1 0 0 0 3 0 1 0 0 0 0 0 0 0 1 0 0 0 1 0 1 0 0 0 0 0 0 0 0 0 0 0 4 0 0 1 0 1 0 0 0 0 1 0 0 0 0 3 0 0 0 0 0 0 0 0 1 0 0 0 0 0 0 0
5 8 2 1 2 12 7 0 4 0 10 5 1 4 4 3 1 8 6 12 3 0 5 1 2 4 4 5 0 0 1 7 0 3 4 1 7 0 4 0 0 0 3 1 2 1 1 0 6 12 1 1 0 1 2 4 11 12 3 0 5 13 3 2 4 3 17 16 4 2 0 6 2 0 0 2 0 4 4 3 0 0 7 9 4 0 3 1 0 5 0 0 6 9 7 0 2 0 6 1
0 0 0 0 0 0 1 0 0 1 1 0 0 0 0 0 0 1 2 0 0 0 1 0 1 0 0 1 0 0 1 0 0 0 0 0 2 0 1 0 0 6 0 1 0 3 0 3 0 0 0 0 0 0 0 0 0 0 0 0 0 1 1 0 0 0 0 0 2 1 0 3 1 0 1 0 0 0 0 1 0 1 0 0 2 0 3 0 0 2 0 1 0 0 0 0 1 2 0 0
1 1 0 1 1 6 1 4 0 0 0 0 0 0 1 0 1 1 5 0 0 8 7 0 0 0 1 0 3 1 4 0 1 0 0 0 6 5 0 6 7 6 1 0 2 2 0 1 0 0 7 0 0 0 0 0 0 0 0 2 1 0 0 7 0 0 0 0 0 0 1 1 8 0 2 2 0 0 1 2 0 7 8 0 2 1 0 1 4 0 5 0 4 4 1 2 0 0 1 9
0 6 0 0 3 1 0 0 0 0 0 3 5 1 0 0 3 4 1 0 0 0 1 0 0 2 2 3 0 0 1 0 0 18 0 0 0 1 4 0 0 0 0 0 0 0 3 1 0 0 4 1 0 0 0 1 11 3 0 1 0 0 1 0 0 0 0 0 1 0 0 0 0 0 2 0 0 1 0 0 0 0 0 0 0 0 1 0 0 0 0 0 1 0 0 0 0 1 0 0
0 0 0 1 1 1 0 0 1 0 0 2 0 0 2 0 0 0 0 0 3 0 5 0 1 0 0 0 2 0 0 0 0 1 0 0 0 0 1 2 0 0 0 2 0 1 1 0 0 1 0 1 0 1 0 0 0 0 0 2 0 0 3 0 0 2 2 1 0 3 0 0 0 1 3 1 1 0 0 0 0 0 1 0 0 1 0 0 0 0 0 0 0 0 0 0 0 1 2 0
0 0 0 1 0 0 1 0 0 2 1 0 0 1 0 5 0 1 0 0 0 0 0 0 0 0 0 0 0 0 0 0 0 1 0 0 0 1 0 2 2 0 0 0 2 1 0 0 0 0 0 2 0 0 0 2 0 0 1 1 0 1 1 1 0 1 1 1 3 0 0 0 0 0 0 2 0 0 0 0 0 0 0 1 0 0 0 0 1 0 0 0 1 0 0 0 1 0 1 0
9 2 7 8 3 2 6 10 33 5 8 19 3 10 4 9 3 0 0 3 1 9 3 28 14 0 1 6 9 9 5 4 4 3 14 10 14 3 9 4 0 23 18 9 6 3 24 2 15 12 1 32 34 9 3 2 14 0 8 10 5 5 0 2 0 1 2 5 10 13 5 7 14 14 17 6 17 11 4 22 22 5 4 0 1 3 1 8 1 9 7 3 5 1 8 3 0 8 16 2
0 10 10 3 11 0 34 3 0 0 5 23 30 26 10 2 7 0 19 0 8 12 40 13 4 2 0 17 1 9 9 9 10 4 6 16 6 17 5 8 0 2 10 5 0 2 12 5 1 1 2 0 1 5 4 2 1 4 5 24 0 13 9 25 1 0 2 3 2 12 0 16 8 3 2 4 6 4 3 12 5 5 6 6 5 23 12 3 1 2 1 4 4 8 1 11 0 1 1 0
0 0 0 3 0 1 2 0 0 8 0 1 0 0 2 0 0 1 0 0 0 0 2 1 0 0 3 0 0 3 0 4 1 1 0 0 0 1 2 1 0 2 1 0 0 0 0 0 0 1 1 0 0 1 0 3 0 0 0 0 0 7 0 3 0 3 0 0 0 0 0 3 0 0 0 0 0 0 0 0 0 0 0 0 4 0 0 0 5 0 0 1 1 8 0 0 0 0 1 0
5 6 10 1 2 4 16 1 9 0 1 5 2 2 0 1 3 4 0 3 10 0 6 2 1 0 4 2 2 0 2 4 0 3 11 6 3 0 0 11 2 0 0 2 0 1 0 4 1 1 0 0 2 0 7 0 12 14 1 6 1 9 4 9 0 3 0 4 1 4 12 2 2 0 7 13 5 3 2 2 4 6 0 6 9 1 3 2 0 8 0 1 3 1 1 3 9 8 2 1
2 12 5 11 2 28 3 6 6 3 0 30 0 7 7 1 9 0 5 2 40 0 11 7 3 8 5 11 7 26 7 1 3 12 14 0 10 15 8 8 13 1 16 22 17 3 6 12 23 4 8 7 8 5 29 3 5 7 2 3 5 2 9 23 12 3 4 4 4 7 20 14 7 12 13 12 6 0 5 20 4 10 3 4 43 4 8 5 7 16 1 5 10 4 1 11 43 10 0 11
7 25 2 1 0 2 1 4 8 12 1 4 1 1 17 6 2 7 4 20 18 3 0 4 1 2 14 7 0 6 40 8 23 23 11 10 0 3 15 1 0 4 2 2 26 9 49 0 10 10 2 10 3 9 1 0 1 1 0 10 10 1 16 0 3 16 0 9 7 1 3 23 8 19 3 5 3 1 6 4 12 1 3 1 0 3 9 1 1 7 2 6 5 19 13 2 19 8 2 6
2 9 0 0 0 0 0 0 0 0 2 1 0 0 0 0 2 3 0 8 0 1 0 0 8 3 0 4 3 2 1 0 0 14 0 7 0 1 7 0 0 5 2 2 0 1 0 0 0 0 1 1 0 0 2 1 2 1 0 0 2 1 3 0 1 2 0 0 0 0 0 1 0 1 2 0 1 0 0 0 0 0 0 6 0 0 2 0 0 1 0 2 4 1 1 0 0 7 0 0
0 1 1 0 0 0 0 0 0 0 3 1 0 0 0 0 0 1 1 0 0 0 0 1 0 0 2 0 4 0 1 0 0 0 0 0 0 0 0 0 0 0 0 0 0 1 0 1 0 0 0 0 0 0 1 0 0 1 1 1 0 0 0 2 0 1 2 0 0 1 0 0 0 0 2 0 0 0 2 1 0 5 5 0 0 0 0 0 0 0 2 0 1 1 0 0 0 0 0 0
1 8 21 4 11 9 0 5 1 10 0 29 14 1 0 19 20 3 21 0 11 1 1 32 13 19 2 13 5 1 23 3 1 0 3 5 0 7 19 0 8 5 4 3 5 6 8 4 5 6 9 3 4 1 17 9 10 3 3 4 6 1 2 0 16 5 3 6 2 11 43 9 6 6 4 2 2 2 13 20 4 12 0 8 2 14 0 5 0 0 0 6 15 5 26 2 9 0 39 0
0 25 14 4 1 4 10 10 19 7 16 1 0 0 9 2 2 13 1 23 3 2 19 2 9 0 3 8 5 3 16 0 10 2 22 5 8 1 2 4 0 1 3 21 1 12 21 1 16 12 16 12 8 43 21 1 4 8 9 11 10 23 7 2 3 4 24 6 10 4 14 1 0 5 11 13 7 1 3 3 0 1 4 4 6 15 12 6 16 8 9 10 27 6 5 9 0 1 1 14
9 5 10 0 2 26 34 20 2 45 2 5 0 0 10 19 6 42 10 1 15 7 10 10 9 2 29 14 4 7 5 1 18 6 1 6 5 10 7 9 1 4 13 6 37 14 9 4 3 4 7 5 2 5 1 0 0 3 7 1 10 5 2 10 1 0 16 24 3 1 1 0 0 3 2 0 8 5 1 0 0 6 27 13 1 1 9 7 2 14 5 15 0 8 0 1 12 1 1 46
6 6 37 10 21 2 8 2 6 0 9 1 0 7 0 11 6 16 5 1 1 9 5 7 1 39 9 18 6 2 2 6 0 7 2 6 4 3 11 9 8 2 36 1 0 2 0 24 7 14 1 5 15 5 3 5 0 1 0 5 12 4 0 17 9 1 3 2 4 1 4 0 11 1 4 4 0 12 18 8 5 0 6 19 0 8 22 10 7 18 4 4 6 0 19 11 6 0 7 38
3 0 0 0 0 0 8 0 2 0 1 0 0 0 1 0 0 0 2 0 1 0 1 0 0 1 0 0 3 2 1 13 0 1 1 0 0 4 1 2 0 0 0 0 0 0 0 2 0 1 1 0 0 0 0 0 2 1 1 0 0 12 0 1 7 0 1 0 0 1 2 0 8 0 0 1 2 15 15 1 2 2 0 0 12 2 0 7 0 0 5 0 1 0 5 11 0 0 1 4
0 1 1 0 0 0 0 0 0 0 0 1 0 1 0 1 0 0 0 0 0 0 0 0 0 0 0 0 0 1 2 0 2 0 0 0 0 0 1 0 1 0 0 0 1 0 0 2 0 0 0 5 0 0 0 0 0 0 2 0 0 0 1 0 0 1 0 0 1 2 1 5 1 0 0 0 1 0 3 0 0 0 1 0 0 0 0 0 4 0 1 8 0 0 0 0 3 1 1 3
10 7 3 6 1 0 6 0 8 0 2 25 10 1 2 8 7 1 11 2 8 18 1 3 3 22 0 1 16 0 2 5 4 9 23 12 1 2 2 4 2 1 8 20 5 1 7 14 0 2 10 7 9 8 4 3 1 3 1 3 0 21 1 0 2 2 5 2 3 8 7 5 1 24 2 3 3 8 2 6 16 5 12 12 3 4 3 1 5 15 5 1 18 12 0 3 2 6 8 1
0 4 9 11 8 13 5 28 0 6 22 5 0 12 18 25 1 2 5 5 1 2 6 2 1 18 16 2 1 28 3 1 3 9 6 18 9 2 14 0 4 29 17 9 6 3 2 3 5 0 2 0 1 0 15 8 2 5 5 27 0 2 2 2 17 3 9 11 11 35 2 29 3 2 3 7 1 1 9 0 9 1 12 12 1 11 7 7 2 10 2 31 3 12 2 8 9 3 6 6
0 0 0 0 0 0 0 1 0 1 3 0 9 0 0 3 0 7 0 0 0 1 0 0 5 12 8 0 0 0 0 0 0 0 1 0 0 0 5 4 1 0 0 2 0 0 1 0 0 0 1 0 0 0 4 0 4 15 1 0 0 0 1 0 0 0 0 0 0 0 0 2 0 0 4 1 0 0 0 0 1 1 0 1 0 0 3 0 1 0 0 0 0 0 0 0 2 0 0 0
0 6 1 0 0 0 0 0 0 0 0 17 1 1 2 0 0 3 0 2 3 0 0 1 9 2 5 6 1 0 0 1 1 7 0 8 0 0 10 2 0 0 0 3 1 0 0 1 0 0 0 0 0 0 5 0 1 2 0 0 3 0 6 1 0 0 1 0 0 0 0 0 0 0 0 2 1 0 0 1 1 1 0 6 0 0 0 0 0 1 0 0 0 1 0 0 0 0 3 0
1 1 1 1 3 1 4 1 9 13 1 3 1 4 1 3 2 9 1 1 11 4 4 9 11 0 1 3 5 1 1 8 14 3 10 0 10 9 3 4 2 1 4 2 0 3 1 2 9 2 0 11 0 1 1 14 5 8 3 5 14 4 2 5 2 0 4 2 2 14 13 3 11 4 6 5 5 0 2 2 3 5 7 4 3 4 7 1 1 2 3 2 5 5 3 9 2 15 4 3
13 3 13 4 15 1 14 5 2 4 15 6 4 4 3 5 6 10 2 2 2 16 15 2 0 1 10 5 4 4 5 2 0 0 3 14 6 12 3 2 1 2 3 2 11 4 6 26 2 17 14 29 5 0 5 4 7 5 5 1 14 14 3 6 6 5 15 20 0 27 26 2 4 12 4 2 5 0 14 1 10 14 1 1 10 0 6 8 12 11 3 15 6 1 20 12 2 2 23 19
2 1 5 1 4 18 4 8 3 2 0 16 6 6 0 4 4 6 16 1 10 10 1 5 3 16 0 7 8 12 6 6 18 8 2 3 2 7 5 44 5 7 2 3 1 5 9 6 46 12 18 1 0 0 2 0 37 5 3 4 1 0 9 9 17 8 8 16 8 9 10 12 31 7 4 0 7 6 16 2 0 9 7 8 5 25 2 3 2 1 6 6 15 0 2 1 0 1 4 8
4 1 15 4 4 17 1 0 8 8 2 1 2 4 0 28 25 5 0 8 19 22 12 1 3 8 10 9 11 0 10 0 13 18 0 0 9 15 4 1 0 2 13 7 12 5 14 3 6 6 3 1 3 6 10 3 3 17 6 4 0 31 8 11 38 11 16 1 6 4 4 16 13 0 0 7 5 15 4 1 11 1 4 4 12 2 4 1 14 5 0 4 5 0 0 12 2 18 17 5
6 3 48 3 1 1 6 5 3 0 7 5 9 0 1 8 12 12 1 1 1 3 24 5 12 18 2 5 11 9 3 3 5 1 3 0 2 7 3 19 4 0 10 14 7 0 7 22 5 10 4 4 0 1 8 9 4 26 3 12 0 1 6 1 11 1 19 28 13 11 7 6 21 6 4 0 1 21 5 0 2 0 2 1 5 4 3 1 3 14 3 2 33 3 1 8 0 8 4 2
