1 8 11 7 6 0 1 2 7 2 2 6 0 2 0 20 2 0 0 2 3 0 1 1 0 24 0 0 0 1 3 6 1 3 1 3 5 9 4 17 1 13 2 3 2 7 0 3 0 0 5 7 0 3 1 3 5 5 2 4 6 2 4 1 1 5 0 5 1 10 9 1 2 0 10 0 2 3 1 0 1 7 0 6 0 2 4 6 6 0 8 1 2 3 0 1 7 7 4 0
0 0 0 2 2 0 0 0 0 0 0 2 1 1 0 2 1 1 0 0 0 1 0 0 0 1 0 0 1 0 1 0 0 1 0 0 0 3 1 0 0 0 0 0 0 1 0 2 1 0 0 1 0 0 0 0 0 0 1 0 2 0 0 0 2 0 0 0 0 0 2 0 0 2 4 0 0 1 1 0 2 1 4 0 0 1 0 0 0 0 0 0 0 1 0 1 0 0 0 1
0 7 2 3 4 6 2 13 6 0 4 3 3 4 2 2 0 2 1 12 9 1 6 0 7 1 1 22 11 35 3 0 5 1 2 0 0 1 4 6 4 2 3 12 1 5 5 3 9 7 1 2 3 0 8 2 0 7 4 0 1 1 0 2 1 4 4 1 4 11 12 0 3 1 10 0 2 2 0 14 9 1 1 13 0 2 22 17 0 2 1 8 5 3 2 1 2 8 2 0
2 2 9 0 7 2 12 0 22 1 1 7 0 2 3 2 0 10 3 0 1 5 0 1 7 2 0 6 7 2 7 1 4 6 0 2 0 4 1 7 6 3 1 0 0 1 0 0 3 1 1 13 3 5 4 2 8 6 7 3 0 0 0 0 0 6 0 4 2 1 8 1 2 3 9 8 0 3 1 6 1 3 3 2 3 9 0 0 22 1 7 1 1 9 1 4 0 7 1 0
0 0 0 0 0 0 0 0 1 0 0 0 0 0 0 0 1 1 0 0 0 0 1 0 0 0 1 0 0 1 0 0 0 1 1 0 0 2 0 0 0 0 0 0 0 0 4 0 0 0 0 1 0 0 1 0 0 1 1 0 1 0 1 0 1 2 1 0 0 0 0 1 0 1 0 1 1 0 0 0 1 0 1 0 0 0 0 0 0 0 0 1 0 1 0 2 2 1 0 0
0 2 13 0 5 1 0 18 7 20 0 0 4 29 6 14 7 1 5 14 13 2 6 2 2 11 0 10 2 4 0 13 6 2 13 13 2 20 13 4 7 7 3 11 11 13 2 35 33 11 46 2 19 0 8 7 4 7 3 3 0 2 5 11 1 3 6 1 9 1 3 0 0 9 11 2 0 0 0 3 7 6 3 4 1 2 3 7 2 42 1 4 2 0 0 3 2 3 5 3
2 10 0 1 19 9 4 0 6 14 4 1 2 0 1 3 4 29 0 10 13 0 4 1 7 3 0 0 9 2 1 3 1 9 8 5 4 4 1 3 2 2 6 3 1 6 5 6 0 2 0 2 0 0 2 24 0 0 0 0 6 7 4 18 0 7 3 5 1 2 0 3 3 2 8 0 6 3 6 2 1 1 0 13 1 1 1 0 0 3 0 7 0 1 2 4 18 1 6 0
13 0 3 26 4 16 4 5 0 13 13 4 0 8 3 18 0 5 0 12 4 21 6 11 1 0 6 4 24 4 0 0 2 8 3 4 0 8 3 22 19 10 10 11 10 7 3 51 11 1 11 4 10 2 6 9 7 15 12 13 8 5 5 6 0 5 9 4 0 4 3 12 1 8 1 1 6 16 8 0 11 2 4 23 11 0 2 10 15 3 0 14 2 43 6 14 3 4 3 13
12 10 4 5 5 4 0 10 1 4 0 9 2 0 1 5 1 2 0 1 5 2 2 6 0 0 4 0 12 1 3 9 3 3 8 0 0 0 3 0 1 1 0 2 4 3 1 6 1 6 6 0 6 0 3 0 0 5 6 15 0 2 3 4 5 2 0 3 6 2 2 4 4 0 2 2 1 1 7 0 0 1 5 3 0 15 4 2 2 0 5 0 8 2 3 11 5 1 0 1
2 1 6 5 0 0 5 1 10 3 1 3 3 0 4 0 4 2 7 9 5 0 9 1 4 4 5 1 16 3 5 7 13 2 3 5 19 10 6 6 3 1 0 0 2 4 3 3 0 3 13 4 6 13 0 1 2 1 0 8 8 2 0 0 11 2 4 11 5 3 1 0 2 1 6 5 6 16 1 0 1 1 1 8 7 7 1 8 3 4 14 3 4 11 0 0 4 12 7 1
1 0 2 0 31 4 4 8 1 13 0 2 10 8 0 1 1 3 6 2 2 2 4 3 14 12 5 6 8 0 3 0 0 2 0 0 0 12 1 3 3 2 0 2 24 1 0 1 3 6 0 8 24 1 8 4 15 3 0 2 7 1 3 4 20 6 1 0 5 3 12 7 2 3 1 3 0 3 1 3 1 0 0 4 0 1 1 2 2 13 0 5 1 8 2 2 9 12 7 9
0 3 3 9 1 12 0 8 0 1 2 2 3 0 18 14 0 3 17 3 0 6 25 9 7 11 12 5 0 6 1 0 6 0 4 0 3 5 1 4 7 7 0 4 0 4 2 9 1 5 7 1 1 0 5 3 2 0 7 0 1 0 9 22 13 4 0 9 8 9 0 2 31 11 2 0 0 8 1 0 2 2 1 2 1 0 5 0 0 1 1 2 10 1 3 5 0 2 9 5
0 5 5 27 5 9 1 7 4 17 11 12 3 0 1 2 14 8 13 1 10 24 1 15 2 5 2 9 11 14 48 9 4 1 3 8 0 0 9 0 25 4 7 5 11 23 3 8 2 3 3 15 6 2 8 5 2 3 9 8 19 16 31 3 12 13 0 1 7 1 7 0 25 6 7 4 3 12 1 2 4 2 1 2 2 9 0 3 4 2 3 0 8 18 10 3 7 0 8 4
10 3 1 7 0 11 4 2 1 3 1 2 1 1 0 1 0 1 6 7 1 1 0 1 3 1 0 3 2 2 9 4 0 1 3 0 3 15 0 2 3 8 1 2 1 7 4 1 3 9 17 3 3 4 2 3 3 0 1 0 2 9 24 0 14 4 13 1 10 5 0 2 10 4 5 4 0 20 8 4 9 5 0 2 0 1 0 3 15 10 5 0 12 10 1 2 0 9 2 5
1 8 7 2 22 8 5 5 2 2 9 4 1 3 11 0 8 2 0 0 6 8 0 6 0 0 0 0 5 6 3 2 1 3 10 0 0 2 0 4 3 5 2 0 2 3 1 5 1 16 0 12 2 1 0 0 6 0 1 0 9 3 1 0 0 1 3 0 6 3 5 0 0 2 1 2 7 2 0 2 1 4 7 0 6 15 0 3 7 1 1 4 1 9 3 1 0 4 2 2
18 1 3 12 5 8 5 6 7 8 2 14 2 1 5 1 20 14 7 5 9 5 6 9 3 16 6 22 7 3 1 5 3 18 7 14 14 3 10 7 17 10 4 11 3 14 2 2 9 16 8 10 2 7 4 2 20 0 2 1 12 2 4 4 0 17 16 0 10 7 18 4 2 12 2 3 1 34 0 0 1 19 3 9 18 1 15 11 1 0 5 2 0 0 2 0 11 5 0 2
1 1 3 0 8 18 4 3 2 0 10 0 0 33 1 4 11 5 3 4 1 3 0 4 1 9 7 3 7 7 0 1 0 2 4 5 17 7 5 1 3 0 3 0 0 2 0 12 8 11 4 9 1 0 6 4 4 0 0 7 1 16 8 3 20 4 0 0 10 0 8 1 4 24 3 1 9 1 3 0 0 22 0 2 4 1 2 0 9 2 9 14 1 1 8 0 3 2 6 3
20 7 4 16 1 7 10 28 2 12 0 3 22 6 8 9 2 2 2 1 8 0 9 21 17 2 3 1 7 10 1 2 0 11 7 8 0 12 12 3 25 2 14 4 18 5 4 17 9 0 0 26 7 21 11 3 8 3 2 0 0 4 2 0 4 2 0 0 11 1 4 0 2 24 1 15 14 14 25 16 21 0 17 9 4 9 1 17 6 4 14 19 7 3 7 3 1 7 14 12
4 2 4 1 2 4 1 1 0 5 3 1 0 0 0 11 1 2 18 0 3 1 9 7 1 2 12 1 5 4 1 0 2 4 7 2 3 3 7 1 6 12 2 27 2 1 1 1 7 2 0 3 2 20 16 2 14 0 5 0 1 1 1 4 2 0 7 0 12 0 0 14 13 6 5 1 12 9 1 5 0 0 1 1 0 2 18 0 8 1 5 4 8 14 13 1 7 1 3 7
1 4 1 1 1 1 4 0 4 24 14 0 3 14 0 16 1 9 6 8 7 4 17 6 3 3 6 5 18 7 10 2 6 2 52 0 3 4 6 0 10 12 16 13 1 0 8 1 2 25 1 3 45 33 64 19 2 11 5 0 5 3 12 0 23 2 1 3 7 9 5 3 2 2 2 3 1 0 10 18 4 0 4 1 2 20 10 6 2 1 3 6 1 6 14 6 0 8 9 11
2 0 0 0 0 0 5 0 1 0 0 0 1 0 1 1 0 0 0 0 0 0 0 0 0 0 0 1 0 1 0 0 0 0 0 0 1 0 0 0 0 0 0 1 1 0 0 2 0 2 0 0 0 0 0 0 0 0 0 0 2 0 1 1 0 0 2 0 0 0 2 0 0 1 0 0 0 0 0 1 0 0 0 0 0 0 1 0 0 0 2 1 0 0 0 0 0 1 1 0
4 3 7 4 1 1 5 1 6 5 42 11 11 0 1 4 2 5 8 10 1 15 15 0 3 1 16 20 1 8 15 9 7 8 8 2 8 10 2 1 7 10 2 12 4 14 1 3 0 5 0 0 20 8 4 0 5 3 8 4 3 9 7 0 0 0 0 2 19 3 0 9 2 5 5 15 4 0 9 8 0 12 3 8 5 3 3 0 19 4 5 7 7 7 0 33 8 9 6 7
1 0 1 0 0 0 1 0 0 0 0 0 0 0 0 1 3 0 0 0 0 1 0 0 3 1 1 0 0 0 0 0 0 0 1 0 0 0 0 0 0 0 0 1 0 0 0 2 0 0 0 0 0 0 1 1 0 1 0 6 0 0 0 0 0 3 0 3 0 1 2 1 0 0 1 0 1 0 1 0 0 0 0 0 0 0 0 0 0 9 0 0 1 1 2 0 0 0 0 0
0 0 0 0 0 1 0 0 0 0 0 2 1 0 0 0 1 0 0 0 0 2 0 0 0 0 0 0 0 0 9 1 0 1 0 1 0 0 0 0 0 2 0 0 0 0 4 1 0 0 0 0 0 0 2 4 2 0 0 5 0 0 0 0 1 2 0 0 0 4 0 0 0 0 0 0 0 0 0 0 0 0 0 0 0 1 0 4 1 0 1 0 0 1 0 1 0 0 2 0
0 3 1 1 0 0 1 1 3 0 0 0 1 0 1 0 1 1 0 2 0 2 0 0 1 1 0 2 0 0 0 3 1 2 2 0 0 1 0 0 0 1 0 0 2 0 0 0 4 0 0 0 0 0 1 2 0 2 0 2 0 0 0 2 0 0 0 0 0 1 0 1 1 1 0 0 1 0 0 0 1 0 1 0 0 0 1 0 0 1 8 0 0 0 0 1 0 0 0 0
0 0 0 0 1 0 1 1 0 0 0 0 0 0 0 0 0 3 0 0 0 0 0 0 0 0 3 1 0 0 1 0 0 1 0 0 0 2 0 0 4 0 0 0 0 0 0 2 0 0 0 1 0 1 0 1 0 0 0 0 2 0 0 0 2 0 0 1 0 1 0 0 0 0 1 0 2 2 2 0 0 0 0 1 0 0 0 0 0 0 0 0 1 0 1 1 1 0 5 2
6 3 1 9 1 16 5 0 15 2 17 4 10 10 1 5 4 7 0 17 11 4 3 8 10 2 6 21 0 27 1 3 10 9 2 21 21 1 14 1 10 3 4 2 2 10 0 0 1 0 13 1 0 2 3 5 49 11 16 4 18 3 13 0 2 18 9 1 1 2 1 0 0 8 19 1 2 3 0 7 3 8 7 2 8 2 1 16 13 1 12 2 2 4 2 2 10 3 3 6
12 6 2 2 1 13 2 23 4 0 11 2 2 4 6 29 7 0 11 6 3 16 0 17 8 14 4 0 9 4 1 1 0 9 16 1 11 1 10 6 7 3 2 12 1 19 9 4 14 12 15 1 0 10 4 2 6 0 5 7 12 29 4 3 1 3 2 3 1 1 3 18 1 9 10 5 14 14 5 15 7 12 6 6 4 0 4 1 25 10 28 3 12 3 1 27 9 4 26 6
7 7 3 2 11 0 2 9 3 13 11 3 3 13 1 7 5 2 2 4 1 2 2 4 6 3 1 0 11 0 4 4 1 0 5 5 1 1 3 1 5 1 2 5 5 6 10 1 0 8 5 1 5 5 0 7 36 0 7 0 2 1 10 9 1 2 8 6 11 4 2 8 0 0 6 13 2 1 10 7 2 1 5 15 3 0 5 6 13 0 6 5 2 1 4 1 1 2 2 2
0 2 0 1 3 0 0 0 0 0 0 0 1 0 0 0 0 1 0 0 1 0 2 0 0 2 1 1 0 0 0 0 0 1 0 0 0 1 1 2 0 1 0 0 0 0 0 0 2 0 0 0 2 0 0 0 0 0 0 1 0 0 0 0 0 0 1 0 0 0 1 0 0 0 0 0 0 2 0 1 0 1 6 0 0 0 0 0 0 0 0 0 0 0 0 0 0 1 0 0
4 4 1 15 1 3 15 5 2 4 7 0 2 2 27 4 3 7 2 7 16 4 7 0 4 0 5 0 5 0 2 0 9 5 2 0 7 0 4 2 4 4 2 0 3 1 1 4 3 0 3 4 1 3 0 4 7 19 1 3 0 2 1 2 1 0 3 25 1 0 4 12 4 0 6 0 4 1 1 13 12 3 8 9 1 2 6 4 9 36 0 0 0 2 0 1 7 0 0 4
3 12 7 0 0 2 3 9 2 18 36 10 13 5 18 12 0 4 26 2 3 0 2 18 3 2 1 0 5 0 4 1 13 1 13 14 3 1 15 12 27 0 13 3 6 15 9 18 1 4 2 6 3 9 16 4 0 4 12 2 11 3 6 22 9 2 4 16 9 4 12 5 19 4 0 4 5 0 2 1 25 3 7 3 6 3 27 0 8 4 24 3 10 9 1 4 21 2 15 4
10 1 4 3 0 17 4 19 1 0 2 2 10 5 0 3 1 4 2 11 16 0 1 1 0 0 1 1 5 0 1 3 3 13 1 3 1 1 4 9 6 1 1 1 5 0 0 3 3 3 0 2 9 0 5 1 16 5 1 15 5 18 5 0 7 7 0 0 0 5 3 5 1 13 5 2 3 2 2 4 11 1 1 1 4 3 1 1 1 19 4 2 0 0 2 8 8 2 1 0
2 2 0 1 0 2 2 0 2 0 1 0 8 1 0 0 0 2 1 6 1 0 6 0 6 0 1 8 0 5 0 0 6 1 5 1 1 0 0 1 0 3 0 1 0 0 0 0 3 0 1 2 0 0 0 1 0 1 1 1 3 1 1 0 2 0 0 8 0 0 0 10 0 1 1 0 0 1 0 0 2 1 0 1 0 0 1 0 0 0 0 0 0 1 0 0 0 2 2 0
0 0 4 4 0 21 2 10 0 4 1 2 0 0 1 11 0 0 0 2 9 0 1 1 0 3 1 5 2 0 5 0 3 5 1 0 0 3 1 8 3 2 6 1 0 3 2 1 2 2 5 5 6 8 2 10 9 4 0 6 3 4 1 15 1 2 0 2 15 0 6 11 5 1 5 0 5 4 4 0 6 7 1 4 10 0 1 5 12 1 3 3 0 11 0 8 0 2 3 5
2 0 6 8 7 5 9 1 0 16 2 4 7 26 5 11 24 1 1 0 4 7 23 5 1 4 14 0 28 5 5 2 8 6 5 15 3 10 0 15 4 2 1 13 39 2 2 12 4 11 6 15 8 4 13 2 5 5 4 1 1 0 10 6 21 4 0 27 3 1 30 4 6 19 3 5 10 7 38 26 15 0 0 7 15 1 16 13 13 18 5 4 1 33 0 8 7 7 1 18
29 9 8 1 9 7 1 10 0 2 1 29 22 19 22 8 3 24 4 16 0 23 5 2 3 0 8 6 6 0 0 19 5 11 14 7 3 12 2 6 3 2 8 10 0 1 5 20 13 3 19 8 1 6 4 2 3 7 27 9 4 16 0 18 0 13 24 10 0 0 3 20 0 9 6 4 11 4 10 5 19 7 2 4 3 5 11 4 0 5 2 1 8 4 25 0 6 5 1 1
2 1 11 3 3 10 20 0 41 7 19 0 8 3 0 0 10 41 8 15 8 7 1 8 2 11 37 0 3 21 10 10 25 14 0 5 9 11 5 0 16 0 1 4 33 1 5 5 9 2 2 1 6 2 13 2 16 8 2 8 0 27 23 0 10 6 22 27 7 1 3 11 4 10 4 17 6 14 9 7 0 0 7 3 1 4 5 0 6 6 12 1 3 2 10 1 19 0 10 1
9 7 4 0 3 15 12 3 6 1 7 13 8 17 0 14 0 0 4 10 22 1 4 20 7 23 8 5 1 0 20 1 11 0 3 0 29 7 17 0 1 3 8 13 14 10 2 7 11 9 2 1 4 6 2 15 21 13 5 4 0 8 13 0 9 3 0 1 3 4 21 17 1 5 28 8 4 3 1 8 1 4 21 2 3 19 1 8 2 2 8 11 10 0 3 8 31 7 15 6
1 3 9 5 5 5 7 3 11 11 6 4 2 7 9 0 6 17 25 0 29 3 8 0 1 9 11 7 0 5 3 6 3 0 5 6 0 1 12 0 14 8 0 0 6 13 13 8 2 6 16 1 5 3 1 0 0 4 7 7 6 8 2 5 15 10 0 2 59 7 1 40 5 1 0 2 16 1 2 0 6 4 2 14 1 1 14 3 8 20 0 1 0 12 0 27 0 5 2 2
1 2 0 1 0 2 0 0 0 0 1 0 0 1 0 1 0 0 0 1 0 0 0 0 0 0 0 1 2 0 2 0 1 0 0 0 2 0 0 0 0 0 1 0 1 0 0 0 0 0 0 0 0 0 1 0 0 0 0 4 0 0 0 0 1 0 1 0 1 0 0 1 0 0 1 1 0 0 0 0 0 0 0 0 0 0 1 0 0 6 0 1 0 0 0 0 0 0 0 0
0 1 2 0 1 1 0 0 0 0 1 0 1 0 0 2 2 0 1 0 2 0 0 0 0 1 2 2 0 0 0 0 1 0 0 0 1 0 1 0 0 0 0 0 0 0 1 1 6 0 0 1 1 1 0 1 0 1 1 1 0 0 0 2 2 0 0 0 0 0 0 0 0 0 0 1 1 0 1 0 0 0 0 0 0 0 0 0 1 0 1 0 2 0 0 0 0 1 0 1
10 3 3 1 7 0 0 1 8 0 7 4 2 0 0 6 2 4 5 11 0 12 5 1 0 13 3 4 0 5 2 4 0 12 1 5 4 4 22 4 8 1 0 0 4 1 6 5 3 16 2 0 3 0 3 9 9 1 2 1 1 2 1 8 10 0 2 0 1 2 4 3 10 2 2 1 0 4 1 2 5 2 1 3 0 0 3 2 1 7 0 0 12 0 3 0 9 0 9 3
4 6 3 10 4 7 4 21 2 3 30 1 2 5 15 1 32 37 5 11 3 9 21 3 10 8 1 1 2 11 17 2 6 4 1 0 28 5 2 40 9 2 0 1 8 4 3 3 16 11 7 0 9 33 6 4 10 7 37 19 12 6 1 4 10 2 0 0 33 11 4 6 3 14 19 2 0 4 22 4 10 1 3 0 15 1 2 13 0 1 8 1 14 11 14 6 25 7 5 19
13 2 10 1 2 5 7 3 4 2 6 0 13 4 11 2 2 10 2 4 0 11 12 3 4 6 4 26 2 22 7 2 20 7 10 0 3 10 4 11 3 15 4 11 18 2 6 7 7 36 1 6 8 2 17 10 10 1 16 16 6 0 0 4 3 27 13 8 0 22 0 2 16 4 19 8 6 11 10 10 26 16 14 3 1 0 6 2 10 9 3 11 4 0 0 4 5 23 1 0
19 18 6 11 8 12 0 4 7 12 6 0 25 0 4 33 3 2 11 0 1 0 3 11 8 2 0 6 10 0 15 8 2 2 2 2 23 6 8 1 12 11 2 9 18 17 28 5 22 2 3 3 8 18 0 6 8 14 5 58 7 5 0 1 8 10 16 1 17 13 8 19 0 4 16 0 8 15 1 3 3 19 5 4 3 1 2 0 8 1 5 7 3 7 5 3 6 1 4 12
0 0 0 0 1 0 0 0 0 2 1 0 2 0 0 0 1 2 0 1 0 0 1 0 1 0 0 0 8 0 0 0 1 0 1 0 0 0 1 5 2 0 0 1 0 0 0 0 2 0 1 0 4 0 0 0 0 2 1 0 0 0 4 2 0 0 4 0 1 0 0 0 5 0 0 0 1 0 0 1 0 0 0 0 0 0 0 0 1 2 0 0 1 0 0 0 0 0 0 0
25 6 24 1 1 1 28 3 4 1 11 3 8 2 1 4 2 44 0 9 19 27 14 3 0 0 9 8 3 3 0 2 24 0 2 8 10 12 11 14 0 4 3 1 4 20 1 1 10 21 2 0 21 3 0 11 3 4 5 3 0 0 19 9 17 4 10 0 12 3 9 3 5 1 0 9 0 1 16 0 16 7 1 10 1 0 10 26 2 5 12 5 25 19 0 3 0 44 15 1
0 0 0 0 0 1 0 0 3 0 0 0 0 0 1 1 1 0 0 2 0 1 0 0 6 0 1 0 1 0 0 0 3 1 0 0 0 1 0 2 2 1 0 0 0 0 0 0 1 1 1 1 1 0 1 0 1 0 0 2 0 0 0 0 0 0 0 0 0 0 0 0 1 0 0 2 0 3 0 1 0 1 0 0 0 2 0 0 0 1 0 1 0 0 0 0 2 0 1 1
17 3 12 1 3 33 0 0 23 0 10 0 4 20 1 9 7 11 2 1 8 4 1 10 3 0 1 1 18 3 14 7 2 0 23 6 1 21 17 8 17 7 0 3 1 6 2 8 0 14 9 16 9 26 8 2 4 0 2 6 18 2 0 9 5 12 21 5 2 21 1 4 3 15 17 0 19 1 5 2 17 26 2 2 32 0 3 0 0 12 5 1 0 9 9 6 12 1 7 5
