449
444
430
429
379
358
355
352
342
319
300
237
199
167
159
141
62
39
37
35
26
490
483
478
407
405
370
330
308
284
235
225
214
211
210
186
181
176
175
163
137
134
111
99
74
44
242
121
383
112
139
448
205
331
34
296
458
336
488
3
360
136
192
277
493
402
202
461
241
477
254
126
391
85
170
81
114
12
84
216
64
253
243
22
273
156
451
353
58
16
311
138
1
411
432
282
224
80
256
212
479
306
11
474
89
316
87
250
55
245
401
171
53
233
356
196
351
91
381
434
484
498
71
424
190
412
82
274
52
152
327
404
403
427
14
347
415
148
287
236
260
388
78
385
0
422
102
285
51
324
433
50
410
406
230
124
286
149
42
462
128
109
482
304
17
426
150
32
95
337
125
57
447
408
445
151
155
213
278
9
496
289
377
393
456
48
46
443
494
375
145
298
350
204
292
160
146
339
60
252
93
108
28
105
310
363
15
334
144
438
480
54
320
101
343
43
469
315
168
384
317
239
140
329
452
291
56
96
123
457
249
464
142
463
4
267
374
116
378
129
366
100
299
98
272
372
19
328
132
197
338
122
183
117
179
180
400
110
495
127
297
313
301
207
499
157
318
47
439
481
120
118
486
203
398
437
466
468
420
67
335
5
266
265
24
341
397
31
63
33
59
79
414
333
361
222
399
371
143
413
209
294
198
269
20
359
200
244
373
154
49
417
73
309
70
487
194
164
418
283
332
369
25
442
206
271
119
281
436
307
394
395
166
312
348
104
431
475
354
75
195
357
169
258
376
161
65
428
471
174
276
489
364
227
88
365
416
367
248
322
392
115
77
382
305
21
409
107
229
234
27
326
346
362
454
201
259
290
453
228
240
246
10
76
476
189
36
153
232
491
262
368
263
473
130
2
30
349
226
92
279
172
133
215
219
255
135
41
421
220
389
441
387
450
90
497
184
261
465
247
66
280
472
13
131
446
423
187
314
251
325
321
178
69
419
217
182
386
288
173
165
345
467
340
147
208
221
257
23
158
45
29
270
7
83
492
231
390
38
72
485
8
275
440
103
218
18
86
323
97
191
268
460
177
188
380
459
470
425
223
295
293
435
193
106
113
40
302
61
344
264
396
303
6
162
68
94
238
455
185
