2 6 2 7 16 4 0 13 16 13 2 7 2 3 9 23 0 3 2 32 16 11 1 4 0 7 0 9 8 1 1 6 3 7 4 3 8 6 7 3 5 4 9 0 22 1 2 1 2 9
0 7 25 10 4 20 5 9 2 13 3 11 3 4 2 26 12 9 0 21 1 5 27 0 13 2 7 11 2 5 0 12 11 5 4 1 8 6 4 25 1 8 1 2 13 3 4 10 0 29
0 0 0 1 0 3 1 0 0 0 0 0 1 1 0 0 0 0 0 0 0 0 2 0 0 0 0 0 2 1 0 0 0 0 0 0 0 1 2 0 0 3 1 0 0 1 5 0 0 1
0 0 0 12 3 2 1 7 4 4 14 6 4 16 40 12 9 11 13 10 35 26 16 8 3 0 10 3 5 0 7 1 4 5 1 2 1 4 18 1 1 11 5 1 5 8 0 2 5 6
0 1 6 0 2 8 11 6 12 3 0 0 30 9 15 5 27 11 2 15 2 3 1 0 5 1 2 9 1 8 7 1 12 3 4 4 10 8 8 9 8 9 5 3 2 5 6 14 0 24
7 1 5 1 9 1 5 2 1 2 6 5 2 2 0 0 1 4 0 8 3 7 3 1 1 4 7 6 4 1 1 0 6 0 2 0 2 4 1 2 1 10 8 5 3 6 7 0 0 0
0 0 0 2 0 0 1 0 0 1 1 4 0 0 1 0 0 1 2 1 2 0 2 1 0 0 3 0 0 0 1 0 0 0 0 0 0 4 0 0 0 0 0 0 0 0 1 0 0 0
1 3 0 1 1 1 1 1 5 9 12 9 12 1 3 3 0 0 0 6 1 21 0 4 2 0 9 2 1 11 2 1 0 0 13 6 0 0 0 0 1 5 0 0 1 2 2 3 7 0
1 0 1 1 1 0 0 0 1 0 2 10 0 0 2 0 1 1 0 13 1 1 5 0 0 0 0 1 0 0 1 2 0 0 0 0 0 4 0 0 5 0 2 0 0 1 5 0 7 0
4 0 0 1 2 2 6 3 7 3 0 1 1 0 1 4 5 2 2 0 5 1 1 1 4 1 0 10 4 3 4 0 1 5 12 0 8 1 7 6 4 4 8 16 5 8 3 0 1 0
0 0 0 0 0 0 0 1 1 0 0 1 1 1 0 0 0 1 0 1 0 0 0 0 0 0 0 0 0 1 0 0 0 0 0 1 0 0 0 0 1 0 0 1 0 1 0 0 0 0
7 6 4 19 0 5 1 11 5 10 7 13 12 7 21 3 0 17 19 1 16 20 21 12 2 4 17 5 2 6 4 2 17 11 2 3 26 16 6 6 0 4 10 9 33 12 1 3 8 2
2 3 7 9 1 9 2 5 7 0 6 7 4 1 26 9 7 3 13 2 2 4 0 6 0 0 9 11 2 24 2 2 11 2 0 32 7 0 3 0 33 6 5 14 3 18 14 27 7 14
1 0 0 1 0 0 0 0 2 0 0 0 0 0 0 0 0 1 0 0 0 0 6 3 1 0 0 0 0 0 0 0 0 0 0 0 2 0 0 1 0 0 1 1 0 1 2 2 0 0
0 0 0 0 0 0 0 3 0 0 1 0 2 0 0 0 0 0 0 0 0 0 0 1 0 0 1 2 0 11 0 0 2 0 1 0 0 1 0 0 0 1 0 0 0 0 0 0 0 0
2 1 0 6 2 7 1 0 3 4 0 3 6 2 20 11 6 0 3 6 0 2 7 1 8 5 4 0 1 0 8 12 0 28 3 17 5 4 1 4 0 13 1 0 18 14 4 11 5 13
5 0 0 3 8 1 8 2 10 5 5 5 0 2 2 2 3 1 1 0 1 14 0 1 2 1 0 10 2 2 17 1 14 10 2 11 2 8 4 2 12 1 0 0 2 9 1 1 7 3
2 0 0 7 14 15 4 5 2 3 4 4 10 4 13 12 0 11 1 1 14 6 3 0 4 9 6 4 0 7 2 2 14 11 7 2 2 7 14 3 9 3 7 2 3 5 2 14 46 1
15 0 2 7 17 0 2 6 9 5 0 0 12 2 0 15 23 26 6 2 2 15 0 0 0 10 2 3 7 5 5 21 1 12 3 4 1 3 14 1 24 4 2 20 5 0 0 19 16 4
0 8 1 5 11 1 3 20 0 12 9 20 16 1 6 3 5 4 0 10 14 10 4 9 0 0 6 15 3 15 13 1 9 0 14 9 5 23 0 6 4 14 10 8 0 3 6 4 45 3
5 8 5 11 0 1 0 0 2 3 5 22 19 0 13 6 2 6 0 4 0 6 5 0 0 2 0 1 6 0 16 4 6 21 17 0 2 5 0 1 1 3 8 8 10 0 0 4 1 0
0 1 1 2 0 2 0 1 0 0 2 8 0 0 0 1 0 0 1 2 0 0 0 3 0 1 0 2 1 0 0 1 0 1 0 0 0 7 0 0 0 0 1 1 4 1 1 3 0 0
0 1 0 0 1 0 1 0 0 0 0 0 0 1 0 6 0 0 0 3 0 0 1 0 0 0 0 0 0 0 0 6 0 0 0 4 0 0 0 0 0 1 1 0 0 0 1 0 1 1
13 4 2 0 0 2 4 9 1 17 10 7 17 8 0 2 3 11 12 3 1 11 1 23 6 5 0 7 3 10 2 0 0 12 3 3 5 3 9 3 6 12 0 10 11 5 33 16 11 1
0 0 3 0 0 0 0 0 0 0 0 0 0 1 0 1 0 0 0 0 0 0 1 0 0 0 0 0 1 0 3 1 1 0 0 1 0 0 0 1 1 0 1 0 0 2 0 0 0 0
0 1 1 7 13 2 2 2 14 15 3 1 1 0 0 6 2 13 5 7 6 9 10 1 1 1 6 15 0 4 4 1 5 2 14 6 1 3 1 7 13 4 2 36 2 5 4 31 1 17
1 0 0 0 0 0 0 0 0 1 1 0 0 0 0 0 5 0 0 0 10 2 1 0 0 0 1 1 0 0 0 0 0 0 0 2 7 0 0 0 0 0 0 16 3 0 0 6 1 0
7 0 0 0 0 6 3 0 1 0 1 2 0 0 1 3 0 6 4 3 0 3 7 1 0 0 0 2 1 0 0 0 1 0 0 0 0 15 0 0 6 0 0 0 1 4 12 2 15 0
0 2 1 13 0 0 0 10 1 10 6 4 5 1 0 1 1 1 0 12 1 2 12 0 0 0 9 15 3 1 1 6 2 2 1 4 4 2 2 0 6 2 1 0 25 0 0 1 0 12
8 4 5 8 14 11 0 4 11 13 46 9 6 0 13 2 0 9 1 6 2 13 1 6 24 5 8 6 30 3 2 1 2 2 8 18 5 3 1 4 0 28 0 16 4 2 13 3 1 1
0 0 0 0 1 1 0 1 1 1 0 1 1 0 0 2 1 2 1 0 2 0 0 0 0 0 0 1 1 1 0 0 1 1 0 0 2 0 0 0 0 0 3 0 0 0 0 1 0 0
0 7 0 1 5 0 2 5 0 3 2 5 1 6 1 7 13 1 2 1 7 1 2 7 9 0 2 0 7 0 1 9 0 1 3 0 2 0 2 0 4 0 4 7 0 2 7 1 2 2
0 0 0 0 0 0 1 1 0 1 0 1 0 0 1 1 0 0 0 1 1 0 0 0 0 1 6 0 0 0 0 1 0 2 0 0 1 0 2 0 1 0 0 0 0 0 2 0 0 0
11 2 18 16 22 1 5 1 15 3 20 2 1 19 3 13 3 8 1 7 11 11 9 5 7 10 7 4 11 4 1 67 2 2 2 2 7 1 0 5 9 10 18 30 25 8 6 18 2 6
5 10 3 8 6 3 2 4 1 2 1 6 3 6 5 5 2 0 1 2 9 1 9 5 1 9 10 9 2 1 1 1 1 1 0 4 1 0 3 2 2 0 3 1 2 9 0 1 4 0
1 2 1 1 2 1 2 9 1 9 1 0 3 6 6 0 0 13 0 5 13 7 0 6 1 2 0 4 0 2 0 0 0 1 0 2 8 6 0 2 4 0 2 1 1 5 0 2 20 1
0 1 2 2 7 8 6 1 10 2 16 3 6 3 2 0 3 29 8 1 8 6 3 6 13 6 18 24 0 13 0 14 19 2 4 1 23 3 2 20 9 20 4 0 7 3 14 15 0 15
4 3 5 3 10 0 24 9 26 0 5 3 23 15 6 8 8 0 17 6 1 7 1 7 2 39 16 12 9 2 0 1 2 15 2 7 15 0 13 12 4 4 9 0 12 15 2 10 11 13
11 8 7 1 9 7 11 2 12 3 11 3 0 1 27 1 5 18 11 25 11 3 5 20 7 0 13 8 3 8 1 4 0 12 17 2 8 21 1 23 27 11 1 13 2 5 16 8 1 6
0 0 0 1 0 0 0 0 0 1 0 0 1 0 0 0 0 1 0 1 0 0 0 0 1 0 0 0 1 0 0 4 0 0 0 0 0 0 0 0 0 0 1 0 0 0 0 1 1 0
0 9 0 0 0 0 0 3 1 0 0 0 0 0 1 0 0 0 0 1 0 0 0 0 2 0 0 1 0 0 0 0 4 0 0 0 0 0 0 4 0 0 2 0 0 0 0 0 1 1
0 1 0 0 1 1 0 0 12 0 1 1 0 0 1 1 3 0 0 0 0 0 1 2 0 0 1 2 1 0 4 0 0 1 0 4 0 0 0 0 0 1 0 0 0 0 1 0 1 0
48 5 2 4 0 4 16 13 4 5 0 6 19 0 5 8 32 18 5 4 12 6 21 4 2 4 8 12 4 0 22 3 9 19 12 14 1 13 8 17 21 10 18 4 0 24 16 0 1 5
0 0 0 0 0 0 0 2 0 0 0 3 0 0 0 1 0 1 0 1 0 1 0 0 0 0 0 0 0 0 0 0 0 1 0 0 0 0 0 1 0 0 1 0 0 2 0 0 0 0
4 5 1 1 2 0 0 0 12 2 2 1 9 4 2 0 10 3 7 5 10 10 2 0 2 0 12 11 5 0 2 2 8 6 7 3 9 6 3 5 3 0 0 0 1 1 7 11 9 1
0 0 0 0 0 1 0 0 0 0 2 0 0 0 0 0 0 1 0 0 0 2 1 0 0 0 0 0 0 0 0 0 0 0 9 0 0 1 1 0 0 0 0 0 0 0 0 0 0 0
4 4 0 3 3 0 1 1 2 1 2 1 9 1 7 7 0 0 0 4 3 4 11 10 0 1 8 0 4 2 0 9 3 0 9 1 1 3 1 4 1 0 0 11 4 1 1 3 15 1
2 5 3 0 6 26 1 10 6 9 5 0 16 5 1 12 22 0 2 3 10 0 13 28 11 1 22 18 6 8 3 3 2 5 4 6 2 8 2 5 2 4 2 6 2 14 18 1 0 0
0 0 0 2 0 2 0 0 0 0 0 0 0 0 1 2 0 2 0 1 0 0 3 0 0 2 0 0 0 0 0 0 0 0 1 3 1 1 1 0 0 1 1 1 0 0 0 0 2 1
2 5 3 0 8 17 6 5 0 25 8 11 2 4 3 7 3 6 10 7 0 0 0 5 3 0 5 5 4 0 0 1 1 8 15 9 26 8 0 1 0 0 13 0 20 25 2 1 2 6
9 9 0 2 3 3 4 0 2 0 1 10 0 2 0 1 1 7 0 6 19 0 4 9 2 0 10 7 0 2 0 0 6 1 0 4 2 4 3 0 12 13 13 4 1 31 2 4 4 2
0 0 0 1 1 0 0 1 0 2 0 1 0 0 0 0 1 1 0 0 0 0 1 1 0 1 0 1 0 1 0 3 0 0 0 2 0 1 1 0 0 0 0 0 0 1 1 0 0 1
6 14 0 2 1 5 9 2 3 1 3 0 10 13 8 14 1 16 0 1 13 2 15 1 11 7 7 3 3 5 0 2 0 3 14 0 13 1 6 15 14 8 3 5 4 27 18 3 48 3
1 0 4 4 0 0 0 0 0 0 3 0 1 8 0 4 1 20 0 0 0 2 2 0 0 0 2 3 4 8 4 5 7 8 0 8 1 1 0 0 0 0 20 8 7 1 0 8 0 1
0 0 2 0 0 1 0 0 1 0 1 1 0 0 0 1 0 9 0 0 2 0 0 0 1 0 0 0 4 1 0 0 0 0 0 0 0 0 0 0 0 0 0 1 0 0 0 2 0 0
11 15 2 29 5 4 16 17 6 1 1 5 3 0 0 25 7 4 6 15 3 4 3 32 5 7 0 18 3 3 2 4 3 11 9 4 7 7 12 9 17 0 4 6 1 18 7 5 0 3
0 1 1 0 0 0 1 1 0 0 0 3 0 0 0 0 0 0 0 0 0 0 0 6 1 0 0 0 0 1 0 0 0 0 1 0 1 0 0 0 0 1 0 0 0 1 0 1 0 2
4 4 0 6 7 5 14 1 11 2 0 11 3 0 28 6 6 16 1 0 8 1 0 7 0 1 12 0 1 1 5 3 0 8 5 1 0 16 7 4 1 10 3 14 0 2 0 2 0 0
6 16 4 4 3 1 3 1 4 6 1 4 7 3 5 9 2 20 14 0 17 18 7 4 8 8 6 0 10 19 1 2 0 8 6 9 18 1 5 5 8 4 2 8 2 2 1 4 8 1
0 9 6 3 0 9 2 14 8 7 7 9 4 4 12 0 12 6 6 3 11 11 2 5 13 2 0 4 10 7 6 10 0 6 13 9 4 2 7 8 2 13 19 1 11 4 8 2 6 8
3 9 1 4 0 4 10 1 2 10 2 4 9 8 4 2 1 13 1 4 7 4 0 4 7 3 7 9 6 1 2 5 0 4 4 5 4 3 1 5 9 16 4 9 0 3 12 11 3 3
1 0 4 4 4 4 0 11 4 0 1 1 2 3 4 11 0 0 2 7 5 1 11 0 4 0 12 3 2 3 12 12 4 4 5 6 6 6 0 0 7 1 0 6 0 15 7 4 9 0
0 5 8 4 1 3 8 7 1 8 5 2 6 4 27 3 0 1 19 2 15 9 8 0 1 4 10 14 2 7 13 0 3 24 17 9 0 0 2 1 1 30 2 3 3 22 7 1 5 5
13 2 3 14 5 3 5 12 2 1 15 0 14 3 2 2 32 2 1 12 19 12 2 2 3 41 23 5 13 3 25 4 1 1 2 10 3 2 15 1 12 0 15 7 14 8 2 6 4 7
0 0 0 0 1 0 2 0 1 2 2 0 0 1 1 0 1 0 1 0 0 0 1 0 0 0 0 0 1 1 1 2 0 0 2 0 0 0 1 1 0 0 0 0 0 3 0 0 2 0
1 0 0 0 0 2 0 0 0 0 0 0 1 0 0 0 0 0 1 0 0 0 0 0 0 1 0 0 0 1 0 0 0 3 0 0 0 0 2 0 0 1 1 0 1 0 1 1 2 0
0 0 0 0 1 1 1 0 0 0 0 0 0 0 1 0 1 1 0 0 0 0 1 1 1 0 2 0 0 0 0 0 3 2 1 0 0 0 0 0 0 1 1 0 1 0 0 0 3 0
2 0 3 1 1 0 0 1 1 1 0 1 0 0 0 0 0 0 1 0 0 7 1 0 0 0 0 1 0 0 0 4 0 1 0 0 0 0 1 1 2 0 1 1 0 0 0 0 1 0
1 2 10 12 11 10 0 3 0 0 3 4 7 14 3 4 4 3 3 2 7 3 1 8 2 5 0 2 0 2 3 2 0 6 4 22 4 7 9 6 4 6 9 1 3 0 0 5 2 18
1 0 0 0 0 0 0 1 6 0 1 0 3 0 1 0 1 0 5 0 0 1 0 1 1 0 0 0 0 0 0 3 2 0 0 1 0 0 0 4 0 2 0 2 0 0 1 0 1 0
2 3 3 12 10 25 2 5 1 1 0 2 3 9 1 0 4 6 1 22 1 6 1 9 1 10 0 0 2 0 2 0 1 3 8 6 12 4 0 12 0 31 0 0 7 3 9 37 5 8
0 0 0 0 0 0 0 0 0 0 0 1 1 0 1 0 0 1 0 0 0 0 0 1 0 0 0 1 1 0 1 4 1 0 0 0 1 1 0 0 0 0 0 0 3 0 0 0 1 0
2 2 11 12 1 5 0 1 0 3 2 5 0 0 2 2 12 5 1 0 10 1 8 1 0 0 10 0 1 6 7 5 1 0 0 7 2 0 0 0 2 2 5 2 3 1 15 2 2 5
2 5 5 1 2 5 2 10 3 2 3 2 5 0 3 0 0 0 5 7 9 9 4 2 1 1 8 9 8 2 20 23 19 11 2 6 1 1 1 2 2 3 1 5 4 3 1 4 5 5
0 0 2 0 0 0 0 2 0 1 0 1 0 1 0 0 0 0 6 1 0 0 1 0 0 0 0 0 1 1 0 1 3 0 0 2 0 1 1 1 0 1 0 0 1 0 3 0 1 3
0 4 12 4 0 1 6 5 0 1 0 6 2 3 16 13 2 4 0 8 0 1 0 4 1 1 4 0 2 5 4 15 2 0 10 5 1 13 5 0 1 5 7 4 1 8 6 1 0 6
0 3 0 0 1 0 0 0 0 0 0 0 0 0 12 0 0 0 1 0 0 0 0 0 0 1 0 0 0 0 0 0 0 1 2 0 0 0 0 1 0 0 0 1 0 2 1 2 1 1
1 0 0 0 0 0 0 0 0 5 1 0 0 2 0 0 0 0 0 0 0 0 0 0 3 1 0 1 2 0 0 0 0 1 0 0 0 0 1 1 1 0 0 0 0 1 2 0 0 2
0 0 0 0 0 1 0 2 0 0 1 0 0 2 0 0 1 1 0 0 1 0 0 0 0 0 1 5 0 0 0 0 0 0 1 0 0 0 0 0 0 0 1 0 1 0 0 1 0 0
4 6 4 0 1 14 3 3 1 2 1 3 7 36 3 2 1 8 2 1 8 0 4 14 6 15 10 3 2 2 4 0 7 4 8 1 2 2 3 9 9 7 11 0 6 3 4 8 7 4
2 24 2 8 7 3 10 4 7 3 2 1 6 1 4 0 8 7 10 15 9 9 12 10 11 0 4 10 2 11 0 1 7 2 0 0 6 17 1 1 0 1 6 19 1 12 2 15 6 4
10 10 6 1 3 5 0 8 7 0 2 0 4 1 7 1 4 1 0 1 2 2 6 0 3 0 11 5 4 3 1 5 3 2 8 1 5 2 0 0 0 6 3 2 0 2 2 1 2 2
8 24 1 5 3 5 4 6 0 0 10 7 3 1 1 0 9 4 16 4 3 7 16 1 3 2 1 2 7 0 0 3 6 22 12 0 12 0 14 0 4 31 18 1 1 5 11 4 7 0
0 9 21 23 4 8 1 19 20 12 3 4 1 2 48 2 1 1 8 2 1 2 11 8 12 3 3 12 11 1 2 1 5 9 21 2 21 7 1 2 2 1 19 5 3 19 2 10 1 31
5 0 0 0 2 2 7 0 0 0 0 1 0 0 5 1 0 0 1 3 0 0 0 1 0 1 0 0 0 0 0 0 0 0 0 0 0 5 0 2 4 1 1 0 0 10 14 1 1 0
9 8 0 19 1 25 20 0 8 2 8 6 3 3 11 3 7 9 20 21 24 0 0 10 1 16 4 5 3 3 0 29 3 3 63 9 5 13 0 26 1 3 10 2 7 0 6 19 4 1
0 0 1 0 0 0 0 0 0 1 0 0 0 3 2 0 0 1 3 0 0 1 1 0 0 1 0 1 0 0 0 0 0 0 0 0 0 1 1 2 0 1 1 1 4 1 0 1 1 0
11 13 1 5 2 0 5 19 31 0 6 1 1 24 7 4 0 2 16 29 8 4 26 4 4 16 2 5 47 8 0 18 4 2 22 13 6 3 1 4 3 3 9 3 7 9 0 9 11 1
0 0 0 0 0 0 0 0 0 0 2 0 1 0 1 0 0 0 0 0 0 0 2 2 0 0 0 1 0 1 1 0 1 0 0 0 0 0 0 0 2 1 0 1 0 0 0 10 0 1
1 12 5 1 5 1 6 6 4 14 7 2 1 2 30 7 9 3 2 1 8 1 10 0 10 1 1 0 1 6 3 13 10 4 5 3 3 5 0 0 0 3 23 0 23 37 1 0 6 2
3 3 2 0 0 4 0 4 5 16 6 0 1 3 5 1 2 4 2 2 8 9 2 21 2 14 7 4 13 10 7 1 0 1 2 2 5 2 5 1 27 1 5 10 1 17 1 6 0 0
0 0 0 0 0 12 12 0 5 4 7 6 7 6 24 11 4 0 1 1 4 4 1 10 3 3 4 0 3 9 2 2 3 1 2 3 8 0 20 7 0 6 2 0 0 3 1 5 13 4
12 7 15 11 7 5 4 8 1 5 0 11 32 0 8 3 3 7 18 2 10 28 7 0 30 10 1 5 3 4 10 14 9 15 3 31 1 4 2 6 5 0 0 1 12 19 0 0 13 2
1 13 3 0 1 3 5 0 3 4 1 5 4 0 8 3 14 1 3 2 4 13 6 1 0 4 2 2 6 0 0 0 6 2 2 7 5 4 10 8 0 0 5 2 4 0 5 2 10 5
6 28 1 1 9 2 3 8 2 49 9 16 11 5 8 18 9 20 4 26 20 5 27 6 8 8 11 6 26 15 0 1 4 4 7 8 0 9 2 5 19 12 0 37 3 7 4 32 0 15
0 0 0 0 0 0 0 0 0 1 0 0 0 0 0 0 0 3 0 0 0 0 1 0 2 1 0 1 3 1 0 0 0 3 0 0 0 0 1 0 1 0 0 0 0 2 1 1 0 0
9 4 0 19 4 3 0 27 4 3 10 5 4 10 2 3 8 11 16 10 1 16 1 16 6 4 3 15 2 3 2 9 3 1 1 6 5 36 27 10 1 7 4 35 11 0 23 8 3 7
6 9 3 24 0 4 10 6 1 6 9 3 1 3 1 17 35 0 1 5 5 8 12 14 3 17 1 1 9 4 13 1 16 1 7 12 9 1 0 8 3 3 0 0 2 8 8 10 17 3
16 5 1 2 3 1 5 11 1 9 0 2 10 11 3 4 5 2 4 1 17 5 0 2 5 4 1 3 5 0 6 2 0 3 0 0 11 1 0 14 0 6 6 0 6 5 5 3 5 1
3 0 0 5 5 1 14 18 0 4 10 5 0 1 3 12 0 4 1 1 3 0 7 5 0 3 5 2 2 0 13 0 5 1 3 2 9 5 3 0 2 4 0 9 11 5 1 0 1 8
