0 9 3 2 2 4 0 2 4 4 0 5 0 5 1 3 2 1 2 0 0 2 0 3 3 4 2 1 1 0 1 2 7 8 5 2 9 0 1 3 1 7 10 5 1 11 0 0 24 1
11 6 4 8 0 0 0 10 0 2 2 1 8 3 4 4 2 1 5 1 7 5 9 0 0 9 4 3 0 0 15 9 2 5 3 2 3 6 4 20 1 14 0 0 24 6 5 3 4 15
9 3 5 14 4 3 9 13 4 2 8 0 3 37 7 7 7 5 31 3 11 1 4 16 11 3 6 5 5 5 8 0 9 0 17 3 0 10 1 5 13 0 55 0 1 0 4 1 21 7
0 1 0 0 0 0 0 0 1 0 0 7 0 1 0 6 0 0 0 0 0 3 0 0 5 1 0 0 0 0 0 0 0 0 0 0 1 7 0 11 0 1 0 3 1 0 0 0 5 1
1 0 1 0 0 0 1 0 0 0 1 0 1 0 0 0 0 1 0 0 0 0 1 1 4 0 0 2 0 0 0 0 0 0 0 0 1 1 1 0 0 0 0 0 0 1 1 0 2 0
0 0 3 3 0 0 0 0 0 0 3 1 0 3 1 0 1 2 0 0 0 1 1 0 0 1 2 2 2 0 0 0 1 0 0 0 0 0 1 0 0 0 0 1 0 0 0 0 0 0
0 12 4 1 0 3 1 13 0 1 7 2 4 0 7 4 1 1 3 1 18 20 1 7 14 0 3 4 5 4 1 12 10 0 2 5 1 4 3 1 2 3 10 5 2 9 0 2 0 9
6 11 0 5 5 6 0 2 6 5 6 4 4 3 6 3 6 1 2 0 2 7 2 1 0 0 8 6 7 26 12 0 2 5 8 0 1 0 3 6 4 6 7 0 9 0 7 2 9 1
6 26 9 27 2 7 2 20 9 3 0 2 1 6 13 14 3 9 4 6 2 5 11 5 2 4 11 1 1 6 1 13 4 1 2 32 3 15 3 12 3 3 3 2 10 23 4 1 5 8
16 20 10 1 0 2 26 5 3 9 30 5 14 1 9 13 5 19 4 0 10 4 5 8 18 5 1 0 0 0 17 29 0 2 37 1 4 7 2 13 5 0 10 15 30 5 2 0 5 2
0 0 0 0 0 0 10 0 0 1 0 0 0 2 1 1 0 0 0 1 0 0 0 0 0 0 0 1 0 7 0 0 0 1 0 0 0 0 2 1 3 0 2 2 0 0 0 0 0 1
10 10 3 0 31 11 4 32 3 6 20 10 5 6 5 2 0 8 31 7 3 7 4 12 13 1 5 2 4 8 0 1 2 13 4 22 1 28 7 9 1 13 10 5 11 1 5 4 1 11
17 0 12 2 4 0 1 0 4 15 4 5 5 1 13 2 0 21 23 2 20 20 21 7 12 4 26 0 0 6 2 2 2 6 4 14 2 29 1 2 10 10 0 3 2 3 3 29 4 5
8 1 14 1 4 2 3 1 1 3 1 11 3 1 4 4 3 1 1 0 0 0 9 0 0 11 2 3 7 7 1 3 9 0 6 0 2 1 1 7 3 2 0 5 14 0 4 3 7 1
0 0 9 5 6 0 1 0 11 3 2 8 1 1 4 2 9 2 2 9 6 5 0 1 7 0 10 9 1 1 0 0 0 2 3 0 5 1 0 0 6 3 1 1 1 0 1 1 6 1
0 1 3 0 0 1 0 0 0 0 0 5 1 0 2 0 2 0 1 0 0 0 0 2 0 0 0 0 6 1 0 1 1 0 0 1 5 0 0 0 0 1 0 0 0 0 0 2 1 0
2 1 0 1 0 3 14 3 12 3 16 1 3 6 0 0 0 15 8 6 0 7 0 32 0 1 0 2 10 2 2 5 2 9 18 10 3 4 10 6 7 3 0 8 5 12 0 3 26 13
0 0 0 0 1 0 0 0 0 0 1 1 2 0 1 2 0 0 1 0 0 1 1 1 0 0 0 0 0 1 0 0 0 7 1 0 1 0 2 0 0 1 8 0 0 0 0 0 1 1
1 1 0 0 1 1 0 0 1 0 0 0 0 0 0 0 0 1 0 1 1 0 0 0 2 0 0 1 0 0 1 3 1 2 0 0 2 0 0 0 0 0 0 0 1 1 0 0 2 0
0 0 2 1 1 1 2 5 0 12 3 2 0 0 0 2 0 1 0 3 2 10 0 0 8 6 0 0 4 6 12 0 0 0 1 4 2 2 1 0 14 1 0 13 0 4 0 7 5 11
20 4 2 11 0 10 3 0 1 11 14 5 2 3 5 8 1 14 9 13 7 2 27 1 3 2 0 33 0 6 1 2 10 0 1 2 0 5 4 4 5 3 4 9 7 10 8 4 13 4
4 10 25 5 32 9 6 2 48 3 6 6 2 0 2 1 4 3 1 0 9 5 0 1 2 2 27 12 9 11 4 6 0 2 0 1 11 6 1 0 0 35 0 6 0 1 23 0 1 16
0 1 0 0 1 0 0 2 0 0 0 0 1 0 0 0 0 0 0 0 0 0 0 0 1 0 0 2 1 2 0 1 1 0 0 1 0 0 2 0 0 0 0 0 0 0 0 0 1 0
1 11 13 0 0 22 7 1 10 0 15 1 0 4 8 1 4 6 6 2 0 7 7 1 2 0 2 9 2 1 2 2 1 1 4 4 2 3 11 2 4 2 2 2 5 5 9 14 4 0
0 2 0 1 0 0 0 0 0 0 2 1 0 18 0 0 2 0 0 0 1 1 0 0 0 1 0 0 0 0 2 0 1 0 2 0 0 0 0 0 0 0 1 1 0 0 1 0 0 0
0 0 0 0 2 1 0 0 0 0 1 0 0 2 0 1 1 1 0 0 0 2 15 1 0 1 1 0 1 3 0 1 0 0 0 0 0 0 2 2 1 0 1 1 0 0 1 1 0 0
20 28 5 4 21 9 0 1 4 3 2 0 6 21 1 18 3 12 0 1 1 3 8 10 0 6 1 0 13 2 5 4 0 3 7 10 5 2 10 2 0 3 11 16 4 5 28 0 3 7
1 0 0 0 1 0 1 0 1 0 0 1 1 2 0 0 0 1 0 0 0 2 0 0 0 0 1 0 0 0 0 2 0 1 2 0 0 0 0 0 0 0 0 2 0 0 0 0 2 0
11 1 5 1 3 6 0 7 14 8 22 1 0 1 6 3 4 6 2 0 1 1 3 3 0 1 7 0 2 3 9 2 1 12 7 5 2 3 6 21 14 2 6 8 6 2 0 1 9 0
0 3 4 6 3 7 0 5 15 10 21 10 2 22 3 21 8 4 3 7 16 24 2 10 2 1 15 14 12 5 5 7 15 0 9 18 4 0 6 6 1 3 7 5 2 0 2 2 8 17
41 1 12 8 5 3 12 9 21 6 3 0 7 2 1 1 0 5 0 18 16 10 9 4 5 21 23 18 1 2 6 5 4 2 14 11 5 7 0 10 3 9 1 9 9 14 12 16 17 3
2 0 2 0 1 0 1 12 0 1 1 1 1 3 0 2 0 0 0 0 0 8 0 0 0 4 1 0 0 0 2 0 18 0 0 2 6 9 0 0 0 4 0 6 1 0 1 1 6 9
6 0 0 5 4 3 2 7 6 2 8 5 6 13 1 1 0 1 12 3 2 0 0 0 2 1 0 0 11 0 0 4 1 4 6 5 0 1 4 5 8 1 4 14 2 13 3 1 3 3
0 1 7 0 10 8 12 5 2 6 0 0 3 22 0 0 4 3 4 1 2 1 4 1 16 1 8 15 1 3 34 4 7 5 12 5 0 5 2 1 12 15 1 1 7 0 1 8 1 2
2 0 1 3 0 2 0 2 0 8 1 1 0 4 0 3 0 2 0 10 0 1 0 0 0 0 0 0 0 0 0 0 0 0 0 2 1 2 1 2 8 0 1 0 0 12 2 0 0 0
12 1 1 0 3 2 7 3 1 0 7 9 6 2 2 2 12 6 6 6 6 0 2 6 1 1 8 1 0 14 7 7 2 8 0 7 1 4 5 4 2 7 10 1 0 5 2 1 4 6
0 1 0 1 0 0 1 3 1 0 0 0 1 0 0 0 0 12 0 0 0 0 1 2 0 0 0 0 0 0 0 0 0 1 0 7 0 0 0 0 0 0 0 1 0 1 0 1 0 0
10 5 1 13 0 0 2 0 7 27 10 5 11 3 0 4 6 16 4 11 2 15 4 9 9 2 3 20 3 5 10 4 4 8 18 23 2 9 0 1 19 8 9 1 1 29 15 20 3 12
1 0 0 15 2 15 1 10 6 7 8 45 0 7 4 10 9 0 1 5 24 1 0 8 2 36 19 2 23 33 7 4 4 1 3 20 14 5 2 7 3 5 13 9 12 11 8 28 1 23
35 3 1 0 10 2 17 1 4 9 19 2 0 3 7 8 8 1 3 17 8 1 0 1 19 11 6 1 12 4 1 0 0 15 4 4 6 15 4 11 9 21 63 6 11 0 6 7 3 0
7 9 3 1 7 4 0 1 13 1 3 0 6 8 2 9 0 3 8 8 18 2 3 2 1 5 0 1 1 9 0 1 0 1 6 1 2 5 5 2 5 9 3 2 1 2 0 1 6 7
2 2 0 0 5 5 1 3 1 0 0 3 9 5 3 1 3 25 4 7 2 3 1 8 2 6 2 11 1 4 8 8 5 1 0 4 9 2 10 4 13 4 4 2 7 7 23 9 1 0
18 1 28 2 2 1 9 2 2 11 0 11 3 1 1 3 11 19 2 2 6 2 9 2 10 3 25 3 3 21 10 1 8 14 9 2 19 3 0 4 1 6 10 6 4 18 7 4 1 1
9 6 5 3 1 5 0 16 1 3 20 0 2 1 3 2 2 3 1 5 9 0 1 0 0 2 6 8 16 3 7 0 4 2 1 4 0 4 6 6 0 11 7 1 4 14 1 1 3 1
5 16 2 2 0 0 8 9 16 1 0 6 3 3 7 20 7 5 0 3 7 6 8 4 2 7 15 3 10 15 1 8 4 15 7 10 5 0 4 16 5 11 14 0 1 0 5 14 11 0
10 1 1 2 2 9 7 1 6 12 23 4 0 1 2 1 3 1 9 3 13 5 5 3 0 0 0 10 0 18 1 6 8 1 10 1 0 1 3 8 10 2 6 0 3 8 0 1 4 1
2 9 0 0 3 1 1 2 0 5 5 4 11 9 2 4 0 1 0 6 3 0 6 0 9 6 5 5 2 7 3 1 0 6 8 2 11 16 8 0 3 0 2 0 6 8 0 11 2 9
0 10 4 7 3 2 0 1 0 3 6 23 0 2 2 6 22 14 1 2 3 3 13 1 13 7 0 4 0 0 5 3 0 3 5 8 3 0 1 1 0 7 4 6 0 0 4 4 5 14
3 4 0 0 8 6 13 4 0 9 2 6 16 5 3 59 2 29 27 0 9 23 12 10 0 2 3 4 0 1 13 2 14 15 3 14 15 14 4 2 5 8 3 3 3 9 6 28 16 9
2 0 7 5 0 0 1 2 0 3 4 13 3 7 23 0 7 3 9 2 4 0 4 17 1 2 0 2 5 3 7 2 1 1 6 4 4 0 7 2 11 1 3 0 1 7 8 13 0 7
0 0 0 0 0 0 0 1 0 7 1 0 0 0 2 0 0 0 0 0 0 1 0 1 0 1 0 2 0 0 0 1 1 0 0 0 2 0 0 0 0 0 0 0 0 2 0 1 1 0
1 4 4 9 0 4 6 7 0 0 7 1 0 9 2 0 0 4 1 2 0 14 0 0 10 4 6 3 2 2 0 4 2 3 3 17 2 0 2 1 0 0 1 17 3 6 12 1 2 0
2 8 3 5 3 4 1 0 1 5 0 4 1 0 5 12 0 3 0 2 5 3 14 2 1 11 8 3 2 2 1 4 14 0 3 10 2 5 6 0 4 6 1 1 5 1 45 6 0 3
3 5 16 16 23 35 0 2 5 16 2 2 2 9 13 0 7 3 2 3 15 11 21 14 11 0 0 9 4 8 4 10 19 35 4 22 7 4 6 8 1 2 4 1 1 2 4 3 27 0
1 0 3 0 0 1 0 0 0 0 0 0 4 0 0 0 0 0 0 2 2 1 0 0 0 0 0 1 2 0 0 0 0 0 0 0 1 0 0 0 10 0 0 1 0 1 0 0 1 2
4 16 18 2 5 16 0 46 3 4 2 2 17 4 20 27 22 2 16 3 4 18 36 0 6 5 10 6 16 9 18 1 10 2 6 8 7 4 42 0 9 4 17 11 11 0 3 38 11 1
17 4 8 7 6 3 3 43 0 5 4 0 7 4 3 20 0 8 0 17 3 1 1 6 4 3 24 4 0 15 0 26 5 18 1 25 27 0 0 0 0 22 1 1 9 0 0 1 20 5
25 9 2 0 8 8 3 17 1 21 7 16 3 4 5 1 4 13 19 4 4 2 12 2 1 0 0 22 16 0 7 0 0 6 4 12 8 1 6 13 0 13 2 0 1 4 2 2 20 6
0 0 1 0 0 1 0 1 5 13 0 1 1 1 2 8 1 4 0 0 2 7 1 0 1 8 5 1 0 0 17 0 0 0 0 0 1 2 0 16 6 7 1 8 0 5 0 0 3 0
0 0 0 0 0 1 0 0 0 0 0 0 0 0 0 1 0 0 0 0 1 0 1 1 0 0 0 0 0 0 0 0 0 2 0 0 0 0 1 0 0 1 5 1 0 2 0 0 0 6
17 0 9 6 1 9 30 1 10 17 2 39 8 4 7 10 9 18 39 2 4 9 4 5 9 31 1 4 18 38 21 13 3 2 13 3 5 4 0 0 1 2 3 6 20 13 8 5 0 13
6 1 5 4 0 4 1 3 8 6 1 2 15 9 0 10 0 8 5 1 6 2 8 11 0 3 6 0 8 4 2 2 8 2 3 1 4 3 7 5 0 1 2 1 5 11 4 1 0 2
2 6 17 31 5 4 5 8 15 2 11 4 0 12 27 0 1 13 16 6 34 0 1 0 13 7 1 15 3 5 3 22 10 6 18 4 7 19 11 42 1 8 16 0 3 3 1 9 2 3
4 13 6 7 3 5 1 7 12 0 1 11 1 0 5 9 2 1 7 3 11 0 5 4 2 1 0 4 5 9 0 0 2 0 3 3 0 1 5 2 8 11 1 0 6 2 0 0 4 1
0 9 0 0 7 4 5 5 2 2 11 0 6 8 1 2 1 1 1 4 15 4 0 0 3 20 0 0 2 5 2 5 3 0 0 5 24 4 5 5 2 7 4 1 1 1 7 3 1 3
0 0 0 0 0 0 1 1 1 0 0 1 0 0 0 0 2 1 0 0 0 0 0 0 9 0 2 0 0 0 0 1 0 0 0 0 1 0 0 0 0 6 0 3 0 0 0 0 0 0
1 2 10 3 7 0 4 10 1 20 1 1 26 16 9 8 7 12 6 3 2 0 0 13 1 7 15 8 4 10 6 1 8 3 10 1 7 3 17 24 0 13 5 3 46 0 0 6 3 1
4 6 2 6 1 1 0 12 1 4 2 2 2 5 1 0 4 9 7 5 1 1 0 9 3 0 8 3 0 1 0 7 1 3 2 1 2 3 3 4 0 0 3 0 3 3 4 0 1 3
1 4 12 6 16 0 4 2 5 1 9 4 5 4 8 3 3 21 8 0 0 10 19 12 8 1 8 5 3 8 4 3 6 2 5 4 8 8 4 1 0 15 9 3 4 4 6 0 10 1
12 0 1 1 5 2 1 5 9 17 6 6 10 2 10 1 7 0 2 7 4 9 4 3 1 1 5 4 1 1 8 5 2 2 2 10 10 0 5 2 5 0 1 0 0 13 2 6 2 2
8 0 2 2 0 19 3 4 8 10 0 3 11 23 8 0 6 1 3 0 5 6 1 3 0 7 0 0 13 7 0 3 11 3 16 5 6 6 3 12 28 0 17 6 2 2 8 5 21 2
3 15 1 7 2 0 20 15 4 5 12 22 0 3 4 0 1 2 1 7 7 2 14 3 9 1 2 6 24 0 16 1 3 10 53 7 0 5 13 21 0 2 7 1 0 9 1 5 6 24
2 0 7 1 10 7 7 1 0 8 9 1 3 11 1 0 1 2 4 5 2 1 6 11 0 11 0 5 7 13 2 2 0 5 5 5 1 3 0 2 0 1 0 6 4 3 1 2 5 3
0 9 4 31 0 1 7 6 1 2 0 5 3 8 1 4 2 6 8 1 3 3 0 11 4 1 0 3 10 2 7 2 13 9 1 0 2 4 10 1 8 6 3 3 2 0 6 2 2 6
0 0 0 1 0 0 0 0 0 1 0 0 1 0 0 0 0 0 3 1 0 0 0 0 1 0 1 0 0 2 1 1 0 0 1 0 0 0 1 0 0 0 0 0 0 0 1 0 0 1
0 0 0 0 0 0 1 1 0 0 2 0 0 9 2 0 0 2 0 2 8 1 2 0 0 1 0 0 0 0 0 1 0 0 0 0 2 1 0 0 0 0 0 0 0 0 0 1 1 0
17 18 9 4 1 10 8 18 0 4 5 13 19 5 15 49 1 2 4 11 8 11 1 17 2 0 1 9 8 2 11 2 5 2 29 7 2 3 8 3 2 11 12 9 3 8 3 11 2 6
2 6 3 6 22 24 10 4 6 2 11 15 4 6 5 6 5 1 15 2 0 3 5 0 31 1 3 5 9 0 0 0 2 3 0 4 1 4 5 35 37 3 9 1 0 5 1 4 6 12
2 2 0 1 14 10 19 0 19 2 3 4 8 0 1 8 13 3 27 1 1 3 17 5 6 1 17 2 23 1 2 5 4 3 5 24 3 3 2 3 10 7 18 6 5 0 0 8 15 0
1 7 0 0 1 1 2 3 8 7 2 2 0 1 0 5 1 9 0 6 1 1 8 0 20 0 0 16 13 9 0 0 2 4 1 1 5 1 0 4 19 7 5 7 0 21 2 2 6 1
1 0 0 2 0 0 0 0 1 0 0 0 0 0 1 1 0 0 0 4 0 0 1 0 0 7 1 0 0 0 1 0 0 1 0 0 0 0 0 0 5 0 1 1 1 3 0 0 1 0
2 8 5 4 3 1 5 4 0 0 1 3 4 5 0 1 2 3 13 0 2 12 0 11 8 1 2 8 5 2 21 12 0 5 0 5 4 3 3 1 1 7 1 1 7 0 3 0 17 6
0 1 1 0 11 0 0 0 0 0 2 1 2 1 2 2 0 0 0 0 0 0 4 6 0 0 0 1 0 0 1 0 0 10 2 0 0 0 2 0 0 0 0 0 0 0 5 0 0 0
0 0 0 0 14 0 1 4 2 4 5 3 2 0 1 2 3 2 4 18 0 3 3 5 11 11 7 2 2 9 0 0 0 3 8 1 3 0 0 2 0 0 5 4 1 3 9 5 4 1
0 0 2 0 8 0 1 0 2 0 0 0 0 0 0 0 0 2 1 0 1 1 1 1 0 2 0 4 0 0 0 1 0 0 0 1 0 0 0 0 0 0 0 0 0 1 0 0 0 1
7 5 16 11 0 23 0 14 3 7 2 1 12 1 3 8 0 21 22 2 6 15 3 2 7 2 4 14 0 3 0 7 9 27 11 5 1 7 10 8 16 2 7 12 3 5 1 0 1 1
0 0 0 1 1 0 0 2 0 0 1 5 0 1 0 0 2 0 0 0 0 0 1 4 2 0 0 0 0 0 1 0 0 0 0 0 0 0 0 0 1 0 0 0 0 0 0 0 0 2
0 1 5 0 1 0 1 1 0 0 0 2 0 0 0 1 0 0 3 0 0 0 0 1 1 0 0 0 0 0 0 3 1 0 0 0 0 0 0 0 0 0 0 0 0 1 0 0 2 0
1 0 0 0 0 0 0 0 0 0 1 0 0 0 0 0 0 0 0 0 0 0 1 0 1 0 0 1 0 0 2 0 2 1 0 1 1 1 0 0 0 0 1 1 0 0 0 0 2 0
13 13 3 1 8 1 4 0 3 5 0 15 19 3 10 1 5 4 5 2 9 11 0 13 3 0 11 0 27 7 2 5 10 0 9 20 7 14 1 4 3 7 16 11 3 0 0 9 5 8
3 22 1 3 25 0 1 12 2 20 10 0 2 0 6 13 0 3 10 3 15 2 14 70 20 10 0 20 0 0 1 9 2 1 0 2 3 20 4 3 2 8 3 12 3 12 11 12 13 1
12 1 2 0 0 4 32 5 4 4 6 12 2 1 1 9 13 7 1 3 0 9 16 8 20 4 9 2 4 8 5 12 2 16 2 1 12 2 14 1 1 13 17 0 0 5 0 2 8 6
0 0 0 0 0 0 0 2 0 0 0 0 0 0 3 0 0 0 2 0 0 1 0 0 0 0 1 0 0 0 0 0 0 1 0 0 0 0 0 0 0 0 0 0 0 0 0 0 0 0
0 3 5 10 2 8 0 5 6 2 4 10 2 3 4 19 0 1 0 3 1 3 0 11 3 2 0 2 8 15 7 11 3 2 9 21 4 39 0 0 10 15 6 0 1 14 15 3 12 8
1 7 0 2 1 0 12 2 1 24 6 3 2 2 9 0 6 5 0 0 13 6 6 6 0 0 1 0 5 1 2 6 0 2 4 4 8 2 4 2 3 1 14 12 5 8 0 0 4 0
10 5 4 1 7 19 5 5 2 9 0 12 12 9 5 1 2 1 6 0 16 0 0 24 14 4 3 1 1 1 3 22 3 0 3 2 3 5 0 0 6 1 3 3 2 15 3 0 3 2
0 1 1 0 1 1 0 14 1 0 0 0 0 2 1 0 0 0 2 0 0 1 0 1 0 0 1 0 1 2 0 0 2 1 0 0 0 0 0 0 0 2 4 0 2 1 0 1 0 2
5 0 4 1 0 2 6 14 9 4 0 1 0 16 2 2 0 2 0 7 19 2 6 11 2 2 0 0 4 0 0 11 3 4 1 11 0 3 0 0 3 4 4 1 1 1 2 0 1 6
3 6 42 4 1 4 2 6 3 5 0 9 5 1 1 8 0 18 3 15 0 14 9 2 5 7 1 5 5 15 2 0 4 5 5 0 8 10 2 0 0 4 4 9 5 4 5 5 0 5
8 30 8 58 44 2 4 1 16 6 15 7 19 2 11 0 11 6 1 5 0 10 14 2 7 1 17 5 1 2 8 22 2 0 14 30 0 0 19 1 27 0 5 2 3 1 41 0 14 5
