879
773
928
628
723
503
908
513
947
704
763
749
570
740
755
910
886
789
598
676
542
568
612
698
870
708
564
504
535
719
832
795
675
515
834
975
619
616
712
783
679
865
883
528
996
541
509
888
988
824
566
582
736
614
684
989
814
967
642
752
736
713
772
603
793
532
891
857
914
757
993
912
654
548
930
854
630
871
732
810
626
900
803
726
580
958
799
599
739
660
674
977
539
641
742
571
794
632
676
907
553
837
889
824
587
899
596
808
933
577
759
787
558
622
540
992
908
916
959
838
730
981
968
978
623
575
815
510
875
845
519
841
862
602
677
819
700
637
518
617
695
876
954
955
769
531
861
772
553
577
523
841
593
634
774
879
761
629
540
791
663
614
557
692
802
867
646
667
748
560
673
589
562
650
833
850
653
618
812
691
620
545
900
554
520
506
804
514
811
784
620
992
573
601
917
844
550
647
831
649
520
800
567
905
851
579
711
726
817
848
858
550
982
606
758
583
974
657
652
996
894
725
724
574
873
921
850
921
728
953
596
890
606
948
563
750
952
957
901
916
785
902
705
950
593
530
839
501
983
843
771
827
909
846
855
915
897
556
770
543
925
940
895
561
718
502
770
818
755
508
980
883
796
911
922
678
943
887
756
526
922
744
901
525
745
929
800
539
898
976
516
607
624
894
527
531
711
576
947
853
722
513
627
896
852
677
958
867
538
969
687
951
946
643
709
896
970
668
635
877
911
820
547
809
631
640
830
594
752
790
537
758
924
857
644
759
662
686
537
826
555
931
518
707
816
683
729
906
569
709
733
875
951
965
856
611
552
844
507
715
950
920
536
982
734
756
829
814
666
630
928
790
748
878
978
588
972
702
546
869
801
656
524
716
578
604
717
825
658
836
661
637
797
674
647
600
829
720
684
936
589
743
690
683
545
608
949
615
754
562
687
985
885
801
933
805
923
945
776
673
517
583
904
588
584
866
610
779
823
846
799
561
827
681
672
968
860
904
651
941
585
780
789
757
926
738
613
667
639
837
775
991
880
602
806
511
825
927
836
813
821
636
994
847
721
536
878
600
765
601
985
822
722
688
597
932
534
685
544
747
693
749
802
572
990
651
979
608
669
959
549
568
735
840
919
701
935
787
902
966
635
658
730
852
716
962
575
654
661
822
929
761
573
828
842
744
530
874
775
979
778
771
884
994
889
983
696
862
838
778
842
740
785
980
638
656
882
858
868
507
991
708
819
704
823
707
642
853
554
797
525
848
937
779
806
718
570
964
657
820
851
731
925
832
719
591
965
715
876
936
605
938
831
622
511
694
522
638
769
835
559
961
672
939
713
592
746
599
613
751
727
541
960
849
734
847
508
574
565
880
660
655
712
764
877
973
818
751
777
595
989
995
872
864
888
816
745
728
659
590
815
625
807
581
918
529
619
634
949
782
735
962
913
670
821
942
828
952
839
835
700
855
696
591
584
699
975
559
762
639
780
943
680
905
723
670
733
675
516
892
604
941
727
521
725
729
505
791
897
502
931
512
768
768
500
937
984
652
914
580
519
971
521
682
805
586
621
930
650
703
710
626
969
944
940
957
890
681
953
522
998
885
653
762
988
767
939
938
645
784
760
616
923
585
781
509
774
514
750
609
629
510
668
954
690
579
528
859
720
972
572
813
621
986
945
742
974
581
741
721
569
881
506
546
567
993
786
529
532
794
817
665
743
679
544
605
597
812
706
563
586
632
685
990
542
501
863
788
767
664
810
859
869
682
624
524
533
641
934
917
845
669
973
557
763
594
686
731
710
872
834
871
551
809
739
886
598
649
697
868
840
633
515
935
907
865
970
956
689
590
587
753
631
977
882
971
503
849
512
830
987
798
648
782
689
944
783
617
932
795
538
640
659
560
753
870
548
551
625
891
636
603
737
899
856
924
863
915
643
760
664
595
976
861
741
884
618
571
873
786
948
781
680
697
963
578
893
692
534
582
766
754
535
777
987
808
610
612
526
984
558
961
776
607
963
737
893
701
665
986
633
864
576
997
765
671
627
698
934
663
564
792
946
887
860
746
874
843
527
623
703
792
648
798
691
903
706
555
609
695
910
523
615
804
694
764
504
644
892
666
909
942
565
793
505
903
919
906
918
826
898
688
645
693
833
807
964
966
927
533
662
655
714
566
732
714
995
705
628
811
998
517
913
-1
552
500
717
895
803
724
854
699
738
956
866
547
543
912
549
788
611
747
671
997
678
955
796
592
981
926
702
773
920
646
556
881
967
960
766
