762
502
508
540
715
540
851
886
948
503
509
882
925
777
534
732
557
625
546
683
677
512
590
695
556
946
636
984
911
525
829
650
757
574
568
908
904
940
731
706
822
825
902
633
975
757
950
555
704
671
687
768
564
701
889
682
831
758
754
533
746
529
928
761
863
681
872
503
914
571
782
645
842
994
521
937
787
635
784
897
775
918
798
750
783
642
951
741
929
758
909
790
664
858
648
669
622
936
764
501
667
536
771
945
705
628
818
544
749
876
960
568
686
817
715
666
739
589
735
799
932
833
581
680
885
693
820
558
713
873
945
792
974
685
787
730
539
671
900
861
982
571
647
548
859
500
676
558
939
964
846
665
853
601
550
594
611
696
569
947
728
980
745
500
751
765
681
504
972
762
782
619
538
651
923
734
691
961
572
523
618
630
685
811
898
907
708
688
709
680
962
981
738
589
869
943
604
920
631
922
904
547
659
895
717
592
711
655
986
985
923
858
801
869
784
629
949
726
718
877
765
519
662
689
769
621
971
538
620
662
786
780
719
927
656
672
772
744
986
736
697
792
865
815
570
702
874
507
579
596
927
908
881
791
816
559
823
607
554
692
549
676
905
830
891
604
640
643
613
699
723
959
580
926
686
569
810
518
894
626
561
618
724
873
910
612
919
587
582
756
963
506
688
613
961
590
593
585
574
609
857
870
846
794
778
509
760
641
991
553
614
910
862
598
806
679
566
551
829
915
543
856
592
516
710
535
639
913
673
653
926
505
834
954
973
856
648
969
840
632
997
848
852
867
572
546
663
930
851
502
591
501
847
942
839
657
819
879
797
944
555
720
616
595
796
956
821
532
619
652
882
753
727
608
866
935
940
990
820
934
627
976
742
967
815
748
610
827
803
865
928
971
800
646
980
625
992
617
779
684
941
830
621
514
707
759
893
741
510
678
809
884
997
919
987
773
855
942
534
673
966
804
826
868
925
793
734
937
515
524
521
935
880
530
907
938
714
593
588
808
888
723
605
603
650
903
718
722
711
929
767
812
600
979
995
507
737
526
675
550
630
677
953
857
763
888
836
729
879
612
863
644
698
845
853
654
624
522
599
577
770
795
672
622
670
835
807
877
883
537
606
684
575
955
871
814
549
850
670
837
835
906
819
525
634
998
513
655
979
659
918
763
600
552
736
825
895
983
581
974
899
818
586
950
804
729
743
705
841
752
566
791
930
601
594
516
522
578
886
867
695
789
854
658
984
903
871
528
733
573
703
511
932
953
811
934
716
973
724
607
978
638
658
518
693
911
645
627
837
742
936
931
699
537
831
505
864
559
844
790
924
615
917
702
861
841
994
623
778
519
563
969
586
947
588
987
992
700
720
864
539
560
776
642
531
560
611
747
643
913
582
797
878
565
876
794
529
880
530
751
951
826
981
520
843
712
838
690
726
960
777
786
547
759
814
646
834
916
785
617
775
952
823
774
905
575
795
683
623
637
668
652
526
898
745
875
875
756
887
956
576
828
799
920
774
878
557
941
827
687
713
901
909
653
949
850
760
696
781
721
728
632
661
977
591
735
640
921
532
706
896
768
719
766
781
554
844
580
620
511
776
584
663
598
716
793
892
976
533
551
682
753
817
675
602
712
553
595
545
988
933
668
773
674
749
808
587
991
963
564
528
915
891
665
840
870
769
766
767
833
609
952
902
626
860
517
709
512
584
567
872
710
701
639
996
562
579
938
660
628
535
738
563
730
892
523
806
755
714
565
583
900
785
704
585
810
661
544
802
957
725
983
890
977
641
968
602
536
944
838
912
515
855
796
746
958
899
772
916
506
606
893
624
570
708
616
520
692
667
847
852
906
962
996
998
567
689
901
975
513
948
649
504
946
965
562
914
783
542
514
739
679
896
890
561
596
889
967
750
631
779
789
725
541
958
985
747
754
545
813
885
666
922
801
517
970
633
770
605
802
541
809
989
939
924
599
717
849
957
610
703
510
849
989
993
707
669
887
614
954
743
917
805
862
805
691
874
798
583
995
654
577
637
894
527
656
638
603
578
664
842
508
721
839
771
737
812
732
884
943
921
832
988
912
788
978
993
727
848
964
556
744
748
634
860
524
674
845
897
698
651
740
933
690
678
859
700
660
816
990
722
828
657
573
635
866
733
629
543
883
761
647
972
807
959
966
531
552
542
800
982
615
824
752
755
597
636
822
965
576
821
644
824
970
697
868
955
597
843
548
608
780
803
-1
731
788
740
527
813
854
836
764
881
832
931
694
649
694
968
