539
634
650
542
764
743
727
771
656
787
710
508
630
998
610
601
848
918
655
692
949
933
866
521
845
515
934
591
519
826
548
624
540
790
683
599
708
972
547
951
806
848
742
759
544
602
912
855
665
530
967
931
578
576
661
586
749
836
982
614
983
500
822
803
678
795
629
576
879
776
623
720
543
785
574
900
985
860
618
503
807
844
505
729
824
616
959
880
697
653
990
863
534
928
872
897
884
546
686
668
838
763
889
615
984
503
778
555
646
817
573
566
640
790
966
744
858
693
524
901
817
625
799
975
541
850
635
769
890
903
945
873
565
939
796
875
977
669
929
706
652
682
788
879
961
603
829
875
985
701
761
897
888
733
699
775
996
777
502
980
642
691
996
942
917
943
997
859
719
600
867
607
584
825
607
506
869
883
587
921
815
832
640
965
831
586
617
589
916
619
807
990
960
590
845
562
632
580
716
775
582
741
523
680
677
550
711
507
631
876
721
811
936
513
638
976
878
526
535
520
718
754
581
525
979
538
932
549
821
523
529
532
519
620
535
731
709
630
585
664
665
679
597
959
722
751
653
902
913
749
703
741
698
814
871
771
957
730
941
583
781
673
516
638
667
672
821
508
973
735
779
534
907
568
527
657
795
895
590
968
876
550
554
865
695
791
526
501
654
819
948
714
991
635
533
569
947
839
507
926
881
887
772
685
567
878
898
984
869
800
828
675
905
611
962
975
815
594
690
637
588
604
655
854
923
946
555
660
901
894
776
500
592
891
708
564
866
834
608
842
910
686
857
517
541
768
974
681
536
827
596
522
994
623
761
899
904
736
685
853
698
755
707
632
806
867
862
896
832
759
666
784
914
762
649
628
947
967
524
551
909
663
840
664
548
963
883
579
642
509
529
662
561
557
988
744
619
783
636
700
778
950
609
787
823
738
944
518
621
704
943
994
612
808
511
556
884
739
598
609
809
966
953
571
748
613
841
660
956
802
819
802
852
756
805
905
940
553
784
748
559
684
835
639
886
995
805
670
532
877
925
914
663
643
644
584
812
882
670
798
758
976
938
920
766
551
928
636
909
864
694
813
646
851
919
509
737
930
606
934
645
570
574
671
567
724
552
513
701
676
514
992
552
779
978
927
572
906
696
769
961
603
801
673
849
540
917
988
579
818
765
892
993
501
827
728
887
528
521
822
531
510
687
912
667
978
662
659
991
754
839
594
633
895
980
810
715
563
924
987
885
693
847
606
694
816
710
945
577
677
714
922
763
911
881
782
767
589
893
908
707
768
844
799
958
553
804
794
851
824
970
955
595
764
604
595
940
781
864
834
773
506
950
596
868
605
907
969
537
575
537
585
712
751
709
631
811
545
611
828
634
719
865
659
849
856
545
504
896
868
838
712
627
915
954
871
678
888
734
791
952
691
757
930
527
732
854
861
729
814
624
657
796
852
713
970
735
641
672
600
933
705
563
982
926
656
531
515
995
770
629
546
580
813
587
644
591
829
571
973
810
941
846
953
826
599
952
530
633
695
690
679
936
750
560
557
502
675
570
916
750
650
983
809
669
651
512
777
920
837
989
752
578
986
929
643
683
637
734
971
616
823
612
969
850
981
951
789
792
846
528
932
774
789
520
964
908
797
554
890
525
927
711
702
615
830
798
872
946
732
543
780
716
666
753
720
913
736
542
760
937
704
668
699
721
598
786
-1
647
886
661
893
726
889
820
797
658
558
518
510
565
688
767
904
681
861
572
924
956
511
539
860
592
746
597
696
561
786
658
745
689
740
831
687
618
505
689
906
747
987
718
862
731
671
800
622
703
773
944
757
639
745
948
626
885
915
676
752
820
783
739
847
804
931
727
601
835
628
962
963
620
938
911
925
957
918
882
841
955
569
968
780
688
717
873
788
726
772
898
733
617
803
641
705
700
880
648
794
582
818
536
902
774
857
892
785
958
715
840
843
737
843
894
602
870
608
573
654
756
723
993
921
610
939
743
593
702
842
960
992
575
972
891
998
568
981
674
855
697
722
549
853
517
559
621
765
556
910
622
684
989
758
625
564
649
547
942
986
833
645
782
816
647
833
516
965
949
613
740
903
825
738
605
692
770
979
760
588
522
746
977
538
964
858
533
859
801
830
728
742
614
725
706
836
808
877
792
577
753
713
504
680
627
954
583
935
863
793
837
682
812
544
593
997
935
974
560
856
558
648
937
723
766
562
755
874
874
747
900
674
919
870
762
899
626
793
724
717
971
923
514
512
566
725
651
652
581
730
922
