542
734
842
915
754
913
582
554
896
640
699
792
862
575
878
627
648
919
855
523
903
721
851
910
867
535
681
514
703
659
704
502
744
595
865
991
738
530
647
773
959
963
522
904
625
764
972
732
756
702
520
707
541
826
736
591
889
563
626
729
775
963
538
586
620
613
567
670
763
573
741
712
586
576
878
994
677
556
965
936
571
768
585
701
651
757
682
579
827
902
710
951
614
994
759
774
652
933
569
995
615
830
711
563
835
550
655
581
638
588
663
780
630
823
669
709
525
802
857
577
504
572
570
937
634
602
647
974
812
886
767
847
966
632
786
778
556
677
706
838
611
689
996
700
588
583
980
574
771
932
628
895
876
832
822
589
544
805
510
672
838
960
705
779
622
591
730
751
533
589
881
812
939
503
797
666
717
795
870
972
607
890
792
849
685
861
912
874
760
752
678
627
850
814
688
582
553
578
735
668
782
546
584
727
883
568
613
530
908
882
813
801
505
747
833
953
778
969
539
667
515
739
960
664
952
931
692
547
695
988
928
543
553
594
545
885
550
911
637
944
884
762
854
862
788
990
877
512
750
776
577
984
506
956
873
689
966
605
906
777
513
904
516
996
848
917
624
910
794
542
761
762
809
943
503
551
657
831
514
987
658
599
696
714
841
696
845
902
749
642
690
665
519
617
924
834
650
671
596
822
609
901
825
673
541
642
794
561
718
935
662
646
853
551
962
564
982
524
573
858
548
909
697
566
711
594
857
998
978
790
827
687
893
892
866
847
628
886
559
866
555
754
666
971
961
639
861
603
894
846
872
927
649
723
804
837
958
891
609
923
872
790
654
716
958
970
698
990
610
786
809
579
694
516
598
616
922
843
765
608
791
740
968
684
932
981
882
748
644
745
814
987
608
982
610
977
724
774
851
785
887
993
600
791
622
820
945
566
645
811
815
767
770
679
896
989
540
535
713
726
548
781
819
798
914
890
949
715
603
618
743
606
783
635
630
507
893
601
670
728
592
801
595
508
799
606
957
871
511
837
693
656
731
524
955
554
755
612
593
859
521
501
704
722
976
948
901
671
507
661
540
678
528
708
732
946
706
509
918
892
517
810
720
766
562
826
629
950
950
897
783
639
534
500
699
667
733
854
830
720
658
782
564
709
743
860
741
887
568
909
823
968
965
655
596
870
643
894
575
986
611
817
899
641
537
576
537
850
889
824
846
875
571
675
784
597
898
951
877
691
684
619
885
807
895
797
912
954
502
916
520
574
856
660
849
735
623
883
652
590
718
947
834
708
820
534
643
839
799
816
776
808
539
819
946
674
959
607
828
505
800
636
731
942
971
940
559
749
992
693
840
935
821
763
868
557
724
529
519
900
585
788
511
795
813
993
924
765
844
949
721
808
521
528
978
705
871
552
691
714
986
549
927
567
547
646
661
841
747
770
686
821
942
864
980
653
500
569
789
816
908
676
599
964
768
804
753
956
583
981
817
598
920
675
843
651
852
874
905
759
881
624
529
945
989
662
558
557
561
953
686
510
943
737
925
888
733
860
620
701
789
921
698
796
891
831
785
771
640
560
740
633
934
991
907
637
515
997
694
702
848
988
676
773
818
680
565
710
597
688
614
970
957
969
737
976
717
744
938
867
992
964
544
580
644
983
911
928
626
979
803
580
687
657
536
923
756
638
925
605
940
543
929
954
836
558
753
995
962
729
853
760
863
852
897
619
842
840
917
869
793
593
700
578
623
937
665
766
636
967
941
560
815
934
526
974
545
746
973
736
825
879
531
532
633
612
761
604
659
941
998
933
936
865
751
919
716
793
944
798
863
719
803
725
517
680
975
-1
758
715
601
858
787
777
900
656
750
728
523
533
570
952
618
920
828
835
985
641
983
592
572
948
526
669
859
839
955
772
824
930
738
512
876
625
772
977
690
833
555
810
836
683
929
632
604
757
653
787
829
602
719
984
764
549
725
903
758
685
508
856
748
930
961
779
796
806
531
781
518
536
805
527
811
975
703
650
538
973
807
985
922
845
780
587
664
918
712
546
769
532
914
695
660
784
726
926
663
905
875
654
829
673
509
562
713
913
907
635
806
755
775
742
692
938
931
631
864
645
518
800
674
802
584
855
565
884
899
506
501
916
939
742
769
683
616
818
873
832
752
722
915
888
967
730
926
921
522
525
898
844
672
739
880
527
504
723
631
552
617
587
590
746
581
600
681
879
668
682
629
621
947
734
880
869
707
679
649
648
868
615
997
979
697
634
513
906
745
621
727
