861
735
647
695
777
901
884
771
607
531
560
971
659
986
888
718
650
547
621
509
955
630
906
521
634
789
829
559
693
966
761
608
682
594
594
926
824
790
823
729
744
836
532
910
908
978
817
746
772
802
677
880
763
845
552
933
944
506
625
954
641
936
715
932
678
779
925
525
847
841
858
871
854
806
814
524
737
597
754
759
867
972
942
673
586
637
682
587
633
857
705
799
739
734
968
892
853
665
918
850
560
624
807
677
868
684
826
837
660
866
705
514
800
960
816
782
671
557
804
522
652
629
604
520
683
623
573
694
632
654
750
915
638
590
504
749
793
847
634
617
584
688
570
975
620
785
891
536
785
919
577
756
736
576
670
786
664
583
818
666
566
956
805
541
723
991
794
913
961
541
776
980
908
653
619
566
878
757
953
725
689
813
887
554
724
914
882
901
895
889
880
790
678
988
661
920
839
982
670
762
827
810
588
537
595
957
611
627
837
922
583
512
832
600
749
796
689
756
520
938
709
581
713
645
527
571
775
518
567
551
876
511
865
505
506
644
762
951
738
796
700
694
959
881
656
928
862
786
773
739
768
584
580
747
863
972
514
676
708
962
667
916
605
663
568
814
614
636
574
503
931
948
959
950
995
917
630
533
540
699
905
899
750
540
687
904
886
926
963
543
855
646
704
760
900
933
730
563
797
781
874
596
662
893
530
702
822
567
733
508
755
805
691
593
516
722
899
997
740
620
869
873
871
803
714
789
753
968
969
720
642
668
984
561
736
648
849
753
836
767
784
658
531
769
586
501
601
872
534
606
664
546
937
861
542
680
603
823
548
622
580
517
887
747
564
726
519
727
906
666
640
714
591
631
974
565
564
909
986
779
592
502
995
744
983
860
774
897
534
769
515
791
717
712
771
883
699
598
572
898
672
696
958
710
597
606
809
764
643
609
549
958
733
513
935
642
855
698
577
528
722
873
579
868
613
528
888
946
877
758
819
802
766
945
663
548
931
500
757
655
569
763
741
588
787
743
976
812
639
626
890
536
582
870
690
643
795
998
703
728
668
971
529
680
923
533
745
961
821
505
924
978
812
921
730
830
523
930
544
859
558
913
804
697
639
827
665
951
970
969
943
808
853
760
915
701
657
716
777
732
939
538
934
902
679
843
715
637
706
510
896
735
772
989
965
524
826
846
532
720
963
979
833
811
576
943
602
924
791
811
984
775
624
910
574
608
939
927
862
542
565
945
940
512
575
848
830
845
578
852
852
746
555
641
916
942
748
605
944
675
553
563
526
759
839
509
898
748
701
819
656
903
997
912
793
692
698
652
589
921
602
829
718
927
822
981
719
891
810
610
816
543
679
832
780
507
987
734
619
758
549
883
669
717
797
728
990
894
850
897
867
697
854
599
595
569
835
806
929
712
745
671
716
825
977
539
996
522
922
662
851
998
719
803
970
992
573
773
981
946
864
787
553
727
511
693
752
842
690
707
768
948
535
731
800
923
558
551
685
635
616
517
985
947
632
644
626
743
907
555
957
723
776
903
985
585
885
856
709
878
613
579
501
674
788
559
554
504
844
702
856
610
545
952
885
842
949
849
502
526
648
905
863
831
893
508
636
778
516
651
653
614
755
521
518
570
988
686
519
740
535
550
879
895
658
686
578
672
976
973
794
638
688
869
681
892
912
696
726
881
593
600
993
601
612
858
824
604
659
582
599
952
902
603
770
817
782
801
815
941
627
851
737
949
925
742
711
752
919
917
571
783
884
987
596
503
661
857
575
525
983
539
935
707
725
547
621
622
783
828
611
673
799
675
781
628
507
808
618
784
828
645
687
841
825
612
618
778
904
628
896
929
708
792
975
767
859
911
683
840
864
704
882
556
738
629
955
844
886
647
724
967
721
846
742
640
700
994
765
556
934
615
982
545
557
754
993
831
820
766
515
994
649
914
667
572
607
654
650
568
920
774
843
874
838
834
592
617
821
938
992
966
765
834
872
798
879
523
598
684
615
928
798
513
660
590
835
562
633
706
537
795
889
875
544
616
500
960
681
538
807
561
973
838
962
820
711
657
900
581
552
751
729
764
510
991
751
996
932
860
655
954
692
937
761
529
589
809
947
646
609
713
685
691
635
941
623
977
703
818
967
562
813
956
741
770
953
833
527
890
974
792
-1
870
550
631
695
909
980
815
625
546
788
907
979
964
801
721
669
918
731
876
732
649
710
936
990
848
894
940
950
911
965
865
866
840
930
964
780
674
676
591
585
989
875
877
651
530
587
