170
165
166
152
151
100
137
178
159
114
146
182
139
173
177
107
162
126
116
130
145
160
122
146
127
105
177
132
128
138
100
136
169
138
101
160
123
178
183
114
141
111
163
166
165
171
115
193
118
167
162
103
123
102
182
179
164
144
108
133
121
130
143
154
137
141
127
191
101
109
174
196
190
136
169
174
116
134
150
104
111
183
150
180
112
172
184
171
151
159
152
142
128
126
143
193
102
164
121
117
110
106
103
104
105
106
107
108
109
110
113
112
113
120
115
119
117
118
119
120
125
122
124
124
125
198
135
129
129
131
131
132
133
134
135
158
157
140
139
140
149
142
148
144
145
147
147
148
149
156
155
153
153
154
155
156
157
158
197
161
161
195
163
192
189
168
167
168
188
170
176
172
173
175
175
176
185
181
179
180
181
186
185
184
187
186
187
188
189
190
191
192
194
194
195
196
197
198
-1
