181
178
133
161
185
152
149
161
112
162
177
159
117
136
189
170
190
151
129
138
151
186
102
154
157
164
172
139
106
100
118
146
135
104
143
135
147
155
185
116
191
121
146
189
179
109
104
158
111
127
182
191
179
138
103
192
103
116
144
108
137
129
113
126
120
113
176
111
172
102
132
174
181
163
119
110
155
131
156
182
108
137
153
147
130
130
175
194
165
170
175
100
125
101
171
148
140
119
186
160
101
128
107
105
105
106
107
124
109
110
115
112
114
114
115
123
117
118
122
120
121
122
123
124
125
126
127
128
198
134
131
132
133
134
145
136
142
141
139
140
141
142
143
144
145
169
150
148
149
150
168
152
153
154
167
156
157
158
159
160
166
162
163
164
165
166
167
168
169
197
171
173
173
174
196
176
177
178
180
180
184
183
183
184
188
187
187
188
195
190
193
192
193
194
195
196
197
198
-1
