126
108
185
191
173
112
187
102
133
138
165
103
179
104
107
177
140
190
175
144
186
160
171
125
148
117
179
123
177
114
154
172
176
183
100
143
150
115
189
174
105
121
153
111
188
157
110
162
132
132
156
144
190
171
103
188
163
124
108
130
135
123
145
158
134
115
138
168
164
101
168
159
193
117
176
141
113
109
140
155
185
139
100
155
181
145
122
106
113
162
170
114
163
153
167
109
128
191
127
135
101
102
152
104
105
106
107
151
131
110
111
112
120
119
116
116
118
118
119
120
121
122
129
124
125
126
127
128
129
130
131
137
133
134
136
136
137
149
139
142
141
142
143
147
146
146
147
148
149
150
151
152
198
154
161
156
157
158
159
160
161
197
166
164
165
166
167
169
169
170
184
172
173
174
175
182
178
178
180
180
181
182
183
184
196
186
187
195
189
194
192
192
193
194
195
196
197
198
-1
