175
119
167
107
138
189
176
170
135
123
100
182
122
159
104
169
181
151
167
129
172
137
156
193
110
192
183
186
172
132
181
140
116
128
151
122
133
147
118
164
124
105
166
190
124
174
161
169
104
195
192
100
103
150
117
145
152
187
158
161
187
136
155
150
118
106
132
165
112
111
108
156
157
131
135
148
134
190
189
145
121
177
109
146
176
186
125
106
130
164
173
137
110
128
116
162
102
148
101
158
101
102
103
115
105
114
107
108
109
113
111
112
113
114
115
144
117
120
119
120
121
127
123
126
125
126
127
143
129
130
131
142
133
134
141
136
139
138
139
140
141
142
143
144
198
146
147
149
149
154
153
152
153
154
155
185
157
160
159
160
163
162
163
180
165
166
168
168
171
170
171
179
173
174
175
178
177
178
179
180
184
182
183
184
185
197
188
188
196
191
191
194
193
194
195
196
197
198
-1
