120
105
155
109
125
177
145
158
127
135
139
175
121
194
149
180
128
110
107
135
116
163
134
159
153
115
139
178
144
114
151
137
184
196
147
164
120
154
103
181
113
145
185
122
175
114
107
134
164
180
176
155
133
162
112
136
189
144
133
174
117
149
186
112
168
179
100
125
117
173
182
183
122
124
187
148
187
142
104
147
124
169
184
165
162
168
140
105
101
101
173
188
165
157
126
148
106
153
100
186
102
102
103
104
111
106
108
108
109
110
111
132
113
119
115
116
118
118
119
131
121
123
123
130
129
126
127
128
129
130
131
132
198
143
138
136
137
138
141
140
141
142
143
172
146
146
161
152
150
150
151
152
160
154
156
156
157
158
159
160
161
171
163
167
166
166
167
170
169
170
171
172
197
174
195
176
177
178
179
193
181
182
183
192
185
191
190
188
189
190
191
192
193
194
195
196
197
198
-1
