159
147
156
110
168
148
108
169
115
166
171
133
144
140
172
136
112
192
185
128
106
142
119
146
167
101
182
119
140
177
108
190
158
174
185
183
170
181
104
173
151
160
183
130
115
109
135
134
100
163
171
182
142
174
176
100
112
144
157
126
178
162
123
111
150
114
141
155
101
105
197
107
160
186
116
156
120
133
147
184
110
102
167
113
123
131
132
150
130
149
154
107
191
125
162
180
158
132
151
180
103
102
103
104
105
106
129
127
109
122
111
118
113
114
117
116
117
118
121
120
121
122
124
124
125
126
127
128
129
139
131
138
137
134
135
136
137
138
139
196
141
143
143
145
145
146
196
148
149
153
152
152
153
154
155
195
157
165
159
161
161
164
163
164
165
166
194
168
169
170
179
172
173
175
175
176
177
178
179
193
181
188
189
184
187
186
187
188
189
190
191
192
193
194
195
198
197
198
-1
