114
139
105
150
170
154
148
185
179
117
100
164
150
123
175
169
122
186
107
121
138
153
140
115
168
128
142
192
155
124
180
102
108
139
182
188
189
178
159
185
128
110
152
125
177
176
137
160
169
132
161
137
161
187
190
195
129
179
162
162
112
115
117
114
124
159
118
111
183
122
187
100
108
153
102
136
103
157
131
157
129
151
182
172
101
104
154
121
156
149
136
170
110
135
180
119
113
149
189
104
101
145
103
106
105
106
107
109
109
146
111
112
113
144
116
116
120
118
119
120
134
127
123
126
125
126
127
133
130
130
131
132
133
134
135
145
143
138
141
140
141
142
143
144
147
146
147
148
198
195
151
152
173
167
155
156
158
158
165
160
164
163
163
166
165
166
167
168
174
171
171
172
173
174
175
176
177
178
196
181
181
184
183
184
194
186
193
188
191
190
191
192
193
194
197
196
197
198
-1
