184
105
189
159
112
164
172
150
122
157
126
170
172
178
143
137
182
170
153
149
177
133
103
103
111
128
155
132
100
104
158
192
121
146
150
108
190
124
149
180
100
102
132
114
181
155
131
151
184
180
186
164
115
113
167
167
136
145
115
127
107
113
174
160
101
110
190
142
110
123
107
174
176
135
122
171
165
185
144
176
160
137
135
165
177
121
129
145
158
192
193
159
126
129
146
111
163
189
118
142
101
102
106
104
105
106
109
108
109
120
119
112
117
114
116
116
117
118
119
120
141
125
123
124
125
140
127
128
130
130
131
134
133
134
139
136
138
138
139
140
141
198
143
144
148
147
147
148
154
152
151
152
153
154
156
156
157
197
162
161
161
162
163
169
166
166
168
168
169
196
171
173
173
175
175
188
179
178
179
183
181
182
183
187
185
186
187
188
195
191
191
194
193
194
195
196
197
198
-1
