185
150
130
138
158
124
110
167
159
163
137
116
127
159
187
151
115
174
176
105
116
170
171
176
178
185
164
113
122
175
182
161
174
100
147
187
131
125
123
147
101
175
130
154
156
137
161
188
103
104
193
100
131
111
108
101
186
189
124
155
139
148
133
127
128
160
120
122
188
117
157
192
129
192
102
172
141
182
132
168
135
166
181
111
133
104
119
115
167
170
113
154
140
140
138
151
107
163
177
149
109
102
103
106
105
106
107
108
109
110
112
112
114
114
121
118
117
118
119
120
121
196
123
126
125
126
146
128
129
145
136
132
134
134
135
136
144
141
139
142
143
142
143
144
145
146
153
148
149
150
152
152
153
197
155
156
157
158
196
160
162
162
165
164
165
166
169
168
169
173
171
172
173
184
180
179
177
178
179
180
181
183
183
184
195
186
191
190
189
190
191
194
193
194
195
198
197
198
-1
