109
173
192
192
182
191
104
178
139
144
164
143
122
171
161
122
167
109
193
163
120
123
113
132
102
144
101
112
186
175
114
178
166
134
140
104
157
124
163
121
152
194
120
118
156
146
172
159
107
103
161
112
111
182
153
168
185
133
169
166
115
137
105
149
100
132
187
158
152
117
107
189
183
187
173
138
169
174
140
137
183
172
148
157
100
185
179
126
167
149
114
106
150
146
141
135
147
131
106
116
101
102
103
130
105
129
108
108
110
110
111
128
113
119
115
116
117
118
119
127
121
125
123
124
125
126
127
128
129
130
131
136
133
134
135
136
198
138
139
142
141
142
143
145
145
155
147
148
151
150
151
154
153
154
155
156
160
158
159
160
162
162
165
164
165
197
181
168
170
170
171
177
176
174
175
176
177
180
179
180
181
196
184
184
190
186
188
188
189
190
191
195
193
194
195
196
197
198
-1
