106
136
156
181
132
175
162
143
140
107
167
122
131
147
190
132
150
174
110
149
155
105
169
121
184
115
159
127
109
133
140
139
166
157
159
119
102
188
179
128
157
108
178
108
129
156
131
184
135
122
180
161
101
125
144
142
151
152
193
177
187
149
169
114
100
141
118
192
185
183
100
190
142
151
129
115
101
170
125
165
166
175
112
150
160
163
174
126
110
186
127
165
186
112
119
103
148
188
192
118
104
102
103
104
105
106
107
116
109
111
111
113
113
114
117
116
117
124
120
120
121
123
123
124
196
126
138
128
130
130
137
134
133
134
135
136
137
138
139
146
141
145
143
144
145
146
147
148
197
154
153
152
153
154
155
173
158
158
164
160
161
162
163
164
172
168
167
168
171
170
171
172
173
182
176
176
177
178
179
180
181
182
183
196
185
195
187
189
189
191
191
194
193
194
195
198
197
198
-1
