110
146
132
101
140
118
160
134
173
109
191
145
193
145
120
182
181
113
126
152
101
162
115
163
134
177
188
129
156
178
139
163
147
139
155
110
108
113
117
127
194
181
159
171
107
189
123
129
137
164
108
137
158
153
111
186
184
177
126
117
170
143
115
166
104
167
187
180
103
162
176
191
131
103
176
157
100
168
130
104
141
142
154
182
186
168
116
140
184
133
192
142
160
152
128
158
122
169
122
100
102
102
106
105
105
106
107
125
109
112
111
112
114
114
121
116
119
118
119
120
121
124
123
124
125
151
127
128
136
130
131
132
133
135
135
136
138
138
150
149
141
144
143
144
148
146
147
148
149
150
151
198
153
154
155
156
157
175
159
161
161
174
165
164
165
166
167
172
169
170
171
172
173
174
175
197
179
178
179
180
196
183
183
185
185
190
187
188
189
190
195
192
193
194
195
196
197
198
-1
