106
169
101
127
148
107
166
135
185
154
100
181
109
113
148
104
192
157
136
110
161
136
196
150
190
151
191
194
110
125
185
138
168
129
162
154
123
152
171
122
112
108
183
176
106
100
173
114
128
165
124
103
128
184
134
177
187
114
165
108
134
127
133
162
151
180
175
113
137
164
175
126
120
101
170
153
164
125
111
150
161
137
190
145
121
193
124
120
133
168
177
153
142
149
141
182
191
181
102
155
105
102
103
104
105
119
107
118
109
117
111
112
116
115
115
116
117
118
119
147
121
122
123
146
132
126
131
130
129
130
131
132
140
141
135
140
139
138
139
143
142
143
144
144
145
146
147
198
149
160
159
152
158
156
155
156
157
158
159
160
189
163
163
174
167
166
167
172
169
170
171
172
173
174
179
176
178
178
179
180
188
182
183
184
186
186
187
188
189
197
195
192
193
194
195
196
197
198
-1
