123
179
182
151
144
100
127
153
165
100
187
148
129
155
181
178
188
178
163
141
173
174
116
166
154
125
129
130
102
143
156
171
112
119
119
105
101
144
151
114
136
161
102
133
125
120
180
131
112
175
117
147
165
108
190
177
149
190
155
192
169
164
134
134
163
193
132
104
170
177
113
154
138
109
184
153
132
143
166
106
157
121
116
131
173
193
188
107
169
171
150
110
106
141
124
122
147
189
181
133
101
103
103
104
105
109
107
108
111
110
111
115
113
114
115
118
117
118
128
120
121
122
123
124
126
126
127
128
198
130
140
139
137
135
135
136
137
138
139
140
142
142
146
145
145
146
162
148
149
150
152
152
160
159
158
156
157
158
159
160
161
162
197
164
168
167
167
168
194
170
172
172
176
174
175
176
186
185
179
180
183
182
183
184
185
186
187
195
189
191
191
192
194
196
195
196
197
198
-1
