195
190
137
114
170
191
146
116
130
142
186
148
181
129
103
108
186
170
178
150
155
188
108
116
142
141
138
118
177
110
102
184
118
112
127
168
150
152
119
188
128
159
137
179
158
164
111
120
132
159
138
124
171
122
152
144
101
151
175
100
110
146
129
192
112
178
125
122
143
147
168
133
173
189
154
105
105
103
164
100
104
154
192
151
163
130
139
123
156
120
166
169
187
163
175
123
165
181
176
174
101
102
107
104
106
106
107
109
109
115
111
113
113
114
115
117
117
136
119
121
121
135
126
124
125
126
127
128
134
131
131
132
133
134
135
136
198
140
139
140
141
145
143
144
145
149
147
148
149
162
161
153
153
157
155
156
157
158
160
160
161
162
197
167
165
166
167
185
169
172
171
172
173
174
183
176
177
180
179
180
182
182
183
184
185
196
187
194
189
190
191
193
193
194
195
196
197
198
-1
