155
104
138
123
139
143
105
188
167
174
109
190
195
191
184
122
132
135
107
104
118
140
148
101
152
147
152
132
102
114
116
181
150
113
161
103
143
147
136
160
165
184
128
127
163
194
127
118
129
136
146
117
183
100
180
111
140
161
129
168
119
150
109
192
134
110
128
114
139
131
171
108
101
176
100
126
169
164
183
119
166
165
146
125
107
138
123
122
145
115
131
157
198
171
111
145
192
160
113
195
154
110
187
133
186
144
112
153
124
191
130
173
187
142
188
196
166
173
103
121
177
174
106
167
193
158
148
105
156
179
115
172
154
141
149
144
172
178
157
121
117
151
112
135
170
134
124
156
149
137
120
-1
108
182
178
179
190
126
177
164
181
198
180
186
196
185
159
163
133
197
120
176
175
106
142
193
116
141
158
189
125
102
197
170
130
182
162
189
194
137
185
162
159
168
175
155
169
151
153
