130
146
100
178
196
101
154
128
116
141
109
120
189
180
110
154
132
127
185
177
174
191
148
158
135
168
121
143
142
180
116
178
183
186
103
126
198
151
105
160
121
196
124
194
157
138
160
193
108
136
161
145
102
187
108
123
123
161
148
124
176
133
125
163
156
184
119
136
146
130
177
153
195
176
110
167
184
198
186
119
166
115
137
191
164
118
112
122
140
115
168
104
141
149
111
145
169
118
113
163
144
107
101
105
117
175
188
129
127
143
151
137
139
156
132
157
190
170
102
106
165
153
152
195
182
112
190
135
183
197
187
172
152
158
103
126
100
155
182
173
134
174
150
171
147
106
189
172
111
122
197
114
173
179
140
114
159
109
147
142
120
155
150
144
181
117
131
179
104
125
-1
192
192
113
162
131
138
164
181
159
185
188
171
162
194
134
129
193
128
169
149
133
107
166
167
139
175
170
165
