179
186
154
178
188
132
181
174
148
105
109
176
198
195
144
194
195
179
153
128
121
100
190
110
105
152
115
157
134
175
116
136
183
137
151
145
147
193
194
198
174
101
159
110
197
141
125
109
113
177
164
106
131
113
127
125
139
161
173
182
121
120
159
135
150
191
150
191
193
131
139
145
130
186
107
197
136
120
160
119
142
116
184
180
164
181
119
102
171
115
142
169
128
126
122
169
117
166
129
158
138
187
130
123
176
162
103
143
163
161
184
192
167
137
138
153
170
188
126
103
149
101
104
190
123
182
189
168
158
172
143
129
189
172
118
185
171
185
108
107
157
100
168
127
106
134
192
111
144
133
149
133
147
118
140
163
135
114
178
122
177
148
155
-1
180
167
114
155
166
102
196
183
112
112
117
154
146
162
124
156
173
140
196
170
146
111
104
141
152
124
108
156
165
151
175
132
165
187
160
