109
168
117
180
108
102
147
143
181
162
109
165
189
105
142
140
132
157
194
191
141
157
116
186
105
102
124
100
170
154
148
194
160
176
150
132
143
144
113
191
131
171
159
167
131
181
196
103
129
144
126
106
138
170
164
127
139
142
155
114
196
193
149
180
150
184
188
133
141
192
166
153
133
111
168
119
114
120
120
155
158
182
146
156
179
156
197
118
160
193
152
115
129
164
113
145
169
174
173
158
161
136
101
137
122
147
134
123
126
179
187
121
111
121
159
177
148
110
183
152
117
130
190
-1
112
175
122
140
190
186
178
130
119
176
163
101
128
163
185
182
189
112
161
183
145
135
172
195
153
138
166
171
195
128
146
184
139
188
154
104
169
110
149
172
173
134
162
151
104
167
118
187
123
127
178
135
124
107
137
106
174
125
198
107
100
177
175
165
136
103
185
116
125
197
198
108
151
115
192
