148
114
127
111
147
101
130
160
125
195
135
165
189
137
148
181
132
135
117
128
197
123
110
182
134
160
149
100
161
184
116
186
134
129
153
139
119
151
147
175
174
166
136
115
196
196
167
149
113
136
184
120
118
138
113
193
195
142
129
109
121
133
193
109
124
120
177
172
112
157
166
161
105
176
130
167
131
156
150
180
128
182
146
125
164
157
165
117
168
115
179
153
155
102
172
145
169
164
187
122
108
192
105
141
143
103
173
159
158
101
146
194
159
127
197
185
190
198
183
133
121
198
174
108
144
140
162
187
103
126
102
173
100
132
156
192
122
188
118
170
181
154
141
178
143
175
155
151
110
171
152
169
140
176
158
126
163
131
104
194
106
168
185
107
154
123
152
177
142
189
116
124
186
191
114
139
150
171
-1
111
119
183
162
107
138
170
179
144
106
145
178
190
112
180
191
188
137
104
163
