179
127
186
187
133
101
182
198
180
194
117
165
132
153
118
198
116
164
186
110
172
192
148
167
131
195
189
100
139
177
116
147
127
110
164
132
154
170
149
115
174
112
138
120
126
103
168
160
118
195
104
117
184
135
166
125
181
161
123
168
161
114
102
135
149
159
177
105
146
131
187
148
130
176
180
185
143
150
150
191
111
182
108
191
141
100
126
159
134
115
139
192
175
171
163
145
169
185
109
123
121
106
173
172
136
140
190
162
113
169
171
158
129
196
157
160
165
109
184
156
106
101
188
130
156
170
163
152
162
137
155
175
174
157
176
173
197
197
122
103
193
142
105
183
193
155
113
107
153
152
120
102
166
144
143
144
136
147
128
178
188
121
137
158
181
189
111
104
145
196
151
134
179
119
194
146
183
154
108
142
114
119
141
107
112
151
138
178
140
124
167
125
133
124
128
190
129
-1
122
