186
120
105
158
147
162
111
156
118
126
109
165
189
165
144
125
132
135
160
187
119
157
191
184
188
117
177
100
194
142
137
110
182
137
167
186
138
135
175
160
174
164
148
170
176
134
178
150
106
110
138
106
145
168
151
124
198
117
156
175
146
107
191
184
141
121
177
172
112
157
161
153
130
158
114
167
133
180
150
190
197
159
128
125
124
180
123
147
198
115
109
107
122
187
103
145
169
102
169
133
105
143
146
155
179
130
129
159
129
153
131
122
195
149
142
108
113
161
104
112
196
136
104
185
173
164
163
152
194
152
115
192
139
119
140
151
118
116
126
140
154
195
172
144
181
148
170
197
111
-1
100
101
113
174
166
188
155
131
141
183
103
114
143
101
132
120
193
171
128
178
136
179
166
134
189
185
190
173
181
193
102
127
196
116
192
162
163
168
108
154
127
123
121
149
171
176
183
182
139
