146
186
138
105
139
183
105
167
173
162
109
190
189
104
169
140
132
136
156
128
109
156
118
177
108
190
194
100
131
154
173
164
115
192
101
126
140
154
166
181
174
182
122
167
198
115
147
145
141
135
193
106
118
129
171
142
136
161
185
124
141
133
187
106
149
184
177
172
139
172
117
193
130
182
129
127
107
122
150
180
166
165
138
191
164
157
143
159
144
123
149
144
175
192
135
145
117
174
131
158
103
134
197
185
188
187
157
175
101
121
169
151
179
137
160
155
127
110
110
102
186
126
151
163
150
116
152
191
100
181
153
113
103
125
111
108
161
197
134
132
165
121
112
196
195
128
195
114
142
133
184
120
137
162
188
158
171
148
163
114
198
130
113
143
124
176
123
104
178
148
168
125
147
180
119
183
152
159
179
-1
119
160
107
146
176
102
178
155
120
170
196
168
116
153
170
111
194
112
189
