191
145
153
178
176
101
105
135
180
171
109
119
167
148
158
130
161
161
146
162
141
186
173
100
172
131
124
188
142
114
180
104
112
103
153
118
120
174
131
187
192
101
122
189
160
136
140
125
129
157
162
106
118
143
127
169
197
186
166
185
191
112
105
136
120
154
103
163
109
175
166
106
129
117
150
126
160
104
150
119
181
196
169
133
164
135
123
111
115
115
168
189
137
185
111
155
145
152
173
114
127
165
198
125
143
193
168
134
124
138
159
188
183
128
157
123
195
176
126
165
158
194
107
134
154
113
141
175
182
121
140
117
163
196
159
149
179
177
139
197
193
102
147
151
110
133
116
102
139
187
171
190
198
138
146
130
116
149
144
195
113
132
183
170
155
142
164
122
108
137
151
174
108
148
170
107
178
128
192
121
172
147
156
152
194
184
132
110
100
167
184
179
181
190
144
-1
177
182
156
