490
401
385
246
217
213
187
177
87
85
75
43
30
22
488
462
449
446
433
398
372
341
331
330
323
310
302
293
275
255
250
241
225
222
220
180
172
152
146
137
119
50
17
0
83
21
371
476
232
48
468
79
130
344
149
272
350
29
25
402
460
319
183
35
336
60
370
361
403
352
382
91
19
16
353
61
150
469
100
34
377
447
321
482
68
279
380
260
84
205
264
5
266
284
178
206
78
309
169
231
202
154
451
318
120
14
216
109
355
165
369
65
347
13
315
126
77
489
182
292
283
214
306
230
421
31
15
97
28
142
463
235
125
320
221
55
326
49
174
198
301
472
2
434
429
367
358
457
257
425
57
247
307
396
339
37
243
256
324
289
166
495
76
497
424
423
408
237
253
479
189
95
271
437
349
139
375
376
374
45
70
466
294
252
176
297
337
38
473
208
328
161
40
417
413
494
431
192
483
138
24
58
420
215
454
212
464
110
343
418
156
54
27
411
419
265
3
42
228
131
96
435
415
363
351
379
290
348
209
160
47
295
94
86
171
322
133
41
432
296
123
364
465
287
20
366
455
140
268
179
445
67
484
155
365
389
393
186
219
71
392
124
118
357
400
115
238
443
143
251
89
201
245
59
82
305
254
397
288
399
478
73
391
442
136
93
281
244
477
9
298
299
390
33
388
492
116
111
261
80
194
407
101
163
499
112
88
338
452
6
92
191
276
173
204
74
129
356
141
471
259
56
300
458
239
44
223
381
285
162
486
467
470
117
384
196
496
444
8
383
148
121
242
436
439
72
197
132
81
441
128
229
224
313
291
258
303
474
498
18
36
317
487
39
175
277
103
122
236
164
90
491
394
1
144
325
249
185
102
200
386
456
263
273
360
274
158
184
311
286
99
335
329
104
98
153
64
267
211
404
485
481
430
422
440
282
7
412
108
63
23
188
368
459
168
12
334
438
475
342
269
147
461
416
312
426
362
278
387
234
113
227
373
409
157
151
167
105
193
181
304
190
327
405
106
62
170
51
114
406
69
46
226
218
340
395
52
410
308
203
354
4
493
135
332
127
159
448
270
145
207
134
10
333
195
107
450
378
233
26
359
32
427
453
480
66
346
240
428
314
316
11
248
199
53
345
414
262
280
210
