123
154
125
124
101
123
117
133
108
144
115
105
102
100
101
115
128
121
116
122
170
116
129
110
129
127
113
163
122
164
108
139
114
167
170
134
136
138
176
136
156
151
126
153
146
162
182
119
145
107
140
137
131
104
130
118
161
119
107
102
130
124
109
103
127
153
106
100
139
132
106
193
160
125
159
121
157
131
135
110
103
141
149
174
147
143
140
160
109
114
118
150
174
112
180
111
113
104
152
134
120
112
151
171
105
126
175
117
111
133
165
142
172
128
154
173
168
132
181
120
158
148
135
146
164
137
142
138
143
149
187
169
157
180
144
156
147
152
155
141
145
168
161
163
148
169
162
183
150
186
155
158
173
175
159
165
177
166
177
166
183
189
185
186
167
172
178
179
192
179
171
176
190
196
187
181
178
185
182
193
188
184
184
195
189
196
191
188
192
190
191
197
194
194
195
198
197
198
-1
