119
146
167
106
187
134
119
136
124
131
127
140
115
121
120
129
105
107
165
149
189
147
122
196
112
151
164
139
100
105
125
110
134
107
118
114
163
116
157
148
160
104
140
127
102
102
124
100
160
143
125
159
110
109
136
157
173
131
111
118
178
120
162
128
166
179
145
126
113
111
146
113
138
155
103
132
103
147
135
138
101
109
154
154
165
142
104
153
128
108
106
164
156
112
108
161
114
130
133
101
151
130
116
133
158
115
166
149
123
126
155
176
117
117
129
142
143
141
122
121
123
144
163
159
132
150
180
171
152
137
135
183
145
168
172
137
139
182
141
177
148
181
177
144
171
150
196
180
169
153
152
172
158
156
169
167
162
181
184
178
161
170
189
179
174
182
168
191
170
176
174
175
173
175
188
186
183
191
185
190
187
185
197
184
188
186
192
195
193
190
192
193
194
194
195
198
197
198
-1
