152
146
124
115
123
129
137
117
173
121
142
126
108
159
113
179
101
109
116
161
120
108
110
105
139
117
101
111
118
125
162
182
121
122
163
114
109
141
129
164
140
174
149
145
107
151
143
186
116
100
127
122
154
106
148
136
153
133
115
134
142
136
107
103
144
130
105
153
113
127
112
131
100
145
102
114
134
178
155
104
159
156
110
128
118
123
120
191
171
103
160
158
104
176
135
112
102
151
155
141
166
125
111
132
106
178
138
144
135
148
196
167
119
131
124
149
152
119
140
137
160
147
126
150
143
128
133
130
132
174
154
138
147
139
176
156
157
165
150
168
166
170
162
146
180
175
171
172
158
169
169
189
157
161
173
181
163
168
164
165
177
170
180
193
167
175
181
188
182
177
185
172
185
179
190
184
187
188
183
184
187
190
183
195
191
186
189
193
192
192
194
194
195
196
197
198
197
198
-1
