163
110
101
100
138
102
176
130
108
155
145
143
153
127
103
107
131
153
197
105
133
102
116
161
108
100
150
110
172
104
146
129
147
121
128
138
144
148
141
135
115
114
101
192
134
193
109
128
121
117
171
118
132
114
169
164
168
186
141
118
188
137
122
107
149
113
136
132
168
120
137
116
144
133
109
151
129
113
122
157
159
166
126
105
103
115
124
142
111
175
181
135
104
145
130
106
140
120
139
112
158
185
136
156
167
106
111
143
123
112
126
124
117
155
119
119
156
127
142
125
170
123
139
125
134
157
165
179
131
149
154
146
160
148
165
140
147
152
159
177
160
151
164
150
162
178
193
154
152
176
158
173
161
185
166
163
174
162
167
184
170
175
182
169
174
192
178
177
172
171
180
173
182
183
180
190
179
186
183
197
181
187
184
188
189
187
190
189
196
191
191
194
195
194
195
196
198
198
-1
