149
136
111
128
106
179
126
109
184
145
172
160
118
133
142
167
120
112
121
153
132
119
141
162
114
117
142
125
124
102
134
143
107
102
150
119
161
113
170
145
101
146
105
111
163
110
157
184
176
135
105
123
161
123
160
154
100
137
174
147
178
125
108
140
126
103
114
130
150
134
104
120
139
143
107
104
121
122
159
117
146
168
159
109
181
116
166
110
115
130
106
101
124
112
108
156
131
100
141
155
139
103
118
162
144
127
115
149
132
113
116
135
122
154
129
128
133
148
175
188
127
155
164
131
129
138
175
156
140
138
180
148
137
144
169
136
163
172
147
177
185
178
158
192
152
157
181
153
151
152
151
167
158
164
165
176
188
190
165
185
171
187
182
168
196
166
171
169
170
174
173
173
182
177
179
186
190
180
187
183
189
183
186
194
189
191
191
195
193
193
194
192
196
198
195
197
197
198
-1
