137
192
133
102
182
119
102
164
109
168
108
112
115
177
143
142
146
158
117
106
108
117
121
113
131
112
172
189
136
176
109
166
140
150
131
174
110
176
111
147
123
119
181
164
115
140
118
159
128
130
135
114
121
148
132
193
158
160
146
153
170
120
103
101
107
105
104
100
173
100
127
135
160
116
147
161
116
133
153
126
122
110
155
167
105
101
124
104
129
111
107
129
137
150
130
106
127
123
136
145
118
114
103
141
113
169
159
120
128
126
142
122
124
149
156
185
125
132
149
125
139
138
151
144
186
154
144
138
170
157
134
134
139
179
155
163
171
154
143
152
141
145
178
156
190
151
173
148
165
165
152
172
161
166
157
175
193
175
162
187
162
167
163
168
177
185
169
196
171
178
174
188
186
182
183
179
180
180
183
184
181
184
187
188
192
194
194
189
191
190
191
195
198
195
196
197
197
198
-1
