111
100
104
120
118
166
142
124
148
109
143
110
101
112
144
109
126
123
134
159
154
102
144
165
137
141
163
156
142
143
116
117
135
107
124
122
140
127
169
104
132
167
151
125
147
155
177
163
113
130
161
106
110
117
114
170
181
129
174
108
121
116
106
119
107
150
111
125
100
126
147
138
118
133
112
128
129
105
128
103
103
120
162
168
136
108
102
139
113
135
127
131
101
114
160
130
122
162
149
154
153
105
123
176
148
134
160
146
157
140
181
119
115
115
121
137
136
138
145
133
153
172
179
150
186
131
141
152
173
151
132
165
139
164
146
191
159
161
176
155
182
145
157
174
149
156
152
158
188
188
182
175
183
172
186
158
164
184
167
178
166
177
185
169
173
171
168
171
170
175
190
185
180
192
180
179
178
184
192
195
189
190
183
187
193
187
189
196
193
194
191
198
194
197
195
196
197
198
-1
