134
161
139
110
142
153
129
149
149
116
157
107
137
130
107
159
136
129
150
104
120
145
120
137
113
146
102
112
100
119
133
114
159
111
125
167
102
127
145
123
106
103
182
116
117
119
140
115
135
127
100
140
124
169
156
118
113
117
163
123
105
101
111
128
193
168
147
141
146
124
169
171
173
133
109
101
121
104
134
121
175
112
128
141
108
125
130
136
162
106
148
148
142
122
110
131
191
188
147
103
132
118
144
135
105
108
115
109
155
155
122
131
114
174
170
138
176
153
138
143
165
186
126
126
178
161
151
183
139
132
166
177
160
154
144
152
157
177
154
143
179
158
152
172
156
170
158
150
190
151
178
167
174
160
163
172
171
162
175
186
181
165
164
164
166
168
176
184
173
183
180
188
181
192
180
182
185
179
187
190
184
185
189
187
195
196
189
191
193
192
194
196
195
194
198
197
197
198
-1
