109
100
168
173
109
124
155
122
112
139
111
126
154
146
103
118
110
123
181
108
110
128
156
157
136
169
135
148
119
104
108
120
151
141
121
138
131
150
106
121
101
132
141
165
115
131
147
179
152
119
164
161
100
124
115
147
117
140
113
116
123
146
144
129
113
104
117
105
135
127
126
133
133
102
105
114
148
107
151
107
179
163
168
178
116
166
101
132
103
155
125
112
164
118
177
160
165
129
102
136
114
122
130
174
156
106
111
152
130
154
144
142
134
166
140
149
178
188
120
125
143
189
137
127
150
138
128
170
145
145
188
137
134
142
163
149
139
157
171
159
143
158
173
160
183
167
153
162
192
153
187
158
159
183
176
161
167
175
182
189
162
174
170
172
175
185
172
169
171
191
186
177
176
180
181
184
190
186
184
180
191
182
185
190
187
193
196
192
194
195
193
195
194
198
196
197
197
198
-1
