111
137
117
129
106
101
100
110
107
114
106
183
153
167
155
127
126
138
116
171
161
118
173
195
136
154
147
143
162
132
171
127
113
124
115
139
176
102
131
149
111
109
186
123
182
142
136
165
132
131
103
105
145
112
121
100
156
104
122
158
119
157
170
158
116
164
133
103
102
115
112
141
144
101
104
121
117
128
163
173
109
140
152
124
139
163
122
143
107
120
147
113
110
177
142
170
108
130
179
120
118
108
114
119
105
123
125
172
125
150
150
148
135
188
175
144
126
151
176
133
130
156
134
134
128
166
138
129
135
146
159
169
160
174
137
146
140
141
152
153
161
145
148
151
190
166
159
160
149
180
167
155
154
169
165
162
157
164
182
192
181
168
178
185
168
184
175
174
193
189
172
178
181
179
187
177
180
186
189
184
183
192
185
187
198
193
196
188
191
190
191
194
194
197
195
196
197
198
-1
