153
140
113
120
131
136
159
115
169
180
108
132
106
117
135
116
117
106
110
104
158
189
179
114
126
101
139
178
130
114
137
191
166
128
100
107
105
161
104
102
124
154
116
133
129
139
163
100
121
102
160
157
111
133
136
157
119
156
111
101
103
176
138
112
124
141
105
148
141
161
103
138
147
119
169
155
118
121
110
147
120
166
125
118
134
175
109
145
137
144
144
112
108
109
145
126
152
113
177
128
127
123
129
107
115
151
132
186
123
146
162
143
122
151
140
127
188
149
142
125
122
153
150
146
130
189
131
148
135
134
154
143
155
176
168
164
142
150
174
172
167
184
170
177
181
156
163
149
162
158
152
181
170
160
167
159
164
171
168
174
182
173
165
178
165
172
175
179
182
173
171
192
180
185
187
185
183
183
188
186
197
191
187
184
190
194
190
193
195
195
194
192
193
197
196
196
198
198
-1
