117
115
157
109
130
143
188
108
102
149
117
101
106
132
162
166
159
134
160
120
119
130
126
140
103
110
114
143
116
148
172
110
127
171
174
135
147
155
148
103
118
138
109
125
122
178
144
120
106
124
101
145
156
151
112
181
115
107
134
116
160
152
150
100
112
149
105
118
107
102
133
141
131
104
121
144
129
173
123
122
192
111
131
139
136
139
137
111
113
121
100
123
113
145
133
128
114
119
125
126
105
170
104
108
135
179
162
137
147
176
128
154
127
175
154
136
142
138
124
166
129
183
140
157
141
153
146
132
183
161
168
150
158
142
165
180
177
174
155
161
146
156
169
170
151
164
158
163
164
152
167
163
153
159
167
179
168
187
178
175
177
173
176
171
165
184
182
182
169
187
172
196
190
195
180
184
181
191
185
186
189
188
185
190
192
186
189
197
191
193
193
196
194
194
195
197
198
198
-1
