123
161
104
131
154
159
103
135
120
187
136
119
147
177
138
145
109
174
100
100
119
150
140
102
122
127
141
147
129
117
113
134
130
101
134
132
114
158
153
124
103
105
186
170
181
143
115
131
176
150
115
116
112
139
121
107
111
168
188
149
101
121
162
166
111
110
172
108
124
137
107
114
102
129
133
106
138
108
158
118
141
109
154
125
112
110
126
106
169
155
135
170
142
148
151
130
104
120
191
105
152
116
117
123
126
157
132
164
118
128
113
176
157
133
182
128
122
136
179
127
144
156
163
181
125
160
148
146
139
143
144
146
140
165
137
149
187
142
173
166
161
169
167
152
145
172
153
188
180
151
155
168
160
162
192
156
183
171
159
165
189
164
163
177
192
182
167
178
171
175
175
173
179
174
185
178
190
184
180
195
185
183
184
191
186
194
190
197
189
195
193
193
194
196
196
197
198
198
-1
