174
136
133
158
101
106
186
162
123
106
116
127
149
162
105
131
122
131
161
109
100
113
121
129
103
104
143
151
110
124
145
142
120
102
102
134
114
101
115
182
144
193
110
108
104
146
156
155
120
132
178
111
123
112
140
176
141
163
145
116
153
171
107
107
161
137
138
126
153
176
169
177
155
117
157
103
138
124
128
112
193
148
121
109
100
137
122
125
132
165
115
117
118
143
167
159
111
135
105
108
113
130
146
181
183
133
114
139
139
149
119
127
118
142
119
150
189
152
125
126
169
178
135
128
130
168
134
141
129
187
173
136
147
166
152
163
156
140
154
144
175
150
147
160
154
177
148
170
159
151
158
160
168
165
172
164
157
166
192
167
164
171
181
175
172
170
179
174
184
182
180
187
173
197
183
189
179
185
190
180
188
185
184
186
190
192
191
188
195
195
191
196
194
194
197
196
198
198
-1
