123
102
184
130
111
161
138
142
143
120
129
156
152
187
126
186
125
158
133
148
104
105
172
113
109
147
128
103
118
126
127
108
192
139
122
105
115
112
132
135
101
100
101
154
117
110
132
145
143
114
107
174
153
104
119
128
122
106
123
156
106
109
155
151
184
185
107
124
170
125
146
116
115
131
168
171
131
113
137
150
167
145
119
108
100
147
166
142
121
102
138
134
117
144
141
110
136
148
168
170
127
114
103
111
163
154
112
116
118
120
134
121
130
135
157
124
141
136
140
129
164
149
139
171
153
151
146
165
160
133
140
137
162
150
183
159
159
144
180
166
175
161
176
175
158
152
169
149
157
169
160
176
173
177
155
163
194
162
189
192
165
190
164
167
174
191
188
180
172
178
173
182
177
181
179
185
179
178
181
188
183
182
189
187
193
186
198
191
193
190
196
194
196
195
195
197
197
198
-1
