136
131
101
120
150
103
105
163
115
113
125
143
168
130
151
114
106
178
126
169
133
138
120
146
148
129
132
134
130
124
105
104
136
118
104
102
162
160
112
153
117
172
102
100
115
139
110
114
119
101
125
126
138
118
158
119
108
142
183
133
124
113
121
137
103
137
161
107
129
112
146
121
172
111
122
177
122
109
135
116
139
156
148
106
128
159
189
135
100
140
107
169
178
166
184
111
164
109
117
171
159
177
116
140
167
154
108
174
123
110
143
160
175
184
157
145
171
131
155
165
123
128
127
127
176
151
132
134
170
156
142
149
167
186
141
149
164
141
144
147
152
145
144
157
161
147
179
154
150
152
162
153
174
155
166
158
165
189
176
190
173
168
163
185
188
175
170
181
179
182
180
173
194
181
196
180
185
183
187
193
182
187
186
195
188
191
192
191
194
190
192
197
193
196
195
197
198
198
-1
