131
155
103
145
105
158
115
167
113
114
129
159
176
130
121
162
131
136
125
178
124
112
162
167
114
117
120
160
135
102
107
179
137
126
128
161
123
111
137
133
100
122
103
125
171
141
132
146
166
122
120
153
183
119
101
170
107
143
116
108
102
115
130
172
132
151
139
100
165
159
136
169
105
112
142
106
127
121
109
108
106
142
174
101
104
113
168
118
147
146
141
140
129
104
116
118
109
154
144
188
128
111
126
117
179
184
127
110
110
157
152
124
133
156
165
173
135
163
119
134
163
149
123
178
143
148
138
149
134
150
156
150
138
155
139
144
140
160
145
153
161
157
164
147
148
187
177
164
151
152
175
154
181
180
176
158
166
182
172
173
177
183
181
168
171
170
169
190
186
180
186
185
174
191
175
198
192
189
185
182
189
187
195
184
188
193
191
190
192
194
194
193
195
196
196
197
197
198
-1
