489
488
436
400
373
355
347
330
251
250
233
215
73
42
23
450
430
417
350
345
324
298
292
265
236
219
175
109
27
26
15
8
24
353
114
309
76
323
357
342
293
403
459
136
482
105
368
367
111
12
44
360
256
164
183
234
339
241
279
387
209
117
483
120
467
269
370
260
226
432
434
380
198
320
388
5
393
338
155
113
216
303
203
48
228
391
188
159
439
274
331
246
81
167
25
474
244
10
146
239
91
214
69
245
64
196
156
390
70
83
270
40
258
34
302
348
88
423
103
301
202
217
304
90
384
142
252
227
57
398
457
458
71
110
448
168
472
408
22
485
379
435
319
396
30
419
89
409
200
446
268
316
296
437
55
404
161
85
257
221
191
354
333
185
407
414
325
372
33
362
273
118
297
249
223
61
150
53
480
170
208
343
127
133
334
11
165
93
479
230
429
283
386
7
478
78
424
261
218
290
74
406
247
121
263
59
32
38
443
427
243
415
464
19
210
315
466
2
332
254
99
21
481
134
405
45
484
477
471
412
375
52
278
153
496
124
163
94
271
41
444
264
361
96
267
166
413
369
378
174
108
294
327
235
154
92
344
47
460
222
140
359
193
326
20
181
363
137
346
192
119
431
422
392
281
469
266
310
291
425
194
473
286
123
145
199
465
240
225
288
54
28
399
135
492
277
65
402
66
438
178
172
173
100
371
97
383
50
224
35
420
389
75
187
169
205
9
102
449
455
143
77
418
314
475
321
186
329
72
447
337
68
84
441
139
445
177
499
486
248
62
128
295
229
46
493
112
18
115
157
468
442
17
317
101
141
377
311
49
476
151
14
336
335
416
182
262
365
397
232
318
56
470
37
116
220
411
428
231
349
0
300
213
381
421
497
138
440
190
158
495
322
275
79
86
305
189
176
98
276
385
211
122
104
149
131
272
451
340
463
358
31
453
307
410
204
107
313
491
285
461
454
238
206
253
255
287
171
130
376
498
60
129
487
87
162
490
351
39
299
366
184
289
395
126
308
201
195
160
29
148
147
341
3
106
394
328
462
16
67
58
6
242
13
212
352
4
144
382
180
364
284
494
312
259
82
282
125
207
306
132
356
237
197
63
80
43
152
36
280
1
426
179
51
433
95
374
401
452
456
