498
487
484
423
400
342
315
314
221
191
155
106
80
63
41
495
381
319
274
268
235
234
99
95
60
35
17
126
279
2
483
408
376
321
387
215
61
79
240
449
27
359
159
82
326
263
358
333
230
292
290
130
261
48
458
202
348
62
232
143
214
123
147
472
111
438
141
488
3
88
401
310
440
456
287
363
90
435
117
312
399
378
173
407
12
109
344
389
34
477
285
431
172
418
397
138
87
411
301
251
23
7
272
77
139
128
119
158
4
298
354
405
295
429
337
236
233
300
20
21
454
374
132
187
181
382
419
241
390
228
450
189
164
227
386
213
146
297
66
161
1
152
415
296
194
259
398
446
204
451
0
413
461
121
11
52
361
317
167
120
416
249
468
116
278
64
129
294
222
156
5
266
206
330
72
372
377
367
369
432
67
424
105
428
347
65
465
448
353
38
85
68
421
148
231
462
262
346
248
289
252
150
45
217
427
362
49
19
286
425
83
283
460
22
10
443
306
453
334
201
336
154
153
356
29
51
260
459
242
16
136
190
149
273
441
329
50
142
455
303
355
93
307
33
335
199
196
39
14
224
30
177
476
8
485
220
332
276
244
379
212
366
171
59
94
417
293
288
225
392
437
74
43
104
320
169
478
322
270
226
452
360
69
309
395
144
145
406
247
170
115
193
493
174
365
481
75
200
466
70
470
37
81
299
496
178
480
125
349
40
243
444
9
71
55
44
308
254
277
127
78
350
54
165
107
256
324
151
255
47
110
198
375
403
184
203
464
486
246
32
245
183
284
368
216
182
134
364
264
491
352
383
25
250
211
163
434
280
36
473
18
385
238
140
209
412
474
482
499
391
402
192
327
186
89
282
380
162
305
31
269
188
57
304
394
318
58
185
339
135
205
122
302
323
430
180
118
265
157
373
257
208
331
98
409
160
316
103
229
114
197
404
338
410
479
133
56
26
218
281
436
219
102
195
179
223
6
112
207
388
291
92
433
393
439
113
345
13
463
313
325
420
275
237
84
96
467
166
490
137
341
168
422
73
370
176
457
414
442
100
475
492
340
271
489
101
471
253
343
131
175
357
371
108
258
76
384
46
91
15
86
53
311
426
469
42
497
97
351
239
447
328
24
494
124
28
396
210
445
267
