750
579
842
816
511
557
714
567
844
548
524
734
893
942
949
751
747
827
692
537
718
610
890
677
867
877
917
675
513
851
994
608
866
732
950
591
937
815
564
607
523
857
770
637
523
943
702
957
687
681
953
993
737
827
622
565
644
744
851
601
988
864
852
844
810
722
797
724
693
768
620
978
666
753
973
583
505
901
881
726
661
905
835
528
734
888
534
617
760
789
560
729
989
708
634
876
821
963
731
860
919
609
900
645
960
517
804
939
627
784
676
867
833
626
600
914
733
910
568
613
553
803
714
599
758
759
699
778
660
969
606
934
519
704
870
719
906
849
591
680
520
794
748
804
756
893
843
624
870
936
979
618
544
746
877
772
806
914
942
727
529
943
653
612
886
676
826
913
761
779
847
751
628
948
504
947
609
641
512
919
863
815
615
920
552
917
651
929
887
657
620
975
825
671
857
648
765
580
700
573
840
933
909
866
847
874
886
965
688
738
775
852
590
947
831
629
709
839
709
531
862
855
559
728
829
542
981
773
671
898
672
625
553
944
538
924
638
746
705
663
772
696
644
936
876
967
814
998
818
932
595
718
698
578
618
581
724
691
533
960
832
854
971
534
590
855
708
922
713
774
659
575
649
592
509
926
545
833
518
875
797
969
674
603
951
670
601
994
562
606
985
916
869
501
522
990
950
505
980
506
543
727
690
589
619
526
790
965
989
535
953
753
901
598
530
566
956
839
646
982
635
668
526
935
669
653
841
968
800
853
929
923
679
543
937
541
990
948
600
961
865
829
864
532
911
703
614
905
655
657
539
916
825
934
793
795
823
595
593
737
892
522
902
715
959
794
587
527
763
662
500
912
557
535
621
903
754
626
979
831
636
670
889
820
770
549
605
638
673
742
596
680
980
612
897
593
500
501
792
594
687
992
766
997
577
890
528
940
517
891
749
923
951
690
555
721
732
551
968
697
995
560
510
569
539
723
998
818
755
516
903
551
908
757
738
566
883
561
974
656
834
780
809
664
889
779
613
984
639
904
587
520
760
970
836
630
705
540
616
647
880
568
962
631
683
762
579
703
826
712
602
859
649
856
743
630
663
776
646
858
695
678
933
729
713
696
807
733
766
598
720
848
928
538
679
873
681
940
904
660
615
521
884
548
507
976
803
503
536
668
525
688
938
555
576
685
793
882
985
529
913
955
908
784
702
769
643
776
624
711
518
656
830
546
682
643
845
717
540
586
814
652
634
906
556
588
623
759
764
988
740
823
841
848
783
721
954
885
725
981
921
755
777
941
661
513
971
736
629
992
707
563
558
883
786
684
502
716
659
542
533
580
918
984
706
745
813
602
640
872
603
902
758
739
502
846
811
775
938
546
935
514
781
550
678
791
558
651
642
700
972
837
805
774
723
717
642
699
689
982
616
956
745
510
869
899
570
552
728
582
574
608
735
515
547
756
507
767
645
619
918
788
604
509
654
791
544
622
639
986
572
771
781
761
503
967
706
812
931
604
859
878
798
880
762
899
592
976
983
799
991
578
574
894
922
871
895
664
782
584
648
512
861
941
987
771
596
898
973
966
925
878
589
741
952
836
605
946
597
531
719
811
633
879
783
806
506
658
749
641
599
915
521
927
978
683
812
597
631
983
508
894
573
682
763
611
752
571
686
991
888
885
838
789
963
964
964
519
742
777
684
686
707
798
788
817
524
954
716
810
731
900
730
744
726
874
739
853
667
842
939
995
955
665
735
807
736
652
966
909
654
996
802
795
583
715
577
508
514
879
692
685
650
846
830
585
849
627
920
610
674
824
607
820
621
959
801
881
925
972
928
550
787
952
832
562
773
912
957
722
640
588
945
740
504
790
633
572
944
554
730
824
813
802
801
750
635
536
710
958
946
743
840
530
585
632
796
767
792
828
835
691
915
838
863
752
701
672
931
808
884
712
747
556
570
695
662
932
511
632
910
689
697
704
559
882
828
895
673
843
986
819
764
769
554
996
975
537
711
974
856
698
625
926
-1
822
545
576
837
586
669
701
694
547
525
892
628
650
799
710
549
778
571
891
677
930
930
921
862
594
584
748
785
667
821
575
896
780
873
647
834
887
809
614
563
637
658
565
561
871
958
868
564
805
675
786
567
872
754
949
787
907
997
757
817
785
945
532
858
927
961
970
725
665
854
617
582
765
623
987
875
924
819
541
907
666
516
822
911
977
782
515
861
816
693
808
636
768
796
581
655
860
962
741
694
896
611
850
977
993
865
800
868
897
527
720
850
569
845
