838
511
826
869
603
695
583
532
666
549
546
602
581
913
924
923
911
864
848
957
631
610
998
795
953
578
542
890
855
635
697
863
657
721
678
719
780
939
543
893
884
993
533
866
960
948
515
948
707
903
532
768
605
807
617
860
966
866
889
644
965
963
595
722
901
898
764
732
766
599
957
876
577
547
606
763
525
744
743
880
573
531
611
599
582
602
514
693
978
789
522
994
520
834
832
997
854
645
899
698
622
990
772
824
797
509
763
687
886
813
785
513
586
848
517
792
834
950
500
506
981
646
954
753
769
672
786
934
604
814
988
719
698
856
955
703
639
697
591
556
992
945
567
914
879
526
975
839
816
925
564
727
853
677
649
611
749
508
742
545
729
742
962
661
712
681
851
870
959
693
637
751
920
929
842
681
756
650
984
909
955
908
707
554
576
969
713
995
854
582
588
539
613
896
917
984
863
580
971
814
910
536
949
658
704
861
556
785
761
927
614
618
563
918
855
961
672
887
902
801
819
991
695
666
692
682
964
624
594
596
959
625
503
944
849
589
515
581
679
826
636
557
594
567
511
645
690
711
969
670
725
777
561
529
840
787
829
506
680
531
821
773
735
791
976
526
751
766
570
622
783
639
839
841
614
971
986
726
500
747
589
752
810
830
784
831
989
798
938
767
530
800
888
976
842
878
935
597
684
956
722
513
989
821
655
895
544
636
641
731
684
993
985
598
652
604
592
867
823
656
644
843
915
558
612
616
947
701
991
509
810
946
626
627
709
671
947
745
895
702
504
561
884
732
730
862
837
563
705
635
988
729
584
505
524
776
737
651
529
688
804
927
823
770
806
933
731
758
670
516
963
965
702
550
970
624
700
909
540
900
555
724
573
669
548
779
951
716
634
569
788
887
902
765
798
612
970
658
533
540
853
799
889
828
646
690
874
797
912
718
929
683
869
950
851
994
760
535
980
843
650
918
820
975
628
746
777
779
755
618
542
967
953
549
807
954
961
815
828
519
888
521
655
755
578
674
781
915
778
833
900
945
574
696
836
675
979
741
714
968
998
662
523
827
615
668
992
734
709
990
692
864
831
904
819
568
901
609
786
847
553
699
554
825
973
641
770
555
985
601
659
838
809
928
696
568
689
776
712
705
640
510
800
710
844
700
750
951
669
898
717
634
782
917
949
933
919
891
966
757
881
795
524
778
706
623
677
809
686
629
822
868
615
775
890
784
662
637
759
794
543
552
835
943
628
790
741
584
974
946
940
754
683
523
936
503
680
896
941
845
590
668
664
801
937
717
983
558
761
539
713
873
972
583
759
633
787
654
783
762
768
675
941
822
752
930
735
817
907
596
812
643
575
846
699
858
640
944
642
923
845
803
736
659
723
538
627
587
958
849
960
981
747
775
791
593
859
867
687
930
632
541
617
548
856
906
771
734
733
912
905
885
968
630
673
626
534
802
811
833
921
522
527
875
601
553
958
782
876
691
922
507
899
694
647
595
858
824
623
865
885
789
502
570
882
538
597
577
827
616
952
921
878
657
621
977
926
753
937
551
906
916
760
962
598
868
881
564
507
840
893
872
518
579
932
678
936
736
897
728
794
757
748
715
818
673
720
818
648
730
977
873
691
932
541
649
580
607
816
545
562
897
544
574
919
879
883
772
973
629
739
519
525
903
528
708
850
605
633
501
817
852
796
682
613
588
620
806
857
846
592
728
501
911
882
758
938
648
748
812
808
590
922
552
771
920
560
788
663
805
836
724
502
756
585
667
643
803
663
769
652
560
793
708
952
790
914
550
892
505
940
537
925
665
754
865
943
796
638
792
654
703
518
527
546
982
733
716
931
972
913
685
987
676
610
667
566
875
603
964
660
830
982
674
749
619
718
609
942
587
835
721
737
860
880
585
877
894
765
862
934
608
935
844
710
566
694
726
671
743
967
656
974
547
995
565
910
916
534
562
978
987
535
600
621
559
883
942
871
591
571
537
689
647
928
926
857
665
811
997
850
774
931
608
632
892
799
904
557
727
664
572
793
980
510
841
877
642
750
871
514
764
530
660
820
559
723
774
504
516
704
579
517
815
625
586
706
924
651
738
891
607
720
861
661
872
619
825
870
600
983
905
996
679
521
908
676
829
907
576
739
725
593
894
847
837
571
653
874
738
956
781
986
939
688
620
575
711
638
979
773
714
805
715
512
762
746
767
745
780
886
740
630
685
859
686
551
852
740
808
631
536
802
996
744
508
653
528
832
606
572
813
520
512
804
569
-1
565
701
