750
733
552
630
736
633
994
896
555
503
632
788
581
680
530
548
937
934
830
652
948
529
720
932
816
668
505
615
674
779
504
714
633
638
549
725
708
915
668
642
957
680
651
726
579
901
953
683
963
525
597
920
949
588
744
985
522
856
881
922
624
968
543
951
671
919
801
525
763
613
727
735
791
828
828
940
567
906
521
539
504
727
707
830
599
553
812
793
619
805
821
983
947
602
519
983
591
820
899
759
852
609
891
803
901
964
993
985
627
991
943
664
730
770
920
840
794
610
867
598
731
903
590
718
610
625
767
766
501
571
578
917
888
535
654
622
578
909
840
671
767
800
941
804
919
792
572
839
623
925
577
702
788
524
992
575
913
740
742
811
950
892
693
641
785
748
823
975
597
785
955
751
650
620
607
511
824
595
721
524
825
624
876
662
918
833
843
630
881
506
776
765
588
561
899
526
722
634
787
601
926
775
835
878
587
530
554
507
646
734
537
772
986
513
795
567
626
523
736
770
549
709
723
879
926
931
995
819
563
885
927
657
836
756
812
509
742
536
728
607
796
771
746
515
768
760
538
964
938
609
511
596
502
629
542
855
850
637
593
998
924
816
653
817
893
719
538
573
647
731
611
806
664
779
728
544
846
625
596
880
976
626
780
629
784
799
849
614
925
520
618
576
870
697
784
813
616
912
877
665
555
702
505
534
982
585
996
946
882
686
665
801
685
798
909
532
717
753
646
872
747
732
757
995
644
947
966
998
987
863
747
700
758
862
500
895
685
571
658
758
738
546
976
875
586
762
774
546
651
911
915
503
655
855
570
746
552
781
580
780
787
939
775
613
934
992
806
948
778
768
662
952
808
902
547
898
532
712
543
777
867
773
974
987
627
862
783
988
658
879
660
916
715
635
792
612
930
956
516
666
569
559
986
550
707
591
710
966
913
545
764
990
869
956
690
815
521
750
652
573
716
540
803
730
994
819
604
907
871
882
989
778
674
564
751
954
620
810
527
650
566
500
724
930
608
825
681
988
690
601
761
829
602
531
748
973
673
622
513
583
817
885
796
922
786
533
547
752
960
670
694
951
526
542
642
752
821
963
854
667
551
864
717
666
647
564
773
640
659
890
732
908
608
669
826
973
721
734
570
827
684
722
684
815
632
565
914
940
834
959
942
960
905
912
675
641
720
749
704
675
688
545
557
890
911
820
982
851
679
749
615
678
738
921
623
904
808
845
905
844
696
921
701
805
756
989
677
639
739
984
997
558
846
561
655
501
771
832
645
611
682
636
676
838
584
869
754
568
958
556
877
952
612
670
566
822
802
895
560
512
832
804
875
529
733
744
581
659
965
873
844
924
937
510
743
587
831
970
594
692
595
809
892
949
933
557
868
692
585
565
939
886
839
537
687
700
866
637
851
799
776
929
974
827
575
518
563
548
689
694
708
605
914
961
661
519
782
933
661
713
606
910
917
967
512
810
726
673
621
764
586
711
918
980
823
616
713
541
857
740
755
580
814
848
990
539
766
643
544
916
628
531
667
818
522
745
873
560
710
772
649
741
845
645
698
838
558
516
691
829
993
679
656
703
765
760
774
965
672
962
790
699
953
603
802
897
857
872
695
936
628
888
813
520
826
932
797
599
518
945
527
644
697
824
600
517
718
833
831
657
908
502
835
569
954
884
847
871
971
923
696
837
941
900
842
866
753
712
619
997
523
896
574
672
695
653
584
883
979
923
514
814
942
807
938
811
903
677
533
714
621
631
978
798
592
603
688
944
907
859
886
759
906
900
793
693
904
559
972
842
861
887
769
910
517
856
640
853
706
928
635
763
605
723
944
883
891
649
876
874
550
859
781
981
704
669
540
554
689
809
894
572
834
928
789
719
663
946
945
648
729
551
617
678
935
962
636
528
979
735
935
643
874
706
582
508
716
822
515
850
568
984
592
898
699
860
577
782
614
654
837
969
762
865
836
660
510
852
841
853
589
755
687
897
741
860
737
958
574
878
582
955
638
789
534
800
786
858
514
757
902
681
943
975
631
936
884
-1
977
950
705
556
535
634
606
889
598
991
843
617
682
927
957
996
847
972
980
508
683
861
931
593
509
848
961
969
663
725
701
783
968
959
686
676
971
639
865
858
648
583
506
715
777
590
854
795
528
745
576
737
703
600
724
769
618
870
864
691
818
929
754
729
978
761
536
553
507
589
698
791
594
541
562
849
889
868
739
562
743
894
604
705
880
970
841
794
790
807
797
656
887
711
863
981
709
977
893
967
579
