658
557
676
775
605
751
811
788
576
503
725
854
944
757
550
549
532
575
848
886
704
557
516
935
652
772
853
724
614
754
691
828
657
940
880
671
536
807
984
925
695
938
859
628
930
590
515
589
526
997
757
659
770
811
663
793
807
895
805
869
934
731
652
588
905
729
890
966
608
732
506
909
667
785
814
719
992
987
571
680
750
638
714
502
566
921
823
822
758
806
577
685
645
677
989
569
845
649
524
876
656
931
562
824
899
810
842
595
519
947
619
965
951
768
950
952
799
583
532
952
703
864
573
867
827
975
837
755
817
665
612
848
639
983
654
854
747
831
617
813
520
768
558
981
823
906
646
792
501
780
525
839
873
939
774
700
595
561
732
777
625
850
877
570
503
839
684
913
872
808
985
834
517
621
943
774
707
991
681
678
656
922
632
786
685
992
843
869
686
705
927
701
580
910
782
533
979
809
700
862
502
773
970
506
743
594
723
599
771
927
906
575
801
849
797
560
802
739
612
837
569
951
603
898
740
607
705
530
828
965
593
562
933
900
587
699
550
957
551
867
553
548
534
687
829
673
541
911
722
803
504
623
836
959
662
817
706
771
717
957
903
565
690
865
703
517
986
668
850
923
814
564
986
528
526
805
760
518
796
622
674
516
782
809
675
634
901
821
932
505
530
806
825
894
908
642
937
563
525
539
731
767
745
661
584
629
641
746
581
756
694
947
901
740
692
846
722
954
971
822
674
887
547
981
508
775
940
998
572
784
554
844
710
554
711
803
644
928
882
913
800
546
785
559
586
934
980
904
753
865
567
863
591
765
826
959
818
960
543
730
611
898
882
566
682
978
573
779
874
840
580
905
599
643
649
568
628
797
543
770
570
600
523
613
555
963
835
669
556
813
863
549
708
838
568
810
585
844
733
505
695
761
907
733
834
793
608
729
559
889
744
976
589
830
872
816
600
953
932
510
761
926
856
726
762
544
796
791
528
679
900
915
969
955
830
923
624
582
636
894
888
597
736
773
926
510
538
742
639
611
875
718
655
868
605
818
825
540
870
597
704
787
766
985
609
676
933
723
518
980
884
621
683
835
664
738
534
515
661
904
500
511
799
766
577
501
716
958
507
889
579
941
953
988
665
588
937
787
832
827
777
916
996
594
955
681
879
586
592
843
560
545
720
531
968
668
972
788
956
861
633
697
637
754
638
966
930
885
755
666
624
826
840
801
884
974
921
802
606
542
890
878
555
744
969
604
745
798
537
778
653
819
871
912
714
764
897
634
876
975
527
643
991
862
537
990
548
513
558
519
824
737
871
684
512
563
866
636
610
977
615
698
879
847
552
645
945
689
746
924
812
658
620
861
724
633
751
977
631
507
637
521
535
910
982
679
699
593
654
509
764
762
891
728
736
922
602
748
804
647
653
795
769
712
849
635
512
574
726
820
618
902
734
908
541
529
857
583
920
509
860
609
581
587
540
500
584
893
993
831
702
949
719
627
619
919
677
855
868
596
604
544
579
974
778
748
610
648
918
856
535
877
892
627
769
629
772
511
693
888
815
686
790
880
642
941
659
858
917
936
780
918
846
893
968
781
688
987
735
701
973
574
578
866
875
709
924
650
935
852
747
708
591
990
533
531
730
970
689
707
943
789
881
851
585
789
614
919
671
978
545
963
994
911
513
647
565
967
786
718
996
983
644
972
883
646
971
630
914
783
582
739
602
795
514
683
692
682
931
794
820
670
997
-1
984
737
655
715
613
675
521
742
765
821
870
616
617
672
960
942
967
964
881
993
961
832
606
838
833
741
696
522
779
687
936
663
784
896
752
631
988
626
878
760
721
892
735
546
618
650
750
592
721
728
734
945
841
664
950
995
727
738
749
916
508
651
680
524
973
607
798
895
743
688
576
964
928
845
800
539
961
651
994
767
829
657
976
946
717
925
857
711
720
725
706
640
596
626
715
758
763
776
564
756
819
816
808
873
698
601
552
920
504
907
694
710
691
632
666
556
958
522
672
752
864
896
578
899
623
979
542
693
948
804
759
989
917
678
749
938
929
841
915
883
842
812
625
571
946
885
853
942
741
859
962
998
759
640
897
660
939
697
944
520
858
567
538
954
790
792
847
641
690
553
590
601
696
903
527
948
712
561
851
912
956
598
815
982
673
909
615
662
630
616
794
887
635
603
551
709
781
727
514
529
670
902
852
536
995
791
702
776
547
783
667
523
660
836
891
753
855
874
648
860
962
572
929
886
914
716
598
669
713
949
833
713
622
620
763
