959
539
842
976
914
619
634
794
504
590
688
767
953
966
698
891
709
692
732
925
862
861
877
863
903
968
937
646
502
554
659
645
681
525
751
589
780
867
905
912
873
855
532
848
598
667
515
629
533
733
885
868
579
946
962
867
626
593
974
734
718
985
984
819
655
512
930
542
992
887
735
616
889
525
669
546
674
871
984
776
924
881
531
990
597
957
859
677
687
508
622
893
890
837
976
698
736
787
788
557
957
644
690
582
922
662
747
632
501
624
997
981
900
964
811
653
689
591
846
614
782
830
571
617
507
803
523
518
821
831
527
820
841
848
632
974
739
825
591
645
740
760
570
906
666
821
980
752
734
672
620
699
979
883
612
918
579
696
767
673
808
900
502
530
886
641
656
934
683
722
892
753
718
838
805
873
557
659
870
723
745
739
725
830
649
891
812
602
859
910
577
699
639
668
688
967
898
714
702
755
763
692
895
678
595
586
628
827
854
927
703
686
810
879
896
944
963
520
587
553
649
899
580
551
769
597
730
839
840
799
529
654
928
687
760
824
912
721
991
705
838
568
558
709
716
663
614
675
954
543
534
594
535
611
689
952
934
993
906
697
845
757
511
716
732
861
921
509
570
556
990
575
611
944
558
569
506
795
924
675
970
639
948
549
500
717
919
852
898
799
805
882
664
627
691
897
876
860
566
609
589
635
814
564
562
960
676
550
708
677
763
532
816
754
748
971
714
604
920
917
788
961
653
516
865
654
740
522
741
816
504
610
606
585
792
762
730
665
818
910
774
919
775
947
707
528
565
798
569
683
637
708
509
608
803
776
797
637
735
642
784
707
932
717
857
701
655
815
534
564
992
909
684
643
937
713
592
601
571
854
964
832
607
616
595
868
592
743
541
694
771
648
774
810
866
612
500
824
529
894
865
883
858
986
665
696
908
533
593
578
948
843
507
845
510
512
962
622
631
915
552
882
725
871
547
844
638
669
755
862
819
514
811
744
977
806
876
513
576
603
786
879
656
721
682
960
979
941
993
837
985
808
969
765
836
685
634
884
701
606
827
668
605
684
856
518
893
640
594
530
694
733
804
680
814
901
682
625
618
560
793
935
627
542
958
715
551
938
559
613
620
917
915
902
583
590
511
935
660
833
784
820
870
746
576
995
800
965
523
817
851
578
584
789
635
727
528
911
644
841
895
770
998
604
834
936
853
852
715
941
661
574
516
704
605
945
770
738
847
628
905
892
850
796
875
807
768
536
526
563
925
997
797
978
541
897
652
722
809
998
981
949
954
737
544
800
680
727
983
705
647
829
626
949
543
938
855
762
955
672
703
778
904
676
860
783
835
804
807
719
748
932
928
742
586
765
975
712
728
536
872
839
539
621
909
537
771
598
787
987
756
700
550
559
754
519
555
517
764
889
577
758
710
663
724
874
790
501
600
623
731
923
846
929
599
802
790
916
549
506
963
951
840
573
751
566
679
778
869
587
621
826
907
695
988
636
832
777
822
736
719
958
723
921
693
991
933
926
642
631
710
872
563
809
757
690
503
640
652
713
850
657
681
556
920
815
775
671
661
952
599
546
702
658
836
869
828
761
527
522
647
607
583
667
877
685
568
524
968
552
772
567
711
817
537
561
857
515
545
792
783
769
908
842
951
899
835
524
989
526
574
729
513
596
601
986
623
766
670
629
560
505
517
720
975
505
782
720
742
980
671
942
630
961
989
812
726
648
880
572
674
947
831
633
540
791
573
617
749
650
759
786
942
950
946
673
959
813
972
521
795
888
588
745
953
978
896
922
794
930
878
548
956
828
853
567
602
562
940
780
588
540
939
638
520
849
633
700
508
746
801
913
843
847
697
651
741
724
608
967
851
884
940
885
823
548
758
833
943
796
863
625
864
766
535
544
603
712
929
641
545
826
916
972
582
802
581
973
789
753
936
737
834
777
706
553
651
743
596
666
894
866
686
887
923
584
825
531
768
911
565
881
779
806
844
514
575
650
729
678
983
907
864
966
738
969
955
554
600
970
581
933
664
886
580
791
521
630
643
987
793
888
982
996
950
726
798
657
856
875
706
679
761
823
931
547
781
829
903
609
615
538
880
759
691
756
658
914
995
973
764
926
519
772
785
818
555
610
971
731
813
747
904
988
662
749
728
624
704
977
994
510
619
927
779
956
982
996
801
615
752
994
670
503
785
858
931
618
750
874
636
750
822
-1
646
561
695
939
660
613
572
943
773
693
711
585
773
781
890
538
744
901
965
849
878
918
902
945
913
