926
651
842
502
953
736
623
921
706
798
796
767
620
759
545
919
984
923
621
939
656
763
952
730
719
926
590
969
626
543
541
972
843
817
997
645
599
642
940
890
954
867
763
836
912
612
516
873
837
512
733
993
737
592
721
812
804
756
810
617
774
975
820
548
712
576
827
899
829
816
718
735
834
646
852
907
609
572
984
880
740
871
922
955
661
964
682
660
641
600
519
903
585
795
759
562
510
579
823
670
622
696
837
824
685
698
788
963
526
557
734
899
686
534
922
920
733
729
994
751
878
803
590
973
895
728
988
983
529
987
840
542
995
789
929
524
990
510
629
945
582
658
762
914
726
641
941
813
871
779
577
523
853
962
536
528
502
752
873
712
659
544
852
909
929
632
690
569
514
654
991
886
618
870
719
570
702
826
588
823
571
765
964
827
809
965
843
581
794
807
724
643
818
732
639
930
636
815
936
541
532
791
684
778
745
594
893
507
525
776
537
788
556
735
795
836
790
587
696
947
615
771
746
799
564
547
605
935
648
728
574
987
706
536
828
921
550
603
551
619
652
787
997
567
797
881
538
863
761
583
770
550
835
604
689
637
928
605
753
769
917
587
986
745
741
842
810
665
558
863
862
870
918
946
511
848
520
518
505
535
976
947
815
638
784
750
980
959
831
949
583
813
992
768
967
713
961
563
579
539
804
640
740
874
619
978
874
596
504
848
825
971
901
649
760
568
552
774
915
625
703
509
552
515
954
789
860
979
807
961
607
643
612
688
826
725
504
882
942
957
778
811
988
900
854
866
717
506
705
630
943
675
881
722
628
938
960
595
642
800
542
727
742
717
801
811
902
621
814
527
715
637
933
665
725
859
754
604
996
553
592
851
953
754
611
678
627
716
653
709
528
648
634
660
713
846
520
746
720
764
966
798
918
941
721
998
699
935
739
800
942
761
869
755
967
944
511
666
509
844
597
628
905
868
564
610
830
779
915
614
554
692
616
571
684
505
515
882
861
671
655
570
607
821
846
544
613
618
972
608
661
980
674
924
927
818
973
786
714
591
581
904
760
662
615
974
631
546
742
670
560
917
561
589
679
749
534
714
963
805
602
623
597
766
585
960
710
638
500
543
956
832
934
726
888
793
946
850
691
765
695
932
620
910
820
609
940
908
691
635
949
959
593
955
773
538
664
936
931
718
991
741
560
757
892
680
839
709
902
632
775
610
875
819
535
731
702
686
671
838
876
806
518
912
801
675
995
878
831
891
601
703
588
737
700
832
513
707
537
664
777
937
701
777
611
508
694
672
853
557
762
501
668
659
958
781
916
561
906
650
951
630
797
533
582
576
647
527
872
573
920
606
791
781
977
968
896
750
945
695
780
633
966
711
909
666
651
755
896
594
858
548
771
547
768
662
549
551
738
990
613
776
752
573
501
857
508
845
653
704
711
794
574
986
730
693
889
976
677
905
559
766
732
682
981
867
835
879
720
770
855
668
521
962
566
734
724
890
769
624
683
854
780
887
981
747
584
822
635
872
802
680
865
806
606
697
898
683
819
877
731
-1
802
701
840
883
704
616
503
970
634
767
860
865
575
950
516
748
658
829
900
948
993
897
793
803
657
633
875
782
903
864
924
889
625
983
891
614
500
580
834
545
977
601
697
599
756
749
796
786
862
864
978
669
743
849
533
517
985
700
526
913
716
892
586
567
617
808
937
830
698
904
822
906
844
654
523
556
792
722
828
861
773
690
849
764
715
729
893
857
710
838
673
657
938
925
992
817
841
908
948
598
555
884
600
566
919
968
974
747
531
676
821
911
944
569
996
639
699
970
602
782
790
589
833
951
629
622
540
663
859
943
930
784
839
805
572
808
603
856
707
856
876
738
792
885
869
952
577
910
705
506
958
519
540
688
927
736
911
925
563
555
723
957
783
687
868
521
692
994
753
758
539
816
584
513
950
931
969
934
678
799
673
531
956
928
568
743
652
901
744
565
694
916
812
640
549
708
858
757
647
887
965
681
847
845
914
785
982
884
558
982
933
932
898
939
530
913
847
525
851
553
727
626
598
744
522
650
624
687
693
855
877
775
772
646
522
529
580
894
895
885
809
787
998
681
586
636
879
532
503
989
758
575
595
507
554
565
708
562
989
866
608
546
672
888
975
645
894
814
530
667
739
674
723
559
644
514
880
644
923
524
655
772
685
907
649
979
663
748
785
578
689
596
850
627
677
883
971
824
886
897
676
631
679
751
667
656
669
985
517
841
591
593
783
578
833
512
825
