984
963
588
536
678
929
714
917
874
503
769
657
672
918
521
893
638
813
622
654
863
610
669
887
670
861
756
606
651
935
704
777
532
806
870
870
610
523
564
733
823
578
532
618
685
978
886
586
625
899
687
556
591
990
788
898
755
571
525
626
559
730
706
655
770
581
717
951
986
947
833
880
877
976
914
736
505
964
631
880
691
796
521
966
774
539
599
677
627
789
943
912
881
847
759
786
675
979
798
897
781
944
821
855
765
784
764
864
538
817
725
549
828
579
503
846
734
952
921
885
612
522
768
983
939
811
664
611
571
937
937
904
903
905
531
925
715
561
687
904
838
853
558
825
725
849
572
839
646
925
600
962
795
808
753
915
846
696
747
869
797
609
891
975
718
845
723
536
799
608
680
699
989
836
841
981
782
679
674
520
804
582
527
533
685
972
510
621
679
576
740
919
589
546
961
616
955
580
933
729
920
959
667
599
884
664
592
507
586
990
617
982
597
950
542
762
601
587
896
512
748
898
711
560
902
945
804
847
673
506
941
543
674
907
534
986
724
836
955
826
914
901
639
663
593
892
548
758
859
700
653
684
563
604
775
708
913
939
732
857
822
644
566
867
625
696
960
573
570
553
559
752
705
900
640
771
917
726
715
633
976
969
640
698
849
566
773
588
834
656
913
987
651
501
882
686
947
563
967
744
936
915
555
713
811
706
659
514
876
692
694
744
872
890
669
591
754
575
953
858
792
975
700
516
512
668
513
919
801
790
948
948
814
516
602
731
773
621
695
717
631
652
711
732
761
501
632
916
739
662
673
675
655
909
598
959
681
789
608
616
808
678
648
646
580
517
923
807
950
858
724
826
633
590
520
682
979
831
750
813
645
997
889
791
854
768
671
839
658
946
505
648
956
594
721
508
693
537
575
551
941
982
877
827
630
793
613
540
581
560
958
835
869
866
946
666
729
900
576
884
522
557
938
868
611
691
938
791
585
618
650
878
832
748
971
713
511
953
597
547
504
845
600
612
665
707
844
871
790
788
894
831
883
785
810
820
825
602
578
699
984
861
734
583
945
777
653
766
887
515
896
824
785
579
774
718
843
761
617
659
809
951
843
817
561
894
574
735
530
974
981
840
540
957
624
509
634
878
759
824
689
891
883
859
787
868
929
954
528
543
682
688
771
620
778
670
895
507
565
903
823
766
912
812
676
942
994
650
756
533
856
755
529
645
607
694
841
567
627
697
890
794
965
569
799
860
893
944
865
835
537
572
535
743
958
830
978
802
545
688
716
585
821
698
524
727
504
818
596
932
614
745
595
526
829
888
889
928
558
731
742
954
966
910
541
567
983
677
842
577
658
737
544
568
528
760
787
795
855
607
549
814
693
837
985
842
810
803
695
972
518
940
615
749
772
930
668
550
721
722
-1
906
531
910
524
509
992
794
897
500
940
921
899
739
923
751
596
534
852
927
844
707
690
613
879
809
554
970
782
710
819
697
546
909
570
746
924
628
523
968
989
942
783
603
935
815
722
998
779
962
647
636
862
872
553
876
665
798
642
747
701
738
637
614
705
649
630
737
985
987
908
848
662
740
676
974
960
565
852
885
730
500
690
605
996
827
816
639
555
856
517
726
649
657
584
593
998
510
511
988
851
680
968
720
606
545
689
683
556
598
875
671
758
780
875
964
932
961
995
994
988
800
772
681
661
867
760
619
526
742
762
783
642
882
624
733
502
564
863
969
636
786
738
803
535
527
871
965
590
992
654
626
752
592
622
830
807
647
513
757
781
518
550
514
683
712
757
952
710
886
641
643
519
743
751
866
749
918
728
854
991
763
595
708
562
873
796
802
765
928
728
619
933
594
703
562
860
552
931
519
652
971
934
838
601
750
661
714
980
902
701
539
778
741
584
529
544
818
712
667
692
568
851
763
702
924
660
754
920
632
629
767
515
857
957
784
995
769
888
812
582
991
993
850
833
906
587
834
702
864
589
569
557
862
623
634
801
716
776
663
735
805
635
615
943
792
638
881
806
770
819
840
879
604
793
865
552
977
997
780
764
776
926
644
853
709
541
573
873
927
828
723
629
829
901
930
848
832
603
583
704
637
554
911
703
980
936
797
931
628
816
977
800
643
620
508
956
684
963
538
895
745
660
746
907
502
672
850
820
934
574
609
720
892
822
551
530
922
949
753
874
719
506
775
779
973
635
577
548
996
719
973
916
993
767
736
815
922
623
967
908
727
666
905
686
837
926
741
709
805
641
911
605
949
525
542
547
656
970
