571
689
508
726
525
880
819
557
982
650
585
682
505
909
828
612
923
514
509
766
729
650
791
909
977
771
637
724
590
892
764
859
506
979
680
612
998
794
996
885
959
800
642
725
739
846
544
574
704
781
848
645
739
699
524
660
819
537
702
748
823
815
854
803
571
808
550
719
954
702
525
595
667
975
852
692
722
726
521
785
511
609
527
678
760
697
724
895
924
514
878
984
585
730
584
900
980
820
809
720
882
513
764
824
735
946
813
991
528
817
916
543
940
671
731
713
838
944
818
954
782
809
631
733
530
811
937
831
684
983
716
656
656
966
978
925
559
831
840
734
578
630
712
674
608
672
685
648
898
546
766
946
756
658
933
722
561
696
616
648
512
842
548
874
685
969
730
562
847
580
632
528
558
574
703
889
947
985
811
589
892
846
890
898
529
621
829
934
948
502
797
567
582
540
740
791
636
934
700
895
603
617
830
867
527
962
880
902
518
927
588
576
604
910
888
942
736
587
570
747
765
563
940
703
663
851
963
845
754
587
522
625
813
944
841
845
920
738
980
926
960
675
816
666
713
990
752
896
905
606
859
960
652
701
751
950
935
783
887
910
961
634
551
745
707
801
897
573
955
687
593
551
621
943
516
803
709
518
772
581
638
843
992
737
748
596
995
716
867
545
868
662
746
822
978
568
984
925
607
601
928
888
851
989
844
652
657
597
894
692
676
744
579
991
649
839
662
615
817
858
789
641
697
516
505
965
795
998
797
581
637
687
570
770
951
858
564
607
804
933
577
780
952
833
586
668
539
599
995
841
561
788
655
840
881
763
602
631
524
545
816
603
967
513
623
592
848
776
786
501
647
860
774
543
649
721
610
710
860
765
943
592
555
762
776
661
694
891
500
508
624
613
854
635
814
666
520
536
906
900
708
709
579
663
707
655
628
956
864
741
879
549
704
735
614
773
686
635
734
597
719
573
877
668
959
799
785
763
755
894
886
950
522
589
856
843
912
949
658
503
529
580
820
535
912
774
619
727
617
941
923
611
815
712
988
886
795
644
849
531
566
588
759
872
615
533
812
771
507
701
531
723
641
917
761
778
963
664
578
677
761
659
736
767
618
694
646
562
670
920
675
591
901
853
634
822
893
787
902
664
651
520
515
728
893
856
897
558
834
842
728
555
873
688
953
939
604
864
565
559
569
653
958
956
789
871
626
798
790
975
826
672
873
732
968
591
542
832
711
758
952
808
654
855
510
566
780
866
885
552
921
881
572
679
756
519
567
825
964
714
971
832
983
743
967
590
576
987
957
598
742
602
501
628
773
918
638
596
534
740
979
855
896
681
890
862
676
919
721
968
875
749
844
917
868
788
565
757
711
947
627
661
608
941
640
973
690
699
725
575
929
823
568
665
693
768
715
536
680
905
887
599
915
871
614
807
669
908
511
582
600
729
706
569
509
847
674
953
623
981
993
790
972
705
639
633
745
922
796
996
786
875
698
877
837
793
500
630
828
683
997
523
913
870
802
866
987
717
916
883
502
645
632
830
937
620
836
938
970
945
981
889
787
625
936
538
992
794
717
911
706
600
760
918
548
972
738
535
610
517
792
684
926
747
783
627
611
651
768
754
971
861
777
882
622
901
572
556
836
609
759
958
779
646
682
938
804
749
929
691
769
758
695
563
618
620
752
700
904
737
616
805
778
863
550
957
915
907
506
951
777
547
782
504
931
988
718
839
921
584
800
660
874
922
824
577
986
927
720
994
767
708
750
667
835
643
939
876
544
827
698
691
670
807
884
914
503
770
557
732
751
821
976
932
639
769
903
948
835
911
919
993
990
593
526
899
801
857
969
806
837
669
862
994
718
914
746
564
629
686
781
826
930
806
744
932
838
913
642
521
757
537
633
526
989
595
547
805
930
710
678
872
689
949
619
624
653
541
891
942
945
640
935
852
966
533
512
869
644
532
504
821
810
605
973
626
741
530
598
899
553
976
904
833
799
519
671
654
931
974
723
714
507
928
-1
715
849
906
629
827
523
554
679
677
772
673
997
863
554
903
955
690
962
775
532
643
798
974
784
793
924
613
696
970
818
705
553
964
977
850
540
936
606
743
586
878
861
986
681
515
865
742
775
731
750
829
510
665
812
884
659
727
825
982
583
517
961
907
857
853
802
538
779
673
879
539
605
552
753
647
965
985
594
534
688
542
834
575
549
814
784
753
556
908
560
883
622
792
560
693
636
810
755
657
583
601
683
865
541
695
870
876
733
796
850
762
594
869
546
