898
577
941
695
654
553
764
566
652
557
957
767
986
966
997
575
781
571
667
987
631
651
504
776
719
595
585
783
807
758
736
844
657
915
924
825
988
971
964
706
662
694
519
610
770
936
962
959
528
905
717
623
988
865
675
515
693
848
556
698
876
598
690
613
671
538
875
687
631
507
767
758
811
670
708
628
867
917
882
979
968
939
951
614
635
731
840
677
655
681
973
775
711
706
766
903
779
733
950
727
605
677
678
916
853
696
795
921
821
884
563
981
591
782
552
733
723
661
744
895
738
699
581
797
886
596
820
919
712
750
540
832
729
789
912
904
735
648
526
740
860
731
965
759
725
825
572
710
859
572
577
567
853
892
566
995
625
531
578
635
680
807
619
845
795
879
574
945
843
513
984
892
645
688
953
884
995
606
921
569
863
956
818
750
685
615
918
991
794
574
642
603
898
887
583
917
622
580
700
817
755
978
955
563
556
942
840
881
889
906
627
732
829
554
823
952
802
964
996
650
561
955
683
739
893
784
659
808
876
594
780
609
532
611
859
518
529
676
756
512
799
583
796
676
760
662
749
791
792
897
891
719
977
537
991
701
674
575
557
858
832
968
924
549
839
687
916
615
703
612
890
593
824
734
848
720
700
686
580
915
503
969
927
717
931
689
854
640
689
994
722
503
544
958
551
868
690
869
850
926
845
654
614
821
693
947
888
514
806
894
665
724
564
598
627
971
983
862
875
829
857
838
940
812
593
616
685
977
861
643
873
647
541
774
792
878
541
837
944
745
908
837
808
528
939
529
918
944
923
517
985
738
980
992
904
600
760
953
732
789
664
591
805
946
800
630
842
697
946
802
728
586
713
643
649
718
810
746
782
639
901
724
889
548
902
788
982
965
986
502
608
660
925
510
866
681
645
506
938
866
584
608
711
780
658
800
603
765
519
569
978
515
559
830
658
865
505
864
959
544
680
990
657
709
551
686
505
913
692
612
982
755
778
910
873
522
920
502
804
880
697
628
600
930
885
571
656
989
952
842
954
540
913
613
705
597
888
539
852
649
610
728
779
592
929
712
893
905
585
619
694
578
801
919
537
534
777
705
923
747
806
756
679
604
922
561
887
909
970
763
874
810
633
912
629
769
661
759
729
788
582
652
785
830
625
748
776
530
773
555
692
751
826
851
637
962
794
781
770
850
743
565
517
757
811
819
530
715
506
668
883
550
937
632
587
864
590
682
647
532
663
793
602
507
805
709
543
599
684
638
721
828
543
979
748
511
777
594
766
932
990
636
521
765
552
894
827
881
769
849
549
778
925
721
752
878
669
634
747
753
596
634
547
602
775
527
900
911
836
523
833
688
545
512
927
954
524
582
501
707
533
639
857
880
787
886
659
771
890
713
630
790
993
726
902
736
646
987
940
670
601
974
523
882
636
796
972
682
715
856
726
879
822
710
935
510
989
907
835
508
526
620
949
945
570
500
673
565
801
588
703
793
798
524
749
664
783
708
675
699
868
975
667
834
641
967
772
716
573
855
665
744
754
970
622
722
852
560
920
514
849
739
673
617
576
813
518
605
754
501
985
786
828
874
967
772
655
516
620
815
826
984
568
570
835
922
521
629
595
684
718
567
860
626
998
897
626
937
588
797
858
870
762
934
831
823
548
672
542
737
611
623
872
535
695
975
998
958
538
531
573
579
914
764
831
735
632
871
609
618
993
786
947
771
753
730
981
-1
745
604
936
509
546
869
761
980
926
809
509
841
935
716
784
822
542
624
816
534
617
813
584
907
671
867
856
743
757
558
535
891
972
804
679
932
976
559
812
702
815
896
651
656
539
545
899
814
601
660
624
817
908
741
633
963
844
668
704
520
803
773
508
938
669
933
586
702
642
847
637
720
606
648
568
511
928
855
976
872
983
576
646
674
579
930
941
554
761
909
597
871
737
899
558
863
621
768
961
820
943
714
520
704
827
742
974
607
973
762
562
525
963
851
997
638
900
701
901
914
644
895
553
616
948
599
951
581
819
590
785
994
799
592
950
854
847
861
740
536
818
555
536
714
834
562
903
896
798
814
522
768
961
949
791
996
911
640
723
948
928
741
707
960
516
504
533
607
683
906
672
910
956
843
763
751
846
618
790
644
621
774
824
883
877
816
730
653
527
960
698
846
653
809
803
931
734
942
836
547
877
839
870
742
787
589
587
663
862
838
691
957
752
725
666
589
943
933
666
929
696
650
641
564
525
833
727
966
885
546
513
560
691
992
934
550
500
841
746
969
678
