443
426
410
403
351
308
286
226
165
164
147
130
128
73
44
33
23
18
487
482
399
363
340
301
296
287
272
107
106
66
59
43
20
274
202
439
453
324
0
266
349
50
425
92
339
372
307
494
221
214
152
127
101
91
279
475
188
24
218
87
2
492
47
148
459
314
110
393
81
367
78
396
4
97
298
460
330
76
315
177
402
220
67
224
486
13
89
99
456
421
149
216
264
7
206
58
93
169
334
295
36
491
320
49
304
391
429
285
358
234
46
445
29
395
102
446
86
477
432
472
354
457
398
126
254
248
98
359
467
27
336
11
437
427
203
481
419
288
208
484
337
435
240
387
17
258
124
141
311
131
465
305
137
294
331
198
227
263
271
406
210
160
10
397
292
230
171
156
377
62
317
237
14
376
268
489
60
88
239
28
122
245
480
167
470
297
84
447
400
321
431
341
217
22
466
103
418
476
283
312
82
5
471
371
463
134
281
35
438
145
454
180
374
444
335
280
415
193
479
25
139
225
417
228
434
119
105
163
323
424
345
185
30
199
251
70
401
352
72
71
61
16
213
143
407
32
440
366
150
318
162
436
108
112
205
170
247
12
255
275
207
375
483
195
379
273
231
299
90
39
166
319
362
495
85
194
135
6
243
450
394
278
175
405
303
26
57
368
282
120
458
15
478
302
144
109
261
416
190
212
83
159
327
309
433
229
370
118
117
235
383
242
293
353
75
34
153
252
181
449
187
322
270
256
310
8
333
325
461
276
157
65
269
498
238
389
232
350
63
219
53
154
473
493
77
116
48
79
381
100
404
257
64
69
413
342
265
249
178
306
392
3
19
262
173
42
469
326
462
390
348
365
497
452
142
45
332
468
111
378
51
267
422
236
186
155
136
68
464
179
104
344
430
373
260
409
95
474
223
355
313
360
196
369
347
125
209
412
9
138
174
499
284
259
80
140
168
176
96
357
451
74
441
277
384
408
428
52
201
380
132
250
21
1
253
211
385
386
361
146
414
161
151
94
241
129
289
133
40
114
31
204
490
215
54
448
388
300
346
200
172
41
423
121
244
290
115
191
183
189
38
158
343
233
246
56
364
182
488
329
356
496
37
123
328
55
420
113
291
184
222
192
197
442
316
485
455
338
411
382
