470
465
458
454
429
375
355
339
327
279
276
250
248
211
161
157
146
88
74
54
26
478
423
410
376
340
338
326
309
292
271
266
261
259
234
228
222
191
190
181
160
130
89
80
77
49
28
24
7
215
391
199
288
425
256
445
499
449
0
432
260
52
115
452
138
435
38
232
227
476
254
497
219
370
323
357
272
404
206
367
369
330
63
348
383
384
114
406
196
295
240
253
31
155
9
434
393
128
143
121
225
298
360
457
90
413
252
25
307
283
365
33
331
366
221
42
17
300
344
341
494
203
69
287
110
50
133
402
380
209
103
95
72
171
109
204
356
472
280
187
471
453
27
473
382
296
112
332
30
400
324
321
249
262
202
40
35
165
37
459
305
125
451
368
422
245
407
23
363
237
464
372
475
265
36
119
185
184
244
14
92
113
361
62
233
226
306
13
289
385
118
61
484
120
438
180
337
495
1
246
68
93
317
439
403
409
29
66
87
388
389
105
334
231
152
359
397
20
116
373
158
415
405
286
230
59
424
242
349
491
188
163
213
381
308
65
4
200
399
189
328
463
258
297
461
430
73
398
416
290
302
53
446
217
239
100
352
396
162
140
97
469
124
141
145
427
18
480
273
15
108
437
428
149
117
390
135
304
492
456
408
257
387
436
421
236
267
378
182
263
316
21
194
347
98
477
111
172
224
301
220
144
216
264
350
333
57
392
479
229
44
442
75
482
5
351
2
164
123
134
483
10
440
126
282
441
353
55
22
136
496
151
3
467
379
107
419
122
358
150
39
82
243
169
325
6
8
201
85
32
314
450
336
481
47
251
137
354
322
96
94
168
364
129
147
142
342
139
418
101
223
205
218
401
58
293
474
411
315
127
313
488
154
394
41
12
462
76
303
148
70
318
448
193
269
284
179
197
183
192
60
238
426
207
78
48
247
210
56
67
345
294
281
104
46
417
214
270
84
329
412
132
106
466
489
212
64
277
178
45
433
371
493
291
176
166
299
81
444
255
177
443
11
468
43
235
485
455
414
153
490
99
320
186
447
51
460
175
91
16
362
174
395
377
335
343
487
131
195
170
420
102
431
311
386
285
374
167
310
312
208
486
319
156
173
268
19
198
86
275
346
34
274
71
241
498
278
79
159
83
