483
479
460
445
428
421
384
376
292
276
243
238
226
218
194
153
146
141
128
83
75
30
28
13
7
491
444
413
391
387
368
359
347
335
334
255
223
202
184
182
173
150
147
121
65
59
39
9
3
467
161
50
107
306
198
97
14
390
349
268
118
105
200
399
37
477
317
480
188
415
76
168
17
215
170
356
85
230
112
307
159
34
358
271
437
275
244
329
486
63
392
111
382
469
490
26
123
412
186
314
139
473
322
408
62
45
468
165
375
409
108
361
463
423
40
71
48
164
23
383
461
269
183
466
270
405
68
481
452
87
57
209
443
492
99
495
484
2
177
4
394
142
273
251
55
136
355
91
427
27
296
280
29
80
371
171
388
0
44
458
220
16
158
377
103
64
193
351
455
350
499
457
262
299
305
498
316
100
343
304
95
277
32
340
425
372
338
341
414
190
389
117
293
333
438
300
42
130
208
156
10
266
448
237
263
431
287
345
252
224
410
298
426
346
210
5
151
407
106
494
295
43
73
281
318
70
69
138
475
221
250
82
439
440
403
386
327
261
310
222
109
216
166
401
253
283
312
19
15
289
308
328
197
470
119
189
131
92
291
12
441
258
393
385
325
41
400
228
411
129
162
213
432
90
1
86
272
140
56
462
363
199
195
144
180
115
81
436
323
126
249
148
286
192
137
155
240
430
294
18
396
33
254
456
442
370
459
98
52
482
172
366
311
149
214
285
321
49
398
58
6
454
245
212
487
303
353
331
339
493
395
11
134
360
234
313
101
365
66
337
373
174
143
259
60
265
233
357
205
206
496
248
301
157
288
102
74
36
450
379
219
179
279
169
364
21
380
378
114
422
274
402
497
256
348
175
453
201
236
204
465
302
342
191
367
332
435
125
476
404
124
336
260
369
297
120
446
54
433
235
77
478
434
38
420
485
113
418
104
232
89
167
362
61
227
429
110
257
397
160
79
474
229
225
424
78
374
471
20
324
51
406
278
489
185
132
24
319
451
207
264
472
176
25
178
152
211
122
352
464
47
330
309
290
145
344
217
315
93
72
381
241
354
31
203
116
163
94
282
488
8
46
447
127
67
96
84
242
247
53
35
196
239
181
449
246
88
267
135
187
22
419
417
154
416
231
320
326
284
133
