473
414
371
364
359
302
297
281
227
202
198
163
156
151
147
146
134
103
50
37
19
12
493
485
474
425
392
367
351
325
320
292
251
219
216
199
157
126
74
43
33
30
9
470
66
373
39
32
306
262
345
441
46
331
207
447
303
332
369
176
170
287
194
499
360
7
405
220
348
239
377
245
1
316
444
188
347
483
189
166
482
244
105
29
16
53
463
257
25
293
115
450
394
449
230
417
112
446
54
208
278
343
121
42
403
131
416
231
352
259
14
73
247
442
423
184
496
237
349
260
354
479
461
383
79
408
110
148
130
336
490
255
201
164
402
152
370
268
90
182
97
63
432
422
177
209
421
428
327
478
280
285
85
240
154
58
132
283
290
55
330
153
229
139
437
429
395
41
467
415
62
275
145
75
407
375
388
277
45
384
457
83
18
119
169
376
226
481
64
168
51
138
49
175
445
56
241
113
167
117
276
82
155
338
289
477
69
400
48
162
249
387
456
346
443
93
295
234
242
181
401
173
448
81
431
358
399
341
70
357
269
491
89
99
476
100
243
26
436
487
215
380
266
13
158
434
221
31
174
129
433
20
299
322
291
6
471
4
206
398
492
342
185
381
267
197
310
252
214
334
235
118
95
385
451
141
24
256
318
344
372
160
459
125
454
465
195
128
488
288
361
439
183
337
314
159
142
301
317
224
72
91
263
468
38
71
404
356
10
410
495
106
61
270
179
333
409
253
426
60
418
323
76
150
261
65
57
279
284
40
191
335
393
304
258
186
36
308
78
282
87
453
430
68
225
17
116
462
127
324
460
143
149
15
494
86
312
67
107
435
200
228
274
98
218
321
212
222
144
389
329
47
497
11
264
8
294
135
466
469
374
464
455
104
484
190
0
27
236
108
124
340
114
196
80
246
382
204
180
286
171
498
111
300
211
368
326
192
44
52
223
3
122
438
355
140
489
84
458
305
363
136
254
250
210
272
307
378
77
96
203
424
137
161
133
313
480
23
5
28
366
486
309
339
413
452
2
391
365
238
193
311
101
396
35
472
232
92
178
120
397
411
296
102
233
273
412
406
271
34
475
213
217
298
165
248
315
386
172
419
59
379
265
109
187
350
440
94
205
362
328
319
427
353
22
123
88
21
390
420
