465
444
427
411
400
386
381
323
310
285
281
254
252
219
216
194
136
117
87
65
58
44
31
485
468
417
389
379
355
316
303
287
280
257
238
232
192
185
156
114
57
10
162
46
16
283
487
459
101
29
160
277
322
304
439
118
416
382
32
141
186
488
70
300
461
20
495
403
251
174
340
462
475
153
75
187
325
293
208
258
13
108
244
106
53
134
296
395
109
358
438
437
124
306
456
122
200
68
286
265
89
357
483
339
183
103
196
341
243
326
315
180
353
123
424
249
298
499
146
242
182
237
21
373
25
110
241
56
430
148
360
224
435
215
452
90
378
193
342
266
447
228
189
133
354
479
474
203
264
414
463
269
273
225
63
390
121
486
337
466
179
477
69
307
170
59
351
94
142
372
41
481
393
188
11
407
428
27
165
426
17
18
271
338
324
191
135
253
33
104
442
425
126
282
480
453
100
149
107
207
289
150
256
99
312
366
319
173
201
213
221
309
119
432
288
97
443
172
496
152
350
214
441
356
211
12
233
34
37
9
412
64
230
154
145
423
43
38
317
6
321
448
202
345
14
234
301
436
198
274
336
239
222
405
255
167
42
52
429
445
171
137
489
375
3
157
422
132
91
116
236
458
413
409
433
35
166
23
19
431
371
127
367
1
39
0
469
161
159
26
331
204
446
333
457
290
197
268
246
387
177
260
472
62
55
78
328
374
455
83
8
408
240
490
497
105
96
294
401
184
72
421
125
95
112
320
210
295
71
383
397
396
451
359
140
102
50
344
434
81
398
47
399
206
22
181
48
61
178
77
67
402
464
343
231
297
364
318
4
223
7
54
217
276
5
327
227
82
332
113
195
267
248
86
24
49
84
60
365
111
226
292
415
51
493
369
284
388
155
158
229
235
305
247
262
299
363
263
419
352
404
348
199
346
245
380
330
45
334
205
120
80
164
115
139
259
491
143
15
279
129
169
163
130
220
349
261
73
484
175
473
313
440
329
88
79
131
368
147
362
394
391
449
476
494
40
275
311
376
302
460
308
272
250
482
291
98
361
138
377
92
392
151
270
470
76
144
418
218
467
85
168
30
93
410
278
36
406
498
2
450
370
28
471
190
492
212
66
385
74
128
314
209
478
454
335
347
176
384
420
