472
443
431
415
408
399
347
341
286
249
227
222
197
144
138
107
92
90
33
25
13
6
450
449
427
384
345
326
301
291
201
177
167
155
137
72
60
41
117
424
262
451
43
94
334
133
110
447
69
469
379
309
448
154
296
122
232
61
27
499
96
459
91
421
11
104
258
288
224
315
265
439
444
203
83
498
32
218
457
202
42
78
148
113
419
3
297
87
346
285
404
99
121
34
84
452
287
74
372
360
123
228
59
434
146
471
481
130
366
191
445
356
382
300
371
235
464
187
106
299
221
50
200
182
51
458
259
185
266
56
114
100
364
81
171
337
136
231
308
344
183
331
246
195
389
316
485
38
47
440
140
23
237
212
73
350
233
127
179
18
418
54
460
180
370
62
86
63
491
176
205
248
157
426
143
108
109
255
173
417
391
142
369
145
97
284
367
483
44
124
405
432
168
213
280
210
165
307
442
65
15
80
380
151
487
89
482
111
332
275
323
306
462
477
196
119
161
278
21
293
26
14
234
302
149
243
338
403
311
290
349
412
35
82
71
214
488
264
428
164
394
305
36
75
103
242
16
261
226
479
260
357
181
416
348
465
373
169
320
463
283
375
66
343
387
166
354
410
397
95
361
411
274
198
244
486
247
368
385
252
217
215
490
467
396
174
184
277
493
159
5
476
240
378
257
362
163
220
76
58
20
377
204
2
118
22
0
48
29
470
223
407
314
454
236
30
383
253
478
355
125
1
209
312
45
339
208
495
453
489
225
245
57
153
438
256
8
435
484
273
474
52
101
229
276
141
147
46
68
321
351
429
376
359
390
388
303
194
156
175
199
374
414
12
313
49
496
282
37
269
322
325
437
335
28
363
53
298
77
192
112
398
466
216
324
55
139
31
67
115
131
116
39
267
152
395
170
423
430
105
420
386
468
480
295
135
327
446
188
401
279
358
333
406
70
98
433
172
328
409
381
436
413
494
189
263
19
150
238
93
178
336
392
319
272
400
310
207
304
353
342
193
425
330
475
329
292
473
365
128
24
79
441
294
230
254
162
160
9
241
132
4
102
211
340
7
17
126
250
129
251
393
186
134
88
402
270
455
456
158
281
40
422
268
492
271
318
497
10
352
461
190
317
85
120
219
239
289
64
206
