399
379
321
317
284
267
263
164
140
128
25
8
494
486
472
398
366
357
333
330
253
178
72
57
52
193
131
413
301
462
209
119
49
194
415
228
484
24
465
378
466
66
120
483
239
400
449
278
287
46
489
109
50
491
308
285
407
273
175
406
298
481
419
288
464
437
96
488
206
422
322
2
327
382
383
299
174
105
490
350
461
303
195
205
117
222
240
425
88
358
229
370
340
377
417
124
156
302
241
352
416
244
61
75
84
316
172
4
44
111
478
388
274
245
82
414
17
28
254
356
446
432
281
470
176
300
275
363
292
373
266
127
354
115
122
83
90
343
68
344
323
411
332
171
475
243
375
56
63
328
427
473
286
249
242
130
34
387
100
202
310
447
190
107
294
448
368
409
236
101
150
341
81
170
498
67
439
118
74
367
231
421
94
40
38
252
345
297
159
80
196
246
468
97
144
338
223
204
53
114
309
329
430
123
191
203
305
318
168
197
200
167
136
70
181
48
460
393
434
474
224
424
444
65
237
43
165
395
234
214
220
235
435
295
104
59
311
426
380
225
211
403
51
477
402
147
431
29
41
6
230
257
271
221
217
453
152
374
60
381
404
420
102
335
129
372
151
7
276
325
362
23
188
360
139
433
208
482
307
76
429
450
9
54
227
166
314
238
77
391
47
0
467
250
138
440
346
33
233
313
149
269
146
135
385
495
126
16
58
12
103
248
192
87
219
384
251
258
412
5
445
351
215
405
376
480
454
499
189
232
365
315
331
485
185
179
247
14
336
64
1
39
456
13
296
259
216
397
163
187
492
355
264
15
389
410
160
183
455
69
79
290
91
312
458
451
369
37
11
113
62
55
106
20
364
496
18
173
270
36
92
438
155
471
256
272
394
162
459
148
158
142
26
201
108
334
326
319
479
349
121
423
93
463
157
280
73
184
218
137
268
469
154
27
476
306
35
210
392
342
21
452
198
19
177
304
30
265
260
98
95
401
86
145
293
428
32
291
89
141
31
359
255
390
213
153
116
78
71
169
339
457
10
3
396
132
337
386
418
226
212
348
324
45
134
408
262
289
85
42
161
487
277
180
22
133
110
497
371
99
199
442
282
443
361
125
186
182
279
207
143
283
493
347
112
320
261
436
353
441
