3756
3260
4614
4205
602
2364
4884
3466
4463
4208
135
3769
1860
3248
3222
1329
1431
642
1736
1291
2837
68
4312
2738
2550
4016
1831
4070
1090
2164
5032
3420
1595
1836
4736
4971
3468
4877
1492
4016
5215
3425
1167
2701
2282
2955
4149
18
399
4125
4740
5350
2941
5352
4689
3211
1493
1417
996
2714
1001
1763
669
4905
1626
776
2423
3907
3330
5385
5080
1319
61
402
560
2316
2307
4863
4310
4890
2144
1188
4021
2062
105
1631
5204
2923
4935
3376
1371
3037
416
3912
334
4885
944
2773
3364
5299
213
400
1140
88
1399
1736
2497
4916
2803
480
2383
2775
4330
4889
3904
1339
1519
4582
5379
1576
1372
5015
1560
1155
4895
5205
4900
1876
3440
1774
3825
3640
1768
1415
1852
211
770
397
4047
4383
1864
3829
1815
5005
917
4248
433
3881
640
3301
4249
4408
4567
1849
1690
3576
4301
772
4055
751
141
3185
4885
3650
2501
2145
3221
3737
6
195
195
4592
2593
5186
3563
3408
3293
527
396
5003
2906
938
488
1670
1515
4991
3469
658
1927
4612
4133
4739
524
697
3777
3408
269
2089
2857
1851
1710
4407
2556
3021
3720
4098
1757
3470
3949
1427
1834
4719
740
2832
3561
669
1488
2325
4838
5301
1526
3364
3570
5382
3463
1343
1160
1828
3760
4754
866
4403
1533
3825
1045
1892
1541
5146
125
2147
866
4579
1832
1343
2895
1741
2441
4233
2504
4016
2806
4385
330
1939
1029
99
4457
3210
3082
989
2358
4238
356
123
5234
2278
2806
4490
1235
5011
3341
3224
3475
1560
3707
2180
2104
3331
1154
4228
1206
5136
5053
1965
4229
2048
3066
2953
70
3564
4778
3021
2304
20
5137
4677
552
946
980
5105
4907
4658
433
2719
488
4311
4892
568
5021
3572
4070
4980
2477
1095
1497
139
2374
2618
2628
1034
1491
3403
2375
1965
264
3353
3070
699
4677
1435
476
2942
4305
3641
1992
3838
3223
2467
959
5162
3542
3596
2378
4693
926
2837
2722
4480
2313
1257
3854
4971
1377
1867
3557
138
5067
2487
2319
1268
1842
2555
1451
1426
2090
5002
854
4526
1557
5175
345
5064
4585
3889
3581
3012
4198
4760
523
1200
579
5042
1321
1796
2598
4151
4565
2714
5004
2973
3430
1438
440
5000
5369
2627
1828
1346
2176
1745
966
5017
1479
3444
1487
134
4925
5176
1653
1235
3400
2629
4347
4911
4772
1829
4445
2597
400
4891
4456
1759
3250
3626
2207
1775
3171
3691
4059
877
3241
1561
4580
417
1503
344
1421
5352
4597
1464
2269
4803
3888
2673
4097
4473
4155
2282
2408
140
5112
475
4598
4937
204
1372
646
2767
3402
1577
1222
540
2479
4679
783
4325
4238
3339
1602
4718
5290
5309
2066
2264
2801
2654
4729
70
340
70
1478
2922
2883
2787
1903
3360
4515
3299
1076
588
1896
159
1494
5146
1091
3058
4234
1406
2773
1783
561
1462
272
99
806
1433
2600
553
4111
3606
3529
3065
1324
588
1839
1464
805
4910
998
717
2327
1902
2397
5184
2900
5019
2835
1109
5049
351
5204
952
663
2421
225
4089
123
2926
883
1761
3053
177
2643
3952
599
4564
3066
1809
4146
127
558
4786
4592
373
3884
2761
4989
1470
1752
355
18
5207
1821
1408
2954
255
2456
999
4751
2761
4249
1105
4256
4812
1443
3043
3880
3774
439
4490
2328
4754
15
5037
4715
4813
3223
168
4141
60
4638
3153
1839
3056
2700
587
4775
4724
1120
2979
855
5098
5328
2257
3412
3631
1837
1851
5227
930
3112
2319
3888
5093
1113
4060
963
3879
2128
4383
4455
5109
2487
3453
474
4180
3832
88
5049
4552
4519
13
1242
338
2898
2450
1031
5380
1797
3641
2912
1513
4604
4790
527
5389
28
1033
5015
3465
2596
3093
5015
2079
842
4814
1894
1504
5379
4204
34
2600
34
3360
272
265
4815
1180
805
146
5006
3463
5172
1263
1780
4187
4924
4757
5053
3473
1007
4285
2890
4582
1758
2408
721
3441
981
4082
3240
2378
5384
5304
1574
2716
474
157
4298
5288
3240
1004
1177
3013
2999
1531
2747
3238
2621
4044
2202
2501
3441
3687
1574
4616
3223
3400
2775
2577
3494
736
29
1916
723
3000
527
4392
3400
1311
688
5206
1106
1988
1766
15
2563
1227
1003
4713
1350
1036
4743
3450
3438
2078
3063
4588
4169
525
1766
5068
3562
2503
467
3152
2066
2079
3822
1175
3261
2576
2418
4126
3263
529
4066
2291
1762
4322
439
4746
703
2307
3299
4132
4388
4936
645
2463
133
3638
4604
373
4277
330
3837
3170
4514
3378
2756
4328
3188
2115
351
4388
1640
4989
2905
623
4948
316
4353
3837
1397
1551
223
4883
213
1738
3774
2475
1719
1749
2720
5066
995
577
2186
834
624
2686
4143
2662
2410
4478
372
248
3854
2175
1692
674
597
3447
3093
1993
1161
4734
4138
1964
3636
2373
2756
2716
856
5207
1519
4745
1815
2202
878
3234
3492
1407
2872
1154
4534
507
1811
943
3860
1838
1805
42
222
4067
2758
3946
630
47
1837
3216
1808
3056
3345
699
1597
4345
4981
0
2743
3725
888
3375
3888
2411
3009
2307
1987
3553
3853
1707
4737
5363
2743
3306
2912
2908
563
3338
4444
3569
4490
2789
2265
2107
2960
420
124
379
710
1177
2485
5189
524
1
2848
2333
1745
1808
3466
2923
2579
1296
4022
4345
4139
1234
4267
4322
4195
3620
3705
4046
4569
4989
18
217
2872
4401
3317
2369
2334
3213
4784
4938
4914
4826
5046
91
5202
1554
2326
3923
1080
4876
4234
1811
1531
1786
4656
4298
2363
2074
3604
2298
420
3524
3987
3985
2754
986
1154
1630
4271
3408
594
398
2327
476
1782
1319
3760
5214
1227
2735
2908
3542
5068
609
2026
2466
4642
974
566
4099
4050
5062
1866
4785
2369
1634
4044
557
3650
3443
2074
3971
4836
992
4459
264
4197
5135
1959
2077
4155
4505
2305
5094
1919
925
592
2910
2914
733
2019
2940
1801
360
3421
596
5043
2805
3450
3772
4873
600
4638
2180
2342
1395
4435
3726
4486
2309
1244
2064
707
2458
2531
4102
5379
1347
941
1838
3418
4347
1933
1554
2282
4412
545
2500
1821
4456
2020
2264
4240
1094
4895
2880
1930
1302
4992
4711
5106
2929
4876
1302
407
1752
973
4520
1644
5238
761
480
3071
5311
1340
4146
3014
4365
5162
2706
2865
4056
5098
1683
3203
2714
2199
1529
4008
3578
3172
5031
5000
2370
2599
5169
4248
5192
2162
2305
5310
3665
4745
4061
33
1095
229
2789
4815
1953
4738
9
4581
941
2026
1089
1425
3662
980
992
2659
4883
5339
212
2028
4223
2214
1302
1105
2503
2390
2676
2579
2906
3634
3077
3452
380
4761
416
992
552
2112
415
646
967
1662
4900
843
4908
3000
1076
947
4123
5119
547
5186
1589
2999
47
4564
2087
1317
734
3425
2232
2853
3358
3759
3403
1494
158
3477
2333
428
4832
3007
1709
340
3760
1340
1114
2056
4825
4423
5306
5336
3439
4847
3412
5077
2473
360
1319
1123
1322
1258
3856
3524
4120
5162
5181
4992
3369
4567
4014
4362
2109
1583
1444
2364
2514
1768
2478
2945
1152
1758
3450
2502
2764
1233
1845
984
2047
5213
133
1745
2082
4237
2838
3776
2881
996
2597
2898
4238
2838
3043
1431
3036
4145
4950
4813
5120
2531
2123
2249
2837
4365
2584
45
1774
3106
1436
3772
4849
3581
2807
583
635
796
4517
4475
2390
2667
33
42
102
1158
3776
2687
3353
1836
983
558
1045
1253
1201
524
2056
1927
1939
859
2090
2462
5184
2462
4562
1920
83
4124
4661
4239
3366
183
872
135
2921
5207
4638
3707
3355
3095
4887
945
29
1159
4124
2153
4633
4178
4153
4152
902
3662
2926
4559
4070
2663
124
477
1935
1593
2501
4636
4385
1832
3897
711
1945
4789
4895
4059
5229
2299
602
2879
5266
5122
3431
1257
105
579
1140
1503
1438
2123
177
2630
2687
500
177
3908
919
2674
5038
5016
2484
2129
4900
1427
1033
1711
1436
1154
5178
5064
165
2747
4149
1158
1348
940
2898
4888
1519
1026
2124
5385
1518
2159
4955
3123
4082
1163
1016
4478
594
529
1360
3975
3118
4951
646
426
3242
296
4553
2796
1450
3663
4578
1644
2316
2718
4080
3737
3046
677
1647
2503
270
4553
3533
4559
526
3787
2714
5204
1546
1435
599
4132
120
1857
3218
2959
3048
1615
1155
2775
3421
3922
4203
884
3480
1720
4104
1758
4598
951
4725
4081
1905
5364
4368
2115
2647
806
2831
4561
1726
2629
1584
516
1280
62
2083
73
4967
1579
407
4267
4683
1628
3223
5225
4403
1232
1420
5170
1794
4839
1896
1921
1628
4128
1919
2730
1622
1904
500
1432
580
1720
4504
546
386
1232
3886
1938
751
4240
1155
2487
2199
3244
4203
3575
2940
3971
4598
272
61
1858
842
4125
4819
1087
1233
737
376
1795
2399
284
5096
3585
3595
1710
4068
3833
1258
2280
4694
597
2926
149
3214
4141
5327
1592
3112
4056
4716
623
3566
3113
5369
4801
2328
5043
3972
4142
525
1221
1031
1515
339
735
4124
3091
980
2203
3674
4599
4970
702
1420
1965
5213
2842
5177
3170
3239
3774
3037
1390
776
951
2960
4951
990
5228
45
2163
4711
1653
587
1138
3023
3221
5112
2911
2947
2836
5098
34
1478
379
5221
1944
5079
1307
1260
3528
4794
4656
796
1908
722
3566
2563
2761
2078
1935
3752
1711
4073
4059
2420
4746
2473
2886
2407
3133
1897
2924
3220
441
2578
2954
3983
3787
1487
950
4578
4184
4486
2045
2685
1214
803
5340
2745
3493
681
4695
1839
4747
719
741
56
3455
1182
2154
2052
3961
1568
3903
5112
2089
83
3317
2398
1688
994
3744
4123
796
4738
4698
4762
943
476
4552
5174
3472
179
4123
2600
1225
4352
1870
1234
2713
3344
3420
162
4523
480
2186
4425
3958
5149
1859
4524
3657
2802
2213
730
5340
82
941
4678
1431
1296
1155
3228
3495
1228
1167
2139
3550
3662
4525
3472
2903
3218
541
3956
3134
2147
3085
2686
397
5299
1245
1751
4989
4499
3203
1383
1267
3121
2815
3573
2601
5266
4381
1770
918
4633
5312
1198
2261
3695
1930
583
2291
2466
4569
2904
3245
1732
2921
4056
5044
4222
2747
1653
1817
1878
123
3651
1152
4612
621
4376
112
3724
3246
921
1967
1302
3355
2204
1606
5005
692
3743
4438
3832
5377
4368
4009
4226
3445
2069
1328
3324
134
2596
4313
1227
561
770
340
528
3897
4104
1797
3786
3048
623
441
3468
573
919
4888
5001
2432
1450
3037
3657
2186
3670
4305
3269
3581
5216
4418
3956
4074
4558
2775
4517
1516
4243
2506
944
4900
1256
4601
217
688
3604
2123
4839
4374
5056
1418
5380
917
4644
2609
5189
2378
2072
2245
1577
1787
4714
1786
2835
4367
902
2203
3253
1668
2949
424
3322
902
2447
4060
3360
618
5213
3824
3421
2889
4490
1546
2906
4867
4009
5013
5192
3573
3051
673
4521
4478
4788
4117
1256
5312
4496
2389
4921
4381
212
5181
884
4276
5394
2886
4021
1315
1682
806
4749
4214
3318
3363
2596
1002
5122
3162
842
3010
458
2805
1768
5083
4546
4578
601
4552
603
1584
1755
3554
1545
2884
2531
4345
1839
3363
1687
42
3953
4104
34
1781
4788
4005
1942
4579
3554
4788
1973
4516
4436
1711
2907
1993
3447
3240
4824
2801
4923
3631
5217
3078
1271
662
1075
4917
2587
3427
1133
2316
3667
2509
709
878
3755
2484
5202
4733
3038
4473
4095
1361
2529
1986
4483
773
4694
3755
5328
4068
5309
1317
2073
1114
1095
2857
2280
2627
4854
1497
4965
3408
4234
5204
1931
5290
1208
3729
3351
4459
3249
1139
1245
639
2390
4502
4031
601
5124
3462
1111
4502
5304
1372
4330
3992
4446
998
2479
2759
3477
513
1577
270
2122
5340
3070
5381
3974
326
2710
3380
5027
1755
4083
5096
4210
4997
4305
2203
3497
446
5037
5015
2115
4406
4249
4633
252
1026
3223
3112
2184
1421
3445
1492
2342
4233
2456
1579
2853
5061
2314
1601
3046
4965
5057
3246
1926
642
390
2907
155
751
1080
1370
3937
5394
903
4704
2056
1949
3651
2932
4941
1619
5114
903
3485
112
4128
4926
5029
2374
4792
1431
1549
3619
2263
2895
5377
4141
1105
4684
4234
4543
4150
296
4608
1726
1431
3346
2500
1949
918
1659
2373
3975
1022
5001
5106
3741
2079
1492
4423
4688
1730
2211
4072
722
4223
4985
276
1327
4905
3225
3664
662
4658
4140
4293
1811
3412
3255
4318
5107
4312
2987
2906
4324
4848
2747
759
2632
3255
3566
401
4891
1537
4837
4005
4579
2776
5178
2557
2163
771
5112
4897
663
3799
3159
4343
2745
3961
1817
344
330
2344
1257
214
54
210
1708
4401
1029
4032
2667
1493
5080
2255
665
1933
3895
944
2718
2734
4971
4418
2239
2117
910
1766
4365
4608
3915
1784
1456
2507
2091
5352
1534
968
158
4017
633
3411
4955
573
2296
4892
3468
1904
724
2342
3366
4614
4573
4010
2164
4592
2448
387
3662
1943
2668
4363
1317
3597
272
3133
5216
1512
4490
3985
4920
5066
1398
3678
804
4770
225
3706
611
4374
1539
1080
776
190
1967
2179
4527
4435
5043
5278
2326
679
229
3620
4900
3013
4912
2503
3586
3530
3172
3358
1980
1930
5037
2691
1858
4965
5238
4381
4477
183
2460
708
2291
2371
4576
1905
1358
1501
5339
1823
2291
1809
1514
573
2123
1422
2713
2023
2954
4691
712
918
4106
4638
4176
3773
359
1784
2721
5053
2853
845
4612
69
190
4951
2886
4083
494
2217
5077
2743
1558
4437
515
4186
4854
4687
3270
194
1870
3675
4611
962
3422
2713
4512
4298
2184
4684
1600
609
2389
4136
2629
4222
1680
2104
1240
4733
5360
4133
5093
5384
2728
1917
1502
21
4599
1743
1690
730
2874
1156
2967
4518
3991
1284
359
1351
2645
5203
1796
3037
2343
5025
856
2465
4456
730
4779
2785
4789
474
5132
1291
4445
3185
2745
2629
4084
4677
1719
709
3922
1602
1664
4294
4234
1083
3553
5067
4154
256
1778
4863
2072
1752
562
3566
1529
2883
593
3725
4776
2772
1290
3641
112
4494
5046
3586
4291
2077
1154
1694
2539
376
2507
2082
2411
2568
210
4116
2620
3727
1878
2399
1515
4387
2116
2249
5085
2653
6
1834
606
83
4005
2980
4572
1260
3369
3820
4611
1175
3563
1887
4377
3524
383
2592
4328
1257
1140
2175
2807
4012
2514
1730
1214
1778
5345
3435
2397
2469
2719
5253
1927
2211
4787
3569
5175
4197
3278
5342
4791
4779
94
3249
5154
4761
2999
2007
5195
2189
2409
200
4005
1811
981
3966
5196
4938
396
1972
2794
708
88
3212
3695
1682
2255
1808
5342
773
1260
2143
985
2901
2117
3587
4684
3395
2312
2856
4044
1469
784
1742
2659
3468
761
3680
876
568
1114
2488
3986
4203
1
2506
3476
2667
30
2256
2269
2389
1667
2865
5027
609
5047
5234
1231
1704
4310
2869
1959
1894
4909
1055
4202
3901
4043
4240
4691
1111
3356
1258
2716
3439
517
4875
1805
1080
4678
2925
3971
1860
493
4815
180
2449
4511
3556
19
615
1802
3043
475
2506
2962
2078
2145
3225
315
636
2902
4036
2316
46
2474
806
250
4939
2570
121
1198
2585
4155
5204
2418
1499
1456
200
1626
4938
388
5051
1898
2277
4185
2922
1551
711
4322
1127
1397
1497
2074
1925
2941
2186
4590
4846
1832
4704
4877
5085
1966
1467
421
4246
2960
1452
1500
2252
2782
2666
688
3760
397
1842
3701
4901
5082
4017
1541
1008
1622
142
4012
5014
4850
2912
2240
2730
1198
779
1771
2918
4694
3789
3789
339
4803
1792
4021
2483
4080
3481
4717
1963
4293
2872
5003
4572
2939
5093
1916
3160
2788
177
270
1576
1878
2725
3153
2972
3860
294
5192
197
4887
3226
206
4224
3386
4293
4475
127
2177
1523
626
4777
966
4889
777
4874
2186
1592
1113
142
1908
2971
1400
4673
338
3211
713
1780
1598
2021
588
3664
4149
1741
546
4222
4080
3213
3634
4652
1296
4331
2578
4291
1749
4525
4553
1837
4060
2444
4224
4134
3261
3272
5043
1647
3056
5157
3691
1502
3485
4991
4678
814
2883
2375
3896
1537
1978
3775
1763
2894
2307
52
807
200
3445
4790
1867
356
3213
1833
2455
4119
2255
3092
2556
3316
559
636
1515
3573
3760
4278
2551
3078
111
4119
4694
2658
4368
3253
1796
3832
60
2919
3651
1090
2816
5082
740
4271
55
3451
942
2587
2032
3541
3690
4459
1597
959
2363
580
866
2579
420
3305
3268
3880
2449
2269
142
744
416
3477
2111
4081
951
2729
3133
4083
2804
4023
2971
3048
3354
917
4826
47
1601
3941
3331
938
917
3572
4385
1501
3375
413
3051
1794
3003
1838
4559
2204
946
526
52
3527
1811
986
1590
259
4352
3353
4020
5205
337
276
1469
1240
489
5217
3528
3581
5301
5095
2978
779
4145
421
3242
853
4512
966
1917
4596
577
5312
4082
1944
1683
515
1804
2472
1607
945
5075
4997
1738
1719
1631
4776
4559
3912
2735
2214
1201
2472
5337
4365
4069
2629
3467
42
4744
4251
1770
623
1504
4171
88
2114
4718
2358
586
4941
2450
1785
684
2419
3600
3864
3474
2954
4526
3184
4496
4897
4156
2775
5095
3952
2307
3261
1841
1547
1296
4685
1965
4676
684
5290
624
3351
4171
1802
3688
1568
3335
4661
609
4880
1003
153
2643
4784
1784
3637
