3724
968
1313
5019
4593
181
292
1681
1321
607
3210
4242
2665
1120
2837
3375
2399
4150
2759
1275
4049
3990
2748
1189
1138
2905
4917
4825
1965
2836
1166
1859
4385
2256
3058
2379
2772
1092
4988
1767
1764
3153
1007
3756
1751
5278
5083
3306
1762
466
1652
2072
2795
2432
1745
1201
2701
2744
4049
2817
5394
4778
1543
1815
1243
471
5353
4184
1844
3318
84
1415
1515
2738
4832
3770
2814
467
516
2671
653
4248
736
4836
1566
55
4922
561
4326
3688
214
1617
213
2736
1561
4398
2078
1690
4612
2327
4082
2744
1924
537
5048
3978
1640
5176
4290
1427
553
155
770
2865
441
4388
1917
5074
542
1937
3153
555
1589
5088
1132
3363
4134
4548
5157
1264
2808
4948
2456
2625
135
4208
5171
3248
3903
3130
2889
5340
3977
4883
2801
1348
500
340
527
2794
2418
2755
4689
4116
4078
5176
1256
4840
1515
3435
1708
2932
2592
4566
4072
2545
3234
4077
5012
1595
4091
4946
3217
2232
4520
803
2102
4971
3316
1917
2830
2245
111
759
4518
1133
1187
2887
500
5327
1901
5206
1140
1962
2467
1398
2135
1738
5049
2264
325
546
1807
3553
5301
4475
4950
1517
4761
3538
1927
5083
3523
574
3044
1304
4693
1526
4812
276
170
3056
3446
2343
4313
3370
4202
401
2202
5349
1157
100
3056
4328
1723
2743
4207
2686
4880
1095
2108
2842
4129
1695
125
479
4687
4601
5362
577
1266
1443
5072
4412
2462
4065
2747
4849
1840
4469
222
3708
1425
1529
6
1821
2122
1178
4581
3758
4517
707
4495
3602
1782
1336
3066
531
496
4855
3706
5207
2977
2062
1516
2389
5020
3707
2593
1606
2054
2842
1434
1763
3235
5017
5378
3235
1756
561
3346
4797
2188
4238
1797
2972
3674
2842
250
1479
4776
1513
2940
5342
158
2713
400
2343
2922
4022
699
3524
4144
4465
3184
967
3185
4761
875
4383
2979
4492
856
3777
2735
1963
1924
48
2545
158
101
1537
1207
4522
1114
1626
3641
5162
5350
1033
431
3674
3939
356
689
2739
2958
987
1924
1340
18
3210
1663
2239
5178
1784
4229
3309
1265
546
1648
1798
4954
3106
196
1431
3720
995
1776
1546
462
3477
1198
3907
3424
994
4322
1902
2914
2083
974
475
3386
1773
3886
2114
21
3707
1834
1790
3040
3883
3422
1514
4264
4203
1142
2159
1859
42
440
2942
2710
1512
4047
5132
5178
5382
1490
4387
1942
3820
4860
351
3993
55
4083
3856
529
4950
2827
3339
159
3418
3975
3558
773
1936
3363
1739
500
2269
2900
834
3881
1272
4478
4108
33
2716
430
4925
3789
3761
5013
1322
2164
3273
1926
2994
717
2647
3952
735
3837
4289
1727
2737
3865
724
4874
3822
560
736
3986
986
4117
2599
1052
1
4754
4314
855
2076
1252
4849
3604
3324
2848
2454
1327
641
4938
1488
4060
2473
4061
1784
4784
843
1541
1530
2647
3185
4827
1795
1281
583
1233
2981
4046
4698
2422
397
3274
3451
3604
3307
2940
4065
4171
2454
2360
2304
407
2874
4578
3601
4294
2921
2313
2656
4557
4238
134
2479
3550
3120
4229
3799
1639
2949
3973
2465
1619
3300
635
3249
4644
1163
751
2115
2423
1746
1768
1590
3043
2108
4169
1252
4572
4792
1916
2025
1115
1961
1844
640
3947
545
2667
1824
523
1490
326
2173
399
4184
3538
4392
4328
2455
1769
4074
4580
4631
177
3555
3755
134
3600
3435
3554
2919
2863
1106
3839
1860
3585
2673
3319
4737
117
1139
2107
4238
5278
1864
1431
555
9
3744
4134
69
316
563
3650
3225
5309
2188
2490
4129
3865
427
4458
5136
4864
1980
5090
1837
636
4675
4846
722
4840
1438
1561
1949
3292
2691
2685
2214
1189
1161
1275
1452
3418
1876
2246
4518
2361
3302
2159
1193
5097
4089
1782
3400
3737
2706
3529
4380
3305
635
2469
1934
3369
1268
3555
1376
3354
5013
2449
3721
2363
4076
2223
1968
778
3922
3786
4312
1152
1711
100
1859
5002
2801
1323
344
2570
2301
1311
1080
2655
3900
4504
1640
430
2674
2408
4746
3160
532
1742
713
5189
1568
4590
3072
3889
4376
2141
4685
2295
966
2842
4968
433
3315
1640
3245
4690
1402
3158
1481
4445
688
5127
601
1257
740
4673
3036
2972
4302
4762
5132
2455
968
4398
580
4803
4904
1406
124
4132
4985
2489
523
1228
3587
3483
1770
4895
3244
1415
1740
15
2552
2563
2557
2667
3170
732
206
1311
2473
3922
346
2936
1229
3774
1423
2789
3947
4470
4761
2879
986
1347
295
4846
1901
5175
5352
4794
599
5036
4860
712
4792
1842
778
2773
4198
3473
9
4988
2805
3076
596
3595
331
2320
2407
1504
451
2887
2734
3633
1222
4017
3771
1962
2794
1160
3523
2869
1161
4591
1730
470
707
3255
3914
2455
4744
214
2857
4463
736
3267
4840
4746
3566
3566
4251
2454
2888
3952
2601
4416
1143
2807
1879
921
1243
5217
4278
337
3687
1924
3037
343
3010
4755
5049
2411
1346
283
2079
2079
2418
315
1434
3824
2806
3530
4640
83
1020
2153
4009
1004
641
2977
814
3421
1417
425
4737
491
1397
3986
5266
4486
1353
1653
262
1406
1178
103
1866
2327
5088
5087
2782
3908
2495
2456
1812
1921
3396
1208
1119
5078
3350
2902
3365
3388
4913
1804
1963
964
2794
2551
2608
2883
3241
3084
3747
4074
4238
4937
2673
4471
1154
2019
5206
3533
1794
1256
153
1531
4735
1792
856
225
181
3532
416
1844
1123
1166
3561
4906
1670
2698
963
1925
61
2588
1807
5078
4904
4021
1992
263
3549
4901
2164
1177
4917
2447
4970
51
4636
3773
5092
5082
1226
5382
1804
2987
4228
466
3443
2710
4941
1640
4543
5162
3743
3240
5024
3072
3943
5292
1512
947
730
1136
406
2167
951
4446
3406
3134
1874
1089
3345
1804
3578
140
4353
529
1801
4970
2746
547
573
706
990
2488
2843
2454
4292
1132
2592
4888
4772
2159
2545
1707
1771
581
1156
1595
3727
416
4559
3906
3449
4313
335
4827
3400
4698
586
3988
400
1738
3600
3215
2202
3737
196
5349
5147
1743
5076
2555
1311
3067
47
500
642
5041
3879
2837
1230
3885
1693
1289
2659
754
677
872
524
3369
3640
3226
1224
3585
4276
4608
1105
1840
4987
1750
4205
4113
621
207
3330
1593
2233
2481
5384
2859
2906
141
2549
5343
2500
1963
5070
223
634
4949
5027
4505
2748
4855
1757
4388
3761
1701
2256
2073
703
5173
1123
5068
1634
1543
3949
4980
3294
4676
2856
1201
614
1102
2240
222
44
906
708
3350
907
5376
2082
221
607
3244
5149
1627
578
3435
4075
1208
1244
334
4636
3270
2727
4197
439
2919
3586
4009
4406
2069
358
3172
68
1034
1023
5137
4915
906
3420
2775
5011
2163
615
4144
5353
3131
471
547
5083
1258
1822
4762
1008
2366
48
1878
3421
2479
2135
1302
682
2456
500
2434
2154
4289
1159
2667
4557
2307
1879
1271
3335
4027
1765
3633
5153
1201
712
2108
3659
5119
1966
2490
326
4031
3687
4082
2409
1842
3036
5027
759
4774
1263
689
1401
2765
2656
3898
995
2878
854
625
4964
1343
3756
3116
4228
4758
2214
266
1291
339
3161
1941
5225
737
51
2420
425
474
1270
58
1887
4657
5057
2802
4466
441
4914
4090
2674
4774
3898
2629
256
1479
2621
4608
1004
5192
2062
1557
2328
3449
5109
1370
2949
1513
3630
4016
4176
478
4527
1831
5005
3078
1602
3085
2500
4250
4836
5050
4210
2903
4895
4382
83
5093
1497
1456
4734
3755
1643
878
2180
4597
677
432
1643
3639
3554
588
2479
1175
2669
4468
2180
4905
2847
2081
3659
1665
3050
5234
4819
3856
1350
3656
3737
601
18
1793
3464
4846
4524
3639
3160
1724
1783
2911
398
1858
2077
1822
4819
5362
2152
2712
5292
2023
636
4584
3057
3988
1592
3308
1399
51
5212
1943
2066
500
3665
3240
5040
5088
2900
4208
4746
3466
1315
4486
2147
1668
2106
4016
1597
4412
951
740
614
1206
665
1094
3954
3293
4291
4409
4466
5013
1690
4527
5132
4100
4753
2077
2722
4825
416
1407
3271
642
2945
1812
2982
2062
920
3555
3411
1960
4151
5214
3527
361
183
2857
1768
2556
5137
4525
4426
5215
543
5184
3777
2922
3402
3116
2815
111
4692
1482
4577
1246
2224
1432
3228
3663
1776
4580
163
1333
1771
1154
262
2826
1639
493
1256
1229
2767
4292
1487
3774
2982
963
4797
2144
397
272
4575
4694
3091
1033
4915
2109
4455
2144
500
5227
2990
3695
1350
1765
1222
3570
3953
157
3130
3453
2740
3766
4505
1482
1702
1940
5172
2420
2185
4784
4926
1756
2926
4734
73
1176
3830
3221
3567
4992
2358
1531
4115
3621
4800
4738
2466
1928
5364
3997
1894
4790
3433
1729
2979
3072
2419
876
4946
4567
3229
3720
3294
1120
5319
4682
1433
4892
3495
4553
4908
5192
3401
1543
4180
4516
1302
3850
4425
4830
4142
2843
1860
5175
2628
3295
4788
5208
4368
3636
4756
4790
4661
5174
2422
2545
1811
2139
4096
84
2929
575
1688
441
1208
4757
2297
4121
1822
1445
4091
5288
1418
1465
1206
3071
4456
1036
1897
1198
2344
2107
327
2252
2730
574
3236
1700
4142
1089
1095
4506
3802
3557
2905
2815
3026
1417
216
3557
772
3559
4557
2871
3910
1321
4040
2729
3440
2473
5394
2747
2940
4696
1724
2383
2869
2677
5071
3760
3020
3988
407
3913
4964
344
2233
5170
2929
1959
3559
3533
993
3335
1923
2673
1514
3134
3680
4785
4480
1554
20
3380
1780
3152
402
3598
1799
2936
4107
1228
1533
5201
1761
3344
5299
1704
3586
1132
4142
4367
1745
4598
1935
334
4855
4913
3360
3470
2411
1736
5189
1693
4522
2942
4344
462
1175
2025
3856
344
516
1583
2379
4826
2619
4427
170
387
4786
4483
3523
4749
3316
3880
1749
375
4146
294
1659
1709
2495
2340
3770
2611
1360
957
754
3954
2559
4226
1324
84
3464
5163
2559
1550
4112
3553
2576
5361
3975
4592
2796
1370
1433
3202
734
1350
3264
1695
515
3315
5109
2665
4075
3129
1667
845
3301
2466
2990
4993
3483
2081
1370
2718
2653
3448
4120
4684
4863
2298
3342
3322
2177
982
94
2596
1
4195
4478
4480
3079
2007
4684
3000
4594
2163
466
4884
214
1689
1567
1816
4904
4775
4119
1924
2568
2558
1840
3236
5209
1668
1275
3797
3129
737
2857
4981
2910
1408
3952
3355
3320
1978
771
2902
1408
4418
1214
1043
1016
4238
4745
3341
1927
610
4517
151
4830
2073
4762
204
4306
4939
1828
3380
2904
1422
1933
4989
1630
680
4177
2656
4561
1149
4836
1639
3988
1919
4313
2584
3160
1793
3455
1136
4032
5376
3216
1189
4548
1152
3722
4749
1787
3160
507
5075
210
1158
3263
4606
3007
2716
2372
250
4528
1629
5319
1094
4444
2958
633
467
4800
2047
5045
5149
3306
3986
515
885
1870
200
5306
4744
1684
999
1534
4557
941
4633
2460
1108
4575
3051
2911
3320
3832
251
3077
1928
1520
3154
4291
2188
446
2547
4725
940
878
3480
2372
1518
3772
3007
5327
5195
1955
1826
1667
4557
3419
1279
3701
4070
53
1336
3431
1658
4347
2914
4413
4778
4046
5266
921
961
3627
2691
1726
2277
1243
2909
737
3865
4689
1551
107
278
4224
1844
1358
1499
1442
1155
3663
1420
425
4476
761
3378
1233
1792
4901
4892
398
404
1921
2358
467
1959
4906
3551
3396
4815
139
682
924
108
4970
1933
4497
2671
1488
713
4184
355
5317
1843
4683
1336
3670
3228
3885
1402
5161
5319
3480
1791
4497
754
3188
250
1577
4148
2081
3948
4060
4595
4675
1290
5106
9
2105
3706
1617
4990
4238
1567
3673
1493
4566
1490
5120
1122
417
1640
1664
3636
3975
2577
2497
3376
315
427
2920
405
3092
4155
1568
2890
1708
576
5105
4889
206
494
1085
4080
162
5388
5184
166
5029
4832
3472
1193
2207
2859
442
2179
5238
1273
4322
1695
515
3789
3595
2255
1478
2643
1804
3240
1592
5309
4925
2658
4986
1593
101
4596
701
2888
1695
4658
1014
4482
4889
45
3095
1704
451
876
4946
1638
1234
2069
3620
1792
907
4310
196
1600
486
2361
2794
4891
2307
4098
1009
583
3315
5044
3829
2668
1473
4248
197
1857
540
5000
4849
4036
265
5337
2144
4585
5124
2747
5002
1244
5336
1664
3335
1123
3474
886
2240
4772
2729
3159
1023
3058
3462
2826
4593
5088
4122
784
2592
983
2764
1087
2066
3493
4437
1493
373
1679
433
712
4675
848
3170
500
1867
4298
5281
744
3639
3009
2556
2939
4495
986
2320
1328
4205
5157
1085
711
1002
1232
2591
1823
703
5222
3987
3952
2104
4271
940
3856
1864
2152
3185
1518
3675
713
1089
1160
2794
1481
4991
599
1918
2367
4519
3532
3004
2979
1844
3378
441
689
139
4198
3324
1324
3130
3131
4846
4715
4239
1163
3825
906
2760
4031
682
4892
2139
1953
3776
2483
3753
739
3987
3070
2340
134
4997
4343
2576
1177
4675
2456
310
3471
3559
665
4176
4735
4070
2167
2024
712
4704
4740
4411
2759
4716
3884
1014
5311
2559
1935
1647
4124
1823
3637
4423
4347
4917
2309
2884
3775
3282
3140
3758
4066
3618
1631
906
803
3238
2972
968
59
1372
2504
2663
2601
4783
4183
1301
941
5099
4791
2619
692
3324
2265
1155
4366
3238
1898
1014
3597
1681
3850
3214
3707
2068
1568
4860
1769
2678
843
872
925
1094
3898
1492
1754
5122
3889
4084
3670
2743
1739
3378
4862
5353
3883
1775
360
3665
2564
1004
3822
1231
1158
222
2465
4113
2309
1417
3037
3294
257
888
2999
1992
1481
3248
3799
1069
4113
4612
328
917
540
4991
1421
1398
388
2472
2915
2180
4893
4907
2929
1664
1340
157
1152
848
1849
3575
3429
2056
1175
3316
1770
2754
4382
3083
587
1488
4413
2971
1231
5051
2504
4478
3154
4115
4909
4955
360
2759
4546
527
3977
2865
1703
1724
1688
1899
3246
2504
576
2082
3094
592
3600
4661
1323
4289
525
4614
804
4412
1390
2026
1896
5066
2658
3444
2265
1140
85
278
3446
3440
2949
4715
3896
4249
2584
4604
1055
4314
3544
1416
3352
1313
5005
1351
776
475
2334
1301
4277
420
834
3453
4477
4565
4733
2744
1638
5201
5001
2772
4111
918
2223
1280
3171
1680
3185
1188
5154
1887
3797
120
3903
586
4548
4046
1619
1360
3988
3051
578
4638
5172
2816
2361
2653
4596
2936
3203
1026
2883
1490
2620
1601
2093
4016
1076
2760
541
4187
2953
699
1489
2910
1004
984
4549
5153
4102
3542
3428
4040
5031
4599
2895
3787
1887
2787
47
1859
4224
4826
1701
4343
4562
607
3493
2470
480
1535
3293
2327
3600
5304
3433
1595
2576
1462
315
2714
5169
2481
4988
2580
1128
474
4205
5123
1653
2032
3483
4272
1558
2377
124
1321
2291
251
7
1045
4520
4700
1141
1284
2618
2091
4082
1074
2165
1695
1556
2645
2941
2741
3908
1370
4290
268
1501
4791
1836
4384
5235
5015
2645
1475
2333
982
2301
703
2714
5378
3000
4081
4988
1254
2087
1841
1808
619
1743
1598
5238
4230
310
1423
3904
4971
4040
2559
5235
2360
5312
3212
4195
3011
486
4785
1191
4504
707
3687
1627
1834
2838
259
3576
380
3295
1927
3211
1566
3923
3492
4569
4691
1313
2215
3627
3043
1823
2598
3838
4614
140
1421
491
1402
3043
3073
1806
2926
4704
338
4791
207
5374
4276
4151
1075
427
377
3234
1074
1901
399
2252
4496
4506
5006
1256
1479
3064
2628
1739
3410
2578
733
523
5209
252
3864
2390
4772
921
1256
262
2664
2756
2504
1020
2796
4693
4300
3884
3427
1681
2698
2295
619
2745
3541
4423
4301
3991
1456
3278
3759
83
3824
3771
2902
2808
1807
1473
1746
3536
2595
4910
4140
3952
1823
2487
1266
4791
2981
4446
1652
3850
624
3811
5021
2802
3904
4069
3908
3606
3435
4240
592
4195
3493
1193
5056
2577
2243
2551
2363
1843
2007
4277
1111
3529
2415
71
4050
3606
4950
3110
3044
2390
1679
1470
1358
2715
3720
3235
3473
2277
2410
3110
3556
2974
4544
48
5121
2199
692
4179
4652
5208
295
3160
1817
2100
4504
373
3940
3670
2776
2766
735
4595
4674
2655
3131
5204
2600
966
1837
2936
441
28
5095
4854
1935
3353
525
2627
2887
2842
1466
1558
168
3774
4884
1796
2990
2358
3893
2460
1760
999
2116
383
4406
270
1482
5107
4294
4981
1800
1964
1836
4763
2047
4793
2244
5233
4787
2056
991
4801
4830
561
4567
2201
4356
2083
3123
5093
4681
3443
1128
5385
3752
4406
1570
3238
458
2859
1754
2215
585
400
99
2921
4046
4022
3756
4599
4136
1815
736
4322
2727
4683
1333
1934
1490
2007
3442
1560
5027
2927
3303
3248
711
903
4711
603
2153
5077
2389
2451
2838
3576
2100
4606
2325
1535
1917
2245
2981
4049
1267
5075
1319
2374
2376
2945
3443
4469
903
3567
4907
374
1074
1841
919
264
1132
5011
1348
1619
529
4471
984
2970
1959
1774
141
1779
2155
3896
2367
273
4108
3360
5339
1452
3386
3983
3595
1965
4516
4740
1992
4595
4559
3882
2113
1546
5154
4971
2277
903
2627
2026
3403
5247
3170
4033
4791
587
3013
3905
4687
4468
4803
55
3301
5076
2026
2665
191
2066
3549
4917
1820
131
2376
1955
2466
2739
1014
596
1109
349
3816
1296
1259
4769
842
488
1201
2106
623
1275
2568
8
2895
