5229
1126
1792
3020
2895
1857
4013
3664
996
5175
1923
3823
2931
1407
2684
2468
1335
2734
918
1489
1109
730
3566
4772
1328
4425
2959
4887
3430
2568
4507
2578
723
2358
5384
2578
2889
3889
1279
542
103
5202
3550
3797
1963
386
2408
2199
3056
854
1010
2886
2165
1752
3619
2914
2374
4502
3239
3816
2102
2223
706
4742
2924
257
4368
2949
1930
4127
4770
3905
4225
3370
4149
680
1445
2462
1126
3380
1175
3557
2630
1874
4612
685
2880
1514
1333
4573
2827
994
4787
4967
3238
2087
1730
1814
5077
1767
543
857
1250
2579
1230
251
3756
1350
528
872
4501
997
4096
5201
4142
5184
2564
5036
3227
703
4040
5338
771
489
3955
4830
1323
4577
1704
165
3445
3720
4107
4036
1590
1258
5163
3153
2568
2257
5099
964
441
3902
4896
1537
5218
3585
1938
5201
5214
614
2109
221
641
5066
2707
3639
1754
4468
602
149
4739
4494
1933
1246
814
4519
5162
127
1630
4203
4453
2971
1797
2207
23
3299
2383
1616
1681
1767
4803
2074
3050
1310
3564
2318
1301
880
3403
4102
3908
3220
3972
5174
1322
4579
5127
599
60
1240
1771
5282
2458
4207
670
804
2676
223
3171
5215
4917
3553
2204
4376
2026
5339
4088
397
537
1488
4264
993
3303
1749
1504
2716
144
2729
4633
702
1257
28
5344
4917
733
1749
2789
3598
619
717
1302
1402
4277
2479
3536
2691
5157
3043
2911
2655
4425
5381
2366
3084
3441
2853
340
2754
2314
3359
2748
4652
4599
3416
516
4943
4534
3675
3451
5022
938
5233
3370
1426
5073
1140
1843
2841
529
5237
1623
247
5207
1488
4325
3639
1114
3604
225
573
5169
1566
738
1475
1774
1935
2901
4581
4251
4418
2579
2025
180
1902
3244
4880
3722
472
265
4083
397
1921
3223
614
2830
876
4085
328
3241
964
1829
2755
3453
335
1615
3359
2256
1234
441
1090
1940
1436
4788
2728
2878
124
491
704
4444
2128
2078
2282
4640
581
3541
551
1869
331
1543
4876
3635
1742
1736
3899
5073
2926
646
2374
3344
3832
580
783
3744
2066
2908
540
1149
248
4415
4122
3064
5177
2921
1229
4911
4679
1106
577
478
62
5149
513
2548
1803
5388
4072
2109
2921
3119
1841
2756
1233
2843
2658
2420
3469
2919
4838
165
662
213
2367
4241
371
144
4792
2584
4185
679
4938
3271
4324
1290
1916
5385
2584
3449
1408
4284
1878
3216
3452
4790
3056
3072
4862
2830
2595
4555
3282
1986
467
4425
2186
488
351
5108
1075
2767
3640
3453
2485
2274
829
3316
4088
3820
4089
1947
84
5344
3914
744
2064
3462
4863
1768
5149
3048
1974
7
3758
1574
1275
5005
94
4081
1589
562
4900
2480
207
596
5093
2979
2064
4472
1155
162
1838
3007
2588
2233
131
4315
902
4107
2796
553
4504
3401
4427
4077
1658
3397
266
2897
3273
983
4229
5122
2549
4741
586
4836
4895
3012
379
4901
3245
2421
3901
5032
2409
5292
1208
582
2164
600
4997
834
3447
3291
3472
920
2765
106
2056
4495
3907
4819
1083
3554
3586
206
3076
3940
3958
337
500
1778
1739
3023
4986
1250
82
2767
4285
3217
3667
4897
1520
156
4572
1776
1232
1372
2941
1120
2925
1519
1781
4222
2608
930
2218
4115
4315
883
624
5218
3378
3597
4130
3824
1949
3119
3906
1158
398
2361
2848
1184
1193
5040
1234
441
4860
491
3600
1049
4554
3305
3626
1270
2914
4837
1138
4050
3755
1435
4827
165
764
4955
1093
2023
5070
3292
2836
1688
3620
1119
1751
1009
1838
4234
5065
3528
2833
4246
2736
3202
1226
2432
1436
1810
4644
5170
2865
517
1243
1092
3983
4989
2112
4656
292
4445
736
2626
5203
1167
5385
910
3744
101
4031
593
2159
3667
999
1867
4700
3991
3557
592
4392
1470
1764
4597
3634
3119
4525
6
1142
493
2307
2592
3701
5051
3908
3922
4856
1422
4544
3013
2502
1420
2108
1955
264
3497
4264
4717
5221
4150
2761
4825
1968
3235
2795
2841
2923
2874
3378
2585
1235
2184
4814
5325
5196
4367
2019
4081
2765
4272
3023
500
3188
2139
398
2893
1156
1512
4425
771
2978
3278
4897
1667
558
1137
3113
2411
4164
5306
1552
1689
5389
2483
3575
1738
2740
2807
3123
1479
4997
2827
1974
5001
1606
1158
4077
556
4495
1376
4406
340
1777
4876
1133
2691
4446
2549
1662
921
451
4147
553
4786
2663
273
2714
3360
3363
1946
541
2923
3112
4793
1956
4990
2117
2263
1137
5029
4148
1771
1592
2663
3444
580
4597
4724
1992
2990
3075
2398
2564
4588
1430
214
3467
576
674
2685
597
1589
5075
3885
2795
1264
2503
2807
5225
1710
2202
1535
1152
1927
5157
618
4527
4146
1759
3161
1789
3728
82
4418
1973
1418
4519
2754
3118
2742
3991
5388
416
986
761
373
4020
2023
335
5084
1961
4751
4910
3551
621
4410
1945
4328
3838
5160
2473
3601
2832
2579
3943
5169
4105
2579
2718
4325
3331
2836
4547
4657
4514
3720
1547
5047
5175
5025
3441
3317
576
440
1702
4803
3401
179
2108
1266
4061
1858
3651
2397
1980
986
4127
1223
2837
3741
4470
3462
4398
985
1727
19
1043
1692
5340
1617
3300
2114
2314
91
1687
888
2591
3476
1128
467
4153
880
2087
1557
2963
1583
3294
2559
2570
985
5338
268
581
3573
4013
3011
1936
2091
3012
2144
1407
3260
1745
3294
1756
2045
2047
3348
1293
3128
5221
2257
4673
2740
2378
1401
2808
513
4566
3722
1138
4739
4343
653
4717
147
2570
754
2091
5072
4471
3345
3433
2291
2903
3386
4090
4763
959
734
2450
4691
3729
4904
973
2299
4380
249
991
2364
1157
1858
1222
1831
2802
1208
4824
4803
5345
4066
216
566
724
2301
1474
5015
3188
4076
1043
2291
3636
5225
5066
4917
2339
2835
4772
1222
1114
3587
516
473
5123
3759
2479
2833
4413
2124
1782
5071
4715
2712
3218
3971
3418
1728
537
1023
2980
1111
1844
4938
3062
3009
1492
1949
4276
663
924
4614
2627
1972
3238
1949
2448
1138
4847
127
5042
134
1087
4459
4305
2760
5024
4120
5146
2645
2063
3974
1105
1206
4746
3650
1702
1531
1704
2484
13
3401
3134
702
1514
135
451
1301
5166
2883
5343
2707
2887
962
10
513
1176
2947
62
3865
1535
71
3270
4874
3048
1993
4596
4019
1488
1987
225
5080
4909
2233
2213
4971
2865
53
5328
328
19
4151
2600
4204
1890
2244
1052
1493
1132
958
4592
4083
2263
4105
2218
4678
3062
4518
1515
5025
2627
2080
5121
5372
3662
1602
3774
736
702
256
70
1826
1479
4152
5361
1049
2371
709
285
1092
471
1836
3000
2176
5045
961
4322
2407
2501
4904
3884
106
4604
2304
1358
2865
4298
740
4855
4815
739
4893
1945
3820
2141
1719
2687
997
1550
1821
4591
5266
4908
3472
248
1754
2804
3402
3071
3119
4059
3902
1371
3978
3748
2278
1052
2727
3073
3961
1567
23
5004
2372
4078
2671
1087
4320
4469
1390
582
4700
2980
2604
183
4511
2883
3260
2264
4374
2745
5311
971
4832
439
2454
903
1780
4061
856
773
1648
3202
477
5388
397
1466
1269
3425
1694
30
2320
1267
1336
2667
3436
3910
5389
5039
3636
198
3940
13
356
340
399
3013
4516
2100
4948
5147
349
5147
1230
2911
4324
3949
5038
3211
105
3986
942
3665
3915
5309
4070
8
3046
2358
4328
3528
2628
3941
2782
1599
3881
466
4680
3353
1296
2947
4187
4104
759
4403
5166
656
17
2568
926
968
4145
2551
3402
283
1845
229
1961
3386
740
4183
1541
1049
1556
4300
3604
3639
2929
4941
5050
3947
3752
917
2912
3544
4578
1962
5361
3007
2921
117
4658
4084
903
986
334
2994
2627
5266
4301
340
5096
3705
4023
665
467
4697
4791
1120
5135
117
2463
4164
68
1959
1742
1684
877
1092
3832
3438
270
1892
5091
269
1519
211
4092
1501
597
3157
773
185
1415
2141
4921
4884
5381
183
4967
362
856
4292
5093
3680
2945
2548
247
2754
2327
4494
4140
1422
3604
510
4989
4850
2448
5229
2531
1490
1968
2895
3021
1756
2611
1796
558
417
541
4674
4128
1797
1529
2315
1774
3441
4044
1576
2734
4383
120
4786
2185
106
5147
1249
265
4642
4877
761
1069
2184
2469
2391
1879
2444
1512
5178
5328
3438
883
1558
147
3366
4397
2597
4344
4151
1437
4031
4748
4097
10
3322
4611
4144
754
4425
53
4725
5002
3820
54
3966
3904
2446
4690
3902
1517
1761
2767
4014
5176
5381
4580
5235
4423
1498
5048
4830
3051
2056
1726
5349
4791
60
3048
18
2020
1476
4518
3420
805
4140
1094
4230
263
1231
1595
170
269
494
3721
269
1108
1767
2698
751
283
2698
5047
5098
3408
579
4875
1282
4061
663
470
3549
466
4905
415
3504
602
3420
2466
5116
1723
3466
3324
2598
1313
1230
3569
2291
563
3435
61
125
737
980
2129
3188
4909
3331
3705
4734
5001
3020
3214
1126
3953
2419
4413
2625
3802
4502
1279
4950
2109
1834
4592
134
1799
688
3293
2277
338
4112
3278
1955
2089
5378
3753
3997
1864
3085
582
1838
1228
2054
1199
1783
2256
2165
4069
156
2796
5092
1115
541
3235
4754
3485
2100
2377
3388
1007
5176
3367
3260
3305
2145
600
4245
3074
1732
5353
2729
285
3883
5230
4802
1615
5304
2924
2901
379
4779
1420
3769
5343
1426
1590
3633
4427
878
3949
871
405
4943
3586
1927
1769
4425
4891
3455
4988
380
3722
2698
2557
3241
2865
4326
2446
1594
711
1560
5120
2611
1004
9
5099
4566
5350
1807
1763
730
2274
735
2806
720
2201
528
4889
1127
488
3480
4344
2875
179
2912
3986
4208
380
1293
1719
4385
1659
2328
4917
614
3319
1193
2474
4496
1832
3462
706
4698
1963
183
1772
222
4377
4230
3602
2048
1154
4111
2051
1442
906
4523
3246
4116
1351
8
2942
4680
4176
3216
4186
4951
543
3036
3957
626
2214
3854
2421
3065
2926
2201
3618
4145
2487
4828
982
1132
1333
398
583
2848
3659
2373
5217
3229
3428
263
462
625
5377
990
1757
1348
451
3639
703
2509
2117
3360
2967
1158
4116
4210
1302
3366
614
2987
902
4310
1202
325
3572
1832
4801
3222
593
4256
2180
3674
182
1940
1867
1187
4471
4677
1480
3720
759
2278
884
4566
2576
4291
5299
4338
466
2325
3631
2054
1285
1692
1801
5063
1986
2908
2116
741
3297
3113
2444
4277
4436
1474
3436
273
3227
3724
2219
3963
434
5041
2785
4152
2063
2841
2666
2487
156
3440
2444
3997
3728
973
2475
1036
1583
5229
4744
3559
4457
3786
4828
4578
5304
157
2814
1732
804
4988
60
3444
3976
3300
5044
997
1075
5312
4298
1060
2904
1695
3305
3271
4457
4548
2087
5247
3344
1235
2967
1376
1941
1858
5083
3285
624
3282
3639
4813
2756
3997
3897
1640
2746
156
5038
4149
4480
2415
1847
4012
1076
3681
2090
212
991
625
3957
3471
4410
4456
2700
5304
4248
4436
3358
5074
5217
566
803
3975
316
4290
2082
1828
3576
1783
146
153
4548
591
4599
2189
4073
3779
3701
968
3367
5066
2465
4599
4305
417
2408
1902
1445
252
671
1680
1920
2625
1722
703
5195
1925
1806
445
2591
3330
2091
163
1831
3078
2411
1111
3203
4198
5176
4077
1923
2105
3679
2206
2632
1815
2163
1140
2454
325
4675
2198
2219
944
2123
1757
2843
4558
568
1741
537
53
3626
670
179
4575
2754
1602
3445
4208
4677
2282
4085
1842
4146
2729
3442
1080
2343
358
2727
4506
3261
1423
2434
2159
1727
630
3037
1492
1221
2872
983
3705
44
3620
985
4601
3908
2080
2994
216
101
4407
969
1264
1803
2981
2685
4515
2374
4740
4497
2765
4320
4475
924
4102
558
4839
1967
5086
2546
4524
3319
4776
1279
2546
1095
2296
2154
2135
4601
101
1599
4009
2163
1156
1823
4251
1270
2909
2832
33
4595
1901
1467
1905
2458
921
1335
2659
4891
1513
2460
5288
570
3000
3637
2827
5005
4198
678
646
1812
4572
4730
3524
2963
1820
5282
842
2735
3832
1228
1200
2434
430
665
3106
4214
4892
3789
4677
5206
2446
4116
3675
2444
399
190
2145
4745
1268
388
3317
3985
941
3971
3761
292
4593
603
1333
5378
1764
478
842
4923
159
3737
3004
198
1519
3295
918
4527
3453
4739
3121
1963
2366
710
3297
1317
992
805
376
131
4794
5016
580
3823
3085
5363
1245
2487
942
2152
3726
2895
4992
3761
358
4080
2739
2960
2123
1924
414
1782
3359
4514
1802
149
4512
272
1358
594
88
5031
1250
1401
2529
1304
5215
4472
4786
884
1930
3421
1337
1348
4469
1567
42
1980
28
2360
3972
355
1584
3662
3779
2113
525
2591
4035
2135
2450
4711
4009
2054
1786
1730
2765
1487
88
3564
2052
3983
528
3202
594
1491
5044
2678
3665
4183
3306
2094
3744
713
1465
5135
5004
2255
2165
474
2256
1709
2473
3244
1270
4748
3221
1795
4887
1869
5080
94
19
3036
1450
854
532
1952
4059
2906
1786
5071
3273
17
2758
3278
2754
3072
1986
4860
5342
4935
4601
4772
1939
356
602
5136
2479
1402
2967
1647
3865
2774
4107
2129
2929
864
4474
3495
3285
2479
2999
3552
3369
2456
4009
15
3320
4099
3350
1724
5291
1581
1132
4743
601
1738
480
992
1817
2020
3367
1231
5078
374
4714
2124
552
5038
4176
5247
2667
7
2369
458
1475
1438
2090
1710
1921
399
4228
4889
699
563
42
2730
5307
3559
4876
3492
4121
1337
5201
2102
5339
2475
4683
4658
467
4294
5096
1962
3131
2747
1694
2296
611
724
4681
2407
4916
2332
4880
5090
467
3674
1259
4828
1801
3775
4115
4300
1329
3529
5212
2478
500
1959
3356
1444
626
17
4681
2341
4091
4027
4096
1184
3701
3963
4636
2211
2725
599
942
1836
4847
1896
3307
3295
4122
3786
60
446
1451
3483
3067
4019
3856
380
51
1191
1902
2576
5282
1324
3724
2550
4099
1757
778
864
3161
3824
3273
3023
1793
3553
3912
3246
2129
1451
4989
3641
2444
1420
4398
3376
3021
677
1293
1163
388
3295
1155
4946
4580
3131
5310
4520
8
400
431
1245
5225
2767
1908
1942
362
1928
4328
1243
407
633
3659
5153
1390
4203
5309
1944
15
1724
2056
5350
1452
3864
1500
5381
1501
4067
4251
1302
4444
108
1782
4598
3341
5218
588
5189
2611
1450
681
1464
3728
3392
5154
144
1809
2448
2687
1843
4526
4139
5020
4733
670
1869
4353
4374
4418
1180
3552
1653
4743
1418
5153
5195
706
4116
4089
3118
3758
1892
566
2721
4130
3966
2831
478
4222
4893
842
1513
1667
2686
2999
3882
2805
3997
1967
2887
4504
3057
981
3529
540
2671
2449
1105
4917
3093
2787
1755
2743
3569
3184
3832
5006
4475
3922
4229
4210
3816
1139
1533
1180
4604
5363
5166
995
1664
3470
941
5208
603
2370
4343
4291
1821
1432
2482
2918
1810
546
2201
1158
5374
117
59
635
4527
1143
4591
2659
5121
2774
4130
4473
4383
284
3091
2223
4497
2765
1422
3365
1433
1517
4179
4129
4873
4656
2611
2601
1264
470
2807
2898
5363
599
2163
2069
1691
3113
4590
1719
710
4575
1411
432
88
4790
3353
251
1494
2815
1085
4150
771
1681
4526
284
54
4838
2377
4066
3365
339
5065
2216
103
5323
2327
2747
1490
2740
3598
1492
3445
1466
5323
325
3830
5132
2104
4652
1758
4873
432
902
4403
1579
3772
600
2982
118
547
1690
556
3218
4111
1083
266
3961
4925
5013
3253
1269
585
3939
1155
3240
2837
4748
2604
1464
3769
2093
2027
4198
4552
4911
3360
3037
3641
4917
1928
1402
5222
1163
848
4787
2947
3720
3860
708
360
3473
3106
3040
4285
2887
3882
4185
958
2072
2503
3203
1934
1329
440
4518
3771
4331
515
4226
711
764
1400
3913
2073
4088
1480
2026
4883
1773
3353
3092
1339
1944
528
5178
5061
1648
1119
3570
1475
1115
4070
21
2113
4813
4954
3530
5050
2291
615
1845
2611
1547
2918
3797
1520
221
5043
276
5051
1763
1688
3004
433
5031
3268
5350
1849
2249
262
4229
1744
1371
5209
3438
4075
948
2320
1139
3423
5078
626
2817
5309
3260
2767
1109
2488
1798
4284
1890
387
1932
4581
542
2415
4595
4997
2405
1437
429
283
3395
2372
1968
3771
5175
2626
2136
1686
1704
2759
431
1761
1543
1092
87
4737
477
1222
2912
2223
1851
2114
1465
3901
943
3559
4505
2261
136
561
494
87
996
3124
3351
602
3079
3665
2814
2805
3744
3886
1258
2102
5053
5225
1313
1142
3467
28
1647
5181
1095
1832
3299
4208
3324
61
1743
1799
4249
2748
4813
3481
4936
4495
3787
1576
4679
5076
5307
2554
1034
5027
991
1965
4126
1594
20
3317
626
5097
4401
3119
4322
4397
3271
1960
1530
3631
1533
2577
295
3375
1513
2978
2314
5233
3528
2309
159
3240
2399
2746
2673
1723
2399
682
814
3779
84
361
3531
3993
4105
2048
2064
1766
3360
2240
3094
1182
1807
2947
4270
3452
3278
2980
2883
4113
1176
4294
880
5020
754
4761
671
2925
19
984
5230
1075
1504
3210
5343
1787
4913
997
1959
3447
1866
2832
4306
2488
4567
3299
20
2152
689
1347
466
1138
1513
3744
1738
997
2373
591
2019
981
663
1817
555
1899
4775
84
4203
4116
3470
2506
4140
5344
62
4482
1020
3570
2301
