3317
706
5154
3056
2611
1810
87
2269
4325
938
4914
2901
2358
358
46
2710
2112
1947
3448
2911
3157
3988
434
1340
167
61
3667
1535
1546
1049
4657
1003
500
1429
2910
1603
5005
1465
4576
1136
2090
1945
2737
4411
4149
4347
3990
3576
561
2419
3485
4745
3598
5181
4924
2980
3822
2007
2463
2830
2728
53
723
4523
3860
1920
3688
697
2332
4914
2662
1390
2687
386
1426
5048
2894
4769
4912
1110
3721
5389
4755
1840
4688
626
3958
3485
2301
1426
611
1434
2240
4102
3504
5181
3662
2189
1908
470
1858
602
2102
4377
3184
1142
1568
3664
3263
1008
570
2019
3218
1452
581
5084
557
3884
358
4016
3667
1556
2410
2399
2678
3439
149
2579
0
776
2054
1534
3160
4824
5363
16
5157
3092
4017
1256
1831
4970
4564
2774
2332
2656
4185
1256
1411
4992
5194
1895
2167
5121
2201
3442
3803
2466
3664
5230
1793
3112
2463
4900
2473
3223
3722
2204
1269
2223
3293
101
1820
1020
4657
3701
73
1792
1016
1816
3020
117
3215
1043
4222
3228
4367
221
4573
2630
4120
1350
4408
3633
3285
2673
527
4085
4456
16
4901
2568
3248
3773
2450
1043
3480
3550
2914
1087
583
1280
1558
546
3168
2734
733
1163
1719
2906
4406
5311
5014
754
3292
20
3274
3224
4492
2207
4144
632
1252
3425
2326
1679
1088
741
429
2766
3083
2939
2500
4559
5317
5021
3772
5163
3937
1307
5105
3853
4604
2729
1520
2647
1243
2026
5061
3975
848
3576
442
709
4068
3541
5011
4276
1776
4774
4849
876
5062
678
163
5360
417
3130
1420
2454
3021
5136
5107
451
2468
3023
2200
4244
2051
1516
4080
764
4292
2444
2564
5056
3237
5230
1187
94
1020
3130
4384
1597
68
3442
4517
4801
1904
4050
3401
1631
3273
2875
684
1607
866
4606
875
3438
1321
252
2113
1899
1916
4392
4875
3637
556
3948
1531
4715
2629
1742
3063
1653
1840
692
4747
4783
2340
3157
2276
5317
4108
1351
1398
3010
4691
4185
692
4046
4008
179
3722
872
268
4068
3549
4846
2856
356
2136
1601
2504
5112
1265
5382
1723
4597
3046
941
2875
4230
2189
607
1622
2716
2738
3345
4914
1783
2472
1947
4967
1935
2198
4636
2307
1801
3212
4120
4444
1328
4992
420
3268
673
2767
4581
1960
854
2980
1974
2766
663
3553
2609
229
4760
4455
1629
5037
3055
1595
1475
91
1944
2374
3725
5016
3422
5147
3838
3066
3923
1138
4515
1437
2214
2797
1726
4453
4855
1504
3066
4102
4758
4873
959
1465
1937
593
1759
4926
1693
744
4388
1513
2595
4368
2787
2334
2740
5291
3085
673
3775
2725
3171
4519
3153
4772
3445
33
2893
5079
2835
5281
4415
431
3402
968
2871
1568
1921
4128
3401
5374
4098
2674
1502
3681
656
2741
2325
3679
3152
878
1498
1851
584
3378
3446
3261
607
2213
3158
1761
4612
1429
480
1746
1849
263
4416
946
2548
477
292
4971
1482
1899
4526
3596
732
5042
855
1360
1606
3074
3472
3319
2859
3248
2923
102
252
2463
4747
3775
1688
3495
3775
2666
2165
4076
4139
4993
1175
1711
938
2474
4528
3094
1703
1141
2021
4184
4311
3121
3799
1934
1949
4326
3725
2885
3586
4555
1794
2405
4801
3626
488
1844
5230
4596
3268
2408
4582
1749
1980
3828
4136
1352
871
3411
4398
4741
3450
3431
3830
3434
2099
4229
1974
1036
4517
2977
5021
1953
2188
1478
5174
1807
4411
229
3542
4148
111
3881
2782
1949
4813
5017
2738
684
1806
1497
471
4886
4608
2497
5169
2117
2167
1523
2153
2742
1431
1801
4526
5209
3988
2109
888
2269
1111
4575
2826
1313
193
4409
2814
4525
507
3348
207
3056
1961
1832
198
3724
3449
4017
4744
4324
5204
5213
3353
4325
3157
5027
310
1603
4695
3170
770
29
1493
555
3134
2691
2369
4548
331
2216
1246
878
134
1431
739
1122
1329
1668
2741
5192
491
952
3053
4156
70
1923
5247
4476
5213
2556
2671
1758
5217
2167
640
48
4126
1567
708
2796
3833
1249
1480
17
1519
2318
1777
805
1807
1792
3726
3308
3648
3292
712
2736
1049
4713
562
4267
4990
559
1852
4892
2982
5085
100
1351
4089
3305
3246
4730
2904
1766
5152
4318
4673
3272
2052
2240
4579
770
1399
855
2024
5281
531
5157
4224
1764
1336
5209
5312
777
472
938
4679
834
4243
1878
4923
2663
4777
3557
2611
4444
621
5171
3553
5312
5363
711
3567
1289
182
1529
1119
2756
540
2556
3363
875
4836
147
2328
2409
439
1310
2912
4997
1779
5278
4839
1771
523
3014
1520
2256
4494
1427
2291
4583
2656
375
3440
4459
4380
2111
1043
3168
4549
1904
3856
4397
2755
5138
20
4892
4457
387
1114
591
1022
705
1519
2209
4150
5024
5343
5029
4924
1337
1782
2243
849
2725
3106
2360
5124
4737
944
4938
4572
3228
3896
2691
4729
1932
1087
252
2466
180
1242
2299
4040
1431
942
1060
3557
94
3409
4800
1085
1383
2054
2832
3242
2874
3898
5194
3320
1936
1339
4017
1782
5045
4574
2163
440
3211
1315
4195
3355
2900
579
2206
5374
1684
4152
1876
4322
1438
4407
596
1746
1541
62
1652
3987
2180
1934
1597
1905
466
3116
1763
1774
1122
2423
1836
4179
5043
1870
4146
4154
3153
1806
1500
2529
4696
4228
2390
376
106
945
4256
943
4601
3410
213
1
4801
3402
3253
773
3425
1467
4562
206
2082
1767
1745
523
3083
3990
1517
3620
3055
587
2894
4516
1421
1927
344
555
1757
1866
1423
4145
1034
4066
4595
5015
4815
4412
3902
3958
349
4761
4690
3395
592
5228
1857
1879
2468
4264
5216
1661
4353
1476
1722
1745
4591
2490
3673
3455
1491
3986
5031
1809
5088
1597
2080
1108
3133
1444
3048
1771
4911
5006
2327
4328
168
2093
639
261
600
2204
5211
2600
3430
4289
2418
3035
1001
5222
3318
1189
2080
5266
3822
1596
1406
1808
2495
182
4724
2959
3216
5173
4599
591
944
1421
1154
2987
2218
2089
594
2972
256
2139
4772
3317
3691
2831
2712
3048
4249
4683
3563
910
4177
4908
3947
3222
5065
1415
4142
4115
3084
5235
355
3055
2202
255
3378
4139
4992
55
1938
1444
4920
2467
1820
3538
1942
3241
21
4243
2202
3118
4069
4197
4573
5291
4992
928
682
3338
2859
2630
1762
2835
2918
3452
3418
2904
981
4197
4794
770
4005
264
4240
1371
4797
3493
688
5084
919
156
877
1339
2904
4268
4583
1482
3396
3422
1120
4678
3530
1060
3471
1815
4505
3263
1110
3939
5230
1263
540
326
1154
4008
3239
3563
1758
1033
5233
1235
2645
1531
4100
3023
597
1256
1926
3473
3360
4472
3856
3564
1180
2782
1535
4695
2052
3602
1225
3563
4733
2761
2200
3360
4770
3727
3569
2129
5207
619
3423
4700
4411
2551
4126
69
55
3412
141
968
3759
4847
2142
2549
3536
1556
2163
2593
3299
4614
1791
1840
1177
5149
4516
2531
3446
609
5068
88
2924
470
4298
4847
4230
3134
1878
1736
3620
5135
2296
4228
2421
1820
1128
3659
4061
1132
231
1224
1498
3386
294
4657
778
2745
771
5119
2455
3922
3971
3234
3021
5384
2314
62
3035
2888
2890
4078
4746
986
3400
4367
202
4066
4784
1487
4186
4106
4934
4127
4070
3777
2903
1269
615
3880
2501
3235
4362
579
1640
3330
4436
2785
3896
1908
496
1849
5338
2716
1442
4696
5342
532
3439
3620
2507
5352
3014
996
2788
1287
4458
902
3263
3681
1841
5385
4772
1875
5166
259
4115
198
1566
3828
5222
4512
4108
1347
673
2889
1607
1615
4486
2756
1279
3961
4581
5350
18
3533
3662
1821
3977
510
2504
3170
2577
777
4401
1592
3339
3667
4596
1543
433
1898
4584
3728
2489
1442
1923
2343
5042
3922
5172
4943
1561
944
1740
3659
4385
1249
5041
1742
4642
992
1141
2630
2727
5361
2802
947
4889
2342
2774
5202
3308
2087
5024
5039
2549
621
1973
3113
1514
1191
4056
1258
2379
1942
709
3449
4694
1806
3421
3665
124
2482
151
5209
1770
2328
1010
1431
1315
963
4224
4410
3463
5062
3497
5032
4569
1577
3953
1060
216
2298
427
2173
3626
578
680
427
2900
1698
4426
2374
1944
2153
1768
1287
4237
4914
4890
685
3474
2189
4517
1539
5177
712
859
5247
3585
3338
3673
3991
296
432
2223
2153
4214
2233
2847
593
3172
3077
1512
796
857
4272
2245
3112
3581
4244
4914
3222
2551
462
3050
3724
3606
3118
4271
630
4387
3853
3263
5384
5194
2483
5344
1177
1767
4345
2173
2487
1840
1105
2893
3369
3093
4347
3315
42
4153
3954
4557
3672
1435
1801
4248
2312
2363
2054
4561
2418
3833
773
4884
4368
1619
211
5361
1805
3466
5120
2771
3554
1595
3468
3546
2175
4358
2397
373
1770
1075
4819
779
3369
1529
1480
4292
2460
3627
2555
2281
1296
4483
3215
1033
446
707
1701
1180
3667
4718
414
3493
3724
30
4049
4425
5106
4588
1691
2901
3759
5120
4889
2754
4990
1207
722
1225
1768
1175
3483
420
2619
4900
2463
1739
1222
2683
4085
1128
1494
5310
374
583
5300
1570
1075
5360
231
4592
1481
1177
625
1592
5310
1737
1351
2485
144
3160
1430
4693
4116
2421
4495
4953
4326
4584
994
1815
1091
2370
3626
4031
4047
4345
3364
1031
4016
2669
3737
1466
3860
292
2673
2929
3213
1226
2568
1399
1397
4527
5071
3531
4067
3301
1501
3722
2743
1158
1347
489
325
4612
2343
4198
4591
406
2501
2742
3441
4322
2089
1313
3046
739
1123
4009
4238
2580
4388
1944
711
1851
2795
4856
2315
2836
1223
13
2176
2066
2418
4070
2367
108
3896
3050
4438
5361
1060
2107
2147
5292
2979
2371
1878
1658
5120
3077
2880
3657
48
2883
681
2204
4514
4719
1986
194
772
4268
1857
1974
2390
1652
2502
671
2697
4949
2089
2594
1473
555
3564
558
3991
5001
4311
1600
2674
854
265
388
3524
2177
4744
4953
3118
3542
2302
5107
3771
1757
4365
4642
5119
2827
2188
4921
4380
3245
1558
316
580
524
2658
1898
1814
4416
1829
5122
2475
3991
140
195
2503
4061
597
1530
4741
351
3253
2766
1543
414
4936
2166
1755
706
591
2545
1840
1535
3887
773
5327
1537
2887
2740
3378
3000
158
3910
1933
1229
964
4270
4164
2062
3902
4612
474
4554
3412
1242
4791
1534
2915
4588
4846
250
741
1503
2671
1869
2889
1075
2177
5362
526
1695
4692
2358
1693
2838
1270
3786
198
2021
1119
2209
1127
3419
2555
2742
614
1887
112
4465
1429
2841
1742
1576
1955
948
5230
2755
2712
1953
3342
380
4891
4923
2853
3240
4366
1753
2831
15
688
3630
1319
989
2185
2797
5124
2441
3627
416
1462
424
523
4496
3185
2797
1826
744
1253
2999
1583
4426
1793
1935
1561
4735
3386
3463
993
339
2926
1800
993
2407
3359
5374
2052
5206
2104
2366
3755
633
4356
804
2915
2458
4752
4803
1727
1897
1351
3375
3228
2857
4803
4146
1973
4264
5012
5204
193
4858
61
1864
4856
1859
2464
3242
2730
4180
2087
2619
2204
2729
1815
4566
5136
4846
4830
4598
4180
5094
2344
2441
213
5162
3370
1630
54
2278
3293
3664
5362
4497
194
1722
4144
3317
1702
3226
3773
3409
575
2083
2961
4693
1556
276
946
1851
5120
2756
255
2141
2488
4867
4700
1832
4116
3408
477
3578
3626
3528
1939
2481
3014
4779
4719
3400
4023
2080
3706
558
753
2982
2180
562
20
4886
4582
2407
108
3468
3445
2327
4468
1783
5036
4501
4150
1029
642
4142
3923
3640
2082
1482
3941
688
884
4515
940
1695
4922
2051
1260
4164
1683
3557
4592
1652
4741
2843
2264
4997
3451
4991
3128
3463
1230
737
356
1598
2593
1775
1770
1377
5339
5181
2665
4554
986
3073
68
3937
1797
2449
1700
2021
507
3065
2889
2980
5063
3253
2932
3493
1258
158
251
4475
278
3737
4968
5202
2886
722
1142
1869
2980
4074
2728
3786
18
2501
4145
4572
4913
2372
69
636
957
5105
2144
3218
2021
2032
3823
2327
4592
2729
4695
3123
4717
3904
2955
2847
355
194
2027
3990
2865
4528
4241
1864
1260
3766
4656
2449
994
1245
4574
2175
692
5123
1322
4757
4688
4575
1028
722
1852
4682
19
1711
5202
4574
1860
2754
561
1352
4392
864
940
4352
842
3468
2027
469
3552
2673
5016
1875
4847
2773
1243
2923
1157
2920
4752
3434
1556
2291
4787
351
3634
1433
3245
4247
1616
1199
2747
1549
4031
4132
4786
1474
1757
3437
5015
2051
2591
1167
2232
3238
1550
1354
3495
944
2797
2832
1589
678
2374
4343
2179
1799
3386
597
1166
2478
4195
5238
938
1560
127
3956
427
4644
2591
3106
1750
1814
229
212
1875
4924
5083
1894
3346
2173
2604
3896
4926
5214
3744
2167
4840
4937
3239
4939
388
3123
17
71
112
1768
1140
4069
2698
2551
1401
708
579
5087
3527
1462
3447
5344
4547
2346
982
151
3549
2552
803
421
1808
5127
1142
3977
1840
2007
5310
3737
4423
596
1034
4640
474
3837
2547
3429
3778
1869
4425
2716
5004
3940
1478
2743
4543
1767
2202
2973
2485
2032
1231
3079
4698
2361
4445
4736
179
2063
1792
5207
1281
607
1576
4292
1191
2072
3493
2273
2772
2628
162
4244
1415
4939
1497
1004
3741
3640
2363
3295
3037
4068
3234
5032
1693
458
1432
4469
1301
751
2814
1664
853
4445
4343
2418
2545
3429
1085
5342
2162
3542
4099
3680
2462
783
2836
1004
1663
4847
2488
1023
2312
4512
2909
3662
1603
2216
1008
1088
1488
3886
2320
1346
4423
4906
2007
2206
4183
3832
4184
222
2767
292
1452
1224
3140
4733
2211
1568
3293
3707
5215
2054
1452
866
3985
2826
1820
4184
428
4023
2719
442
404
1574
4096
3401
2831
5040
4920
183
5163
2833
3476
3530
1443
4482
4706
4840
1531
1774
4640
4797
1319
5209
1138
2604
1489
48
1311
5288
553
1917
5301
3352
1281
1777
155
3267
4092
3409
4776
371
1516
1774
754
5040
1263
918
3273
398
963
606
500
71
3084
5063
733
5031
4828
3538
777
4800
4544
1102
1634
1597
2450
3530
3825
4561
963
1688
1765
2914
2503
4964
2547
3343
2931
1351
947
1943
566
1842
2481
560
3341
1709
316
662
2184
2958
1786
2546
4552
5340
2979
1321
4398
1847
2667
217
4989
4534
5253
3441
1767
2647
1662
3410
2919
3468
1336
4934
3707
2341
1899
4023
1069
3532
681
415
560
5097
2715
974
475
3523
2198
2107
1764
2072
779
4593
3937
4078
2116
1857
3907
1755
4789
4300
4763
983
1959
4887
1539
4986
1643
170
3035
669
4561
1878
974
3578
969
2188
156
4292
4276
3023
5136
1869
5343
1451
207
5040
3246
1425
4044
1959
4935
4075
841
2643
1740
2843
4312
2979
1689
270
733
5047
5290
3787
1431
1259
2865
1852
4009
2100
1683
3095
2929
3758
4514
522
2765
4915
200
4896
994
2415
340
1704
3396
3839
4423
1896
2481
2659
4714
3705
3444
377
4084
3480
2684
1430
1513
2599
5116
919
1221
4954
3606
2645
4558
805
5045
4381
3471
2802
118
640
1110
2604
1326
345
670
3331
168
467
864
3728
1547
2299
1790
5228
3202
489
1647
2211
776
555
971
3720
4828
446
4083
1833
5074
1815
5288
1615
2888
5317
5215
849
5194
1727
3400
4152
2200
213
5050
4997
2936
3396
4276
4652
5094
4363
677
2628
1776
3855
140
1252
3210
1749
2557
2081
5132
2007
2942
1123
587
3728
1311
1556
4900
1876
4088
4122
5376
257
8
4591
3604
779
4527
2913
600
5379
2683
1757
3966
4469
106
3621
1417
3664
1798
3527
3956
4207
3223
3066
3121
1931
3773
2371
1481
3779
1430
2398
3687
4633
2736
4864
4324
2480
2547
656
4243
2454
2546
3561
5364
2213
665
2154
993
0
1354
2472
2970
5073
334
1817
4106
4067
3838
560
510
5095
3073
4794
3021
7
2367
699
3471
5097
4010
315
2833
3455
3528
2578
3528
1838
1492
2745
1925
537
2584
4967
1860
4116
3811
85
3620
2366
387
2112
3153
1918
2932
1796
710
2817
1335
1315
1803
3380
717
4272
4892
3913
372
256
4790
1765
4951
777
5195
1967
2648
2363
2788
3595
4515
2929
3026
4993
4132
1779
3680
3234
2223
2114
707
4754
2175
1683
2910
1488
2910
3067
2796
3606
2874
2816
4278
4567
13
1791
4547
5122
1307
1315
3135
546
166
1876
2112
3242
4526
5372
2585
2931
4122
5361
4306
561
1296
168
2611
3119
2655
4889
2219
5186
2941
3990
1709
4474
5019
967
4381
4595
5235
2568
4738
5228
1094
1137
1291
877
315
5349
1187
3637
702
5022
673
4937
582
94
2710
3578
1245
4993
2801
4901
351
4579
251
4787
4009
4008
3158
4183
3153
433
4850
4060
5247
2999
3665
3952
5362
2771
162
5147
4909
3349
3429
3270
557
1092
3095
252
3264
3956
1961
2489
2949
3726
222
4237
162
510
4374
1420
191
4733
2911
1789
4886
4105
1688
2760
4826
399
5025
4763
4178
2737
2378
1265
3082
596
5336
5062
3119
5374
3900
1090
2647
4380
4682
3110
179
4040
3604
753
4230
4096
2729
2981
2480
1695
3744
1075
334
1581
2456
4237
3881
3223
4936
1803
1928
4034
4733
4661
2469
1009
1629
425
4040
3467
3087
2216
3816
2755
3320
1550
829
4606
2629
3014
144
1222
4677
3091
2371
142
2334
2599
1322
4555
5105
1719
2700
2797
2207
1060
3898
1408
44
3913
4246
