4858
656
4149
1322
3130
1452
3618
3707
4060
3442
1596
2145
388
2078
1918
4066
2274
2698
1887
602
1849
2713
5070
5310
1831
494
990
1402
4790
4678
940
4089
2257
3701
2910
4785
1143
1470
102
632
3203
1685
4719
1741
5325
3472
1616
2307
1904
2727
58
3211
2243
3358
5362
331
641
265
592
3203
2269
4363
101
2740
1821
3439
1435
4245
4391
2940
3159
4874
4680
3774
2116
3993
1860
3428
3135
843
3128
1269
3023
2859
4749
2219
3941
1423
3948
1785
2863
1720
425
270
4523
4656
2760
2910
4108
2598
4747
1328
4988
2797
998
739
1488
1711
2875
1959
4284
2277
54
3272
1488
3272
3896
3113
706
2082
3665
4578
4566
1707
4084
708
1445
3447
3650
263
1539
3744
4124
1223
3738
2718
451
5161
3308
2391
941
3865
1361
4839
2885
559
2482
1427
878
3452
4067
3154
582
5174
5022
1945
5373
3663
1036
4056
4398
5307
5345
2600
3436
3680
82
4693
1908
4656
994
2360
434
5047
2981
3596
3533
4427
2407
1800
1616
1429
2458
5120
987
4892
473
1851
2458
2201
1302
3171
4713
1944
2143
4687
2456
5109
4920
3631
5327
3162
4680
330
880
1253
380
494
4575
5043
2546
1775
4873
5208
5309
1599
2963
433
57
3922
1980
993
4255
191
1896
2162
2883
1465
202
261
4466
3004
2556
2415
2325
1049
3541
5017
5071
2714
4203
1664
270
1275
3495
1730
597
3427
1939
3822
5175
1722
3977
4146
2914
5051
4330
2643
5119
1779
3364
360
1596
957
167
3724
2107
2922
4324
4140
3075
4078
4377
2474
4255
1260
3078
2454
5079
136
4027
723
213
3082
4186
4245
2054
1033
5006
522
2913
2509
3888
4179
59
542
2684
3961
1946
4494
944
4880
328
4311
513
1501
3991
2941
4455
5353
3786
1943
4458
4715
4423
1445
2252
2863
3228
4769
1843
3637
2683
4418
1133
4143
2019
3977
337
2668
297
1925
3756
1206
5085
1467
3636
2487
4153
5312
3316
4946
269
4694
4203
2444
5184
2243
3408
2299
2175
1499
3065
4856
5288
1445
2423
4013
4777
496
193
3990
2206
5012
2422
542
4180
1426
1290
2686
3211
3598
2136
3567
3075
3529
1753
1549
1847
1545
3076
4068
2056
3963
689
3013
4328
1280
4075
2081
1323
4744
3051
4685
48
2945
3063
3428
531
648
4967
428
4642
807
5307
2720
2801
4824
2341
1775
563
2485
273
3670
2584
3306
3471
5041
4367
1770
4858
68
4741
1225
2124
1679
1517
959
3939
193
917
5244
2295
1963
1629
3899
1922
4278
4580
2585
1156
2787
3078
792
4740
3708
2856
3076
4120
1753
2114
2078
5036
3419
4658
1191
4904
3695
946
2379
1859
4501
4987
2833
475
3856
4601
2927
3530
2936
349
5085
3439
1333
4616
4374
2363
941
4802
5106
1647
2124
1232
196
387
1728
5301
2506
4490
3641
5014
379
1133
4775
3976
2595
4836
3112
4458
4718
434
4366
4970
2776
2342
5046
5229
1866
723
2773
3363
3538
5025
4225
3581
1280
3418
1686
2999
717
945
5122
3948
1109
606
702
735
1230
1075
266
741
1726
5195
1796
573
3761
2314
3007
4802
1744
262
1606
1352
1653
4130
1167
5004
1547
4459
4791
4906
4358
1128
1233
3903
4300
250
967
2645
3040
2243
3184
4150
1411
4195
1828
4688
581
3223
4224
1481
1272
2721
4784
684
212
4250
5099
1290
3220
966
4786
2263
1757
4987
2963
3587
2725
4072
845
4082
2559
4496
3300
2111
1291
2940
516
4595
2077
5215
2468
1351
62
4136
3297
180
1541
2900
3673
4911
3493
1464
3993
3023
1599
1537
1411
3375
4778
946
414
2736
2341
405
2885
222
3774
4936
2940
2898
3162
4516
1003
2619
4301
4935
1566
1973
989
3023
3465
429
3300
5229
425
2980
399
3157
489
1796
1284
2110
4819
722
3439
4197
3185
857
2814
5161
2028
5228
4292
4557
3465
3680
2668
784
2110
1943
4951
4356
4772
5345
3943
5077
3124
2021
3229
1919
216
689
845
4241
5175
4362
2179
2776
2514
902
3264
558
2604
2110
5075
3673
1246
3440
1870
3235
3606
1953
2314
1353
3797
339
1615
3433
3523
1795
1139
764
4921
91
4302
5176
5096
1467
1029
2420
1296
4656
1546
4946
167
1267
3396
3837
4435
4277
266
4198
2370
5085
2889
3218
2398
4474
2804
3492
4598
3775
4746
674
2550
4477
1415
2415
3747
5121
2334
3342
1514
1280
1663
624
3939
4035
3065
1622
3118
4035
358
4830
1311
5032
1493
3741
5086
1687
3802
5029
3741
257
5122
4195
3648
99
135
5025
3474
1445
1767
329
2923
54
1986
4242
1023
2746
5160
2831
377
4313
4144
2663
540
2962
1347
1773
5208
3883
4310
4585
871
733
1529
1779
3531
4611
2908
770
575
1739
754
4580
1743
2671
3635
44
4803
1779
4917
2184
407
6
1799
4169
1774
3913
4737
1516
3453
1728
646
5153
5025
1719
2668
804
4384
4883
4344
4156
2687
1844
848
3223
4955
4890
3462
3528
576
577
2979
4739
5300
1722
1250
526
229
4633
3946
1232
2863
325
4478
1339
5014
4154
3063
2472
944
3681
2973
326
142
3356
5105
4813
1695
4827
1513
4512
4138
5209
2419
4033
3130
2458
346
2243
4468
1904
2106
4794
580
2446
195
4233
5031
997
938
930
1766
1689
3223
474
966
573
3023
1264
4425
262
4293
451
3331
4582
3010
1837
4290
1730
2299
5388
721
17
3269
2656
704
4693
4525
1858
3562
543
3215
4520
3776
1789
3172
944
4306
3706
3536
3037
2587
1526
985
3690
4077
1529
1557
496
952
359
3348
4067
1742
3963
2654
3450
1933
167
4572
1504
1010
3542
5107
3760
252
295
404
420
2064
2256
1809
2832
3541
4680
1264
5115
990
4436
4515
3170
3315
2487
2165
1964
1256
4426
3402
335
5178
4068
2467
1703
5323
1126
3053
1814
1804
4526
4802
1560
2367
1857
1930
1833
4322
3596
848
4075
2648
4856
1319
155
1464
1089
2203
223
4075
1230
1778
1750
399
2068
952
2909
2883
396
3528
4021
479
334
1799
310
3455
3084
2632
360
4733
1488
3663
3553
528
1400
2399
70
2958
3463
1020
1265
477
4090
1847
1840
1959
3170
568
2601
3481
1323
3402
2141
3170
2153
4480
4987
1113
5338
4023
1225
164
2836
4915
3303
2727
4031
1258
4697
3087
2807
4502
1207
3860
1426
440
4684
864
1935
545
5230
4136
2399
2245
84
4073
1864
3044
924
1442
1729
3778
18
5209
144
2313
4986
4598
1876
1481
2073
5106
1592
1159
1546
4661
3495
1249
2419
4787
5076
3285
2618
1737
856
2090
1952
5309
3855
5202
1110
158
4204
1244
5351
2344
2497
388
2592
2480
1411
1430
5227
458
3395
883
1821
1728
4691
5266
5173
1315
5040
919
1965
2963
3485
2999
1136
1475
2007
210
3952
3485
1926
380
4310
5394
159
5002
2115
884
206
2307
2804
316
3865
4890
4470
5087
4012
2833
597
4375
2466
2136
5253
3856
3637
2890
1397
586
70
432
734
3530
2091
562
151
2978
2117
2730
1941
1902
4305
2618
1901
730
1707
1728
4294
1980
2410
5212
3620
413
4021
615
3423
883
5178
5073
2737
1953
1616
2881
2244
4936
4049
60
1576
858
609
1962
4679
2888
3055
2785
2187
5021
2273
3886
2915
1754
387
5247
2281
3474
1474
4794
1206
2164
4113
1993
4344
560
4786
4401
5085
1798
4847
1869
4904
754
2737
2754
20
2500
2109
4237
4133
4891
587
510
1597
5178
1474
3761
772
3265
5115
1741
139
778
3688
3581
4470
1242
4202
494
1531
2548
1128
1411
2467
2686
921
73
3441
4237
5178
4490
2142
5046
2373
963
2089
329
1465
1475
2684
1557
1545
5215
198
2920
4582
3000
3662
3485
2598
2420
5343
1634
1732
1774
1477
5041
5046
4140
3687
5194
2678
1546
741
941
1529
2296
3747
4697
2081
5389
1465
4067
3474
3544
4557
4176
4689
474
4036
2857
5171
5235
3438
1456
5057
4527
3880
4526
2656
4775
3351
4518
1487
4951
5127
5379
3620
3673
1491
1426
5175
2463
4111
1420
1467
1500
500
710
1745
1833
1864
2449
1923
434
123
257
3134
4719
4085
2593
2021
1036
3923
4730
2890
2363
2664
344
4926
4112
1328
4474
5217
542
4076
2893
5304
4205
266
259
1293
5171
4312
4318
523
2715
662
5020
1315
360
2667
4719
2210
967
864
578
1852
252
3261
2447
4344
4855
4678
4992
469
1693
158
5373
2936
1080
888
4106
3662
194
777
5121
4916
3443
3264
4366
4880
5047
5152
517
1060
1189
1557
2967
2549
5394
1028
3786
2108
1535
950
4060
3349
3453
2979
4178
1189
3269
2218
3267
525
4411
3295
4916
2564
1501
5307
3020
310
1960
528
3367
3991
5327
1670
223
3154
1916
3937
4753
5116
2939
2559
1395
1250
467
1959
2430
4681
3880
3706
3737
5163
1346
4080
1865
5068
4385
5230
4892
3778
4224
4320
4104
4367
3597
3467
3057
2175
2379
5266
4748
2277
1679
1800
111
1653
4718
3830
1451
1986
6
4991
3743
3941
1361
91
1166
688
5067
4494
4107
3007
4855
415
540
2591
2718
1703
4939
792
4594
3864
2164
5079
4036
4353
2489
1514
4238
1020
1726
991
1744
396
1836
1771
4347
1114
3245
1554
3914
3302
4604
5170
356
1890
3118
1085
560
5244
2912
1815
4083
5138
4391
3987
568
1049
888
1680
3865
507
1581
265
3462
2052
3947
573
4107
4251
5237
1347
4291
1343
1280
1016
434
1281
1319
4642
2595
606
123
2454
420
2913
3440
163
4102
4716
3533
185
2919
4264
3650
2922
2299
51
4128
4546
4579
248
125
969
2700
583
2856
3828
4558
52
4734
2719
1143
692
5043
2568
1476
1465
4970
2884
88
111
5002
4941
2926
1779
964
4561
3240
3223
139
2665
4954
4534
3947
3273
1804
3900
1615
3449
3185
1581
3825
3358
4243
943
1336
1809
180
4156
3640
705
871
957
2366
1824
3067
3595
2291
4517
670
624
5184
4910
3602
206
1757
478
1953
1399
478
1593
371
4035
1662
4642
1749
2987
4328
1796
4943
2563
4007
523
582
3637
940
2584
2794
3140
4368
2153
4405
4738
4895
3396
467
4241
710
4981
3445
4691
3937
2903
4144
1360
1932
673
3026
2153
4783
1974
2961
542
1778
4291
3976
337
5137
2469
2871
3369
719
511
2089
1479
3947
198
71
5253
3635
2645
1876
1783
2924
2164
3978
2745
340
3082
4991
4404
2090
5281
1259
1843
1267
5039
2162
3439
2462
3124
1450
602
910
2490
2748
29
142
4013
3185
329
5053
619
3786
5228
5157
2955
2189
2667
4733
2433
4315
4318
603
2469
3906
699
5132
30
1036
2764
3833
577
2842
4184
4411
5073
561
987
3596
4883
1952
439
2539
2874
1626
3538
2947
1931
387
1631
1500
1790
4242
1474
4013
1467
3829
2872
2604
3429
2833
3633
1466
3351
3748
658
3725
3433
3957
5178
2881
719
917
1561
1757
3467
5162
703
1849
1822
2972
1499
842
3493
3248
3619
3637
2274
251
4384
17
2725
1833
3532
5160
3557
2305
969
1750
430
4614
88
2658
3554
1504
926
2806
1782
1080
3140
614
4214
3941
5351
989
2206
3345
744
5080
4527
3395
2842
1252
1411
4515
1843
2903
440
4076
3974
3839
3913
1539
221
4606
639
5373
4074
4912
430
2814
2314
2024
2488
8
1346
5215
2420
2186
3943
4154
4033
4990
2981
4091
5343
3854
776
2599
635
3672
3350
2028
4243
103
4678
4208
2888
4010
2600
2409
1002
151
5345
2580
427
2909
2295
3504
2878
3079
1184
2741
1719
981
4848
1823
4689
4673
1945
4505
3529
144
4905
2725
4300
55
4656
5154
3529
2021
2200
1139
4092
4154
4310
4745
3349
421
3885
4179
3278
1753
2587
4575
5218
5041
5215
1598
3581
1233
4091
4250
3663
4883
486
1246
5063
783
3905
871
183
3396
1988
426
3084
3083
2320
204
4813
761
5094
907
3161
3269
2080
30
1959
2408
4504
842
1858
2789
3761
5172
1993
2715
906
156
642
4990
383
3881
4690
1477
265
138
2423
2407
1263
3532
2887
2788
476
4427
4548
5098
1978
4875
3830
4524
4730
1845
3549
4092
4839
4704
2546
1425
2539
4593
133
390
3353
537
432
4740
1313
730
3552
674
4924
1166
5114
4073
4604
4381
4801
2816
2686
958
988
3453
4251
586
1800
4074
4139
3212
3575
3395
2032
1870
3830
4070
1477
2110
1090
2078
1328
3436
4285
2945
3663
3071
1036
1694
3675
4278
4913
1225
2327
5166
4435
724
3091
3073
296
1743
5127
2531
1638
3271
1442
5042
3021
1090
4752
4100
5048
2598
2176
3431
3695
4225
1667
2411
1804
4197
853
2129
2073
3802
107
633
343
257
5046
1822
3376
4140
2836
472
4055
4092
3238
4409
3802
4108
2767
3838
2869
5138
1841
2580
5362
4836
907
1246
3124
4577
3553
4885
2506
2478
2028
2529
1988
1271
4612
3227
3904
1812
2910
2490
1254
2539
2595
886
3051
1265
2619
3300
5048
4416
2718
3468
1482
1659
3213
885
335
4850
4405
5053
4656
2203
1787
853
4305
1423
2447
4088
4090
1444
1759
3214
1122
2211
195
2199
4762
4986
1106
4091
1648
1229
1925
592
46
2619
1728
992
184
488
1502
4411
1028
1353
3897
3687
2744
4456
1597
5120
4797
3955
4897
2373
4734
123
4679
3753
2827
1530
4383
3465
656
3202
5304
566
4446
2886
1517
270
1401
4784
225
1858
3441
2555
5005
2054
1745
4095
2894
2601
3895
2154
428
4950
1187
1916
1289
4986
4459
1537
1664
4783
5077
29
2175
3238
2028
1147
5138
4718
2116
4388
2066
777
4716
4104
4224
4893
2721
4559
4284
634
563
1898
458
4814
2691
2377
471
1110
1602
1315
3910
4468
2093
1465
2219
1692
100
1777
278
4552
717
191
701
3626
1123
721
1115
1473
5002
3978
446
1189
591
2737
125
4126
2564
4244
390
4300
3779
3949
1968
3530
271
2123
1758
1109
4616
3943
3564
3908
2154
523
1766
5136
624
2722
3094
212
738
712
1157
4031
296
3425
4631
2144
1285
4352
2318
2774
1426
2806
2913
3946
2454
4494
1838
3338
3811
4293
380
1475
4415
5175
1943
677
489
3037
4125
3769
805
903
2024
3572
902
488
4427
4197
3533
310
2920
2794
168
1757
1928
1376
5195
1244
924
884
1260
2684
2766
2298
5079
3922
3752
2550
2918
4387
2808
3229
630
4519
2273
4896
3597
633
5017
4377
1793
1833
2832
2807
5173
2673
5327
670
2655
2245
4565
5172
4124
2595
343
1774
3900
4827
1243
361
3839
1520
1944
131
3687
2713
2758
3037
329
82
3553
751
2841
3354
1159
682
3803
866
4578
4745
5116
3225
2390
1123
5136
1952
4203
4592
2430
4937
4543
4937
2094
987
1663
1060
182
1851
5160
3475
1450
4793
3366
2421
3483
1033
3776
5045
959
2218
639
707
3317
2912
4477
156
415
1727
2377
2485
3705
2547
2420
3112
4692
995
5230
2555
3786
4153
1352
1814
530
82
3221
1275
3958
2741
1943
1200
2832
4656
5234
1457
4514
2908
5039
5051
4515
1539
1442
4306
1240
2318
69
326
1953
4149
2706
427
157
5053
4505
3779
4543
5376
4272
3270
841
2776
1838
1926
5084
335
4611
53
1920
5166
2339
2490
44
1326
2106
3235
2648
1516
1682
4689
688
1722
4608
255
4614
842
2913
5230
4597
2832
5063
3083
4035
4119
4083
4814
689
5339
930
1623
2109
2766
531
4478
859
4684
5192
1475
1946
3853
576
3118
4326
1601
702
141
3769
4108
2047
2558
1598
1798
1198
996
3621
5016
1421
740
1002
4900
4673
633
1739
1501
1662
3597
1266
4504
1244
3463
1686
4555
1337
3356
4468
1214
3253
59
3263
3160
5085
2243
5213
327
1127
124
1480
402
1182
2333
1691
1953
2207
4267
4889
5075
2111
294
3343
1942
1094
4837
1681
2147
1258
1967
1826
3345
45
21
2375
938
1444
3820
2548
670
2309
4855
3822
2787
3184
990
4779
964
3596
4027
1763
3604
2100
1088
2378
3976
1652
1701
1543
3901
135
283
3494
1702
2875
3411
4636
1321
733
1451
2632
1189
2377
2924
2304
730
5339
3078
2760
4406
1800
2596
1464
3118
1795
4905
2315
3620
3345
5137
4753
1600
1132
2774
3997
2584
2853
1822
373
1235
131
2327
1235
556
5083
2907
1329
1574
1074
1732
198
4574
4992
4133
507
2806
3351
4935
1557
5228
2945
2278
1723
1128
1354
4855
1085
4777
1710
4519
4313
4246
2570
1034
3406
6
3322
1224
3773
4911
3972
3558
5057
3721
4642
1420
3353
4033
2224
3528
433
566
2480
42
4987
5212
1841
4055
269
2117
3319
5115
4270
3904
2176
4264
3906
2342
2898
2973
2361
1814
4347
646
3320
3451
1491
1470
1720
1606
2313
2100
1665
5189
2371
3758
2994
3912
2145
1004
325
903
2019
1007
1899
1111
3724
3779
1282
4704
1139
1777
1843
2343
3397
2932
159
1839
3220
3234
4113
983
4338
2931
1968
633
2594
2905
4271
4526
1423
3239
4047
3358
963
3532
2801
1595
2021
2407
297
335
580
4922
603
1074
3974
2767
4136
4741
5067
3075
2658
2079
2155
3570
878
574
603
249
486
941
2857
601
4860
1557
1415
4153
5221
1076
3435
2923
5001
4133
3853
2122
4763
3975
3072
2570
719
2410
4144
4344
4088
168
5317
340
2994
2815
3483
3051
1199
1845
1208
2363
204
256
4922
1987
4064
2081
4582
1301
261
1812
5228
4917
3884
3597
3303
573
4222
2364
876
4197
4014
272
4124
416
4991
142
2201
1422
4207
2774
951
5135
958
4553
1093
493
1774
577
