4455
2215
3392
2316
1822
1805
5381
1921
5292
1664
17
4941
1155
1692
19
4055
1091
1723
4714
5107
5135
2758
1090
2252
1487
2592
4676
472
1974
2659
5056
734
1225
3947
663
4224
1226
2113
4691
4657
1870
1566
523
3271
1436
964
4102
669
3063
2333
140
682
3253
2507
2754
1541
266
4019
5067
1069
1479
4501
5097
2083
4243
4061
2960
4391
670
2898
2319
3355
4066
2456
4098
3952
256
4272
5216
2947
2418
2942
3741
4819
3210
2307
5013
1808
1489
4988
346
2645
1430
3485
5204
157
1487
2972
2102
1442
2837
980
632
2188
948
3428
2464
202
3670
2664
4347
983
4245
4528
1444
2656
4249
4527
4203
3552
2663
1829
1745
3955
864
641
5352
276
2826
2073
3990
4035
1138
2506
2653
2485
2668
138
2621
2360
2408
3483
1263
945
3758
2265
4153
1069
5005
151
103
1093
2678
2539
5122
416
621
4133
1284
4989
3604
4828
4652
4005
2025
139
4097
1433
1010
3634
4839
1777
337
2710
1008
582
4285
1184
1670
430
3419
1161
4411
4479
5112
5138
1361
2932
1606
337
4786
4937
885
2904
1769
430
1127
2673
2076
2912
4072
3865
4113
4141
2796
1841
920
2765
4875
4788
4068
3466
2903
4023
1141
4445
2111
2177
259
704
2245
1847
2456
2089
5090
1736
1720
4074
926
2100
4754
1780
1764
3135
3524
3532
3305
2481
3472
2019
2895
4197
2894
5317
921
2047
1055
2068
2278
2342
4704
249
3904
42
3468
1933
4081
4739
3070
4034
3070
1376
1253
1581
4980
467
3555
930
3380
3523
2320
1249
1498
4256
441
3550
1462
5203
623
1568
995
1462
1577
135
1700
5041
1941
3135
4743
2803
3494
3063
2564
3527
3213
1499
2973
51
601
4380
5092
4519
424
3442
1769
1955
3215
1119
356
3665
4814
2316
611
4223
991
1661
1756
1273
2570
2484
337
632
2662
3753
4964
1451
4223
876
103
2360
3966
1043
5092
2647
4112
4055
4786
1270
4119
2464
1339
2079
4241
2620
5138
204
2843
3267
3133
3464
4706
4147
3471
3438
4059
4847
3236
2375
451
146
2889
1271
4408
1400
603
4886
4783
8
4990
0
20
3085
1351
5201
2735
3418
2466
185
4059
1001
3211
3811
1245
2987
1741
4085
4779
920
3481
930
4244
1498
1799
3650
4453
4444
396
3904
4073
633
1502
1986
1273
2710
2152
374
5161
3523
3409
2919
2501
4755
2484
3170
880
3360
603
4205
2420
4229
2099
5157
4815
1817
1602
4127
1570
2280
2720
1161
331
3235
120
4320
315
3065
4675
4924
1225
3010
1444
968
5032
212
5154
470
669
4792
2898
4953
1287
4153
3026
1972
4800
4411
1750
2729
2106
1574
1857
3915
4903
1759
2346
1285
4239
439
5032
4714
1768
601
4407
4524
4099
981
1033
4134
2079
950
1256
139
198
2697
3778
561
2889
2430
2955
3569
3552
4244
5004
3602
315
4827
4612
3067
753
4465
3467
1456
1775
3228
3344
3369
1520
3066
2497
4387
1240
2557
4066
2760
692
3214
4761
723
3907
1327
433
60
593
4149
1178
4009
3681
294
3820
158
1626
58
5307
3639
5070
5281
4435
859
581
221
1593
99
4470
29
83
2662
4112
5237
4256
2374
3743
4445
4523
2450
2758
3140
1535
5337
1667
4688
600
3722
5189
2152
777
663
2621
4088
4715
212
1076
5372
1529
2625
1406
106
3271
4740
1956
2411
3641
3013
4502
1425
3442
2478
2325
946
875
1551
4597
2744
3673
2713
632
702
1201
2872
5109
4591
5037
1499
262
4990
2719
3234
4525
4981
4426
2725
476
2301
2739
3467
1271
3448
1804
2045
2594
2278
1903
3110
3160
4680
4067
1515
4582
4719
30
1745
4718
4543
102
2307
2327
4838
3744
358
1031
4300
1737
4520
4576
3773
3756
2448
2545
4855
3829
5135
3779
1254
2664
121
431
4078
4119
4382
2913
1371
1757
2608
4608
1750
2358
2805
3546
1234
1962
2548
4565
2504
1036
1593
1315
4214
2199
315
4126
3914
3451
4407
4007
3760
2547
4502
1905
439
4140
3966
4338
3007
1105
1890
3542
1370
3013
3341
1490
5230
430
3910
5116
3450
2485
4251
948
2898
2173
2879
958
191
857
2089
4562
458
2152
943
639
2376
3140
1001
3345
4007
4313
859
2319
4922
1541
4743
210
3217
1016
3779
1796
2949
1918
3553
3320
2972
992
3816
4418
4745
711
988
474
2847
4897
223
4250
5064
1964
1918
5170
3249
1792
3833
1685
2309
4546
269
1949
4792
3023
1736
5299
4007
273
1504
1720
1416
1670
2886
1547
284
5001
125
354
2177
1806
2449
252
1693
1319
2715
3358
2927
759
556
3675
1619
3121
3556
4692
3078
1617
2945
1445
4744
2804
1743
1692
2568
3483
926
1187
734
3816
4590
4268
2843
599
3678
1764
3424
633
1346
1407
4693
4769
4761
4483
1849
4331
33
4746
1055
1545
1905
1828
4786
1760
4272
2716
4224
1252
3112
2068
2764
681
2136
1639
5109
5076
3468
4347
358
4406
2371
1769
480
2418
845
4763
3012
5039
1437
3601
4301
2104
3446
5137
3575
2627
525
1953
3523
2398
1720
5184
4202
952
1156
1443
2506
4502
4085
2052
2447
2546
5108
926
3346
1478
5319
662
4735
3952
1076
578
2497
4730
4733
491
3828
1921
1761
3411
1001
4277
656
1720
1926
2466
804
1395
3530
1558
4230
594
4455
1622
2100
880
2072
5071
1256
3154
112
964
4846
4311
681
4685
4830
5041
2609
2830
5247
1921
62
3672
1925
1154
2620
2360
3635
5213
257
5300
2280
2441
5127
803
4988
2509
2495
3787
2108
3557
1023
262
3978
374
4141
1602
1433
2676
380
4775
4935
1918
4055
1327
1350
556
1036
662
3220
4794
2872
1270
4141
3462
1771
4661
3634
8
997
1928
974
491
1498
739
3743
611
957
473
1222
2389
3365
1703
1647
4306
3184
3598
1500
1152
2109
4147
4046
2559
1804
773
493
1653
4688
3184
1010
4138
2484
4465
3366
987
2556
4412
3354
1531
1686
3050
3416
4598
2314
1947
1866
903
4315
1493
570
1401
3364
3409
1685
3952
197
3158
3905
4855
397
3533
4578
2579
2298
2666
3300
2143
4941
5016
4590
4147
1684
2722
1890
4997
1924
3690
2073
3753
4179
5205
138
1922
648
2185
4741
2514
4040
4474
556
4514
1328
4575
3043
2117
1877
1426
4247
4325
1920
1001
1964
2045
4501
3091
229
4519
2155
3987
3442
4084
677
2113
4080
4704
2163
4921
3743
1750
1838
3420
1257
2379
1452
3941
1014
4155
4195
853
1766
4740
1615
2255
5138
673
4640
1755
1629
2919
4178
4070
3221
1202
2710
4917
2676
2145
3064
3011
4787
5212
1235
2788
2468
2399
523
3855
843
3997
779
4839
1252
3341
1477
2219
5227
2833
1653
2052
4528
4575
2389
857
537
3065
62
2611
162
2647
2089
1481
562
1180
2122
2714
2483
1840
2655
325
5229
396
707
1361
2960
2889
4098
4794
1302
5204
2507
3595
2232
1242
4075
4769
3787
2742
3602
2908
2079
4904
1246
2885
4403
5022
4877
1546
1319
1327
1438
2958
5097
2199
3986
4465
3770
149
4047
4558
4748
3245
1456
1142
5061
5000
3358
723
5090
111
2903
2102
2469
2685
4271
4111
2026
2570
4968
4787
2909
4935
988
4285
3604
4681
3305
3779
1407
4769
249
489
1433
326
3067
4683
1987
1335
2025
339
2201
4877
1431
2480
1479
4120
4562
4581
3481
3773
164
3759
3212
1845
4790
1931
3014
1667
579
3585
56
3549
2551
88
1307
3578
4312
1085
2728
4737
4144
4985
699
3346
2422
1427
4848
4120
1123
3997
388
982
4943
2655
151
3364
3743
2167
886
4631
1972
1845
4409
1634
4789
4108
2334
2894
3450
2128
4888
295
3533
1014
4083
5044
4294
3587
2485
4128
2448
3229
3986
3961
4233
326
3772
4792
1160
4573
2706
3319
662
3378
3308
2375
229
1974
952
3949
3020
2832
2545
2744
4013
4849
3724
1029
4278
1679
2117
4384
1815
2668
3044
4459
2465
1773
4924
5214
2472
103
2735
4416
1195
2327
964
3010
1700
1376
3939
1113
4547
3820
1444
2304
3026
5050
380
4867
1513
4970
1523
1897
2802
3221
2451
3048
4203
4574
574
4105
21
1301
5042
4111
4056
3638
278
47
5064
180
1160
4554
3007
2754
5135
1776
3408
1629
5020
4060
2423
2179
4043
4249
1157
1764
4267
2139
3437
1767
4344
2730
3308
2879
3409
2836
2415
4244
735
4229
1435
4793
527
3403
4435
54
4525
4111
5066
5161
295
5084
3586
741
3226
3670
1475
4249
5292
1589
4867
3013
4180
2375
992
2488
603
2475
513
2144
3087
5349
1833
4528
2048
1166
1534
2700
2483
4738
1105
4757
3076
222
3905
940
4777
609
3319
3770
5022
5040
2718
4644
185
3854
1087
1780
3564
1824
3235
2697
1847
2919
4226
5011
1663
1576
2697
1425
2122
2940
5013
2700
1753
2627
3741
2277
5299
1599
4578
4480
5352
3070
532
987
3569
1584
3627
3789
4187
1593
3346
2665
4695
4583
4698
4016
2962
3838
398
23
330
2064
5381
4558
1488
5380
4676
580
2477
3756
3255
3772
2261
3529
3679
2495
1052
3434
1924
425
2847
5153
1020
2281
3020
1685
5038
1189
158
261
2836
2032
3903
2087
1566
1488
2835
4769
619
3566
123
3481
2619
699
4689
2495
5161
3338
2667
337
1259
4294
4746
328
739
30
4224
674
4388
5092
2759
4777
3215
737
681
2451
2906
4095
166
1653
855
2314
2676
140
4344
3306
2159
3887
1546
5291
3494
1791
3365
3887
1126
2552
983
3903
3884
5307
3648
1966
413
1044
678
4365
2894
671
4543
4130
1599
4856
552
247
4561
2570
4035
1022
2931
4864
1147
5378
1327
2164
16
2339
1768
2163
2994
1732
4534
1372
4688
1685
2654
273
2911
3464
3067
1664
5176
1626
4910
3449
4970
2920
584
372
5163
82
4147
2559
261
3973
3427
5228
196
5213
717
4435
3133
5206
2830
431
4453
180
577
4242
2214
3564
4512
5172
2947
4640
1626
184
5001
2326
4736
4676
222
4604
1780
5379
814
951
2334
1690
2188
543
1152
1842
1136
1045
1556
4047
4777
3341
1919
3528
776
4849
2063
3222
5097
3937
4794
94
3168
5020
3255
1503
2390
4832
1956
4591
4836
5225
585
2079
771
4375
1899
1647
2105
5353
4326
920
68
2408
4065
4322
1227
1815
1783
5345
3358
1638
2509
692
4507
3422
1252
4164
3670
2832
1803
2503
4525
5172
2949
1516
1137
559
4740
888
5096
4250
2176
4404
570
3678
2147
5376
2710
4921
1016
4744
5229
1465
1223
575
1833
1109
599
4579
1802
4904
1904
551
5173
5132
2611
4926
2177
3581
1304
1049
120
2081
546
2585
451
1293
507
2958
112
1354
5073
48
491
1719
3561
2837
5172
4330
4186
4005
943
1008
4923
3923
316
3421
4367
5112
5124
4486
2814
5309
3953
1936
3004
1092
1727
191
4937
529
1520
5205
792
5017
4291
1383
4310
4854
1820
480
1986
2914
3729
4098
10
139
4704
4242
1329
4294
902
1478
1398
1085
1963
184
580
3910
2481
4779
1399
2109
3428
3561
3837
3234
796
1177
5160
3063
2244
4970
3245
3448
1898
3760
82
2806
4183
2264
5177
3353
5253
3152
4566
1859
4005
1214
4739
4968
3234
2464
222
4520
3444
1504
573
2591
1482
1698
856
1475
3429
3463
3245
3119
4756
3690
3152
3301
1346
1180
2159
3527
1840
1401
1662
1022
995
3292
3474
266
3153
4270
2730
4169
1794
2249
4092
2755
4401
4838
707
1568
3344
5124
4875
2831
930
5342
125
560
2376
2239
3708
1903
5337
986
2949
1034
1406
1744
1811
1377
193
2504
4411
885
2961
3319
3026
2710
2020
3092
2048
1670
4148
3004
1805
546
3351
5317
4169
2376
2361
3172
4724
1925
735
1284
2668
402
5184
5312
513
3013
4954
3011
4754
2116
61
1838
1952
1684
4693
2664
779
4801
1023
3602
1317
4092
1693
3853
2914
4674
5046
1955
1271
1091
2700
2804
360
3263
778
2564
4032
941
918
198
1986
2683
1694
3339
480
4981
584
5169
4438
1246
2074
195
646
475
4989
3559
3157
87
5306
4573
522
2980
401
2473
562
2203
2785
1834
4864
469
3013
3789
4271
146
3532
3446
4496
1290
3799
3884
1188
1353
5384
4597
5038
1745
2213
878
6
4987
2668
848
82
1607
3972
414
1770
1577
2415
340
552
2939
3602
1606
2945
3769
2907
4905
1743
1685
1163
2754
1600
2971
3446
2022
5138
3465
3118
4437
1732
190
4787
996
477
3439
674
2487
5013
2884
5154
270
5036
3953
2364
493
2577
3188
4980
699
2202
3799
4056
1776
3619
2911
5075
1547
3988
2971
4682
4778
2072
1284
962
4546
2729
4496
2083
2245
3450
2645
5038
136
405
917
3705
3003
3224
4315
1156
4920
692
950
5301
3541
1638
1348
1749
4890
1986
1252
2906
3681
2026
155
3691
4567
5362
738
3274
4836
3564
3572
3319
407
4391
3345
888
133
2377
4294
2110
4046
864
3659
2857
1574
2909
3527
3443
5086
4941
2162
1857
1757
3071
439
4873
2441
2677
153
1803
2482
3567
1319
4777
1435
2947
4887
4714
4515
1820
2318
4374
3319
2207
1739
948
4741
2175
4208
3974
430
2256
1263
2908
1240
4687
1133
4855
2112
1789
2808
5337
4910
928
196
4176
1023
2620
4505
859
1519
2309
3687
2729
3679
645
2674
4772
4658
489
2497
3480
2082
4285
702
948
4578
4020
2740
1780
5202
4151
2456
5389
4756
4616
4546
983
1732
3833
3003
2945
21
4436
2110
4794
2108
3349
5093
2139
5163
4779
3255
4108
3532
3787
4512
4680
1002
1903
5096
4293
3687
2974
3463
4468
196
5138
4543
474
1767
3601
829
2710
359
4020
5218
2664
1415
1256
3772
2758
2343
2173
523
4516
251
1784
2122
2903
5109
4312
3799
3106
4409
3670
4008
2655
1083
470
1761
5181
2423
5161
1742
3972
426
2473
4410
251
1043
4775
1222
4783
982
4683
1942
4078
3600
4066
426
2611
3799
428
2379
2369
2584
1457
2771
3976
3626
1887
1376
5184
3121
3401
3301
105
3293
1844
940
2475
3297
2760
53
968
1597
4027
665
3430
5001
681
2076
1726
3402
2609
2177
2020
1431
4407
4745
1512
2910
2074
5044
3752
4128
3895
1921
1383
4415
625
963
681
3803
1488
4964
34
3943
1794
2063
5253
5353
697
559
153
1753
2547
4249
2240
3058
1535
5022
1787
2942
2600
2204
2771
1531
4438
1398
2327
3943
183
4214
1852
3403
3261
658
951
4837
4401
3724
3743
1123
1720
3864
2135
2485
732
2584
3110
59
222
1139
1304
5017
1543
1719
2165
4142
864
5061
1328
4640
1703
156
3922
3939
3153
4301
1282
2064
2141
3026
1773
5192
4745
1967
4813
1944
1953
2921
2955
663
1805
2213
3234
3823
69
2252
3171
722
5077
3738
3285
2801
1474
1158
1515
2626
4792
3915
445
213
910
4082
1858
2942
1285
546
2375
1941
2884
3319
1993
4505
138
5029
1939
1127
1075
2025
4366
4149
5147
1992
3124
3483
3272
345
662
70
4644
1780
183
3581
144
4791
2716
5288
2911
1417
414
2302
1965
2766
1227
3776
101
3631
1708
1457
3533
883
3402
601
1252
1279
1959
3471
5352
3774
103
1766
2398
599
3388
3448
4444
195
2774
1222
2239
144
3752
834
4177
2884
2316
1466
3602
2327
3401
2980
2023
4921
3897
4014
4993
2326
376
479
88
4812
2863
4729
4631
4445
3706
2342
980
4116
4752
3777
2503
1869
5304
5160
5244
2252
3226
3447
3078
563
2489
2032
2462
1435
1512
4391
2079
1442
910
4047
5057
3419
951
3777
3285
326
4066
3850
3451
4967
4315
4922
2949
3064
1759
2372
2743
1743
3451
2815
4143
5071
552
3899
4463
3727
2332
4471
1787
1114
375
1682
1590
4941
3887
1289
2129
3234
263
1234
2596
4691
1530
5161
5027
3160
158
3110
2667
4027
2756
4010
1336
4876
573
2808
5312
1227
4310
4616
5171
4883
462
2296
1756
3091
2175
94
193
4785
3240
3264
47
3007
3978
3556
1533
212
880
4936
633
4222
4749
3997
507
1709
4955
2473
1128
4456
2232
2594
1123
153
2506
5154
4735
1269
1200
1324
5319
57
4559
4678
1436
5378
4775
1664
4564
940
374
1638
421
2774
1214
4031
3656
3585
2090
4611
400
62
1779
724
3464
941
2744
2173
2775
3884
2671
999
4482
1776
854
361
2816
231
2433
804
207
592
4478
2755
734
2547
5172
1161
5304
5307
3012
4074
1927
1755
1372
2451
730
4892
4147
3940
470
2961
3250
2685
2506
2472
510
5222
989
530
739
1808
3561
2307
4228
2216
4325
1253
3123
3013
1285
1287
5057
1840
1270
4383
1704
680
2327
3305
4876
4406
3884
2625
1451
1584
1464
5116
5147
1142
4305
4564
2960
2411
196
3411
2629
2869
4479
4507
4579
2898
599
4741
738
3856
796
759
4080
3578
4141
1180
876
2048
3300
1202
177
3026
170
2676
983
5109
3356
1123
3378
3469
4128
4850
185
5072
249
2370
471
2734
712
2490
540
1842
2816
4210
5351
980
2082
2816
3504
4023
4840
4472
4405
3439
2776
2449
2645
1768
3466
2433
525
3659
5085
5281
123
4693
3455
4127
991
5149
878
5031
4415
700
4967
5213
1622
3853
707
630
558
5195
4733
4202
4611
3057
3014
2674
4511
1432
1828
5019
2371
5135
5078
5292
478
568
2480
2297
594
1293
2078
3802
4314
1644
2110
611
998
428
297
1052
1421
4640
1489
1992
3853
5327
3563
4922
2878
3335
3003
990
3010
4012
3094
4502
5154
5288
2252
131
2869
1583
2608
136
1416
47
1187
3076
2576
2447
615
3532
866
