3409
2333
1851
4380
3238
493
1514
3091
993
1743
4937
989
5163
1815
1681
4023
170
4478
2487
4934
3065
1478
2568
3630
34
3667
875
1931
4970
4353
4583
400
3244
3786
5304
2141
5020
2458
4398
5384
4714
1932
5004
674
4022
5112
2504
3961
528
779
3773
18
1289
751
4921
1498
1491
2898
4124
3439
4133
1942
1304
5176
2632
1546
2369
4965
3353
5041
5203
4855
2264
4465
5070
4097
877
4803
3695
1647
1343
5369
4325
3850
646
2500
1535
9
2604
2343
3823
4824
573
1119
4892
493
2884
3106
4012
3385
2691
1599
1584
3170
709
4594
848
4313
574
4139
4177
2970
4036
2830
56
5135
3900
1246
373
4897
5114
4055
1049
3985
545
1490
4502
4819
1691
1155
61
4735
4271
4127
2980
1626
568
3123
2806
1710
4813
2490
2902
2223
2224
3552
1519
1390
4203
4923
4016
1178
3557
1726
633
4792
4578
1500
4581
1422
4230
4711
496
607
529
2765
3688
4243
46
4915
2576
1045
4691
4205
1680
3278
134
5138
2797
855
2597
642
1193
9
440
4673
3220
2974
3225
4016
4611
4989
2166
1287
1533
3598
1974
3473
2304
496
5229
4887
1840
636
3956
2455
1272
4147
1055
1282
5209
4445
398
2051
3530
325
581
2869
2924
5340
2722
592
1206
4504
2342
858
5153
5120
4016
5360
1231
1943
2152
1839
5041
297
4679
738
1707
4717
2366
5031
2432
5157
4347
1760
375
184
3397
3976
3947
5394
2332
4867
945
4848
4205
5292
583
2710
4401
3679
3903
4839
4153
135
4310
2654
2559
3706
515
2023
1879
3012
4761
2108
5301
4040
1291
4247
3380
2879
2601
1090
3678
587
1138
222
2570
1108
3587
334
4292
1936
2213
2407
1648
359
599
697
1737
2207
2671
2142
2887
4736
1738
1119
1966
773
59
2328
1322
5291
4756
701
2727
5099
494
2433
5108
4423
2919
4047
3752
2745
4547
1683
4965
570
4797
2064
4549
217
903
2959
619
1226
2941
3586
5360
4749
83
3524
4887
3436
4606
3896
713
4305
517
2032
1301
3988
4849
1829
4468
961
2333
4949
1268
3227
5114
1228
5171
2740
2203
2558
1377
3902
625
476
4377
476
4155
2967
1634
111
2415
4981
3554
1267
105
3356
2265
1231
4475
3937
222
5344
3124
3342
1120
2080
4270
885
3639
4553
295
784
2480
2152
1832
56
3769
577
124
4224
1328
4050
4074
527
3639
4555
2806
2802
1777
1783
2502
479
4171
3908
1230
4445
986
2252
2979
4991
52
3678
4391
1875
3154
3157
1874
2473
4089
2099
3726
2501
3551
3004
3885
697
316
2315
426
2199
1849
2129
404
263
3601
1450
3864
3316
4331
269
2885
778
3228
3429
3335
4946
1594
4580
2332
1583
4123
4954
3043
2462
3438
1566
3555
4083
4022
4127
4495
3529
591
3339
4792
1797
3347
1493
1031
2744
5064
2960
1293
1719
4814
712
958
734
1681
1206
1752
1551
842
3238
1535
3974
1658
4880
1777
4559
1743
4849
4457
2936
2826
4423
108
3354
1188
4248
2245
3976
4008
1887
401
3202
3752
2797
3701
268
3494
1930
662
2687
2806
5218
1451
4013
918
2477
2902
885
1420
5394
4690
3063
2918
2915
3160
5230
1626
1235
1701
1149
2094
3066
2299
1691
3825
4144
4154
2814
4008
1775
2255
3905
2370
4492
4009
1110
4226
4459
1961
3472
3779
3303
402
1864
1200
2159
278
5099
4358
537
3331
4123
4593
4490
2529
4521
1864
1932
4754
3701
3261
707
4592
2045
2249
1244
3639
1803
3157
3074
2578
4877
4552
1280
4846
4021
4992
3504
2841
1531
886
120
3119
4352
5215
2926
4115
710
167
1745
1800
3253
3436
1744
3659
4089
5340
136
3464
371
1189
5157
3048
880
806
2835
4178
1629
3444
1111
5244
3674
1740
2333
701
2444
4285
2418
3235
2901
4139
3721
723
4981
1182
4089
180
2924
3316
4060
5070
1520
5049
5074
4756
2904
2189
1315
3011
553
2441
3856
3343
2477
2960
3531
255
3218
3026
1002
343
1576
1679
4129
2953
996
5022
1838
648
991
3657
967
2239
1668
3997
531
4080
4078
1836
480
633
3495
1080
2740
5282
3549
3253
2685
2802
4145
1348
606
4597
271
3348
4778
2741
3939
4875
1836
4331
4964
964
991
2958
2464
3578
2772
1726
4298
7
4900
2122
5363
1246
196
1778
4186
3903
1014
2488
4328
1480
2578
4575
1127
377
3481
3065
4240
1245
5135
276
2924
3317
2246
4991
593
1742
3267
1245
5097
3997
4747
4850
4913
732
1785
2977
3253
2655
4470
4293
1531
4886
3112
182
2185
1592
4760
3356
4864
2206
111
1959
596
195
2883
4569
1763
921
9
2774
252
1757
3020
4754
4738
2722
1584
1685
2999
3315
744
984
2922
4792
163
165
1770
345
5307
4294
4272
1436
5127
3453
3106
3135
247
3772
4884
1498
3576
986
3344
1176
4661
2926
68
4367
1622
440
3468
3065
611
772
2900
4612
2263
5213
4950
1936
2475
517
1894
4156
1111
1085
1427
603
2897
4416
2594
2479
5062
558
4104
581
1691
326
2239
351
1941
4691
1936
1817
2281
4941
2383
717
2593
3261
1931
1475
1939
3416
2179
5066
1376
3626
3229
270
3563
3012
5040
2577
2203
3648
3157
3322
2910
5015
4717
3128
3058
925
3832
1001
1652
2895
4832
682
84
3991
3761
783
3046
2718
2900
4863
163
2734
5282
578
853
401
4970
1801
1687
139
1834
3586
1400
1831
4376
1493
4698
1307
1418
3343
754
1335
3720
3043
5209
4472
3420
1561
5207
3255
3569
584
3244
1137
4521
2955
619
5192
4405
4176
2074
3084
1936
493
3797
3271
705
13
1836
4238
4122
2048
3729
2189
5244
1568
4706
3940
4987
3674
2872
3378
3854
3772
3365
3351
5086
1005
4010
346
2628
4146
3422
2907
886
5189
1963
4122
4596
2256
1776
3319
472
5172
3184
5017
4505
3353
4825
3437
2782
162
3766
4291
985
144
3744
4791
2124
5021
5169
1988
2274
5132
859
2309
3773
3986
3273
1980
4756
5184
4800
3773
2691
559
1408
3958
702
5166
2076
4375
1402
4920
803
5230
3225
632
5039
2411
3549
157
4700
2953
3627
632
2632
1925
4468
1473
1154
3400
4016
4512
210
4756
529
947
5304
2312
34
4791
3992
1779
2671
982
4718
3596
4688
3556
4848
1189
4328
3949
5004
1603
3570
118
1992
285
4318
4554
928
2166
4749
2611
2467
5025
1456
3215
1960
1782
2167
3453
1890
3886
4633
3093
4294
217
1474
3566
3864
3434
843
479
472
2048
183
3667
3865
3705
167
4375
3833
3021
4599
1607
2663
2961
2064
2201
2282
3690
3026
3884
1541
263
5061
4965
5362
3923
3285
3430
375
1383
139
1400
1878
4546
256
2760
5115
2788
2728
2466
2175
4470
2223
4482
4223
3905
1875
4760
4123
4526
3470
1113
3769
3110
4885
3282
4152
1943
4204
85
94
4828
2959
4596
4140
634
3213
4580
3295
1352
17
5301
4784
5162
4066
5278
162
340
636
414
5123
1603
1328
986
3618
4183
3901
2145
2737
1434
5115
803
1497
3307
3036
136
2683
1719
3553
4202
3854
3673
724
2599
1795
4141
1530
2804
2879
3342
989
4455
1335
1031
156
2162
1570
2905
4046
1923
4032
3051
4305
4313
4130
2484
2465
2564
1962
5221
4525
5247
961
164
3269
4569
3120
1949
2785
2201
2025
5214
180
1595
4326
1474
2973
3908
3914
1658
1326
1482
5361
2901
4856
1516
3472
1291
1005
2677
397
3408
2974
4272
4695
425
1925
2658
4301
858
2987
4044
3245
2019
316
669
1547
3553
1761
574
1311
1852
2880
3130
1282
4085
2211
1921
4245
671
3403
1376
4008
586
2677
597
2678
730
941
4073
3253
5364
1691
46
326
1005
206
5146
3064
4458
2246
467
4953
961
3529
3228
478
4858
446
4697
1922
5041
1161
2872
1904
3067
1280
5137
4921
3992
4951
4695
2128
583
390
706
1343
4318
5217
1371
4604
127
1866
3495
2936
4737
2144
2089
4787
2155
3985
414
4230
1974
4014
1774
2246
732
1420
3119
5173
1246
3351
4519
4814
5097
3294
441
57
4599
3320
5086
4824
1140
1492
2599
1857
3952
3316
3880
3546
94
166
5080
3752
4515
1085
1090
3360
462
69
3483
1595
2620
3261
1787
3744
4525
4677
2304
3007
1333
5000
212
446
2211
902
3040
1487
3406
1326
3397
4566
662
269
1102
3358
958
841
180
344
1266
4506
2664
3110
2099
4285
4638
5098
739
3949
4416
4965
4479
1687
146
1598
4208
473
142
2841
1973
4226
1227
2232
3657
680
2415
906
3135
3472
139
1348
5107
2370
5075
493
4133
4801
5108
4561
3532
102
3341
62
2116
5212
4437
4748
2052
3837
1847
1653
3904
53
2274
2264
4121
2611
4612
991
4680
2865
2334
3159
2377
470
2419
2588
4234
1029
3154
3452
2186
1240
4547
4676
2372
4682
2024
3063
4934
4762
829
3356
3688
4675
3224
959
1504
2450
2277
3285
4716
4516
2904
5105
4113
2489
2082
4226
3341
1119
2298
3423
4477
4356
3444
4909
974
4935
3670
1622
4065
4120
4892
158
1736
5361
1870
5041
3728
33
2366
2580
1531
5075
806
4330
703
1720
1476
4494
1870
1321
355
2391
284
1113
623
3725
328
402
2069
1142
4642
3048
2971
1250
3035
1313
3128
2905
4584
5350
340
2179
776
4757
4490
387
1690
5323
5051
2797
4778
106
744
4691
1798
3955
4031
1859
773
2918
2580
2374
1931
4056
4187
396
2113
3472
5063
1264
1779
1229
1304
2302
4577
4292
2282
362
269
4117
1943
1445
5015
2577
1596
3472
2981
4401
5377
1519
4418
1566
2143
5090
4122
3053
4948
602
1814
3626
2655
1978
1782
2539
5016
3220
1132
4380
1020
3171
3130
1758
1743
2949
3128
3887
216
2420
2110
4951
711
1670
3481
1972
263
2814
5203
3992
966
2514
720
4475
4813
2472
1738
961
2626
4082
969
3307
3524
1619
3322
2959
2370
1741
4416
3224
3444
4047
5016
1781
4479
1473
705
1772
1526
1704
4745
196
942
2853
1224
1200
2503
4032
3755
1326
1109
1493
4558
4082
1319
1501
5301
4991
2184
1537
4830
2959
3541
5288
3324
1867
2807
138
3445
4588
5063
157
619
4900
1235
4858
2495
4391
917
4512
3536
1529
4290
732
2123
722
1860
210
2032
5176
1759
257
3706
3270
5124
5087
4573
4698
1832
669
1817
5071
5266
4142
4938
2430
3991
2105
5132
1497
3315
2500
4426
4785
3802
4068
3051
2177
4889
3320
3320
415
4888
2278
618
1433
1807
710
2797
4240
5095
4677
164
5064
1644
1739
704
1634
751
1962
4031
1474
3687
735
2282
4463
2684
792
5048
4203
1644
1600
4198
202
5067
759
3013
4143
3553
602
4981
2584
3023
1592
1648
2947
1584
194
2464
3915
2276
4272
4839
1728
379
3265
5087
4107
3237
619
83
2547
1755
3648
5300
1851
3074
4272
1431
4745
646
872
3952
1780
5063
4143
1843
5147
4813
4229
4525
2239
921
2343
2179
2419
2550
4743
2643
4403
4195
1464
1478
3418
2028
4794
4692
3900
2485
4680
4073
2967
3419
2669
1421
998
61
685
6
5299
17
1291
561
5363
1060
3738
2978
2594
5066
1093
524
5215
1823
204
2698
4044
3879
4313
2878
2027
5061
4706
3303
5385
1270
2962
942
61
1430
1094
709
398
1133
2154
2399
4631
4122
3434
3038
180
4411
1361
2962
3724
4897
1626
5051
1253
3477
3128
1009
4067
2773
1433
4412
1953
4743
3274
1594
5162
2024
4444
886
212
146
3044
2023
5311
3947
2827
3075
4921
4523
4675
2888
511
692
4576
4142
1149
5214
1631
1857
5031
2142
4684
358
451
4889
1858
379
1808
3330
4527
4033
5029
5067
3040
3553
3729
496
3881
607
1271
1336
398
560
1702
1243
3741
2962
4013
2318
596
3770
3961
4492
3303
3839
329
4717
493
3533
4997
1523
2587
5374
570
1838
2746
1765
858
1784
4185
4169
2683
2960
2488
3562
3907
1402
2198
212
1426
2814
2838
3899
4326
1551
4916
4591
3066
4416
250
1152
4964
2621
3110
4892
708
547
4860
2089
1702
989
371
5343
3678
2760
1923
1579
842
2620
2366
1127
1807
4757
1596
2808
402
1526
3217
1475
1918
2475
770
1055
3987
2931
738
4693
140
5003
2677
2700
2691
2748
2715
4338
5056
1443
3598
1647
2397
3010
2531
4326
4915
1010
989
469
4099
2758
1310
1661
3532
3250
2887
3378
2758
1031
3335
5149
1492
4934
1702
4109
6
4010
4692
3344
3477
2556
5099
2663
4150
326
1916
1246
1949
4186
855
3721
1478
3106
3170
1988
1867
2718
1795
3355
1353
1437
5377
112
5147
3402
266
1811
3014
741
441
2069
3106
3187
4438
2448
792
3116
883
5106
4938
2734
1560
149
157
1074
3370
1829
158
4444
4383
3291
2327
335
2600
961
723
3940
340
4502
1184
2700
2591
3299
1390
5340
4384
5027
2684
2833
3884
1599
4606
386
3922
3217
1328
4826
1182
3759
48
3235
3234
4955
5086
5056
1576
2419
2185
4934
1719
123
106
4409
4585
3343
4797
4031
3701
2410
2023
5057
3770
407
3224
1199
1546
1686
2128
221
2166
87
2787
1444
1787
3040
3062
1799
4772
112
142
4696
2465
985
424
1787
739
1353
1069
646
417
4133
4562
4700
4518
2804
1450
3026
2201
1870
4267
5201
1918
4862
3412
53
2898
4744
4255
581
3940
1539
2817
4241
2923
986
1411
4398
1480
4060
3238
4682
3570
1762
4953
5382
1898
1803
429
2390
4733
4148
5136
1787
4473
3366
2422
2627
1465
4023
1955
2506
4290
1127
2729
1353
3409
3884
4388
1014
1452
3906
207
4147
1877
42
4719
4608
1647
4230
3367
4330
1466
125
4548
3553
4148
4954
5082
3285
2076
3597
4680
3124
4100
4776
3630
334
2177
120
2318
3350
316
1020
2841
1161
4132
118
4277
47
3095
4153
1664
735
4385
4847
3937
5372
5363
2947
951
2213
2219
4935
272
988
165
2477
1918
3778
2139
3573
3664
4787
3092
1335
345
5214
4374
1924
5340
4069
2023
2062
5006
3050
1533
2604
5300
2164
2929
1561
980
2874
3634
771
4801
4505
1501
1422
1797
759
2028
4883
1700
5175
984
1246
2051
3236
4793
1745
1083
4883
872
30
1252
2833
4743
2744
1707
2409
3211
4403
739
3278
1724
4913
2502
5087
4566
5299
1606
326
2213
5132
3437
2305
5323
351
2064
2361
3898
4139
1036
2630
4113
2305
5266
2653
2727
4652
3681
3893
1760
2377
71
4920
1767
3907
1504
1503
4965
3971
1973
796
3816
600
1663
4920
184
1227
688
2370
4222
5080
925
1592
2344
1932
4579
2665
959
2504
2619
2478
992
2909
910
2643
2893
804
3573
5380
2907
783
5202
906
930
4935
5369
105
405
848
1803
5065
3427
2312
610
555
3839
593
3297
1201
3072
4578
3667
3435
918
259
2710
4363
3635
925
5062
4516
5070
210
1128
4911
2291
4501
3431
2052
2480
4742
3688
4854
340
4792
3562
2994
3270
4953
2066
2797
526
3267
1916
2273
5041
856
859
3048
3074
2904
4596
451
3056
263
4289
2721
2911
5388
924
4184
1481
1616
4465
5214
1234
586
153
1123
4033
2415
4673
4074
2920
1269
5229
2215
1939
4741
1296
2900
4398
2333
3355
4081
480
2068
334
3952
2974
1195
4917
4862
3160
2407
4291
162
3291
2232
3188
1962
3359
1946
139
433
4463
2980
1444
2054
4067
2409
4494
2066
4577
1328
2529
646
3688
2023
399
2316
4553
1843
3317
5090
5349
1777
270
1473
5235
618
4453
4696
2223
3083
3211
4256
1547
2978
3229
177
2755
2200
2485
4656
2647
4100
1603
3315
3439
2832
2529
4965
262
2077
3551
2136
1233
5336
3772
3756
4405
4990
3392
377
5172
21
973
2449
2077
4838
4425
4228
2109
3265
3993
5039
3828
1662
3446
1546
918
5107
3423
1406
3087
2608
3570
4289
3043
1874
4107
1811
1972
1931
1417
2666
2832
4255
2787
4363
2432
681
496
337
5204
3971
1315
13
1793
1109
3850
4695
858
2963
1566
1489
4415
966
3554
3403
5378
3880
4106
2550
1207
2366
252
3439
4224
2842
1870
4569
2804
3402
4388
1323
5227
2714
1698
4145
2117
1879
3273
1792
2079
4833
2843
3339
3238
5364
1723
4524
920
3906
4184
4409
2021
222
507
2592
3830
5175
4119
1709
2415
1158
1815
3272
3058
2113
5096
1919
3062
3423
3886
2466
1939
4656
4320
4527
3408
2663
3084
1694
1964
2766
871
1694
3453
1939
1016
3853
2364
4751
328
700
1738
2987
1980
5116
5327
4490
4055
553
4716
144
1133
1075
1826
5076
2143
1091
2982
2841
5003
3425
5096
3550
4019
4737
4813
156
4203
681
4122
458
4719
2584
3436
2894
3601
1759
2700
373
1836
3640
2931
1946
383
1469
1095
117
3983
5105
3789
2420
4136
2379
5096
2501
1843
721
2686
1433
2591
2023
3133
2240
3573
1956
1769
2419
146
469
1919
3110
2341
1140
4792
1091
4055
4946
1902
1161
4116
1823
557
2045
3618
1137
2746
1272
1622
4426
3094
4946
1307
3955
3943
4074
4839
2467
2570
2482
5203
944
1002
4677
2430
5020
354
1229
3411
1901
407
284
5319
1268
641
4592
2746
3347
3274
4683
2449
496
2977
712
4272
3855
3621
3119
3573
4520
2718
2421
135
4142
4246
2219
5063
730
9
2210
2106
3012
1094
1234
4068
4909
263
510
3085
4312
804
2299
2154
1159
3907
1450
1708
3215
2282
3443
5094
168
1615
4184
2460
2082
2879
2918
2007
1956
4362
3465
5306
1395
575
268
2333
1933
255
4934
967
2111
872
4480
2890
5120
2199
344
4511
1543
2296
3907
706
2028
2932
1729
2309
