162
4453
5384
1271
3471
2418
2563
1231
2904
853
1191
1427
4769
4187
4077
3228
4598
3057
231
1767
198
1343
2748
2198
3347
3978
1028
2725
5012
4658
711
343
1688
1488
278
3889
17
53
2686
1254
3396
376
527
488
1683
2700
5192
2889
1968
1500
2949
602
2563
5072
4788
1692
1875
556
1514
2375
2366
1938
3269
625
3074
4077
971
1799
4457
2604
4184
4411
3973
200
2880
2093
4187
184
5385
3159
2304
4496
527
596
433
1085
1709
2627
529
1788
967
3261
3886
4226
5172
4905
4847
44
4614
3650
3523
5201
4284
2647
658
4127
4483
4012
1423
2062
91
1867
3561
4085
3729
2872
2482
3953
2129
4700
4328
3470
1133
736
1867
1617
1291
2375
5364
3424
71
335
191
2880
4517
2955
1080
3224
864
3364
739
2340
2902
3044
2734
103
4689
2677
1740
4476
1630
5195
4278
2949
4729
3948
606
2890
3135
2971
2433
1966
4564
663
4567
1464
1857
397
5344
5300
4368
1147
3759
3656
4119
3249
1930
3631
918
4597
1851
1301
2714
1503
1751
5192
858
1592
1476
1226
4318
3320
3990
4698
4752
1852
4169
3504
3106
4752
4964
2319
4616
1395
1180
1956
362
2727
4328
2422
991
583
1749
5379
2218
421
2776
3865
4226
5278
5067
4013
2721
919
3159
1487
5091
3879
1603
1778
1788
761
1849
5208
4404
2052
431
2177
4597
1279
3538
994
4616
3778
3278
2187
155
910
3897
730
4761
2927
2619
3421
1234
1090
3074
3347
4692
1592
1607
1920
2371
3462
3887
3896
1859
1478
3679
4742
1594
3409
310
1597
1008
2423
3631
4896
3966
4747
2307
3953
4437
4567
4863
990
441
3670
4734
3832
1206
4584
5094
0
4886
1781
4223
5083
231
4140
2320
692
1834
591
2903
1138
697
580
2025
1337
1899
4345
1225
2495
326
2915
751
1918
4149
4594
2022
5070
941
5338
4067
427
4848
1877
1804
3121
4224
736
770
640
3905
1016
362
4033
4519
3295
2767
2958
1339
34
2027
2913
4228
3472
2767
614
2079
4986
5137
1930
1377
4520
2462
415
56
1839
2397
2211
3462
3598
1774
3299
611
3037
5053
5244
5372
907
1905
829
3941
3429
2906
770
1710
5036
4743
4685
3303
3063
1607
1516
697
138
1226
1245
2201
986
3212
1456
414
210
1339
2764
656
339
2504
964
3955
3838
3437
3172
2073
3133
1480
2274
23
700
4789
4883
4824
699
596
556
4239
2389
1566
4326
4986
5304
3185
4436
4237
2735
2281
986
3907
4954
3674
2903
1577
5012
4896
3885
3823
524
711
3021
2816
1350
3987
1429
4915
5228
3787
2911
2936
1438
2910
3134
2559
5192
872
2662
985
3523
3720
351
283
2665
2594
5013
1938
2081
1952
1010
3078
2147
2893
542
183
2315
5217
2746
5029
903
3401
770
771
4762
399
4573
3269
4954
5327
3376
1805
3241
3820
984
561
1074
2514
3816
4284
4901
2421
4244
3493
1806
4850
3690
179
440
1434
3083
4717
4565
165
1576
4268
1851
2735
3366
4144
4318
4065
3778
229
4381
2894
3850
4105
3493
3442
2735
3434
5003
371
1258
4208
4877
266
4344
4744
2576
4391
2077
2207
252
4144
2249
5080
4694
4313
3408
4741
722
54
5019
4891
563
805
3640
4596
547
3727
1490
1282
3687
3244
3076
2369
2910
3497
684
592
166
2206
3600
3469
4425
4838
2470
3633
3210
3602
2278
2456
1617
1317
1809
857
1127
4250
147
2620
374
1499
2563
1557
2596
4133
3010
1258
1115
940
4921
310
2674
626
4123
2939
3824
918
662
706
1752
4815
404
28
2093
1927
5075
3494
0
4425
2278
477
415
1464
2202
5116
2455
1258
772
708
1502
425
3557
3536
2397
3335
4375
142
3803
2141
4548
59
1810
2730
3441
3726
5353
5073
4017
5021
3294
670
3348
5291
4241
5138
3416
197
4895
942
1804
2484
1723
2686
584
531
2831
2117
2164
5215
3773
3366
3618
2179
2630
1503
4595
4684
2449
4376
2557
607
1481
276
3294
1060
1110
2432
4362
1474
4300
2201
3172
1793
1420
2556
4735
4501
4141
2274
4761
4277
1260
1010
964
108
1188
3319
2374
117
3447
1790
2410
1272
2314
606
4392
4890
1207
4552
2835
3046
3092
400
184
3990
2826
948
5173
406
1793
4907
4557
4697
2687
2804
1659
3135
5225
229
1661
3339
946
181
1491
3551
700
2955
4926
1792
4060
1723
166
556
3419
2630
3722
1147
405
2857
639
3439
1500
252
1267
2748
2807
3130
995
2079
2367
621
2648
1769
2252
1094
523
18
2139
231
2052
3245
183
2595
3585
524
3224
4138
3741
4388
4846
4915
4836
4926
1784
1208
4794
4656
3352
3271
878
3587
5230
2913
5004
2890
3185
3990
4837
4198
2924
4900
1284
5097
1353
4724
1517
776
2584
2908
705
2927
2999
692
5051
3009
428
2919
3797
5146
4183
3408
1726
1750
3549
950
2066
3353
3778
3675
4658
4704
2925
635
5350
3453
3957
3248
3551
177
674
2383
4499
29
3184
3687
739
446
2135
4741
4863
5349
5292
3578
849
1698
3120
2026
1175
871
1773
719
1919
4893
982
5214
1921
4565
4846
4073
5211
1264
1623
4473
415
4111
2744
5043
1732
1259
426
439
4405
5177
4043
906
1088
1343
3575
2047
99
4794
4924
5374
2584
4897
1462
3777
3758
3210
2913
3527
1110
4476
139
3134
1987
1746
3093
2078
331
2102
4060
1493
2698
4426
5299
2083
48
3452
1763
3282
3627
4891
2503
1711
4549
681
2495
2081
3245
4863
4514
4044
1246
2450
439
1960
3424
1481
1132
2559
2677
2883
3656
1456
3839
71
264
630
4636
806
3440
1740
426
4243
1737
1293
5217
4873
2936
1029
5381
2869
1690
3596
3811
3093
3239
3630
2927
198
5123
2233
1743
4124
2473
3691
4388
2774
1140
2735
4445
2488
2376
5317
1296
848
48
2890
494
2568
4779
3324
3133
4111
4761
543
1242
2082
4311
5288
1518
1820
1044
2240
2831
5000
903
2531
2301
1258
947
4584
4470
4691
656
1348
4938
2796
2411
2076
4749
263
1319
1296
167
1683
2186
2940
5082
2485
2464
103
4860
5000
2165
3112
4903
2663
530
1895
458
3014
5068
2366
3188
3261
588
5345
4151
641
4926
4123
3585
5011
1141
3301
570
2940
2481
2587
2961
1768
1597
3349
918
4248
3388
4082
3260
542
2332
4755
3833
4343
4554
2554
3462
4081
1427
1812
4222
2141
1692
355
4657
1623
1937
2076
1600
1796
3864
5364
597
804
1443
1626
1765
1326
2201
1417
918
4696
5352
4010
2775
2585
23
1223
845
112
4989
635
2501
5116
1423
2592
494
3043
4081
3245
1754
1301
537
625
3546
1531
1526
4149
1430
1281
2072
2687
1043
217
2054
3263
845
4315
4989
343
4758
3171
4675
3687
3438
4584
5121
732
1781
388
2925
4924
2026
1418
4576
3000
3527
5074
5064
1701
2214
1552
1075
2788
2497
1554
1738
3070
136
2450
1973
723
5017
3160
2341
3606
2257
2128
1653
4066
2173
875
2945
2124
1797
3236
1728
575
615
4897
2473
211
1489
5064
3724
645
2531
1004
2379
5161
1607
2364
2869
1623
4049
673
3004
764
4574
658
1630
1589
2667
640
1526
2953
1290
3428
5061
4486
1036
4116
4657
1838
1176
4911
1260
4914
430
2579
2025
3076
163
2028
2299
1826
2673
1083
1858
636
3839
2473
2728
4277
2584
5017
2052
3023
5235
1161
5237
1167
4652
623
1652
924
4713
5351
4965
4574
1109
2817
4435
3095
3050
3020
2632
1897
4935
1126
735
3121
3466
3359
4938
957
1137
2987
1482
3991
3044
155
1498
1060
532
2568
712
5300
1936
3884
3701
4486
639
9
1518
3306
1897
2072
1774
229
2591
5121
1143
3741
4937
5108
1923
294
2089
3650
990
3023
4914
1634
2501
5171
5122
2377
587
3665
4121
4085
515
2712
2454
2598
3907
2219
679
3113
2963
2900
462
2716
5344
986
61
1896
737
256
5124
138
2563
1744
2409
848
5019
434
2391
4022
1901
1742
5175
3853
1746
560
717
1106
3299
3471
2619
3758
4187
2918
83
478
2987
3627
3439
3120
4033
2398
3366
3838
2325
4397
1089
2999
2305
4480
2831
5096
2597
3973
3358
3541
2122
5376
917
3187
5217
4083
992
2487
1992
1488
3691
4786
1664
4358
1397
3112
4575
3946
4980
656
335
3293
2972
3638
3171
3449
3978
4954
1597
339
1022
2373
4593
3239
522
1284
3650
997
2064
3562
1959
4294
5149
1567
735
3830
1584
1231
4685
3888
3411
558
834
310
1256
3481
212
2261
229
8
424
1246
848
2904
1808
1141
928
407
553
1842
4472
2907
2422
48
4549
5201
1492
1836
1905
5013
4631
4803
3222
996
2859
754
2782
2224
476
4245
4525
2315
711
4423
3472
1001
2269
685
1795
1739
1805
526
2698
1176
5094
158
2122
2628
4294
1451
179
3214
1383
1113
2816
4937
1140
3748
1898
2919
125
2087
3364
3533
3839
968
1390
673
1287
4887
3435
182
2314
2599
3010
1770
1370
1952
380
559
2932
4475
1896
4506
479
1480
2718
4476
1890
3437
4344
3586
5127
4575
4020
5319
1807
4951
532
522
701
1263
3346
5227
4016
3536
2154
558
2671
85
5307
2927
146
155
53
1502
2281
2113
496
1865
4111
4289
4179
4951
4076
4330
1313
2341
4862
4640
1682
431
4950
1934
3973
1768
248
1890
4473
517
2407
184
669
3447
2874
3898
4228
1430
4997
857
5292
3672
380
57
4027
4772
2128
3168
670
5027
1271
961
5378
3555
1370
944
2361
4827
2472
229
3748
1627
1919
479
1925
4747
2179
2116
1723
4814
5309
5349
2198
1802
1790
3154
5217
2502
588
2592
5342
2927
5092
993
1089
1395
4291
4228
1561
3726
5175
1271
3954
3775
738
4593
866
315
3470
473
4713
3248
2647
4954
390
2747
4482
3604
4407
2509
4757
257
2620
4148
1592
1418
4207
2316
3418
4875
739
2409
4223
689
2842
1188
430
4034
446
1031
272
120
4406
1254
1108
574
165
1767
4588
2907
2955
2062
4775
2360
3755
2455
2765
4104
4013
3358
3400
734
4362
618
1865
1810
4121
3170
1177
1202
3778
3370
1782
2939
3778
1568
640
135
2458
540
4171
4758
5382
4920
3056
1526
1425
674
1167
4267
546
1953
225
562
1758
5169
124
1436
2298
4027
1943
3292
2069
2932
103
732
2910
4143
2468
2068
4271
4548
2710
1988
958
4374
2915
480
1754
2744
2007
4164
4117
653
3621
3401
685
2448
3170
1402
1259
2213
4733
1456
679
580
1250
4514
47
4401
184
2600
3250
4005
3838
417
4678
2422
211
2772
1154
1497
2112
5234
182
1841
2685
592
4954
2687
1876
5352
5022
3549
2432
2020
415
2372
4687
2441
387
1808
1661
4855
1804
4534
2794
2154
5004
3225
2564
2936
4791
3083
2556
2977
2805
985
500
2163
1477
3123
1200
4233
229
4937
1504
7
3364
3940
1665
2627
1560
4438
5374
4046
2460
2420
2295
3211
440
1956
5082
1360
5136
1490
2714
1741
3853
2716
4240
2594
2700
380
4763
4050
213
2598
1519
680
2961
2929
1847
4240
1287
177
5061
4343
733
4391
3130
3556
5085
3586
4751
1937
3307
5086
1432
1541
20
1523
1808
5005
3678
2963
1595
579
5186
3620
373
985
3893
3264
4718
510
5169
2410
918
343
3124
1946
1927
2128
1752
1860
700
739
2257
1849
4241
938
3158
2175
1353
1887
2653
4693
5215
4599
3300
3385
8
4949
2341
383
5065
2598
2718
4088
3215
2187
4392
3401
1302
3985
1429
2900
3587
4905
700
4412
4756
1593
1328
4936
3408
3217
2269
997
3302
5138
3691
5306
442
4828
2890
3014
1974
4144
3026
3895
2982
4020
19
1109
1023
5123
2106
4036
4470
3419
3559
3886
1512
4415
433
5247
475
3324
1643
963
3378
633
3725
2620
2079
2201
1501
3077
1690
1607
1841
149
3083
3907
3748
4313
2801
1967
4276
2444
2747
3222
2908
4661
4076
4840
2596
2304
4456
4907
1847
168
3079
4294
4021
1324
3961
1152
596
60
9
2117
2460
1928
5085
2879
4692
4104
158
3092
2291
1702
5077
3010
4049
4109
5340
1244
1415
4890
777
1602
962
5049
1093
528
1451
1789
4380
948
4012
2047
1494
592
399
229
1451
3430
5378
4636
4891
4104
1514
355
4407
375
807
4031
1143
4096
3303
4032
3020
3229
4775
3983
4907
961
582
1814
2389
2889
1258
5176
3958
3124
3910
100
4179
4777
1803
4689
3203
5091
3769
2915
1245
3152
541
1335
1284
4318
194
432
107
3050
4005
249
325
2755
2772
2655
4790
2211
17
2653
5015
3270
2282
2159
2625
4123
3554
1
1254
210
5016
3316
146
4694
5123
430
4677
2578
157
4915
1154
1401
3397
2593
1254
5068
3529
3575
4242
3229
17
3759
4097
1867
1902
3578
2658
3473
1816
4825
1864
216
2346
1526
3131
1493
10
2836
4941
1659
1252
5120
5005
3301
706
1139
451
4405
4991
4465
3949
4583
360
103
1076
1577
439
2307
3492
4495
1327
5364
1191
1531
5307
4761
3128
5077
682
1494
4846
4049
213
71
4362
3906
4908
3222
4717
2955
685
2327
2153
3067
2987
1028
5064
197
1860
355
3091
5049
4755
555
3272
3747
2124
2684
466
529
2379
4012
2674
4562
2063
1743
5323
1515
1832
84
1022
3562
592
1943
371
1627
1273
1923
4412
2463
3881
3154
2456
2184
736
3119
646
1329
4270
559
3322
1444
2775
4144
1943
712
4546
1851
4567
264
712
3168
4435
886
4901
4593
3241
3884
2484
3779
3561
2246
3248
1267
1815
5138
703
4813
3346
4325
1110
796
1955
5195
1800
1191
3078
1836
2971
2333
1402
1628
3245
4482
2666
1531
2958
3085
4239
2874
961
1333
1177
5173
689
983
1647
783
4256
1843
3412
1922
1376
5162
2754
4418
2503
2903
1184
3747
5352
986
4245
5351
2588
4120
3887
5323
2771
1679
3549
5309
734
268
2128
1235
3833
2180
4408
278
3370
4924
3483
1085
387
4684
2045
1518
2576
5203
4522
1796
1786
1843
3464
732
2745
2596
5127
1751
1397
3428
3124
5163
5202
4407
397
3212
1920
1700
1132
1824
721
420
2539
4121
5171
1432
1350
3903
7
3345
1601
3908
2389
4891
2342
4242
2804
5389
517
678
3364
1263
884
3737
4347
4527
184
3285
3331
4523
4088
1664
1687
5218
170
3587
4365
2621
2797
3072
5266
3485
5204
682
940
1045
4715
2372
4119
966
685
4746
3135
99
1052
3865
1932
3356
4139
2068
59
1583
1533
5073
4367
1687
3303
2281
3564
2801
4075
3637
1526
4640
2625
331
5181
3403
1408
677
507
489
3561
2886
4405
4392
1967
1758
3242
2990
3957
466
445
682
5345
853
2141
707
680
2719
2054
60
1188
4922
4830
4685
3598
3437
918
156
1161
2421
3265
473
2232
966
4814
3551
3904
4749
2473
1894
83
4302
4528
1075
4473
3833
1354
4507
1141
1978
2797
4120
4830
2111
1710
4328
2842
5170
952
2200
5209
1010
5099
5229
3973
3397
1798
273
999
2478
2881
2451
3319
4980
3493
557
3771
2531
3409
4693
2340
2099
1707
511
3440
4313
1700
474
4862
5029
721
1289
858
4682
3077
2186
723
1105
1157
3366
296
2277
2155
692
1603
902
276
4997
1628
4908
4790
2664
2333
310
2673
3450
2441
3113
2363
2718
1947
432
4267
4459
4106
1105
1493
2895
3822
477
4222
4476
4415
4446
1615
2557
3129
255
4917
2595
4375
3474
193
1163
4567
2026
346
3897
3759
4471
1311
1797
3162
1687
1076
2600
4548
3064
4426
3555
3211
144
997
4289
1327
500
4374
2456
4838
1927
803
1137
1466
1004
3949
1479
5175
3748
4010
558
2514
1435
1746
5137
5085
4680
3566
2856
3856
1908
2423
639
2894
310
1282
1870
5373
4031
2106
2312
3300
2647
4656
5014
1557
1581
2383
990
1464
0
829
2842
3378
3952
5108
1257
2685
1497
4099
4689
3305
1566
759
2741
2099
3986
2372
3228
5138
84
3895
1761
3778
4248
1598
3057
4411
4736
3955
45
1044
3823
3536
3557
5229
1291
3299
561
2667
2122
3370
3439
2771
5217
2277
670
3480
2552
94
2601
3961
925
5178
1974
542
1191
1904
4825
3598
1230
609
777
4824
4506
4802
4405
467
1784
919
4847
4776
3597
3050
5373
2390
5206
3215
2643
2673
4704
2066
1175
4636
4562
4691
4856
584
2026
4070
1126
2123
3538
3737
1558
4169
3776
4061
5098
2895
3672
4873
1500
3035
1230
2782
248
1398
4019
1726
1420
2062
225
3720
1513
5067
674
4584
2539
1240
5312
3720
2754
3094
1423
2664
3014
4078
5149
3542
3278
2663
273
4353
68
261
3620
1087
1421
3635
2932
2990
3345
1949
777
2879
3559
3705
1664
2506
1143
278
3670
100
609
5037
3224
4075
856
2788
3057
5057
3437
2449
1055
2628
4631
259
3667
2470
4826
1266
2865
1771
2648
221
4751
3887
2448
5093
1263
1684
4305
875
5053
1776
3074
4129
4437
5097
2045
5001
1233
591
784
2548
4812
3218
30
117
3228
4112
346
1225
4223
1406
3269
4486
527
3559
3940
3776
2578
1594
4717
2842
712
5299
3270
5194
4075
2701
1225
3402
4388
2211
5062
999
3558
4204
3865
2974
1560
961
3648
3882
4926
5201
426
1003
5288
1263
3350
3536
761
4608
4564
2068
473
1876
1137
4910
3472
4877
1270
5381
1691
4111
4407
1420
2360
48
3997
4987
3955
4391
2884
2045
2477
271
4081
1470
4180
3297
1137
1838
3093
1139
4156
4693
472
3688
3596
2415
5328
479
4715
4375
2217
2107
292
4970
1075
4013
1857
1905
4353
5175
2163
1020
