2662
2960
578
1256
2664
2736
1069
1023
1160
1444
1849
3972
1899
2246
1782
2277
1535
1029
515
94
4658
4854
1260
5384
472
4474
3442
1499
3743
2312
1755
4905
4847
1095
2713
4779
70
1724
1896
2545
4098
1763
1036
1694
2159
875
331
325
1223
4365
4358
4849
3779
1324
4943
804
5206
5291
2835
2760
2629
4692
645
5149
1137
1036
1661
2112
315
3134
3014
1750
4595
1661
2959
2787
3083
2269
4326
1469
2920
5153
71
1028
5137
4970
1688
2737
4256
1152
1491
4599
1797
1684
3650
3369
2199
4880
3674
2756
2021
265
4073
3070
216
526
3832
3561
3007
1737
968
4761
3761
3064
3758
625
925
553
4988
3470
400
4312
5166
2188
858
1643
310
829
2959
3664
2796
4812
3152
2863
2971
796
2472
222
1353
1500
2604
2697
1878
60
3639
3664
1464
4463
2701
2358
3423
3976
3953
3483
920
29
4411
1198
2454
1406
1739
2940
1109
2502
4112
3003
3774
3355
1425
4591
3056
388
1631
2048
4914
4294
4754
1430
4398
2628
843
2083
2135
5166
5114
1504
4233
543
297
1422
2390
921
4906
3428
957
2789
1395
697
2372
1665
1752
4080
1805
1627
1583
3900
4501
4130
5237
4828
1593
2787
3524
3463
5336
516
3133
5307
184
2210
2209
2907
3339
117
4874
5194
1462
4007
3947
473
3483
5027
517
2741
2591
3226
1177
4438
2364
2472
4234
4405
717
124
5173
5195
1399
2980
4523
1044
4784
2213
3430
3744
4525
2007
3406
4256
1772
1474
1354
5380
4180
1638
4406
4141
3273
3160
3318
3221
4967
2485
3741
981
2419
3758
1930
4088
2901
4924
4917
2449
2360
263
5300
2764
2281
1009
674
1095
2785
806
3412
4138
997
2654
2024
356
425
4527
724
349
1596
566
223
2761
1214
2122
4072
903
2725
5217
3570
2776
4558
146
4749
576
3355
3952
4904
3305
2218
2107
597
4863
1770
547
83
4524
427
2433
1346
4855
1764
2472
997
3375
3225
167
225
1310
4733
3889
754
717
804
3051
2881
1561
5039
5178
3159
1136
4737
2787
5027
1683
1698
1114
4499
4950
1180
2089
5380
3369
4993
3923
3618
3621
4921
3057
724
3274
3242
2961
594
3378
2710
1978
3348
182
2608
584
467
3216
3378
3424
2487
959
2179
2931
2743
875
1321
5212
2914
1512
5046
1898
2214
3123
610
2795
138
477
702
4121
3953
1339
3365
4384
1492
5212
3659
2319
2545
1293
1980
4112
1108
1834
196
1643
1955
4310
4561
5149
584
2305
2746
4986
3057
4987
3481
910
1874
2344
1626
2772
4522
3238
1427
1326
5218
105
5138
841
996
4784
1339
1955
4862
30
930
656
107
2554
1307
1626
494
334
2054
3727
4082
2093
396
3991
1638
4013
3586
958
2377
5312
4437
4133
4405
3306
5309
2265
1770
3106
2068
4322
2430
682
2789
2918
4946
5208
1811
2591
1028
1515
2857
177
4698
3884
2785
2570
2333
634
1691
356
1487
3772
4790
5043
1438
4044
1246
3347
990
4704
4134
2884
4353
1477
711
3494
4203
1766
3825
5091
2545
2558
606
2358
1800
1515
2373
971
2411
3185
1931
21
190
3728
2421
1833
737
5203
4516
3364
1962
4146
2327
987
1456
558
1963
1794
4812
2488
1163
3282
1092
681
2106
1479
165
2409
984
4144
2419
388
266
858
943
871
4599
5381
5042
4501
845
2265
1707
4677
123
2184
4009
2077
2628
2218
1859
1214
5203
2604
5338
4867
45
2905
2399
656
1926
1629
1933
1772
5076
4797
33
141
1551
3726
2301
5043
1939
4406
58
101
3530
885
1905
1132
398
4814
610
1043
1949
2880
2419
1497
591
3922
1663
5029
4981
2620
5379
3120
4310
3879
4242
669
5360
4583
511
473
2500
30
1551
4100
5337
602
1119
4208
1272
700
198
334
4090
266
1576
3898
697
4033
4056
4326
2664
1701
3865
5021
4392
5041
611
1919
1857
4575
2107
5049
2093
5349
1695
1351
2298
3578
924
2881
1925
624
4073
3557
680
2549
599
1005
4990
2980
2082
834
2620
3397
5036
4457
3402
1095
3133
3480
3561
354
1395
2897
5174
297
4812
3128
397
1698
3282
5067
3093
4802
853
1052
204
1487
1489
3915
1858
1111
58
3212
3492
4109
2481
57
330
2883
3961
5172
1093
30
4358
3395
4802
2378
3619
1535
2341
3152
2252
3949
1949
3883
295
4880
3728
1464
4752
2736
697
4989
4594
4611
4356
4964
2421
3261
4786
3128
3301
1829
2838
615
1634
4706
1328
1423
2509
3079
3452
4691
406
3912
1106
5122
2304
3957
4298
3937
2371
580
720
3354
952
264
1519
5310
4990
2980
4306
3833
4693
1701
2307
155
1028
4344
4520
2629
3320
1473
2643
5138
1503
2316
2741
1221
529
2203
2313
2629
5079
5080
390
773
671
4681
191
2379
1803
3758
3316
1631
225
1429
907
1337
1438
1022
2025
2145
1892
261
3110
1743
4250
4909
5178
581
3092
2083
5092
4917
4689
3168
4122
2881
2604
4497
2580
941
1289
3363
2219
2113
2083
4482
62
2487
3626
2608
2390
2081
3830
1287
2108
1010
1566
2025
3760
984
3014
4065
4546
1008
4183
2847
2577
3358
1534
5201
2472
107
2801
4445
2990
1752
2377
2298
82
4310
5214
4802
1343
4832
2298
2090
2604
524
1358
4080
4751
3946
1841
1664
3707
4445
602
61
1189
3549
3409
5364
134
3839
1234
5340
2110
4734
3854
5011
1268
4858
579
5112
2923
1988
3778
625
3559
877
3050
3351
4154
1598
5325
5281
4642
3895
4943
4990
4267
4007
3358
2026
135
2879
1249
1727
493
3244
4072
4698
2214
3400
4941
4754
555
3578
1815
1932
4495
3470
4547
248
191
2831
2604
1708
1963
5163
3449
1427
3419
358
4555
2903
60
2564
1075
1931
3397
57
1201
526
4226
3301
2470
3130
701
5080
5063
3473
5057
3481
4123
4685
1253
3184
404
1487
1432
4240
541
588
5057
973
2207
124
621
3157
3335
4245
134
733
3880
2456
4331
2979
1736
5163
1874
4693
981
945
4827
5070
5083
2243
2990
141
1143
4089
1494
4195
144
3853
2621
662
5380
4745
62
4456
744
1732
1126
1943
2391
987
5244
1967
2953
2280
3536
1730
326
1010
2144
4562
118
4089
963
2198
1256
5291
2078
1949
759
424
5202
3602
1296
407
2814
71
4839
2255
2165
4100
3299
1685
4990
1383
1972
2807
157
677
5082
2722
1427
4517
264
5137
2342
1500
3896
4519
1762
3550
196
4059
149
1768
3758
805
1246
4234
1093
3562
2091
671
1723
1324
1761
4714
921
3388
3453
3828
476
2444
5385
170
3065
3053
777
5127
2949
3602
1566
917
4567
1223
4887
1692
2203
2291
4237
3378
4700
5353
5319
792
4105
4579
5074
216
3901
117
2066
2068
1429
185
4391
3431
4682
5108
3306
5006
5020
204
2458
4068
1628
117
2710
2895
2123
2304
2902
2223
2145
5340
4691
709
3301
1782
1225
579
2663
3650
4656
4469
5181
4099
3291
2105
1491
2470
120
2647
4140
3235
1554
5389
3897
4546
4696
3939
3990
2056
2305
5351
4064
2072
1476
344
4095
4466
3346
2725
1730
4124
990
2047
1768
4009
640
1667
1465
1777
4061
3386
3453
1834
4594
3898
4250
470
1094
599
1501
99
2460
586
4897
5206
2239
2153
1943
1789
4384
3941
3648
1188
338
944
5017
4772
4423
217
4152
705
3265
3433
3106
3447
1784
3449
2462
636
4121
2407
5040
5004
1822
1860
2343
4483
2176
3140
3987
4518
2745
2320
864
2456
325
4405
3832
3536
151
5278
3447
3450
5051
2141
1273
1809
4890
1354
1916
4107
1340
3216
162
639
165
3758
4457
4225
4950
4680
943
4056
2409
3152
2742
552
5012
1322
1530
4826
2274
4521
3239
428
181
3437
4578
1601
3494
2725
4675
5369
1742
19
4893
1805
2737
2747
1383
2142
1993
118
82
3306
2580
545
61
561
5025
973
4749
3940
4754
1279
3691
1806
2676
3004
3347
3444
1802
2677
4714
4891
1537
4102
4019
1545
4880
5073
4739
1184
4985
3419
2223
941
2618
4320
1282
1784
4825
1008
2185
1128
3213
1659
4224
930
3152
919
1420
5097
4141
1401
2662
4146
265
3446
4036
4802
2942
2078
3073
1841
5227
744
2447
206
4953
2597
4520
4099
1383
621
928
4229
4711
259
3906
2970
4205
952
5073
1500
999
2901
4772
1102
3401
553
3440
3292
5107
3620
3212
4576
1967
2447
1786
1802
848
1470
4937
1127
5337
4406
1926
4398
5237
4616
3386
1776
961
4575
5029
1307
3448
1939
952
2971
2198
3476
1836
2415
4313
4988
327
3895
4055
1826
2730
4344
5049
1804
2456
1686
4145
2529
5048
3451
4826
1644
141
4830
4124
1269
5082
2584
952
4483
3083
2974
295
563
2872
338
315
3241
984
170
2712
4737
4330
3063
2487
4579
2089
4991
593
2282
1020
179
5394
100
1687
3462
1710
1865
297
552
404
3267
4276
94
4043
925
3408
5091
3724
2925
2207
4897
5049
4090
4148
4268
198
1347
3187
1876
181
656
283
5215
2104
407
5062
4330
2022
2277
1628
3388
1726
4496
4792
2052
2843
2143
222
5389
3937
3317
1780
4345
2597
4517
3530
4222
3376
4501
4559
1959
4478
2546
3370
153
4690
5384
222
1044
3953
4518
4203
3385
4778
2806
432
3471
1478
257
2748
4893
4593
3278
611
2304
4656
5105
2502
1546
1762
2489
2391
1941
3131
4223
2539
721
3648
2093
1809
3883
4292
4815
3249
99
3446
4082
2608
1287
415
294
3342
2430
3234
1093
4365
1845
1838
329
919
3472
1935
2495
1767
2207
1243
689
2727
4955
636
4574
4967
146
3094
5178
1973
18
2485
1831
1722
1960
1518
1291
2743
1263
1710
2370
4595
1934
231
834
614
4226
615
2570
5048
2081
2448
3678
2597
720
1069
5109
1928
5361
2261
885
4968
3235
1504
1268
4223
3748
3830
1686
2807
1339
1029
4278
251
3301
4923
1161
3241
4565
2619
1492
5379
2474
4066
4444
4747
2313
854
2814
3773
4517
2152
496
2579
669
345
2072
648
952
3238
3956
1606
587
2914
3358
1866
871
3158
511
1801
5189
2490
2600
1905
1832
3439
2219
3772
921
4990
4255
3214
3786
582
4778
427
1797
1847
1372
1865
3124
4104
4837
4437
730
469
710
2885
1849
1415
3422
1296
1726
2643
3992
974
4017
2803
4060
4031
1700
446
475
3065
2135
2420
4021
1044
2022
3063
5091
4557
5319
170
1844
5350
4511
401
4214
3897
3462
1390
340
1513
1709
202
3530
1020
732
974
1740
2399
28
1229
4559
697
1843
1400
4910
5310
1147
4953
2737
1777
1904
4084
2814
3095
1475
4277
614
5221
4774
3297
8
573
2341
417
3546
2203
3639
1726
3130
709
2963
5361
2653
4729
294
46
5170
1805
5212
1339
3552
546
2430
3270
3483
4408
210
3349
2987
677
3602
1722
3690
3350
165
3044
3043
1596
709
4825
5300
3865
1566
1876
5157
1811
1702
4155
4122
4988
2367
3447
1087
2697
3896
4554
4684
1420
4867
2816
4322
680
1963
3563
4143
326
4138
2326
1120
4954
5001
4325
3856
2990
3555
3010
5025
1805
1847
2449
2423
3903
4814
3602
397
3839
3595
1254
2632
5309
480
1685
2838
983
1329
3978
4314
632
2019
806
4088
3420
3070
3300
406
2143
1920
4642
4657
2177
5098
4717
2734
2343
2737
2973
4230
1340
5238
469
124
1683
2122
3348
2687
558
2755
1390
618
5345
1465
1034
4606
1442
1429
3493
5002
5068
1093
1136
1943
4012
4272
1049
1504
1798
4706
4331
2166
337
1201
474
4124
2115
1533
5362
1434
2032
149
5114
1942
2552
3217
2154
2145
2295
4246
2111
4951
537
3650
118
917
4064
967
1707
4084
2021
3940
924
2936
1968
2361
855
1534
2405
2022
1416
3557
1513
34
3345
1260
1779
607
4478
2806
4444
3234
1644
4725
3898
4739
5003
4733
2625
1043
3416
4770
1110
4505
739
4815
316
770
4130
2466
1925
2912
2462
5266
3035
2895
4904
442
2441
2139
4075
4729
3294
3777
1358
5384
3400
2552
4075
4326
1429
1265
1450
5384
338
398
1829
1110
1867
5056
16
2163
5098
2907
1817
4322
1137
346
4725
2715
1919
2658
4909
2449
4825
5228
4760
1965
2495
3140
3113
1781
2706
2914
4475
417
4123
3396
111
4688
3434
1401
4127
3803
159
1114
1791
3075
4121
1615
2758
5135
3825
1395
952
470
5082
3318
1866
473
4272
4134
1773
3444
2856
2673
4685
2982
4197
3563
4375
5172
3656
1010
1155
5237
4065
2328
2048
4506
441
3991
2291
528
3729
3559
434
4134
1732
4366
1433
3986
3656
3084
2857
4473
2795
4140
3737
3681
3130
2625
1742
5360
1892
2224
4343
2895
2206
4306
1539
4858
4277
3630
4033
4883
1167
61
82
1513
1420
4385
488
4786
1293
3429
708
1491
5022
2720
94
2418
159
4926
3184
5096
284
542
4347
2460
3188
1992
2837
1260
108
1682
1653
4164
1743
3087
3766
46
3348
1579
3748
1751
4267
400
2282
2497
4415
974
1348
3077
3839
2701
1860
376
2500
1720
2684
1529
47
1897
1494
1427
5213
1227
2687
2919
1955
2051
4992
700
1808
5378
1222
3044
1869
5207
3300
2563
3271
3433
3900
985
4368
2887
2186
5372
1029
1512
4255
4466
4106
33
2827
938
2319
429
740
2454
3756
1244
5019
4910
2806
1223
1966
776
4876
1824
4567
2366
4744
4752
877
1964
4091
292
3091
2755
3300
4830
1470
4636
1798
2978
5019
678
1501
3300
139
5120
2087
3604
1549
581
379
4148
316
91
4111
2570
1090
4388
2219
3007
692
1794
2243
1945
1816
2666
5192
4856
2111
1033
3265
4143
4312
597
466
2653
390
5306
640
3450
3356
4612
5021
2112
5040
4077
2189
3860
3937
4785
527
883
5000
1781
2755
4968
1772
3131
168
1959
1867
1284
5281
1904
2843
2949
2052
2383
4993
1821
5233
5227
944
3339
257
3937
1123
3971
1682
4812
926
3408
1252
3585
5304
2211
2547
1016
3420
1399
3631
2677
1221
1002
2775
3322
3161
2176
528
1992
1753
5211
3170
3433
1523
2432
2025
1435
2091
3913
2454
4069
417
3133
5339
2495
2110
2153
5068
4469
3293
5061
730
2269
5345
479
3923
1093
4318
5088
1422
4129
1008
1530
2154
5086
4418
2686
3630
4797
2744
4657
5084
3748
3753
1402
3776
2619
1840
1840
3556
5044
4301
3397
2432
4088
1823
872
2218
3453
4965
5019
204
4656
2145
69
902
2741
3854
4427
5042
3123
2645
1904
3567
930
3274
1860
1152
2925
3604
3483
3470
13
2047
2552
1004
1822
4012
2685
3074
3832
2482
4031
1397
5350
4098
5027
875
5173
1630
1757
2021
4178
737
4224
4085
5036
60
2147
1955
3216
387
4916
2390
4847
3816
3213
4787
1689
2584
6
4776
1917
1688
4548
2447
3452
3245
4238
1782
5177
1732
1577
2865
140
3865
158
777
4148
2299
5015
610
5380
1493
2214
3349
724
2963
3004
4964
4302
3320
4102
4310
2375
557
2467
1108
1619
2460
4021
4769
5040
3058
2105
3952
1766
1438
4856
5057
4352
5205
5095
3570
4177
1252
361
1175
710
4575
121
3351
4178
1930
532
2931
669
3184
3974
4268
4740
1566
2685
3067
4681
921
1947
3912
2189
355
2094
2135
2256
5340
2764
91
5309
2929
330
1395
5093
2091
1311
1327
4479
4913
470
3246
3961
2788
3376
401
1240
415
3822
2052
3119
3997
1776
4855
2853
639
5075
866
3667
872
991
2490
2973
184
1838
759
783
4010
383
1589
3824
5376
2483
1597
3338
2209
180
4171
1687
1109
2083
4404
5138
3378
1576
553
3957
2591
1060
4412
1513
543
379
1773
3350
4685
4044
108
796
1043
4016
1224
117
3245
2025
4474
3331
1060
2676
3770
1481
2105
4049
278
777
4150
4466
1087
1296
522
20
2399
2301
2418
1240
4426
4511
3905
3839
633
4070
1551
4697
2224
5096
2936
1271
4477
3338
3331
4566
1478
3958
2080
60
3538
1593
3073
2111
3305
4595
2578
1816
3397
2577
3566
3971
3756
4769
340
2026
400
3083
3064
1695
796
3079
971
3419
3937
2019
1874
5152
2047
1031
2482
4363
2455
2961
3755
4033
330
2298
2280
3554
4784
1598
4544
4939
4186
5065
2255
2554
2273
1790
880
537
4790
3777
4883
3973
722
179
1023
2154
4214
3118
875
207
5076
1028
3961
1887
2488
1457
722
2304
3203
4300
1920
99
328
2755
3691
5211
2111
713
764
4347
1397
1847
2683
1729
149
4593
1285
2367
3775
3758
3351
1176
1139
4312
2758
3065
2135
4368
3679
4706
500
491
2796
5012
1583
3908
349
640
2801
2187
5389
1398
1411
4846
285
84
2081
5072
4694
4873
339
3558
266
705
5192
4576
3342
3134
541
1664
3558
1442
4547
4954
360
466
2884
2334
3113
1923
2684
1617
4567
855
1323
2923
4089
388
1055
1026
45
441
4222
4552
3552
4154
2175
4155
2648
773
2333
5166
5122
4250
4757
3974
2734
2888
3561
335
5124
1442
1108
1751
2841
0
4475
4887
4813
4453
4652
3466
2797
2766
5373
4151
1480
402
1123
751
3955
1599
2729
770
1390
5311
3412
3248
1243
415
2342
2409
3118
4913
47
4915
4971
3475
3475
3475
2915
5098
2503
3476
4640
4887
1617
3473
4237
4205
1875
3187
946
4828
1444
3376
3937
405
1207
2960
1444
4891
5292
3563
270
883
4644
1823
2767
5217
3215
3154
4772
1232
4375
5381
1698
4953
5020
400
2210
1234
248
5178
1128
4245
3636
4409
754
3770
440
375
2081
2104
640
2841
2239
734
1742
3720
2111
1126
1267
83
1518
733
415
3324
2367
2295
3057
4406
682
2954
