994
4577
5369
4072
3941
3306
1785
4901
646
5207
4717
198
1993
432
2167
1772
164
5233
704
902
2595
3637
1136
4762
2056
754
3278
3828
4426
4614
1815
3748
4092
3003
1411
3618
1600
579
4683
212
263
1319
648
5196
30
1865
4573
1092
4515
5221
2547
1095
920
480
2506
292
2653
387
2265
5072
5203
1592
1865
4552
5394
1648
3229
2947
3672
4501
462
4377
2147
848
580
724
2665
857
2507
2674
3188
3058
2802
3885
1323
4583
1690
2209
5068
1358
4313
3883
1890
5074
2618
4886
2718
5173
5281
1804
467
5372
2297
678
2620
1841
3370
3302
1114
2027
2730
2835
88
491
1291
1258
4860
3469
1470
3170
2900
2585
3991
3906
46
633
427
3078
4021
101
1836
3570
1877
1923
4573
2595
2755
700
4081
15
5309
4906
3316
91
1154
2962
5290
2179
1857
1859
3004
5350
1822
5091
2269
5227
3971
5061
278
2446
5065
3987
5020
4680
3556
4830
1916
434
4036
2941
4502
355
4907
5120
2808
3480
3302
3345
3246
2963
610
2598
656
263
3997
2725
5002
4068
3306
607
3441
3273
270
2842
3210
2420
446
3467
3747
204
5000
2715
1744
1821
4387
2490
2673
3021
1120
3056
1154
1638
4009
1005
4130
1878
2621
1490
4328
4136
149
5171
1924
5014
682
3363
2939
1260
4438
2907
1634
1328
5212
2619
3469
1788
1160
56
1870
1529
4734
741
3299
2597
5292
1993
1534
3051
4980
2202
2577
1482
784
3542
4059
754
184
5227
5105
4016
2312
3977
105
470
4948
1647
2405
4991
3961
1685
2914
5205
3497
4864
1031
2919
107
1811
792
2291
3410
1001
2971
1476
4793
1155
2890
58
1689
2643
2771
4921
2722
479
1670
740
2447
1782
2159
3474
1702
4713
1243
4754
5087
136
1561
285
2987
2052
1917
5098
1567
1816
4409
5138
1803
4907
4912
1207
4547
2233
4590
2548
3014
4724
1293
273
2482
992
316
2767
3185
3724
2578
4788
266
772
2920
2719
3492
1811
3438
1243
2925
1093
3131
3455
771
1960
587
4415
2048
2243
4813
1422
374
1752
406
4562
2787
3095
2105
1837
1978
262
1579
4310
3688
3816
547
3466
2332
4214
2758
584
4133
4739
1230
4736
2729
699
4789
4585
4970
943
4812
4022
1751
1953
3070
1849
2444
3237
4733
3043
4596
30
5181
469
5137
6
4549
1267
1765
2252
5216
4068
4256
1941
2117
1080
2022
3687
2888
1256
5000
3755
3429
1110
1941
5006
4310
2213
656
551
4553
3494
179
918
1141
576
83
2175
1922
4046
5021
4375
4514
4788
4914
1577
3046
2759
390
2773
1045
1599
4099
1980
1730
1343
4935
580
216
1779
4401
1757
3020
4583
2135
928
992
2947
3227
5173
5013
5377
4412
741
397
1778
2358
266
1296
680
4136
2466
4604
3324
4171
2410
1140
992
1307
4425
3468
0
2109
270
4685
4880
1224
2678
2257
560
45
1488
3915
1214
415
3688
5227
3687
1961
1683
1339
1927
2463
4582
1091
720
2911
2922
4096
1045
1138
472
4069
1829
5119
94
3330
2885
1418
689
3898
416
1864
3213
5369
4007
4445
5340
346
4046
4746
5253
4109
4092
2430
180
3297
3527
1055
4760
4719
4729
2309
3293
641
3152
4737
5137
2579
2056
1878
2904
3816
61
1681
4267
4203
221
3977
1539
5176
1500
5160
5045
2371
2722
4019
4801
2450
3438
4599
3639
3477
1327
3320
3210
2318
1616
1147
52
1269
1597
703
2554
1122
986
2360
2299
3260
2062
4497
653
2658
1321
5336
1263
3561
2263
2475
194
2112
4270
3688
1945
4483
4412
4987
2759
3237
4692
515
61
5244
3242
61
1802
2744
4073
5208
4064
88
974
1946
3129
1091
4247
3833
4700
1200
1529
62
2889
45
2647
334
5196
2772
1469
2745
2629
3248
4239
4483
2432
3690
1576
3292
5244
1963
3604
610
5121
1155
4007
2502
5244
1256
1866
5343
5114
4644
3946
707
1924
1167
4895
2963
1080
1433
3282
1759
3402
1974
2774
4730
2701
1178
3120
2712
577
773
1867
1683
4151
784
4233
1490
1898
2116
1783
907
1282
907
3471
4314
3766
547
5070
3884
3418
2817
4906
1845
4839
594
5312
2312
1492
1533
2163
2683
1768
1903
4696
3882
1765
5017
1796
61
3573
4117
2027
3133
1738
3633
4156
1776
531
4176
4862
4758
4204
310
4027
2152
1016
5342
920
848
1726
700
2243
4736
592
2869
2883
4915
1595
4990
3345
1411
2746
3542
3421
4678
700
478
1800
1600
1631
4772
442
1794
2026
5112
1629
170
4616
4108
4099
2923
1800
380
2224
2872
2475
4938
4466
3494
2265
995
592
5378
1036
285
3822
2141
1730
5015
2144
2754
489
3923
3076
4704
5323
4176
5206
3820
2754
2599
5006
462
3656
2905
1242
1083
969
1346
2744
2054
4060
721
5119
1467
257
1343
2775
2746
2081
2794
3471
2490
1556
557
5291
294
1554
3467
2712
611
738
4553
3120
764
2559
1085
2128
4478
4687
603
5087
5109
375
2706
1558
4036
5343
2743
1698
3095
4578
5323
1851
703
1361
5171
477
5203
3023
2082
2218
3364
599
829
3260
151
1467
5063
4849
3188
3559
3094
4955
1490
5046
4140
4133
470
5076
1832
1260
1390
1737
4754
2026
2166
2806
1545
3346
4330
102
2671
1482
489
1253
2185
3263
5196
2888
1737
732
984
1001
3410
5171
1191
4171
5070
4234
1978
2697
4739
3430
522
1738
1949
3452
2929
2856
1770
2563
194
5194
5394
2114
2389
2433
4692
197
4554
4338
2185
580
1902
2722
184
1894
2456
614
3528
4696
256
872
2180
4256
5345
3879
4827
430
586
2960
3434
3576
3659
496
1214
139
142
3403
5112
4992
5177
2936
2939
3881
1002
3473
1075
1537
5301
1616
2924
2128
2550
4693
156
4715
4955
1879
2909
2363
3401
4741
3360
1092
2920
1988
19
681
1465
1841
472
1489
568
1935
4226
5153
2507
1554
9
1939
1890
1250
2903
4920
5173
2074
2737
2830
2900
194
5042
5032
4008
1628
1
1627
2529
4514
4186
1963
1947
3985
45
4833
4511
1894
4017
528
1815
3667
379
4554
3236
4078
488
1779
4990
1351
2501
334
3467
584
991
5084
1456
1658
4064
3667
4314
4848
1452
5247
600
3475
356
2027
4772
4465
2961
1232
523
5002
1408
4397
1094
1775
5384
1466
4080
5013
730
4886
398
2773
3159
2795
5325
4775
2970
2588
1805
2204
585
2179
2715
656
4294
3322
4318
4255
5041
2931
3743
2990
3376
618
601
4572
2963
1576
1432
3604
4614
4673
108
585
5047
250
251
2072
2418
5192
2269
5005
3306
3752
4474
4124
2099
2662
3524
5049
1541
1598
4145
1795
3991
4573
3235
1361
3882
4987
5024
345
1574
4320
1798
4150
4411
551
2066
2915
2007
2474
1433
2754
5352
4715
2484
2678
4142
3864
4776
688
684
5237
1159
2903
5291
994
4520
4043
4255
3248
1109
2920
4695
3157
2045
2507
3159
3433
5063
2814
4874
2144
4827
2922
478
486
3202
5192
3345
2154
310
2269
3370
3899
2245
3153
316
4925
1724
2833
1947
1467
4656
3975
1566
2102
3091
2920
398
4223
4072
2304
1579
2389
2244
1838
983
1803
4719
4310
1726
5097
2982
2297
117
462
1198
1284
2072
875
1916
1180
2706
3575
4302
1980
1155
552
4435
4754
3977
2063
4517
3293
4516
127
919
4143
4032
523
469
4146
4763
4075
5389
4884
2787
3074
477
1478
2325
3961
1784
5106
5062
330
3363
185
2741
4388
3663
2803
4246
489
1263
1652
1354
4387
2874
986
68
4492
2423
4255
3292
1268
4043
1160
5077
2124
2885
4473
1741
2106
432
4411
736
2047
1729
1008
4406
197
4353
2608
5339
144
2939
1445
1918
1244
4590
3641
4850
507
3530
674
1128
4997
2771
2558
1802
3066
4066
4993
3317
2164
2600
3725
2740
1597
3966
1520
1726
4016
1431
3271
4593
133
3471
2124
4949
2960
1426
1003
2570
4752
4746
1143
5373
198
1137
2539
4463
3444
1864
181
3446
5172
710
5024
222
2079
3524
4241
1960
4326
3830
4887
386
5205
331
4324
5041
3822
2056
2114
2814
2343
2774
1857
1755
2963
5037
2399
1420
4083
1004
4693
2936
1955
674
610
1894
3531
2410
5057
2888
4179
5097
3966
859
1805
2884
2233
1767
1415
1361
5136
4791
4525
1817
537
739
2129
1812
4743
1249
1944
2139
1810
1953
4061
2144
2922
3904
1415
959
5206
1232
4528
4599
4633
292
1947
4473
1110
708
3777
4278
1784
4444
4912
2507
1784
3213
3760
4382
1438
1009
3888
1796
2327
983
4186
4455
4912
198
1336
2295
2721
5002
2124
5146
701
738
4758
4729
4246
5176
376
3172
4736
4991
4769
4256
2756
229
1795
1570
1445
4410
1466
34
2972
5098
5098
5388
3663
4596
262
692
5137
2363
581
3955
4814
1108
2074
1470
4696
1128
5174
4375
684
3369
3672
1008
3656
906
1497
2647
2962
645
599
2081
4499
1329
4892
3271
2421
2073
1756
2942
945
1491
4240
1016
4139
947
477
530
2465
1820
4981
2069
61
1088
5042
5047
4383
2659
3705
1702
3680
2466
2503
1340
1339
1892
142
1493
596
4482
4546
5214
3976
2405
1927
296
2608
196
4714
2077
3949
968
1691
3832
1626
1701
1001
489
1149
713
4294
1159
470
3923
3674
2249
3425
3299
5160
1244
4377
639
940
2765
853
2875
2144
2990
4950
3056
52
3439
4504
2554
3971
271
118
4685
1340
944
4760
1798
4990
1581
2924
2801
5037
3563
4183
1327
85
1323
4205
2971
3538
204
3048
600
1761
2931
3367
1601
542
4504
4075
4375
2245
5377
4574
952
3214
1491
1260
2630
3222
3202
5389
1503
3651
469
4897
2912
1877
570
55
1556
1785
4740
607
2090
575
3907
3160
2083
3954
1226
3626
1840
513
4546
5041
2814
5163
4017
4774
1700
5149
599
2596
1598
5181
4068
3355
4897
4789
3972
2377
3106
4203
401
3572
656
2718
854
3954
5337
1092
1340
3910
4911
1184
3961
685
4107
3043
3939
1497
4905
4907
3116
3038
1904
515
3003
295
4873
1603
2305
10
195
1597
4519
5222
2805
1311
4474
1665
2199
777
1142
3881
2994
3837
1567
3084
4917
4908
2734
3923
2805
3153
4544
3427
315
1479
575
1488
1908
3274
4745
5214
3690
681
704
3411
744
60
5206
4840
3409
2913
2967
3923
372
3445
3856
5282
3802
3187
4195
3550
5136
1052
920
2559
4119
5115
3908
445
4084
124
91
1921
1892
3546
3076
223
1851
2112
559
5336
2831
3853
3134
4033
1055
59
1826
4606
4305
2334
473
3439
2399
4426
3293
943
703
3408
3667
4065
615
2366
3722
195
1928
558
1799
1805
496
1784
4964
3899
5299
4864
5152
3961
264
1114
3470
4941
5127
532
4562
2203
4007
5184
5049
3910
1191
3585
1576
420
1177
2340
1567
3056
2716
211
705
2550
1191
641
633
969
142
1629
3055
5064
4891
2744
3185
3396
5216
4124
2673
5088
1462
4755
4907
4100
984
3544
3602
1626
1335
4178
4244
3026
5369
4848
54
202
4572
1333
400
2686
1622
1149
4819
198
4023
4272
3893
5195
1904
658
4565
1335
3062
127
3046
2341
2326
5278
3828
918
3975
426
1595
3688
5047
5238
2376
1786
3776
4179
1683
2154
3153
1784
1268
1180
4875
375
4792
1263
4772
2592
3822
1191
2278
1482
3302
995
1279
1745
2999
1955
1310
4376
2773
2961
3075
600
1688
1988
2164
4573
4577
513
1658
211
701
1988
355
1797
297
834
1478
4382
4784
4557
5109
1397
5307
2255
4997
1700
1155
771
223
4468
5091
2669
5205
5345
1905
2794
1622
2658
5229
1189
971
1075
2859
5146
251
4214
4674
3485
1426
4132
2361
480
3830
3992
9
4758
5369
3601
62
594
1898
1417
3453
3837
2710
1335
1110
5004
3433
3640
1451
441
3227
1109
575
4249
920
4091
4789
4100
1956
477
633
4164
5027
53
4716
2458
532
3046
1493
4739
2501
1576
3154
4564
1643
4562
1890
4069
878
5379
5114
2922
4673
796
5238
1289
3585
1724
185
462
3038
21
4113
3988
761
1791
5374
527
1119
1679
2343
1812
2408
3184
2529
1836
1269
996
4675
2568
273
3690
1821
1895
596
3758
5049
2880
984
5350
2547
1423
3118
1852
1260
4819
2144
4344
345
3993
3226
5304
1787
3425
2325
3674
5244
1805
4264
4413
3273
3450
2462
73
646
2856
4778
1807
4905
5053
1607
1799
1905
3285
2727
1707
4097
4616
2312
1322
999
3882
599
2087
4572
4153
3816
3602
2110
4243
5067
4246
4516
585
3358
3264
5323
5216
151
4034
3672
993
4080
5012
1898
3463
2203
2265
988
2083
3013
2145
1518
3073
610
4608
4924
1965
1523
4900
2659
2200
2913
4278
1925
4830
1668
466
511
3468
325
5369
4108
5194
3473
210
4797
1576
3638
2719
1626
153
4171
2611
2735
2608
2100
3922
1259
1908
4949
4753
968
3883
2940
570
3315
2186
387
5385
556
1917
670
4456
1473
2282
2832
1768
4677
1926
1788
941
4737
2857
29
1851
2189
2686
618
2802
4056
179
3188
329
1749
2077
3421
326
2730
3839
1558
5087
3124
2924
200
5115
1514
3246
4164
3915
4833
1436
1
1534
5044
3082
2455
4715
1783
123
995
223
5169
3220
5014
880
5369
2592
3777
1340
4549
1195
2906
2707
606
1049
147
2489
2295
3360
21
4455
4366
566
61
3009
1036
1189
872
250
2678
4604
907
1762
2094
2080
4980
2129
3657
5085
1890
1595
427
466
1634
3948
5003
2874
1776
662
1923
3725
2143
570
3476
3121
1535
2656
223
2214
1834
1670
1750
4149
3561
4935
1147
1016
2073
1436
952
4406
2110
3268
673
4055
546
5067
1467
4745
4176
2076
735
387
4362
921
2199
4839
1036
415
4792
3985
5177
1837
2305
358
1988
3853
1720
2596
2833
4294
292
4059
2318
1028
3477
4076
3305
5080
2504
3631
45
3000
552
2593
3260
4828
3263
4877
4862
1383
4477
2110
2979
4116
4385
4320
1317
963
3828
1730
2464
1482
5154
1177
426
3003
4912
4017
3774
2361
1291
5160
262
601
4694
2806
702
2618
4306
4465
640
5209
88
3536
5377
4330
3619
1560
1845
4479
4941
4207
2678
3077
1821
2411
4455
721
4863
1973
4250
2514
4888
2407
4133
149
112
5306
759
107
5120
3524
3741
1992
3708
736
3906
5181
2981
3983
47
1175
1282
4783
5291
3128
2091
1263
4922
351
225
4171
1595
1234
3559
2881
4890
1085
991
1840
1535
1550
100
1120
883
1408
607
5171
4523
2893
4412
5233
4527
2962
968
1272
5132
2167
471
3471
1383
3760
108
3011
603
1240
2805
4099
2210
1122
642
4427
442
1208
5172
3270
4184
1411
1802
634
211
645
2902
866
639
4106
407
2764
1479
4887
1140
998
857
3048
1603
1195
2089
2741
3756
3449
1280
618
4576
3958
1189
18
231
4076
4455
5380
3217
2078
677
928
3282
5327
3385
4111
1350
252
1157
575
4850
4693
3203
2187
2405
2204
2972
1501
1686
1980
4714
2978
4837
200
3532
985
4527
4548
1474
609
1324
4855
1523
5061
58
2277
4955
2931
1946
3854
2878
4435
4989
1683
3973
4695
430
2045
681
784
2112
3133
23
2369
2374
1992
2597
3158
3973
2706
4164
4783
2719
3168
2914
603
2342
614
1122
2204
4800
5025
3220
4050
4197
5064
2737
3451
2201
4381
2785
4573
1257
4559
3014
3761
3408
4096
4544
3681
1817
1895
721
4813
4328
1978
3504
105
2835
4401
3961
532
4138
5138
1432
136
268
177
2895
2910
451
2501
1176
2901
1903
5123
4097
257
2180
1302
3581
4328
920
699
735
61
5266
1746
3228
3898
3595
541
3802
1965
4499
5376
376
4729
5336
4917
3048
4793
4290
665
3824
2730
1695
4832
4578
4014
3307
4019
587
2918
4856
624
1704
3640
2967
4391
2299
4514
1897
5194
1579
1776
2114
451
2722
4486
222
5039
3640
2721
3227
2456
2914
3667
4249
1811
4592
1343
4719
2835
952
1823
2909
4718
4344
987
4108
3529
1436
4590
4633
1659
4739
3339
633
5338
3759
1757
458
594
398
4010
4591
3188
4365
552
1539
2316
3248
1123
68
1189
3533
1927
3897
4840
4147
2152
4598
4472
3978
1707
4937
1939
4222
1729
1943
1539
2963
20
1348
428
4020
2201
4092
48
2147
2468
430
1296
4991
4682
4035
2666
1987
4401
1831
3541
3299
592
1256
2578
4987
1831
4793
2678
3346
3419
4098
4889
34
1304
30
3828
1140
3447
2908
1353
3690
4740
4824
2578
4905
2480
1933
3690
3295
4073
2596
4237
3248
2263
3854
2919
2905
1543
4923
3636
2970
1596
1755
1603
5282
4911
5288
576
1425
3635
3562
2872
4105
2422
1008
4734
3475
4884
2775
586
4516
1658
264
2187
1541
1653
2807
5032
4967
4412
102
5299
3064
5278
139
3409
1793
377
2377
5000
3953
431
3474
1814
3585
574
3776
1001
582
4598
1242
997
4990
1313
4784
4939
1432
259
3430
4557
1465
516
1679
183
2908
582
4814
1244
4611
2415
3524
697
2487
406
4169
2342
4546
3559
3576
3741
1703
225
3823
4230
4573
3485
33
984
2432
4223
1259
3253
3802
2411
4676
625
5021
3055
4130
2079
3297
3133
1246
3234
4747
1695
1843
2223
778
4846
4197
2552
478
23
2745
3226
2490
4741
5163
3397
1020
2420
2734
1139
1545
2990
2021
4785
4427
2482
2686
1937
1769
5001
164
5229
1020
257
4574
2399
1896
3448
1805
1421
656
5310
164
120
4825
446
4117
2857
1293
1254
1664
4656
2700
1955
1648
2211
2063
1426
515
4582
5345
1972
2674
2304
2447
4754
1771
3902
2032
3440
