3158
1966
4326
4873
4115
4785
1629
3158
4695
2720
100
3214
3555
866
4012
2715
3881
387
3053
1648
522
1340
5135
5352
2990
2297
4293
191
3701
5340
4689
3346
5253
2022
4476
2674
1802
3449
1663
2577
4880
5204
3062
3443
4292
3976
1009
3131
3497
1665
2464
4147
2482
902
5374
2747
2019
4964
2743
2468
2932
5124
3884
340
4758
1520
5043
1184
4901
144
2941
3170
2239
2795
784
3830
2346
4832
2111
597
2863
4734
2645
1931
1776
2710
2843
1045
276
2738
5172
3211
5310
3152
18
5066
1155
191
1726
334
3140
3549
4876
1195
4935
990
5170
1227
3880
191
202
3688
684
4130
1095
1936
1952
551
626
1429
4802
5166
2423
1106
1281
4362
5181
3369
4405
1421
5002
1481
1568
4148
4368
4147
2332
3569
961
3567
2315
3422
3350
1567
2842
4100
1897
2880
2990
3770
4044
5029
3467
531
1033
1972
3825
2713
2905
3347
3408
4830
4249
803
4802
4895
3773
632
945
1156
2261
4322
2316
2162
3600
399
4775
1488
4738
2568
2608
1740
2173
3635
4904
3825
3856
252
3833
3330
100
1002
2397
466
3884
2545
1903
4599
1442
4549
3446
1533
1946
524
2872
3301
4860
1167
1774
2805
1688
266
2746
594
4109
1732
1561
1905
4951
4575
2462
4693
3483
1430
3546
5072
2307
5361
513
3050
843
2370
3829
1630
1089
4089
2730
2100
4344
3802
5350
4937
4444
442
1841
2953
5360
2202
2659
358
269
3291
3351
4614
3634
1430
2371
2970
2257
3216
4517
994
1852
2806
2257
1670
2707
5278
3997
4658
4718
4225
878
1514
2333
4954
2325
1833
5013
4858
2485
3662
5340
2903
4465
697
4582
2842
262
2462
2423
4255
2600
1138
5122
3305
2104
5091
4854
2483
5109
4311
3481
5107
1315
1638
3128
4405
2164
54
2738
4060
537
1395
3449
2484
2164
2546
3557
417
4012
3274
3235
980
2155
4186
2716
610
231
1988
3294
5093
473
1225
2804
162
848
2772
4240
4991
3523
761
1820
1962
4792
3255
2162
1945
479
1816
1020
717
360
4067
3240
4136
2728
1661
2478
2479
4657
5278
2659
1266
4846
724
3356
803
3638
4922
804
1956
3078
2314
1959
1031
4867
5175
5292
4205
2716
4876
516
903
3324
1844
5325
295
1490
4102
3756
4675
3467
2447
1820
4019
3705
3823
3949
3419
4762
1139
2369
73
592
2019
2591
526
4107
4819
1693
397
1083
3094
1114
2064
346
1740
2411
2863
3726
3410
2630
2201
2273
3408
3753
4445
1230
4824
2549
2176
4657
3604
1820
1962
843
3007
4815
5085
2056
1686
885
739
4924
621
3777
2129
2376
2024
1244
959
354
4267
5233
1988
2207
4105
1691
3707
1687
5235
478
3811
1756
5178
251
761
2346
3119
3264
3971
1481
515
5394
4314
1797
2714
3187
2872
5282
2865
1398
880
3756
4836
1416
682
1022
1457
4954
3524
4141
1785
5310
4247
1177
3566
3604
645
135
4475
1301
4136
1400
5205
2376
3905
1452
4760
2865
4954
2653
4752
4411
980
4496
2972
3467
4070
1284
2111
3130
5120
723
1109
4577
1727
2804
632
5369
574
3789
1903
13
494
854
3409
3438
4179
2761
4594
4950
2328
3758
4751
4302
2163
2663
1307
1730
163
1710
2832
3271
1815
3971
735
4505
2869
4016
1937
1225
1726
3606
735
2701
2713
156
2587
1370
1470
2585
561
3046
658
919
2863
2600
2801
4082
4315
1577
1315
2434
2433
4569
261
2869
2028
5216
2744
2761
2929
3358
2346
4592
4146
4914
636
2079
229
18
99
349
4226
2204
964
3544
1033
1008
1876
4411
5157
1260
5012
971
1087
184
711
4322
2409
4176
2667
2341
2295
1311
3939
1106
1857
2970
18
3440
5247
1668
2080
5201
1812
2720
2879
2739
2653
1353
2836
626
3354
2706
730
2383
1750
451
4588
5247
4593
3659
3651
213
2224
5105
3011
5029
18
3264
4577
4631
3299
4115
441
1052
673
703
4470
2143
159
397
5090
112
1234
1801
5084
2744
4255
3724
3492
1570
3270
614
5379
5160
5221
5066
4725
5114
1010
5345
4576
2715
2911
1781
2291
3641
60
2897
1293
376
3070
2079
5202
222
1281
1567
1919
2953
3055
4331
1836
4383
5099
3822
2585
741
434
2219
5175
3210
1925
430
2020
442
1701
1223
4436
2712
2714
85
1142
1232
623
2340
5215
2481
102
919
2718
1761
1601
2360
3347
5228
1554
3561
180
578
4557
3993
4008
1753
2863
255
3556
4343
2611
1322
4061
1313
2488
3295
3419
4802
3971
1685
709
3480
206
3067
1662
3941
877
3273
968
4072
2971
252
2502
379
4696
713
552
138
4762
741
526
3587
4601
1541
2556
603
966
674
692
4688
4171
2474
4925
3975
278
4144
2104
3220
2611
1897
4681
2164
2915
5120
162
4912
926
805
2601
2408
546
4515
1993
4291
4791
5116
3021
2340
1647
1736
4964
983
872
2627
2579
2371
5006
2591
2887
697
1682
4514
1266
46
3131
2564
10
5154
4584
4954
229
1639
3253
3738
4616
2090
4967
4833
2894
3106
4970
2409
4819
3423
5339
1534
2514
1191
2064
5021
4567
924
603
4546
4479
2240
2662
5385
4783
4951
3530
1225
2215
3939
4949
3943
1466
5152
5174
2627
2789
2455
167
1668
3904
1729
2485
446
3385
2189
741
1762
4343
2554
1933
5176
3449
980
118
4146
2068
4423
5003
3065
3850
3913
1751
4874
4718
4693
4742
1622
3370
4729
1498
8
4887
4204
2885
2901
2123
2881
1943
3131
402
4214
1221
4455
574
1348
1810
3153
4343
4244
4797
2914
180
3239
596
1972
3375
3428
4911
1180
1795
2865
2128
2488
3468
4790
4595
4412
1688
4714
2596
962
4242
3168
3619
1259
3375
553
3066
430
2224
4915
1988
278
1545
1147
983
1746
4876
2885
3347
945
1943
2269
1526
1291
4706
345
4401
665
2658
2662
170
5037
3923
697
1685
4515
4471
4237
2312
3602
5204
5299
1592
733
2707
163
2903
1770
1805
372
58
2460
3912
4435
1023
3776
4812
2914
582
1956
1435
1968
4035
1627
1182
558
197
1806
5212
3130
1132
5178
2598
2341
1343
924
326
1418
2083
2077
1002
1233
4292
2885
1475
3449
1866
2626
4345
4383
4108
2224
5212
646
118
3293
5353
3154
2835
3578
4934
3010
773
427
372
255
4847
5310
1942
2990
4177
3937
4652
1147
5051
183
325
5067
5221
4989
4893
2128
4438
4772
3958
5063
1561
4353
5175
2765
4819
744
4528
2787
2712
4593
2307
4585
2647
5043
1974
3963
1751
3778
4598
33
2764
316
924
1199
982
223
3462
803
2451
3446
1634
545
3675
4576
1293
1141
2444
3555
4501
1895
2847
4562
3237
3705
4909
2064
131
2659
2539
2136
1867
4913
2745
1311
5107
1795
918
1680
23
705
3431
4694
1745
705
4501
3523
3587
349
3343
5206
3455
3885
1232
1530
223
3476
3441
1769
947
5152
573
2343
4674
4695
2904
3161
4675
3431
2249
3752
88
4911
3162
1626
4438
4314
5005
3386
634
2962
1760
4693
3701
3046
1739
4012
167
5162
4991
3128
2921
1599
4915
328
4856
5147
3678
4803
3659
962
69
4678
733
1852
1535
4893
606
5171
4601
2808
1784
1530
1464
3213
3421
525
1876
2926
2663
4356
2176
3687
2139
1710
4567
2907
1523
1758
4985
3118
91
4198
1740
2853
2423
374
2941
3991
3823
587
1890
3581
4880
108
388
4398
2978
5006
5381
2373
699
1776
361
3455
2973
273
1376
4895
4905
1681
1665
3769
1457
3464
4776
3706
2743
414
13
139
3261
1539
2218
4949
416
3688
5336
420
4272
1480
30
3035
1760
3171
2576
2415
3656
2856
3854
2972
1189
903
1335
159
3495
2604
231
2100
1307
2167
1879
4873
1245
2741
2079
4480
1016
396
3412
987
1114
2032
3789
1140
5189
425
3802
182
3896
4523
2676
3135
1988
356
2936
5098
3386
3271
2743
4075
2257
1415
2720
1376
3112
5036
4739
585
4746
2482
1221
3558
3260
4285
5157
3000
1329
4552
980
1252
3771
5153
1499
3760
1343
577
2504
3035
1451
1358
4375
1102
5071
3803
4408
3776
2671
3353
4149
4578
5136
2987
3656
3957
3541
1570
5174
1968
1964
1963
4904
82
2074
3752
3188
4971
921
3225
2801
69
4198
5072
2720
3600
700
428
1778
1233
1399
692
3523
751
4828
626
2701
4318
2232
125
1924
2604
3342
3291
2217
4519
2114
2707
1918
4887
2099
2333
3110
1114
2619
1350
1399
1727
4889
3691
3091
2756
5349
4107
946
3012
2990
1442
712
2794
2955
1208
2166
3760
3075
2568
3430
1110
1762
1988
1903
3888
2405
255
5212
523
2653
1760
3074
2643
1928
2377
6
5213
1119
328
5311
2676
1487
1075
4147
580
4246
4277
4391
1826
198
2678
841
2468
1902
472
1033
3388
1266
4311
3523
4741
1780
1702
4936
2233
1473
1257
5221
2072
991
674
3062
5135
3342
3991
3527
5160
2048
4059
4061
250
4059
3170
4690
3087
1198
562
4582
1516
1844
1416
2364
2972
2200
5194
1626
1390
1858
4237
5292
2807
854
2785
1726
285
10
2102
829
4506
2252
1941
496
4914
4116
4055
1442
2199
5063
3946
2460
68
2584
5389
4838
2772
910
2955
5154
1589
2551
1758
3110
3305
920
406
2960
3988
3110
2643
648
2106
2305
2302
3278
5051
2830
1518
3787
3184
4130
1191
3674
1668
4874
2364
4405
947
5192
3092
5005
2598
1296
2360
5157
5061
1321
1691
1653
1137
4109
112
1221
702
3756
4802
2745
1634
3365
4082
52
985
4325
1154
4380
4156
4187
4179
1598
4572
776
2509
2458
1592
297
259
4083
1347
2987
3349
5325
2621
2319
2701
5012
2925
584
4850
1474
3882
5154
4697
2911
162
1252
1801
856
406
4497
1287
4112
3904
3720
4691
426
4516
735
2942
1554
701
3084
4636
2570
1270
4826
4897
2713
2939
606
4276
580
316
3770
663
1659
1036
733
397
2446
1469
2122
1268
996
3408
3448
996
4955
4594
1694
2319
751
557
5154
3224
4912
3753
3971
5022
2470
1395
1759
3392
4592
3093
2483
1140
1866
5380
4008
1016
1076
1719
5278
805
2827
4826
1157
4403
1815
1160
0
1224
4547
4520
3350
1201
2418
5109
4924
541
677
3884
3392
2758
3497
2842
1470
4226
4713
1534
4926
5122
5093
3092
678
1764
1311
4734
4735
2925
3946
4905
1936
1147
969
2979
1499
5108
2979
3523
4608
1934
211
4801
2114
1749
167
2994
4687
3829
2045
426
5066
1489
1225
5311
530
4736
4943
986
2815
1942
2209
2188
4677
1319
1644
372
2677
338
4855
3468
2987
4694
8
2929
3220
4116
1293
1491
4682
1597
4738
361
3881
68
1679
4612
4704
85
42
4876
5206
4573
1788
4896
3972
118
1816
180
3562
414
2578
4967
4785
984
3331
3425
3562
3250
84
1560
1709
2361
2074
3997
531
4126
3007
623
3581
3378
2955
1127
4383
1225
3360
4704
5044
3923
4993
5046
474
4397
247
3833
4800
4268
442
985
3226
4363
3635
1402
5107
1045
3436
2848
1550
3014
428
3345
261
2187
1383
3299
3679
592
1903
1075
1452
2668
4377
947
1395
397
974
4819
3948
2761
3293
5174
4205
4548
1113
2090
741
712
1229
4064
1451
184
2843
3854
2925
3007
5353
516
214
1800
211
3385
2999
4873
883
582
4222
1296
3240
1243
3504
5040
1665
2755
4950
2480
2683
2326
4854
4569
1136
952
4119
2741
4561
3973
4824
102
4528
4746
5046
3672
4505
3983
4238
1791
4415
618
5172
1916
1664
4689
1036
1865
1467
5076
3748
843
4991
2369
2276
3797
5238
697
4801
764
732
2090
1755
1477
3559
2835
4060
346
4904
3923
1206
4338
1293
3833
2455
1328
118
3057
1956
3879
3234
5093
5094
621
4459
843
3556
4689
480
997
4148
4863
1191
5015
3779
2663
563
5053
4022
2773
91
581
603
1256
4890
2653
997
5394
4738
3159
330
3600
4698
166
930
2218
4244
3123
3664
4579
55
5206
2559
2374
1840
5066
2889
4774
53
2189
4681
415
4127
2488
2066
4915
2246
4293
5017
2556
2756
4608
1634
4242
1293
4380
1946
102
3427
721
4678
3650
3020
16
1289
251
701
1601
1090
5017
1648
107
2625
432
4353
3424
1653
1031
662
1503
4272
4828
2152
1844
1923
4116
2678
3966
3650
2712
2421
4352
252
3092
2920
4694
2189
427
1743
271
4921
3635
3988
3011
1466
5207
3365
779
5091
1727
2961
2280
214
2570
1329
689
1692
4075
5075
3335
4840
1960
1959
4674
4406
283
2186
3301
3297
2032
3566
1335
1681
1894
1923
1584
2142
3301
4066
327
1154
3555
884
732
3760
1972
4873
2079
2397
1811
3072
1829
3344
4912
4838
1178
4734
3370
1207
3799
4398
1444
1791
4990
1576
2239
4855
4365
1214
147
156
361
3066
1790
3879
1435
5205
4124
553
2807
2865
4237
2474
3907
4385
5204
4401
784
496
805
593
3766
85
4412
4943
4734
1670
4195
1478
1937
2232
3820
477
193
1157
4614
2507
4081
1371
3067
1245
5291
2835
4594
2028
4248
4195
4985
462
5105
5013
2788
3662
157
2707
4950
3897
4690
2764
264
773
1664
2361
1036
2473
4112
2999
3948
4136
3133
4824
256
5061
2374
2835
618
2163
2594
5291
857
141
2295
439
1200
1336
3386
2604
4514
94
2313
359
5005
2102
4713
355
473
1322
3833
3572
2366
2904
4730
4909
4204
4685
2833
1756
4478
1682
3816
3354
2054
2907
2548
4246
1786
1520
3830
5194
4153
4825
3440
71
1793
2987
1960
3900
2576
2932
4043
4404
5063
3904
3523
5195
1916
3724
764
3635
1180
2143
4234
3799
5323
2105
3469
5189
2643
3133
5292
2376
71
2136
271
2360
5304
1377
3359
1497
1801
3631
4363
1140
1026
4608
984
3112
2104
4455
1423
2853
2378
3833
4047
2815
593
1771
5105
425
2885
3914
5040
4444
2924
5090
4596
1740
5044
4179
1535
4243
3116
705
1243
3087
1287
3802
416
4474
4147
4789
1517
2063
362
5237
3044
5019
3879
4077
3306
5120
3273
466
3409
493
2045
3759
1820
5222
4320
1952
3663
147
10
1701
551
738
872
3093
3883
981
4676
1431
486
3451
1311
4880
2531
1272
4855
1158
2653
1036
2548
3064
4718
5090
3455
184
1337
3475
2568
1583
4955
165
1781
3776
1120
3755
4884
4693
988
3360
2458
771
4040
344
1890
4456
5247
1739
3557
3273
375
3949
1106
4989
1504
1845
278
555
4320
4144
3914
2736
4729
5001
3242
4416
2766
2328
1416
986
3993
1149
5001
3437
2122
1778
3679
759
4904
2274
5340
2967
2895
4980
266
1360
2735
3420
3987
2949
3412
2100
4255
1178
5205
4783
3409
4906
3952
2089
1739
4117
1437
3495
3648
989
3957
1631
2591
3963
5149
735
3481
2482
2554
2107
1692
1600
673
4555
1466
5109
3217
2676
1766
4202
3446
1408
2082
705
2801
2117
4846
1281
3701
0
1547
4013
4313
144
3626
5124
3428
4457
2579
1249
2185
5344
1704
4294
3586
420
671
4594
476
516
2558
5388
2341
2691
4445
2256
570
3756
5364
3455
1726
988
5385
3210
1780
1895
2721
4862
601
4599
1009
1469
1887
3106
2874
4875
3074
4797
5363
3680
1579
3756
70
1965
751
3904
2653
1418
950
1408
4892
3573
2903
1961
2514
1272
3465
4516
886
2501
3355
3161
4740
3220
4471
1623
625
2990
4091
2484
1810
5381
2977
1287
488
4785
3077
3153
2600
4027
207
2144
2886
4591
4151
1106
2548
5014
4741
3778
3159
3553
1291
3004
5051
3053
2869
3349
792
2579
4225
146
3528
3485
1689
4100
2177
1244
2664
4036
4788
2772
1258
4598
2273
231
5061
971
1370
3082
415
2507
1530
4459
4739
5323
3533
430
3058
415
3347
1085
2744
2814
4900
1214
1340
4824
315
3220
2177
2835
4127
477
4880
4225
372
2422
849
4381
4763
476
5071
4543
3575
1943
1653
3120
680
1530
4156
3318
2959
1479
4021
1946
2249
3949
3292
4891
974
5374
1178
2411
5064
4310
3392
4527
1138
2881
3423
3556
3883
1801
3923
5372
3475
3160
1093
3912
2758
645
2090
4294
3637
1541
3202
4608
1779
4022
3116
407
1259
1105
5382
164
9
2830
1279
1397
1301
1464
700
4706
741
3339
1415
1398
146
921
5025
4846
2878
283
29
3803
3596
2374
2568
1615
2370
1545
2105
4797
945
2667
4385
2410
1680
575
4923
3971
669
2746
888
3294
1541
4381
1780
4391
4877
214
3245
1407
1640
4119
5036
3973
2360
17
2124
3216
1280
577
5372
1110
3302
4683
493
1963
3246
2334
4713
4249
1089
2078
624
249
1429
1903
2104
2316
2656
4636
4566
3595
5299
1887
1919
5091
3758
4155
3367
3555
4988
2107
4787
1772
2747
3656
4908
1531
379
1234
971
212
1259
3113
1901
4486
2785
2100
1769
2557
1266
3729
3305
417
5312
5381
1556
4769
1322
4656
580
5301
1730
1921
1489
998
4423
4836
3822
2620
3939
4284
1922
1007
5024
2282
3087
4203
3473
3411
1794
5073
3833
2577
3112
2883
4453
1360
2202
724
5266
4243
5349
2100
3067
4907
546
416
1007
2389
1757
1658
212
3422
4343
231
2448
555
1898
2185
2167
4585
2273
139
4755
4435
4914
167
489
3354
4176
3830
4098
3319
2580
2787
2666
3896
4506
1202
3437
344
5079
2671
1692
1415
2422
4084
1435
1443
5211
2078
1156
1398
1296
1921
737
3915
3530
359
4833
4527
1936
5029
1561
1849
3424
2585
578
2155
3561
907
4127
2815
3839
4840
4737
1479
4591
1427
2210
3076
262
3211
4331
648
6
2742
2135
1499
3084
920
4271
2342
103
734
2497
4557
62
4824
2027
1817
2502
1783
