4783
297
4564
3832
3972
1857
944
4897
4992
680
665
3469
3481
1606
4358
4338
2481
3157
4136
139
3228
2163
4735
1227
3062
3854
3856
5282
1517
2334
1568
4214
3688
1008
4584
5253
645
2199
1876
4097
864
3585
4873
2025
4679
4604
1545
2647
3077
5045
4405
4784
326
1766
3799
4854
5372
4009
4012
619
3320
2591
3639
1890
2076
4585
584
4383
1348
2490
2184
2677
5228
2082
773
4776
2162
3040
1974
1480
4368
4788
2099
2079
3240
1789
1546
1466
1546
4674
4738
1581
4138
1901
1155
3263
4072
4730
127
4409
1966
1773
4344
1687
3882
5310
5194
1422
706
2090
3566
335
1252
1865
2478
2198
1686
1987
4343
625
957
4685
1326
3210
3188
5352
739
413
180
3824
2967
1664
431
5234
2853
991
4033
1519
4068
4900
3885
3838
2346
3556
2701
843
4779
2815
5082
2087
3073
4310
1755
4968
2280
546
2162
4010
1566
3476
4272
4156
4463
3542
4324
1834
4344
2297
4934
5344
18
2545
594
2886
149
131
2676
3446
3879
5372
472
1020
4019
5376
2663
4180
1597
3738
4412
4318
2662
1178
3406
2878
3546
5235
4757
3695
2062
4352
4293
262
3295
1254
4579
1805
3976
1004
73
5121
3395
3838
3322
3451
486
526
992
967
4141
3358
272
5039
2474
167
1826
4986
585
469
472
3948
5381
543
108
2062
3940
1858
4832
4100
4736
1829
5016
1377
2721
963
4971
5163
180
5084
4184
4426
4920
4658
5290
1662
4478
4564
4009
3224
177
3638
1182
1128
523
2390
4779
3570
730
4778
4658
2022
1840
334
1477
5097
5070
429
2418
1235
4849
4214
4574
2369
4923
168
983
2628
4815
2893
1200
1955
1790
4951
3158
985
296
3076
4730
3011
3429
1962
5307
4195
4775
2789
2759
140
2116
3681
633
3495
5106
877
1859
2604
601
1554
398
706
4470
3706
4143
658
989
5043
4741
23
1964
3322
1242
4033
2027
5016
3940
2700
1092
3342
4272
433
99
2316
2601
4968
545
3058
2739
3422
4713
4691
3343
1762
1576
1390
2328
5306
3838
1418
4578
1834
1803
1149
5307
2377
2020
1682
918
3476
4880
2759
1033
3752
3295
142
4815
5384
5169
1918
910
2727
2456
3881
2204
4301
2334
656
4593
4504
2739
2177
2805
948
5116
1464
1831
3824
2463
3037
3106
5218
1953
2904
3367
945
4910
1809
2584
5066
1123
807
2919
4198
191
18
3401
278
1091
2397
1250
1231
2256
4594
1397
5096
1812
685
2596
3896
1102
607
2609
3903
1901
4241
4138
3596
4850
2970
2383
3073
1753
3527
5169
3171
907
5184
4588
259
2497
1844
1529
181
3572
3157
9
2591
2608
266
1764
4746
433
4066
1963
2903
1235
5369
2776
402
4423
3000
736
4875
3007
2698
2677
981
1980
2473
4246
1684
2433
618
3353
3058
1961
1244
3130
3943
2592
198
2604
4777
3239
3954
2377
764
4040
4840
3893
4769
3636
1240
906
1232
3344
5282
470
941
100
4013
4387
177
1681
3864
2206
5364
699
1010
1768
3358
5097
1638
2243
2663
5090
1780
4561
1619
3210
1088
3236
5373
2080
1667
4741
2549
2789
3074
3906
3346
1784
2826
4514
2785
3988
2446
632
1568
4585
1720
16
3492
2514
5061
1916
185
404
476
1549
3378
625
421
428
4363
2507
4516
19
5369
1786
4272
4083
2361
4179
345
5184
1626
42
4735
2878
1750
5307
5310
3037
4122
3769
147
4134
1044
673
4747
4749
1207
688
806
1128
5153
4815
5169
2106
2480
1736
4499
4883
4073
624
1962
1594
5344
3770
3914
3227
1960
3939
1327
1420
4445
3972
2341
1953
1771
3473
1479
3474
553
2319
1036
1956
545
524
2960
2299
1348
2656
1260
1307
2199
5000
2246
5017
3037
5192
776
151
4606
1451
4989
142
2495
1149
401
3664
4873
406
4507
0
771
4294
3330
5124
1698
845
4700
1615
653
2278
2884
445
4120
4328
3265
325
633
5043
1291
5369
3222
3380
4856
4825
4711
4711
399
4008
2814
1285
645
2668
2848
1193
3335
2342
5022
952
3974
3776
1120
2274
1080
712
871
1329
388
3294
3350
3598
2507
3106
2143
4525
4480
1643
4107
1616
1178
328
4608
5214
2842
1003
1623
3533
2341
1875
3759
5063
2217
2315
2202
180
907
1801
624
4065
1647
2389
2128
3248
2645
4753
2135
356
2415
1924
1253
1473
2063
5205
4246
1822
1207
1816
3737
4656
4180
470
489
5230
106
2179
4140
1122
3072
3662
5166
2135
5394
2109
4418
1662
1371
806
4145
3385
283
1010
4746
1753
1301
4036
2063
2343
1265
3663
2743
4880
2307
1857
656
2743
4473
584
5169
2830
3335
677
5005
139
4916
2978
4169
885
2863
611
2370
3581
4848
517
1772
5071
1794
864
4840
1014
4044
2939
442
866
1943
3188
2313
5206
2473
5351
2539
52
1938
5186
1431
3339
3988
1282
1407
2953
3307
1156
4214
574
406
2743
4033
1809
4285
3886
3221
2585
217
2721
4077
744
4791
883
3302
1180
4228
4583
5238
2955
5278
859
1943
425
473
4950
2691
3140
4151
4748
2618
2871
4719
2269
1014
4748
5211
1798
3267
2894
4581
3606
5032
1878
1552
5091
3621
4892
4438
4119
478
284
3728
3492
4802
2483
3538
3972
2999
843
474
3220
1663
2391
2772
2298
3937
2163
885
732
379
983
3641
4815
2848
4105
2885
708
4466
849
580
3477
5084
2080
2648
4284
3913
1031
1820
1974
1347
1606
1859
472
2215
4801
1110
3224
4524
4986
3497
2756
1223
1546
784
3455
3038
1839
4523
1709
1322
2598
1626
1444
4887
1594
4558
2691
2734
2593
2729
2691
5016
3752
5098
842
2767
4789
1551
1322
3674
4482
4384
989
4438
1177
3211
4278
1456
2415
2796
2979
1102
1765
2889
2785
225
2166
4229
4184
276
2977
3466
5163
1560
4776
947
3040
2295
522
2068
919
3121
415
3901
5207
315
373
2604
2671
1102
1622
4065
2467
397
4562
1207
1372
2842
3072
1445
529
4706
1729
772
3356
4499
325
5340
1516
3915
346
478
1467
1094
591
2200
1340
179
326
3552
3860
1270
55
4284
2175
1662
4068
4406
4210
513
1226
4657
3083
610
2905
516
4838
2687
919
926
2827
1141
3021
888
777
5092
4676
2621
3322
4926
4055
4923
507
3446
4900
5362
3688
4507
2107
814
4410
3449
3659
4638
3124
210
388
510
3168
4251
1566
1001
1343
3538
804
127
4696
1783
966
4873
903
1936
2805
102
3264
3679
3639
2405
105
4388
1707
3011
1554
2333
3673
4009
3430
1182
4736
88
1470
658
948
1335
2480
2090
4270
177
3078
292
4656
222
5068
20
3013
3344
980
1987
3528
2446
1707
2466
4633
5304
1102
871
1722
3211
331
1149
1628
3993
1302
4788
1036
3551
5019
1823
476
211
2771
3536
2978
4185
4365
4943
28
3153
3544
1352
374
4203
2198
3495
3618
1143
4089
1301
537
3688
2940
2776
3140
4734
4839
665
1810
5116
3990
4130
2391
951
4786
3010
4466
1503
4744
4690
3567
3941
2064
1663
4291
1890
1550
636
5047
386
4752
4125
204
3756
1029
1845
4456
4514
4757
2409
2344
513
3738
1346
2728
158
1876
942
4398
5065
4427
2124
1069
1541
2748
263
2177
426
3416
4544
4049
1358
4186
2277
1069
532
2484
1662
4368
4027
5162
1339
2587
2089
3341
2332
2145
586
1531
1014
3307
2501
4790
390
524
967
1091
4867
4734
3212
3886
5108
1832
656
1762
1842
3212
3299
783
2853
4838
3650
3562
592
3264
2340
2744
4243
648
4522
3087
4516
4985
3888
1704
4505
1601
1659
3268
3449
3128
405
2458
2893
1184
3035
4272
4505
2592
2700
4153
1399
1844
2472
3884
3853
1918
1137
2187
2185
4186
1701
1476
1433
3466
4906
1001
5013
1695
2249
2249
3830
1401
516
1836
54
1927
1749
1849
845
2447
1897
4776
5351
4255
640
4557
1724
222
4993
3672
2630
1943
2255
3040
1921
1530
1273
217
3824
427
580
1931
1281
1797
4387
441
4068
4456
2135
1269
46
1745
2430
2546
445
1803
2801
3707
4578
4241
462
3575
2419
1272
4476
4785
3295
5012
2344
3385
294
5024
834
597
397
2668
3542
2668
1229
1435
5021
4593
1133
3229
1478
5325
1488
489
4553
3376
2077
1444
2748
1415
99
2261
4713
4418
4925
3342
2674
3170
4883
5389
3707
526
1916
4009
2451
2495
2837
4997
131
3044
2910
2953
1430
3441
1020
326
4416
875
3828
4312
4133
1581
988
753
1001
3905
3380
5325
1244
1490
139
477
3224
2664
3772
5163
925
5138
2745
2165
1626
1457
2775
1155
2501
1108
3553
3838
3202
1136
3282
4775
2656
2078
2911
1857
1771
4293
946
3531
2794
2721
2918
1665
4385
4519
5207
1556
3635
0
943
2047
4763
1014
1526
4050
3828
3395
5325
146
883
5186
2619
4992
2671
3578
3741
1136
2162
2645
2224
1710
2890
5292
3076
4580
4306
4689
619
4633
1442
609
1076
4289
2743
2954
4785
4511
2456
2083
4392
2755
4149
1250
4352
3128
5011
1400
1935
1259
3093
2152
2764
1797
1946
1328
1802
102
168
2465
5088
3358
1284
1119
4106
106
5108
101
3953
1177
806
5070
4154
2376
1
864
4375
4526
4924
4505
946
1263
478
2346
1443
3949
2962
2987
344
1003
1898
358
445
1137
3483
2214
4084
2180
588
5031
4005
4981
2141
4913
1001
2399
327
1122
3900
1543
2979
724
2167
2379
2481
3223
5108
974
2023
2454
5072
3412
1852
1953
1762
3215
1149
4066
2903
3824
3428
2945
1457
4248
5304
3759
575
4495
3348
4883
3838
2729
4068
83
2558
5278
1390
5229
2163
3485
4876
4599
179
5221
5082
3425
1828
4676
2774
2879
3322
4953
5037
3225
1187
510
529
2281
4067
2105
1781
4387
2684
1189
472
2889
4387
677
1465
475
1474
1833
574
1517
601
151
2245
5203
2433
4716
265
3244
2994
2595
2841
193
996
1429
3595
3339
2204
4577
3541
5016
1425
2685
2314
1756
1034
1149
599
2856
948
5222
2898
2595
717
4249
1590
2069
3864
2761
2465
1552
2123
910
2552
1095
4862
4846
938
1590
105
5290
2099
4590
4358
428
1567
4009
5161
1333
4833
984
2879
4614
3158
1401
221
420
2177
4746
1417
4747
4067
952
3561
5204
3211
3886
711
1085
1807
4229
1329
5000
4271
1285
1452
1904
349
3365
673
1436
1326
888
4937
2047
3915
3860
5027
292
1784
47
2959
3118
2967
2611
5149
4745
5086
621
4479
2332
2054
1561
4855
4812
704
5266
4446
4229
5005
4356
3497
2110
163
4772
3424
134
3706
5044
968
1016
466
2953
2507
5121
982
4005
1775
3630
1934
2677
18
5066
2206
248
2408
4438
4912
1963
5327
1513
1936
4989
834
2444
1319
2954
704
2619
2961
2816
1692
4134
326
930
2449
3893
5002
1749
2246
3120
3771
2062
441
430
344
2023
4073
2418
886
930
1940
722
1313
621
606
1792
2358
462
3035
2432
4779
2216
0
1513
3480
4240
5096
2446
1894
662
4124
5389
1757
3829
374
4313
537
4427
4134
432
3401
640
3079
5073
400
1491
45
2477
3369
4862
4954
390
2666
3899
5079
1908
4590
2881
1826
4331
4559
4426
3618
5068
2714
1147
3447
3036
2206
3908
5025
3234
4330
1918
59
4069
2112
2808
3811
1727
950
5394
4601
5013
1921
3237
2552
3811
223
4992
4854
5343
1426
5121
1750
4514
4888
4802
2718
1398
4223
3064
1022
4935
1817
2469
1623
3529
1102
331
621
4991
776
158
792
2497
2506
59
3860
1772
4733
3747
2159
849
3604
5253
1533
1629
4794
3133
2611
5201
3297
673
792
10
3597
4946
1005
470
1466
1843
1422
5215
1281
543
1407
2691
3777
2021
3769
125
2295
2625
4856
4824
3786
1904
2554
4116
5337
2199
4802
1007
2686
1598
221
2568
1243
4081
3395
4797
3306
3451
4413
1497
1397
1531
2375
1798
5306
3963
623
5044
2915
3638
4276
4156
4416
295
5025
1492
3485
930
1155
4763
3082
1766
4198
82
3474
1547
56
4774
2094
2739
3464
566
2918
1681
3695
2619
2578
1598
2340
4278
2577
4005
3832
2715
3285
2257
5229
703
3759
3134
2564
1106
4151
3554
4436
355
1246
2918
3210
2468
3562
1075
2484
712
4988
4486
3468
52
5138
1968
625
999
4382
4715
5328
4130
1710
4381
4907
4151
4276
2485
4719
3474
2668
1801
5120
1759
5339
3044
5147
3445
4250
3094
2093
200
1481
2073
1943
1865
2117
2232
4490
2122
351
2165
5209
663
1776
673
1518
3343
4749
4222
1422
191
4124
4149
5048
547
3564
4991
3410
2967
4289
469
4756
4347
3586
259
3824
225
149
1834
3128
3223
4376
2961
2580
345
2080
477
1689
2233
2719
5350
3009
1744
3882
3260
1824
294
2600
5340
294
4725
3420
4100
3214
3893
525
4909
2771
1778
1552
5177
4716
1469
542
1137
1694
2609
3121
1249
3664
546
4711
3620
3356
34
1326
4474
3346
165
4652
1836
4020
658
3910
3319
2255
335
5006
3158
4681
5228
2960
4786
1973
974
2597
1257
582
753
1974
2698
3865
2219
3317
1016
3777
2458
87
1790
3904
3905
1774
2947
1670
1475
2626
183
3083
4739
1020
117
4527
3946
866
5123
581
4588
1526
681
2856
5196
5290
4784
1435
4511
2327
542
3822
1833
2243
2653
3443
3738
4471
1161
2239
197
4322
46
3597
2109
328
1401
973
959
1920
4124
4382
4514
3886
4890
2048
581
1285
2334
3124
4716
1961
5040
551
5065
4761
7
3026
2659
4946
3012
1922
4848
1993
3428
4850
3253
3672
3449
632
1828
4737
841
1260
4854
1457
3294
194
579
541
5002
1806
3690
4312
2804
3238
338
1774
2154
3244
546
3446
4492
4047
4597
1689
263
5004
3779
1390
3007
1800
4558
2805
5238
1722
4238
2343
500
1159
2165
4592
1513
580
1195
720
3886
250
4640
5350
3538
1589
1001
3536
3620
3803
3954
1127
5049
4786
2056
4098
4352
2419
1933
1360
20
5344
3893
3430
2056
5352
3419
5384
3881
390
373
5108
195
2240
4756
739
1701
4233
2163
4934
4178
2155
3895
2383
2390
3481
4256
5306
1773
4081
1395
1535
3154
924
4138
3078
3217
2832
4083
3705
3065
3738
295
4147
3681
2448
472
4938
1246
3724
480
1727
4698
737
2264
2962
1940
705
210
1701
1800
3544
3301
4117
4306
1816
5080
3578
3737
4772
1719
1777
1033
1152
3748
709
4081
1644
724
2700
1896
328
525
1858
4229
4061
3427
4604
5075
4081
327
3954
2470
1661
3225
5065
2325
5328
2082
2073
1272
1426
4988
3306
573
1253
4405
2152
2953
1720
4884
3050
1546
3044
699
155
1200
4863
864
4791
1978
3128
2557
682
3471
3261
4562
527
1601
2815
4904
1031
2597
2224
1700
522
2026
2926
1043
645
257
401
5301
4753
4793
1644
918
2597
2686
5053
3353
1568
1094
491
2410
1816
2233
1102
491
1549
2663
3974
3013
5166
803
3470
624
4463
2841
3255
5208
3235
2831
2487
2136
3636
5202
469
1350
4690
4644
3410
1139
4300
739
3991
52
4824
1760
560
85
4012
2186
5247
1337
1113
3055
3222
1452
3339
4893
5225
2020
3271
4793
4005
3268
944
1337
902
4083
4950
166
2023
3246
3726
1492
3282
1841
4202
3385
859
1922
1451
261
3218
1323
4377
3465
343
5120
4022
2185
5024
4914
3401
2669
3240
1801
5212
594
1431
3443
4950
692
5056
855
4362
4249
4177
1302
4921
2706
4892
4401
883
1127
3056
355
4470
4233
4713
5001
3576
2967
4678
3215
2939
542
5373
405
3721
3772
4347
4797
2814
3937
328
4675
23
4580
1877
3317
3316
581
866
4763
68
1741
3007
0
1339
4706
4061
1944
4711
2391
388
2742
685
1087
4136
2676
4455
1500
2410
3043
609
884
5352
1685
2479
986
1782
4471
3351
3380
982
513
4763
3471
2967
2346
2668
2339
5136
856
5363
1354
2179
1763
596
5121
1407
3159
4687
4697
2961
2881
4473
5056
842
70
29
1828
707
3895
5307
3483
4468
1727
4911
1792
1908
1201
157
2797
2249
3120
3570
2397
276
5384
2932
3380
2863
560
1043
3440
566
3803
3914
1627
4343
4027
1293
1085
4315
3119
4474
2083
196
751
3766
2332
3422
1584
1762
100
1421
2654
601
3007
1560
4255
296
4117
4684
164
4907
697
2728
4924
1843
5045
2068
692
4910
1570
3419
4515
2725
2743
614
600
4311
2655
3551
968
390
2390
1473
3234
1482
3690
4801
974
3776
3830
2189
1647
1732
4725
2455
5209
1821
1109
1554
4564
883
3435
159
4970
1109
5207
1864
4178
2333
3007
3425
2094
4946
1437
3606
1397
4997
4797
1199
4585
580
4776
1956
5051
2460
4786
3055
361
5087
1852
2776
261
4948
1681
1807
3403
329
1252
4066
1683
2320
4744
4965
1852
1974
4915
2128
2599
967
2587
2742
1601
4965
3495
1600
2756
3828
1921
1123
599
1757
4142
2826
5088
108
994
946
983
107
5127
987
5228
710
2893
5119
596
2941
1033
2444
2827
2557
5099
4248
3554
2871
2552
626
3253
640
1193
5154
4457
1494
4099
580
250
1583
57
2671
4302
4751
1289
665
685
5389
3650
3778
1114
2683
2697
4100
3884
3466
1456
2187
3726
5349
1953
1313
2655
3170
2177
222
2479
2456
3820
3886
1049
1434
5209
3990
619
1753
1566
3217
3358
1558
2673
3825
4738
740
2918
3576
210
4278
1838
2618
4470
46
425
4751
4569
4132
442
1155
3990
5385
1470
4633
738
223
928
3073
1282
3468
3896
4009
3308
1940
5108
3375
4522
2609
3453
2062
2187
3952
1784
2504
4293
645
1436
131
1606
4849
