670
1899
5184
4579
2167
1166
346
2007
1935
5388
4164
1005
3880
316
773
3092
5205
2915
4019
4875
4404
2577
3046
3222
1634
1122
2318
4763
2078
1811
4580
3140
3656
1560
222
147
4089
2903
5184
3883
4824
2599
3687
5016
4547
1132
4065
4416
2481
4010
1110
737
4784
1279
2980
5394
4688
4444
5049
1475
1244
3188
2142
2249
1939
1682
4330
2674
197
2906
2959
1659
1598
2082
4677
1665
1438
2246
5209
2838
2974
5093
4438
706
3309
3116
1693
2474
888
2872
4403
5024
4988
4888
2999
2776
2885
3946
739
1422
4971
3344
5205
4383
987
3820
344
2141
111
248
3055
1963
1049
969
600
2906
1350
2391
2467
1741
165
270
3952
4129
4789
3466
4803
2509
1670
2979
2304
1229
4588
4256
1593
2953
4783
1371
262
4677
4693
2265
4566
1110
1250
964
2081
854
2558
4455
2879
1946
1823
470
574
796
1795
806
1402
2939
1092
1074
4744
1945
588
3246
2931
3203
134
2026
4748
705
1191
1246
4318
283
5092
164
4108
2305
4858
5061
1940
56
4455
701
1518
3466
1083
3058
4505
4761
4863
848
1143
2449
1436
701
723
1462
925
1043
2257
778
4126
3563
854
3297
4964
413
2142
3079
4504
4328
1803
5016
1973
5339
4407
4937
2102
1479
3855
4715
3217
2796
1815
1076
3602
2210
1395
5339
744
5325
3990
4614
1953
139
4514
2559
985
2872
4760
4547
4924
4594
645
1634
4886
4926
5078
4836
3492
1321
5157
1187
701
669
948
523
2814
2628
3406
425
5044
1968
5154
2618
1647
59
5301
1519
5107
3633
662
2853
4790
5112
3493
1962
963
1916
872
4924
2224
3242
3557
3554
4318
4824
3541
4391
2375
5389
193
5087
134
1867
741
556
4914
1272
3443
871
957
5090
2787
4520
3912
283
5051
3971
4967
3974
359
5292
1547
4591
250
3160
3681
778
3471
103
51
4990
1147
33
4950
5178
4744
5377
1321
1281
2450
1307
4156
3760
1347
4949
2608
2857
2102
3833
5337
3887
5319
4904
3497
1223
2155
4580
2503
1517
376
5019
479
1738
1377
4527
4584
1925
3707
439
2556
1069
1477
3756
2626
2371
3748
2334
5388
3760
733
3440
440
29
585
969
1658
2815
1928
3973
736
2281
1353
1744
5234
941
2878
2890
4204
213
1741
326
359
2484
3566
2915
5116
2463
2021
803
677
4793
1870
3882
3295
3272
4583
3338
4777
2719
13
4967
3937
3466
1200
2454
4107
3152
1769
134
351
4120
2153
4565
2485
792
1128
4948
4934
2342
3184
2456
1681
2485
754
3355
592
2180
2627
3776
3380
5146
1629
5214
1936
665
2480
3922
94
4769
2224
2618
3639
1470
1707
266
559
1964
1783
1773
4896
3606
1935
4884
853
4569
1329
3421
1987
4597
5229
194
4298
2865
3985
1993
5222
1667
4492
206
5206
2945
198
1147
3811
3348
2232
1228
4968
2500
4596
3879
212
2410
1703
1875
4867
3634
3360
4195
701
3893
1235
2159
4679
4507
1222
1287
5015
5094
4124
1688
3976
5087
4017
1698
3075
530
3292
4886
2953
2116
576
2487
807
3641
3300
4479
841
3449
4748
3442
806
421
53
1257
530
48
216
2714
1773
792
2576
4208
1664
1319
1634
1229
4776
2474
2556
167
1060
772
4195
2735
3226
4155
2211
517
1626
964
2848
771
5067
907
4301
108
5186
1966
1903
1123
1894
581
5374
2547
5382
2114
753
563
3062
5211
120
162
3906
4397
473
1782
1526
433
1437
561
4055
5123
2905
8
2209
3113
5218
1351
1683
556
4073
2468
5115
4065
4251
5031
532
4717
217
4069
2405
3094
4008
3597
2677
4169
4133
3378
142
1290
3915
1739
2619
315
5065
3904
3527
4143
4416
678
639
1383
5323
3210
754
1133
3000
2980
2897
1589
5238
4573
5317
1832
623
1639
4700
4425
5362
2746
4477
4141
4644
642
2189
5004
5044
2597
946
4398
2109
1742
5178
1701
1812
4047
1623
3651
1272
2889
964
642
1003
2282
1704
3014
864
3261
3448
2240
2980
1207
3423
4238
858
3450
4367
5042
4691
3076
2900
2218
5377
5029
1626
4801
5344
2408
284
1499
1978
3376
3776
4338
3113
1679
1123
3241
2826
5292
3975
1658
1916
5328
532
4363
5050
4444
2430
377
4562
3585
1480
4499
1490
2677
4033
5163
1552
592
3595
1874
1188
3094
4988
2472
3220
2922
1322
4596
3879
1127
1833
386
2176
3949
2420
4594
3447
2314
4867
1778
1469
2081
2990
4884
3245
557
4833
3346
3451
618
5024
5161
1269
1541
4569
2886
773
420
3063
3322
1767
2756
1711
4453
2372
1687
5309
3317
3119
3316
3775
1737
5002
2787
4292
3657
1526
4770
2144
3595
5291
3438
4247
4520
2450
2942
1682
2083
2454
133
2788
3159
2185
561
886
4719
270
4788
864
1779
1541
1036
202
4572
3376
583
3650
848
2464
1102
1504
1432
4884
2497
1897
1443
4676
5374
3977
2529
1285
4748
3585
3260
1836
4102
2456
541
1154
470
1594
2585
1925
4091
5036
1683
4247
2888
3324
2455
5024
3864
849
2296
1123
3320
1753
1947
83
4812
5162
1615
4965
1326
2669
1724
380
5300
2557
3202
4214
5095
125
10
3954
2669
221
2094
4111
2305
3896
2482
3893
4863
4375
3707
4741
3963
1639
4092
4934
2817
344
640
1187
4356
407
3441
190
556
3439
849
3120
4233
4237
3123
4786
1606
777
4134
1515
5107
3463
4151
2184
2755
2564
1010
3203
2045
3884
5043
2477
99
4113
54
5099
3853
574
3546
3077
4113
1416
276
4716
1967
3012
3210
1044
5377
3811
2079
3272
3786
2052
4089
2274
124
4644
4683
5162
3188
4803
885
2072
1801
1398
3084
885
4368
431
5214
2767
107
624
4465
2925
1590
751
1849
1191
2093
1859
1584
5388
442
1688
3896
167
3551
2539
5388
5096
4849
630
257
2278
402
3664
181
4480
5121
1803
902
1352
588
5022
4548
124
1959
30
3494
5037
4588
692
701
177
2333
3118
1108
5153
388
952
2019
120
446
3885
59
4375
4276
3106
2370
603
4774
1753
3235
5105
1023
3302
345
779
5292
1105
3159
2217
4294
4367
948
3171
88
720
3910
2378
3350
2625
2857
5181
2147
1695
1816
3400
3341
4968
99
2697
9
5085
4407
3680
1858
4388
470
2564
4324
1545
1014
4920
1337
182
329
4716
2166
551
1499
4553
3485
607
4204
4384
2214
2554
1358
4847
2470
339
4684
1319
2625
310
2595
2332
1894
4031
1595
5105
430
5166
796
2554
1350
4862
2501
1371
106
1324
4184
4762
4463
1520
124
4438
1834
1964
401
21
4294
689
2048
195
2111
5300
516
3187
4985
5047
2213
1568
1323
1429
4490
1876
2076
4682
1797
451
1944
4751
3050
1242
3575
5235
2468
2094
621
99
1831
2814
1301
4826
1415
4100
4008
4784
2942
1720
4873
4237
941
3992
3420
1232
4792
1616
4980
1055
511
4753
1102
3433
3084
4904
3172
1988
4518
3688
2273
1939
3249
1781
5338
5369
1502
5020
5046
1433
4241
360
4486
673
2729
3648
4255
1629
2947
2304
3776
5048
4150
3449
5362
4438
3562
4027
2093
2177
1782
2316
3118
1787
581
2112
4381
5203
1836
5222
1479
2082
1246
4435
5339
4244
4478
2506
327
1723
327
3958
4277
5095
3627
3476
1554
951
834
3112
91
1796
4803
231
3910
1732
5047
1158
688
1159
2024
2155
3267
4365
2626
3670
1335
5203
2106
4827
2736
4077
1545
3903
315
680
4473
3529
1680
2301
3412
1922
3048
3787
5377
3832
131
214
3943
834
2273
5194
4860
3973
1762
3106
634
4470
3075
3300
2897
3345
5048
580
5041
446
231
3546
1324
3769
84
3885
3902
4674
5138
5065
4164
2913
5227
4234
1372
1988
1664
3787
4749
4867
1622
1199
1757
4129
458
1138
2843
3297
4584
3078
2369
5379
131
4285
3886
2473
4547
4082
5048
3725
1007
3621
2559
4152
624
2079
229
4776
138
3160
82
359
5209
2895
3688
2410
3992
3320
4418
1773
1188
2700
4700
3317
4315
1703
5044
2249
1199
2202
356
5048
2218
1815
2620
2555
1921
1005
479
4392
55
5360
2056
886
140
2970
4021
4636
1770
2276
3400
3342
4468
346
3225
2298
30
842
3776
424
256
4183
5006
163
1434
1302
2871
2856
3527
3134
4136
2083
3881
630
2588
5203
1892
107
3269
4403
121
947
578
1271
3162
2621
2776
5385
4803
1724
2239
1897
1108
3974
73
2217
165
125
2468
1328
537
1688
5013
876
2949
3341
3756
101
3569
4934
2309
1899
4599
4790
4704
4310
206
3366
1348
1390
1253
2595
2245
634
4380
3440
710
1792
2448
1661
1841
5374
994
2304
2817
3225
1022
1530
5222
1075
3554
2187
1546
2856
5074
2274
946
3095
4597
163
70
3269
5120
213
4256
101
1163
1579
2759
2545
3618
4040
3619
2026
531
5222
5050
1161
1568
1701
2557
2625
2398
834
2398
4734
523
4716
989
989
1901
4132
142
1036
5090
4521
2738
1273
3828
3185
5306
1422
3586
648
701
3285
688
3708
4291
1069
4126
2340
2415
4356
5067
1008
1152
2579
139
4315
5369
2184
1859
1865
5373
429
4109
3722
2455
992
510
642
4913
2261
5311
5043
918
4092
707
3466
2091
3971
1752
4713
2378
2093
5115
3299
4376
2659
2325
583
990
1986
1837
1739
2743
2756
376
3392
4638
3202
2409
1905
4897
2556
4293
662
2123
5012
771
61
2827
3687
1908
4202
1583
4520
4352
3986
3701
4330
597
2802
2531
3000
2159
633
2107
4554
134
1812
1689
5071
4380
2202
4031
4519
3504
401
261
1456
462
1732
398
2483
4463
2307
4985
4772
1833
4694
2833
3331
1195
5070
1616
5065
2219
4592
3493
992
2707
864
2713
919
4691
2045
9
4886
269
3549
1464
1503
515
4748
1001
1701
2441
3477
4040
751
376
2432
4833
2592
2305
5378
2584
1902
1075
4183
4074
3494
4901
4925
4043
2112
2082
4848
3342
876
146
3828
4788
3597
2774
1534
523
3546
4180
1245
1987
102
1279
473
1149
3776
1493
4580
1988
1737
4783
4407
1638
3439
338
3541
2344
2465
1411
4552
1473
995
2094
1223
2947
741
961
4330
607
3825
1036
4512
724
772
3133
4155
1280
4593
3116
2722
3067
1934
346
4130
4306
5092
1630
1923
2450
792
962
3140
5092
3437
1415
5149
3055
2691
3895
1581
4352
2304
2588
440
2064
151
719
5123
3082
3084
3688
100
1354
3397
2906
3546
3317
1223
3172
84
3004
2341
2925
5005
5307
3563
2557
3302
4949
1319
2920
990
4080
2264
3922
255
1759
2664
741
1088
200
921
3119
5072
2611
3214
3051
2632
4892
2327
1662
310
1815
1876
3656
711
1304
4152
4584
1346
3943
1008
480
1233
559
2847
1852
705
1987
1250
4877
5147
4747
1668
3083
2789
3433
2203
2319
1254
3131
445
5013
1934
2162
1351
2893
1109
3240
2430
15
3640
3048
2754
1464
1180
2906
3816
532
2023
2408
5301
5096
4725
100
1841
4906
351
842
1968
4824
3471
3324
4552
3187
1590
4592
701
1127
1865
1529
5032
1465
2104
102
1596
4554
3185
3901
3463
159
2320
1925
5024
3524
4352
3828
2298
3905
2847
3388
5092
924
4673
1195
618
4392
2188
5218
3035
2563
2888
5175
1421
963
709
4614
3077
1499
259
2961
2744
1870
3213
1823
5234
1765
3546
1543
1517
1175
5092
2514
73
3687
210
195
310
5227
2817
2480
1834
871
2332
252
4896
4543
4480
5043
295
1370
574
948
1539
854
689
4558
2153
541
475
1708
1411
3549
4081
1814
4185
3055
524
1398
2264
2584
2973
5086
3825
5073
2856
2794
880
4120
3837
2273
2597
1590
3293
2981
1143
204
1887
2371
375
4445
1353
3075
663
1360
4328
3774
1795
489
1940
3958
3202
4580
3229
4737
1529
1311
588
141
3437
4776
2473
5304
678
4383
1857
4245
3659
2063
1804
738
699
1736
1838
3977
1370
2340
5135
2721
2982
841
1361
735
59
1113
2910
51
4907
1400
1109
1020
4581
477
1665
2019
84
164
1250
3412
2931
4128
469
1114
5388
3291
3264
966
4300
1775
4971
648
1504
1921
578
3055
682
888
834
4515
4776
4207
556
248
5189
4099
3882
477
4520
4990
5173
54
2481
5032
2831
4090
806
5196
5389
4860
1539
5309
2759
3365
2765
4384
4903
15
4856
1831
1780
2367
1074
4594
4557
4528
3833
184
1804
1751
4895
144
946
4151
792
5266
2774
3366
4575
4873
4289
704
3756
5381
2545
3421
1198
1816
5178
903
4636
4117
4223
4689
3092
732
1490
4674
3758
3992
62
4774
5083
700
2276
3074
375
1652
4250
2135
4244
1786
523
3651
1570
4023
5015
2027
2847
1742
4763
5108
5344
5121
5137
1429
3445
406
919
1774
2907
1036
3385
3550
2274
4875
876
2378
5342
5204
3154
708
2808
2167
4596
3344
4465
1648
2629
3681
3789
885
703
1898
1206
328
3240
2643
4783
1126
3234
4040
2604
1187
3865
1193
1408
5072
396
3065
2020
2924
1490
99
4832
1560
4368
4069
1566
144
2803
4203
4243
1804
1491
1644
2047
1259
4445
3053
2407
2104
1132
1479
1119
2647
2123
1296
2477
1043
2659
23
5309
4837
196
1444
1166
3302
2304
3438
5227
3976
641
1622
2177
4343
1935
5385
1270
1492
709
4313
1821
1395
1253
4284
163
5121
2209
5171
1945
3308
704
4325
206
4127
5088
4922
4819
5132
1473
4040
4391
3760
2475
3429
3000
1245
202
5074
5247
2761
3825
1010
4234
1498
3889
1177
4921
2742
4459
700
5064
3157
5336
3402
2490
3038
563
5041
4677
962
4950
3083
2332
3062
3120
1200
1670
2903
18
2972
2021
3597
3882
2145
3331
202
3214
4338
5317
1245
4113
1607
1322
1691
4691
262
2765
947
2608
4800
4681
4247
3853
4815
1810
3585
2464
1291
553
4791
1785
3412
3744
4410
1336
930
2872
3896
4906
166
4067
2722
1700
427
3128
1793
3581
4777
5234
4409
4561
3638
2918
4683
4075
4688
3447
3249
4347
34
4302
4056
4860
4511
1689
2830
2756
3157
2019
3673
692
4763
3388
4776
4023
2184
371
3263
2277
5222
5222
1250
4785
2307
4325
3744
2608
1328
4384
1765
1798
1935
1730
1143
2804
1358
3657
5213
166
2282
2759
928
2551
5019
3076
3551
469
3961
3295
1647
2598
1807
4980
355
1903
430
4105
193
579
2024
3884
1476
34
3673
2344
2886
4471
2922
4123
704
1630
3153
5300
1683
3787
4873
3667
4577
1579
2897
876
2963
1531
1361
3160
3255
4186
380
3542
1834
1648
1531
2664
229
1759
3860
3533
3738
1457
3083
2305
271
4675
2874
971
1246
4050
4774
3569
658
3816
2664
5203
4907
2578
3255
493
2068
4036
1704
4328
5301
4375
4747
4130
2577
5124
470
2940
2451
4285
1698
58
1436
3811
2165
5369
2473
1901
2593
964
2552
3778
2729
3434
3268
2962
3725
3533
1858
4224
803
217
2585
1519
3084
3985
3285
1128
1514
3367
4301
3777
248
1280
3423
4784
1828
4179
3756
2568
3246
3428
3378
5108
3316
4608
3829
2326
646
4105
3094
4519
5149
467
702
4412
2902
1681
5083
191
3546
1978
4245
2766
2936
2978
1647
510
183
776
4125
2872
4682
5230
269
3421
3402
3335
2483
779
3010
2924
273
2841
4636
5071
2872
193
141
4797
4285
33
1738
5152
5063
2487
2470
5170
156
360
1702
3378
4528
3237
3773
2807
3158
624
2815
5389
3063
4874
1773
3346
61
1049
1541
3322
3044
871
580
3885
3009
3153
981
5037
2239
1607
2206
112
292
2981
3474
4515
5037
3057
3224
1259
2608
2281
854
3318
2020
1736
4891
2455
603
264
1476
325
3285
3987
1343
147
386
356
2947
1794
202
4616
2691
4828
1902
528
4470
136
3113
5016
2563
2913
3210
3220
5029
552
778
1259
5048
4009
3474
4072
4149
177
1497
2447
3268
1407
5192
734
3053
2982
876
1450
4088
1221
1055
2117
4848
4410
4143
4725
2495
2978
386
648
2671
3055
3631
2549
4553
1141
1851
1114
706
4585
783
1740
3672
3832
373
5372
1199
3214
507
4109
5107
1520
4904
1264
489
5161
3778
1132
3263
2785
4910
4169
561
792
1034
3140
510
4856
3433
433
2765
2883
3626
3427
2186
1962
170
4240
3975
3295
138
4105
1703
2090
3240
4285
4921
5319
2887
1945
2514
3352
1600
216
5217
805
2721
3741
1640
5002
703
2309
3269
2153
5206
2447
3690
843
2305
2925
966
2531
1767
1184
4109
2697
4408
2727
3124
4833
2766
2482
265
13
473
1930
3961
1923
3365
185
2871
3854
2894
4311
2713
3227
4828
1494
4008
2110
4885
3544
1583
190
2110
592
1749
3237
1029
4469
2808
4408
4105
1938
2797
592
2409
2112
4574
3678
681
2673
1594
5041
1688
3585
3396
2451
556
3473
4469
1260
3355
3756
1028
48
61
1702
4678
740
386
805
1422
2278
3597
2376
1941
4855
3226
1961
1020
3567
4446
3187
4376
1797
1945
1779
1584
4474
4315
1289
1222
1685
4514
3955
526
1607
2776
415
2817
2068
2700
1531
3901
2410
5092
4774
4762
1383
1653
1411
3940
1740
611
2539
646
1142
5063
3106
5307
1615
642
3641
433
1829
190
1859
283
3112
3212
3635
806
2224
1567
3411
2291
3131
4352
3770
5184
424
1681
996
4690
3170
4302
4109
4598
2223
3020
2434
582
2398
3881
3352
705
961
3124
2883
1223
2578
1691
4758
263
1838
125
2827
4753
3211
3913
3986
3065
2340
1090
4935
551
4514
3345
387
4575
3238
3351
1157
2920
4793
2721
4519
61
4517
3907
2167
3429
2619
53
1829
3738
2485
2625
1577
1275
3056
2206
