5327
4611
2144
2941
1431
1087
2052
1322
1156
582
1326
1221
2729
3269
1514
181
2449
1937
4397
1304
4047
1860
2759
2863
2625
796
1616
4924
5215
4888
3292
3352
5105
5361
4397
1778
4027
1730
992
1198
1832
845
3035
5338
1556
5032
2477
4478
4906
3586
3773
3886
2023
4267
445
3131
2906
974
1427
3354
736
1758
3830
2564
4292
1259
1831
4685
2939
3725
2568
310
2332
2390
1703
2932
2509
585
3775
3007
500
2480
4130
2758
157
3064
1422
5124
3305
1161
4483
4180
5176
4776
3992
1921
135
2767
3365
4715
4524
1876
1136
3997
4518
1742
3349
1791
606
5120
3596
2111
3078
540
721
4511
1858
2604
1175
3010
4453
4490
4111
1075
3850
689
1557
2305
193
1945
1737
2980
3695
2990
2620
1664
4636
263
3761
1643
9
4544
1442
2341
1577
2974
1576
2480
662
3292
3992
4578
4524
3278
2448
926
3269
4066
417
2342
4171
4444
1599
4068
4592
4923
4492
223
689
1942
121
1923
134
1973
1351
3448
4922
1901
5307
944
615
3552
4473
513
529
2007
3597
4579
118
1119
3170
2265
4778
3410
994
2568
5123
1987
2377
413
5336
3050
3914
1531
3159
4743
4741
4134
2531
593
2032
853
4426
4267
123
2618
3225
4311
5082
442
3720
1207
2216
1887
1770
7
486
5004
3915
2910
1603
4322
5311
2775
3659
1232
420
165
2217
5093
1406
4244
4737
1180
1477
2094
268
3422
1963
4183
1918
871
4495
2742
4697
2625
2570
10
337
5202
4352
568
4713
5186
2760
5047
4205
2373
1858
2312
4291
724
4661
2835
4717
3355
3222
1083
2019
3299
5056
1272
3662
4760
3344
4713
4986
4407
5374
3347
2940
3453
4474
5306
1749
1360
3695
20
3375
1758
5184
1
2339
1539
4877
919
2360
3701
3351
3159
1756
986
4775
3759
2597
4511
3779
1199
3427
5063
1535
2434
3423
3558
5048
5071
1034
4155
1159
4067
5170
2449
3274
5149
5394
4310
1617
202
1023
2745
4884
2908
857
325
641
3011
2200
2068
1805
5338
1296
1936
4907
4717
1311
2166
1492
4284
1136
0
1075
3335
2734
1597
4021
926
5043
3129
1877
3366
3707
3639
3759
4278
4900
1918
2743
1723
1258
1177
1273
3282
2912
3728
229
2744
3385
3976
407
740
3412
4120
4043
4050
151
3410
2932
1402
4140
3923
3447
198
407
5161
217
945
682
1348
2145
2054
946
5152
4826
540
2658
4588
251
259
1475
2116
4847
3578
2507
1052
112
1546
1594
2081
1301
5132
771
4145
3631
2678
2902
3211
2328
738
2263
4690
1993
855
2217
105
2340
5266
724
4478
3741
4874
3378
2977
5237
568
62
4043
4696
256
3542
4565
1191
2833
2147
4681
4673
5096
3664
3453
4453
1201
167
4324
3057
1812
5108
962
1925
3596
135
1784
3240
2377
876
3597
1090
1267
3212
886
1940
4085
688
2202
44
2994
4222
4410
5290
3293
4009
103
1816
4784
106
5363
3445
1583
3346
4407
4915
2026
1004
223
3351
2785
1400
4476
3351
2485
4980
4482
3467
4466
3975
4463
4742
3729
1902
1556
4757
759
5121
181
446
4127
4887
4404
33
4347
2507
180
3581
3559
2927
4813
4803
2629
4248
3293
849
1922
23
4013
3228
2925
3665
591
1242
1275
4595
3738
1689
2295
4661
3299
120
168
1751
2028
3546
1029
2153
4924
1260
4789
2662
4700
1401
5093
2489
1875
343
3832
2804
4469
2632
1462
680
4516
4522
2903
1160
4987
3664
3402
3899
5068
4056
980
1258
1968
3531
140
4453
1980
2587
1074
400
1767
679
3701
4027
3067
2677
5186
4473
4423
3011
2466
2659
2389
1348
2584
1849
4125
1764
4243
4088
5146
1967
2871
871
3445
2654
2767
2185
4318
3263
2503
1028
2506
5001
3435
1352
1263
552
1980
1926
1516
2925
4739
4347
4407
4116
3915
2473
3553
2214
4496
1978
1105
2556
1240
1938
3366
3787
2842
3961
944
4756
4789
4224
4814
3308
292
3963
1351
5194
4574
4867
607
635
4824
1908
2390
858
2143
1778
212
1477
1480
541
4326
1822
2893
1547
3830
1845
3342
3319
5369
2187
2503
1514
2713
3839
4888
1597
2269
3048
981
1351
5043
1930
3895
5229
263
1225
1167
3756
3748
1723
1132
4864
2700
962
3293
1541
1060
2325
3830
1596
921
1252
1268
4552
988
4306
814
210
3392
1795
2189
2369
2698
295
1149
4483
2529
2767
1094
843
1698
3119
4594
180
3637
3771
2179
372
3358
3578
500
1029
2907
5389
1291
3838
3536
1371
5207
1450
3282
1243
51
127
292
3158
1429
1328
472
1189
3168
4109
5048
117
4180
510
2970
3131
557
4883
5004
2807
614
1560
4518
3215
2082
3009
1781
3237
600
326
2847
597
427
853
2833
5000
4195
2999
3997
4757
4472
5339
557
5074
4679
805
3901
5092
1257
4070
1561
2911
2674
1208
3494
2879
4895
3864
513
4559
5135
4147
4895
121
269
2665
5380
1986
1191
4272
1327
1443
1207
2218
987
3621
4887
5385
592
3292
4784
1491
2129
1943
105
170
5221
4383
3559
231
4877
2767
3464
2358
1327
5004
5352
5211
5122
5304
3236
4714
2326
4245
2925
155
4403
2478
207
2970
1033
1629
198
4590
2210
2898
2377
4937
4579
4122
2472
1709
272
2563
3602
1908
100
202
3278
2449
3597
3839
3213
2257
2774
2740
2980
1178
252
4614
1583
2655
1501
685
2341
703
257
4580
1371
4692
2296
2076
3338
4888
5064
2546
2405
4633
5281
2557
1166
540
2369
1214
1689
4679
3889
1796
4749
2100
3160
2514
4277
1802
1643
2454
3058
4593
4368
2363
961
3131
1317
294
593
263
618
581
2346
1333
5049
592
1769
2945
3470
1321
705
1903
2932
3598
1260
4147
4678
4578
1895
1014
4445
1551
1692
1421
2391
1841
1568
3990
4675
5173
1229
2280
1080
462
3559
1493
264
2366
2464
5045
984
2320
111
2215
843
2669
4875
2502
266
4089
4922
3729
4050
1679
1785
83
2444
3011
4152
3992
155
5085
1579
2546
4553
872
5053
600
2898
1317
591
1470
1809
4849
5112
1945
2456
2315
5045
5004
2143
4555
360
1432
3051
4382
5090
1519
3908
2881
1815
2177
478
4081
3899
5068
2364
4150
5176
1176
4085
596
1933
625
773
2789
3303
1784
1807
3128
4034
2596
3227
3003
5147
3972
4696
1451
5119
3443
3885
5004
358
401
3248
1029
1115
3887
1452
5062
4437
2201
5338
2776
3422
1503
3667
500
3986
2399
3300
4838
168
4178
155
5090
4207
4331
3400
3305
4325
1691
158
198
425
3239
971
2340
1839
1195
1615
339
3799
42
428
532
3761
2931
141
21
1361
3119
1757
2468
2129
4107
1102
989
2775
4673
1903
5001
995
3881
383
3922
3485
4102
1992
3106
606
1347
1402
2114
3116
5097
2448
2776
2936
3828
3040
1433
283
1400
807
1406
985
1741
1242
3386
424
3225
1315
759
2576
5374
1953
4302
13
4888
4032
4696
1683
4119
4136
125
1317
2213
4926
2797
349
1874
2962
3118
4691
5116
362
864
599
247
4573
3369
1361
2894
2797
2280
2410
229
4673
973
4129
4331
1328
4903
4477
273
2455
4858
4562
3586
734
4791
1090
4900
682
967
3285
5040
33
2897
2379
4225
2332
3937
256
1085
3463
2714
1115
3278
3902
773
3975
3411
1273
1918
804
751
4904
1411
4614
1143
5105
2529
1227
2974
5244
2837
4117
1132
3159
3264
2339
5109
2587
3937
947
4312
2979
3556
5091
4240
3912
1302
634
1469
3541
3369
3971
3556
925
3376
1992
2490
4544
131
1935
4687
1450
1930
2929
3278
2729
2273
4208
2942
4742
1898
386
593
488
1643
5388
5311
4784
2980
2628
4492
910
4504
4457
2218
3973
1395
4558
3884
5016
1202
3133
1814
1952
2215
1296
2722
3955
146
1423
1127
4457
5201
13
1370
4725
3905
4785
430
4526
2774
841
1804
4149
4403
4698
1892
2669
1630
804
1968
4867
3160
3492
4749
4733
1760
5031
3465
3343
1583
4863
1762
3665
4228
3320
4468
5169
4754
5038
1878
524
4144
4729
3291
3406
340
2391
1537
1119
4410
3497
1028
3046
2837
5372
1401
3480
2918
3225
5066
4230
2912
2410
773
4505
4150
4562
3269
4903
2257
3637
125
2264
4141
5266
2552
2546
4679
2312
255
5394
4839
2022
5120
5364
374
3223
1464
708
3388
479
1851
3228
3627
1290
4197
3094
5306
1831
4925
778
999
5066
1281
4251
3886
3026
3881
2848
211
3010
2301
1304
4990
2446
1737
1965
2112
705
4747
4990
4566
1352
4754
1959
4858
5106
4534
1268
4178
3249
3293
2173
71
4125
1497
2277
4401
5146
3596
4598
917
593
2201
1022
1828
2391
1943
3880
3447
4139
1598
334
4097
2898
5121
2936
4067
3596
4719
2074
3172
1504
701
5340
2756
315
4824
1256
325
4856
4827
684
601
4050
951
4924
4326
3406
118
2772
3225
4591
2653
771
4546
803
4675
2647
4405
3038
1875
4473
4714
3885
552
4517
999
537
3365
3679
3880
3450
2024
1820
5147
1095
4388
734
1774
3664
3601
3376
4444
5027
4791
2924
987
3397
2484
3044
4946
1905
4987
1988
3619
5029
1702
2463
2706
3309
4377
1370
2495
5196
951
623
3367
3663
2327
1751
2052
1470
2645
2564
4072
1930
4838
2775
1791
3727
3269
4021
4783
3854
5319
4594
2973
546
4688
3412
4749
3627
1008
3451
1128
4241
3634
3898
1802
1201
2593
4009
3423
1741
1895
2804
5222
4592
928
180
974
1233
2826
415
4740
642
4597
4244
2302
3474
3728
2456
5115
2129
3638
1427
3270
928
1351
1852
2514
1595
4828
1902
5157
5229
4010
4108
2632
2663
358
4034
3766
2788
3636
2441
70
2539
848
2874
3774
2967
4084
2202
2434
632
1875
3773
1723
2794
4688
2373
3073
2555
4557
247
4230
1935
1808
803
2632
632
131
2263
4405
373
938
5174
3485
4416
2142
1680
3129
1626
3476
2462
4272
3541
878
4561
1372
4495
1956
4677
3947
2734
3976
3451
4793
1333
2444
1437
5132
2906
491
1702
1924
2091
615
28
4184
252
2082
2564
3012
1845
2249
2305
5206
3128
4520
4706
5317
1626
3238
1055
4411
1841
2903
1789
2529
1603
1128
3210
1433
563
2766
2066
708
4916
4477
2501
771
3531
702
4343
4278
2676
2433
5374
1140
158
2994
5317
2647
1088
2411
1426
4242
1960
5094
1844
559
2919
1940
2894
3308
1728
249
1939
3124
2082
2962
4692
635
259
355
3422
1127
1020
1764
2736
1415
1433
722
3035
3648
4606
2502
5353
355
1253
4783
4123
5374
3569
5201
340
1020
2028
1765
692
4132
1420
1896
4100
1473
5154
1494
106
1152
3903
3309
4347
3235
1792
2960
3303
3065
4445
4776
4151
2673
527
2960
5369
4678
4739
4683
4596
562
4185
3424
872
4291
710
3171
5036
296
4226
5171
4020
5014
4742
2539
3943
3961
198
2232
2949
5088
4142
2643
3077
3161
1376
4837
1503
3838
2981
4886
3492
2594
4854
1089
46
1009
3865
1152
4060
4763
2309
3220
994
513
4519
3464
2881
1322
2658
5094
4912
5075
4801
3021
679
3359
1225
4901
3043
4153
1161
1175
2539
1020
3071
4846
3494
1539
4306
3418
416
3072
2333
5309
982
2408
1949
1526
1231
3988
2455
5172
2514
1110
4061
278
3949
4013
2833
3038
2488
1519
144
3637
1843
3991
3011
4595
680
2666
2152
3987
4561
3533
5206
1085
1270
5135
1849
3411
3532
5074
1348
1113
1106
1445
855
583
1964
4784
4027
2727
4187
1401
2889
2847
3303
2883
3378
5016
1115
4611
1479
19
445
770
421
4725
4241
2379
5074
2772
5350
3188
44
16
3113
4106
4909
197
1987
2297
3007
4091
1599
2019
3816
3598
2281
149
3130
2594
4088
441
5088
4941
4793
88
5244
2668
1003
2655
4567
5124
1526
4565
1644
390
5045
556
4880
1570
2207
553
4965
1491
3345
1864
68
738
1993
426
1361
2656
54
4457
653
3467
1291
3839
525
1353
3651
5029
658
2462
4311
2420
4776
2782
4700
2210
3412
1820
1502
4548
3087
2805
2701
1932
3958
138
2914
2592
3776
5097
4849
1010
3978
4020
2949
4573
1745
8
3972
4890
3961
1060
551
1246
3222
586
1728
4284
3249
2884
103
5093
2064
1346
2082
62
2885
3483
530
3727
1045
5016
4608
618
1875
1188
1757
3726
5339
2632
5253
1436
2474
4525
5067
397
3038
3085
4240
5196
1456
2953
1195
1793
3438
489
4040
3410
2559
2233
1879
753
734
3235
339
475
185
3184
4203
1746
3880
3135
623
358
3552
2626
542
4801
995
1415
3261
2618
626
4900
183
1627
558
166
5066
4548
1114
4012
3674
4150
593
1700
1451
3600
2898
4893
856
4156
510
4237
941
4828
2841
2895
3272
1759
2122
4278
3242
1433
2488
4515
1350
4913
719
5339
1240
3708
127
354
1315
4949
5036
3775
3427
1026
1599
2108
2198
2027
2207
1785
1429
406
4580
566
636
3318
1700
2736
2795
3662
3637
51
5082
3226
4546
3364
4229
2837
1500
1833
4013
4905
1014
4970
3248
1139
2252
469
5166
4652
1837
2945
2495
4971
3071
1630
315
5043
3822
722
1157
2370
4614
5214
959
4496
5062
2999
5064
3638
4124
4911
2198
4889
773
721
2377
1753
4762
2706
2760
2141
587
4473
3758
2444
3431
1208
5105
4301
2856
803
1514
480
1470
3468
2389
1993
2710
1750
3236
71
4353
4557
4239
3939
3248
4735
4763
1043
4735
1931
4338
2478
1554
751
4850
1287
4352
2389
804
3882
1425
2451
1230
4638
1465
4616
2886
3888
1851
717
1592
4136
1800
3562
1080
2600
1898
3185
358
4326
993
3802
2949
2785
3273
3449
1742
2112
5027
1156
3324
3991
4552
1643
671
472
4599
4747
5006
3776
987
396
4990
4248
4569
4591
2720
4943
3533
3348
600
2584
3789
562
5091
1702
4128
250
4761
1423
2502
2875
3228
2318
4614
864
292
2024
112
4691
4222
4198
4100
3885
376
1784
973
138
3225
3463
1240
425
3420
2548
4375
3467
4098
476
3367
4156
3532
4383
1533
925
3744
3884
3424
4922
190
578
4772
4909
646
4056
4762
2808
1720
3463
4986
1953
4412
3988
2072
4106
255
3359
2360
5343
3472
1792
1243
4743
2467
3551
1326
4967
5095
3307
17
1033
3056
3597
1033
4496
1595
952
3619
1224
2645
3121
179
1004
1154
2389
4523
759
701
2744
4688
1771
2159
4208
3085
400
3651
4391
545
4096
2881
1552
4290
1093
611
1922
3408
2729
4912
1293
1235
3636
2203
3140
446
1422
1589
4132
159
3026
2804
2600
2341
3358
3236
2407
562
2334
3828
4955
2872
2432
164
4757
2469
3297
3401
3485
3370
2507
1014
2269
180
1756
2904
1728
1132
1703
1043
420
3072
3772
4397
703
3412
1005
3354
1859
3528
2955
2807
1279
2302
3626
23
2246
3902
2502
609
1230
4761
1797
4747
4548
5015
213
1828
276
4242
3116
5189
981
1159
679
3722
4382
671
601
2973
5319
2677
1693
1933
4150
1531
4582
440
621
4205
4153
5029
1452
2598
2888
5013
1090
5057
4689
3896
4324
1512
479
1858
1166
1890
2740
141
4921
3772
3160
741
5360
3106
4855
4901
1432
4761
792
563
3986
1407
1946
1478
942
4736
335
903
5244
446
1667
3026
3972
3956
3494
4494
1526
1301
4590
4813
1581
1800
883
3442
4776
3901
4611
3184
202
4557
344
8
588
3626
1683
70
2797
4069
4797
3728
3241
2869
1617
2804
2319
168
3187
4566
428
3273
600
1876
5020
2673
886
1280
1397
5379
170
1535
1939
3291
1450
216
4096
3567
1973
1935
2773
4729
1644
857
2698
3949
4179
1630
1851
3320
4986
4855
1947
2677
4065
2595
1815
1445
2555
663
1537
4005
805
1728
470
3529
1920
1823
581
990
2915
1596
5323
5085
1444
1978
2836
1807
3161
4050
1513
4301
2667
3216
222
1833
2879
2918
4877
4652
3789
4736
3406
3957
4967
1987
3319
2716
1361
2591
2420
4088
4640
981
2455
4415
2687
4494
1411
3895
4251
3905
1149
4661
3463
2304
2893
4785
1539
1500
2601
4208
1176
2953
1730
4256
3575
2754
1988
1423
3212
214
776
5005
1481
196
3446
530
2256
5394
1353
4113
1831
4499
3552
1904
2941
3370
2700
3237
792
1321
4250
4991
4138
4049
4109
202
1407
4008
2621
3786
1415
1246
988
1942
3012
1919
663
3073
3744
4418
2982
4072
5149
930
1800
2495
5135
551
5388
1740
4133
2715
2465
3093
2257
2804
4012
5166
705
3940
471
4496
3217
3395
3569
4225
4779
2056
2859
723
4155
1535
4127
1043
1279
4502
776
4014
42
973
1427
1708
4519
3441
2773
4939
3343
4204
4520
834
3600
1919
1133
877
517
3154
472
1520
1113
1348
3294
1307
458
373
4802
2269
5353
883
2558
5172
5253
4009
941
4892
1859
4278
1520
3946
2919
5225
510
4833
2609
3250
477
593
1279
4652
1918
2206
584
4463
737
2620
2887
3957
3038
720
1257
5063
4685
345
754
4480
4788
2671
4376
744
701
1782
4776
4677
416
428
2468
1589
5300
168
42
2625
4876
3636
1841
2048
568
1682
442
2497
3743
2901
3084
5238
1156
1437
5212
4692
4061
4111
2163
1464
2759
3595
3657
4789
1161
2117
2451
2826
5195
426
2902
5209
2782
162
146
3128
3240
52
4950
5152
4353
1810
1009
3380
5162
4302
985
4887
1811
1852
2116
4967
3215
264
803
1693
3007
4719
2647
2203
1326
845
2093
428
458
1336
4596
1352
3640
4912
783
3170
1683
5012
1662
942
4576
2045
3492
3833
1760
1693
4838
4459
1771
3620
910
3532
527
5323
1720
3691
5043
607
2706
3596
3272
2962
177
84
