4900
135
1140
2545
4486
4021
185
3915
5339
1803
3187
3375
4142
430
2552
1443
402
3085
1803
4169
5281
2905
4409
1425
5120
3216
3449
4580
5217
592
2164
1311
1474
721
1743
3569
362
1933
4786
3771
1593
4362
432
3071
2960
1088
2648
2207
4552
1110
3358
1815
4187
2978
2145
5173
4473
5108
3095
2240
1601
4595
5342
1726
3721
4739
204
5135
494
1898
2883
573
1036
1282
2931
5174
1829
2653
952
1226
4593
2945
5208
2972
466
3271
432
3838
5290
2906
139
1477
3395
3121
4981
4597
4683
1370
5364
4692
4494
880
3923
1823
4066
4719
4674
2817
3453
1808
3595
2580
1709
1820
709
68
3351
4330
1623
3245
5337
181
185
3972
3778
1009
4569
642
642
4164
2068
3538
5204
2448
2632
1730
2209
1821
4343
2106
2767
4785
4243
2815
2863
1376
4923
3246
4017
4238
5328
5384
3828
1765
2243
1964
2143
1858
479
4171
2706
4565
105
3908
2832
2207
1786
2911
5038
5361
2584
3123
632
2774
4935
1684
2596
4427
4061
4180
1973
829
2080
611
1838
4089
2415
2371
3494
2529
3154
1490
5253
4684
4397
193
1390
1395
2886
5116
5036
4126
4476
1902
5309
3910
5106
3601
4893
5206
4444
3273
3003
2977
3036
2804
2716
1901
4900
4752
139
2739
1442
2482
4760
1720
5086
402
1319
5070
1109
1810
5195
1281
1791
1229
1406
853
2079
112
496
4409
4990
5278
1683
2737
1487
4939
1281
5382
4906
5068
4150
983
2744
1685
69
4391
529
1126
2129
5106
5337
331
3839
3023
4544
3881
4526
1600
2806
4411
1230
3073
734
5123
1142
3261
2128
1191
5176
2803
1329
106
1788
5351
4786
1917
1399
4889
4891
1260
3973
4146
4210
2224
3448
4597
4007
5001
4040
4230
4367
442
103
2555
3220
2209
473
474
5070
4362
770
3567
1249
656
2485
4989
625
3748
266
2135
3272
1956
556
2124
3009
223
111
88
1329
4031
1554
1467
1763
4507
4356
1895
1322
265
2907
2926
3587
4863
3586
4466
473
1003
4885
4584
3975
1616
315
475
1001
2264
3956
4685
3376
4776
1176
2883
3902
4575
1806
679
4849
4326
3153
1757
4574
103
3854
531
3309
3403
1323
722
3586
1831
2772
2721
3681
946
3485
162
951
2166
4214
2671
4502
1437
4184
351
1859
4243
85
2076
4547
4677
1301
3224
3347
4313
1644
1600
732
2344
2990
2363
2122
124
5056
4673
710
4518
1010
1407
1442
4125
2391
1837
1462
1978
3741
182
4468
1501
3274
4598
2343
2659
1765
4229
3816
4067
2974
1093
5205
3084
2758
4468
345
4674
231
18
1728
3586
2474
4239
4125
415
3430
4640
2141
1570
2547
2942
3044
1398
3774
5124
1870
1859
1055
2826
5105
3476
3044
33
1557
692
4557
2618
3212
3961
1692
814
4546
1596
3152
430
2953
2112
431
2739
2931
562
658
2045
1944
2147
1377
458
2883
3268
1457
4677
3760
906
5083
29
4754
335
4792
2116
4740
3635
1647
875
4035
3776
1547
3562
1810
451
2485
907
3241
1776
4088
5119
5116
4566
5152
3627
917
2714
4559
3898
2188
5080
2728
182
2929
834
1093
4035
1689
4407
1738
3345
2886
5124
446
4779
1466
426
340
4458
4112
3787
472
1807
1940
3880
85
3442
2482
2327
3214
1686
1940
2802
834
4164
4144
1554
1028
1837
1207
735
4890
3427
5336
4638
380
1978
5019
4769
4785
4729
653
1648
5181
434
61
1923
496
2344
351
3681
1864
4690
1253
4326
3483
995
1894
5181
4599
4572
5215
615
1127
1724
5184
5195
3896
708
3728
1087
125
2256
3659
3246
4747
2455
2451
3549
2023
4803
1022
2256
1638
4941
4344
1722
4511
5000
5282
3306
2316
988
3339
3065
1864
1492
339
2816
5051
33
4741
4584
1962
4638
1036
3532
4760
4060
1479
2546
420
491
1206
1594
2276
877
5253
1799
3706
1628
87
3235
4338
4860
5225
3433
2906
2147
1493
5340
62
184
3214
3134
5041
4325
3480
3053
4408
1423
2466
2377
3222
1767
3880
3775
5157
708
4031
866
1140
5288
2107
2599
1245
3850
1897
2187
2905
1105
1180
5022
3048
3307
1249
1917
4119
3551
3463
4812
405
4146
1416
903
841
732
1480
100
1069
3007
2026
3705
2407
2281
1808
5044
2713
183
804
1857
3378
3073
1629
3038
2700
1777
2497
1648
1293
1371
1307
3212
1516
2166
3159
1919
1260
4392
1643
4374
470
1628
4445
1892
5196
2378
2255
4896
5343
2474
3229
2743
5178
5309
4108
3665
523
4926
1319
1616
1154
4864
2217
720
5107
4706
4946
4658
5039
4553
586
2223
2539
5002
4691
1962
1371
34
1939
4735
33
4906
88
4543
2263
2886
5107
1552
4566
952
859
4031
1281
4936
433
1346
4126
5177
4612
1807
4936
1087
491
1836
1158
4575
4444
2389
2051
2082
4153
2941
3309
5363
1814
4324
3903
1152
3302
433
3044
3639
1762
1074
2318
2920
2714
4936
486
1346
1221
697
2477
1616
1760
1500
4697
1560
2698
214
1252
2407
2807
2587
1138
2914
3544
3466
1456
1545
2063
4752
1599
4144
2198
3084
1313
1664
3901
3971
2305
3216
2256
3755
3084
991
2369
2223
136
2765
4049
2531
966
3636
4268
3424
5050
5337
2066
5146
3159
3978
4143
4148
4911
1451
5343
855
1628
4343
1321
4250
3471
4642
552
4578
1956
2319
1551
4938
2906
406
4230
545
963
3077
4382
3667
4846
133
1157
2495
3434
3538
3048
4579
3670
263
4846
124
4906
3953
1333
871
2068
3621
168
4583
3358
2460
157
2994
1623
2830
2796
3429
155
4913
2054
2963
1584
4446
1523
1436
3908
4901
2291
4514
2838
3462
478
4595
1701
2122
265
5001
1451
1619
1805
2364
3044
2766
4368
4642
4596
2808
1921
4438
5006
2244
4107
5266
3602
2555
2595
4935
2164
3153
4582
1154
4656
5105
568
3307
3555
3434
330
257
4909
2082
4241
4763
625
5106
944
3465
2304
3087
83
4384
4988
494
4187
1821
3940
5213
3324
2827
1291
106
1680
1993
70
681
6
181
685
3542
568
2755
4528
1513
1493
524
1968
1902
1269
2759
1347
3947
1457
1988
4012
2207
1435
2188
986
2211
223
4233
1754
3267
3380
5044
1310
404
907
5247
614
2502
2789
1945
5109
4920
3082
155
3242
1590
1576
4284
3346
1812
3974
5098
2358
2584
3820
848
4186
2108
4611
4497
1949
5208
3291
4778
2625
754
5116
1202
4084
71
5204
3423
5221
2189
528
4205
4754
5344
4583
4741
3153
2857
5379
1786
772
4583
2202
5095
4457
4352
1110
2907
1014
4074
3865
804
2334
1321
3424
3679
1430
4409
3079
3492
4392
2628
1351
803
1729
3681
1570
4072
2444
3854
587
427
2977
3416
2281
2477
3255
100
4546
1083
2048
4480
4078
4849
4345
591
2878
4680
283
3922
3722
2832
4604
621
2470
557
5176
1284
529
2094
1122
1709
1864
249
4139
3409
1347
197
5040
712
5350
4036
4198
1687
3469
4050
2683
3992
4271
379
2374
1020
349
5237
1667
4925
3392
1785
345
2803
1667
1323
2409
1442
4153
327
1760
1322
3331
4098
2554
2871
5201
165
2032
3674
3737
4828
987
3263
648
2632
2076
1358
642
2124
1556
4684
3530
5228
5082
2020
4897
4557
2198
2900
2604
1918
155
552
2539
1435
3135
3264
4717
3410
2483
214
2987
2114
1797
3923
4661
3346
614
3727
3428
2454
1418
1493
3365
58
5323
3050
530
3035
3066
3316
1317
5380
2077
3895
2454
28
2110
3902
4069
3477
1470
1683
195
646
1523
1552
568
166
251
1263
1014
4873
1943
159
3706
4543
778
5047
3091
401
1095
5136
4426
921
2601
1250
2025
1638
4772
3832
4581
5362
2659
3076
4505
5290
1799
1279
1044
2109
4862
3937
2577
4245
55
4733
3119
1859
1160
2853
641
4127
580
1156
4717
4244
2736
3211
2912
1901
2433
1188
433
138
118
3743
1264
2305
94
3773
4222
1422
4988
1707
2842
3153
3238
204
3997
2915
1668
2555
3348
5044
2233
2609
5002
941
2564
1376
700
3997
356
5002
207
3576
4023
23
123
167
5282
636
4965
875
3264
4084
2967
3317
2328
3823
2007
1284
2743
1487
3408
2578
2370
2147
2389
4096
20
5154
3184
3908
2045
4385
1319
2971
261
1973
4785
3597
1771
446
4697
3575
2895
1284
3662
2458
5170
2931
4680
2743
3631
406
1416
2632
4746
1284
467
4385
5024
1592
1398
3538
4036
2741
3864
2207
5090
3318
2019
4458
1284
2837
1803
3092
1592
739
4916
4027
5323
3062
5201
1732
3905
4779
4007
3435
3154
563
4322
4246
1361
3828
2374
3078
2420
4147
615
4156
4147
2872
1516
4099
344
4775
1945
3140
1925
4890
4661
1723
707
4256
3772
4344
2608
146
1418
266
877
3305
3941
3766
4574
720
4883
7
1796
4989
1791
1685
2052
2113
4924
2502
193
121
4579
2360
5339
2713
3881
4891
777
2922
383
3971
20
4305
2021
3651
670
2177
489
2999
2627
1092
2497
1634
4897
3010
1723
1351
1110
4577
2246
3009
601
3224
329
2343
4107
3422
3687
980
730
4408
1570
5381
283
2772
202
222
3855
582
2255
4409
3236
4706
4747
2551
2489
478
5304
4864
991
4457
2274
4688
4027
1964
5106
4608
112
3131
2325
2884
3092
138
3036
5071
4964
3429
2139
566
5301
3708
962
1515
1659
2967
4480
4482
2129
737
1779
2509
195
1561
4992
4925
486
2114
1751
1400
3789
1180
4095
1421
3037
1726
3947
53
2908
777
73
1400
442
3315
3724
4597
1518
1919
1784
2595
2719
8
2244
3706
5063
3601
3051
3761
4338
1475
3678
662
2094
2557
3118
1200
142
1531
1031
3463
5374
4156
1177
4017
1689
902
635
1617
2856
2470
2761
2176
2087
646
4943
1743
1323
3264
180
3157
1514
111
4716
3203
2972
3532
167
5073
1750
4031
120
2714
3600
3562
3119
1849
744
4679
5311
4098
3720
3752
4381
5077
2894
4152
4692
1167
4301
4544
3559
4904
4501
2782
4614
339
1767
3464
5339
4407
707
1681
5056
1034
2653
3720
1095
1022
3833
2549
4409
3010
885
5098
1831
2805
1443
4954
2746
2564
4065
4739
3578
2474
2747
265
674
4381
276
2871
2785
2105
4939
3402
4762
3220
574
2021
1284
2501
1154
212
4968
4522
351
3722
2929
1768
3124
4573
2859
2961
783
5106
738
1789
3707
3133
2599
636
4735
2914
2782
4483
1258
1815
2626
3905
5382
3050
507
3463
2474
2202
3638
2712
1026
4730
3725
2189
2741
1026
1327
2729
624
4989
1840
2466
3670
4097
1049
3949
1322
753
2967
2804
2135
2939
3411
2091
3003
2771
594
2932
2299
4143
108
669
3823
1601
4724
4223
4147
3601
2142
796
4088
4459
1592
671
402
724
5093
2833
3306
2598
2706
4046
5029
5201
225
2585
3915
1603
327
2269
2023
928
1567
2835
2269
2715
4222
2180
480
2886
434
4906
56
197
441
1719
5171
2545
662
5097
4544
2883
416
4205
1543
531
3664
3636
4268
2301
778
4913
597
985
1551
3758
3013
2802
2314
2545
5230
3091
4555
5096
5087
3162
3380
3527
1778
4913
592
1904
2789
4561
3681
639
4027
4971
1549
618
680
158
5124
1264
3026
3906
4715
4338
2209
2959
4120
4368
829
222
4644
1156
2678
105
3273
183
4034
1074
5037
1693
2162
3220
4143
124
2814
5090
256
3220
248
5206
516
3865
2919
1828
877
1422
256
3865
4889
2767
2789
581
135
3949
4102
2832
732
704
135
405
1010
4438
723
4233
1843
527
3375
5157
270
2972
4473
730
4195
632
2344
3631
2949
4746
1337
273
3838
2325
4640
1806
4985
1002
5021
4123
3621
599
183
5364
159
3971
2202
577
2249
4239
3585
3354
4980
1648
4112
2626
1554
386
1599
872
2091
2837
4595
2397
2504
717
4673
4987
3485
4543
859
3224
18
1108
255
2430
3434
594
4739
829
3667
1918
4455
1353
722
5384
3386
3441
3570
4612
3701
1353
4293
5202
1807
1901
4411
5073
2378
2889
1742
526
5029
1114
1140
398
4290
4581
3990
2026
4090
1354
4020
1031
5147
3403
3680
105
3113
3727
1796
1235
3443
606
2980
3450
1622
1503
1552
4306
17
5374
4745
5108
3134
848
2576
2265
5086
2147
1307
1001
1315
4694
5342
1350
5017
1275
958
621
2239
1760
3673
3659
2094
2662
1480
3217
4456
3271
4909
380
2720
3221
4409
5093
5022
1579
4863
5300
262
1864
3975
3529
1518
4640
1052
4249
417
1429
345
2025
2588
3939
4694
3040
1945
1433
2276
3395
4013
5290
4436
1685
4229
4748
1941
928
3741
3349
2166
1973
3324
3396
542
2797
517
2987
5378
2093
3664
3092
1201
2556
2026
3729
1939
4014
3494
2585
5066
3083
1417
5282
163
1091
2376
1002
1377
4376
5337
17
1701
5002
3504
1433
1336
164
1728
2902
609
3598
13
2628
4425
4876
2219
3523
4315
4113
3462
5206
596
730
1556
5017
2200
3265
4862
1133
3331
2961
2102
4256
4362
3662
4021
84
3402
5175
4748
4499
5013
1530
405
754
1467
3013
4885
3265
3681
2093
5116
619
5362
2454
2304
3659
1933
3761
4574
4243
662
3913
2735
2807
1622
297
5152
1603
1751
610
859
1268
4760
5237
1201
5039
575
2202
4123
2296
1302
1346
292
4060
4601
3978
4127
4897
1959
1729
1074
4793
1323
2559
1157
4446
2135
1402
1005
942
4903
1408
3319
3093
866
4444
3076
884
843
3900
2154
864
3839
4884
1798
45
3575
5146
3409
1095
848
4098
943
4225
1866
1814
2987
3352
3309
1743
4123
4246
4081
4445
4791
511
3885
3832
3427
4204
639
4608
1004
5230
1426
877
4935
3563
4380
2888
2884
609
183
2186
124
5154
3494
4453
4673
2377
2841
2981
1577
1867
4408
699
4689
2594
2207
2827
3905
4734
4724
4385
3051
703
4155
3799
2325
4291
1257
261
2062
3888
1551
3955
537
29
1324
1810
2244
2630
401
4763
1093
3504
4717
2789
68
4085
558
3292
4009
705
4246
751
4468
553
3880
5215
3775
248
4278
4090
601
3421
941
139
2488
4289
2579
928
4555
849
1552
355
2487
2881
4479
1738
4458
4501
4938
2296
5146
4130
4926
1860
1089
1023
5225
3161
2264
1752
4900
581
3854
3744
713
1377
3991
2089
2765
4864
491
4377
2927
4572
985
640
1149
180
5085
3471
5230
3729
1222
4778
1114
559
2743
1968
1473
4230
10
3569
4913
2045
5312
120
5082
46
4353
1887
1089
1597
372
18
4874
773
2563
706
1469
5149
1789
998
1643
4604
3158
3824
733
2548
5209
3585
2305
2673
5381
1340
4381
1482
1966
99
2955
247
1840
1273
405
3385
2116
2960
2398
2676
528
3651
5345
3133
1902
1122
1450
1281
1647
4718
945
1501
4657
705
3188
4202
2700
1874
216
4065
4906
4076
1408
2344
3226
3084
5218
2142
4104
398
3667
1778
4575
4597
2875
170
1137
34
3604
3341
1903
1807
5178
2504
1594
3825
2895
261
4679
3741
4427
4066
3954
4970
5361
3085
1478
1500
3295
1243
4891
5065
4490
1932
1895
3910
1501
2481
2422
5136
2632
2627
1431
3246
4904
4943
2463
2173
430
1742
3378
4680
144
2307
1840
2592
2464
2455
885
388
3315
1942
594
1207
362
1481
4504
3012
473
1022
5171
1546
4597
1149
139
3234
2023
1523
3922
1110
3223
1329
1860
3072
4729
2597
1474
1126
5374
4129
3627
3056
4591
4909
4777
1271
4520
2296
2871
4459
4445
1973
5337
3345
2625
5307
4117
4186
4301
1902
1879
2737
4521
4404
1214
4377
2713
4674
2960
3071
5372
1707
2551
778
4741
880
3474
4116
3631
2789
4073
4577
432
733
2143
4324
3542
1263
144
2579
2128
1644
2245
3564
489
1776
3410
575
2787
1550
2772
3339
133
4715
3724
4380
261
3265
3572
3707
1154
853
1108
1111
1858
4404
1774
4967
2760
702
1088
599
770
1333
1753
1226
946
925
532
2366
4827
263
942
1709
4005
1476
2450
2467
1630
135
4100
3667
4937
2556
707
3213
3667
1273
4523
1450
4523
4990
2407
5162
2276
2576
2147
4794
2848
1060
5204
479
1258
2470
4482
330
4076
3260
1937
1757
540
2782
5105
3986
3674
68
2327
1801
1014
2143
2898
2216
1974
3492
4412
685
2803
5025
5238
3440
1136
406
2913
2894
2807
4684
1545
614
556
1456
1792
1313
1810
5170
1808
5196
984
2669
5207
581
603
1619
1801
168
3285
4698
4043
2024
2441
1323
105
257
764
4019
3423
1644
2304
1875
4893
4312
546
3670
4202
1437
3672
1629
2871
5079
872
2467
3223
3238
4698
3436
5201
4548
803
630
600
2028
3954
2214
3121
183
4107
4406
3241
372
5325
5061
1531
4473
981
4230
1543
751
3974
1791
2939
4187
2648
4757
4616
736
883
5137
3837
3346
1710
2090
1093
5253
5353
710
2339
5288
4761
2814
425
200
1426
4612
2302
4681
2450
1590
3057
1132
1980
5208
1823
2765
5160
1085
5041
4117
3601
3264
773
3285
753
5311
3223
4022
3469
2419
4597
5136
4035
3291
4742
1689
1009
1475
3131
999
139
3665
2648
73
1426
5163
1887
2673
3883
4793
2713
3941
2153
859
5001
5161
3408
1398
1253
4470
1272
3573
719
5048
1935
5160
4740
4555
1756
1556
1234
5234
4164
842
4130
1703
1866
1919
4761
1004
741
2884
2485
4129
4775
1815
4814
3904
4456
4951
4034
5012
551
2887
4178
387
3961
3053
2760
4177
859
1348
5229
1794
47
1667
959
4581
2309
2113
4306
1191
4680
4912
2898
4325
1838
1350
796
710
1726
4089
2953
2788
3473
276
1090
2685
2073
5064
524
4512
2462
623
4900
4591
4676
2370
