3462
221
537
4446
4249
4198
3829
1693
4943
3430
1083
2122
3600
2913
4954
4858
4197
462
759
2495
4516
1560
1617
1340
4070
4014
1275
5154
62
2224
3913
599
2727
3223
3240
9
1849
4949
4347
2373
5086
3294
4887
4128
5122
462
4601
4169
1841
1763
1512
1831
5369
390
4147
1974
3915
3091
1036
625
700
1284
2970
1400
2054
2587
507
3524
4277
1927
3606
2180
3667
1698
1049
2377
251
5229
3410
1075
4719
1139
1791
945
2785
1122
3064
4126
722
3268
2307
4109
1947
3664
165
13
1390
2595
1304
5068
4069
3260
2507
3752
217
1668
1361
615
991
4815
1547
4616
583
1208
3285
1596
388
2479
1477
1833
1946
2759
4043
2339
1719
1189
4743
701
1534
1986
1549
2796
475
1821
3679
1327
5075
5153
2450
1843
231
3896
1890
3445
2487
875
5379
1776
4573
2774
3569
4344
4783
3299
2048
2314
5027
720
1158
553
4575
591
268
3618
1322
5049
5175
4520
2298
2908
2314
4207
1231
1132
3246
2795
3494
439
1698
182
1513
3250
5323
5042
4997
3480
678
4466
2045
3602
3667
3300
4315
3161
2795
3833
4214
1790
4674
1227
880
165
1661
5087
1090
3273
2488
764
1701
834
1901
1895
1570
703
3246
170
918
1259
118
1327
2758
2243
3557
2343
5300
3246
951
4197
2994
1253
4009
4013
2068
4521
2918
5022
4403
2841
5319
2960
1119
10
3350
1302
2570
3949
4169
2564
1710
1198
1745
2398
557
4180
2531
4009
42
5300
388
1361
989
5014
943
216
2302
2875
5079
880
2742
1796
177
1701
5172
4681
5306
611
1583
876
4291
3058
60
5212
4315
3941
1664
3773
1920
162
950
1004
5339
3641
3638
4848
417
3527
4566
1199
3913
3441
2918
2774
1191
2598
4343
3912
4482
5084
3278
1235
1949
776
3665
1631
1623
4640
2007
1905
1664
944
4863
3293
4271
1628
5039
947
4475
1430
326
1108
144
4762
4147
635
707
515
3343
2305
4687
4838
1653
4744
466
3476
3772
2706
1425
969
4837
964
3112
3065
2480
1026
1481
2479
3084
733
2369
3227
3053
2827
5394
3066
3050
561
340
3223
2539
4775
1859
3626
1667
68
4585
2745
4522
2358
4398
3063
5301
1214
210
4472
4106
4324
969
3360
136
4787
3882
4916
1445
2379
4366
329
689
1905
2653
2879
52
2596
4412
4911
5229
777
1691
4245
5352
2963
4633
1937
5016
2743
2760
147
1772
2407
4591
3776
1515
4267
5176
4111
3977
771
480
61
2735
2343
3728
1759
3409
3074
702
4180
1924
761
402
398
551
3887
3799
754
1432
5363
4353
3292
401
1931
1543
2342
2466
1354
415
1606
2261
2782
1113
2632
3707
3350
3662
479
2093
2729
1304
451
3528
2872
4105
3523
4222
338
1778
3449
5369
940
4202
5290
118
458
2577
2826
3618
5153
670
670
5221
1076
3695
1831
2788
3566
295
4761
82
3687
1793
2548
5292
1270
1399
593
5021
529
2940
2111
673
2880
4067
1328
1426
4255
4719
635
2076
3261
3988
4375
4290
1319
3811
4763
3161
397
4640
4416
3309
2078
4791
1866
702
3238
1556
283
5031
4955
5342
494
1561
3210
1598
4128
4497
2224
1438
5189
2760
4791
1752
2066
4521
4376
3779
2745
4980
736
2608
21
2502
5092
5310
4890
3988
1933
724
1740
265
724
4363
1943
1442
1420
2136
2343
2539
577
284
5234
1249
4388
55
1177
4715
1028
777
399
4815
4830
2091
2469
3444
4138
1844
1760
3991
2797
2282
5378
2915
3823
1467
1860
3973
5244
3235
4695
5374
2261
2489
3158
1095
5171
1821
2147
4599
5307
2078
4027
2052
2216
4368
1437
1177
2826
1193
5053
2906
697
1187
3220
2166
4239
375
430
3437
3636
3766
4543
4725
446
4248
3026
1154
4847
854
3227
2256
295
4901
2201
1353
135
2684
1266
1751
4483
4573
1810
967
2200
3885
3463
231
3406
5345
3639
5015
5024
3635
2686
4988
2576
5022
3974
3464
645
866
3249
2604
1271
2318
1268
2999
3211
1730
4569
4864
1606
1826
48
568
3416
4747
3627
5202
3581
3720
3294
3346
402
1679
3242
1184
2754
3429
1090
4330
4176
4248
5070
2214
4127
400
4480
5338
1764
4838
888
1327
2214
5003
2856
656
2224
685
1793
264
60
216
3446
2588
2116
596
1892
4608
2468
3556
3106
1494
4725
1122
2305
1045
656
2794
2514
1328
5135
877
2796
723
362
1742
4657
4748
3907
3309
231
1535
2676
5317
1823
2114
3004
4688
4492
2926
5394
4916
1968
4595
706
2129
1932
4885
2913
1208
1201
5014
2370
4848
680
1250
3606
69
2734
4939
2263
3963
18
2109
3187
4719
2554
3665
2941
2922
3058
91
250
761
1310
3338
2430
2558
4145
3544
4534
5186
3523
3094
2600
2188
5175
3367
434
2370
4687
3973
1804
1149
5019
5175
3363
2264
414
1423
2142
3352
1519
2296
1773
1694
5096
5244
3474
4251
3441
1469
1653
4575
2727
1842
1919
1838
1095
3343
1901
2674
2797
2064
2081
3772
4352
1921
681
142
3772
2576
945
579
2869
3494
2423
3118
1154
4577
4012
2295
926
2598
413
980
1722
3549
1193
4856
3453
4840
1922
2788
4752
1043
2741
1859
2129
3299
3833
2162
713
2418
4033
1928
3838
2383
99
3538
1242
3093
3222
3546
708
2905
3035
2122
2645
952
1922
4903
486
3910
2475
3679
603
1001
4469
722
1566
1710
3986
3004
1481
4112
170
1710
2164
387
3829
4761
2415
2788
295
4438
1592
297
562
4080
164
3009
2107
3084
992
1479
478
1293
2256
5217
4656
1252
1195
2857
151
5042
3563
1399
1016
5051
4457
1214
4088
4967
4401
52
2434
1280
4067
4245
642
2371
1009
2507
4459
834
3299
4388
1730
864
2376
2808
856
5019
3988
3789
720
2625
1779
4121
1736
4523
3307
4697
1523
4578
1265
2932
3113
4990
4854
2464
4383
4680
4714
4825
3396
4566
4920
871
3557
2489
2667
231
1523
2645
984
4125
2082
4936
2549
4875
1759
5048
1772
5157
5212
3397
458
579
2795
1790
2027
1152
876
966
4423
272
3242
1710
4791
416
1476
1595
4116
3124
398
296
705
3035
3250
2249
3637
1719
3991
284
100
4385
5072
486
4069
373
1627
945
1346
5042
4573
1407
4755
5085
1383
770
3553
1052
4471
1399
4016
3600
3575
3990
2073
3556
2676
3124
3856
4801
1758
1092
551
3307
430
907
4435
1267
1805
2815
4405
1437
2685
2987
3855
1776
1987
4064
5184
2112
4515
1087
2179
2720
4070
3236
2397
1947
1784
996
4469
1361
3466
1520
2256
1790
1943
1479
405
4222
1557
3952
1431
3855
13
1281
2434
1456
1534
5051
2901
4358
5337
4153
1423
2184
1755
4867
1942
1921
1629
3673
2314
1754
4320
3412
5114
1953
1346
4581
3990
734
3014
5121
3429
3152
4862
5097
3760
5299
5065
4272
1114
1434
4692
2719
2177
2503
5154
1963
1478
5037
4891
2309
3722
1395
1418
2880
3342
2451
1324
1837
2281
1007
1033
4739
5031
1730
2245
2678
3239
3896
1221
5394
2454
689
4596
2419
1870
5363
1407
355
1351
5317
28
1670
3766
4244
432
2972
1293
3264
2023
13
3753
425
3816
4331
5108
2415
4105
1266
3449
577
3184
1282
473
1792
4289
4251
738
4144
3966
1029
4604
4923
1685
3071
4819
106
1442
1502
4016
1231
2207
2028
166
1007
3573
4715
1189
4743
2390
2729
551
5049
1266
2539
2201
1816
642
4920
1426
5206
4466
1268
3267
1776
4154
124
5215
3567
2216
3222
3820
2807
1289
3802
943
3908
2576
1681
3922
57
4724
4888
3707
3011
2257
4652
1543
4391
3657
4752
1936
2712
4694
4777
4146
1539
2469
4520
2312
2734
1811
4953
4839
2069
1626
952
5050
880
3048
4746
5088
5079
4916
3455
5222
349
3293
1323
555
876
792
2531
1668
5163
4149
1851
4757
2113
1502
3779
1919
5087
983
1708
1161
959
2173
383
1802
5011
1005
3621
2760
5073
2307
4965
4415
4569
2931
4761
4427
4255
1847
2585
885
3480
3157
1493
5088
3273
5216
2782
3468
3555
1335
1045
120
5166
3449
4986
3777
563
2859
3443
5137
159
1519
876
515
5062
4893
1869
3436
2047
2432
681
5218
2305
5072
3850
2835
4986
1966
1838
4964
1631
1935
340
2949
5016
4889
3215
553
1498
417
4150
1547
829
3475
2980
1111
2729
4815
108
5062
206
2894
2507
4685
4223
4555
843
4803
561
3306
1452
4888
1202
1235
3120
4229
4427
167
417
108
854
5107
4733
428
707
3215
3071
1547
2833
4315
2587
784
5189
5379
4225
689
1160
967
1597
2915
2162
207
4515
2514
4388
2240
1925
2261
1802
3267
407
4910
4970
1451
563
3253
1442
3355
5181
3301
3604
2475
4719
3546
4656
2878
17
1592
1180
1592
3855
1519
961
4706
5351
4848
377
3561
4204
2994
4474
1775
4040
2026
3221
4249
1487
339
5038
2848
471
2936
2430
2475
3564
4482
2383
2600
958
5021
4445
3218
1004
1857
58
4132
730
1760
2888
4644
1934
3557
543
2847
2473
2584
906
1905
3907
708
1802
3010
4754
4596
1123
3129
3720
4988
2468
2865
1908
5093
3722
1567
4903
4593
1643
1738
5136
5119
3160
3481
603
3958
4228
4178
2469
4733
685
770
55
2546
2369
1354
466
2295
4143
59
4832
4381
2147
1852
4690
1857
1437
1136
1746
118
4184
1031
1360
5083
1302
599
4415
158
5217
1022
4050
3241
2163
4291
4770
3586
968
474
3839
5078
375
261
4678
5173
1928
2547
700
1229
3473
4953
1494
2643
2883
1693
959
2865
4564
374
4183
4559
3341
3411
1658
439
1136
4910
4427
3448
2495
4456
2296
3504
4065
3295
149
1270
2656
5364
5178
4755
1265
2658
1159
345
4198
102
4770
5325
4132
4955
340
1479
3291
3354
185
2503
4527
2144
212
3636
4059
2340
5042
2026
168
1727
4562
3983
1523
2176
4100
5247
2047
2807
68
3161
1993
4752
3053
3759
4638
3789
921
4155
5157
3551
4553
3260
5237
4838
1273
1599
1812
903
4596
3363
4864
5300
1252
1328
969
1397
4935
4900
2945
633
1432
806
3773
3816
1928
858
1616
1457
2837
5384
1921
4352
2430
1491
2789
753
204
1520
4950
4207
2925
2906
2647
1746
701
351
1399
3626
1020
5160
4012
5106
708
136
614
773
3948
477
2878
4383
5122
871
361
5369
5340
2856
1480
2697
2296
1269
2797
5376
4581
387
3212
3760
3600
1722
3983
4474
2223
283
2083
2906
4880
3480
4437
4576
196
2915
3541
1319
4468
330
3168
2114
2908
1244
3789
1408
5304
3550
3221
2761
4139
2257
1579
257
2219
3067
4741
5235
5349
2215
1695
5353
1031
946
3294
4521
5037
1966
576
4678
1180
4047
4557
2087
4186
4124
1814
1229
3728
157
346
4294
1491
5083
3990
4070
1720
500
2648
2211
4013
3912
4486
669
583
1552
4271
4681
5114
1435
3248
2051
2691
2370
2722
2155
1653
4312
942
1808
4208
5005
5385
400
3572
4690
1182
619
2019
1252
3481
5049
2772
3528
2745
3497
4890
1224
4689
3445
2447
3631
677
3376
2766
4377
1031
4169
4776
2632
1566
2761
2805
1322
334
2671
344
4777
2552
1516
1741
584
166
4109
1840
478
3441
2143
3556
5049
4990
1136
3991
4980
2139
4673
3761
2734
4130
1501
588
4012
2914
3774
1275
4293
386
1992
2448
682
3442
582
1708
3058
3533
2366
4862
2422
3823
3421
4020
4846
3131
191
2064
4113
3202
4245
2932
2611
2376
1767
4988
2489
3160
1055
1801
639
1894
925
346
2507
4576
3431
1759
4711
4908
3385
5014
1093
2082
3728
3443
2500
1643
2240
2507
4097
3993
15
3255
1232
2188
2466
354
123
1663
4890
2619
1470
3708
229
2201
5021
1423
16
5021
4224
207
2595
2143
5300
4631
1631
210
2415
3558
580
946
1899
1953
4475
3990
4012
2409
1487
3354
3828
4268
4549
3705
906
4177
3678
103
918
2188
3633
3427
3573
4091
101
2077
4941
4366
1763
4305
2509
3250
2994
2939
5088
2558
2587
2081
563
3355
4075
2999
2645
1034
4520
1045
3226
910
866
573
648
5031
2245
3630
2683
2890
1704
4122
3129
989
2947
4552
701
4127
4739
1876
5146
576
2028
4920
734
1452
2166
5385
4122
1776
3246
2700
1371
2761
2045
2878
4234
4401
4132
2045
961
4404
2903
3651
3471
4239
430
185
5281
2343
388
1961
1794
1547
2559
229
3640
4892
1083
575
18
2865
2713
3095
1376
1691
991
3409
2419
1859
2142
2611
4951
1773
5085
1949
4802
1763
1723
1055
2128
18
4885
1736
4860
3559
21
4240
170
4383
190
197
2735
1281
602
2658
1922
3309
3747
2758
1395
4391
1541
4830
4032
526
3706
210
4016
2372
4471
1917
1534
1643
1031
2906
5181
1189
1348
677
5340
5178
344
4382
1321
5053
3092
1189
3492
5082
1780
2594
3356
3770
2175
3410
3427
1207
3309
1917
4716
2316
1933
1789
1122
4472
2728
3211
5090
144
5057
1603
3529
3348
3188
5225
3213
3811
1317
225
2432
2377
479
3293
3306
2673
1371
1005
4132
2022
2376
3087
4490
3420
1638
1184
1726
1963
1044
2658
724
2775
5337
552
4127
849
3351
2883
1080
3446
558
4122
1464
2922
987
3777
4132
952
2902
3912
636
3990
1351
2465
2398
2592
4506
1427
4783
3339
542
3341
2884
3493
3470
2460
2973
249
1887
2398
2700
4120
3595
673
1475
3113
2878
1482
4136
2446
2981
4903
584
3345
335
2019
3358
184
2305
1541
3523
4466
2895
1336
2890
4505
3082
2591
3013
561
639
361
941
551
602
2879
2257
4437
3922
2707
5049
3037
4971
5203
4993
1905
2346
670
3078
2062
744
998
2473
2377
2889
723
530
803
256
2712
803
1693
2712
3223
5070
3679
1515
658
1870
3121
3302
673
2372
4775
99
420
4205
5027
1094
722
2978
4358
3082
1537
1622
1626
1161
4562
82
3038
266
4714
1875
3057
1845
2052
4877
1852
3627
3766
3476
3238
1184
1074
3823
2597
1781
3903
2973
2373
4573
621
656
712
2842
3082
1719
3234
4490
4584
185
4021
489
248
2546
2500
4967
4916
44
4040
2454
3551
404
2826
278
256
3978
4636
639
2805
4644
1942
4492
4787
3365
4224
3943
4997
3469
685
1352
4156
1501
4268
737
2340
4036
4850
2466
3264
4111
1499
1942
4949
3619
4813
4719
3720
4577
3012
3708
4502
2076
1788
2802
415
658
149
4559
1993
3598
982
4401
2316
1085
1722
1402
2806
1195
2761
3113
1347
2051
16
9
3471
3364
4132
156
2559
1350
806
480
4408
2487
596
3431
3597
493
1090
1974
3997
5342
1358
886
3216
2580
3113
3162
4075
4278
1987
724
4953
4435
3271
3656
3450
5288
708
1940
1321
1001
4264
4561
4270
3154
1899
4713
383
4380
10
5266
1546
4688
1232
1806
4438
2340
3955
2481
47
1576
3408
1622
3990
1940
2186
872
1016
3860
626
2674
530
751
4143
379
1113
4574
3905
4849
1644
5361
1091
1154
2746
3856
4453
588
636
421
3400
1208
3575
1803
938
33
2374
2339
5000
1787
4021
1963
4839
1974
1777
5092
1519
146
1860
1737
1470
1302
2422
2942
688
2391
706
1838
316
1400
3820
3887
2869
4225
5062
646
1775
673
283
677
4657
1615
733
719
3531
2924
4185
4032
4224
985
3903
4785
1088
1376
141
1014
4900
1922
4050
2136
4954
582
3758
2282
5075
4683
1180
1616
3976
3363
5077
4456
426
4081
3210
1433
3854
983
3738
2411
5093
3273
2805
3441
3353
334
1397
375
4409
2577
3657
1935
262
2297
439
1535
3221
2333
5211
2857
3282
2871
5116
88
248
2895
2199
4873
1482
358
2890
1756
3343
1531
4017
3837
3062
2139
5124
4036
5281
3531
2207
958
4680
3110
3249
5339
4344
1762
2932
3040
1974
4516
3829
3241
2771
3036
4104
4612
3471
2745
2539
4685
17
1431
3305
4592
1537
4098
46
5382
1805
4278
2159
805
1132
1887
2302
2545
573
737
211
4604
105
2218
3575
5278
1240
2179
4553
5013
3351
1626
3728
671
2264
4073
4237
4126
17
4801
618
1371
3213
1193
4943
1932
4116
806
1667
4911
1321
5211
4797
1123
1936
761
3134
3124
1549
4092
5068
3396
952
1250
2795
462
413
1805
3076
102
634
2974
196
3915
1142
1974
4139
1923
1762
1704
1499
570
5221
2913
3524
4246
2203
2155
3564
3463
5065
4887
3455
1596
4457
570
2315
4910
2032
1920
1293
167
1087
5124
5339
924
3741
2316
1243
3236
3443
4486
624
1092
3775
3121
2468
1482
4031
4490
371
4757
3378
1445
3035
4860
4891
4276
4574
214
4582
400
5207
4652
2314
4779
3140
5209
200
2430
4522
4511
3365
2215
429
2468
1229
3720
4437
3633
255
2923
2767
4291
541
3331
1644
3083
3922
3009
3299
4171
1691
387
3106
3549
5147
3536
2124
355
1626
2967
4356
278
223
689
3082
3802
2135
2999
5176
3536
2745
2083
1879
1530
112
2430
685
7
3365
5084
4920
2163
29
3269
5121
556
4507
2246
4525
645
2202
592
4049
3620
4735
429
4524
4077
2880
1810
2551
124
4225
1665
213
4382
778
3466
3215
3448
609
3245
1665
5344
2448
5013
1779
5176
4381
2129
2502
123
2745
2024
1778
3112
5372
91
5363
4608
404
2479
4608
704
4374
4949
1595
2691
486
4068
2815
4907
2772
4499
1622
4849
1711
2878
3078
4786
3093
3957
2155
624
404
841
563
3595
4584
1119
2684
1429
2743
1761
4249
4415
3889
4761
640
886
179
4250
2936
470
4237
3315
1138
59
2719
3634
3947
3641
5343
3423
1924
2949
619
433
1244
376
