1085
4122
193
3635
261
4107
4740
2981
3292
3637
354
1281
3572
3823
4936
4068
3987
3687
5369
2373
1347
2314
3134
1119
4031
0
1534
3317
982
1094
1953
337
2890
1972
62
2495
1967
1091
5044
2654
739
1090
1028
1766
356
2587
2592
2939
4864
406
621
441
185
1556
4418
2884
4375
3452
1876
2184
805
4992
1457
4677
1949
1756
1619
1020
3267
3135
2199
101
1326
5376
147
3633
2907
2872
2083
3546
354
5005
414
3184
1546
2789
3317
4465
3129
3000
740
2105
2683
4970
1952
3673
510
4017
3292
599
3412
3753
4198
2244
4892
4301
4285
2748
5230
1137
730
5216
2327
674
588
5306
4248
5196
1598
3856
4294
2697
3365
3367
5038
1432
4298
207
4032
1433
2232
153
689
1767
1623
2904
1709
5218
5157
1420
5040
3439
2620
2735
2274
1377
5051
4097
4715
4954
3946
5203
1005
3865
4552
1418
5057
2051
4124
3908
4591
2218
3346
1921
3572
2358
351
2802
888
952
3365
2142
1479
2597
1009
3992
4445
4027
4760
4031
563
3014
1852
5075
4264
4458
980
1333
3634
2604
1739
4474
3937
3021
3402
5369
3720
4116
1822
1711
5077
4547
2974
451
2128
156
1959
4740
3012
2555
575
907
2339
1003
4180
4524
1993
3053
3423
2391
5070
197
1778
952
4631
3880
5173
4971
4694
633
552
3188
3528
1763
91
4676
5388
33
2722
4344
4934
4474
1534
1577
4388
3135
2315
4113
3466
2454
981
1376
5162
3134
1992
986
1539
4575
1683
1761
375
46
5195
2677
990
2880
1964
1934
2918
354
3561
4179
1531
2217
2659
2063
1155
273
871
3133
5127
4907
451
3212
3453
1260
358
719
3776
2915
3659
4311
3899
952
2423
2959
4406
2548
1792
4774
2683
2045
124
4276
1558
3480
878
2209
1890
677
3263
3235
2745
217
1166
4521
3988
380
5046
4468
1114
1310
211
4241
1680
4921
1682
3743
1798
5221
4324
3020
1902
2737
2727
1552
3659
2721
592
579
2668
5325
3349
1265
4126
4313
1254
684
469
1119
2460
2725
111
685
337
2796
1284
552
4581
1398
2419
556
1904
3302
2460
4830
472
1829
2304
3906
2685
3559
1647
2580
4277
5025
555
3157
2853
3245
1974
2531
2919
4397
3342
2655
2632
1329
1530
4774
427
3773
1189
4155
4862
4388
4338
3278
1790
796
1686
5078
5205
3531
210
4343
3825
1093
413
3956
4991
1257
5017
2979
5072
3976
2024
1465
3418
834
4564
849
1268
1462
4242
708
4939
3291
796
876
2576
2939
2420
1723
4056
433
1766
1831
1583
4725
1935
3227
372
3956
2893
3447
3744
4880
167
4412
100
2217
2332
5323
5340
1136
1327
1616
2626
3307
736
2263
3992
5372
2159
3576
2246
2552
3865
140
3915
1807
4427
1952
162
1930
2658
5222
4469
3075
5091
2910
4381
4512
5037
168
3241
3823
3665
4769
5266
2857
2342
1537
2674
5173
2595
1328
6
1095
1390
1935
1348
507
5085
1200
3495
1076
4184
1402
3063
4268
2663
2104
2817
2559
3348
2216
61
961
2552
2816
1974
4459
5106
1279
3476
4222
1350
2252
3493
2464
2552
1110
4599
1790
1939
2841
297
4185
1069
4204
2914
4040
182
1242
5362
4125
2716
1240
2366
1233
4397
2802
4575
3937
194
2585
733
3752
4107
5087
2761
3443
3347
4790
1479
278
4291
471
1350
2554
5311
4848
165
3727
4658
387
4936
1264
106
1044
2898
1315
1416
1060
764
522
1992
577
3120
1406
3248
3830
1599
2743
524
3837
1435
4993
3295
3330
4214
4584
3249
527
1243
5360
2458
834
4184
3957
3915
3667
3887
1451
2201
147
5363
1221
4068
1759
2807
153
1788
4757
1773
1771
3050
596
4989
3076
994
121
5012
2211
4523
2377
1840
2596
1662
4376
1195
4892
1707
354
1851
310
4226
4116
390
3303
3416
1198
3158
4598
1406
1240
3343
2104
759
4146
515
974
1400
2546
523
2184
1518
1005
3307
4119
28
1491
5022
1974
5091
1631
4495
3322
2737
4734
3411
2315
4968
710
5311
2187
3775
3365
5040
4444
2078
3306
166
3659
3430
3672
2580
2305
1600
1346
210
4238
947
3293
2185
4514
1222
958
1767
2774
2919
5339
3318
875
4496
2375
4059
566
229
4631
3493
1974
1438
753
740
3388
2758
4524
4014
3397
4888
4068
4557
4066
1930
2924
2627
3331
1534
1598
4588
3324
2021
751
5085
3690
1235
4760
3948
2374
744
751
2701
2478
4739
3888
5344
5099
54
56
2929
3050
764
2830
5360
5181
5002
3993
4149
3549
2740
2609
2619
764
2738
4412
751
3159
1987
1826
2112
3555
3600
4833
1788
1661
4472
4548
5046
573
3085
358
1249
3553
3171
3418
23
5195
857
2379
5328
3021
4968
4516
1768
2940
1601
3268
3651
5137
4501
1142
1120
3212
1879
144
2715
562
3128
3896
68
2911
4470
47
4326
1127
4427
4514
1526
1561
4733
2743
1225
5378
4715
2343
5043
2154
191
2087
679
2450
2701
1692
3554
4891
4724
3317
919
445
2079
4214
547
4387
3241
4343
2066
249
1161
5353
3466
4991
4907
2410
3939
2410
4133
4769
2326
5004
4875
4367
4582
1132
2585
4153
2135
3575
1415
3838
1443
1425
5300
1290
5093
3777
4066
1928
2277
1115
736
400
3418
3130
204
250
584
3301
3317
3820
2484
633
4385
3347
1680
3626
577
4837
2684
5376
5047
2922
3431
3246
2643
1546
3402
1264
1606
4382
4515
2339
3531
5014
582
3824
434
2927
1469
18
3688
4381
149
3433
3453
3440
3987
4778
2827
3947
1770
2945
640
2142
2025
942
4909
920
1465
3221
5360
4468
3435
15
5336
4636
1926
1513
570
4244
611
5300
3728
2545
3119
2879
1821
112
491
3065
3670
4124
3789
397
3747
4677
4756
2684
3335
1777
3670
4874
2529
566
903
579
4521
1034
3043
165
987
3706
52
1109
3349
3403
1816
4124
4718
4423
4611
52
1593
1519
4913
510
4089
1762
4031
3440
269
3004
4119
1599
1530
1781
1182
2977
4826
2199
525
5181
2116
1028
4854
3662
3082
2698
4716
2796
973
1191
23
3396
2141
1648
1843
1788
1105
2064
2871
4272
4112
1829
5061
2764
1395
1828
3363
2859
5238
1284
3602
4214
4527
1583
3562
1928
4855
231
558
256
3076
1774
2539
1992
1922
426
2787
685
2774
1800
713
5213
1644
4415
401
1601
2488
4745
112
3830
1550
1438
5136
2433
1477
1427
1128
4838
2838
1480
374
641
4034
1581
796
2078
2021
4246
1761
5229
3363
2420
678
2419
2094
1781
165
2214
2556
5327
3770
4225
1639
1224
2185
3420
4581
2941
4470
2741
4588
3906
2159
3302
4100
3741
3419
1810
3462
2945
2378
3221
472
982
397
1242
4065
2054
4127
2827
2136
4113
945
1085
2598
1980
4567
841
168
376
3043
3140
1003
331
2025
3559
1828
2626
1534
3627
358
4786
738
910
2240
2179
3893
4725
4941
4594
2420
1533
3648
107
4677
183
888
1894
1074
3349
1094
682
2470
1556
4007
2186
1930
3542
3856
4133
1867
2304
3639
2366
4331
4112
2145
3322
4475
1947
4848
591
1902
1230
4656
204
1328
2390
1408
3220
1322
3737
4642
648
1371
3004
427
4591
4909
888
325
5040
3900
2383
2007
1328
3770
4237
4223
5095
2685
140
4687
4856
4499
5016
4385
1869
2550
585
4264
4839
3445
446
4695
2853
153
5336
4247
985
1088
1339
3977
121
1223
1960
880
3889
3769
4067
3463
4785
4177
3778
3303
2922
4855
3307
2671
4729
3756
3211
5014
1837
2576
4522
3240
3747
2199
5043
5184
1115
2135
1088
2557
1786
4368
3672
1518
4314
2921
1829
779
803
1348
1942
5175
3242
2377
2621
2655
374
2023
4391
2897
1475
1630
991
1589
1839
2584
4480
2489
1707
2563
295
4067
2054
5382
3210
999
1224
555
2967
1052
358
673
2269
2333
2102
744
401
5070
5364
222
2374
3411
2685
3897
2958
2455
4717
634
3587
4068
359
3294
467
886
1600
907
2199
3441
532
404
4169
4716
2759
87
547
3036
3308
4311
28
3527
5087
4240
5040
1282
3774
1732
1607
430
671
4762
876
5122
1648
2545
1094
1473
1293
46
4875
3595
2446
2079
3943
5278
707
1887
3226
1200
402
2449
4049
4129
1647
1226
3315
4572
3239
784
952
1479
2827
2808
4149
4184
3975
4544
2240
3678
3445
4863
3860
4633
2903
4993
87
2465
4129
29
1122
737
4027
1411
358
3152
1177
677
941
759
4382
3531
5027
1516
1530
3023
4401
618
5379
1773
1529
2577
3902
3952
1802
4036
3903
1602
1235
5040
5157
4082
930
2456
88
5024
4207
5076
3140
4083
2920
4347
2743
1257
400
123
3864
1561
1074
1708
5344
573
2164
662
3549
2256
1530
4099
1758
4522
5353
5323
338
3941
2326
3971
4125
2841
71
3110
2718
2967
2594
4735
4598
4993
4100
4285
5186
4652
271
2772
2719
4863
2595
4375
5002
3786
3070
1691
805
3013
3058
1755
4016
4358
1719
3770
2874
387
2578
4955
858
2056
1710
4836
4559
1895
1533
2318
1531
3695
1589
3020
310
432
2627
2853
1280
1137
4019
3789
1315
1327
2361
2372
964
2740
770
5177
3240
4076
2460
3267
1796
3636
469
488
2045
4284
2953
971
272
1415
5282
4184
951
3401
2595
2827
2653
2740
2557
4964
1690
1443
138
3943
4657
540
711
4019
528
330
3278
2842
4801
1736
1360
1689
849
4862
142
2871
4077
4338
4546
3619
4049
2091
4229
44
2328
4474
992
730
1397
1753
140
5384
54
3011
3885
2470
105
580
3725
4109
4090
3883
4375
523
2599
1602
2066
4479
1280
733
1661
2647
1423
2339
1627
3135
3634
1482
1539
541
1759
4877
4365
556
926
3975
3905
5071
3224
2507
3385
3912
2333
2716
3602
1928
4506
1780
599
3422
3529
3116
4031
2980
3724
1770
4245
5004
2611
1160
849
1477
4147
2958
1926
2219
5046
4099
2741
2102
4769
1822
4582
3412
3465
706
5215
1290
3355
3433
5037
3743
2655
2176
3922
2364
4256
136
2062
2063
3083
340
4241
2559
346
1992
5065
921
5373
1794
3431
4324
3263
3159
2179
843
1370
3255
2576
1966
2430
4614
214
2302
5083
3901
3797
3631
2619
4298
1710
1407
2587
15
1279
3431
2960
2559
2420
3235
4470
5221
2202
600
3986
1429
231
4092
2069
4778
1808
345
2113
4935
4126
3786
5394
475
4223
1594
1815
1224
3388
732
1159
2277
1152
2210
2980
4501
4937
2451
3187
5079
5306
4986
1180
516
4779
738
1988
2107
3990
681
3330
602
2342
1558
796
3324
2441
1987
1226
1163
1360
4907
2504
1281
2117
4792
4606
5184
214
2468
2722
1478
1225
68
3727
588
3633
5306
1226
2558
4725
1498
3837
5086
4017
138
1665
2787
1927
354
770
2072
3829
1491
1120
2808
4077
255
4136
2772
1163
3475
5038
4936
1780
91
3094
1249
560
3551
4171
5229
3600
751
3053
4366
5073
4516
5098
45
2664
1732
3235
268
5149
4525
149
924
4107
849
4214
5290
3832
4597
4132
4469
4121
1560
1680
1737
166
4953
1348
3651
3902
2074
4924
4691
1184
2274
2761
4152
433
2503
1806
1683
2291
5181
2207
4245
4776
4180
1028
3552
5047
3130
2920
1416
2785
1091
4584
1254
2024
689
1919
1351
2143
4270
770
4502
3320
5170
3014
4981
4718
3220
1606
2295
1556
5206
2921
2263
3766
1189
2927
3799
2367
964
1253
2020
2897
4892
4614
474
2252
1838
585
3215
2066
4688
2713
3214
602
426
270
5238
4043
5310
4856
1304
147
2940
709
719
5201
4129
4904
779
1091
2421
1879
991
4142
4404
276
4091
3466
3556
1874
2903
3504
1801
974
2738
1918
5137
1799
704
2027
3341
858
3350
3351
5319
2945
2458
634
2313
2563
1302
4682
1180
771
359
3963
1749
5108
2994
3651
405
4144
2052
2863
1444
523
2415
1661
1730
1592
1093
3662
611
1653
3752
2886
3883
926
2373
2643
4243
358
740
5184
591
3072
1076
3578
3769
489
4814
2931
618
4914
33
3134
3162
876
117
4733
4910
2147
4478
4698
2608
3359
4679
591
524
4673
426
1159
1736
3541
4084
3778
1804
1836
1787
256
1908
4391
681
3420
522
967
2276
601
4583
5291
4081
5121
1917
2608
926
621
4522
2648
3306
1233
5317
2804
1844
5394
2064
2893
4289
1986
3007
701
3992
1517
362
2654
4691
3292
1122
5288
2895
2555
1514
3948
2110
4117
4679
5025
1418
5376
952
2469
5184
1634
2240
1845
120
2073
2919
2578
4990
2970
2620
1919
1337
1093
250
779
278
100
1552
2155
3342
1315
4179
264
2448
4989
611
4828
3787
1503
4119
1808
561
3893
5045
5307
3112
5301
5019
1966
1993
4745
1049
9
3578
476
561
44
5106
4398
3888
2375
1786
2153
3360
4084
4150
4367
2630
841
1074
587
1794
2980
4083
4243
4913
3078
3359
1728
2325
4245
2342
2947
400
157
334
3963
1315
3350
1226
3895
3217
2805
47
4832
4967
4293
3884
400
730
2164
2758
1867
5024
614
1189
738
3420
2611
2180
1763
1235
4815
4276
1491
1264
883
1159
3214
1874
2216
673
4848
4314
1708
4116
4948
4111
1788
1720
1600
1952
3585
1772
1923
3295
4772
5291
2841
3066
3618
1695
4517
1478
2884
3705
1482
106
5227
327
3596
1202
1816
1773
708
5238
4134
3380
1092
1667
1427
4092
4164
4923
2713
5385
4077
2215
146
135
124
4134
2215
4938
5290
1583
3053
5031
421
5086
1831
779
5353
1780
214
4559
1085
3532
3294
4640
2479
4313
3695
941
4755
3338
346
4673
117
1343
1474
1515
4494
5352
5115
3952
4249
2857
4044
1230
3076
355
1690
3385
5073
285
5120
663
4896
2782
5096
1469
4145
2093
2981
1745
4601
2064
3316
1691
2685
5013
2591
4128
469
739
907
3437
2206
10
584
4800
4706
4970
3218
4096
3344
4578
4644
5088
4313
636
2257
3737
884
906
4717
1279
3236
4525
5080
2987
1317
3884
3299
278
159
2721
3566
1014
4470
4377
3300
981
1280
3140
1923
2921
1123
2859
2836
144
2833
1352
3439
2920
1619
1892
2718
1777
1928
3504
2021
2885
2919
3291
3771
1595
1723
3566
1254
964
106
3267
16
34
1824
1136
3071
3084
5363
5352
4783
467
4864
165
2243
19
5301
4950
2897
2668
4746
4247
5160
528
3439
5336
974
2490
4516
1003
3400
1763
1429
120
3040
1462
964
577
4132
2947
4033
3349
5170
4856
2470
721
19
4904
5281
3556
3903
2806
4514
2900
2701
3091
3360
2377
1128
315
3441
462
1421
3825
930
925
4949
5290
4888
679
1720
541
1579
3596
1513
2806
2052
1315
906
5377
1227
1473
3434
2304
4128
4099
4887
4696
94
3026
4692
924
1592
3067
2871
3445
5384
3299
1935
4936
4106
1489
581
2186
2885
4715
2982
1935
1244
1327
1243
4544
2074
414
1432
402
1370
183
1653
761
2077
5077
3475
4574
2281
1765
99
2206
4455
374
2979
941
3436
3576
2904
1425
3596
2912
744
2556
441
4735
2087
3451
4824
5208
1245
269
684
3597
2599
2022
5342
5070
2482
1074
1402
3315
1450
4915
2776
1603
640
4223
297
3738
1627
4471
1751
2136
4438
4425
2021
720
1180
3886
876
4991
880
5135
3324
2647
5099
3358
1119
212
470
3444
3123
167
15
3402
3670
4313
60
1518
2273
2759
3318
579
1467
3774
4921
1361
4315
551
4696
2074
4941
4302
961
1630
3443
2069
5083
770
4543
3079
3079
4652
3465
4486
2564
2464
34
2281
2847
18
4237
2469
588
3011
3106
1894
3635
2430
2556
120
1258
4347
4516
428
4749
2472
3966
47
1147
2909
3787
2048
5153
1894
1541
4752
603
3418
5015
3162
4738
3886
1497
579
1768
5127
3011
3428
2080
4608
2960
1874
285
2313
5115
3282
920
1091
5107
4747
3092
1293
1222
1594
1968
858
4455
3431
3524
2441
310
4748
1222
4306
3118
4562
426
645
9
653
4405
1877
3743
4423
1554
2720
138
3883
3690
3553
1339
3690
2974
4154
3527
1584
2379
5065
1661
157
3755
2198
3455
1406
973
3923
4552
1755
1347
587
4088
1155
3854
5031
556
2919
1901
2596
1938
4470
3119
4555
2177
489
1761
3572
3271
493
712
1358
663
1329
1601
4939
4683
1004
3056
2314
944
3678
3564
1680
5122
4599
2741
803
1437
4938
433
4858
4150
1953
340
4553
136
2941
4675
4320
496
1416
1600
163
1685
402
149
944
3636
1804
4176
1941
2198
4479
440
4912
5012
3641
5080
1865
1993
4567
2945
574
3437
1479
2199
5086
462
4066
2100
1450
1139
210
4850
2910
1838
876
2977
3356
5221
121
3538
610
4031
2433
5201
4715
4222
2032
5342
2730
158
4477
1195
414
4661
585
210
339
2167
5056
2685
5154
4950
2502
2767
1619
3554
4034
5325
4456
1681
848
429
3248
1407
618
1429
4554
2462
4606
1799
1137
946
82
2907
704
4814
2713
3973
1576
2115
2189
4143
551
162
4381
4926
3203
4243
2463
1267
5029
4176
3640
1534
771
3675
1690
4472
4416
9
3212
3184
4311
3375
1242
3429
3320
3596
4318
88
2955
5068
1904
3691
4814
3046
5149
1627
3898
4246
1208
2741
3227
2979
4989
2291
1184
1327
5157
2455
3202
1704
197
3450
3307
4306
3418
3380
4016
1665
3564
3854
3687
2658
2080
883
2273
1005
2843
4754
1429
2200
2972
4971
1737
4706
4123
3434
434
841
1946
3641
1815
1720
250
988
1010
4925
3215
1897
383
4876
2210
3902
3172
13
3602
1784
3528
4885
1904
2671
632
2736
2600
611
1119
4111
16
1087
5172
3388
3106
1451
167
3726
2028
570
2773
1772
