1152
4365
415
3343
4036
943
1182
3168
2358
4043
2539
2165
1567
3128
2415
1371
5162
3425
4832
5066
3347
5004
3799
551
4673
2912
1667
415
3433
2488
4830
4116
2701
3601
4846
4991
3449
297
387
1821
522
2595
330
1849
4301
2539
165
390
1820
918
349
247
433
778
2588
4187
4507
2218
1473
491
2087
4272
4047
1110
2547
5087
1953
4838
379
996
5099
2261
3077
1689
1284
4228
2674
2676
4010
458
2927
5186
4642
3885
3437
537
4080
4744
2923
2739
1120
4657
3133
3720
250
3202
3067
778
3113
4747
1739
1520
1425
4706
3756
3401
2881
1539
1443
1595
3229
1436
2179
4910
3077
1680
3554
5201
3184
3441
3157
3975
4492
2815
4107
1311
1711
1007
919
388
131
968
906
1595
5186
1023
601
5373
1836
4950
964
3948
3402
2888
3888
2063
4505
529
223
4680
2233
2274
1020
2599
2744
159
71
1809
2106
3824
4471
184
2555
1792
4468
4700
1406
1600
2942
4775
2771
577
1353
4121
3408
1653
3664
2100
4769
3786
4593
1791
250
1377
4680
1488
1265
3067
2320
360
1477
4149
2593
2340
1781
61
2314
2162
719
2959
4935
2816
3421
4991
1784
4597
3446
1443
2277
4478
439
4971
3263
4733
285
1833
1060
4314
3443
1268
2925
4683
1520
4890
1549
587
1719
2667
1319
3550
2276
4444
574
4547
1285
3483
4923
2838
3359
4877
4179
783
4631
5106
1423
4880
1738
2344
331
4121
4903
1820
2923
3896
2626
2076
1069
2159
2175
4997
783
2432
4953
3774
3705
52
4035
3538
1406
4698
1280
1430
59
2894
4693
2463
2022
3130
58
708
4027
5114
4418
5311
5374
1781
4306
2955
1647
2971
3211
2662
4108
2074
1577
379
3120
632
4082
1167
4880
2645
4874
3365
480
2668
1269
4293
2874
3556
1259
1661
3135
2940
3118
2826
2475
3756
330
2415
3556
91
2186
1746
3083
4495
2487
1792
3618
2745
4682
2373
1478
4855
2663
3342
3949
5278
806
1607
990
2808
2099
878
4294
2871
1016
5336
4099
4566
4427
1852
3358
441
1311
181
441
1285
4892
4445
315
3830
372
4920
387
2740
2407
4298
632
3626
2889
4584
1154
120
3249
2776
4576
1358
2658
1541
149
1487
3093
3162
3770
3220
1801
427
4921
5222
3010
741
3293
1771
1128
2278
3756
1235
5090
2469
4203
5004
4938
33
513
4133
3475
2472
4494
1191
1490
131
4752
3465
5011
1036
2885
1867
4680
2506
585
699
3524
1938
1919
2175
327
1687
4413
1477
585
479
663
961
1263
4176
1607
1010
3990
157
1033
3010
3462
3356
4855
2890
3253
3823
1501
5169
3234
1189
4688
547
4098
2218
1161
4234
3883
4636
4877
2869
4832
2549
2719
1807
5031
523
4837
2874
859
4358
1280
359
3369
61
3729
2147
2273
3553
2758
1442
127
2863
1766
3154
5221
721
4854
372
2907
2024
2202
3449
5000
4242
4331
4907
144
4566
2143
3550
30
4082
1545
4437
1728
1466
848
2281
2297
4690
3958
5025
2911
849
974
5119
1258
1777
105
4459
4122
5211
2506
3975
3635
2051
3468
4717
390
4616
2325
2155
5016
112
4716
1434
51
1623
3400
1918
5169
268
2391
4790
1894
1638
3546
4964
1273
4555
1919
4837
1803
3914
4492
69
4102
361
1337
4176
251
3452
1627
2093
2211
3899
5000
3941
4185
1465
3130
2919
4676
4683
4202
2312
4742
1284
2449
2895
1953
1123
618
1803
1659
3604
1689
2489
138
3760
372
4075
19
1060
4033
4306
1543
3990
2925
1415
4674
486
864
3123
3504
4140
491
3213
983
853
4090
4090
4293
3899
2423
2509
4714
3464
4939
1643
3541
2592
1837
3187
4939
1443
4591
2555
4142
1566
3070
594
4313
3893
5350
3759
924
3773
261
2960
127
3411
1498
1361
4769
147
103
702
1256
54
5003
3743
4854
4846
2113
1851
1406
4849
2831
4724
2874
4126
1315
3010
5057
2082
23
1539
3978
1141
2747
1094
2719
1607
5061
2032
4527
709
3170
593
3467
2736
910
2333
5362
2658
5213
2958
3331
4455
1599
947
3721
0
2069
1411
2104
91
619
804
3435
523
990
500
527
1232
399
796
5281
4033
5157
4567
5098
2676
349
1719
2078
697
3343
1581
4291
1773
2024
1245
478
413
4405
2903
681
3884
2905
4456
2214
1139
1765
4091
1723
1045
4789
1431
4022
3893
3397
1122
1842
191
4597
3344
3771
1683
3295
3222
4682
805
4652
3335
2746
3112
4588
1874
3422
3095
4921
4525
1311
1003
1874
3563
4578
4242
1290
2255
513
2734
3240
4897
2405
3587
997
5352
2760
2632
1694
4914
3228
2847
1700
276
2816
3856
2176
4854
5024
3067
2687
4981
10
4382
2076
4614
2659
2730
4679
989
5304
339
1279
1482
372
7
4561
5394
3120
1925
3738
957
3659
732
200
1497
708
162
645
3993
858
1395
4862
1704
4567
4677
4294
770
563
4743
1797
4991
5222
1616
4437
212
2563
2113
4876
4245
2632
1941
4285
3824
5194
2460
875
4233
4770
2495
1790
1692
5363
1302
3397
4344
2898
3881
1574
4597
4504
3497
4901
214
3978
2842
3421
587
3824
3330
2407
3263
3121
1370
4397
681
732
1577
3320
3881
4356
4913
1315
2398
2203
4106
1139
2914
4892
4098
2273
3633
1603
2990
3758
3074
1232
4330
3481
2549
1167
3528
4291
5160
1550
4904
359
479
1075
2450
1785
3523
4673
2319
1927
4892
2090
2314
1803
1702
5107
1869
474
1014
2914
2859
3095
3961
796
1668
4022
946
1949
5177
4169
430
3235
2738
1968
3306
3743
3531
3470
2305
4459
540
2728
1452
2737
398
356
4067
3360
4738
1154
3401
19
2217
5043
3681
1955
3958
4965
511
4241
4819
1370
1488
2372
1044
2297
2756
4264
1159
2087
2480
3721
255
2124
163
5244
2239
4912
4126
885
2880
4239
3093
689
2320
1631
5003
2578
5166
359
1601
1095
959
4948
2217
841
4241
2599
337
3242
1138
848
3218
1552
5208
1427
3294
1589
2584
2315
476
5362
345
648
2110
3480
3441
3409
2879
1166
871
1350
3722
3884
431
4276
1529
4694
4367
3550
4127
5325
751
4521
3753
2893
4862
2706
1493
1961
221
551
614
2309
1279
5062
1953
2815
2654
957
3833
1592
2759
1617
2863
552
1127
871
1304
1874
3185
5096
4988
1498
3600
1083
3860
1659
179
2281
3021
5328
4067
585
136
140
1187
211
4788
3319
471
568
17
4892
432
996
2974
4949
4606
2929
1195
3363
8
2550
4343
681
4356
4694
1408
2052
1833
4008
2719
5022
761
262
2716
2653
1628
1347
4640
708
3401
2927
1859
1703
2630
4567
4251
1550
44
4691
3249
471
3425
1930
522
2872
4697
2547
1946
4031
5211
3071
1843
4251
2945
414
872
5351
2263
3596
83
4813
4985
4338
1401
4604
1724
1076
1683
2546
9
2143
1476
4592
4815
2108
4455
2939
964
1088
1193
5175
3687
472
2908
4089
2736
623
4343
1634
1739
4557
2422
2584
4070
3274
3443
4680
4294
2963
3376
603
4125
1842
5325
4797
1974
3075
2332
646
4688
2299
4814
2885
4559
3188
2370
3639
3481
1437
2054
200
4202
1626
1252
2865
3829
732
3013
1273
4876
2761
5137
4786
3418
3003
4828
1426
4477
3268
4642
2063
2423
4558
670
5022
524
4032
4081
4204
996
425
1514
1178
1887
406
1938
1207
1837
1257
776
182
4514
2841
2897
1518
2214
4679
5088
5021
3358
3095
4554
5266
4787
3900
2788
337
1003
3753
1488
4783
1797
5091
5019
1233
2645
2341
4230
9
1736
1069
4606
414
705
2495
2949
1561
1904
4468
131
2255
55
515
4036
1866
4685
3775
1230
3063
477
3063
2163
2735
591
4951
712
1271
864
3853
2485
4315
4320
2556
3433
1753
1668
3569
3475
1307
671
3688
2915
4583
3923
3079
4480
1687
1662
3112
2373
5369
2685
2853
4688
4527
3559
1473
5066
3673
4034
5189
552
3504
5095
5205
4268
883
3753
2434
360
3212
5244
3159
4302
2078
3000
2063
4112
2647
1930
5016
3202
2871
2173
163
4328
586
2880
1263
1769
4801
2176
2184
4222
1841
991
195
2410
1267
273
1890
510
1808
157
2771
1600
2399
2469
1577
2299
778
562
6
1944
3112
4755
4747
2201
2115
3369
4741
4022
2218
292
23
619
3990
1161
1634
3402
1315
3370
5203
1245
3570
2468
1285
105
3427
4385
5207
1757
1627
346
753
3341
111
2667
5234
2273
586
910
1290
2278
591
3240
2600
2327
70
697
2974
3269
3235
1592
4636
4896
2970
2898
5114
5152
3160
4546
1333
3772
402
4938
3400
4523
4946
987
5364
3963
807
2155
1945
2755
1786
1126
5119
3365
1810
2481
1601
4180
1254
1230
3185
1952
5114
724
4549
4971
4658
1033
3476
2776
3227
2576
4446
6
4718
1465
566
4742
964
1469
5170
1942
2340
1004
3037
1193
1787
3128
3346
58
2467
4320
2729
1266
1254
2627
4198
806
2729
331
5196
2963
3445
776
3973
4313
4478
2915
1820
2973
2304
4790
3349
3324
3986
5350
2407
4687
3339
2766
5146
855
1766
1034
5353
4255
570
2600
560
4278
4243
1805
1560
5300
5194
1939
2999
1400
163
4471
4734
3752
278
255
1480
3898
4951
2199
553
906
3472
662
1772
2203
2504
1490
3578
3900
579
2802
3829
773
2598
211
3988
2210
1293
379
2958
4246
2914
4381
124
4391
2691
3305
1878
101
3250
3884
1918
4911
102
3674
919
732
2326
4185
4755
5135
1737
2383
4144
5083
1773
1615
2110
2941
3260
1434
1845
2063
3635
3741
4997
4091
2367
5116
1478
2608
2902
4082
2072
4076
3504
3409
3091
1739
4596
3561
3076
310
3355
5195
4073
1243
2632
70
1296
4310
4383
678
3319
2658
3770
4987
4993
754
407
2072
4171
3072
284
1232
577
2655
1043
1921
1581
2207
316
1043
193
1782
4145
3249
59
1937
4935
3124
3238
2277
5095
562
4567
4184
2746
4698
1111
2502
5325
2454
3364
1902
10
2180
4383
4097
1498
5084
3802
2539
4076
2869
1782
5253
2713
1450
2475
4453
5046
1898
371
1623
4458
1434
5216
3242
3554
3330
1729
2340
1724
3365
272
373
387
5099
1147
1590
3778
3067
5282
5217
4612
1083
4583
1489
4505
2621
326
4964
4711
5238
257
3829
4523
3937
2123
5336
5062
3530
4156
3833
500
1221
3816
2458
3465
3341
3825
3308
4427
2363
1272
4578
5171
5057
51
3972
4788
257
1426
2219
1960
5170
2026
732
1751
1390
4674
1629
3278
630
2367
3012
270
5041
149
1114
3452
284
3476
4055
1560
4754
4682
3820
3640
4548
2078
4223
1602
5075
3973
372
117
2994
5157
5189
2629
2920
4072
4055
1833
1897
2463
4502
2815
4706
4523
252
4423
4124
556
121
1690
3706
82
3354
3441
5050
1757
5127
85
1777
4072
1726
404
3408
467
2584
3255
1724
4992
1817
2111
1095
5031
5138
1244
4569
4594
4492
2921
1852
980
4224
1187
3472
5369
3497
4089
2506
216
1105
4331
2939
1965
402
3634
2483
4838
2187
2643
4427
2735
4547
1820
4546
1425
618
689
2418
4387
4007
5381
202
738
1773
3952
4123
4228
2766
5122
4068
1531
135
2588
3573
1803
1141
2578
4007
2920
4597
1138
1437
1401
938
257
4250
1729
3305
4239
4233
4874
2458
3552
5062
494
2405
3410
247
4761
1963
1938
2765
3051
1941
1780
361
5385
1695
989
2816
344
1222
5050
3760
3659
1235
5005
3248
4459
1785
2776
4008
532
4901
2730
4404
974
1692
3317
5092
5222
773
4034
3662
3895
2481
3450
1928
3273
2213
3907
938
2419
2473
1401
4446
866
3770
4997
615
2683
2274
4022
1963
2608
969
557
4276
3664
4250
4205
3828
3053
3249
4512
2444
1223
2083
3418
523
2664
2313
1916
4675
2199
2872
4906
3353
2973
4075
5021
2184
1545
1905
1920
1263
4102
4404
5154
3533
1691
297
149
3787
3380
3744
4614
257
2456
1406
2630
361
124
388
2339
5160
3350
4490
4860
3397
2206
2754
5020
4179
2546
2558
1864
4133
2591
1658
3475
5189
1456
2466
2787
4255
1681
1842
2576
2588
4520
1670
2206
1476
3665
684
681
1576
5189
3601
884
2383
5163
3937
3529
4937
5073
2142
2175
2063
1774
1592
917
1376
2423
3305
1259
1617
100
2052
3365
1738
3562
4733
4502
3338
1351
2559
4824
611
1512
4073
2367
4363
1269
4564
1206
4787
1795
4885
2048
1952
3939
4562
3597
4107
4064
1193
3949
1638
3664
5157
5154
4076
557
989
545
4685
2795
4072
1574
136
2391
2884
1423
5372
1319
1935
2434
1631
1076
3748
3009
4407
3342
2078
2554
470
1986
1290
3619
5337
3914
294
841
4980
2683
3725
2141
3075
1834
222
1805
426
3400
433
2332
4096
2180
1826
1809
5307
3140
4908
1481
3606
278
1268
4375
973
4453
5098
121
4019
500
439
770
966
4501
2073
4567
4243
3359
2558
5121
4076
3494
4997
2464
1537
917
5238
4555
1864
2332
3043
259
1537
2109
94
3789
4520
3824
1370
4059
3681
4694
2767
1824
2546
4480
1647
2297
4098
2240
3462
3222
3237
2434
3087
3727
2233
3993
5378
1869
5344
1849
3249
662
1109
1257
5369
570
1132
1207
4904
4248
2595
2173
4718
3106
1188
1851
5345
345
1760
2180
1175
4599
1936
1426
4756
4515
255
3455
1489
884
4970
2076
1845
959
3351
1281
269
1623
5064
1088
1188
842
184
1122
3802
1319
407
433
3905
4684
3897
4306
3442
1089
1257
524
3906
1702
4990
556
2364
4828
4474
987
5247
3003
0
4557
159
1376
2691
2256
2668
4149
2678
1028
555
3606
3963
670
3787
3062
4459
1531
2807
3976
157
4140
1358
2643
1754
2712
1876
475
3494
4506
4825
1473
396
625
1719
517
3241
2546
4128
1865
2576
5067
601
4285
2281
4089
2954
2816
1491
4082
4120
5376
3705
5114
2383
3563
2663
2389
2925
1055
4988
1809
2307
4497
2918
183
2312
5336
4555
4564
259
1436
265
2185
47
1429
736
4367
250
2794
2455
1942
3882
2887
2664
421
877
4946
4129
1822
1191
142
1122
1980
2671
4067
903
1890
523
2974
3376
1895
87
1592
2967
2048
5064
21
2342
2479
2449
4411
1149
3370
3527
1682
2484
3442
1090
5080
1550
2022
6
1797
2074
328
4298
1963
3453
21
390
335
5380
1638
5044
2653
723
469
1271
2473
4688
5291
1741
4863
4558
1176
5137
703
5043
5092
3202
1352
1547
4066
1690
5350
2593
4126
5323
2611
1223
120
1901
2066
888
4656
1695
1764
2529
3004
925
3679
573
1777
5253
2939
5038
1807
4839
5202
1007
1488
3358
1010
2334
1619
849
3675
1233
3412
2484
4642
522
149
1231
4318
1895
2836
47
645
1904
5056
1765
3044
1193
3681
196
4911
2309
4736
5099
3448
3386
1275
4100
5364
1254
722
355
446
3727
2309
2291
2806
4134
938
2627
4683
4526
2884
5175
528
88
1934
3915
3087
1400
2462
3949
1304
182
262
5044
3318
575
2847
1724
636
2869
4469
5050
1122
4330
489
2383
3345
3886
5073
4226
3214
1317
930
2025
1034
4495
5378
5073
4409
4511
2645
4631
4325
2748
4828
2454
2884
741
4717
3242
3106
5364
29
1640
3966
3452
2177
689
5012
1574
5149
3601
103
4593
3269
3216
4152
653
4681
5328
2591
4676
3600
2021
1372
1269
946
2073
2051
3971
3036
3386
1962
2463
1628
3880
1550
3673
2315
583
673
4606
2872
407
270
2420
2470
2577
3235
2755
5345
4090
1726
958
4362
1515
2325
556
642
559
636
3587
1887
2302
2209
59
4547
5036
101
2869
1149
3528
2718
907
3900
682
4251
3094
3766
358
552
433
1418
1769
1902
1055
1566
5065
991
5389
2756
1008
2609
5228
3140
144
1160
3050
3727
5344
1180
1122
3317
5307
3544
962
2374
2326
2759
3630
2360
4473
1560
2552
428
4657
1263
3157
2598
3471
5328
3752
5380
1105
141
5068
4305
2218
4081
4437
2710
3940
3541
2814
3087
4819
493
722
717
3308
3092
23
376
3650
3307
265
5309
3131
210
682
2224
3449
950
673
4946
2874
4301
973
2316
53
3656
5299
3905
3893
2888
4565
930
3422
2833
1452
4906
1530
1752
1959
4752
4505
4642
1224
4813
1137
458
3351
1149
5041
159
3837
2684
4826
2155
427
3659
5176
1260
4100
735
3140
3063
3352
2216
4091
2598
2743
3388
1663
21
4526
247
5076
4819
3656
3476
4644
4862
1600
3341
1052
582
1244
1864
3064
1838
1668
5247
3596
1638
3708
4885
4792
3223
1110
2883
5012
3864
331
4950
5281
354
4544
1691
1730
4293
2301
344
2052
1626
1317
3606
1689
4344
3640
1095
5338
3648
2483
3285
1964
2776
3442
4800
3010
4064
4580
3494
414
562
4789
2154
4145
866
681
1036
5205
4687
3721
3811
1488
575
3620
4912
1123
803
5162
2771
4088
1028
2940
413
3570
4453
2465
2893
4060
709
966
101
1031
180
1143
2297
5377
1322
1087
1252
2707
1865
3162
4991
5195
3438
3063
4590
2185
4176
1457
3223
3472
1817
5057
5247
1466
1049
670
3360
247
2658
3359
1126
2315
46
4575
2462
4547
1875
995
4497
2554
4566
214
1923
1903
5364
3908
3578
196
945
4644
699
3864
720
426
4597
5352
1001
4755
3473
3854
5115
46
4697
1841
94
4171
5378
3076
331
3401
3082
2982
733
2484
602
4471
4576
1782
1141
522
2166
4770
3564
106
1603
4990
1487
4122
3184
3648
5053
2760
1541
3161
4598
1052
723
3953
4492
1780
4325
4916
5304
2740
3528
1602
355
3940
1022
1230
1779
4594
3057
4793
1934
3987
5097
4779
1766
1890
968
177
273
4328
4331
185
