3307
4482
133
704
327
1191
601
1128
1269
5186
2745
2370
2423
4758
4856
1499
1200
2836
4251
2273
1592
4363
23
1136
138
2188
3036
325
1214
3076
5108
4775
131
658
2760
4365
1746
2874
4423
127
717
213
4824
5238
5253
2502
2925
2022
1233
3220
4752
2341
4534
4368
1284
2215
2298
2474
4514
636
4285
56
401
624
4486
1639
2959
2555
4144
345
2713
5082
5253
2490
4860
4109
1477
46
5132
2447
3637
3990
2451
4366
316
3359
167
1284
3665
4311
3351
5083
4736
416
5229
3225
4111
155
1823
597
938
1767
969
1698
4800
3318
1765
471
3562
3728
1541
1093
4233
2908
5095
167
3419
4616
1177
3634
3961
948
3083
5124
3388
1551
4187
5379
4854
3244
3003
3910
1361
1502
2942
4223
5388
5068
2129
1972
3225
3112
2021
4524
3367
1728
5311
585
5292
147
3562
3779
340
721
1102
924
2364
4347
5067
2122
964
2434
1670
2503
5163
3263
1694
3295
5014
527
3674
5311
2507
5304
406
2746
431
1761
570
3544
3210
2155
562
4318
283
5342
1732
3216
633
3210
400
883
2276
4943
2920
4284
2175
4183
2872
1143
584
996
4911
591
947
1789
3265
625
4501
3769
1857
5020
5307
2304
61
4016
1988
4083
346
1287
1842
3470
3473
1155
2167
4376
3966
2451
2678
4896
1639
1457
2645
907
543
4738
4482
4523
185
2556
5234
3046
570
5002
1694
3385
2023
1768
1800
383
2772
3188
2843
3886
4479
2378
2609
1119
3744
3884
2664
5049
400
2620
4066
4497
2974
185
2806
9
713
4097
4457
1745
1123
3637
3786
1250
3889
3673
2255
2897
1852
3948
5304
1700
359
3364
3721
2668
2700
2089
3901
2343
4997
4406
2167
2091
4453
3331
1688
1634
4891
3602
431
4888
1841
1756
3802
2302
5123
3737
3777
158
5071
3860
3072
1287
3779
1228
2021
2655
5323
1516
1516
1644
611
2671
3216
3947
4553
2189
1234
3937
4633
3551
4905
3524
4423
619
1937
4122
3729
2656
4642
2772
3721
3301
2979
2698
4596
4152
4719
883
783
3463
3986
1554
4777
3075
4676
1140
1701
3264
805
1866
4863
5171
4479
4203
1480
3443
4356
3893
5016
641
713
5319
3009
3618
3356
1899
3451
4300
1273
3786
5115
5381
380
1092
4753
3937
1780
4306
4793
3905
355
2155
984
803
1397
3367
4008
1406
4840
3468
2309
5127
1398
1049
1627
5013
3436
588
3975
1833
3562
4547
636
4134
582
4122
697
4693
135
5394
4466
2730
3725
1034
3558
2999
1556
1890
3130
5319
1589
1828
4904
708
4427
4967
1049
5213
4860
4689
4382
1640
958
4849
4936
4298
3865
5382
2143
3129
3014
4573
2833
2207
101
803
2467
4477
626
4017
792
379
2218
3121
2312
1397
2239
478
3113
1680
4718
5282
709
83
1599
4760
4787
2474
3860
3218
920
1479
4783
1499
4943
1800
1272
5189
3485
2720
2141
2671
159
4208
2547
1685
2301
1757
1266
5160
4474
2325
334
1567
542
5372
1857
2691
3993
3318
4616
1120
3741
3364
1619
1094
1921
3095
4790
4661
69
3322
4546
1221
3651
4997
2152
2936
3140
2448
3000
1020
854
2621
5072
563
1638
576
524
2327
1601
5021
597
5087
4567
8
1704
2210
469
2479
3744
338
3466
4505
4074
1085
3884
1493
3665
3040
3388
2383
2297
5201
814
5194
3941
1395
168
1482
3218
2972
2921
2833
4311
4777
732
5071
1249
1452
4322
2142
1530
4132
3955
4826
3072
1417
1771
1700
4122
147
4130
5029
1898
556
4800
1746
2223
1617
2463
2495
2889
1691
1795
3691
2597
712
4517
4688
1895
662
3294
5307
4522
1498
3977
677
4743
3529
5021
3941
2698
3727
5192
5094
2597
2954
528
2890
924
2953
5343
387
5087
591
2405
3420
3273
2340
4403
2082
4828
3265
4884
1823
1520
1626
250
4730
4989
5074
3128
5166
1799
3428
864
3469
276
1806
4123
3533
5075
2647
4547
4776
1844
1473
1935
1709
4725
1740
4234
4017
3687
2455
4512
5184
5047
773
1844
4074
4901
3348
1781
3300
4249
139
107
4271
1270
315
4108
398
5082
469
640
3085
5120
4788
4242
424
1934
1648
1765
1710
1489
4391
527
3529
1809
5017
814
4469
5213
2654
2080
4694
421
2051
4840
404
1270
4772
3497
1020
1847
1764
4581
907
3802
709
5109
4005
1965
5189
2857
2052
4326
4195
4507
60
2083
3939
1919
5146
4291
3380
4774
736
3416
4320
984
3904
3701
4640
4293
4604
557
1005
1842
1841
4376
2418
3923
3664
2609
4413
4735
2814
910
880
2026
2725
4409
1443
3419
1176
5306
772
4224
1908
400
4204
3063
2450
2721
2626
3977
5339
1231
5083
967
5230
2667
4331
2879
1138
3901
3983
555
1901
2141
3112
1554
1560
1779
4133
3899
4734
2597
3471
1268
3602
1044
4126
2643
842
4681
4867
4300
741
3261
4367
183
928
973
1688
5086
2309
4555
3225
1777
4067
1963
1664
5044
1005
4047
3370
1691
2808
804
4492
1842
142
4515
1583
606
2179
3570
1336
4689
108
3946
3130
2939
5040
3777
4251
4858
1615
3727
3485
2464
4514
1020
4078
4800
358
1916
1512
2397
682
3345
5127
4874
618
4554
2333
532
3598
4035
1233
1415
3443
615
4837
5278
2115
1730
4121
3559
717
1707
4521
3600
2875
761
1489
1285
1052
2745
2747
2980
4205
4197
2179
1759
2341
4742
3351
181
1786
2344
1566
5017
2447
2837
561
2667
4381
4392
1943
4465
3000
2475
1436
2685
2659
3238
1353
990
4803
4108
3153
3946
3940
682
3597
4203
4088
2907
4306
1775
3803
4463
386
73
5222
3354
2319
4017
771
2211
3966
3747
4832
663
1810
2277
734
4554
2468
3896
99
1758
5215
1529
3803
5041
4264
1602
5019
5211
546
1783
1928
3073
1201
834
2199
543
2545
1005
3769
1788
1749
361
3317
167
3153
3268
1755
1140
3743
4548
53
957
3385
682
3673
4412
4569
2147
803
1494
5340
877
3587
3758
1770
3229
2023
4582
3344
1607
3291
3662
4136
1085
1516
371
68
2999
2756
5092
1760
1837
4675
446
2064
4826
3656
4675
3172
4180
2397
4401
1429
2281
642
921
3480
4980
2547
3542
606
3366
4315
1336
805
1663
4208
5306
1875
3631
4729
555
4302
1828
441
697
4121
5085
1254
164
68
1683
3631
3441
3354
1045
1494
1253
2257
959
4953
1800
4832
1224
1579
1779
990
2421
3774
3350
1091
5163
4178
1689
2114
1946
1271
5345
3743
2408
963
4601
1023
733
3748
700
1728
1788
1095
2240
1479
3350
3403
2455
3559
1898
1781
4109
4465
2814
1592
2483
4797
4543
677
1397
3619
2252
1887
3265
4019
4291
3551
4270
2869
2500
4405
2370
56
3202
2213
4592
1973
4331
751
337
4846
2767
5292
3662
3901
3722
4482
734
2881
5278
2739
4783
2109
4150
2378
1307
2025
2062
4050
2232
3441
272
361
2188
4756
4761
942
1478
4292
2627
5218
3253
1431
1685
4863
5057
2665
4636
961
1849
5061
632
717
1551
3900
3249
4903
542
963
2145
1680
803
30
4915
1242
4179
4891
4936
3215
1759
147
3895
2962
340
522
2920
1810
2801
5186
4250
5201
2139
3318
580
2668
231
967
1421
4017
1753
3760
3095
2911
5206
56
1935
4075
5063
3235
4415
2363
4318
981
4714
3021
2420
3992
1791
1423
4515
600
3091
1406
4435
2903
513
3351
3473
596
1579
871
1901
1866
1727
759
2747
5085
699
635
1630
603
1289
85
4085
1758
632
1263
4517
1518
1348
3260
2625
3538
2663
5000
184
106
2027
541
4099
4171
4892
5127
2110
21
2249
3760
2609
5057
1479
710
82
2164
3952
3886
3410
5085
138
3153
4505
4104
1140
1814
921
4577
5340
704
2698
4214
1411
4516
5186
3747
5083
5109
3619
2263
2775
1490
2774
4558
2671
938
2564
5049
4397
3065
269
3449
4084
3223
4512
4575
380
1596
3268
28
3360
2625
2698
2155
2764
2185
339
1289
2782
5051
1905
1860
1973
1824
3409
4813
2875
1281
46
2243
5213
3602
380
133
1360
2026
5229
5015
5093
3636
194
1371
1961
3223
3416
2629
3072
4830
5389
2591
3797
462
581
1662
222
1481
562
3072
3352
355
2920
1376
3000
9
1257
2691
1337
1740
3216
3385
131
3772
2141
1111
1420
4445
4837
5218
4331
2399
2342
2107
3532
3240
3986
1119
84
2816
3264
4244
4205
4534
340
2920
1137
3864
2547
5096
117
4827
2556
405
5310
4248
4680
3436
2578
5051
1865
1732
4592
1193
4330
2106
2772
878
4067
5214
4554
2167
609
4544
1161
3774
163
2506
1282
4324
1782
1599
4380
3225
3895
197
3348
3401
5216
2180
2908
2184
170
4657
1767
2022
3865
4561
1719
2973
3882
4757
424
5215
3902
871
3425
2451
1942
4746
2020
2987
4075
4517
3760
4951
2804
2815
1136
1769
3895
4178
1095
3260
919
1034
2179
156
1033
3171
1639
2326
3527
2848
362
4020
405
1584
848
4311
2919
1926
4743
2872
3922
515
641
3477
2668
2045
5202
2078
380
2592
3158
3053
2467
3056
4504
28
3187
2685
334
5227
3272
3829
1335
1301
265
1533
2487
5364
5205
5083
3638
1579
13
1960
2497
2947
962
3789
4376
2940
3363
2073
1839
1779
2902
1252
1594
3485
84
3966
1290
3450
5360
607
522
4772
3650
720
4910
4120
5311
886
4922
2756
4238
5031
4435
3000
4561
345
3128
4592
3939
1106
3879
2142
645
1833
3947
52
2676
1838
2367
1009
4032
4292
4459
2883
3260
5364
4758
1102
4154
4320
5203
1313
994
3910
527
3423
5233
3720
3662
4204
4320
3664
278
3282
1859
3170
4911
1550
4453
210
5107
3581
2785
5071
1757
2214
1815
2774
2106
2830
645
1157
721
1759
3839
4195
4457
5299
2759
1280
670
118
82
4892
2166
1726
167
5153
2509
1036
268
1085
3026
3431
4123
3673
4060
4046
3355
692
1816
4490
265
2450
3119
3663
1822
883
1450
5038
2136
3076
4968
3418
1843
679
947
4469
778
3235
5172
283
4176
2504
4528
4742
1132
607
2756
4787
2444
4331
118
2881
4896
4584
4863
1619
1903
771
1226
112
3449
527
2678
4864
5074
1767
1902
5394
3188
3116
1567
3662
374
770
4862
771
2802
2647
3084
1849
3992
1727
8
3020
4330
4739
2830
3725
1451
2327
3760
4425
2947
2470
431
1730
1628
1435
701
5360
4365
4955
4468
3212
3412
5152
3688
442
1800
3210
1589
2619
4021
5384
599
525
4035
1769
3229
2959
4126
2611
1109
634
4100
4225
5229
3898
2083
3158
1683
3113
2025
1110
2339
5015
2215
10
1497
994
4325
4575
3562
1707
2302
3993
4921
848
4912
231
4679
2370
3442
2754
2745
4762
2630
1474
1473
4033
4585
295
2390
5062
968
2115
3701
5061
3720
663
4854
4115
1155
1694
4324
2556
4021
4794
1963
1287
3598
4935
4890
4043
1935
3902
2032
5380
1539
2257
3084
5045
4980
5090
4697
1351
138
1687
4495
1698
3620
433
1092
2914
1711
5336
4008
1438
5325
778
2685
1464
4741
4546
3864
1879
2797
3640
1293
3724
2432
4415
4005
2216
1753
2874
5169
1799
4289
2842
5214
5047
1890
2900
2815
3665
707
225
3214
3906
3538
864
2204
4085
5015
5160
2164
2803
4032
947
4005
5029
507
4043
46
3955
3949
5209
3227
1615
633
1724
2363
1085
946
4854
3297
5186
2397
4294
1221
4123
2135
2107
3112
1627
21
971
4068
5362
982
222
4934
1584
2549
1240
4951
2611
2063
2981
615
2874
3976
3576
2847
1992
9
5079
3421
5202
5057
700
2062
1837
2100
2372
1284
5056
1866
73
2776
5380
941
2124
4326
376
3309
3430
1966
5228
3691
479
2482
5078
144
3234
736
3353
1688
3665
2907
4719
4555
1504
969
3226
1452
202
4684
1852
2154
94
1615
3634
3425
3066
4573
3915
4911
635
734
3555
4916
42
1336
3888
4753
4495
4564
30
4031
1652
4846
390
2746
1928
2684
1757
3990
963
3347
15
2257
986
1119
2738
82
5234
2869
4680
4381
1836
2766
1851
5230
3708
541
4098
611
988
3828
2082
3064
103
4519
4070
3152
5105
2814
3667
1944
4007
3396
1142
3046
1326
964
3239
1184
5001
3065
1749
2141
1833
3631
5024
5138
4148
3799
2083
424
34
1230
5376
3079
1812
2472
480
2627
383
2914
1648
980
3775
1960
1962
1279
139
920
4803
406
2296
688
4577
4761
1700
1315
4924
4762
1832
2299
3294
2558
1516
3667
3637
339
5019
1978
5309
3829
3447
2109
3263
3775
1206
3083
2958
2409
387
343
3880
866
3865
2370
575
5154
4016
5127
3558
3816
2592
724
1700
1786
4446
2418
635
3246
2954
3222
4081
853
2021
401
924
4124
1351
2239
1831
2363
2972
3572
2164
1643
4446
3903
500
4229
4778
1824
1829
577
4229
529
4246
5376
1533
190
3264
708
3297
334
1897
121
999
2888
3091
2021
4744
3880
1811
5282
2888
4331
3408
4885
1785
1577
1786
2857
1023
1577
2725
2305
2841
524
1313
2463
848
674
4229
4121
1902
4382
4512
968
2881
4027
1802
4077
2656
1007
4597
1140
3598
2719
2632
4604
2074
4594
2066
3216
4631
1326
2456
4223
4129
2756
2875
4971
4528
1576
872
4675
4322
4446
2110
1418
1092
4121
4941
479
2497
2166
164
4507
2795
2667
106
4318
4525
2550
4139
4107
5105
1598
1963
3318
574
5086
4126
4751
1869
3423
4682
2207
3530
3070
1966
4177
4715
1123
1710
3570
734
2278
1554
2559
1156
2252
360
4139
4147
4744
552
3397
1552
3401
1732
5119
2105
1648
5244
983
4691
2713
133
5229
2376
3494
720
699
3263
626
4112
4552
2632
4886
61
610
542
3720
5372
4746
3270
709
1627
2217
386
4382
5343
56
1777
1916
842
624
902
523
4061
3773
2836
3270
3572
1567
2585
532
1904
1031
4315
591
1160
3948
3378
4069
2962
2878
5304
1433
2483
4724
2450
44
3856
3153
3318
4409
4020
1804
2713
1719
5016
2069
4457
4088
1227
2584
4897
2066
4412
5041
1808
4661
4483
871
4474
4849
632
2079
2028
4981
1533
2977
1630
585
1250
1843
1516
3621
962
3912
1475
2559
1992
1967
196
4577
1498
4021
5184
1543
2890
3154
1423
1140
4474
4116
1661
1833
1653
2302
4007
4306
2448
3470
2110
5217
4578
5047
3679
2028
361
1961
854
3402
1577
4141
2841
4248
2547
3948
3305
1445
1464
2713
5011
1163
4169
2700
3319
886
4968
5253
3761
3701
4077
1315
1961
2972
3011
1626
1152
159
1804
149
2738
3963
4801
4184
2110
3914
1551
69
704
1036
3421
4901
3829
1420
4492
2309
4014
3020
4824
4412
4914
1317
3354
4241
4204
2979
1935
3758
4676
4149
4141
1662
653
2801
5040
3424
876
5047
147
1944
3349
1589
1370
4737
1695
5135
1157
4097
2761
1974
2423
1360
3494
4223
1874
5024
941
3425
3078
3550
2105
4278
1601
1287
428
2398
3433
1467
4897
480
1155
4292
1810
636
1902
2079
231
2087
4847
1956
4694
4055
3641
4314
1105
1760
4474
4597
3375
4745
562
1598
3386
3331
2312
4198
2556
446
2804
283
2199
1601
4784
5124
91
3554
2794
2656
4347
4125
182
5217
2662
5307
2054
962
4427
4116
1328
4679
5292
3727
3240
355
1837
1541
3352
146
2301
3267
4476
2069
2203
4111
4987
5299
5094
2201
2019
723
2462
8
3914
4497
106
5215
4185
516
1924
4849
3268
3263
1797
4388
570
1383
2558
5230
4922
3152
2162
3554
2782
4792
4264
701
138
3602
142
764
4128
522
4107
2408
3948
1606
3451
3216
684
2939
3972
2564
1494
4886
738
4763
349
3062
4010
5049
2698
1694
4522
4368
4081
2449
476
1469
3380
1260
1865
2277
803
2954
1661
1376
4036
5385
948
3162
3680
4104
1691
3210
5078
4661
1558
5175
5036
402
1639
3597
3483
118
966
1665
4107
103
4521
3083
190
1442
1489
5237
1693
5244
4501
2468
542
4887
4401
2080
3470
601
4154
4034
6
2077
181
4127
316
5135
3343
4247
3722
3158
5171
2282
2727
1497
1
270
2671
4740
3215
987
4403
2099
3406
2620
61
3828
5301
4582
4676
5301
53
5067
399
1049
2921
1206
2204
592
3305
3065
2116
1224
30
1518
87
3601
4246
1837
2269
2186
3889
5172
1795
1402
1253
1087
5006
1361
2967
4909
2931
946
85
3901
3773
3820
4863
642
3619
2144
1869
4155
1249
2263
2210
479
3245
804
5204
216
3153
3293
1639
3227
3168
1147
3168
1243
1474
1599
3428
4948
2419
4559
2466
3776
1679
2539
4912
575
2880
2047
5278
3789
2027
4908
229
5247
4673
919
3091
1628
4631
4526
1684
702
2743
5374
517
5266
920
1080
856
4596
685
3237
1928
4763
3880
3678
2960
1752
2479
3224
573
4800
5361
1421
1287
3640
82
4475
2022
1875
3483
2079
421
2122
1163
5327
4142
1049
1811
1557
4040
434
2111
1857
792
1772
2972
47
1877
1938
739
4746
2939
4863
2668
4691
2273
682
4558
2023
4680
5029
1742
3879
2601
2473
3076
3248
3106
170
271
1917
2232
1323
4124
1807
4877
5019
4446
264
3993
2484
4543
445
5014
59
3773
3308
641
1167
3072
1273
1974
4905
4993
3023
3128
2787
4082
2729
4147
1160
2243
2967
4117
2047
5135
4564
4748
3604
1426
476
2390
372
4097
1526
3211
4738
3020
2373
1265
4754
1738
2474
73
2814
3353
2045
2261
552
1550
4597
16
1452
3587
2879
1438
2343
3820
1093
3003
3242
4846
3472
5253
3093
5195
3278
4815
1383
883
3301
1980
5049
4913
1790
2282
3134
754
1417
70
404
2889
3388
3211
3541
4068
5362
3255
5213
957
