3943
4469
70
5154
2665
673
4802
1122
991
3153
1727
1243
94
30
2776
4598
1493
1095
2249
4528
2455
4112
5091
1693
4596
751
1265
2857
5077
2159
4679
4151
3550
3352
4148
3162
5171
3386
2804
1361
3134
680
2563
4836
2563
4847
3906
2482
2676
3070
1119
1547
1704
4272
5206
1326
1476
804
888
581
4606
1724
992
3433
3154
2685
2246
5070
4552
2747
4098
3157
3026
1347
477
3106
3555
4032
1282
2570
2632
2399
4134
2204
928
3990
1877
4324
709
471
2080
1640
2469
2910
1473
1943
1767
1326
1665
1160
2224
531
3295
5229
945
1200
2023
4742
1234
4581
4245
372
1947
2674
926
1698
4862
1279
134
511
2045
4631
5098
4554
3838
2342
1762
633
4240
4590
5349
924
4055
2325
4362
2883
328
4748
2143
1584
3386
1260
4082
4426
2552
723
3896
2742
2982
4293
4749
2128
2794
3640
2187
4344
3906
3626
52
525
3725
2083
4658
4679
541
416
2159
4580
135
4525
2962
4080
5351
4923
2953
2746
4474
3420
4814
678
3237
2455
4715
2240
2291
2480
2874
123
772
127
4205
1233
4836
5229
5216
1792
1200
46
3822
3217
140
4561
4381
3238
4939
4075
3743
2159
1643
1415
1593
3007
1087
586
2772
610
3365
517
3158
46
1110
3238
2479
2972
5177
3581
2152
918
4475
2872
5385
1259
407
3411
1932
1123
601
2915
4935
3943
4544
1800
3293
3761
1973
2880
3816
3264
4582
1709
1939
3578
5071
5046
678
4595
1802
330
3274
4797
4392
271
3630
73
2326
427
2902
921
1226
262
202
771
4091
4146
3260
4315
4644
17
2111
2334
3217
4344
1397
4247
4248
2598
3972
2632
2154
5029
3779
4504
3564
1698
2328
4763
4306
1102
857
5228
679
4074
2931
2497
4455
1275
1869
4678
5382
2700
2570
1263
339
4889
1407
2764
3855
2678
663
2145
3774
3154
3241
3172
2869
4277
4197
3902
558
2019
2601
1892
325
3985
3249
4554
5132
4920
1282
5317
1543
1138
2920
1076
1001
2472
5266
360
2455
5027
2787
3112
3901
4967
4203
5227
5138
5327
2815
2514
4344
2773
157
5176
4934
2875
4125
4076
3240
1437
3070
4069
2568
2621
2857
1228
3756
3674
4472
4769
198
284
1207
3895
5376
1085
4730
3410
3224
777
4832
3681
3184
1317
4725
1701
3893
4413
1257
1350
4490
1343
1769
856
2539
118
1708
2978
3324
2707
2611
4083
2760
3400
2739
2671
562
1742
712
950
374
5177
1418
3338
474
753
1807
4153
123
634
2942
4725
4633
3363
5127
5073
3128
3825
2090
985
4083
1221
1442
2564
5024
2100
183
928
3949
513
3561
4706
885
4009
3983
2091
2940
1702
1230
1206
2485
600
1282
4012
259
3120
1857
4828
3228
211
85
2398
4549
2078
543
2113
206
4121
1085
4477
3850
2179
674
4564
973
4383
2423
2743
541
1895
2320
257
1227
2449
2922
1769
4548
2375
151
3575
1576
59
1807
3026
1769
4769
1890
1119
4840
1243
4924
1492
3140
5218
434
3618
4377
4848
5253
2973
1797
4140
3073
1567
5086
1933
1615
4111
3908
2973
4876
2921
2908
1243
3961
2710
845
1442
703
883
1477
3235
1814
547
4427
4377
3639
1
918
45
3899
88
2187
1902
3637
4044
1769
3212
184
3884
477
2827
2296
2108
3678
156
1222
2727
1934
2164
3184
1201
735
310
1815
2478
4713
1337
1016
3335
2213
1259
3575
3672
4245
4117
1534
4139
4453
1750
5195
1631
1475
2620
2107
3833
1109
1497
4964
1530
1973
2304
5014
4023
1371
4601
3364
4459
2807
1793
3112
1191
3051
944
3556
3766
4067
1425
1417
2683
2803
4416
5292
3966
4300
944
4322
2727
3726
1008
2319
1184
4060
2184
1438
2307
641
1594
2219
3073
4926
2647
4543
4502
1806
1007
2671
3889
943
1937
4548
814
4658
4711
5006
1085
337
5157
2664
5160
5036
4023
3267
5380
2153
2795
1475
4755
3670
3044
4410
5394
1142
2647
4775
3546
5091
3990
1824
4824
2325
1857
689
4105
1974
4326
416
545
4409
4251
2529
2619
1661
4569
4953
1685
1901
689
2468
1243
3690
2467
2736
2315
376
1275
3825
4082
3076
3641
1504
3170
591
1708
2716
264
4248
3188
3531
3958
3619
3553
1561
522
2423
1700
4784
4608
1822
2446
4517
3134
712
642
4901
2269
591
1652
585
294
1685
5056
60
4988
446
1581
883
4469
3152
5309
562
2474
4588
3294
1857
1567
2576
2187
3241
1175
4009
4032
3330
2847
4133
3073
4233
545
614
5124
3058
601
928
2104
1191
4411
5309
3773
516
1596
3953
3990
3406
4741
1988
1504
3787
4862
1477
2905
5208
62
3453
1421
3773
4125
4132
4935
1445
1406
1607
3523
4425
4592
2881
993
5012
5051
4506
2807
674
2206
3244
5011
3010
5067
5029
3428
358
3342
563
1195
2104
2838
3023
4745
856
475
2963
147
1652
4405
1834
1753
2051
1291
4132
330
5202
3064
4074
4557
1924
2577
2399
4455
621
4640
383
1879
101
5361
4144
135
4515
5120
626
1791
792
878
2548
3987
3424
340
4382
2913
5011
5364
5132
3440
1123
194
2207
68
4149
1464
4922
2600
4597
4285
251
4459
3637
191
1781
1322
3882
2730
3403
1742
2901
2056
1009
1754
3421
183
2104
2166
5173
5119
2945
2245
4677
5094
4883
4013
2420
4501
3351
4207
4106
3292
4244
1137
3035
545
4569
356
478
1566
903
3013
2432
3216
1790
4652
1075
2710
640
4534
3420
425
2278
2982
4090
5004
3856
3905
2766
2343
3077
3983
653
3073
3524
759
2927
910
18
4091
2210
4205
4246
1206
2903
2079
4593
3106
523
1793
4991
2894
1228
3444
3581
4183
1370
3261
5372
576
4090
1539
2725
5389
5325
4117
3160
2113
609
2665
3737
3294
2802
1343
4638
1260
4914
4069
424
2945
1837
3865
3202
702
1499
5002
2469
379
1980
1470
3322
2249
759
1648
2145
5186
3324
4083
1647
2548
2449
3481
3680
1941
3748
1452
4139
5173
529
4141
362
1437
3003
4179
625
3887
5300
4506
158
5344
1422
3424
153
2669
1462
2721
70
1847
3271
4143
5212
2111
1518
1698
5327
3344
3803
100
210
4466
4408
3797
532
584
1161
4035
952
626
1206
266
1638
4656
2434
5319
4578
4022
950
2736
988
1729
3524
4953
2588
1829
1634
5070
2048
4644
3688
3440
2366
1302
4774
1745
4730
574
3761
1869
139
1904
3154
3578
553
2078
1416
1535
2879
4790
1859
2671
577
545
1426
2503
3882
431
957
5209
2620
256
1897
1156
3956
3544
4113
5121
3978
4908
2994
1490
2843
265
4251
141
2875
5127
5096
2591
4592
3830
4184
734
1807
5056
1780
1619
1275
3315
3752
1986
4136
3531
5186
4495
1201
356
3317
225
4967
944
1085
4043
524
5105
583
4427
602
4366
1321
5085
257
2619
4403
1603
496
1520
4381
986
4561
1437
4377
4156
3010
4924
52
57
1358
82
4593
1832
2979
4456
630
3307
4935
2697
2894
1647
3095
3130
732
2932
4014
1426
524
4904
3082
3480
1227
4518
4298
3637
1691
2653
2893
296
1629
3121
3972
3360
1779
5122
5000
5244
1683
2456
4272
2625
526
94
316
5186
83
3972
4677
5003
871
3302
4507
5001
1905
29
2102
3854
1052
2895
1304
198
1567
4680
5074
3185
3346
5213
2142
1799
1664
2981
123
4305
5068
1549
2068
764
2774
3707
2648
2728
3621
1940
358
4598
5092
543
738
3324
576
2106
4564
3128
1793
2091
1704
717
229
4546
4832
4761
2618
2277
413
1346
5041
1016
919
387
5066
5212
2911
100
1249
401
256
753
680
3386
3315
2116
434
5121
998
2722
2421
1142
3906
472
139
1752
204
2377
2455
1689
5114
4415
5042
9
2842
2078
3881
4967
2856
602
1137
1972
4901
4328
2962
3346
4362
3880
3091
2728
3726
5192
3816
525
3285
3403
525
2904
3977
84
3472
2915
4802
2054
4363
140
1141
2936
477
1978
4742
3274
2153
530
4104
4548
1180
4156
1055
1470
5205
961
2301
636
1535
1723
4644
2078
3402
183
255
1397
4988
69
3291
2664
1689
386
588
542
1858
3245
5204
2802
4405
3940
5233
3557
885
2026
190
886
4826
1450
1799
2115
738
1577
5344
4737
663
2342
4769
2430
1193
4794
458
373
1157
87
1044
1552
1722
2175
3744
3530
2484
1663
2360
2570
4836
1080
3359
5116
3940
3009
3064
99
688
3416
3342
849
5206
2785
1493
1753
4941
1092
5082
183
3273
3202
1865
4892
4223
3360
4968
2767
1178
4306
4719
1319
4836
3881
1456
328
3305
1052
4594
5070
4284
878
3727
4375
4128
1142
2469
4889
3633
2673
2909
2775
2805
4099
5063
621
2216
3724
1662
5031
5184
1668
1036
103
356
4377
1452
1546
2472
158
3988
1127
3386
446
2176
740
3636
1139
3725
2720
3214
3983
3366
1943
1411
3055
4585
3118
576
2028
592
4936
3303
2555
185
3993
5011
61
1272
1776
5343
1195
2389
2953
950
4793
8
967
1921
3799
642
3119
4971
4737
5029
2265
543
574
1942
5376
1420
886
429
4043
3776
5300
4527
2315
4730
3672
4064
2735
2807
645
3728
5048
2871
1664
517
3267
1658
3376
3567
967
3123
5080
5029
248
3152
610
624
3315
524
1272
4863
1928
4228
1919
424
426
1395
4839
2739
164
3839
4032
1782
4596
2598
576
2405
4486
1720
315
1445
3725
4214
5092
1202
4954
4476
4559
4478
21
3830
5204
4438
3385
720
2746
3899
4149
1685
4887
4520
3268
2500
3467
1132
2745
2209
1250
634
2814
884
1765
3129
1792
3550
2627
1842
362
1869
3365
2955
1438
1176
4381
1228
1962
4306
2102
3338
17
3438
3249
1429
4860
5083
2756
2081
4478
2209
4102
1526
4027
4515
2188
902
5225
751
1867
4284
2342
2366
5377
581
3291
4270
5290
4683
4573
2188
5053
1433
1623
4713
4229
2214
4906
4301
3140
1535
2202
4255
1089
1689
1377
15
1351
3120
593
2863
4572
1191
2815
2548
4290
1526
1640
1693
4601
355
451
1949
1467
4791
985
4916
4204
4909
1826
1160
4084
3229
3003
3855
4906
2326
1769
586
252
5016
2621
1244
2376
1348
4272
1753
3112
1406
3078
3563
2139
3901
3665
2366
4249
4407
1530
4797
588
4476
741
2451
997
3752
4477
1836
439
3341
413
6
2502
1395
3556
3236
5189
361
4943
984
732
4404
1478
2980
2804
4111
1552
1743
636
2475
2479
1533
156
5306
28
442
803
3301
2578
2110
1784
1052
1191
1964
3265
5095
1947
2115
1928
593
3351
5092
1469
2673
5085
5352
5082
4438
5189
3004
2947
3065
1155
3367
646
356
2742
3753
2737
2263
1
3586
707
2687
3073
5098
4633
4847
4924
4256
2712
2007
779
5095
142
2112
4104
185
206
3157
2893
3441
1939
3440
987
4789
4504
472
4418
2200
4119
4146
249
771
1328
44
2972
294
4737
2529
948
5124
387
1083
684
2249
1487
1639
5345
9
1908
489
1476
1265
1833
2627
4716
621
3261
406
1685
474
5213
4036
3095
3420
1450
2378
1492
2257
1685
68
610
5112
1750
515
4027
58
4518
3349
4009
4140
2767
1626
2856
1857
3053
1892
1859
0
5195
3657
2446
165
4616
525
1789
1955
4147
3119
3695
2869
1946
3225
1589
1329
2915
4473
1567
3816
2117
4478
3272
4091
5094
578
4516
2666
2893
665
4105
857
1231
1492
5147
2893
2945
4752
1175
4737
3722
2099
2841
1425
136
999
2667
4140
2710
759
5376
951
2052
857
3116
3838
2081
1616
2883
3343
3452
1898
3973
1076
2139
4912
4517
2902
1576
133
2591
5149
2716
2939
546
2202
4365
3564
3551
3915
1857
2863
3152
5154
5083
1940
4255
878
3347
458
1679
2263
5105
1497
2320
1574
1987
2333
5171
85
4139
759
3370
3838
429
679
2447
3375
4398
2377
3435
630
4896
4797
1842
5228
4683
829
1360
4661
4909
4785
3073
1497
4737
1665
3074
4606
4922
4797
3053
866
5194
5087
3441
3885
2683
1016
4225
6
413
1955
5036
1806
2488
2954
4382
5377
2497
1137
2173
2802
4310
1491
792
3026
1031
1895
4116
3234
1256
5147
131
4837
2106
3595
1732
990
3558
4523
4896
1452
4463
2223
3282
4244
692
2072
958
4119
2224
2076
3330
3532
151
2697
3898
4777
2741
2175
1029
4140
190
1897
2669
4575
1234
2364
4855
962
105
4858
5001
3416
1681
337
1198
1534
770
371
4826
2273
2684
4007
1810
5228
4611
784
1600
3365
4527
259
2787
4249
1272
2405
888
4683
1750
4294
3161
355
4877
1147
640
3360
4505
1962
3264
2663
1920
2501
4410
858
2420
4330
3898
866
124
919
440
3779
3665
1978
4362
3601
2599
3864
969
3906
106
4083
194
349
269
402
2066
345
606
1242
3546
2550
1742
2099
941
471
3787
134
1800
2054
5064
5095
697
5099
989
4455
264
4391
1769
5115
3215
1329
4753
3433
4088
1106
3170
2838
2588
925
2808
1876
2706
2843
2959
4315
3532
1724
586
1513
561
4032
560
962
404
1701
4469
4064
2710
848
1033
5323
5124
2941
4895
121
1360
1246
2147
1076
1498
4891
4021
2838
1083
4059
2136
1182
1963
2366
2273
1690
3727
1643
982
2224
1767
4950
764
3226
3947
2135
516
397
1737
3463
3170
1690
4264
764
4314
4584
3985
3020
2875
136
1936
3772
987
3036
5022
5091
123
2886
593
1106
1860
2326
2531
2645
3235
2444
3228
20
4293
1417
783
4850
4913
2677
4384
2343
2902
553
4141
1433
4248
3481
401
3493
609
5000
139
4056
522
167
3274
2326
3977
3214
494
4223
3705
4791
930
3410
5014
4971
4056
1870
5120
1770
3021
285
2187
1926
1500
3797
1634
1307
741
2942
3046
557
4096
2895
4237
4946
1566
3947
2932
4862
4047
1352
4505
4717
944
2484
5361
198
3833
4527
3356
761
1680
732
441
1199
3893
3293
4171
3992
3344
406
2480
4967
2299
3728
1806
1226
2611
614
1329
3443
1501
2580
1598
5376
1902
1992
4382
3214
880
1094
3172
3493
507
2961
3442
1978
158
5037
1554
5174
2910
2164
2223
1988
5214
1075
5203
5288
3626
1250
2255
2765
1606
2383
3077
1755
346
5173
3062
626
3895
3884
5046
1348
3552
1005
3635
902
3706
4718
1865
3833
1877
792
5312
4367
703
2218
1535
5002
4638
4526
432
248
3504
4911
94
2618
4138
2056
4456
1324
4832
1014
3638
4981
462
719
2110
2314
4716
5051
1707
4730
4230
4425
29
5024
4070
1547
3641
4224
60
1619
4678
2239
2747
5021
1110
4388
1436
4223
641
2373
804
3153
3067
4243
4557
1664
1085
5011
4470
4862
4059
3816
1176
3268
1293
4314
4552
4176
3803
4495
1004
1163
2881
4277
3120
3974
1728
4847
325
1622
3038
559
1033
4169
3541
166
4186
2601
5307
2243
2713
1140
1775
2502
1317
4950
4656
3159
1230
3385
1264
4789
3641
5094
1545
2973
680
5360
1934
1934
2577
4328
1534
1157
3675
462
4815
3997
532
4792
1722
121
1869
3116
559
5351
5309
3630
1464
2495
2478
2316
1647
1779
1917
4088
4633
4128
4946
903
4596
730
3990
1845
3465
771
2949
262
163
428
330
4089
5032
528
1849
3418
3307
4151
3766
3555
1992
1093
4141
414
2375
5235
4116
1326
2411
402
4225
4353
3485
665
4313
4151
3442
2598
2662
294
4986
1928
2620
2399
4456
4783
1594
4522
1803
771
1191
3066
5154
2307
2831
3012
3318
4955
4469
3202
1774
5072
5114
669
3425
2878
1377
1198
3990
2373
2771
263
5328
1593
2048
2766
2397
3777
1936
1617
1756
2981
2797
995
2918
1010
2116
5378
4111
4483
3651
1973
4008
3528
971
471
603
1786
615
527
1515
3667
190
2223
252
47
4554
372
4049
556
2463
984
4718
4384
4105
4066
1347
2203
1517
4459
1754
4760
4065
3674
3978
1833
3953
4150
2907
3305
1756
3975
1487
3048
4690
1704
4148
3912
1606
1710
5209
1191
489
4640
1259
344
2470
2188
2410
3564
3412
2116
4903
1466
2430
4675
206
600
2369
3317
3707
4934
543
1230
3899
1122
3701
1085
1826
4511
4113
3978
1531
4483
1267
2887
2177
3748
561
4345
139
2547
4005
462
1923
5369
1839
1568
968
135
5017
5237
4876
2478
4776
1132
1961
2601
2563
971
3770
4926
4840
2874
1296
2411
4409
373
1207
3976
1492
1007
2785
1568
1301
3239
42
2391
3556
943
133
4294
5379
266
1443
5186
4477
4146
1088
2051
5115
968
4136
3752
2446
4554
3094
2089
3883
1964
343
3619
1533
486
2766
427
814
1140
4476
2503
2473
587
1815
4388
1177
1968
2629
1421
5005
2687
3986
4021
4010
1155
606
2206
2472
5038
4832
585
1719
5209
2872
1450
3637
4598
4733
1709
3240
1253
2817
986
4144
2297
2240
4886
2648
4044
3048
4146
5362
1898
551
5153
5194
1549
1029
600
2587
3063
345
3674
4289
1874
3203
52
3738
1574
4085
3541
529
4877
2219
2410
1566
2072
2215
4792
4951
2577
557
2375
4656
679
2742
1491
259
29
1760
2448
4224
57
680
1310
1473
338
2114
4762
3119
3856
4153
198
3424
1111
4136
4839
1198
4298
54
3455
3075
1600
2116
2959
1607
5160
4012
4466
2598
1529
2625
962
112
73
5325
1556
4661
1269
4328
855
2269
1515
560
3187
1689
2261
995
5247
4717
4507
1737
5213
1879
5229
170
2674
2079
4318
1516
4376
2367
4294
2691
1847
3770
1232
19
2715
3335
3265
3241
4863
2585
1601
2273
2955
268
2756
5337
1953
3227
1523
3003
4059
4202
217
3307
2578
3634
107
4150
2931
1599
5288
140
4311
2669
938
5344
