5369
1786
4711
3947
880
3330
1354
5328
2263
3595
4237
3724
251
1554
3912
4176
1787
602
2805
1771
1806
1595
1987
1233
2291
2545
3269
2434
2233
3386
4717
1279
21
3900
1988
2204
944
1529
2147
2377
5336
3626
671
120
1916
5166
3678
5281
4706
3450
5079
4436
3586
4990
3948
642
251
1812
4792
1275
5045
2740
4475
2360
1481
1028
2945
3963
2081
3451
1105
2027
1785
4730
3770
1778
2999
4064
540
2890
626
4445
952
4562
2890
3705
2826
2481
969
4277
3670
5171
3264
4222
5090
4521
1353
806
1602
4033
2735
4147
4839
3223
961
4501
4562
2314
4528
681
354
3446
2745
1257
1141
2653
426
710
1752
2083
4910
1036
3112
971
214
2378
942
2656
5066
3786
414
642
3635
576
2104
136
4515
1339
2747
759
3295
1811
1371
969
2063
4695
3351
2164
3437
4082
948
1601
259
1737
4344
1488
87
5002
94
3523
2264
2497
5364
3552
3250
4832
429
2900
2264
1690
806
1514
526
1319
3291
531
619
2100
118
3419
2676
1252
170
3079
2173
13
4713
127
2295
720
5071
4695
1579
606
3597
1500
4127
10
4790
5162
2556
2408
4682
3212
1574
1450
2912
4374
1773
1898
1242
4943
2686
4559
4080
688
2838
1005
5234
3074
578
4801
19
1307
4320
2215
1549
5196
3240
5374
4312
474
1805
986
5099
5229
1202
195
2139
5214
591
1821
1890
5015
3438
30
1490
1779
1806
3536
4251
202
5323
597
1336
3883
1503
2887
1208
3354
4955
3528
4492
3353
2079
2487
4076
4936
214
1702
1874
442
4980
4207
1519
3957
4516
3363
4381
3048
3043
3236
2774
2361
446
4812
2796
3330
4636
2713
1779
5336
4595
1817
681
4313
3420
3705
3803
4435
1482
4761
1547
428
4611
1822
2927
2142
2509
2500
1201
1351
2653
2162
4156
2273
1029
4154
3078
193
4050
1955
2580
1790
1175
142
1964
1829
4785
4497
1972
2397
1045
4083
561
2929
2857
1189
4949
560
2918
1785
387
3527
4016
562
602
1246
4638
3630
1435
2878
2967
5077
1857
3272
1010
507
4388
183
4913
4680
4692
2898
615
2028
2683
197
58
1517
4490
1083
4813
783
1526
1443
1336
3366
4171
1972
3303
343
1936
2074
1326
2502
1897
3240
1435
4305
4578
1020
5019
5244
1036
3464
1789
1207
4202
1429
2990
4483
4790
3856
3110
706
3420
878
2940
1897
6
1087
4344
4472
3265
2255
2074
1811
5071
689
4247
880
558
3531
2685
294
3077
3116
1354
2296
2663
1494
577
2841
2514
3769
3633
1812
2198
4005
4572
4696
2747
2458
259
136
3561
4687
702
1285
2430
540
1473
2091
1940
4718
4522
3953
886
4294
1700
4139
4352
1797
2971
105
2881
4102
1749
3216
1273
4543
3450
1757
2999
601
2718
3880
3157
3744
1406
4091
625
4075
5039
2659
930
4941
4490
4325
5078
1601
3073
4736
1993
3956
1547
2100
3433
4682
1778
1093
216
5078
1157
2895
1214
2007
722
3760
4794
2888
3779
4797
5186
4704
4205
1230
1943
1743
4565
4249
709
4479
921
663
2788
2141
670
2596
5016
3365
2089
3978
164
2960
5073
439
717
20
441
4268
4387
3563
3726
439
3910
1028
2328
610
2628
952
2550
4565
1159
2673
4222
4290
4800
2925
3448
1960
5237
2647
5353
3797
2462
1627
2346
998
2621
3912
3595
2915
2320
5222
2838
2546
1479
945
3741
4569
4080
680
925
1143
1180
963
3093
1339
4021
1201
1242
1206
124
3055
5004
4322
2707
2817
195
4125
1060
3261
4687
4558
3561
2563
3106
1746
1202
924
4797
3308
103
1475
1652
1259
5078
3213
2073
3058
335
3051
1360
737
1574
4377
3216
2503
4179
3465
4758
3536
2301
2729
1792
880
3695
3273
910
3481
1432
5233
4557
4458
4122
2291
2621
4677
842
181
5095
3905
426
1102
4588
4023
3403
3688
3766
4027
4367
2135
4744
5178
1422
1161
2072
1779
1127
3544
4405
4883
3903
1701
1267
2269
3721
3237
5374
4695
3618
2490
2595
4987
4730
2647
4501
4776
2758
983
1988
4858
3385
1726
158
4777
4233
4504
662
1147
5122
3975
1263
4856
2894
2144
1430
2597
4917
469
1701
2903
4455
3063
362
432
601
700
5105
1966
4678
3816
2885
998
4698
163
4936
440
1946
1315
5038
1973
2832
2198
5310
1890
2244
5123
2529
4413
1879
4224
4751
2721
1790
1627
1808
1475
2450
4907
671
3235
194
3681
5304
1561
2514
2141
94
1166
3246
3303
1749
2629
854
2082
1202
3991
1796
355
3564
2117
1684
4406
3985
1491
4294
4353
2847
5070
2707
5343
197
4314
4936
2927
2632
5072
1993
1160
2239
1452
4501
4986
4991
91
3419
4238
3662
4121
5176
559
3352
4580
2907
1479
1491
738
1175
223
4953
3961
1007
843
5213
4005
2878
29
1494
5174
4885
653
4446
845
525
4134
4482
329
983
1470
1175
470
1890
967
2890
511
3242
3302
568
4988
1766
2332
641
1828
4403
4867
4423
2139
4125
555
1920
2420
3320
4183
5300
3307
5021
3072
3369
1036
3570
841
1780
1430
469
5301
4519
4124
5214
198
4791
982
3975
4072
3952
5385
1554
941
136
3748
4352
1361
5122
15
315
2062
987
2625
1592
2325
2305
5337
3346
2343
1127
139
4056
543
1457
2487
1242
4226
875
1898
1924
2164
3128
1360
2339
719
930
4704
427
2154
2879
1762
2420
2879
1430
5022
4197
4914
1271
3420
2369
206
4155
1667
2364
1602
2936
1836
2785
2433
1866
677
4680
3822
55
179
792
1834
3140
859
1249
561
3397
4469
3050
4739
1126
91
3416
4105
2739
2701
1140
1033
3811
1661
2106
4774
2713
3550
4912
29
4825
866
4324
4914
1089
4946
1408
4749
4612
1476
268
5203
579
4112
877
3549
42
194
4552
3728
1543
3320
2893
3129
1630
5114
3621
1820
2945
1659
2383
5173
223
4863
3690
4027
2865
2701
5362
2332
2963
1755
4411
94
1408
4867
611
1938
4067
4459
4311
4073
1259
1530
3055
527
1235
4547
990
4874
2816
472
4465
623
2595
1497
1695
2999
1512
406
5389
5095
2080
3282
884
34
5171
4152
2199
3360
5091
141
1095
4595
59
5208
688
3123
3095
3055
3799
3956
1155
3278
197
1736
73
4716
1005
5154
2903
653
2803
5345
4243
182
4729
2502
679
4936
4985
803
2794
1264
3884
3900
3427
3303
4558
4073
5184
903
4506
3438
3985
4883
4149
4366
1469
2584
5120
5227
3154
3816
1898
1811
3759
4564
3721
69
4614
3536
3217
4301
4747
2942
3799
415
1007
3883
1452
1271
2198
3963
5205
1450
1993
1434
2346
586
2186
118
45
3963
1123
2803
4198
523
3011
371
2087
2113
1443
4457
751
3913
1240
2141
1710
3722
292
670
4482
4078
2608
987
1044
3315
2592
597
4580
5218
331
3556
2470
1513
4730
1844
4566
562
3343
180
180
1138
2902
4007
4737
1901
1244
3051
4499
3291
4802
2796
4783
2677
3477
5041
1729
3604
3434
3973
1491
885
547
4943
198
2909
2312
431
1466
2630
2735
4553
310
2848
4245
2967
4873
1254
1781
1348
94
706
537
4250
2902
653
4016
3341
4880
3427
4225
599
1602
2967
488
947
2419
3665
3943
2600
4169
3670
1840
3253
5221
1867
943
3695
1820
2187
3131
4523
2204
10
466
3529
2115
4318
1659
3043
3975
4444
875
4234
5121
2802
669
1069
4034
2022
1275
3822
1504
4240
2072
5109
699
1263
3850
1707
2713
1556
1088
2782
398
1814
3203
684
2936
1119
417
3070
3020
2754
4410
4519
717
2826
4729
4242
546
4408
4990
1879
82
2206
3112
1691
1269
4741
3952
3172
1755
1202
2888
1865
3171
325
4997
680
1519
1838
1811
4407
2911
5213
3400
1807
390
4745
4435
1231
1801
1138
399
4524
1226
888
903
2878
2108
1535
1790
4264
1739
1395
3779
614
1596
1953
2674
2325
5292
2700
1793
2585
3978
1774
2451
19
1242
272
5014
2936
1474
5036
1002
1839
4155
3400
4946
2588
989
4741
805
3445
2584
4239
402
4794
3637
3436
2797
1595
4552
717
2764
4555
921
1980
2874
4784
1953
4130
3480
1140
3680
2025
1972
1993
2953
4581
2960
1756
1337
3963
2069
3462
2888
645
575
4967
615
28
2503
4691
1353
2407
2320
4124
2184
1480
5384
1992
2211
985
581
921
570
2333
5339
5114
2319
1327
4512
1123
2863
2912
2701
1606
5049
2022
2207
4761
1456
4704
3278
1431
1832
3294
1811
4457
2165
5166
339
3975
3631
3895
343
3816
1878
2579
4368
4455
600
3412
1728
3973
2886
1487
3420
107
2831
2647
677
1005
3213
1898
2470
3471
4675
2078
4102
3855
2309
3468
2370
3011
4762
5004
5173
4680
4117
1690
1128
4606
4413
414
2628
2593
2920
3365
3776
2333
1923
1925
4100
2940
2838
4695
4598
3886
147
4105
4698
596
4992
5212
5361
1662
3523
117
4579
4922
4121
4738
265
957
4179
1271
1272
1583
1182
360
1337
4059
3955
2662
3423
3823
4050
5209
2548
4247
5066
284
387
3775
1014
1837
2128
2801
3395
1630
5381
5147
4644
2959
3586
2923
980
3364
2314
1473
4937
3621
4597
3267
3561
2668
111
4608
4223
4755
1372
1180
2601
5046
3974
4356
1225
2514
2596
1265
1592
4475
2765
5339
2502
4763
4083
2023
3223
2548
3078
255
5039
530
1257
3621
5389
859
3453
2202
2026
1921
1400
2397
2922
1808
1561
3648
398
4690
4739
2890
414
1543
2420
5291
5011
3937
1462
4953
266
4783
3553
4207
706
4916
4290
2032
2276
439
5377
1955
3261
105
2843
5361
1665
5372
57
3470
2875
3634
670
1722
2199
1180
4267
2742
2592
1832
1475
2980
415
2246
1519
2902
3152
3063
5363
54
1648
4572
5149
2180
5016
331
2069
294
358
1785
803
1968
1102
537
3941
330
500
1834
561
2738
973
4558
986
1291
709
3455
415
3707
3939
1963
3727
3679
557
4459
4981
3572
1944
4358
5080
570
4833
2415
264
5051
1426
3468
547
566
1820
355
712
880
4848
2216
3023
4184
5196
1681
4991
3053
4735
1878
346
4382
2859
3215
1214
1878
1462
2301
529
3211
372
3990
4138
20
4494
4472
4356
1517
1443
4636
5163
4224
2659
402
2142
2506
3901
1817
3910
3067
1257
958
2684
2932
2441
1326
2785
3958
2710
1992
1123
3349
2761
2080
1502
2831
4988
5290
2064
329
669
1137
4082
1026
4486
4044
4127
3897
3595
1201
3769
2473
87
1535
2198
2316
1500
2910
575
2469
4119
4397
5306
3554
2838
1184
494
4991
2843
926
1921
1233
1497
4704
2334
4117
3416
3245
1244
968
2366
407
5225
3012
4272
496
1768
2325
4652
2363
1779
542
3497
1753
3185
792
162
2700
1501
3895
2718
2028
4954
5169
5048
670
5004
2774
737
4954
2608
374
3074
249
950
2398
3388
5215
1898
999
2458
21
4112
5310
1371
1199
2405
3270
2905
2592
1783
3906
3948
1771
1680
4914
2945
4203
2558
701
4897
1938
1202
3388
1535
4306
179
1028
581
351
4652
29
2116
4244
796
2373
3395
4938
903
4753
2700
139
102
1857
625
3305
4519
1858
2929
4877
4082
4136
416
1816
4119
57
4549
2104
2557
1088
141
5328
5001
2020
5022
1724
1311
3427
3656
1708
3369
1474
4738
814
5000
5228
3899
4036
1895
633
2580
2686
4324
3882
3331
4884
1478
3662
4404
4534
3986
3881
4482
439
5065
1279
2549
859
2977
2880
1728
1952
4685
1004
1738
3282
3295
477
5021
640
888
4700
712
973
3153
383
5282
140
4752
4543
4595
2361
4403
4195
425
3769
5073
545
1229
1691
2837
3210
4941
4153
1799
2346
4104
4089
2466
1759
4143
5317
3481
1782
575
162
429
3425
5040
600
2108
5057
3187
3983
374
5053
3273
1372
3244
3691
3471
42
310
1311
4238
4408
4290
402
4955
4012
1272
4205
3923
3308
4800
489
1431
4142
2767
1680
4366
4801
711
2721
4312
5119
4951
4887
328
356
3051
2433
1658
105
4549
2114
2727
4403
2888
2276
2643
2489
576
2420
1435
1963
4413
4046
2213
4301
556
2728
3396
3215
5202
2700
4255
4120
59
3441
2313
168
1945
108
4376
3906
4180
111
4923
557
5095
1206
2604
4504
5216
5327
4102
3224
5311
1464
4353
968
4047
921
585
2927
1537
1779
2620
3637
2710
2949
648
1754
3659
1775
2662
988
1176
4247
1055
723
108
1479
2064
5120
4525
4410
3317
680
19
2878
4207
2304
1823
3679
1959
1346
2630
5092
682
1788
4739
1874
4471
4477
3773
1407
5186
3386
1537
155
1126
963
872
4040
2558
3074
5124
1476
5160
247
196
623
1640
1284
2298
3227
1159
2593
3355
4680
4046
2869
717
4783
3273
2409
632
5061
4143
30
4980
2480
4397
1123
2334
1184
5228
59
4949
803
4730
864
1746
555
4469
2204
2629
4592
2078
4096
4904
4584
3140
3084
2847
362
1512
3633
2177
2022
1560
1932
1400
270
2446
2177
969
3121
648
1942
2755
1224
641
5235
4050
3074
2668
195
1681
1626
3470
1143
942
2889
2747
4326
1426
5342
4322
3297
3348
3184
523
1317
2592
477
3395
3087
776
1456
3011
1724
5291
4225
773
5380
3633
3130
3855
2880
3392
1222
4115
2742
107
1708
3396
47
1720
614
3839
2223
1423
636
3376
2175
1317
4123
3621
3729
191
1590
4938
3345
3366
3082
4573
1834
3627
4376
3023
3630
5016
4425
2962
938
3905
4734
3339
1930
601
4120
2894
2721
4986
5215
1466
1602
2112
1737
1398
3883
1270
4134
736
3701
4512
3722
1849
1415
4019
4116
297
3727
1686
4271
2803
2803
2091
5195
1683
3639
3532
4715
83
2504
4938
4403
4446
2912
770
4381
1811
1703
4993
1966
4474
5082
273
5230
4706
73
1361
744
4907
4410
2725
2908
5020
3604
4066
5093
2609
351
3883
3116
4797
2925
2939
845
1421
4547
4128
1539
713
924
5029
2973
4154
3860
1166
4992
4992
3562
4066
3595
1421
2663
1839
4521
1157
1594
3527
2857
3355
1810
1296
3009
1354
4142
5120
744
2307
424
2314
2374
2500
1840
91
1545
1708
3074
5253
623
5161
952
88
3237
4522
2662
856
54
529
4677
4681
1784
2215
4553
4149
677
3158
4459
2093
2455
4021
2907
431
4132
5195
4501
3772
140
1685
1516
3253
2244
1806
2165
532
2665
263
1481
2921
4612
3828
4047
4920
3963
2502
3774
358
1166
3825
3319
3993
566
2923
2978
3824
3082
1894
4100
2115
685
2136
1350
1744
3640
1324
4757
4056
4981
866
471
103
4059
985
1480
3687
4847
3370
5253
13
1648
54
1323
2108
3462
1606
4920
4901
1680
5116
3585
1777
602
4197
1140
3339
149
507
1691
4792
2142
1501
5037
210
4788
720
3743
5177
251
2647
3758
1763
4385
1683
2941
4925
3823
2593
4080
4948
5238
635
5163
2859
221
4164
2232
4021
2645
1777
2143
3991
5073
4478
2550
1206
3074
1821
1700
4106
5208
1680
2291
2655
4435
1444
2366
3011
1607
4027
1402
732
2531
4198
1774
2318
379
1798
1242
4492
3187
5013
2579
3073
3300
489
4047
5119
5011
196
4520
3550
738
2114
1229
2967
1231
4060
1319
2663
4095
1437
5037
2961
5317
1823
2325
4313
3541
1202
4456
3406
4555
2082
4917
3475
3385
466
4404
3992
773
5031
849
1966
864
3396
5049
3293
5166
1558
2859
4830
4328
1938
479
4492
4739
3438
1708
3774
1335
3825
4289
295
599
2890
950
5253
2024
4877
184
1433
4059
3051
489
1477
3585
1206
4234
4438
5376
2265
61
250
3940
4109
670
259
1224
2894
3755
401
5090
2837
1189
626
3424
4604
2904
1120
4208
1643
688
3171
2211
871
256
99
4284
2678
4164
425
1767
1482
3789
682
4789
3020
2020
4483
3221
4889
2026
4749
2579
3559
4204
4278
270
3273
4790
1925
3824
1159
4144
4088
486
2341
111
513
4888
3912
4224
5363
2188
1960
5237
1743
3957
2116
4478
4468
4953
1080
4186
3265
4482
730
2742
1482
379
2563
625
4067
4021
60
2278
3727
1335
4474
217
1438
1452
3906
3983
5175
1993
3356
2716
2430
2245
5005
2019
1960
1727
127
2831
2025
3771
1470
1925
8
557
1476
4470
3239
229
1926
559
3600
5045
1470
3444
2240
4204
1905
2626
276
562
1622
1249
4787
3778
632
1833
4862
4475
3531
1937
1141
5061
4757
1923
1479
380
1822
1791
674
4581
3974
734
3802
4492
980
5388
1188
1763
4658
343
2257
527
2960
5327
156
2106
4990
1794
5106
4427
886
2669
1281
5063
2759
575
5152
4237
5202
4789
5160
1866
1695
558
2488
3680
4814
3003
121
1576
1781
380
355
1780
516
3905
1480
1903
4362
3462
1844
4733
1323
3075
5097
4543
545
1075
5184
3217
4471
511
3370
1007
4184
2716
875
2312
207
1285
4270
5281
679
1962
5098
5098
5382
3057
3342
3455
4272
3650
451
2252
135
5044
2466
902
1686
4812
117
1531
3776
988
3300
5011
426
761
959
5211
1400
5029
1
4946
1634
3576
5238
2942
4903
401
511
193
144
5016
3940
2739
5230
1794
111
396
33
2188
877
2282
2735
1358
2410
1343
3497
2064
2685
2240
1738
4733
2794
2981
493
3898
1529
4080
4133
5175
2835
3135
700
5378
5196
2766
1841
354
3294
2144
5364
4770
4056
906
1152
4066
2856
4144
3937
3023
2655
4267
4758
1273
180
2371
5066
3238
6
211
4264
4504
4566
5229
1937
3961
344
3375
607
3003
1842
2136
5031
906
700
1023
5323
1221
1857
2200
713
4993
5043
4521
2879
712
3450
57
1908
1987
1407
4306
3077
3007
3092
5227
4636
1892
