3037
5027
3493
1793
3220
950
1466
2077
2747
2487
55
625
4515
999
4139
4406
3879
316
2501
1751
3467
4245
1694
358
2728
5080
1092
4397
4785
2721
1481
5189
5083
2052
5014
3444
2074
4516
446
551
1335
4490
1603
1499
2592
1931
439
4564
3365
4271
5202
4146
3972
2187
674
3472
4499
1503
2327
4229
349
4939
3134
551
1430
4426
2914
736
3578
1202
3075
3380
441
4706
4907
4885
1928
441
2611
4214
1772
3972
3639
2925
270
257
4380
2509
3053
674
3246
3631
407
1695
4411
609
4078
111
944
1959
52
542
5196
2325
2495
4774
2411
1465
3570
4964
5369
266
4553
3753
3722
4293
2379
2546
1615
1779
4122
4465
135
3319
4700
3567
5233
1451
3952
2497
2801
1156
3986
1808
3656
474
329
562
2319
2214
3350
5227
3355
421
2341
568
4682
2667
1849
4027
601
3273
3769
2074
315
2408
1560
1665
3055
4583
3558
88
4964
5351
3631
5178
2805
149
2662
252
2608
591
1311
4590
469
3536
4009
1709
2648
2671
670
91
741
2155
4289
4477
3556
2568
1703
1643
3442
1433
1296
944
4413
5336
4524
296
3303
3900
3012
754
530
3657
2500
1993
4514
3978
3307
3585
5339
2073
1917
4696
1781
2487
2669
526
2245
4121
5042
1594
2837
4783
255
3776
4837
1516
2841
222
1175
1467
1208
1918
1491
607
426
3954
2953
1708
4955
662
1395
1547
4105
3129
1754
2211
358
1285
1794
2233
1147
4171
859
1918
5163
3758
2945
5222
2773
3274
841
4195
1256
1550
3912
256
413
3324
3013
4901
4526
1895
2598
4177
1805
2664
3957
2658
2945
1842
432
3079
5364
85
5301
4684
3587
1429
1285
1726
4241
3963
3760
3943
1943
2312
421
4483
4596
1089
4520
1476
1817
1254
4469
4155
568
4673
4132
1417
2342
3567
516
4241
2545
5192
2919
4756
3799
4164
4459
45
5099
1772
223
4416
123
1199
478
1429
2609
3129
4134
1722
3948
2922
759
500
603
679
841
5043
3910
3766
4031
2374
4598
4848
4528
440
4989
2722
4061
2497
3829
4725
5327
3564
888
326
2676
670
3708
964
1250
1266
4676
2923
4937
1824
2430
3004
131
2962
814
1390
4021
1627
2415
3971
4549
829
397
3455
1902
2154
1841
759
3620
3904
1353
697
1284
878
1282
5291
214
3250
349
4715
4010
5047
1014
1648
3523
3865
2880
1742
1683
257
3419
5349
4035
1187
9
2325
1028
3213
1941
1270
1456
2656
3236
4146
3309
609
724
1229
2958
5127
1044
1493
1390
610
994
191
1267
4176
2409
4652
3282
4950
1326
4656
4314
3691
2408
85
1083
2760
2373
229
1615
4718
1708
2333
2307
4993
5369
684
4739
1918
4923
156
4091
1493
3596
4294
1456
1465
1946
1566
379
2314
3803
1758
1931
1353
2083
1772
2936
1322
1136
5088
3533
441
3650
2328
4289
843
3828
2801
3170
1343
1416
3364
2911
4043
525
3779
5166
4697
3679
1007
681
980
2678
4792
1335
3816
2449
1567
4005
555
2890
2683
2106
5195
603
3743
2898
84
2604
553
1087
4239
1279
1253
2441
1514
4375
2022
2179
4072
1949
2765
560
1653
13
602
5020
1233
1361
1834
4338
3816
3255
4970
1667
1916
1682
4250
1801
3271
5112
5095
5095
1546
2715
515
159
285
2742
2142
225
3550
2794
2469
5311
4125
4089
4423
2643
910
2789
2773
2210
1704
131
223
3235
1293
15
1681
2656
1489
3438
3320
5379
5105
2504
356
2797
877
278
2410
3973
4008
961
966
3879
2742
2883
5043
1628
2908
4769
1890
963
1488
2082
2261
5235
4367
1708
3651
3044
4562
663
4067
2269
974
2487
3899
3953
1370
1026
4272
223
3948
2480
1122
4127
2847
1427
1250
5115
1786
1746
2407
3738
1897
2346
4224
489
2898
1049
1530
3880
1473
4021
1939
2887
2748
3651
2361
591
5253
980
4318
2963
425
4631
3131
5212
950
4640
712
772
5172
125
2032
2789
963
5364
3618
4234
2658
529
340
156
4271
1520
1710
362
3662
5312
3855
2503
3986
523
5381
1270
1371
4090
2788
102
2785
3947
4885
4083
552
4072
2108
3129
3747
3662
5336
4740
3062
4564
3886
699
2448
4578
190
942
3431
4169
4367
3012
4293
5229
2027
4240
2620
2764
3621
3241
2504
4524
4151
2470
5080
3239
2920
4892
1009
2360
5244
2390
156
3556
2807
4362
0
292
82
2423
2611
2563
4555
1788
1606
4935
3318
1903
4040
162
2342
4955
576
2468
2621
988
4716
4195
167
1052
62
3349
1851
2588
2468
1436
4132
2343
4277
1060
1665
1897
3385
2421
3278
2147
345
3641
2419
4688
4098
653
167
2548
4405
5107
1324
1258
4406
2588
2083
1917
4980
1069
3228
1465
5093
1874
2869
2727
4338
2475
2020
930
3664
2358
4478
1206
16
1407
4345
3641
5116
5178
3388
1750
507
4917
969
3439
4585
1383
5051
3983
1371
1155
1602
4496
2564
4507
2683
1658
4036
5282
2142
4548
4521
3448
2715
3983
1028
294
3504
2423
4010
1928
445
2201
4826
1966
2890
552
4250
1899
3493
4724
3978
5203
739
3572
3227
3837
3915
5105
4413
4694
602
1764
982
1780
2233
4412
4997
1513
111
1052
1319
2189
4177
263
4476
2910
3978
1709
1390
3408
4465
2434
1924
4951
2970
2905
1235
1921
5372
1087
94
1836
2924
3913
4326
4127
3752
4388
3664
1758
3972
2332
4031
1938
451
3343
4127
4762
2982
563
2054
1547
1702
4143
3656
5175
20
1160
1249
4657
1750
3040
4788
3300
4154
18
2872
2816
5093
2888
1501
4067
1360
1615
2897
1022
4690
402
3161
3342
2434
3253
3476
3602
2309
69
1576
3441
371
1445
2913
5015
5338
2246
1430
3159
1774
3971
3670
4514
5002
3943
1844
3235
2246
1921
1843
2903
1824
2073
1966
594
3477
3672
1109
5077
951
4365
4883
1339
4107
1343
1942
4749
4813
1189
29
2109
3601
4604
3140
3469
2367
784
4271
4824
614
2833
5051
2100
566
5116
4792
3294
3572
1450
4988
3656
2942
4907
1816
2481
2667
415
4992
1831
2936
278
3270
3753
4838
1141
3369
4523
858
3221
2497
2796
1584
3566
5154
2627
1629
4238
740
1603
62
3576
4382
5266
3157
3473
2218
3063
1792
3776
2243
2447
1317
330
2105
4981
1576
1280
2245
2358
2671
1557
1829
3937
1960
920
1087
2676
1566
4314
402
3418
703
4840
4184
1941
1828
1434
4746
918
784
3423
2550
4480
3839
1993
1956
2076
2760
708
1719
3433
3663
4756
3346
2255
1592
3064
4169
4695
3991
3469
1576
3468
1499
4385
1154
4264
4948
3621
5004
3888
2297
4089
607
3640
2342
721
2246
1444
1640
4770
4412
4524
1222
4534
678
639
942
1664
157
2904
3237
630
4060
1184
4989
3631
3124
2032
903
2808
3752
2501
4770
848
467
183
772
5037
636
3051
3305
182
2832
685
5017
1539
4690
1851
1337
2895
3240
1223
5123
3119
5025
4785
878
3341
1438
2967
5351
2213
2922
2925
2653
2906
163
2766
117
578
2760
5209
2736
358
662
4688
1457
5123
663
190
180
1518
2332
950
23
1730
806
4584
2467
5184
146
1182
581
1640
3152
2911
5216
2980
2625
3023
3234
1336
4566
764
3598
2556
1336
4910
5080
988
4825
5029
3241
4832
2327
3595
2947
856
1845
1327
1554
1962
4658
3236
4123
4320
1429
1772
4943
19
3452
4794
1804
3469
4711
373
4840
4076
5345
2076
806
2629
383
2206
2410
3738
5092
4264
3345
1083
4095
3347
1005
4748
3889
2079
5234
222
4380
1778
759
421
5068
4729
4789
2232
4480
1193
4783
2707
4742
68
5319
1570
1622
2422
3665
2853
1347
5004
2274
4225
669
4752
951
1119
4097
2217
2112
2611
3880
3562
4700
414
4911
1113
1740
4864
10
2451
993
730
3651
4134
4277
147
3120
3753
2482
4228
1708
4511
2885
1470
2833
1729
640
1711
4754
2245
3884
4186
5012
5378
971
537
4506
1739
4204
4473
2620
1482
4446
1033
4320
1501
3886
4047
1823
141
2309
4862
5230
3133
665
3159
4756
2911
783
3214
2318
1769
4069
4839
183
146
1761
4790
1829
1291
5380
5379
2451
4854
2835
3438
4143
1750
1837
3903
3656
2900
4690
4040
4078
2309
2684
2874
4132
296
377
1296
1627
2973
4358
2024
964
2584
1953
3083
2648
1993
4787
1927
3601
3431
2309
3223
1763
3552
316
3344
2458
2274
2391
214
2665
2915
2576
415
1260
2441
3335
4091
4121
1932
2444
1810
4951
3678
3378
407
3242
4644
3904
1738
5051
3330
5001
5196
4310
1108
2666
1222
3420
3983
719
17
1514
999
507
4375
1761
3893
1004
3721
1302
3171
2410
2904
2827
3301
734
474
1551
2411
2942
4320
2886
2470
1776
2451
1450
1570
1469
3991
2448
4178
4922
1778
3234
2587
2878
4690
4573
1474
3974
3402
2264
2754
3316
578
1279
3211
4108
4027
3883
2318
3737
1329
1417
926
3587
2665
1473
3170
4496
1517
3308
147
1512
4255
2430
872
4152
2529
3083
3527
4078
4716
1816
2128
3566
4901
3048
981
4912
1442
5189
582
5082
4997
4470
3439
4117
94
3708
3753
2201
946
1143
5024
4694
4017
4392
4007
4855
877
5192
3023
1988
4901
4697
4713
4246
2665
2659
5394
1755
5206
2469
1719
4848
924
1029
1978
1631
3203
600
5186
3359
204
2611
2963
2760
3638
2223
4035
396
5338
706
5216
4925
3335
3309
1680
5040
5290
5211
387
3268
3172
1648
451
1918
5363
4512
2785
4070
2165
5135
4836
3887
1193
4027
4097
574
3939
3395
4097
3214
2847
2755
1479
1184
4228
3075
3278
4155
3000
4900
4738
3439
5087
5229
3772
4458
4572
1739
1177
4863
3000
1945
5044
2730
4324
1640
4907
1340
1968
3681
1828
4885
2141
1469
269
4943
2506
739
4874
1814
4147
3756
3010
5379
2203
1429
4073
1897
4008
406
3294
3720
1711
329
2090
4525
2551
1234
1337
153
5012
2079
2312
4846
100
1224
151
1085
1797
918
19
3672
3378
2068
2794
5221
2339
4225
2664
1790
1343
68
2091
3305
4812
5169
5036
4318
4027
3316
2047
3541
983
256
1467
974
278
3264
131
4553
1944
4903
4832
558
141
1919
4949
1417
2922
3043
2687
2902
1502
4730
1434
3010
4082
2883
4223
184
5307
3678
2135
751
2880
3007
1552
1800
1160
4459
3077
3430
2874
3978
170
3084
1870
1434
2931
3753
670
398
1688
354
4676
607
3993
1842
4573
2940
5327
1480
1016
3475
4207
3462
310
4514
4130
3152
3578
997
2885
1767
5214
761
586
1895
3378
3367
5160
4343
2551
773
2914
493
16
2980
1291
488
3631
1347
60
3448
1005
2678
2203
3690
4425
3563
5004
105
3331
1928
5016
1390
614
1240
5310
1289
270
578
2320
1438
4169
1662
1060
2188
120
2054
2112
3747
3401
488
4578
1552
2559
3701
1867
5161
2847
5201
4760
3053
1479
193
4392
4476
4031
5176
4095
4435
2366
4153
5176
1737
1823
4020
1931
1753
47
2940
2835
4729
3058
1689
845
924
1502
3241
5093
229
4903
3952
4228
440
866
3966
5087
576
2954
2407
1549
796
4694
3380
4526
3295
1663
4965
4592
938
986
5350
1407
4907
609
2479
2963
3408
5077
4951
1966
2621
2987
3973
2027
2066
3564
3600
5202
2376
4988
5369
4677
105
2740
3618
2632
3217
1290
1234
131
1974
579
2064
2153
3249
3062
223
4745
4990
3450
4735
196
5225
5376
5281
2451
3554
338
4915
4680
3963
1786
3352
3043
3356
1397
1279
1988
1626
4356
4954
2771
3294
1607
1786
5107
4204
688
4921
3048
3348
4953
198
2111
338
4950
2710
2940
3450
4534
99
3563
3562
1864
4107
2128
2135
3954
1724
1128
2089
278
206
2246
0
3448
1252
2136
2112
4953
1188
229
581
2203
5083
3221
4233
1757
940
2734
4858
3955
1010
3833
3971
1780
5082
938
5123
1558
1161
359
3430
1623
4021
16
5119
2397
3067
1568
1859
2444
2295
4068
4695
4328
158
5135
3267
1722
5002
4083
102
3725
2007
4185
4068
3466
2774
3636
3073
3634
5227
2878
4738
4083
4272
4078
1879
1467
3973
4298
3943
2320
2597
5195
3885
5046
500
1959
3820
1069
3094
51
4151
3268
1845
1940
4198
2415
602
1319
5147
599
2960
3462
2920
4176
3292
1590
4981
3235
2787
1187
855
2291
1849
2630
4208
4751
315
5025
429
3573
4291
2450
2027
515
2152
1235
2758
1805
4208
1837
3437
1803
4330
4066
5004
2673
1166
4776
190
3832
375
4558
1531
4019
106
1243
416
1682
880
1707
677
5067
4565
5218
2202
358
3051
1076
959
1638
1802
2869
3261
2104
2954
2282
4748
1839
496
3897
4697
4792
4183
2206
261
3620
283
51
2577
2926
3392
1627
4479
2027
2319
5247
375
272
4575
3972
645
3014
5147
4492
442
2099
85
1729
1928
2257
592
5376
2143
316
5031
1953
4133
3010
407
1498
2972
5086
1866
2269
5123
3070
2082
853
155
1960
4735
4495
345
4214
3380
1110
4794
4385
5152
3119
3401
56
1639
4142
494
1643
1293
4255
2153
4992
4572
3901
3673
136
4989
2144
2947
5325
579
147
2962
1273
983
19
522
2007
2462
4195
2556
117
4169
1851
1581
1031
4599
3586
3437
4049
1781
4636
278
3128
1123
2539
4129
3555
2189
4889
2203
3744
142
943
5017
4365
4427
4743
3058
4476
3309
262
4941
4762
1626
3335
5072
1406
1126
5344
1390
3828
553
5073
540
2647
1623
1755
4292
2064
2019
1606
1310
2906
196
185
4578
3301
355
4474
496
335
4753
1828
724
1105
1840
8
2669
4689
2550
3087
1550
4839
3604
3416
3322
2155
4322
3529
3556
5038
118
5177
753
2591
1570
1397
4353
5171
2910
4490
1390
3627
2663
3972
4111
1033
784
920
2741
710
1947
2295
4742
4690
530
2971
3431
4126
69
2482
3576
1074
193
4992
1141
1774
1004
196
4740
5213
2314
3074
105
3549
3255
1723
3570
2062
848
1307
2901
3455
1206
610
692
4036
783
3724
1253
1623
1622
1478
1601
1606
885
2550
5011
2740
1980
1606
2032
792
1973
4738
2423
3010
3640
3202
3224
1685
4229
845
4572
1481
1280
446
4525
2885
2305
2105
3215
621
5202
1491
69
1876
2064
1475
4106
142
1687
5046
1208
1182
2697
3901
597
2302
42
3168
2179
5230
1244
3575
906
2775
575
4207
2304
1631
1175
4954
2979
4955
1351
1421
5166
3388
3708
741
1475
2627
1833
3747
4388
1607
1683
1840
4238
1266
1462
1663
108
2124
3211
273
388
2466
3822
4698
4640
1127
2216
2223
2136
5137
1993
3392
2760
4362
1935
4891
4934
1817
2456
1499
2052
3124
5036
1781
5025
1941
1920
5378
2929
2390
562
2980
5046
2313
4073
3453
4388
623
2411
1759
1133
928
2666
3708
740
1860
5083
4184
4911
1658
57
3606
1902
3341
1400
2056
918
207
843
23
1265
1852
1499
3833
3451
1284
848
4904
2653
5238
284
3912
5086
3816
3424
2372
2473
1894
3012
1028
3292
2340
3494
2500
2853
773
2889
1198
1792
4527
1498
2153
3240
1814
4698
2880
3339
5171
1076
5235
486
2116
980
856
2305
5019
4184
2246
5138
2579
4990
5171
428
3799
876
3722
4152
2021
2022
2327
1225
1189
4289
462
3720
3401
903
964
1784
994
4856
5039
2557
753
3963
1702
2419
1519
4391
990
3130
2419
4558
570
888
776
2188
993
2918
2189
2027
4504
374
2667
2658
4554
2936
2580
1418
4909
4124
5137
327
5004
3729
4758
4250
1566
183
4141
805
283
1758
416
4097
2842
1878
1537
5014
196
2546
559
4133
3954
2740
5085
3941
1858
5109
1160
2026
4711
4681
4214
118
5234
2105
1254
677
3529
1271
737
5098
4814
3420
5309
4985
3860
2105
4241
3679
4724
430
4104
3747
276
428
5116
3680
179
3445
407
2628
930
1231
3009
264
859
1267
4719
4824
4183
1684
2578
4512
3532
2880
5310
3273
2327
1147
4083
285
2856
4713
3825
1022
2483
3048
5017
3974
3427
1020
2982
1477
5237
2894
4047
674
2759
3536
2099
278
1815
1479
4812
2900
2154
4398
2782
2374
3345
2180
441
3067
4005
1816
4954
2363
777
3474
297
1351
4951
3110
4526
1360
1489
1921
732
1093
4847
1647
2677
2918
221
4362
2117
111
4698
3833
1704
3729
1326
735
1494
4760
3185
5107
2591
1679
3893
3076
284
2909
5380
1537
553
2232
2107
4527
724
2665
1629
4554
4184
4412
1087
4745
3244
5238
1967
3596
5091
3586
3282
231
586
796
2082
834
4176
709
4687
1328
1033
3392
3442
1502
962
4096
2962
609
2430
4523
278
343
1482
1263
4412
3838
278
4109
2766
619
3272
3162
4680
3771
3729
3411
2795
4644
52
2434
1602
1193
3983
5328
5266
4014
4302
1993
4598
2025
2953
1049
2503
191
1224
5344
430
3270
2529
578
951
1167
1402
1810
2497
60
1781
4480
4505
3538
843
626
5174
5112
5152
2419
3803
1887
1191
3770
1541
4790
3992
1919
2883
420
2296
1589
3650
4404
4847
4073
2926
1415
1892
3771
4746
3902
4715
805
880
2632
2278
200
2507
5098
5237
3598
4501
562
486
2022
670
1193
3896
2371
3472
2872
2122
4251
3465
721
157
1326
263
2901
3955
4547
3038
4239
2500
4778
2200
1904
1546
3504
3530
3087
3293
3673
1198
7
4056
2206
842
2974
2366
5352
2880
2774
2954
3725
1401
2185
1319
4115
5266
4088
349
4910
1925
3273
328
3013
2954
3085
3365
5234
3473
5323
4922
3864
4129
402
1193
2936
1473
292
2727
4284
3240
3896
1252
4867
557
1788
1
3912
8
3553
673
1776
420
4800
1960
2647
