574
924
706
565
634
809
730
751
718
778
803
896
965
883
873
755
580
845
616
984
565
682
514
713
914
768
725
592
675
714
544
534
910
679
613
527
844
536
947
728
890
727
910
661
972
793
795
796
642
976
766
737
551
640
923
501
672
783
966
744
564
957
932
727
653
670
556
909
816
958
607
811
759
624
539
799
876
875
884
917
525
781
724
583
729
774
965
676
571
838
926
889
988
945
690
893
761
507
861
825
909
940
703
603
710
818
503
915
709
791
770
934
673
693
505
641
887
582
532
654
655
754
738
585
644
551
875
757
550
570
984
979
743
686
725
534
538
852
522
708
813
644
914
649
820
702
516
964
938
986
599
646
866
687
767
862
647
659
574
509
814
931
597
524
673
519
535
757
555
892
946
536
906
552
723
501
605
697
500
763
602
927
594
768
810
640
797
960
917
619
856
666
826
733
846
746
936
781
627
758
620
524
599
843
969
625
817
698
828
831
778
796
578
686
577
717
883
802
651
933
908
671
587
890
846
919
967
920
595
626
657
518
722
843
557
748
705
676
651
978
553
678
658
721
793
923
754
587
554
930
777
605
753
779
570
836
666
508
941
882
554
894
833
626
860
671
816
526
750
643
513
590
684
930
662
831
891
699
617
928
973
830
800
855
802
638
637
902
935
804
937
769
523
886
638
614
678
918
969
715
704
849
887
659
755
702
642
523
685
614
525
825
575
765
896
728
861
975
898
528
588
907
811
792
515
669
761
520
629
947
750
720
537
667
615
679
613
507
829
919
856
521
966
535
513
552
645
813
569
956
888
864
663
654
591
908
827
655
870
665
879
716
872
877
598
740
760
854
710
830
809
791
818
978
870
601
681
621
922
853
581
983
586
874
868
510
827
944
576
648
962
504
815
974
851
593
806
850
741
745
832
732
737
515
762
623
772
553
741
907
527
540
938
880
706
731
505
646
514
715
540
804
972
819
627
847
588
579
745
888
819
603
583
634
732
600
950
871
935
964
658
912
833
500
751
564
857
851
939
621
639
771
974
808
858
925
987
911
916
573
747
594
502
884
539
566
983
549
704
742
879
720
624
956
857
766
695
929
579
945
824
991
620
688
981
873
521
674
719
794
898
881
980
537
615
690
568
968
782
783
561
503
504
502
506
506
511
509
511
508
562
512
510
512
517
518
519
516
517
550
548
522
529
530
529
526
533
528
533
544
532
530
543
531
545
543
545
538
542
541
542
548
541
546
531
547
547
549
546
559
520
558
563
561
555
556
557
558
563
562
559
560
610
560
566
567
567
568
569
572
571
572
608
576
573
577
575
611
584
580
582
584
585
578
586
581
612
589
590
596
591
589
595
592
593
596
598
611
597
600
601
602
606
604
606
604
607
609
610
612
636
609
608
631
618
617
618
616
633
633
619
622
623
630
622
629
625
628
630
628
631
632
636
632
635
998
635
842
639
997
641
699
643
700
645
650
648
649
647
650
652
652
691
656
653
656
657
664
660
662
661
665
660
668
663
664
667
668
670
694
669
672
697
674
675
677
677
680
683
682
683
684
681
685
680
692
688
689
687
696
689
696
698
695
692
694
693
691
701
701
993
700
712
714
703
707
705
709
713
708
711
712
784
711
707
716
718
719
717
790
721
722
723
724
726
726
735
734
731
734
729
730
733
736
736
786
735
738
739
742
739
740
743
744
749
746
747
749
786
748
752
752
784
756
753
756
775
758
759
760
764
762
763
777
776
773
767
765
769
771
773
770
774
772
776
780
775
764
779
780
789
782
788
785
787
788
785
995
790
787
789
801
794
792
795
798
797
798
799
800
801
808
803
805
805
807
842
806
807
812
812
810
841
814
815
822
817
823
820
821
821
822
823
824
840
826
838
829
837
828
834
832
835
836
837
834
835
839
839
637
841
868
840
844
848
848
847
845
850
867
849
852
853
854
855
869
863
858
859
863
859
860
864
862
865
866
994
869
867
865
872
902
871
874
878
876
878
899
877
880
881
900
885
882
885
886
900
903
895
891
889
892
894
895
893
897
897
904
905
905
901
904
899
906
903
901
963
962
954
912
911
913
913
955
915
916
951
918
921
920
921
922
948
924
925
926
927
928
929
953
931
932
934
943
933
936
937
941
940
942
939
942
943
952
949
944
953
946
961
951
955
948
950
954
952
949
957
958
959
963
961
959
960
996
992
970
967
968
971
970
971
989
973
977
975
976
977
990
981
980
985
979
985
982
982
986
988
989
990
991
987
992
996
-1
993
997
998
994
995
