566
695
726
544
925
514
763
971
820
767
917
736
502
809
604
941
585
509
510
656
687
645
621
662
596
693
730
604
689
854
917
930
514
715
623
651
545
699
693
905
899
809
529
681
860
704
933
658
677
691
987
782
749
819
894
652
690
760
563
780
916
619
857
586
787
606
810
698
811
964
799
967
611
756
755
919
788
838
956
890
922
798
615
511
954
825
938
907
846
869
965
988
554
882
548
988
516
708
745
940
600
731
505
871
713
740
562
652
937
531
884
612
831
784
818
907
653
646
601
841
629
718
885
683
644
682
901
717
821
587
900
906
533
570
854
859
900
675
910
787
901
546
660
502
606
929
965
969
972
602
758
928
736
648
761
915
624
592
660
850
746
883
744
943
744
846
856
625
987
743
565
971
501
951
955
541
873
594
863
648
753
916
752
676
657
799
833
543
563
920
951
851
819
826
745
886
822
719
571
875
927
748
641
538
593
603
524
918
680
581
909
984
607
980
757
788
702
567
924
784
623
766
872
535
927
782
724
880
705
548
650
518
829
700
936
781
659
752
663
952
579
706
627
943
521
555
862
740
814
732
540
664
630
848
976
979
792
713
523
861
515
596
773
525
626
754
862
785
793
629
573
879
612
855
663
694
726
682
664
888
935
703
577
848
949
847
794
619
602
960
583
686
564
822
908
844
527
899
789
881
820
928
730
974
887
979
585
876
714
669
877
808
702
839
675
512
953
628
680
616
842
981
867
724
866
534
919
860
807
762
842
605
707
560
631
760
706
587
834
699
511
902
935
891
500
504
597
902
529
649
737
767
526
977
790
627
725
939
506
575
571
644
748
909
509
761
878
687
528
521
676
594
742
568
912
734
513
843
857
505
584
836
858
807
936
504
989
729
834
535
775
769
661
547
929
968
633
827
620
716
697
572
607
671
615
516
801
921
624
957
810
613
733
828
561
768
956
566
656
785
727
595
871
831
763
880
776
532
771
714
958
532
689
691
970
583
911
670
638
501
538
631
588
633
893
753
878
728
561
875
678
805
882
800
845
794
801
859
980
647
525
546
578
780
577
522
912
537
534
786
849
586
886
977
905
537
966
677
507
635
666
829
955
716
793
692
837
579
591
570
543
833
893
770
930
791
863
581
790
975
503
500
503
558
508
506
508
559
507
510
518
512
513
519
517
517
515
520
519
520
556
522
556
559
526
524
527
553
530
530
531
533
528
550
540
536
539
539
536
541
542
542
551
545
551
544
547
549
549
555
554
552
550
557
553
552
557
523
996
560
558
562
992
565
673
564
568
569
567
576
569
572
573
575
576
574
580
574
580
578
639
582
642
582
599
584
589
593
589
591
598
592
590
590
588
598
595
601
597
600
618
599
609
605
603
610
608
610
611
608
609
613
614
614
617
616
617
618
622
620
621
622
640
638
626
643
625
628
636
630
632
632
634
634
636
643
635
642
640
637
641
639
673
637
647
646
654
645
649
650
651
653
655
655
672
654
657
658
668
661
659
662
667
665
665
666
668
670
669
667
671
672
674
674
779
721
679
678
679
685
681
684
683
684
685
688
688
686
711
690
712
692
696
694
696
701
697
695
700
698
701
710
703
704
705
709
708
710
709
707
723
722
711
723
715
720
717
718
720
721
719
722
778
712
737
727
725
728
729
735
732
733
731
734
735
738
739
738
739
777
741
742
751
747
743
747
750
746
750
751
749
773
741
754
756
757
755
759
764
758
759
762
765
765
774
766
764
768
770
774
769
775
776
772
771
772
779
778
997
777
781
783
818
817
816
786
805
804
797
797
789
792
796
795
791
798
795
796
806
800
802
802
803
815
803
806
804
811
812
813
808
812
813
814
815
816
817
993
783
824
821
823
823
825
830
826
824
830
827
828
837
832
838
832
835
839
841
840
840
836
835
992
843
844
997
847
845
852
849
851
853
850
855
856
852
853
996
869
868
858
861
864
865
864
865
866
868
870
867
870
874
872
873
874
895
876
896
879
877
895
881
892
884
885
883
889
887
888
890
892
891
889
896
894
898
897
897
898
983
964
904
903
903
904
946
906
948
908
914
911
914
910
913
950
913
926
915
923
920
921
923
918
924
922
925
926
948
934
933
931
931
932
934
932
945
942
938
940
939
937
941
942
944
945
949
944
962
946
947
950
947
961
954
959
953
952
957
958
959
963
961
985
963
960
962
966
968
972
969
967
973
970
974
975
973
976
985
978
982
978
981
986
983
986
982
984
995
990
990
995
994
993
998
-1
991
998
989
991
994
