791
644
786
923
623
594
874
968
637
893
846
956
975
591
886
564
825
527
647
703
819
584
673
725
650
803
715
505
893
728
534
558
788
829
871
810
949
636
797
829
758
503
942
522
765
705
535
804
603
917
979
978
861
575
976
697
780
828
688
557
731
578
773
963
861
735
588
842
608
686
500
655
593
678
816
584
918
524
721
549
952
593
651
908
798
629
560
778
840
696
764
742
843
802
501
548
613
544
534
907
860
740
539
838
561
813
846
714
627
954
937
632
760
919
807
847
698
685
759
660
587
863
674
586
540
912
628
729
920
781
555
793
522
849
815
772
944
814
548
889
858
896
651
732
779
659
891
695
771
948
708
612
705
738
850
510
898
510
687
896
604
882
911
677
538
964
884
562
567
632
989
713
984
775
925
966
654
624
953
597
736
552
935
933
881
936
785
560
722
704
827
504
516
536
900
628
585
590
976
809
637
835
503
611
926
895
506
768
692
799
667
690
529
731
947
650
697
701
885
932
709
630
958
899
691
841
552
885
635
809
556
936
625
695
830
718
772
654
586
689
773
509
581
537
610
804
859
607
979
771
678
504
667
591
764
740
765
897
817
803
670
669
762
577
505
712
609
691
956
862
873
937
616
514
808
981
823
703
761
898
583
796
530
675
943
822
536
761
952
702
831
871
958
566
903
656
574
668
672
939
966
602
523
735
553
573
645
542
664
831
579
848
579
962
836
900
502
975
640
511
659
920
851
826
657
737
615
732
862
784
783
746
959
693
698
969
514
513
948
556
520
508
723
615
607
636
822
949
839
633
796
811
539
676
879
525
850
967
957
526
558
652
717
884
787
685
770
805
926
881
872
794
960
611
774
661
670
516
891
860
630
725
721
906
640
918
744
529
906
663
528
672
688
762
526
746
758
852
639
827
710
577
848
935
720
858
880
818
950
882
978
543
733
853
712
513
899
665
890
528
910
782
934
968
600
601
619
792
738
845
742
629
807
938
561
715
726
894
729
633
854
743
879
714
894
792
780
959
609
606
785
542
821
635
500
816
580
953
569
544
660
612
837
836
905
889
782
596
840
940
600
709
639
720
508
823
604
815
887
613
553
962
910
904
694
783
921
623
872
701
924
847
707
603
743
520
905
813
904
662
501
502
572
573
507
506
507
519
509
512
511
512
518
515
515
517
517
518
519
521
521
563
523
524
525
531
527
532
531
530
533
532
533
549
535
547
537
538
541
540
541
545
543
546
545
546
547
550
551
550
551
566
554
554
555
563
557
559
559
569
565
562
564
567
565
568
570
568
570
571
571
572
574
575
576
576
595
578
582
580
581
582
583
596
585
588
587
589
589
590
592
592
595
594
598
597
598
599
599
992
601
602
996
605
605
606
618
608
619
610
618
621
614
614
617
616
617
620
620
621
622
622
626
624
625
626
627
684
649
631
631
647
634
634
646
643
638
638
642
641
641
642
643
644
645
646
648
648
649
683
653
652
653
658
655
656
657
658
680
666
661
662
663
664
665
666
681
668
669
671
671
680
673
674
675
676
677
679
679
682
681
682
683
684
991
686
687
747
689
690
749
692
693
694
747
696
700
699
699
700
750
702
748
704
706
706
707
708
711
710
711
752
713
719
716
716
717
718
719
751
724
722
723
724
727
726
727
728
730
730
752
734
733
734
753
736
737
739
739
741
741
748
745
744
745
753
749
751
750
754
757
755
754
756
755
756
757
990
759
760
769
763
763
767
766
766
767
768
769
770
989
776
777
774
775
776
777
778
779
993
781
801
789
784
789
786
787
788
790
790
791
793
794
795
795
800
797
798
799
800
801
802
990
806
805
806
993
808
812
810
811
812
876
814
877
819
817
818
820
820
821
864
824
824
825
826
832
828
833
830
832
834
833
834
835
867
837
838
839
843
841
842
844
844
845
864
855
856
849
854
851
852
853
855
857
856
857
865
859
867
869
866
863
868
865
866
868
869
870
870
876
875
873
874
875
878
877
878
994
880
988
883
883
986
888
886
887
888
983
890
892
892
927
928
895
927
897
912
901
902
901
902
903
913
915
909
907
908
909
914
911
913
914
915
916
916
917
930
919
922
921
922
923
924
925
929
928
929
930
931
931
932
933
934
942
943
941
938
939
940
941
945
944
945
946
946
947
985
951
950
951
972
955
954
955
973
957
971
961
960
961
965
963
964
965
972
967
970
969
970
971
974
973
974
983
977
977
982
980
980
981
982
986
984
985
987
987
988
991
992
995
994
995
998
996
997
997
998
-1
