879
655
983
763
619
531
573
787
790
501
876
954
960
669
860
901
554
576
672
954
520
805
560
874
683
522
622
518
859
621
707
833
741
711
728
677
869
931
532
798
934
940
529
959
667
754
505
600
780
785
882
649
815
849
661
701
958
821
933
553
718
981
633
802
604
645
647
727
761
808
666
900
938
758
713
845
569
729
616
925
899
941
624
523
754
616
744
548
971
815
503
854
848
758
984
530
898
865
783
883
502
956
516
958
687
767
671
904
506
701
763
547
789
810
733
742
585
663
519
823
813
618
613
639
561
973
856
640
506
900
983
527
666
955
832
943
961
505
918
816
755
663
756
817
906
558
878
571
509
557
762
703
901
743
837
811
782
676
637
630
564
591
791
760
988
563
728
617
513
909
540
847
926
611
546
911
928
809
878
986
836
585
707
524
552
936
857
722
719
842
848
779
580
970
833
861
912
826
674
606
879
972
855
868
682
543
575
634
945
853
605
924
776
963
569
747
801
657
535
632
932
866
719
675
681
544
781
508
759
968
964
865
988
841
514
788
962
906
873
816
850
583
797
887
978
664
748
710
792
842
913
799
602
915
603
722
519
646
537
657
966
586
610
611
678
836
932
775
589
647
762
583
648
715
950
942
700
927
946
627
633
649
587
721
921
605
944
609
639
629
574
905
797
705
717
748
938
579
851
855
665
575
965
590
741
747
607
535
726
872
765
577
578
522
654
710
912
518
704
631
562
919
814
796
606
742
650
789
500
778
930
765
636
838
740
837
680
568
818
720
677
804
552
703
620
731
570
578
845
883
914
957
799
843
523
581
989
801
514
653
652
852
905
500
543
644
772
772
786
964
864
573
831
838
732
610
874
713
753
638
617
511
899
966
752
723
751
671
982
614
960
875
856
780
935
559
927
730
852
625
549
788
768
834
844
635
886
717
527
658
541
507
925
714
540
930
589
656
530
782
872
625
820
862
863
920
561
752
711
913
704
630
553
764
867
637
919
581
563
586
591
785
817
990
825
916
528
800
830
819
542
579
971
670
556
551
512
985
968
709
753
667
626
541
628
529
974
653
910
757
718
909
737
869
681
674
790
953
503
800
723
942
871
982
594
978
965
880
612
556
783
568
614
831
944
513
969
574
939
536
501
504
504
502
694
510
507
509
511
508
512
510
690
515
515
516
517
521
517
521
526
520
525
524
525
526
539
528
534
533
531
532
533
534
538
536
537
539
695
538
551
542
545
544
545
547
548
546
550
693
549
550
555
555
565
554
558
559
557
560
566
562
566
564
567
567
565
691
572
570
571
572
599
601
598
596
577
595
576
580
582
582
584
584
597
588
587
588
592
594
593
590
596
592
593
695
599
600
597
598
601
602
595
608
603
604
607
608
690
689
609
612
613
615
615
692
623
620
619
621
618
622
623
624
692
626
627
629
694
628
631
632
645
634
635
644
641
638
636
646
660
642
643
640
642
641
643
661
651
648
662
650
651
654
655
659
658
656
659
662
689
652
660
664
665
685
668
668
669
673
673
670
686
672
675
676
680
679
687
678
679
682
683
684
685
693
684
686
697
698
699
696
688
688
697
696
699
691
700
698
998
702
706
702
705
706
708
708
739
712
709
712
715
714
716
716
735
735
738
721
724
720
725
725
727
726
724
732
729
731
738
730
737
740
733
736
734
734
736
746
739
745
743
744
745
746
887
750
749
751
777
750
749
775
755
757
769
756
759
761
771
760
769
764
767
766
770
766
771
770
768
774
773
774
777
773
779
778
776
894
781
828
784
784
828
786
787
793
793
794
795
792
796
795
791
794
812
798
807
807
803
803
805
802
809
808
804
806
806
811
813
810
814
812
829
824
824
819
820
818
821
822
823
826
825
822
827
829
827
889
832
830
835
835
897
834
840
841
839
895
839
840
844
847
843
846
891
846
850
895
851
849
854
896
853
862
857
863
859
864
861
858
858
860
888
866
867
871
892
870
868
870
873
877
875
876
877
884
881
880
881
882
885
884
885
886
889
890
892
890
891
888
893
894
896
893
897
898
997
902
903
903
908
904
902
907
908
992
907
910
911
923
916
914
915
917
917
918
922
920
924
923
921
948
922
926
929
928
929
952
931
937
933
934
935
936
937
947
939
940
941
949
943
951
945
946
948
949
952
996
947
950
951
955
953
956
957
994
959
996
962
979
961
975
963
967
967
976
969
970
976
974
973
977
972
977
975
980
979
980
981
991
987
984
985
986
987
994
990
995
989
995
993
991
993
997
992
998
-1
