634
875
792
821
676
532
542
820
856
677
850
872
716
682
523
528
823
842
774
530
840
911
937
642
808
626
929
767
770
541
662
803
934
609
855
898
575
760
863
792
968
781
687
729
714
827
796
776
742
711
674
877
747
772
739
630
793
586
801
604
830
795
553
818
654
766
574
562
873
832
883
827
516
524
842
721
841
714
507
515
636
851
639
950
699
707
781
852
616
576
530
826
614
776
857
613
849
943
659
561
863
854
666
811
949
534
770
692
643
607
915
679
808
632
927
765
876
902
791
504
746
581
584
608
692
806
829
635
635
856
721
923
654
807
785
801
848
964
594
606
546
601
957
887
629
591
700
941
601
906
725
779
500
540
845
794
580
778
590
552
890
669
884
784
744
705
644
671
502
709
637
554
951
557
768
602
788
777
596
726
646
647
631
698
910
661
550
933
638
759
951
686
685
939
753
611
793
921
675
761
532
763
904
889
944
712
756
908
706
874
667
719
803
528
895
519
509
547
930
753
565
703
804
658
650
730
864
585
720
966
912
518
588
790
947
500
866
575
940
503
576
910
640
860
806
850
597
675
551
702
791
920
738
525
855
745
604
902
922
757
909
598
878
566
613
960
510
740
514
961
510
943
954
967
829
936
782
930
928
750
501
929
886
866
894
786
867
773
544
652
549
514
790
592
741
646
711
747
697
833
608
886
538
537
594
933
741
860
509
768
877
728
676
542
596
589
966
873
628
503
865
592
836
667
533
844
668
814
868
589
679
639
562
936
564
554
836
552
669
754
523
758
702
625
548
826
719
527
809
524
844
595
749
871
949
609
527
914
504
660
665
738
759
625
864
970
706
570
726
772
543
653
570
649
820
628
921
533
805
903
599
784
531
874
650
961
725
618
671
945
876
641
774
591
540
615
865
928
967
830
893
673
660
959
710
840
579
568
547
697
903
940
616
756
602
579
550
704
645
659
924
518
715
950
564
831
788
765
696
751
964
750
573
883
512
561
689
521
884
957
845
833
938
926
652
698
958
796
744
807
704
960
802
947
537
901
889
891
672
723
584
819
678
969
641
952
565
737
815
569
546
859
970
818
872
606
614
923
505
720
893
911
627
585
555
904
956
847
516
666
588
785
941
888
901
854
752
521
822
934
501
502
508
506
505
506
507
508
513
511
511
512
513
979
515
517
517
520
519
520
522
522
984
526
525
526
985
529
529
977
531
536
535
534
535
536
539
538
539
973
541
545
543
544
545
987
556
548
549
557
551
556
553
559
555
558
558
559
560
560
581
563
563
571
566
567
567
568
569
572
571
572
573
574
578
577
577
578
582
580
583
582
583
990
587
586
587
736
734
590
624
593
593
622
595
600
597
598
599
600
619
603
603
605
605
621
607
612
610
610
611
612
619
622
615
617
617
618
620
620
621
623
623
624
691
626
627
633
629
630
631
632
633
634
691
636
637
638
694
640
657
642
643
644
645
647
648
648
649
651
651
656
653
655
655
656
657
658
664
663
661
662
663
664
665
690
684
668
670
670
685
672
673
674
683
681
677
678
680
680
681
682
683
684
686
687
688
688
689
690
693
693
694
695
695
696
731
701
699
700
701
733
703
718
705
707
708
708
709
710
713
712
713
717
715
716
717
718
731
724
722
722
723
724
734
727
727
728
729
730
732
732
733
735
735
736
737
980
739
740
743
742
743
974
745
746
748
748
749
981
751
752
755
754
755
762
757
758
762
760
761
764
763
764
973
766
767
769
769
771
771
982
773
775
775
778
777
780
779
780
783
782
783
976
787
786
787
789
789
985
800
799
798
794
795
797
797
798
799
800
817
802
816
804
805
812
813
809
810
810
811
812
813
814
815
816
817
825
819
824
821
822
823
824
825
835
828
828
835
838
831
832
834
834
837
837
838
839
839
996
841
843
843
987
846
846
847
848
849
853
851
852
853
993
862
857
858
858
859
861
861
862
978
918
870
869
867
868
869
870
871
900
882
879
875
880
878
879
881
880
881
882
899
885
885
896
887
888
892
890
891
892
897
894
895
896
897
898
899
900
919
913
907
905
905
906
907
908
909
914
913
912
916
915
916
917
917
918
919
920
974
922
925
924
925
926
927
981
932
931
931
932
983
935
935
975
937
938
939
977
942
942
944
946
945
946
948
948
978
954
953
952
953
955
955
956
976
958
959
963
962
962
963
965
965
983
972
968
969
971
971
972
975
980
988
986
982
979
990
988
998
989
984
986
992
989
995
994
991
991
994
992
993
996
995
997
997
998
-1
