721
927
850
556
895
538
783
913
704
568
624
962
852
734
816
513
790
530
813
867
878
907
582
764
927
661
760
975
907
959
792
611
521
731
620
941
986
560
944
548
869
959
978
736
533
537
716
852
608
510
646
862
648
779
858
725
936
842
954
708
506
702
512
947
654
649
651
910
768
712
934
776
913
712
518
614
631
809
965
573
500
792
754
835
866
978
840
787
514
570
524
722
767
862
811
715
790
850
775
747
809
542
891
691
610
553
933
756
709
690
529
583
914
608
700
818
922
701
769
896
672
948
722
635
851
848
578
671
614
703
616
889
660
531
596
827
624
554
530
960
781
960
668
549
698
881
546
658
756
700
550
515
503
857
517
645
504
735
830
668
786
583
755
637
929
869
639
591
644
552
786
532
518
500
732
940
815
951
579
559
967
528
772
877
637
572
634
633
969
964
957
901
931
628
833
590
788
766
889
873
562
501
951
794
758
805
810
710
565
952
654
691
830
874
536
676
604
759
922
731
946
617
509
967
802
586
578
543
663
808
836
821
870
761
807
696
866
641
519
629
566
542
895
598
734
766
782
581
640
767
892
822
669
779
733
832
580
679
601
511
592
615
898
713
763
836
914
698
604
693
816
825
727
890
519
831
825
534
911
736
845
834
727
793
652
780
848
728
646
619
741
955
741
649
739
719
571
784
897
864
924
846
740
763
870
826
805
765
912
572
594
760
674
526
538
831
975
710
910
837
605
664
587
590
602
630
603
611
531
857
589
843
716
644
747
971
793
650
595
801
930
746
619
569
974
565
508
952
539
872
894
917
928
616
900
962
929
752
580
601
754
595
568
973
806
504
874
752
535
663
743
887
898
841
926
535
667
758
883
670
844
643
689
945
838
689
553
818
643
834
819
650
552
664
676
944
697
713
516
941
956
762
812
801
873
658
947
638
969
845
976
905
673
703
841
904
933
901
699
711
986
660
973
985
782
880
868
863
753
957
675
877
821
631
837
547
567
985
677
516
819
908
820
694
725
695
899
618
609
948
570
597
724
742
778
640
630
904
622
890
745
557
577
696
514
955
549
671
880
593
588
582
887
785
865
936
849
555
605
638
705
931
506
963
546
588
924
502
520
528
586
623
744
709
844
970
759
659
968
813
501
502
503
505
505
507
507
508
509
510
511
512
513
527
515
524
517
521
522
520
523
522
523
525
525
526
527
988
529
558
545
532
533
534
539
536
537
540
541
540
541
544
543
544
545
561
547
548
551
550
551
558
561
554
555
556
557
563
559
560
562
563
564
564
990
566
567
575
569
576
571
574
573
574
575
576
577
988
579
991
581
585
584
584
585
682
587
686
589
598
591
592
593
594
599
596
597
600
599
600
681
602
603
607
606
606
607
613
609
610
612
612
613
627
615
626
617
618
621
620
621
622
623
625
625
626
627
628
629
636
632
632
633
634
635
636
680
679
639
642
641
642
683
653
645
647
647
648
653
656
651
652
655
655
656
657
657
680
659
662
661
662
665
666
665
666
667
683
669
670
684
672
673
674
675
678
677
678
681
682
685
684
685
688
686
687
687
688
989
690
692
692
693
694
695
993
697
749
699
706
701
702
707
704
705
706
707
708
730
720
711
717
714
714
715
718
717
718
719
720
721
723
723
724
726
726
729
728
729
730
750
732
733
737
735
738
737
738
739
740
749
742
743
744
745
746
748
748
751
750
751
804
753
800
755
757
757
795
771
774
761
762
770
764
765
770
772
768
769
771
773
773
775
774
776
777
777
778
796
780
781
795
783
784
785
789
787
788
789
791
791
798
797
794
796
797
798
799
799
800
803
802
803
804
992
806
807
808
993
810
811
812
814
814
815
817
817
827
822
820
823
824
823
824
828
826
829
828
829
994
942
832
833
921
835
861
839
838
839
840
860
842
843
854
847
846
847
855
849
853
851
854
853
856
855
856
859
858
859
860
861
882
863
864
865
883
867
868
882
871
871
872
876
875
875
876
879
878
879
885
881
884
884
885
886
886
888
888
919
893
891
892
893
894
916
896
897
903
899
900
902
902
903
906
905
906
909
908
909
918
911
912
916
915
915
919
917
918
920
920
921
923
923
925
925
926
937
928
938
930
932
932
935
934
935
937
939
938
939
940
943
942
943
989
945
946
950
949
949
950
982
953
953
954
983
956
958
958
981
961
961
963
964
965
966
966
982
968
972
970
971
972
980
974
977
976
977
979
979
980
981
984
983
984
994
987
987
990
992
991
995
998
996
995
997
996
997
998
-1
