555
809
777
501
553
602
818
909
792
812
597
966
914
640
814
935
542
569
617
811
851
724
577
897
951
922
907
971
530
704
519
655
929
683
655
717
973
556
892
759
838
698
921
754
501
945
654
563
578
770
746
953
551
920
777
965
763
880
623
798
612
569
950
508
929
903
908
514
551
768
602
817
545
782
753
533
621
541
975
922
727
719
586
636
529
780
601
921
840
787
633
523
708
744
658
507
957
968
794
636
724
733
840
765
910
771
702
783
673
575
826
897
974
855
631
502
882
635
932
544
630
611
887
966
534
503
617
565
558
983
718
943
910
797
590
620
914
729
622
666
849
931
895
987
884
681
555
583
614
877
700
825
525
859
670
734
878
793
717
727
739
738
573
967
507
949
692
898
720
565
643
633
505
539
784
806
719
568
737
882
595
807
736
943
517
986
790
732
789
635
928
942
504
803
985
736
924
950
681
946
764
708
880
945
856
582
505
662
500
852
512
813
605
802
819
691
802
789
784
522
815
656
781
806
877
610
598
638
850
620
728
856
696
827
603
913
671
592
831
915
699
939
668
693
980
526
553
774
665
979
658
544
725
547
783
664
639
743
904
904
944
847
682
919
525
821
885
884
661
952
691
657
885
826
743
949
607
976
641
701
571
503
851
846
974
659
917
611
667
979
539
732
940
767
982
500
605
693
750
791
745
809
639
834
562
825
888
665
712
931
522
580
595
509
618
872
554
923
682
608
713
933
965
728
823
509
786
928
780
757
707
771
829
939
571
833
870
758
615
836
908
543
834
894
535
837
832
857
846
687
823
703
696
506
794
594
817
668
850
513
907
940
831
870
888
510
832
570
573
836
504
540
653
598
685
615
900
969
726
648
546
596
740
754
576
835
718
625
580
575
672
678
572
701
976
607
820
773
956
695
537
528
895
892
956
640
629
523
689
981
822
629
769
699
981
581
536
511
838
674
805
813
753
710
829
886
879
847
572
796
694
622
849
758
915
559
894
561
679
552
797
623
804
927
650
609
958
791
952
560
886
683
764
763
739
848
601
686
714
527
925
720
614
917
878
987
807
734
893
942
857
755
582
612
906
757
707
543
792
596
535
906
667
741
638
559
689
654
770
768
556
841
811
560
657
799
748
653
971
630
992
502
521
519
516
506
518
508
515
510
511
512
513
514
515
516
517
518
520
520
521
531
524
524
532
526
527
528
529
530
531
532
533
534
536
537
538
538
550
540
541
542
549
548
545
546
547
548
549
550
995
552
593
554
591
557
557
558
566
562
561
564
563
564
567
566
567
568
587
570
588
586
574
574
579
576
577
578
579
585
581
584
583
584
585
587
589
588
589
590
591
592
593
594
991
600
597
599
599
600
646
604
603
604
606
606
649
608
609
610
646
613
613
626
616
616
619
618
619
627
621
625
624
624
626
628
627
628
647
632
631
632
634
634
649
637
637
642
641
644
642
643
644
645
645
651
647
648
650
651
652
652
997
680
675
656
662
660
659
660
661
663
663
664
676
666
675
669
669
670
671
672
673
674
677
676
677
678
679
680
991
688
684
684
685
686
687
688
690
690
714
692
715
694
695
697
697
698
704
700
705
702
703
706
705
706
711
709
709
710
711
712
713
716
715
716
876
721
722
721
723
722
723
752
725
726
731
730
729
730
731
750
733
735
735
747
737
738
742
740
741
742
749
744
745
746
747
748
749
751
751
752
762
756
755
756
761
760
759
760
761
762
779
765
766
766
767
774
769
775
772
772
773
776
775
776
778
778
779
874
781
782
788
785
785
786
787
788
871
790
873
801
793
795
795
796
800
798
799
800
801
861
803
804
805
864
808
808
810
810
861
812
816
814
815
816
867
818
819
820
821
822
824
824
863
828
827
828
830
830
862
843
833
844
835
842
837
839
839
843
841
842
845
844
845
862
865
848
864
852
853
854
853
854
855
860
858
858
859
860
867
865
863
866
868
866
868
869
869
871
874
872
873
875
875
876
993
992
879
881
881
883
883
996
889
890
887
889
891
890
891
902
893
901
896
896
898
899
899
900
901
902
903
905
905
960
961
912
909
911
911
912
913
934
916
916
918
918
919
920
935
926
923
924
925
926
927
934
930
930
937
932
933
936
936
937
938
938
960
941
941
963
946
944
947
948
947
948
962
955
951
954
953
954
955
959
957
958
959
961
962
963
964
964
988
970
967
968
969
970
972
972
973
978
975
977
977
978
989
980
983
982
984
984
985
986
988
990
989
990
993
994
994
996
995
997
998
998
-1
