605
818
751
907
899
748
750
860
506
926
920
968
513
982
594
705
713
718
878
574
841
984
546
642
649
763
581
690
816
827
810
666
663
883
702
964
588
938
787
921
856
560
646
817
943
688
546
903
916
883
503
510
645
717
621
784
810
821
521
643
565
684
748
944
916
517
563
831
667
584
676
985
665
972
926
636
681
551
582
575
710
758
614
612
873
712
707
891
879
632
845
710
696
595
680
866
826
500
561
520
752
922
660
772
940
863
956
872
855
662
561
844
766
800
677
885
963
837
792
692
617
904
723
937
948
786
629
749
976
898
778
541
700
631
882
625
970
846
853
622
607
501
973
910
615
769
723
550
798
927
969
929
979
655
887
594
522
632
557
977
679
832
703
802
796
724
906
664
960
695
869
959
983
901
526
508
684
822
981
662
513
766
920
931
924
785
678
532
800
794
639
992
533
596
776
624
975
868
876
803
740
670
571
803
523
753
611
551
933
616
615
762
821
831
621
520
687
618
595
606
569
804
572
799
843
530
987
574
796
905
545
830
900
736
676
917
988
972
512
791
703
628
798
905
867
930
722
714
588
589
919
940
783
565
536
721
725
618
984
857
682
660
717
624
715
911
713
742
504
647
893
907
969
500
530
878
945
591
641
886
554
848
651
902
881
976
580
983
504
521
753
672
979
690
524
769
745
932
639
859
765
814
892
877
954
958
811
719
881
840
842
908
727
697
573
641
739
962
922
625
562
644
673
701
610
915
516
843
767
783
973
549
971
959
582
737
650
519
581
734
762
627
739
528
604
645
871
784
720
544
854
954
955
771
923
691
915
549
886
815
942
888
503
841
747
833
987
836
801
602
539
964
858
861
960
537
765
716
555
823
532
866
535
727
531
982
740
609
913
901
764
884
718
929
885
873
829
945
795
875
563
770
589
856
680
967
793
835
506
871
711
704
599
608
630
700
537
726
736
507
611
666
553
636
527
579
815
679
785
629
842
709
556
793
933
643
749
705
650
637
867
745
668
571
836
884
876
606
687
505
742
721
938
846
623
508
593
820
584
590
579
826
661
808
564
743
673
648
712
799
771
529
898
509
517
674
552
728
531
596
773
675
672
744
789
931
746
706
559
847
847
892
556
827
642
518
701
823
939
619
502
502
601
501
505
515
507
511
509
510
511
514
515
512
516
514
548
518
519
540
527
522
523
525
525
529
524
526
538
528
538
534
534
543
533
536
542
535
540
541
539
542
543
544
547
547
545
548
578
550
569
552
553
555
558
554
557
558
566
567
559
562
560
564
567
568
570
568
566
570
577
572
573
575
576
578
577
587
576
580
585
583
583
586
587
586
600
585
593
591
592
590
600
592
597
598
599
598
602
597
603
605
603
601
998
604
607
608
613
613
609
610
658
612
616
614
617
620
619
620
656
623
638
622
626
626
628
634
627
630
631
633
634
638
635
633
637
635
640
640
656
657
652
644
653
646
647
648
653
651
649
654
655
652
659
654
658
659
657
996
661
698
664
669
663
668
667
665
669
671
671
698
670
674
694
686
675
678
685
677
683
682
683
685
686
688
681
689
689
693
691
693
697
695
692
696
694
699
699
993
778
702
780
704
707
706
708
708
781
711
709
755
735
714
715
732
733
716
719
720
732
722
733
724
725
729
731
726
735
730
731
728
730
729
738
734
738
760
737
741
741
757
743
744
761
746
747
761
759
751
752
750
756
754
755
779
760
756
754
758
759
757
763
777
768
764
768
775
767
770
774
772
773
774
775
776
777
782
781
780
862
782
779
790
788
786
787
788
789
790
792
812
791
795
797
794
797
809
807
806
802
806
801
804
805
807
805
809
814
808
811
813
819
812
813
817
818
816
819
825
822
820
824
825
839
824
828
828
829
830
834
832
835
834
838
833
839
840
837
838
862
848
850
844
845
851
849
850
852
854
851
852
849
864
853
858
857
855
859
860
861
865
865
995
863
864
949
870
872
868
869
870
953
874
875
896
874
880
877
894
879
880
894
882
889
890
890
888
891
895
887
889
893
897
895
897
946
896
899
900
914
902
903
904
912
906
909
908
909
914
952
912
913
910
911
919
917
918
946
918
921
924
923
925
925
928
927
928
936
935
934
930
936
932
937
953
934
935
939
941
941
942
947
948
943
944
950
952
949
951
951
947
958
950
955
956
957
965
957
961
961
962
966
968
963
966
993
965
967
970
971
995
975
974
978
974
977
978
980
980
990
991
981
986
985
986
989
988
990
991
992
997
989
994
996
998
-1
994
997
