654
630
717
945
986
782
768
860
666
604
814
605
608
598
522
787
774
529
825
934
928
819
713
812
848
887
560
550
908
684
802
703
690
508
888
592
803
915
644
821
988
748
702
967
641
580
806
929
545
940
865
760
548
552
852
519
845
570
671
896
691
694
571
500
704
553
613
525
629
599
986
643
979
557
925
959
593
538
847
542
792
751
761
808
867
925
512
844
557
719
778
774
651
579
536
807
611
600
752
718
736
537
795
938
909
822
620
839
964
619
549
597
906
560
513
820
836
967
858
594
874
759
652
612
895
602
737
747
672
854
930
624
697
757
848
914
669
937
767
512
786
858
710
898
932
674
773
928
553
702
519
772
525
720
757
776
661
755
634
594
933
948
972
507
614
950
744
832
655
825
859
837
890
596
811
640
831
503
551
631
656
534
642
991
889
638
670
506
761
870
701
846
623
681
904
919
783
639
805
599
882
895
592
833
671
780
970
980
873
979
617
944
723
937
635
687
535
601
775
707
793
885
573
809
818
682
949
571
857
562
704
628
941
817
966
819
721
665
804
521
817
977
561
970
652
823
695
900
554
617
794
893
723
521
736
899
685
651
616
658
913
924
876
622
745
809
502
788
962
750
694
711
989
706
661
897
609
689
690
985
851
801
604
668
677
719
710
785
953
988
722
699
957
751
565
831
526
773
946
500
779
672
870
955
568
502
806
552
554
947
852
593
567
887
910
636
849
718
524
857
884
628
924
686
634
746
883
932
855
708
855
570
868
939
724
569
623
982
537
789
715
591
760
742
615
781
828
709
778
987
885
505
915
767
541
538
601
835
743
889
961
898
856
984
907
574
902
566
888
603
829
834
633
971
705
590
673
951
797
547
533
759
711
558
559
689
820
743
551
990
873
631
517
965
835
546
956
510
764
786
824
756
611
931
904
515
982
911
725
983
899
923
673
555
632
959
675
518
566
523
686
653
926
833
908
572
882
539
650
905
869
517
602
693
725
507
762
758
861
528
846
670
945
544
808
547
763
584
615
856
714
667
619
775
772
866
574
944
971
696
687
878
868
518
905
715
748
572
544
657
942
682
655
511
590
948
675
532
532
798
501
851
957
871
793
666
823
632
894
676
505
812
865
754
543
980
640
802
947
516
501
504
504
992
503
506
508
509
509
510
511
995
514
516
515
531
514
513
520
520
530
522
523
528
527
524
527
529
526
530
531
587
533
589
540
536
534
535
542
540
543
588
539
585
545
546
588
548
549
586
584
550
583
556
556
564
555
558
563
561
559
562
564
565
563
581
567
577
578
568
569
576
573
575
576
578
575
579
577
580
581
582
583
589
582
740
587
541
585
586
738
663
591
595
597
596
598
595
645
610
606
600
603
608
605
609
610
606
607
607
626
614
613
625
612
618
618
616
621
620
621
627
627
622
625
626
647
624
645
630
646
629
633
637
638
637
635
639
636
650
642
644
641
647
643
649
662
649
646
648
648
658
654
656
653
660
660
662
659
657
659
664
663
664
739
667
665
669
734
668
731
680
679
674
678
676
677
678
679
680
681
684
683
685
683
732
688
688
700
691
692
692
693
698
696
697
695
698
700
735
699
703
701
733
705
707
709
706
727
708
712
712
716
714
716
713
727
728
717
721
733
720
724
722
726
726
731
729
732
734
735
729
730
730
728
739
737
741
994
741
738
740
749
744
746
747
745
749
742
750
771
752
753
770
753
754
755
756
766
758
765
762
763
764
765
766
769
768
769
771
799
770
800
796
777
777
792
776
779
780
784
782
784
785
783
790
787
790
789
791
788
794
791
781
796
797
795
799
801
800
798
978
803
804
805
816
807
815
810
810
813
814
811
815
816
843
813
818
842
826
821
822
827
824
830
830
827
829
840
828
826
832
842
834
837
839
838
836
841
838
974
840
843
841
847
844
845
849
850
850
877
853
854
880
853
864
863
862
861
862
859
860
878
864
877
866
867
879
872
872
871
869
875
874
875
876
881
880
863
881
879
917
884
886
883
886
920
891
893
892
891
894
890
892
916
896
903
901
897
900
901
902
903
922
923
906
913
909
907
910
911
912
918
912
920
914
918
919
976
921
917
922
916
921
927
926
927
936
929
935
931
936
930
935
943
934
933
939
940
938
941
943
969
942
963
954
952
946
949
950
952
955
951
958
953
954
958
956
960
961
962
963
965
960
966
964
969
968
976
968
975
972
973
978
973
974
975
998
977
981
981
996
984
996
983
987
985
997
989
990
991
993
995
-1
993
994
997
998
992
