640
757
701
946
610
572
740
751
519
622
560
889
865
586
575
905
963
609
868
856
883
692
708
762
684
796
638
714
955
605
545
862
840
649
564
932
948
694
738
579
532
821
635
735
835
551
931
847
565
730
676
745
509
887
508
534
953
702
812
914
814
656
605
873
793
648
669
798
566
564
840
819
667
959
744
851
537
904
954
790
777
611
759
961
875
568
751
516
527
963
861
504
825
719
673
960
623
668
897
743
645
577
799
918
607
524
904
795
864
940
949
772
930
534
750
604
524
844
792
661
868
808
801
568
819
501
552
518
632
780
957
588
511
692
966
734
698
864
765
924
834
778
666
529
939
924
551
749
690
741
898
990
502
699
895
803
631
918
786
665
589
580
744
734
634
847
615
680
920
733
833
932
928
966
838
894
785
661
505
546
680
763
503
532
873
807
703
928
860
862
893
752
709
722
805
681
608
894
690
777
720
773
727
594
502
515
512
521
829
707
516
585
614
965
857
909
979
633
944
780
792
926
804
666
870
739
582
644
528
913
760
549
602
639
511
701
907
703
892
946
588
952
600
646
621
584
903
909
689
956
837
949
829
586
550
505
886
922
719
869
960
968
901
545
867
796
554
742
576
660
717
820
851
581
633
601
536
747
915
789
802
571
846
693
700
529
660
824
631
858
672
641
832
523
714
736
857
592
526
855
706
544
547
625
809
944
838
624
817
616
535
542
888
627
599
983
730
522
849
670
600
890
638
811
519
728
967
583
700
982
634
538
947
956
795
647
723
942
888
743
808
842
607
874
597
798
679
578
821
619
571
836
962
728
595
706
561
770
715
683
677
892
685
668
891
563
767
907
584
942
822
758
902
625
647
955
902
543
843
565
941
657
547
887
830
964
531
621
799
854
766
500
865
761
715
905
919
555
806
953
898
643
521
917
645
737
980
724
871
991
536
720
517
807
672
830
579
569
978
850
609
582
542
919
927
611
724
768
776
773
533
688
767
923
803
814
828
501
825
859
682
533
762
939
523
657
602
603
981
740
729
614
890
632
710
555
945
845
601
508
916
688
952
774
958
674
839
575
823
708
801
662
869
612
908
687
771
656
789
760
659
809
922
846
800
843
671
729
587
921
716
917
684
515
721
791
832
806
979
615
507
500
503
504
509
506
510
514
510
506
507
512
513
994
513
514
518
520
517
520
990
563
525
522
525
527
528
526
531
530
559
530
541
540
539
537
538
541
535
558
539
540
543
544
556
546
548
548
553
552
549
553
556
550
558
557
557
554
559
562
993
562
560
561
567
567
570
566
569
570
573
574
574
577
573
572
596
578
576
598
581
594
580
585
583
591
589
590
587
591
593
592
590
595
593
597
655
598
599
596
653
628
603
606
606
604
629
620
613
608
613
612
610
618
617
616
617
618
620
628
619
623
624
622
627
626
630
626
630
652
629
651
635
636
637
636
637
643
639
640
641
642
652
642
646
644
650
648
649
650
654
655
653
654
651
785
658
658
665
664
659
663
664
787
663
662
678
674
669
673
677
670
676
675
675
671
667
678
679
697
683
682
687
681
685
686
696
686
691
691
689
695
693
694
696
711
699
698
695
697
705
702
704
705
712
704
707
712
709
713
782
710
713
711
788
716
717
718
723
726
722
725
721
726
718
727
725
754
731
732
731
733
753
732
736
737
735
739
756
738
741
748
746
742
746
748
747
745
750
756
749
752
753
755
758
754
755
784
757
764
761
759
763
766
765
769
764
768
769
771
772
770
775
776
783
774
775
779
779
781
778
786
788
782
787
783
998
781
784
790
791
794
793
794
995
797
797
994
996
800
989
802
988
804
805
818
815
816
810
810
811
813
815
812
816
818
813
885
817
820
827
822
823
824
827
826
828
826
884
831
831
879
834
836
833
837
835
882
839
841
841
878
853
844
852
849
845
848
850
848
854
852
842
855
853
856
877
858
859
860
861
863
863
877
867
866
880
866
872
871
872
870
876
874
876
880
881
879
882
883
885
875
881
878
984
884
984
886
889
987
891
900
893
896
895
896
897
899
899
900
934
913
901
906
903
906
912
908
911
912
911
915
910
910
916
914
935
935
938
920
921
938
923
927
925
926
929
925
929
930
933
933
931
936
937
934
977
936
937
940
941
943
943
970
945
975
947
950
951
951
969
950
948
954
972
972
957
970
959
961
958
969
964
962
965
974
967
968
971
973
976
977
973
975
971
976
974
985
988
981
982
980
983
985
987
986
978
986
991
995
997
989
993
-1
997
992
992
998
996
