844
603
714
551
586
873
536
714
723
666
808
747
543
667
763
760
884
782
892
955
752
770
772
569
920
544
583
968
952
542
950
872
959
919
583
706
535
783
718
512
500
766
520
737
862
641
640
674
606
624
575
863
914
530
784
746
517
632
524
724
760
985
822
906
559
689
547
591
859
754
562
521
950
582
502
652
554
918
934
766
847
639
767
566
679
863
895
620
665
545
726
509
507
522
619
650
974
742
654
572
915
642
562
529
702
508
899
614
616
772
869
758
913
785
981
957
551
857
621
781
912
905
883
828
649
528
782
681
891
564
570
734
656
871
962
856
629
823
513
834
909
979
841
922
608
602
886
872
601
980
842
821
847
831
643
843
904
552
625
958
612
541
601
949
861
608
531
810
743
916
906
757
898
604
974
941
933
861
740
580
681
590
532
731
785
546
755
689
951
839
645
874
505
865
795
801
508
631
871
628
705
819
542
691
509
952
859
881
875
657
708
979
658
769
688
815
570
922
743
734
845
630
776
686
543
721
582
921
890
880
563
675
587
518
890
825
662
600
804
741
654
775
877
606
969
841
777
965
726
796
804
830
619
953
821
664
655
577
868
635
594
683
907
899
631
826
501
879
897
728
923
540
777
740
550
730
787
679
837
622
519
504
956
732
893
678
523
585
973
558
667
533
555
704
584
963
819
840
911
727
716
984
902
882
528
717
666
595
685
923
673
917
925
853
565
638
637
932
613
807
931
902
611
728
659
778
896
816
572
687
705
755
901
717
744
505
913
688
668
671
779
627
670
503
848
660
588
940
658
809
876
644
645
533
584
750
810
846
894
573
817
759
623
838
759
874
749
641
768
592
857
571
678
908
751
820
970
808
837
521
630
975
858
970
589
956
578
919
579
674
791
716
983
790
853
733
967
829
672
708
786
879
966
617
753
707
968
614
894
616
790
721
962
590
727
788
622
926
864
780
762
639
818
625
613
661
824
652
538
723
967
651
771
539
703
605
842
517
748
672
930
525
744
854
713
516
924
581
500
900
558
827
735
762
649
832
720
971
627
526
880
825
809
545
915
751
788
510
548
910
964
664
916
893
554
981
829
576
858
958
805
761
792
930
512
607
687
768
595
680
866
684
535
935
786
954
709
633
754
851
501
502
504
506
503
506
515
511
507
511
514
510
513
514
515
993
527
516
519
522
518
520
523
525
527
526
524
567
530
531
529
532
534
534
538
537
537
540
536
561
539
557
541
544
548
546
547
549
550
556
549
552
553
557
553
556
560
555
559
560
561
568
564
566
565
563
569
989
567
568
571
574
576
575
573
578
574
580
577
597
581
579
596
599
585
586
591
593
589
587
588
592
593
594
598
596
598
599
600
998
597
602
603
604
605
611
609
609
607
610
986
612
610
615
615
618
618
711
617
621
696
620
623
624
626
626
697
629
636
628
634
632
634
636
633
637
635
648
640
638
647
642
644
648
643
646
698
646
647
653
653
650
651
697
655
663
660
659
657
656
662
663
661
695
665
700
669
668
669
670
671
701
673
675
677
676
677
692
676
680
682
684
683
693
682
694
685
686
690
690
691
692
693
694
699
698
700
695
701
712
699
696
703
704
713
706
707
710
709
710
715
993
711
715
702
712
719
719
720
718
725
722
724
722
725
994
739
729
729
731
732
730
733
736
735
737
741
738
736
742
738
739
997
745
745
748
747
750
746
813
749
797
758
752
753
756
802
756
757
765
761
764
764
765
763
798
767
773
769
770
774
773
771
775
776
774
803
779
781
778
800
780
783
784
796
794
789
789
787
793
792
794
791
800
793
812
799
801
797
802
799
795
803
798
805
806
807
811
806
813
814
816
811
817
815
818
988
814
812
820
834
822
824
835
823
826
828
833
827
830
831
832
835
836
836
833
991
838
840
851
839
850
843
845
846
844
849
848
850
852
849
852
946
855
855
856
947
854
860
860
869
862
867
865
866
864
867
868
870
870
887
888
878
875
876
877
873
878
888
885
881
882
885
889
883
886
884
889
887
946
943
892
944
891
895
896
898
945
897
900
903
903
901
943
907
908
904
905
909
910
939
912
914
911
938
936
918
928
917
921
926
920
928
924
925
927
929
938
929
927
932
934
931
935
933
937
940
936
939
937
941
942
944
945
948
942
948
949
947
991
951
992
953
955
961
954
957
959
960
961
987
960
964
990
966
963
965
976
969
972
971
972
977
975
973
977
978
978
982
980
976
982
983
984
985
997
992
986
995
988
994
989
-1
996
995
996
987
998
990
