702
796
577
530
717
769
877
683
685
603
677
642
901
677
712
732
720
927
766
703
850
826
861
651
967
599
511
506
517
755
712
973
523
722
541
628
679
605
849
731
569
621
579
531
621
842
738
815
785
946
910
745
934
942
912
769
654
908
850
881
694
885
641
635
518
520
731
841
507
683
884
794
710
613
779
873
616
939
843
891
730
610
889
747
506
952
543
622
670
718
830
883
749
944
783
568
906
798
666
530
721
845
793
892
668
529
610
866
597
833
756
582
693
872
784
688
976
509
945
535
740
942
856
917
841
548
748
524
831
615
664
705
555
775
581
612
574
906
804
542
849
758
521
912
552
726
639
955
835
941
698
539
761
505
953
800
767
624
611
857
801
777
673
542
834
907
686
750
686
760
564
941
743
879
958
757
645
742
617
868
584
777
601
749
703
819
952
960
716
947
614
929
855
577
900
512
552
649
736
648
722
763
844
740
859
894
896
788
904
734
583
921
736
786
894
758
563
967
620
911
557
616
782
560
697
805
925
871
588
741
511
933
871
806
663
778
800
938
523
603
706
602
559
557
865
891
655
921
726
856
526
623
764
947
674
528
551
794
864
766
905
957
591
925
928
975
970
759
669
863
716
581
813
943
585
821
576
620
798
817
970
540
828
965
825
579
675
932
718
905
893
723
717
804
842
814
544
560
661
920
752
890
936
618
554
747
924
500
846
757
923
886
765
516
783
824
637
689
500
969
953
617
907
533
535
692
551
857
704
780
824
584
878
916
968
890
534
867
733
763
501
903
570
598
563
536
666
884
673
599
536
957
619
544
513
541
663
887
920
831
828
909
568
710
518
771
659
527
656
968
876
753
588
507
806
607
709
808
653
602
793
874
752
700
851
587
702
939
782
886
642
598
652
546
820
732
667
765
799
559
872
778
653
937
555
833
681
935
943
863
973
846
830
525
633
814
622
904
605
660
611
641
516
614
583
675
655
977
699
861
835
876
737
940
776
537
744
659
742
526
606
799
933
607
569
667
966
889
910
626
768
753
700
682
504
547
820
556
537
651
687
772
845
859
554
628
728
878
727
684
698
665
809
678
935
504
802
965
746
816
643
882
972
739
773
829
571
606
502
501
819
864
926
764
635
813
975
649
796
807
503
502
503
515
505
510
508
508
509
510
514
512
513
514
515
522
517
519
519
520
521
522
596
524
525
595
527
528
529
532
531
532
533
534
593
590
538
538
539
540
548
549
543
545
545
546
547
550
549
550
575
553
553
565
566
556
558
558
562
561
561
562
564
565
567
566
567
573
572
570
571
572
573
574
575
576
578
578
580
580
592
582
590
586
585
586
587
589
589
593
591
592
594
594
595
596
597
998
600
600
601
987
604
604
645
608
609
608
609
636
637
612
613
634
615
632
631
618
619
630
627
623
625
624
625
626
627
629
629
630
631
632
633
634
636
638
638
639
640
640
646
644
643
644
647
646
647
648
650
650
713
652
656
654
657
658
657
658
662
660
661
662
694
664
665
670
671
668
669
672
671
672
695
674
676
676
680
678
679
680
681
682
691
684
685
690
687
688
689
690
691
692
693
696
695
696
697
714
699
701
701
708
705
704
707
706
707
708
709
711
711
713
715
714
715
988
724
719
719
720
721
723
725
724
725
729
727
728
729
730
987
735
733
734
735
983
737
738
739
988
741
985
743
744
745
746
993
748
751
750
751
989
754
754
755
756
993
762
759
760
761
762
983
792
791
774
767
768
770
770
771
772
773
774
775
776
790
781
779
780
781
788
785
784
787
786
787
789
789
790
791
792
990
795
795
797
797
990
812
803
801
802
803
811
805
810
807
808
809
810
811
812
838
818
815
816
817
818
823
822
821
822
823
827
825
826
827
839
829
837
832
832
838
834
836
836
837
840
839
840
984
852
843
844
848
847
847
848
853
852
851
854
853
854
855
984
858
858
860
860
862
862
868
869
865
866
867
870
869
870
992
875
873
874
875
982
877
880
879
880
881
882
883
901
885
888
887
888
897
898
896
892
893
895
895
897
899
898
899
900
902
902
903
964
917
918
915
908
909
914
911
913
913
914
915
916
919
918
919
930
922
922
923
924
931
926
927
928
929
930
931
932
962
934
959
936
937
938
961
940
951
950
948
944
945
946
949
948
949
950
951
956
954
954
955
956
959
958
962
960
961
963
963
964
981
966
978
979
969
971
971
972
974
974
977
976
978
980
979
980
981
982
985
986
986
994
996
989
992
991
991
995
995
994
996
997
997
998
-1
