135
130
118
119
174
117
151
119
107
150
131
146
100
182
171
141
105
115
139
129
161
111
136
155
147
138
158
180
168
137
123
173
126
143
166
110
180
159
133
169
185
109
133
161
176
135
177
152
129
170
167
102
176
124
149
156
163
100
143
103
188
165
140
173
107
184
185
127
174
111
179
127
169
186
124
154
105
109
115
153
157
116
103
165
178
132
122
145
142
160
182
145
120
181
162
104
187
154
101
122
101
102
114
104
106
106
108
108
113
110
112
112
113
114
190
116
117
118
121
120
121
188
123
125
125
126
128
128
191
130
131
132
134
134
189
136
137
138
139
140
141
142
144
144
148
146
147
148
149
150
151
152
153
193
155
156
157
158
159
160
162
163
164
164
192
166
167
168
170
172
171
172
193
175
175
194
177
178
179
189
181
183
183
184
194
186
187
190
192
191
195
198
196
195
197
196
197
198
-1
