142
105
186
154
109
172
167
117
135
148
153
188
119
155
100
132
176
123
152
180
149
183
194
166
135
177
140
125
144
128
156
112
151
134
155
169
179
147
131
103
117
120
118
115
137
139
115
106
129
168
175
173
101
111
146
160
185
159
165
167
176
180
146
110
102
193
150
127
127
144
114
100
104
182
108
113
183
139
125
143
163
189
178
136
129
114
173
104
187
113
123
164
106
196
150
185
141
171
154
158
101
102
103
190
105
107
107
108
109
110
111
112
193
122
116
116
120
118
119
121
121
122
124
124
126
126
132
128
130
130
131
133
133
134
138
136
137
138
190
140
141
142
143
145
145
196
147
148
149
160
151
152
153
161
157
156
157
158
159
162
161
162
163
164
165
166
168
169
170
170
171
172
174
174
175
192
177
178
179
181
181
182
184
184
191
186
187
188
189
191
194
192
195
197
195
197
198
198
-1
