101
127
133
157
148
145
123
182
124
118
152
100
177
147
144
176
111
158
152
128
183
162
132
106
129
154
167
139
136
125
161
163
124
129
182
188
114
142
186
113
156
120
159
131
123
190
108
119
176
178
161
110
187
180
174
105
121
113
120
132
101
106
138
149
108
153
165
141
167
158
178
183
154
187
117
126
160
111
100
122
146
117
192
109
115
148
128
156
103
171
166
102
143
173
189
184
145
146
193
165
104
102
103
104
105
107
107
192
109
110
112
112
116
114
115
116
195
118
119
191
121
122
134
137
125
126
127
134
130
130
131
135
133
137
135
136
138
139
140
140
141
142
143
144
197
149
147
150
151
150
151
169
153
155
155
172
157
169
159
160
164
162
163
164
170
166
168
168
172
170
171
173
174
175
175
181
177
179
179
180
181
191
185
184
185
186
193
188
189
190
196
194
194
196
195
197
198
198
-1
