164
131
138
160
195
152
172
136
141
112
166
147
130
197
183
133
116
159
154
141
162
157
144
108
150
111
127
179
146
188
139
176
101
184
135
102
157
164
100
125
115
163
114
151
110
180
187
174
109
185
132
169
142
116
186
134
135
128
108
118
124
126
114
148
125
174
173
105
162
167
104
103
178
156
124
181
169
149
151
168
119
105
143
121
113
137
180
171
107
106
145
165
177
170
100
123
192
189
120
129
101
102
196
194
103
104
107
109
106
110
122
197
115
117
112
113
118
166
117
159
121
122
196
120
119
126
127
128
129
130
131
134
133
153
132
136
137
138
139
140
149
142
154
152
156
150
153
143
155
145
148
155
144
147
140
146
158
158
161
123
190
160
161
167
165
163
190
198
171
170
168
172
173
175
175
183
177
178
179
181
176
182
184
182
185
186
187
188
194
-1
111
193
191
195
193
189
191
198
192
