144
131
132
108
104
112
128
178
171
181
189
188
105
103
143
158
181
167
111
182
154
129
155
110
151
114
156
100
137
120
113
115
163
161
118
122
164
136
100
135
127
146
151
136
111
187
176
161
142
165
196
147
170
157
126
186
103
119
149
185
162
148
141
137
138
138
101
179
160
198
143
177
184
125
134
102
107
171
153
118
124
115
104
132
166
186
152
159
123
114
106
177
168
149
174
183
180
140
156
117
101
102
197
109
105
106
107
109
192
110
108
112
113
190
121
122
125
120
117
123
121
124
116
116
119
126
127
128
130
130
195
198
129
134
135
139
133
133
139
140
141
146
144
142
145
195
145
190
150
148
153
152
150
155
172
168
157
158
159
169
162
160
163
164
165
173
170
169
154
175
167
173
166
172
194
174
131
175
182
180
178
179
183
184
194
187
185
188
189
193
197
193
147
-1
191
196
192
176
191
