118
127
128
159
142
144
174
170
106
125
121
147
138
122
117
143
171
106
127
161
185
103
105
164
139
113
167
100
191
154
170
133
175
110
168
129
114
134
124
183
155
111
141
180
176
180
108
119
164
120
130
175
172
135
123
100
181
152
156
158
139
109
112
151
137
140
173
105
168
134
136
187
111
102
120
101
167
166
110
177
128
196
162
101
163
132
159
154
184
193
107
163
183
179
104
157
131
176
160
193
197
103
151
102
148
104
107
108
109
116
116
113
118
112
115
117
115
119
114
145
121
122
123
124
126
153
125
126
129
130
131
150
135
132
133
136
137
138
149
140
141
142
143
144
146
150
148
153
145
152
147
149
146
198
155
158
157
187
156
161
162
160
188
196
169
169
165
165
166
189
171
172
174
192
173
182
177
178
179
181
182
189
178
184
185
190
191
194
192
188
197
190
195
194
186
186
195
198
-1
