150
183
163
144
159
121
177
119
167
111
133
146
134
172
179
187
155
114
147
102
188
170
143
112
139
141
114
113
184
156
109
166
188
125
124
129
101
139
151
128
171
116
109
131
120
132
107
173
181
106
134
167
142
153
104
140
152
157
172
100
147
105
162
191
182
182
132
115
163
174
100
141
110
149
184
153
175
176
183
148
108
137
120
178
125
165
155
180
123
103
164
169
138
127
165
122
158
133
111
159
101
102
103
104
105
106
108
186
195
110
117
112
113
118
115
116
119
189
117
118
121
122
123
124
126
126
127
129
130
128
136
130
131
135
135
137
138
136
192
140
145
144
143
145
142
192
148
146
149
151
152
150
154
154
161
157
158
156
160
160
161
193
190
164
162
166
168
168
194
170
171
174
173
169
176
179
175
189
180
178
177
198
181
185
185
187
194
195
197
196
193
197
196
191
198
186
190
107
-1
