120
182
107
133
185
151
173
180
164
165
171
129
134
167
118
174
109
160
146
168
102
187
156
101
138
159
123
119
157
176
117
167
137
138
110
106
101
112
179
140
153
152
189
130
180
135
176
113
132
186
125
148
153
121
114
164
115
116
158
147
166
109
126
105
155
104
183
146
178
169
110
135
140
163
118
136
131
100
104
145
107
154
170
177
149
188
144
162
150
161
162
139
113
185
100
181
141
128
137
198
103
103
195
102
105
106
108
108
121
127
111
128
115
112
122
111
119
116
117
120
124
122
125
126
123
124
127
129
114
130
131
133
197
132
183
136
134
143
139
143
141
142
144
142
145
196
147
148
149
151
195
150
154
152
155
156
158
161
157
160
197
159
175
165
163
166
172
168
170
172
169
173
171
175
191
194
177
179
184
178
181
182
184
190
192
186
187
188
189
193
193
192
190
-1
196
191
198
194
174
