143
144
132
170
111
103
159
187
114
112
110
137
131
151
101
100
171
124
139
158
113
193
117
119
165
154
178
139
140
186
135
146
111
146
127
135
133
172
191
134
184
118
136
162
179
158
117
152
105
166
130
153
107
138
162
153
176
116
190
189
154
108
176
173
128
181
129
168
121
169
160
104
180
183
197
109
194
195
106
150
147
187
160
125
161
109
165
155
126
120
168
175
122
157
127
102
151
123
100
182
101
102
104
107
105
103
108
106
150
110
114
112
113
115
115
148
119
116
120
118
121
123
124
122
125
126
148
128
129
130
132
142
133
131
141
136
134
138
140
142
141
143
137
144
196
149
196
145
145
198
149
152
192
155
156
156
157
188
159
164
163
163
161
164
178
166
167
174
169
170
172
177
173
174
171
179
167
175
177
180
181
182
184
185
183
190
192
186
185
188
193
189
191
194
195
197
147
198
-1
