188
163
181
165
179
163
184
115
104
155
190
111
100
183
138
123
169
111
131
127
113
172
175
192
140
129
196
108
120
121
124
128
101
179
106
170
101
158
151
109
102
100
147
136
125
160
106
123
116
150
178
174
143
138
150
153
109
146
161
134
167
177
148
168
145
114
161
135
130
166
119
121
176
139
133
143
182
168
104
142
141
122
152
112
172
189
185
122
193
133
110
137
170
159
184
155
180
131
142
177
103
102
103
105
105
107
107
108
118
110
116
112
113
114
115
117
117
118
119
120
192
195
124
126
125
126
127
128
129
130
132
132
191
134
135
136
137
149
139
140
141
152
144
144
145
146
147
148
149
153
151
154
156
154
156
157
157
158
159
160
162
162
164
164
165
166
167
197
169
171
171
173
173
174
175
176
191
178
185
180
181
182
183
186
187
186
187
188
189
190
193
194
194
196
195
197
198
198
-1
