162
119
151
173
160
144
114
112
188
122
145
133
138
151
119
188
182
163
100
171
186
167
103
166
135
152
176
121
105
140
183
107
164
127
159
143
154
112
167
141
129
138
139
137
114
196
107
179
115
101
178
180
122
125
116
168
111
186
156
159
125
147
162
116
110
149
128
153
172
169
105
146
148
187
121
158
124
152
142
174
102
169
118
161
115
155
132
182
129
104
142
166
124
109
175
164
181
177
178
100
101
102
103
104
106
106
108
108
109
110
111
113
113
190
136
117
117
118
120
120
128
123
123
131
126
126
127
130
130
132
131
133
134
134
135
136
137
193
139
140
141
144
143
147
145
146
148
149
150
150
190
156
153
154
155
157
157
158
196
160
161
192
163
165
165
191
191
168
170
170
171
172
173
174
175
176
177
183
179
180
181
184
185
184
185
194
187
189
189
193
194
192
195
197
195
197
198
198
-1
