126
101
109
101
157
124
196
136
175
184
177
120
128
162
168
170
134
130
132
129
141
172
109
111
125
100
161
168
158
179
135
154
167
117
177
153
131
107
155
105
137
181
139
145
148
146
123
126
110
121
169
183
144
186
174
114
150
160
113
162
149
173
138
185
121
158
140
136
112
171
138
155
106
123
145
115
132
159
151
165
125
108
135
102
147
116
117
112
164
184
166
119
103
178
174
105
152
152
165
188
102
100
104
104
107
103
189
108
106
111
197
110
115
114
118
113
118
116
120
122
119
122
198
124
192
127
127
128
129
130
133
194
133
131
143
134
137
142
139
140
142
143
141
144
195
146
148
150
147
189
151
149
153
154
156
156
187
161
159
157
163
160
163
191
166
164
182
169
167
170
171
172
179
176
175
173
178
176
180
180
181
182
193
185
183
186
190
194
190
192
197
-1
188
191
198
187
195
196
193
