137
112
115
135
120
198
105
197
156
141
130
147
145
114
155
182
157
141
154
110
177
112
184
169
138
120
168
123
121
100
125
166
142
184
117
171
177
104
134
101
148
104
140
116
115
159
165
168
183
183
162
113
188
108
105
180
174
149
119
149
170
128
139
122
124
181
157
131
146
146
160
129
175
127
103
102
136
178
176
107
163
165
110
150
100
164
132
169
126
109
135
188
137
161
176
158
160
131
159
127
101
102
103
194
106
106
107
109
111
108
111
133
113
114
117
116
118
119
192
118
122
123
121
124
125
190
129
126
130
128
189
134
190
194
132
136
143
138
139
140
144
142
143
144
145
152
147
148
151
150
152
154
151
196
153
156
153
155
198
158
161
162
163
167
167
164
195
166
172
170
179
180
178
171
175
173
173
172
179
174
182
191
181
185
185
187
187
189
186
196
193
-1
197
133
191
192
195
193
186
