164
107
117
143
124
131
119
188
101
174
154
170
106
168
149
180
152
108
190
137
171
134
140
169
166
127
111
158
183
195
156
116
155
153
100
121
187
126
150
163
164
151
132
122
113
136
128
146
112
115
131
104
110
104
176
198
182
176
181
153
139
165
160
173
177
130
191
113
159
172
184
114
118
179
162
142
167
175
148
133
121
145
178
135
157
105
186
145
120
147
103
193
138
178
185
158
180
141
100
112
103
102
144
101
105
106
107
108
110
123
109
109
111
114
115
116
117
118
119
132
122
120
129
129
130
123
125
125
124
128
134
126
127
136
137
133
138
135
140
142
139
143
141
194
-1
146
147
148
150
151
149
152
197
156
157
154
155
162
159
161
161
144
160
166
163
167
165
168
169
170
171
172
173
175
177
174
192
197
179
190
181
183
184
182
186
187
185
189
191
188
189
196
193
102
195
198
192
194
196
