128
157
126
138
104
161
125
186
192
111
160
101
152
148
147
108
110
174
154
124
183
100
112
108
118
145
144
129
153
134
117
169
116
162
130
176
147
187
123
115
159
143
102
189
163
106
142
113
173
129
114
138
170
172
121
181
159
137
111
192
136
123
134
178
151
168
166
119
163
195
120
109
167
146
100
113
128
102
155
171
196
190
168
130
141
156
150
158
124
139
152
148
156
103
180
177
175
105
157
122
107
106
104
105
103
101
107
190
109
197
112
110
195
114
115
117
118
116
119
120
122
198
121
127
126
127
125
140
133
131
131
135
133
135
132
136
139
132
140
142
137
143
141
144
197
198
149
146
149
150
151
185
154
155
153
185
182
158
164
162
167
164
161
165
165
160
179
166
169
170
171
172
173
174
177
176
180
179
175
178
181
182
183
184
186
184
187
189
-1
191
196
194
194
188
193
193
145
188
191
