167
130
117
102
181
177
133
139
137
116
126
134
135
125
182
171
151
145
146
123
149
150
172
165
166
149
101
112
158
100
157
180
152
102
178
113
145
154
172
154
184
144
160
121
107
183
119
175
174
138
104
148
110
163
124
105
156
111
127
110
165
126
132
143
147
137
175
118
173
179
106
114
103
115
120
169
187
143
113
162
133
164
108
168
159
173
159
152
185
131
128
181
122
153
155
186
136
163
118
129
105
100
104
101
103
106
107
108
188
112
109
114
111
109
115
116
189
194
121
120
123
119
124
122
125
196
127
129
130
128
131
191
134
132
135
141
138
136
139
140
142
144
141
140
147
142
198
196
197
150
151
117
170
155
153
156
157
158
161
160
161
192
164
162
195
166
167
169
148
168
189
170
171
176
178
176
174
180
177
146
179
182
183
184
185
186
187
192
190
198
191
-1
190
188
193
193
195
194
197
