101
110
137
111
141
128
163
110
182
155
166
165
124
152
158
100
115
113
172
104
180
158
117
142
137
114
186
136
165
130
177
160
116
129
194
123
140
112
107
186
133
116
167
179
120
103
172
154
185
104
143
175
147
191
170
143
169
106
162
149
150
151
152
161
176
173
146
119
166
100
184
140
188
189
155
130
164
147
125
153
138
173
132
185
146
126
105
109
135
126
170
134
182
132
181
117
139
102
145
175
101
102
103
107
105
106
108
108
109
115
111
112
113
114
121
118
118
120
119
121
122
122
123
124
125
127
127
128
129
131
131
192
133
134
135
136
196
138
139
191
141
142
144
144
145
190
148
148
149
150
151
157
153
154
156
156
157
159
159
160
161
162
163
164
189
168
167
168
169
171
171
193
174
174
176
178
177
178
179
180
181
183
183
184
190
187
187
188
193
192
195
194
195
198
196
197
197
198
-1
