169
186
146
173
116
175
163
198
154
110
115
107
153
136
129
102
147
161
137
160
112
150
134
158
165
176
169
170
145
187
105
109
174
127
138
141
144
106
158
121
112
159
166
181
134
190
157
177
185
178
126
167
159
125
129
149
122
119
117
148
140
140
156
183
188
184
154
182
100
131
168
120
137
135
101
164
102
132
148
116
142
123
165
133
136
103
152
185
143
139
101
170
104
127
189
124
172
108
100
162
114
110
104
105
103
106
107
108
113
111
111
114
113
109
115
118
117
119
122
120
121
118
123
124
128
126
130
128
125
130
132
195
133
196
191
194
135
139
191
138
141
142
143
144
145
146
147
151
149
151
152
150
155
155
153
197
196
197
157
160
161
162
163
181
166
167
178
164
171
168
171
175
182
180
172
180
179
173
179
177
174
176
183
156
186
184
187
188
189
190
131
193
194
192
198
193
192
195
-1
