124
184
171
143
148
144
159
178
136
122
131
165
175
168
195
109
193
137
173
187
138
113
133
132
174
152
100
102
119
184
142
153
150
142
172
106
162
111
115
125
114
127
123
151
178
130
139
176
101
155
174
141
168
148
100
166
129
160
161
103
180
122
117
108
128
130
186
137
169
153
160
182
183
116
113
189
156
121
112
135
105
151
181
183
157
124
118
167
170
105
164
143
104
134
177
118
155
188
107
147
101
102
103
104
110
106
107
110
196
111
109
197
114
112
115
116
117
120
119
121
195
120
128
126
123
190
129
125
126
147
131
132
133
134
136
140
135
138
139
140
141
145
146
144
146
196
145
127
163
159
149
152
154
154
158
149
150
161
162
158
156
163
157
164
165
166
167
198
169
170
171
172
173
194
175
177
191
176
179
181
185
182
180
179
185
187
189
186
192
188
193
197
194
192
-1
198
191
190
108
