107
184
139
110
101
105
138
190
152
193
127
122
100
147
181
121
109
195
142
136
143
135
163
170
171
168
162
141
112
174
106
125
186
165
157
158
105
114
177
164
176
137
141
153
119
173
101
185
160
150
145
193
106
115
160
113
148
185
138
168
182
117
130
180
119
104
146
166
155
124
181
134
153
180
188
172
126
114
177
140
100
157
165
179
156
187
150
159
111
179
167
111
122
125
116
102
190
123
149
123
103
102
103
104
129
107
108
108
109
110
130
112
113
118
115
116
117
118
120
120
121
129
132
124
126
128
127
128
131
131
132
133
133
134
135
136
137
196
139
140
143
142
144
144
145
146
147
148
149
151
151
152
154
154
155
156
197
158
159
161
161
162
163
164
171
166
167
169
169
170
172
173
174
175
175
176
178
178
196
184
183
182
183
187
188
186
189
191
189
191
192
192
194
194
195
198
197
198
-1
