172
183
118
157
153
121
108
148
100
104
185
164
149
105
129
106
150
158
141
137
128
128
135
124
113
106
109
123
174
123
132
160
180
101
127
105
101
102
173
154
118
131
163
120
148
126
138
127
119
146
136
117
102
115
133
114
116
150
180
131
125
122
194
138
104
103
100
162
103
110
176
107
142
134
157
171
181
154
111
112
141
109
147
156
121
151
125
146
165
112
124
115
110
111
139
129
108
140
142
145
164
107
113
134
130
171
136
122
158
116
198
147
152
114
120
117
149
144
119
132
155
151
140
144
183
126
145
192
130
135
167
133
137
163
178
139
152
155
143
143
194
161
177
167
165
162
179
169
160
159
156
153
169
166
170
175
159
172
177
161
189
168
179
166
184
190
176
168
170
175
191
173
174
182
182
181
178
186
187
185
186
184
189
190
188
187
188
192
195
191
193
196
193
197
195
196
197
198
-1
