120
129
134
186
139
128
112
143
159
131
106
163
114
156
121
124
136
183
154
160
152
123
160
164
136
137
155
172
165
161
133
132
149
177
126
153
156
118
123
107
106
103
161
164
102
105
142
115
128
130
127
117
155
104
181
146
112
149
142
151
110
108
100
109
150
122
143
109
101
158
124
125
113
144
171
108
135
118
130
103
107
122
100
110
104
147
177
102
151
125
115
117
113
116
111
105
114
135
101
126
119
133
119
116
140
176
120
145
132
111
145
139
140
169
138
127
131
121
146
170
150
157
141
141
166
183
129
182
162
134
138
137
144
162
148
154
157
172
158
175
148
168
167
178
153
175
147
193
189
174
152
180
173
159
163
193
169
170
166
165
171
184
168
186
174
181
167
189
197
179
173
188
179
176
178
187
180
191
190
185
182
197
185
184
188
187
195
191
192
190
192
194
196
194
195
196
198
198
-1
