136
106
120
175
142
107
111
108
120
151
125
165
111
122
167
144
163
123
110
135
147
112
119
100
121
102
174
112
118
165
104
138
107
134
110
139
160
101
129
105
132
149
117
135
164
150
130
116
127
140
159
133
119
155
154
104
139
137
122
152
182
141
143
117
145
118
101
156
128
113
102
152
133
103
109
106
176
108
132
130
115
169
128
169
127
181
103
125
163
126
145
109
100
115
114
148
154
121
124
138
137
114
177
113
105
126
161
124
148
162
146
129
131
172
157
116
131
141
146
180
123
158
156
168
147
142
151
157
140
143
164
136
134
153
160
144
153
177
190
173
186
166
167
175
150
149
193
178
155
178
183
158
186
161
184
170
170
159
173
162
179
168
171
179
172
166
182
171
181
191
198
185
174
195
187
176
180
189
188
185
190
183
189
184
193
188
187
192
194
192
191
197
196
194
195
196
197
198
-1
