128
140
159
119
149
136
103
153
112
103
168
173
157
109
147
141
101
111
143
111
191
107
163
170
105
145
124
175
131
113
158
144
117
122
139
104
116
146
145
128
130
102
127
152
167
160
138
136
168
105
131
144
107
120
190
123
151
118
115
126
100
108
156
139
129
122
134
102
133
121
110
126
135
161
165
114
104
172
129
114
115
117
100
106
109
175
120
119
106
166
113
162
155
134
148
116
188
101
121
132
108
155
142
112
127
110
176
125
137
138
133
141
130
154
153
179
118
140
124
132
142
123
125
146
137
163
147
152
193
143
135
148
150
174
161
156
154
171
157
150
151
165
164
184
182
172
158
149
182
173
179
177
160
159
183
174
180
164
169
162
167
178
181
166
181
170
171
187
169
177
189
186
197
187
176
192
180
178
193
183
190
184
189
185
185
186
196
188
195
194
191
192
195
194
196
197
198
198
-1
