135
129
154
107
113
125
145
101
144
155
140
160
122
168
179
151
111
143
128
130
153
120
127
108
104
126
115
140
117
120
134
103
137
118
106
102
139
132
109
106
100
105
121
104
171
114
110
103
101
109
131
136
124
172
155
178
122
150
151
114
100
112
174
196
111
115
131
121
102
135
175
191
124
142
105
165
123
146
127
116
113
123
125
112
147
119
153
176
142
107
152
157
157
133
137
173
119
156
138
164
108
110
134
144
128
118
143
130
133
117
129
162
146
116
176
159
132
159
145
173
138
141
180
163
136
126
184
182
166
148
187
141
166
149
139
164
147
150
156
162
160
169
174
158
154
152
148
188
149
177
169
161
158
163
165
170
167
187
172
171
161
167
183
185
180
175
178
168
170
192
188
194
177
185
181
179
181
193
182
183
190
193
184
189
186
186
194
189
195
190
191
192
197
196
195
198
197
198
-1
