180
164
133
116
114
105
176
139
119
121
112
120
158
122
101
107
131
135
165
156
118
163
177
106
144
120
123
102
122
103
103
133
163
100
132
101
159
126
129
151
107
135
183
115
129
155
131
111
127
121
100
171
150
193
112
140
111
109
119
145
136
124
130
128
126
127
108
124
145
130
108
151
110
136
191
125
109
172
106
104
184
175
189
159
117
149
174
113
158
102
154
116
161
110
134
115
148
150
146
155
117
128
105
104
157
143
139
114
141
156
113
182
125
118
132
138
141
153
134
166
149
123
148
137
152
143
153
137
154
142
144
147
172
169
192
147
138
142
152
140
169
162
176
146
173
157
160
167
160
164
171
161
188
166
181
168
167
170
181
162
178
182
183
165
168
179
170
173
180
186
178
174
190
179
175
194
177
191
187
185
189
185
194
184
190
186
187
188
196
195
192
197
193
195
196
198
197
198
-1
