132
149
133
165
114
104
184
148
133
103
100
128
109
120
142
186
171
111
149
102
129
135
130
125
154
101
106
119
136
121
117
139
132
140
164
116
124
100
120
108
174
108
106
118
128
168
114
126
124
101
111
157
143
119
160
152
105
137
127
156
137
115
155
180
117
109
116
115
167
123
110
130
122
113
169
107
131
110
158
163
151
182
102
134
121
177
140
127
105
107
173
182
104
113
112
112
163
103
161
150
138
138
185
145
144
156
153
147
118
125
123
152
143
139
160
135
157
158
131
183
122
155
129
145
170
126
162
134
141
151
167
166
142
136
159
173
150
146
164
153
141
148
144
179
154
146
147
175
162
191
161
159
168
185
170
180
177
188
166
172
165
188
171
190
174
175
176
172
169
190
187
179
178
176
178
189
181
181
186
194
184
187
183
192
189
197
193
192
195
193
191
196
195
194
196
197
198
198
-1
