107
113
177
128
170
131
130
132
118
173
102
157
110
158
172
128
133
195
126
151
109
185
124
155
119
112
105
106
143
117
175
108
149
122
148
125
112
108
146
137
123
110
123
104
103
159
156
177
111
162
120
119
147
160
165
133
115
126
160
105
169
101
145
130
142
170
188
144
116
136
171
109
115
102
134
135
117
138
103
138
157
120
100
185
141
101
167
129
139
125
111
173
164
100
159
127
154
140
104
113
114
107
135
106
140
122
118
139
124
114
121
143
132
121
116
134
183
155
141
148
153
150
156
127
129
146
136
131
149
145
144
154
142
172
161
137
152
166
158
182
168
151
150
147
179
152
186
153
175
182
163
165
192
161
168
174
163
169
184
164
178
162
167
178
166
174
190
171
181
176
195
190
179
176
186
183
180
180
189
181
191
193
184
193
187
189
187
188
192
197
191
196
194
194
196
197
198
198
-1
