130
122
146
110
173
187
110
160
129
138
106
113
138
163
107
120
174
181
168
115
112
176
128
117
111
114
137
104
105
148
101
172
119
148
141
156
152
107
127
125
102
149
101
131
108
120
175
113
104
111
186
127
132
165
136
157
145
134
126
140
118
144
135
143
116
108
102
162
117
109
142
103
151
141
125
160
100
155
144
121
112
122
106
131
109
167
137
150
115
181
151
123
135
105
173
103
182
133
119
100
121
124
118
114
123
154
179
134
124
164
147
153
189
150
116
145
133
126
161
146
130
136
169
182
157
128
155
139
129
153
132
156
154
158
147
166
158
139
143
140
159
142
149
171
163
186
152
166
165
162
180
178
159
170
168
183
179
164
184
161
171
167
177
178
169
170
190
172
189
180
196
174
175
195
188
176
177
185
184
185
193
183
193
188
197
191
187
190
192
194
191
192
195
194
198
196
197
198
-1
