196
126
174
103
101
141
106
165
110
111
193
107
147
132
114
127
143
142
118
145
118
135
100
177
111
123
119
122
101
121
131
120
182
176
124
148
109
149
126
184
112
129
124
140
135
148
108
189
130
127
158
143
158
138
128
104
109
129
167
147
116
114
167
139
112
117
113
102
105
149
110
128
175
141
105
182
162
107
154
113
152
102
172
104
142
181
134
120
174
119
121
136
125
152
108
100
137
169
146
106
146
117
103
115
171
168
140
131
133
125
123
122
115
153
144
116
160
145
170
136
155
130
144
157
138
151
153
134
181
132
156
133
150
137
190
168
150
156
139
163
162
151
159
160
183
170
161
159
161
186
164
155
188
154
157
166
173
163
166
165
175
176
179
164
189
172
169
185
187
171
180
173
178
183
179
194
177
178
180
184
185
186
188
196
190
191
187
195
192
192
191
193
195
194
197
197
198
198
-1
