169
140
130
143
117
136
170
110
104
173
120
124
149
142
107
109
103
103
114
144
164
123
125
135
163
119
161
115
140
133
116
138
100
181
139
112
108
121
141
147
147
126
124
175
132
106
116
159
179
105
170
152
102
114
137
118
111
169
173
132
128
160
138
144
153
145
101
167
128
129
151
113
107
126
146
105
122
106
101
155
158
113
127
104
146
130
156
111
100
109
108
137
189
187
142
102
110
149
112
118
152
127
125
154
155
123
117
153
115
162
119
158
121
131
129
166
122
165
120
134
135
148
136
141
134
131
182
133
150
139
143
150
192
176
172
148
156
151
162
164
145
190
167
163
186
178
157
159
177
157
168
181
154
165
184
171
160
161
195
171
168
195
172
185
174
166
174
185
186
179
175
176
177
183
180
183
178
180
194
182
184
188
192
187
191
194
188
189
190
193
191
193
197
197
196
196
198
198
-1
