109
179
162
146
112
117
152
106
118
109
148
144
105
113
121
108
116
118
178
101
115
173
129
130
124
126
156
119
156
114
132
107
139
166
123
141
102
103
100
132
119
117
115
174
123
125
127
131
138
104
158
136
147
100
105
108
169
150
110
134
107
168
142
165
113
126
148
173
151
136
111
145
164
135
106
147
144
116
120
153
137
161
146
102
158
110
159
130
111
103
133
155
101
114
175
155
145
187
149
157
128
104
172
112
141
124
171
122
131
121
125
138
127
163
134
159
122
129
120
133
128
143
137
196
183
140
140
149
139
160
189
183
135
164
185
174
153
161
152
143
142
162
177
163
154
195
154
151
150
171
167
166
160
192
179
180
157
167
165
170
185
178
181
168
176
170
169
172
188
181
176
193
175
177
182
189
186
180
184
182
190
184
186
191
188
187
190
194
195
191
193
192
197
194
198
196
197
198
-1
