138
176
160
149
127
100
107
153
105
121
133
102
106
104
143
120
160
128
154
117
141
131
121
193
177
142
123
175
152
114
173
129
177
127
130
145
118
148
167
110
113
142
126
101
108
124
103
168
110
185
103
106
144
140
109
166
111
131
116
134
162
115
111
143
102
118
138
100
146
134
136
122
149
122
120
105
145
104
179
130
135
156
166
186
161
148
152
151
144
125
137
101
153
132
162
119
112
172
124
113
117
108
109
107
115
139
114
112
151
116
128
125
133
137
141
182
123
155
119
150
132
126
155
135
175
129
180
161
136
172
140
165
168
139
147
150
178
154
183
171
179
146
174
163
171
156
147
159
178
188
158
159
157
164
169
157
167
158
164
165
163
169
182
170
184
186
181
174
170
183
173
196
176
180
181
184
190
189
187
196
185
187
191
194
188
189
190
192
191
195
194
192
193
197
195
198
197
198
-1
