124
103
118
128
131
108
102
115
157
173
135
149
150
125
129
135
105
126
133
114
139
155
127
140
136
101
125
112
105
155
138
110
175
111
141
113
120
127
166
156
122
142
121
139
147
104
120
143
108
148
189
100
134
103
113
159
116
114
110
165
130
126
130
169
122
100
117
107
124
121
167
167
175
101
177
151
164
119
107
144
148
163
132
109
112
179
177
118
106
117
146
102
104
111
170
140
123
115
144
119
123
109
129
106
136
153
137
116
158
185
193
138
132
146
182
154
131
181
173
152
153
149
147
161
160
162
128
170
141
134
183
154
133
182
137
158
168
143
168
145
142
156
145
151
150
162
166
157
165
164
174
152
161
183
197
169
180
172
159
160
171
163
186
178
172
195
171
189
184
174
178
179
176
190
176
184
181
180
187
186
187
185
193
192
191
188
192
188
190
197
191
195
194
194
196
196
198
198
-1
