573
689
559
626
590
711
565
606
690
956
600
777
656
839
759
982
755
905
940
538
513
614
827
681
502
618
961
848
598
800
792
682
929
886
892
797
824
984
692
582
679
550
504
958
920
702
591
630
845
799
844
500
627
826
545
960
787
843
754
650
809
847
658
806
605
528
889
647
942
527
956
789
544
908
640
553
580
896
652
569
853
768
571
596
731
867
770
507
962
698
855
670
856
914
616
729
660
756
771
801
834
950
653
709
637
684
765
887
563
844
763
505
893
596
516
910
745
579
898
917
859
795
912
804
636
793
949
707
514
957
966
567
744
952
629
748
617
823
557
526
935
803
779
928
932
916
525
855
800
795
720
886
637
842
787
941
804
729
741
576
791
774
529
826
857
707
774
884
518
767
536
574
620
736
736
581
561
776
761
533
753
789
598
846
830
568
649
646
517
869
788
833
900
882
818
700
883
559
873
558
542
591
940
758
562
894
852
780
605
649
739
723
818
549
500
872
722
937
832
769
950
936
537
762
817
628
773
841
683
930
930
568
924
766
501
512
673
936
751
906
877
609
726
552
836
566
644
824
837
593
688
870
714
586
504
813
699
945
629
592
928
926
964
919
896
711
684
919
558
694
881
942
959
734
853
701
905
751
705
552
897
698
693
730
759
807
882
597
513
819
512
837
503
874
760
746
890
659
823
858
866
636
526
838
714
881
766
544
864
654
979
577
907
617
661
719
578
654
984
847
744
549
701
609
738
634
741
771
949
503
534
964
765
944
797
803
567
706
829
793
647
678
852
506
887
839
801
696
754
531
715
688
594
521
509
963
843
505
644
869
946
982
607
594
535
745
659
963
612
653
536
921
608
939
625
868
582
587
739
815
542
527
971
718
967
863
740
616
872
915
925
639
633
689
661
543
613
625
841
531
597
551
565
699
733
561
722
817
939
814
913
614
724
822
926
866
838
646
906
747
556
534
516
619
577
580
945
944
697
719
626
959
514
677
674
828
694
572
668
657
607
907
891
574
833
935
780
709
908
961
966
798
983
749
595
533
864
761
573
737
920
867
665
710
767
915
720
958
753
924
681
539
583
673
863
735
889
814
612
868
508
593
540
934
831
692
875
969
599
502
812
792
913
951
873
620
622
923
553
706
501
522
523
511
508
506
507
510
509
510
511
521
520
515
515
517
519
518
519
520
522
524
523
524
525
986
530
528
529
530
532
532
685
546
535
541
537
538
539
540
541
547
543
545
546
548
547
548
676
550
551
554
555
554
555
556
557
677
560
560
562
563
564
564
672
566
670
569
570
570
571
572
588
575
575
576
589
578
579
585
581
584
583
584
585
586
587
588
589
590
667
592
669
604
595
602
599
601
602
600
601
603
603
604
643
606
610
608
611
610
611
640
613
615
615
622
623
618
619
621
621
624
623
624
635
631
627
628
632
630
631
632
633
634
635
641
638
638
639
642
641
642
643
645
645
666
648
648
650
651
651
652
660
655
655
656
657
658
663
662
662
663
664
664
665
666
667
668
669
671
671
672
675
674
675
676
678
679
680
680
686
682
683
685
687
686
687
987
691
690
691
994
693
695
695
696
697
728
703
700
704
702
703
704
705
716
708
708
712
710
713
712
713
717
715
716
717
718
726
721
721
723
725
724
725
727
727
728
732
730
731
732
733
734
735
987
737
738
743
740
742
742
743
784
748
746
747
750
749
750
752
752
785
757
755
756
757
758
784
760
764
762
763
764
781
782
777
768
769
770
772
772
773
775
775
776
778
778
779
781
783
782
783
786
785
786
988
788
790
790
791
994
794
794
796
796
811
798
799
809
802
802
808
805
805
806
807
808
810
810
811
812
813
816
815
816
820
821
819
820
821
822
988
825
825
996
827
828
829
830
831
832
835
834
835
836
990
992
840
840
860
842
849
850
845
846
849
848
851
850
851
861
854
854
859
856
857
858
860
862
861
862
904
865
865
902
876
877
871
870
871
876
879
874
875
878
878
879
880
880
899
885
883
884
885
901
888
888
895
890
891
892
893
894
895
899
897
898
902
900
901
903
903
904
992
989
910
909
909
911
911
912
975
914
918
916
917
918
978
921
922
922
923
975
925
927
927
932
929
931
931
933
933
934
976
938
937
938
978
955
941
943
943
946
947
948
947
948
954
953
951
952
953
954
955
980
957
974
973
960
971
962
968
965
965
970
967
968
969
970
972
972
973
974
977
976
977
979
980
981
981
990
983
985
985
986
991
989
993
995
991
998
993
995
997
996
997
998
-1
