787
626
778
922
583
588
843
890
635
936
844
973
723
580
971
567
821
526
646
718
816
579
668
706
807
799
696
517
937
715
502
557
777
824
799
965
888
636
794
824
874
595
954
530
879
719
523
803
606
903
944
744
857
587
943
746
792
743
690
556
740
586
766
979
857
730
576
839
613
688
501
658
570
677
813
579
923
553
710
527
964
550
649
910
794
632
559
762
832
772
878
675
833
798
500
541
616
538
529
909
867
736
533
838
560
771
841
693
625
962
808
627
876
923
940
846
801
687
875
673
575
859
668
574
536
901
628
713
926
793
564
784
529
853
816
764
951
771
546
929
827
892
679
843
770
663
927
715
762
966
721
603
717
733
847
506
895
506
686
892
607
942
906
664
532
982
972
561
503
627
981
747
953
763
921
933
657
610
887
600
731
549
950
930
886
902
776
559
707
719
822
516
513
535
902
644
576
578
759
952
635
835
594
618
934
917
518
880
692
789
650
594
553
739
948
807
746
702
970
897
701
632
974
900
692
836
549
800
640
950
555
948
609
726
825
695
764
660
574
691
765
505
591
531
624
804
842
612
742
725
662
516
650
580
877
735
879
894
812
803
653
652
872
585
517
800
677
694
973
858
860
945
615
511
773
884
819
717
871
895
590
781
524
664
889
820
531
871
962
742
826
861
974
502
897
656
570
651
667
946
678
765
544
730
596
573
645
534
640
826
774
852
587
978
759
896
500
661
638
507
662
922
849
819
649
732
614
740
858
783
780
584
975
698
747
891
511
509
966
555
541
504
708
614
612
636
823
983
837
631
781
862
523
669
956
701
849
939
970
525
552
656
773
936
777
687
583
804
933
939
727
790
976
618
766
672
655
513
738
808
631
706
710
908
638
893
705
509
908
674
552
884
690
872
525
728
874
850
637
822
726
584
852
657
809
967
702
814
686
941
886
537
738
850
703
510
905
676
928
543
899
782
912
890
877
665
605
788
733
835
744
626
811
945
560
694
712
920
713
630
841
761
943
693
920
788
792
975
604
607
776
534
815
628
592
812
589
963
522
538
671
603
832
522
907
965
795
599
833
947
724
724
637
707
504
828
609
814
846
616
550
978
899
904
700
780
905
610
860
737
924
848
722
606
760
521
907
870
904
671
501
571
503
563
505
508
507
508
515
510
512
512
514
514
515
520
519
518
519
520
521
566
548
524
528
526
527
528
546
530
545
532
533
539
535
536
537
540
539
540
542
542
543
544
545
547
547
548
562
551
551
568
554
554
558
556
557
558
562
564
561
563
565
565
567
566
568
569
569
572
571
572
573
598
575
577
577
578
582
581
581
582
599
598
585
586
590
588
589
591
593
592
593
597
595
596
597
601
600
601
602
602
994
604
605
619
608
608
620
611
611
619
613
622
615
617
617
621
620
621
622
623
623
624
625
685
645
629
629
630
634
633
633
634
644
641
642
639
639
641
643
642
643
647
646
647
648
648
684
653
651
652
654
654
655
681
659
658
659
660
661
682
663
666
665
666
667
670
669
670
680
672
673
674
675
676
681
678
679
680
683
682
683
684
685
997
689
688
689
752
691
756
698
697
695
696
697
699
699
700
751
704
703
704
705
750
709
708
709
711
711
712
714
714
716
716
749
718
720
720
721
722
723
753
725
727
729
728
729
750
731
732
734
734
735
736
737
753
739
741
741
754
743
745
745
751
748
748
749
752
755
754
755
758
756
757
757
758
994
760
761
988
763
769
768
767
767
768
769
770
987
772
775
774
775
995
779
778
779
785
785
782
783
784
786
786
787
789
790
791
791
795
793
796
797
796
797
798
989
802
801
802
805
806
805
806
990
809
810
810
811
991
813
817
815
818
817
818
863
820
821
827
823
828
825
830
829
829
830
831
831
866
834
834
838
836
837
840
839
840
863
842
845
844
845
854
847
848
855
851
851
854
853
856
855
856
864
866
859
868
861
862
865
864
865
867
868
869
869
870
990
873
873
881
875
876
882
878
880
881
883
882
883
885
885
987
887
888
889
955
891
958
893
894
913
896
898
898
916
900
901
913
903
914
916
906
918
910
909
911
911
912
915
914
915
917
918
919
919
932
921
930
925
924
925
926
927
928
929
931
931
932
935
934
935
938
937
938
954
940
941
942
960
944
956
946
947
949
949
955
951
952
953
959
957
957
959
958
960
961
961
989
963
964
969
968
967
968
969
984
971
972
985
984
977
976
977
980
979
980
981
982
983
986
985
986
988
992
992
996
991
993
993
995
996
997
998
998
-1
