733
857
551
750
924
904
971
533
806
782
604
643
546
641
895
702
898
527
930
761
967
619
772
732
738
501
900
933
807
758
629
833
621
705
695
729
519
723
769
722
763
835
593
587
642
793
669
596
741
834
979
659
917
927
689
861
920
602
853
616
824
826
984
737
973
908
913
895
586
860
835
785
610
566
548
714
867
614
909
689
791
883
974
670
725
980
867
924
613
519
781
510
906
885
526
627
502
557
820
855
944
777
713
665
832
648
870
751
504
632
975
929
799
530
706
598
912
634
636
886
729
649
851
724
586
802
945
588
721
836
535
756
869
740
672
840
720
858
746
773
968
933
776
555
636
530
764
600
595
667
524
646
513
566
517
973
709
901
910
600
665
528
531
874
804
554
692
866
880
699
916
570
581
631
645
502
891
979
937
788
536
834
881
726
777
821
986
585
779
981
754
854
902
790
819
668
926
782
507
857
504
872
693
639
575
743
925
837
538
903
569
858
904
611
829
603
669
838
608
556
905
984
969
574
888
667
648
810
641
874
896
877
645
894
629
541
597
909
875
578
932
824
508
703
726
562
794
574
934
836
500
655
842
821
919
935
501
879
610
580
985
888
536
543
806
825
570
584
702
559
977
613
585
797
944
853
719
605
567
868
703
724
865
822
524
745
871
970
695
659
796
688
525
949
664
808
547
939
614
730
699
928
907
945
640
653
890
563
668
630
734
865
934
822
593
926
652
727
564
534
660
753
896
856
801
517
691
860
809
818
886
618
711
832
628
792
839
910
937
879
527
580
512
647
786
651
932
838
736
644
688
974
503
771
660
529
736
755
811
678
652
769
696
731
918
558
881
903
856
774
793
785
618
531
663
535
592
966
558
500
805
771
741
664
713
790
518
972
803
700
598
876
601
863
891
750
540
563
624
620
710
947
884
509
901
875
568
603
798
735
803
738
705
697
604
802
980
776
622
894
936
650
890
908
795
851
752
720
982
503
534
602
774
552
561
551
831
654
709
507
882
515
697
892
783
740
801
935
706
594
884
592
540
657
972
742
770
662
936
757
711
609
508
573
653
968
759
825
986
698
873
799
589
560
755
633
630
783
542
567
633
966
616
523
591
905
863
634
763
731
818
780
691
844
611
718
554
798
810
928
522
516
506
505
505
506
514
509
511
510
511
512
513
514
515
516
521
518
520
520
521
522
523
988
525
526
544
528
529
544
532
532
533
545
539
537
537
538
539
547
541
542
543
549
545
546
548
549
550
550
553
552
553
582
555
556
557
579
559
560
561
562
565
564
565
577
571
568
569
572
571
572
573
576
575
576
577
578
579
583
581
582
583
584
675
589
587
588
590
590
591
676
683
594
595
596
597
599
599
676
601
677
605
606
607
606
607
608
609
626
612
612
625
615
615
617
617
623
619
620
621
622
623
624
625
626
627
628
683
677
631
632
638
635
635
637
637
638
639
640
685
642
643
644
679
646
647
681
649
650
651
658
654
656
655
656
657
658
681
661
661
662
663
679
666
666
674
673
671
670
671
672
673
674
675
680
678
682
684
680
687
682
684
686
685
686
687
990
690
690
694
692
693
694
988
696
991
698
701
700
701
715
704
704
708
707
707
708
716
710
712
712
714
715
717
716
717
718
719
764
721
722
723
765
725
728
727
728
767
730
747
732
733
734
735
748
737
739
739
746
743
742
744
744
745
747
749
748
749
760
751
752
753
754
759
756
757
758
760
762
761
762
766
765
766
767
768
768
989
770
993
772
773
775
775
965
778
778
779
780
781
787
784
784
786
787
789
788
789
846
791
792
847
794
795
796
797
815
800
800
816
815
812
804
805
813
807
808
809
811
812
814
813
814
817
816
817
846
819
820
829
823
823
828
827
826
827
828
830
830
831
849
833
848
845
843
837
839
841
840
841
842
843
844
845
847
848
849
850
850
852
852
963
854
855
960
962
859
859
862
861
862
864
864
960
866
963
868
869
870
871
872
873
955
876
878
877
878
958
880
955
882
883
949
885
887
887
889
889
948
893
892
893
956
899
897
897
898
899
900
950
902
921
922
920
906
907
914
912
911
911
913
915
914
915
916
917
918
919
921
923
922
923
951
925
952
927
929
931
930
931
951
940
939
942
941
938
938
940
941
942
943
943
948
946
946
947
950
953
953
957
952
954
954
956
957
958
959
959
961
961
962
964
964
965
992
967
993
969
970
971
994
978
976
975
976
977
978
989
983
981
982
983
994
985
987
987
990
992
991
995
998
996
995
997
996
997
998
-1
