692
637
673
525
961
513
608
911
561
612
954
772
501
826
728
948
724
507
508
689
652
666
744
788
720
635
677
727
642
855
954
937
513
664
747
780
524
773
635
579
917
826
526
626
871
652
940
740
624
633
845
837
594
560
986
781
643
603
843
835
918
770
867
711
807
730
825
646
828
981
803
908
735
601
600
956
816
576
972
897
959
802
739
509
975
567
944
927
861
884
906
683
979
890
545
504
515
646
590
947
706
679
554
879
650
584
834
842
946
522
891
736
580
802
834
951
782
776
710
841
753
663
893
630
774
627
922
661
562
712
921
918
547
693
860
869
921
774
929
806
922
534
785
501
730
934
907
910
913
726
603
939
772
777
606
919
748
713
786
857
589
891
587
951
588
770
853
749
845
587
847
912
500
969
970
542
881
714
873
777
598
919
596
631
704
806
580
524
843
957
968
859
560
568
590
894
563
660
690
866
933
593
705
536
716
727
529
955
625
708
965
974
732
986
602
809
647
692
961
589
747
611
880
535
933
837
683
864
648
545
779
518
569
638
943
836
785
585
789
970
709
659
751
950
531
548
872
584
831
679
541
687
754
503
848
984
813
669
552
870
514
721
619
529
749
599
872
804
817
753
697
887
736
855
789
636
672
627
791
896
942
647
700
857
964
854
814
745
726
983
688
651
703
565
927
852
532
917
810
888
561
935
678
914
895
984
703
865
621
794
888
825
641
573
624
511
973
752
625
740
850
847
878
677
876
540
955
870
824
607
850
729
643
503
755
605
651
712
853
641
509
923
942
899
555
504
722
923
523
778
621
612
533
985
809
751
672
945
668
698
690
775
593
928
507
606
887
650
521
517
657
718
586
695
930
682
512
851
867
554
710
575
868
824
943
506
582
675
559
535
622
614
787
544
934
909
757
559
746
662
637
697
731
795
739
514
822
957
748
886
827
737
681
570
572
613
971
694
791
804
674
720
879
564
608
904
618
528
617
660
977
521
642
633
911
687
928
706
767
500
536
755
715
757
885
598
889
675
572
864
628
821
890
808
856
812
820
868
968
776
530
544
689
835
699
510
930
538
540
805
858
711
894
848
936
538
906
666
841
759
790
571
971
661
817
634
575
708
717
691
686
579
885
614
935
812
873
767
810
913
502
502
556
505
505
506
557
508
519
510
511
512
517
516
515
516
518
520
519
520
553
522
523
526
525
527
527
528
548
530
531
532
533
534
547
537
537
539
539
543
541
542
543
550
546
546
549
549
550
551
551
552
553
556
555
558
557
558
992
574
566
562
563
564
565
566
567
568
569
570
571
574
573
577
576
577
578
578
583
581
581
582
583
995
585
586
597
588
592
591
591
592
595
594
595
596
597
616
599
600
601
602
604
604
605
609
607
610
609
610
611
617
613
615
615
616
618
619
620
620
623
622
623
797
632
626
628
629
629
630
631
632
667
634
638
636
639
640
639
640
656
645
644
644
645
655
649
648
649
656
654
653
653
654
655
658
657
658
659
668
665
662
663
664
665
667
670
669
670
671
671
798
673
674
676
676
684
678
680
680
681
682
685
684
685
686
797
688
761
700
691
696
693
694
695
696
701
698
699
702
701
702
764
704
705
707
707
761
709
763
725
713
716
714
715
717
718
719
719
723
721
722
723
724
725
743
732
728
729
733
731
734
733
734
735
738
737
738
742
741
741
742
743
744
745
746
762
762
750
750
765
752
760
754
756
756
758
758
759
760
764
765
763
766
768
766
768
769
769
771
771
800
773
799
775
783
781
778
779
780
782
784
783
784
796
786
787
788
793
790
792
792
793
794
795
796
798
799
800
801
801
991
803
833
805
819
807
808
820
811
811
814
813
815
815
816
818
818
819
821
822
823
823
832
828
829
827
830
829
830
831
832
833
840
839
836
838
838
839
840
997
842
844
844
846
846
991
849
849
993
851
852
992
854
861
856
862
858
859
860
863
862
863
996
865
866
901
882
869
877
871
874
875
874
875
876
877
878
883
880
881
882
883
884
902
886
901
903
889
900
892
892
893
897
895
896
898
898
899
900
902
903
904
905
905
988
907
908
909
910
914
912
915
916
915
916
989
981
920
920
924
925
924
926
925
926
963
932
929
931
931
932
964
941
937
936
938
938
939
940
941
952
949
944
945
946
947
948
949
950
953
952
953
963
960
956
958
958
959
960
962
962
966
965
966
967
967
978
969
980
976
972
973
974
975
976
977
978
979
980
982
982
983
987
985
988
987
990
989
990
993
994
994
996
995
997
998
998
-1
