970
827
683
943
731
815
836
521
617
847
821
642
781
586
701
786
834
969
962
891
797
748
983
521
886
842
777
558
670
698
584
791
600
598
710
613
599
508
566
513
569
661
595
656
507
848
689
758
753
714
890
854
940
805
855
843
946
771
741
687
819
739
584
671
930
796
637
665
926
936
661
541
554
883
722
775
615
915
524
982
657
557
563
951
606
890
735
849
964
668
787
690
562
768
838
777
782
756
675
673
525
802
783
928
716
623
541
653
506
578
587
739
860
971
510
732
568
988
633
548
835
689
798
734
505
606
733
942
771
579
527
764
780
599
863
643
988
894
795
984
832
512
898
714
765
501
885
887
786
965
752
590
612
716
945
839
896
906
959
859
911
967
626
663
688
703
984
981
738
526
821
605
907
858
955
510
886
671
812
761
736
600
752
544
646
812
542
781
693
861
849
607
747
601
981
626
686
559
774
732
914
896
986
816
880
768
761
619
622
778
940
961
508
527
831
794
935
929
780
833
660
594
914
959
530
952
895
717
977
550
555
534
531
825
910
832
676
745
702
561
576
835
647
556
814
645
601
770
775
657
614
862
960
704
827
659
888
806
578
557
847
855
581
677
794
565
958
639
747
659
667
624
800
500
972
620
763
505
881
744
517
865
946
707
770
778
509
788
551
610
502
937
743
549
608
517
605
853
708
803
589
799
658
805
699
767
588
924
614
922
839
577
694
924
702
518
553
916
908
664
814
582
763
746
548
713
665
708
743
934
580
703
909
742
879
523
799
915
841
545
829
559
709
903
719
693
843
963
790
891
933
913
842
692
720
624
819
668
522
504
826
539
862
892
666
960
670
554
622
815
813
813
591
589
801
660
803
983
590
935
923
502
882
699
853
751
519
852
909
912
613
620
884
964
741
973
641
529
585
576
857
922
857
884
666
848
973
654
545
773
550
766
638
773
625
644
715
682
833
866
972
676
938
825
709
638
653
986
970
646
580
535
993
567
544
903
904
565
512
686
637
678
533
701
677
905
629
654
648
719
642
503
941
692
523
987
593
831
932
531
894
754
948
941
535
828
921
509
990
925
500
696
938
611
593
893
583
947
525
929
738
674
937
698
804
932
818
736
621
807
706
925
880
674
536
893
844
734
612
542
501
992
503
504
573
506
507
514
515
511
511
513
514
516
515
516
520
518
519
520
574
522
540
524
537
526
528
528
529
530
532
532
533
534
538
536
537
538
539
540
573
543
543
547
546
546
547
568
549
552
551
552
553
569
555
556
560
558
561
560
562
563
564
564
571
566
567
570
570
571
572
572
575
574
575
995
577
650
579
630
581
582
583
633
585
586
587
588
595
592
591
592
596
594
597
596
597
598
604
603
602
602
603
604
630
609
607
608
609
610
611
631
617
616
615
616
618
618
619
635
621
632
623
628
625
627
627
628
629
634
631
632
634
635
636
636
651
640
639
640
641
649
643
644
645
650
647
648
649
652
651
652
991
655
655
656
868
658
730
723
662
662
663
664
727
681
667
669
669
682
672
672
673
681
675
678
679
680
679
680
684
683
684
685
685
722
687
688
691
690
691
695
695
694
697
696
697
721
700
700
720
724
704
705
705
706
707
710
711
712
711
712
713
721
715
718
717
718
724
725
723
726
725
726
729
727
728
728
729
730
731
870
733
760
735
737
737
758
740
740
755
742
750
744
745
746
749
748
749
750
751
757
753
754
755
756
757
759
759
760
762
762
868
764
765
766
767
769
769
871
772
772
789
774
776
776
790
779
779
785
784
782
783
784
785
789
787
788
792
791
792
793
793
811
795
796
797
798
810
800
801
802
809
804
808
806
807
808
809
810
811
869
822
823
816
817
817
818
820
820
822
824
823
824
873
826
830
828
829
830
872
873
874
834
837
836
837
838
840
840
841
846
845
844
845
846
869
850
851
850
851
852
874
854
856
856
867
858
859
860
861
864
863
864
865
866
867
870
872
871
875
878
876
875
877
876
877
878
879
997
881
882
883
976
885
887
889
888
889
902
900
892
897
899
895
897
900
898
899
901
901
902
919
904
905
906
907
908
920
910
911
912
913
918
917
916
917
918
919
920
921
976
923
951
926
927
927
928
931
930
931
954
933
934
950
936
956
939
939
950
943
942
944
944
945
949
947
948
949
952
953
953
955
954
956
957
957
958
979
966
961
962
963
966
965
968
967
968
969
978
971
974
975
974
975
977
978
979
980
980
991
982
993
985
985
992
987
989
989
990
996
994
994
996
995
997
998
998
-1
