846
501
612
560
600
924
554
712
533
664
794
758
563
662
754
750
934
741
855
955
735
763
770
963
883
564
818
804
952
558
514
927
959
881
722
706
553
791
718
520
505
761
540
979
912
642
641
678
504
650
583
917
876
551
951
732
536
632
533
720
750
517
824
867
576
689
565
597
916
734
525
539
982
601
506
656
561
882
879
761
849
640
766
514
680
912
848
653
661
566
978
511
513
538
676
657
803
962
616
941
894
643
524
547
615
512
836
621
619
766
911
747
873
773
814
958
560
861
700
748
874
866
932
823
655
546
740
679
854
526
582
967
666
922
612
863
637
826
521
829
871
808
843
880
528
501
930
931
500
810
844
824
849
831
644
845
865
562
674
961
531
558
500
839
916
529
549
728
726
884
865
743
879
859
803
907
895
944
976
590
681
601
547
972
773
565
742
689
981
840
646
923
509
913
732
731
515
631
921
635
616
820
559
698
511
953
908
930
928
667
610
801
666
763
687
788
951
889
749
968
846
630
751
600
563
610
513
889
877
931
964
679
594
539
878
821
707
608
793
974
614
767
926
530
808
843
772
984
829
759
792
830
677
954
827
660
688
587
909
629
599
694
868
836
631
981
676
929
722
970
886
556
738
977
568
974
776
693
838
651
537
504
957
969
860
684
537
593
806
575
662
524
571
614
592
859
820
842
873
970
963
818
942
932
548
715
664
605
706
886
686
882
887
861
526
639
637
894
618
758
895
941
530
971
670
737
898
794
584
690
623
742
943
715
724
509
875
687
663
672
748
628
669
507
850
671
599
902
668
740
923
644
647
546
592
730
739
851
877
582
728
755
650
841
771
925
727
642
762
595
950
586
683
870
771
626
802
759
838
538
630
806
909
804
596
957
585
880
589
678
774
717
816
780
862
792
800
964
686
801
776
929
983
624
734
627
817
621
937
618
780
720
985
595
969
778
651
890
914
737
757
639
797
611
620
672
828
656
552
716
800
658
765
556
626
503
844
535
725
685
896
542
724
921
611
534
887
591
505
837
575
822
967
751
655
832
716
802
628
544
911
821
795
566
899
774
778
519
570
871
606
660
884
854
574
814
830
585
908
961
730
752
785
867
520
528
623
762
605
693
915
694
553
898
777
955
652
633
736
858
502
502
503
986
508
506
507
508
510
510
523
512
517
516
515
516
518
518
519
522
521
522
523
987
525
527
527
579
529
532
531
532
580
534
535
536
545
543
541
540
541
542
543
544
545
579
550
548
549
550
551
552
555
554
555
557
557
578
559
571
561
562
572
564
568
567
567
569
569
570
573
572
573
574
577
576
577
578
581
580
581
994
583
584
586
588
587
588
589
590
591
607
593
594
596
598
597
598
602
603
602
604
603
604
607
606
609
608
609
987
708
613
613
711
615
617
617
708
619
620
622
622
625
624
625
709
627
711
629
636
634
632
633
634
635
636
638
638
648
640
641
646
643
645
645
647
649
648
649
699
654
652
653
654
702
659
657
658
659
699
661
702
663
665
665
675
667
668
669
670
671
673
673
674
675
704
677
701
682
680
681
682
683
684
685
696
692
688
691
690
691
692
697
695
695
696
697
698
703
700
701
703
704
705
705
713
707
710
709
710
712
713
714
714
988
719
717
718
719
721
721
723
723
994
725
726
727
729
729
799
731
733
733
784
735
736
745
738
739
746
741
744
743
744
745
746
747
787
749
756
753
752
753
754
755
756
757
783
760
760
789
768
764
764
765
769
767
768
769
770
783
772
785
775
775
782
777
779
779
781
781
782
784
786
786
788
787
789
790
790
791
797
793
796
795
796
798
798
799
988
809
809
812
805
805
807
807
811
810
811
812
813
813
815
815
816
817
819
819
996
833
822
823
825
825
826
827
828
834
833
831
832
835
834
835
990
837
945
839
840
841
842
856
853
845
847
847
848
852
850
851
852
853
857
855
856
857
858
946
860
864
862
863
864
945
866
869
868
869
870
872
872
900
874
875
876
903
878
900
901
881
891
883
885
885
892
888
888
890
891
893
892
893
903
897
896
897
905
899
904
901
902
904
905
906
906
907
948
910
910
920
919
913
914
915
918
917
918
919
920
938
922
939
924
925
926
927
928
937
934
935
933
933
936
935
936
938
940
939
940
947
942
943
944
946
947
948
949
949
950
992
952
953
954
956
956
960
958
959
960
992
962
966
965
965
966
989
968
976
973
971
972
973
975
975
977
978
979
980
980
990
982
983
984
985
986
991
989
993
995
991
998
993
995
997
996
997
998
-1
