614
728
529
851
637
752
910
710
945
987
801
630
620
790
953
575
545
586
848
767
888
964
836
796
848
628
840
725
787
597
975
745
881
833
800
897
690
589
572
684
938
679
512
685
592
697
901
714
850
737
634
812
589
866
652
682
670
923
608
677
602
795
568
905
881
821
649
620
500
850
654
922
820
540
642
933
765
736
786
793
531
910
668
970
619
747
892
692
605
789
812
791
868
783
894
616
887
958
724
852
707
521
718
854
800
721
504
907
957
733
969
519
636
868
783
846
713
853
966
937
956
563
943
790
534
743
559
504
780
822
644
922
951
693
577
656
742
636
731
808
516
630
747
941
556
741
613
714
633
733
895
691
760
952
744
582
948
773
867
660
939
842
913
880
961
669
829
837
539
955
577
702
680
860
854
788
524
823
740
844
619
883
970
768
709
603
516
891
784
653
968
712
756
937
702
916
593
811
538
823
622
739
524
794
523
936
554
951
513
557
573
808
753
828
622
542
825
676
762
744
885
987
883
959
729
741
866
879
716
522
912
799
560
810
653
760
724
986
950
870
893
785
502
879
943
898
992
864
511
612
556
681
976
775
643
503
936
583
704
833
505
640
886
533
691
561
521
618
537
650
799
629
663
638
525
915
849
555
579
562
561
787
720
529
841
639
767
886
638
759
526
778
716
832
919
755
573
929
845
662
736
785
649
675
941
955
761
915
889
903
684
697
966
971
980
513
680
515
809
661
726
863
918
962
652
761
917
752
885
501
701
703
590
615
819
717
906
994
934
554
935
618
827
961
732
950
703
884
774
830
788
986
640
604
836
502
779
962
834
732
591
587
594
712
530
540
870
707
596
772
887
522
844
727
728
968
609
591
889
571
654
558
942
771
858
902
661
776
563
562
694
613
976
557
650
500
838
574
534
536
669
792
795
819
682
639
914
945
673
933
765
894
822
572
896
512
546
723
828
905
768
507
579
599
814
695
539
940
802
901
645
662
916
904
580
737
580
793
971
696
964
616
506
600
610
675
608
739
526
731
672
693
507
541
508
840
578
674
958
743
705
869
536
940
668
708
815
832
598
709
673
641
759
779
692
518
965
903
975
633
528
967
891
517
957
635
766
847
598
917
559
777
926
544
991
665
593
599
727
773
501
549
503
509
505
506
510
508
509
510
511
550
514
514
515
520
517
518
519
520
549
552
523
551
525
527
527
528
532
530
531
532
533
535
535
548
537
538
546
543
541
542
543
544
545
547
547
548
550
551
552
553
553
631
555
569
566
558
566
560
569
564
565
564
565
567
567
568
570
570
571
588
576
574
575
576
584
578
585
581
581
582
583
584
585
586
587
588
623
590
607
592
595
594
595
596
597
605
601
600
601
602
603
604
606
606
607
611
609
610
611
612
624
614
615
617
617
623
626
621
621
625
624
625
626
627
627
628
629
632
631
632
996
634
635
667
637
644
645
647
641
642
643
646
646
647
648
648
658
651
651
659
657
655
655
656
657
658
659
660
666
663
664
664
665
666
667
687
670
671
671
672
688
674
677
676
678
678
679
686
681
683
683
687
685
686
689
688
689
690
997
699
700
694
695
696
698
698
699
700
701
878
706
704
705
706
876
708
711
710
711
721
713
715
715
717
718
719
719
720
722
722
723
873
725
726
875
730
729
730
754
734
735
734
735
755
738
738
749
740
750
742
748
746
745
746
749
748
751
750
751
754
753
757
756
757
758
758
873
762
763
764
763
764
865
766
770
769
769
770
771
772
780
774
775
776
777
778
781
782
781
782
816
784
817
786
805
806
789
804
791
792
798
794
797
796
797
798
805
803
801
802
803
804
807
806
807
815
809
810
811
813
813
814
816
818
817
818
862
820
821
824
824
826
825
826
827
831
829
830
831
860
835
834
835
839
837
838
839
841
842
843
843
857
845
846
847
859
849
856
851
852
853
855
855
856
857
858
859
861
861
862
863
864
865
876
867
872
869
871
871
872
874
874
875
877
877
878
995
880
882
882
932
884
925
928
924
888
890
890
900
892
893
898
895
896
897
899
899
900
930
902
907
904
908
906
909
908
909
911
911
912
913
914
924
921
920
918
919
920
921
926
923
925
927
927
929
928
930
931
931
932
996
934
935
992
988
938
939
947
946
942
944
944
947
946
949
948
949
979
954
952
953
954
982
956
978
960
959
960
984
963
963
978
965
980
967
972
969
973
972
974
973
974
979
977
977
983
981
981
983
982
984
985
985
989
988
990
989
990
991
993
993
994
995
998
997
998
-1
