840
903
653
924
637
888
654
852
832
702
934
602
694
587
958
599
704
544
885
971
743
735
687
513
501
516
695
550
791
854
520
510
738
905
703
904
941
723
691
641
709
667
560
867
762
670
973
715
906
589
865
969
708
808
924
501
821
825
832
765
942
781
869
593
536
806
714
590
585
762
554
687
836
660
625
533
919
688
709
763
830
691
644
761
608
747
743
927
692
874
858
699
558
904
846
500
668
921
884
505
582
803
881
674
724
753
560
568
565
786
757
604
899
778
657
616
898
790
522
502
521
670
730
571
820
977
643
778
940
842
553
790
745
898
538
723
952
732
570
641
797
857
828
666
577
788
645
967
541
607
943
855
800
609
780
615
543
502
897
673
503
573
757
822
659
911
527
718
870
882
918
515
534
722
664
785
971
854
617
905
740
802
827
879
711
646
606
539
799
925
581
636
839
754
614
941
505
793
576
753
526
810
702
962
662
722
729
885
932
831
970
956
511
953
826
879
567
804
934
524
834
950
600
920
852
952
749
913
878
820
655
839
559
853
605
807
681
658
802
784
671
638
515
716
940
654
694
861
601
942
684
570
510
532
546
912
569
682
705
514
880
671
808
948
537
664
800
794
557
746
799
684
853
792
810
581
678
846
900
547
508
841
911
636
954
741
742
751
639
532
955
804
561
585
533
710
562
616
549
599
915
678
831
795
736
818
899
622
519
642
738
796
631
936
891
783
635
635
863
658
732
673
822
865
637
759
688
629
603
517
633
653
726
761
949
965
860
866
543
883
619
680
889
513
798
712
639
824
604
713
547
716
887
727
897
887
500
621
605
613
951
665
956
875
612
617
792
734
582
746
726
632
961
625
575
730
572
755
785
578
558
916
712
586
628
621
627
877
881
824
590
748
835
950
759
546
597
542
783
729
735
972
679
520
937
681
751
564
667
779
969
863
870
612
873
818
823
859
696
579
833
689
864
750
914
907
796
629
782
933
506
669
932
529
728
597
888
528
944
935
955
514
589
903
561
645
787
583
872
756
871
679
784
701
886
960
959
957
541
880
758
910
707
948
583
683
701
544
536
656
545
708
957
737
922
892
752
915
739
960
814
619
562
627
634
624
706
631
894
519
916
926
512
873
551
838
843
936
963
623
507
504
503
504
506
507
509
508
509
978
511
512
525
528
518
516
517
518
525
521
522
523
523
524
530
526
527
529
530
531
531
991
535
534
535
540
537
538
539
540
993
542
555
552
545
552
548
548
549
550
551
555
553
554
556
556
557
592
559
574
565
563
563
564
566
566
567
568
569
577
571
572
573
574
575
576
578
579
580
580
593
592
584
584
588
586
587
588
595
591
591
594
594
595
596
596
598
598
979
600
601
602
603
611
610
606
607
608
609
610
611
997
613
614
615
987
618
618
620
620
986
622
623
624
626
626
982
628
630
630
650
632
633
634
651
650
647
638
640
640
648
642
643
644
646
647
649
648
649
652
651
652
981
663
655
656
657
661
659
660
661
662
663
981
665
666
675
668
669
676
672
672
675
674
677
676
677
991
700
680
685
682
683
686
685
686
698
690
689
690
693
692
693
697
695
696
697
698
699
700
765
766
703
704
705
706
707
717
718
710
711
717
713
714
715
720
719
719
720
721
721
773
725
724
725
766
727
728
767
731
731
733
733
734
773
736
737
767
739
740
741
742
744
744
745
775
747
748
749
750
769
752
771
754
755
756
771
758
760
760
768
764
763
764
769
770
768
772
774
770
777
772
774
776
775
776
777
989
779
780
781
782
845
848
789
786
787
788
789
813
791
814
793
794
795
813
797
798
816
801
801
812
803
805
805
806
807
809
809
811
811
812
815
815
816
817
817
819
819
844
821
850
823
825
826
827
828
829
829
830
844
836
833
834
835
837
837
838
845
840
841
842
843
849
847
847
849
848
850
851
851
983
859
856
855
856
857
858
860
861
862
862
978
864
867
866
868
868
869
985
871
872
876
874
875
876
877
878
980
980
896
882
883
884
891
886
893
890
889
890
894
892
893
895
895
896
929
902
901
900
901
902
930
908
909
906
907
908
909
910
928
912
913
914
923
917
917
918
919
920
921
922
923
929
925
926
927
928
931
930
931
992
933
937
935
938
939
938
939
945
946
945
943
944
947
946
947
979
949
996
951
983
953
954
975
966
965
958
959
964
961
962
963
964
966
968
967
968
976
970
974
972
973
974
975
976
977
984
989
988
988
982
984
986
985
987
990
995
994
990
992
993
995
994
996
998
997
998
-1
