825
508
717
630
501
809
928
835
570
563
690
535
505
784
701
800
710
668
944
666
854
771
852
863
549
627
901
680
839
743
615
719
625
683
629
548
632
618
900
837
943
519
975
824
504
880
658
862
808
583
803
750
632
665
671
658
513
693
622
751
542
558
847
831
672
788
927
760
854
729
535
788
954
529
625
521
681
741
740
793
896
755
536
932
712
739
594
888
743
573
607
891
591
841
664
844
634
819
949
942
761
895
645
905
961
745
764
609
779
538
744
652
938
672
654
818
862
790
675
853
845
560
507
550
761
953
758
952
533
572
933
546
977
856
874
836
791
674
648
571
534
739
935
660
619
548
945
906
643
907
508
592
961
955
835
546
924
603
969
712
890
839
528
638
764
852
600
947
918
520
686
947
697
939
916
537
553
566
583
585
962
629
820
571
609
644
930
879
908
600
521
793
855
516
795
741
556
950
637
540
875
737
974
752
622
638
594
592
696
564
589
688
957
781
620
858
802
825
735
794
893
973
665
587
780
726
561
945
691
577
889
914
804
735
643
502
573
661
686
614
577
756
640
656
614
943
500
886
704
908
830
549
639
597
525
929
555
800
563
821
547
881
584
810
823
760
907
644
798
584
575
613
516
626
693
885
616
503
950
648
567
700
566
803
916
899
785
649
559
695
654
560
722
972
714
838
831
770
976
692
781
500
931
779
514
602
543
705
748
849
531
676
652
558
589
618
529
881
927
957
757
532
511
967
846
590
554
636
860
946
787
850
767
738
704
806
767
689
651
905
707
689
892
863
755
579
930
650
903
709
797
845
746
966
841
734
910
917
688
856
737
938
722
886
768
828
951
914
523
801
819
515
633
946
812
926
707
634
673
778
647
677
695
826
931
816
763
934
505
541
574
840
619
713
608
585
697
808
783
607
889
574
591
613
671
768
809
750
975
910
747
659
766
567
684
979
633
817
795
718
883
887
627
834
714
502
899
968
715
588
763
650
667
973
813
711
684
541
877
797
912
522
734
918
506
666
678
896
790
878
522
933
970
823
904
694
543
801
657
972
824
756
575
830
966
533
780
901
519
528
857
960
678
874
590
624
623
912
903
969
765
683
706
663
913
893
878
847
596
766
513
708
922
875
732
552
787
656
978
816
501
512
503
504
510
506
507
509
509
510
511
512
517
514
515
518
517
518
527
520
526
524
523
524
525
526
527
982
530
530
531
532
989
534
538
536
537
539
539
540
545
542
544
544
545
987
547
553
550
551
551
552
554
555
556
557
557
612
559
562
561
562
565
564
565
568
569
568
569
570
578
572
579
578
576
576
581
580
580
581
582
582
604
605
586
586
587
588
603
595
596
593
593
595
598
597
598
599
599
601
601
602
604
606
605
606
611
608
610
610
611
612
984
617
615
616
617
984
621
620
621
988
623
624
990
626
628
628
631
630
631
991
642
635
635
636
637
641
639
640
641
642
983
645
646
646
647
733
649
725
651
653
653
655
655
728
657
661
659
660
662
662
663
664
668
669
667
670
669
670
724
682
673
674
675
676
677
679
679
680
681
682
730
685
685
687
687
724
701
690
691
692
702
694
699
696
698
698
699
700
703
702
703
726
705
706
718
708
709
710
711
717
713
716
715
716
720
719
720
721
721
723
723
725
727
727
729
728
730
731
731
732
733
986
736
736
865
738
754
740
742
742
749
744
745
746
747
748
749
753
751
752
753
754
776
757
759
758
759
777
762
762
775
774
765
771
772
769
769
770
773
772
773
774
775
776
777
778
868
782
783
782
784
785
786
786
865
789
789
792
791
792
871
794
796
796
799
798
799
813
807
802
805
804
805
806
807
814
811
810
811
812
815
814
815
867
817
818
822
820
821
822
866
827
826
827
829
828
829
832
833
832
833
834
866
836
837
838
842
840
843
842
843
844
851
846
848
848
849
850
851
869
853
861
855
858
857
859
859
860
861
868
864
864
871
869
867
870
872
870
872
873
873
987
876
876
877
883
879
880
882
882
884
884
885
997
887
888
897
890
891
892
894
894
895
898
897
898
990
900
902
902
982
904
924
906
921
909
909
911
911
923
913
915
915
920
917
919
919
920
921
922
923
925
925
926
989
928
929
940
937
932
936
934
935
936
937
941
939
940
941
942
963
944
964
958
948
948
949
956
951
952
953
954
955
956
959
958
959
960
963
962
965
964
965
985
967
968
971
970
971
995
979
974
980
976
977
978
981
980
981
983
986
991
985
993
997
988
993
992
994
992
995
994
996
996
998
998
-1
