942
876
675
773
835
738
751
921
827
920
734
516
641
902
886
524
527
506
862
663
602
841
637
704
905
813
770
656
699
867
650
501
907
635
820
725
798
504
726
842
836
937
707
716
744
905
708
797
792
513
829
791
977
814
597
838
634
868
617
656
842
796
542
939
838
966
686
623
577
739
932
713
877
509
740
724
884
586
525
596
614
753
918
690
758
620
547
562
737
749
913
805
857
576
556
686
653
500
906
899
943
790
852
848
933
965
523
767
806
921
837
702
708
812
827
604
530
511
759
610
818
566
817
916
764
600
908
847
846
559
651
954
713
611
855
732
793
825
909
609
925
813
923
660
509
516
969
882
724
762
627
643
560
896
621
675
649
897
901
740
851
917
929
730
733
631
526
945
508
645
594
937
717
580
712
877
810
689
644
698
680
906
598
665
558
677
870
765
743
544
881
862
847
663
642
525
655
647
550
920
552
566
881
747
605
786
626
640
615
924
706
715
873
623
510
749
709
503
687
809
534
533
510
761
953
939
590
613
889
578
916
654
816
574
963
612
593
828
750
872
570
783
743
709
860
884
896
611
671
668
511
948
818
935
573
785
929
546
793
908
560
599
672
943
608
928
697
669
852
930
861
579
526
645
843
544
760
514
786
758
543
837
824
609
845
654
957
966
591
736
784
871
655
723
866
561
878
819
772
726
942
912
947
841
692
593
730
501
900
796
500
614
869
650
559
919
569
791
805
769
934
585
507
952
834
701
513
833
665
806
731
539
550
722
834
923
738
815
808
861
691
556
817
771
531
799
889
561
638
825
900
503
551
585
775
666
606
606
848
627
854
717
599
731
752
508
961
595
532
703
876
641
783
658
864
662
687
534
633
586
673
748
962
669
788
977
545
517
557
892
752
963
722
564
746
746
933
869
866
898
575
831
769
637
944
775
872
549
581
904
704
856
597
934
831
756
587
714
573
575
784
528
967
531
624
815
871
562
693
716
671
946
859
672
652
630
922
621
539
755
706
888
625
613
951
890
523
931
615
754
563
864
658
867
642
736
910
978
700
634
742
542
518
946
936
828
760
763
605
697
664
535
952
590
545
754
809
951
629
636
553
855
666
541
515
968
767
823
883
771
540
668
579
878
756
689
741
857
967
962
502
502
505
504
505
506
507
993
522
518
512
512
517
514
515
520
519
519
520
521
521
522
983
524
536
529
527
528
529
530
537
532
533
536
535
538
537
538
989
540
541
982
543
555
547
546
548
548
549
554
551
552
553
554
555
979
557
558
570
571
568
565
563
564
565
567
567
568
569
572
571
572
584
574
583
576
577
578
582
580
581
582
583
584
589
588
587
588
589
592
591
592
998
594
595
596
602
598
601
600
601
603
603
604
992
607
607
608
981
610
989
612
618
619
616
616
617
618
619
620
622
622
628
624
625
626
629
628
630
631
632
632
633
694
635
636
638
639
639
640
679
648
643
644
646
646
647
648
649
682
651
652
653
678
661
657
657
659
659
660
661
662
684
664
678
667
667
680
670
670
679
674
673
674
676
676
677
683
681
681
683
682
684
685
685
695
688
688
694
690
691
692
693
696
695
696
994
698
699
700
701
702
703
705
705
719
707
710
711
710
711
712
720
714
715
718
719
718
721
720
721
729
723
728
725
727
727
728
729
979
735
732
733
734
735
800
737
801
739
800
741
742
745
744
745
776
747
748
779
750
751
776
753
777
755
757
757
779
759
763
761
762
764
765
766
766
768
768
781
770
774
772
773
774
778
780
777
778
780
781
782
782
803
789
785
787
787
788
789
790
795
792
794
794
795
802
797
798
799
801
802
803
804
804
988
807
807
808
811
810
811
812
986
814
981
816
821
822
819
820
821
822
823
824
826
826
983
830
829
830
832
832
833
986
835
836
840
839
839
840
985
843
844
844
845
846
849
850
849
850
851
853
853
854
990
856
858
858
859
860
984
863
863
865
865
970
891
868
892
870
873
874
875
874
875
891
880
879
879
880
886
882
883
885
885
887
887
888
894
890
893
893
894
895
895
973
897
898
899
902
901
903
903
904
911
912
907
911
909
910
914
913
914
915
915
970
917
918
919
971
927
922
924
926
925
926
927
928
956
930
931
932
956
941
935
936
938
938
940
940
941
959
948
944
945
949
947
950
949
950
958
955
953
954
955
957
958
959
960
960
961
973
964
964
965
975
972
968
969
974
971
972
974
975
976
976
980
978
982
980
985
987
988
984
987
990
995
992
991
991
993
996
995
994
996
997
997
998
-1
