723
558
850
550
679
568
527
670
973
854
578
568
920
672
681
585
694
956
863
826
814
847
828
825
825
541
940
974
651
849
797
691
620
791
670
590
719
545
606
558
543
916
829
982
685
766
969
838
778
546
533
515
939
623
822
712
736
731
718
722
720
683
972
813
801
834
699
573
649
770
690
618
501
917
500
688
542
640
894
701
537
596
864
924
512
535
953
703
846
836
513
747
953
807
711
852
818
943
859
824
578
649
630
863
829
939
978
678
520
802
711
645
928
957
851
609
574
584
878
723
745
652
853
708
857
741
629
883
887
978
881
617
510
739
508
677
906
979
634
897
773
774
899
587
946
582
552
651
627
840
682
628
962
911
781
608
533
907
981
677
639
615
784
516
808
667
927
637
554
933
642
519
726
509
959
556
569
612
831
693
794
925
725
734
641
704
930
528
950
976
665
505
961
832
983
951
833
728
693
645
959
608
788
671
545
522
903
597
743
764
922
845
542
892
837
960
690
538
592
576
988
656
669
706
828
523
750
535
924
569
585
557
710
752
963
570
580
851
899
768
975
898
866
745
914
821
926
550
779
986
769
746
807
816
614
856
817
606
517
748
641
502
796
577
854
525
793
952
771
957
894
977
529
900
547
956
964
570
879
910
786
671
858
614
599
803
789
728
617
962
990
665
596
548
635
705
709
892
571
648
765
708
934
520
625
696
798
630
729
667
696
803
902
616
961
541
783
945
588
980
817
642
513
740
938
884
932
742
838
557
644
832
724
534
766
948
785
707
536
705
973
881
682
976
780
507
549
867
639
703
984
726
591
810
633
779
885
906
732
598
502
857
685
664
915
790
672
702
884
797
534
507
748
619
768
855
512
836
811
626
588
637
561
883
583
500
582
767
519
895
930
819
849
739
908
650
954
710
555
729
698
866
798
536
890
530
613
618
619
918
789
694
795
865
878
576
923
643
621
979
764
580
715
809
845
612
893
846
595
886
773
713
777
820
566
717
810
944
988
944
725
724
505
966
865
678
598
583
621
931
566
636
950
504
895
896
691
915
922
592
607
882
673
526
935
783
648
932
931
527
777
610
684
636
860
749
795
668
522
788
889
954
573
531
935
714
882
811
880
650
802
800
741
634
801
699
820
554
730
538
501
503
503
504
506
506
509
508
511
510
511
518
514
514
515
516
517
518
992
521
521
524
523
524
525
526
532
528
529
530
531
532
995
565
563
540
537
539
539
540
560
544
543
544
553
546
547
548
549
551
551
552
553
562
555
556
560
559
559
563
561
562
564
564
565
567
567
601
602
572
571
572
575
574
575
601
577
579
579
581
581
604
593
584
586
586
587
589
589
590
591
594
593
594
595
603
597
600
599
600
602
603
604
605
605
753
607
611
609
610
611
755
613
655
615
616
658
631
624
620
622
622
623
624
625
626
627
628
629
632
631
632
633
655
635
661
638
638
657
640
656
646
643
644
647
646
647
659
658
654
653
652
653
654
661
659
657
660
662
660
662
663
663
664
666
666
753
668
669
676
675
674
673
674
675
676
689
679
680
680
681
687
683
684
686
686
687
688
689
756
692
692
754
695
695
697
697
698
700
700
701
702
758
704
757
706
707
758
709
721
715
712
713
714
716
716
717
718
719
720
721
722
759
738
736
727
727
733
735
730
731
732
733
734
735
737
737
738
754
740
744
742
743
744
759
746
747
750
749
751
751
752
755
757
756
760
763
761
760
762
761
762
763
991
765
776
767
770
769
772
771
772
775
774
775
776
869
778
780
781
782
782
787
784
785
786
787
872
791
790
792
792
793
794
869
796
875
799
799
800
806
805
804
804
805
806
844
808
809
815
812
812
813
814
815
816
842
818
819
822
821
823
823
824
827
826
827
839
830
830
831
833
834
835
835
841
837
839
842
840
841
843
843
844
871
848
847
848
870
850
870
852
853
862
855
856
861
858
859
860
861
862
873
864
872
868
867
868
875
873
871
874
876
874
876
877
877
997
879
880
919
909
889
888
885
886
887
888
891
890
891
910
893
903
904
896
897
898
901
900
901
902
905
904
905
909
907
908
912
911
912
913
913
914
918
916
917
919
921
920
921
991
923
929
925
926
927
928
929
949
941
936
933
934
937
936
937
938
942
940
941
942
943
947
945
946
947
948
949
993
951
952
970
955
955
971
958
958
967
960
968
965
963
964
965
966
967
968
969
970
971
972
992
974
975
996
977
987
985
980
981
982
983
984
985
986
987
989
989
990
993
994
994
996
995
997
998
998
-1
