9 10 4 7 6 0 13 16 5 7 11 6 3 7 3 1 10 6 2 6 5 6 1 4 12 61 16 0 6 0 1 25 3 2 9 23 13 26 18 15 7 0 1 3 9 5 7 5 17 5 2 4 3 11 3 3 36 9 9 4 15 1 8 0 3 1 14 15 3 0 1 12 13 2 0 5 4 1 6 5 5 4 1 8 24 1 6 2 6 7 2 11 6 2 3 4 24 3 21 3
0 0 1 1 0 0 0 0 0 0 0 0 0 0 0 1 0 2 4 0 0 1 0 1 1 1 0 0 0 1 0 0 0 0 4 0 0 0 2 1 0 1 0 0 0 0 0 1 0 0 0 0 1 0 2 0 1 0 0 0 1 0 0 0 0 1 0 0 2 0 0 0 0 0 0 1 0 2 0 0 1 2 0 0 3 0 0 0 1 1 1 3 1 0 1 1 0 1 1 0
15 10 6 14 5 6 9 0 8 1 2 0 2 2 2 5 1 5 5 8 4 1 6 5 1 3 3 26 4 7 4 24 4 0 1 4 10 3 7 0 2 1 0 6 0 9 0 5 3 2 3 7 0 1 4 10 2 0 2 0 6 6 6 3 5 1 9 6 18 0 2 13 0 1 1 1 13 9 3 0 2 16 4 0 8 1 8 13 15 1 5 1 0 2 0 0 10 14 8 0
0 0 1 0 0 0 1 0 1 0 0 1 0 0 0 1 0 0 2 0 0 0 0 1 0 2 0 0 0 1 3 0 0 0 2 1 0 0 0 1 2 4 1 0 2 0 0 0 0 0 0 3 1 1 0 0 0 1 3 2 0 0 3 0 1 0 0 0 0 0 0 1 2 0 1 1 0 0 1 0 0 2 0 0 0 0 1 2 2 0 0 2 0 0 0 0 0 0 0 0
0 0 0 0 2 1 0 1 2 0 2 2 0 2 0 0 1 0 0 1 2 0 0 1 0 0 0 0 0 0 0 0 0 0 0 0 0 0 0 1 0 0 1 3 0 0 1 0 0 0 0 0 1 0 0 0 1 0 0 0 0 0 0 0 0 1 0 0 0 0 0 0 0 0 0 1 0 2 2 1 0 0 0 0 0 0 0 0 2 0 0 1 0 0 0 0 0 0 0 0
1 4 1 4 4 6 3 13 11 1 13 2 4 4 1 1 0 3 1 3 5 0 0 2 7 8 18 0 2 2 7 3 3 5 3 6 7 13 5 4 0 3 0 4 2 0 1 0 1 1 6 0 2 0 7 0 0 2 2 0 2 2 1 2 4 8 0 2 4 6 3 2 8 7 3 1 8 11 2 0 3 9 7 2 2 4 0 1 0 0 0 2 3 0 5 0 0 0 4 0
0 0 1 1 1 1 0 2 1 0 0 0 0 1 0 1 0 0 1 0 0 0 1 0 0 0 0 0 0 0 1 0 1 1 0 0 0 0 1 0 0 0 0 1 0 0 1 0 0 0 0 2 0 2 0 0 0 2 3 0 0 0 1 0 2 0 0 0 0 1 0 0 0 1 0 1 0 2 0 0 0 0 1 0 0 0 0 0 0 0 1 1 1 0 0 1 5 0 0 1
11 3 1 4 3 5 2 1 2 7 8 11 1 6 4 5 0 0 3 2 0 0 4 0 2 1 1 5 0 5 0 3 0 1 2 1 3 7 0 2 3 22 6 4 4 7 11 14 1 26 0 1 7 1 4 3 1 2 4 3 6 8 6 0 11 8 0 0 3 13 1 0 0 9 4 10 2 1 1 1 0 2 4 3 6 10 0 8 8 10 2 7 1 0 0 0 1 17 0 4
0 0 0 0 0 0 2 0 0 0 1 3 1 1 0 0 1 0 0 0 0 0 0 0 0 0 0 1 0 1 0 1 1 0 0 1 0 0 0 1 0 1 0 0 0 1 0 1 0 0 0 3 0 0 0 0 0 0 0 0 0 0 0 0 0 2 1 0 0 0 3 0 0 0 0 0 1 1 0 0 0 0 0 0 0 0 0 1 0 0 0 0 0 1 1 1 0 1 1 0
0 1 11 15 5 5 7 20 17 4 0 15 0 26 16 13 9 4 3 13 4 16 4 25 12 1 10 13 16 3 5 13 18 12 10 5 5 4 2 2 4 0 4 9 7 0 6 3 16 20 1 39 2 3 1 9 10 4 6 4 14 16 12 4 1 3 0 4 4 3 3 2 2 6 0 4 5 7 13 12 11 17 7 17 7 2 1 16 15 0 2 8 1 13 9 4 2 4 2 6
29 14 3 0 12 0 7 5 6 2 0 2 3 1 6 0 5 0 1 2 3 1 9 1 6 0 2 4 8 2 10 6 2 0 1 6 0 0 1 4 5 0 4 2 10 2 5 0 6 1 1 6 1 8 0 1 14 3 1 1 0 3 0 3 12 0 1 2 11 0 7 6 9 1 6 1 2 3 4 2 5 3 0 3 6 17 1 8 1 4 3 10 12 1 0 3 1 0 14 0
0 5 3 1 0 2 2 1 0 0 1 2 1 1 3 0 2 1 0 6 2 0 2 3 3 0 3 3 1 1 14 0 2 2 7 2 0 4 0 9 8 4 4 0 3 7 0 1 6 4 4 3 19 0 5 11 0 0 6 6 4 11 2 0 0 0 0 0 0 0 1 0 3 0 9 5 13 4 0 0 7 10 4 1 2 3 2 0 5 0 2 0 2 5 4 8 2 1 19 1
4 0 1 0 2 0 0 0 0 0 0 2 1 0 0 0 0 1 0 1 0 0 0 1 0 0 0 0 1 0 0 0 0 0 0 5 0 0 3 1 0 0 1 0 0 0 0 0 1 0 0 0 0 0 0 2 0 2 0 0 0 0 1 3 1 0 0 0 0 0 1 0 1 3 0 0 0 0 1 0 0 0 0 0 0 0 0 0 0 1 0 0 1 0 0 0 0 1 0 1
15 5 1 1 2 0 8 0 10 2 17 0 0 6 22 6 1 2 2 0 3 7 12 18 9 0 1 1 0 3 18 5 7 12 2 4 9 2 8 6 1 31 4 0 20 6 0 17 13 22 7 4 2 6 0 13 7 6 3 28 0 1 9 1 7 1 6 6 7 2 5 0 0 30 15 1 5 2 11 4 12 5 1 5 0 0 0 4 5 8 8 11 6 27 22 1 5 5 5 1
4 6 5 6 1 1 7 1 2 0 21 2 6 0 4 23 6 13 9 4 5 17 4 10 30 14 0 5 13 9 0 13 0 15 8 1 0 0 8 6 3 1 5 1 32 5 2 4 18 11 21 2 9 0 1 11 7 29 11 0 1 14 2 1 5 15 21 15 10 19 6 1 15 6 4 12 2 6 3 2 9 1 3 4 11 0 4 8 10 12 0 2 9 7 10 15 17 1 3 5
0 0 5 22 8 7 16 4 1 5 2 2 0 3 1 1 2 3 2 5 2 3 1 9 4 6 0 19 4 1 1 18 1 8 5 2 12 8 0 9 1 2 4 4 7 8 16 7 6 7 0 11 15 9 13 7 0 0 3 14 3 3 1 1 1 2 6 6 1 0 6 14 1 0 4 2 0 1 2 0 7 7 4 1 5 2 5 1 7 5 3 1 2 0 2 2 0 4 0 0
9 1 1 6 11 0 12 0 13 9 0 7 14 20 4 5 6 49 7 0 17 8 16 9 4 8 10 4 0 21 4 2 0 18 6 0 16 1 2 0 3 3 3 8 15 15 10 2 16 0 19 10 18 3 15 1 20 23 0 0 11 14 2 5 1 2 1 16 2 19 6 20 0 14 5 13 1 5 0 2 2 7 11 4 11 6 8 0 2 1 3 11 14 0 15 0 37 4 21 17
4 0 0 1 1 0 0 1 0 1 2 0 0 0 0 0 1 0 1 0 1 0 0 0 0 0 1 0 0 0 2 2 0 1 0 1 0 1 0 0 0 1 1 0 0 0 0 2 2 0 0 1 0 0 0 0 0 0 1 0 1 0 2 0 0 1 1 0 3 0 0 0 7 0 0 2 0 0 0 0 1 0 2 0 0 0 0 0 0 2 0 1 0 0 0 0 2 0 0 0
0 1 2 1 1 1 0 1 0 0 0 0 0 1 0 2 0 0 0 0 0 0 0 0 1 0 0 0 0 2 0 0 0 1 0 1 0 1 0 0 1 0 0 0 0 0 2 0 0 0 0 1 0 0 2 0 0 0 0 0 0 1 0 0 0 0 1 0 0 0 1 1 0 1 0 0 0 2 0 1 1 0 1 0 1 0 0 0 0 0 0 0 0 0 0 0 0 2 0 1
9 0 0 13 7 1 3 2 0 2 12 5 2 1 0 3 0 3 0 4 5 7 4 8 0 1 10 4 19 8 4 6 3 0 0 0 5 7 28 0 0 3 3 1 13 1 2 8 1 8 6 0 3 4 1 0 0 2 0 6 3 4 3 1 6 0 0 5 0 2 3 3 5 6 1 1 1 4 0 0 2 0 3 4 3 3 1 1 17 3 6 0 9 5 4 3 14 1 0 5
0 0 0 0 0 1 0 0 0 0 0 0 1 0 0 0 0 0 0 1 1 0 1 1 0 0 0 1 0 0 0 0 1 0 2 0 0 0 0 0 0 0 0 4 0 0 0 0 2 0 0 0 0 0 0 0 0 0 0 0 0 3 0 0 0 1 0 1 0 1 0 0 0 0 0 8 0 0 0 3 0 1 0 0 2 0 0 1 0 0 0 0 1 0 0 0 0 0 1 5
1 1 1 0 0 0 0 0 0 2 0 0 0 0 1 0 0 0 1 0 0 0 1 2 1 1 1 1 0 0 1 0 0 0 0 2 2 0 2 3 0 0 0 3 0 0 1 1 0 0 0 0 1 0 0 0 0 1 0 0 1 0 0 0 0 0 0 1 0 0 2 0 1 0 0 1 1 0 0 0 1 1 0 1 0 0 1 0 0 0 0 0 0 0 0 0 0 1 0 0
8 7 2 28 10 8 0 1 0 6 1 12 5 2 3 2 4 3 6 24 2 3 0 14 0 6 0 3 14 30 7 16 14 1 12 6 20 8 6 11 7 3 0 6 9 6 3 13 11 1 10 4 30 2 11 6 6 0 7 4 6 18 7 15 31 34 1 0 0 7 6 0 5 2 0 0 0 25 0 5 0 11 19 0 2 7 0 0 4 16 4 1 7 3 28 4 1 35 7 4
0 0 0 0 0 0 0 0 1 0 1 0 0 1 3 1 0 1 0 0 0 0 0 0 0 0 0 0 2 1 1 0 1 0 0 0 0 0 0 0 0 0 2 0 0 0 0 0 1 0 0 2 0 1 1 0 0 1 0 0 0 0 0 4 1 0 0 12 0 0 1 0 0 1 0 2 0 0 0 0 0 0 0 0 0 2 2 0 0 1 0 2 0 0 0 0 0 0 2 0
0 0 0 0 1 0 0 0 17 0 2 0 0 0 2 2 0 2 0 0 1 0 0 0 1 0 1 0 0 0 0 0 0 0 0 0 0 2 0 1 1 2 0 1 0 1 0 0 0 0 1 0 0 1 0 0 0 0 2 0 2 0 0 0 0 0 0 0 1 0 0 1 0 0 1 0 0 0 0 0 0 1 3 1 0 0 0 0 0 0 0 0 1 0 0 0 0 0 1 1
0 9 0 8 4 1 3 19 0 3 5 0 3 1 4 0 3 0 3 0 0 4 3 1 1 3 0 1 0 0 14 2 2 1 0 4 0 3 1 3 6 0 0 11 11 6 4 4 14 6 1 9 2 6 2 6 4 2 0 2 0 1 0 1 2 12 3 4 7 0 6 4 2 5 4 2 23 0 0 6 2 6 2 0 2 0 10 8 1 4 4 12 14 10 2 2 1 1 8 13
15 4 3 8 28 19 4 2 16 0 5 2 2 0 3 5 2 1 1 4 6 1 16 10 1 4 14 1 0 3 14 7 0 11 11 5 11 16 6 1 2 7 8 11 2 8 2 14 1 13 1 3 11 1 9 15 1 6 0 8 5 5 1 5 2 8 8 7 2 0 9 7 4 2 13 10 22 0 17 0 15 12 2 4 25 0 1 6 13 18 17 7 7 17 8 8 2 6 14 0
27 7 4 3 5 0 15 8 12 5 7 13 1 2 4 4 0 18 1 10 1 0 2 13 5 6 1 15 2 7 4 2 3 9 24 0 10 24 2 24 5 4 7 13 0 2 6 7 3 18 1 2 8 1 2 22 8 0 6 9 0 2 0 6 33 53 15 4 6 25 4 4 1 14 0 1 10 5 12 14 0 3 7 0 4 4 7 5 18 3 27 6 11 1 4 5 11 4 2 19
21 3 4 20 10 18 2 12 18 0 3 0 4 9 13 0 0 5 0 1 19 1 6 7 4 13 3 4 7 16 7 9 5 3 7 9 15 10 9 1 10 17 5 9 6 18 4 10 5 5 1 0 6 4 0 9 4 6 39 1 5 3 34 4 1 5 12 12 23 4 11 0 13 2 0 1 6 2 10 47 5 8 4 0 4 8 24 16 2 7 5 9 11 2 2 35 10 11 14 23
4 2 19 0 0 0 0 5 1 1 0 3 0 15 0 18 3 0 7 2 0 1 3 4 3 0 2 9 1 4 3 0 3 2 1 15 4 1 6 6 9 3 2 6 3 0 1 0 3 1 1 8 4 0 0 2 1 2 1 6 8 0 2 0 1 0 1 1 4 1 2 4 1 15 6 2 7 0 2 2 3 0 2 1 3 8 4 2 9 2 1 0 7 2 6 0 2 0 2 4
1 4 2 4 3 0 5 13 0 1 6 4 0 4 9 13 2 0 13 2 16 24 22 1 1 17 3 12 1 11 3 18 0 1 10 20 9 1 7 3 29 21 4 8 27 0 10 0 4 3 7 8 2 5 33 3 4 6 1 7 6 35 22 6 16 1 7 5 7 10 3 12 11 19 10 7 9 17 12 2 16 13 8 5 9 1 7 12 18 4 6 17 8 28 0 6 8 0 15 3
0 4 4 16 4 10 22 6 4 1 6 0 5 5 4 0 3 8 0 1 0 0 2 6 18 0 6 2 0 17 6 10 5 10 1 1 15 6 9 6 17 0 10 18 4 0 14 1 0 13 6 10 9 0 5 4 5 1 4 1 2 15 12 0 0 2 1 0 5 2 1 8 9 4 3 0 3 8 3 0 23 10 15 12 6 2 8 11 1 16 0 2 7 0 7 2 8 13 14 1
1 0 0 1 2 0 0 0 0 1 0 0 0 1 0 0 0 0 1 1 0 0 0 0 0 0 0 2 1 1 0 0 0 2 0 0 0 0 0 0 0 0 1 0 0 2 1 0 0 0 0 0 0 0 1 0 0 1 1 1 0 1 0 0 0 0 0 0 0 0 1 2 1 5 0 0 0 0 0 0 0 2 0 1 1 0 1 3 0 1 0 2 0 0 0 1 0 0 0 0
6 7 15 6 12 12 2 24 5 32 8 11 1 28 26 13 0 9 25 1 0 1 0 5 1 0 23 5 19 0 27 3 4 1 5 13 1 22 7 6 6 2 7 24 5 17 6 6 21 4 1 11 19 1 4 2 2 6 21 11 11 3 8 3 0 2 1 8 63 2 0 28 2 0 3 0 1 19 13 3 7 4 5 2 12 2 3 0 4 23 1 22 4 1 46 21 5 3 11 2
20 3 3 8 0 3 3 0 2 0 0 20 4 0 3 25 3 6 8 0 1 4 8 8 37 22 4 30 2 14 30 6 8 12 29 8 2 18 15 1 17 3 3 13 10 11 4 1 6 18 3 3 23 9 26 3 1 5 0 12 4 7 7 2 2 5 9 0 9 2 0 0 17 7 5 7 1 2 0 13 1 2 1 0 2 29 9 10 10 0 8 6 6 20 7 15 3 6 3 16
0 0 1 0 0 2 0 0 0 0 0 0 0 0 1 0 8 0 0 0 0 0 0 0 0 0 0 0 0 2 0 0 0 0 11 1 0 3 1 0 0 0 0 1 1 0 1 0 0 0 1 0 0 1 0 0 1 0 0 1 3 0 0 0 0 0 0 0 1 2 0 0 1 0 0 0 3 0 1 0 0 0 0 1 0 3 0 1 0 1 0 0 0 0 1 0 0 0 1 0
0 5 4 4 3 0 4 4 11 6 0 0 7 1 0 10 10 3 2 10 3 8 16 2 7 0 0 1 1 7 1 1 1 12 5 3 0 3 7 5 6 1 0 9 5 0 4 0 3 0 1 7 1 3 0 0 0 2 9 3 1 4 3 4 3 9 0 0 0 3 5 3 0 5 7 7 0 0 4 1 0 9 1 2 6 1 5 1 2 9 4 0 1 11 0 4 1 7 1 16
0 2 2 0 0 0 0 0 0 0 0 1 0 0 0 0 0 0 0 0 0 0 0 1 0 2 2 0 0 0 0 0 1 1 0 0 0 0 0 1 1 0 0 0 1 1 1 0 2 3 0 0 1 3 0 0 0 0 1 0 0 0 0 0 0 0 0 0 0 0 1 1 1 0 0 0 0 0 0 0 0 0 0 0 0 0 1 0 0 0 0 0 0 1 0 0 0 0 0 0
2 1 2 9 5 3 18 1 15 2 16 4 1 4 18 6 6 14 25 19 5 9 8 4 0 2 7 3 6 14 9 0 11 5 2 14 15 1 3 10 4 14 13 28 0 11 5 0 1 2 38 3 11 15 17 21 2 0 26 31 3 6 7 3 9 7 2 20 22 7 6 4 18 16 1 4 6 16 6 0 1 12 3 17 4 23 4 6 8 3 5 10 4 6 2 20 9 2 1 4
2 3 2 6 15 11 1 14 5 10 1 3 3 3 4 11 8 1 3 5 9 22 1 6 7 2 14 18 0 1 11 0 16 15 17 5 2 9 6 9 21 1 5 3 15 5 1 7 2 18 0 4 3 0 0 5 11 8 2 3 4 1 1 16 21 3 26 2 8 20 4 13 6 10 0 12 5 2 1 41 8 11 1 9 1 3 9 1 0 1 1 7 4 20 11 1 2 6 6 1
0 0 1 0 0 0 0 0 0 0 0 2 0 0 0 0 0 0 3 0 0 0 1 0 1 3 1 0 1 0 0 0 0 0 1 0 0 0 4 0 0 0 0 0 1 0 0 0 0 0 1 0 0 2 0 1 0 0 0 0 1 1 1 0 0 0 0 0 1 0 1 1 1 1 0 2 0 0 1 2 0 0 0 0 0 1 0 0 0 0 0 2 0 0 0 0 0 1 0 1
0 1 1 0 0 0 0 0 0 0 1 0 0 2 1 0 2 1 2 1 0 0 1 1 1 0 0 1 0 0 0 1 0 0 0 4 0 0 0 1 0 0 7 0 0 3 0 1 0 1 2 1 1 0 0 0 0 0 1 1 1 0 0 0 2 1 0 1 1 0 0 0 0 0 0 0 0 2 0 1 0 3 2 0 0 0 0 0 1 1 0 1 0 3 0 1 0 0 1 0
3 3 1 2 3 3 6 2 3 0 2 3 2 1 5 1 28 4 5 0 3 1 1 0 2 0 0 12 8 10 15 2 0 0 1 4 2 30 7 2 0 0 10 2 6 8 11 0 2 3 0 5 3 6 4 5 7 2 0 0 6 7 0 6 6 18 3 2 9 2 12 2 0 3 3 1 6 4 4 1 3 8 2 1 9 2 1 0 6 0 5 9 0 8 13 9 16 7 7 4
0 0 0 0 0 0 0 2 3 0 1 0 1 0 0 0 1 0 1 0 0 0 0 0 0 0 0 2 0 1 0 0 0 0 3 0 0 1 0 0 0 0 0 1 0 2 0 0 2 1 0 0 0 0 0 0 0 0 0 0 0 0 2 0 0 1 1 0 1 1 0 2 0 0 0 0 0 0 2 0 0 0 1 0 0 0 0 0 0 0 1 0 1 0 0 0 0 0 0 0
3 5 3 4 2 6 1 11 1 4 7 11 19 13 1 20 8 18 0 0 15 16 22 8 7 3 4 10 3 3 6 10 2 20 1 2 0 2 3 1 1 4 0 19 4 0 31 11 9 12 2 2 1 4 26 5 0 4 29 13 0 0 8 1 18 1 7 10 7 14 4 2 3 10 14 1 8 4 18 1 12 6 0 11 1 3 3 3 12 15 1 1 2 5 8 4 4 1 6 14
6 1 2 5 1 11 5 2 16 0 4 14 23 2 7 6 0 8 15 15 32 6 5 33 1 1 12 5 2 2 5 32 5 12 3 4 6 7 1 2 1 1 2 1 2 18 5 7 10 20 3 4 12 27 48 5 2 4 2 1 23 7 7 7 1 13 0 14 1 12 26 21 1 0 2 45 0 1 11 0 4 1 1 4 0 3 2 24 1 3 14 0 5 5 6 8 5 38 5 7
1 0 0 0 1 0 1 0 0 0 0 0 0 0 1 2 0 0 1 2 3 0 2 0 1 0 0 0 0 0 1 0 0 4 0 0 0 0 0 0 0 0 1 0 2 0 0 0 0 2 0 0 0 1 0 0 0 0 0 5 0 0 0 0 0 0 0 0 3 0 0 1 0 0 0 0 0 0 1 0 2 0 2 0 0 0 3 0 0 0 0 1 0 0 0 1 2 0 0 0
1 11 16 1 7 4 7 22 14 7 0 26 46 4 13 36 9 18 3 17 7 8 0 20 15 19 2 1 16 9 0 0 6 6 1 18 0 10 10 0 30 10 4 0 4 7 26 2 1 7 17 3 51 5 3 5 29 1 0 0 35 2 2 2 3 11 13 4 13 6 0 3 19 15 24 4 4 23 5 6 1 26 11 5 9 6 11 7 6 0 0 4 26 13 1 9 34 7 9 1
0 0 0 0 1 3 0 0 0 2 0 1 0 1 0 0 0 1 0 0 1 0 0 0 1 0 1 0 0 1 0 0 1 1 0 0 1 0 0 0 0 0 3 4 0 0 0 1 0 0 0 0 0 0 0 0 0 0 0 0 0 2 0 0 0 0 4 0 0 0 0 0 0 0 0 0 2 0 1 0 0 0 1 0 0 2 0 1 0 0 2 0 1 0 0 0 0 0 0 0
0 0 0 0 0 0 0 0 3 0 0 1 0 0 0 0 0 0 0 0 0 0 0 1 1 0 3 0 0 1 2 18 1 0 0 0 0 1 0 1 0 1 0 1 0 0 1 0 0 2 3 1 0 1 0 0 0 0 1 0 0 1 0 0 0 1 0 0 2 0 0 0 0 1 1 0 0 0 0 2 0 4 0 0 0 0 0 0 1 0 0 0 0 1 0 0 0 0 0 0
1 0 0 3 2 0 0 1 2 2 0 2 0 0 0 1 1 0 0 1 1 2 3 0 0 0 0 1 0 1 1 0 5 1 0 0 0 0 0 2 0 0 0 0 0 1 0 0 1 0 0 1 0 0 0 0 0 0 1 0 0 0 0 0 1 0 1 0 0 0 0 0 0 0 0 1 0 0 2 0 0 0 0 0 0 4 0 0 2 0 0 0 0 0 1 0 0 1 0 0
0 0 0 0 0 0 0 0 2 0 1 0 0 1 0 0 1 1 0 0 0 0 0 1 2 0 0 0 2 1 0 1 0 4 0 0 1 0 0 0 0 1 0 1 0 0 1 0 5 1 1 0 1 1 0 0 0 0 2 0 0 1 0 0 1 1 0 1 0 0 1 0 0 0 1 0 0 0 1 0 0 0 0 0 0 0 0 1 0 0 0 2 1 1 1 0 0 1 0 0
0 1 1 0 0 0 0 0 1 2 1 0 0 0 1 1 0 1 0 0 0 3 1 2 0 0 0 2 0 4 0 1 1 0 1 0 0 0 0 1 1 0 0 0 0 0 0 0 0 0 0 0 0 1 0 0 0 0 0 2 1 0 0 0 1 3 0 0 0 0 0 0 0 0 0 0 0 1 1 0 0 1 0 0 0 0 0 0 0 1 0 0 1 0 0 0 0 0 0 0
11 0 1 11 0 2 13 9 4 2 2 5 1 2 0 4 8 7 5 1 0 7 9 1 4 6 5 0 2 0 4 2 2 6 0 4 1 3 7 4 8 1 2 3 3 8 7 0 8 12 0 14 5 0 1 0 10 4 2 0 4 8 11 0 3 14 2 4 10 0 9 9 18 2 6 0 8 1 2 16 9 10 9 15 1 6 18 4 0 6 0 7 7 4 1 13 4 6 1 4
10 7 6 2 0 2 13 0 13 6 1 4 3 2 7 0 0 3 11 0 2 8 2 23 1 1 2 4 1 4 2 7 4 2 1 0 11 21 1 0 1 0 4 5 4 2 2 0 0 0 5 2 2 0 2 3 2 4 5 3 0 0 0 0 1 10 9 0 11 2 4 0 0 8 4 1 7 2 3 5 1 0 3 4 0 0 6 2 15 5 6 1 3 3 0 5 0 1 28 0
0 0 0 0 0 0 0 0 0 0 1 0 1 0 0 0 0 0 0 0 1 0 0 0 0 0 0 1 1 0 0 0 0 0 0 0 2 2 0 0 0 0 0 0 0 0 1 0 0 0 0 0 0 0 0 0 0 0 0 0 0 0 0 0 0 0 0 11 0 0 0 0 0 1 0 0 0 0 0 1 0 0 0 0 0 0 1 0 1 1 0 0 0 0 1 0 1 0 1 0
0 1 11 2 3 2 16 11 3 5 26 1 0 4 2 6 1 0 0 11 6 1 4 2 15 6 2 0 3 4 0 3 2 13 0 10 3 2 9 13 7 3 1 6 3 0 1 29 2 0 1 0 7 9 1 3 3 3 0 0 5 2 17 4 0 0 6 0 0 5 1 0 3 5 1 2 3 2 13 4 7 9 11 2 1 1 1 10 0 0 8 1 3 3 1 0 0 8 12 3
0 18 5 12 1 13 0 8 5 6 2 1 0 3 10 0 7 0 10 0 0 0 0 2 3 3 14 1 9 3 10 5 11 4 4 5 11 0 0 9 18 6 3 7 8 1 1 10 2 7 1 0 14 11 0 1 4 0 5 4 2 1 14 3 6 4 22 1 1 0 20 0 2 1 1 2 1 23 6 1 10 1 15 10 1 1 13 1 5 0 3 4 3 8 4 7 13 5 1 0
6 14 7 0 1 20 15 1 5 7 1 1 3 2 0 9 0 6 7 2 16 5 8 6 4 3 5 11 7 5 8 0 5 1 6 8 3 9 0 3 2 4 0 0 4 3 4 0 8 4 3 0 4 6 13 0 3 1 5 9 17 11 14 10 4 1 15 2 0 10 0 7 4 6 3 3 10 27 8 1 16 12 7 2 31 8 2 3 3 4 1 15 9 6 1 5 1 10 10 3
0 0 1 0 0 3 1 0 0 1 0 0 0 2 1 11 0 0 0 1 0 0 0 0 0 0 4 0 2 0 0 1 0 0 1 1 1 0 1 1 0 0 0 1 1 0 3 0 5 0 0 0 4 0 1 0 3 1 0 0 0 0 3 0 0 1 1 0 0 0 1 0 0 1 0 0 0 0 0 0 1 3 1 1 1 0 1 0 1 1 0 1 1 0 0 0 0 0 0 1
1 8 0 4 7 4 7 1 4 4 2 0 1 0 14 3 2 1 0 0 1 2 4 3 6 5 0 3 6 1 0 1 0 6 3 2 3 0 9 0 10 4 1 3 1 1 0 2 10 0 2 2 5 1 0 0 5 20 0 0 0 0 0 0 3 0 4 2 3 2 3 5 0 1 5 10 1 11 2 1 17 0 5 2 2 0 0 0 0 7 0 2 0 1 1 6 2 6 8 2
8 16 10 18 10 12 16 7 23 5 17 1 0 6 3 7 4 0 1 4 3 0 0 19 0 0 9 9 18 0 3 8 8 4 8 7 17 3 7 1 10 2 4 7 5 9 0 2 16 4 1 2 0 4 7 6 11 4 10 1 9 1 16 16 5 21 4 8 6 12 10 12 12 8 1 3 1 0 0 21 3 3 0 0 2 0 1 2 0 0 8 2 2 9 3 1 17 1 4 12
2 0 0 1 0 1 0 0 1 0 0 3 0 0 0 2 0 1 0 0 0 0 0 0 0 1 2 0 0 1 0 3 0 0 0 0 0 1 0 1 1 0 2 1 0 0 0 0 0 0 0 0 1 0 0 1 1 0 0 0 1 0 1 0 0 0 1 0 0 3 0 0 0 0 0 0 0 0 0 0 0 0 0 1 0 0 3 1 0 0 2 1 0 0 0 0 0 0 0 1
1 8 1 3 1 3 17 4 4 11 8 3 4 4 3 25 2 2 0 2 1 7 12 3 3 3 7 12 7 4 2 8 0 6 3 15 5 8 1 7 9 10 6 1 12 0 4 2 5 2 1 2 9 7 0 41 3 30 2 28 14 7 1 14 12 1 16 0 13 8 3 0 0 4 1 2 9 11 4 3 2 16 7 1 1 0 27 2 5 3 9 2 29 15 16 7 1 2 4 1
0 0 0 1 0 1 0 0 0 0 2 3 0 0 0 0 0 0 1 0 0 0 0 1 0 0 0 1 0 0 0 0 0 0 0 0 0 0 0 0 0 1 0 0 0 0 0 0 0 1 0 0 0 0 0 0 0 0 7 1 0 0 0 0 0 1 0 0 0 1 0 0 1 0 1 0 1 0 0 0 0 0 0 0 0 3 0 0 0 0 0 1 0 0 1 0 0 0 0 1
2 14 12 0 5 30 3 12 0 0 4 2 43 6 28 10 3 2 3 1 1 0 6 10 16 3 0 1 2 9 10 2 2 16 7 17 4 30 0 12 4 19 13 10 26 3 1 28 1 4 15 4 3 14 15 0 8 24 6 11 3 1 22 0 2 10 0 1 3 8 0 29 0 3 12 3 11 39 3 11 4 4 13 1 1 1 12 6 14 25 7 0 1 2 19 26 23 0 3 13
1 0 0 0 1 1 0 1 0 1 1 0 0 0 15 0 2 0 0 0 0 2 0 0 0 3 0 0 0 0 0 1 0 0 0 0 0 0 1 0 7 7 0 0 2 0 0 0 0 1 0 0 1 1 0 2 2 0 0 0 4 0 2 0 0 0 0 1 0 0 0 0 0 6 0 0 1 1 0 0 2 0 0 1 0 0 2 0 0 0 0 0 1 0 0 1 0 0 6 0
0 0 1 0 0 1 0 0 3 3 1 0 1 0 2 0 0 1 0 0 0 0 0 0 0 0 0 2 0 0 2 0 0 0 0 0 0 0 0 0 4 7 0 0 0 0 0 1 0 0 1 1 0 2 1 0 1 0 0 0 5 0 3 0 0 0 1 0 1 0 0 1 0 1 0 0 0 3 0 0 0 1 0 0 0 0 3 1 0 0 0 2 0 0 1 0 0 0 2 1
3 13 11 9 4 10 5 2 2 2 2 4 38 5 3 13 8 15 0 0 7 16 6 8 3 6 0 4 16 38 12 10 6 1 15 3 3 7 5 0 37 3 1 0 2 12 12 4 18 5 3 1 4 1 17 2 2 14 14 14 13 3 10 2 4 15 4 1 3 22 0 13 1 5 14 2 2 8 13 1 23 1 1 13 1 3 20 0 3 34 9 10 0 4 19 21 9 4 8 7
0 4 7 10 4 2 16 7 1 7 2 5 5 6 0 0 3 11 4 8 13 4 4 10 1 4 5 12 7 1 7 0 3 12 6 5 14 7 7 7 3 0 7 19 4 1 8 8 4 4 0 5 3 14 9 13 10 20 1 1 6 4 28 1 20 1 12 5 10 10 12 5 20 0 8 5 5 1 27 3 6 3 1 31 3 7 1 0 10 5 6 3 19 0 3 5 3 1 0 4
0 0 0 0 2 1 2 0 0 0 0 2 0 0 0 1 0 0 1 0 1 0 0 0 1 2 0 0 1 0 0 0 0 0 0 0 0 0 0 0 0 0 0 0 0 0 5 2 0 1 0 0 1 0 1 0 0 0 0 0 0 0 0 0 0 0 0 1 0 0 1 0 0 3 0 0 0 0 0 0 1 0 0 0 0 1 0 0 1 0 0 0 0 0 1 0 0 0 0 0
5 2 1 11 21 31 10 10 10 9 6 17 1 13 9 0 5 2 0 1 10 17 1 2 13 18 4 4 4 16 18 0 14 7 0 3 1 1 27 6 5 0 4 7 31 1 32 19 7 7 4 22 1 0 4 6 10 15 0 2 27 10 8 1 13 2 0 40 22 1 4 2 0 1 19 5 3 8 19 14 22 16 4 10 7 0 11 0 16 1 0 29 4 14 8 19 4 4 3 4
22 4 22 16 15 7 12 1 52 4 7 1 6 1 1 2 50 4 2 8 24 0 0 37 10 2 5 42 15 10 3 12 0 3 2 16 13 6 5 2 10 0 0 1 6 6 0 4 3 17 1 26 6 24 5 1 6 9 6 5 5 0 0 3 12 10 2 15 14 15 2 14 11 2 6 19 2 1 17 26 15 1 4 2 3 11 7 9 5 0 2 35 3 1 12 4 0 0 0 3
3 3 2 0 1 1 6 10 2 1 7 4 0 3 5 0 0 2 1 0 4 5 1 1 0 5 0 3 0 13 2 2 5 11 7 7 0 1 0 0 5 6 2 1 0 0 5 27 0 0 1 10 1 0 1 2 2 0 2 1 0 0 0 2 3 15 3 0 2 1 5 1 2 5 1 2 1 4 0 1 0 0 4 0 4 9 4 11 2 0 7 14 5 0 2 5 2 4 2 4
0 1 0 0 0 0 0 0 1 0 1 1 0 1 0 1 0 0 0 0 0 0 1 0 2 1 0 0 1 0 0 1 0 5 2 0 0 0 2 0 0 0 0 3 0 0 0 0 0 0 0 0 0 0 0 0 0 0 1 1 1 0 0 1 0 0 0 0 0 0 4 1 0 0 1 1 0 0 0 0 0 1 0 0 0 0 0 0 0 2 0 0 0 0 1 0 3 0 0 1
6 0 0 7 2 0 1 0 12 0 0 34 6 3 3 2 2 18 3 13 21 14 0 3 0 0 13 0 0 0 0 1 4 2 4 2 4 7 5 0 5 2 2 0 3 5 0 13 0 0 8 0 0 2 1 2 0 1 0 6 1 4 7 2 0 2 0 4 4 1 3 3 12 11 14 7 0 8 2 6 2 3 0 10 12 7 1 0 5 1 0 2 6 4 0 4 1 3 1 0
6 1 1 4 0 4 0 7 11 4 2 0 2 19 1 0 1 3 4 7 0 1 12 8 9 4 7 12 0 2 4 0 18 1 2 1 13 7 3 1 1 2 3 1 3 5 0 5 3 2 2 14 4 0 9 11 2 1 2 1 3 1 1 0 0 7 0 0 0 7 1 7 4 0 7 1 0 2 0 1 7 7 2 0 0 14 4 16 1 1 4 2 0 0 1 0 0 2 0 14
2 0 0 0 0 0 0 0 0 1 1 1 0 0 0 0 0 1 0 1 2 0 0 0 0 0 0 0 0 0 0 1 0 0 1 0 0 0 2 0 0 0 0 0 1 2 1 1 0 0 1 0 2 0 0 0 1 0 0 0 0 0 0 0 0 2 0 0 0 0 0 0 0 0 0 0 1 0 0 0 0 0 0 0 0 0 0 1 0 1 0 0 3 0 0 0 0 0 3 0
0 0 0 2 0 1 0 0 0 2 0 0 1 2 0 0 0 0 0 0 0 0 0 1 0 0 0 0 0 0 0 0 0 1 0 0 0 0 0 1 1 2 0 0 0 0 0 1 0 1 0 1 0 0 0 0 1 1 0 0 0 1 1 0 0 1 1 3 0 0 0 0 0 0 0 0 0 0 0 0 0 0 0 0 0 0 0 1 0 0 1 0 0 0 0 1 0 2 0 0
3 7 4 1 5 6 3 24 0 12 20 16 6 0 0 3 21 1 19 2 9 10 5 10 0 7 38 20 34 0 1 4 6 22 5 4 0 13 3 0 7 1 23 0 1 18 32 1 2 10 1 0 7 21 2 7 0 39 8 1 3 1 21 3 1 2 17 1 4 0 18 17 9 1 6 0 36 1 0 12 8 1 6 12 0 5 10 0 31 18 4 4 5 9 2 5 2 2 13 12
0 0 0 0 1 0 2 3 0 1 0 0 0 0 0 0 0 0 3 0 0 4 0 0 0 0 0 1 0 1 0 1 0 0 1 1 0 0 0 0 2 0 0 0 1 1 0 0 6 0 2 0 0 0 0 2 0 0 0 0 2 0 0 2 1 0 0 0 0 7 2 1 0 0 0 0 0 2 0 0 1 0 0 2 2 12 4 0 2 0 0 0 0 0 0 1 0 0 0 3
3 22 1 7 17 3 1 0 3 15 14 14 4 3 0 29 0 4 3 2 0 23 8 8 2 10 0 0 12 7 26 3 5 6 21 0 27 35 14 23 0 10 0 34 5 1 6 2 3 11 10 2 7 13 4 8 14 1 4 10 2 4 1 0 9 20 2 11 11 0 3 4 5 1 17 2 4 1 28 15 13 8 1 7 0 13 7 24 20 2 1 11 10 5 4 1 1 0 14 12
6 5 4 21 8 8 17 21 1 2 1 5 8 12 1 3 12 7 3 5 10 14 47 11 10 6 3 0 0 25 5 8 0 0 5 4 0 9 4 0 11 7 3 13 1 3 10 6 6 7 3 0 0 3 7 3 5 5 2 11 5 7 1 9 16 9 5 9 27 2 4 28 6 4 0 2 3 10 6 3 1 1 11 1 8 0 10 3 4 14 0 3 2 12 4 12 12 2 11 0
1 3 6 3 0 1 10 13 1 0 2 0 5 15 3 4 3 3 6 1 8 5 1 7 3 0 6 2 0 1 11 1 2 1 1 11 1 2 0 15 4 0 7 4 2 0 3 1 12 1 0 14 1 7 4 2 1 2 1 0 1 2 8 0 10 0 0 7 1 1 4 17 1 2 6 2 0 3 0 1 8 2 16 5 5 8 5 0 7 0 0 5 5 2 0 3 2 8 0 1
10 0 1 13 3 2 3 4 6 3 5 2 11 0 33 2 1 0 0 7 4 0 0 0 12 8 2 12 1 2 6 1 5 1 7 1 11 4 0 7 16 0 2 6 0 5 0 0 3 2 1 0 2 5 1 12 0 14 1 0 0 0 31 4 5 7 10 2 4 1 0 1 3 9 9 1 0 2 4 3 6 3 3 6 0 11 1 18 3 2 5 1 0 3 3 10 15 0 0 7
18 1 7 4 11 8 8 7 0 21 6 0 2 4 13 3 0 16 4 0 9 7 0 4 3 0 4 2 12 6 0 8 1 3 2 8 4 1 0 6 1 2 3 7 4 0 3 1 2 1 0 0 0 18 8 2 6 0 9 13 5 4 8 0 7 0 8 2 0 15 2 11 0 10 0 3 6 3 1 1 3 3 10 0 3 4 5 11 0 5 3 3 2 0 1 0 0 3 0 18
0 5 7 0 6 0 1 12 10 10 4 14 3 4 15 7 1 0 9 6 1 4 7 3 14 0 3 6 8 0 0 10 0 6 3 4 5 0 0 1 0 7 0 6 14 5 2 0 3 0 0 6 2 5 2 1 0 4 0 5 11 7 0 2 3 0 10 0 0 0 1 3 4 4 0 14 0 0 0 1 6 11 3 2 2 0 2 1 6 3 0 3 0 1 3 1 4 0 1 1
0 0 0 0 0 0 1 0 0 5 4 0 0 0 0 0 0 1 0 0 1 0 5 2 0 0 2 0 0 1 2 0 0 0 1 1 0 2 0 0 1 1 2 0 0 0 0 1 0 2 0 0 0 2 1 0 0 0 0 1 0 0 0 0 0 3 3 0 0 0 3 0 3 0 0 0 0 0 0 0 0 0 1 0 0 0 0 1 1 0 0 0 4 3 1 0 1 0 1 0
10 11 2 12 7 2 3 1 18 2 11 5 20 6 8 7 12 3 7 9 7 0 3 4 1 14 14 9 1 0 5 3 9 9 12 2 7 0 6 10 3 13 1 2 10 14 3 0 0 10 0 0 1 11 6 5 12 29 0 20 24 1 9 2 1 7 1 1 3 10 24 31 8 13 0 24 9 2 14 3 21 7 4 13 21 11 0 0 8 8 0 7 19 9 7 0 11 0 0 6
1 2 0 4 0 0 0 1 0 1 1 0 0 1 0 0 0 0 2 1 0 0 5 0 2 0 0 0 0 1 1 0 0 1 0 0 0 1 0 3 2 0 2 0 0 0 0 0 0 0 0 1 0 0 2 1 0 0 0 0 0 1 0 0 0 0 0 0 0 0 0 0 0 2 1 0 1 1 1 0 0 0 0 0 1 0 0 0 0 2 0 0 1 0 0 0 1 0 1 0
14 2 7 0 0 3 4 5 1 2 10 3 3 15 5 0 14 14 6 2 6 0 0 5 0 8 5 5 10 3 4 1 5 0 7 8 3 1 6 3 0 1 4 1 2 3 0 10 11 10 9 0 1 4 3 11 0 3 1 4 7 2 6 1 1 2 1 0 10 3 0 2 24 3 5 9 9 12 2 0 0 1 8 9 3 2 0 5 7 6 0 2 3 2 5 3 13 3 1 7
2 13 0 9 38 40 3 0 2 8 13 3 6 1 2 7 1 6 13 0 6 20 7 4 0 5 14 0 20 11 3 4 1 2 14 24 10 15 5 6 17 0 18 1 11 2 11 0 21 27 4 2 3 4 9 18 1 19 2 8 10 10 16 0 14 6 36 4 3 9 0 0 14 1 8 17 2 4 10 2 1 8 9 7 1 6 0 17 17 0 8 0 15 3 8 4 0 21 37 12
0 0 0 0 0 0 1 0 1 1 0 0 1 2 0 1 0 0 0 0 0 0 0 0 0 0 2 3 0 0 2 0 1 0 0 0 0 0 2 0 0 1 0 0 0 0 0 0 0 7 0 0 0 0 1 0 0 0 0 0 2 1 2 0 0 0 2 2 0 0 0 0 0 0 0 2 0 0 0 0 0 0 0 0 0 1 0 0 1 0 0 1 0 0 0 0 0 0 0 0
0 0 0 0 0 2 0 1 0 1 0 0 0 1 0 2 0 0 4 0 0 2 0 0 0 1 0 0 0 1 0 0 0 0 0 0 3 1 0 0 0 0 0 1 2 2 0 0 0 0 0 1 2 0 10 1 0 2 0 0 0 1 0 0 0 0 0 0 0 0 0 0 1 1 0 0 1 0 0 0 0 0 0 0 6 1 0 0 0 0 0 0 0 0 1 0 0 0 1 0
0 2 0 0 0 0 1 0 0 0 0 0 0 1 0 0 0 0 0 0 0 0 0 0 0 0 1 1 0 0 0 0 0 0 1 0 0 0 0 1 5 0 1 0 0 0 0 0 1 0 0 1 0 1 0 4 4 1 1 0 1 0 0 0 0 0 0 0 0 0 0 0 0 0 0 1 0 1 0 0 0 1 0 0 2 3 1 0 1 0 1 1 0 0 0 0 1 1 3 0
11 1 3 0 1 0 6 0 8 2 0 0 10 1 5 7 2 1 3 6 15 0 0 1 4 0 2 1 4 1 4 1 2 3 2 2 2 2 7 10 35 1 2 0 1 1 0 4 14 10 7 6 3 2 17 1 12 3 0 3 2 0 0 9 6 2 4 0 6 12 2 14 13 48 3 2 4 15 14 0 0 3 9 0 6 0 3 3 1 0 3 0 5 1 3 2 3 1 1 2
0 1 14 17 0 7 2 0 3 2 4 1 6 10 9 7 8 20 1 1 4 6 4 10 5 0 5 0 15 15 19 7 0 2 12 0 3 21 3 2 8 11 4 3 10 4 8 8 7 6 1 1 14 0 2 20 3 4 0 2 0 2 39 3 1 0 5 15 1 0 0 1 0 6 13 5 0 5 4 0 3 2 8 7 3 3 5 1 21 16 2 4 10 29 4 4 11 7 0 42
17 6 1 0 2 16 3 0 0 3 1 3 6 4 1 8 1 1 2 1 2 6 0 0 0 1 15 30 8 4 3 0 8 2 2 0 3 1 0 3 4 1 1 8 8 3 6 3 7 10 2 2 3 0 2 0 0 3 7 7 5 4 7 1 1 1 4 1 3 4 0 18 3 3 7 7 1 4 0 0 4 5 0 2 11 2 2 5 4 10 17 3 9 10 0 4 0 0 7 1
1 0 2 2 1 2 3 4 0 2 1 0 2 7 3 2 5 0 0 10 4 1 2 2 0 1 1 9 0 0 1 6 0 0 1 0 1 0 10 1 1 3 0 3 11 1 15 0 0 0 1 8 4 0 8 3 4 1 1 4 2 8 0 1 3 7 0 0 0 4 7 6 24 10 11 0 3 4 2 2 1 1 0 4 1 3 8 8 4 2 1 2 4 0 3 5 5 0 4 1
4 1 0 2 0 3 0 7 4 12 2 2 18 10 6 0 12 1 4 4 16 4 17 0 1 15 8 1 13 6 1 9 2 1 5 0 4 2 2 2 0 1 11 4 1 0 5 2 4 12 5 1 6 3 4 0 9 5 7 2 0 3 13 1 4 11 3 1 1 3 1 12 6 14 0 1 8 3 0 0 4 4 0 4 0 1 3 0 2 9 3 2 24 0 3 0 0 5 6 5
