0 3 14 21 9 2 0 6 5 4 4 10 18 16 3 10 3 3 4 3 16 19 4 14 1 9 2 0 8 2 0 6 1 12 1 14 4 2 7 14 1 0 11 12 20 7 12 7 4 5 0 21 6 12 13 1 9 1 23 2 14 7 1 1 12 1 10 0 2 14 8 2 5 3 2 1 2 14 0 8 31 3 0 26 11 1 90 7 3 4 2 1 4 1 3 1 30 10 2 5
14 3 18 5 0 13 1 2 4 13 4 11 7 1 3 2 5 9 1 6 1 5 7 16 8 22 5 1 2 2 3 3 3 10 2 0 14 7 17 13 5 14 8 2 14 46 2 0 5 16 11 2 0 5 2 11 11 9 7 0 0 3 3 2 2 4 4 12 17 1 5 12 1 2 12 2 2 17 2 8 43 4 3 17 4 12 5 1 20 6 15 3 0 3 3 8 9 10 0 22
0 0 0 0 0 0 0 0 0 0 1 0 1 3 0 0 0 0 0 0 0 2 0 0 0 0 0 0 2 2 0 0 0 1 0 11 0 0 0 1 0 3 2 0 0 0 0 0 1 1 0 0 0 0 0 0 0 0 1 1 1 1 0 0 2 0 0 0 5 0 3 0 1 0 0 1 5 2 4 0 0 0 0 0 0 0 0 1 2 0 3 0 0 0 0 0 0 0 0 0
0 3 1 0 2 0 1 0 1 5 0 5 0 0 0 1 0 2 0 0 0 0 2 0 0 1 18 0 0 14 0 0 0 5 0 0 0 0 0 0 1 0 0 0 0 0 1 2 0 0 3 1 1 0 0 0 0 0 7 0 0 0 0 0 1 0 0 0 3 0 0 2 0 0 1 0 0 0 0 0 0 4 0 0 0 4 1 0 0 0 1 1 0 0 3 0 0 1 0 2
2 9 2 10 6 0 5 2 2 0 1 7 2 0 3 2 8 7 8 2 8 8 0 1 3 2 0 9 3 1 11 2 0 7 2 13 0 13 0 3 0 0 2 10 0 0 1 2 0 2 2 0 4 3 6 0 0 13 13 1 2 4 4 9 0 13 8 1 1 0 3 7 0 0 6 0 0 2 3 0 15 0 7 0 6 5 4 6 0 9 12 0 3 8 1 0 0 2 4 1
0 0 5 2 4 14 12 11 18 1 0 3 4 7 13 4 12 12 10 7 9 16 15 5 6 9 4 0 4 3 2 2 0 14 0 2 0 7 20 0 14 1 3 10 0 0 4 18 6 1 2 2 1 3 1 18 0 1 7 2 4 1 7 32 4 2 0 3 0 6 3 1 12 6 6 3 10 10 0 7 10 22 2 1 24 4 14 3 14 6 3 15 7 4 14 6 13 10 13 1
0 0 0 0 1 5 0 0 0 0 0 0 1 1 2 0 0 0 0 0 6 0 1 0 0 0 0 0 1 0 0 0 0 1 0 0 4 0 1 1 0 0 1 0 0 0 0 0 0 1 0 0 0 0 0 0 1 1 2 0 0 0 0 0 1 1 1 0 1 0 0 0 0 1 3 0 0 0 0 0 0 1 0 0 0 0 0 0 0 0 0 0 3 0 0 0 0 0 0 0
0 0 2 0 0 0 0 0 0 0 1 1 0 0 0 0 0 0 0 0 0 0 0 1 0 0 2 1 0 0 2 0 0 1 0 1 0 3 4 0 0 0 0 0 0 1 0 1 3 0 0 9 2 0 0 0 0 0 0 0 0 0 0 2 0 0 1 1 0 0 1 0 3 3 1 0 0 1 0 2 0 0 1 0 1 1 0 3 0 2 0 0 3 6 0 2 0 1 0 0
0 2 0 2 0 0 0 0 1 0 0 0 2 0 0 1 1 0 0 0 1 0 0 0 0 0 0 0 0 0 0 0 1 1 1 0 0 4 0 0 4 0 1 0 0 0 0 2 1 0 0 0 0 2 1 4 0 1 0 0 2 0 0 0 0 0 1 0 0 1 0 1 2 0 1 0 0 0 0 0 0 1 2 1 0 0 0 0 0 0 0 0 4 0 0 2 0 0 0 3
1 0 0 1 3 0 0 0 0 0 0 0 0 0 0 1 0 0 1 0 0 1 0 0 0 2 0 1 0 0 2 0 0 0 0 0 0 0 4 0 0 0 0 0 0 0 0 0 0 0 0 1 1 0 0 1 0 0 0 1 0 0 0 0 0 0 1 1 0 0 1 0 1 0 4 0 8 0 12 0 0 3 0 1 0 0 2 0 1 1 0 0 0 1 1 0 0 0 0 0
1 1 0 0 0 0 1 0 0 0 0 1 1 0 0 0 0 1 1 0 0 1 0 3 0 2 0 0 0 3 1 0 0 0 2 0 0 3 0 0 0 1 0 0 0 1 1 0 0 0 8 1 9 7 1 0 0 0 0 2 1 2 1 0 0 0 0 0 1 2 0 0 0 2 0 1 0 0 0 4 0 0 0 0 0 2 1 3 0 0 3 1 2 2 0 0 0 0 2 1
5 0 0 4 2 0 1 7 1 0 9 6 1 5 0 5 0 6 2 1 1 0 6 1 3 2 7 10 1 5 10 4 0 1 4 0 3 0 1 0 0 12 6 0 30 0 15 4 13 11 5 6 0 1 7 2 8 18 6 1 5 4 10 0 0 3 3 2 0 1 1 0 15 3 0 3 0 3 3 7 2 0 11 3 6 2 14 2 12 0 2 5 3 3 11 4 2 1 2 9
0 0 0 1 1 2 6 6 5 1 20 5 3 4 3 6 4 0 7 4 6 3 6 7 4 1 0 5 5 0 7 15 6 11 2 3 8 7 0 2 18 9 3 2 7 1 1 7 2 7 2 1 6 3 4 2 1 2 4 3 2 12 1 0 1 1 0 0 6 2 6 4 3 12 0 1 0 5 6 10 2 1 0 4 1 0 4 0 3 6 7 1 0 12 2 4 9 5 3 7
5 0 6 3 14 3 3 3 2 8 2 0 4 7 0 0 9 2 5 2 8 5 4 0 0 17 7 0 0 17 2 6 4 1 0 0 1 24 1 0 0 7 5 7 3 3 2 6 1 0 3 0 5 0 1 0 3 7 3 4 3 0 4 3 7 1 2 5 0 0 1 6 0 1 0 4 0 0 13 2 1 0 1 5 1 1 16 0 0 5 1 3 0 0 1 0 6 1 10 6
0 0 6 1 0 4 0 1 3 4 1 2 3 6 0 7 0 6 5 9 13 9 1 0 0 0 3 1 1 4 5 15 7 0 0 3 2 1 7 3 0 0 8 1 3 0 14 1 12 2 1 0 0 3 1 1 1 6 15 3 9 0 1 0 10 0 1 0 2 1 4 0 6 0 2 0 6 1 3 0 2 0 5 2 4 6 1 5 0 11 1 5 1 7 2 5 1 1 0 0
1 12 8 5 1 5 8 13 8 7 8 14 7 14 0 18 1 14 6 6 20 4 4 18 4 13 5 12 6 7 6 11 9 3 7 4 0 26 4 1 11 2 0 1 1 8 4 15 1 1 8 32 20 4 1 10 2 6 4 3 7 6 8 0 25 35 1 1 1 9 5 0 2 0 5 0 11 17 7 1 36 4 0 1 7 18 1 5 2 9 17 6 17 0 14 5 2 1 4 1
13 23 0 3 2 3 6 0 3 6 3 3 0 10 5 5 0 12 37 28 14 0 3 23 11 11 13 14 0 32 7 14 3 14 13 6 4 1 7 5 5 8 14 9 16 12 3 9 18 49 8 6 7 14 0 8 3 28 1 1 0 21 2 12 4 0 10 5 2 4 4 7 10 8 3 7 0 11 12 0 3 6 7 2 16 9 22 17 19 0 3 2 2 7 3 2 0 6 5 4
0 0 1 2 0 0 0 0 1 0 0 11 0 0 5 0 0 2 0 0 1 0 1 1 0 0 0 0 1 0 0 0 4 1 0 1 1 0 0 0 0 0 0 0 0 0 1 1 0 1 0 0 0 0 0 0 0 0 0 0 0 3 1 0 1 0 0 0 0 0 0 0 0 1 6 1 0 0 1 1 0 3 0 1 0 13 11 0 0 2 0 0 1 2 2 1 0 0 0 6
1 0 0 1 1 0 1 0 0 0 0 2 0 4 1 0 0 0 0 0 0 0 0 0 0 0 0 0 0 0 0 0 0 0 0 0 0 0 0 0 0 0 0 0 0 0 0 0 0 0 0 0 0 0 0 0 1 0 0 0 1 0 0 1 0 0 1 0 1 0 0 0 0 0 0 1 0 0 0 6 0 0 0 0 1 0 0 0 2 2 0 1 0 0 0 0 0 0 0 1
1 0 0 0 0 1 0 2 0 3 1 0 1 0 5 1 1 2 0 0 0 0 0 1 0 1 0 13 0 0 0 0 0 0 2 0 0 0 0 2 0 1 0 3 0 0 0 1 0 1 0 1 0 0 0 0 0 1 0 1 0 1 0 0 0 0 0 0 0 0 0 1 0 0 0 0 0 0 1 3 1 0 0 0 0 0 0 1 0 0 0 1 0 1 0 0 0 0 0 0
15 5 0 12 4 4 3 0 11 1 1 0 3 1 2 3 7 0 1 1 1 0 1 0 0 1 0 2 0 11 0 0 1 1 15 0 6 0 1 2 2 9 2 0 1 3 0 1 0 9 8 3 11 0 3 17 1 0 2 0 2 0 5 7 3 3 0 8 8 3 0 10 4 11 1 4 2 1 0 3 0 1 14 0 9 0 0 2 2 8 3 1 2 3 1 9 5 6 18 0
4 1 0 1 1 0 3 17 2 1 4 6 0 19 0 11 1 12 10 20 1 2 1 5 2 3 0 4 18 1 4 4 1 0 1 4 1 0 9 0 2 4 1 7 1 1 11 3 4 5 2 6 10 3 0 3 0 5 6 3 12 1 7 2 1 4 1 3 3 1 3 2 1 1 7 2 8 2 2 11 6 3 1 0 2 3 0 8 1 6 8 2 2 5 1 19 5 3 0 1
0 0 0 0 2 0 0 0 0 0 0 0 0 2 1 0 2 0 0 0 1 1 0 1 0 2 0 0 0 0 0 1 0 1 2 0 0 2 0 0 0 1 2 0 0 0 1 1 0 0 0 0 0 0 2 0 0 0 0 0 0 0 0 0 0 0 0 0 0 1 0 0 0 1 0 2 0 0 0 2 0 1 0 0 0 0 0 0 1 0 1 0 0 1 0 1 1 0 0 1
3 5 3 1 0 2 6 2 3 2 9 0 3 3 12 0 21 2 0 12 4 8 3 0 2 5 3 0 11 21 3 1 7 1 1 8 1 50 2 1 0 3 12 0 5 5 2 1 3 21 2 0 1 2 2 15 0 3 6 0 6 4 3 3 5 2 5 6 4 2 7 6 0 11 0 3 2 5 0 3 3 10 15 2 1 24 5 2 17 2 4 1 0 2 1 1 1 1 2 4
2 0 2 1 0 4 0 0 0 10 3 16 2 0 1 0 0 0 0 1 0 0 1 0 0 0 1 0 0 0 1 0 3 12 0 0 0 0 0 0 0 0 2 0 1 1 16 0 0 1 4 0 0 0 4 0 0 0 0 0 1 0 0 0 1 0 0 1 0 0 0 0 0 0 0 0 0 0 2 0 0 11 0 0 0 0 7 1 0 0 0 0 0 0 5 0 0 0 0 4
1 0 0 1 1 1 1 0 4 2 5 0 0 1 0 4 1 3 0 0 1 4 0 2 0 1 0 0 2 1 0 1 1 1 1 0 0 1 0 1 0 1 1 1 0 0 0 0 2 0 0 0 0 1 2 0 0 0 0 1 0 0 0 7 1 0 1 1 0 0 0 0 0 0 0 0 0 0 0 0 0 0 0 0 0 0 0 0 7 0 1 0 0 0 0 2 0 0 0 0
0 0 0 0 0 0 1 0 0 0 1 0 1 0 0 0 0 1 0 0 0 1 0 1 0 0 1 0 0 0 1 1 2 0 2 2 1 0 0 0 0 1 0 0 0 1 2 0 0 0 0 0 0 0 0 0 0 0 0 0 1 0 1 0 0 0 0 0 0 0 2 0 3 0 0 0 0 0 0 0 0 1 0 1 0 0 0 0 0 0 0 3 0 0 1 1 1 0 0 0
3 7 15 0 0 1 15 11 2 2 6 10 10 2 15 27 5 0 3 11 15 4 0 31 0 16 0 12 3 43 4 1 4 23 10 1 14 6 15 11 4 8 5 5 12 4 5 33 4 46 4 3 4 7 5 34 16 4 26 5 7 1 0 1 8 2 0 7 1 0 4 1 5 1 3 1 12 16 0 3 6 5 6 11 33 4 2 0 7 3 12 7 12 0 13 3 6 26 9 3
0 0 0 0 0 0 0 0 0 0 0 0 3 0 0 0 0 1 0 0 0 1 0 0 0 0 0 0 0 0 3 0 0 0 0 0 0 0 0 0 0 0 1 0 0 0 0 3 0 1 0 0 0 1 0 0 0 0 0 1 0 0 0 0 0 0 0 0 0 1 0 6 2 0 0 0 1 0 1 0 0 2 2 0 0 1 0 1 0 1 0 0 0 0 0 0 0 1 0 1
6 0 0 0 0 0 0 1 0 0 2 1 0 0 0 0 1 0 0 0 0 0 1 1 2 0 0 0 0 0 0 0 2 0 3 1 0 3 0 0 3 2 0 1 0 0 0 1 0 0 0 0 0 0 0 0 0 1 2 0 0 0 0 0 0 0 0 0 0 0 0 0 0 0 0 0 1 0 0 0 0 0 1 1 0 1 0 0 0 0 0 0 0 0 0 0 1 0 0 0
11 0 2 3 0 7 7 1 0 1 4 13 0 2 10 8 4 2 1 1 6 3 1 1 5 0 6 0 1 2 9 0 0 4 10 0 14 6 4 9 3 0 2 0 0 5 8 6 8 0 0 0 2 1 9 2 1 6 2 10 1 16 0 6 0 17 2 8 5 0 0 6 2 13 4 2 0 9 0 3 2 5 0 2 0 8 9 0 1 5 0 0 3 4 0 3 11 8 1 8
1 0 0 1 2 0 1 0 0 0 0 0 0 0 0 0 0 0 0 0 0 0 0 1 1 0 0 0 0 0 0 0 0 0 0 1 1 0 1 0 0 1 1 0 0 0 0 0 0 0 0 0 1 0 0 0 1 1 0 0 0 0 1 1 1 0 0 0 1 1 2 0 0 0 1 0 0 0 1 0 0 7 1 0 1 1 1 0 0 0 1 0 1 0 0 1 1 0 0 0
4 1 3 3 6 7 0 0 1 5 0 4 2 1 0 1 0 4 0 19 1 2 3 0 0 4 5 0 2 1 3 1 1 2 23 0 1 4 5 2 3 1 0 2 1 5 10 2 0 0 10 1 0 0 7 3 0 12 6 1 0 4 0 1 1 1 0 1 0 2 0 2 2 2 5 0 9 5 0 5 0 1 8 0 3 0 0 1 1 1 9 5 1 1 6 0 5 2 1 0
0 1 0 3 14 1 6 4 5 1 23 8 1 1 18 14 10 2 6 2 3 7 11 2 2 9 3 7 3 2 6 3 4 1 12 2 0 2 5 0 15 1 1 0 2 0 3 8 1 0 6 5 7 8 2 2 0 17 1 2 0 3 0 0 1 1 0 4 0 0 1 2 11 2 7 12 0 0 1 1 1 1 0 2 2 1 13 3 2 0 4 11 6 3 0 6 2 2 17 0
0 0 0 1 0 0 0 0 0 0 0 0 0 0 0 0 1 0 1 0 0 0 0 0 0 1 0 0 0 1 0 0 0 0 0 1 0 0 0 0 3 0 0 0 0 1 0 0 0 0 0 0 0 0 0 0 0 0 1 0 4 0 0 0 0 0 0 0 0 0 0 0 1 0 2 0 0 0 0 0 1 0 0 0 0 0 0 1 0 0 0 0 0 1 0 1 0 0 0 0
21 0 3 13 5 7 2 4 8 5 1 1 12 0 0 4 5 10 6 3 3 8 12 6 1 13 2 1 17 5 3 13 9 13 5 18 18 23 6 0 1 0 1 10 0 3 10 0 3 17 4 3 8 5 3 22 21 16 8 6 7 0 4 8 18 10 13 0 21 3 6 4 11 0 10 19 4 7 5 76 9 5 0 5 5 7 16 44 15 6 5 11 9 0 2 1 2 33 0 6
0 0 0 1 0 1 0 0 0 0 1 2 0 0 0 0 1 1 1 0 0 0 0 2 0 0 0 0 0 0 1 0 0 0 1 3 1 1 0 1 0 2 0 3 0 0 0 0 1 0 0 0 3 1 0 0 2 1 1 0 0 0 0 0 0 0 0 1 0 0 0 0 0 0 0 0 0 3 3 0 0 1 2 0 0 3 0 0 1 0 3 2 1 0 0 0 2 0 1 2
11 6 9 4 0 7 3 2 4 34 0 3 6 5 4 4 6 5 4 17 2 12 6 12 8 0 0 11 0 9 2 5 3 5 4 3 9 7 0 6 2 0 5 8 12 5 2 2 2 2 2 24 4 52 1 3 0 0 0 7 9 11 2 16 7 29 2 38 1 4 3 21 14 2 0 2 14 12 2 3 14 10 3 2 11 4 2 0 0 0 7 8 15 37 2 1 9 5 23 27
15 9 2 8 20 0 28 14 9 5 27 1 5 3 1 14 9 1 0 1 8 0 6 3 11 14 7 6 0 8 3 0 11 2 14 21 9 4 3 4 1 12 14 0 25 35 18 7 2 0 3 6 1 4 2 0 7 1 4 2 6 8 21 23 1 5 1 1 10 1 6 8 2 8 12 11 1 12 9 18 2 9 0 16 15 17 17 14 9 1 12 5 0 11 3 15 3 3 0 8
0 1 0 0 0 0 2 0 0 0 1 0 1 1 0 0 0 0 1 1 1 0 0 0 0 3 0 0 1 0 6 0 0 0 0 0 0 1 0 1 0 0 0 1 0 1 1 1 0 0 0 0 0 0 0 0 2 0 0 0 0 0 0 1 0 0 2 0 1 0 0 0 0 0 0 1 0 0 0 0 0 0 0 1 0 0 1 0 0 0 4 0 1 0 0 1 1 0 0 1
2 12 1 5 0 3 0 4 5 1 0 8 1 0 3 3 3 1 2 1 5 12 6 5 0 7 6 4 3 1 1 4 4 7 1 8 12 1 0 0 0 2 9 21 2 9 2 12 6 5 2 0 18 5 3 8 7 14 5 1 4 0 0 8 0 3 2 17 1 1 6 7 8 4 2 6 0 0 3 4 0 4 3 2 7 6 0 12 3 1 0 1 2 3 0 4 9 3 4 0
0 1 1 4 0 0 0 0 0 0 1 0 0 0 0 3 0 1 0 0 1 1 0 0 0 1 0 0 0 0 0 1 0 0 0 0 0 0 0 0 0 1 1 0 0 0 0 0 0 0 1 4 2 4 1 0 2 3 0 0 1 0 0 0 1 0 2 12 1 0 0 0 0 2 1 0 0 0 0 0 0 0 0 1 0 1 0 0 0 0 0 0 0 1 0 0 0 0 0 0
14 1 1 2 6 2 0 3 1 1 23 5 19 7 7 7 0 17 18 7 3 1 13 5 10 2 4 5 2 0 2 6 2 18 12 1 15 1 2 6 7 1 2 7 38 6 6 7 1 5 37 1 2 1 1 9 0 15 0 15 7 4 4 15 3 12 13 23 44 46 14 2 3 4 20 15 2 18 7 4 3 12 1 7 0 3 2 6 4 6 1 1 5 11 0 16 23 9 1 0
0 3 9 4 0 1 6 4 6 0 0 8 4 8 31 2 1 7 0 0 3 2 0 1 0 0 4 4 0 6 2 2 0 0 2 0 2 0 2 16 6 1 1 2 4 3 10 7 8 2 15 10 3 1 10 3 3 1 0 1 5 1 2 0 1 7 6 4 2 4 3 2 0 4 6 3 4 1 4 0 4 8 12 2 0 8 1 4 0 0 1 1 13 10 1 2 2 2 1 3
1 1 4 4 1 0 5 3 0 0 0 16 0 5 0 1 10 1 22 3 0 0 0 3 7 1 1 4 1 8 5 2 22 3 9 0 2 0 4 6 7 1 2 2 6 0 1 0 8 6 6 5 4 5 1 15 20 4 1 2 0 9 0 15 0 1 7 4 1 0 12 7 1 9 0 1 2 10 0 9 5 2 2 7 3 1 9 3 5 5 2 2 1 1 6 5 0 0 10 1
3 2 1 0 1 0 0 1 5 5 2 2 9 1 4 2 1 0 5 0 2 2 1 1 2 3 2 0 4 9 3 0 5 1 10 2 14 1 3 0 4 1 9 23 1 13 1 0 6 2 12 2 2 0 2 0 8 0 2 5 12 5 14 2 0 1 3 0 2 2 7 5 2 1 10 1 5 6 0 1 20 3 10 2 1 4 0 0 12 4 0 4 0 1 7 8 0 6 6 2
4 2 7 11 5 2 7 9 39 5 4 1 6 2 3 6 5 2 11 9 7 5 11 4 1 0 3 11 5 0 1 2 1 7 16 24 0 12 1 3 4 5 15 11 4 0 5 2 3 23 17 0 10 2 0 7 1 6 4 25 0 0 11 34 0 1 4 9 3 39 0 5 6 7 0 3 8 7 10 3 1 4 3 11 11 10 5 5 12 0 4 1 8 1 9 10 6 3 14 10
0 0 0 0 0 0 1 1 2 0 0 0 0 0 0 0 0 0 0 0 1 0 1 2 0 2 0 1 0 0 0 2 0 0 0 0 0 0 0 0 0 0 0 0 0 0 0 3 0 0 0 0 0 0 0 1 1 2 1 0 0 0 0 0 1 4 0 0 0 0 1 0 0 1 0 1 0 0 0 0 0 0 0 0 0 0 0 0 0 0 1 0 0 0 0 0 0 0 0 1
0 0 0 2 0 0 0 0 0 1 0 1 0 2 0 0 10 0 0 0 19 0 0 0 2 0 2 0 0 0 0 0 1 0 2 0 0 0 0 0 3 0 0 1 0 1 0 0 0 0 0 1 0 0 1 0 0 8 0 0 1 0 0 0 0 0 0 0 0 0 0 0 0 0 0 0 0 0 1 2 4 0 1 2 0 0 0 3 0 9 0 0 0 1 1 0 1 1 1 0
7 8 0 13 10 15 0 6 2 6 11 0 2 12 1 1 13 31 1 0 9 19 2 5 1 2 2 10 8 2 0 0 26 0 0 5 11 4 6 7 0 3 1 2 3 8 8 6 6 7 0 9 2 15 1 2 1 13 8 7 0 0 1 3 12 4 21 3 5 5 2 13 0 6 7 4 14 6 20 1 5 0 1 5 10 0 0 29 9 4 2 1 0 1 7 7 13 4 0 3
15 25 5 1 19 0 3 1 0 0 0 12 16 9 7 1 9 2 10 0 3 6 4 8 10 4 9 0 9 6 4 12 17 8 3 10 1 8 2 2 8 2 15 13 3 8 12 5 8 2 10 1 3 4 4 5 0 2 8 5 15 11 17 3 9 6 4 5 24 3 6 26 0 1 5 8 2 3 6 14 12 14 12 14 1 19 15 3 8 6 5 14 13 0 4 0 4 9 15 5
39 11 0 9 6 22 8 0 2 18 7 3 3 4 2 32 1 0 6 25 20 12 6 9 3 4 1 0 7 19 7 11 5 7 2 11 1 45 2 1 2 1 12 4 1 9 0 0 2 1 13 16 0 21 2 28 13 5 23 1 8 15 14 15 13 5 3 14 4 4 7 25 2 12 11 0 20 1 11 9 17 3 0 0 5 25 40 14 10 5 16 1 10 14 6 4 4 4 3 0
0 0 0 0 1 0 0 0 0 0 0 0 0 0 0 1 0 0 2 0 0 0 0 1 0 0 0 0 0 0 0 0 0 3 0 1 1 1 0 0 0 0 0 0 0 0 0 0 0 3 0 0 1 0 1 0 0 0 0 1 1 1 0 1 2 0 0 0 1 1 0 0 0 0 2 0 1 0 0 0 0 1 1 0 0 0 0 1 1 1 0 0 0 0 0 1 0 1 0 0
1 5 5 1 4 4 3 3 1 2 7 3 1 3 8 1 1 4 3 8 8 4 1 9 3 0 11 0 13 2 2 3 1 3 2 6 2 8 9 1 0 0 0 8 3 0 0 8 4 2 1 10 0 0 2 3 0 1 1 0 4 0 1 6 0 21 9 0 8 2 3 2 9 0 0 0 0 9 17 4 5 0 1 4 3 1 11 5 8 8 5 4 1 4 5 0 1 4 0 2
0 0 0 0 2 0 0 0 0 0 0 0 1 0 0 0 0 0 0 0 0 0 1 0 0 0 0 2 0 0 1 0 0 1 0 0 2 0 2 0 0 0 0 0 1 0 0 0 0 2 1 0 0 1 2 0 0 0 0 0 0 6 0 0 0 2 1 2 0 0 0 0 0 1 1 0 0 0 0 0 0 1 0 0 0 1 0 10 0 0 0 0 0 0 0 0 0 1 0 0
1 0 1 0 6 1 0 0 0 0 1 1 0 0 0 0 0 0 0 0 0 0 2 0 3 0 0 0 0 2 0 0 0 0 0 0 0 0 0 1 0 0 0 1 0 0 0 1 0 0 1 0 0 0 0 1 3 1 0 0 0 1 0 0 3 0 1 1 0 0 1 0 0 0 1 0 1 0 1 0 3 3 0 0 1 0 2 0 2 0 0 1 0 1 0 0 0 3 0 0
2 4 2 2 7 4 2 0 4 0 8 0 4 11 5 3 0 0 1 4 3 2 13 1 10 3 1 14 6 0 0 4 6 0 4 4 3 5 2 18 5 10 6 9 0 2 1 5 3 0 0 2 0 3 20 6 1 2 3 2 14 5 1 0 8 0 12 1 1 0 4 1 0 3 1 1 1 4 15 1 4 0 6 0 8 0 0 7 9 1 17 7 2 6 0 7 1 15 3 9
9 0 0 1 0 0 0 0 0 0 0 0 0 0 0 2 0 0 0 0 0 0 0 0 1 0 0 0 0 0 0 0 0 0 1 0 0 0 2 0 0 1 0 0 0 0 0 0 0 1 0 0 2 0 0 0 1 0 1 0 1 0 0 1 0 0 0 0 0 1 0 0 0 1 0 0 0 0 1 0 0 0 1 0 0 0 0 0 0 3 0 0 1 1 0 1 0 0 0 0
10 10 7 9 6 8 0 8 10 9 0 7 17 1 0 7 7 3 9 27 0 10 2 7 1 0 3 6 9 1 5 1 11 3 0 3 1 2 2 0 0 10 11 10 11 4 13 16 8 1 3 3 11 1 12 0 2 8 10 6 9 1 20 14 13 23 11 9 1 14 0 14 0 4 2 30 1 4 4 6 2 31 7 1 7 0 5 0 10 7 0 3 1 8 1 0 22 5 3 17
1 9 9 15 5 6 13 0 14 7 10 4 6 0 8 2 2 32 2 3 1 3 0 1 20 13 2 5 0 10 2 17 17 5 13 5 0 10 2 26 0 5 2 4 3 12 9 0 5 4 1 13 0 10 6 12 18 5 1 7 0 1 8 5 7 3 0 4 2 1 8 1 3 1 2 12 8 12 1 5 0 3 2 3 0 1 16 14 4 29 7 13 6 0 1 4 10 0 4 2
1 0 0 0 2 0 0 1 0 0 0 0 1 0 1 0 0 0 0 1 0 1 0 0 0 0 2 2 1 1 0 0 0 1 1 0 0 0 0 0 0 1 0 1 0 0 0 1 1 0 0 1 2 0 1 0 0 0 0 0 0 2 0 2 1 0 1 0 0 0 0 0 0 0 1 0 2 0 0 0 2 0 0 0 0 0 0 0 3 0 0 0 1 1 1 4 11 0 0 2
0 1 0 0 0 1 0 2 0 0 0 0 0 0 0 0 1 0 0 1 0 0 0 0 1 0 1 1 0 0 0 0 0 0 0 0 0 0 0 0 0 0 0 4 0 0 0 0 4 0 0 0 1 0 0 0 0 1 0 3 0 0 0 0 0 0 1 0 0 1 0 0 0 1 2 0 0 0 0 2 1 0 0 1 0 0 0 0 1 0 0 1 0 0 0 0 1 0 0 0
0 2 2 1 0 3 0 3 0 11 0 6 2 1 3 1 1 0 5 3 1 0 0 2 13 12 1 2 11 6 0 6 9 9 6 2 3 8 7 1 3 0 1 4 3 2 1 10 5 2 0 1 2 5 2 4 4 11 5 4 1 2 2 0 1 4 14 12 0 0 4 0 0 4 3 3 1 11 1 5 0 0 1 3 3 5 1 1 0 1 18 13 0 0 5 2 2 1 1 3
0 0 0 0 0 0 1 0 0 0 1 0 0 0 2 0 0 0 1 0 0 3 0 0 0 1 0 0 0 2 0 0 0 0 1 1 0 0 0 0 0 0 1 0 2 0 0 0 0 0 0 0 0 1 0 0 1 0 0 4 0 0 2 0 0 0 0 0 0 0 1 1 9 0 0 11 1 0 0 0 0 0 1 1 0 0 0 0 1 0 0 1 1 0 0 0 2 1 1 0
5 13 6 19 0 0 8 1 16 7 10 2 1 1 11 0 3 1 3 1 0 1 8 33 4 0 13 4 7 15 20 44 0 6 2 1 4 7 6 10 14 7 18 6 3 4 3 7 5 6 10 0 2 1 1 10 13 21 2 39 0 3 4 3 3 4 1 7 7 2 47 11 0 4 2 1 8 14 2 1 1 2 20 17 2 0 0 15 41 3 47 2 0 21 2 0 26 23 17 4
27 0 3 13 1 12 0 2 0 5 2 9 6 0 11 2 23 1 4 5 0 2 31 16 9 3 0 23 1 0 6 3 3 15 19 1 8 0 3 3 26 6 15 8 3 1 1 27 0 2 16 13 0 11 6 17 14 6 6 0 1 12 1 2 38 2 8 6 0 20 3 19 7 2 5 12 1 12 0 2 0 5 0 4 11 10 17 2 3 11 1 3 6 0 1 2 2 5 1 2
0 2 5 18 9 9 1 23 5 0 9 5 1 1 20 6 22 22 2 13 11 21 7 8 5 1 1 2 3 10 2 3 0 7 3 17 3 20 2 38 4 1 16 9 2 8 4 4 5 1 5 7 3 3 3 6 15 1 9 3 15 3 17 4 0 16 11 6 18 8 5 3 18 7 8 9 5 4 5 10 24 0 1 0 2 5 4 15 5 17 0 6 0 14 5 8 2 13 12 3
24 7 31 12 0 51 19 25 3 8 3 21 3 30 3 0 19 3 6 5 0 5 5 4 6 6 19 4 9 4 8 7 0 14 4 23 6 17 8 1 2 1 9 11 0 0 0 3 8 1 3 3 0 13 6 2 5 18 5 2 12 2 33 17 3 6 0 2 15 14 8 2 3 10 4 3 3 1 25 0 6 4 5 15 8 24 6 10 18 2 14 36 19 15 1 5 24 10 2 13
0 0 8 2 6 2 6 3 1 2 4 3 5 2 0 6 0 4 0 1 3 8 4 12 6 23 3 0 7 4 3 0 3 7 17 2 5 2 4 7 0 5 5 0 0 4 3 3 0 7 4 1 2 31 19 0 0 3 0 1 2 3 0 2 5 2 1 2 0 1 6 2 5 2 0 2 7 0 1 6 2 4 7 2 0 0 5 6 0 6 0 4 0 0 3 7 21 6 0 0
0 3 0 0 0 0 0 2 5 4 8 5 1 0 3 0 1 2 1 2 4 5 0 0 10 9 0 1 7 3 3 5 1 27 1 1 1 11 3 2 1 1 10 4 4 3 0 3 5 2 2 0 4 0 3 6 0 0 1 1 0 1 4 3 6 4 1 5 2 2 8 1 6 0 0 1 1 0 0 0 1 3 4 0 5 2 2 3 3 0 0 1 5 0 0 4 5 1 0 0
6 13 2 15 3 2 3 1 26 10 5 37 1 0 6 7 3 10 5 4 0 4 9 0 15 5 10 1 0 21 2 20 0 11 0 11 6 19 5 5 22 18 8 16 2 6 3 17 1 1 27 10 33 22 4 33 2 14 11 8 1 10 2 12 0 2 7 11 0 0 1 4 0 0 9 8 2 2 6 2 6 7 18 8 12 9 2 4 1 4 0 17 17 9 3 3 16 1 11 1
5 9 12 5 3 3 3 5 14 3 1 23 1 15 7 2 8 0 16 2 3 9 3 15 11 4 0 1 6 6 6 14 2 1 1 10 3 6 10 11 0 24 2 33 7 1 9 12 0 9 10 6 4 8 5 1 6 3 1 5 2 1 12 0 1 1 0 9 15 6 12 3 20 7 18 20 2 15 13 6 28 0 4 15 7 9 1 7 17 22 21 23 26 5 1 0 3 12 14 14
2 13 10 5 5 1 3 2 6 6 0 7 7 7 1 2 9 16 3 14 7 18 4 3 1 12 0 0 0 4 8 5 8 33 2 2 13 35 3 2 3 3 1 7 4 1 21 1 5 4 2 0 14 8 12 5 5 0 0 0 12 7 29 11 1 17 8 11 16 21 10 0 12 1 11 13 3 5 13 9 6 6 0 18 7 1 4 10 1 2 3 2 4 1 9 0 5 1 5 15
28 16 5 14 3 7 14 29 13 3 9 2 6 1 0 3 1 9 11 5 3 14 1 7 21 12 10 20 3 9 6 7 12 3 13 9 3 3 19 4 7 1 1 0 5 16 2 5 4 14 0 1 1 3 18 2 18 29 2 8 0 5 10 31 7 1 1 10 2 7 8 16 0 7 1 11 10 6 42 3 6 34 3 0 5 3 33 15 2 0 3 19 3 21 0 2 6 6 5 32
1 1 0 0 1 0 0 0 5 0 0 0 1 1 0 0 0 0 0 1 0 0 0 1 0 0 1 0 0 0 0 0 0 0 0 0 0 0 0 0 0 1 0 0 0 3 0 0 1 3 0 0 2 0 1 0 1 5 0 0 2 2 0 0 0 0 0 0 0 0 0 0 0 0 0 0 0 1 0 0 1 0 0 1 0 0 0 0 0 0 0 0 0 0 0 1 1 0 0 0
0 0 0 1 0 2 0 0 0 1 0 0 0 0 0 0 0 0 0 0 0 1 0 0 1 0 0 0 0 0 0 1 1 0 0 0 0 0 0 0 0 0 0 0 7 0 0 0 0 0 0 0 1 0 0 2 0 0 0 0 2 0 0 0 0 0 1 0 0 0 0 1 0 0 1 0 0 0 0 1 1 0 1 0 0 0 0 1 0 1 0 0 0 3 0 1 0 0 1 0
2 1 0 3 1 2 1 23 0 3 7 2 3 5 0 9 15 4 18 1 0 44 9 6 0 0 3 5 4 2 16 4 0 2 5 19 0 0 0 5 10 10 4 17 8 11 0 5 0 3 0 9 7 0 5 3 1 10 19 6 15 4 0 2 2 7 2 3 0 0 0 0 17 0 4 1 5 3 1 1 4 3 0 34 0 1 12 0 31 3 2 7 46 17 8 3 4 12 15 1
1 0 0 0 0 0 1 0 0 0 0 0 2 0 5 0 0 2 0 0 2 2 1 0 0 0 0 0 0 1 4 0 1 0 0 0 1 0 0 0 0 1 1 0 0 1 0 1 1 0 1 0 0 2 0 0 0 0 0 0 0 0 0 1 0 0 0 0 0 1 1 0 0 1 4 1 1 0 0 0 0 0 0 0 1 0 0 1 0 1 0 0 1 0 0 1 0 0 0 4
0 0 0 1 0 0 0 0 0 1 0 0 1 0 0 0 1 0 0 0 1 0 3 0 0 1 1 0 1 1 2 0 0 2 0 1 0 0 0 0 0 0 1 2 0 0 0 0 0 0 0 0 1 1 0 0 0 0 0 0 0 0 0 0 0 1 4 0 0 0 0 0 1 0 1 0 0 0 0 0 1 1 1 0 1 0 2 0 0 1 0 1 2 0 0 3 0 0 0 1
1 0 0 1 0 0 0 2 1 0 2 0 0 3 0 0 0 0 0 0 0 0 0 0 0 0 0 0 0 0 0 0 2 0 0 2 1 0 3 0 0 0 0 0 0 0 0 0 1 0 0 0 0 0 0 1 2 0 0 0 0 6 0 0 1 0 0 0 0 1 0 0 2 0 0 1 0 1 0 1 0 0 0 0 0 0 0 0 0 0 2 0 1 7 0 0 1 0 0 1
0 0 0 0 0 1 0 6 0 1 0 0 2 0 0 0 0 1 0 0 2 0 0 1 1 0 0 0 0 0 0 0 0 0 1 1 0 0 0 0 1 0 0 0 1 0 0 0 1 0 1 1 0 0 0 0 0 1 0 2 1 0 2 0 0 0 0 0 0 2 0 0 0 3 2 1 0 1 2 1 2 0 0 1 0 2 0 0 0 2 0 0 0 0 0 0 0 0 0 0
7 3 11 1 19 9 0 11 8 0 12 3 1 1 4 3 4 2 11 0 5 1 10 0 7 12 0 12 0 0 8 3 1 9 11 3 5 8 9 0 2 2 1 5 0 0 8 0 1 14 0 2 3 0 8 1 0 0 3 3 10 2 2 4 3 7 6 6 11 4 1 24 3 0 5 0 26 2 10 5 1 5 1 8 1 3 1 0 1 4 12 3 1 11 6 3 3 3 6 4
5 5 19 1 9 2 0 8 3 5 2 19 3 0 3 0 5 13 5 1 0 5 9 12 4 3 16 3 2 6 0 12 3 25 26 5 0 4 22 2 34 1 4 6 2 13 0 5 1 14 1 5 30 2 6 19 41 12 14 3 4 12 1 0 4 12 4 9 5 3 6 1 2 4 4 16 7 8 2 3 9 1 11 2 6 6 25 9 16 8 22 5 21 7 8 0 3 33 3 5
4 6 6 4 10 6 1 0 4 5 11 2 5 1 6 3 3 1 6 2 0 1 0 3 2 4 0 2 10 4 2 1 1 0 0 0 7 0 4 3 1 5 0 0 8 0 1 9 2 12 11 1 2 3 7 0 5 2 9 4 1 0 0 2 0 0 1 1 0 5 1 2 4 1 2 23 0 9 12 4 7 6 1 2 13 12 2 1 2 7 3 1 0 7 8 3 11 1 1 7
3 0 16 13 0 3 15 0 44 2 0 6 2 1 0 15 8 4 27 22 4 3 10 23 26 26 3 4 3 2 2 17 3 9 0 28 22 10 6 27 21 43 0 6 3 11 7 2 3 9 3 5 1 7 0 8 0 13 0 16 29 1 5 23 5 22 13 1 0 2 4 14 5 1 19 24 1 4 0 5 7 3 3 8 2 19 17 13 5 4 8 4 2 4 8 7 18 24 5 2
1 0 1 3 0 2 14 1 1 0 10 2 0 0 4 3 0 1 4 6 0 3 1 0 7 13 0 0 15 19 21 0 4 8 1 11 9 2 0 1 0 1 27 4 0 10 1 1 4 1 4 7 0 5 1 14 1 2 4 2 2 9 4 0 20 7 1 9 1 1 0 1 9 0 13 0 0 6 2 2 1 13 11 2 0 4 0 7 2 21 9 4 0 0 9 0 14 1 1 1
0 0 0 0 0 0 0 0 6 0 0 0 0 0 0 7 0 0 0 0 0 4 2 1 0 1 0 0 0 2 0 0 0 1 0 0 0 1 1 3 0 1 0 0 0 0 2 0 0 0 0 0 1 0 2 0 1 0 0 0 0 0 0 0 0 0 0 1 0 1 0 0 0 0 2 0 0 0 0 0 1 0 0 1 0 1 0 0 3 3 1 0 4 0 0 0 0 0 0 0
1 3 11 12 16 2 10 0 21 33 2 7 2 15 5 6 45 7 11 1 15 0 16 12 1 2 6 12 44 0 17 7 2 11 27 1 7 2 27 2 13 12 7 0 10 4 19 1 7 5 2 2 1 8 11 0 18 11 1 17 0 10 3 5 13 6 0 10 3 4 0 2 0 4 8 8 13 6 0 18 1 1 9 0 20 0 1 10 28 0 1 1 1 6 1 1 2 6 4 6
4 0 34 1 13 2 14 5 3 11 3 1 4 1 0 12 9 4 1 14 7 6 6 0 5 0 1 2 0 7 12 7 0 11 12 0 8 5 28 8 1 5 6 58 5 0 6 11 5 0 13 4 0 14 3 11 11 41 0 4 18 1 12 11 15 2 17 12 1 37 3 5 6 23 4 5 7 2 5 13 2 0 23 8 1 12 10 2 6 0 1 0 0 4 1 8 12 2 0 8
9 4 6 19 0 0 36 7 1 1 0 0 18 2 7 9 6 13 6 5 3 16 0 9 4 25 12 8 2 6 6 27 6 10 1 3 8 6 14 1 9 9 10 5 4 9 13 11 12 3 2 15 28 0 2 0 6 0 10 2 6 10 1 1 8 17 7 2 24 6 0 13 6 21 15 22 13 1 3 5 14 16 3 4 0 13 10 6 1 3 4 4 8 0 1 33 0 0 12 1
0 3 0 0 5 0 7 2 7 2 3 1 10 0 3 2 1 3 2 3 5 3 18 2 5 6 2 5 0 0 0 4 2 0 4 0 0 0 3 6 4 4 7 2 0 5 2 20 4 1 0 1 0 4 6 7 7 8 5 0 0 2 3 0 0 10 0 5 1 3 0 1 4 8 1 5 1 1 1 6 0 11 2 5 9 0 0 1 1 1 12 6 0 5 4 1 0 0 0 9
0 0 0 2 0 0 1 0 0 1 1 1 0 0 1 1 0 2 12 1 1 0 0 0 0 0 0 1 0 1 1 0 0 0 0 8 1 0 1 0 0 1 2 0 3 1 1 0 0 0 0 1 0 1 0 0 0 0 0 0 0 2 0 0 0 0 0 1 2 0 1 3 1 1 0 1 0 0 0 0 0 0 1 0 0 0 0 0 2 0 0 0 0 1 1 0 1 0 0 1
5 1 1 9 1 13 4 6 1 16 8 7 8 1 6 18 1 0 4 5 16 9 13 11 5 1 8 2 3 1 1 3 2 1 1 5 4 3 2 5 9 3 0 4 3 7 3 1 1 1 9 16 12 7 21 8 7 2 5 1 0 9 4 2 5 0 1 0 3 6 1 4 7 3 5 26 1 7 10 3 3 1 7 2 4 5 4 2 3 2 16 0 0 0 0 1 4 15 1 0
2 4 2 0 6 2 0 8 5 22 1 15 4 6 1 1 6 10 4 16 13 1 5 0 11 1 7 3 3 4 0 0 7 23 36 11 1 9 7 1 6 0 1 4 1 0 6 6 10 3 8 13 6 0 7 0 8 1 6 10 3 3 8 4 7 3 2 5 0 6 5 3 11 8 7 3 0 2 3 11 17 2 19 9 7 7 15 6 10 4 17 4 3 20 40 15 13 3 0 16
2 2 1 2 0 0 0 0 6 0 1 0 1 1 0 12 2 0 0 0 0 0 0 4 0 1 1 0 0 0 0 0 0 0 0 1 0 0 0 0 1 0 2 0 0 0 0 0 0 0 0 1 0 1 1 1 0 0 0 1 0 0 2 0 1 0 0 2 0 0 0 0 0 0 0 0 0 0 1 0 0 0 0 0 0 0 1 0 0 0 1 0 1 0 1 0 2 0 0 0
2 4 2 0 9 11 2 12 10 4 12 10 2 13 5 26 8 6 0 0 21 1 14 0 17 23 7 19 2 1 1 16 3 7 1 4 13 16 4 5 4 3 5 1 10 10 19 3 2 10 1 8 3 16 3 0 6 3 6 21 2 12 8 3 11 21 0 15 4 5 16 12 11 0 3 10 4 2 3 4 43 13 5 24 16 4 2 30 5 2 2 26 0 18 1 0 11 5 8 2
1 1 1 2 3 0 0 0 18 5 1 7 4 5 1 5 0 6 1 0 2 6 8 0 7 9 0 1 1 3 0 3 10 8 13 7 5 3 6 27 1 1 4 0 7 4 0 0 5 2 2 0 0 0 1 0 12 0 8 1 8 0 21 1 1 0 4 0 3 3 4 4 5 3 3 1 0 0 2 0 11 0 5 12 4 14 5 0 3 0 1 12 0 1 1 8 5 2 12 5
13 3 9 8 3 1 3 1 4 5 8 5 3 1 8 3 2 8 4 1 4 6 5 0 2 4 2 2 12 12 5 6 3 3 7 9 4 6 11 1 2 2 1 0 0 2 2 7 1 4 0 4 2 3 2 1 5 5 5 2 3 0 6 4 0 1 10 14 7 5 2 0 26 5 0 1 15 4 0 6 0 3 0 1 8 4 5 6 2 1 3 3 1 4 4 0 5 0 1 5
6 20 23 1 8 4 31 0 8 21 3 8 30 26 8 2 10 21 15 1 6 16 4 5 7 14 2 0 24 0 15 17 2 0 3 5 26 2 9 6 2 3 1 0 0 7 3 0 0 3 3 1 9 28 8 5 11 10 2 9 2 2 7 15 10 6 9 3 1 30 5 2 3 12 1 27 4 5 8 5 2 12 3 3 2 12 9 7 24 17 5 6 9 7 0 5 2 11 4 6
0 16 14 6 11 2 21 10 7 0 2 7 1 15 5 13 6 2 3 11 3 0 22 1 10 3 2 8 8 1 6 20 4 5 1 34 22 17 6 2 0 6 10 4 3 25 0 11 3 0 1 3 27 8 0 9 23 8 8 35 17 12 13 1 4 6 14 2 10 7 7 1 22 14 0 0 3 4 12 6 8 3 11 5 9 5 20 15 1 7 20 1 7 9 6 30 3 33 3 7
