7 2 0 5 11 3 13 1 7 25 0 13 1 9 24 10 13 19 6 2 0 2 7 11 3 13 1 5 20 0 0 36 13 0 1 4 22 0 5 11 3 3 44 4 3 1 0 5 13 4 12 2 10 14 2 6 0 0 25 0 15 9 4 6 3 0 1 11 0 25 6 3 0 18 0 4 11 8 7 12 13 16 3 1 6 4 2 19 8 13 1 11 16 16 5 2 3 7 1 0
0 0 1 0 0 1 0 0 0 0 0 0 1 0 0 3 0 1 0 0 0 0 0 0 0 1 0 1 0 0 0 0 0 0 0 0 1 0 1 0 1 1 0 2 0 0 1 0 0 0 0 0 0 0 0 0 0 1 0 0 0 0 0 0 0 0 0 0 0 0 0 0 0 0 0 0 0 0 0 1 0 0 1 0 0 0 0 0 0 1 2 0 0 1 1 0 0 0 2 0
6 1 5 1 1 2 0 15 1 0 4 4 0 2 5 9 1 1 5 14 7 0 16 3 0 1 6 0 1 1 0 2 6 4 0 6 1 1 5 9 0 0 7 3 0 10 1 0 5 2 0 4 0 2 1 9 8 8 5 1 7 1 8 2 1 2 2 4 3 0 0 1 0 2 1 0 8 1 1 5 4 0 0 4 1 1 3 10 2 5 5 5 14 2 0 0 3 1 4 6
20 3 0 0 13 0 5 0 11 1 18 13 9 5 9 3 1 5 3 2 3 8 11 5 7 1 6 7 30 1 9 26 5 0 0 3 4 5 3 0 11 18 6 2 39 23 7 31 4 6 16 3 8 2 2 21 0 10 0 0 9 6 26 1 20 1 29 2 23 2 42 1 21 9 0 10 1 11 14 2 1 0 4 1 3 12 6 5 0 5 0 6 20 7 2 2 2 19 5 8
4 0 29 4 10 1 9 9 3 13 4 1 12 8 6 10 1 0 0 19 17 0 7 3 0 20 3 19 24 1 6 2 4 5 1 1 4 4 0 17 2 17 8 1 7 10 1 16 5 8 18 0 9 7 0 22 2 37 3 1 6 0 9 18 4 7 13 4 12 8 26 17 0 9 8 11 6 1 18 1 0 13 2 7 2 1 1 3 3 6 12 2 2 0 3 18 8 0 0 17
4 0 2 1 6 1 3 14 2 5 3 3 12 4 11 36 3 0 2 19 3 7 7 5 14 4 10 2 9 6 5 2 0 2 0 1 0 7 8 0 0 6 23 0 1 1 3 9 0 5 1 5 0 1 8 13 0 0 5 5 3 9 1 1 1 20 9 2 15 2 4 0 2 3 6 10 3 0 1 6 1 0 6 2 9 0 1 2 1 4 2 1 6 1 0 16 1 11 5 3
0 25 8 0 1 1 4 19 1 3 14 5 0 2 0 1 14 1 5 2 4 5 19 0 19 0 0 6 16 39 0 2 18 12 7 7 3 18 4 0 1 5 14 12 3 0 3 29 10 6 1 19 1 1 0 0 2 8 20 3 14 23 3 21 3 2 11 10 0 29 6 2 7 9 1 0 1 7 3 3 11 18 9 2 18 0 16 2 2 4 2 40 0 3 2 3 11 17 4 5
7 0 11 4 32 3 3 2 3 6 1 8 7 6 1 8 9 15 0 0 7 35 2 4 4 0 1 1 2 19 6 15 20 14 9 14 10 6 3 6 11 0 0 14 2 7 0 11 2 1 5 8 0 1 10 0 3 48 1 8 25 5 5 6 5 0 1 6 3 0 10 0 5 1 1 7 7 13 1 0 4 6 9 13 0 0 3 10 3 8 0 15 10 5 12 9 21 13 5 14
3 12 0 4 4 1 5 0 1 0 0 5 10 2 0 1 0 0 2 4 5 1 3 2 2 1 0 4 4 0 3 2 0 3 0 0 13 0 1 9 4 0 6 0 1 0 8 4 1 7 8 0 3 4 1 9 4 5 4 3 0 2 6 0 2 2 0 0 2 4 4 2 2 3 5 0 6 4 0 2 0 8 9 6 1 8 2 17 0 31 0 0 4 3 0 8 4 11 8 1
5 1 1 13 14 9 2 2 4 14 5 1 11 0 3 3 27 6 2 11 8 6 0 21 0 16 3 10 1 8 2 4 1 1 7 7 1 4 19 5 2 0 6 5 6 0 0 7 0 1 3 26 27 5 2 12 7 0 10 7 5 2 5 9 1 7 0 5 13 9 3 2 9 35 2 1 8 0 5 1 6 3 1 9 0 4 8 4 1 1 7 2 6 6 12 18 7 7 11 10
0 0 0 1 0 0 0 0 1 2 0 5 0 0 0 0 0 1 0 0 0 0 0 0 5 0 0 0 0 4 1 0 0 0 1 2 0 0 0 0 1 0 2 0 0 2 1 0 0 0 0 0 0 0 2 0 0 0 1 0 0 0 0 0 0 0 0 0 0 3 0 3 0 0 0 0 0 2 0 2 0 4 1 0 0 0 0 0 0 0 1 0 0 0 1 1 0 1 2 0
1 2 0 3 3 10 19 11 0 23 36 9 0 0 3 9 6 0 6 1 1 23 0 4 21 0 9 2 13 9 6 8 8 15 9 7 15 2 3 1 1 10 4 2 0 20 2 40 12 0 12 3 1 5 27 0 2 32 4 3 5 11 17 3 2 3 11 10 6 5 34 14 3 0 3 1 8 0 11 10 6 3 12 1 5 0 7 7 2 6 21 6 7 1 14 3 3 0 2 3
0 2 6 4 35 14 3 2 22 5 8 1 19 0 5 14 1 1 8 17 33 8 0 0 2 13 3 37 19 14 0 1 33 8 1 4 4 4 0 6 0 15 2 9 28 22 6 0 4 0 5 4 3 14 18 14 0 10 20 3 0 1 33 4 9 7 0 1 10 0 2 18 8 27 0 3 5 9 0 9 26 13 15 7 0 3 6 13 12 1 0 3 0 6 16 3 2 0 3 12
0 17 15 1 1 7 8 2 0 14 18 0 1 17 15 1 4 10 17 1 9 7 11 9 4 0 2 11 1 10 2 4 8 7 0 0 2 8 2 15 5 1 0 17 5 2 2 52 0 2 5 9 9 9 15 36 13 2 11 2 26 13 13 10 1 23 2 6 16 11 8 8 6 15 0 13 5 0 21 30 3 24 5 2 4 0 2 9 7 2 8 2 12 0 8 2 1 6 5 2
3 0 0 0 0 0 0 0 3 0 1 0 1 0 0 0 1 0 0 1 0 3 0 1 0 0 0 0 0 0 0 0 0 1 0 0 0 1 1 1 1 0 1 0 0 0 0 0 0 2 0 0 1 0 0 2 9 2 1 1 3 0 0 1 1 0 0 0 0 0 0 0 0 0 1 0 0 0 1 0 1 0 1 0 1 0 0 0 0 0 1 0 10 1 0 0 0 0 0 0
0 1 0 2 2 0 0 0 0 0 0 0 2 0 2 0 0 0 0 1 0 1 0 1 0 1 0 1 1 1 0 0 0 1 0 0 0 0 0 0 0 0 0 0 0 0 1 2 1 0 0 1 2 1 0 1 0 0 0 0 0 0 0 0 0 1 0 0 0 0 3 2 0 0 0 0 0 0 0 2 1 0 1 1 0 0 0 0 0 0 2 1 0 0 0 0 1 1 1 0
4 1 1 2 1 3 4 3 0 6 4 1 0 2 0 3 3 8 3 1 6 1 1 1 4 2 7 4 18 1 1 1 2 10 4 0 2 1 5 0 0 4 4 1 1 3 2 8 1 13 3 8 8 9 1 0 15 8 9 0 0 11 0 3 0 0 2 3 2 1 4 7 2 9 0 1 5 5 5 2 1 1 1 3 12 7 2 2 3 0 8 0 8 0 0 4 2 2 0 1
8 2 0 1 0 0 2 1 0 0 0 2 0 0 0 1 1 0 2 0 1 0 2 0 0 0 0 0 0 0 3 0 0 0 0 0 4 0 1 0 0 0 0 1 0 0 0 0 0 0 0 0 0 0 0 1 3 1 1 0 0 0 0 1 1 0 1 2 0 1 0 1 1 0 0 1 1 0 2 0 0 0 0 0 0 0 0 0 0 0 3 0 0 2 0 0 0 0 0 0
2 8 0 12 3 5 6 0 6 3 1 3 2 4 6 3 0 0 1 0 5 5 1 3 2 1 4 8 7 9 0 2 6 2 11 1 7 1 0 0 2 12 1 2 6 2 4 6 2 1 3 1 5 3 6 4 2 0 0 5 5 0 2 2 0 1 7 0 0 1 12 2 6 6 1 4 5 8 0 14 0 10 0 0 0 1 4 4 1 5 7 4 1 4 0 8 0 3 1 3
2 0 2 1 12 1 2 9 1 2 0 8 1 3 4 0 1 10 4 5 0 4 0 0 2 0 2 0 0 3 0 5 15 2 9 1 3 0 3 3 2 1 2 7 4 1 4 1 1 2 0 2 3 1 0 2 0 4 1 6 0 5 7 6 1 7 7 2 3 15 1 0 5 4 2 3 11 4 0 2 8 0 3 4 14 5 0 4 2 2 0 2 7 1 8 1 1 1 9 4
6 2 0 2 0 6 5 1 0 2 6 2 1 2 16 2 1 3 2 0 10 0 1 2 16 0 9 43 1 4 3 1 1 10 4 8 1 3 0 6 1 15 2 0 0 0 2 0 3 1 0 13 5 0 1 11 1 8 12 6 0 3 8 1 7 10 7 3 7 5 3 0 1 1 1 1 1 8 0 7 0 18 3 0 1 2 0 0 7 2 0 2 10 7 13 11 8 2 1 2
0 1 1 0 1 0 2 0 0 0 0 0 0 1 0 0 2 0 1 1 0 1 1 0 0 0 0 1 0 0 1 0 0 1 0 0 1 0 1 0 6 0 0 0 1 0 0 1 0 1 0 2 1 1 1 0 0 0 1 0 0 0 0 0 0 0 1 16 0 0 2 0 0 0 0 2 0 0 0 0 1 0 0 1 0 0 0 0 0 0 0 1 0 0 0 1 0 1 0 0
3 0 0 1 0 0 1 0 0 0 0 0 0 0 0 1 1 0 0 0 0 0 1 0 1 0 0 0 2 0 1 1 0 1 0 0 0 0 2 0 0 1 0 0 0 1 0 1 0 0 6 1 1 2 0 0 0 0 1 0 1 1 0 0 0 0 1 0 0 0 1 0 0 0 0 0 0 0 0 0 0 6 1 0 0 0 0 0 0 0 1 0 0 1 0 0 1 0 0 0
4 1 12 10 1 8 1 5 0 0 10 3 2 0 1 0 3 19 0 1 6 7 0 4 0 3 0 13 5 1 4 0 3 8 3 8 2 1 0 9 1 3 6 1 3 7 1 5 0 4 1 11 3 2 1 14 1 0 0 0 0 2 6 3 1 3 1 13 0 0 0 0 1 1 6 1 2 2 1 10 0 1 6 4 2 8 6 0 2 2 0 8 6 7 1 0 2 2 2 3
11 0 10 3 8 2 5 0 1 2 1 2 1 0 27 0 5 1 0 7 7 0 3 2 8 0 1 7 2 16 2 8 0 15 9 0 1 6 3 5 4 1 2 2 10 6 0 11 2 2 13 7 0 15 0 6 0 3 9 1 1 1 2 1 1 0 15 0 4 4 2 1 4 0 1 0 5 5 0 9 4 2 1 0 4 1 0 0 2 11 5 2 2 7 7 0 7 3 12 11
0 0 4 0 0 1 1 0 0 1 0 0 1 0 1 2 0 0 0 0 0 2 1 0 0 0 0 0 1 0 0 0 0 0 0 0 0 0 0 0 0 0 0 0 2 0 1 0 0 0 1 0 0 0 0 1 2 0 0 0 0 0 0 0 2 0 0 0 0 0 0 0 1 0 0 0 1 0 2 0 0 0 0 0 0 0 0 1 1 0 0 0 0 0 1 0 0 0 0 0
3 1 11 31 0 0 18 4 1 2 3 6 10 5 15 4 10 0 5 0 0 4 4 14 1 4 2 0 4 1 2 0 33 8 1 1 26 4 6 22 4 6 2 11 4 2 0 9 22 1 29 7 5 0 12 6 12 31 40 10 18 14 4 0 28 10 2 1 2 15 8 10 5 2 1 9 7 0 12 8 9 15 12 5 4 13 6 3 1 16 9 3 1 17 34 3 15 8 10 13
12 1 7 10 3 2 12 1 7 4 2 1 3 1 6 11 16 2 6 2 1 10 0 0 3 5 1 4 12 4 18 5 10 6 1 8 11 1 3 2 41 8 8 8 28 4 3 11 21 0 3 12 5 16 2 14 23 0 5 7 6 16 5 1 19 2 2 3 3 0 21 5 4 4 5 2 4 8 6 0 4 6 0 19 0 23 2 0 10 2 2 6 22 7 5 4 2 9 13 0
9 5 4 0 0 1 7 0 2 3 1 4 0 3 3 2 3 0 0 0 2 10 0 1 0 2 9 2 0 4 3 4 8 5 0 0 5 0 7 5 1 4 7 2 7 4 1 1 2 0 1 0 0 4 6 5 3 0 4 1 0 6 3 5 0 4 2 5 8 7 2 16 1 5 0 0 8 7 2 0 3 7 3 11 3 4 3 2 1 4 0 0 0 2 7 1 7 3 3 7
38 10 8 32 3 13 10 9 3 3 10 0 7 1 0 7 9 4 4 11 7 8 9 13 12 0 4 11 1 5 2 10 13 10 1 4 7 1 11 14 1 8 33 2 18 4 38 3 8 8 2 12 2 0 28 8 2 4 6 11 3 14 12 4 0 7 1 10 2 1 11 6 7 7 9 3 11 1 10 2 5 24 24 1 3 0 8 8 19 11 3 10 0 21 15 1 2 2 3 10
6 1 7 12 3 1 2 4 3 0 3 0 1 0 7 2 8 10 2 3 2 1 8 2 2 0 6 4 2 6 0 16 3 5 11 23 4 3 0 2 4 0 4 6 2 2 5 0 24 22 0 2 4 2 12 3 0 7 11 8 0 1 0 1 7 3 0 3 9 2 3 3 2 1 6 3 5 0 4 0 0 9 0 2 20 0 8 12 15 4 3 2 12 2 0 0 0 9 2 0
7 1 10 1 1 6 4 4 2 1 1 9 0 5 1 2 3 1 2 2 0 2 12 1 0 2 4 8 1 1 0 0 14 8 3 6 4 3 8 1 1 15 0 5 4 3 5 8 14 0 0 5 1 3 6 2 3 14 0 1 1 0 2 2 7 1 0 0 1 4 2 0 5 2 0 1 2 1 6 10 2 1 4 5 0 10 3 0 3 8 5 16 2 3 0 2 6 5 0 5
0 1 1 0 0 0 0 0 0 3 0 0 0 0 0 0 0 0 0 0 0 0 0 0 0 3 3 0 0 0 0 0 0 0 0 1 0 0 15 0 0 0 1 0 0 0 0 0 0 4 0 1 0 1 0 0 0 1 0 0 0 2 0 1 3 0 0 0 0 1 2 0 0 0 1 0 0 0 0 0 0 0 1 0 0 0 0 0 0 0 0 0 0 1 2 0 0 1 1 0
0 3 0 1 0 1 0 0 0 0 1 0 2 0 0 2 0 0 0 0 0 2 0 2 0 0 1 0 1 0 0 0 0 0 0 1 0 0 0 0 0 0 0 0 0 2 2 0 1 1 0 0 0 0 1 0 0 0 0 1 0 0 0 0 0 2 2 0 0 0 0 0 1 10 0 1 0 0 1 0 0 0 0 2 1 0 2 0 0 1 0 2 1 0 0 0 2 0 1 0
0 0 0 0 0 0 1 3 0 0 0 0 0 0 0 0 0 0 1 1 0 1 0 0 0 0 1 0 1 0 3 0 1 0 0 1 1 0 0 0 0 1 0 0 0 0 0 0 1 0 0 0 0 1 0 0 1 2 0 0 0 0 0 0 0 1 1 0 0 1 1 0 0 2 0 0 0 1 0 4 1 0 1 2 0 0 0 1 0 1 0 2 0 0 0 0 0 0 0 2
16 0 4 7 28 18 0 0 4 1 9 5 4 6 12 0 5 24 3 19 0 7 0 17 5 1 11 4 3 1 4 2 8 5 0 3 6 0 0 8 4 29 5 27 6 8 5 28 3 8 3 1 1 0 6 2 3 12 0 18 3 13 2 3 14 3 33 0 29 22 1 15 6 0 25 1 3 0 13 1 1 3 0 5 14 2 0 13 1 6 8 9 11 0 1 6 4 21 13 4
0 0 0 1 0 0 0 0 0 0 0 1 0 0 1 1 0 0 0 1 0 0 1 0 1 0 1 0 0 0 0 1 0 0 1 1 1 0 0 0 2 0 0 0 0 0 0 0 1 0 2 1 2 0 0 0 2 0 1 0 0 1 3 0 0 0 2 0 0 0 0 0 0 0 0 0 1 1 1 0 0 0 0 0 0 0 0 1 1 0 0 1 1 0 0 0 1 1 0 0
0 0 2 1 10 0 2 0 0 3 0 0 0 0 2 0 3 0 0 0 0 0 3 2 1 0 0 1 0 0 0 0 1 0 0 0 0 0 1 0 0 0 1 1 0 2 0 1 0 0 0 0 1 0 0 1 0 0 0 0 0 0 0 0 1 0 0 0 1 0 0 0 0 4 0 0 0 0 0 0 0 0 0 0 1 0 1 0 1 0 0 2 0 1 1 0 0 0 0 3
0 1 0 0 0 1 1 2 0 0 0 0 0 1 0 1 2 0 0 2 0 1 0 0 2 2 0 1 0 1 0 3 3 0 0 0 0 2 0 0 0 0 1 1 0 1 0 0 0 0 0 0 0 0 1 2 1 0 0 0 0 0 0 1 0 0 0 0 1 0 0 0 0 0 2 0 1 0 0 0 1 0 0 5 0 1 0 0 0 0 0 2 1 0 0 0 1 1 0 4
22 5 8 1 2 2 8 4 3 2 4 4 0 1 8 6 3 29 2 0 10 4 12 11 1 6 4 2 2 7 4 1 17 6 1 0 3 2 0 2 8 4 6 11 15 9 17 4 7 0 10 17 3 7 2 6 3 0 13 6 5 14 1 3 1 7 6 11 45 0 11 3 24 9 1 2 7 5 19 14 12 4 18 9 5 6 4 4 15 9 31 0 1 1 4 3 5 5 8 3
0 1 4 10 6 2 2 0 6 0 0 4 4 7 1 7 0 0 14 2 2 19 0 1 16 14 9 4 2 2 1 0 6 12 1 4 2 7 0 0 7 0 4 14 14 5 10 3 5 2 24 0 7 2 7 1 5 2 6 4 2 1 0 10 4 2 1 1 0 0 4 2 0 0 12 3 0 37 0 3 2 8 11 5 10 3 6 0 0 1 2 6 3 1 2 4 0 0 6 1
4 11 9 11 2 0 3 13 4 2 5 1 5 2 0 0 1 7 12 1 7 9 15 2 11 8 18 47 0 2 1 2 20 5 7 17 7 1 4 6 30 2 0 16 5 8 23 1 2 11 11 1 3 2 7 4 2 0 2 2 4 10 14 1 7 2 4 15 9 5 3 14 4 6 22 9 0 0 0 2 17 0 17 13 1 24 1 1 2 2 7 8 8 0 0 8 10 6 6 0
2 6 11 6 4 6 11 0 32 1 14 3 12 5 4 14 2 5 7 6 1 2 1 0 4 37 1 13 5 4 5 8 5 17 0 0 17 12 4 19 14 1 0 31 9 2 17 15 0 17 0 12 5 4 15 1 23 4 0 7 3 0 8 0 0 6 15 20 8 1 20 5 0 26 11 2 1 4 3 46 4 31 1 8 14 7 9 5 0 2 1 21 1 31 14 17 9 0 0 5
2 0 5 1 26 5 11 29 7 3 10 0 6 3 26 5 4 5 7 19 17 35 0 0 1 1 8 5 2 5 7 2 32 2 13 3 0 0 59 5 5 3 4 10 6 1 4 15 37 0 3 8 1 1 17 2 15 15 5 15 14 14 8 4 16 2 7 11 1 31 2 19 5 1 3 1 3 19 0 0 3 17 8 35 2 23 5 6 1 0 9 6 5 15 9 0 5 1 0 1
7 6 2 5 11 2 3 4 3 17 2 2 3 1 7 1 5 3 9 14 2 4 10 23 0 5 1 1 10 1 16 6 0 0 6 0 1 11 0 0 6 11 11 0 1 6 4 1 23 1 4 11 7 14 0 37 1 5 9 18 9 2 11 6 7 1 7 6 10 1 2 3 7 5 6 39 9 14 1 26 19 21 8 1 3 16 2 5 1 6 3 7 1 49 14 20 9 10 1 9
0 1 0 0 0 0 0 0 2 1 0 1 0 1 0 0 0 0 0 2 3 0 0 0 1 0 1 1 0 0 0 0 0 0 0 0 0 3 0 0 0 1 0 0 1 4 2 1 0 0 0 2 1 0 1 1 0 0 0 0 1 0 1 0 0 0 1 0 0 0 0 0 7 1 1 0 1 1 2 0 0 0 0 0 0 0 0 2 0 0 1 0 0 0 0 0 1 0 0 0
3 1 4 1 4 12 5 1 10 4 15 16 14 13 0 2 6 6 0 10 7 2 10 1 2 1 2 0 1 1 2 3 0 15 12 0 5 5 6 3 11 0 8 2 8 4 1 4 34 8 2 11 1 1 8 1 10 3 5 10 1 10 20 42 1 2 2 4 8 2 1 3 43 11 4 1 27 6 2 6 6 3 6 1 8 15 7 1 9 4 8 5 2 12 0 0 3 21 2 19
0 5 8 1 0 0 5 1 5 0 4 2 7 21 2 1 14 10 0 5 8 8 4 3 4 5 6 6 13 11 11 12 0 3 5 3 3 8 11 5 22 0 2 27 6 2 6 4 25 3 2 5 6 18 3 0 21 6 6 5 15 1 0 37 9 17 11 1 0 3 16 26 2 5 12 0 2 54 4 1 10 10 12 0 12 8 2 19 28 5 1 19 5 9 2 7 13 0 4 3
0 1 0 0 1 0 0 1 4 0 0 0 0 0 0 0 0 0 4 3 0 0 0 0 0 0 0 0 1 9 1 1 0 1 0 5 0 1 0 0 0 0 1 0 1 0 0 0 0 0 1 0 3 0 1 0 1 0 2 0 4 2 2 0 0 1 0 0 3 0 0 0 0 0 0 1 0 0 2 2 8 5 1 1 0 1 0 1 0 0 0 0 0 0 5 0 0 15 0 0
2 1 0 0 0 0 1 1 0 1 0 0 0 0 1 0 0 1 0 0 0 0 4 0 0 0 1 0 0 1 0 0 0 1 0 0 0 1 0 0 0 1 0 0 0 0 0 0 0 0 0 1 0 0 1 2 0 0 0 1 0 0 0 0 0 0 0 0 0 0 0 1 0 0 0 1 0 0 0 1 4 0 0 1 0 0 1 1 1 0 0 3 0 0 0 0 0 0 5 0
18 0 8 1 3 8 2 7 47 9 10 0 0 24 4 2 3 5 25 0 0 8 3 6 5 13 0 12 6 5 20 8 1 1 0 0 4 2 2 6 9 8 3 10 2 3 1 3 5 33 1 5 12 17 2 9 31 17 13 9 5 1 4 10 2 41 1 1 21 13 25 5 4 6 17 6 2 1 1 15 4 14 33 7 30 5 6 7 9 0 3 46 5 20 11 10 7 13 1 14
1 2 4 3 13 1 8 5 6 3 0 2 30 3 20 0 2 2 1 4 0 2 1 2 9 7 0 4 1 5 1 5 5 0 4 2 5 6 1 4 2 2 10 0 3 13 2 0 0 4 2 0 2 0 3 0 0 1 10 0 0 5 0 2 2 15 6 1 0 0 1 3 4 5 6 4 6 1 3 4 3 15 1 10 1 2 2 1 2 0 0 5 6 2 3 0 1 3 7 2
2 0 0 1 0 0 0 0 1 1 1 0 0 0 0 0 0 0 0 0 2 0 0 0 0 0 0 0 0 1 0 0 1 0 0 0 0 0 0 0 0 2 2 1 0 0 1 0 1 0 0 0 0 0 0 0 0 0 0 0 1 0 0 0 0 0 0 0 0 0 0 2 0 5 0 0 0 0 0 0 4 0 0 1 0 0 1 1 0 1 0 0 1 2 2 0 0 0 0 0
13 4 5 1 4 1 1 2 10 4 4 5 2 2 6 1 3 16 4 0 0 1 1 4 1 4 5 2 2 4 6 0 7 1 8 3 1 12 1 0 0 7 0 1 3 7 0 1 4 0 4 13 1 7 1 7 3 10 2 15 3 14 0 0 2 3 5 7 17 1 1 27 2 0 37 6 1 0 0 4 1 0 6 13 0 3 1 8 7 0 2 2 3 1 2 10 8 14 2 3
0 24 11 4 7 0 2 10 1 1 3 0 20 0 5 0 10 1 3 20 0 1 5 6 3 4 4 3 9 5 7 8 3 6 7 2 6 0 0 1 4 6 2 1 3 5 5 0 1 1 1 0 5 7 0 0 0 3 1 2 9 4 1 6 0 2 6 1 12 1 3 2 3 2 0 8 8 4 2 0 5 1 1 1 13 1 1 1 7 1 2 0 0 0 0 8 1 0 1 0
5 0 2 3 22 1 0 2 5 1 0 4 5 1 4 3 2 6 10 3 0 1 7 10 2 0 5 2 3 0 5 0 9 3 4 2 4 0 0 34 5 5 1 8 1 7 3 1 6 4 9 12 2 2 2 5 1 9 1 2 0 1 7 1 0 4 1 1 1 3 24 7 1 2 1 0 3 10 8 0 0 5 2 0 1 2 3 1 2 1 24 3 13 1 0 4 1 2 2 0
0 0 0 0 0 0 0 0 0 0 1 2 0 0 0 4 0 0 0 0 1 0 0 0 0 3 0 2 0 1 0 0 0 0 0 0 0 0 0 0 1 0 0 0 0 0 0 0 0 0 1 1 0 2 0 0 1 0 3 0 0 5 0 0 0 0 3 0 0 0 0 1 1 0 0 0 0 0 0 0 2 1 0 0 0 1 1 1 1 0 1 1 0 0 0 3 2 1 1 0
4 14 0 6 5 0 0 0 23 3 0 12 3 3 2 1 1 0 0 3 1 1 0 0 5 1 2 10 0 3 0 7 1 0 6 0 0 2 7 14 1 6 5 1 11 9 0 5 4 1 0 8 3 0 0 0 10 19 2 1 0 7 0 5 1 19 0 2 0 6 0 11 3 5 0 9 10 5 12 7 6 5 0 4 8 14 0 3 2 0 0 1 5 3 3 5 1 1 0 0
16 1 5 20 4 5 3 5 1 3 5 4 2 5 2 22 5 8 22 0 10 3 2 3 5 24 36 0 42 10 12 11 0 10 1 2 1 2 0 4 36 14 5 1 5 0 4 14 4 2 5 10 5 3 4 7 5 0 7 4 2 1 5 0 9 13 10 15 1 5 12 1 0 5 0 4 5 22 9 11 3 10 7 0 2 1 2 8 9 47 9 3 13 12 3 0 10 29 6 11
2 6 0 1 3 8 25 8 25 0 12 8 16 17 13 7 5 3 2 2 1 2 39 8 7 45 7 2 2 9 9 1 1 5 10 5 0 0 7 9 6 0 1 0 8 2 2 13 5 16 3 13 2 7 2 2 7 17 43 5 13 0 1 5 10 3 31 7 11 3 20 11 6 1 3 9 15 2 2 4 12 6 2 6 1 0 4 6 7 16 2 4 2 0 17 0 0 2 9 1
0 3 1 0 0 0 0 1 0 0 1 2 1 0 1 9 0 0 0 0 0 0 3 0 0 0 0 0 1 0 0 0 1 0 0 0 0 0 0 0 1 0 0 0 0 0 0 0 0 0 0 0 0 0 1 2 0 1 0 1 0 1 1 1 0 0 2 0 0 0 0 0 0 1 0 0 3 0 0 0 0 0 0 0 1 1 0 1 0 0 0 0 1 0 0 1 0 0 0 0
0 0 1 0 0 0 0 2 0 0 0 1 0 0 0 0 0 0 0 0 0 0 0 0 0 0 0 0 0 0 1 0 0 0 0 1 1 0 1 0 0 0 0 0 4 1 0 0 0 0 0 1 0 1 0 0 1 0 0 9 1 0 0 1 0 2 0 1 1 0 1 0 4 3 1 0 0 1 0 1 0 2 0 0 1 0 0 0 0 0 3 0 0 0 0 1 0 0 0 0
1 0 1 0 1 2 0 0 1 0 0 0 0 0 2 7 0 0 0 1 0 1 0 0 1 0 1 1 0 1 1 12 0 0 0 1 0 0 0 0 0 0 0 1 4 0 2 0 0 1 0 0 3 0 0 0 4 0 3 0 0 0 1 0 0 1 0 2 0 4 0 0 2 0 1 0 0 0 0 1 0 2 0 0 0 0 0 0 3 0 1 0 1 1 0 0 0 1 0 0
13 4 0 1 2 0 2 0 6 11 6 7 0 1 9 1 2 7 2 0 2 1 20 2 21 2 2 1 16 1 0 2 0 4 19 2 3 2 4 1 4 4 2 8 1 3 1 2 8 4 6 0 4 3 1 1 8 2 6 1 5 2 3 7 0 2 1 1 0 3 0 4 2 2 6 0 4 0 2 9 1 1 0 3 3 3 3 13 2 0 4 5 2 17 5 13 2 1 1 0
1 7 0 0 1 3 7 0 2 1 0 3 1 14 0 16 12 4 7 1 3 6 1 0 0 7 3 0 0 0 12 4 4 10 8 5 20 18 4 5 1 13 4 1 0 0 4 1 1 3 0 7 5 0 3 2 3 1 3 5 18 6 4 6 0 2 2 8 4 0 5 0 1 8 11 8 3 3 0 0 0 2 0 3 2 2 8 1 8 2 3 0 0 1 3 7 0 13 0 0
2 1 3 0 0 6 0 2 3 5 1 2 2 8 0 11 7 20 0 2 4 5 16 10 4 4 0 9 2 7 6 2 4 8 2 5 1 2 8 5 5 13 0 4 0 6 17 2 2 5 0 5 15 8 12 5 4 0 4 13 4 2 9 1 8 1 0 3 1 3 8 2 0 10 1 5 2 2 2 2 0 1 0 4 2 0 3 0 9 5 1 12 5 6 12 0 4 0 0 6
0 0 1 0 0 0 3 0 0 0 0 1 0 0 1 1 0 0 0 0 0 0 0 0 1 0 0 0 0 0 0 0 0 0 0 0 0 1 0 2 1 0 3 0 0 0 0 0 2 0 3 0 1 1 0 1 0 1 0 1 0 0 1 3 1 0 1 0 0 0 1 0 0 0 0 0 0 0 3 0 1 1 0 0 0 0 0 0 1 3 1 0 1 0 0 0 0 0 0 0
0 0 0 0 1 0 0 0 0 1 0 0 0 0 1 2 0 1 0 1 0 0 0 0 0 0 0 0 0 1 0 2 1 1 0 1 0 0 0 0 1 0 0 0 0 0 0 2 0 1 1 0 0 0 1 2 0 6 2 0 0 0 0 0 0 1 1 8 1 0 0 0 0 1 1 1 0 0 0 0 1 0 0 0 0 0 0 3 0 1 0 0 0 0 1 2 0 0 0 2
2 1 0 0 0 2 0 0 0 0 0 0 1 1 0 0 0 0 0 0 0 0 1 0 1 0 1 1 5 0 1 0 0 0 0 0 0 0 2 2 0 0 0 0 1 3 0 1 0 0 1 1 0 0 0 0 0 0 0 0 0 1 0 0 2 0 1 0 0 0 2 0 0 1 0 0 1 1 1 0 1 0 1 0 0 1 0 0 0 0 0 0 1 0 0 0 1 1 0 0
10 6 4 12 3 2 4 10 0 5 0 4 11 0 8 3 0 0 2 0 7 0 0 5 0 3 0 3 1 12 11 10 1 9 2 4 0 9 13 3 0 1 13 4 0 3 10 0 11 3 0 1 0 1 2 3 1 1 7 0 3 3 4 1 6 4 2 13 14 21 0 3 3 0 0 5 0 3 7 0 0 28 11 4 3 5 1 11 8 0 0 2 36 3 0 3 22 6 23 7
0 17 15 4 6 10 14 1 1 0 2 2 18 2 3 4 4 9 8 6 0 3 1 16 5 7 7 2 18 1 1 2 5 3 4 9 5 1 2 0 14 0 39 12 4 0 3 3 1 4 7 8 7 1 6 2 0 6 0 2 6 3 1 0 0 0 8 3 0 12 10 6 8 3 8 2 1 7 1 1 5 0 1 2 0 12 0 6 1 9 3 7 0 6 2 0 11 19 2 0
14 3 0 7 8 6 7 4 0 11 12 4 24 5 2 6 6 21 4 4 6 21 10 14 12 10 17 5 4 0 11 2 0 0 7 4 7 0 9 6 16 1 5 0 5 3 1 1 11 4 4 13 4 4 3 3 1 1 7 7 5 3 6 2 1 9 4 2 7 9 6 16 8 3 19 0 5 3 3 0 11 6 6 12 8 0 12 6 7 1 0 5 13 5 0 1 10 3 0 0
1 5 3 9 3 5 1 0 2 0 6 3 8 3 5 0 3 2 17 2 2 10 0 13 3 1 2 5 4 3 8 3 6 0 1 3 4 7 14 0 3 7 0 28 2 5 2 8 4 20 13 5 3 9 0 0 2 0 2 3 2 6 0 5 6 0 7 2 4 3 1 9 5 0 0 0 7 21 4 8 1 0 1 0 6 5 40 5 2 5 1 1 3 13 5 0 3 4 14 1
2 5 3 1 6 0 11 17 8 8 10 0 2 4 2 0 3 0 16 15 41 1 13 5 0 25 16 1 0 9 7 1 5 11 5 4 4 3 5 17 6 5 7 0 6 12 7 5 47 10 3 10 21 6 5 23 17 6 4 31 3 1 12 12 9 9 2 8 14 2 4 2 14 18 3 8 2 7 19 20 2 7 21 4 2 0 8 0 3 4 11 3 5 13 23 1 1 3 1 4
8 3 4 7 9 17 2 0 4 4 5 2 1 5 4 2 7 29 14 7 6 0 19 1 5 37 1 18 0 11 3 52 17 65 26 1 1 1 49 0 0 17 7 3 11 0 8 6 3 10 24 26 4 11 1 15 3 7 10 10 6 31 36 2 5 4 2 0 7 1 2 1 13 11 3 16 2 7 9 3 11 9 4 12 0 3 1 13 2 36 4 4 3 3 1 1 8 9 8 2
1 8 9 19 1 4 0 0 0 2 0 16 18 9 8 0 19 6 25 3 10 2 9 2 6 1 1 7 2 27 0 2 6 12 22 21 7 16 4 1 2 1 0 7 2 13 5 6 1 8 17 0 16 1 0 9 4 1 0 12 2 5 6 4 12 14 0 19 10 8 15 28 6 17 2 7 3 2 3 0 26 5 5 1 1 36 13 10 15 4 7 2 3 2 7 15 23 3 4 3
1 10 5 0 6 1 0 4 3 0 4 6 1 1 4 1 3 1 0 6 0 5 0 6 2 2 0 0 1 2 0 0 1 1 3 0 15 0 1 7 1 0 4 1 5 2 4 10 0 14 0 0 18 1 4 1 4 4 4 2 1 7 1 1 4 3 3 21 1 0 5 0 4 3 2 0 7 1 3 13 3 15 0 1 5 3 1 2 7 13 3 1 12 0 0 4 5 5 0 3
0 5 1 2 2 0 3 0 0 0 1 0 0 3 0 0 4 1 5 0 6 2 5 12 0 7 1 1 0 2 0 0 4 1 0 0 0 1 0 2 0 0 1 0 0 4 3 0 0 6 0 9 3 8 0 0 0 1 0 1 0 2 1 0 12 2 1 0 1 11 1 0 7 20 1 3 10 0 1 1 0 1 0 0 1 0 0 0 0 3 1 9 0 0 0 0 0 0 4 4
0 0 0 1 1 0 0 3 1 0 0 0 1 0 0 0 1 0 0 0 0 0 0 0 0 0 0 0 1 0 0 0 0 3 2 0 0 1 0 0 0 0 0 0 0 0 1 0 1 0 0 0 0 0 0 1 0 0 0 1 0 1 0 0 0 1 0 0 0 0 0 0 0 1 1 0 3 0 0 1 1 1 1 0 0 0 0 0 0 0 0 0 0 1 0 2 0 1 0 0
1 2 0 5 9 0 3 0 0 4 19 1 3 0 0 0 1 2 2 0 4 1 3 2 3 0 13 1 15 0 2 4 1 8 1 7 1 7 1 1 1 6 0 7 0 1 3 0 4 12 2 1 7 9 2 0 0 7 5 1 1 1 5 9 4 2 2 6 0 0 9 5 1 0 9 6 3 5 5 4 5 1 21 3 10 1 2 2 2 6 0 1 3 11 0 6 1 14 1 1
4 10 6 11 8 3 2 0 6 9 9 3 13 9 10 2 3 15 8 8 0 6 6 0 5 4 6 6 1 3 6 20 0 8 9 0 7 29 21 0 4 1 4 9 18 5 11 6 1 17 12 12 2 18 7 11 0 11 0 0 8 1 10 20 0 10 0 12 2 6 29 0 29 15 18 2 8 2 5 1 12 1 1 16 6 1 1 0 20 11 2 0 11 7 1 3 2 16 2 6
1 24 0 0 1 1 7 5 3 1 0 3 4 9 5 7 4 1 0 5 2 3 6 6 2 3 0 12 4 0 7 0 5 0 3 8 12 2 7 4 19 1 12 2 0 3 4 0 2 6 20 14 12 2 2 0 5 7 2 11 0 0 0 0 0 1 0 1 0 1 0 5 2 5 5 1 2 0 3 11 19 1 11 0 0 0 8 0 5 8 4 1 0 4 5 0 7 1 4 2
5 8 21 5 26 4 3 0 7 1 10 14 4 9 4 7 0 3 10 30 1 10 32 21 14 10 4 5 5 7 4 7 5 9 3 9 2 0 0 6 15 1 5 1 1 6 12 13 1 0 4 20 3 1 0 0 13 9 3 4 2 3 1 3 0 1 15 3 10 9 4 0 2 17 8 1 2 1 1 0 3 1 3 7 33 12 10 17 1 2 11 9 3 1 10 3 6 4 21 0
5 2 10 4 0 6 9 5 0 1 7 0 3 2 3 1 2 32 19 1 6 6 6 1 0 0 4 2 2 11 2 0 2 5 4 8 0 7 7 0 0 6 8 2 2 0 11 3 0 1 7 1 1 13 3 4 1 4 11 3 4 2 9 13 1 6 0 0 8 9 0 9 3 2 4 1 9 1 0 5 2 10 3 1 0 1 4 4 11 0 7 0 1 8 6 8 8 1 18 1
7 0 5 4 6 17 1 1 0 5 5 0 2 0 5 4 6 17 4 1 1 9 1 0 5 4 4 0 0 0 1 5 1 4 4 7 1 3 12 11 4 5 5 4 19 3 0 1 0 4 3 5 0 1 3 13 6 1 0 7 0 0 1 0 4 2 4 1 3 3 0 0 3 1 1 8 2 3 2 8 9 3 13 10 1 0 6 4 0 3 1 1 1 0 1 0 9 1 2 2
0 0 24 8 6 6 9 5 4 1 0 1 0 3 21 1 0 3 2 0 0 3 10 4 0 5 2 4 7 19 12 7 4 19 4 19 4 11 0 1 9 1 9 0 42 3 5 0 1 8 0 8 13 7 3 15 2 5 1 1 0 9 34 5 4 0 0 4 0 3 13 9 2 12 17 6 24 4 1 26 13 28 4 31 0 0 8 10 1 8 8 0 5 8 13 38 0 17 13 13
0 1 2 0 1 0 0 0 0 0 0 0 0 0 0 0 0 0 1 2 0 3 0 0 0 2 0 0 0 0 0 1 1 1 1 0 4 0 0 0 0 5 0 0 0 0 2 0 4 0 0 0 0 0 0 1 0 0 0 1 1 2 0 0 0 0 0 0 0 0 0 0 3 0 11 1 0 0 0 0 0 1 0 0 0 1 1 0 0 1 1 0 1 2 0 1 0 0 1 0
2 1 4 3 3 3 0 12 4 18 0 2 24 2 4 0 6 1 1 3 18 2 3 22 1 5 0 2 10 15 6 17 22 8 1 6 9 6 2 5 9 14 5 19 19 22 2 27 7 2 8 27 0 1 3 4 8 3 4 25 5 10 0 13 20 15 2 10 15 1 5 12 27 8 3 0 4 0 0 2 0 9 4 9 29 41 9 4 0 1 3 4 1 3 5 16 10 2 4 21
3 1 10 0 1 5 0 1 7 3 5 0 7 1 0 3 1 2 4 7 1 1 2 1 2 2 3 6 10 2 5 4 5 3 0 2 0 6 12 1 2 7 0 1 4 1 5 2 0 9 3 0 3 5 0 5 2 9 0 7 5 12 11 1 7 0 3 0 0 18 6 13 2 5 2 4 2 1 0 0 0 2 7 1 4 2 8 14 4 0 6 2 8 4 2 6 1 9 3 5
0 0 0 0 0 0 0 0 1 0 0 0 0 0 0 0 0 1 1 0 0 2 0 0 2 3 0 0 0 0 0 1 1 0 2 0 0 0 0 0 0 0 1 0 0 0 0 0 0 0 0 0 0 1 0 0 1 0 1 0 0 0 0 1 0 1 0 0 0 0 2 0 1 0 0 0 0 0 1 0 0 1 0 3 0 0 1 1 2 2 0 1 0 0 0 0 0 1 5 0
0 0 0 1 0 0 1 0 0 0 1 0 0 0 0 1 1 0 1 0 0 2 1 0 0 2 0 6 1 0 4 0 0 0 3 5 2 0 0 0 0 0 0 1 0 0 0 0 1 0 1 0 0 0 0 0 0 32 0 0 0 0 1 0 1 0 0 0 0 0 0 0 0 1 0 0 0 0 0 2 1 2 0 1 0 1 1 0 0 0 0 1 0 1 0 0 1 0 0 2
0 0 0 0 0 0 0 0 0 0 0 1 0 0 1 0 0 0 1 0 0 0 6 0 0 0 1 0 1 0 1 0 0 0 0 0 0 0 0 0 0 0 0 0 0 0 0 0 0 1 0 1 1 0 2 0 1 0 0 0 0 3 0 0 0 0 0 0 0 16 1 0 1 3 1 0 0 0 0 0 2 0 0 0 0 0 1 0 0 0 0 0 1 0 1 7 1 0 0 0
1 6 0 18 4 3 0 4 2 16 11 3 1 0 0 3 9 23 1 9 0 18 7 2 1 13 1 0 0 5 22 3 9 9 19 0 5 11 0 2 8 7 2 26 13 1 0 14 1 11 1 12 6 9 18 4 11 3 0 9 11 12 4 15 2 9 8 2 0 4 9 9 10 9 2 23 3 6 1 0 7 1 10 3 8 5 2 1 12 7 1 12 3 14 5 7 2 10 17 3
0 0 1 1 2 0 1 0 0 1 0 1 0 0 1 0 0 0 0 0 0 0 0 0 0 0 0 1 0 0 1 1 0 0 1 0 0 0 0 0 0 1 0 2 0 3 1 2 0 0 0 1 0 2 0 2 3 0 2 0 2 0 1 1 0 0 0 0 0 0 0 3 0 0 0 3 1 5 0 0 1 5 1 0 1 0 1 1 0 0 0 0 1 1 0 2 0 0 0 0
7 15 3 5 2 12 19 3 2 3 20 0 2 2 5 17 0 4 1 6 2 16 3 1 0 2 2 5 1 1 2 6 2 5 11 4 9 0 14 2 6 0 9 4 0 2 2 2 1 0 8 1 1 10 14 2 6 3 3 1 2 5 7 0 1 12 1 0 14 3 2 5 3 3 1 5 16 3 6 7 11 1 13 3 15 4 5 5 0 0 4 5 1 12 5 8 1 1 2 0
0 0 0 1 0 0 0 1 0 0 0 0 0 0 0 0 4 0 0 0 0 0 0 0 0 1 2 1 0 0 0 4 0 1 0 1 0 2 0 0 0 0 1 1 0 0 0 3 0 0 0 0 0 0 0 0 0 1 2 0 0 0 0 0 0 0 0 3 0 4 1 0 0 0 0 0 1 0 0 1 0 0 2 0 0 0 0 0 0 0 0 0 0 0 0 1 0 0 0 0
0 24 1 5 1 9 12 7 7 9 0 1 10 2 14 8 11 1 12 4 7 25 3 0 0 5 4 1 19 0 0 1 2 0 6 0 3 25 5 3 4 2 7 0 22 0 0 2 1 1 0 5 10 18 7 10 22 6 11 6 10 18 5 4 3 2 2 5 1 10 9 1 0 0 1 1 1 22 6 1 10 5 16 4 11 11 6 10 0 21 9 5 1 0 6 2 4 13 7 0
3 0 13 3 8 1 17 0 2 1 0 6 15 2 0 5 1 0 3 1 13 2 1 0 12 4 6 5 3 9 0 5 2 4 9 0 5 0 3 2 5 2 1 2 2 4 5 4 1 2 5 8 1 3 8 0 5 4 0 1 1 4 1 1 3 0 0 2 5 1 1 1 9 6 4 2 7 7 3 3 0 1 5 3 0 1 1 2 3 6 7 3 2 1 6 3 1 0 1 0
4 3 0 4 3 0 15 8 8 4 5 0 1 3 0 1 0 0 0 1 0 12 2 3 1 3 8 8 2 10 4 5 0 1 7 15 3 2 3 4 7 2 2 12 5 0 0 2 0 5 4 6 1 0 1 19 6 5 0 10 8 1 0 5 22 2 14 1 0 14 4 0 3 2 2 0 7 5 8 0 1 3 1 1 4 1 14 5 3 15 0 3 1 7 16 4 1 1 0 6
1 0 1 0 1 0 0 0 1 0 0 0 2 0 0 0 0 1 1 1 0 1 2 0 0 0 0 0 0 2 3 0 0 0 0 0 0 0 0 0 0 0 1 0 3 0 1 0 1 0 2 0 0 1 0 0 0 0 0 0 0 0 0 0 0 1 1 0 10 0 0 0 0 3 2 1 3 0 1 1 0 1 0 0 1 0 0 0 0 0 0 0 0 0 0 0 1 0 0 0
