0 0 0 0 1 0 0 0 0 0 0 0 0 0 0 0 0 0 1 0 0 0 1 1 1 0 0 0 0 0 0 0 0 0 0 0 1 0 0 0 2 0 0 1 1 1 0 0 0 0 0 2 0 0 1 0 0 0 2 0 1 1 0 0 2 0 0 0 1 0 0 1 1 0 0 0 0 1 0 1 0 2 0 0 0 2 0 0 0 0 0 1 0 0 0 0 0 0 1 0
1 2 0 4 7 11 1 1 8 5 2 1 0 0 7 2 5 0 7 9 8 3 0 1 2 1 6 0 2 1 2 2 1 3 0 0 0 4 4 6 5 5 3 1 16 2 0 8 1 16 4 12 2 7 6 3 2 0 0 0 0 12 7 6 0 1 9 4 1 0 7 2 0 4 4 1 6 2 4 6 0 3 8 3 0 0 7 2 6 2 6 0 0 5 3 0 0 0 7 9
0 0 0 0 1 6 0 0 3 2 0 0 0 2 0 2 0 0 4 0 0 0 1 0 0 0 0 0 2 0 1 0 0 0 0 2 0 0 1 2 0 1 5 7 1 0 0 0 0 0 1 1 0 0 3 0 0 11 0 12 21 0 2 1 4 0 3 0 3 1 1 0 0 1 1 0 2 0 0 0 1 0 0 1 0 1 0 0 0 0 0 0 1 0 0 29 0 0 0 0
10 16 0 2 0 7 2 1 3 4 1 4 2 1 7 3 9 5 0 19 1 7 0 2 1 1 10 7 4 13 2 42 5 4 0 2 15 1 22 0 15 37 23 12 26 0 1 1 0 6 1 5 1 8 1 11 6 8 5 28 0 0 2 1 22 7 4 2 14 0 13 2 4 15 2 3 4 11 1 5 29 1 10 3 6 9 7 8 3 4 10 2 5 7 1 0 14 6 0 19
1 0 1 0 0 0 0 0 0 0 0 0 0 2 2 1 0 1 0 0 0 1 0 0 1 0 1 0 0 1 1 0 1 0 0 0 0 0 0 1 0 3 0 0 0 0 0 1 0 0 0 1 0 0 1 0 1 0 0 0 0 1 1 13 1 0 1 2 0 0 0 2 0 0 0 0 0 0 0 0 0 0 0 0 0 2 1 0 1 0 0 0 1 1 0 1 0 0 1 0
6 7 16 1 1 2 4 3 34 8 4 15 28 24 2 4 6 15 1 2 3 21 11 6 1 5 9 1 7 7 10 15 28 4 3 6 0 10 2 3 19 0 5 5 10 0 1 22 4 2 12 21 14 25 13 6 5 3 20 8 5 2 4 11 0 1 9 0 8 16 2 7 18 11 10 1 3 13 5 1 2 3 32 2 1 3 3 2 3 0 5 25 15 4 24 1 27 16 7 27
2 23 1 7 6 6 10 9 1 0 14 6 2 6 0 14 2 12 2 1 3 2 2 15 8 18 2 5 22 8 13 12 3 7 8 0 0 7 21 21 5 17 7 5 2 27 6 3 0 2 11 2 56 7 7 0 8 3 0 0 21 2 1 1 1 8 12 4 17 5 4 7 13 12 5 1 1 22 4 1 2 7 12 4 8 14 4 0 4 13 0 19 3 3 22 5 1 4 6 18
5 0 8 0 0 4 2 2 3 3 4 5 4 3 10 1 12 8 3 3 4 0 0 5 0 2 3 1 4 0 2 3 7 0 0 0 1 3 5 3 6 7 2 2 0 14 12 1 9 0 1 13 6 10 6 8 0 1 3 11 0 2 7 8 0 0 11 11 2 0 0 0 9 0 10 1 5 2 20 15 15 9 7 19 0 1 1 0 2 2 3 12 1 2 4 7 1 2 2 15
0 1 1 0 0 1 0 0 0 0 0 1 0 0 0 1 0 2 0 1 0 0 1 1 3 0 1 0 0 0 1 1 2 0 0 0 0 0 0 0 1 0 0 0 3 0 0 0 0 0 0 0 0 0 6 0 0 0 1 0 0 0 6 0 0 0 0 0 5 0 2 1 1 2 0 0 0 0 1 1 1 0 0 0 0 2 0 0 1 0 0 0 0 0 1 0 0 0 1 3
2 1 1 12 5 1 2 3 1 3 1 0 8 2 4 2 7 8 0 0 3 3 3 1 9 8 12 6 0 10 3 9 7 0 1 0 13 1 0 3 8 16 4 2 0 1 0 11 10 0 7 3 9 24 2 2 13 4 3 4 2 2 4 3 4 2 5 1 18 6 1 2 6 1 2 7 5 3 4 4 7 10 2 9 1 3 0 5 4 2 6 3 12 1 5 8 8 0 0 4
4 13 8 3 2 7 13 2 12 2 9 8 20 0 0 4 0 5 0 11 1 13 1 0 5 13 4 6 2 13 19 17 3 4 11 23 2 7 1 19 0 27 2 1 10 0 15 4 0 13 4 0 5 5 0 5 2 14 1 4 7 0 3 3 1 5 2 26 17 14 8 0 0 1 6 4 0 13 3 2 10 9 9 0 2 2 1 6 3 9 21 0 4 7 15 17 13 6 0 8
6 2 11 6 2 9 3 2 0 4 6 34 4 0 24 2 14 1 24 3 3 15 1 0 19 1 5 2 5 1 3 10 0 1 3 2 40 10 3 4 3 11 11 0 24 1 0 6 10 1 5 5 0 0 2 0 0 12 4 16 0 18 19 1 2 11 6 18 4 17 5 7 7 0 10 23 7 0 1 8 15 5 10 3 9 12 1 17 4 1 17 16 5 5 0 0 1 3 5 1
0 1 4 0 3 3 0 0 0 1 4 0 11 1 0 5 0 0 0 1 12 0 0 0 0 0 0 0 1 0 0 1 8 1 0 2 0 11 2 0 0 0 0 0 5 0 7 0 3 0 0 0 2 2 0 1 0 0 1 0 0 2 0 1 0 0 0 0 0 0 0 1 0 0 3 0 0 3 0 0 0 11 1 6 1 1 0 1 0 0 7 0 0 9 2 0 0 4 0 1
2 3 0 0 0 0 0 1 0 0 0 1 4 0 1 0 0 1 0 0 0 0 0 0 2 0 0 0 1 0 1 1 0 0 0 0 0 0 0 1 4 1 0 0 0 1 2 1 0 3 0 0 0 1 0 0 0 0 0 0 0 0 0 0 0 3 0 0 0 0 0 3 1 0 0 0 0 0 0 0 1 0 0 0 0 0 0 0 0 0 0 0 0 0 0 1 0 0 4 0
0 1 0 0 0 0 0 0 0 0 0 0 0 0 1 1 0 0 0 0 0 0 0 0 0 0 0 0 0 0 0 0 0 0 4 0 0 0 0 0 0 0 0 2 0 0 0 0 0 0 0 0 0 1 0 0 0 1 0 0 0 1 0 0 0 0 1 0 0 0 1 0 0 0 0 0 1 1 0 2 0 2 0 1 0 0 0 0 0 0 0 1 1 1 0 0 0 0 0 0
10 1 1 1 0 1 1 4 7 1 1 1 2 4 1 2 0 4 15 3 12 0 0 2 5 0 4 7 3 1 1 7 0 0 0 7 5 5 0 5 5 7 10 3 4 0 1 0 3 2 0 9 8 0 2 5 0 1 2 0 3 1 9 19 0 4 5 0 0 1 0 3 4 3 2 9 8 1 9 1 0 1 1 8 7 4 5 0 4 2 1 7 2 2 0 2 4 1 0 0
10 2 2 24 14 0 1 1 3 8 5 8 9 15 0 8 8 7 10 2 7 3 0 1 5 1 0 8 1 5 1 12 2 1 15 9 2 1 7 9 0 2 0 16 15 9 1 7 0 6 18 12 9 4 9 36 11 5 6 19 4 4 0 0 2 7 7 3 7 12 0 0 7 35 7 1 2 15 14 4 14 11 8 2 1 15 17 3 6 8 0 0 1 6 0 2 1 5 3 2
0 0 5 4 0 0 1 1 0 2 3 0 7 0 0 9 0 5 1 2 10 0 0 4 0 4 0 1 1 1 0 1 5 0 2 0 1 7 0 0 9 0 0 2 0 0 11 0 0 0 6 8 2 2 1 0 1 0 0 0 1 5 0 0 0 9 0 0 0 0 0 6 0 0 3 0 1 2 3 7 0 4 0 9 2 0 2 0 0 0 0 1 1 1 3 0 0 1 1 0
4 1 5 3 25 0 0 0 11 40 3 1 10 0 10 4 0 4 20 3 7 1 5 1 1 6 6 0 0 2 1 0 10 1 4 17 2 3 0 0 4 0 6 12 13 0 10 0 0 1 2 4 4 1 0 3 5 7 0 1 0 0 1 6 7 13 0 2 0 10 0 2 1 2 1 5 5 12 4 0 4 7 8 0 3 0 4 1 2 7 5 0 0 1 0 8 4 8 5 4
0 7 0 4 16 0 1 8 3 16 2 0 1 12 0 2 1 1 11 4 0 2 7 2 0 2 7 6 1 0 1 3 3 7 0 1 0 0 1 26 0 1 6 2 3 2 3 2 3 2 8 1 1 17 2 3 2 0 8 16 21 2 2 2 5 10 4 1 3 0 2 1 7 0 5 0 2 7 3 0 6 4 1 1 4 1 4 1 3 2 0 3 11 1 2 2 13 4 0 45
3 6 12 1 15 12 5 1 1 11 11 15 1 3 6 5 8 0 5 3 12 0 7 0 11 0 4 5 4 2 5 0 3 7 2 4 4 8 13 17 0 21 9 6 10 9 3 3 2 1 6 6 1 2 1 0 4 2 2 5 4 2 1 25 3 0 2 0 0 1 0 1 2 1 2 8 10 1 1 9 4 4 0 11 6 2 0 1 2 9 13 2 0 0 5 1 8 1 0 17
11 0 3 6 4 13 5 3 17 3 34 7 2 11 0 1 1 6 0 9 7 8 0 2 0 17 1 5 1 5 2 7 6 10 2 5 1 12 9 7 21 5 17 36 1 1 2 1 8 7 1 0 12 3 8 5 5 5 0 8 4 8 3 0 14 13 2 9 1 2 0 0 2 7 0 13 2 14 4 4 8 18 0 9 14 5 4 15 11 2 9 7 49 1 26 7 3 1 3 30
0 0 0 0 0 1 0 0 2 0 0 0 2 0 0 1 0 0 1 0 0 0 0 0 1 3 2 0 0 0 1 0 1 0 0 1 0 0 0 0 2 0 0 1 0 0 0 0 0 1 0 0 0 2 0 3 0 0 0 1 2 0 0 0 0 1 0 0 0 0 0 0 0 0 0 2 0 0 0 2 0 0 0 0 2 0 0 0 2 0 0 2 0 0 0 1 0 1 0 0
0 1 2 0 2 0 0 0 2 0 1 0 0 0 0 1 0 0 0 0 0 5 1 0 0 0 0 0 0 0 2 0 0 1 0 1 0 0 0 1 0 1 1 0 0 0 0 1 0 1 0 0 0 0 1 0 1 0 0 0 2 0 6 0 0 0 0 0 1 1 5 0 1 0 0 0 0 0 0 0 0 1 0 0 1 0 0 2 0 6 0 0 0 1 0 0 0 0 0 0
5 2 4 0 0 9 0 7 1 15 0 0 5 6 7 9 0 18 15 3 14 3 6 5 1 2 31 13 10 3 2 2 6 5 3 3 4 8 1 19 0 0 0 2 0 0 6 1 7 1 1 2 10 5 3 4 4 2 4 0 9 1 16 4 0 24 1 7 9 12 17 8 3 2 2 10 16 6 10 5 19 7 3 7 0 10 3 1 41 12 4 3 3 0 4 14 1 1 0 5
5 8 7 5 12 12 4 0 6 6 7 7 12 3 4 4 7 12 3 6 20 10 6 5 0 0 4 3 1 15 1 4 8 2 2 8 1 9 47 4 3 5 1 0 9 1 0 4 17 0 5 19 13 21 0 0 0 1 2 3 10 8 10 30 2 7 4 10 5 3 1 7 1 2 29 16 37 10 4 0 1 0 0 0 2 6 4 12 1 1 1 0 4 0 11 1 3 6 19 4
2 0 0 8 13 3 9 0 4 5 5 5 1 2 0 0 19 22 1 1 7 0 2 11 1 3 3 7 6 14 1 5 1 3 0 5 0 2 0 2 0 1 5 0 7 19 0 1 5 3 1 1 1 0 3 19 9 0 8 8 2 0 8 0 5 0 19 5 3 2 0 4 0 13 2 13 0 8 3 4 0 3 0 7 1 3 10 6 4 2 0 6 1 3 8 3 9 3 0 6
1 3 0 0 0 0 1 0 0 0 0 4 0 0 2 0 1 0 3 1 0 0 0 0 0 0 0 0 3 0 0 1 0 0 2 1 0 0 0 0 1 0 0 0 0 0 0 0 0 0 0 0 0 0 1 1 0 1 0 0 1 0 0 1 0 0 0 0 0 0 0 0 2 0 5 0 0 0 0 0 0 0 0 1 0 0 0 0 1 0 0 2 0 0 1 0 0 0 0 0
2 0 0 0 0 0 0 2 0 3 0 0 0 0 0 0 2 0 0 0 1 1 0 0 7 1 0 0 0 0 1 0 0 0 0 0 0 0 0 0 1 0 0 0 1 0 1 1 0 1 1 0 0 0 1 1 0 0 3 1 0 1 0 0 0 2 1 0 0 0 0 0 1 0 1 0 0 0 0 3 0 0 2 1 0 0 0 0 0 2 0 1 0 0 0 0 0 0 5 0
1 4 2 14 10 16 13 16 51 7 22 1 10 0 0 0 4 5 5 10 0 4 15 1 1 1 3 8 17 29 6 2 1 6 14 8 1 4 5 28 1 1 1 4 21 11 3 1 1 1 5 1 0 8 10 1 15 2 26 1 8 4 4 10 0 3 11 3 14 10 9 1 13 4 2 1 8 8 4 12 12 13 12 22 27 7 1 4 11 11 2 1 2 0 0 3 3 16 2 4
7 4 0 1 0 11 17 1 21 22 4 1 3 0 1 25 1 2 0 0 11 11 5 5 6 6 2 18 7 16 0 4 2 6 2 1 31 0 5 3 7 1 10 4 14 9 3 0 1 27 7 7 0 6 4 6 6 4 8 14 4 0 0 5 8 23 13 13 3 4 2 7 27 6 1 14 4 18 31 6 1 12 1 24 7 12 1 0 1 2 8 1 2 1 35 1 11 26 24 3
0 10 9 2 0 4 3 0 8 2 5 0 4 1 32 9 2 11 0 0 1 3 0 2 12 3 0 2 0 2 2 1 1 0 1 1 1 0 4 8 3 0 1 3 1 6 6 3 2 1 2 9 5 6 4 1 1 6 0 0 0 1 0 6 1 0 10 5 3 3 5 4 1 0 0 2 4 15 0 4 6 0 1 3 2 7 0 8 4 5 10 1 3 2 1 0 4 3 1 2
1 3 2 8 12 3 3 9 1 1 0 2 3 46 15 0 1 3 16 1 0 12 3 6 2 8 10 1 3 3 15 8 4 33 13 26 12 6 8 3 5 25 17 1 3 14 3 17 1 10 18 0 6 2 8 5 3 0 0 0 8 18 1 24 6 0 0 2 19 6 8 7 4 1 22 0 10 3 1 4 4 24 1 0 8 2 1 5 5 3 7 1 16 3 2 10 18 11 4 7
8 4 3 12 3 11 7 25 9 0 8 7 6 3 5 4 21 6 3 3 0 26 10 0 12 1 3 8 1 13 6 1 2 5 14 0 1 17 6 8 16 12 8 8 1 1 24 0 2 12 3 6 6 0 1 1 20 8 9 1 9 2 29 1 0 1 9 0 0 5 1 4 3 3 21 8 24 6 7 0 1 15 7 4 1 1 10 2 14 10 0 5 15 14 0 35 13 0 3 5
1 1 10 5 38 17 5 15 2 13 41 16 15 6 7 5 5 8 1 0 2 2 6 9 1 18 3 3 5 8 0 0 26 4 2 5 0 11 16 1 11 1 1 18 0 16 9 1 35 9 1 21 6 8 5 1 14 2 0 8 7 0 10 25 8 4 4 2 4 15 3 2 6 0 4 1 11 13 6 9 12 1 42 8 0 7 7 3 2 3 0 5 14 4 3 1 2 4 13 27
0 0 0 0 0 0 0 0 0 1 0 2 0 0 0 1 0 0 0 0 0 0 0 0 1 0 0 1 1 0 2 0 12 0 0 0 1 0 1 0 1 0 0 1 0 0 0 0 0 0 0 5 0 0 1 1 0 0 2 0 0 1 0 0 0 0 0 1 0 0 0 0 6 1 1 0 1 0 1 0 0 2 1 0 3 2 0 1 0 1 1 1 3 0 0 1 3 0 1 0
2 1 2 1 8 0 1 3 13 2 0 7 4 2 8 19 7 0 4 4 3 2 1 14 1 8 0 1 0 0 0 3 0 3 7 1 0 2 2 10 9 4 4 0 9 10 1 1 2 6 1 2 4 0 4 6 2 2 11 2 1 7 1 4 3 1 7 11 4 9 15 0 0 3 1 20 7 1 16 2 7 2 1 2 0 5 6 10 1 1 2 2 0 16 5 0 3 0 2 12
0 0 0 0 0 0 0 0 0 0 0 0 0 2 0 0 0 0 0 0 0 0 8 0 0 2 0 1 0 0 1 1 0 1 1 0 1 0 1 1 1 0 0 0 0 0 0 0 0 0 0 0 0 0 0 1 0 0 2 0 0 0 0 1 0 0 0 0 0 1 0 0 1 1 2 0 0 1 0 0 1 0 2 0 0 0 0 1 1 0 0 0 0 1 0 1 0 0 0 0
3 1 1 17 10 10 10 41 3 3 10 8 0 0 7 3 22 0 1 5 2 1 0 16 2 4 1 5 5 7 4 22 4 0 3 1 1 2 1 6 4 5 31 18 23 0 2 0 8 33 13 7 13 1 4 0 0 1 14 0 0 14 1 14 0 23 2 4 2 6 8 8 4 3 5 12 0 4 1 1 0 5 14 4 14 19 25 5 23 13 1 7 8 5 7 6 16 13 9 17
8 6 24 5 13 4 6 7 7 0 8 10 28 9 1 0 1 7 1 13 3 0 3 14 2 7 2 3 10 0 27 19 0 5 10 5 3 8 11 13 61 0 10 0 23 0 15 3 5 11 4 14 7 25 12 2 2 41 8 29 20 17 5 0 0 5 2 0 1 2 12 81 6 4 2 24 4 3 6 43 9 34 7 2 1 4 13 25 3 7 1 0 15 20 4 4 12 4 5 2
47 1 5 8 5 6 8 0 2 4 1 0 6 6 6 3 3 32 2 5 4 16 10 0 0 0 0 21 1 3 0 28 1 24 3 9 3 3 19 12 3 2 1 7 7 9 15 12 0 8 2 0 13 12 6 2 0 1 0 5 15 22 31 10 6 3 2 0 2 5 5 1 0 5 3 0 11 3 9 21 6 7 10 4 3 6 13 2 0 5 1 11 6 2 4 2 3 3 2 3
7 29 10 0 9 8 4 28 6 1 1 11 2 4 1 2 28 1 11 2 2 0 3 0 7 6 2 4 0 14 1 0 2 2 3 1 4 9 16 1 2 1 13 12 2 7 4 33 11 2 3 8 1 0 8 4 14 2 27 8 2 2 3 5 2 2 8 6 3 10 11 9 5 12 1 16 15 5 4 1 10 31 17 3 4 7 3 20 9 1 0 0 6 4 9 6 1 43 2 0
0 2 2 0 2 0 2 0 1 2 0 0 0 1 3 0 0 0 0 0 0 0 1 1 1 0 0 0 0 3 0 0 0 0 0 0 2 2 0 4 1 0 2 0 0 0 2 3 0 0 0 0 0 0 0 1 2 0 0 0 0 2 1 0 3 0 0 0 0 0 1 0 0 0 0 0 0 5 1 2 0 4 0 1 0 1 0 1 2 0 0 3 0 4 2 0 0 0 0 2
9 9 2 7 19 4 10 0 1 0 26 0 20 2 10 27 16 30 4 5 5 4 11 30 3 6 8 9 2 4 9 26 10 3 13 4 5 9 4 5 13 1 0 3 15 0 4 7 1 10 10 5 0 10 1 17 1 0 4 0 1 8 4 2 18 29 1 8 2 1 16 16 7 1 16 1 15 0 0 13 10 19 6 5 7 4 3 4 4 0 3 1 6 0 17 3 6 7 4 13
6 6 7 5 0 3 2 4 0 1 2 1 0 2 1 4 2 7 0 4 1 2 24 0 2 7 0 0 6 4 2 7 0 5 2 1 1 1 8 0 4 3 2 6 5 6 8 2 0 1 6 8 0 0 17 1 2 4 1 4 3 0 5 7 4 3 1 3 1 2 5 8 2 4 0 13 1 7 8 19 5 1 4 1 11 5 7 5 0 9 11 17 5 1 17 12 3 2 5 0
1 0 0 1 1 0 2 0 1 1 1 0 0 0 1 0 0 1 0 0 0 1 0 0 0 0 0 0 0 0 0 0 0 0 0 1 0 1 0 0 1 0 2 1 0 0 0 0 0 2 0 1 0 0 0 1 1 0 0 0 0 0 0 1 3 0 0 0 0 0 0 0 3 0 0 1 0 0 0 1 0 2 0 0 4 0 1 0 0 0 0 1 0 0 1 0 0 1 0 0
0 1 3 0 0 0 1 1 1 0 1 0 0 1 0 0 0 0 2 2 1 0 1 2 0 0 0 0 0 0 0 0 1 0 0 0 0 0 0 0 0 1 0 0 0 0 0 0 1 0 0 0 1 0 0 0 0 0 0 0 0 1 0 0 0 1 1 0 0 1 0 1 2 0 0 0 0 0 0 0 0 0 0 0 0 0 2 0 0 0 2 1 0 0 0 0 0 0 1 0
0 0 0 0 0 0 1 0 0 2 2 0 1 1 0 2 0 0 1 0 0 0 1 0 0 0 0 0 1 0 1 1 0 0 0 0 0 0 0 0 0 0 1 0 0 0 1 1 1 0 0 0 0 1 6 0 2 0 0 0 1 0 0 0 0 0 1 0 0 0 0 1 0 0 0 0 2 0 0 0 0 0 1 1 0 2 3 1 1 1 0 0 0 2 0 0 0 3 0 0
0 0 1 1 0 1 0 0 0 1 0 0 0 0 0 0 0 0 1 0 0 3 1 0 0 0 6 0 0 0 0 0 0 0 0 2 0 3 1 1 0 0 0 0 1 0 0 0 1 0 0 2 0 0 0 1 0 0 1 0 2 0 3 0 0 0 0 0 1 0 1 1 0 2 5 0 0 0 0 0 0 0 2 0 0 2 1 2 1 0 0 0 1 4 1 0 0 0 1 0
0 1 0 0 1 0 0 0 0 0 0 0 0 0 0 5 0 0 1 0 1 0 0 0 0 0 0 1 0 0 0 0 1 0 0 2 1 2 0 1 0 0 0 0 0 1 0 0 0 0 0 1 0 0 0 0 0 3 0 3 2 0 2 2 0 0 0 0 0 0 0 0 1 0 1 1 1 3 0 2 0 0 0 0 0 0 0 1 0 1 1 0 0 0 1 0 0 2 0 0
1 20 1 2 24 5 2 0 7 18 1 2 4 0 6 1 0 1 7 9 0 5 0 0 9 4 0 2 5 3 5 1 1 1 4 4 1 2 3 5 0 1 1 5 1 2 4 4 1 7 2 2 2 8 16 7 1 5 3 5 0 4 1 0 7 0 4 1 4 4 2 4 1 12 2 8 0 12 2 3 0 2 2 4 14 1 10 1 1 15 1 0 2 0 4 5 0 0 0 7
9 36 0 2 9 18 8 6 2 4 31 4 3 11 4 7 2 4 17 1 2 1 16 12 2 0 0 35 20 5 5 12 3 2 25 2 5 15 8 5 10 17 2 37 5 15 1 2 6 1 2 6 1 4 5 20 29 6 20 4 0 7 16 1 13 0 36 0 4 3 4 5 13 0 5 26 5 7 3 2 0 2 4 1 7 2 5 3 0 25 12 1 2 4 7 4 8 14 39 22
1 0 0 0 0 0 0 1 1 1 1 0 2 1 2 3 1 0 1 0 0 0 0 0 0 0 0 1 0 0 2 0 0 0 0 0 1 1 0 0 0 0 1 2 0 0 0 2 1 0 1 0 0 3 0 0 0 2 0 0 0 0 0 0 0 1 0 1 0 1 2 2 0 0 0 3 0 0 0 0 1 0 0 0 1 0 0 0 0 0 0 0 1 0 0 0 1 1 0 0
1 2 10 2 8 11 1 2 1 30 7 20 12 4 1 2 5 5 9 11 2 8 1 14 26 9 2 1 7 8 5 14 1 6 20 6 0 4 3 2 18 7 9 11 6 14 0 0 8 12 8 0 1 30 11 3 23 1 0 0 4 5 2 4 2 9 4 1 4 4 3 12 7 12 3 2 2 4 7 6 34 6 9 9 3 17 0 2 6 1 6 4 2 11 3 5 2 4 8 18
0 0 0 1 0 1 0 0 2 0 0 0 0 0 2 0 3 0 0 2 1 1 2 0 0 0 0 1 2 0 1 0 0 0 1 0 0 14 1 0 2 0 2 1 0 0 0 0 1 0 0 0 0 1 0 0 0 0 0 0 0 0 0 0 0 0 0 0 1 0 1 0 0 0 0 2 0 0 0 0 0 0 0 0 1 1 0 2 0 0 1 1 0 3 0 0 0 1 1 0
13 3 6 1 7 1 2 0 4 4 5 0 5 2 1 0 0 2 6 1 1 3 2 4 3 2 1 0 6 2 2 5 6 2 2 0 0 1 1 3 3 16 6 5 6 0 7 1 3 3 9 10 0 2 10 4 4 9 3 2 4 7 0 0 3 1 2 27 4 1 5 15 2 8 7 0 2 0 14 5 2 6 7 0 1 3 3 7 0 3 2 7 18 0 4 5 1 6 22 1
4 8 5 9 3 3 21 18 8 9 8 13 26 10 22 0 7 17 4 1 3 3 12 7 1 2 8 4 15 23 3 4 1 9 4 4 10 19 3 1 4 4 24 17 4 8 2 6 9 0 5 0 0 13 4 2 10 10 19 14 16 6 6 1 3 3 7 0 12 3 16 2 8 6 0 6 5 0 9 9 2 0 46 11 16 6 19 6 4 19 7 2 4 15 1 9 6 24 5 1
0 0 1 0 0 1 0 0 1 0 0 0 0 0 0 1 0 0 0 1 1 0 8 0 0 0 1 0 0 0 0 2 1 1 0 0 0 0 0 0 0 0 1 0 0 0 0 0 1 0 0 2 1 0 1 0 0 0 1 0 1 1 0 0 0 0 1 0 1 0 0 0 0 0 0 0 0 0 1 1 0 0 0 1 0 1 0 1 0 1 0 0 1 0 1 0 0 0 0 0
1 6 2 12 0 8 0 0 0 0 4 10 0 0 2 1 15 0 2 10 1 1 0 1 0 3 2 8 10 2 1 7 6 7 2 11 2 3 4 2 1 12 2 7 3 2 7 8 2 0 9 1 0 1 4 11 6 0 5 0 6 3 10 2 6 1 14 15 1 0 4 10 1 3 3 0 2 2 0 2 3 3 1 5 4 4 13 12 3 3 2 2 3 0 0 0 1 3 15 0
1 1 0 0 0 2 1 1 0 1 1 0 1 0 0 0 1 0 0 1 1 0 2 2 0 0 3 0 1 0 1 1 0 0 0 0 1 1 0 4 0 0 0 0 0 2 0 0 1 1 0 0 1 0 0 0 1 0 0 6 8 0 1 0 0 4 0 1 0 0 0 2 0 0 0 0 0 0 4 1 1 1 1 0 1 0 2 1 0 1 0 1 0 0 0 0 0 0 1 0
8 3 9 2 2 0 2 1 10 0 2 6 2 3 1 6 3 0 3 0 1 0 5 29 0 0 17 1 3 1 8 6 5 1 7 13 1 3 11 8 2 2 19 2 0 0 8 5 14 16 5 0 1 3 7 2 10 6 0 3 1 2 4 6 5 3 8 0 22 3 7 6 6 13 3 1 11 5 5 3 6 7 1 0 0 1 3 7 6 0 1 0 4 0 3 3 8 2 3 2
9 6 13 4 0 1 5 1 21 11 2 2 2 19 1 1 13 2 0 4 0 0 18 12 13 0 2 16 2 7 6 30 1 1 17 11 34 7 5 0 4 8 10 3 5 15 2 1 4 6 0 12 0 6 3 15 11 1 0 12 2 2 7 1 1 1 6 2 0 8 3 1 20 1 2 18 15 12 0 13 11 10 3 44 6 2 4 0 3 6 1 4 0 0 17 4 16 8 3 1
0 2 0 0 0 0 3 0 0 0 1 0 0 0 0 0 0 0 0 2 0 0 1 0 0 0 0 0 0 0 0 1 0 0 1 0 1 0 0 0 0 0 0 0 0 0 0 1 0 0 0 0 1 0 0 0 1 1 0 0 0 1 0 0 0 1 0 0 0 0 1 0 0 0 0 0 1 0 0 0 1 1 0 0 1 0 0 1 0 0 0 3 1 1 0 1 0 0 1 0
2 0 1 1 1 0 1 2 0 0 0 0 1 0 0 0 0 0 4 1 5 1 0 0 3 2 0 0 0 0 0 0 0 1 0 1 0 0 0 1 0 3 0 0 0 0 0 0 0 2 0 0 0 0 1 0 0 1 1 0 1 0 1 0 0 0 0 0 0 1 0 0 0 1 0 1 0 0 0 0 1 0 0 0 1 0 0 0 0 0 0 0 0 0 1 0 3 0 0 0
1 2 5 3 2 9 0 0 8 14 10 13 0 6 2 8 5 11 2 8 1 16 14 1 0 15 6 5 0 2 4 11 10 12 3 2 3 5 0 4 48 5 2 9 3 5 19 7 10 4 4 5 0 9 15 3 28 3 2 9 3 9 42 30 4 23 0 6 2 1 3 13 15 1 33 10 0 15 0 3 1 24 8 6 2 7 2 4 10 0 18 5 1 3 14 14 8 44 5 24
0 2 6 12 7 5 13 16 0 11 3 3 2 2 0 8 20 1 1 16 3 18 4 0 4 3 8 10 19 3 4 21 7 14 2 0 2 10 4 2 9 1 16 1 6 1 8 24 3 1 0 2 14 8 9 1 7 8 0 6 5 2 11 1 10 0 2 19 1 6 13 3 4 12 6 9 4 2 0 1 9 6 3 0 3 2 20 10 5 9 4 2 16 4 3 16 2 7 15 1
2 0 1 0 0 0 0 0 0 0 0 1 0 0 0 0 0 0 0 0 2 1 0 1 0 1 1 0 0 0 0 0 0 2 0 0 2 0 0 0 2 0 2 0 2 2 0 0 2 0 0 1 0 0 0 0 0 0 1 0 1 2 0 0 2 2 1 0 0 1 0 0 0 0 0 2 2 0 1 2 0 0 1 1 1 0 0 0 0 0 0 13 0 0 1 0 0 0 0 0
1 8 7 2 2 10 2 12 0 12 1 6 1 2 8 7 1 7 19 1 6 9 0 3 2 0 3 1 3 0 6 0 3 21 3 4 1 0 7 2 1 3 3 5 0 6 4 5 2 0 3 4 15 1 3 0 8 2 8 7 3 0 0 9 0 1 0 2 0 2 3 1 1 8 1 4 0 1 0 5 2 0 0 7 5 6 5 1 2 3 10 2 5 5 3 1 5 5 0 0
2 5 1 5 4 1 6 2 0 2 2 0 0 12 1 2 0 9 5 1 5 13 2 3 0 0 6 8 0 0 3 2 8 2 6 15 1 0 9 2 16 10 0 8 0 1 11 2 3 13 2 0 7 12 1 4 14 0 5 2 0 2 3 0 0 11 4 6 0 1 5 3 8 3 7 8 3 0 3 0 1 3 3 8 3 2 4 1 2 0 5 4 2 1 0 0 0 2 0 6
6 3 3 19 3 0 11 3 2 11 14 2 3 4 14 5 1 1 6 6 16 2 2 0 3 1 32 1 1 4 6 2 1 0 13 8 7 7 4 9 5 3 8 6 5 9 4 2 7 3 8 4 3 1 33 0 7 2 10 13 7 9 10 6 4 2 2 1 8 0 1 1 23 5 14 3 0 4 16 3 6 0 6 1 0 0 6 2 10 6 2 1 3 1 8 21 5 0 1 0
4 11 0 38 11 1 1 3 6 3 35 5 1 2 7 1 4 3 7 10 11 0 11 4 2 10 3 13 2 19 10 0 10 13 4 20 0 17 1 2 2 23 11 10 1 16 0 5 10 18 8 2 0 0 2 2 3 2 3 3 5 19 7 7 4 9 0 3 7 5 5 14 6 8 7 10 4 1 3 13 1 5 3 43 26 15 1 1 2 21 7 3 22 1 3 2 4 19 6 10
0 0 0 0 0 0 0 0 0 1 0 0 1 2 0 0 1 8 1 1 1 0 0 3 0 0 0 0 0 0 0 0 0 0 0 0 1 0 0 0 0 0 0 0 0 0 0 0 0 0 7 5 0 0 0 0 0 0 0 0 0 0 0 0 0 0 0 2 0 1 0 1 1 0 8 0 0 1 2 1 3 0 17 7 3 0 1 0 3 0 2 0 0 0 3 0 0 0 0 0
2 0 0 0 2 0 0 0 0 1 0 0 0 1 1 0 0 0 0 1 0 1 0 0 1 2 0 0 0 0 0 3 0 0 0 0 2 1 1 1 1 0 0 0 0 0 0 0 0 0 0 0 0 0 0 1 1 2 0 0 0 0 0 2 0 0 0 1 0 0 0 1 0 0 0 3 0 0 0 0 0 0 0 0 0 0 0 0 1 0 0 0 1 0 0 1 1 0 0 0
17 2 3 4 0 9 21 13 9 13 31 22 2 13 11 5 7 8 16 1 10 2 2 1 5 12 9 5 21 2 8 2 0 17 19 1 6 1 5 5 1 3 8 4 0 1 4 2 1 12 2 21 0 22 1 14 21 1 9 7 3 38 2 17 46 16 6 0 1 0 4 2 0 8 6 3 8 37 20 11 23 2 17 15 32 5 7 3 2 24 8 4 4 2 26 14 10 14 4 5
18 8 22 11 15 1 2 4 19 5 15 8 16 4 7 0 2 1 9 7 5 25 5 2 8 1 0 6 0 10 3 1 8 1 1 5 1 11 20 15 1 4 1 5 1 13 1 0 6 5 0 13 31 5 14 10 14 7 5 11 3 8 2 26 1 20 35 7 9 1 6 9 1 3 1 1 19 9 9 13 20 4 3 0 4 16 10 13 25 2 1 2 7 11 10 7 3 16 9 3
1 21 9 12 2 11 4 12 9 29 28 4 0 6 3 8 21 0 12 16 0 2 21 7 1 2 4 4 3 1 3 1 6 8 4 19 9 2 1 2 7 9 3 1 0 13 28 2 4 0 12 2 3 1 6 9 4 13 0 7 4 20 14 0 4 0 3 21 1 0 1 5 0 5 2 0 2 21 11 7 0 3 11 0 0 3 7 0 0 1 6 3 3 9 8 12 1 16 3 7
2 1 12 0 11 2 9 13 15 8 18 4 1 0 8 2 12 23 2 22 0 2 9 0 2 24 2 31 4 6 0 6 0 1 4 10 18 1 6 20 23 2 13 9 3 1 0 2 5 1 4 7 14 1 4 9 3 3 1 6 1 10 4 0 11 12 13 11 2 2 5 2 4 4 1 7 11 11 3 2 6 18 1 8 4 1 4 0 18 1 3 1 2 5 0 4 2 16 21 15
1 0 0 0 0 0 0 0 3 1 1 1 0 0 3 0 0 0 0 1 0 0 0 1 0 2 0 0 0 0 0 0 0 0 3 0 0 0 0 1 0 0 0 0 0 1 0 1 1 0 0 0 1 1 0 0 0 0 0 0 0 0 0 0 1 1 1 0 0 0 0 0 0 0 0 0 2 0 0 0 0 1 1 0 1 0 0 0 0 0 0 1 0 0 1 0 0 0 0 0
3 3 9 2 4 0 1 1 9 0 9 10 16 4 3 0 0 2 7 19 2 7 1 2 0 6 4 2 5 2 4 24 0 0 5 0 0 4 8 6 3 1 15 0 0 12 6 0 6 4 1 5 10 4 2 3 3 0 1 0 0 0 0 1 2 2 3 2 10 7 6 16 3 2 0 25 1 4 8 16 2 0 4 2 4 6 0 1 1 2 0 2 1 7 4 2 10 5 6 2
0 1 0 1 0 1 0 0 0 0 0 1 0 0 0 1 0 15 1 0 0 3 2 0 0 1 2 0 0 0 1 0 0 0 0 0 1 1 0 0 1 0 0 0 0 0 1 0 0 0 1 0 1 0 0 0 1 0 0 0 1 0 1 1 1 0 0 0 2 0 0 0 1 0 1 2 0 0 0 0 0 0 0 0 0 0 0 0 1 0 0 0 0 0 0 3 0 1 0 0
4 2 6 1 20 13 13 3 39 11 7 3 19 30 3 3 13 2 0 2 4 5 8 0 7 13 2 0 3 7 1 1 5 2 1 20 3 1 2 3 7 9 0 26 15 2 4 9 5 13 2 1 2 1 4 0 15 0 13 9 28 5 9 3 12 13 0 19 1 2 17 1 0 18 0 8 22 4 25 0 0 32 0 3 9 1 1 13 2 6 7 2 2 6 2 4 6 5 29 5
0 0 1 2 0 1 0 1 0 0 0 1 1 0 0 0 0 2 2 0 0 0 0 0 0 1 0 0 0 2 0 0 0 0 1 0 0 2 1 0 0 1 0 0 0 0 1 0 0 0 2 0 0 1 1 0 2 0 0 0 0 1 0 0 0 0 1 1 0 0 2 0 0 1 3 1 1 4 1 1 1 0 0 0 0 0 0 1 0 0 0 0 0 2 1 0 2 0 0 0
3 0 12 1 2 6 4 14 3 0 0 22 5 14 5 1 2 2 6 12 3 16 10 21 2 2 6 5 0 1 1 1 4 9 7 81 3 7 40 5 20 15 12 3 13 5 5 10 8 2 5 12 27 5 6 4 5 35 6 2 7 11 0 1 0 2 4 5 1 4 7 14 21 6 3 5 4 1 10 1 2 43 1 17 0 29 3 2 17 0 4 3 30 10 32 12 5 3 0 1
0 0 5 13 9 36 11 0 12 20 0 1 6 0 3 12 0 4 4 13 4 12 8 9 5 3 4 2 19 5 16 1 2 6 27 14 3 10 3 3 2 6 9 7 7 20 0 16 6 1 10 28 0 8 2 1 0 6 19 14 0 0 0 3 1 8 16 4 9 1 1 7 1 13 1 3 0 1 23 3 2 6 2 2 0 7 0 1 36 2 20 3 3 10 14 11 6 18 3 46
3 0 3 0 7 17 0 22 1 0 7 30 3 0 0 3 3 5 1 4 0 0 0 5 0 4 1 1 4 1 2 4 1 0 2 1 1 17 0 2 9 6 0 4 8 8 3 4 1 17 13 3 0 8 0 2 2 1 5 6 6 12 10 8 2 7 0 1 7 7 0 5 1 5 2 7 3 6 0 1 5 2 7 12 3 5 2 7 4 6 3 3 1 1 7 0 3 2 8 5
14 3 5 14 5 24 8 5 3 0 13 9 7 2 0 17 14 18 3 5 1 1 5 4 10 5 0 19 0 2 1 0 8 7 3 10 12 5 19 3 15 6 6 0 0 9 3 0 24 32 31 1 25 5 11 3 9 9 0 16 1 0 4 10 2 5 5 1 2 6 2 1 1 9 2 7 7 9 2 0 11 8 10 18 1 1 8 4 10 8 35 20 16 8 7 8 6 1 2 2
1 0 2 0 0 0 0 0 1 0 1 2 1 0 1 0 0 0 0 0 1 0 1 1 0 0 1 0 1 0 0 0 0 0 3 6 0 0 0 1 0 0 2 0 0 0 1 0 1 1 0 0 0 3 1 0 1 0 0 0 0 0 1 1 0 0 2 0 0 0 0 0 4 0 0 0 3 2 0 3 1 0 1 0 0 0 0 0 0 0 0 0 1 0 1 1 0 0 1 1
0 0 0 0 0 1 0 0 1 0 0 0 4 0 1 0 0 3 0 0 0 0 1 0 0 0 1 0 3 0 0 0 1 0 0 0 0 0 1 0 0 0 1 2 0 0 1 0 0 1 6 9 0 1 0 1 0 0 0 0 0 0 2 0 0 0 0 2 0 0 0 0 0 0 2 0 0 0 0 2 1 1 4 1 0 0 0 0 1 0 0 0 0 0 7 0 0 0 0 0
3 9 0 0 3 14 0 3 9 14 9 6 3 1 0 2 2 1 2 1 1 3 13 4 0 13 0 0 6 0 3 8 12 3 29 6 0 3 1 0 0 6 1 11 8 2 5 4 1 4 2 16 6 8 1 3 1 6 7 0 11 12 1 6 1 3 7 1 0 10 3 0 0 1 3 5 1 6 7 4 8 5 0 9 2 0 3 4 3 0 6 1 0 5 3 11 10 5 1 4
9 0 6 0 2 3 1 0 1 5 4 0 13 12 4 4 0 5 0 9 2 0 1 0 6 2 5 3 4 6 1 4 5 1 15 5 2 0 0 5 1 4 4 5 2 2 0 0 9 0 4 1 4 2 1 5 1 7 3 5 5 0 0 2 5 2 1 0 0 11 0 5 2 9 1 17 3 1 1 0 3 3 0 2 14 7 0 1 1 0 0 0 25 2 10 4 1 5 6 2
0 1 5 2 22 4 20 2 0 5 5 14 0 2 0 9 8 10 3 2 4 8 7 8 0 7 0 8 3 5 11 0 3 1 5 13 5 2 0 0 1 4 2 13 8 0 6 2 4 0 1 9 1 9 7 23 1 0 2 8 5 0 2 4 0 1 2 0 5 3 4 0 0 2 5 2 10 4 7 1 3 0 5 4 2 8 4 3 4 3 1 12 21 4 6 0 9 5 0 1
2 1 1 4 1 3 1 3 0 7 1 2 3 24 1 9 5 1 4 0 7 16 0 1 8 9 3 1 3 0 10 4 4 1 3 1 0 0 1 11 8 11 1 4 9 1 4 17 1 4 4 12 0 1 8 4 0 0 2 4 0 1 4 6 0 5 0 12 3 0 0 3 0 3 6 0 7 6 7 0 6 1 0 5 0 0 2 12 3 0 1 11 1 0 6 11 17 6 9 2
2 1 4 3 1 1 20 6 4 0 1 1 0 11 1 4 0 2 6 7 9 0 16 7 1 5 1 0 2 3 3 0 2 0 1 11 11 1 0 9 5 1 1 3 2 5 8 5 5 3 1 9 9 9 6 0 2 2 3 0 5 1 1 10 7 4 15 10 4 1 7 5 2 4 4 6 13 1 13 0 0 8 3 3 8 5 9 0 1 4 2 0 0 14 0 0 0 14 1 3
3 0 2 0 2 0 1 0 1 0 1 0 0 0 3 4 1 3 3 2 4 2 1 9 3 1 3 0 0 3 1 2 2 14 0 4 2 0 8 4 1 1 6 1 5 0 0 14 0 15 0 0 0 1 2 21 2 0 2 5 2 2 0 10 6 1 10 1 11 1 1 8 3 5 3 0 3 6 0 5 7 0 8 11 6 10 0 2 2 2 17 8 2 3 4 1 1 0 5 2
0 0 0 0 0 0 0 0 0 2 6 0 1 0 0 2 1 2 1 0 0 1 3 1 0 0 0 2 0 0 0 0 0 1 0 3 0 1 1 1 0 0 0 0 0 1 2 0 0 0 0 0 0 0 0 0 1 1 0 0 0 1 1 0 1 1 0 2 0 0 1 0 0 0 0 0 1 0 0 0 0 2 4 0 0 0 0 0 0 0 1 2 0 0 1 0 0 0 3 1
0 2 2 0 1 0 1 2 1 0 1 0 2 0 0 0 0 0 0 3 0 1 0 0 1 1 0 0 0 3 1 0 0 0 3 0 0 0 0 1 0 0 2 0 0 0 0 1 0 0 1 0 0 0 0 1 2 0 0 0 1 1 0 1 0 0 0 2 0 0 1 1 1 0 0 0 0 0 0 2 0 0 0 0 0 0 2 1 0 1 0 0 0 0 0 0 1 0 0 0
0 2 13 0 0 13 10 21 1 0 1 3 3 1 4 7 4 0 5 11 3 4 16 1 8 2 9 1 9 9 11 3 1 4 6 3 1 28 8 7 2 0 0 0 0 0 15 1 2 9 0 0 1 8 6 1 8 4 2 3 0 1 19 2 5 0 12 5 2 0 0 2 4 4 4 2 6 1 2 5 5 2 1 0 3 1 6 2 0 2 6 9 1 1 0 1 1 0 6 6
0 10 7 1 10 2 6 1 3 0 2 1 1 3 4 4 1 8 10 6 3 3 9 1 3 0 16 0 2 1 6 0 12 2 40 3 5 4 4 2 0 10 1 1 9 1 16 1 1 0 0 0 3 3 1 28 0 0 2 1 6 0 3 0 11 0 1 4 1 0 0 1 1 1 5 7 12 3 1 8 0 4 14 0 6 4 1 4 3 1 1 8 3 4 3 3 5 0 4 0
9 0 6 15 4 5 2 4 14 2 3 8 2 1 16 7 1 12 5 7 7 7 51 8 1 5 12 11 12 8 3 2 3 14 36 2 8 10 14 11 5 2 0 1 16 10 3 1 16 4 24 4 6 7 2 1 9 35 0 3 2 1 17 5 0 10 67 6 9 5 4 5 3 4 3 1 6 1 3 4 1 0 0 5 7 6 2 4 2 1 4 0 5 19 28 24 3 4 4 9
10 5 2 1 8 1 0 3 4 0 13 1 1 0 6 1 7 10 1 0 4 20 1 2 12 0 5 0 0 3 18 1 1 4 9 0 6 6 0 0 15 0 1 8 2 0 5 2 5 0 2 0 25 2 0 2 3 5 2 2 1 2 4 0 0 2 3 4 1 3 2 8 1 0 2 7 1 1 5 0 8 7 1 1 0 6 21 1 11 3 2 0 1 12 6 0 15 3 2 4
