1 1 0 1 0 1 1 0 0 2 0 0 1 0 0 0 0 0 1 2 0 0 0 2 2 0 0 0 0 0 0 20 0 3 0 0 0 1 0 0 0 1 1 0 1 0 0 0 4 0 0 0 0 2 0 0 1 0 2 0 0 0 0 1 1 3 0 0 0 0 0 0 0 1 0 0 0 1 2 1 2 2 0 0 0 0 1 2 0 0 0 0 3 3 4 1 0 0 0 0
9 1 0 4 1 0 0 6 9 2 9 0 0 4 1 4 3 1 3 3 2 8 0 0 2 3 5 4 7 0 1 5 0 6 1 0 0 10 2 0 2 3 0 0 6 5 12 13 1 0 0 0 2 2 0 1 3 2 0 6 8 2 8 2 0 10 2 0 4 2 4 4 5 17 0 1 13 11 5 6 3 0 3 8 14 2 3 10 6 0 10 1 0 0 8 0 0 3 23 9
1 0 0 0 1 1 1 1 0 0 0 0 0 0 0 1 0 0 0 1 0 0 0 0 0 0 0 0 2 0 0 0 0 0 0 0 0 0 0 1 0 1 0 0 1 1 0 1 2 0 0 0 0 0 0 0 0 0 1 0 0 0 0 2 0 0 0 1 0 0 0 0 1 0 0 0 0 10 0 0 0 2 0 0 1 0 0 1 0 0 0 0 0 0 0 0 0 0 0 0
1 0 0 0 0 0 0 1 0 0 0 0 0 0 2 1 1 0 0 1 0 1 0 0 0 0 0 0 1 1 0 1 1 0 0 1 0 1 0 0 0 0 1 0 0 0 0 0 1 0 3 0 1 0 0 1 0 1 0 1 1 0 1 0 2 0 1 0 1 0 0 3 0 0 0 0 5 0 0 0 0 1 0 2 0 0 0 0 0 0 1 0 0 1 0 0 1 0 1 2
3 7 7 0 2 1 20 13 2 0 5 11 12 2 0 3 19 7 16 15 2 11 0 8 7 7 33 12 5 21 10 11 0 3 11 3 34 10 2 9 8 4 9 5 11 0 8 17 33 20 7 1 4 0 17 0 16 8 13 23 24 18 1 2 12 12 1 4 7 1 13 1 9 6 3 19 0 16 5 38 11 2 20 5 5 1 8 20 1 1 8 34 3 1 14 5 5 4 6 12
8 21 11 10 4 2 3 1 2 2 12 1 0 23 4 2 1 0 5 7 14 1 2 12 13 4 2 0 10 3 1 4 3 1 0 2 10 6 2 24 4 3 2 4 17 1 5 6 7 2 0 14 8 4 4 6 0 9 4 3 15 2 3 19 17 0 2 5 3 14 0 2 39 8 3 8 4 6 0 12 6 5 5 9 2 4 0 6 24 6 4 1 4 10 7 2 0 0 9 17
0 0 10 18 1 7 0 14 1 3 1 16 3 1 2 10 16 1 3 7 2 6 22 8 2 3 15 2 5 11 12 2 5 12 3 60 20 4 15 23 2 2 18 1 3 6 4 14 6 3 3 6 2 8 12 0 25 17 0 1 1 10 26 10 4 10 0 2 2 3 4 8 5 0 3 19 4 7 4 7 17 3 8 13 2 6 2 1 11 5 9 2 7 10 0 5 2 0 14 6
28 11 1 1 1 2 3 13 4 1 19 0 4 2 0 0 1 2 0 2 10 3 10 0 1 0 1 4 0 2 0 4 4 2 0 2 6 6 3 20 1 1 1 1 9 2 3 7 1 6 0 0 3 2 19 9 7 0 2 5 9 6 2 2 6 1 1 13 0 2 4 4 1 6 5 1 3 0 0 1 0 9 4 0 0 0 9 2 1 3 3 4 4 11 8 5 9 0 4 7
0 0 1 1 1 0 0 0 0 1 0 0 0 0 0 0 1 0 1 1 0 0 0 0 1 0 0 2 0 0 0 1 2 2 1 0 0 0 0 0 0 3 1 0 1 0 0 0 1 1 1 0 0 0 0 1 0 0 0 0 0 0 4 0 1 1 0 0 0 1 0 0 0 0 1 0 1 0 1 0 1 0 0 0 0 1 0 0 1 0 0 1 0 0 1 0 1 2 0 0
6 3 0 1 0 2 0 10 2 10 7 3 4 1 7 17 2 8 0 2 0 6 1 0 1 0 0 0 13 18 5 3 0 0 3 15 3 9 4 8 0 2 2 2 0 12 5 1 3 3 20 7 1 1 0 5 6 6 8 2 3 3 2 10 4 3 4 1 2 2 1 0 1 0 3 2 0 10 0 10 2 6 4 6 1 1 6 1 3 27 0 4 5 21 4 1 3 3 13 3
8 5 15 8 2 1 10 6 5 11 7 33 12 2 12 4 2 3 1 5 6 6 2 1 1 4 0 10 12 0 35 18 2 7 0 0 4 20 3 6 17 3 14 3 13 2 10 8 7 7 16 2 20 40 9 14 19 1 11 10 3 10 1 13 11 8 6 1 4 4 6 3 20 8 2 8 0 7 1 12 8 4 16 9 9 11 4 19 5 2 4 4 7 1 7 5 4 12 3 8
21 5 3 0 2 22 3 11 34 0 17 1 2 13 16 5 6 23 18 11 0 12 8 10 3 8 8 0 5 0 11 0 1 7 0 8 0 0 2 11 0 4 2 10 27 1 7 18 1 3 7 12 0 11 3 7 11 1 0 1 0 3 9 3 4 1 9 0 27 0 4 2 0 6 3 25 2 5 0 0 8 2 6 19 3 2 10 1 5 28 4 9 50 30 15 10 0 17 6 5
29 5 3 1 8 2 5 0 1 11 1 0 6 11 4 2 4 5 3 1 6 3 1 8 6 5 1 8 10 0 5 1 0 1 0 1 1 0 1 1 0 0 12 2 1 1 1 1 7 5 0 3 1 4 2 1 5 3 16 0 5 9 0 2 3 0 5 4 1 8 3 1 0 7 7 11 3 0 10 0 1 2 3 19 11 26 2 6 2 4 3 1 2 8 10 1 16 1 5 2
0 0 0 1 0 0 0 0 0 1 1 1 1 0 0 0 1 1 0 0 1 2 0 0 0 0 1 0 1 0 0 3 0 0 0 0 1 0 0 1 0 0 0 1 1 1 0 0 0 0 0 2 0 0 0 0 2 0 0 0 2 0 0 0 0 0 0 0 0 0 0 0 0 0 0 0 0 1 0 0 0 0 0 0 1 0 0 0 0 0 0 0 0 0 0 0 0 0 1 0
7 6 5 1 0 6 0 11 4 0 0 4 13 4 2 4 1 11 0 6 8 6 8 0 3 8 4 1 0 1 2 13 1 3 9 6 12 0 1 5 12 7 5 2 1 6 5 11 2 2 3 4 6 4 0 11 13 4 8 0 4 0 2 5 7 0 8 0 2 2 6 1 7 6 1 8 2 1 0 7 3 3 9 3 4 8 8 9 0 17 8 4 0 1 0 2 4 3 6 2
7 10 12 1 5 3 15 7 12 19 0 25 0 4 14 2 2 27 1 13 1 9 2 3 23 8 4 5 2 1 2 3 28 1 0 8 1 0 7 2 4 3 8 2 1 4 17 2 2 1 4 11 8 5 24 24 1 0 3 4 2 3 4 4 1 12 1 6 1 7 18 11 6 0 6 19 2 0 3 12 3 12 3 0 10 1 10 1 1 15 4 8 1 6 7 11 4 5 3 1
0 0 0 0 0 0 1 2 0 0 1 1 0 0 1 1 0 0 0 0 1 0 0 2 0 0 2 0 0 0 0 0 0 0 0 0 0 1 0 2 2 0 0 2 0 1 0 1 0 0 0 1 0 0 1 1 1 0 0 1 2 0 0 0 0 1 0 3 0 0 2 0 2 1 0 0 0 0 0 0 0 0 0 1 0 0 0 0 0 0 0 0 0 0 2 0 0 0 0 1
12 2 0 1 5 19 0 7 8 5 3 13 6 2 0 7 1 4 11 0 1 2 7 3 0 4 5 2 3 5 0 10 1 2 1 9 1 0 1 0 2 2 11 4 3 0 0 1 6 0 1 11 0 4 4 15 2 5 0 3 13 0 2 2 2 6 30 4 1 0 2 2 6 5 15 16 24 3 6 1 8 0 7 5 0 4 0 8 1 0 6 4 3 0 18 7 1 3 18 2
0 6 8 5 7 3 1 11 8 5 2 6 4 3 6 6 1 4 0 0 4 8 23 6 4 7 0 2 2 1 3 22 0 4 2 1 5 4 1 7 8 6 0 4 5 1 1 6 2 1 8 15 10 9 1 4 8 7 13 4 7 2 0 6 5 5 0 7 3 2 0 10 2 0 4 2 15 0 4 7 17 2 1 0 0 1 1 0 3 1 9 3 5 0 15 0 0 0 2 6
0 0 0 0 0 4 0 1 1 0 0 0 1 0 1 0 0 1 0 1 0 0 1 1 2 0 0 0 0 0 2 0 1 0 0 0 0 0 2 1 0 0 0 0 0 11 1 0 0 0 1 0 0 0 0 2 2 1 0 0 0 0 0 3 0 1 1 2 2 0 0 1 0 0 0 0 0 0 1 1 0 0 0 0 0 0 0 0 0 1 6 0 0 0 3 0 1 0 0 0
7 9 2 0 5 2 2 2 2 11 6 11 0 22 7 8 1 1 1 4 3 7 8 5 0 3 0 5 2 0 2 6 3 5 0 5 0 0 6 1 1 4 8 5 8 6 23 9 1 3 10 0 8 11 2 1 11 0 1 1 6 0 0 6 2 4 5 0 3 11 6 2 2 0 2 3 0 2 0 10 2 1 1 4 4 5 0 1 1 4 9 6 8 4 6 8 11 5 21 9
0 5 29 9 2 2 3 8 0 2 24 2 2 0 0 5 5 0 4 4 8 0 6 3 2 0 2 1 12 13 2 2 4 1 1 4 1 7 7 7 0 10 3 6 3 9 9 10 1 7 1 0 0 0 2 0 0 4 14 0 2 5 0 9 8 3 1 0 1 10 0 1 0 1 6 6 2 7 1 6 2 1 0 9 2 1 3 2 3 3 6 2 6 13 1 7 0 4 4 14
11 5 14 7 5 1 1 4 1 12 0 55 2 3 8 24 10 6 18 5 11 6 8 1 1 0 6 11 5 12 3 2 3 1 3 7 8 5 1 5 13 3 11 12 1 1 3 28 15 3 31 14 8 3 5 21 0 5 22 1 15 6 3 2 17 1 13 17 8 6 0 14 52 40 0 20 14 6 2 3 2 1 0 3 17 5 3 2 7 19 8 5 0 4 3 5 7 7 8 0
3 2 4 3 12 6 1 2 8 8 5 3 5 2 5 8 5 11 9 3 2 14 6 2 0 5 4 3 36 2 4 4 4 6 1 23 4 7 2 3 17 1 14 1 0 1 25 6 6 7 8 4 4 1 2 7 5 3 12 8 1 0 4 2 0 3 3 3 17 22 2 2 9 12 13 6 17 4 39 2 0 21 1 8 6 11 9 3 8 2 17 0 0 16 11 9 6 4 2 0
0 0 0 0 1 0 1 3 0 0 1 0 0 5 1 0 1 1 1 0 0 1 4 1 0 0 1 1 0 0 0 1 0 0 1 0 1 0 1 2 0 0 1 0 1 0 0 0 0 0 0 0 0 0 0 0 0 0 0 2 0 0 0 1 0 0 0 3 0 1 0 0 0 1 0 0 0 4 2 0 0 0 0 0 1 0 0 0 0 0 0 0 1 0 0 0 0 1 0 0
0 0 0 0 0 2 1 4 3 0 0 0 1 0 0 0 5 0 0 0 2 0 4 1 0 0 0 0 0 0 0 3 0 0 0 1 0 0 0 0 0 0 1 0 0 0 0 1 0 0 0 1 0 0 0 0 0 0 1 0 1 0 0 0 0 0 0 0 3 0 1 3 0 0 2 0 0 0 0 1 2 2 0 0 0 0 0 1 0 1 0 2 0 0 0 0 0 0 0 1
1 0 0 1 0 0 2 2 4 1 0 5 0 1 2 3 3 3 5 0 5 9 13 9 5 3 6 9 5 3 13 1 0 0 0 9 5 0 1 0 0 1 5 5 1 0 6 3 0 0 7 0 0 2 9 6 7 3 0 0 8 0 1 11 14 1 0 0 3 11 1 1 8 0 0 1 2 0 0 0 2 5 11 0 0 15 1 3 0 0 0 5 1 1 8 23 0 0 4 4
2 0 0 3 4 4 2 0 0 0 0 12 6 5 1 6 11 4 14 1 13 10 7 0 1 6 2 0 1 4 4 4 9 1 0 0 3 4 2 3 1 1 0 8 0 3 4 1 0 9 1 3 11 6 1 4 6 5 13 2 5 0 0 2 0 0 5 6 1 2 1 3 7 2 16 2 0 10 1 1 2 2 3 2 0 0 0 0 0 4 3 4 3 0 0 7 3 6 1 0
0 0 0 1 2 0 1 2 5 0 0 0 0 0 0 0 0 0 0 0 0 1 0 0 1 0 1 0 0 0 0 0 0 0 0 0 0 1 0 0 1 1 0 0 0 1 0 0 1 0 0 0 1 0 0 1 1 0 0 4 1 0 0 1 0 0 0 0 0 0 0 1 1 0 0 0 1 0 0 0 0 0 3 0 0 0 1 0 0 0 1 1 1 0 0 1 0 0 0 0
0 0 0 1 0 1 0 0 0 0 1 0 1 1 0 0 1 0 0 1 0 2 2 0 0 0 0 1 0 0 0 0 0 0 0 0 0 1 2 0 0 0 0 0 1 1 0 0 0 1 6 0 0 1 0 0 0 1 0 1 1 0 0 1 0 2 0 0 1 0 0 0 0 0 1 0 0 0 0 0 0 0 0 2 0 0 0 0 0 0 1 1 0 0 1 0 0 0 0 1
0 8 9 1 1 1 0 6 5 2 1 8 5 6 2 1 3 2 8 4 2 1 4 4 12 3 5 6 6 3 3 1 13 5 0 2 0 1 3 5 0 1 8 0 5 1 11 10 1 6 1 4 9 14 1 12 0 9 0 3 8 3 0 1 4 3 1 2 5 0 2 0 0 0 2 2 4 4 5 2 9 1 1 10 5 6 3 2 4 1 2 2 13 3 1 9 0 3 8 0
4 0 1 1 0 0 0 0 0 0 0 1 5 2 0 0 0 0 1 0 0 2 0 0 0 1 0 4 0 0 0 0 0 0 0 0 0 0 0 1 1 0 1 0 0 3 2 0 0 0 0 0 0 0 0 0 0 0 0 1 0 0 1 0 0 0 0 2 1 0 0 1 0 0 2 0 0 3 0 1 0 0 1 1 0 0 0 0 0 0 0 0 7 0 0 0 0 2 1 3
0 0 0 1 0 1 0 2 2 0 0 1 0 0 0 0 0 0 0 0 2 0 0 1 1 0 0 0 1 0 0 0 0 0 0 1 0 0 0 0 0 3 0 0 2 0 0 1 0 0 0 0 1 1 2 0 0 0 0 0 0 1 0 0 0 0 0 0 0 0 3 0 1 0 0 2 0 2 1 1 3 0 0 0 0 1 0 0 0 0 0 0 0 1 7 1 0 0 0 0
0 2 0 2 0 1 1 15 3 0 1 3 0 3 1 0 2 2 0 6 0 2 0 0 0 2 4 7 0 0 4 15 4 7 1 0 3 0 2 1 1 4 11 0 7 0 1 2 5 2 0 23 2 2 0 0 18 1 8 1 8 1 3 4 7 20 1 7 7 5 12 18 10 1 0 1 3 2 1 18 0 7 2 1 2 2 3 0 10 7 9 2 6 0 1 2 10 4 3 6
0 1 2 0 1 1 0 0 1 3 0 0 0 0 0 2 0 1 0 0 0 0 1 0 0 1 1 0 0 0 0 1 0 1 0 0 0 7 0 0 0 0 0 0 0 0 1 0 0 0 0 0 0 1 1 1 1 0 0 0 0 0 0 0 0 0 0 0 0 0 1 0 1 0 0 0 2 1 1 0 0 0 0 0 2 1 0 0 0 1 0 0 1 1 15 0 0 1 0 0
0 14 4 0 0 0 1 0 3 0 1 16 6 0 0 0 4 0 0 1 0 1 0 0 1 0 0 0 0 0 10 0 1 13 0 4 0 2 2 0 0 5 0 0 0 1 0 0 0 0 0 3 2 2 0 1 1 0 8 0 7 0 3 0 0 0 4 0 10 0 0 18 1 0 6 6 0 6 4 0 1 0 0 1 6 0 0 0 4 2 0 0 2 1 1 1 3 0 2 16
0 6 2 5 4 12 2 4 2 4 8 2 13 13 8 22 4 0 7 8 6 12 2 6 10 10 4 12 0 6 29 0 8 3 6 9 2 4 5 5 2 6 1 3 6 3 8 3 1 5 4 1 10 11 16 9 35 1 13 4 1 6 2 8 0 9 34 20 8 3 22 0 0 6 0 0 3 4 6 9 4 0 3 6 5 4 8 25 27 2 7 1 7 5 20 3 3 0 5 22
9 2 2 15 0 1 0 6 6 7 2 3 5 0 2 14 3 16 1 0 6 0 6 13 8 1 2 9 0 9 11 14 1 4 1 1 41 2 1 2 3 10 7 6 1 10 0 1 2 6 15 18 6 3 6 10 1 6 8 7 11 19 2 9 4 17 2 0 2 4 13 21 22 0 0 5 1 4 8 1 10 11 26 2 24 4 7 3 6 4 1 0 21 1 1 2 37 4 0 22
0 0 1 1 0 0 0 0 0 0 0 0 1 1 0 2 0 3 0 1 0 0 0 0 0 0 0 0 0 0 0 0 2 0 0 0 0 1 0 0 0 1 0 0 1 2 0 0 0 0 0 0 0 0 2 0 0 0 2 0 0 0 0 0 0 1 0 2 0 0 0 0 0 1 0 0 0 0 1 1 0 1 2 0 0 0 1 0 0 0 1 0 0 1 0 0 0 1 0 0
1 8 2 2 1 0 1 5 2 1 4 6 2 0 2 12 6 1 0 1 10 0 3 10 7 7 5 0 3 7 0 3 10 1 0 3 5 0 9 2 3 4 2 8 4 7 0 4 1 12 0 1 7 4 9 7 0 0 0 16 0 7 10 1 8 6 3 8 3 2 1 2 21 0 9 5 6 10 4 3 4 3 0 0 0 1 4 2 7 3 3 2 4 0 8 0 7 0 0 3
0 0 0 0 0 0 1 0 0 1 0 0 2 0 0 0 0 0 0 1 1 1 0 2 0 1 0 1 2 0 0 1 0 0 2 0 1 0 1 0 0 0 1 1 1 1 0 0 0 1 2 0 1 1 0 0 0 0 0 1 0 0 0 0 2 0 0 0 0 0 0 0 0 0 3 0 0 0 0 0 0 0 0 0 0 0 0 0 0 2 0 0 0 0 0 0 0 2 0 0
1 4 0 5 11 0 7 0 0 0 0 0 2 11 0 6 0 1 0 3 0 10 6 2 0 3 20 7 14 2 1 9 2 6 4 4 4 0 10 0 4 3 2 12 3 4 0 0 6 6 5 9 1 3 7 6 3 0 4 1 0 2 6 0 1 5 0 0 3 5 11 3 0 0 4 2 6 2 1 7 0 6 2 3 2 5 4 0 2 2 14 3 1 12 6 7 2 6 5 0
0 4 0 0 0 0 0 0 0 0 4 0 0 0 0 1 0 0 0 0 1 0 1 0 0 0 3 2 0 4 0 1 1 0 0 0 0 0 0 0 0 0 1 0 1 0 1 1 2 0 0 0 0 0 0 1 0 0 0 0 0 0 2 0 0 0 1 1 1 0 0 0 0 0 0 1 0 0 0 0 1 0 3 0 0 1 1 1 1 0 0 0 0 1 0 0 0 0 0 1
2 0 4 1 1 8 4 0 6 4 0 6 7 0 1 0 5 2 1 0 3 1 10 4 4 18 0 1 0 2 18 7 9 6 5 1 0 5 0 22 6 17 4 1 0 0 0 4 4 10 0 0 16 6 1 11 2 1 3 6 6 15 5 1 1 3 13 1 1 16 4 9 5 9 1 0 4 6 10 1 9 10 4 0 9 3 3 9 0 3 0 0 5 4 1 4 15 1 0 4
9 3 7 5 14 2 0 10 3 25 1 6 1 0 28 13 0 8 5 9 3 1 7 33 6 2 7 17 8 2 1 13 20 0 9 6 1 14 3 2 15 44 13 0 7 22 2 12 3 6 6 19 8 5 1 12 30 5 7 19 6 0 2 5 8 5 13 1 4 3 23 21 14 2 24 10 9 4 13 8 2 21 4 14 7 4 4 14 2 16 19 7 15 11 16 9 3 4 6 0
8 5 28 28 26 3 0 2 2 5 0 1 1 0 18 5 3 8 1 9 8 2 13 7 7 34 0 16 14 5 3 0 5 9 0 10 0 5 0 0 14 4 0 1 56 7 6 2 1 5 9 4 2 0 16 12 1 1 0 5 1 2 16 9 12 11 5 9 1 2 7 5 7 4 0 8 10 12 1 28 18 11 8 6 0 3 8 4 1 1 8 3 6 4 9 0 12 14 6 22
3 0 2 3 32 1 2 3 7 5 0 0 7 2 6 0 15 6 0 3 0 0 3 3 9 1 18 1 3 5 1 2 0 0 1 2 2 2 0 0 0 0 11 8 1 3 2 9 6 0 1 4 4 2 1 1 1 0 0 3 3 8 1 2 2 9 10 17 0 9 0 0 14 3 5 6 7 0 2 0 8 1 9 0 7 3 2 13 0 3 1 0 7 0 4 7 1 4 11 4
0 0 3 2 0 1 1 0 0 0 3 0 0 1 2 2 0 1 3 0 0 0 0 0 0 0 0 0 0 0 2 0 2 2 1 0 0 0 4 2 0 0 0 0 0 0 2 0 3 1 2 0 0 1 0 1 0 0 1 3 0 0 1 2 0 0 0 1 0 0 0 1 0 1 0 0 1 0 0 0 0 0 0 2 1 0 0 1 0 1 0 1 0 0 0 0 0 7 2 0
26 7 1 4 4 11 1 0 3 5 0 3 1 0 3 3 8 6 2 5 3 10 4 21 18 6 4 14 3 34 9 7 11 0 0 9 0 2 1 9 2 5 13 12 2 1 12 0 0 2 8 0 2 1 2 9 3 7 5 3 2 7 0 5 3 2 23 1 40 2 4 14 3 15 10 0 1 37 6 1 2 4 4 44 4 6 15 3 0 25 9 3 2 0 0 8 9 16 17 2
0 0 0 0 0 0 1 0 1 1 1 0 0 1 0 0 0 0 1 0 0 1 0 1 0 2 0 1 1 0 0 0 0 1 0 1 3 0 3 1 0 0 0 1 0 0 0 0 1 1 0 3 0 0 1 0 0 0 0 1 0 1 0 1 0 1 0 0 2 0 0 0 0 0 0 0 0 2 1 1 0 1 0 1 0 0 0 0 4 0 0 1 0 0 0 0 0 0 0 0
7 4 9 0 3 5 5 2 3 11 4 0 2 1 0 0 11 4 0 2 0 3 7 4 5 3 1 6 0 0 2 1 2 7 1 0 7 3 8 0 1 0 0 0 3 8 0 3 1 5 10 2 2 4 6 2 0 3 2 1 2 4 5 20 3 1 4 1 5 3 5 21 6 10 2 15 8 0 1 3 2 1 1 0 8 1 1 0 7 3 2 2 1 0 4 6 3 10 16 6
0 0 0 0 0 1 0 0 0 0 2 0 0 0 0 2 1 0 0 0 0 0 0 0 1 0 0 0 1 0 0 1 2 1 0 1 1 0 0 0 0 1 1 0 0 0 0 0 0 0 0 0 1 0 0 0 0 1 0 0 0 0 0 0 0 1 0 0 0 0 0 0 0 0 1 0 0 1 1 1 0 0 0 0 1 0 0 1 0 1 0 0 1 0 0 0 0 0 0 1
1 8 22 1 0 7 3 1 3 0 0 0 0 0 1 0 7 0 0 0 0 0 0 1 0 0 0 0 0 1 1 0 0 0 1 0 1 12 6 1 7 1 0 1 0 2 0 0 9 0 1 1 0 1 2 0 0 1 5 1 0 0 1 1 0 0 5 1 1 0 0 3 0 1 0 1 0 4 2 0 8 1 0 0 0 0 0 0 6 0 0 0 0 0 1 0 2 1 1 0
9 19 2 0 2 6 3 4 4 0 0 0 19 6 2 2 4 4 16 0 4 1 0 5 1 3 0 5 0 0 5 0 0 5 7 0 4 0 0 0 8 23 9 18 0 0 9 1 2 5 0 7 1 16 1 3 14 1 2 0 4 0 1 1 0 2 1 2 16 1 8 5 3 0 0 11 5 2 1 1 8 4 7 1 6 17 5 2 25 9 1 5 4 4 0 4 0 3 8 3
0 0 1 0 0 1 0 0 0 0 0 0 0 2 0 0 0 0 4 0 3 0 1 0 0 0 0 0 0 1 0 0 0 0 0 1 0 2 0 2 1 2 1 1 0 1 0 0 0 0 0 1 0 0 0 0 0 0 1 1 0 1 0 0 0 0 0 0 0 0 0 0 1 0 0 0 1 0 0 0 2 0 1 2 0 0 1 0 1 0 0 0 0 0 0 7 0 0 1 0
3 7 0 0 7 2 0 0 0 0 3 1 1 9 6 8 5 9 2 2 0 1 0 2 0 2 2 2 2 0 0 1 0 3 0 13 3 3 0 1 1 1 4 1 15 3 18 5 0 13 2 5 4 2 0 17 3 1 19 4 0 1 1 9 33 10 3 9 2 0 2 6 3 1 1 2 3 8 2 0 0 0 21 14 4 7 0 3 5 0 0 2 2 4 9 1 10 1 2 7
5 7 3 5 0 4 7 1 2 16 2 3 0 4 0 4 2 2 0 0 3 0 4 2 3 0 0 2 0 0 6 0 3 13 0 8 0 23 0 7 4 8 0 1 0 7 1 0 0 1 10 6 7 0 6 3 6 0 0 7 10 2 7 1 3 0 4 11 0 0 9 1 1 0 7 1 9 7 6 0 13 2 0 7 6 5 12 7 7 6 4 4 9 0 11 3 3 0 0 10
5 0 12 1 1 2 1 5 7 3 0 8 6 8 3 8 10 0 0 8 5 1 5 25 5 29 3 5 5 3 2 12 0 3 5 9 8 5 1 1 12 2 4 0 3 2 12 0 6 0 17 6 14 0 6 1 0 9 9 1 5 0 8 1 13 4 47 0 0 34 15 20 5 21 15 0 3 3 3 21 2 7 1 0 0 12 0 1 0 10 9 1 3 15 4 3 8 1 1 0
1 2 3 19 7 1 3 2 2 4 7 5 0 0 0 0 10 0 5 12 4 4 0 11 1 4 1 8 1 4 24 8 3 3 4 3 5 6 0 7 2 2 5 1 2 1 6 0 4 1 4 0 2 1 1 0 9 5 2 4 2 2 0 4 5 3 0 2 10 1 8 2 6 4 0 0 4 11 16 4 9 4 0 4 8 0 0 2 1 3 0 4 5 1 19 1 7 6 7 1
6 8 21 8 0 8 0 0 4 1 13 0 0 2 0 5 1 12 0 1 3 7 0 1 18 7 12 1 2 0 10 6 1 8 4 0 0 1 3 12 1 5 7 9 0 10 12 6 0 2 0 4 3 7 0 1 14 2 3 11 4 0 2 0 9 0 2 9 1 7 10 3 1 3 1 1 0 0 0 20 13 4 0 0 3 1 0 11 4 1 1 0 1 0 6 11 4 0 0 1
6 6 1 4 1 0 2 8 3 6 1 0 0 5 1 7 12 2 15 0 11 4 0 4 6 0 2 4 3 1 0 0 0 2 4 3 1 1 0 2 1 1 1 6 1 7 0 1 2 1 0 0 1 14 0 23 2 8 2 0 0 0 0 6 1 4 4 9 13 0 4 2 1 13 2 0 3 6 14 0 0 1 10 1 0 8 1 7 17 2 5 19 9 3 1 14 2 2 12 2
2 9 2 0 0 1 0 20 2 0 15 22 2 22 7 3 13 9 11 2 4 1 5 4 4 0 1 5 15 2 2 0 0 10 0 0 5 4 0 10 1 12 6 0 1 16 0 10 6 10 19 5 7 4 7 17 25 4 16 5 9 3 0 25 18 19 4 12 5 12 15 19 8 0 1 19 11 9 12 8 0 1 2 2 0 10 3 19 10 0 4 0 23 3 3 23 5 10 9 13
1 1 0 5 1 0 12 2 9 2 0 1 2 6 3 2 6 0 2 1 2 1 0 0 3 6 1 1 0 0 0 3 8 0 3 4 8 3 0 12 0 4 4 2 0 6 3 4 2 1 0 1 0 5 0 9 2 0 4 6 0 1 5 3 1 4 1 4 1 2 16 4 0 3 3 11 6 0 1 6 3 3 1 0 3 0 1 7 0 2 2 0 2 0 1 7 6 3 1 1
2 6 0 0 0 3 0 1 2 0 0 2 11 6 4 5 7 0 4 4 15 3 2 8 6 11 1 15 7 2 0 0 0 1 2 3 6 28 1 6 4 15 8 8 6 18 0 1 15 4 0 20 2 1 29 23 1 12 6 1 6 0 9 5 3 6 13 9 0 10 2 10 33 14 0 0 16 11 27 6 0 2 9 0 0 11 10 7 3 5 11 10 1 18 3 0 4 19 18 14
0 0 1 0 0 0 0 2 0 0 14 0 0 0 1 1 0 0 0 0 0 0 0 0 0 1 1 2 0 0 4 1 0 0 3 3 0 1 0 0 0 0 4 0 0 0 1 0 0 0 1 1 1 0 1 0 0 0 0 4 0 0 0 0 1 1 0 2 2 1 0 1 0 0 0 0 0 0 0 0 0 3 1 1 0 3 0 1 0 0 0 0 0 0 0 0 0 6 0 0
7 2 2 15 6 0 8 0 0 0 3 2 1 3 14 3 9 3 1 5 5 3 25 0 3 0 10 9 4 0 1 13 6 3 6 7 1 2 7 13 4 4 0 2 0 2 0 7 15 1 1 14 2 0 4 11 4 8 0 2 4 20 1 5 6 1 1 2 4 1 9 5 12 0 2 0 1 0 6 3 8 1 2 5 8 6 4 5 0 0 0 10 2 2 2 3 0 1 1 0
0 1 0 0 1 2 0 3 0 2 0 0 0 0 0 1 0 0 0 0 4 0 0 0 1 0 3 0 0 0 1 0 1 0 1 0 1 0 0 0 0 1 0 1 0 0 0 0 1 0 0 0 0 0 0 0 0 0 2 0 0 0 0 1 0 1 0 0 3 1 0 0 0 1 1 1 0 1 0 1 1 1 0 0 0 0 0 0 2 1 0 0 0 0 0 0 0 0 1 0
0 0 1 1 2 0 0 0 1 1 0 2 0 0 0 0 0 0 0 0 0 3 0 0 0 0 1 0 1 0 0 0 1 0 0 0 0 0 0 0 0 0 0 0 1 1 0 1 0 0 0 1 0 0 0 1 0 0 0 1 1 1 4 0 0 0 2 1 0 0 0 0 0 0 0 0 0 0 0 0 2 8 1 0 0 2 0 0 0 0 0 1 1 0 0 0 0 1 0 0
7 15 3 0 3 4 7 12 7 0 0 2 10 5 12 6 1 1 2 0 4 3 0 2 0 1 4 1 4 11 2 1 3 5 5 2 4 9 0 10 4 0 3 3 4 4 0 13 5 2 5 1 0 3 30 3 5 1 1 2 2 3 0 6 0 3 4 3 0 0 2 0 10 3 1 1 0 5 0 0 1 0 3 8 5 4 5 1 1 5 9 6 0 0 0 0 0 17 2 6
0 1 2 1 0 2 1 0 0 0 0 1 1 1 0 0 1 0 0 1 0 1 2 1 1 0 0 1 1 0 0 1 0 0 3 2 1 0 0 1 0 0 0 0 0 0 0 0 0 0 0 0 0 0 0 1 0 0 0 0 1 0 0 0 0 0 0 0 0 0 1 0 0 0 1 1 0 0 3 1 0 0 0 0 0 0 1 0 0 0 0 0 1 0 8 0 0 0 1 0
0 1 0 0 2 0 0 0 1 0 0 0 0 0 0 1 0 1 0 2 0 0 0 2 1 0 1 0 0 0 0 0 3 0 0 1 1 0 0 0 0 0 0 0 1 0 0 3 0 0 0 0 0 0 0 0 0 0 1 0 2 1 0 0 0 6 1 0 2 0 0 0 3 2 2 0 0 0 0 0 0 0 0 0 0 0 1 0 2 0 0 0 0 0 0 0 1 0 0 1
1 0 0 0 0 0 0 0 0 0 3 2 0 1 0 0 0 0 0 0 0 0 0 1 0 1 0 0 0 0 1 0 0 1 0 0 0 0 1 0 0 0 1 0 0 1 0 0 1 0 0 0 0 2 1 1 1 1 0 1 0 0 0 1 0 0 0 0 0 1 0 0 0 0 0 0 0 0 0 0 1 0 2 0 1 0 0 0 1 0 3 0 0 1 0 0 1 0 0 0
0 15 1 5 0 2 6 1 2 1 10 9 7 3 12 2 2 4 1 1 7 2 4 4 9 1 0 1 0 9 0 6 4 0 0 10 0 3 1 5 4 0 4 4 5 4 8 0 1 6 1 5 1 7 19 7 2 11 1 2 3 1 5 0 11 14 14 9 4 4 0 2 2 3 2 5 0 8 6 0 2 2 7 0 4 0 11 6 7 3 2 9 0 0 0 10 2 1 5 2
5 0 12 3 3 13 0 12 0 0 23 5 18 4 15 11 4 30 18 26 1 0 5 5 0 2 5 3 7 1 9 1 0 8 8 10 0 1 2 1 2 13 24 8 13 5 0 1 3 12 6 10 2 6 11 1 13 9 19 21 2 5 0 2 5 32 12 5 8 4 10 0 12 0 1 12 18 13 0 5 10 9 0 5 3 1 8 8 5 38 3 18 0 2 3 3 13 11 3 18
3 0 2 8 1 4 0 12 9 3 1 2 4 2 0 1 14 0 10 12 0 9 3 1 2 1 1 2 13 3 1 15 5 5 3 1 2 7 0 1 2 5 0 3 1 4 4 4 2 10 0 7 2 1 1 8 4 0 3 6 6 11 0 4 0 9 2 2 2 1 6 3 17 4 9 4 3 0 0 2 12 0 8 8 4 5 1 0 4 15 1 10 1 0 1 0 0 14 1 0
0 0 0 0 0 1 0 1 0 0 0 0 1 0 1 0 0 0 0 0 1 1 3 0 1 0 0 1 1 0 0 0 0 1 1 2 1 0 0 0 1 1 0 0 0 0 0 0 1 0 1 3 1 2 0 0 0 3 0 0 0 0 1 0 0 0 0 0 0 0 0 1 1 0 1 0 9 0 0 1 1 0 0 2 0 0 2 0 0 0 2 0 2 1 0 0 1 0 0 0
0 0 0 0 0 0 0 0 1 6 0 0 0 1 1 0 0 1 0 0 0 3 1 1 0 0 0 1 5 0 0 3 0 0 0 0 1 0 0 0 2 1 2 1 3 1 0 18 0 0 2 0 1 1 1 4 0 2 0 0 0 0 0 1 0 0 5 1 1 0 0 0 0 0 0 0 0 1 0 4 0 7 0 3 0 0 0 0 1 1 0 0 0 1 0 0 0 0 0 0
8 5 2 13 22 34 24 8 2 0 5 15 4 11 8 0 1 6 25 8 0 12 3 15 15 2 3 5 9 6 2 9 6 0 2 10 2 5 3 1 4 7 11 28 0 38 1 12 7 4 2 0 5 5 13 9 5 1 3 0 4 8 14 3 2 0 4 0 3 5 7 12 5 1 0 6 0 12 1 6 0 6 20 0 1 6 2 11 4 7 15 2 9 10 10 1 1 2 5 14
0 0 0 0 2 0 0 0 1 0 0 0 0 2 0 0 0 0 0 0 1 0 0 0 0 0 0 0 0 0 0 0 1 0 0 1 1 0 0 0 3 0 0 1 0 0 0 2 0 0 0 0 0 1 1 0 0 1 0 0 1 0 0 1 0 0 0 0 2 0 0 1 0 0 0 0 1 0 2 1 0 0 4 0 0 1 0 0 1 1 1 0 0 1 0 0 2 1 1 0
3 4 20 1 6 1 9 3 16 14 11 3 0 8 1 18 5 6 8 11 5 16 2 4 17 13 2 0 6 8 1 4 0 4 2 8 12 0 1 4 1 22 1 0 4 11 22 4 1 1 5 1 1 35 1 0 24 17 3 18 3 1 13 2 5 6 5 13 20 4 4 2 16 9 1 16 2 3 8 10 8 12 14 11 31 0 3 7 5 6 46 3 17 23 0 13 5 18 3 0
6 6 0 4 3 0 6 17 0 5 12 5 0 9 0 3 2 0 10 0 0 14 4 1 24 4 2 7 4 2 12 0 2 0 2 10 5 1 6 36 0 3 3 2 0 0 1 1 3 1 1 2 1 0 4 3 0 3 1 5 5 1 0 3 0 5 0 3 0 6 2 12 1 1 0 8 2 5 0 17 13 0 0 2 2 7 4 6 0 23 0 0 4 1 8 0 0 1 17 8
2 0 0 8 11 5 5 2 1 4 1 5 2 2 1 1 11 18 25 0 0 3 0 7 2 8 4 7 5 1 3 5 1 1 5 17 1 2 10 0 1 7 5 14 3 13 0 14 6 14 2 5 1 36 0 19 12 5 12 0 0 4 1 6 1 3 12 2 5 9 7 3 18 13 51 1 28 0 4 13 11 1 3 9 2 20 9 0 12 17 0 5 8 12 3 9 7 4 12 3
3 8 1 12 1 10 4 0 8 2 16 8 4 15 2 2 11 2 4 1 0 3 2 3 6 1 6 0 1 4 4 0 2 0 0 4 12 3 9 2 3 7 4 2 0 0 3 1 0 0 2 0 5 1 1 5 0 13 5 0 6 3 15 1 1 7 6 9 8 1 9 1 14 0 6 0 2 2 4 1 3 5 7 14 1 3 9 3 4 5 7 0 0 0 1 0 1 0 0 5
0 6 8 1 5 6 1 4 1 5 5 0 7 2 5 0 4 1 11 9 0 9 2 0 36 3 0 5 1 6 21 5 1 16 0 4 8 5 1 27 3 2 0 0 8 12 14 6 4 0 11 10 1 0 1 1 0 0 4 3 0 1 2 5 1 0 3 2 0 0 0 5 19 0 0 5 1 12 6 1 2 2 1 2 8 5 1 3 8 11 4 0 11 1 7 1 5 2 5 0
1 23 41 4 10 10 10 1 2 0 0 6 2 0 13 14 12 5 11 2 1 18 22 4 5 15 15 8 1 0 9 22 2 2 5 1 1 3 1 9 11 7 2 4 25 20 9 6 11 11 38 7 4 9 0 12 3 1 6 3 6 6 2 7 5 12 0 0 7 13 0 13 14 4 14 1 8 6 15 2 12 2 5 3 1 21 16 3 3 23 0 1 10 16 2 0 1 20 3 15
0 0 0 0 1 0 0 0 0 0 0 0 3 0 0 0 0 0 0 0 0 0 0 0 0 0 4 0 1 0 0 2 0 0 4 0 1 0 0 0 0 0 0 0 0 0 0 1 1 0 1 0 0 0 0 0 1 1 0 2 0 0 0 2 0 0 1 1 2 0 3 0 1 0 0 0 0 0 0 0 1 0 1 0 1 0 1 1 0 0 0 0 1 1 0 0 0 0 0 1
1 0 0 0 0 0 0 0 1 1 0 0 0 0 0 0 0 2 0 0 1 0 1 1 0 0 1 0 2 0 0 0 0 0 1 0 0 0 0 0 0 0 0 1 0 0 0 0 0 1 0 1 1 0 0 0 0 1 0 0 0 0 0 0 0 0 0 0 1 0 0 0 0 1 0 0 2 0 0 0 0 0 1 0 0 0 0 0 0 1 0 0 0 0 2 0 0 0 0 0
27 48 7 4 10 4 1 6 20 3 18 1 0 0 1 5 12 0 1 67 15 2 8 5 2 8 3 6 3 11 2 9 1 28 5 10 17 41 6 11 2 33 4 18 1 1 2 15 30 2 13 2 0 22 7 10 8 13 2 4 11 1 3 2 6 4 5 8 35 1 11 0 3 8 4 2 2 1 18 7 1 8 21 1 2 12 24 11 3 3 1 0 0 6 68 3 7 22 3 11
13 3 3 0 0 20 4 5 0 1 0 14 1 7 5 1 11 0 2 1 5 8 3 0 3 3 0 0 5 0 0 4 10 4 5 2 2 3 0 0 0 6 4 2 7 0 2 7 0 1 5 2 5 12 7 0 1 0 3 2 1 3 0 3 1 2 4 0 2 0 6 0 9 2 7 14 8 1 0 0 4 0 8 3 8 5 1 0 19 1 3 3 4 3 1 6 0 11 1 19
10 1 5 15 1 20 7 15 0 19 7 1 10 4 6 16 8 1 8 0 2 2 31 5 7 6 1 10 12 2 9 3 8 1 10 10 7 43 0 22 3 2 3 1 39 3 2 4 12 0 14 14 1 0 5 16 3 35 10 0 8 3 0 5 7 0 0 1 9 10 3 11 0 0 4 1 12 6 3 14 24 12 20 2 3 8 7 9 30 9 2 1 8 4 4 0 30 8 1 14
6 11 12 0 0 1 0 0 6 1 4 6 0 1 5 1 0 5 1 2 2 0 2 0 0 14 11 10 1 1 6 4 9 2 8 8 3 3 1 4 2 1 3 4 3 2 8 2 0 4 2 2 3 1 2 0 0 9 1 3 5 1 0 0 4 8 7 0 4 0 0 12 0 8 0 7 1 6 2 0 0 4 12 5 0 19 2 1 4 2 6 7 1 2 11 1 2 4 0 5
3 1 5 0 9 0 2 26 3 0 0 1 8 7 5 1 2 2 2 12 6 2 4 0 8 11 5 1 1 0 3 0 1 2 7 5 2 1 0 0 11 0 9 17 3 0 11 3 6 1 6 1 3 0 8 0 1 3 1 16 5 2 5 8 0 9 5 2 19 1 5 0 7 1 2 9 16 4 0 8 5 0 0 3 5 7 7 5 1 3 0 2 15 4 5 0 1 4 19 4
1 1 0 18 17 19 4 8 1 5 4 5 9 18 3 0 7 0 1 0 0 4 2 1 1 4 1 2 0 8 1 1 15 23 11 2 2 4 12 2 15 6 7 3 5 5 24 6 0 6 7 4 2 0 1 0 4 5 1 3 1 1 3 1 3 0 3 1 3 3 4 0 0 1 2 2 8 6 1 1 1 1 2 3 1 0 0 0 1 0 5 6 2 3 4 2 1 5 2 4
0 0 20 4 1 0 10 2 5 7 0 1 0 0 1 0 6 10 14 1 6 6 3 4 4 5 0 2 4 0 2 7 0 0 21 13 10 2 3 0 8 0 5 13 5 8 3 14 7 1 0 4 4 10 20 3 1 4 14 0 1 0 2 4 1 1 4 1 3 7 6 4 0 1 8 0 0 7 3 0 3 0 21 0 7 4 2 6 1 0 4 1 5 3 10 0 9 1 7 3
3 2 6 6 0 4 0 8 24 5 9 0 0 11 4 10 0 1 6 2 5 1 3 9 0 0 0 0 1 4 4 2 1 1 0 3 6 5 7 0 5 2 0 0 13 4 0 3 2 2 0 6 0 4 9 10 2 0 2 3 4 5 10 9 3 0 2 5 6 5 1 2 2 1 2 11 0 1 1 0 5 1 0 5 4 1 2 0 2 1 6 3 8 0 3 4 2 5 2 0
0 1 0 2 0 0 0 1 0 0 0 0 0 2 0 2 0 1 0 0 0 0 2 0 0 0 0 0 12 1 0 0 1 1 0 0 0 0 0 0 0 0 0 1 1 0 0 0 3 0 0 0 0 1 0 0 0 1 1 0 3 2 0 5 0 0 0 0 1 0 1 0 0 1 0 0 0 0 0 2 0 0 2 0 0 0 1 0 1 0 0 3 0 3 1 0 0 1 1 1
8 1 4 22 3 5 19 5 5 19 1 6 1 8 2 20 4 7 1 0 0 11 13 17 8 0 15 7 1 0 1 5 1 0 18 3 8 2 18 1 1 0 8 0 5 6 16 2 0 10 18 16 9 13 4 0 8 10 14 2 3 18 0 2 14 16 19 3 1 2 14 17 1 0 11 7 1 5 8 2 0 3 7 20 8 15 1 22 34 0 2 16 0 1 0 1 8 1 1 19
0 0 0 0 0 0 0 1 1 2 0 1 0 2 1 0 0 3 0 0 0 1 0 2 0 1 0 1 0 1 0 1 0 1 0 1 0 1 0 1 1 1 0 0 0 1 0 0 0 0 0 0 2 0 0 1 0 0 0 0 0 0 0 0 0 0 0 0 1 0 1 0 2 0 0 0 0 0 0 0 2 1 0 1 0 0 0 0 0 0 0 0 0 0 0 0 0 1 0 0
4 6 3 2 5 2 8 2 0 2 0 3 1 2 12 1 3 3 20 9 1 3 17 1 0 9 5 0 5 3 3 1 2 0 3 0 2 3 0 4 1 1 0 11 1 0 0 0 5 4 2 13 2 2 5 0 4 5 2 0 6 0 5 8 5 4 1 1 9 0 1 0 5 13 0 9 9 2 6 4 6 0 16 5 1 0 6 3 3 2 1 5 10 2 0 6 5 9 3 8
3 3 8 7 29 0 4 1 10 4 4 0 31 20 6 4 2 4 0 3 6 3 9 1 1 16 7 6 0 3 13 7 4 6 12 3 15 3 8 9 25 4 0 0 2 0 5 1 2 4 5 15 22 19 10 2 7 0 10 2 7 3 2 0 28 7 0 6 43 7 2 6 1 4 0 4 0 3 13 11 6 0 1 18 4 0 15 4 0 4 2 14 17 6 15 0 6 1 1 15
