901
624
940
711
941
712
692
500
654
875
794
605
858
832
838
834
693
947
589
899
506
595
902
711
817
846
754
831
657
874
660
723
738
727
677
609
767
826
833
737
587
806
722
895
620
733
789
664
819
943
948
536
919
608
554
557
721
864
607
855
907
611
934
790
561
910
964
874
686
576
655
775
762
648
622
868
751
683
703
753
600
674
795
967
720
935
551
707
888
863
511
541
923
852
881
945
773
740
584
717
732
776
763
877
881
878
621
836
629
953
742
675
597
949
939
692
586
847
637
634
645
669
900
602
532
921
788
625
530
783
876
700
933
640
775
898
735
940
762
751
820
714
549
953
844
665
567
630
553
800
695
934
883
857
637
839
704
507
842
518
603
925
670
740
559
743
911
677
669
901
654
553
555
871
679
648
527
904
915
789
780
835
638
713
524
593
855
872
906
602
716
767
792
850
757
512
796
826
754
598
765
910
734
570
890
896
521
575
584
682
672
853
884
757
703
624
741
968
533
795
791
849
635
731
657
689
924
705
745
634
778
769
820
681
566
514
816
943
627
658
966
697
862
629
535
815
846
574
544
664
752
610
656
801
739
777
519
848
667
590
667
572
922
733
699
798
596
892
660
913
539
781
546
523
596
724
599
904
886
963
582
783
632
730
933
841
802
879
533
543
604
636
501
662
907
900
504
894
721
744
813
626
592
905
838
794
566
706
760
828
950
938
568
640
895
724
785
894
659
834
787
878
937
567
801
571
521
642
510
509
776
782
576
524
694
937
697
861
649
912
564
587
598
590
916
585
810
871
693
745
865
714
608
500
746
545
619
685
536
684
547
639
605
889
919
798
700
503
506
501
613
959
759
950
876
554
822
563
787
546
631
578
725
502
630
593
758
722
709
862
944
927
516
684
898
939
761
971
646
865
768
671
687
661
577
880
883
708
568
548
613
606
550
797
891
824
698
540
840
509
581
851
686
619
858
927
644
866
800
856
623
843
522
784
591
730
534
518
944
772
812
539
852
873
720
707
625
824
520
854
790
717
821
952
558
574
741
970
529
641
831
508
822
810
914
813
555
920
816
945
549
926
746
681
885
670
844
612
863
764
811
689
513
769
527
715
818
799
542
515
562
861
742
578
763
676
666
530
528
678
502
503
504
505
505
974
507
508
511
510
514
512
513
515
516
517
517
976
519
520
526
522
523
525
525
526
988
528
529
531
531
532
538
534
535
537
537
538
981
540
541
542
543
544
545
978
547
548
550
552
551
552
561
556
556
558
557
559
560
560
562
563
564
565
565
979
569
569
571
570
572
573
573
577
575
580
579
579
581
580
582
583
583
982
585
586
588
588
589
976
591
592
594
594
595
609
597
599
601
600
601
606
603
604
607
611
610
617
614
612
616
615
614
616
615
617
618
618
984
620
621
622
623
647
626
627
628
628
651
631
632
633
633
646
635
636
645
638
639
641
642
643
643
644
647
650
649
650
653
651
652
652
653
975
655
656
987
658
659
661
662
663
663
985
665
666
668
668
977
671
672
673
673
674
675
676
678
679
680
680
974
682
683
687
685
688
690
688
690
691
691
997
694
695
696
696
702
698
699
701
701
702
990
704
705
706
708
709
710
710
975
712
713
719
715
716
718
718
719
981
723
726
725
726
729
727
728
728
729
980
731
732
734
735
736
736
737
738
739
977
744
743
747
750
748
747
749
748
749
750
756
752
753
755
755
756
980
758
759
760
761
768
764
765
766
766
771
770
770
772
771
773
774
774
991
777
778
779
779
780
781
782
784
785
786
786
982
788
805
791
792
793
793
808
805
796
797
799
803
803
807
802
804
804
806
807
808
809
809
998
811
812
814
814
815
818
817
819
823
821
825
827
823
830
825
827
829
828
829
830
985
832
833
835
836
837
837
959
839
840
841
842
843
845
845
960
847
848
849
850
851
961
853
854
860
856
857
859
859
860
960
864
867
866
867
870
868
869
869
870
965
872
873
965
875
923
877
887
879
880
882
882
890
884
885
886
887
888
889
891
892
893
893
920
897
896
897
921
899
918
903
902
903
909
905
906
908
908
909
916
911
912
913
914
915
917
917
918
922
925
924
931
928
926
930
929
928
930
929
931
932
932
961
936
935
936
958
938
947
942
941
942
948
946
946
954
956
949
952
951
951
955
955
954
956
957
957
958
962
969
964
962
963
973
966
968
967
969
970
971
972
972
973
979
990
986
978
983
984
986
983
989
996
987
993
995
992
988
989
991
994
992
993
994
995
996
997
998
-1
