879
764
606
531
954
709
602
969
590
800
729
734
600
625
607
861
698
836
914
669
807
857
841
910
755
782
717
902
681
525
849
671
750
876
908
915
511
560
929
846
601
894
649
727
615
718
695
911
974
900
529
842
618
615
622
753
932
977
938
613
814
717
623
974
882
786
756
575
555
519
591
916
830
932
816
637
539
599
838
699
779
755
672
934
567
662
865
948
750
572
671
904
638
760
832
573
790
566
503
676
848
604
805
880
682
933
677
868
817
543
944
629
637
915
980
507
785
793
704
956
772
589
633
638
540
873
809
793
622
654
586
783
730
864
635
958
733
542
575
584
661
872
597
606
962
616
823
817
582
744
676
715
728
518
618
657
508
556
532
506
701
897
825
899
950
797
841
862
743
834
507
612
819
751
561
761
929
920
745
795
976
766
844
821
737
504
884
787
883
569
643
794
547
639
914
806
834
734
551
538
903
858
895
643
731
777
679
697
620
652
708
603
941
702
591
691
777
633
937
765
821
773
674
884
514
513
513
593
523
667
540
843
626
891
698
763
810
708
855
624
630
798
804
975
860
944
609
640
927
546
592
831
577
587
568
688
673
678
599
737
555
548
689
558
789
694
894
946
921
760
842
684
954
746
713
723
688
602
861
787
549
710
923
959
758
738
579
697
696
704
767
565
562
521
852
877
515
571
818
885
692
581
785
502
724
747
942
617
501
585
880
897
874
854
714
778
757
640
628
876
873
871
975
534
768
809
800
769
746
918
768
579
852
913
713
763
892
611
634
596
722
940
781
571
782
909
625
885
593
917
503
536
502
510
561
560
500
802
941
728
855
819
832
706
690
813
533
735
538
930
614
799
500
567
634
945
790
723
963
949
871
930
586
815
955
574
517
801
546
535
940
686
756
733
651
512
563
907
642
765
808
907
703
875
922
846
557
628
722
506
564
916
869
677
743
866
720
650
730
582
762
853
867
576
551
900
719
812
955
709
608
683
512
812
957
868
849
732
804
672
898
691
543
781
607
867
564
978
926
611
524
946
780
553
788
635
934
511
977
528
515
878
767
863
655
627
726
550
909
847
923
745
813
881
580
619
766
718
890
744
891
920
796
896
811
632
960
693
685
516
541
556
890
980
726
589
552
585
828
705
501
531
505
504
505
510
509
508
509
523
521
520
520
514
516
518
517
519
522
527
526
522
524
525
527
526
528
530
529
530
534
532
533
535
536
537
537
998
539
545
541
542
544
544
545
987
547
548
549
550
552
553
554
554
988
557
558
559
559
987
654
562
563
661
565
566
568
569
570
570
659
572
573
574
576
577
578
578
656
580
581
583
583
584
656
588
587
588
592
590
595
594
594
596
595
597
598
598
660
600
601
603
604
605
605
662
608
609
610
610
663
612
613
614
655
616
617
619
620
621
621
658
623
624
649
626
627
630
629
631
631
632
648
636
636
644
646
639
642
641
641
645
645
644
646
647
647
648
650
651
652
653
653
659
658
663
657
665
669
660
665
664
666
664
667
666
668
668
670
670
983
673
674
675
675
681
678
679
680
680
684
682
683
685
686
687
687
988
689
690
985
692
693
694
695
696
993
700
699
700
701
702
703
705
706
707
707
710
711
712
711
712
714
716
715
716
989
719
720
721
721
993
725
724
725
983
727
736
729
740
731
732
735
736
739
738
739
742
740
741
741
742
990
748
748
752
747
749
749
751
752
753
754
754
990
757
758
759
759
984
761
762
772
764
775
770
770
774
769
771
771
773
774
775
776
776
984
778
779
780
966
784
783
784
828
786
792
788
789
791
791
792
829
794
795
796
797
798
799
801
802
803
803
836
805
806
807
808
829
810
811
815
816
814
823
820
818
822
824
820
827
822
824
826
825
826
827
830
833
831
835
837
833
840
835
837
839
838
839
840
969
843
844
845
845
851
847
848
850
850
851
858
853
854
856
856
857
859
859
860
956
862
863
864
865
866
961
870
869
870
952
872
966
874
875
879
877
878
881
883
882
886
889
887
886
888
887
888
889
961
893
892
893
904
895
896
905
898
899
901
901
902
903
906
905
906
959
908
911
910
912
912
913
953
922
917
918
919
919
925
921
924
924
926
925
927
928
928
933
931
931
936
935
935
937
936
938
939
939
968
943
942
943
945
947
947
949
948
950
951
951
952
953
963
965
958
957
971
967
960
964
962
965
964
967
968
970
972
971
970
972
973
973
992
978
976
979
981
979
981
982
982
985
986
986
994
996
989
992
991
991
995
995
994
996
997
997
998
-1
