538
608
784
536
872
795
614
593
799
842
832
617
685
510
775
522
589
503
694
717
920
556
731
623
566
634
676
803
614
842
517
863
896
859
650
807
718
666
918
820
865
664
899
627
760
567
792
737
606
838
533
821
867
839
937
697
810
851
509
858
695
812
894
764
833
753
548
874
892
541
702
624
852
854
902
741
728
756
578
817
820
956
868
782
916
802
931
543
725
679
726
749
601
705
552
518
786
872
677
946
936
930
951
897
895
753
569
867
703
735
771
899
637
700
627
716
730
761
841
620
955
794
830
828
754
717
662
888
889
661
891
743
789
875
517
906
590
579
706
720
610
873
767
823
701
859
721
886
740
651
710
648
540
763
603
929
808
639
660
811
900
822
913
504
713
985
736
580
800
910
551
525
642
883
523
585
959
787
911
546
798
926
500
640
909
728
678
877
658
599
551
947
777
681
565
739
705
708
771
638
940
687
535
952
919
596
825
844
702
932
792
609
576
931
635
876
582
527
526
681
821
562
669
756
773
561
633
716
902
725
870
785
683
772
896
605
603
584
644
656
707
889
592
937
634
643
818
674
946
861
934
579
581
779
653
563
929
720
781
816
856
910
956
860
940
845
501
817
591
706
571
527
877
711
744
616
843
528
895
615
612
745
544
520
655
833
927
744
682
864
827
760
519
878
908
523
513
518
560
692
639
904
951
799
547
922
741
588
953
873
779
516
582
933
885
840
515
869
941
853
770
554
573
512
915
738
825
585
671
723
591
689
528
691
539
858
758
932
575
689
653
919
568
982
883
776
564
786
686
834
508
868
615
503
628
500
836
600
699
543
661
782
710
978
848
573
502
546
647
650
731
559
663
886
683
673
938
762
637
790
662
789
606
553
734
576
949
920
541
755
506
656
515
923
831
727
878
668
696
594
936
828
508
667
948
901
604
524
644
570
762
739
625
729
677
964
618
583
926
892
722
884
874
617
659
692
620
593
659
795
909
721
574
847
814
834
765
798
671
734
928
861
770
921
556
652
913
505
855
780
805
511
504
611
695
638
539
743
807
564
965
742
826
596
764
831
623
610
816
809
773
674
785
813
545
633
533
680
536
757
690
804
699
812
599
916
767
701
534
803
890
588
654
914
672
903
947
559
791
793
501
502
980
505
506
507
507
510
509
511
512
513
514
514
991
516
522
519
520
521
521
524
526
525
529
532
530
529
531
530
531
532
981
534
535
537
537
538
550
540
542
542
553
544
545
547
549
548
549
550
554
552
555
557
555
557
558
558
987
560
561
562
563
566
565
569
567
568
570
571
572
572
986
574
575
577
577
578
983
580
581
587
583
584
586
586
587
626
589
590
594
592
595
597
595
597
598
598
600
602
601
602
630
604
605
607
607
608
609
611
612
613
613
625
618
616
619
621
619
621
622
622
624
626
629
628
629
632
630
631
631
632
982
636
635
636
643
646
641
640
641
642
645
645
647
646
648
649
649
994
651
652
989
654
655
657
657
658
996
660
666
663
665
664
665
667
668
669
670
670
983
672
673
675
675
676
981
678
679
680
682
684
684
686
685
687
688
688
992
690
691
693
693
694
696
698
697
698
980
700
715
704
703
704
713
707
708
709
709
712
711
712
714
714
715
985
719
718
719
994
722
723
724
724
748
726
727
733
729
730
732
732
733
751
735
736
737
738
748
740
742
746
746
750
745
747
747
749
750
751
752
752
995
754
755
757
758
759
759
973
761
765
763
766
768
766
768
769
769
975
772
774
774
776
775
777
778
778
971
780
781
783
783
784
972
788
787
788
962
790
791
797
793
794
796
796
797
965
801
800
801
802
804
805
806
806
970
808
809
810
811
813
814
815
815
964
819
818
819
851
822
823
824
824
836
826
827
829
829
830
837
832
838
835
835
837
846
841
839
840
850
843
845
844
846
847
848
849
849
850
854
852
853
855
856
857
857
963
860
862
862
864
863
865
866
866
963
869
870
871
871
962
876
875
879
882
880
879
881
880
881
882
967
884
885
887
887
888
970
890
891
893
893
894
967
898
897
898
906
900
901
903
904
905
905
907
907
908
966
912
911
912
955
914
915
917
917
918
925
923
921
922
924
924
925
958
927
928
939
930
943
933
934
935
935
938
939
942
941
942
945
943
944
944
945
954
948
949
950
950
960
952
953
954
957
957
959
958
960
961
961
973
966
969
971
968
968
969
977
975
972
976
974
974
977
976
979
978
979
993
987
988
984
984
986
992
988
990
989
990
991
997
993
996
995
997
998
998
-1
