540
763
641
687
901
666
738
587
788
938
896
758
541
825
562
654
767
732
568
550
618
624
841
924
876
663
754
821
832
664
540
787
633
880
517
663
935
947
619
514
867
837
552
964
838
755
611
829
645
672
827
533
856
621
884
873
537
682
561
911
806
748
718
941
698
509
679
683
860
821
737
505
680
752
800
565
563
599
812
846
640
682
781
749
635
689
595
786
500
532
790
840
639
849
855
971
835
766
903
818
590
957
631
569
551
648
846
823
575
854
555
512
853
673
796
776
571
578
894
972
506
777
887
662
867
954
909
928
655
764
789
877
575
875
618
669
757
650
807
788
552
638
744
548
730
949
531
636
508
775
679
545
974
706
884
958
857
854
520
671
741
530
676
869
581
830
727
696
857
755
847
761
547
615
622
937
700
809
577
597
612
710
843
831
584
904
769
920
610
534
576
815
868
545
661
811
745
885
642
501
872
743
543
931
654
879
936
945
810
542
769
614
576
531
908
836
864
548
744
792
798
546
541
897
976
891
758
513
675
701
639
968
960
734
642
936
735
876
792
628
898
849
612
969
624
805
555
858
956
516
967
903
906
810
733
753
813
851
717
939
913
785
819
747
643
950
626
675
875
610
601
505
893
634
729
944
534
661
659
756
959
812
561
818
734
599
630
785
968
743
506
535
587
713
588
702
783
509
602
685
517
600
900
553
891
701
727
596
640
927
672
905
668
829
615
894
739
623
648
613
801
806
777
524
922
963
567
698
651
604
779
518
946
933
887
848
966
520
882
952
953
889
500
635
778
628
865
923
590
667
944
665
902
556
892
800
567
512
569
522
740
855
603
904
594
604
762
564
503
563
502
737
532
949
820
886
850
938
684
973
921
768
927
631
526
572
822
657
605
677
864
866
815
913
687
530
553
579
869
960
600
805
739
975
952
881
880
803
683
840
837
671
585
578
638
826
693
802
584
748
677
945
900
629
823
956
656
592
693
897
551
794
581
836
888
625
690
688
967
941
751
681
834
830
694
793
929
516
570
598
801
695
519
842
524
723
730
728
749
928
775
700
589
658
620
521
586
863
932
863
605
782
747
694
753
966
527
779
634
733
525
594
591
507
834
797
649
794
951
711
678
751
910
853
601
899
501
657
929
699
502
503
504
504
978
511
507
508
510
510
511
513
515
514
515
991
529
518
519
521
522
523
523
527
525
526
528
528
529
993
533
536
535
536
539
537
538
538
539
979
542
543
544
544
554
546
547
549
549
550
558
554
557
556
557
560
558
559
559
560
997
562
564
566
565
566
574
568
572
570
571
573
573
574
987
579
577
580
582
580
582
583
583
986
585
586
710
588
589
591
592
593
593
717
595
596
597
598
715
603
602
606
609
607
606
608
607
608
609
712
611
617
613
614
616
616
617
712
619
620
621
622
623
625
626
627
627
716
629
630
632
632
633
718
637
636
637
653
641
644
643
644
647
645
646
646
647
651
649
650
652
652
653
719
655
656
658
660
659
660
711
662
666
664
665
667
668
669
670
670
714
674
673
674
715
676
705
678
708
680
681
692
684
685
686
686
690
688
689
691
691
692
705
695
697
696
697
699
703
703
707
702
704
704
706
707
708
709
709
725
714
719
713
721
725
716
721
720
722
720
723
722
724
724
726
726
982
728
729
731
731
732
981
736
735
736
981
738
740
742
741
742
765
746
745
746
762
763
750
750
764
752
761
754
760
756
757
759
759
760
765
767
766
773
770
768
772
771
770
772
771
773
774
774
991
776
778
780
780
782
781
783
784
784
989
786
787
789
790
791
791
793
795
795
797
796
798
799
799
983
802
803
804
804
978
808
807
808
809
813
811
814
816
814
816
817
817
985
819
820
822
824
824
826
825
827
828
828
980
831
833
832
833
980
835
843
839
838
839
844
841
842
845
844
845
992
847
848
850
851
852
852
908
856
859
858
859
862
860
861
861
862
919
868
865
866
871
870
870
872
871
873
874
874
909
878
877
878
879
881
882
883
883
915
885
886
888
889
890
890
914
892
893
895
895
896
911
898
899
910
901
902
922
905
906
907
907
917
915
916
912
912
914
920
916
918
917
918
919
925
921
924
923
925
926
926
979
930
930
932
931
933
934
934
935
939
937
940
942
940
942
943
943
996
946
948
947
948
959
950
951
953
955
954
955
962
957
958
961
961
963
962
964
965
965
983
971
970
969
970
974
972
973
975
976
977
977
984
989
988
988
982
984
986
985
987
990
995
994
990
992
993
995
994
996
998
997
998
-1
