877
661
697
776
824
563
567
901
903
637
963
597
667
543
559
729
615
633
501
898
641
594
927
515
582
906
680
516
602
797
719
903
733
746
817
595
722
654
792
560
708
972
636
921
749
880
636
847
629
938
600
653
915
574
514
766
566
743
573
687
803
763
932
822
964
506
885
583
634
670
664
691
582
838
656
639
732
591
588
573
730
729
752
546
668
861
786
526
968
858
685
503
789
980
734
688
889
652
830
689
688
835
721
749
679
716
775
651
658
555
820
944
790
802
792
794
884
552
745
911
592
961
617
916
825
818
877
710
824
743
512
587
693
833
504
633
914
612
936
943
807
757
690
750
752
859
816
543
798
892
603
527
805
643
667
682
962
931
590
540
912
939
841
660
606
684
796
591
810
756
691
526
933
963
567
658
868
676
831
764
665
502
804
707
554
605
769
500
782
541
778
500
868
532
613
891
700
607
709
899
781
522
672
642
893
791
851
943
829
594
621
817
967
552
878
539
862
924
701
717
711
803
620
904
596
671
549
590
942
839
558
535
758
518
555
771
682
931
608
894
712
632
862
960
559
910
922
694
602
807
960
735
723
585
626
707
919
664
529
821
568
531
813
713
857
746
830
625
880
524
700
712
920
518
520
809
506
774
698
515
967
837
921
618
935
882
537
627
787
759
508
768
563
703
838
609
808
519
800
768
531
655
617
580
640
671
523
920
620
842
578
503
777
685
947
848
661
915
888
906
622
754
545
544
780
870
744
844
544
604
786
829
553
528
799
773
970
801
950
770
947
851
816
784
834
651
908
738
905
608
808
841
811
568
637
669
739
721
697
507
776
773
631
890
520
645
895
827
605
918
852
826
738
894
607
820
783
962
558
925
709
579
946
933
845
564
635
798
788
645
725
578
726
825
772
849
760
927
533
599
780
953
532
638
759
725
654
625
701
796
540
631
606
584
936
887
527
929
847
514
958
879
881
576
502
911
756
858
887
711
644
583
793
886
547
944
692
907
628
844
666
891
699
758
722
724
741
934
589
621
926
731
810
659
813
918
536
939
914
843
546
740
782
833
511
945
710
732
627
928
751
837
598
893
508
863
704
674
940
892
702
539
533
757
681
673
619
969
683
676
734
739
972
910
549
753
575
857
846
577
501
507
505
504
505
510
509
509
511
510
512
513
513
977
517
516
517
519
521
521
523
522
524
525
525
983
528
529
530
530
991
534
534
536
535
537
538
538
562
542
541
542
564
547
545
548
550
548
550
551
551
557
553
554
556
556
557
562
561
560
561
565
566
565
569
572
570
569
571
570
571
572
990
574
575
576
577
579
581
580
581
975
584
585
586
586
587
588
589
981
593
592
593
597
595
596
598
599
600
601
601
976
603
604
612
610
610
614
609
611
611
613
614
615
616
616
986
618
619
622
623
624
623
624
995
626
628
630
629
630
641
632
638
634
635
639
640
643
642
649
646
644
648
647
646
648
647
649
650
650
988
652
653
655
656
657
657
663
659
660
662
662
663
975
665
666
670
668
669
673
674
672
675
677
675
677
678
678
679
680
681
985
683
684
686
686
687
696
689
690
694
692
693
695
695
696
980
698
699
706
704
702
703
705
705
706
989
708
716
714
714
718
713
715
715
717
718
719
720
720
978
726
723
724
727
728
727
728
982
730
731
735
733
736
737
736
737
977
740
741
742
742
748
744
745
747
747
748
982
750
751
753
754
755
755
763
761
761
765
760
762
762
764
765
766
767
767
987
769
770
771
772
996
774
775
777
778
779
779
876
781
783
784
785
785
865
787
788
789
790
791
793
794
795
795
866
797
865
799
800
801
802
804
805
806
806
861
811
809
812
814
812
814
815
815
866
819
818
819
821
823
822
823
863
826
827
828
828
871
832
831
832
834
836
835
836
850
840
839
840
854
842
843
849
845
846
848
850
853
852
853
856
854
855
855
856
867
860
859
860
871
864
864
872
874
867
870
869
869
873
873
872
874
875
875
876
985
878
879
881
882
883
883
884
885
886
978
888
889
890
898
896
896
900
895
897
897
899
900
901
902
902
984
904
905
907
908
909
909
953
913
912
913
955
917
916
917
951
919
952
923
922
923
924
925
926
928
929
930
930
942
932
945
934
935
937
937
938
941
940
941
950
946
949
951
948
948
949
957
955
952
956
954
954
957
956
959
958
959
966
961
969
965
964
965
966
970
968
971
973
971
973
974
974
984
976
979
979
986
991
981
983
992
990
987
989
988
993
995
992
993
994
997
994
996
998
997
998
-1
