699
965
947
699
576
663
778
529
941
772
867
507
762
519
688
618
567
773
600
964
841
500
648
813
633
799
775
882
667
924
592
662
555
639
789
750
854
601
771
745
855
785
563
629
549
672
690
958
903
619
566
613
516
687
635
615
736
518
842
547
923
874
727
870
681
501
621
846
753
564
951
847
503
589
942
772
739
723
733
782
884
729
910
906
897
841
960
524
708
817
716
887
536
562
844
827
704
581
532
528
612
685
544
826
820
712
543
509
744
616
716
537
920
952
654
877
898
783
580
634
754
542
759
846
916
648
791
523
536
785
834
794
912
724
534
800
688
817
548
540
528
530
878
652
736
577
891
591
678
589
649
944
818
588
651
598
603
661
607
951
787
595
868
812
529
915
706
820
608
822
503
737
928
883
941
906
875
649
805
900
580
901
679
837
739
511
945
828
728
583
830
556
505
700
871
644
571
728
713
713
563
676
864
802
731
569
753
956
947
964
522
743
896
561
798
915
870
756
550
860
568
931
825
516
768
928
634
927
522
808
601
865
811
691
658
700
614
892
908
539
707
781
551
967
843
799
857
958
673
934
850
519
859
643
597
542
863
829
760
747
961
722
744
552
671
873
694
628
560
572
777
954
681
551
670
804
889
517
786
857
939
741
660
849
824
707
891
854
894
918
943
793
856
953
726
864
893
615
917
966
526
747
612
748
646
571
623
738
512
637
969
664
661
657
956
567
695
730
595
726
764
631
598
796
952
620
819
625
758
877
592
907
904
949
626
574
683
607
689
652
511
833
803
576
821
798
548
867
882
815
636
733
900
626
755
590
675
630
763
625
504
508
500
763
775
839
874
892
614
957
604
766
602
505
848
759
645
920
573
790
562
525
778
880
686
675
664
545
903
514
686
639
771
883
911
533
795
902
610
513
908
622
609
628
665
694
879
642
644
650
702
905
530
715
946
968
723
948
680
546
833
670
582
873
835
834
572
642
897
863
869
782
722
697
550
814
596
794
703
672
629
671
608
813
560
860
662
776
925
852
851
878
896
588
824
803
538
685
967
806
959
578
858
702
885
884
781
541
524
838
787
842
811
696
656
512
805
765
758
768
754
546
502
872
549
888
740
835
585
708
660
677
926
850
745
682
743
885
695
808
501
502
504
506
506
508
507
509
510
510
981
513
514
515
515
521
517
518
520
520
521
980
523
525
526
527
527
995
531
531
533
532
534
535
535
974
537
538
539
540
541
971
543
544
545
555
547
558
553
553
557
552
554
554
556
557
558
559
559
994
561
579
565
564
565
566
568
569
570
570
582
573
574
575
575
579
577
578
585
583
581
584
586
584
586
587
587
992
594
590
591
593
593
594
606
596
597
599
599
600
604
602
603
605
605
606
986
609
610
611
611
976
613
618
617
616
617
621
619
620
622
623
624
624
998
627
627
633
630
631
632
632
636
637
635
638
640
638
640
641
641
971
643
645
646
647
647
655
656
650
651
653
653
654
655
657
658
659
659
990
663
666
665
666
669
667
668
668
669
988
721
674
673
674
710
676
677
678
679
680
682
683
684
684
711
693
687
691
689
690
692
692
693
710
696
697
698
698
706
701
701
703
705
704
705
711
709
709
717
719
712
715
714
714
718
718
717
719
720
720
721
976
725
724
725
727
730
731
729
732
734
732
734
735
735
978
737
738
740
741
742
742
746
746
749
748
749
752
750
751
751
752
978
755
756
757
757
762
761
760
761
765
766
764
767
769
767
769
770
770
975
774
773
774
780
776
777
779
779
780
975
784
783
784
786
788
788
790
789
791
792
792
793
795
796
797
797
972
801
800
801
802
806
804
807
809
807
809
810
810
983
812
814
815
816
816
830
818
819
821
822
823
823
831
825
826
827
828
829
832
831
832
973
836
836
838
837
839
840
840
973
843
844
845
845
982
847
848
849
851
852
853
853
974
855
856
862
858
859
861
861
862
984
866
865
866
934
868
869
936
871
872
932
876
875
876
933
879
880
881
881
923
926
886
886
888
887
889
890
890
931
893
894
895
895
925
899
898
899
914
901
902
917
904
905
907
909
909
911
910
912
913
913
914
918
916
919
921
919
921
922
922
924
927
930
932
929
929
930
938
936
933
937
935
935
938
937
940
939
940
977
942
943
944
945
946
948
949
950
950
979
953
954
955
955
963
957
961
959
960
962
962
963
972
965
966
968
969
970
970
987
985
980
977
979
986
989
981
982
983
984
990
993
985
992
989
987
988
991
991
997
994
993
996
995
996
997
998
-1
