543
960
718
516
728
835
600
695
530
774
620
843
652
785
738
929
614
509
975
810
684
947
641
505
758
862
702
930
772
766
789
901
848
740
584
619
551
761
563
517
741
928
904
869
896
808
922
943
671
898
740
642
929
889
847
819
552
769
830
909
613
581
797
503
903
546
655
696
902
723
623
886
500
700
826
752
592
865
687
647
784
919
902
852
734
550
587
691
901
573
566
583
767
535
961
753
563
844
746
581
953
743
852
819
610
698
882
703
863
534
729
660
561
792
793
832
543
906
826
932
828
811
728
510
783
748
680
934
502
873
650
956
708
871
798
899
887
807
538
620
878
659
960
544
932
577
656
809
678
892
884
731
557
735
555
782
878
944
539
588
612
668
515
792
595
661
580
681
813
823
506
507
812
730
584
909
874
636
946
564
572
679
813
848
663
566
968
533
676
571
814
752
953
809
759
596
805
606
609
780
702
797
906
849
570
639
537
898
935
623
641
531
506
943
795
729
615
522
733
905
644
695
658
800
880
690
771
665
669
636
970
836
608
523
834
762
933
683
500
814
820
851
706
697
750
599
580
525
912
614
519
624
648
873
937
765
520
574
950
538
568
630
621
717
508
668
571
688
651
546
527
802
854
556
810
835
654
842
755
954
629
637
799
925
921
747
574
769
631
655
512
529
524
658
865
889
948
533
541
659
675
587
967
611
646
548
804
839
715
951
632
855
936
554
591
843
956
662
794
876
853
633
503
560
540
699
705
617
802
734
949
937
938
501
779
514
704
509
545
867
895
608
754
710
712
687
786
891
733
933
590
850
920
879
772
737
616
963
892
575
516
958
715
615
632
783
840
776
598
693
883
714
920
757
950
681
758
786
551
629
526
770
684
511
962
519
766
805
846
822
866
798
719
838
530
972
839
678
858
928
631
582
630
529
861
838
917
561
572
594
912
650
559
938
862
692
558
886
803
827
820
707
778
903
875
554
647
765
713
739
547
670
521
664
787
757
904
589
784
671
604
874
590
654
515
565
667
870
923
643
761
709
969
711
922
823
559
890
955
682
831
821
539
775
691
957
828
567
861
612
689
842
742
888
570
925
698
793
834
550
646
592
880
857
894
867
753
949
619
674
961
945
782
775
890
934
642
749
900
741
501
502
504
504
505
992
507
508
512
510
511
513
513
514
974
518
517
518
522
520
521
525
523
524
526
527
528
528
988
532
531
532
535
534
536
536
537
993
540
541
542
542
986
544
545
547
548
549
549
976
553
552
553
989
555
556
557
558
591
560
562
562
598
564
565
567
568
569
569
596
573
576
575
576
579
577
578
578
579
593
586
582
583
585
585
586
593
588
589
597
599
595
600
594
602
606
597
602
601
603
601
604
603
605
605
607
607
980
609
610
611
622
613
626
616
617
618
618
621
622
625
624
625
628
626
627
627
628
975
634
634
638
633
635
635
637
638
639
640
640
722
643
644
645
645
712
649
648
649
651
653
652
653
718
657
656
657
673
660
663
661
662
664
665
666
666
667
674
669
670
672
672
673
675
676
677
677
711
679
680
686
682
683
685
685
686
708
688
689
690
692
693
694
694
727
696
697
699
701
700
701
721
703
704
705
706
707
710
709
714
716
717
713
716
719
724
721
720
720
722
725
724
723
725
726
726
727
987
730
731
732
732
745
736
735
736
737
738
739
748
742
743
744
744
745
746
747
749
750
751
751
977
754
755
756
756
762
760
759
760
763
764
763
764
973
768
767
768
777
770
771
773
773
774
778
776
777
779
780
781
781
981
785
788
787
788
791
789
790
790
791
972
794
795
796
796
980
799
800
801
801
981
803
804
806
806
807
808
812
811
815
818
816
815
817
816
817
818
974
825
821
822
824
824
825
827
829
829
831
830
832
833
833
982
837
836
837
983
841
840
841
846
845
844
845
847
856
851
849
850
860
853
855
854
856
857
858
859
859
860
985
864
863
864
866
868
868
870
869
871
872
872
986
875
876
877
877
879
881
881
883
882
884
885
885
978
887
888
914
893
891
894
893
895
896
897
897
910
899
900
911
905
908
910
907
907
908
916
914
911
915
913
913
916
915
918
917
918
919
923
921
924
926
924
926
927
927
979
931
930
931
976
936
935
939
942
940
939
941
940
941
942
977
944
945
946
947
948
965
952
951
952
968
954
955
957
958
959
959
965
962
963
964
964
966
966
967
969
970
971
971
982
973
984
983
984
985
978
979
990
995
987
989
992
988
991
995
990
998
993
991
994
996
994
996
997
997
998
-1
