114
120
110
133
132
134
102
155
147
160
118
158
112
140
166
117
185
127
172
125
134
144
135
113
163
155
123
158
121
125
128
179
117
104
113
106
173
121
124
102
109
132
130
122
116
149
115
178
140
154
108
165
142
118
145
128
163
141
103
150
156
101
119
166
138
114
156
101
151
184
112
107
143
104
173
160
148
123
168
100
139
133
153
129
126
126
105
124
131
106
130
141
178
169
176
127
119
136
100
159
103
108
107
105
116
111
110
109
137
111
120
115
147
135
146
122
150
153
136
129
131
154
137
157
145
152
152
138
139
149
142
161
151
144
148
143
172
146
157
168
182
162
167
181
180
174
161
171
167
162
170
164
159
177
174
169
165
164
171
175
175
186
181
189
180
176
185
170
187
188
182
183
179
183
193
177
188
191
190
189
187
184
186
192
198
195
193
192
190
191
197
194
195
194
196
196
197
198
-1
