155
176
158
107
134
125
113
121
132
118
175
109
108
187
128
120
110
139
125
104
127
146
165
105
131
146
129
117
141
129
162
115
128
109
116
156
101
119
127
119
151
162
112
163
158
122
103
154
137
176
108
138
105
149
130
117
177
107
143
100
115
135
122
133
103
151
111
102
118
110
130
170
164
144
143
114
157
144
106
102
116
188
120
153
150
111
123
170
154
134
114
124
100
168
184
136
138
160
177
156
101
104
113
112
106
126
126
124
147
136
133
145
141
123
152
149
131
121
161
139
132
137
166
135
188
142
152
169
161
153
155
140
148
145
164
148
163
167
140
159
150
142
147
160
166
180
169
182
172
159
157
183
167
171
173
165
168
190
171
175
173
178
174
179
174
172
178
181
180
181
179
185
182
193
189
186
194
187
184
183
191
185
190
189
186
191
195
193
195
194
192
192
196
196
198
197
197
198
-1
