166
146
123
116
120
167
127
128
160
178
106
167
145
116
113
112
156
129
144
118
108
123
165
136
138
117
139
146
137
165
111
192
108
149
166
137
111
106
125
155
115
115
104
143
153
187
164
161
122
110
102
129
113
157
119
118
158
114
131
143
152
154
152
102
109
149
148
105
121
134
145
135
159
155
103
150
101
101
139
100
100
110
120
164
169
157
158
130
133
109
176
151
177
127
141
131
112
126
105
125
114
103
104
107
107
121
132
124
124
130
122
144
119
117
132
142
136
134
147
128
141
162
126
142
133
151
140
135
138
148
160
140
171
147
163
156
150
154
177
178
159
153
163
162
175
168
185
168
175
172
179
171
161
174
169
170
172
182
180
173
170
194
184
174
182
176
189
173
181
190
189
195
183
179
181
186
180
183
186
192
185
188
184
188
190
187
191
194
191
197
193
195
193
196
198
196
197
198
-1
