186
147
132
131
154
136
137
102
127
120
116
111
113
149
148
143
165
124
146
117
125
122
118
153
110
169
133
105
162
101
136
106
151
116
135
126
139
148
103
129
171
114
166
143
107
163
133
151
156
144
158
160
140
108
145
139
108
126
115
170
125
137
121
163
131
113
174
176
115
153
100
114
138
161
134
117
134
118
138
124
100
127
120
177
121
106
162
105
119
183
101
112
141
128
160
103
155
144
154
112
104
102
104
109
107
111
109
123
110
122
119
123
128
132
130
129
164
135
157
142
149
147
155
141
130
142
159
179
159
180
181
157
150
167
145
140
150
158
146
184
172
152
152
169
161
156
173
164
173
187
165
167
181
166
178
176
185
168
175
170
182
175
172
184
168
182
179
183
190
171
174
180
178
186
188
177
194
189
189
188
193
185
187
197
192
191
192
190
191
193
196
194
195
198
195
196
197
198
-1
