134
180
115
184
130
139
171
109
173
148
107
104
120
120
160
124
169
188
114
121
170
161
129
156
141
146
117
123
113
101
122
131
125
119
142
181
100
131
115
110
170
133
130
116
144
119
147
127
164
141
107
156
132
148
111
106
149
105
129
109
173
163
127
108
142
132
164
157
136
128
146
100
145
160
104
147
101
124
118
167
103
145
163
110
116
155
121
113
168
112
140
143
165
154
105
114
108
161
106
112
102
102
103
136
128
126
118
126
111
122
117
158
162
123
135
125
137
144
139
134
151
153
138
149
133
143
158
155
135
176
137
138
159
154
150
152
150
168
140
153
166
178
152
151
174
159
166
169
162
182
157
172
180
178
167
175
171
174
177
192
172
165
177
176
186
175
184
187
183
179
181
183
179
188
185
192
190
189
189
182
187
186
185
193
196
191
194
195
190
191
197
193
194
195
198
196
197
198
-1
