122
109
112
173
165
102
151
164
174
175
141
100
100
113
175
153
149
177
108
104
146
178
159
144
109
147
105
110
103
130
126
160
152
115
137
147
117
134
129
108
125
144
118
130
102
170
119
123
148
122
131
142
149
132
167
128
162
161
150
140
177
157
133
151
116
182
143
105
161
120
139
127
101
121
134
111
138
118
150
156
117
163
112
166
107
111
114
121
119
136
103
158
106
110
141
169
162
135
158
131
101
125
106
104
113
107
116
129
127
128
114
120
132
115
135
155
123
124
126
145
140
124
142
136
146
133
145
137
176
154
157
143
138
139
169
148
152
154
179
185
160
155
153
163
156
168
168
170
171
172
172
165
180
171
176
174
185
167
159
187
180
173
182
164
166
186
179
184
181
178
188
183
181
193
183
189
194
184
186
190
189
187
188
190
191
197
194
192
191
192
197
195
193
195
196
196
198
198
-1
