139
128
108
146
141
107
143
124
116
156
105
143
147
101
150
129
155
116
176
122
153
186
154
133
191
161
139
163
132
171
152
148
122
113
119
128
115
110
106
172
114
107
184
168
115
101
109
129
111
131
135
172
175
175
100
130
119
136
120
102
158
179
125
165
124
111
144
109
142
120
142
146
167
100
131
121
104
154
147
118
103
155
136
102
117
138
152
114
104
163
130
133
157
106
134
174
179
170
132
137
118
103
123
105
113
108
117
110
112
127
126
112
123
148
127
151
162
138
121
125
140
150
145
126
141
140
159
149
160
134
137
135
168
158
153
157
149
144
166
165
159
145
151
169
164
182
169
160
173
156
164
184
171
161
178
166
162
182
174
181
188
170
173
178
167
189
187
181
185
180
183
176
177
193
177
188
185
180
183
190
187
192
186
193
189
195
190
194
191
196
192
195
194
197
196
198
197
198
-1
