127
107
125
128
192
156
136
109
123
121
155
118
104
130
184
124
154
105
152
135
100
138
124
100
161
139
144
143
135
117
106
151
112
115
113
116
110
150
153
183
157
145
111
164
173
172
153
118
120
175
103
158
162
104
140
134
131
168
146
157
101
120
102
121
156
149
141
102
137
127
110
116
101
125
108
119
114
114
168
103
117
155
130
166
144
143
148
161
122
169
119
160
106
145
128
154
141
148
175
115
105
111
108
107
139
109
134
113
112
133
132
129
122
142
147
133
163
132
123
137
126
131
126
149
181
171
129
146
138
142
159
136
147
167
150
140
170
167
169
159
178
151
165
158
189
152
160
163
180
165
166
170
162
172
182
164
184
191
179
176
171
187
173
176
177
180
174
186
174
179
186
194
185
177
178
181
188
187
191
188
190
182
183
193
185
189
190
196
192
198
195
195
193
194
196
197
197
198
-1
