100
173
156
144
123
125
160
150
114
105
128
122
127
110
124
100
169
134
179
171
162
159
121
111
136
121
141
145
133
105
152
107
141
108
138
116
109
124
113
154
117
135
166
126
147
119
101
142
154
111
131
146
112
186
128
172
178
104
175
132
103
101
109
118
129
148
103
120
159
156
113
137
181
102
116
138
127
147
135
144
117
120
137
104
126
189
134
140
129
165
143
145
119
108
125
150
110
123
130
139
102
107
106
112
142
106
115
114
139
149
115
136
122
130
118
133
155
161
131
155
149
151
132
160
152
146
143
157
179
170
151
157
158
167
140
153
164
163
162
172
169
166
153
171
148
163
158
165
180
170
174
167
164
161
177
180
168
168
184
173
174
183
186
184
176
176
175
182
185
178
182
177
194
191
188
193
183
187
188
181
185
194
187
195
190
190
189
196
192
191
192
193
195
196
197
197
198
198
-1
