110
153
136
157
112
104
123
115
177
145
131
169
133
100
109
116
125
121
178
127
159
115
125
124
114
177
173
126
113
170
150
120
145
101
137
160
109
172
124
152
140
127
160
146
137
144
148
131
159
133
183
147
128
138
119
134
156
111
163
107
136
161
138
147
128
139
108
111
117
122
119
107
165
123
103
135
179
151
171
121
126
104
101
154
149
105
154
118
103
144
142
113
116
102
162
170
120
149
100
110
102
106
105
112
108
106
114
118
140
122
117
155
130
132
129
130
135
150
139
134
141
143
129
132
158
151
187
141
164
153
146
167
143
142
163
161
166
176
152
148
156
155
175
188
166
158
157
162
172
180
181
185
164
174
168
174
176
169
168
167
173
165
193
188
181
171
178
175
184
182
187
180
186
184
186
179
182
190
189
185
189
191
183
193
195
196
192
190
192
191
194
194
197
198
195
196
197
198
-1
