139
105
142
145
152
175
131
135
101
118
156
129
118
143
110
149
141
108
166
165
102
150
115
186
102
158
137
154
115
100
104
132
104
117
121
128
137
122
136
133
144
146
113
131
120
120
157
109
162
173
157
151
124
103
153
136
160
119
134
110
155
116
133
171
107
147
101
106
145
127
126
113
107
114
109
103
179
112
162
123
126
122
160
135
111
148
123
105
121
130
139
174
125
128
124
100
111
144
151
142
117
112
119
125
108
106
127
163
114
129
141
116
146
147
155
140
165
130
134
153
143
138
132
148
164
167
140
138
169
156
149
152
167
176
173
169
168
154
177
161
170
150
193
159
171
159
172
164
175
179
163
174
168
161
166
158
176
190
183
184
170
177
188
181
180
172
181
183
187
178
180
186
194
178
182
184
185
185
192
187
182
189
191
188
190
191
195
192
189
194
196
195
193
197
198
196
197
198
-1
