175
161
119
129
116
168
111
127
169
105
129
113
101
160
181
153
100
136
147
104
157
102
154
125
141
132
121
170
114
142
111
141
182
105
104
144
130
147
143
134
117
171
184
176
166
182
123
119
152
171
138
124
148
109
113
110
144
108
154
100
126
149
112
120
156
109
125
108
103
183
138
169
142
163
106
136
123
118
101
167
145
130
107
135
145
146
139
131
187
124
122
166
133
188
106
135
133
107
139
120
102
103
110
115
127
191
115
112
116
114
118
117
131
165
121
126
128
140
128
122
149
164
155
146
143
150
132
134
137
172
151
137
151
152
140
162
159
155
161
148
158
156
158
153
173
165
150
159
173
157
175
174
177
160
179
164
163
170
162
178
167
179
172
192
180
174
168
185
181
176
178
194
186
177
180
187
190
184
190
183
185
195
186
188
189
189
192
194
191
193
197
193
198
195
196
196
197
198
-1
