102
102
114
178
142
161
100
131
132
135
161
105
112
124
151
117
126
162
142
103
177
159
116
106
129
120
144
126
131
121
149
165
134
147
114
109
127
111
132
107
157
124
137
105
155
116
138
112
189
168
139
107
133
163
122
130
144
128
134
130
125
141
120
108
136
101
138
141
109
101
163
150
164
159
165
119
162
174
113
108
136
152
145
117
164
104
113
160
133
137
111
146
100
118
110
128
119
154
147
184
104
106
103
110
127
139
115
118
123
143
115
125
177
121
129
122
151
123
172
135
166
153
169
154
145
140
149
148
146
148
152
153
156
155
143
166
140
157
176
160
156
175
150
170
173
176
158
168
169
179
170
172
189
181
158
167
186
167
173
175
180
171
185
183
186
174
178
187
171
182
195
184
190
179
180
183
182
181
185
187
192
188
191
190
192
191
188
194
193
193
194
195
197
198
196
196
197
198
-1
