125
127
188
147
163
114
174
129
155
141
116
145
121
108
122
109
103
145
116
110
144
136
152
142
162
139
105
119
141
158
162
111
167
161
176
161
102
117
156
105
115
148
142
102
130
109
166
113
131
159
144
128
165
123
104
135
172
127
114
106
192
131
122
139
160
112
103
124
154
178
171
108
132
107
130
111
166
138
153
137
100
151
149
160
153
115
118
101
149
129
126
101
173
110
133
134
100
143
140
106
104
117
112
120
107
121
118
120
113
126
119
124
137
150
123
125
138
146
128
168
181
147
135
146
140
156
132
133
134
152
150
136
159
188
157
164
174
143
154
155
151
158
171
184
175
172
148
169
169
167
157
179
173
165
163
180
170
168
176
164
170
175
177
182
178
184
189
185
180
179
182
185
177
183
187
192
183
186
187
186
181
191
193
190
195
189
191
198
190
196
193
194
197
194
195
196
197
198
-1
