124
101
128
115
109
193
184
162
105
150
165
153
145
105
152
166
129
120
170
103
141
125
116
139
152
138
128
158
173
100
131
168
123
137
114
159
101
114
139
159
137
154
162
102
108
129
119
146
106
126
108
127
110
118
143
126
136
178
174
104
104
102
168
109
158
148
100
147
124
132
122
163
151
145
130
163
141
131
117
160
115
133
117
136
161
135
135
182
127
134
121
103
180
140
155
118
161
142
113
116
119
107
106
113
107
110
111
112
111
125
112
122
123
121
138
120
148
154
143
144
149
130
133
132
146
142
153
155
166
134
140
186
167
171
144
150
156
156
147
176
149
151
160
172
164
184
157
167
174
185
164
165
171
170
157
169
172
177
173
191
188
180
179
169
175
181
177
175
187
183
179
190
176
185
182
183
178
181
187
188
189
196
192
186
193
191
190
189
192
195
196
194
194
195
197
198
197
198
-1
