392
309
270
248
218
54
25
22
457
455
446
393
333
332
298
249
225
202
197
192
98
72
65
35
24
9
7
313
112
353
461
355
89
97
148
359
231
222
276
340
302
314
441
363
473
135
58
166
215
494
490
428
14
130
414
56
293
94
150
73
262
30
447
114
29
496
246
477
351
335
400
15
388
483
156
212
380
391
13
3
80
26
143
171
96
37
279
157
40
463
379
425
299
317
214
386
250
155
296
151
342
440
235
487
374
284
365
206
345
255
377
295
241
264
287
84
234
426
66
169
219
48
376
93
142
92
121
256
412
184
445
310
170
162
419
269
213
178
336
232
260
182
474
292
132
491
55
86
106
195
384
347
372
390
485
122
113
339
125
356
120
57
443
141
90
253
137
286
346
238
452
140
64
131
497
144
44
396
152
368
357
191
258
415
161
450
126
247
146
467
0
290
320
39
217
17
167
134
479
254
288
305
4
352
23
387
70
236
34
49
226
245
375
343
499
127
99
43
469
110
111
2
186
87
484
349
199
71
52
187
237
75
149
334
303
83
100
498
194
291
242
370
304
118
91
451
478
154
240
223
207
201
124
277
328
82
324
32
239
326
46
265
109
11
311
280
482
189
74
10
103
470
198
138
36
18
344
348
266
62
402
403
210
104
68
337
327
424
278
431
448
274
252
300
371
331
31
389
411
373
205
160
221
63
283
312
382
273
257
61
81
308
263
282
301
117
95
319
367
261
196
488
381
475
8
338
123
188
465
227
476
407
59
233
325
108
436
175
33
306
185
267
318
294
76
102
158
471
165
383
449
493
421
458
115
378
85
321
268
208
408
406
119
492
163
330
423
67
366
107
322
420
437
42
173
429
285
224
180
444
176
454
405
395
193
433
486
251
69
453
418
220
413
472
427
53
147
399
211
394
422
358
271
435
78
481
468
354
430
172
432
307
434
5
398
41
216
88
153
416
329
164
28
364
438
417
489
45
145
101
190
174
442
136
439
281
128
397
360
275
116
480
21
181
200
6
369
361
409
47
410
179
362
16
209
183
139
462
1
316
272
77
129
19
459
20
203
27
404
79
159
350
51
289
60
456
230
323
401
12
204
341
259
133
229
385
495
177
38
460
464
466
50
168
243
315
244
105
228
297
