144
184
168
130
179
129
144
160
140
140
190
103
173
119
120
169
124
196
183
190
132
174
183
186
111
152
131
116
164
172
176
179
121
137
108
152
121
116
159
181
135
105
118
123
101
159
185
157
117
149
127
171
166
138
170
185
155
194
186
122
155
166
112
194
154
154
106
157
106
138
177
150
101
122
119
177
164
141
150
142
141
126
111
184
103
172
161
108
102
126
115
165
134
100
149
137
104
195
176
100
115
102
110
104
105
107
107
109
109
110
113
112
113
114
148
114
117
118
136
120
133
125
123
124
125
128
127
128
129
130
131
132
133
134
135
136
147
139
139
146
143
142
143
145
145
146
147
148
198
151
151
153
153
163
156
156
158
158
163
160
161
162
193
162
165
167
167
168
169
170
171
175
173
174
175
182
178
178
180
180
181
182
192
189
188
187
187
188
189
191
191
192
193
197
195
196
197
198
-1
