163
103
155
129
115
192
164
157
112
102
136
171
100
146
139
157
170
174
155
121
162
114
145
196
132
186
172
189
160
118
170
117
103
121
174
100
119
179
104
153
101
141
156
188
108
161
147
154
139
186
195
136
140
176
106
178
175
190
149
147
190
113
182
176
104
128
118
167
134
132
129
145
150
124
112
180
120
187
187
177
107
164
131
177
165
189
108
128
123
153
160
114
133
122
109
148
138
180
137
149
101
102
111
105
105
106
107
110
109
110
111
127
113
116
115
116
117
126
119
120
125
122
123
124
125
126
127
144
130
130
131
135
133
134
135
142
137
138
143
140
141
143
144
142
198
146
152
148
151
150
151
152
169
154
159
156
158
158
159
168
161
162
163
166
165
166
167
168
169
173
171
172
173
185
175
184
182
178
179
181
181
183
183
184
185
197
194
188
193
191
191
192
193
194
196
197
195
198
-1
