174
155
124
179
159
148
149
106
164
173
129
107
146
133
182
117
100
137
125
121
120
183
174
150
105
105
153
152
163
109
101
187
101
159
184
123
193
171
155
189
102
156
195
169
181
144
152
175
156
168
189
151
183
108
134
143
115
180
193
130
151
162
124
115
112
122
135
113
127
143
185
179
120
190
147
130
168
100
114
185
108
129
113
136
134
162
167
180
132
142
103
102
176
154
142
173
167
186
123
112
141
104
103
104
111
106
107
110
109
110
111
119
118
114
116
116
117
118
119
140
121
122
128
126
125
126
127
128
139
131
131
132
133
138
135
136
137
138
139
140
141
198
145
144
145
146
147
148
149
150
166
161
153
154
158
157
157
158
160
160
161
165
163
164
165
166
172
170
169
170
171
172
178
177
175
176
177
178
197
196
181
182
192
184
188
187
188
186
191
190
191
192
194
194
196
197
195
198
-1
