109
146
173
127
123
184
170
131
131
165
161
179
104
166
179
141
162
171
189
177
147
116
147
104
120
138
108
117
169
174
159
118
141
101
145
133
108
192
116
129
154
121
137
165
183
174
105
155
121
192
169
105
190
193
111
157
120
183
158
129
177
153
101
172
114
149
188
135
137
190
193
112
144
159
180
153
140
176
109
140
136
117
172
135
176
145
166
162
161
155
100
100
124
127
128
102
196
113
188
122
107
102
103
106
103
106
107
115
110
110
111
112
113
114
115
152
119
118
119
126
125
122
123
124
125
126
134
128
130
130
132
132
133
134
151
136
139
138
139
143
142
142
143
144
150
146
148
148
149
150
151
152
198
154
156
156
157
158
160
160
164
163
164
168
163
167
167
168
187
170
171
186
173
175
175
182
178
178
181
180
181
182
185
184
186
187
185
197
189
191
191
195
195
194
196
194
197
198
-1
