107
152
102
154
122
162
136
125
123
128
187
170
158
135
108
193
188
118
185
144
158
129
189
156
104
190
134
127
104
103
171
180
129
135
155
117
146
160
145
133
127
178
110
122
165
177
150
161
112
163
108
130
143
190
149
144
192
149
168
105
112
100
130
181
176
155
169
166
161
115
118
115
185
159
123
151
111
138
151
117
137
107
131
183
169
159
137
178
168
109
192
143
182
101
140
172
100
165
176
186
101
102
103
106
105
106
121
114
109
110
111
113
113
114
116
116
120
119
119
120
121
126
124
124
125
126
198
128
142
132
131
132
133
134
141
136
139
138
139
140
141
142
148
147
145
146
147
148
198
150
153
152
153
154
157
156
157
196
175
160
164
163
164
162
167
166
167
174
173
170
171
172
173
174
175
184
177
179
179
180
181
182
183
184
195
186
187
188
189
191
191
194
193
194
195
196
197
-1
197
