140
144
167
174
152
187
193
174
110
175
142
179
117
157
136
131
137
186
165
159
186
150
125
189
182
176
133
160
102
100
120
173
156
103
164
156
191
180
151
118
135
116
173
134
145
108
103
179
110
127
148
138
145
159
104
134
104
118
166
107
158
165
111
125
115
112
142
111
129
102
169
130
140
177
122
109
180
167
181
148
107
158
188
191
168
168
141
139
176
130
141
101
105
100
129
192
161
115
150
184
101
128
124
106
105
106
124
108
109
114
113
112
113
114
121
116
117
119
119
120
121
122
123
126
123
126
127
128
198
132
131
132
133
155
136
137
135
138
139
154
147
143
143
144
146
146
147
149
149
153
151
152
153
154
155
198
157
163
162
160
161
162
163
164
172
166
171
170
169
170
171
172
196
195
175
178
178
185
177
183
181
182
183
184
185
190
187
188
189
190
194
192
193
195
196
194
197
-1
197
