166
187
188
183
104
121
130
170
135
182
123
163
145
181
156
175
123
163
161
113
112
174
185
176
186
193
113
160
139
129
121
109
102
128
138
107
191
145
189
100
165
170
149
190
158
138
144
137
143
133
194
117
101
150
115
129
109
126
150
175
124
159
177
171
185
132
167
191
112
155
151
122
108
153
102
172
155
132
114
156
125
101
106
140
100
146
189
173
190
141
108
166
164
160
107
137
162
118
151
154
106
103
103
104
105
119
105
111
110
110
111
120
116
114
115
116
117
119
136
120
118
122
127
124
125
126
127
128
131
130
131
134
133
134
135
136
148
142
139
140
141
142
143
144
147
146
147
148
149
198
152
152
153
154
184
157
157
158
159
180
161
162
169
164
165
169
167
168
179
168
171
172
173
174
178
176
177
178
179
180
181
182
183
184
197
186
187
188
196
195
192
192
193
194
195
196
197
198
-1
