186
133
101
166
177
138
121
174
154
170
139
109
180
172
186
156
115
139
142
124
134
110
187
184
146
174
104
116
118
157
195
164
146
185
149
182
113
178
177
183
132
152
130
192
171
171
103
107
100
130
157
143
159
158
100
111
170
120
185
137
144
114
111
137
106
143
103
163
141
168
152
118
123
150
121
104
169
147
151
112
124
184
188
154
127
168
109
142
119
192
165
149
189
122
163
181
179
127
102
131
101
102
108
105
105
106
107
108
136
110
117
112
113
114
115
116
117
129
119
120
126
122
123
125
125
126
128
128
129
135
131
132
133
134
135
136
197
138
140
140
141
162
145
144
145
148
147
148
161
150
151
153
153
155
155
156
160
158
159
160
161
162
167
164
165
166
167
197
169
176
173
172
173
175
175
176
196
178
179
180
181
182
183
194
191
190
187
188
189
190
191
193
193
194
195
198
198
196
-1
