2 17 2 0 3 3 1 0 12 13 3 5 0 0 2 6 4 2 2 7 7 4 3 4 1 0 11 9 8 2 0 2 0 15 0 0 3 7 6 0 0 4 5 6 5 4 1 3 9 0 0 6 12 4 0 2 3 2 3 20 1 5 11 6 0 4 0 12 2 12 14 4 0 3 1 1 2 1 11 3 5 0 12 20 6 2 7 6 7 3 12 6 5 4 0 0 4 1 0 0
8 1 11 1 6 0 0 0 3 7 5 6 2 13 1 11 0 0 7 3 2 13 10 19 4 0 0 7 0 15 0 7 2 19 8 3 2 14 14 0 4 0 5 0 8 3 13 19 2 12 10 21 4 21 1 0 2 1 16 5 17 6 0 2 0 0 8 2 4 10 3 2 2 3 1 3 4 10 2 1 4 5 2 3 3 36 20 11 13 10 7 12 33 8 12 24 3 10 5 2
0 4 1 1 1 0 20 0 0 7 1 0 5 5 9 5 5 1 2 3 4 4 3 10 2 12 4 3 5 1 0 2 3 12 5 2 1 1 2 9 0 3 2 8 10 3 0 5 9 1 0 0 3 0 5 6 2 0 7 2 4 3 0 6 2 4 3 25 3 1 15 5 5 4 4 2 4 0 19 2 3 2 7 2 0 3 8 5 7 1 3 0 1 9 7 11 0 27 2 0
1 2 9 1 2 3 0 0 8 0 1 1 0 4 3 0 1 0 1 2 3 0 7 1 15 6 7 1 0 6 1 0 0 4 3 0 1 1 1 12 1 0 3 11 1 0 8 6 12 0 3 0 4 3 4 3 1 7 12 0 3 0 0 4 0 0 7 3 1 4 3 5 1 10 3 5 1 9 1 4 2 0 3 12 0 8 3 37 2 0 1 0 0 0 0 0 1 5 2 1
5 5 14 10 6 45 3 6 0 4 6 6 12 8 3 0 1 1 26 14 13 18 10 1 8 7 7 1 14 0 4 2 22 13 8 6 6 3 0 4 9 0 1 7 16 7 0 8 2 20 5 5 0 1 0 7 0 0 2 1 10 3 5 13 3 4 9 5 5 13 13 3 5 1 6 9 4 7 1 1 4 1 11 5 10 3 6 13 25 5 15 3 5 6 6 6 8 13 4 14
6 10 1 3 2 9 3 3 8 1 3 3 5 2 8 40 2 0 7 2 0 5 4 1 0 3 6 3 3 10 5 7 1 0 9 8 21 2 8 3 11 5 0 0 8 2 2 1 13 0 1 5 3 16 3 8 8 5 8 0 14 7 2 11 3 0 1 2 2 0 0 6 0 18 0 0 1 3 0 2 0 9 3 5 2 3 8 1 9 11 13 5 0 4 4 6 1 2 2 4
43 1 7 20 8 13 17 0 9 0 17 2 3 1 0 16 41 1 34 22 0 2 5 15 12 7 0 7 1 9 0 6 2 11 24 3 2 11 1 17 23 0 2 6 4 0 10 15 9 12 18 6 1 0 4 13 0 3 1 6 9 2 2 5 0 0 8 0 4 0 3 2 11 12 22 26 7 4 22 13 4 2 3 24 1 32 1 6 12 4 11 2 13 1 3 0 11 8 7 0
1 0 2 19 0 4 10 3 8 0 2 7 6 0 2 10 4 3 4 3 12 5 4 1 11 18 0 1 1 6 0 3 1 2 6 4 0 0 4 0 11 3 11 7 0 0 18 1 0 3 9 3 3 3 0 5 10 8 0 14 8 0 2 4 5 14 0 0 6 5 2 1 3 3 0 0 2 10 0 2 6 12 0 0 0 16 0 7 11 2 1 3 1 0 9 10 0 0 8 3
22 3 5 1 6 31 5 20 9 3 8 3 12 13 10 17 2 4 2 3 23 5 10 1 0 19 0 8 20 8 5 20 0 11 1 0 0 3 6 5 1 1 0 1 4 0 9 7 3 2 17 0 9 0 8 8 4 15 11 6 0 5 1 3 8 1 8 12 1 4 5 7 0 0 2 8 9 0 0 5 5 15 2 10 7 2 0 1 1 5 7 12 13 0 10 0 26 5 1 2
3 0 2 2 1 10 2 4 0 10 0 0 2 18 4 1 2 1 0 2 4 0 4 0 2 6 5 4 0 4 18 7 17 1 0 1 12 1 2 5 31 5 8 3 21 3 15 0 12 18 7 2 4 19 3 9 15 1 0 20 0 0 1 3 20 2 1 7 8 2 7 3 0 2 0 2 3 1 0 0 5 4 1 4 4 5 4 8 2 2 6 2 1 3 7 1 2 9 0 9
1 3 0 11 5 11 4 18 16 4 4 8 0 0 0 0 0 0 1 7 2 0 4 3 2 12 3 5 0 8 7 11 1 3 4 6 8 2 2 0 0 2 5 2 3 0 3 0 0 6 1 2 3 2 11 1 0 15 1 1 3 1 0 3 3 1 2 0 2 5 18 7 7 3 1 3 1 1 4 0 3 2 2 1 3 6 0 2 2 1 20 0 7 1 0 2 7 9 0 1
14 1 26 0 12 9 7 2 6 1 11 14 14 0 3 8 3 0 7 0 0 5 5 1 3 4 7 1 0 7 1 1 0 13 0 0 1 1 0 14 1 2 7 8 8 1 4 4 1 0 0 1 0 5 11 12 7 1 9 7 0 1 3 0 1 13 5 1 0 5 0 4 2 17 0 2 3 17 7 0 1 0 0 2 3 4 6 3 3 2 3 1 1 10 9 3 5 1 1 7
1 0 4 4 7 9 1 8 3 5 3 1 0 12 0 9 0 6 12 2 3 1 18 0 8 17 1 1 1 4 0 5 10 0 4 5 1 1 5 9 12 3 0 8 3 0 10 0 4 1 0 15 1 0 0 0 0 0 2 2 3 3 0 3 4 0 1 0 2 11 3 1 1 1 7 0 0 3 4 0 2 1 4 3 7 0 2 3 10 7 0 8 9 0 0 2 4 0 9 6
3 1 5 1 3 0 11 2 4 9 6 2 1 0 0 6 7 0 0 1 3 7 3 0 4 4 1 0 9 1 3 3 1 19 13 0 8 0 0 7 0 2 4 4 0 0 12 5 0 4 11 6 8 3 1 1 7 1 14 2 1 11 7 0 8 0 7 2 1 2 2 5 1 0 0 0 2 20 1 6 3 2 1 6 4 3 8 2 20 1 3 14 2 0 6 0 1 6 14 1
0 0 1 5 2 23 11 6 8 4 2 3 10 8 4 4 0 3 6 3 13 6 5 0 7 28 18 0 3 9 8 20 10 6 7 3 4 10 6 23 0 2 18 11 1 5 10 15 4 14 3 2 18 25 47 3 1 0 14 6 1 1 14 10 1 3 31 3 6 9 9 2 43 4 5 1 1 13 0 10 1 5 1 14 12 12 50 0 3 2 0 5 0 1 6 1 2 1 62 9
16 1 0 0 3 8 0 16 7 10 3 7 0 15 2 1 26 2 2 2 24 21 20 7 12 8 19 8 12 11 0 1 16 4 0 29 6 3 18 1 7 6 21 20 42 0 4 1 3 7 11 28 12 4 0 0 0 10 1 6 1 33 1 1 0 15 8 3 2 0 2 1 6 27 3 5 0 4 5 21 11 4 6 5 1 3 34 4 5 0 1 18 35 29 1 3 18 6 48 23
2 2 6 0 4 4 0 5 11 1 2 10 0 3 6 2 1 7 4 10 1 0 1 2 13 3 2 1 0 0 4 2 1 2 14 10 1 1 1 1 3 13 9 3 1 0 0 16 4 1 2 6 4 8 0 9 1 2 5 1 1 6 3 1 0 0 3 0 5 6 0 1 7 0 3 7 2 7 2 5 2 0 0 3 2 1 4 1 2 1 4 4 0 0 1 3 1 0 0 8
2 2 5 1 7 1 3 3 5 2 8 2 9 6 15 0 1 3 3 6 11 3 2 13 7 0 4 12 0 30 7 1 1 0 3 0 1 0 3 12 3 4 5 5 27 0 5 4 1 20 5 9 2 3 2 2 2 3 3 1 3 5 4 0 1 1 0 5 2 2 1 8 4 0 2 0 7 0 1 1 15 2 0 1 10 5 2 4 1 0 3 1 2 7 4 3 2 5 1 1
0 10 1 1 0 1 0 3 2 1 13 3 4 6 5 5 0 3 1 5 9 0 4 2 2 2 1 19 3 3 0 2 11 3 0 3 0 5 3 3 5 1 2 0 1 2 2 14 4 0 4 0 5 0 1 2 5 2 4 4 2 1 7 0 6 5 3 1 4 4 1 3 13 3 0 3 6 14 0 2 1 5 3 10 0 6 1 0 14 4 1 1 2 5 5 1 7 0 7 5
0 1 1 2 7 10 4 4 6 2 1 20 13 25 7 24 10 3 19 2 16 5 0 2 0 12 39 12 4 1 13 1 3 4 0 1 9 0 8 5 5 7 19 4 17 1 14 3 1 25 4 1 2 3 6 0 9 23 4 2 0 5 23 7 3 10 0 2 11 7 10 4 3 3 0 35 3 7 5 0 10 6 16 11 20 6 25 0 9 13 1 12 11 5 1 17 26 22 0 0
12 11 10 1 3 1 0 23 2 4 10 2 0 3 10 0 0 2 10 4 2 2 4 8 1 1 5 0 0 3 2 7 7 1 2 1 0 2 4 0 3 5 11 1 2 1 2 1 1 12 0 0 8 0 0 22 3 8 4 27 12 1 6 3 1 3 9 1 6 10 4 2 3 0 9 1 8 1 17 0 3 1 0 4 7 1 0 0 12 3 1 11 2 1 0 0 15 3 3 20
1 6 6 1 10 2 4 6 0 2 11 1 5 2 8 3 9 7 11 2 0 18 4 6 3 0 0 6 1 1 2 4 1 1 0 0 25 0 0 11 0 3 0 1 0 6 9 10 3 7 3 7 9 11 4 1 1 0 3 2 1 1 4 5 0 8 5 1 10 0 4 7 2 1 5 0 6 7 1 6 3 19 6 14 2 8 0 1 10 1 8 1 29 4 7 6 7 0 8 1
9 32 3 3 11 1 13 10 16 0 1 5 0 0 8 4 1 5 16 1 15 9 2 11 7 0 4 2 0 12 8 1 11 12 1 5 8 23 5 34 3 3 23 7 1 13 8 27 2 0 8 2 2 0 10 18 6 37 3 2 1 16 7 4 7 10 15 5 2 1 6 9 7 0 10 4 4 15 3 12 6 11 1 0 2 7 9 7 32 6 11 4 8 11 3 4 4 3 10 2
2 0 3 0 0 1 0 0 0 0 0 0 1 0 0 0 1 0 1 0 0 2 2 0 1 2 0 1 2 1 0 0 0 2 0 0 0 0 0 1 1 0 1 2 0 9 1 0 0 0 0 1 1 0 0 0 1 0 0 0 1 1 1 0 0 2 0 0 1 0 0 1 2 0 0 1 0 0 0 0 0 12 1 0 0 0 0 0 0 0 0 0 6 0 4 0 0 0 0 2
0 0 0 0 0 1 1 1 0 0 0 0 1 1 0 2 0 13 0 1 0 0 0 0 1 0 0 0 0 1 0 2 0 0 0 2 0 0 0 3 0 0 2 0 0 0 0 0 0 0 1 0 0 0 0 0 1 0 0 0 0 0 0 3 0 0 1 1 0 0 0 0 6 1 0 1 0 0 0 0 0 0 0 0 0 0 0 1 0 0 0 1 1 1 0 0 0 0 0 0
1 2 2 2 1 3 1 0 0 10 1 9 3 12 13 9 5 4 1 3 7 1 16 4 0 4 2 3 2 3 9 2 3 13 3 2 3 12 0 0 0 16 1 10 6 4 6 1 6 5 3 3 11 2 14 0 2 4 9 12 1 0 1 1 0 0 0 2 0 8 7 0 5 5 3 24 3 1 12 0 5 3 1 4 4 0 3 5 20 3 4 7 5 6 1 9 1 5 0 3
0 3 0 0 7 0 2 3 1 0 1 1 1 1 0 1 1 1 0 0 0 0 0 0 1 0 0 0 1 2 1 0 0 0 0 0 2 0 0 0 0 0 0 0 0 0 2 0 0 0 1 0 1 1 0 0 0 0 0 0 0 1 0 0 0 0 0 0 0 1 0 0 0 0 0 0 0 0 0 0 0 0 0 0 0 0 1 0 0 1 0 0 0 1 1 1 0 1 0 0
0 1 0 0 1 1 0 1 0 3 2 0 0 1 0 0 0 0 2 3 0 2 0 0 0 0 0 0 0 0 0 1 0 0 0 1 0 0 0 0 0 0 1 1 0 1 0 1 0 1 0 0 0 0 0 0 0 1 1 1 1 0 0 0 0 0 0 0 1 0 0 1 0 0 1 0 0 0 0 1 2 1 0 1 0 0 0 0 0 0 1 0 0 0 1 1 1 0 0 0
0 13 1 0 2 6 8 0 1 4 5 3 2 4 0 16 4 0 0 4 2 5 9 1 1 10 13 2 10 9 4 8 0 2 0 16 3 2 0 0 2 4 9 0 9 7 0 7 9 5 9 0 3 2 5 1 6 0 4 12 15 4 22 1 1 1 7 3 3 4 3 0 1 2 10 0 19 1 0 1 3 2 0 0 6 3 7 21 2 1 10 12 1 11 4 1 0 3 10 8
0 0 1 1 0 0 0 0 1 0 0 0 0 2 0 2 0 3 1 1 0 0 2 0 2 0 0 0 0 0 0 0 0 0 1 1 0 0 0 0 0 1 0 2 0 0 2 1 0 0 0 0 2 0 1 1 1 0 0 2 0 0 0 0 0 0 0 0 0 0 0 0 5 0 0 1 0 0 1 0 0 0 0 0 0 0 1 0 0 0 0 0 1 1 0 0 1 0 0 0
5 19 1 17 16 4 11 12 5 3 26 2 6 11 11 11 4 0 5 2 5 9 6 8 9 1 8 1 2 7 0 4 0 0 6 11 19 6 8 11 5 1 15 15 3 9 3 7 4 8 3 4 17 5 2 26 4 9 7 25 37 2 5 11 0 0 6 30 0 3 0 16 6 4 8 6 10 6 10 20 1 13 23 3 12 0 3 0 4 3 4 15 8 20 1 16 11 14 6 2
14 0 4 3 0 0 2 3 6 2 0 4 4 4 0 5 8 1 0 6 3 11 10 7 0 9 4 6 49 12 7 2 12 6 2 2 2 1 2 3 6 5 2 0 2 5 0 6 2 0 3 0 0 0 3 6 3 2 9 2 5 7 0 0 6 2 2 2 0 0 15 1 1 3 0 2 1 16 5 3 1 11 2 0 9 2 2 0 2 1 6 11 0 9 10 2 3 0 2 0
1 0 0 0 3 0 1 0 1 1 0 0 0 0 0 0 0 0 0 0 0 0 0 1 0 3 0 0 2 0 1 0 0 1 14 0 6 0 0 0 0 1 0 0 0 1 0 0 0 0 0 0 1 6 0 2 0 0 2 1 0 0 0 0 2 0 0 0 1 0 0 0 0 0 2 0 0 1 1 0 1 0 0 0 0 0 1 0 0 0 0 0 2 0 1 0 0 0 0 0
0 8 21 27 17 19 22 2 8 0 11 11 9 7 11 27 10 0 4 7 4 0 12 6 4 10 0 17 1 4 9 3 7 2 3 14 20 9 17 33 0 3 6 3 4 4 10 19 3 6 15 3 26 0 19 3 1 0 3 1 13 11 5 24 4 14 3 3 21 15 14 8 3 4 10 4 2 3 3 7 6 0 11 1 1 6 2 0 2 8 7 7 33 15 3 5 0 2 3 15
0 3 0 3 1 0 0 1 0 0 5 0 0 6 1 2 0 0 0 0 0 0 0 0 2 0 1 0 0 0 0 2 0 0 0 0 1 0 0 0 0 0 1 2 1 0 0 0 0 1 0 0 0 0 0 0 0 2 2 0 0 0 0 0 0 0 0 0 2 0 0 0 1 3 3 1 0 0 0 0 0 0 2 0 0 1 1 0 1 0 0 0 0 0 0 1 0 1 0 0
4 1 3 0 3 5 21 4 1 5 4 3 1 4 3 1 4 5 0 1 0 4 1 1 6 0 2 1 1 0 2 2 8 9 0 0 14 7 4 25 0 1 2 3 4 0 3 8 0 1 9 4 4 3 2 5 0 0 9 6 3 3 7 0 6 3 2 4 1 0 2 3 0 11 2 5 0 0 10 6 1 6 3 2 7 1 10 7 7 1 6 2 5 0 0 1 0 0 0 1
17 3 3 1 1 5 8 25 15 2 0 7 12 8 7 5 5 0 7 0 0 22 3 13 2 1 1 10 9 1 2 5 5 15 10 3 10 15 1 4 0 4 0 9 5 0 1 8 2 9 12 0 1 3 4 15 17 28 13 6 0 8 14 5 4 12 2 13 3 6 2 4 1 1 7 2 5 7 7 1 10 19 11 5 11 1 22 0 2 3 2 6 4 0 3 2 6 12 2 8
1 2 3 8 1 15 0 12 6 1 5 1 0 2 2 5 6 12 3 11 1 0 1 6 4 1 4 3 0 4 5 4 2 0 1 1 0 8 1 16 1 2 4 9 1 0 8 2 4 2 3 1 17 9 9 2 5 1 1 21 3 3 2 3 1 1 0 0 2 11 18 5 9 0 4 4 1 1 3 0 4 0 1 4 0 0 3 6 1 0 3 1 3 0 0 0 12 8 3 1
0 7 3 1 9 8 2 0 5 3 0 3 2 0 0 6 12 1 5 1 2 0 4 12 2 1 6 1 0 24 1 1 10 1 17 5 3 6 3 3 4 2 0 0 0 3 1 8 5 4 0 0 0 1 5 1 4 3 6 4 0 3 5 0 1 6 0 0 2 1 15 4 9 5 9 2 2 0 0 11 0 0 1 1 4 5 2 5 1 4 1 0 6 0 0 3 17 1 0 5
2 3 15 12 14 5 5 12 6 0 17 17 24 5 6 8 5 11 3 1 8 7 5 6 3 14 0 6 10 27 16 9 1 5 8 8 6 7 0 12 8 15 14 27 24 3 3 2 10 0 8 15 2 0 7 3 13 4 4 15 6 0 3 5 3 45 8 7 11 4 20 6 8 14 5 2 2 30 0 8 16 4 11 12 1 0 9 12 2 7 10 1 5 10 0 4 1 8 2 5
0 4 20 3 7 7 0 0 7 1 0 0 5 3 5 23 2 5 4 8 59 2 15 3 3 10 4 37 1 0 2 5 9 28 15 34 10 3 0 2 1 16 3 23 15 1 0 2 0 7 11 6 6 1 17 4 9 0 6 4 1 4 6 0 14 5 28 1 15 0 8 13 10 5 1 42 4 1 2 1 1 2 2 15 7 1 5 4 6 0 31 0 0 23 3 8 18 2 3 16
2 17 34 17 16 4 8 22 13 5 5 3 1 8 3 8 7 3 3 1 2 9 5 6 5 1 19 19 1 2 4 13 4 6 11 3 2 8 4 3 9 19 2 4 24 7 47 0 0 0 2 2 6 10 4 2 3 5 7 0 13 6 3 1 7 9 15 3 15 1 1 11 2 4 3 21 17 3 7 1 15 1 1 32 8 2 6 8 3 2 1 26 33 16 6 5 3 0 4 8
2 1 2 0 0 0 0 1 0 0 0 0 3 1 0 0 0 0 1 0 0 0 0 1 0 0 0 2 1 0 0 0 0 0 0 0 1 0 0 0 0 0 1 2 1 5 2 0 1 0 0 1 0 0 0 0 0 0 0 1 0 0 0 2 0 0 0 1 0 0 0 0 0 0 0 0 0 0 2 0 0 0 0 0 2 0 0 1 1 0 1 0 0 8 4 0 0 0 0 0
2 1 5 4 8 8 13 0 2 10 9 6 9 2 2 2 11 4 6 9 3 0 0 18 0 0 5 3 2 1 6 0 1 11 1 4 9 0 1 11 2 10 0 2 3 0 5 2 6 2 2 2 7 8 6 0 0 2 6 5 1 1 13 4 16 5 8 2 5 3 0 3 2 0 2 1 1 3 0 2 0 2 2 13 1 4 22 3 0 10 2 1 12 6 5 10 2 3 5 1
3 0 0 0 1 10 12 6 2 4 1 12 4 1 0 1 1 1 4 3 1 4 13 5 14 6 10 5 5 7 3 11 0 1 5 1 14 0 0 5 1 2 5 3 2 5 3 0 1 5 5 0 5 11 1 3 7 3 7 14 5 0 2 0 3 1 3 0 2 0 16 0 1 3 5 10 7 4 0 2 0 8 1 10 4 1 5 0 6 1 1 9 2 4 3 2 7 3 5 10
0 0 1 1 0 0 0 1 0 0 0 0 0 0 1 0 0 1 1 0 0 0 0 0 0 0 1 0 0 0 0 0 0 0 0 0 0 1 0 0 0 0 0 2 0 0 0 0 1 0 2 0 0 0 0 0 0 0 0 1 0 1 1 0 1 0 0 1 0 1 0 0 3 0 0 1 0 0 1 0 0 3 0 1 0 0 0 0 0 0 0 2 0 0 0 0 0 0 4 0
2 1 2 5 0 4 6 8 0 3 3 1 5 1 2 6 8 1 4 0 2 5 0 0 2 3 3 5 6 8 0 0 11 0 0 1 1 3 1 0 2 5 10 1 5 0 3 0 0 0 0 8 0 3 5 2 0 2 1 10 0 3 0 5 10 5 0 2 0 7 3 8 15 0 5 0 3 7 2 3 4 2 3 17 0 6 4 5 7 1 1 1 0 1 22 5 0 2 7 2
0 0 0 0 0 0 0 0 0 0 0 0 1 2 0 0 2 0 0 1 0 4 0 0 0 0 0 0 2 0 0 1 0 1 0 0 0 3 1 0 1 1 1 1 0 1 0 0 0 0 0 0 1 0 1 0 0 0 0 0 1 0 0 1 0 0 0 2 0 0 0 0 0 0 1 0 0 0 1 0 3 3 0 1 0 1 2 2 0 0 0 1 0 0 6 0 0 1 0 0
1 7 15 8 0 3 0 6 4 0 0 8 9 0 3 2 3 2 1 7 7 2 0 0 0 3 3 17 1 1 1 15 12 4 0 19 0 12 0 5 9 5 11 1 5 0 3 0 2 1 2 3 11 0 0 1 1 4 1 1 14 3 9 1 2 7 3 12 2 3 5 3 1 0 10 0 12 3 2 14 1 5 6 14 6 0 1 6 5 9 1 8 4 1 0 1 5 2 2 7
9 0 4 8 1 4 17 8 6 14 4 3 3 7 0 3 0 0 3 9 0 2 10 16 2 1 3 5 6 0 0 3 8 26 7 6 17 4 1 7 0 2 4 0 7 0 0 2 4 0 2 0 6 1 2 2 10 0 0 3 2 3 0 2 0 1 3 0 1 2 4 16 9 1 9 0 5 3 0 3 4 8 7 10 0 0 4 21 0 1 0 3 4 5 6 2 13 6 3 8
