0 9 7 1 20 1 5 1 12 2 16 5 20 14 5 9 1 1 6 0 9 20 3 1 7 1 12 1 2 5 1 8 10 10 5 8 9 22 4 2 8 4 7 27 2 14 4 0 12 3 4 10 21 3 8 9 10 9 2 2 0 16 3 0 3 0 4 0 2 4 2 3 0 6 16 4 1 19 7 9 14 5 0 0 6 2 26 4 2 9 22 15 11 5 1 2 3 3 13 2
7 2 1 0 3 3 5 1 20 15 3 4 7 1 8 1 1 14 4 4 0 2 8 4 2 9 0 15 2 4 1 2 2 7 14 3 4 2 1 0 0 8 5 3 3 1 3 3 8 1 5 6 1 5 2 10 4 5 2 2 5 6 0 11 1 2 5 4 2 0 5 0 6 1 6 8 11 21 1 1 3 4 6 0 3 8 5 0 8 2 0 0 2 6 1 5 0 6 2 0
0 0 0 0 0 0 0 0 0 0 0 1 0 0 0 0 0 0 2 0 0 0 0 0 0 0 0 0 0 0 1 0 0 0 1 0 0 0 0 0 0 2 0 0 0 0 2 0 0 1 1 2 1 1 0 1 0 1 0 0 0 0 0 10 1 1 1 0 2 0 0 6 3 0 0 0 0 5 0 1 2 0 0 2 0 5 0 0 4 0 2 0 0 1 0 1 1 0 0 0
0 0 0 0 0 0 0 1 3 1 0 0 0 0 1 0 1 0 0 0 0 0 0 1 0 0 1 0 1 2 0 0 0 1 0 1 4 0 0 0 0 0 0 0 1 0 0 0 0 0 3 0 0 2 0 0 0 0 0 0 0 0 0 0 0 1 0 0 0 2 0 1 0 1 0 3 0 0 1 3 3 0 0 0 1 1 0 0 0 0 0 2 1 0 2 0 0 0 0 1
0 1 0 1 0 3 0 1 2 0 0 0 0 1 0 0 0 0 2 19 1 0 0 0 0 0 0 0 1 0 3 2 0 0 0 0 0 1 0 1 0 0 0 1 0 0 0 1 0 0 0 0 0 0 2 0 0 0 0 0 0 0 1 0 0 0 1 0 0 0 1 0 3 0 0 0 1 2 0 0 0 0 0 1 1 0 1 0 0 0 1 0 0 0 0 0 0 0 0 0
5 2 8 8 0 14 11 9 2 0 4 4 3 1 13 0 0 5 3 7 0 1 1 3 12 7 3 2 3 4 7 4 4 7 5 5 8 2 23 1 8 2 8 0 21 4 13 8 1 15 2 45 3 2 1 15 19 1 0 8 21 5 25 5 2 7 20 9 5 8 17 15 0 2 27 3 12 0 12 1 0 26 9 1 16 24 6 0 17 24 6 4 7 4 22 27 25 27 11 12
0 0 1 0 0 0 0 0 0 1 0 0 0 1 4 0 0 0 0 0 0 0 2 1 0 0 1 0 2 0 0 0 0 0 0 0 0 0 0 0 0 0 0 2 3 1 0 2 0 0 2 1 0 0 1 0 0 0 0 1 0 0 0 3 1 0 0 1 1 0 2 0 1 2 0 0 0 3 2 0 1 0 0 0 0 1 0 0 0 0 0 1 0 1 1 1 1 1 0 0
5 7 3 27 7 10 5 4 0 3 1 10 0 8 6 52 15 0 0 4 11 3 0 10 5 18 5 9 3 15 9 2 10 19 28 3 20 0 10 34 9 3 19 6 1 27 2 0 6 5 10 2 4 8 0 4 9 0 30 9 2 50 0 14 3 12 2 0 9 7 16 9 0 1 8 8 0 13 5 17 29 7 8 3 4 21 1 5 1 2 0 2 2 11 0 13 2 1 2 0
4 0 0 0 7 10 34 0 5 2 11 0 18 6 0 5 18 0 1 15 18 6 9 2 14 8 0 7 35 2 3 4 11 16 15 4 3 16 11 6 7 0 4 12 4 1 20 6 2 8 1 18 44 11 4 9 4 4 22 1 7 0 1 0 8 0 9 3 8 11 11 13 0 23 10 11 4 3 1 0 0 4 6 44 3 4 5 0 4 3 11 11 8 17 2 9 4 0 4 3
2 0 18 0 10 2 1 12 25 1 3 2 10 16 6 0 14 13 17 6 5 1 59 2 1 10 5 0 0 2 4 2 4 11 9 3 9 0 0 1 11 27 9 0 10 7 1 12 4 20 4 2 6 9 7 14 18 1 3 16 23 22 21 11 1 0 6 1 11 5 15 9 5 1 6 14 1 0 3 12 3 7 17 2 1 8 2 8 1 4 1 10 4 14 2 9 18 10 1 3
5 4 5 2 5 4 1 2 1 1 3 0 3 17 2 3 3 2 1 12 21 4 2 5 0 4 1 3 3 4 2 1 1 1 0 2 0 12 5 0 0 0 11 2 1 16 2 0 0 3 1 9 1 2 6 0 6 1 3 8 3 6 0 0 3 4 15 2 0 0 0 0 6 1 10 5 3 1 4 9 11 1 1 2 3 0 2 0 1 6 2 12 0 2 17 7 4 0 2 4
4 0 9 6 0 0 11 4 6 1 1 4 9 0 1 31 2 0 1 9 3 1 4 4 17 9 8 2 0 10 0 30 0 14 3 17 7 3 4 4 21 2 2 4 4 8 0 8 1 5 9 0 19 12 9 3 1 22 14 17 10 2 19 0 24 5 0 0 1 13 9 2 21 18 2 19 10 4 11 10 0 8 13 7 25 0 18 3 30 7 4 6 0 2 0 5 0 0 9 11
1 2 4 2 2 1 2 13 13 0 9 3 1 0 5 9 2 2 6 1 1 2 6 2 2 16 1 3 6 5 0 4 8 1 7 11 16 4 5 2 0 1 0 3 1 5 1 3 3 8 3 2 2 6 0 7 2 8 1 4 1 0 8 11 3 30 3 6 0 6 0 0 8 3 11 1 10 7 4 3 0 1 2 10 2 3 1 2 1 2 7 8 0 13 5 0 1 0 2 5
0 1 0 0 0 1 0 0 0 0 1 1 1 0 0 0 1 0 0 2 0 0 0 0 0 0 1 2 0 0 0 1 0 1 0 0 0 0 0 0 0 0 0 1 0 0 0 1 0 0 0 0 0 1 2 0 0 0 0 0 0 0 0 0 0 0 2 1 1 1 0 0 0 0 0 1 3 1 0 0 0 3 0 0 1 0 1 0 0 0 1 0 2 0 0 0 1 0 1 0
31 5 4 9 0 0 3 22 3 2 2 8 27 19 0 4 2 0 5 1 13 40 5 23 13 1 12 3 20 13 26 4 3 1 2 0 2 6 0 16 2 1 8 0 1 15 5 2 1 0 1 6 1 0 1 18 27 10 1 7 9 1 7 0 2 38 2 1 8 27 11 6 15 8 9 42 2 3 33 6 9 2 23 23 3 0 37 33 4 5 2 7 10 11 0 4 5 5 2 6
0 0 0 1 1 0 0 1 0 0 0 0 1 0 0 0 1 0 0 0 0 0 0 0 1 0 2 0 1 0 1 0 0 0 0 0 0 0 0 0 0 1 2 1 0 1 0 0 0 0 0 0 0 0 4 0 1 0 0 0 0 0 0 0 0 0 0 0 1 0 0 0 0 1 1 0 0 0 0 0 0 0 0 0 0 0 0 0 0 1 0 0 0 0 1 0 2 0 2 0
4 1 10 55 4 1 11 29 3 8 8 9 6 1 0 8 3 1 1 6 20 1 0 4 9 5 1 0 8 9 2 6 7 7 17 1 2 19 1 11 11 5 5 1 3 9 4 18 13 12 0 9 25 36 0 14 6 14 12 5 14 5 2 9 12 2 0 11 9 3 6 2 3 18 0 7 16 0 26 15 6 12 12 8 4 26 14 5 5 7 0 0 0 16 7 10 12 21 7 5
2 0 2 3 1 0 5 0 0 0 0 0 1 0 2 0 1 0 5 2 0 0 0 0 0 0 0 0 0 1 1 2 0 0 0 0 1 2 0 2 2 0 0 0 0 0 0 0 0 0 0 0 0 0 5 0 1 0 0 0 2 0 0 0 9 1 1 0 0 0 0 0 1 0 0 0 0 0 0 0 0 0 0 3 0 0 1 3 0 0 0 0 1 0 0 0 0 5 0 0
2 8 5 7 10 0 0 2 5 3 1 1 6 7 1 0 8 13 0 3 13 5 1 7 2 2 4 23 3 0 9 2 1 4 0 4 9 2 2 1 5 1 2 9 6 2 0 9 2 0 2 4 5 10 1 0 0 2 1 6 8 1 1 5 5 6 5 0 27 2 5 6 0 9 11 9 3 4 3 4 0 4 1 4 3 7 7 3 3 2 4 4 4 0 2 1 6 0 5 11
3 2 2 5 6 5 3 1 5 3 1 6 0 0 0 2 1 0 2 2 0 6 3 6 4 0 4 14 3 3 0 1 4 4 12 1 2 7 0 0 5 47 2 5 1 1 1 2 1 6 1 2 1 1 10 2 2 1 3 0 2 0 0 0 0 1 6 1 8 2 2 2 0 0 8 11 1 1 9 13 6 0 8 4 13 1 7 0 1 3 0 12 5 2 5 4 0 5 5 8
3 4 8 8 33 3 2 0 1 6 9 10 1 21 10 1 2 7 7 4 13 8 2 4 4 20 1 8 3 5 4 5 23 6 0 8 10 4 0 4 10 28 14 1 0 2 6 0 6 0 4 3 6 3 6 2 4 31 11 4 2 3 18 10 4 9 8 2 0 34 33 8 10 3 4 2 0 23 1 1 4 7 6 7 1 7 19 3 0 4 13 1 13 27 11 0 1 1 7 12
0 0 0 0 0 0 0 3 0 0 0 0 0 0 0 0 0 2 0 0 0 1 0 4 0 0 0 0 0 0 0 0 0 0 1 2 3 0 0 0 0 0 1 2 0 2 0 0 0 0 0 1 0 1 0 2 0 0 0 0 0 0 0 0 1 1 0 0 2 0 2 1 0 0 0 0 0 0 2 0 1 0 0 1 0 0 0 0 2 0 0 1 0 0 0 0 0 0 0 0
4 1 11 9 4 4 3 1 2 7 8 1 7 5 3 3 16 0 4 4 0 1 2 3 0 1 0 0 4 10 0 4 1 5 4 1 1 1 1 5 2 1 5 0 3 2 2 2 4 2 4 0 4 2 0 10 0 5 4 3 4 3 1 1 3 14 3 1 3 7 2 0 2 1 2 1 1 0 0 4 1 0 11 4 2 2 0 3 4 5 1 1 1 0 7 6 6 1 4 1
6 1 5 6 0 7 1 2 6 16 0 0 0 3 4 8 7 3 0 5 1 4 1 2 2 4 0 2 3 11 0 3 1 4 8 5 8 0 3 2 3 32 1 2 0 0 10 0 2 9 1 7 1 6 2 3 4 4 8 4 0 0 34 8 8 5 4 8 9 3 5 4 8 2 0 0 16 6 12 1 6 2 0 6 7 1 0 4 2 0 5 3 9 0 0 3 1 7 4 4
0 18 5 8 1 3 0 6 1 0 8 5 8 2 3 0 16 2 2 11 3 2 7 3 0 2 0 12 8 2 14 2 1 6 6 2 10 3 3 2 0 1 8 6 3 0 5 3 1 4 0 0 1 7 0 3 5 2 0 1 0 4 2 1 7 3 3 2 2 1 2 0 0 1 0 4 1 0 5 6 0 2 0 7 0 2 0 4 9 1 5 0 0 10 15 1 4 4 2 7
0 0 0 1 1 0 1 1 1 0 1 0 0 2 0 0 0 1 1 0 0 0 0 1 1 2 0 0 0 0 0 0 0 0 1 0 0 0 1 1 0 9 0 0 0 0 1 0 1 0 1 0 0 0 1 0 0 0 0 0 0 2 0 0 1 0 0 0 5 0 1 0 0 2 0 1 1 8 0 1 0 3 0 1 0 4 1 0 0 1 1 1 0 0 0 0 0 0 0 0
1 0 0 0 0 0 0 0 0 0 2 1 0 0 0 0 0 0 0 3 1 0 0 0 1 1 5 2 0 0 0 0 0 0 0 0 1 1 0 0 0 1 0 0 0 0 0 0 0 0 0 1 0 1 0 0 1 0 0 0 1 0 0 0 0 0 0 0 2 5 0 1 8 0 0 0 0 0 3 1 0 0 2 0 0 1 1 1 0 0 1 2 0 0 0 2 7 0 0 0
3 0 0 0 0 0 0 2 0 1 0 0 0 1 1 0 0 0 1 0 0 0 1 0 1 0 0 0 0 1 1 0 0 0 0 0 0 0 0 0 0 0 0 0 0 0 0 0 0 0 1 0 0 0 0 0 0 2 0 4 0 0 1 1 0 0 0 1 5 0 1 19 0 0 0 0 0 0 0 5 0 0 0 0 0 9 0 1 0 0 0 0 0 0 2 0 0 0 0 0
10 0 4 5 5 13 1 3 6 1 1 1 2 5 0 2 5 0 2 29 9 5 1 5 0 1 3 6 3 5 1 1 4 5 5 6 8 0 2 8 6 1 2 0 5 3 6 5 3 4 4 1 16 2 13 6 7 4 3 1 0 1 4 1 3 3 7 1 1 1 0 25 15 1 1 4 9 7 2 1 1 0 1 6 1 7 2 0 7 0 0 2 8 2 3 0 4 3 4 2
8 0 2 2 1 4 12 0 9 2 8 1 7 7 3 5 4 0 0 5 1 1 11 6 4 0 0 1 6 0 4 4 8 3 5 17 1 2 0 1 1 2 5 1 3 10 3 14 1 10 19 2 3 12 11 0 4 5 3 1 1 1 13 2 4 2 8 4 2 3 12 2 3 2 19 1 1 1 1 1 2 1 3 1 1 0 2 0 1 3 5 1 1 2 4 13 0 9 2 0
1 1 0 0 1 1 0 2 0 0 0 0 0 0 1 0 0 1 2 11 0 0 0 0 0 1 0 0 1 0 0 0 6 0 0 0 0 0 0 0 0 0 1 0 1 0 0 0 1 0 0 1 0 3 2 2 0 0 2 0 0 0 0 0 0 0 2 1 0 11 1 0 0 0 1 0 1 0 1 0 0 0 0 0 0 0 1 1 0 1 0 0 1 0 2 0 0 1 0 0
26 11 4 10 2 5 5 1 3 13 2 1 7 12 11 5 0 2 3 2 3 11 16 17 0 12 3 9 3 1 2 4 11 1 7 4 7 3 10 8 4 3 28 7 0 7 3 1 1 6 32 6 12 0 2 3 49 0 0 8 25 12 9 1 0 2 8 1 7 4 0 2 6 6 5 3 11 3 7 12 16 9 3 21 2 0 2 27 12 3 19 35 2 7 2 2 5 1 12 5
0 0 0 3 0 0 0 0 0 0 1 0 0 0 2 2 0 0 1 2 1 0 0 1 0 0 0 0 0 0 1 1 0 0 0 0 0 0 2 0 0 1 0 2 0 0 1 0 0 0 1 0 0 2 0 0 2 0 1 1 2 0 0 1 0 0 0 0 1 3 0 0 3 0 0 2 0 0 0 0 2 1 1 1 0 0 1 0 0 0 0 0 0 0 1 1 0 0 0 1
9 1 16 0 1 7 4 9 13 15 0 10 20 2 1 5 7 27 1 3 0 7 1 0 0 7 2 2 11 4 12 5 4 1 1 2 15 2 0 8 8 0 2 10 8 2 2 12 2 21 6 3 3 2 1 0 7 6 1 1 0 13 4 7 14 16 2 1 10 1 4 5 0 6 2 6 3 5 2 4 0 4 33 7 12 0 52 5 17 2 6 11 10 2 2 13 1 30 16 5
2 3 10 1 5 4 1 0 9 9 0 1 1 1 4 0 2 0 4 0 0 13 0 3 2 3 18 1 0 2 13 2 3 1 3 7 2 1 2 1 1 1 0 3 10 2 4 2 2 1 4 0 4 5 1 2 4 7 6 0 2 0 0 2 2 6 6 3 0 5 2 3 2 3 4 9 5 20 0 9 2 2 1 5 1 15 2 4 0 4 0 1 0 12 0 4 0 2 0 1
3 12 1 9 11 3 1 3 1 10 5 2 3 4 2 0 3 10 5 6 2 0 6 5 9 4 0 0 2 0 2 4 1 2 3 0 2 2 1 0 2 1 3 1 3 4 1 3 7 2 0 5 3 7 5 0 3 4 0 0 0 0 1 0 3 6 0 7 1 4 4 0 12 3 2 1 9 0 5 1 4 2 3 4 3 0 4 9 2 8 13 2 0 3 1 9 2 2 2 3
0 0 1 4 2 10 10 8 4 15 1 0 4 0 21 4 0 6 4 3 4 5 1 1 2 3 8 23 3 0 0 19 4 4 7 3 10 1 0 4 12 0 3 2 2 0 1 1 5 1 0 3 0 3 1 1 3 3 1 2 2 1 3 1 0 4 2 13 5 3 1 3 2 2 4 5 8 3 2 6 7 2 0 0 5 2 13 0 2 5 3 14 11 5 5 7 0 0 3 1
8 7 32 0 12 1 1 13 0 7 1 7 0 0 8 1 11 4 12 9 7 9 3 0 40 16 3 26 6 11 12 7 0 18 2 10 3 12 11 1 10 8 2 3 0 0 9 2 4 5 6 3 3 1 3 2 1 3 2 2 3 8 8 4 8 8 13 3 9 2 2 4 17 4 2 1 8 4 2 1 2 1 5 0 27 7 8 2 10 6 3 18 6 4 0 17 8 3 9 9
1 1 0 1 0 0 1 0 0 0 0 0 1 1 0 1 0 0 0 0 0 1 0 0 0 0 0 0 1 0 0 0 1 0 1 2 1 0 2 0 0 6 2 0 0 0 1 1 0 0 1 0 3 0 1 0 0 1 0 1 1 1 0 1 0 0 1 0 0 0 0 0 0 3 0 1 0 1 1 0 0 0 2 3 1 7 1 0 4 0 1 0 2 0 2 0 0 1 1 0
4 2 5 2 3 2 1 0 28 34 5 10 2 0 16 4 2 2 6 7 13 0 0 6 21 5 8 18 13 18 1 6 2 2 20 8 6 4 23 14 1 1 2 6 22 25 1 30 23 7 8 3 1 0 12 17 3 13 41 3 6 0 3 2 6 0 1 6 10 0 1 0 5 1 2 16 2 8 5 5 26 0 4 6 1 2 19 6 5 0 2 0 12 10 0 3 4 13 15 2
0 0 0 0 0 1 0 0 0 1 0 0 0 0 1 0 0 0 0 0 0 0 0 2 0 0 2 0 0 0 0 0 0 0 0 0 0 0 0 0 0 0 0 0 0 0 0 0 0 1 0 0 0 0 6 0 0 0 1 0 1 0 0 0 0 0 0 2 0 0 0 0 0 0 0 1 0 0 2 1 0 0 0 0 0 0 0 0 0 0 0 0 0 3 1 0 3 1 0 0
8 11 17 3 2 5 13 1 0 2 5 11 1 19 6 1 3 1 3 0 5 0 15 0 3 2 0 13 2 0 2 2 8 8 3 0 4 1 1 5 3 1 1 26 2 0 3 4 4 1 1 2 5 1 12 2 2 1 0 1 2 4 0 0 2 0 0 8 3 3 1 0 3 4 3 7 1 7 2 4 3 3 2 0 3 8 0 2 0 3 11 5 3 7 11 1 1 4 5 7
0 0 0 0 0 0 1 0 0 1 0 0 1 0 0 0 0 1 0 2 0 0 2 1 0 0 1 0 0 0 0 0 0 0 0 0 1 0 0 0 1 2 0 0 0 2 0 3 0 0 1 1 0 0 0 1 1 0 0 0 2 0 1 1 0 0 0 0 0 0 0 0 1 0 0 0 0 1 0 1 0 3 0 0 1 0 0 0 0 0 0 2 0 0 0 0 1 1 1 0
1 10 13 3 3 2 0 0 0 5 9 0 3 38 5 1 0 19 11 2 1 5 11 1 0 5 3 9 6 5 2 2 12 0 5 25 3 10 12 7 8 4 13 1 5 17 34 2 41 2 0 2 30 0 3 5 1 2 16 3 19 0 1 2 2 5 4 2 3 3 7 7 10 15 0 8 17 1 0 6 4 6 7 19 3 18 0 0 24 0 5 2 11 14 11 12 0 0 0 8
7 0 0 3 0 3 13 17 5 0 15 6 3 9 0 19 10 10 8 0 7 21 1 0 5 2 1 1 2 7 31 1 5 0 1 10 11 1 3 2 2 3 0 10 2 4 6 13 3 11 10 5 4 5 2 7 4 0 2 1 19 2 9 0 9 4 19 3 8 4 1 14 5 1 7 3 8 9 13 3 5 2 38 2 6 2 5 5 3 1 2 0 4 11 5 23 0 16 5 13
1 1 0 1 1 0 0 0 1 0 0 0 2 0 0 0 0 0 0 0 0 0 0 0 3 0 0 0 0 1 0 0 1 0 1 2 0 3 0 0 0 1 2 0 6 0 0 0 0 0 1 1 0 1 0 2 1 1 1 1 1 0 0 1 0 0 0 0 2 4 0 0 8 0 0 0 0 1 2 0 0 0 0 0 2 0 2 0 1 0 0 0 0 0 0 0 0 0 1 0
0 0 0 1 0 0 0 1 1 0 0 1 0 0 0 0 0 0 2 0 0 0 0 0 0 1 0 0 0 0 0 0 1 2 0 4 0 0 0 1 1 0 5 0 0 1 0 0 0 0 0 3 0 0 0 4 0 0 0 0 0 0 1 0 0 0 0 1 0 0 0 1 6 0 0 0 0 1 0 1 0 0 5 0 0 0 2 0 0 1 0 1 0 0 0 0 1 2 0 0
0 1 6 7 0 3 7 8 13 5 16 19 16 3 6 22 32 12 7 0 5 2 1 0 7 3 2 7 7 7 1 4 13 1 14 3 29 0 1 4 2 5 0 8 1 3 1 3 11 1 0 16 8 2 1 6 6 16 3 25 2 2 0 1 9 26 3 2 3 1 11 5 0 7 15 0 2 0 46 3 4 51 7 3 9 29 2 3 4 5 23 11 0 3 12 3 3 8 2 3
0 0 0 0 1 0 0 2 1 0 0 0 0 1 1 0 0 0 0 2 0 0 2 0 3 2 0 2 0 1 0 1 0 1 1 0 0 0 1 0 0 5 1 0 0 0 0 1 0 0 1 0 0 1 0 0 0 0 0 0 0 0 0 0 2 0 1 1 23 0 0 1 0 0 0 0 1 2 0 0 2 0 0 0 0 5 1 0 0 0 1 1 0 0 0 0 0 2 0 0
0 12 0 10 1 1 2 2 8 10 2 6 13 0 13 7 14 14 13 0 1 16 27 6 14 1 5 22 5 12 14 9 1 8 4 2 13 4 2 15 6 12 7 2 2 5 3 17 4 2 4 34 25 11 1 3 6 11 4 9 10 5 0 2 2 1 1 0 1 0 2 1 1 1 4 4 0 17 4 1 1 1 0 6 0 2 6 2 6 3 2 3 1 2 3 0 6 0 9 1
