1 0 1 0 0 0 0 0 0 0 2 1 0 1 0 0 0 0 0 0 0 0 1 0 1 1 0 0 0 1 0 2 0 1 0 0 0 0 0 0 1 0 5 0 0 0 0 2 0 2 0 0 0 0 0 2 0 0 1 0 0 0 0 1 2 0 0 0 1 1 0 0 0 1 0 0 0 1 0 2 0 0 0 8 0 0 0 0 0 0 0 0 1 0 2 0 1 0 2 0
0 1 0 1 1 0 0 4 0 0 0 0 0 0 0 2 1 0 0 0 1 0 0 0 0 0 0 0 0 0 0 0 3 0 0 0 0 1 0 0 0 1 3 0 1 3 0 1 1 0 0 2 0 0 1 0 0 0 1 0 0 0 0 0 3 0 1 1 0 0 0 0 0 0 0 0 0 0 0 0 1 1 0 0 0 0 0 0 0 0 0 0 0 0 1 0 0 0 0 4
6 1 2 10 1 1 16 0 1 7 1 7 2 6 2 2 5 2 0 2 4 3 3 4 0 0 13 3 1 6 4 0 1 4 1 0 7 4 3 6 2 3 0 1 10 1 0 1 5 0 2 7 9 3 0 1 2 24 3 4 5 1 1 1 0 1 0 6 5 8 2 1 2 0 3 18 3 5 0 3 0 6 14 0 1 12 5 0 1 31 8 3 4 3 0 2 5 0 3 6
6 5 1 2 1 9 2 13 3 0 14 2 9 9 6 7 12 3 3 0 3 1 4 1 6 2 1 1 2 1 10 32 10 1 6 1 0 12 1 6 14 0 14 0 1 0 11 2 10 0 1 5 13 0 0 7 1 8 13 12 11 8 1 4 8 18 2 0 4 4 0 1 2 2 0 1 16 4 7 7 8 1 2 0 4 2 5 4 7 0 7 0 2 0 3 4 4 4 1 4
0 1 1 0 1 0 1 0 0 0 0 0 0 0 0 0 0 0 0 0 0 0 0 0 0 0 2 0 0 0 0 0 0 0 0 0 0 0 0 2 1 0 3 0 0 2 0 0 1 0 0 1 0 1 0 1 0 0 0 0 1 0 0 0 1 0 0 0 1 0 0 0 0 2 0 1 0 0 1 0 0 0 0 5 0 0 2 0 0 0 1 1 0 3 0 0 0 0 0 0
6 8 3 1 27 1 3 7 9 0 5 13 1 5 1 0 1 2 0 2 9 7 7 10 1 11 10 9 29 0 18 4 4 4 8 15 2 25 5 13 2 0 21 2 2 1 3 0 24 22 10 6 20 3 14 3 10 5 2 0 16 33 16 3 12 7 0 4 1 7 0 9 4 22 11 10 1 6 0 0 8 26 0 10 9 5 9 2 8 31 5 11 8 21 4 4 11 2 1 8
3 10 3 3 4 0 3 11 17 2 7 1 0 0 10 2 2 3 1 0 2 0 3 2 5 3 5 8 0 6 16 1 11 16 2 2 2 3 10 1 6 20 5 2 9 1 10 4 7 14 3 1 0 4 1 4 0 6 0 4 7 1 15 1 1 2 1 5 2 2 6 2 0 0 0 8 4 6 2 16 2 12 1 2 4 5 4 5 2 10 0 2 0 1 3 5 3 3 3 4
4 5 1 0 1 4 1 4 1 22 0 0 2 0 2 1 6 8 0 1 5 7 2 2 9 1 1 11 5 10 6 2 1 3 0 3 4 3 1 0 0 0 4 8 8 6 20 1 0 7 2 0 1 3 9 12 6 9 0 3 9 7 0 0 0 10 1 4 0 7 2 5 1 0 0 11 12 2 0 2 0 5 2 3 1 1 2 1 21 11 0 1 2 0 1 2 33 1 3 5
3 8 7 4 9 16 8 4 0 3 1 14 0 2 5 4 13 7 1 21 2 11 9 0 20 1 14 0 22 0 2 0 5 0 16 4 3 1 12 3 1 10 10 7 6 1 2 4 24 8 3 0 13 1 0 15 0 8 3 4 1 19 5 18 5 11 1 2 22 3 10 3 1 18 2 3 12 7 6 0 1 2 9 0 2 0 3 7 3 0 1 7 4 5 0 2 1 7 3 0
9 8 3 3 27 3 6 4 13 1 2 11 1 2 9 23 5 2 7 5 5 9 13 15 2 24 2 3 3 3 4 9 26 6 14 6 5 1 12 15 6 11 0 10 0 6 15 2 3 1 21 7 4 5 1 0 8 1 0 12 6 7 4 5 24 13 8 18 17 1 0 0 0 0 10 4 0 17 14 1 0 1 7 9 10 3 3 9 3 6 2 1 4 15 14 1 3 1 6 12
3 28 1 18 3 2 5 6 13 1 6 2 0 3 8 1 21 0 2 3 21 3 4 2 0 18 4 4 9 3 2 2 5 4 5 14 24 18 11 25 1 12 1 15 9 4 6 31 1 19 11 7 9 1 8 1 5 4 14 1 17 1 27 9 10 12 20 19 29 2 5 3 0 10 0 0 2 6 8 3 3 3 3 8 0 3 4 1 3 8 1 4 11 19 3 6 0 3 2 10
7 14 4 1 5 6 10 0 26 0 3 8 3 5 2 5 14 6 3 4 16 6 6 5 8 0 10 4 2 10 13 6 2 13 2 0 0 4 1 1 0 3 19 16 1 3 10 8 12 2 0 3 1 12 0 1 4 15 4 2 0 0 1 1 11 2 24 13 13 8 5 1 12 1 3 11 16 12 5 6 3 1 0 5 32 21 4 7 18 0 8 0 10 5 5 8 12 41 5 2
2 0 6 11 3 2 18 0 0 2 4 5 9 4 4 0 2 3 1 1 0 0 7 3 28 18 1 13 1 0 0 20 2 1 3 1 0 6 7 4 2 1 19 1 0 6 0 9 0 4 1 2 0 4 3 0 0 11 3 10 7 2 8 0 3 0 3 4 0 12 8 27 1 4 5 9 1 11 4 9 2 7 2 6 8 0 4 1 5 4 1 7 2 0 4 2 0 4 2 2
0 6 4 2 7 11 1 1 1 34 1 2 14 7 30 13 13 4 4 7 1 4 5 4 6 2 7 13 2 7 6 0 16 13 6 0 2 0 1 13 0 3 1 11 6 3 9 1 21 19 1 1 2 4 6 14 1 7 14 18 60 2 5 1 1 1 10 8 29 6 0 7 0 13 5 12 0 12 4 0 1 0 0 11 4 4 8 8 3 0 1 11 8 15 0 3 43 0 58 4
0 0 0 2 0 0 6 0 11 0 0 0 0 19 1 1 0 0 1 1 0 0 7 1 0 0 0 0 0 1 0 11 0 1 0 0 5 0 3 0 0 5 8 0 1 4 0 1 0 0 0 0 0 1 0 0 0 0 1 1 1 2 2 0 1 0 0 0 1 0 0 0 0 0 0 1 0 0 4 0 0 0 0 0 0 3 0 0 0 6 0 0 0 2 12 0 1 5 2 1
16 1 0 0 0 0 1 3 10 11 2 19 1 4 3 1 14 6 0 2 13 4 19 3 4 4 14 5 0 10 4 0 2 4 1 1 0 17 15 7 0 0 21 0 2 3 2 6 0 0 1 0 2 0 18 0 8 0 0 0 7 2 3 9 12 6 0 3 18 3 1 1 4 0 2 7 3 0 13 10 4 9 14 1 4 0 8 10 7 6 0 0 1 2 2 0 7 2 4 0
6 2 1 0 17 8 6 10 10 2 0 1 0 0 1 11 18 20 15 4 2 8 2 9 7 2 34 16 1 31 21 20 0 16 2 8 2 2 2 11 2 5 4 3 4 6 6 8 10 10 2 7 18 0 34 0 2 20 4 9 7 3 10 0 11 3 16 11 0 18 2 19 12 12 2 19 3 3 3 2 0 1 7 2 34 4 1 4 23 3 5 4 4 4 1 1 2 2 0 24
8 21 6 3 3 7 7 11 6 6 10 6 0 1 10 1 15 22 8 4 13 5 21 4 3 8 0 0 5 4 3 1 14 15 3 5 3 4 12 0 3 7 1 7 1 2 0 15 23 0 0 2 14 0 3 3 9 4 6 17 58 7 20 12 2 5 7 1 11 2 8 11 3 5 3 0 0 13 16 0 18 11 32 6 0 3 9 29 0 6 1 6 12 18 18 5 16 3 3 11
2 15 2 9 1 9 14 2 2 17 0 9 2 1 16 10 0 1 5 6 14 10 12 2 0 15 5 17 2 0 1 0 3 4 13 6 43 0 3 3 0 6 5 0 15 1 7 0 5 0 1 6 9 7 7 2 0 6 14 1 19 0 29 6 14 18 11 9 2 1 0 3 6 6 1 5 4 5 3 9 14 2 14 3 1 5 7 6 9 12 10 0 0 8 0 3 4 18 20 6
3 0 5 0 0 7 3 4 0 2 1 3 0 0 19 4 0 2 5 2 10 12 4 5 3 0 3 6 2 2 2 0 0 5 1 4 0 5 0 2 6 0 0 6 6 1 2 3 24 2 2 1 6 12 1 1 12 3 9 7 0 1 3 0 1 3 11 1 1 3 2 0 1 2 1 4 4 3 0 2 2 16 0 1 10 3 0 1 9 0 6 1 6 1 0 2 0 0 8 3
1 0 0 3 1 0 2 0 0 0 1 1 0 1 0 0 0 0 0 0 0 0 0 0 2 0 1 0 0 0 0 0 0 0 2 0 1 1 0 1 0 0 8 0 0 0 0 0 0 0 0 1 1 0 0 1 0 0 1 0 0 0 0 0 2 0 1 0 0 1 0 0 0 0 1 1 1 0 0 3 3 0 0 0 1 3 0 0 0 0 0 0 0 0 1 0 0 0 0 1
0 3 6 6 4 0 2 4 4 3 0 7 0 9 5 7 7 6 0 0 7 12 1 5 1 19 7 0 8 3 7 2 3 0 1 0 0 4 0 14 3 6 6 0 2 6 3 4 13 0 4 5 8 0 9 11 0 1 8 0 2 0 10 3 0 0 0 20 2 3 11 0 2 1 4 2 8 6 8 3 5 2 6 1 13 18 11 4 1 0 6 0 1 13 13 4 2 4 0 1
0 0 0 0 0 0 0 0 0 0 1 0 1 0 0 0 0 0 0 0 0 0 0 0 10 0 1 0 0 0 0 3 1 0 1 0 1 0 0 0 0 0 0 0 0 0 0 1 2 0 0 0 1 0 0 0 0 0 0 0 0 0 0 0 0 0 2 0 0 0 1 1 0 0 2 0 1 0 0 0 0 0 0 0 0 0 0 2 0 0 0 0 0 0 0 0 0 2 0 1
1 3 1 0 0 0 2 1 1 0 0 0 0 3 0 0 0 2 0 1 1 0 5 0 0 9 1 0 0 0 1 2 0 0 0 0 0 0 0 0 0 0 5 1 0 0 0 0 2 1 0 0 0 0 0 0 0 0 1 0 0 0 0 0 6 0 2 0 1 0 3 0 0 0 0 0 1 0 11 0 1 0 0 12 0 0 2 0 0 1 0 0 1 0 17 0 0 11 0 0
6 11 4 9 25 3 3 5 19 3 6 17 17 10 3 0 11 3 14 1 5 29 0 4 31 10 12 30 8 0 14 18 7 12 12 7 4 12 5 1 8 3 0 18 8 2 10 0 0 10 19 0 13 2 16 7 7 8 0 7 2 0 0 0 2 7 39 2 2 17 2 0 8 1 2 9 10 5 17 14 2 7 0 5 2 11 0 6 1 1 4 0 3 15 12 7 17 15 6 3
0 0 0 1 1 0 0 2 1 0 0 0 1 0 0 0 0 0 0 0 0 0 1 0 0 0 0 0 1 0 0 0 0 0 3 0 0 4 0 0 0 0 1 0 0 3 0 0 0 0 0 0 0 0 0 0 1 0 1 0 0 0 0 0 0 0 11 1 1 0 0 0 3 0 0 0 0 3 0 0 0 0 0 0 0 0 0 0 0 0 0 1 0 1 0 0 0 0 0 0
16 11 9 6 12 3 9 2 0 4 4 7 0 2 2 25 18 15 8 4 9 2 5 2 11 1 2 10 0 8 4 6 0 12 4 17 12 2 12 0 7 8 0 5 8 3 7 3 1 3 15 3 9 14 3 10 6 15 6 5 8 6 1 0 2 0 4 8 5 6 5 1 21 13 19 0 25 29 6 1 7 7 0 2 0 0 0 0 1 1 6 32 22 4 12 1 3 16 6 8
5 9 13 7 1 8 2 0 1 2 2 3 15 3 1 8 0 0 5 3 4 9 5 7 3 1 2 2 1 7 9 19 3 7 10 4 5 2 7 0 9 1 1 5 15 2 1 8 2 9 19 9 1 8 1 18 0 4 4 9 0 0 2 0 0 1 0 1 8 6 0 4 2 11 1 5 6 2 5 1 0 0 5 1 1 0 0 3 2 0 9 2 7 6 4 2 6 2 3 2
24 6 2 9 16 6 0 13 1 4 21 1 3 5 17 13 9 4 0 8 8 3 0 0 8 1 3 5 4 8 4 19 0 16 9 23 36 23 4 10 20 5 14 20 30 8 4 1 10 8 6 7 16 0 15 9 1 2 5 13 2 0 2 0 2 2 10 5 29 0 5 8 5 13 4 7 1 4 22 1 14 0 4 0 5 9 10 20 7 5 11 6 12 3 15 26 2 4 7 13
0 1 1 0 0 1 0 0 1 1 0 0 0 2 1 0 0 0 0 4 1 0 0 0 0 0 0 0 0 2 0 0 0 2 0 2 0 0 0 0 2 0 0 2 3 1 0 1 1 0 0 0 0 0 1 0 0 0 1 0 0 0 0 0 0 0 0 0 0 2 1 0 0 1 0 0 2 0 0 2 0 0 0 0 0 0 0 0 3 0 0 0 0 0 0 0 1 0 0 0
0 7 3 6 1 16 0 1 0 10 10 3 2 18 7 0 0 5 0 2 5 7 0 4 2 5 2 0 9 2 4 0 0 8 6 0 10 0 2 7 9 0 23 6 0 2 2 0 7 7 4 7 0 6 0 1 2 10 2 7 2 0 6 1 2 0 9 1 0 5 1 3 7 0 0 0 3 2 26 3 4 10 1 6 8 0 21 8 0 5 9 2 1 2 15 7 1 27 2 0
4 23 9 11 20 3 0 4 1 7 11 7 7 5 13 19 13 6 23 4 7 5 1 4 20 0 10 18 1 11 0 13 5 0 0 0 1 2 15 4 13 1 1 20 14 11 1 3 8 0 23 13 8 3 4 8 2 6 14 1 2 5 2 22 31 1 2 2 7 3 0 0 5 16 1 4 3 1 14 5 0 4 17 3 0 15 6 4 7 4 11 5 6 5 21 30 4 9 2 12
11 2 7 0 3 9 1 0 0 0 4 2 0 5 3 5 7 3 4 2 4 1 3 2 0 10 2 1 0 10 9 0 6 2 0 10 0 6 10 0 1 2 6 0 6 38 2 2 2 0 1 7 6 13 0 0 3 15 2 0 17 2 13 0 8 0 1 4 10 1 7 6 1 2 2 7 0 1 2 6 1 11 22 5 0 0 6 13 8 0 9 0 7 4 2 9 9 2 0 5
4 0 0 0 0 13 0 1 0 0 4 1 7 0 9 3 1 1 8 0 0 1 0 3 4 0 0 9 18 2 1 0 1 5 2 3 4 12 0 4 3 0 0 9 14 13 6 10 17 3 0 2 0 1 3 6 0 2 5 2 3 14 0 4 0 7 0 8 0 2 0 3 7 3 1 0 6 28 1 0 0 8 5 0 5 1 0 0 6 0 4 4 5 1 0 4 1 0 1 2
0 0 3 3 1 2 4 2 2 0 0 0 2 8 2 9 2 4 4 13 1 5 0 1 9 4 5 4 2 18 1 0 3 7 2 1 1 4 3 5 0 0 4 1 1 11 7 0 14 9 19 5 1 1 1 4 0 11 20 4 7 4 4 0 1 9 7 3 7 0 2 1 11 10 4 5 0 14 1 26 6 0 5 4 4 9 0 2 2 2 5 0 9 2 2 2 6 0 0 3
0 1 1 0 0 1 10 0 2 0 1 0 1 0 0 0 2 0 1 1 0 0 0 1 0 2 3 0 0 0 2 2 0 0 0 0 0 2 0 0 0 0 6 0 1 0 1 0 0 0 0 0 0 0 0 0 0 0 2 0 0 0 0 0 2 0 0 0 0 1 0 0 1 0 0 2 0 1 5 0 2 0 0 10 0 0 2 1 0 16 0 0 1 0 2 4 0 9 0 0
0 1 1 2 0 1 0 3 1 2 0 0 2 0 2 0 0 0 0 0 0 1 1 1 0 0 0 0 0 0 0 0 0 1 1 0 0 0 0 1 0 0 0 0 1 0 0 0 2 0 1 1 0 0 0 0 0 0 0 2 1 0 1 0 3 1 0 0 1 0 0 0 0 0 0 3 0 0 0 0 0 0 0 2 0 1 1 0 0 1 0 0 0 0 0 1 0 1 0 0
0 1 0 0 1 0 0 1 0 0 0 0 0 0 0 0 0 0 0 1 0 0 1 0 0 1 2 1 1 0 0 0 1 0 0 0 1 1 0 0 0 3 0 0 1 0 0 0 0 1 0 0 1 1 0 0 0 0 0 0 0 0 0 0 0 0 7 2 2 2 2 0 0 1 1 0 1 0 0 0 0 0 0 0 0 0 0 1 1 0 0 2 0 0 1 1 0 0 0 1
0 2 0 0 0 0 0 0 1 0 0 0 0 0 0 0 0 1 0 1 1 0 3 1 0 1 0 0 0 0 0 0 0 1 0 1 0 0 0 0 1 0 1 0 4 0 0 0 0 0 0 0 0 0 1 3 0 0 3 1 0 0 2 0 4 0 0 1 1 0 0 0 0 7 0 0 1 0 0 0 0 0 1 3 0 1 0 0 1 2 0 0 1 1 1 0 0 0 0 0
0 4 1 0 1 0 3 0 1 0 1 0 0 18 0 1 1 1 2 0 0 0 0 0 0 1 1 1 0 0 0 1 0 0 2 0 0 1 8 0 1 0 14 0 1 3 1 0 0 0 0 0 2 0 0 1 1 0 0 0 1 0 0 0 1 0 2 0 0 0 1 1 0 0 1 0 1 0 9 0 0 0 0 0 0 2 2 0 0 2 0 0 1 0 15 0 0 1 0 3
20 8 3 1 0 10 5 3 1 0 5 14 0 1 3 16 0 4 0 0 6 3 2 1 6 3 0 10 4 6 3 3 0 2 6 2 0 0 1 10 1 0 18 1 3 3 4 3 0 5 2 2 6 0 1 7 1 1 8 10 0 1 9 0 33 7 1 0 3 3 2 0 5 1 0 0 3 0 2 0 16 3 5 4 1 2 0 8 1 2 4 0 0 7 1 2 1 1 1 1
3 10 14 14 23 2 2 17 10 5 14 1 1 1 3 1 4 19 4 1 13 4 8 1 0 20 3 15 4 5 25 10 2 4 5 16 1 0 13 1 0 0 10 10 10 11 6 23 15 0 14 2 4 15 3 14 3 6 2 20 5 2 5 4 11 6 5 1 4 27 2 6 15 3 13 6 1 0 4 6 2 12 16 1 6 6 2 4 10 15 5 2 6 4 8 15 8 2 18 13
2 2 0 1 0 2 0 0 1 3 0 0 0 0 1 0 0 0 1 0 0 0 0 0 1 0 0 1 0 1 0 0 0 0 7 0 5 0 0 0 0 1 0 1 1 1 0 1 0 1 0 0 0 1 0 0 0 0 1 0 0 0 1 0 0 0 2 0 1 0 0 0 0 0 1 0 1 1 1 2 0 0 0 3 0 0 1 0 0 0 0 0 0 0 0 0 0 0 1 0
3 6 1 1 0 2 5 19 5 9 1 7 6 14 2 2 1 12 0 2 1 2 4 0 1 1 2 3 0 2 1 10 5 3 0 6 0 0 6 12 0 0 2 0 1 2 1 4 6 2 4 0 6 8 2 16 16 0 8 2 11 7 0 2 35 1 6 11 2 1 0 3 3 2 15 6 3 7 4 1 2 13 2 12 9 2 0 10 3 9 13 2 4 6 18 7 1 15 7 13
1 0 9 8 1 0 1 21 6 3 6 2 4 4 1 0 6 1 2 10 14 1 2 3 9 2 1 0 24 5 1 4 0 2 13 29 7 25 0 15 5 0 2 10 6 1 0 0 18 2 20 7 10 7 11 4 0 3 5 1 7 7 3 1 5 24 3 0 1 3 6 7 23 26 0 1 3 6 0 2 4 7 30 3 7 0 0 11 7 0 16 0 16 0 2 5 4 0 19 3
6 8 5 6 9 4 11 6 3 6 3 12 2 3 6 12 37 12 21 3 4 0 10 6 5 3 11 6 1 2 0 4 4 15 11 23 3 2 3 8 6 6 0 3 4 3 9 1 0 7 17 6 0 10 6 2 1 0 0 14 4 0 7 2 2 0 3 5 7 12 2 7 3 7 8 2 9 31 11 7 0 0 3 0 17 5 8 0 1 5 1 1 11 22 1 11 7 2 8 5
1 10 0 1 1 0 0 1 0 0 0 0 0 0 1 0 0 0 0 0 1 0 10 0 1 1 0 0 0 0 0 1 0 0 1 0 2 0 2 0 0 0 8 0 0 0 0 1 1 0 1 0 0 0 0 2 0 0 0 0 1 0 2 0 3 0 0 1 0 0 0 1 0 0 0 0 0 1 1 2 0 0 0 25 1 1 0 0 0 2 1 0 0 0 1 0 0 0 0 0
1 0 0 0 1 2 1 1 0 0 1 0 0 0 0 0 2 0 1 0 0 0 1 0 0 0 2 0 0 1 0 0 0 0 0 2 0 0 0 0 0 0 0 0 1 0 0 0 1 0 0 0 1 0 0 1 0 0 0 0 2 0 1 0 0 0 0 0 0 4 1 1 0 2 0 1 0 1 0 0 1 0 0 1 0 0 1 0 0 0 0 0 0 0 0 0 0 0 0 0
0 0 1 0 0 0 2 0 2 1 0 0 0 0 0 1 3 0 0 0 2 1 0 0 1 0 0 0 2 0 0 0 1 0 1 0 1 0 0 0 0 0 15 0 0 0 1 2 0 0 0 0 0 0 1 0 0 0 0 1 1 1 0 0 1 0 0 0 0 1 0 1 0 0 0 0 0 0 0 0 1 0 1 1 0 0 2 0 0 0 0 1 0 0 1 0 0 0 0 0
6 3 5 1 0 4 4 4 2 2 4 3 0 5 2 0 24 1 7 2 2 4 1 3 8 5 9 10 0 9 0 0 5 0 5 0 0 5 12 1 18 6 2 0 1 4 16 1 9 1 0 1 0 7 4 1 1 9 5 5 1 2 1 0 9 8 3 16 2 0 9 2 19 10 4 0 4 0 7 9 0 3 3 8 0 3 3 4 7 14 0 16 1 7 5 2 1 0 8 3
