0 1 2 0 0 0 2 0 0 0 0 0 0 0 0 0 1 0 0 0 0 0 1 0 0 0 0 2 1 0 1 0 1 0 0 0 1 0 1 0 0 1 1 0 0 1 0 0 0 0 1 0 1 0 2 0 0 0 1 0 0 0 2 0 0 0 0 0 0 0 0 2 0 2 0 0 0 0 0 0 0 1 0 0 0 1 0 0 1 3 0 0 0 1 1 0 1 0 1 0
15 0 2 13 6 2 10 2 5 0 1 4 0 5 16 1 34 9 0 3 26 29 0 0 23 0 9 2 5 0 0 20 13 3 10 2 4 3 11 0 2 8 4 1 0 5 7 2 0 22 0 2 11 22 5 5 8 14 10 21 3 1 9 21 2 4 22 4 8 3 3 4 0 3 8 13 6 4 4 25 12 45 0 5 30 1 4 22 1 16 5 15 13 6 3 4 1 12 2 1
0 0 0 0 0 0 1 0 0 0 3 1 1 0 0 0 0 1 0 1 1 0 0 0 0 0 1 1 0 0 0 3 0 0 1 1 0 0 0 0 0 0 0 1 0 0 0 0 0 0 0 0 0 1 0 0 0 0 7 0 0 3 0 0 0 2 0 2 0 0 0 0 0 3 1 0 0 1 0 0 2 0 0 0 0 1 0 0 1 0 0 1 0 0 0 1 0 1 0 1
10 28 5 15 1 6 2 12 7 10 15 12 1 0 6 5 3 6 15 19 1 0 4 0 2 0 2 0 2 3 7 1 40 4 8 7 33 13 6 0 22 7 2 0 9 8 14 2 4 12 29 7 3 0 0 5 0 12 34 13 24 18 3 1 7 7 1 44 15 17 11 4 4 12 0 10 3 0 4 8 27 3 4 4 6 13 4 20 7 4 17 22 3 0 0 0 2 8 7 8
12 0 0 4 13 0 0 6 1 2 2 8 3 0 6 1 0 13 10 8 1 1 6 6 0 3 8 3 2 7 0 3 0 1 7 15 1 1 0 16 0 10 10 8 0 10 7 3 1 2 1 3 5 5 2 1 0 5 0 1 2 2 6 3 1 15 3 2 1 4 5 2 1 0 11 0 14 2 0 0 2 1 1 2 1 0 12 7 16 1 0 2 6 1 9 1 0 5 3 0
9 0 6 78 1 2 4 0 5 2 5 1 26 14 4 5 10 1 13 3 18 9 0 7 9 0 6 4 4 1 0 5 2 51 13 12 5 5 3 11 12 8 16 12 7 9 34 16 13 3 2 22 15 12 10 1 0 3 2 35 4 0 0 4 1 4 19 5 2 14 20 1 12 4 12 18 2 3 0 2 0 14 6 0 1 13 2 5 16 41 14 2 10 2 2 8 0 1 7 8
3 13 0 18 23 9 1 9 7 31 3 15 6 1 25 0 14 26 3 9 3 15 15 3 11 10 0 7 0 13 0 2 1 1 32 6 0 2 8 19 1 2 0 5 0 5 23 0 1 1 0 0 2 0 1 19 12 21 14 11 3 2 8 1 5 27 16 15 3 16 1 22 3 0 34 46 2 25 3 4 17 3 4 8 2 13 7 0 3 2 4 6 10 2 16 5 1 11 6 7
9 0 1 2 0 0 1 0 0 14 3 5 3 6 3 3 6 19 16 0 8 2 16 2 18 6 10 8 0 8 5 25 9 0 31 11 3 8 3 2 21 4 2 18 0 3 1 0 6 0 0 16 7 0 15 0 4 67 7 9 13 0 5 0 13 3 0 6 8 8 0 2 1 3 37 3 2 5 1 0 4 1 5 5 6 4 8 0 5 2 6 4 3 1 2 22 0 4 1 8
4 0 3 6 0 1 3 20 30 10 3 11 4 5 11 5 6 6 15 11 3 1 10 5 8 4 0 2 13 0 15 4 2 9 0 0 4 3 3 12 5 21 12 1 5 1 16 4 1 14 0 0 11 19 3 5 0 4 13 3 0 3 3 4 23 12 5 1 5 3 1 0 5 5 4 6 3 6 8 0 19 1 6 0 6 52 2 7 24 2 17 3 88 0 0 4 19 16 0 24
1 0 0 0 0 1 0 1 0 1 1 0 0 1 0 2 1 0 0 1 0 0 1 0 0 0 0 1 0 0 1 0 2 0 0 0 0 1 0 2 0 0 0 1 0 0 0 0 0 0 1 0 0 0 0 0 0 4 0 0 1 0 0 0 1 0 1 1 0 1 0 0 0 11 0 1 0 0 1 0 1 4 0 1 2 2 1 0 0 0 1 0 0 0 1 2 0 2 0 4
0 1 2 0 0 0 2 0 0 0 0 0 1 2 0 0 0 0 0 1 1 0 1 2 0 0 1 0 1 0 1 0 6 1 0 0 0 0 1 1 0 2 0 0 12 1 0 0 0 0 0 0 0 0 0 0 0 0 0 0 0 0 0 0 0 1 2 0 0 1 0 0 1 0 0 1 0 0 12 0 2 0 0 1 0 0 3 1 1 0 0 1 0 0 3 0 1 0 1 0
10 5 0 13 15 6 14 2 0 6 0 6 14 3 9 5 13 14 23 14 3 11 5 19 5 2 7 12 5 1 9 2 1 2 6 1 0 14 19 2 11 3 2 8 9 22 18 17 5 12 11 10 3 4 12 1 5 4 2 5 0 4 7 3 5 9 21 1 3 1 1 4 3 2 11 10 5 3 12 4 15 0 7 1 7 16 2 2 5 1 14 25 0 0 6 18 12 18 30 5
0 0 1 0 2 2 0 0 0 0 0 0 2 0 2 0 0 0 0 0 0 11 1 0 0 0 0 0 0 0 0 0 0 0 0 1 0 0 1 0 1 3 1 0 10 1 0 0 0 0 3 1 0 0 0 1 1 0 0 0 0 2 2 0 1 0 2 9 0 1 0 0 1 0 0 0 0 0 0 0 1 0 1 2 0 0 0 0 0 0 0 0 0 3 0 0 0 1 31 0
0 2 2 1 0 3 0 0 0 0 0 0 0 0 1 0 0 0 0 1 0 2 1 1 0 0 0 0 0 0 0 2 0 0 0 0 2 0 0 1 0 0 0 2 9 1 0 0 0 1 0 0 1 0 0 0 3 0 3 0 1 1 0 0 2 1 0 0 2 1 0 1 2 0 1 0 0 0 2 2 1 0 0 1 0 2 0 11 0 3 0 1 0 0 1 0 6 1 0 1
1 0 0 0 0 0 0 0 3 0 0 0 0 0 0 0 0 0 0 0 3 1 0 2 0 0 1 0 0 2 1 0 0 0 0 0 3 0 0 0 3 0 0 0 0 0 1 0 0 0 0 0 0 0 0 1 0 0 3 0 0 0 1 0 0 1 0 0 0 0 0 0 0 0 0 0 0 0 0 2 0 1 1 1 0 1 4 0 0 0 1 0 0 1 0 0 0 1 0 1
4 2 9 8 0 7 27 1 18 4 2 0 8 4 8 0 0 1 5 6 1 12 0 49 12 0 0 4 1 11 4 7 0 13 12 4 17 21 15 0 14 5 1 0 2 1 0 5 1 5 0 12 11 26 0 4 1 15 24 19 16 9 1 6 0 6 1 2 0 1 3 6 1 13 8 5 5 3 6 1 15 0 1 2 23 2 0 3 5 2 4 16 26 6 2 5 12 2 1 0
1 4 3 9 0 1 0 7 12 1 0 1 3 0 1 8 1 0 0 0 0 3 6 3 0 2 0 0 10 0 0 6 2 0 0 0 0 22 0 1 0 3 7 2 2 0 0 1 1 13 6 0 0 0 2 0 1 5 1 0 10 2 7 0 5 8 0 7 7 8 0 0 5 6 0 0 0 4 1 4 6 10 6 1 1 0 14 2 0 1 7 6 1 0 0 0 0 4 5 0
7 0 12 5 0 3 2 14 4 16 3 1 5 1 10 5 3 11 21 0 1 1 2 2 5 4 0 10 15 2 6 7 2 3 9 47 4 0 2 8 10 1 5 2 11 14 6 12 4 11 15 3 9 19 2 4 18 1 8 10 0 10 13 4 15 7 15 9 14 6 11 5 14 12 6 10 3 9 3 13 29 7 1 17 15 1 2 1 0 1 0 18 7 4 14 13 13 13 15 21
0 0 0 0 1 0 0 0 1 1 0 1 0 0 0 0 0 0 0 1 1 0 0 0 1 0 0 0 0 1 1 0 10 0 0 0 1 0 0 1 0 3 1 1 9 0 0 0 3 1 1 2 1 0 0 0 1 1 0 0 0 0 0 3 0 0 1 0 0 2 2 0 1 1 0 2 1 4 3 0 0 0 0 8 0 0 1 20 0 1 0 0 0 0 0 3 1 0 0 0
0 0 1 0 13 3 0 0 0 0 0 0 0 1 13 0 0 1 0 1 0 0 2 1 2 2 0 1 0 1 3 0 1 1 4 1 1 2 0 0 1 0 0 1 0 0 1 1 0 2 0 3 0 10 0 4 0 0 0 0 2 0 0 2 0 0 0 0 0 1 0 2 0 0 5 2 3 1 0 0 0 1 1 1 0 0 1 2 1 0 0 0 1 3 0 8 2 0 0 0
3 0 19 5 3 5 2 20 11 4 13 9 2 0 1 5 9 29 2 0 4 1 0 3 12 8 0 0 0 8 4 1 7 0 1 9 4 12 1 5 1 2 1 1 0 12 16 5 6 6 1 1 2 3 4 13 34 4 6 14 6 3 18 1 16 0 4 3 12 2 23 14 8 4 2 1 9 7 2 2 3 4 4 5 16 8 0 3 3 44 6 8 8 2 2 12 1 3 3 0
29 0 5 2 1 4 6 2 17 0 1 18 2 3 6 27 6 6 0 27 0 9 13 0 3 4 0 0 12 5 13 12 16 0 1 3 0 15 16 12 5 0 1 23 4 0 0 5 18 5 9 4 4 3 28 12 0 18 30 25 7 7 1 2 8 2 7 1 7 32 17 4 4 30 40 3 5 8 0 8 1 3 1 1 11 23 13 1 4 2 3 10 0 9 9 5 0 3 6 2
6 4 5 7 12 3 3 17 16 22 19 3 7 2 26 5 25 2 10 2 1 0 28 1 4 1 0 23 13 3 0 3 4 14 10 6 21 3 12 12 13 4 12 7 26 10 13 7 8 2 11 5 13 11 1 10 20 5 1 0 2 11 2 0 7 33 0 7 3 11 2 6 4 8 8 1 0 4 9 2 7 1 7 0 7 1 3 0 11 16 1 6 3 25 4 0 4 2 14 1
1 0 1 1 6 3 0 6 8 1 6 2 2 0 4 1 2 5 14 10 4 14 0 4 5 5 5 6 5 2 8 6 0 1 2 1 6 3 10 5 18 1 0 2 2 13 7 1 8 2 3 2 1 4 3 1 1 8 14 0 4 14 14 0 4 4 7 5 6 3 0 1 1 3 11 2 4 6 23 2 1 2 9 2 1 4 2 14 20 2 3 0 10 2 0 0 5 12 4 0
0 3 3 10 0 0 24 5 0 1 3 1 0 0 4 0 12 2 1 9 3 2 0 1 2 2 0 0 8 0 12 0 1 22 0 0 9 10 1 0 1 2 1 1 0 2 0 3 6 3 4 2 5 0 10 3 0 3 1 7 3 13 2 7 1 2 3 27 3 8 1 7 18 11 10 2 0 4 6 2 9 14 3 8 1 2 21 7 2 5 4 10 3 4 5 0 4 30 12 5
0 1 1 1 0 0 6 1 0 0 0 0 0 0 2 1 0 1 0 0 1 0 1 0 0 0 0 0 0 0 0 1 0 0 1 0 2 0 0 0 0 0 0 1 1 0 0 0 0 0 0 0 0 2 0 0 0 0 1 1 1 1 0 0 0 1 0 0 0 0 0 0 1 6 0 0 0 0 0 0 0 1 0 0 0 1 0 0 0 0 2 3 0 2 1 0 0 0 1 1
0 0 0 2 0 0 0 0 0 2 1 0 17 0 0 0 0 0 0 0 0 0 0 0 0 0 0 0 0 1 0 2 3 2 1 0 12 1 1 0 0 0 0 1 0 3 0 0 0 1 15 0 3 1 0 1 0 0 0 0 1 5 0 0 1 0 1 1 0 0 0 0 0 0 1 0 0 1 18 1 1 0 0 11 1 0 0 1 0 0 0 0 0 0 0 1 0 1 5 0
0 0 1 0 1 0 0 0 2 5 0 0 0 0 0 0 1 0 4 2 3 0 0 0 0 1 2 1 0 2 0 0 1 1 1 0 1 0 0 0 0 0 0 1 1 0 1 0 0 1 1 0 2 0 0 0 1 0 7 0 0 0 0 0 1 3 0 1 0 0 2 0 0 2 1 0 0 0 0 2 0 2 0 0 0 1 0 0 0 0 0 0 2 0 0 1 0 0 2 1
1 0 4 2 7 0 6 29 7 1 3 0 0 3 6 30 10 2 13 3 0 6 18 12 6 3 6 2 0 3 5 13 9 1 20 1 1 1 2 5 7 0 0 4 2 4 1 2 0 6 4 1 2 9 4 0 5 3 2 17 1 7 5 7 1 2 6 8 15 9 0 1 3 12 3 0 5 0 2 11 5 5 3 0 9 3 12 2 3 1 4 1 1 10 7 2 5 13 22 1
2 0 0 0 2 1 0 0 5 1 0 0 1 0 0 0 0 0 1 0 0 0 1 0 0 1 2 0 0 0 2 0 7 0 0 0 0 0 0 0 0 0 1 0 1 0 0 0 0 1 0 0 0 0 1 1 0 0 0 0 0 0 1 0 1 1 1 2 0 0 0 2 0 0 1 0 0 0 0 4 1 0 1 0 0 0 0 2 0 0 0 0 0 0 0 1 0 0 2 0
0 0 0 0 0 0 6 0 0 0 0 1 0 0 0 0 0 1 0 0 2 2 0 0 0 0 2 0 1 0 0 0 0 0 0 0 0 0 1 1 1 0 1 1 1 0 0 1 0 0 3 2 1 3 0 0 0 0 18 0 0 3 0 0 0 0 0 0 0 0 0 0 0 15 1 0 0 0 0 0 0 0 0 0 0 0 0 1 0 0 0 0 0 0 0 0 0 0 1 0
3 4 1 3 1 4 3 2 3 10 0 0 5 7 11 3 8 0 1 8 1 22 1 27 8 1 11 3 0 1 2 9 0 16 1 5 2 3 8 1 4 1 2 5 0 0 4 1 0 3 13 4 2 1 4 3 1 1 2 0 0 7 10 0 0 4 4 1 7 0 1 7 17 3 8 8 2 5 0 4 4 1 2 0 0 7 0 1 5 8 1 12 0 9 1 3 7 6 5 1
0 0 0 0 5 1 1 0 0 0 0 0 2 12 1 2 1 1 0 0 0 0 0 0 4 1 0 5 0 0 9 0 2 0 8 9 0 0 0 0 0 0 1 0 0 0 0 0 5 0 0 2 0 1 0 1 5 0 0 0 1 1 0 0 2 0 1 1 1 4 0 8 1 0 0 1 0 0 1 1 0 0 0 0 0 2 0 0 0 0 0 1 2 1 0 3 4 0 0 0
0 0 0 0 0 0 0 0 3 0 1 0 0 0 0 0 0 0 0 1 0 1 0 1 0 0 0 0 0 0 0 0 2 0 0 0 0 3 0 0 0 0 0 0 20 0 0 6 0 0 0 1 1 0 0 0 1 0 1 1 0 2 0 0 0 0 0 0 1 0 2 0 0 2 0 0 1 3 4 0 1 0 3 0 1 0 1 5 0 0 0 0 0 0 0 1 1 0 0 0
1 5 1 0 10 6 2 3 20 2 17 2 0 7 7 1 2 3 15 6 2 7 12 20 0 21 0 1 5 11 38 3 1 6 5 5 12 25 7 17 18 1 2 14 1 6 3 5 10 1 6 7 4 9 4 0 24 9 6 0 2 0 2 34 3 1 1 5 28 58 5 1 41 16 5 13 23 5 1 5 0 18 22 9 7 6 5 3 3 23 3 0 10 6 0 8 7 5 13 8
1 4 5 6 4 1 3 3 4 0 0 5 2 10 12 18 10 19 2 2 17 0 2 15 0 2 5 5 3 6 6 29 3 16 2 8 1 17 1 0 8 6 0 3 1 4 6 18 0 1 16 4 7 0 16 5 4 3 4 13 10 7 6 2 13 11 1 1 21 0 7 4 4 15 5 8 11 17 3 10 16 10 0 2 5 2 18 2 2 26 0 18 29 3 19 7 10 1 2 3
1 0 0 2 0 2 0 0 0 2 1 2 5 1 2 0 0 0 1 0 0 1 5 1 0 0 1 2 1 0 0 0 1 0 0 1 20 0 1 0 0 1 2 0 2 0 0 0 0 0 3 1 0 0 0 0 0 0 2 3 0 0 0 1 1 0 1 1 0 0 0 0 0 1 0 0 1 0 6 0 1 0 0 3 0 0 0 0 0 2 0 0 1 0 0 3 0 0 0 0
0 0 3 0 0 0 0 0 0 0 0 1 0 0 0 0 0 1 0 1 0 1 1 0 0 1 0 0 0 0 0 0 1 0 1 0 1 0 0 0 0 0 1 0 5 1 0 0 0 1 0 0 0 1 0 1 0 0 0 0 0 0 1 1 1 1 0 0 1 0 0 0 0 1 3 0 1 0 2 0 0 0 0 13 0 1 1 0 1 1 0 0 1 0 0 0 2 1 0 0
3 4 7 2 2 7 1 0 8 2 15 4 12 4 0 2 4 3 9 2 5 17 2 5 2 1 3 22 5 10 1 7 0 8 3 6 3 2 14 0 2 6 3 3 3 4 0 5 2 0 9 0 18 7 4 2 2 2 3 1 14 4 4 1 4 15 4 2 4 7 5 1 5 7 3 2 5 1 2 3 2 3 0 4 22 1 0 12 8 4 7 1 1 5 1 2 4 8 3 1
6 6 1 25 5 2 3 18 3 5 0 8 9 0 5 1 14 16 2 19 2 3 2 1 8 3 3 0 4 9 2 6 0 17 40 13 3 1 1 8 3 2 2 13 10 2 2 6 16 17 4 4 7 3 2 10 29 2 0 10 2 2 14 8 6 2 26 4 16 4 18 4 0 7 1 3 1 11 1 0 0 1 9 7 10 0 1 1 17 8 13 12 14 0 3 33 0 4 0 1
2 5 7 3 3 18 3 1 0 2 0 12 0 4 5 6 2 2 7 2 14 0 19 11 4 9 4 3 0 7 1 7 1 2 6 4 1 3 8 1 21 8 28 0 0 6 1 16 3 1 40 4 19 11 9 16 0 0 0 1 15 0 7 7 2 0 0 11 24 5 1 8 0 4 0 7 4 6 7 9 13 3 2 9 12 16 11 0 7 3 5 5 11 8 3 26 0 20 1 7
0 2 54 5 3 3 7 7 0 39 11 10 0 19 32 1 0 6 13 3 4 4 0 1 5 9 20 8 23 4 8 1 10 1 3 1 2 5 24 7 4 1 0 1 0 8 7 10 15 1 1 1 0 2 1 2 0 14 9 2 3 3 20 13 5 7 7 0 24 0 14 2 3 1 0 0 12 0 3 16 0 3 15 8 0 15 5 0 12 2 1 11 3 3 2 2 13 1 1 17
3 0 1 2 7 14 0 2 0 22 5 6 8 2 5 0 0 5 2 1 6 31 5 0 3 0 7 1 2 1 1 2 4 2 10 3 10 8 0 0 6 3 1 4 0 2 2 2 6 2 0 2 0 3 6 9 1 0 0 2 2 0 10 2 12 0 18 0 0 0 2 15 2 0 0 4 0 0 2 0 1 14 7 1 14 2 1 2 3 1 8 6 3 2 8 7 3 6 5 5
0 0 5 0 0 8 0 0 0 0 2 0 7 0 0 0 0 0 1 0 0 0 5 0 1 1 0 1 2 2 0 0 10 1 0 0 2 0 0 0 0 5 0 0 8 0 1 0 0 1 8 0 1 0 0 0 1 0 0 1 1 4 0 1 0 0 2 1 2 0 1 0 2 0 0 0 0 0 5 0 1 0 0 11 0 0 0 3 0 0 1 0 2 0 1 0 0 1 8 0
0 0 0 0 1 1 0 0 0 0 0 1 23 0 0 1 0 0 0 0 1 5 0 0 0 1 1 0 0 0 0 1 1 0 0 0 14 0 0 0 0 5 1 0 0 1 0 0 0 0 1 1 1 0 1 0 1 2 0 0 0 1 1 0 0 0 1 1 0 2 0 0 3 0 1 0 0 0 14 0 0 0 1 3 0 0 0 8 0 1 1 1 0 0 1 0 0 0 8 1
2 0 2 0 0 0 1 2 1 1 2 0 6 2 0 7 3 0 2 2 0 1 12 5 1 0 0 0 5 7 0 3 1 1 0 1 0 1 0 0 0 3 2 0 2 8 11 2 9 4 0 1 0 0 1 0 1 2 0 0 0 24 0 1 7 0 0 0 32 1 6 0 20 4 0 1 0 0 4 0 4 6 11 1 3 1 25 12 0 1 4 0 7 0 0 0 0 7 2 4
4 3 8 1 16 0 0 1 0 0 3 0 16 13 4 0 5 2 1 5 1 0 6 2 1 0 1 11 2 10 2 0 1 13 3 11 3 2 2 15 2 2 7 7 0 1 0 5 3 1 5 6 6 12 2 0 20 13 11 5 0 12 2 0 6 6 22 3 7 0 1 4 2 18 3 0 6 16 2 3 0 0 7 7 1 1 1 1 17 0 1 8 2 2 12 12 11 0 0 22
12 13 5 1 23 7 0 23 13 10 8 4 16 1 0 1 3 20 5 13 14 5 1 10 5 3 6 3 10 7 11 8 17 2 2 12 15 6 0 14 0 8 17 34 3 4 7 5 4 11 12 0 9 11 0 0 4 2 3 1 3 29 4 17 0 27 2 14 6 0 15 2 15 2 5 11 4 1 9 17 3 1 8 0 1 20 7 14 14 2 9 1 0 4 0 1 6 4 3 7
0 12 3 9 2 12 12 11 4 9 0 8 21 2 12 4 29 13 21 5 1 17 4 6 1 25 1 3 2 2 0 14 6 45 2 1 2 0 7 10 0 19 4 15 11 0 14 8 2 1 2 0 8 5 4 0 13 35 8 6 2 18 8 18 3 6 3 4 1 7 2 7 7 11 4 0 6 31 0 5 20 4 10 13 4 17 4 0 21 6 26 3 23 0 4 0 0 2 3 1
2 0 14 1 4 0 1 0 0 0 0 0 1 11 0 0 0 11 1 0 1 0 0 0 2 0 2 3 0 0 12 0 1 0 4 12 0 0 0 4 0 2 0 1 1 0 4 0 0 1 0 1 0 1 0 0 7 0 0 0 0 0 0 0 1 0 5 0 1 0 1 0 0 0 14 8 4 2 0 0 0 0 1 0 0 0 1 0 1 0 0 0 0 2 1 0 3 0 1 0
