3 7 2 13 3 4 2 1 10 7 8 2 7 3 7 2 0 2 9 1 4 10 2 1 0 3 4 0 8 1 1 6 0 0 22 0 0 6 0 0 0 2 0 2 2 0 0 1 1 3 0 0 1 1 0 4 13 0 8 18 2 5 2 4 4 2 4 0 4 3 4 4 6 3 2 0 0 4 0 0 0 4 0 1 0 1 3 4 0 4 7 0 0 1 15 7 1 3 0 1
33 44 0 3 5 17 12 4 0 10 2 0 9 2 11 6 9 5 8 2 5 2 9 4 15 0 18 12 7 10 12 3 1 7 11 11 15 0 9 1 15 3 18 2 0 0 6 2 1 6 0 7 8 1 2 22 15 7 0 16 3 0 2 6 2 4 27 0 9 1 4 5 11 15 17 5 1 2 0 8 1 0 3 18 16 4 3 17 10 4 20 2 0 4 12 17 2 1 9 0
0 4 0 0 0 0 0 0 0 0 0 0 0 0 1 0 0 0 1 2 0 0 0 0 0 1 2 0 0 0 0 0 0 0 0 0 0 0 0 0 0 1 0 0 7 0 0 2 0 0 0 0 0 6 0 0 3 0 1 0 0 0 0 0 0 0 0 0 0 4 7 0 0 0 0 0 1 0 0 5 0 0 0 0 0 0 0 0 0 0 0 0 0 3 0 0 0 0 0 1
0 2 0 0 0 1 0 0 0 0 0 0 2 0 1 0 1 1 2 0 0 0 0 0 1 2 0 1 1 0 1 0 0 0 0 0 0 0 1 0 0 0 2 0 0 0 0 23 0 0 0 0 0 0 0 0 0 0 0 0 2 0 0 1 0 0 3 0 0 8 0 0 2 1 0 0 1 0 1 1 1 1 0 0 1 0 0 0 0 0 0 1 0 0 1 0 0 0 0 0
0 0 0 2 1 0 0 0 0 0 0 3 0 0 0 0 0 2 1 0 0 2 2 2 0 1 0 0 1 0 0 0 0 1 0 0 2 0 0 0 2 0 0 0 0 0 0 0 0 0 0 0 0 2 0 1 1 0 0 0 1 1 1 0 2 0 0 0 1 0 0 0 0 0 0 1 0 0 0 0 0 0 2 1 0 0 4 0 0 1 0 0 1 0 0 0 0 0 0 1
14 1 6 10 18 3 13 2 25 2 15 0 6 6 3 1 12 7 1 8 20 3 29 25 12 0 9 4 0 4 20 6 3 6 9 0 14 11 1 9 10 0 12 16 16 21 5 2 0 12 6 12 3 7 7 7 4 1 21 16 5 7 1 2 1 1 12 19 1 4 7 67 9 0 2 11 9 4 5 22 12 14 8 4 0 0 16 3 4 7 9 6 4 10 25 7 2 8 14 1
0 3 0 2 2 0 0 4 1 0 1 0 0 1 0 0 1 1 2 0 1 0 0 1 0 0 1 1 0 0 1 0 17 1 0 0 2 0 0 1 0 0 0 0 0 0 0 20 0 1 0 0 1 3 0 0 3 0 0 0 0 0 0 1 5 0 9 0 0 3 2 1 1 0 1 1 19 0 1 0 0 2 13 0 0 0 0 0 0 0 5 1 5 0 0 0 1 4 1 0
1 2 0 8 3 3 2 5 4 2 9 2 17 1 3 28 10 0 3 3 0 5 4 0 9 3 15 1 10 1 1 0 12 0 4 0 0 0 3 2 1 4 5 16 2 4 2 1 3 0 0 11 4 6 9 1 1 3 1 3 4 4 0 3 0 8 0 1 0 1 1 0 0 9 4 0 2 3 4 4 1 8 0 1 0 0 0 3 0 11 1 1 3 2 1 1 5 1 17 3
0 2 7 10 2 5 9 1 10 3 1 23 3 12 0 2 11 8 0 2 2 6 2 0 4 7 0 1 6 1 1 0 0 1 5 12 16 5 18 4 0 2 3 0 2 1 5 15 0 8 13 2 2 14 1 1 1 4 3 5 0 15 1 9 0 11 1 1 0 1 1 1 8 4 1 1 3 3 1 2 3 6 1 0 0 7 6 3 1 11 4 2 0 16 2 9 0 2 0 4
7 0 1 0 11 0 8 5 5 5 2 13 0 0 1 2 7 1 4 0 0 0 5 3 2 4 0 4 1 1 0 0 21 0 3 15 3 2 3 0 15 7 10 4 22 1 3 7 10 1 1 3 4 7 1 0 0 0 1 5 5 12 1 13 8 4 5 0 1 2 2 27 7 18 6 4 0 0 4 6 6 2 7 2 6 0 4 4 0 1 2 6 2 5 1 11 0 5 2 3
2 0 0 0 0 1 0 2 0 0 0 0 0 0 0 1 0 0 7 1 0 0 0 0 0 0 0 0 0 0 0 1 0 0 0 0 0 0 0 0 0 0 0 0 0 1 0 0 1 1 0 0 0 1 0 0 0 0 2 1 1 1 1 0 0 0 0 0 0 1 0 0 0 0 0 0 0 0 2 0 0 0 0 2 1 0 0 0 0 0 0 0 1 0 0 0 0 0 0 0
13 0 6 8 9 3 0 0 6 3 15 7 8 11 5 1 3 15 6 1 4 2 8 1 1 5 5 0 7 7 0 1 11 4 23 5 2 1 8 8 69 35 8 2 15 13 3 3 16 1 9 28 19 5 19 6 4 13 7 0 6 3 2 11 10 11 7 7 0 0 0 8 16 6 4 22 6 13 16 8 8 7 20 5 0 7 1 9 5 5 14 43 2 1 1 5 1 3 16 3
18 2 5 7 0 3 6 7 2 0 18 27 13 7 19 2 0 3 10 15 11 29 10 12 9 7 15 0 1 19 2 10 6 2 1 19 13 6 6 24 3 0 12 32 9 9 1 0 4 6 18 27 8 0 24 7 3 6 22 4 0 13 10 10 2 6 4 3 1 1 4 5 1 7 6 3 6 24 7 2 8 14 3 19 7 5 0 8 3 2 24 1 0 2 23 2 16 4 6 8
20 0 3 7 0 11 6 0 10 0 0 23 12 5 4 4 2 6 2 4 2 5 3 11 7 8 22 6 6 3 3 13 0 0 22 8 0 2 12 25 19 16 6 2 0 38 5 4 15 7 7 2 6 2 1 7 14 8 6 13 2 1 18 9 1 5 12 9 1 2 11 7 2 8 0 17 6 1 2 14 9 0 9 10 13 8 3 6 13 12 20 3 9 33 1 13 7 8 1 24
0 1 4 1 18 7 4 0 2 0 4 2 5 13 0 0 2 0 0 7 8 1 1 2 8 1 0 5 2 0 3 1 0 1 9 12 1 1 7 1 2 5 2 3 10 8 0 0 6 0 2 1 4 0 7 1 0 6 4 19 3 7 0 0 0 0 0 10 7 1 0 10 5 3 9 8 0 1 0 2 10 2 0 10 0 1 7 2 0 0 1 1 0 8 2 0 8 1 2 0
0 8 0 8 8 1 11 3 6 3 4 4 0 0 3 1 1 4 2 5 2 1 2 0 1 7 9 4 7 5 0 1 4 7 3 4 0 12 4 2 0 4 0 0 0 0 2 5 17 3 9 0 3 3 1 4 7 7 0 3 4 11 9 1 6 22 0 5 3 13 1 1 2 1 7 0 3 2 3 8 2 8 12 7 11 17 7 1 1 0 1 2 12 6 3 1 4 0 4 1
2 0 21 15 2 4 3 24 7 9 17 13 3 2 6 12 4 4 0 2 1 9 0 31 0 0 10 9 11 3 4 10 0 0 4 5 1 2 2 12 0 5 6 3 2 4 4 14 2 11 4 7 5 9 1 12 1 15 7 3 2 1 16 12 6 17 4 37 18 17 5 10 6 12 16 15 4 0 13 1 27 12 8 3 16 7 16 37 2 21 14 3 1 2 22 4 0 15 19 17
1 1 4 25 7 10 4 1 5 8 5 10 0 0 3 7 0 5 0 2 5 0 0 36 7 6 4 9 2 11 12 10 4 29 19 1 3 4 13 11 16 20 12 4 3 18 11 3 3 8 4 5 11 25 6 18 32 2 5 0 7 7 4 4 4 4 4 5 8 7 3 4 4 10 3 9 0 6 0 6 11 9 10 0 19 0 6 1 11 4 9 2 4 1 2 8 0 15 19 8
2 1 3 1 2 8 8 1 12 0 2 3 4 0 1 1 0 8 9 5 2 1 0 12 10 16 2 4 2 8 8 2 6 3 3 11 4 0 1 0 3 2 3 0 7 2 3 2 1 0 0 3 10 1 1 0 0 13 4 2 16 8 3 3 3 12 7 4 2 0 12 11 12 8 2 2 0 13 1 11 2 3 1 2 1 0 3 0 13 1 3 4 14 2 3 1 0 0 7 0
4 16 0 1 1 4 1 8 3 2 13 8 0 32 1 4 16 0 5 3 1 3 11 11 2 34 37 2 13 4 8 11 0 3 6 4 3 10 9 28 52 14 2 0 1 1 2 11 1 25 23 1 16 11 5 5 2 1 8 6 22 4 10 0 0 7 23 5 9 5 10 12 0 2 1 5 1 4 8 2 0 2 3 9 15 2 0 1 7 0 3 5 28 1 0 0 3 4 18 11
7 1 21 8 2 8 6 0 5 1 3 3 0 1 8 9 2 2 2 0 2 1 5 4 5 4 3 5 5 1 0 2 7 3 6 4 1 14 0 9 0 1 14 1 6 1 5 3 2 1 3 5 6 3 4 0 6 7 6 0 2 4 0 0 0 10 10 0 0 9 2 0 6 11 8 6 5 0 0 3 20 9 11 0 2 11 0 4 0 0 4 8 3 9 3 0 1 3 0 4
0 11 0 5 10 2 3 2 10 17 3 8 15 15 1 3 11 13 20 8 19 4 1 13 0 1 14 8 40 4 24 20 4 9 20 0 13 0 2 3 6 8 8 1 6 23 22 11 4 2 19 1 3 0 8 0 8 0 0 2 4 0 9 6 11 8 4 0 25 3 10 17 0 2 18 2 10 16 2 3 1 3 17 1 7 4 1 1 10 0 14 22 6 7 3 25 7 21 20 22
0 0 1 0 0 1 2 1 0 0 0 1 0 0 1 1 1 0 0 0 0 1 0 0 0 0 0 1 1 0 1 0 0 0 0 0 0 0 0 0 1 1 2 0 0 2 1 29 0 0 0 0 0 0 0 1 0 2 0 2 0 0 0 0 0 0 1 0 0 5 9 0 0 1 0 0 0 2 1 0 1 0 0 0 0 0 0 1 0 0 1 0 8 0 3 1 3 0 1 1
12 1 14 15 0 0 0 1 4 0 3 10 1 6 1 0 5 1 0 19 6 4 10 3 3 1 3 0 2 3 0 8 13 10 0 9 4 5 27 0 4 1 4 0 3 1 5 0 0 4 1 2 1 3 0 3 7 0 11 6 1 0 0 14 0 1 1 2 2 4 0 0 13 2 2 3 14 8 12 2 13 0 1 0 5 9 2 7 2 21 2 4 2 4 10 10 5 4 5 6
4 0 0 0 0 0 0 0 0 0 0 0 0 1 1 0 0 1 4 0 1 1 0 1 4 2 1 2 0 0 0 0 0 0 2 0 0 0 0 3 6 0 3 0 0 0 0 0 0 0 0 1 0 0 0 1 0 0 0 0 1 0 0 1 0 0 0 0 0 1 0 0 0 0 0 0 0 0 0 0 1 1 1 0 1 0 1 1 0 1 1 4 0 0 0 0 0 0 0 0
2 10 17 2 4 1 0 0 0 1 3 4 5 2 1 2 5 0 4 3 0 2 2 13 4 6 3 9 0 0 4 0 7 2 2 1 3 0 0 2 0 5 5 2 11 2 2 0 0 5 0 2 0 0 1 5 0 2 0 2 5 5 1 16 1 6 5 3 7 0 0 6 4 8 7 1 0 8 10 0 3 5 10 21 5 3 0 1 4 4 1 6 0 0 1 12 5 2 2 1
3 4 2 5 0 0 2 3 7 0 10 19 5 5 2 6 3 5 1 0 6 15 1 0 9 5 5 0 0 3 3 4 0 9 0 3 5 1 1 1 2 2 0 3 1 7 5 6 0 13 1 1 5 4 7 0 1 4 2 5 0 10 0 1 3 7 7 0 0 1 0 5 0 9 2 2 1 0 2 22 2 0 12 2 1 6 1 9 6 2 6 0 8 4 3 12 6 1 0 0
49 4 0 0 0 0 0 7 0 1 0 0 0 0 0 0 1 2 0 3 0 0 2 0 0 0 0 1 0 2 0 0 0 0 1 1 0 0 1 0 0 0 0 0 0 5 1 4 0 0 0 0 0 11 1 0 13 0 0 1 0 1 10 0 0 0 0 0 0 3 6 0 0 0 0 0 2 0 0 0 1 0 0 1 0 2 1 0 3 0 13 0 0 0 0 2 0 4 0 2
0 0 0 0 0 0 0 0 2 0 1 0 1 3 0 0 0 7 0 1 0 0 2 0 0 0 0 0 0 0 0 0 2 1 1 1 0 0 2 1 0 0 0 0 0 0 0 4 0 3 0 0 0 1 0 2 3 0 0 1 2 2 1 0 2 0 2 0 0 4 1 0 0 0 0 0 14 0 9 1 0 0 8 0 0 0 0 0 2 0 1 0 2 0 0 1 0 0 0 0
0 0 0 1 3 0 0 0 0 0 1 0 1 1 0 1 1 0 1 0 0 0 1 0 0 2 0 0 0 1 0 1 0 3 0 0 0 1 0 1 0 1 1 0 0 0 0 0 1 2 0 2 0 5 0 0 1 0 0 0 0 1 0 1 0 1 1 0 2 1 0 0 1 1 1 0 4 2 1 0 0 4 0 0 0 1 4 0 0 0 0 0 13 2 0 0 0 0 0 0
2 0 10 3 23 0 7 2 4 7 0 11 0 2 41 1 7 8 3 30 7 1 17 2 1 6 0 0 20 10 0 16 9 3 0 14 4 0 4 7 7 1 2 0 0 1 1 5 1 3 2 1 12 1 19 6 0 4 18 15 4 5 1 1 3 0 1 1 1 4 2 5 0 12 2 12 1 7 0 0 5 20 0 5 1 2 3 2 8 21 5 4 4 0 20 0 9 5 14 33
5 3 5 4 2 10 5 6 4 8 18 3 15 8 1 4 18 18 3 7 0 10 9 3 0 1 8 1 1 6 17 1 1 0 0 1 2 3 1 0 3 8 5 2 2 1 2 0 3 4 1 1 7 0 2 0 14 0 7 2 10 2 3 0 6 6 12 1 12 4 1 3 0 5 1 5 4 1 0 7 0 0 1 3 11 0 6 4 0 6 0 0 1 0 2 13 1 3 0 1
1 0 0 0 0 0 0 0 1 0 2 0 2 0 1 1 1 0 1 0 1 0 0 1 0 0 0 0 0 0 0 0 0 1 1 0 2 2 0 0 0 1 1 0 0 0 0 9 0 0 1 1 0 0 1 1 1 3 0 1 0 2 0 0 0 0 2 0 0 1 1 1 1 0 0 0 2 1 0 0 2 0 0 1 0 0 0 2 0 0 0 0 1 0 1 1 0 0 0 0
3 17 4 4 0 1 2 0 0 0 9 6 3 3 15 2 4 4 3 1 4 1 2 2 0 6 7 0 0 2 0 4 11 0 1 4 0 0 5 5 6 2 2 2 4 3 0 0 8 11 1 1 5 1 0 8 9 2 4 0 0 6 4 0 2 4 0 4 1 0 0 0 3 3 0 8 0 2 2 4 4 2 10 0 0 1 11 0 11 6 4 4 0 7 7 0 8 3 1 1
3 3 0 3 6 0 24 1 7 20 10 8 7 0 3 22 0 7 1 5 4 0 3 0 10 9 2 19 1 16 9 7 11 13 0 1 5 2 7 8 6 15 1 29 4 14 0 10 2 4 17 7 5 12 1 5 7 1 12 6 3 7 4 2 2 0 21 0 0 11 29 5 14 7 0 2 5 5 3 11 13 4 5 2 5 5 12 1 13 4 5 7 10 1 10 18 23 9 1 4
0 0 10 7 1 0 4 0 3 0 3 2 11 8 5 0 2 0 7 5 6 5 8 9 10 4 0 2 4 1 17 3 0 2 1 0 1 0 2 0 2 0 7 6 5 0 0 0 1 0 5 5 5 0 8 13 0 3 11 1 2 3 1 0 0 1 0 2 0 0 0 5 0 4 7 0 0 4 1 1 1 0 0 15 3 9 4 2 1 0 0 0 2 3 1 0 3 0 0 1
0 4 1 0 1 0 0 1 0 0 0 0 0 0 0 1 0 4 0 1 0 0 0 0 0 0 0 0 2 2 0 0 5 0 0 1 3 0 0 0 1 0 0 0 0 0 10 1 2 2 1 0 0 2 0 0 2 1 3 0 0 0 3 0 0 0 1 1 2 0 2 0 0 0 1 0 5 1 5 1 0 0 2 0 0 0 0 1 2 0 9 0 0 0 0 0 0 10 0 0
0 0 0 0 0 0 0 0 1 0 0 0 0 0 0 0 0 0 10 0 0 1 0 1 0 0 0 0 2 0 2 1 0 0 0 6 0 0 0 2 0 0 2 1 0 1 1 0 1 0 1 0 0 0 0 0 0 1 0 0 0 0 0 1 0 0 0 0 0 0 0 0 0 0 1 0 0 1 0 2 0 2 1 2 0 0 0 0 0 1 0 0 0 0 1 0 0 0 0 1
24 1 3 0 0 6 1 3 3 8 10 1 5 2 2 1 5 1 0 5 2 2 0 1 0 1 6 1 1 0 0 7 13 11 1 6 2 0 2 1 0 0 0 0 5 2 7 3 12 3 1 0 1 0 0 0 6 4 0 3 1 2 0 3 4 0 10 2 3 5 1 3 9 15 38 12 0 0 1 1 0 1 0 1 1 1 1 2 2 6 0 0 13 0 12 0 1 3 3 1
3 0 1 2 1 12 6 0 2 7 1 5 0 0 0 4 2 10 8 3 3 7 3 9 0 11 16 0 5 21 1 9 16 0 1 2 1 1 2 0 0 2 0 0 5 2 20 10 1 1 7 8 12 7 2 4 1 0 0 0 5 4 0 11 1 12 0 3 5 8 23 2 3 6 0 8 3 1 5 1 4 0 0 2 4 2 3 0 6 11 23 3 3 0 13 10 1 3 0 0
7 27 4 22 7 0 8 3 20 0 7 4 13 5 16 13 5 4 5 0 3 1 2 2 14 1 0 16 0 5 3 12 3 23 20 2 6 5 0 10 10 0 6 13 6 3 0 0 7 12 20 21 4 0 26 6 1 10 8 4 8 3 5 2 10 14 0 13 8 5 9 12 1 19 6 0 3 4 0 6 2 0 8 17 53 0 8 10 7 3 3 2 2 3 7 6 0 7 2 13
5 3 4 2 6 0 2 1 9 6 1 0 5 10 0 3 6 7 4 5 1 2 4 0 2 0 2 1 3 6 1 0 1 11 2 0 2 6 3 6 5 2 1 14 0 4 15 0 6 11 5 1 1 0 3 0 0 0 1 5 3 0 6 1 0 0 2 7 3 0 0 4 5 1 1 2 0 6 5 3 0 0 5 0 8 7 2 0 2 0 10 10 0 2 7 9 2 0 2 3
0 24 2 0 0 0 0 5 0 1 0 0 0 0 0 0 0 2 0 0 1 0 1 0 0 0 4 0 0 1 1 0 8 0 2 0 0 0 0 0 2 0 1 1 1 0 1 0 0 8 0 0 0 0 0 0 2 0 0 0 0 0 4 0 1 1 2 0 0 3 3 0 0 0 1 1 3 3 2 0 0 0 5 0 0 0 0 0 0 0 4 1 0 0 2 2 0 1 0 0
0 0 0 0 0 0 0 0 0 0 3 0 0 0 0 0 0 1 0 1 0 0 0 0 3 0 0 0 1 0 7 0 0 1 0 0 0 0 3 3 1 0 0 0 2 1 0 0 0 1 0 0 0 1 0 1 0 0 0 1 0 0 1 2 0 0 0 2 0 1 1 1 1 1 3 1 0 0 0 0 0 0 0 5 0 0 0 0 0 0 1 0 0 1 0 0 4 4 0 0
0 3 0 0 0 0 0 0 0 0 0 0 0 1 0 1 1 0 0 0 0 1 0 0 0 0 0 0 0 0 2 0 0 1 0 0 0 1 0 0 0 0 0 0 0 0 0 3 0 1 1 0 0 3 0 0 1 0 1 0 2 0 1 1 0 0 1 0 0 3 9 0 0 0 1 0 0 0 0 0 0 0 0 0 0 1 0 0 0 0 1 0 2 0 0 0 0 0 0 0
1 1 2 0 0 0 0 2 0 0 1 0 0 2 0 0 0 2 0 2 2 0 0 0 0 3 0 0 0 0 0 1 5 1 0 0 0 0 0 0 0 0 0 0 0 0 2 4 1 0 0 0 0 3 1 0 0 0 0 0 4 0 2 1 1 0 5 0 0 2 0 2 0 0 0 1 0 0 8 0 2 1 1 3 0 1 0 1 0 0 2 2 1 0 0 0 0 9 0 2
0 0 2 0 0 0 0 4 0 10 0 0 1 0 0 0 0 0 3 1 0 2 0 0 1 0 1 0 0 0 0 0 0 0 0 1 1 0 0 1 0 0 0 0 1 0 3 0 0 0 0 0 0 0 0 1 0 1 0 0 0 0 0 0 1 1 0 0 0 0 0 0 0 0 0 2 1 1 0 0 1 1 0 0 0 0 0 1 0 0 2 0 0 1 2 1 0 2 0 0
1 1 1 0 1 1 0 1 1 0 0 1 2 0 1 0 0 0 0 0 0 0 0 0 0 0 0 1 0 1 0 0 0 0 0 0 0 0 0 0 0 0 1 1 1 0 0 0 1 0 0 0 0 1 0 0 0 0 0 0 0 0 0 0 0 1 0 0 0 6 9 0 0 0 0 1 1 0 2 0 0 0 0 0 1 1 0 1 0 2 0 0 0 2 0 0 1 0 1 1
2 1 1 0 2 0 0 1 0 0 0 1 0 0 1 0 2 1 6 1 0 0 0 2 0 2 0 0 0 2 1 2 1 0 0 0 1 0 0 0 0 2 0 2 0 0 0 0 0 2 0 0 1 0 0 0 2 0 1 0 0 0 1 0 0 1 0 0 0 2 0 2 0 0 0 2 0 1 0 0 0 0 1 8 0 0 0 0 0 0 0 0 0 1 3 0 0 0 0 0
2 4 1 2 2 3 0 8 9 5 5 6 0 7 3 0 0 0 1 2 1 6 3 6 15 9 2 3 8 6 9 2 0 3 0 8 16 3 8 0 1 2 13 1 13 0 2 2 0 1 3 4 3 5 8 2 0 0 5 1 10 2 4 3 1 4 13 1 2 6 20 5 4 0 1 4 0 5 4 0 8 4 8 8 7 5 7 0 1 1 4 0 10 0 9 2 4 0 1 9
