6 1 1 2 8 4 4 4 7 0 8 11 4 1 3 10 3 9 1 7 1 4 9 1 1 3 2 3 4 5 9 3 3 16 14 4 2 0 6 2 11 5 28 2 15 21 1 2 2 8 27 2 10 7 1 22 8 9 20 3 1 3 5 2 20 4 22 3 6 7 4 2 17 14 5 21 3 5 21 13 3 5 2 1 0 5 2 23 10 25 4 11 2 0 7 53 7 4 3 23
0 1 1 0 1 0 0 0 3 0 3 0 0 2 1 0 1 0 0 1 2 2 0 1 10 1 0 1 5 4 0 0 0 6 0 0 1 0 0 0 4 3 0 2 1 0 0 0 0 0 1 0 0 0 3 0 0 0 0 2 0 0 0 0 0 0 0 0 9 0 1 3 1 0 14 0 1 0 1 0 0 0 0 0 0 6 0 4 0 2 0 1 4 1 0 0 0 0 0 11
7 7 3 1 0 2 0 2 0 6 0 4 2 7 3 2 5 2 1 10 16 4 0 1 0 1 12 1 0 5 5 0 6 4 4 1 6 1 4 0 5 6 0 7 21 27 0 3 1 2 2 0 5 4 5 5 17 15 7 0 0 9 11 3 15 14 10 2 4 5 1 1 1 0 8 1 1 5 1 5 8 0 8 5 0 8 42 2 11 7 12 14 2 0 1 8 4 6 32 10
0 0 0 6 1 3 5 3 0 6 13 5 11 0 5 2 0 0 0 1 11 10 4 0 6 2 4 7 2 2 0 1 6 4 8 0 1 1 9 14 5 3 0 0 0 0 4 2 1 0 8 1 4 3 10 2 1 1 0 5 0 1 16 6 4 5 5 8 3 10 2 1 1 4 2 1 4 2 0 3 0 1 2 0 3 3 1 1 1 4 15 1 0 10 8 10 1 1 1 8
22 1 9 2 6 6 0 15 10 7 8 0 0 17 4 17 4 1 7 2 4 0 10 5 0 17 0 2 2 1 9 2 0 0 1 10 2 14 21 1 1 5 10 4 5 6 7 32 9 4 0 6 0 3 1 7 5 6 3 0 5 13 5 5 3 9 6 2 0 0 21 5 1 6 3 0 1 16 2 4 4 9 1 25 0 5 2 6 13 7 9 12 1 28 17 26 12 1 4 0
1 0 1 0 0 0 0 2 0 0 0 0 0 1 0 0 0 0 0 2 0 1 0 0 0 1 0 0 0 1 3 0 0 1 1 1 0 0 1 0 0 0 0 1 0 0 0 1 0 0 1 0 0 0 0 1 0 0 0 0 0 0 1 0 1 0 0 0 2 0 1 0 0 0 1 0 1 0 0 0 0 0 0 0 0 1 0 0 0 0 0 4 0 3 0 0 0 0 1 1
8 9 0 4 2 3 1 13 5 5 2 1 0 0 20 3 6 3 0 6 2 17 14 2 1 17 1 2 4 4 4 3 0 7 2 7 3 0 0 5 1 0 3 3 0 11 4 1 2 1 5 0 1 3 1 13 2 5 2 2 6 10 10 0 0 2 5 6 5 11 1 3 9 1 11 3 9 2 1 5 5 3 5 3 3 0 1 13 10 5 2 4 3 3 4 2 0 9 4 0
7 4 5 3 5 1 3 0 5 10 0 6 3 3 8 4 6 3 15 3 0 2 2 5 0 1 6 4 4 2 0 0 9 3 10 6 5 0 5 2 17 1 10 6 0 6 3 3 2 0 1 12 6 2 5 10 5 5 1 0 0 8 2 2 10 4 7 9 7 12 6 0 0 4 0 11 0 2 5 10 10 2 0 0 3 4 0 8 6 7 2 2 7 4 3 0 9 2 4 4
7 11 4 0 8 5 1 1 4 3 5 7 1 5 7 0 1 12 10 8 0 1 8 1 7 1 1 0 9 2 1 4 1 10 3 0 3 1 0 0 4 1 1 0 9 0 7 4 0 5 9 0 0 19 2 0 2 16 2 0 4 3 0 3 8 0 2 4 5 0 1 0 3 8 5 8 1 0 10 4 12 4 4 1 4 8 19 8 9 4 3 7 12 1 0 6 4 3 3 2
6 1 1 22 1 10 2 0 18 26 0 7 5 5 12 7 4 0 10 4 13 5 3 1 1 10 5 5 6 2 5 13 10 5 10 6 9 4 1 6 5 2 10 3 1 0 11 14 8 1 0 13 15 0 20 1 14 7 10 24 0 7 13 0 3 1 1 0 7 4 0 1 45 0 0 3 14 1 9 1 38 1 0 11 13 5 18 9 3 6 6 3 0 5 7 15 9 3 7 8
3 0 0 11 2 1 0 0 0 0 0 0 0 1 0 0 3 0 0 0 0 0 1 1 0 0 0 0 0 1 2 1 1 0 1 0 0 0 0 0 0 0 0 0 0 1 2 1 1 0 0 0 0 1 0 0 0 1 1 0 1 0 1 0 1 8 0 0 0 0 0 0 0 2 0 0 0 0 0 0 0 1 1 0 1 1 1 0 0 0 1 0 0 0 0 0 0 0 0 0
0 6 0 4 1 1 2 0 5 2 1 3 5 0 4 4 4 0 3 3 5 0 2 7 3 1 0 4 8 4 10 1 2 3 12 1 0 0 1 0 0 0 17 2 0 1 0 1 1 3 0 19 6 0 6 4 0 1 0 1 0 2 5 1 4 0 8 2 8 1 0 3 1 0 7 13 12 12 10 11 1 7 2 3 0 12 5 1 1 0 3 0 3 1 11 4 2 11 19 12
0 9 0 4 2 9 1 8 11 2 6 10 3 0 4 1 0 2 5 2 1 1 3 1 2 7 7 8 4 6 4 0 4 1 0 1 4 3 8 3 1 3 9 6 2 0 6 4 0 3 1 0 1 0 8 0 9 1 0 4 6 3 1 21 1 2 2 8 3 2 6 2 2 5 0 5 0 2 1 5 0 4 7 6 0 28 7 7 6 2 6 2 0 5 5 10 6 5 8 0
0 8 4 6 3 4 0 5 18 0 9 0 2 6 0 6 6 4 3 0 0 0 3 4 0 2 7 8 0 6 3 18 9 6 15 3 1 7 2 10 0 0 2 0 0 5 3 16 12 2 0 1 2 2 0 7 0 17 0 0 0 35 0 3 5 3 3 3 1 5 7 3 3 12 17 7 0 6 3 2 5 17 4 12 7 1 0 0 0 8 0 0 6 11 4 0 0 1 3 0
12 8 5 4 4 4 11 10 2 4 1 9 1 2 10 9 14 8 0 4 8 1 5 23 1 4 1 20 40 6 1 4 5 2 6 20 18 0 1 1 1 2 0 6 0 0 3 8 8 3 0 7 0 1 15 0 1 0 0 4 0 3 0 8 2 11 0 0 1 1 3 0 8 0 2 17 0 11 11 1 5 1 1 0 14 3 4 8 11 2 5 8 8 0 8 0 2 9 2 0
14 22 12 18 0 5 8 1 8 5 1 1 5 3 1 3 20 2 6 17 2 15 9 10 3 3 9 3 10 2 1 5 4 6 1 4 0 0 9 8 8 1 11 4 4 2 2 6 6 0 28 8 4 0 4 3 2 1 0 2 6 11 12 36 3 6 7 1 3 0 11 4 3 0 4 10 9 4 39 8 5 4 6 6 0 0 1 3 4 4 6 5 11 2 5 3 7 2 4 11
7 1 3 7 61 18 5 29 13 11 16 9 2 3 19 18 2 1 6 13 9 2 1 2 11 6 4 6 0 18 1 15 3 9 0 5 3 18 11 7 8 1 2 14 6 1 6 6 14 16 0 20 0 3 3 5 5 16 6 9 3 2 3 9 1 1 13 3 2 0 0 8 5 0 7 15 4 14 30 13 2 2 16 2 9 2 4 12 2 19 5 6 3 0 12 20 3 0 0 14
7 9 4 7 2 2 6 0 2 0 4 7 12 0 5 1 1 0 11 0 0 1 0 0 1 7 1 0 6 5 0 2 4 2 6 1 4 2 0 5 1 0 4 0 6 9 3 3 0 2 2 15 9 0 0 4 3 1 2 3 2 7 1 0 3 1 0 0 3 9 0 1 0 1 10 5 1 1 3 6 6 3 24 3 0 13 1 2 1 2 0 0 3 10 1 8 8 7 9 1
1 0 0 0 4 2 1 1 6 2 11 5 13 2 3 3 12 9 17 6 8 3 6 6 2 0 12 2 2 1 5 9 17 7 10 5 8 5 5 8 0 3 8 4 8 5 6 0 2 1 0 13 3 12 6 5 0 4 6 4 3 3 5 6 8 8 1 20 4 3 3 1 3 4 13 3 15 20 3 34 5 3 0 8 20 6 27 9 1 12 4 12 1 3 15 40 21 4 2 5
0 0 2 6 0 0 0 1 3 0 0 0 1 0 0 0 0 1 0 0 1 1 0 1 0 0 0 2 0 0 0 0 0 0 0 2 1 0 1 0 1 1 1 1 1 0 1 1 1 1 0 0 0 0 0 1 0 0 0 0 0 0 0 0 0 8 0 0 0 1 0 0 0 0 5 0 0 0 0 0 0 0 0 0 0 0 1 0 0 0 0 0 0 1 0 1 0 0 1 2
1 2 0 2 0 1 2 5 4 2 4 12 0 3 5 6 5 6 1 15 2 13 13 3 2 5 6 6 1 9 0 16 7 4 28 3 0 14 4 3 2 3 5 10 5 6 6 8 6 7 6 6 2 25 2 16 4 1 5 6 1 5 11 7 36 27 3 7 0 5 1 3 2 10 9 4 0 20 0 5 6 20 6 0 0 15 4 3 8 6 4 4 2 7 0 13 0 13 0 3
10 10 4 4 1 3 1 1 2 2 1 3 0 5 3 4 5 0 3 1 9 0 0 6 1 7 1 22 2 2 4 7 3 0 5 1 0 11 11 7 10 4 0 5 4 12 4 5 7 4 6 0 16 4 2 6 12 2 0 3 2 0 20 1 4 10 7 11 1 1 3 3 2 3 4 1 7 18 2 9 1 4 1 8 1 2 0 2 0 6 3 3 8 8 1 7 3 1 0 4
0 11 2 14 4 2 2 6 15 1 10 0 7 0 3 50 1 17 7 11 2 3 10 1 5 1 2 7 0 24 6 18 6 1 4 2 1 2 9 12 23 1 14 5 13 2 7 6 4 0 0 0 12 7 5 3 2 23 0 2 2 14 24 3 4 8 0 3 14 5 14 9 2 11 3 5 0 4 6 4 17 14 4 0 5 1 1 3 0 5 10 4 10 6 1 7 8 1 7 27
0 1 0 3 0 0 0 0 0 0 0 0 1 0 1 0 0 0 0 2 0 0 0 0 0 0 0 0 2 0 0 1 0 1 0 0 1 0 0 0 0 0 0 0 0 1 0 0 0 0 0 0 0 0 0 1 0 1 0 7 3 0 0 0 0 0 0 0 1 0 1 0 0 0 0 0 1 0 0 0 0 1 1 1 0 0 5 0 1 0 0 0 0 1 0 0 1 0 0 0
1 7 4 8 8 9 2 17 3 2 8 2 8 3 2 0 4 1 3 4 0 5 5 1 0 0 1 1 0 6 3 3 7 1 0 4 1 5 0 2 5 6 0 5 0 4 0 1 5 0 4 11 1 4 3 1 1 3 12 10 4 3 6 3 16 5 8 4 2 1 2 1 7 0 2 1 0 0 1 4 5 12 0 1 4 4 2 6 1 1 11 2 2 3 1 4 0 8 2 1
2 2 6 2 10 1 0 1 2 0 3 0 0 0 2 0 0 0 2 5 3 0 0 0 1 0 1 4 1 3 4 0 0 7 0 1 4 1 0 0 3 18 0 3 0 0 0 0 0 0 2 0 0 1 2 0 0 0 1 0 1 1 1 0 0 2 0 2 3 0 0 0 0 0 4 0 0 0 0 1 0 0 0 0 0 0 0 1 0 0 0 0 17 0 1 0 4 2 0 0
3 21 1 1 8 20 0 0 2 7 4 3 9 6 4 0 9 4 6 2 5 13 25 1 1 37 1 4 1 0 49 10 0 2 0 15 2 2 0 4 15 9 1 2 19 5 13 8 1 9 2 0 12 10 0 3 0 8 0 27 5 1 5 4 5 4 7 1 6 2 22 5 4 2 1 2 8 1 4 4 0 3 8 3 7 14 13 4 1 1 5 16 4 18 11 1 0 6 0 12
0 0 12 0 0 1 3 0 0 12 23 10 0 15 2 7 3 9 10 16 0 4 5 6 15 1 1 7 21 11 5 6 1 25 5 0 2 10 30 1 1 5 8 8 8 8 14 31 7 0 24 28 13 11 24 15 0 3 2 5 1 18 0 11 17 3 2 3 6 1 8 9 0 8 6 5 20 17 2 0 3 10 3 8 1 19 0 23 9 4 1 47 4 5 4 12 9 6 2 1
0 1 0 0 0 1 0 0 2 0 2 0 1 0 0 1 0 2 0 0 0 0 1 0 0 1 1 4 0 0 1 0 0 0 0 0 0 0 0 1 2 0 0 0 0 0 1 0 0 1 0 2 0 0 0 0 0 0 0 1 0 1 0 0 0 1 0 0 0 1 0 0 2 1 0 1 0 5 0 0 0 0 0 1 0 0 1 2 1 1 0 0 1 0 0 0 0 0 0 0
13 4 5 0 1 0 3 3 0 1 2 13 16 0 0 0 5 8 3 4 9 6 0 0 5 11 3 2 0 1 6 5 4 1 7 2 8 5 0 0 16 8 0 1 1 1 2 0 13 0 0 2 17 0 15 0 0 9 20 0 0 0 20 0 4 1 1 2 1 6 8 1 0 0 14 11 3 4 0 0 9 0 1 0 2 0 0 8 0 2 8 0 0 2 2 1 0 6 15 8
1 1 5 5 4 3 12 1 16 20 0 0 0 10 13 3 1 7 19 15 15 0 14 3 1 4 21 0 4 16 11 3 16 6 3 6 0 4 4 15 7 3 7 26 2 9 6 0 31 7 21 24 1 4 8 0 5 8 18 6 8 21 14 5 4 2 3 9 14 3 3 24 7 18 2 12 5 20 17 15 7 5 15 1 13 0 10 3 0 10 28 10 2 9 5 9 0 9 0 3
0 1 0 0 2 0 0 0 1 1 0 0 0 0 0 0 0 1 1 0 1 0 4 0 0 0 0 0 0 0 1 1 0 0 0 0 1 0 0 1 0 0 0 0 0 0 0 0 0 1 1 1 0 0 0 0 0 0 0 0 0 1 0 0 1 0 1 0 0 4 0 0 0 0 0 0 0 0 1 0 0 0 0 0 0 0 1 0 0 1 0 1 0 1 0 0 0 0 0 0
3 0 1 4 7 0 0 25 7 4 1 1 13 0 6 9 0 0 6 12 2 6 5 3 0 2 0 1 8 0 2 1 3 4 9 20 3 5 9 7 1 0 0 4 3 4 7 12 1 5 4 4 1 3 6 6 0 4 0 1 6 4 12 0 1 14 9 4 0 1 7 4 3 1 7 4 0 1 11 4 2 10 5 8 12 16 2 2 14 2 9 8 22 3 0 0 5 0 7 0
9 1 5 12 0 12 0 9 7 14 1 7 2 1 3 9 18 9 0 0 0 1 14 1 9 7 14 9 1 3 6 3 0 1 11 16 8 1 7 0 29 1 10 8 10 2 8 6 6 0 1 2 2 8 1 0 0 6 1 16 10 4 10 1 6 4 5 0 7 14 15 1 2 8 17 2 13 6 3 5 7 1 11 27 13 0 7 0 29 0 3 30 3 5 4 38 2 0 0 7
11 9 6 3 2 4 1 1 5 7 0 10 7 13 11 30 0 4 3 0 4 1 1 3 2 0 0 3 26 4 12 1 6 3 2 0 0 18 2 0 10 31 5 3 0 6 5 7 1 10 8 9 2 24 5 3 9 0 31 0 5 27 1 15 7 18 2 1 3 0 7 6 2 0 6 9 22 6 0 3 5 5 16 18 0 0 23 16 8 1 9 7 10 40 6 10 4 13 4 10
5 8 0 21 1 11 1 13 4 1 1 5 2 5 7 7 8 0 0 1 4 4 8 0 7 5 3 0 0 0 13 15 0 1 2 0 6 3 6 1 1 5 2 1 2 0 5 9 0 4 2 1 5 2 0 9 11 1 4 3 0 9 5 8 2 0 0 13 2 7 7 9 9 3 0 1 8 0 12 2 0 2 9 6 2 9 1 2 3 2 1 7 1 10 15 0 6 5 0 2
11 2 2 13 0 13 2 4 6 0 2 8 0 4 4 0 2 0 3 3 2 0 8 0 8 2 2 1 7 6 9 1 9 0 6 0 2 8 1 0 18 0 1 10 0 8 0 2 4 10 0 15 2 5 3 0 10 0 9 3 1 2 7 10 4 13 7 3 7 0 3 0 3 0 5 0 5 0 1 1 1 1 2 2 2 5 3 0 2 1 1 2 2 12 3 2 3 7 1 6
2 0 5 0 1 0 0 0 1 0 0 0 0 1 0 0 0 0 0 0 1 0 0 1 0 0 0 0 0 2 0 0 0 0 0 1 1 0 0 2 1 2 0 0 0 0 0 0 1 0 0 0 0 1 1 0 0 0 0 0 1 1 0 4 0 2 0 1 0 3 0 0 0 1 0 0 0 0 1 0 0 2 0 1 0 0 1 0 1 0 0 0 1 0 0 0 1 0 1 0
3 0 15 0 3 0 17 2 1 0 0 18 0 5 1 7 0 6 1 0 10 1 2 0 13 1 3 1 7 3 7 2 3 2 8 1 1 6 1 17 5 2 0 7 1 1 5 4 5 2 2 0 2 7 2 3 1 8 0 6 6 3 2 6 0 0 11 0 0 1 0 0 12 0 0 2 9 1 0 8 3 9 1 0 0 0 0 8 2 2 2 1 0 6 7 8 0 3 7 4
17 9 2 1 0 50 0 0 16 4 7 3 14 6 0 15 11 4 16 10 7 9 14 5 3 2 18 12 0 2 4 29 3 1 9 1 11 0 3 1 0 13 7 0 7 5 4 0 6 0 7 0 6 1 17 9 9 30 0 13 6 7 5 2 12 4 15 1 15 7 1 0 4 6 13 11 6 3 4 4 5 0 15 5 10 3 11 6 1 5 7 0 7 0 2 1 7 4 1 13
0 38 8 6 2 0 2 9 11 6 4 1 0 4 6 4 6 4 1 13 0 9 0 4 0 2 1 49 38 1 5 4 3 3 22 0 14 2 3 6 8 7 2 6 2 4 0 0 0 1 2 1 0 13 9 1 0 3 2 1 4 0 0 10 0 2 0 6 6 2 5 8 5 3 1 0 7 6 0 4 8 2 6 1 3 0 13 0 2 3 4 8 14 1 3 5 3 0 3 2
0 0 3 0 2 0 2 0 1 0 0 0 0 0 1 1 0 12 0 0 1 1 0 0 0 0 0 0 0 2 0 0 3 4 0 1 8 0 0 2 7 3 3 1 1 0 3 0 0 1 0 1 0 0 0 1 0 0 0 0 0 0 1 0 0 0 0 0 1 0 0 0 0 1 3 0 0 0 8 0 0 0 0 0 0 1 0 1 0 0 0 2 0 2 0 0 0 2 0 1
0 20 5 1 0 0 1 18 2 0 6 8 2 3 3 0 4 2 6 3 2 8 3 1 12 0 6 0 1 6 2 3 1 3 1 0 1 6 10 3 5 5 12 0 7 0 9 3 0 6 0 2 9 0 13 6 1 1 14 1 3 0 10 5 8 1 2 0 1 6 6 3 3 10 0 0 2 10 7 5 4 0 0 1 1 2 17 2 5 2 1 0 5 8 2 2 2 4 1 3
6 8 0 0 0 0 4 6 4 3 7 2 0 5 1 4 9 2 0 3 7 1 4 3 2 2 0 0 5 3 8 6 9 3 4 0 2 0 2 19 9 8 7 11 0 7 3 0 10 0 8 11 2 0 6 1 3 2 10 0 4 4 5 2 1 2 3 8 6 9 3 2 8 2 2 6 1 9 3 2 1 4 1 0 2 3 4 3 3 6 3 8 0 0 12 5 3 1 1 0
0 0 1 0 0 2 0 3 1 0 0 1 0 0 1 0 0 1 0 1 0 0 0 0 1 0 0 0 0 0 0 0 0 1 0 1 0 3 0 0 1 2 0 2 0 0 0 0 0 0 0 0 0 0 0 0 0 0 0 0 0 0 0 1 0 0 0 0 6 0 1 0 1 0 0 0 0 0 1 0 0 0 2 0 0 1 0 1 0 0 0 1 2 0 0 1 0 0 0 0
6 7 1 11 0 1 4 17 1 0 5 2 4 4 0 0 8 2 0 2 1 6 8 0 0 0 0 13 3 2 2 0 7 1 1 2 1 9 9 4 1 15 3 7 0 1 1 4 0 2 1 2 2 0 5 22 3 2 0 1 0 3 15 1 1 0 6 18 0 2 16 0 0 3 7 4 4 6 5 6 1 3 16 11 4 9 5 2 3 0 1 3 6 19 5 0 5 7 7 5
0 0 0 1 3 1 0 0 0 0 3 1 0 0 1 0 0 1 0 0 0 0 1 0 0 0 0 1 0 0 0 0 1 0 0 0 0 1 1 1 1 0 0 0 1 0 0 0 1 1 0 0 0 0 0 1 1 0 1 0 0 2 0 0 0 2 1 0 0 0 1 0 0 0 0 0 0 0 0 1 0 1 2 0 1 1 0 2 0 2 0 0 1 0 0 0 0 0 1 0
0 0 2 0 0 1 1 0 0 0 0 0 0 0 0 0 0 2 0 0 0 3 0 0 0 0 2 0 0 0 0 0 1 1 0 0 0 1 0 0 0 0 2 1 1 1 1 0 0 0 0 0 0 0 0 0 0 0 0 0 0 0 0 0 0 0 1 0 0 2 0 2 0 1 1 0 0 0 1 0 1 0 0 3 0 0 2 0 0 0 0 0 1 0 1 0 0 0 0 0
0 10 13 1 0 0 5 0 0 1 1 0 0 2 0 1 0 0 0 0 0 0 0 0 6 0 0 0 0 2 2 0 0 7 0 0 3 0 0 1 1 0 1 2 0 0 0 0 0 0 15 0 4 1 0 0 0 0 1 0 1 0 0 1 0 0 0 0 6 0 1 0 0 2 1 1 0 0 2 0 0 0 1 0 1 0 0 1 1 0 0 1 0 1 0 1 0 6 0 0
1 1 0 0 0 2 0 0 0 5 0 1 1 1 1 0 0 0 1 1 0 0 0 0 2 0 0 0 1 0 0 0 0 0 2 1 0 1 0 0 0 2 0 0 0 2 1 0 0 0 0 0 1 2 1 0 1 0 1 3 0 0 2 0 0 11 1 1 0 1 0 1 1 0 0 2 0 0 2 0 4 0 0 1 0 0 0 0 4 0 0 3 1 0 0 0 0 0 0 0
