2 2 1 4 0 4 0 7 3 2 0 0 0 0 0 0 0 0 0 0 1 0 0 0 0 0 0 0 0 1 0 1 13 0 7 0 4 1 0 0 2 1 1 1 0 1 1 3 3 0 2 0 0 2 1 0 1 0 0 1 1 0 0 0 0 33 4 0 0 0 2 0 0 0 2 9 0 1 0 0 0 0 0 2 0 26 1 3 6 0 0 0 0 0 7 1 0 6 1 4
2 0 0 0 0 0 0 1 0 0 1 3 5 0 1 0 0 0 0 0 0 2 2 3 0 0 3 0 0 1 1 0 0 2 0 4 0 0 0 0 3 0 1 0 0 0 0 1 0 3 0 2 1 1 1 0 0 0 0 0 0 0 0 2 0 0 2 1 0 0 0 0 3 2 2 0 0 0 0 1 0 1 0 1 0 0 0 0 0 0 2 0 0 2 1 0 1 1 5 0
6 12 5 8 1 0 2 5 0 4 4 0 8 4 8 11 5 6 4 13 0 0 1 8 0 2 3 2 2 0 8 1 9 3 5 18 17 0 4 9 3 9 1 5 4 3 2 9 7 3 1 2 9 2 1 14 1 0 3 13 8 4 5 2 0 20 0 6 13 11 14 12 6 2 2 11 20 5 2 9 25 5 0 3 1 32 11 27 25 4 8 11 7 13 1 8 2 1 13 3
1 7 0 1 0 2 1 2 0 5 0 0 0 5 0 1 0 0 0 0 1 0 2 0 1 0 0 0 1 1 1 1 0 1 6 0 3 2 0 3 3 0 1 1 1 18 0 1 0 0 0 1 0 9 0 0 1 0 1 0 2 0 1 0 1 2 1 0 0 0 2 0 0 3 0 2 1 1 1 0 0 5 0 0 0 1 0 0 4 0 0 0 1 0 2 0 1 1 1 0
0 1 8 0 5 0 3 0 11 0 2 4 2 0 0 0 6 4 4 2 0 1 1 0 1 1 3 2 0 8 12 4 1 0 0 6 1 12 13 0 0 4 2 0 6 0 1 1 20 1 1 2 0 3 2 30 4 7 13 5 24 7 18 4 19 0 1 3 4 1 0 1 1 0 1 0 0 1 9 3 0 5 1 3 2 0 2 0 0 9 2 1 1 0 0 5 0 1 10 3
2 3 26 0 0 0 6 2 2 0 11 8 1 7 5 6 15 8 15 1 3 12 1 13 24 6 17 7 1 3 7 8 7 0 1 2 11 11 8 0 0 4 1 6 24 8 8 1 1 0 7 9 25 6 3 6 2 2 16 3 5 1 15 7 6 4 2 29 6 4 3 2 4 0 10 0 10 9 2 5 8 0 9 4 1 0 3 10 11 14 7 3 1 0 0 6 27 2 5 3
5 4 2 2 1 0 7 31 16 0 6 0 5 8 11 7 9 1 19 7 4 19 10 1 13 1 0 2 11 0 1 0 8 4 18 0 12 17 1 7 3 15 28 24 1 1 1 5 3 5 4 11 0 13 9 3 1 2 1 2 28 0 2 0 18 3 0 11 23 14 2 15 4 0 3 0 33 5 11 7 1 0 4 9 22 4 3 8 1 0 15 7 21 0 1 22 8 1 2 0
8 1 9 0 0 1 0 0 15 0 11 1 5 0 0 5 0 1 2 1 1 0 2 5 1 2 11 1 0 2 0 8 0 0 0 4 0 0 0 1 1 10 2 12 10 0 1 0 0 1 8 6 0 0 11 5 3 6 2 1 5 1 10 5 12 1 2 3 0 0 0 7 8 7 1 1 3 8 7 0 1 2 3 3 0 1 2 0 0 7 5 1 0 0 0 3 1 0 9 4
4 2 0 1 4 2 0 3 4 6 0 0 0 10 5 0 2 0 5 0 0 3 1 8 20 5 0 8 14 2 20 2 9 0 0 3 2 1 7 0 2 1 2 7 2 1 0 2 5 2 5 3 3 0 9 3 1 7 1 0 6 2 1 0 0 3 2 3 0 1 11 7 0 0 2 9 0 1 12 3 1 4 0 29 0 5 7 0 10 0 0 0 5 0 9 23 2 9 5 1
0 2 0 0 0 11 0 2 0 5 0 2 1 3 0 0 0 0 0 0 0 14 0 0 0 2 1 0 3 0 0 0 3 0 10 0 20 0 0 0 2 0 0 0 0 0 0 0 0 0 1 0 0 1 1 0 1 0 0 0 0 0 0 0 0 20 12 0 2 0 4 0 0 0 1 3 0 0 0 1 0 1 1 0 0 5 0 0 0 0 0 0 1 0 5 0 0 8 1 3
1 0 1 0 0 5 2 0 0 2 0 0 0 8 0 0 0 0 1 0 2 1 0 0 0 0 1 0 8 0 1 2 1 0 4 0 5 0 0 0 9 0 0 0 2 1 0 0 1 0 1 0 0 0 2 0 0 0 1 0 0 0 1 0 0 1 2 0 0 0 6 0 0 0 0 0 0 0 0 0 0 1 0 0 0 2 0 2 8 0 0 0 0 2 9 1 0 11 0 2
0 15 1 2 1 0 17 8 1 8 4 2 10 6 8 6 0 10 0 1 10 10 0 0 3 11 38 9 8 7 1 14 0 13 26 1 14 29 34 9 11 6 2 7 1 2 9 1 42 3 6 9 6 9 7 1 10 9 0 6 11 0 16 1 10 0 5 7 7 6 0 1 13 0 16 4 6 9 2 3 20 9 3 8 4 3 15 1 14 11 6 62 12 14 3 1 0 3 47 3
0 7 0 7 0 0 0 2 1 8 0 0 0 2 0 1 0 0 0 0 1 8 0 0 0 3 0 0 0 0 1 0 5 1 0 0 0 0 1 0 0 1 1 0 0 0 0 3 0 0 1 0 0 1 0 0 0 0 0 0 0 0 0 1 0 3 6 0 0 0 0 2 0 1 0 5 1 1 0 0 0 0 1 0 0 2 1 2 16 2 0 0 3 0 12 0 1 6 0 1
4 1 19 11 11 8 10 4 1 1 8 10 3 3 3 17 10 1 3 8 1 5 15 1 16 0 1 1 8 0 10 12 2 10 10 5 1 3 7 2 1 14 18 7 5 4 0 7 3 8 15 2 29 4 6 4 0 33 3 8 3 7 0 2 0 2 12 6 16 2 44 0 4 4 10 3 0 4 17 19 2 11 6 25 24 8 29 7 0 14 1 2 3 2 12 3 10 7 0 1
0 1 2 2 0 0 0 0 0 0 1 0 0 0 1 0 1 0 1 1 0 1 2 0 0 1 3 0 0 0 0 0 1 4 0 3 0 0 0 2 0 1 0 0 0 1 1 0 0 0 0 0 1 0 0 0 1 0 0 0 0 0 1 0 0 0 0 0 1 3 0 2 22 0 0 0 0 0 3 0 0 0 0 0 0 0 0 0 0 2 2 0 0 12 0 0 0 0 0 0
0 0 1 0 0 1 2 0 0 0 5 0 8 0 0 0 0 0 0 0 1 1 0 1 0 0 6 0 0 4 0 1 0 5 0 4 2 0 0 3 2 3 1 0 0 0 0 0 0 1 1 1 0 0 0 2 1 1 0 0 0 0 0 6 0 0 1 0 1 0 0 0 0 0 0 0 0 1 0 0 0 0 0 1 0 0 0 0 0 0 7 1 1 2 0 2 0 0 0 0
25 0 14 3 7 1 15 9 2 13 1 1 6 12 4 23 13 4 0 1 0 0 10 6 1 8 4 2 7 1 2 13 9 1 5 1 11 20 14 0 4 7 5 6 0 10 1 5 2 3 2 1 1 3 2 1 12 39 20 12 18 2 21 10 33 7 4 9 6 8 1 23 7 2 6 2 7 19 2 7 1 8 24 13 3 4 13 18 21 4 4 0 13 5 5 11 31 0 6 9
1 4 10 1 0 4 11 0 4 2 0 2 7 0 2 2 18 1 7 3 3 5 3 5 1 1 13 6 0 2 0 1 10 15 5 0 2 3 0 1 3 4 0 0 2 3 1 2 3 3 1 0 2 2 14 1 0 0 10 0 14 0 10 5 3 2 4 0 11 4 3 1 39 1 5 9 9 5 1 4 5 3 1 16 2 0 6 2 9 2 1 2 4 3 5 0 1 7 6 10
5 1 3 0 11 0 0 0 6 0 11 2 1 0 0 3 1 9 3 5 10 0 0 7 2 0 0 0 0 4 0 4 0 3 0 9 2 15 1 1 0 2 5 1 0 1 18 1 0 2 3 0 0 2 5 0 5 7 1 2 1 19 1 28 4 1 0 8 1 0 0 0 8 1 17 0 4 7 0 4 2 6 12 6 0 1 1 0 0 6 1 2 5 1 0 1 5 0 16 0
3 0 0 8 31 3 6 7 3 12 6 5 4 17 4 18 0 23 1 4 24 0 3 0 3 0 20 11 1 9 3 8 1 1 2 1 13 16 16 12 12 5 6 2 12 3 2 3 0 15 10 4 6 5 2 8 2 1 4 3 19 3 11 1 12 10 3 1 0 1 2 0 6 25 7 5 7 12 0 4 4 11 0 7 2 3 4 6 3 5 10 3 7 15 4 1 7 8 3 6
0 2 0 0 2 4 0 0 0 0 0 0 0 3 0 0 3 0 1 7 1 7 0 1 0 1 2 0 2 0 0 0 4 0 4 1 1 0 0 0 0 0 0 7 0 0 0 5 0 0 0 1 0 4 0 0 0 0 0 0 0 0 0 1 1 2 0 0 1 0 1 0 0 0 0 5 3 0 1 0 0 0 0 0 0 4 0 5 10 0 0 0 0 2 3 0 0 10 0 0
19 12 6 6 3 10 12 1 1 0 14 14 4 5 6 2 3 12 1 2 19 4 4 10 7 8 6 1 3 8 8 15 12 3 8 2 15 23 7 1 3 22 6 2 11 2 8 0 3 17 0 10 3 0 5 5 2 11 5 6 0 6 0 16 3 24 6 10 1 16 13 20 5 8 3 10 3 2 5 8 4 5 1 2 5 16 4 7 7 26 36 1 2 2 3 2 13 0 10 0
1 0 0 0 0 0 0 0 0 0 0 0 0 0 0 1 1 0 1 0 3 1 1 0 8 0 0 3 1 0 0 0 0 1 2 1 0 0 0 0 0 0 2 1 3 0 0 0 0 0 1 0 3 1 4 0 0 0 0 0 1 0 0 1 4 0 2 0 0 0 0 0 0 0 1 1 0 0 0 0 1 0 0 0 8 0 0 0 0 0 0 0 1 0 0 0 0 3 2 0
5 0 2 0 2 0 1 14 2 1 6 1 9 7 1 0 0 0 10 7 0 10 0 6 1 3 0 6 0 11 2 6 1 0 1 0 1 4 1 2 0 5 4 2 0 1 7 3 1 3 3 0 1 0 1 2 25 1 1 1 3 20 0 11 0 3 6 14 10 6 7 1 5 1 0 4 2 2 2 7 16 8 4 1 0 1 1 9 1 0 1 0 0 2 5 0 1 6 0 2
0 0 2 0 0 0 0 1 0 0 7 2 0 0 1 0 0 0 2 0 0 0 0 0 0 1 1 1 0 3 0 0 1 9 0 9 0 0 0 0 0 0 1 1 1 0 4 0 0 1 1 0 0 0 0 1 0 1 0 0 4 0 0 1 1 0 0 0 0 7 1 1 1 1 0 0 1 0 0 0 1 0 0 0 1 0 0 1 1 0 0 3 0 0 0 0 3 0 0 0
13 1 1 20 0 5 5 0 1 5 1 16 17 3 1 5 0 0 13 1 2 7 3 0 13 2 4 7 8 20 9 3 1 6 5 17 0 4 12 2 2 3 12 0 1 4 23 2 0 1 1 6 10 2 5 2 37 4 2 3 1 3 12 27 0 0 2 1 1 0 5 2 2 4 5 6 6 0 8 2 3 7 14 1 19 5 17 1 1 2 3 0 2 3 3 2 2 3 6 2
3 0 0 2 6 2 1 4 6 2 3 10 3 5 7 1 1 0 3 1 0 4 7 1 0 4 5 3 2 6 10 2 8 2 3 4 8 1 4 0 1 1 4 5 0 0 2 4 15 18 3 3 0 0 1 0 12 1 1 23 0 1 6 6 0 4 11 5 8 0 3 5 2 4 0 1 8 6 3 5 3 5 1 11 0 8 3 8 9 5 4 6 0 0 0 0 5 0 1 2
0 1 0 1 0 0 10 0 0 0 1 0 0 3 0 1 0 1 0 1 1 0 0 0 5 3 0 0 0 0 1 0 0 1 1 0 1 0 1 0 0 0 0 0 1 0 0 1 0 0 0 0 0 1 0 0 0 3 0 0 0 0 1 2 3 2 0 0 1 1 1 1 1 0 10 0 0 0 2 0 0 0 2 0 2 0 0 0 1 0 0 2 0 1 1 1 0 1 4 1
5 6 2 1 8 5 0 3 12 1 7 3 0 12 0 1 5 1 1 0 0 0 2 7 0 0 0 0 3 0 0 0 4 4 2 16 3 7 0 1 0 6 4 0 5 4 10 5 6 0 0 7 0 0 4 0 15 8 0 3 11 1 8 5 0 5 5 2 0 3 0 3 9 12 1 2 7 2 0 3 2 0 0 1 7 11 1 2 8 10 3 3 17 2 0 17 1 5 2 8
10 2 10 0 5 10 1 2 6 2 1 4 3 30 0 3 4 21 4 1 1 2 0 12 0 8 11 0 6 5 10 26 1 0 2 3 26 2 27 6 1 9 10 1 2 13 0 4 3 0 5 24 5 0 0 2 7 8 4 6 5 31 4 1 2 9 17 0 0 7 8 2 1 0 3 3 14 7 3 8 13 20 0 3 1 14 8 7 15 2 7 0 1 0 7 7 3 13 2 1
0 0 0 1 0 0 0 0 4 0 0 0 0 0 0 1 2 0 0 0 0 0 3 0 0 2 0 2 0 0 2 0 1 0 0 0 0 0 0 1 0 0 0 0 0 1 1 0 0 0 1 0 0 1 1 1 0 0 0 0 0 1 1 0 0 0 3 1 1 0 0 0 0 0 0 0 0 0 1 0 0 0 0 0 0 0 0 0 0 0 1 0 0 0 0 0 0 0 0 0
0 1 16 0 2 1 1 0 1 0 3 13 0 0 2 5 1 5 9 0 10 1 4 2 3 1 3 2 2 1 2 4 0 2 1 4 0 0 3 1 0 3 6 2 3 0 1 0 3 2 0 0 0 1 4 0 3 32 4 4 5 2 4 1 5 0 1 0 3 0 0 0 0 6 14 0 1 5 10 3 1 6 8 0 1 0 4 0 2 2 2 10 2 12 0 8 6 0 1 7
9 7 1 2 2 8 25 7 5 11 2 29 1 11 0 14 10 6 29 0 16 2 2 3 1 5 1 16 4 0 0 8 21 0 2 1 3 5 10 9 51 2 0 11 6 12 3 1 14 3 10 7 13 15 9 15 1 14 0 27 34 13 1 1 4 0 8 20 1 1 7 15 19 1 11 16 1 7 3 11 0 1 13 3 9 7 12 1 23 2 6 0 8 6 1 7 0 6 29 2
3 3 2 4 0 3 7 3 2 4 1 0 0 0 3 4 15 4 1 0 8 3 0 9 0 0 17 14 1 0 2 2 2 20 3 1 11 8 0 3 6 21 3 5 3 4 0 0 13 5 2 4 0 2 8 14 8 4 10 3 4 3 0 10 2 2 3 0 3 10 2 6 5 3 0 2 0 0 16 6 1 1 18 0 5 4 0 0 12 3 0 1 12 6 3 14 3 1 5 14
5 35 3 1 0 1 9 6 0 30 12 0 2 6 3 3 4 18 6 4 4 8 6 4 1 2 10 1 3 3 5 6 3 4 1 3 32 1 6 1 1 7 1 6 2 0 12 10 3 5 9 1 6 2 8 18 0 1 0 2 0 4 1 1 6 8 13 0 4 4 5 9 2 0 1 14 8 12 2 2 0 2 4 0 13 0 0 4 9 1 6 6 11 2 2 3 4 0 8 8
0 7 11 1 3 6 6 0 8 2 11 0 3 21 2 13 3 0 2 15 3 8 15 4 0 4 5 0 2 0 0 11 5 4 19 5 2 6 23 0 18 0 2 25 3 6 18 4 6 12 8 3 10 3 1 7 8 21 7 0 18 0 0 11 8 5 2 4 14 0 6 1 7 20 3 0 14 5 5 0 28 8 8 19 9 1 1 12 7 1 13 26 3 3 0 2 7 1 0 4
3 4 0 8 0 6 2 9 9 0 0 1 1 1 5 0 9 1 4 12 5 1 1 11 2 0 0 1 0 1 0 15 4 0 0 4 1 1 2 0 3 2 1 2 0 1 8 5 12 9 2 11 3 2 1 3 0 3 2 6 1 0 7 0 1 2 1 5 3 0 3 13 0 1 15 2 2 15 3 0 6 18 4 10 0 10 2 6 13 7 0 0 0 0 4 1 0 4 26 2
10 5 0 0 4 2 0 6 6 4 1 0 1 16 1 8 3 1 2 12 6 1 0 0 5 7 8 0 12 5 12 20 2 3 2 6 4 5 9 5 6 1 1 1 13 9 5 0 0 0 2 6 3 5 0 10 1 0 10 0 0 6 1 1 0 2 0 0 13 3 7 4 7 0 3 10 6 0 5 1 0 4 9 1 1 1 4 13 5 1 0 0 2 6 0 2 4 3 1 4
0 4 0 1 1 0 0 2 1 6 2 0 0 4 1 0 0 0 0 0 1 5 0 1 0 0 0 0 0 0 1 3 0 0 0 0 7 0 1 0 20 1 1 1 0 0 0 13 0 0 0 0 0 1 1 0 0 0 0 0 0 0 0 0 1 26 7 0 0 1 2 0 0 0 5 8 0 0 0 4 0 0 0 1 0 4 0 16 12 0 0 0 0 2 13 1 0 7 0 1
4 7 6 10 4 1 0 1 5 1 14 8 0 0 0 1 9 0 1 8 0 14 8 8 1 2 22 5 5 8 0 5 0 1 1 19 1 9 3 4 4 2 2 1 4 1 4 18 3 9 2 1 6 17 5 6 19 14 23 5 1 0 11 0 21 0 13 26 6 3 2 4 16 7 10 12 3 10 4 10 2 0 2 3 12 6 22 1 4 4 3 12 5 30 0 7 14 30 9 0
7 3 0 0 12 27 3 0 2 2 22 12 2 19 1 2 8 19 1 4 9 5 4 2 1 7 2 6 11 5 0 15 6 2 9 12 1 8 1 17 5 0 1 8 7 7 10 3 11 6 4 1 0 2 8 37 0 19 0 8 10 12 7 5 3 7 2 19 1 2 3 10 4 2 1 1 2 10 11 19 3 1 1 0 9 7 0 8 1 1 7 3 40 5 13 10 12 14 2 17
10 2 4 0 0 2 1 4 17 16 22 8 7 0 8 1 10 14 2 10 0 7 6 31 3 12 1 5 10 1 2 2 0 1 5 10 5 8 6 9 3 1 1 4 2 8 2 1 4 8 5 3 16 3 0 1 0 9 10 6 33 9 17 1 4 13 0 5 11 14 3 0 11 1 10 7 27 13 0 32 3 5 4 20 4 1 2 10 1 4 1 4 6 0 11 4 1 2 13 21
0 0 0 0 1 0 0 0 0 0 1 0 8 2 1 0 0 0 1 0 0 0 0 0 0 0 14 1 0 2 1 0 0 2 0 0 0 0 0 0 0 0 0 0 0 0 0 0 2 0 0 1 1 1 1 3 1 0 2 0 0 0 0 14 0 0 0 0 0 1 0 2 7 0 0 0 0 0 0 0 0 0 0 0 0 1 0 0 0 0 12 2 1 6 0 0 1 1 0 0
3 8 0 2 1 11 6 13 5 10 0 1 6 12 7 13 1 13 1 3 3 7 15 1 2 31 0 2 3 8 3 1 13 3 5 2 8 3 17 0 20 5 4 2 0 18 0 7 0 1 3 0 4 0 2 0 2 2 6 5 10 5 6 3 1 0 3 11 2 11 2 2 0 3 5 2 5 15 9 4 2 10 16 11 10 1 14 0 14 0 0 1 3 15 4 11 12 10 1 3
5 3 0 7 9 2 1 0 2 0 4 7 1 0 0 0 7 4 2 2 0 7 2 4 1 0 1 0 2 4 1 3 35 2 9 0 0 1 2 3 0 1 4 1 1 0 0 0 0 2 3 11 1 8 2 8 1 1 0 0 1 1 4 12 0 0 1 8 3 0 1 1 5 0 0 1 1 1 3 1 8 0 19 1 1 5 3 3 11 17 11 5 1 10 1 3 0 1 0 16
23 5 0 15 11 6 2 19 15 2 1 2 8 1 3 22 1 3 7 12 8 12 0 15 6 0 3 1 13 0 4 4 10 16 2 15 20 3 1 5 0 18 10 11 8 2 4 0 7 15 12 7 15 15 0 34 7 7 5 14 15 16 7 8 9 0 0 12 9 9 5 5 1 7 7 3 9 1 8 12 9 19 4 3 0 10 0 0 4 10 1 17 9 3 11 16 18 3 0 5
0 0 1 0 0 0 1 1 0 0 0 0 6 0 2 0 0 0 0 0 0 0 1 0 0 0 3 1 0 5 5 1 0 0 1 11 0 0 0 0 0 2 0 1 1 2 0 2 2 1 0 0 0 1 0 0 0 0 0 0 1 0 0 1 0 0 0 1 1 3 0 3 0 0 0 0 0 0 0 0 0 1 2 0 4 0 0 0 0 0 11 1 0 6 0 0 0 0 0 0
0 11 19 2 8 4 14 9 13 3 2 8 0 0 3 1 4 4 4 3 1 9 4 4 0 3 0 3 2 1 5 8 5 3 6 2 1 21 0 21 3 8 9 9 1 6 2 5 4 4 5 5 2 8 0 3 3 2 28 5 3 1 6 2 11 2 3 0 16 11 4 21 6 3 10 20 22 12 0 3 21 2 7 2 2 13 0 14 0 8 1 19 1 1 3 4 26 8 13 11
0 0 0 0 2 0 0 0 0 1 3 2 2 1 0 0 0 1 1 0 0 0 0 0 0 3 0 8 0 0 0 0 0 0 0 0 0 0 0 0 0 0 0 0 2 0 0 0 1 0 4 1 0 0 0 1 2 0 0 2 1 0 0 0 0 0 0 0 1 0 0 0 1 0 0 1 0 0 1 1 0 0 0 1 0 0 0 1 2 0 1 0 0 1 0 0 1 0 2 1
1 1 0 3 3 2 7 3 4 3 2 2 0 2 9 5 15 7 0 3 44 1 6 1 18 7 0 0 3 1 5 1 2 0 7 0 11 4 16 4 1 8 0 1 2 1 2 3 8 1 0 6 4 13 21 2 4 19 4 12 1 1 3 2 1 0 8 8 1 0 5 0 1 7 30 5 2 6 1 8 0 9 1 2 5 7 2 1 3 4 6 2 13 0 6 4 2 1 3 17
