4 0 4 8 1 0 5 1 0 0 2 0 1 1 2 0 1 3 2 0 2 1 2 0 3 7 1 0 5 2 0 1 5 8 5 5 0 4 0 0 0 1 2 0 4 5 3 1 3 3 3 1 1 2 0 0 1 0 9 0 6 13 1 3 1 2 3 2 3 6 1 7 13 2 1 0 1 1 0 1 5 2 0 2 5 1 0 5 1 5 7 3 5 3 0 0 1 0 0 6
0 3 0 1 5 0 0 0 0 8 0 0 0 22 2 0 4 0 0 0 0 2 3 0 2 0 0 0 0 1 1 0 0 2 1 0 6 0 0 3 1 1 0 5 0 0 0 1 0 0 0 3 0 0 0 0 0 0 1 0 0 0 0 0 0 0 0 0 0 0 1 0 0 1 0 1 0 0 6 0 0 0 3 1 0 1 0 2 17 0 0 0 0 1 5 5 2 3 2 0
1 2 0 1 1 0 4 0 0 0 1 0 0 0 0 1 2 0 0 0 0 0 1 2 1 0 0 2 2 0 0 0 0 1 3 0 0 6 0 0 0 0 1 0 0 0 6 2 0 1 2 0 0 0 0 0 0 0 0 0 0 0 0 0 2 2 0 0 0 0 0 1 0 0 0 1 0 1 1 1 0 0 1 0 0 0 0 0 2 0 0 0 0 0 0 0 1 1 0 0
0 0 1 0 0 0 1 0 0 0 0 0 0 0 1 2 1 0 2 1 8 0 0 1 0 2 1 11 0 0 0 3 2 2 10 1 0 5 0 0 1 1 1 0 1 1 11 0 0 1 2 1 0 0 2 2 0 0 0 0 0 0 0 1 0 0 0 1 0 0 1 0 0 0 0 0 0 0 0 0 0 2 0 0 0 0 0 0 0 0 0 0 0 0 0 0 0 0 0 0
0 0 1 0 0 0 2 0 0 0 0 0 0 0 0 0 0 1 1 1 2 0 5 0 1 0 1 0 0 1 0 0 0 0 0 0 0 0 0 0 0 0 0 1 1 2 0 2 0 0 0 0 1 0 0 0 0 0 0 1 1 2 0 18 0 1 0 0 0 1 0 4 0 0 0 1 0 0 0 1 0 0 0 0 0 0 0 0 1 0 3 0 0 1 0 0 0 0 1 0
6 11 14 2 3 10 27 22 6 8 22 16 0 9 2 3 23 6 1 28 2 5 13 16 8 4 8 9 1 7 6 1 14 6 0 1 31 0 1 2 7 9 1 1 0 3 21 1 1 2 15 12 5 1 18 15 4 2 4 1 10 0 1 8 19 8 5 1 5 15 7 11 14 1 5 4 8 0 10 7 0 13 4 0 7 1 0 12 8 4 12 3 3 4 22 0 1 1 18 0
11 0 18 17 0 6 3 8 18 28 5 3 1 7 2 4 7 6 10 9 3 7 9 0 1 10 0 1 0 20 0 3 2 1 0 8 1 1 14 0 5 4 44 14 18 7 1 22 5 5 16 4 12 4 21 9 17 7 8 4 10 23 8 1 5 0 12 1 6 6 8 2 13 12 1 10 4 12 1 18 44 6 3 3 0 6 3 1 8 15 10 1 25 4 22 2 17 12 12 1
3 12 3 7 4 2 16 0 2 22 9 0 20 6 4 1 1 4 1 5 1 5 1 1 0 1 1 0 1 8 15 2 6 3 14 0 3 5 3 0 12 1 16 2 9 18 13 3 39 1 1 11 20 2 2 1 2 7 3 25 1 10 9 2 18 10 1 2 8 4 12 1 1 10 10 7 3 25 0 16 1 10 7 3 7 12 11 2 0 4 8 11 16 1 3 15 14 5 6 9
0 0 0 0 0 1 0 0 0 0 0 1 0 0 0 0 0 1 2 0 1 0 1 0 0 1 2 1 0 0 0 0 0 2 1 0 1 0 1 0 0 0 0 0 0 0 0 1 0 1 0 2 0 0 0 0 1 0 0 1 0 0 1 0 0 0 1 0 2 0 0 0 0 0 0 0 0 0 0 1 0 4 1 0 0 3 0 1 0 0 0 2 3 1 0 0 1 1 0 0
0 0 0 0 0 1 0 0 1 0 0 0 1 1 0 0 0 0 0 0 22 0 0 0 0 2 0 0 1 1 0 0 1 0 0 0 0 1 2 0 0 0 0 1 0 0 0 1 0 0 0 0 2 0 0 0 0 3 0 2 0 1 0 0 0 0 0 0 0 1 0 0 0 0 0 1 1 2 0 1 0 0 0 1 0 0 0 0 0 0 0 1 0 2 0 1 0 2 0 0
2 1 0 0 2 5 0 3 8 21 3 0 23 13 10 1 8 5 4 15 2 6 0 1 0 1 5 3 17 11 2 4 8 5 6 7 2 5 5 4 4 21 8 0 6 3 9 4 8 8 4 0 48 14 11 30 8 25 3 36 1 0 25 42 14 0 1 5 3 0 0 30 0 1 8 1 8 5 2 9 2 15 13 2 6 0 5 0 10 5 5 20 1 15 0 23 11 6 22 13
1 0 0 0 0 0 1 1 3 0 0 0 1 0 1 1 0 0 0 2 0 0 0 2 1 3 1 0 0 0 0 0 0 0 1 0 0 1 1 0 0 0 0 1 0 0 0 0 1 2 0 1 0 2 2 0 0 2 0 0 0 0 5 0 0 0 0 0 0 0 0 9 0 0 0 1 0 0 1 0 2 0 1 0 0 0 0 0 0 0 1 0 0 0 0 1 2 3 1 1
0 4 6 7 1 6 4 2 3 4 7 0 2 19 3 2 4 3 4 3 2 1 0 21 4 6 0 0 7 2 1 2 15 1 0 4 6 2 10 4 17 5 6 3 2 1 17 3 5 3 9 10 4 1 1 8 22 14 5 4 2 2 8 4 3 2 2 8 2 0 2 0 12 3 0 4 1 3 5 8 0 8 4 3 5 13 15 0 0 6 0 7 0 7 4 5 5 4 2 8
2 4 1 0 1 4 0 0 2 1 5 6 0 0 0 0 0 19 16 2 0 7 1 8 10 4 2 6 7 1 5 2 2 23 5 0 0 10 1 0 5 5 0 0 5 4 1 3 1 1 4 5 14 8 4 11 7 12 12 2 1 0 3 0 3 5 1 0 1 0 5 1 5 3 14 3 3 10 4 1 14 2 0 5 2 1 1 3 4 1 3 0 0 6 3 3 9 1 2 5
0 2 1 0 0 1 1 3 1 0 0 1 0 1 0 0 0 0 2 0 2 0 0 1 0 1 1 0 0 0 1 3 1 0 0 0 1 0 0 0 0 0 0 0 0 0 1 2 0 0 0 0 0 0 0 0 1 1 0 0 0 0 1 3 0 0 1 0 2 1 1 3 0 0 0 0 0 0 0 0 1 0 1 1 0 0 0 0 0 0 0 0 1 0 0 1 1 0 0 0
5 21 0 0 2 2 0 0 2 15 2 0 5 1 1 0 1 10 0 3 0 0 0 4 0 2 2 4 5 15 5 1 5 0 1 22 0 6 3 0 2 0 3 5 9 1 14 2 16 1 0 2 4 4 8 4 0 4 0 0 9 1 0 2 3 0 0 0 8 3 2 1 1 5 3 2 6 1 1 4 15 3 10 6 2 18 0 6 1 0 0 3 2 3 8 1 2 9 6 11
0 1 0 2 16 1 5 1 1 1 0 0 5 4 5 0 3 5 0 9 0 0 4 5 2 10 0 10 1 2 0 3 0 0 12 3 1 16 5 1 15 1 13 3 6 2 2 6 7 18 3 9 1 4 25 19 1 0 8 5 1 1 5 1 0 4 0 0 2 1 4 2 4 5 4 12 8 12 2 0 3 1 4 2 0 0 0 0 3 1 5 1 6 2 5 3 0 0 4 0
0 0 13 1 0 6 21 8 28 6 6 3 17 4 2 3 11 8 3 7 0 0 46 22 1 2 30 6 0 21 35 2 36 38 7 6 0 2 4 9 5 9 13 21 4 1 8 2 19 5 4 37 7 5 5 24 13 5 14 25 16 0 7 1 7 9 0 4 3 7 1 5 26 11 6 18 21 2 10 1 4 11 3 3 7 1 2 0 9 3 7 8 32 5 0 3 14 25 1 23
0 3 0 0 5 0 1 1 0 4 3 4 0 6 1 13 6 0 0 0 0 4 2 1 0 0 1 0 0 0 0 0 0 0 0 0 0 0 0 1 1 10 2 0 1 0 1 0 2 0 1 11 0 0 1 0 2 1 0 0 2 1 1 0 2 0 1 0 0 0 5 0 1 1 0 0 0 0 4 0 0 0 0 1 0 0 0 3 2 0 0 1 0 0 6 8 0 13 1 0
0 4 1 4 2 0 1 0 0 2 0 1 0 0 0 0 0 0 1 0 0 0 0 0 1 0 1 0 1 0 1 0 0 0 2 0 0 3 0 1 0 0 3 0 0 0 8 0 0 0 0 0 0 0 0 0 0 1 0 1 0 2 2 1 0 0 1 0 0 0 0 4 0 0 1 2 0 0 0 1 0 0 1 0 0 2 0 0 0 0 1 0 0 0 0 1 0 0 0 1
1 1 2 1 0 1 0 0 1 2 1 0 0 1 0 2 1 0 0 1 1 6 0 0 0 0 0 0 0 0 0 4 0 0 0 2 1 0 0 2 8 7 1 13 1 0 1 1 0 3 0 0 0 1 0 2 10 0 0 0 0 0 0 0 0 1 1 0 1 0 7 1 0 1 0 0 0 0 2 0 1 0 1 0 0 9 0 0 2 0 0 0 0 0 5 6 0 4 1 3
0 0 0 0 1 0 0 0 0 0 0 0 0 1 0 1 0 0 0 0 4 0 1 0 0 1 0 0 0 0 0 0 0 0 0 0 0 2 4 0 1 0 0 0 0 2 2 0 0 0 1 0 1 1 0 0 0 0 1 0 0 0 1 2 0 0 2 0 0 0 0 7 2 0 0 0 0 1 0 0 0 0 1 0 3 1 0 0 4 0 0 0 1 0 1 0 0 1 1 0
5 9 13 22 6 24 9 11 13 1 2 19 0 4 3 8 3 10 1 1 10 5 2 4 5 15 1 10 7 4 12 29 27 11 4 12 7 4 26 1 3 4 2 0 0 1 16 1 4 40 31 0 7 0 7 19 17 14 7 3 22 9 11 42 2 4 15 0 3 4 4 0 3 10 6 3 19 3 20 9 1 1 0 3 12 7 0 3 3 0 8 3 0 11 0 9 2 9 7 18
1 7 1 4 21 3 3 3 3 0 14 0 0 6 3 7 3 11 2 10 8 5 14 1 1 3 2 2 0 13 0 5 0 9 5 0 4 13 0 6 2 10 2 3 0 4 7 1 10 7 6 5 1 7 3 11 7 0 2 1 0 3 3 6 7 3 11 0 4 9 2 0 1 12 9 1 2 11 0 2 3 0 0 1 10 5 6 0 6 10 3 1 0 1 11 12 2 35 6 4
6 2 0 4 1 5 2 0 0 9 3 2 1 0 0 7 5 0 0 2 1 0 7 1 8 3 12 2 0 7 0 9 1 0 11 14 3 20 3 5 5 11 2 10 0 2 2 5 7 0 0 6 4 14 0 10 4 5 1 4 3 3 2 4 3 0 5 14 1 4 4 5 0 0 6 0 4 1 8 3 3 2 0 0 13 2 11 8 2 0 3 1 2 0 4 2 3 2 5 6
0 12 0 3 18 18 6 0 4 15 5 7 1 9 13 0 6 7 5 19 1 1 22 1 8 6 0 10 4 13 6 28 2 2 8 9 14 2 1 6 4 11 6 3 12 5 2 2 8 0 2 0 24 22 0 17 8 10 1 1 7 16 11 2 3 1 8 3 9 0 3 3 4 4 1 4 22 4 9 10 8 6 13 23 9 25 10 16 4 12 2 19 13 12 1 12 12 11 10 1
5 0 4 0 4 4 0 10 3 3 7 1 9 2 6 4 0 7 3 0 9 8 1 4 10 9 13 4 3 1 2 1 9 8 0 3 6 1 8 1 3 1 0 0 2 1 3 0 0 2 6 0 21 0 7 1 8 19 2 0 13 1 6 7 3 25 6 5 15 0 0 4 1 3 18 3 3 1 0 1 10 0 5 9 1 0 0 1 6 3 1 13 4 0 1 4 2 2 0 1
0 1 0 2 0 1 1 0 3 0 0 0 0 0 0 1 0 0 1 2 5 0 0 1 5 1 1 0 0 0 0 2 0 0 1 0 0 2 0 0 0 1 0 0 1 0 0 0 1 3 0 0 0 0 1 1 0 0 1 0 1 0 0 0 0 0 0 0 0 0 0 2 0 0 0 0 0 0 0 1 0 2 0 0 0 0 0 3 0 0 1 2 0 0 1 1 0 0 1 1
7 0 9 1 0 14 1 26 11 7 3 5 7 1 7 13 4 1 3 0 10 5 5 0 1 3 0 5 0 3 7 0 4 21 6 3 11 5 8 22 8 7 2 22 2 7 1 15 12 3 3 10 18 8 7 1 8 8 16 1 6 11 5 5 8 6 9 5 0 1 1 6 0 19 8 4 9 59 28 2 11 40 8 3 1 5 9 20 0 5 3 14 1 2 1 4 16 10 3 3
5 3 29 0 4 2 3 15 6 5 1 25 1 2 6 1 29 18 19 10 1 2 0 5 1 6 2 1 9 4 2 22 17 7 3 12 0 1 4 1 12 3 18 0 4 1 1 7 2 0 6 2 2 6 4 0 3 0 6 23 0 7 0 24 7 23 2 7 1 0 0 5 3 10 1 6 18 9 1 8 0 7 20 2 4 0 7 4 8 12 7 4 2 6 6 0 0 8 0 14
11 0 18 14 0 11 2 2 19 3 15 15 1 8 4 0 1 9 8 2 27 2 19 0 1 25 6 16 15 0 0 0 17 11 12 6 0 6 1 5 0 0 0 13 1 0 2 4 0 15 9 2 0 8 2 0 0 4 10 10 9 4 1 9 3 2 1 2 8 21 1 5 8 2 3 3 5 7 6 39 1 4 12 22 3 11 1 4 3 8 3 1 6 4 8 2 5 2 3 4
0 0 13 0 3 12 0 5 0 12 21 10 4 13 0 12 1 2 4 4 25 11 18 18 30 10 7 6 15 6 21 0 5 0 3 0 9 8 0 5 18 2 9 4 6 8 9 0 8 1 2 8 0 26 1 3 1 12 5 34 1 16 0 3 33 3 9 29 5 11 3 0 17 8 7 2 4 0 30 2 21 2 5 1 4 0 1 0 14 29 9 12 5 22 9 2 1 1 0 4
0 3 0 1 6 0 0 0 1 5 3 0 0 0 0 0 1 0 0 0 0 17 0 0 0 0 0 0 0 0 0 0 0 0 0 0 0 0 1 21 0 1 0 5 0 0 1 0 0 0 1 2 0 0 1 0 0 0 1 0 0 0 0 0 3 0 1 0 0 2 0 0 1 0 0 0 0 1 5 0 0 0 1 0 0 0 1 1 5 0 0 0 0 0 3 3 0 8 8 0
11 4 0 1 1 5 3 5 7 0 1 2 9 9 6 12 4 17 0 28 6 1 0 0 10 5 0 11 0 10 4 0 3 0 6 0 1 5 4 1 13 4 13 33 2 1 0 5 3 0 21 4 1 1 10 2 1 14 2 7 8 2 4 17 1 2 2 5 11 4 1 1 5 7 13 10 0 7 3 3 6 2 1 7 0 10 6 9 0 3 0 3 5 7 5 0 13 4 0 5
0 0 5 3 0 8 4 1 6 1 1 4 5 4 7 6 1 2 4 3 0 0 2 10 6 2 2 0 3 0 10 4 13 11 2 1 10 20 1 1 3 2 5 19 3 2 5 1 1 2 10 0 2 3 2 2 1 0 2 3 6 1 7 0 0 1 1 1 1 0 4 2 0 0 3 6 2 0 9 1 1 4 4 1 1 0 11 9 8 2 5 0 2 0 28 1 5 0 0 3
0 0 0 2 0 0 0 1 3 0 0 0 0 1 0 0 0 1 0 0 0 0 0 0 1 1 0 0 0 3 0 0 3 0 1 0 0 0 0 0 0 0 0 0 1 0 0 7 0 0 0 0 0 0 0 0 0 0 0 0 2 0 1 0 1 0 0 0 0 4 0 0 0 1 2 0 1 0 0 0 0 0 0 0 1 1 1 0 1 0 0 2 1 1 0 2 0 0 1 3
0 12 0 1 4 0 1 0 1 0 8 1 0 5 0 4 5 0 1 0 0 5 1 0 0 0 1 1 0 2 0 0 0 0 0 0 0 0 0 2 4 9 0 5 3 0 1 0 0 1 0 1 0 0 1 4 2 0 0 1 1 0 0 0 2 2 0 0 0 2 0 0 0 0 0 0 0 1 2 0 0 4 0 0 0 1 0 0 9 1 0 0 0 0 8 6 0 8 2 0
0 11 0 0 2 0 0 0 0 3 9 0 1 2 1 3 2 0 0 0 0 2 0 0 2 0 1 0 0 0 0 0 0 1 1 0 2 0 0 3 3 4 0 6 0 0 1 0 0 2 1 4 0 0 0 1 3 0 1 0 1 0 0 0 1 1 1 0 0 2 1 0 0 2 0 0 0 0 0 0 0 2 1 1 4 0 0 0 3 0 0 0 0 0 1 7 0 2 0 0
0 1 16 0 7 13 0 2 16 0 9 8 1 2 0 12 0 6 0 5 0 0 1 7 1 3 0 2 4 2 2 1 3 5 6 6 2 6 0 5 2 4 0 9 1 37 0 0 0 7 1 5 2 3 0 0 2 0 6 1 7 0 6 1 0 8 3 12 1 0 6 0 2 8 2 11 0 0 4 1 0 5 1 19 2 1 6 5 1 5 2 5 0 2 10 0 3 5 1 0
0 0 0 0 1 0 0 0 0 0 0 1 1 0 0 0 0 0 0 2 3 2 0 0 0 2 0 0 1 0 0 0 1 0 1 0 0 1 0 0 0 1 0 3 0 0 0 0 0 0 0 0 0 0 0 0 0 0 0 0 2 0 0 3 0 0 0 0 0 2 0 2 0 0 0 0 0 0 0 0 2 0 1 0 0 1 2 0 0 1 0 0 0 0 1 0 2 1 1 0
7 12 3 7 0 20 14 9 1 6 2 21 19 7 1 4 5 3 13 1 7 21 20 2 4 5 13 5 7 3 4 20 8 16 5 0 0 7 12 0 0 21 8 14 3 5 3 0 9 6 2 0 4 9 15 3 3 0 0 14 5 4 6 0 12 21 29 9 1 1 16 1 4 3 0 2 0 7 10 29 3 2 8 5 13 11 1 5 0 14 2 9 0 4 8 13 6 23 7 1
2 5 0 3 5 2 3 4 3 5 1 3 6 0 0 0 2 10 4 1 5 3 0 6 0 7 2 4 0 9 1 2 21 4 8 0 0 1 1 4 1 0 0 6 1 0 1 1 4 2 0 4 4 0 2 5 9 3 0 5 3 0 0 7 5 5 3 21 1 0 1 5 3 2 0 2 2 3 2 7 8 6 1 4 5 11 3 5 1 5 0 6 0 4 17 6 4 4 5 4
13 3 6 6 1 3 19 3 4 7 0 9 9 1 0 0 2 14 0 10 3 0 2 1 2 1 17 15 18 5 0 0 4 5 2 2 2 3 0 4 7 5 13 1 16 2 18 8 6 2 3 10 7 0 4 7 7 1 2 4 4 0 1 13 2 6 13 1 8 4 13 9 0 11 8 12 1 15 4 2 7 0 16 0 3 31 23 3 5 0 34 5 13 16 9 1 0 2 4 0
0 0 0 0 1 0 0 1 0 0 2 0 0 0 0 0 0 0 0 0 0 0 0 1 1 0 0 1 0 0 0 0 0 0 0 0 0 1 0 0 0 0 0 0 0 0 2 10 0 0 1 1 0 0 0 0 1 0 0 0 0 0 0 0 0 2 0 0 1 1 0 1 0 0 0 0 0 0 1 2 0 0 0 2 1 0 1 0 1 3 2 0 0 1 0 0 1 2 0 2
0 0 1 0 0 0 0 0 0 0 1 0 2 2 0 0 0 0 3 1 1 0 1 0 0 0 0 0 0 0 0 0 0 0 2 0 0 0 0 0 0 0 0 0 0 0 0 5 1 0 1 0 1 0 1 0 0 0 0 0 0 0 1 0 2 0 0 0 1 0 0 0 0 0 0 1 0 0 1 0 0 0 1 1 2 0 12 0 2 0 1 2 0 0 0 0 0 1 0 0
12 11 9 1 3 6 26 0 3 5 2 4 11 1 6 8 8 5 10 0 5 3 6 7 3 34 1 7 30 20 2 5 8 0 0 16 12 1 21 1 4 0 7 3 14 0 3 1 9 7 5 4 27 12 1 9 0 6 8 20 24 37 0 10 17 19 17 6 2 5 23 17 6 6 3 6 4 15 8 2 4 2 5 10 1 1 10 0 8 1 4 11 0 4 2 8 0 16 0 8
1 0 0 0 0 0 1 0 0 1 0 0 0 0 0 1 2 0 0 3 5 0 0 0 0 1 0 0 0 0 0 1 0 0 0 1 0 0 0 1 1 0 0 0 0 0 0 0 0 2 0 0 0 0 0 0 0 0 2 0 1 0 1 2 0 0 1 0 0 0 0 1 0 1 0 1 0 3 0 0 0 0 0 0 0 0 0 0 0 2 0 0 0 1 0 0 1 0 1 0
8 43 0 0 4 2 10 3 1 32 0 10 5 4 3 13 2 8 3 0 1 4 4 4 3 0 7 7 6 4 0 4 33 1 6 2 18 2 0 2 5 16 2 6 2 2 0 0 4 20 0 0 14 5 2 5 5 2 0 8 12 2 2 0 5 0 11 2 2 0 10 2 0 3 3 0 1 2 7 4 2 2 3 3 3 7 4 0 5 0 0 0 3 0 7 0 4 7 6 2
10 4 7 4 0 2 2 2 15 7 3 2 2 1 7 6 2 25 1 15 8 1 16 1 2 3 14 1 1 0 6 8 5 3 1 1 4 1 0 2 2 3 1 0 2 3 3 1 8 6 5 2 4 7 1 9 2 4 16 5 4 7 30 9 0 3 10 13 0 0 3 19 3 0 2 1 2 0 2 22 2 0 7 17 1 20 8 0 0 6 1 17 9 0 7 4 4 10 6 2
0 19 6 1 25 1 0 2 4 12 6 0 2 12 2 18 8 0 2 3 1 2 0 7 4 3 9 5 12 0 3 4 0 2 0 2 0 9 0 5 14 3 1 3 0 1 8 1 7 0 7 7 2 0 4 3 4 2 2 3 0 3 8 5 2 1 13 6 5 4 17 2 1 1 0 2 3 6 7 5 8 0 3 0 10 3 3 0 2 15 4 0 1 0 2 8 20 2 18 6
