3 10 25 9 1 11 3 15 27 0 3 10 22 1 2 0 3 10 11 7 5 10 5 0 0 10 0 14 9 5 15 23 4 8 26 13 7 4 2 4 3 11 1 8 5 2 2 15 25 15 6 6 4 2 2 1 26 10 2 6 18 6 5 7 22 3 8 15 0 11 7 1 0 10 20 7 15 13 8 4 1 5 12 1 0 4 1 1 7 0 7 3 4 0 1 5 9 6 10 1
0 0 0 4 0 0 2 3 1 12 4 2 4 1 2 0 0 1 0 8 10 9 3 2 4 0 2 1 2 1 0 0 2 7 7 0 10 12 2 3 0 3 3 6 0 0 26 6 13 10 0 13 2 3 7 6 9 0 0 0 2 16 10 0 5 9 2 1 0 7 3 1 0 10 0 2 1 0 0 10 4 1 4 1 3 3 2 1 10 3 0 7 8 4 5 5 0 2 1 4
1 0 12 0 12 0 25 17 1 2 6 14 19 2 0 2 1 13 18 0 4 6 24 1 1 6 12 9 3 2 8 4 11 26 6 7 1 6 1 2 4 2 5 18 1 9 20 13 2 5 9 6 1 6 3 5 0 11 12 3 8 3 10 18 9 12 5 1 1 8 8 1 3 4 15 0 25 5 9 6 18 5 8 6 7 1 9 14 1 48 6 3 2 9 6 5 3 0 1 8
1 0 0 0 0 0 0 0 0 2 1 0 0 0 0 0 0 0 0 0 0 2 0 1 1 0 1 0 0 0 0 0 0 0 0 0 1 0 0 0 0 0 0 0 0 0 0 1 0 2 0 0 0 0 0 1 4 2 0 2 0 0 0 0 0 2 0 1 0 0 0 0 0 0 2 0 5 0 0 0 1 5 0 0 1 1 0 0 0 0 1 2 0 0 2 0 7 0 0 0
0 0 0 0 0 1 0 1 0 0 0 0 0 0 2 0 0 0 0 1 3 0 0 0 2 0 0 1 1 0 1 1 0 0 1 0 0 0 0 1 1 0 1 0 0 2 0 0 3 0 0 3 2 1 0 0 0 1 0 1 0 0 1 0 0 0 1 0 1 0 0 3 0 0 0 0 2 0 0 0 3 0 0 0 0 1 0 2 0 1 0 1 0 0 0 0 0 0 0 0
0 0 0 0 0 0 0 0 1 0 0 0 3 3 0 1 0 0 1 0 0 0 0 1 0 0 1 0 1 0 0 1 0 1 0 1 0 2 0 0 0 0 0 0 1 0 0 0 0 0 0 1 0 0 0 1 3 0 0 0 0 0 1 0 0 1 1 1 0 1 0 0 0 0 2 8 0 0 0 0 1 7 0 1 0 0 0 0 0 0 1 1 0 1 0 0 0 2 1 0
12 6 4 20 3 5 2 25 10 5 8 1 10 1 7 21 12 30 3 3 2 5 9 18 0 24 0 0 1 12 22 5 40 3 3 1 5 2 4 13 5 36 2 6 3 21 0 0 7 11 0 4 2 5 3 1 12 10 11 3 15 10 1 41 7 2 7 2 23 5 0 7 13 9 2 1 5 6 19 0 3 26 9 4 3 26 15 12 12 3 30 8 11 0 1 4 2 10 5 17
0 0 1 0 0 0 1 0 0 1 0 1 0 11 0 1 1 0 1 1 0 0 1 0 0 0 1 0 1 0 0 0 2 1 0 2 1 0 1 0 0 0 0 0 0 0 0 0 0 0 1 0 0 0 0 0 1 0 0 0 0 0 0 0 0 0 1 1 2 0 0 0 1 0 0 2 1 0 0 0 0 5 0 1 1 0 0 0 0 0 0 0 0 0 0 1 0 0 0 1
5 14 5 11 6 12 12 1 11 27 2 2 11 17 7 6 8 14 0 2 4 1 5 11 4 3 21 15 8 0 4 1 3 10 0 3 15 20 3 1 5 4 13 13 2 36 0 22 0 16 2 18 6 5 8 9 12 2 18 0 13 5 2 11 1 0 7 0 7 3 19 2 19 4 1 2 4 10 1 12 31 0 1 4 1 19 19 3 0 16 15 5 4 7 5 20 0 10 4 51
1 0 1 1 2 0 0 0 4 0 0 0 1 0 1 0 0 0 0 0 2 0 0 0 0 1 0 1 0 0 0 0 2 0 1 0 0 2 0 1 0 1 0 0 0 1 1 1 0 1 0 0 0 0 1 0 0 0 0 0 0 0 0 0 1 1 0 0 0 0 1 0 0 4 0 0 1 0 0 0 1 2 0 0 0 0 0 0 0 0 0 0 0 0 1 0 0 0 1 2
3 0 0 0 8 34 0 12 4 12 6 0 30 2 0 4 19 7 6 12 3 0 0 21 7 20 2 4 7 15 18 2 24 4 0 46 3 3 1 10 5 7 5 14 8 6 4 11 5 21 10 1 14 7 0 15 2 16 13 1 10 44 20 10 2 6 11 3 9 25 0 5 8 25 14 12 5 4 5 35 5 3 1 14 14 21 8 11 13 11 37 10 7 18 2 20 4 9 4 0
2 1 3 6 3 4 1 2 5 2 5 0 4 7 0 2 0 3 0 5 4 6 7 1 4 2 8 0 1 2 2 2 37 3 4 6 0 10 2 10 3 15 7 0 3 6 5 1 1 2 13 7 1 5 6 3 22 4 16 7 1 0 7 7 2 1 2 5 5 10 0 1 2 1 0 3 0 2 2 6 1 2 0 4 1 2 5 7 0 3 2 10 7 0 5 0 0 1 1 10
5 6 3 0 0 3 9 1 1 1 4 3 0 9 0 6 10 2 0 0 0 1 4 4 2 7 2 8 1 4 5 3 3 3 0 0 0 0 16 0 2 4 3 3 2 12 0 0 3 1 6 6 0 2 4 2 0 0 2 0 7 1 1 5 0 4 7 2 0 2 1 1 5 5 9 1 0 1 1 6 1 0 2 25 12 2 2 3 4 0 8 1 0 4 4 3 0 4 10 2
0 0 0 0 0 0 0 1 1 2 0 1 1 0 1 1 0 0 1 0 0 0 0 2 0 1 0 0 0 1 0 1 1 4 0 0 2 0 1 2 0 1 0 0 2 0 1 0 0 0 3 3 0 4 1 0 0 0 1 0 0 0 18 1 4 2 0 0 0 0 0 0 1 0 0 1 0 2 0 0 0 3 0 0 0 1 0 0 0 3 1 0 0 0 0 0 0 0 0 0
0 0 1 0 0 1 0 0 0 0 0 1 0 0 0 0 0 0 1 0 0 2 0 0 0 1 0 0 0 0 0 0 0 14 0 1 0 1 1 1 0 0 0 0 1 1 0 0 0 1 0 0 1 0 2 1 0 0 1 0 0 0 1 0 3 1 1 0 3 0 0 0 0 1 2 0 0 0 0 1 0 0 1 0 1 0 1 1 0 0 1 1 0 0 0 4 0 0 0 0
10 4 0 5 1 1 1 1 7 1 9 9 9 1 1 0 7 0 0 9 2 0 2 11 1 0 0 2 2 6 10 11 3 0 5 0 7 2 0 2 2 3 2 0 0 5 3 1 3 2 6 0 0 8 3 0 4 3 1 6 2 0 13 0 9 1 7 0 6 1 2 13 1 9 7 15 1 9 0 5 0 2 6 5 2 3 3 0 8 0 5 1 2 11 8 0 6 3 7 10
1 0 0 0 1 0 0 0 0 0 0 4 0 4 0 0 4 0 0 1 0 0 0 0 1 0 0 0 0 1 0 0 0 0 0 0 0 1 0 2 0 0 0 0 1 1 0 0 0 0 0 0 0 0 1 0 0 0 0 0 0 0 3 1 1 2 0 0 2 0 0 0 1 0 0 1 1 0 0 0 0 9 0 1 0 0 1 0 0 0 0 0 2 0 3 0 1 1 2 2
0 0 9 1 3 4 7 1 9 3 26 8 12 1 2 8 4 2 5 3 3 2 2 0 14 0 0 5 1 2 4 0 1 2 1 2 0 1 1 0 4 2 1 7 6 3 0 2 3 0 0 2 3 9 1 0 1 3 1 0 0 3 17 2 0 0 3 3 3 0 0 8 9 7 0 0 0 4 7 6 3 1 8 1 3 0 0 7 4 28 9 5 0 9 5 0 0 3 0 0
1 1 1 0 1 1 0 0 0 2 1 0 2 0 0 0 0 0 0 0 1 1 0 0 1 1 0 0 0 0 1 0 0 0 0 2 0 0 0 0 2 0 0 2 1 0 0 0 2 0 1 0 2 1 1 0 0 0 0 0 0 0 0 0 0 0 0 0 0 0 0 0 1 0 0 12 0 0 0 0 0 2 0 0 0 0 1 0 0 3 0 0 0 1 1 1 0 0 0 0
3 1 3 10 16 0 6 0 0 2 2 1 6 13 6 0 3 0 2 7 7 1 6 1 2 0 3 1 4 12 15 0 1 0 4 13 1 10 0 2 16 0 0 2 5 9 5 4 7 0 8 1 11 0 5 5 2 4 8 9 0 1 1 3 21 6 1 1 4 10 0 4 0 3 0 6 10 0 3 26 3 2 0 10 11 13 0 8 0 1 1 4 3 0 1 7 4 1 1 8
2 7 15 3 3 15 15 42 5 0 6 15 8 3 4 7 22 16 17 2 1 1 11 0 1 6 0 1 10 5 0 8 8 0 2 5 15 14 12 12 0 8 15 16 20 15 1 12 3 0 20 17 2 0 12 18 11 19 0 0 4 8 5 16 7 4 2 4 7 3 12 0 36 4 1 14 0 6 4 0 11 5 4 1 0 20 12 2 9 4 3 14 10 6 1 17 2 1 3 17
15 1 4 0 17 20 3 0 0 8 2 4 2 3 0 7 13 1 3 11 3 6 10 25 1 6 4 22 21 6 9 13 10 12 4 16 4 7 1 0 2 7 5 13 3 11 27 3 1 3 1 7 19 5 3 7 2 11 2 2 0 3 4 17 38 6 1 1 3 10 2 7 4 7 19 1 0 8 9 21 3 2 2 12 7 13 5 5 7 22 1 3 26 1 17 2 8 2 1 2
3 2 1 4 8 2 6 7 0 0 0 0 3 16 1 7 6 2 7 1 17 13 12 0 2 4 4 7 6 3 3 0 4 1 2 1 0 0 4 0 0 15 2 2 2 0 0 4 4 0 4 4 0 2 4 4 3 1 0 1 7 0 11 2 2 3 0 2 2 2 0 1 2 7 21 4 0 7 0 2 4 1 5 8 7 2 1 7 0 6 1 13 0 14 2 13 6 12 4 2
0 5 5 12 0 0 11 5 0 15 15 4 15 1 3 16 2 2 0 3 2 1 6 3 0 0 4 4 9 18 14 2 2 17 1 4 0 3 5 5 6 10 3 0 33 1 5 7 7 5 7 7 0 15 10 2 4 9 11 4 8 20 5 0 0 2 4 0 5 3 3 12 1 0 2 9 4 5 7 5 7 3 14 11 2 20 4 3 6 5 7 23 6 12 2 0 0 15 3 3
1 0 0 0 1 0 0 0 0 0 3 0 0 0 1 0 3 1 0 0 0 0 0 2 0 0 0 0 0 0 1 0 0 1 0 1 4 0 0 0 0 0 1 0 0 1 1 2 0 1 0 1 0 0 0 0 1 0 0 0 2 0 8 0 1 0 2 0 0 1 3 0 0 0 0 0 0 0 0 0 2 0 0 0 0 0 0 0 0 1 0 0 0 2 1 0 1 0 1 0
2 0 2 7 11 23 5 1 7 17 8 6 1 8 7 8 6 1 16 10 13 1 9 5 1 4 76 1 20 3 4 3 0 2 7 12 1 16 13 0 18 12 21 13 14 13 22 2 0 2 8 9 0 4 6 3 3 1 1 5 8 1 15 0 42 4 0 10 10 4 4 4 23 9 19 3 0 9 0 1 12 25 1 11 3 4 4 0 3 11 7 14 9 1 3 2 30 5 2 8
0 14 30 7 2 5 0 6 7 1 5 4 3 0 11 6 2 13 1 3 2 16 1 11 29 9 3 6 6 7 0 5 12 5 6 5 7 19 8 1 5 17 10 6 2 4 7 2 18 17 23 7 28 6 27 1 1 10 6 7 2 14 10 9 3 10 11 8 3 5 18 22 1 2 7 8 3 0 1 5 8 6 16 2 0 4 2 4 0 27 0 0 28 3 10 4 27 4 6 17
7 9 11 5 3 26 15 2 4 4 14 13 6 0 2 4 6 3 2 20 2 32 8 25 2 0 0 17 10 10 0 1 4 6 0 7 2 1 16 4 4 4 12 5 7 1 1 14 5 3 18 1 7 11 7 0 3 5 0 10 1 13 1 1 14 9 3 0 8 17 0 2 2 0 9 2 1 2 11 5 4 4 6 9 27 0 1 1 10 21 8 4 0 0 14 13 5 25 8 10
1 0 0 2 0 0 0 1 0 0 0 0 0 0 0 0 0 0 0 0 0 0 1 0 0 0 0 0 1 0 0 0 0 1 0 2 0 0 0 0 0 0 0 0 0 1 0 0 0 0 0 0 0 0 0 0 1 0 0 2 0 0 0 0 0 0 0 0 0 0 0 0 1 0 1 0 0 0 0 0 0 0 0 0 1 0 0 0 0 0 0 0 0 0 0 0 0 0 0 0
0 0 1 0 0 0 0 1 0 0 0 0 2 0 0 0 0 1 0 0 0 0 2 1 1 0 0 1 0 0 0 2 0 0 1 0 1 0 1 0 1 0 0 0 1 0 0 0 0 0 0 0 0 0 0 0 0 0 0 1 3 1 0 0 1 0 1 2 1 0 0 0 3 0 0 9 1 0 0 3 3 3 0 0 0 0 1 1 2 0 0 1 0 0 0 0 0 0 0 0
6 2 2 16 4 2 2 9 24 5 7 0 6 1 14 12 2 10 4 11 5 9 0 4 1 0 10 47 11 23 21 1 2 3 17 30 8 17 7 19 6 1 10 1 2 24 9 13 0 2 0 14 11 4 17 41 27 3 12 6 4 16 14 17 1 3 0 6 0 9 6 9 1 1 19 9 0 0 2 8 8 1 0 10 7 3 21 0 35 4 20 6 12 0 17 3 7 1 2 0
4 6 14 12 1 16 10 10 2 10 3 21 3 24 5 1 4 1 12 3 2 0 29 1 6 3 1 3 3 8 2 11 1 8 7 5 9 25 14 3 10 0 1 10 2 0 15 8 13 46 12 3 5 2 1 12 4 1 2 4 2 22 1 6 16 2 4 13 3 1 2 18 4 14 2 1 36 1 2 1 0 3 12 23 37 6 0 0 3 21 1 3 14 4 8 18 0 4 8 4
72 1 14 4 0 3 17 2 5 25 0 0 1 3 2 10 1 15 0 7 0 1 10 29 3 7 17 7 0 25 6 15 18 5 0 3 1 3 25 32 9 19 23 0 4 2 1 8 3 3 9 6 2 17 4 3 0 9 0 11 7 2 3 9 7 2 0 1 9 7 1 1 1 13 4 9 1 8 3 5 0 7 3 7 7 4 2 10 4 0 2 14 0 1 3 4 10 1 6 0
0 7 4 13 11 8 27 17 5 0 5 10 2 1 4 8 27 28 7 7 3 0 0 10 2 3 17 3 1 3 0 4 2 34 1 2 0 13 1 1 15 1 1 9 21 6 5 0 28 0 25 1 0 0 1 1 14 9 7 8 0 19 0 13 3 20 2 4 9 1 10 5 13 9 4 2 6 4 12 2 14 6 1 1 6 14 3 1 9 4 8 9 6 1 10 7 4 6 1 28
0 0 0 2 0 0 1 0 1 0 0 0 0 1 1 0 0 0 1 0 1 1 0 0 1 0 0 0 0 0 0 0 0 6 0 0 0 2 0 0 0 0 1 0 2 0 2 2 0 0 0 0 0 0 1 0 0 1 0 0 0 1 0 1 2 0 0 0 0 0 0 1 0 0 0 0 0 0 0 0 1 0 0 0 0 0 0 0 0 0 0 0 0 0 0 0 1 0 0 1
4 1 2 2 2 10 3 13 7 5 0 0 2 3 3 6 10 0 0 5 5 7 1 5 2 3 10 2 19 6 0 10 0 0 12 7 0 0 3 0 1 2 7 0 3 3 2 0 6 4 7 3 2 4 0 1 6 1 9 3 6 0 0 2 6 11 4 10 0 7 0 0 7 4 2 3 1 1 0 1 2 0 1 0 0 11 2 21 5 1 1 6 2 6 0 0 5 12 4 18
6 0 9 10 3 2 8 9 0 3 2 1 3 0 16 27 13 7 13 4 2 2 5 3 4 6 4 4 4 2 5 16 12 1 4 6 12 19 15 4 13 0 3 4 6 2 1 0 2 0 3 1 13 9 13 5 0 20 1 4 19 2 5 0 9 4 18 2 14 4 9 4 15 0 11 18 16 4 2 43 37 10 2 10 3 0 0 1 4 2 3 6 14 17 15 6 6 3 16 18
18 7 13 1 16 7 1 7 9 10 13 4 3 1 1 8 6 3 6 5 18 1 1 1 5 4 0 36 2 1 11 2 12 5 16 3 6 2 13 31 33 6 0 5 3 61 44 8 9 7 7 8 2 4 0 0 6 3 4 1 20 19 0 13 3 0 4 2 0 1 13 5 0 1 7 12 20 2 4 1 6 5 1 2 24 13 10 3 2 7 1 5 1 3 13 2 4 9 0 5
1 0 0 0 0 0 0 0 0 0 0 0 0 1 0 0 0 0 1 0 0 0 2 0 0 0 0 0 2 0 2 1 0 0 0 0 0 0 0 0 0 0 1 1 1 0 0 0 0 0 0 1 1 0 0 0 0 0 3 1 1 0 0 0 0 0 1 1 0 0 1 0 0 0 0 0 1 0 0 0 1 1 0 0 0 0 0 0 0 0 0 0 1 2 0 4 1 0 0 1
2 0 5 4 7 4 12 6 5 1 12 3 1 1 45 0 0 9 5 13 6 21 4 19 6 0 0 13 11 7 4 26 1 0 4 0 8 9 15 20 0 0 6 17 0 18 10 0 28 7 11 2 11 3 2 4 3 29 9 1 13 1 3 13 3 16 1 1 2 31 23 12 10 0 0 1 3 2 3 1 0 29 0 0 6 3 4 4 11 8 7 3 14 3 2 0 9 10 25 5
1 2 0 0 0 1 0 1 1 0 2 2 11 7 1 2 1 2 5 2 6 6 0 0 1 1 4 2 0 5 7 14 1 0 2 9 0 5 17 2 4 4 0 4 0 6 5 2 1 7 4 1 2 1 2 4 1 0 10 4 0 2 0 4 3 10 1 1 2 0 10 1 4 2 3 23 4 9 2 7 6 4 1 1 0 2 3 3 1 4 6 0 2 2 12 4 2 9 0 1
16 0 7 0 1 4 3 0 0 1 5 18 14 5 9 3 33 2 9 5 4 3 3 24 1 2 0 7 7 5 4 5 0 4 2 0 0 0 7 0 0 8 29 2 4 0 1 3 0 1 2 14 2 1 8 6 3 7 5 14 10 3 2 0 6 2 3 0 2 5 1 2 0 2 4 4 2 14 4 0 8 0 0 4 0 0 0 1 0 15 2 3 0 7 2 1 9 0 11 0
0 0 0 0 2 0 2 3 0 0 0 0 0 0 1 0 0 0 1 0 0 0 1 1 0 0 0 0 1 0 0 0 0 1 2 2 1 0 1 0 1 0 0 1 0 0 0 0 0 0 2 0 0 0 0 0 0 2 0 2 0 0 14 0 0 2 0 1 1 0 1 1 0 0 2 0 1 0 1 0 0 1 2 0 0 0 1 1 1 0 1 0 0 1 0 0 0 0 1 0
0 0 0 0 1 2 0 0 0 0 0 0 0 0 0 0 0 2 0 2 0 0 0 0 0 0 0 0 0 1 0 1 0 2 0 0 0 0 0 0 0 0 0 0 1 0 0 0 0 0 1 0 1 0 1 1 1 1 2 0 0 1 1 0 1 2 1 0 0 3 0 0 0 1 0 0 0 0 0 0 0 0 0 2 0 0 1 0 1 0 0 0 0 0 0 2 0 1 0 0
0 1 1 0 0 0 0 0 0 0 0 5 0 0 2 0 0 0 0 0 0 0 0 0 0 1 0 0 1 0 1 0 0 0 0 1 0 0 0 0 0 0 2 0 0 2 1 3 0 1 0 0 0 0 1 0 1 0 0 1 0 0 0 0 0 1 0 1 2 0 0 0 0 0 0 0 0 0 1 0 0 0 1 0 2 0 0 2 0 0 0 0 4 0 0 0 0 0 1 0
1 0 0 0 2 1 0 0 1 1 0 0 0 1 0 0 2 2 0 0 0 0 0 0 1 0 0 0 1 0 0 0 0 22 0 0 0 0 0 0 0 1 2 0 1 0 1 0 0 0 0 0 4 0 0 1 0 0 0 1 0 0 2 0 0 0 0 0 0 2 3 1 1 0 0 0 2 1 1 0 1 0 0 1 3 0 1 1 0 0 3 0 0 0 0 0 0 1 2 1
0 5 3 3 0 0 0 0 0 0 2 0 0 0 0 0 0 0 0 0 0 0 0 0 2 1 0 0 0 0 2 0 0 9 0 0 0 0 1 0 0 0 1 1 0 0 0 0 1 1 3 0 1 0 1 1 1 0 0 0 0 0 10 0 0 0 1 1 0 0 0 0 0 0 0 1 1 1 0 0 0 0 0 0 0 0 0 0 0 1 0 0 0 0 0 0 0 0 0 0
5 2 9 5 6 3 5 0 3 2 2 0 1 2 0 1 0 0 0 9 21 6 5 3 3 3 1 2 0 1 5 11 0 61 0 2 3 5 1 0 2 3 12 4 0 0 1 15 14 2 0 4 1 4 3 0 7 3 2 1 8 2 2 5 0 7 1 10 2 0 1 7 0 1 0 0 0 0 12 1 4 6 0 2 0 8 0 3 5 1 22 9 0 0 6 4 7 5 2 0
6 5 0 0 0 12 10 6 2 1 4 21 7 4 1 6 29 6 4 4 3 2 4 1 34 10 1 1 1 22 8 32 0 1 27 0 3 3 4 1 0 9 14 1 7 1 18 4 20 0 26 3 2 3 4 5 15 3 0 0 13 0 8 1 4 0 16 24 1 1 0 2 0 1 4 1 2 3 4 15 8 0 8 12 0 33 3 0 2 8 1 31 8 14 2 3 3 4 5 3
6 8 7 9 0 6 7 1 3 2 1 2 3 7 0 2 3 8 1 0 14 2 23 6 9 5 1 9 2 2 11 8 2 12 0 20 10 19 2 6 52 1 0 8 10 2 29 20 10 3 8 8 20 6 1 6 2 3 4 3 0 6 4 3 0 1 4 20 4 14 6 4 6 5 6 52 2 10 4 17 10 0 9 7 0 2 28 15 19 5 28 0 6 30 3 1 0 2 14 9
