20 0 1 34 1 11 11 12 2 1 4 9 8 1 6 18 1 1 9 1 6 18 0 4 3 6 3 12 7 11 2 24 12 17 11 16 0 3 4 4 7 0 5 5 2 8 11 0 0 2 0 6 1 0 22 3 4 7 2 9 11 1 10 2 6 3 0 6 8 2 15 4 7 2 10 1 7 2 5 7 4 3 0 9 6 3 0 21 1 4 0 3 12 0 4 17 10 2 9 1
0 0 0 0 1 0 1 1 0 1 0 0 0 0 1 0 0 0 1 2 0 0 0 0 0 1 1 0 0 0 0 0 2 0 0 0 0 1 0 0 0 0 1 1 2 0 0 1 0 0 2 0 1 0 0 0 0 0 0 0 0 0 0 0 2 0 1 0 1 0 0 0 2 0 0 0 0 0 0 0 0 0 1 0 0 0 1 0 0 1 0 0 0 0 0 0 0 1 2 0
1 17 3 11 8 12 3 6 1 3 9 8 13 11 2 12 6 1 1 17 4 0 2 8 3 5 1 2 3 10 0 10 13 5 16 0 4 23 4 16 6 0 9 2 10 13 2 5 0 8 11 1 12 14 23 0 3 1 18 0 5 0 6 2 4 2 4 6 24 1 3 2 4 29 10 10 1 11 28 1 5 7 1 1 10 4 1 11 9 8 18 3 2 4 5 5 0 40 6 5
0 2 0 5 2 4 1 0 6 1 4 6 2 1 3 23 21 7 1 1 4 0 8 2 22 2 3 11 1 0 3 1 5 5 0 5 7 9 5 6 2 7 2 2 3 2 1 2 0 4 7 4 3 4 3 1 3 5 3 7 5 4 3 3 2 1 9 3 0 2 1 1 3 6 1 1 8 1 2 6 3 9 5 1 1 1 2 4 7 2 6 7 1 1 1 3 2 6 2 0
2 10 5 3 12 5 4 0 3 0 2 5 4 7 6 16 12 7 1 0 0 2 3 27 44 0 9 1 3 18 0 0 0 0 2 9 0 0 0 5 9 6 8 13 1 11 1 1 0 2 3 3 0 7 0 4 10 5 12 2 4 12 4 0 3 1 6 0 3 2 12 5 5 9 0 8 1 5 4 1 0 0 0 9 0 2 1 0 10 0 0 4 0 3 10 1 1 8 5 16
0 1 0 2 0 1 0 1 0 0 1 0 2 0 0 0 0 0 2 0 1 0 1 1 1 2 0 11 0 1 0 0 0 1 0 0 0 0 0 0 2 0 0 13 1 1 5 0 0 0 0 0 2 2 0 0 1 1 6 0 5 0 0 0 0 0 0 0 0 0 0 0 0 0 0 0 0 0 0 0 0 0 1 2 0 0 2 0 0 0 0 0 7 1 0 0 0 1 0 0
0 3 0 1 3 1 0 0 0 0 1 0 1 0 4 0 0 0 0 1 0 1 2 0 1 0 2 1 0 0 1 11 0 0 1 2 0 0 1 0 4 0 8 0 2 3 0 0 0 1 0 5 1 3 1 1 0 1 0 2 0 2 0 0 0 0 1 0 2 1 1 0 0 6 0 7 1 1 0 2 3 1 0 0 2 0 1 0 0 1 1 3 0 0 0 1 0 4 0 3
3 1 6 4 0 6 8 1 8 2 3 2 3 1 5 1 4 2 1 5 0 9 9 0 16 6 14 11 1 6 19 3 3 1 3 0 15 10 1 2 9 3 1 2 4 11 12 16 3 16 46 12 4 3 25 6 4 8 2 4 13 9 7 10 10 3 15 12 6 14 1 8 20 6 8 25 9 0 12 15 8 0 5 3 1 21 1 1 17 7 16 7 11 0 22 0 1 15 24 16
7 4 7 7 0 6 14 7 2 2 4 10 3 9 1 0 0 7 0 12 2 7 1 6 7 2 1 0 0 1 0 2 19 0 0 0 4 2 5 1 1 13 2 1 3 2 0 2 2 6 2 3 2 5 0 10 3 6 5 2 5 1 7 2 8 17 0 3 1 2 8 1 3 3 3 6 3 3 0 0 5 15 13 7 2 1 0 0 1 1 22 0 1 4 2 5 4 4 0 0
4 31 11 2 1 4 3 6 12 0 4 5 1 12 3 0 16 4 8 1 0 0 0 3 2 9 0 7 5 1 2 2 0 1 2 5 2 1 9 0 1 0 5 12 1 1 1 0 6 12 2 1 1 4 1 12 4 0 6 1 1 2 10 1 1 30 7 2 0 2 0 2 2 1 3 0 2 4 23 0 7 0 0 4 3 9 0 1 1 0 4 6 8 6 1 4 4 3 5 0
3 4 3 2 1 1 0 2 0 7 0 0 6 5 3 0 0 0 2 1 3 8 1 5 1 8 8 0 6 6 2 2 0 0 4 0 5 10 5 3 23 0 2 12 3 4 1 3 3 2 2 3 1 8 0 0 11 9 4 10 14 0 2 1 1 4 2 2 6 3 0 3 7 2 4 2 1 1 1 22 0 2 9 1 7 0 6 9 9 1 0 8 3 1 9 14 2 7 1 0
3 7 0 3 0 0 8 3 2 2 0 7 0 3 3 0 7 2 1 4 6 4 4 7 0 11 2 1 0 0 4 0 2 9 2 7 16 1 7 1 3 14 16 3 7 11 3 2 7 4 6 21 15 6 7 11 5 1 3 2 11 3 3 1 0 9 11 11 2 1 5 3 5 2 0 3 2 3 0 2 6 10 0 9 4 4 2 1 0 2 0 2 5 6 0 5 4 13 8 4
0 0 0 0 1 0 0 0 0 0 0 1 0 0 0 11 3 0 0 1 2 0 0 2 0 0 0 0 0 0 0 0 1 0 1 0 0 0 0 0 1 0 1 0 0 0 1 0 0 0 0 0 0 0 0 0 3 0 0 0 1 0 0 0 0 0 1 1 0 0 1 0 2 0 0 0 0 0 1 0 0 0 0 0 0 0 0 0 0 0 0 0 0 0 0 0 0 0 0 2
3 16 7 1 16 9 5 0 11 2 8 4 16 15 1 1 23 1 0 21 1 0 4 1 4 17 4 15 1 3 17 14 5 3 0 0 24 0 45 0 7 2 1 1 18 1 3 11 2 2 28 0 0 2 5 0 2 18 4 6 5 0 7 1 3 30 3 12 5 9 6 2 1 15 1 6 1 7 3 11 0 4 11 6 3 19 2 3 8 5 7 0 8 1 3 3 2 1 6 0
1 0 0 2 0 0 0 0 0 0 0 0 0 0 0 0 0 0 0 0 0 1 0 0 0 1 0 0 0 0 0 0 1 1 1 0 0 0 0 0 0 0 0 0 0 0 0 0 0 1 0 0 0 0 1 0 0 1 1 0 0 0 0 0 0 0 0 0 2 0 0 0 0 0 0 0 2 0 0 0 0 1 0 0 0 0 0 0 0 1 0 0 0 0 0 0 0 0 0 5
5 0 2 0 1 5 5 6 5 3 6 2 0 8 15 1 1 0 14 0 2 16 4 7 7 37 0 9 0 1 4 5 8 0 12 2 12 4 3 22 1 2 4 3 3 0 5 20 2 3 13 1 13 3 5 11 4 1 11 3 2 2 10 2 11 1 15 1 0 14 3 5 0 20 6 3 7 0 2 15 0 2 21 1 0 1 3 4 5 1 20 8 1 1 9 5 7 6 2 0
6 3 21 5 0 5 0 2 37 1 3 22 0 0 18 0 9 18 22 11 6 14 16 28 11 0 0 1 0 12 12 4 8 20 0 2 1 13 5 4 6 13 5 2 2 2 7 4 7 1 4 7 4 4 7 4 1 0 38 16 9 0 0 8 20 3 3 38 36 6 7 2 0 23 15 0 1 0 13 11 10 7 26 6 9 10 6 3 5 0 31 12 11 8 3 10 8 8 7 0
0 0 0 0 1 1 0 0 0 1 0 0 3 0 0 0 0 0 3 0 2 1 0 0 0 6 0 7 1 1 0 2 0 0 0 0 0 0 2 0 0 0 0 1 0 0 1 0 0 3 2 1 0 0 0 2 0 0 0 0 1 0 0 0 0 1 12 0 0 0 1 2 0 0 0 1 0 1 0 1 0 0 0 0 3 0 0 0 0 0 0 0 2 0 0 1 0 2 1 0
1 6 0 6 14 15 5 9 17 0 9 11 20 14 3 1 4 5 8 2 11 10 13 16 1 5 3 0 0 5 8 3 7 3 31 13 0 2 0 5 1 33 11 14 1 2 24 4 13 7 4 4 0 9 19 11 13 31 8 7 0 0 16 0 12 15 4 3 11 0 3 7 5 7 35 2 6 8 21 0 14 0 0 22 6 1 3 2 0 8 2 12 6 1 10 7 12 0 2 0
2 0 6 11 0 2 16 3 2 0 1 1 4 11 0 1 0 4 1 2 0 5 0 0 2 0 0 3 0 1 0 1 6 10 4 3 1 5 1 30 3 5 0 1 0 0 4 4 1 2 0 1 2 1 9 3 7 10 0 0 1 0 2 2 3 2 1 7 1 1 0 1 2 1 0 0 0 0 0 0 0 0 1 4 0 3 1 0 0 0 5 0 3 1 1 1 2 2 2 0
0 0 0 0 1 0 2 0 0 0 0 0 0 0 0 0 1 0 0 0 2 0 0 0 0 0 0 0 1 2 1 0 0 0 0 0 0 0 1 0 0 0 1 1 5 0 0 2 0 0 0 2 0 0 0 0 0 0 0 0 2 1 1 0 0 0 0 0 0 3 0 1 3 0 2 0 1 0 0 0 1 1 0 1 0 1 0 0 1 0 0 0 0 0 0 0 0 0 2 12
18 6 0 1 5 8 4 1 2 6 6 9 14 9 2 3 6 25 5 1 3 9 4 0 0 0 6 3 2 12 4 4 0 7 0 2 1 4 1 0 15 0 9 0 0 6 5 0 6 4 4 37 4 6 13 2 2 6 5 15 2 19 2 0 3 6 5 4 1 9 8 8 6 13 2 5 1 21 3 0 3 7 2 3 4 5 3 2 47 0 0 9 0 2 1 8 5 1 24 17
0 1 1 1 1 0 1 0 1 2 0 1 0 0 0 0 0 0 0 0 3 0 1 4 1 7 1 8 1 0 0 0 0 2 0 1 1 0 0 0 0 1 0 4 0 0 5 0 1 0 0 0 0 0 1 0 0 0 0 1 0 1 0 0 0 0 4 1 1 1 2 3 0 0 0 0 0 0 4 0 0 0 0 0 0 0 0 0 1 0 0 0 2 0 0 0 0 0 0 2
0 5 3 1 10 1 26 18 1 9 2 7 15 4 3 3 42 11 2 3 0 0 10 0 2 0 5 0 3 5 5 3 29 16 6 0 6 8 1 0 6 4 5 2 10 1 9 6 1 0 12 0 4 22 4 1 0 0 11 0 0 1 21 4 7 4 4 1 14 25 3 1 0 16 2 2 1 12 1 2 4 5 5 4 7 11 3 14 0 4 2 0 14 10 10 8 6 4 7 6
2 0 36 13 15 13 3 2 23 6 19 5 20 20 20 3 1 5 9 4 7 0 4 7 0 7 4 0 20 19 4 2 0 8 4 2 29 21 4 1 4 2 2 10 1 1 6 3 18 4 1 0 3 1 6 3 6 12 7 8 5 5 7 4 9 3 0 2 1 4 7 9 5 4 4 31 10 16 1 6 4 12 12 7 10 1 3 13 12 22 2 3 3 4 2 1 8 0 10 2
6 1 9 2 0 1 8 0 3 1 3 0 0 0 0 18 2 2 12 3 5 3 0 0 0 13 0 10 0 1 4 1 3 0 1 2 2 12 2 4 0 0 0 4 0 0 1 3 5 0 1 0 7 0 2 1 0 7 0 0 0 0 0 4 1 4 2 4 1 5 0 1 2 0 1 0 2 2 0 0 0 0 0 6 0 2 6 3 0 1 3 3 5 3 0 0 5 5 0 1
7 11 0 1 3 11 4 0 0 4 2 5 5 12 13 10 11 6 1 0 7 16 0 5 6 9 9 4 17 7 2 31 14 21 3 1 5 22 6 4 8 1 6 9 5 19 0 3 21 6 8 1 1 10 24 19 6 18 3 4 1 9 2 23 4 0 7 7 13 9 2 13 2 8 0 7 4 1 0 10 17 2 5 3 4 4 1 9 20 3 8 2 8 10 7 30 13 0 5 0
0 0 0 0 1 0 0 1 0 0 1 1 0 1 0 13 1 0 0 2 0 0 1 0 0 1 1 0 2 1 0 0 0 0 1 5 0 0 0 0 0 0 0 0 0 1 0 0 0 0 0 1 0 0 0 0 0 0 0 0 0 1 0 0 0 0 0 1 0 1 0 1 1 1 1 3 1 1 0 0 0 0 1 0 0 0 1 0 0 0 1 0 0 1 0 0 0 0 1 0
0 0 0 0 0 1 2 0 1 0 0 1 3 2 1 1 0 1 0 0 2 0 1 0 1 3 0 6 1 0 0 2 0 3 1 0 0 0 0 0 0 0 0 2 0 1 32 2 1 0 1 0 0 0 0 1 0 0 0 0 2 4 1 0 1 0 0 0 0 1 0 0 0 0 0 0 0 0 0 0 0 2 1 1 0 1 0 0 1 0 0 0 10 0 1 0 0 0 0 0
5 2 17 3 15 1 8 2 2 0 11 14 7 10 1 0 4 5 0 1 9 3 8 8 3 1 5 7 3 1 4 2 7 17 0 1 5 0 0 1 0 1 20 1 1 0 2 3 1 1 6 8 2 17 0 6 0 7 10 1 0 12 3 7 6 12 5 11 2 2 13 1 0 1 5 7 1 0 6 13 2 2 4 5 6 4 0 0 3 2 8 2 0 5 11 1 15 7 5 10
1 0 0 0 1 1 0 0 0 0 0 1 0 0 2 0 0 0 0 1 0 0 1 0 0 0 0 0 0 0 0 0 0 1 0 0 0 0 1 0 0 0 0 0 9 0 0 0 0 0 0 4 0 0 0 0 0 1 0 1 0 0 3 3 1 0 0 1 0 1 2 0 0 0 0 0 0 0 0 0 0 0 0 0 0 1 0 0 1 0 2 0 0 0 0 0 0 0 0 0
19 2 4 1 0 0 1 14 3 0 4 13 3 1 19 2 10 0 1 2 1 0 1 1 5 0 7 6 4 0 9 1 2 3 4 3 3 1 15 2 0 3 4 14 0 1 10 1 6 2 8 0 5 1 2 1 0 1 9 5 11 2 2 2 6 0 6 5 7 1 5 1 7 4 6 10 3 0 6 2 4 1 0 15 6 2 1 11 5 1 0 4 9 19 0 7 15 4 5 0
1 4 4 3 0 2 5 2 0 0 4 4 1 6 1 1 1 0 6 0 0 0 0 0 0 5 0 9 0 1 0 1 0 0 0 0 7 3 15 1 1 4 0 1 0 0 0 3 8 0 4 1 0 0 14 0 2 1 7 0 2 0 3 2 12 2 1 5 0 6 0 2 4 0 0 0 1 0 0 0 2 0 5 3 0 3 4 0 0 2 2 2 2 0 0 0 0 13 2 0
0 0 0 1 2 2 0 1 0 13 0 1 0 1 4 0 1 0 0 0 0 0 14 0 0 0 6 0 0 0 7 1 0 0 0 0 0 0 3 0 0 0 10 0 3 2 0 0 1 5 0 0 1 0 0 0 1 0 1 8 0 6 0 1 0 1 0 2 7 1 14 0 5 2 0 0 0 4 4 11 4 4 1 0 0 1 0 2 8 4 0 0 0 2 3 0 0 0 0 2
15 19 14 1 6 1 12 4 5 11 3 7 4 12 1 11 8 1 5 12 1 0 11 7 10 12 24 4 1 9 25 5 2 0 11 1 10 0 2 4 11 7 2 7 11 1 4 0 4 5 0 12 12 11 26 0 15 1 7 0 4 1 7 1 23 10 13 3 8 0 10 5 2 8 1 2 2 12 1 7 28 1 14 2 4 10 2 13 1 19 2 4 8 8 26 1 0 3 1 3
1 3 6 6 3 2 6 0 3 0 10 3 8 2 2 1 2 6 1 1 1 5 1 9 7 1 4 1 0 2 1 3 1 10 6 1 14 5 1 3 5 1 34 0 1 3 0 3 2 0 0 1 2 7 2 3 14 0 2 5 0 7 1 1 9 0 0 7 1 5 0 1 1 9 0 8 1 3 5 0 1 3 11 0 3 1 7 4 0 2 11 2 0 2 6 1 5 4 13 6
0 0 1 0 0 0 0 0 2 0 0 0 1 0 0 0 0 0 0 1 1 1 0 0 0 0 1 1 0 0 0 0 0 0 0 0 0 0 0 0 0 2 0 4 1 1 2 0 0 0 0 0 0 0 0 0 1 0 0 0 0 1 0 0 0 0 3 1 0 0 0 0 0 0 0 0 0 2 0 1 0 1 0 1 1 2 0 0 0 1 0 1 5 0 1 0 0 2 0 1
17 31 22 2 4 33 2 23 5 8 3 7 16 2 3 1 1 13 5 6 3 19 4 2 46 2 4 0 1 4 5 15 31 1 5 1 18 13 0 1 13 0 10 6 3 10 5 8 9 5 13 0 17 7 0 1 10 4 17 30 2 9 20 6 4 21 17 0 16 24 6 2 4 16 0 7 3 1 10 0 14 14 8 9 0 19 33 3 0 18 11 3 2 8 6 18 1 8 11 8
15 4 7 10 4 0 9 0 3 1 5 2 10 0 4 2 1 0 2 0 17 5 2 6 0 6 11 9 0 19 15 27 21 16 0 9 4 6 0 13 1 0 4 12 0 42 0 8 7 1 17 3 10 7 8 6 3 16 7 5 1 12 21 1 2 1 18 0 1 6 27 24 7 5 3 28 12 7 9 10 2 0 3 0 9 8 7 0 2 14 7 7 11 2 2 1 9 4 1 2
0 0 0 1 0 0 1 0 0 1 0 0 1 0 0 0 0 0 10 0 0 0 0 0 1 6 0 5 1 0 3 0 0 0 1 2 0 0 0 0 0 0 0 1 0 2 1 0 0 0 3 0 0 3 0 2 0 0 1 0 2 0 2 2 2 0 2 0 0 0 0 2 0 0 0 0 0 0 0 0 2 1 2 0 0 0 0 0 0 1 0 0 2 2 0 0 2 0 2 1
0 6 2 1 9 1 0 2 5 1 5 4 5 6 2 2 7 2 5 2 4 4 7 16 0 0 12 11 5 4 2 4 4 3 0 2 5 19 4 1 15 1 19 6 5 4 13 18 14 0 10 7 6 27 5 3 6 0 3 17 10 31 17 19 11 2 21 0 2 1 5 1 10 0 1 1 28 13 9 8 0 7 17 5 1 6 7 1 11 8 2 25 24 2 2 0 2 14 9 1
0 8 0 2 2 1 12 1 12 6 0 1 5 2 9 8 20 3 1 10 3 11 0 16 1 0 5 0 11 2 2 5 2 0 4 0 11 18 6 1 5 8 10 1 6 4 1 5 7 21 4 0 0 19 5 27 4 10 3 11 41 1 6 16 1 14 0 1 10 17 1 2 1 2 0 0 5 2 0 5 5 5 0 11 0 2 3 0 0 16 2 6 0 22 6 0 0 8 13 3
1 14 1 0 0 8 8 2 10 17 15 3 0 2 10 10 3 10 6 0 1 3 0 3 18 8 5 4 4 10 21 27 1 1 4 4 0 1 2 0 10 2 3 2 39 9 5 2 3 10 0 1 19 13 14 1 10 0 0 27 4 3 7 2 6 4 0 3 1 17 8 0 7 0 0 6 3 13 8 2 7 8 0 1 2 2 0 9 9 11 2 8 4 9 34 2 2 1 4 14
0 0 1 0 0 1 0 0 1 1 0 0 2 1 0 0 0 0 1 0 0 0 0 0 0 0 1 0 1 0 0 0 0 0 0 0 0 0 0 0 0 0 0 0 11 0 0 2 0 0 2 7 0 2 0 5 0 1 0 0 2 0 1 1 1 0 0 0 0 0 0 0 0 0 1 1 0 0 0 0 0 0 0 0 0 3 2 0 0 0 0 0 2 1 0 0 1 0 0 1
1 1 0 0 0 0 0 0 4 0 0 2 0 0 0 0 6 1 0 0 0 4 0 1 0 0 0 0 0 0 0 0 0 0 1 4 1 0 0 0 0 0 0 0 1 1 0 0 0 2 1 0 0 0 0 0 1 0 0 0 0 0 0 0 0 0 0 0 1 0 0 0 0 1 0 0 3 1 0 4 1 0 0 0 0 0 0 1 0 0 0 0 0 0 0 2 0 0 3 0
1 6 7 0 0 5 9 11 20 14 1 1 33 8 0 0 9 15 20 0 7 10 0 13 16 6 0 9 11 0 4 4 0 10 9 1 0 11 16 14 2 12 1 1 0 1 11 17 0 3 17 1 9 7 4 22 11 1 23 1 7 6 2 5 0 13 1 0 5 1 4 7 21 2 3 3 0 3 6 9 13 26 0 18 4 14 1 2 11 27 7 9 9 20 6 8 4 15 2 1
1 0 2 0 0 0 0 0 0 0 2 0 0 0 0 0 3 0 0 0 0 0 0 0 0 0 0 0 0 0 1 0 1 0 0 6 0 0 0 0 0 0 0 0 5 0 0 0 0 1 1 8 0 2 0 0 0 0 0 0 0 0 0 0 0 0 1 0 0 1 0 0 0 0 1 0 1 0 0 2 0 0 0 0 0 1 1 0 1 0 2 0 0 0 2 0 2 0 1 10
19 0 18 0 2 6 20 2 8 36 8 9 9 2 21 11 4 7 2 15 5 3 9 10 18 6 4 41 8 0 9 13 5 4 8 1 6 10 3 10 19 6 18 6 5 14 2 21 4 12 30 0 0 3 0 2 7 3 27 5 11 5 0 3 21 22 6 6 14 13 1 20 3 18 8 20 36 16 4 2 8 3 21 10 1 9 7 6 5 7 10 5 3 0 0 29 2 1 5 1
2 7 9 1 7 41 14 32 9 17 1 15 4 19 4 2 5 10 0 2 17 8 2 1 8 10 10 13 1 5 10 2 2 0 13 12 5 1 1 1 10 13 7 6 5 4 2 5 4 7 5 2 3 12 10 14 9 5 1 4 16 17 1 1 1 6 2 15 7 0 21 11 3 0 0 4 3 5 0 4 1 6 8 0 1 4 5 3 4 4 6 0 6 6 0 4 17 11 14 12
0 8 10 0 16 4 17 9 9 11 3 0 6 2 17 6 0 3 2 7 5 0 1 8 6 31 2 1 28 7 0 26 0 4 8 1 10 6 1 9 5 1 19 1 5 0 7 3 1 0 2 16 1 11 1 1 0 4 0 1 4 3 13 8 18 3 3 3 5 23 0 3 3 15 2 8 0 2 24 3 9 37 3 0 1 7 6 3 8 4 0 1 1 0 10 0 4 17 0 0
