147
196
127
150
175
100
116
113
139
172
136
107
134
122
121
114
137
159
104
174
145
100
124
112
168
143
125
115
156
170
131
106
132
120
116
147
148
144
127
161
163
158
154
118
136
155
188
182
159
150
176
175
173
152
104
111
187
165
185
118
133
169
107
141
110
172
178
154
184
157
103
149
129
119
189
132
180
177
123
166
143
171
111
179
155
183
101
126
164
101
128
141
185
131
140
110
105
167
138
151
102
102
103
109
105
106
108
108
109
190
193
112
113
114
115
117
117
190
119
120
121
122
123
124
125
126
128
129
130
130
196
133
135
134
135
192
137
138
139
140
142
142
144
146
145
146
191
148
149
151
152
153
153
191
161
156
157
158
160
160
162
162
163
164
165
166
167
168
169
170
171
194
173
174
181
176
177
178
179
180
181
182
183
184
186
186
187
188
189
193
194
192
195
197
195
197
198
198
-1
