140
158
113
176
112
187
171
115
178
122
154
133
134
102
125
107
170
123
185
131
171
151
104
150
181
191
108
155
100
110
150
158
155
164
172
137
167
125
148
188
119
189
190
112
143
175
161
169
142
192
115
118
100
174
193
101
102
124
154
168
145
163
138
195
172
152
128
141
165
146
157
162
103
129
120
145
144
117
114
116
159
135
198
109
139
111
123
105
177
149
148
127
134
197
160
194
182
166
153
186
106
104
101
105
103
108
109
106
107
110
126
126
113
114
137
116
117
118
120
133
119
124
128
121
138
132
130
129
132
122
121
111
130
127
135
136
139
131
136
140
141
142
147
193
-1
192
195
194
183
151
149
152
153
181
182
157
159
156
156
162
161
164
160
165
163
166
167
169
180
168
173
170
173
174
175
176
178
179
177
180
186
184
184
179
185
183
188
191
187
196
189
190
147
196
198
143
144
146
197
