138
107
121
152
151
112
163
139
115
149
194
150
154
117
128
174
165
102
164
125
177
129
172
120
133
169
138
117
104
158
126
150
140
167
139
133
195
144
173
166
134
181
157
127
159
161
162
193
170
170
148
100
153
137
126
142
136
146
196
122
116
114
108
168
118
196
105
173
175
180
179
103
183
114
130
185
191
101
111
182
177
146
124
160
131
180
106
141
155
100
143
113
145
135
118
147
184
109
132
187
101
102
103
104
105
106
107
109
111
108
189
113
195
112
116
188
115
119
119
120
121
122
124
134
123
127
125
129
190
131
128
132
123
178
130
136
198
135
137
140
141
142
145
144
110
143
147
148
149
156
151
153
158
152
161
162
154
155
159
160
156
157
164
165
163
168
193
169
167
166
174
198
192
176
176
172
175
178
186
197
181
183
184
182
185
187
197
192
190
191
110
171
186
194
179
189
171
188
-1
