100
136
183
165
195
193
126
106
115
164
127
169
169
113
135
140
138
165
124
110
117
192
142
122
186
184
105
179
141
139
103
132
101
160
196
136
134
178
123
115
101
178
194
188
152
166
155
108
109
104
187
168
153
121
180
118
161
102
171
100
111
151
144
150
172
131
131
191
144
126
116
107
154
137
143
185
112
170
129
167
182
190
150
163
104
175
133
160
128
156
158
156
113
125
157
158
162
174
108
127
198
102
103
140
105
106
107
120
109
110
111
112
114
114
118
116
117
119
119
120
121
122
123
124
125
137
128
129
130
130
138
132
133
134
135
139
142
141
148
145
143
147
146
145
147
146
148
149
149
196
151
152
153
154
155
189
157
159
159
163
161
162
164
173
168
166
167
177
170
172
171
173
174
175
176
176
177
180
179
181
181
182
183
184
185
186
187
188
189
190
191
192
193
194
195
197
197
198
-1
