113
173
121
112
157
154
101
104
172
171
136
144
168
141
122
112
139
108
126
126
109
142
119
185
149
134
175
121
106
115
103
172
102
184
140
150
169
175
167
143
146
160
102
183
145
165
106
153
133
156
148
124
123
176
162
138
173
131
100
122
127
165
181
117
188
183
156
148
158
111
108
116
157
151
169
100
118
129
161
155
138
171
182
128
130
158
110
196
187
131
117
135
150
144
111
186
152
134
181
155
101
105
103
104
105
107
107
190
109
110
193
114
113
114
115
116
118
120
119
120
190
123
124
125
125
196
127
128
129
130
132
132
133
135
137
136
137
192
139
140
141
142
143
145
146
147
147
191
149
191
151
152
153
154
174
164
159
159
161
160
162
163
163
164
166
166
167
168
170
170
178
174
177
176
177
180
178
179
179
180
194
182
185
184
186
187
188
189
189
193
194
192
195
197
195
197
198
198
-1
