197
145
111
172
102
163
140
171
142
165
179
138
146
113
139
111
123
154
120
189
194
108
183
146
164
178
157
141
159
148
151
174
135
115
117
108
180
128
167
124
105
115
147
182
101
122
126
153
168
116
125
134
135
138
167
123
144
109
130
181
187
124
176
164
114
143
185
185
100
106
186
156
148
162
177
106
107
152
170
173
129
150
166
152
121
103
157
175
149
131
134
116
196
132
119
133
179
127
110
104
103
100
197
102
101
189
104
112
109
110
114
107
195
112
113
118
117
118
119
120
122
192
121
136
125
126
127
129
131
128
132
130
133
137
160
137
198
136
139
140
141
175
144
191
143
142
161
149
147
150
151
155
153
155
156
154
160
158
163
193
162
159
158
161
165
169
169
168
166
170
171
172
173
174
176
145
178
188
177
180
181
184
188
182
187
186
184
183
194
190
198
-1
193
195
190
191
192
105
196
