110
141
163
184
150
131
154
145
142
140
133
176
149
147
140
106
127
197
170
160
181
197
128
125
169
138
115
157
174
189
164
135
151
114
117
105
168
124
173
112
127
104
101
167
121
147
139
108
144
145
191
126
159
165
153
177
182
102
183
191
155
152
185
113
104
123
122
100
134
186
137
175
119
181
146
180
132
131
148
187
136
124
156
116
111
159
155
101
102
161
130
109
120
133
103
118
152
166
179
180
193
193
108
105
103
106
107
109
110
111
107
112
113
114
115
117
121
118
116
122
187
119
123
196
125
126
129
129
192
130
128
132
198
134
135
136
138
195
195
141
139
142
143
144
169
143
173
149
150
148
151
164
154
163
153
156
157
162
166
158
172
167
165
171
170
161
174
158
162
146
172
168
171
160
175
176
177
178
190
178
179
182
184
186
185
183
120
188
196
137
192
194
188
190
100
194
198
189
-1
