129
186
180
136
165
101
124
104
114
128
142
100
116
103
143
170
163
193
123
137
145
168
182
109
177
161
102
111
161
187
126
132
126
102
157
142
184
118
156
107
166
186
100
172
117
194
120
185
180
105
114
166
148
188
146
181
112
134
113
140
159
150
168
106
119
108
144
191
183
179
149
135
174
109
118
135
131
131
189
139
150
174
127
124
151
146
176
151
138
103
173
170
164
140
176
158
130
169
147
157
101
192
122
104
105
106
107
108
110
110
111
112
113
115
115
116
117
119
120
121
121
122
123
125
125
196
127
128
129
130
132
133
133
134
191
136
137
138
139
141
141
145
143
144
147
149
148
152
155
153
152
154
153
154
155
156
158
159
160
160
162
162
163
164
165
167
167
190
169
171
171
172
173
175
175
177
178
178
179
189
181
182
183
184
185
193
187
188
190
192
195
194
195
198
196
197
197
198
-1
