182
130
165
105
163
130
158
141
144
173
148
188
162
150
148
164
169
162
152
120
167
126
107
136
116
142
117
167
108
114
166
155
182
139
157
126
109
153
100
188
131
185
106
109
118
156
187
119
110
115
118
142
175
123
132
179
136
147
170
176
113
190
105
168
184
158
174
181
112
100
150
125
103
149
180
171
124
127
135
153
134
181
140
101
172
177
138
144
102
183
157
145
120
186
133
159
111
151
178
134
101
102
104
191
106
104
103
112
107
108
114
110
111
115
113
116
117
122
119
121
121
122
123
124
128
129
127
125
129
198
128
146
131
137
133
137
135
138
140
143
139
146
145
141
132
143
191
149
147
197
151
152
154
155
161
156
154
160
159
161
194
160
163
166
189
164
165
168
170
172
169
196
171
174
178
179
177
180
175
176
193
173
183
184
185
187
189
186
195
194
197
192
198
195
193
192
190
-1
196
