102
128
168
149
186
103
108
152
101
120
190
100
111
135
142
174
151
156
140
152
101
106
114
119
141
166
132
175
164
117
159
169
137
116
193
146
156
178
126
103
118
157
158
196
131
148
116
143
155
121
122
108
182
141
172
177
162
104
144
181
185
176
194
110
180
173
105
145
171
197
170
183
188
155
107
112
127
160
188
167
113
139
179
111
123
189
138
172
195
184
175
134
115
187
154
142
161
130
109
147
192
100
198
104
106
123
105
109
107
110
129
112
113
115
121
114
117
118
119
120
125
125
128
124
126
122
127
130
129
124
132
135
131
192
133
102
190
194
137
138
139
140
144
145
143
146
147
148
149
150
151
153
150
154
196
153
158
159
157
160
161
162
169
165
165
171
167
191
166
168
191
198
170
174
176
173
177
178
179
180
181
182
183
184
187
197
163
189
133
186
134
193
195
163
164
-1
185
136
136
