879
965
891
923
848
759
526
575
712
649
611
765
744
760
759
690
692
876
740
583
825
634
799
597
796
699
865
915
610
679
958
836
961
506
747
810
683
849
633
866
730
791
841
500
612
514
647
555
688
545
735
819
917
874
677
695
584
954
581
665
967
659
624
807
944
559
725
800
539
575
782
949
871
511
892
510
703
885
595
894
776
828
802
583
806
731
945
938
926
596
938
637
618
873
863
897
546
593
586
565
762
587
900
944
656
700
708
522
848
833
501
709
572
619
769
542
724
657
569
847
672
586
890
702
718
640
705
891
860
882
670
842
539
960
715
549
905
803
513
790
717
755
906
691
564
554
652
674
711
533
721
505
609
789
577
961
511
923
661
650
699
651
544
545
837
880
734
520
931
764
911
628
729
953
596
836
937
877
636
839
761
822
733
704
802
916
751
601
909
589
793
523
589
956
838
611
963
743
603
841
550
884
850
775
529
809
553
563
757
871
703
517
644
727
924
654
726
811
820
878
912
576
685
749
697
562
882
910
707
743
737
770
844
590
642
646
903
991
525
588
952
734
751
650
671
691
532
788
885
666
812
920
665
783
790
777
656
680
889
948
867
693
890
540
896
818
745
862
668
818
814
548
676
687
804
926
620
907
808
851
629
519
860
566
534
771
524
573
500
866
508
737
614
592
636
535
606
778
928
821
874
814
879
585
580
544
638
816
517
520
507
787
955
824
830
888
552
779
770
906
556
824
787
793
503
619
659
685
715
662
947
653
613
536
667
794
773
666
722
721
628
631
946
954
709
799
553
616
549
834
572
826
772
524
856
712
510
905
854
753
535
563
863
566
843
832
752
951
738
556
701
567
527
674
767
837
618
766
730
532
947
506
637
901
677
514
791
577
710
813
801
899
564
688
729
842
675
917
534
778
609
735
557
878
962
707
872
833
518
607
846
832
686
765
966
733
756
951
641
681
769
644
815
647
925
744
846
748
950
612
895
861
605
883
600
630
692
869
789
502
670
927
825
725
908
899
645
526
533
554
562
680
868
606
745
590
902
820
501
696
775
829
877
682
574
723
638
901
753
777
693
629
593
602
605
552
617
591
660
548
512
760
776
963
857
852
867
855
826
652
718
771
851
635
529
888
658
716
809
853
502
503
504
504
505
507
508
509
509
971
516
512
513
515
515
516
974
518
519
521
521
522
523
527
525
528
530
528
530
531
531
978
537
537
541
536
538
538
540
541
542
543
543
983
547
546
547
969
551
550
551
971
555
558
557
558
561
559
560
560
561
996
565
568
567
568
571
569
570
570
571
576
573
574
579
578
578
580
579
581
582
582
988
584
585
623
587
588
598
601
591
592
594
594
595
598
597
599
599
600
602
603
604
604
626
608
607
608
623
610
617
613
614
615
615
616
621
621
625
620
622
622
624
625
626
627
627
974
630
631
632
632
633
634
635
980
639
639
641
640
642
643
643
969
645
646
648
648
649
972
651
653
654
655
655
664
657
658
662
660
661
663
663
664
970
667
668
669
669
671
673
672
673
988
675
676
678
678
679
684
681
682
683
684
981
686
687
689
689
690
979
694
694
696
695
697
698
698
985
700
701
702
704
705
706
706
973
708
714
710
711
713
713
714
720
716
717
719
719
720
975
722
723
724
726
727
728
728
985
732
731
732
736
736
739
738
739
742
740
741
741
742
976
746
746
748
747
749
750
750
752
754
754
756
755
757
758
758
980
761
762
763
763
764
766
767
768
768
982
782
772
773
774
774
785
780
780
784
779
781
781
783
784
785
786
786
970
788
792
792
795
794
795
798
796
797
797
798
977
800
801
805
803
804
805
806
807
808
979
810
811
812
813
815
816
817
817
983
819
821
823
822
823
934
827
827
829
828
830
831
831
931
835
834
835
932
838
839
840
840
933
843
844
845
845
930
847
859
849
850
857
852
853
854
855
856
858
858
859
934
861
862
864
864
865
932
868
869
870
870
936
872
873
875
875
876
935
916
881
880
881
887
883
884
886
886
887
919
889
894
893
892
893
895
896
897
898
898
915
900
902
904
903
904
914
912
907
908
909
910
911
913
913
914
921
918
918
920
919
921
922
922
933
924
925
927
928
929
929
930
936
935
942
939
937
941
940
939
941
940
942
943
943
996
945
946
989
948
949
950
958
952
953
955
956
957
957
959
959
960
962
964
964
966
965
967
968
968
972
995
977
990
973
978
975
976
986
982
981
984
993
987
984
987
986
989
992
991
992
990
997
993
994
994
995
998
997
998
-1
