871
909
534
685
852
896
615
521
567
947
915
512
732
507
630
737
758
650
862
716
810
910
660
766
712
800
807
948
670
665
835
954
740
741
951
589
908
570
587
866
813
960
893
561
747
726
725
503
533
752
914
893
793
674
630
823
956
854
654
604
965
964
566
516
634
944
955
538
599
860
919
636
897
821
790
926
963
819
839
609
651
697
555
616
911
809
947
748
743
865
808
917
827
934
778
796
637
885
513
888
728
899
629
713
556
920
632
738
610
547
504
854
615
795
548
646
586
938
802
767
874
808
626
538
747
900
515
892
919
796
955
845
886
595
633
784
573
588
858
773
591
762
569
575
597
506
895
719
816
534
967
958
935
916
911
824
600
836
850
689
711
647
779
663
502
562
715
818
847
569
941
798
964
711
863
757
871
967
750
804
643
937
756
636
531
529
503
826
908
877
840
805
896
509
583
824
835
526
945
649
524
755
873
918
783
968
535
722
791
804
688
872
785
602
553
706
565
832
537
856
587
540
584
957
550
883
703
834
838
822
889
522
925
657
591
653
778
965
577
753
880
745
811
906
853
786
606
628
749
720
652
736
599
759
552
952
645
557
564
713
541
882
922
518
613
646
586
924
928
816
830
949
839
950
550
593
756
742
611
748
767
511
810
517
775
925
921
813
553
744
700
578
686
667
698
769
752
797
618
735
771
844
652
690
868
781
582
795
855
603
635
771
936
520
620
691
727
607
928
612
697
859
887
880
662
723
759
560
899
539
699
760
936
523
645
780
731
667
951
672
681
655
704
721
787
716
960
891
934
862
536
725
831
654
929
657
701
606
856
688
737
883
571
910
703
631
898
512
522
561
577
849
830
944
819
926
670
532
734
710
570
602
592
520
881
624
939
714
894
754
596
583
822
568
528
618
786
641
574
872
663
875
700
693
691
736
624
783
938
941
757
684
719
914
544
838
669
502
526
609
580
629
728
529
950
874
755
801
924
886
611
511
601
785
827
621
551
508
946
571
556
904
685
694
768
705
501
560
865
706
837
625
617
702
649
500
769
817
798
669
627
722
527
877
608
847
564
867
834
593
721
779
825
850
579
888
765
500
784
578
848
734
864
516
853
692
806
963
843
619
547
549
507
684
887
582
543
665
920
892
501
979
505
504
505
506
508
509
510
510
984
514
513
514
515
517
518
519
519
985
521
523
525
524
525
532
527
528
530
530
531
533
542
537
535
536
546
539
541
540
542
543
544
545
545
546
977
548
549
557
551
552
554
554
555
558
559
558
559
973
563
562
563
662
565
566
567
568
668
572
572
574
573
575
576
576
676
579
580
581
581
675
585
584
585
660
588
590
589
590
592
594
594
596
595
597
598
598
666
600
601
603
605
604
605
661
607
608
628
610
612
614
613
614
623
616
617
621
619
620
622
622
623
635
625
626
627
633
632
637
631
639
643
634
639
638
640
638
641
640
642
642
644
644
671
648
647
648
680
650
651
655
653
656
658
656
658
659
659
673
661
664
664
671
676
666
668
677
675
672
674
673
678
680
677
678
679
682
679
681
683
682
683
987
687
686
687
696
689
690
694
692
693
695
695
696
990
698
699
708
701
702
709
704
705
707
707
708
709
710
980
712
718
714
715
717
717
718
974
720
727
724
723
724
730
726
729
729
731
730
732
733
733
981
735
740
739
738
739
743
741
742
744
745
746
746
973
749
750
751
751
765
753
754
766
758
761
760
761
764
762
763
763
764
773
770
768
772
774
770
777
772
774
776
775
776
777
982
780
781
782
782
790
788
788
792
787
789
789
791
792
793
794
794
976
797
799
799
801
800
802
803
803
985
805
806
807
811
809
812
814
812
814
815
815
996
817
818
820
820
821
987
823
829
825
826
828
828
829
831
833
832
833
993
842
836
837
843
841
840
841
842
844
845
846
846
978
848
849
851
851
852
974
855
857
857
859
858
860
861
861
868
863
864
869
866
867
870
869
870
981
875
873
876
878
876
878
879
879
983
881
882
884
884
885
975
891
890
889
890
898
895
900
894
902
906
897
902
901
903
901
904
903
905
905
907
907
977
909
912
913
912
913
978
915
916
917
918
927
921
922
923
923
931
927
930
929
930
933
931
932
932
933
976
935
939
937
940
942
940
942
943
943
983
945
946
966
948
949
954
953
952
953
957
958
956
959
961
959
961
962
962
970
966
969
968
969
972
970
971
971
972
975
980
988
986
982
979
990
988
998
989
984
986
992
989
995
994
991
991
994
992
993
996
995
997
997
998
-1
