849
956
597
556
600
844
575
712
507
674
504
779
899
891
841
622
715
513
626
877
802
655
774
716
907
918
928
610
505
912
563
727
850
605
818
766
939
569
827
597
574
816
873
913
662
541
718
871
825
767
800
880
677
551
615
915
616
699
929
739
687
853
937
813
766
598
810
892
780
897
618
713
560
658
835
711
815
679
623
930
500
959
735
710
546
864
705
729
600
627
961
690
602
680
548
889
626
525
790
678
580
640
607
838
793
503
686
769
822
959
903
565
743
573
699
749
527
659
646
628
877
943
893
945
805
683
858
757
872
639
671
789
900
692
599
537
875
686
609
883
901
523
651
650
916
515
771
564
694
507
947
879
762
584
894
936
903
915
797
768
746
830
667
824
925
804
675
501
695
803
953
930
941
725
912
650
754
829
707
630
807
632
761
908
878
561
535
860
681
732
559
712
778
935
509
795
948
764
589
653
586
673
926
839
634
532
813
722
636
828
710
544
773
557
942
832
955
652
962
658
642
869
647
604
549
694
660
896
886
614
842
526
637
799
724
776
744
888
950
529
857
829
905
604
738
560
555
950
874
564
938
559
878
775
935
734
641
538
508
722
779
759
881
500
606
917
622
946
914
747
789
960
816
907
804
668
588
807
533
701
504
832
655
920
551
592
688
620
542
854
808
743
964
674
687
586
844
753
866
846
910
945
859
572
902
778
771
918
732
613
904
963
601
964
909
567
745
763
797
947
756
965
703
785
856
735
868
762
581
782
607
520
677
880
937
625
579
741
680
833
783
617
785
516
556
662
545
720
703
528
820
691
580
685
805
838
733
644
531
866
566
700
740
774
522
739
544
787
822
536
595
579
730
852
758
908
532
553
515
624
825
664
619
767
960
646
502
583
886
892
921
755
848
749
701
784
728
941
577
800
760
688
952
856
670
666
541
889
869
576
714
696
863
512
527
843
520
751
791
661
830
585
725
729
814
828
786
667
790
610
717
883
503
518
946
723
643
594
613
636
631
748
887
648
517
543
853
673
572
509
697
750
523
638
589
894
550
849
719
569
819
593
873
633
840
552
666
625
860
682
919
852
587
821
848
575
823
516
798
965
555
639
845
608
803
642
672
794
521
756
728
897
867
531
678
954
961
663
791
895
501
502
508
506
505
506
511
510
510
512
511
513
514
514
977
517
518
519
519
540
521
522
524
524
525
526
528
529
530
530
538
534
533
534
535
536
537
539
539
540
986
542
543
545
547
546
547
548
549
550
552
553
554
554
972
558
557
558
563
562
561
562
566
567
565
568
570
568
570
571
571
980
573
574
576
577
578
578
592
582
581
582
583
584
585
591
587
588
590
590
591
593
594
595
596
596
976
598
599
601
602
603
603
984
605
606
612
608
609
611
611
612
615
614
618
616
617
619
620
621
621
994
623
624
629
632
627
628
629
630
631
633
634
635
635
973
637
638
649
640
641
643
644
645
645
652
647
648
649
653
651
654
656
654
656
657
657
979
659
660
661
663
664
665
665
983
669
668
669
670
671
672
989
676
675
676
975
697
679
683
681
682
684
684
685
698
689
689
691
690
692
693
693
705
695
696
698
702
700
704
706
702
709
704
706
708
707
708
709
978
711
715
713
714
718
716
717
719
720
721
721
970
723
724
726
726
727
980
731
730
731
737
733
734
736
736
737
738
740
741
742
742
974
744
745
746
747
748
750
751
752
752
753
754
755
979
757
758
759
760
761
763
764
765
765
981
768
769
770
770
772
772
773
775
776
777
777
984
781
780
781
782
783
784
786
787
788
788
992
792
792
794
793
795
796
796
974
798
799
801
801
802
806
806
809
808
809
812
810
811
811
812
982
814
815
817
817
818
819
820
821
977
823
824
826
826
827
831
831
834
833
834
837
835
836
836
837
976
839
840
841
842
843
845
846
847
847
971
851
850
851
859
855
854
855
862
857
858
861
861
863
862
864
865
865
985
867
868
870
870
871
872
874
875
876
876
972
881
879
882
884
882
884
885
885
924
887
888
890
890
891
926
893
924
895
896
898
898
899
900
901
902
904
905
906
906
927
909
910
911
911
925
913
914
923
916
917
921
919
920
922
922
923
929
928
927
931
934
932
931
933
932
933
934
970
936
938
940
939
940
942
944
943
944
956
957
949
948
949
951
951
952
953
954
955
958
957
958
971
963
962
966
969
967
966
968
967
968
969
991
975
973
987
982
990
981
978
993
987
988
985
991
983
990
986
989
988
993
996
994
995
992
995
997
996
997
998
998
-1
