608
916
855
616
659
897
630
528
668
656
508
786
785
582
597
620
578
613
872
769
911
571
878
730
586
787
565
849
614
939
566
511
870
517
735
802
623
850
828
962
542
548
936
725
532
767
867
704
609
839
714
874
602
513
698
523
774
758
551
844
786
707
572
912
929
817
796
928
726
537
669
801
771
886
833
777
665
520
797
852
917
916
647
773
911
695
642
616
783
674
838
555
662
841
592
611
668
603
529
675
881
681
643
650
818
637
806
663
675
965
583
768
950
829
703
712
574
848
642
875
960
683
789
586
834
552
563
903
521
933
863
518
562
963
772
869
919
928
800
538
803
571
821
780
759
885
772
544
527
732
689
711
750
955
799
605
754
677
898
593
629
942
740
511
960
554
904
692
953
622
666
649
608
795
686
565
826
536
840
602
543
902
824
657
792
918
812
632
857
940
845
506
640
523
897
878
715
505
595
755
725
893
766
517
900
679
694
822
559
879
833
806
793
541
599
592
633
782
899
753
503
651
724
632
757
665
930
828
713
775
687
701
925
723
817
764
606
814
763
652
747
736
791
717
847
808
887
530
509
956
820
716
717
560
580
762
740
810
644
858
888
905
810
831
914
626
889
532
672
670
825
514
540
618
853
679
950
767
527
888
543
645
635
881
883
758
574
661
653
907
909
686
898
507
913
700
929
587
576
575
788
639
646
596
843
951
852
944
525
885
943
534
723
690
728
873
727
662
754
500
730
676
944
746
952
836
540
551
821
692
584
902
921
611
695
920
935
582
627
699
522
508
557
546
621
752
625
689
933
830
820
819
502
873
615
519
906
774
748
792
661
634
568
691
711
512
791
835
844
667
796
843
545
920
834
559
709
936
849
945
955
859
749
564
595
753
703
579
677
752
908
777
567
500
958
705
737
887
600
718
573
671
876
576
847
932
594
617
569
766
604
737
693
610
875
556
880
748
631
799
923
882
746
867
957
599
731
780
951
757
824
851
507
652
561
605
713
568
607
940
858
870
931
704
731
537
854
783
868
536
649
922
855
932
956
671
503
945
739
553
645
912
781
807
718
934
601
925
531
708
726
795
732
688
941
633
533
651
877
650
857
886
524
638
673
829
856
808
804
506
839
626
501
625
705
714
570
548
555
787
501
502
504
504
505
969
516
510
509
510
514
512
513
515
515
516
985
518
519
520
521
522
524
525
526
526
972
528
529
530
531
533
534
535
535
979
539
538
539
542
541
545
546
544
547
549
547
549
550
550
969
552
553
554
556
557
558
558
977
560
561
562
563
564
585
566
567
589
569
570
584
572
573
575
577
577
579
578
580
581
581
583
585
588
587
588
591
589
590
590
591
974
593
594
596
598
597
598
970
600
601
984
603
604
973
606
607
620
609
610
612
612
613
614
615
617
618
619
619
621
622
623
624
624
971
628
627
628
629
630
631
637
634
635
636
636
638
639
640
641
641
988
643
644
646
648
647
648
656
654
654
658
653
655
655
657
658
659
660
660
983
664
663
664
975
666
667
673
669
670
674
672
681
678
676
680
682
678
685
680
682
684
683
684
685
977
687
688
698
690
691
697
693
694
696
696
697
699
700
701
702
702
973
706
706
708
707
709
710
710
745
712
716
715
719
722
720
719
721
720
721
722
734
724
735
727
728
729
729
734
733
733
741
743
736
739
738
738
742
742
741
743
744
744
745
970
747
749
751
750
751
971
761
756
755
756
762
760
759
760
761
763
764
765
765
995
768
770
769
770
771
775
773
776
778
776
778
779
779
982
781
782
784
784
785
979
788
789
790
790
804
794
793
794
805
798
797
798
812
800
801
802
803
805
809
807
811
813
809
816
811
813
815
814
815
816
974
818
819
984
823
822
823
825
827
826
827
990
830
831
832
832
978
835
836
837
837
838
840
841
842
842
980
846
845
846
862
848
865
850
851
862
853
854
856
860
860
864
859
861
861
863
864
865
866
866
986
868
869
871
871
872
968
874
892
876
877
895
879
880
882
883
884
884
892
890
890
894
889
891
891
893
894
895
896
896
981
899
900
901
901
904
903
907
905
906
908
909
910
910
975
913
914
915
915
919
917
918
922
923
921
924
926
924
926
927
927
968
967
930
931
939
938
934
935
937
937
938
941
943
942
946
949
947
946
948
947
948
949
965
952
954
953
954
962
957
958
959
959
961
961
964
963
964
966
966
967
976
976
978
989
972
985
993
987
983
982
980
992
981
998
988
986
989
987
995
990
992
991
991
994
993
996
994
997
996
997
998
-1
