897
554
835
628
706
807
533
540
617
660
561
515
906
635
514
912
957
907
509
758
698
916
893
694
755
857
840
756
821
749
908
717
579
638
832
569
775
801
899
776
798
750
572
879
671
506
886
695
620
849
704
780
526
966
784
882
558
858
681
689
810
589
928
510
795
883
921
645
846
711
853
785
683
859
523
929
609
610
800
608
907
728
922
625
546
503
712
932
737
529
509
617
675
747
672
714
763
847
580
772
811
500
707
735
798
942
882
594
769
663
921
856
874
845
801
885
904
826
810
618
607
549
759
599
815
684
936
935
784
952
781
888
846
711
720
860
505
613
763
858
792
758
503
628
575
875
839
845
799
838
512
960
716
563
890
546
808
871
693
807
582
706
702
522
820
874
547
620
549
917
957
743
910
685
872
933
862
674
887
671
765
658
861
655
780
610
543
825
606
761
701
839
572
524
654
859
528
925
823
595
648
519
725
856
931
744
551
694
804
674
775
787
913
541
741
501
639
583
754
854
622
709
943
703
629
606
927
697
778
805
634
656
853
604
565
511
864
557
708
516
726
500
548
573
645
661
791
833
912
813
827
924
539
738
891
794
673
544
937
938
746
646
764
653
804
676
760
594
665
528
728
909
585
893
602
730
590
700
664
648
531
939
768
962
765
895
619
864
611
665
958
684
597
789
666
715
681
968
724
555
661
715
587
890
718
773
589
828
502
621
592
938
894
962
901
812
540
777
553
751
916
857
543
819
771
964
575
792
732
932
677
608
676
652
634
723
744
772
641
545
884
506
928
680
870
717
747
591
584
963
643
919
877
699
600
871
740
518
959
596
927
829
935
937
949
745
636
795
967
828
918
657
683
504
626
525
640
738
554
964
741
613
903
530
603
615
550
926
536
537
525
624
811
809
679
837
791
876
579
516
841
892
886
739
917
776
870
825
734
732
595
842
786
565
666
650
557
755
818
759
936
581
785
519
635
901
514
586
855
827
536
793
637
577
562
723
656
789
826
612
850
647
822
574
563
754
707
735
713
538
898
908
914
682
678
750
693
837
599
590
841
553
614
510
915
517
818
720
923
771
602
904
652
559
727
902
576
817
849
679
729
806
947
733
895
702
533
875
642
700
931
881
863
654
662
539
821
958
601
649
501
502
508
504
505
507
507
508
977
511
512
513
513
527
515
521
517
518
520
520
521
522
523
524
530
526
527
531
529
532
534
532
534
535
535
986
537
538
559
542
541
542
560
544
545
567
547
548
550
551
552
552
560
556
555
556
561
558
567
564
562
566
568
564
571
566
568
570
569
570
571
972
573
574
576
577
578
578
582
580
581
585
583
584
586
587
588
588
980
591
592
593
593
976
596
597
598
598
984
600
601
603
605
604
605
627
607
631
609
626
611
612
614
615
616
616
625
618
619
621
622
623
623
624
627
630
629
630
633
631
632
632
633
994
638
636
637
641
639
640
642
643
644
644
973
646
647
649
650
651
651
979
653
660
655
657
659
658
659
662
664
663
667
670
668
667
669
668
669
670
983
672
673
688
675
691
677
678
688
680
682
686
686
690
685
687
687
689
690
691
692
692
989
696
695
696
697
698
699
975
701
703
705
704
705
978
708
709
710
710
970
712
713
714
718
716
719
721
719
721
722
722
980
724
725
726
727
729
730
731
731
974
733
734
736
736
737
979
739
740
742
742
743
751
745
746
748
748
749
752
753
752
753
981
757
756
757
764
760
761
762
762
767
766
766
768
767
769
770
770
984
774
773
774
781
777
778
779
779
782
783
782
783
992
786
787
788
788
790
790
974
797
793
794
796
796
797
803
799
800
802
802
803
982
805
806
977
808
809
815
812
813
814
814
816
816
817
976
819
820
822
823
824
824
832
830
830
834
829
831
831
833
834
835
836
836
971
838
842
840
843
844
843
844
850
848
847
848
851
852
851
852
985
854
855
860
862
861
868
865
863
867
866
865
867
866
868
869
869
972
873
872
873
879
876
877
878
878
880
880
881
970
883
884
885
887
888
889
889
950
891
892
894
896
896
898
897
899
900
900
954
902
903
905
905
906
949
909
910
911
911
948
913
914
915
947
918
919
920
920
951
922
923
924
925
926
948
930
929
930
942
934
933
934
945
940
940
944
939
941
941
943
944
945
946
946
951
950
953
952
953
956
954
955
955
956
971
959
961
960
961
963
965
965
967
966
968
969
969
991
975
973
987
982
990
981
978
993
987
988
985
991
983
990
986
989
988
993
996
994
995
992
995
997
996
997
998
998
-1
