595
539
834
631
857
777
830
509
739
679
747
654
913
652
930
550
584
862
698
802
699
557
855
526
624
743
858
908
863
663
872
535
597
929
564
523
901
852
750
536
747
552
581
839
640
715
843
777
895
692
740
709
905
733
516
940
873
505
871
953
859
681
622
723
633
835
588
563
574
790
619
727
582
724
513
906
666
895
890
862
542
805
753
792
936
829
722
711
761
820
643
726
749
896
634
670
759
887
637
554
832
548
551
925
584
875
734
595
651
720
650
937
532
916
939
949
851
609
910
671
503
808
662
611
781
762
789
575
834
756
819
758
769
942
655
668
703
768
893
763
846
824
837
560
922
524
658
872
640
970
586
728
500
892
579
871
794
916
594
943
840
796
538
962
950
854
868
806
589
632
876
811
767
638
771
535
508
819
918
882
657
941
507
826
706
741
878
646
718
675
528
956
613
907
932
633
573
852
574
904
519
869
598
629
689
596
527
844
938
670
839
537
780
934
788
798
700
545
547
608
527
676
952
600
537
804
599
883
821
614
561
516
836
642
553
841
899
729
610
730
756
768
583
828
729
660
555
809
704
771
842
762
914
906
743
588
813
924
662
786
843
766
765
551
917
702
789
717
540
636
911
623
558
517
927
694
641
748
913
600
888
800
949
772
902
723
649
783
649
519
880
719
530
664
637
593
539
910
556
674
679
613
812
626
636
867
591
778
663
865
822
542
688
782
672
805
560
567
931
566
962
821
964
745
764
898
967
577
946
703
686
699
849
748
601
813
900
827
681
506
620
921
851
785
578
877
521
864
557
618
759
654
564
769
882
545
710
593
628
751
714
656
901
904
855
823
596
626
616
523
885
585
831
567
898
814
562
510
659
742
718
801
683
750
753
686
858
590
548
601
804
685
918
896
951
507
707
778
619
577
945
589
673
887
690
929
783
889
573
868
786
641
667
842
502
809
791
765
879
706
708
618
597
827
795
615
767
951
954
629
510
644
744
867
664
726
556
891
684
702
622
673
848
884
863
711
643
900
529
568
500
738
581
953
680
511
883
835
728
853
632
675
791
915
797
546
565
503
563
701
926
646
518
525
930
925
803
682
627
520
614
814
784
653
810
956
830
912
727
800
501
532
658
717
508
738
847
722
506
757
501
502
504
504
505
992
509
512
511
512
515
513
514
514
515
994
517
518
520
521
522
522
526
524
525
529
530
528
531
533
531
533
534
534
990
536
540
538
541
543
541
543
544
544
991
546
547
549
549
550
981
552
553
554
555
984
559
558
559
570
561
562
565
566
569
568
569
572
570
571
571
572
989
576
575
576
578
580
579
580
983
582
583
585
586
587
587
606
590
591
592
592
609
594
606
599
598
602
605
603
602
604
603
604
605
607
607
608
610
611
612
612
982
615
616
617
617
982
621
620
621
623
625
624
625
981
627
628
630
630
631
986
635
634
635
989
639
638
639
986
644
642
645
647
645
647
648
648
985
650
651
652
653
693
655
656
657
659
660
661
661
683
665
665
667
666
668
669
669
689
671
672
676
674
677
678
677
678
682
680
685
687
688
684
687
690
695
692
691
691
693
696
695
694
696
697
697
698
992
700
701
710
705
704
705
713
707
708
709
712
712
714
713
715
716
716
997
719
721
720
721
733
725
724
725
736
731
731
735
730
732
732
734
735
736
737
737
983
739
740
741
742
744
745
746
746
973
751
749
752
754
752
754
755
755
976
757
758
760
760
761
963
763
764
770
766
774
770
773
772
773
776
774
775
775
776
968
779
779
780
781
782
959
784
785
787
787
788
793
790
796
792
793
794
795
797
798
799
799
973
801
802
803
808
807
806
807
810
812
811
815
818
816
815
817
816
817
818
968
820
824
822
823
825
825
826
966
828
829
831
832
833
833
960
836
837
838
838
975
840
841
846
845
844
845
847
848
849
850
850
959
859
853
854
856
856
857
860
861
860
861
961
864
865
866
866
976
870
869
870
875
874
873
874
878
876
877
879
880
881
881
963
884
885
886
886
890
888
889
891
892
893
894
894
965
897
897
969
899
934
903
902
903
935
905
907
909
908
909
936
911
912
917
914
915
920
919
919
921
920
922
923
923
924
926
927
928
928
935
931
932
933
933
940
944
939
937
938
948
941
943
942
944
945
946
947
947
948
961
950
954
952
955
957
955
957
958
958
966
960
970
972
965
964
978
974
967
971
969
972
971
974
975
977
979
978
977
979
980
980
984
985
988
990
987
987
988
996
994
991
995
993
993
996
995
998
997
998
-1
