699
753
782
780
615
698
571
938
743
795
554
718
775
546
760
512
510
628
857
500
579
578
883
631
562
934
762
935
835
950
741
692
923
533
540
874
612
722
503
861
763
962
572
642
519
839
674
583
889
628
789
522
571
783
951
500
734
693
829
848
643
608
640
888
756
840
870
729
751
622
677
937
593
900
845
652
634
658
630
953
905
864
710
908
851
517
746
547
912
719
849
948
781
804
834
506
754
619
618
807
559
844
662
551
916
967
961
735
757
824
718
502
955
924
683
648
905
607
895
884
616
779
794
790
647
605
960
902
786
565
552
692
609
955
550
654
546
931
818
789
871
583
811
747
525
689
536
873
700
685
919
671
819
881
557
588
710
577
560
913
556
803
584
501
722
637
684
875
889
614
629
940
853
608
859
661
887
906
853
929
542
753
659
915
527
827
749
926
672
534
528
562
703
540
501
670
646
966
769
742
511
629
941
801
524
581
504
568
771
851
861
908
804
759
964
867
625
516
762
745
639
644
602
708
684
970
959
855
700
520
949
880
877
734
537
656
928
514
664
771
576
761
812
576
594
805
814
548
611
503
898
536
798
593
828
967
621
720
620
921
713
825
564
604
532
602
533
723
620
574
613
643
912
880
831
847
807
848
837
823
632
648
664
551
518
645
687
671
707
543
886
580
796
623
891
746
674
785
923
741
824
915
917
695
637
794
816
670
646
947
610
755
882
729
792
701
723
778
809
738
506
782
800
768
541
791
916
920
818
698
863
509
862
813
527
750
839
513
939
590
790
739
900
680
970
971
731
631
563
725
769
605
870
563
798
694
676
675
712
842
539
559
854
781
841
981
727
587
561
832
901
727
532
724
831
862
963
910
883
675
882
707
878
530
715
538
615
936
566
926
951
657
703
947
663
957
650
917
592
801
579
686
821
846
678
586
614
899
756
858
932
907
778
954
765
705
550
677
565
512
968
962
649
509
820
618
653
872
737
944
988
929
840
876
519
949
549
650
591
568
523
640
702
925
877
736
529
725
721
966
855
689
833
738
622
836
956
819
516
539
815
749
528
780
959
827
634
573
865
806
835
847
555
763
808
603
518
943
864
909
680
697
914
737
745
697
891
758
704
888
638
823
625
693
876
867
796
927
572
799
504
502
505
507
505
507
508
508
976
510
511
513
514
515
515
984
517
522
521
520
521
523
524
525
526
526
994
529
530
531
531
597
535
534
535
600
537
538
545
543
541
542
544
544
545
597
547
548
549
554
553
552
553
555
556
557
558
558
591
560
561
590
566
564
567
569
567
569
570
570
598
573
574
575
575
585
577
578
580
581
582
582
586
584
585
587
588
589
589
592
595
595
599
594
596
596
598
599
600
601
601
992
603
604
606
606
607
987
609
610
611
612
613
982
617
616
617
660
619
623
621
624
626
624
626
627
627
657
632
630
633
635
633
635
636
636
658
638
639
641
641
642
659
644
645
656
647
649
651
651
653
652
654
655
655
660
662
661
668
665
663
667
666
665
667
666
668
669
669
983
673
672
673
683
678
676
679
681
679
681
682
682
686
687
685
688
690
688
690
691
691
979
694
695
696
696
709
712
699
709
701
702
704
705
706
706
715
708
711
713
711
714
716
714
716
717
717
980
719
720
721
726
724
728
730
726
733
728
730
732
731
732
733
765
735
736
766
740
739
740
742
744
743
744
773
748
747
748
750
752
751
752
766
754
755
767
757
758
759
760
761
773
764
764
767
770
768
772
774
770
777
772
774
776
775
776
777
982
779
786
787
784
783
784
785
788
787
788
977
791
792
793
793
977
795
797
797
994
799
800
802
802
803
811
805
806
808
809
810
810
814
812
813
815
816
817
817
976
820
821
822
822
978
826
825
826
828
830
829
830
983
832
833
834
836
837
838
838
987
841
842
843
843
844
845
846
984
850
849
850
852
852
854
856
856
858
857
859
860
860
988
865
863
866
868
866
868
869
869
886
871
872
873
874
875
897
879
878
879
887
881
893
885
884
885
892
893
894
890
890
892
898
894
896
895
896
897
903
899
902
901
903
904
904
978
906
907
909
910
911
911
932
913
914
933
918
918
920
919
921
922
922
934
924
925
933
927
928
930
930
931
938
942
937
935
936
946
939
941
940
942
943
944
945
945
946
986
948
969
950
952
952
953
954
956
957
958
958
973
960
961
963
964
965
965
968
969
972
971
972
975
973
974
974
975
981
993
980
979
985
989
986
992
985
993
990
989
991
991
990
996
996
995
995
997
997
998
998
-1
