902
846
641
805
864
560
746
842
927
890
747
538
964
679
505
916
711
961
874
671
584
910
518
537
782
850
799
826
923
800
520
653
808
727
818
764
680
571
735
607
542
811
696
511
778
918
814
924
642
948
566
653
926
724
575
582
677
712
783
921
888
535
565
825
880
909
724
791
769
730
556
944
629
618
758
967
522
820
768
921
576
525
526
657
572
681
789
963
886
863
749
958
616
759
674
856
718
659
581
861
745
867
938
542
570
794
822
582
660
532
792
538
750
745
789
957
554
786
831
679
779
765
881
850
649
571
852
505
605
588
675
819
669
720
710
602
767
838
961
748
523
516
950
652
824
528
799
839
790
670
959
883
641
615
625
585
619
895
521
802
920
830
594
903
809
947
715
683
574
513
752
751
764
636
588
557
865
771
608
502
791
777
845
622
644
768
558
980
808
522
778
801
824
719
904
873
655
816
539
955
632
889
656
533
515
851
646
976
682
519
922
551
879
578
864
739
637
812
643
617
752
503
553
502
858
927
964
589
771
727
806
680
728
753
875
624
918
672
901
748
738
970
772
579
777
521
843
513
827
578
975
507
826
516
611
769
815
647
595
915
541
874
767
848
621
860
903
841
636
598
604
753
628
730
501
530
931
666
872
602
877
815
967
551
649
634
705
811
677
605
968
581
952
544
545
954
906
506
726
722
892
762
758
985
810
911
564
847
928
500
543
943
603
830
932
504
833
952
797
869
832
597
717
732
532
970
910
895
922
535
870
787
930
714
804
838
858
796
721
575
659
855
527
872
711
876
586
908
570
720
594
861
781
540
642
866
628
958
651
596
814
782
536
766
916
859
739
975
560
548
685
885
749
978
869
615
510
608
896
893
813
883
658
639
886
889
852
821
668
574
905
630
904
629
913
580
795
925
871
880
562
685
949
559
654
972
622
554
710
729
706
828
785
731
960
875
955
552
633
704
673
630
668
740
912
600
584
599
908
800
891
760
943
638
735
678
534
529
519
840
637
790
507
953
547
696
674
740
609
611
716
646
564
568
717
901
664
761
693
842
915
805
763
835
879
962
567
617
725
786
625
613
736
969
684
500
514
804
598
623
841
673
911
566
610
612
977
867
925
652
785
980
781
725
971
932
846
561
648
884
501
506
503
504
509
508
508
510
509
511
512
512
691
514
515
517
517
518
702
520
525
524
523
524
528
526
527
529
530
531
531
692
533
534
536
537
546
541
539
540
550
543
545
544
546
547
548
549
549
550
698
552
553
555
555
556
557
558
559
561
562
563
563
697
565
567
568
569
569
694
573
572
573
587
577
576
577
591
579
580
586
583
583
585
587
590
589
590
593
591
592
592
593
693
595
596
597
599
600
601
601
705
603
604
606
606
607
700
609
610
612
613
614
614
707
616
619
618
620
620
621
627
623
624
626
626
627
694
631
631
633
632
634
635
635
692
638
639
640
640
651
643
644
645
645
658
647
648
650
650
656
655
660
654
662
666
657
662
661
663
661
664
663
665
665
667
667
703
669
670
671
672
681
676
675
676
678
683
682
689
686
684
688
687
686
688
687
689
690
690
691
698
699
695
695
697
703
699
701
700
701
702
708
704
707
706
708
709
709
998
713
712
713
714
715
716
987
718
719
721
722
723
723
734
736
726
734
728
729
731
732
733
733
737
738
737
741
744
742
741
743
742
743
744
988
746
747
751
750
754
757
755
754
756
755
756
757
987
759
760
761
762
763
770
765
766
774
770
773
772
773
776
774
775
775
776
983
780
779
780
988
784
783
784
985
788
787
788
993
794
793
792
793
795
796
797
798
798
989
801
802
803
803
993
807
806
807
983
809
810
829
812
813
817
820
816
817
818
819
821
822
823
823
832
825
829
827
828
835
833
831
834
836
834
836
837
837
990
839
840
851
844
843
844
845
847
848
849
849
854
853
853
855
854
856
857
857
990
859
860
862
862
863
984
865
866
868
868
945
870
871
948
873
894
876
877
878
878
898
882
881
882
893
884
885
887
887
888
892
890
891
894
897
896
897
900
898
899
899
900
920
902
928
905
906
907
907
938
909
936
912
913
914
914
931
917
917
919
919
926
937
924
923
929
933
930
936
929
937
934
933
935
935
934
940
940
939
939
941
941
942
942
945
944
946
946
947
949
950
951
951
984
953
954
956
956
957
974
959
960
966
962
963
965
965
966
977
968
969
971
972
973
973
974
978
976
979
981
979
981
982
982
992
986
986
994
996
989
992
991
991
995
995
994
996
997
997
998
-1
