564
892
883
731
532
944
618
956
796
821
562
930
580
771
572
581
761
552
823
893
677
746
811
556
510
784
876
688
675
659
708
585
712
578
773
740
764
789
862
910
528
846
894
833
511
541
887
966
783
923
613
754
947
636
822
545
772
713
601
728
507
683
600
624
884
583
510
725
826
729
632
954
827
527
598
840
934
534
627
810
617
566
783
705
663
717
595
623
951
504
678
738
640
833
658
521
849
842
755
814
904
752
827
536
621
501
694
819
963
882
768
542
515
874
712
786
682
657
679
835
666
749
893
731
945
813
629
852
958
633
957
890
905
716
672
597
866
587
706
879
733
559
681
863
569
744
655
908
595
808
960
757
586
704
691
508
792
703
920
573
751
904
841
623
692
637
916
800
801
749
948
769
892
767
848
741
785
685
872
716
816
798
602
682
858
747
829
935
912
934
911
685
942
534
777
907
964
584
645
606
551
818
694
743
926
531
869
537
567
792
730
614
779
500
652
922
859
644
882
575
886
581
500
550
625
872
543
598
608
654
800
845
903
909
641
794
962
616
644
772
775
880
529
549
553
601
545
577
803
839
854
790
714
606
663
929
696
652
513
571
589
741
842
752
870
939
747
701
726
781
503
774
624
719
520
698
902
768
868
718
693
946
647
735
547
604
793
550
525
518
646
968
816
517
765
705
953
669
708
819
575
649
568
572
665
838
875
788
522
848
744
959
921
516
856
831
709
661
501
664
660
628
756
635
643
674
763
805
721
639
553
911
874
612
710
891
700
589
561
540
732
616
850
764
609
535
906
932
559
737
797
857
709
831
540
849
789
507
672
655
603
853
554
562
675
824
807
653
544
951
774
884
551
941
602
504
528
613
578
724
607
698
828
631
582
856
711
921
686
887
546
596
565
620
576
567
931
524
678
862
767
939
625
869
805
588
865
784
735
919
664
808
937
802
760
533
520
822
867
942
778
850
919
878
522
549
924
632
902
806
914
636
923
560
788
640
954
738
631
726
750
512
525
673
667
936
683
935
523
913
509
619
666
565
771
635
817
824
736
724
879
940
511
838
952
926
681
742
571
930
794
868
763
704
916
829
757
958
701
699
680
780
963
669
801
873
885
659
695
639
864
812
825
502
530
612
857
962
861
878
506
502
503
505
505
506
971
508
509
515
512
513
514
514
516
517
518
519
519
974
521
978
523
524
526
526
527
539
529
530
531
532
533
537
535
536
538
538
539
983
541
542
543
544
546
547
548
548
969
552
555
554
555
558
556
557
557
558
971
560
561
563
563
564
585
566
568
570
569
570
582
574
573
574
583
576
577
579
579
580
584
587
586
593
590
588
592
591
590
592
591
593
594
594
996
596
597
599
599
600
611
603
604
605
605
609
607
608
610
610
611
988
615
614
615
618
617
619
620
621
622
622
974
626
626
628
627
629
630
630
980
634
633
634
646
638
637
638
643
642
641
642
649
647
645
648
650
648
650
651
651
969
653
654
656
656
657
658
660
661
662
662
972
667
665
668
670
668
670
671
671
970
673
674
676
676
677
988
679
680
684
684
687
686
687
690
688
689
689
690
691
692
693
695
696
697
697
981
699
700
702
702
703
979
707
706
707
715
718
710
711
715
713
714
721
719
717
720
722
720
722
723
723
985
725
727
727
728
729
730
732
733
734
734
973
736
737
739
739
740
756
742
743
745
745
746
748
748
759
750
751
753
753
754
755
758
758
760
759
761
762
762
975
766
765
766
985
770
769
770
976
776
773
779
775
776
777
778
780
781
782
782
980
785
786
787
787
982
791
790
791
793
795
795
797
796
798
799
799
970
802
803
804
804
811
806
807
809
809
810
812
813
814
815
815
977
817
818
820
820
821
841
823
825
826
830
828
832
834
830
837
832
834
836
835
836
837
844
839
840
843
843
845
844
846
847
847
979
851
851
853
852
854
855
855
983
859
858
860
860
861
897
863
864
865
866
867
900
871
870
871
897
873
875
877
876
877
891
881
880
881
890
883
889
885
886
888
888
889
898
895
895
899
894
896
896
898
899
900
901
901
996
903
910
905
906
907
908
909
913
914
912
915
917
915
917
918
918
989
920
924
922
925
927
925
927
928
928
929
931
932
933
933
950
936
937
938
938
948
940
941
943
943
944
945
946
947
949
949
950
972
952
953
955
955
956
957
959
960
961
961
966
965
964
965
967
967
968
991
995
977
990
973
978
975
976
986
982
981
984
993
987
984
987
986
989
992
991
992
990
997
993
994
994
995
998
997
998
-1
