133
100
132
115
140
160
105
125
140
101
127
125
119
151
126
110
129
171
157
130
158
100
175
126
145
158
104
108
104
149
144
160
103
165
150
109
127
164
166
145
115
136
156
106
107
103
147
135
108
114
118
118
170
128
137
121
168
105
119
144
132
123
117
133
102
163
143
107
136
106
113
124
181
141
111
162
117
163
185
159
172
169
135
146
175
102
131
113
111
149
159
148
137
116
177
171
124
139
114
128
101
110
120
116
120
112
109
129
123
138
112
157
122
142
130
141
121
122
131
148
155
154
134
166
139
147
138
152
142
143
154
134
161
152
174
153
155
146
182
151
153
167
169
176
150
156
173
161
165
162
180
173
179
176
184
172
174
164
193
168
167
183
178
196
177
170
183
190
178
180
189
192
182
187
179
181
184
185
188
186
192
198
194
186
188
191
187
190
189
191
194
193
195
196
195
197
197
198
-1
