174
113
100
128
124
152
158
111
108
162
127
110
156
134
143
145
111
157
124
162
142
116
118
176
130
149
159
121
151
168
103
133
102
135
105
104
100
143
114
132
164
120
166
120
134
122
157
116
131
150
109
171
148
153
163
166
109
139
115
101
105
125
136
132
117
103
107
115
113
122
112
137
160
140
130
155
141
165
138
108
142
119
172
104
129
139
102
153
136
156
117
149
112
148
126
126
123
125
106
154
101
106
164
147
123
107
114
110
121
128
119
135
152
127
159
118
145
141
161
144
129
131
140
138
133
170
146
137
173
146
161
177
163
167
169
155
173
150
144
182
147
154
151
193
170
172
167
169
183
180
175
174
158
187
160
178
178
175
181
171
168
165
182
185
179
176
188
184
189
180
177
179
184
181
183
185
190
186
189
198
188
193
186
196
187
191
190
192
192
194
191
194
195
197
195
196
197
198
-1
