119
148
107
154
118
178
172
177
152
117
113
105
153
140
131
171
120
170
178
165
124
167
120
128
100
174
133
101
123
151
138
169
127
133
128
124
164
113
158
102
175
151
114
155
135
143
190
108
125
176
150
102
100
131
107
165
163
162
147
105
159
137
141
109
161
149
140
104
118
119
130
152
146
132
106
170
123
115
125
122
154
114
115
103
110
135
116
104
129
144
111
122
103
109
116
158
106
108
145
168
101
112
112
110
126
111
136
121
132
130
134
142
121
117
126
129
157
136
146
156
147
139
127
139
155
138
150
134
174
149
153
144
141
137
160
145
143
172
142
148
161
160
159
163
169
171
179
167
166
173
156
157
177
168
164
191
166
189
188
180
162
179
182
173
183
176
182
181
180
184
181
183
184
186
175
187
186
187
189
190
185
192
185
193
188
192
193
196
197
196
191
194
194
195
195
197
198
198
-1
