102
118
111
140
106
123
129
103
105
168
104
159
151
148
157
108
137
128
127
161
120
136
131
107
122
171
142
119
116
167
108
124
155
134
114
113
101
114
154
102
149
141
123
128
139
133
172
153
101
150
147
125
127
129
153
145
144
106
136
109
160
164
176
104
155
113
167
125
126
137
120
169
174
100
117
140
183
143
161
175
145
133
177
110
103
118
112
131
110
100
119
159
156
115
126
141
121
111
154
180
105
107
124
122
143
109
115
112
117
116
121
146
132
132
139
175
135
135
162
149
130
134
130
163
142
151
147
148
138
144
152
158
156
179
138
146
168
157
176
179
170
182
173
150
163
169
152
173
160
165
158
171
166
164
172
178
166
177
162
188
181
165
178
190
174
182
189
185
170
187
194
191
183
186
184
192
181
180
186
190
184
187
185
192
188
195
193
189
194
191
198
196
193
195
197
196
197
198
-1
