116
142
119
101
121
126
173
102
121
106
118
108
125
131
145
105
178
124
102
119
161
185
180
186
152
112
170
137
131
146
109
120
163
134
165
100
123
147
133
101
134
140
100
164
107
169
162
171
118
106
104
128
129
130
115
142
128
154
165
104
145
111
168
103
103
114
109
136
115
110
138
117
140
152
116
130
132
187
141
155
147
113
105
167
185
150
110
124
123
117
129
144
149
122
114
137
133
120
111
188
126
113
127
107
112
135
139
108
122
125
132
148
143
155
136
139
157
153
153
143
138
151
127
160
181
144
146
135
172
159
148
167
164
154
158
151
150
177
157
141
162
169
149
160
158
174
156
175
163
159
183
156
166
166
178
168
176
161
179
176
179
174
177
175
171
182
170
186
173
172
182
187
184
180
193
189
190
181
188
184
183
192
189
190
191
196
194
193
196
194
191
192
195
198
195
197
197
198
-1
