118
178
105
161
125
118
170
128
150
107
130
141
131
163
149
114
152
156
128
116
104
108
124
163
165
117
123
162
102
117
146
115
169
124
109
167
136
110
120
101
123
102
134
148
159
127
116
170
161
106
108
113
109
100
142
153
136
156
172
159
115
101
151
169
134
129
140
126
133
158
132
125
141
110
187
167
137
177
191
145
120
155
174
103
184
158
157
112
107
119
100
122
104
130
119
164
113
127
114
105
106
103
111
111
121
154
112
121
126
129
133
122
135
150
143
154
135
131
132
139
143
142
139
140
138
157
151
137
138
149
160
144
146
168
153
147
145
166
148
147
155
144
152
160
166
183
180
168
173
165
162
177
174
164
171
180
179
185
181
172
188
190
176
175
190
175
182
186
171
179
173
181
189
176
178
183
185
184
195
186
192
182
188
187
191
198
193
189
193
194
192
197
195
194
196
196
197
198
-1
