135
106
159
104
163
103
131
102
122
120
146
128
152
155
124
127
107
109
126
114
110
144
124
171
121
108
142
148
140
166
107
128
187
129
175
115
117
119
100
130
147
122
138
114
189
120
138
178
172
142
156
109
163
141
131
111
153
154
105
167
148
112
105
102
132
139
135
155
118
177
153
170
133
110
108
160
103
150
130
121
113
154
100
136
146
159
157
158
169
134
116
116
106
101
132
196
141
126
115
143
101
104
119
112
118
111
133
129
117
134
113
123
160
144
137
125
125
149
123
143
136
139
149
127
151
145
156
145
166
137
183
147
180
158
140
161
181
162
152
165
150
162
165
161
179
151
168
184
172
168
170
173
164
157
194
180
178
174
182
177
171
173
167
164
181
175
169
174
176
188
197
179
183
176
182
184
186
193
185
186
191
188
185
190
190
187
192
192
189
194
191
195
193
195
196
197
198
198
-1
