144
111
148
155
119
102
103
138
171
163
162
123
116
112
162
121
128
133
100
146
177
179
104
134
132
106
107
124
125
127
129
160
158
154
113
110
170
139
133
101
130
141
191
150
123
104
149
114
190
110
100
164
141
137
121
131
109
143
101
102
160
159
167
161
116
107
125
148
113
103
154
131
159
132
111
143
115
117
171
139
109
144
129
153
138
105
136
140
177
119
130
135
122
156
120
108
156
105
108
120
106
126
117
118
122
126
118
142
124
115
114
112
136
128
147
135
150
155
145
149
152
157
127
151
151
142
145
165
134
180
169
152
166
137
168
165
146
158
140
173
166
169
153
147
157
168
164
161
187
188
174
163
175
175
167
185
184
173
176
174
170
179
181
172
180
178
172
183
178
189
182
176
184
182
186
196
197
181
186
183
185
191
190
187
192
193
189
188
194
192
194
196
193
195
195
197
198
198
-1
