102
120
137
171
107
156
111
146
155
164
174
115
120
183
145
154
136
130
178
184
149
178
143
171
104
151
109
108
136
101
113
138
152
134
139
106
141
111
138
105
113
151
118
116
103
110
162
161
140
123
134
141
100
117
137
148
154
145
101
104
147
119
125
129
123
122
168
129
162
112
175
121
106
158
115
179
103
152
135
142
158
153
109
117
133
166
126
161
135
157
149
131
144
125
100
112
130
127
116
140
105
102
107
119
147
110
108
114
124
114
128
124
143
118
122
132
121
126
157
131
139
146
132
127
128
159
133
144
163
186
142
165
150
150
156
160
160
167
170
164
176
148
166
153
172
155
159
167
182
170
163
184
175
174
165
177
168
172
181
169
176
190
179
173
183
173
177
169
182
188
180
180
185
181
195
186
187
197
192
189
191
185
192
189
187
188
190
194
191
198
193
193
196
194
195
196
197
198
-1
