142
162
111
104
148
116
106
186
120
151
161
159
183
117
119
151
139
113
184
112
109
165
100
146
129
137
105
158
173
149
131
122
123
155
123
107
110
102
101
107
130
124
110
164
166
129
119
141
130
114
122
111
147
135
118
102
132
108
117
186
155
168
144
152
145
103
147
125
140
116
165
101
150
141
103
120
121
124
105
100
150
143
163
173
109
158
168
133
114
104
108
138
106
115
139
113
154
118
140
148
137
126
112
131
128
115
142
126
160
143
127
136
121
134
132
125
134
133
136
149
175
127
159
145
144
135
128
156
167
138
157
172
146
164
167
170
182
152
156
153
153
170
169
171
177
154
172
157
171
163
180
169
160
166
161
162
174
178
188
176
175
182
185
174
180
183
179
177
178
192
181
176
179
188
181
185
184
190
187
189
195
190
189
192
187
191
194
197
193
191
193
196
194
196
195
198
197
198
-1
