114
105
166
157
165
124
104
148
137
144
178
131
112
131
103
104
143
108
101
146
117
135
161
130
101
154
102
158
182
130
109
116
103
168
143
105
140
107
165
149
109
155
137
116
136
145
140
111
132
118
153
127
161
122
111
118
160
119
120
115
164
129
145
142
169
128
167
107
136
108
181
133
123
123
174
135
110
126
139
100
122
110
115
128
142
141
147
100
119
158
160
129
169
113
117
163
172
148
106
125
106
102
114
167
127
112
121
133
121
113
144
120
141
132
134
163
138
126
125
150
124
134
170
147
156
139
150
138
173
151
146
153
159
173
156
171
162
152
149
180
164
151
155
154
159
157
162
168
176
175
152
188
172
186
166
179
174
171
182
176
177
185
180
175
184
170
183
191
192
181
178
177
187
179
183
190
185
184
192
190
186
195
188
187
191
189
197
189
193
194
193
196
198
194
195
196
197
198
-1
