104
156
153
159
148
159
167
107
153
112
135
137
116
145
117
125
181
110
109
102
106
116
118
178
147
119
169
143
166
119
155
101
142
126
108
122
105
121
187
122
180
158
141
104
106
176
128
146
169
111
121
127
123
138
132
131
103
142
139
139
115
110
146
127
130
100
133
134
103
117
157
160
109
136
124
186
155
102
184
170
114
175
168
100
172
141
123
112
114
163
111
136
143
150
126
170
113
152
120
101
105
125
107
108
113
115
132
118
129
124
129
144
138
144
120
128
140
150
137
149
134
133
158
135
140
130
152
156
148
131
154
149
160
145
151
164
177
151
161
166
165
154
177
163
147
171
161
157
174
173
180
165
164
162
162
171
168
178
179
172
174
183
167
185
184
173
179
176
182
186
175
181
189
183
188
189
187
193
182
197
185
190
188
190
196
192
195
195
191
193
191
192
194
194
196
198
197
198
-1
