166
188
101
119
125
182
109
148
161
150
121
173
106
168
103
100
132
100
111
118
123
102
143
115
139
143
128
135
122
118
122
108
114
109
116
113
105
172
126
130
129
123
172
146
170
181
133
131
158
115
108
187
145
144
161
157
103
138
136
135
124
127
101
127
167
159
113
112
145
141
107
139
141
104
128
106
125
147
105
112
160
110
156
136
102
117
133
117
130
111
129
148
160
173
138
153
119
116
167
155
107
104
110
132
114
134
120
121
165
137
140
124
131
150
126
120
151
149
137
144
151
140
162
134
142
155
142
153
147
152
158
171
154
146
149
164
185
169
156
171
157
164
154
163
165
174
152
163
179
168
159
174
185
175
178
170
166
176
169
179
162
182
184
193
177
176
181
191
178
180
177
183
175
187
183
190
186
189
180
186
184
188
195
190
191
189
197
193
196
192
194
192
196
194
195
198
197
198
-1
