173
140
160
100
103
161
112
130
120
136
117
111
129
119
142
131
105
116
133
109
145
128
147
109
110
113
102
132
165
105
149
166
180
102
126
138
137
179
127
180
108
176
122
162
176
129
175
115
143
158
163
152
140
164
113
101
143
114
162
146
179
106
172
116
124
151
135
132
152
131
134
115
104
153
100
136
118
104
124
148
182
108
125
158
107
120
101
130
144
137
133
126
106
186
125
154
166
151
128
123
110
112
103
111
107
119
118
149
123
117
121
122
139
114
169
147
121
134
142
135
127
150
141
169
150
145
161
157
157
138
148
144
160
153
139
141
178
146
167
175
154
159
168
168
177
155
156
155
173
159
163
170
172
171
156
174
182
177
164
165
178
171
181
167
189
183
170
183
184
174
185
190
188
184
187
189
195
188
181
195
193
186
185
187
192
190
191
191
193
194
194
192
197
198
196
196
197
198
-1
