151
159
123
102
155
128
114
151
147
105
104
140
109
120
115
146
130
108
153
137
133
111
118
158
110
109
115
147
135
127
139
163
157
116
173
129
161
152
133
103
140
122
124
154
184
152
101
123
137
110
100
175
101
100
134
171
168
158
136
105
103
127
126
141
173
180
104
119
168
114
128
154
156
146
135
125
142
181
131
131
169
126
122
166
116
150
153
118
108
155
119
129
142
107
134
113
107
106
145
161
102
132
106
113
112
111
112
117
130
138
121
138
117
144
120
163
124
121
159
136
143
132
125
177
156
145
149
139
149
174
148
141
164
150
175
148
157
144
143
191
169
160
167
176
164
162
171
166
186
172
174
165
165
162
170
187
167
160
191
178
179
181
186
170
172
189
188
178
185
176
180
188
183
182
177
196
179
187
183
184
189
182
198
185
192
194
190
193
194
190
193
192
195
197
195
196
197
198
-1
