135
142
109
102
149
190
136
121
125
146
115
150
127
115
134
132
160
165
183
141
102
113
118
171
150
122
101
132
159
126
107
100
154
164
148
143
119
157
105
162
152
138
119
145
101
155
126
134
117
107
174
152
124
110
145
173
155
118
143
108
116
158
131
104
114
180
141
162
174
111
138
151
156
100
136
127
103
149
106
110
105
103
108
147
170
179
117
112
111
114
157
140
113
171
137
125
121
142
130
116
104
133
112
109
106
133
120
123
129
124
128
120
122
139
129
130
144
137
139
144
123
128
131
140
163
154
187
147
135
160
168
151
158
153
146
169
179
181
148
159
153
166
170
177
165
161
177
195
167
166
156
172
164
163
167
168
161
173
180
175
192
172
189
178
187
169
175
186
176
188
176
184
178
182
191
184
181
183
185
188
182
185
198
189
194
186
191
190
193
196
197
192
193
194
195
196
197
198
-1
