137
127
141
159
115
123
149
151
101
124
109
108
120
110
132
165
161
105
113
117
156
173
131
138
122
107
120
104
160
128
106
133
104
113
185
150
153
121
148
129
176
115
118
116
116
129
103
166
164
135
172
167
131
152
101
100
134
187
112
127
105
124
118
119
171
146
187
163
141
150
110
102
157
126
140
152
157
149
144
137
128
111
103
111
159
132
168
108
155
136
100
142
123
114
160
163
138
135
121
140
102
107
106
145
114
125
109
126
158
112
130
146
122
133
125
119
117
166
147
147
136
145
130
139
144
156
139
143
134
153
162
142
155
143
158
176
169
172
177
148
175
165
154
151
154
169
185
175
170
174
164
173
167
178
162
161
193
168
170
171
181
182
188
177
174
183
180
178
179
186
179
180
192
193
182
181
183
189
184
186
190
184
191
188
190
198
196
191
189
192
194
194
195
196
195
197
197
198
-1
