106
108
101
133
102
123
149
126
154
138
127
119
124
104
145
125
183
121
177
160
166
171
116
118
128
162
139
182
144
117
180
119
136
110
142
147
159
125
153
110
142
129
163
167
114
105
112
169
157
163
120
130
124
117
123
159
116
103
111
156
155
170
113
100
150
144
153
104
114
150
135
170
152
105
109
134
131
154
102
127
103
137
100
143
175
121
134
109
160
126
108
132
156
131
172
115
167
129
132
101
107
107
111
122
106
112
113
118
122
130
140
115
128
135
139
136
120
133
148
165
155
146
138
137
149
141
143
145
140
174
141
162
146
148
147
152
151
161
164
158
176
175
174
191
165
179
190
158
151
157
166
164
161
169
172
168
173
171
179
193
178
168
184
186
177
181
185
180
187
173
178
176
188
184
183
182
187
181
189
185
194
189
196
186
188
195
196
191
190
193
192
192
195
194
198
197
197
198
-1
