102
110
128
142
107
127
103
120
167
104
105
165
128
115
134
103
152
153
108
140
124
122
145
136
156
106
108
104
107
127
122
126
131
106
111
164
126
135
137
105
110
125
150
156
153
159
112
140
163
139
162
116
101
115
165
120
116
189
132
133
166
173
101
124
121
160
160
172
161
109
133
151
152
139
119
125
151
100
157
118
146
136
173
154
138
130
113
118
131
179
121
179
137
172
114
100
135
180
147
102
114
123
111
109
112
117
146
113
117
129
123
138
132
119
142
161
144
143
144
129
149
130
148
145
150
141
134
157
154
143
159
158
141
162
184
177
171
170
149
176
147
155
155
158
175
148
177
192
167
178
163
166
169
188
175
181
182
168
168
174
192
164
171
185
170
174
176
169
178
187
183
182
183
188
180
186
184
186
185
194
181
191
189
190
190
187
191
193
197
195
193
194
196
195
198
196
197
198
-1
