479
468
446
411
406
403
400
393
367
351
344
338
334
318
314
313
288
274
262
225
191
172
163
158
145
143
111
110
104
100
99
93
73
27
22
496
466
461
450
368
360
340
333
315
281
271
240
216
201
185
165
112
103
81
62
43
19
15
7
3
47
233
183
68
14
206
131
456
463
301
397
283
265
317
194
105
410
428
102
447
246
176
147
79
139
175
141
241
108
267
339
264
160
61
323
402
308
326
35
95
252
204
146
178
71
483
485
475
220
214
269
78
129
189
195
389
436
432
490
55
106
299
130
343
41
439
306
420
181
66
458
21
126
320
32
128
330
162
65
88
494
227
454
481
94
353
369
358
290
247
168
33
381
134
276
376
124
136
80
51
316
321
26
244
429
205
352
319
430
294
372
221
422
396
311
11
91
275
295
361
53
123
390
36
297
444
442
425
482
107
433
467
408
174
212
25
57
409
441
291
287
193
56
371
453
60
462
171
86
164
307
5
238
345
117
263
153
423
373
337
155
349
302
341
224
270
449
470
13
173
231
159
76
72
289
293
431
279
489
54
362
18
52
49
342
480
218
89
74
115
211
44
370
125
325
357
142
82
354
414
486
144
40
200
1
324
63
417
365
356
418
296
116
280
29
196
90
234
50
58
386
392
215
412
137
384
465
132
38
119
207
28
161
253
154
235
152
75
118
31
452
109
277
473
424
498
70
407
298
440
229
157
438
6
198
257
101
150
258
268
156
261
114
347
413
379
336
242
363
190
448
167
46
282
310
140
122
210
245
375
121
83
378
272
87
445
359
249
30
179
237
328
457
64
16
0
10
385
415
451
182
148
329
304
348
464
484
383
228
395
495
260
471
69
460
332
34
492
491
236
399
434
96
488
192
232
98
266
278
188
394
24
346
285
426
17
380
499
20
309
59
435
350
39
387
255
284
202
382
374
23
92
239
2
243
42
12
37
251
401
84
138
45
85
364
226
149
4
388
327
427
135
186
187
170
113
455
9
305
248
203
300
404
416
493
169
254
497
151
184
437
303
474
398
459
127
405
166
213
67
256
366
331
222
180
177
335
199
472
250
322
197
421
120
312
230
469
476
8
419
209
355
443
219
286
259
77
391
273
217
223
487
48
133
477
377
208
478
97
292
