0 0 0 0 0 0 0 2 0 0 2 0 3 0 0 0 0 1 3 0 0 0 0 0 0 0 0 1 0 0 2 3 0 0 1 0 1 0 3 2 0 0 1 0 0 0 0 0 2 0 0 1 0 0 0 0 1 0 1 0 0 0 0 0 0 0 0 0 0 0 0 0 0 0 0 0 2 0 1 0 0 0 1 0 0 1 2 0 0 0 0 0 0 0 0 0 1 0 0 0
0 0 0 1 0 0 0 1 2 0 0 0 0 0 0 0 0 0 0 2 0 0 0 1 0 0 0 1 0 2 0 0 0 0 0 0 0 1 1 0 1 0 0 0 0 0 1 0 0 1 1 4 1 0 0 0 0 1 0 0 0 0 1 0 0 3 0 4 0 0 0 0 0 1 0 0 0 0 0 0 0 0 1 0 1 0 1 1 1 1 0 2 0 0 0 0 0 2 0 1
1 5 15 0 0 0 6 0 9 8 5 3 1 5 7 1 1 2 10 4 0 2 1 4 2 0 0 14 9 3 5 5 1 0 1 4 2 4 5 20 6 6 0 2 10 22 10 8 8 2 1 1 0 10 3 0 6 0 2 9 3 6 1 6 2 1 4 6 4 0 3 1 9 4 9 2 0 5 5 8 0 2 4 6 0 6 9 2 3 2 3 1 3 4 4 12 14 3 8 1
23 18 1 2 1 17 0 1 2 10 8 34 11 22 1 7 7 14 9 2 8 17 8 4 20 7 1 10 0 0 10 1 0 2 1 2 3 5 5 17 13 4 0 15 1 0 9 10 26 2 20 0 8 20 10 5 4 5 10 8 7 4 10 16 4 4 32 47 8 29 2 7 7 22 14 3 0 2 1 0 3 10 1 2 3 2 7 10 11 9 0 4 0 2 4 1 0 13 4 1
2 27 13 9 23 3 2 5 4 1 2 12 33 2 13 3 4 2 5 9 1 7 18 0 1 0 17 31 8 6 2 14 23 1 5 2 5 8 1 14 11 5 1 1 16 5 2 10 3 7 11 3 3 6 25 9 2 3 3 0 2 12 1 2 6 16 3 0 9 5 1 1 7 3 7 0 5 3 16 7 8 7 12 23 3 4 8 3 21 0 6 5 0 7 2 14 5 1 8 12
1 3 0 0 2 0 0 0 0 0 0 0 0 14 0 0 2 0 0 0 0 1 3 0 0 3 0 0 0 0 1 0 0 0 1 0 0 0 1 1 0 0 1 0 0 0 0 5 0 1 0 0 1 0 0 1 0 2 0 1 0 0 1 0 0 2 0 0 0 0 0 1 0 0 2 0 0 1 1 0 0 0 2 0 0 0 1 2 2 0 0 0 0 0 0 0 1 0 1 2
1 0 0 0 0 0 0 0 0 1 0 1 0 2 0 1 1 2 0 0 0 1 1 0 1 0 0 0 2 1 0 1 1 0 0 0 1 0 1 0 1 0 0 0 1 3 0 0 0 1 0 0 0 1 1 0 0 0 1 0 0 1 3 0 1 0 0 0 0 0 0 0 0 1 0 1 0 0 0 1 0 0 0 0 2 0 0 0 2 1 4 0 0 1 0 0 0 1 0 0
2 0 4 0 2 0 1 4 0 11 7 0 18 1 0 0 0 6 0 10 1 14 1 1 7 11 2 4 4 3 1 1 7 9 2 0 5 2 1 2 8 1 0 5 1 0 0 0 1 0 8 0 2 3 1 1 0 9 0 0 2 0 4 1 0 5 1 0 0 10 2 1 1 0 0 2 3 11 4 0 1 0 0 6 4 0 0 2 3 3 7 0 3 7 0 2 2 0 1 16
0 0 7 1 2 1 1 1 0 10 15 0 0 0 0 0 0 1 0 1 0 0 3 0 0 0 2 0 0 0 0 1 0 0 0 0 0 1 0 1 0 0 0 0 1 0 0 0 0 5 1 0 0 0 0 0 0 2 0 0 0 9 1 0 0 0 0 1 0 0 0 2 2 6 0 3 0 0 0 0 1 0 0 0 0 0 0 0 0 2 0 0 1 8 0 0 1 1 0 0
0 1 0 2 0 0 2 1 0 1 0 0 0 0 0 0 2 0 0 6 1 0 0 0 0 0 0 0 1 0 0 0 1 0 0 0 0 0 0 1 0 0 0 0 0 0 0 0 1 0 0 0 0 1 0 1 0 6 0 0 0 1 0 0 2 0 1 1 0 0 0 0 1 0 0 0 2 0 0 0 0 0 1 0 0 0 1 0 0 0 1 0 0 0 1 0 1 0 5 1
6 4 5 1 25 6 2 10 2 2 4 0 0 15 0 3 4 0 17 1 10 9 11 4 12 1 22 7 6 0 8 8 0 1 8 20 2 4 3 3 6 16 20 8 4 16 2 10 1 3 29 14 13 7 1 13 3 3 5 5 14 6 10 12 6 13 4 5 14 3 5 26 21 1 0 1 4 9 11 3 4 6 0 3 9 7 2 19 2 1 0 2 1 4 4 4 0 14 7 0
2 2 16 3 6 0 15 5 8 1 9 30 2 11 1 0 3 13 3 5 27 0 0 0 9 6 11 2 8 8 18 1 2 7 4 4 7 7 0 14 5 17 8 0 0 2 3 26 6 17 4 1 23 0 2 4 28 1 9 5 2 1 0 6 4 12 12 5 17 2 0 2 15 6 3 13 1 6 27 2 0 1 5 12 1 1 3 2 5 4 1 13 9 2 22 0 13 2 22 1
0 0 4 2 2 1 9 4 9 0 4 0 0 1 2 1 5 2 15 4 4 8 1 9 5 3 12 6 4 10 0 6 0 5 1 10 0 2 5 10 11 7 0 0 15 0 2 8 2 7 2 11 22 9 20 4 4 1 1 1 1 7 5 1 0 7 10 12 4 6 0 1 4 7 6 6 4 0 1 4 1 1 6 1 0 2 0 2 3 4 3 2 12 5 2 3 24 9 0 7
1 0 0 0 0 0 0 0 1 0 0 0 0 0 0 1 0 1 0 0 0 0 1 0 0 0 0 0 0 0 1 0 0 0 0 3 0 0 0 0 0 1 1 0 0 0 0 0 0 0 0 0 0 0 0 0 0 0 0 0 0 0 0 3 0 2 0 12 0 0 0 0 0 1 0 0 0 1 1 0 0 0 0 1 0 1 0 0 0 0 1 0 0 0 0 0 0 0 0 0
6 6 9 3 10 5 0 1 3 8 23 1 2 8 6 5 0 0 1 5 1 12 3 0 9 4 9 0 4 15 6 6 11 1 2 13 8 3 0 1 19 8 0 2 5 2 5 2 2 3 0 10 30 9 5 8 4 16 13 6 0 2 8 8 0 0 16 2 0 3 1 0 3 0 5 3 7 0 19 1 36 4 10 20 29 19 6 11 15 5 1 1 1 0 10 4 17 2 17 2
5 1 7 2 3 1 1 3 3 4 0 9 7 1 0 8 4 7 1 0 2 0 8 5 0 4 3 0 4 9 3 0 0 2 0 8 0 1 3 6 4 1 3 8 4 0 1 0 4 21 2 4 6 7 11 5 3 13 6 10 12 4 5 7 6 9 24 1 11 1 5 7 4 2 0 1 0 2 6 10 3 12 1 7 0 0 6 1 2 7 3 1 0 4 0 6 8 9 3 3
4 1 5 5 4 0 1 7 0 3 1 18 7 2 5 9 7 2 2 1 0 0 8 3 0 1 7 0 3 0 2 3 18 15 0 9 7 5 0 10 7 3 2 10 2 2 6 0 2 1 20 3 0 5 11 6 0 0 3 8 2 3 1 22 9 8 3 1 3 0 2 3 5 5 0 12 2 3 0 5 8 3 2 7 6 14 4 1 6 6 0 1 0 0 9 0 7 0 1 0
0 10 8 2 11 0 0 7 0 5 1 2 3 2 4 1 5 2 0 8 6 0 9 0 6 1 2 1 0 1 12 3 1 1 6 0 1 18 0 0 0 0 12 4 1 2 20 0 1 1 0 0 6 2 3 1 13 1 0 2 0 3 1 36 0 3 0 0 0 4 3 5 4 12 0 3 0 0 3 2 4 1 3 0 4 6 2 1 4 16 2 2 2 2 0 2 13 9 0 0
0 10 2 1 7 4 9 8 12 4 0 3 1 5 1 2 8 1 12 3 6 0 6 0 9 0 4 11 40 1 17 1 2 0 3 0 9 0 2 3 2 0 4 6 2 3 3 1 7 5 5 2 0 17 0 1 4 4 20 3 4 12 7 1 2 7 2 1 5 0 1 2 2 0 1 5 4 0 1 0 5 0 2 14 1 1 3 6 0 29 3 6 1 0 1 5 6 0 5 2
4 3 4 6 0 0 0 4 9 11 16 0 3 0 20 0 6 0 1 4 0 0 12 1 9 5 4 23 5 6 0 0 9 10 0 2 8 2 6 6 2 1 6 2 13 6 0 4 2 2 1 0 4 4 1 0 2 5 1 11 1 1 1 2 0 10 21 3 0 1 4 0 10 3 0 4 6 6 6 10 3 3 1 7 0 0 8 2 0 2 6 2 1 4 5 5 1 11 2 0
7 1 7 16 42 1 23 11 10 8 6 3 7 7 0 8 3 32 9 6 2 0 4 8 1 3 4 3 15 1 18 12 2 2 4 6 24 4 7 14 6 8 2 3 12 8 2 1 20 2 3 9 0 9 9 3 3 11 1 10 25 3 10 2 4 6 1 2 4 14 23 3 15 9 4 9 4 21 1 2 17 19 10 1 6 14 4 4 2 2 9 0 1 6 13 5 0 4 3 15
18 2 2 3 3 6 7 3 6 15 5 13 31 24 1 10 2 3 12 7 9 4 15 20 15 3 0 0 6 13 0 0 0 0 0 14 1 38 12 5 7 22 7 0 4 3 3 5 15 1 12 3 2 4 15 2 9 3 2 3 4 3 30 8 18 5 6 29 4 2 6 21 9 16 8 11 0 19 2 2 6 0 9 8 0 2 2 0 7 16 11 4 1 9 3 4 3 3 2 12
4 12 3 9 44 13 7 0 13 8 0 1 1 4 2 5 0 4 0 10 15 13 6 3 2 2 20 0 11 0 16 2 7 2 14 1 3 7 5 2 12 2 0 3 3 18 8 3 10 0 3 6 1 4 2 1 19 3 2 1 7 11 17 15 49 10 7 8 6 0 4 10 20 13 24 5 3 19 13 5 0 4 4 3 16 24 7 5 16 1 1 13 0 0 7 1 5 0 38 18
3 4 5 1 4 0 0 5 4 5 0 3 8 1 0 2 4 7 13 7 7 7 5 0 1 3 11 3 11 2 4 0 2 1 1 7 1 2 2 1 0 1 7 4 16 3 5 2 2 0 7 3 0 0 22 24 10 5 9 1 8 7 3 2 3 2 4 0 2 19 1 5 7 10 0 0 4 11 8 3 2 0 0 0 2 2 0 4 8 6 3 2 7 8 7 1 11 9 3 0
0 0 10 5 6 7 4 2 17 8 5 0 7 1 17 13 2 3 1 11 1 16 4 0 3 1 2 13 1 4 2 0 2 7 13 2 0 14 23 2 7 4 10 4 10 7 16 2 2 9 5 0 1 3 1 14 2 7 3 0 4 12 6 2 2 0 3 21 8 19 6 3 7 2 10 8 4 3 2 17 0 12 8 5 17 3 3 4 21 0 13 13 1 25 15 2 11 11 7 10
1 1 4 2 9 2 0 2 3 10 14 2 5 11 12 6 4 3 1 0 0 2 1 21 12 0 1 1 2 1 4 1 20 1 6 5 2 4 1 6 9 9 9 5 4 2 20 1 8 1 0 4 10 3 6 1 3 0 0 2 1 0 5 5 1 2 0 0 6 19 7 2 2 5 4 17 2 4 4 0 0 1 0 4 1 1 2 2 2 7 5 8 3 0 11 7 8 2 1 2
26 3 0 7 3 0 7 0 5 16 7 5 11 14 4 16 12 2 3 5 10 0 4 3 2 11 5 2 2 10 19 10 1 3 21 6 10 0 2 19 1 0 2 2 11 19 3 14 19 10 2 5 1 14 3 5 14 6 0 6 2 15 0 5 6 1 2 21 10 9 3 1 6 9 1 11 19 28 14 30 16 0 1 3 0 25 0 3 4 4 2 3 6 11 8 11 1 1 7 11
4 7 7 1 2 4 0 1 9 4 3 4 0 3 3 4 7 10 2 1 0 1 2 0 0 0 5 7 1 1 0 4 5 1 0 1 1 0 7 1 2 0 6 1 1 0 3 0 7 1 17 1 3 23 15 1 0 6 2 4 1 2 1 0 2 2 0 1 0 2 1 0 1 0 0 13 2 1 0 2 1 11 6 6 3 2 0 3 9 1 2 23 4 2 3 5 10 7 7 1
5 3 11 18 2 1 7 18 19 12 8 6 3 5 9 15 2 8 1 11 7 27 9 8 9 27 1 9 1 21 5 12 5 16 7 14 2 3 22 24 4 4 2 0 3 4 6 3 9 4 13 32 22 0 3 0 7 4 7 10 2 17 5 4 0 27 23 0 5 11 4 9 3 4 3 3 0 14 5 12 0 2 2 6 3 0 0 7 2 1 0 14 2 1 12 0 9 25 16 0
11 2 11 10 13 33 9 1 17 6 13 17 22 0 8 7 1 7 1 5 15 0 2 31 0 2 2 1 17 1 4 11 0 3 10 0 0 12 3 11 1 0 8 13 0 5 15 5 1 6 10 0 9 1 1 5 3 10 32 4 2 17 9 11 3 5 0 19 0 4 28 5 7 2 3 3 14 22 7 7 21 2 5 10 6 4 4 21 11 1 2 0 3 3 1 7 1 3 37 2
0 3 3 14 4 1 1 1 2 13 0 3 10 1 3 0 1 3 1 13 2 0 13 0 3 5 11 8 20 1 0 11 3 10 5 5 0 0 0 4 1 10 0 6 0 4 3 1 0 1 2 0 2 7 2 3 6 4 1 2 1 1 5 1 3 4 0 6 0 11 10 10 12 2 0 8 0 8 0 0 0 5 11 10 4 5 8 0 5 3 0 2 10 2 6 9 1 8 9 0
3 3 26 2 0 15 1 2 6 3 1 12 9 4 6 2 1 0 12 0 2 8 2 14 1 0 4 2 0 5 1 5 8 5 16 1 5 5 2 0 2 17 8 0 15 0 0 5 0 7 4 2 1 17 1 2 13 0 8 1 0 5 0 1 3 4 8 0 6 0 15 1 0 11 2 12 0 0 13 7 10 7 1 0 2 7 3 0 4 1 2 6 9 5 0 5 0 20 1 0
1 0 0 3 0 0 0 0 0 0 2 0 0 1 0 1 0 2 0 0 0 0 0 1 0 0 0 0 0 5 0 11 2 1 0 0 0 0 0 4 0 0 0 0 0 0 1 2 0 0 0 0 0 0 0 0 1 0 0 3 0 0 0 0 0 0 0 1 0 1 1 1 2 0 0 0 0 2 1 3 0 0 0 0 0 1 2 1 0 1 0 2 0 1 0 0 0 0 0 0
29 2 1 0 3 9 3 14 33 14 21 32 1 0 13 1 7 3 3 10 25 1 13 1 0 16 4 10 18 0 2 21 1 6 28 2 3 12 14 5 27 10 7 7 21 10 0 5 11 8 14 0 15 3 4 1 17 2 2 1 9 4 3 0 9 6 4 2 8 6 8 7 4 2 9 1 20 0 2 0 4 0 0 9 13 9 20 0 0 0 2 19 1 9 3 9 0 0 0 2
1 3 4 2 0 3 46 7 1 0 4 11 0 16 6 8 5 2 1 7 5 1 1 6 3 8 1 0 0 0 4 1 2 4 0 1 0 0 1 18 1 4 2 0 1 0 0 0 1 0 0 1 1 0 5 0 0 10 0 0 1 10 1 13 5 4 1 2 2 4 7 4 3 2 2 3 10 1 0 1 3 10 0 0 6 3 2 0 6 0 10 0 4 0 0 2 1 9 19 12
2 4 15 1 2 0 3 7 5 11 6 0 3 3 10 5 1 7 1 6 7 1 1 2 1 1 9 1 6 4 0 3 1 5 8 13 0 0 3 7 2 4 3 0 12 1 2 0 0 2 0 0 0 6 3 2 0 0 2 2 10 0 10 12 1 3 2 1 3 9 6 0 0 6 1 2 4 1 7 3 0 2 3 9 2 4 14 16 1 0 0 6 9 3 0 5 5 1 4 2
0 1 0 0 0 0 0 0 0 0 0 0 0 0 0 0 2 0 1 0 0 0 1 0 0 2 1 1 0 0 0 0 0 0 0 0 1 0 0 0 2 0 0 0 2 0 0 1 0 7 0 0 2 0 0 2 0 0 1 0 0 0 1 0 0 0 0 3 0 0 0 1 0 0 0 0 0 0 0 0 2 0 0 0 0 0 0 0 0 0 1 0 3 0 1 0 0 0 0 2
0 7 7 6 0 1 0 2 1 4 2 2 0 0 1 12 2 3 5 2 1 4 4 0 1 4 25 5 0 6 5 0 2 18 1 5 6 0 0 5 5 2 3 8 1 1 5 11 10 17 6 5 7 1 1 0 5 6 6 3 19 6 7 11 5 4 1 5 15 1 1 0 21 15 5 5 0 17 3 0 8 7 1 5 2 4 1 6 3 3 8 0 3 0 0 0 0 9 0 4
0 5 2 10 7 29 8 11 6 7 4 4 14 8 1 0 10 1 10 9 2 6 0 1 24 4 19 9 17 13 6 2 3 0 3 18 9 0 10 12 1 17 7 0 24 7 5 18 15 6 1 3 3 1 8 3 3 17 15 13 1 38 3 7 0 4 7 5 4 0 6 13 0 1 16 1 10 6 5 5 0 5 2 24 3 1 13 6 4 15 4 0 6 27 3 0 10 1 12 2
14 0 0 7 2 4 6 6 6 5 1 6 6 0 1 18 9 3 0 6 0 3 5 1 1 6 2 0 0 0 4 6 8 11 21 6 4 2 0 15 1 3 6 0 5 1 10 7 0 0 1 3 1 0 6 16 10 1 8 9 3 3 3 2 0 1 0 3 10 1 10 3 4 2 1 4 2 0 3 15 1 1 1 0 0 6 10 6 0 2 0 4 0 2 0 3 0 1 2 0
4 1 0 8 24 6 17 20 23 4 2 8 2 10 10 1 12 3 2 10 0 1 7 3 0 7 5 2 2 3 6 5 11 9 0 3 2 13 3 4 12 0 12 7 3 1 1 9 6 16 12 31 9 4 35 1 7 10 6 3 11 17 11 2 4 4 1 2 8 3 2 4 3 10 2 5 2 6 13 13 15 4 12 3 4 26 10 15 4 1 5 10 7 3 0 4 0 11 2 7
11 5 10 0 9 11 9 1 9 4 0 0 4 24 18 23 3 2 0 1 10 12 0 0 7 3 0 6 11 3 9 6 2 4 2 21 7 1 0 5 0 12 10 17 12 6 2 6 13 4 0 11 0 9 9 9 20 0 3 6 5 4 9 3 15 14 7 13 20 14 11 7 2 1 6 4 1 5 3 4 21 21 1 2 10 1 0 14 0 20 13 3 18 4 13 4 7 0 6 4
19 7 19 13 13 1 4 5 4 8 0 33 0 11 1 20 8 9 8 1 8 14 8 8 9 13 4 29 7 1 2 34 0 12 4 5 4 1 6 3 6 3 2 0 1 1 14 37 14 11 0 10 8 2 7 3 7 7 0 15 0 4 20 14 5 1 0 1 5 4 5 6 14 10 17 5 2 9 3 0 17 1 6 6 6 5 8 5 5 8 1 3 6 9 5 8 7 7 3 10
5 8 3 3 3 42 9 5 11 4 14 0 6 1 0 15 2 0 11 12 0 3 10 1 19 23 6 6 2 7 4 2 2 14 1 8 20 12 14 2 1 4 28 3 1 7 0 3 27 16 2 6 13 6 9 11 4 5 8 4 3 4 0 2 5 3 13 6 9 8 0 0 21 1 14 19 35 3 11 11 3 1 6 14 10 9 11 8 0 0 14 1 13 8 1 1 0 14 0 8
1 0 2 0 14 1 6 4 3 1 0 1 0 1 6 3 4 2 2 11 8 5 2 3 11 1 2 2 0 9 6 10 0 13 0 7 5 0 8 6 2 11 6 4 9 2 8 2 3 2 0 7 2 7 9 1 6 9 2 3 5 1 13 0 0 0 0 2 11 2 2 17 6 3 9 3 0 1 7 1 0 0 1 2 3 5 1 0 0 0 2 5 3 8 8 1 8 0 0 3
0 0 0 1 0 1 0 0 0 0 0 0 0 0 0 3 0 1 0 0 0 0 1 1 0 0 2 0 1 0 0 0 0 0 0 0 0 0 1 0 0 0 1 0 0 1 0 1 0 0 1 0 0 0 0 0 1 0 1 0 0 2 0 0 1 0 0 1 2 1 1 2 0 0 0 0 0 0 2 0 0 0 0 2 4 0 0 1 1 0 0 0 0 0 0 0 1 0 0 0
0 1 0 0 1 1 0 1 0 0 0 0 0 0 0 0 0 1 0 0 4 0 0 2 0 0 0 0 0 0 0 0 0 1 0 4 0 0 0 0 0 0 1 0 1 1 0 0 0 0 0 1 0 0 1 1 0 0 0 0 0 0 0 0 0 1 1 0 1 0 1 1 1 1 0 0 0 0 3 3 1 0 2 0 1 1 0 0 0 0 0 0 0 0 0 1 0 0 0 1
1 2 1 7 0 17 7 7 0 1 5 8 1 1 2 3 0 8 4 10 1 0 0 5 2 0 1 6 0 13 7 2 0 0 0 4 14 9 1 3 3 0 0 4 0 9 0 8 2 1 0 16 4 1 1 4 6 6 2 0 1 1 4 1 2 0 0 3 12 11 0 8 7 8 8 4 4 1 6 13 2 11 7 3 2 19 6 2 4 0 5 11 12 0 1 1 5 2 4 2
0 9 0 3 0 14 5 8 6 3 5 10 1 16 6 3 4 4 4 22 12 4 2 13 32 15 1 2 1 6 38 23 2 0 3 4 0 24 3 1 13 29 6 2 2 4 10 35 6 11 10 28 3 0 5 29 16 3 6 0 20 0 9 15 10 1 14 25 0 5 2 2 9 2 11 14 4 3 28 3 3 11 17 0 3 7 2 2 16 0 0 3 6 1 19 29 16 0 5 11
5 1 11 8 7 16 1 1 2 1 12 3 1 18 13 2 2 5 37 7 7 5 3 4 14 1 11 2 6 3 2 6 3 5 4 11 2 7 0 6 1 12 5 10 0 17 11 8 0 0 8 5 11 0 4 6 11 3 1 7 12 7 2 2 1 2 16 8 7 0 7 2 44 8 9 15 1 6 5 4 4 0 3 10 7 6 0 35 3 0 0 6 12 6 6 5 1 9 2 0
