0 0 1 1 0 0 0 0 0 1 0 1 1 0 1 0 0 0 0 0 0 1 0 0 0 0 0 0 1 0 1 0 0 0 2 1 2 0 0 9 0 1 0 1 2 1 1 0 0 0 0 0 0 0 2 0 1 0 0 0 1 0 1 3 0 0 1 1 0 0 0 0 0 2 0 0 0 0 0 0 1 0 0 1 0 0 21 0 0 2 2 0 0 0 0 0 1 0 0 1
1 0 1 0 1 1 0 0 0 0 0 1 3 0 0 1 7 2 2 0 0 0 1 0 0 1 0 0 0 1 0 1 0 0 0 0 0 0 1 0 1 1 0 0 9 0 0 0 0 0 0 5 0 0 0 0 4 1 1 1 1 0 0 0 0 0 0 0 0 0 0 0 0 0 0 1 1 0 0 0 1 0 1 0 2 1 0 0 0 0 0 3 0 0 0 0 0 0 0 0
5 0 1 2 9 0 5 9 5 1 5 0 0 7 1 3 1 12 0 10 16 4 13 2 4 0 0 6 4 7 1 2 8 5 2 11 1 0 1 0 8 4 1 4 3 1 22 0 2 4 2 5 1 0 2 2 3 12 3 2 2 4 2 4 0 4 2 7 0 0 1 1 2 2 5 10 4 1 1 4 1 1 0 8 3 1 2 0 3 0 10 0 1 9 9 1 2 0 0 3
7 3 1 2 5 9 2 7 3 1 14 0 2 2 0 0 1 2 2 1 2 3 3 11 1 0 5 14 0 0 7 0 4 1 3 1 8 2 1 10 1 8 0 4 14 1 0 3 0 6 3 6 1 3 10 0 1 6 5 20 5 6 3 10 8 3 1 3 14 0 13 3 0 2 7 0 2 12 0 0 12 14 0 1 7 5 0 11 14 1 1 0 0 6 14 1 1 0 4 4
0 0 0 0 0 0 0 1 1 0 0 0 0 0 0 0 1 0 0 2 0 0 0 0 0 0 0 0 0 0 0 0 0 0 0 0 1 0 1 0 2 0 0 1 2 0 0 0 0 2 0 0 0 0 1 1 3 0 1 0 0 0 0 0 0 0 0 0 0 1 2 1 0 4 1 0 0 0 0 1 1 0 0 0 0 0 0 1 0 0 1 0 1 0 0 0 1 0 0 0
1 0 0 0 0 2 0 0 0 0 0 0 0 1 0 0 0 0 0 1 0 1 3 0 0 1 0 0 5 2 1 0 2 0 0 0 1 0 0 1 0 0 1 1 0 0 0 0 1 2 1 1 0 0 0 0 1 1 0 1 0 0 0 1 0 0 0 0 0 1 0 0 3 0 2 3 0 0 1 1 0 0 0 0 0 0 0 0 0 0 1 1 2 0 3 0 1 0 0 0
3 0 0 2 1 1 2 0 19 1 1 0 4 7 13 8 5 4 5 10 1 6 8 1 1 0 1 20 0 0 3 16 2 0 0 1 14 0 1 0 12 3 2 3 0 3 9 2 3 0 0 0 1 2 4 0 1 20 1 10 4 19 5 14 3 5 1 2 0 2 7 7 1 1 9 3 8 0 4 11 0 5 7 6 1 5 10 3 0 2 15 0 9 17 6 17 0 7 0 6
11 7 2 12 10 2 20 27 3 0 23 4 7 7 6 11 3 13 9 1 4 6 2 11 21 0 16 0 3 3 0 1 6 7 1 1 3 11 0 8 6 5 3 6 20 3 36 14 1 2 1 4 2 0 4 0 10 4 5 6 1 2 13 8 6 3 3 10 0 5 8 2 3 3 0 5 9 17 2 13 0 7 1 4 8 4 10 6 2 4 3 13 2 0 0 28 19 3 11 7
0 12 5 2 1 6 1 7 2 4 7 2 3 1 0 0 6 6 12 5 1 3 3 8 5 0 1 7 3 3 1 0 0 0 2 14 0 2 1 0 1 2 4 4 6 1 3 38 1 1 0 0 6 0 1 4 4 1 19 3 1 5 3 4 7 4 3 5 4 0 2 0 6 0 6 4 1 2 4 5 10 0 1 11 2 1 3 0 0 1 0 1 0 1 14 2 2 3 0 1
0 3 2 9 5 1 1 2 2 0 2 0 0 12 2 0 17 2 1 1 0 1 5 4 1 0 2 1 6 0 0 10 1 1 0 2 1 0 4 4 2 4 2 0 2 1 10 0 9 3 12 1 10 3 2 6 3 0 5 1 0 9 2 1 0 1 8 5 1 9 13 2 6 2 1 0 4 1 1 4 1 3 4 0 2 11 0 11 3 0 5 25 0 9 0 17 7 0 2 0
9 8 2 4 30 15 1 13 1 14 13 4 0 5 2 6 4 12 27 4 37 13 3 4 2 3 7 1 10 9 24 1 13 0 2 5 2 9 7 6 2 3 8 4 19 9 30 0 2 0 8 0 12 0 13 6 5 0 7 18 2 17 3 2 4 10 8 2 2 21 8 10 2 1 16 15 5 1 0 6 7 0 9 9 7 3 4 8 3 7 4 6 3 15 18 5 1 1 19 21
4 18 3 17 4 0 1 16 0 22 0 0 6 0 7 0 6 4 0 19 16 10 0 5 12 2 5 1 1 17 39 2 6 2 3 0 20 21 2 20 5 0 10 0 16 1 14 24 3 12 6 21 0 3 18 17 13 5 7 0 8 0 0 9 1 11 13 8 1 5 1 23 0 1 8 0 6 5 2 6 15 4 1 17 7 13 8 6 1 0 1 3 1 0 3 16 0 20 1 0
0 0 0 0 0 1 0 0 0 2 0 0 3 0 5 0 0 0 0 0 0 0 0 0 0 0 1 0 1 0 0 4 0 0 0 0 0 2 1 0 0 0 0 2 0 0 1 1 0 0 0 0 2 0 0 1 0 0 0 0 1 5 0 0 0 0 0 0 1 2 0 0 1 0 0 1 0 0 0 0 1 3 1 0 0 2 0 0 0 1 0 0 0 0 0 1 0 0 0 0
0 0 0 0 0 0 1 1 0 0 0 4 0 0 0 0 3 2 1 0 0 2 0 0 2 0 0 0 2 0 0 0 0 0 0 0 2 0 0 0 0 0 0 1 0 0 0 0 0 2 0 0 0 0 0 0 0 1 2 2 1 0 0 0 4 0 0 4 0 0 2 0 0 0 0 0 0 1 2 1 0 0 0 1 0 0 0 2 0 1 0 3 1 3 2 0 0 0 1 0
0 0 0 1 0 0 1 0 0 1 0 0 0 0 2 0 1 0 6 0 0 1 0 0 1 0 0 1 1 0 0 0 0 0 0 0 0 0 0 0 0 0 0 1 0 0 2 0 1 0 0 1 1 5 0 0 1 0 0 0 1 1 0 0 0 0 0 0 0 3 0 0 2 0 0 0 0 0 0 4 0 0 2 1 0 0 0 0 0 0 2 0 3 0 0 0 0 1 1 0
2 1 0 1 2 0 1 1 8 13 4 0 9 20 3 0 5 9 2 29 1 0 4 0 1 1 2 0 2 4 18 1 0 5 8 3 0 5 0 5 3 0 4 2 8 0 5 6 4 6 7 4 1 0 0 0 4 3 0 10 1 1 6 14 1 1 3 2 6 5 1 2 0 6 2 11 0 0 2 7 0 5 1 2 5 14 6 12 0 11 2 2 0 11 4 5 5 5 2 0
6 0 3 2 0 7 6 1 0 1 4 0 6 3 3 0 7 4 11 5 7 0 1 0 3 10 0 13 1 0 1 5 1 0 12 18 0 1 0 3 3 1 19 9 18 5 3 11 4 1 2 3 1 1 1 2 21 8 9 2 5 1 4 7 13 2 0 1 1 0 4 9 1 3 2 3 2 5 2 4 12 1 1 0 4 10 5 1 1 0 2 2 5 3 1 4 2 8 3 4
19 14 2 3 7 10 15 0 2 29 0 11 3 4 4 0 2 0 2 7 1 5 0 2 8 0 20 0 3 9 8 4 8 17 4 0 15 1 1 1 16 2 1 2 26 6 11 0 12 1 7 2 9 9 21 17 10 5 0 0 4 3 12 3 3 8 0 1 3 3 6 1 2 3 19 7 0 10 1 7 9 5 5 9 1 0 21 2 2 2 12 7 6 17 0 23 22 3 5 0
1 1 0 0 0 2 0 0 0 0 1 0 0 0 1 0 0 0 1 3 3 0 0 1 0 0 0 0 0 0 1 0 0 0 0 0 0 0 0 0 0 1 0 0 0 0 0 0 0 0 0 2 3 0 1 0 0 1 1 0 1 0 0 0 0 1 2 0 1 0 0 3 0 0 0 0 2 0 0 0 1 2 0 1 0 0 0 1 0 0 1 0 0 0 0 0 0 2 0 2
2 0 2 1 1 0 3 11 5 6 0 24 2 1 1 1 0 10 3 12 1 6 0 5 2 3 5 2 29 0 4 6 0 7 0 4 11 3 4 4 5 1 7 3 0 1 7 0 0 2 0 10 6 3 2 3 2 4 2 0 5 2 7 1 0 11 3 13 7 7 6 6 7 8 15 3 5 1 2 2 9 1 3 7 4 1 0 19 0 14 1 3 2 6 10 1 1 0 2 2
0 0 0 1 0 0 0 0 3 0 0 0 1 1 0 0 1 0 1 0 0 0 0 2 1 0 2 0 1 0 0 0 0 1 0 0 1 0 0 1 0 0 0 0 0 0 0 0 0 0 1 1 0 1 1 2 0 0 0 1 0 1 0 1 1 2 1 0 0 0 2 0 0 4 0 0 0 0 0 0 0 0 0 0 0 0 0 1 0 1 0 0 0 0 0 0 0 2 2 1
4 1 4 6 0 5 0 6 0 6 2 0 9 0 0 0 0 2 1 0 5 12 13 4 11 0 1 7 2 0 7 1 0 9 3 0 0 7 2 0 2 9 0 2 5 0 1 0 7 11 0 0 0 2 4 27 0 7 5 4 0 0 3 4 0 17 0 0 1 2 2 5 2 4 0 2 0 1 1 13 19 1 4 3 0 2 1 9 1 11 0 0 5 6 0 2 0 5 3 4
2 6 1 4 34 0 3 1 9 1 4 0 8 4 1 7 2 0 0 3 24 6 3 1 0 7 6 7 15 4 27 1 0 24 0 27 10 44 5 6 20 44 1 2 13 2 26 2 12 0 10 9 1 18 2 16 1 9 1 17 13 14 4 1 2 0 23 2 18 6 0 16 1 8 12 0 0 8 19 0 14 1 13 10 1 2 0 1 1 4 19 6 3 8 16 0 5 0 9 4
0 0 0 0 0 0 1 0 0 0 0 0 0 0 0 0 0 0 0 0 0 0 0 0 0 3 0 0 1 0 0 1 0 0 0 0 0 3 0 2 0 0 1 0 1 0 0 1 0 0 6 1 0 0 1 0 1 0 0 0 2 1 0 0 0 0 2 0 0 0 0 1 0 0 0 0 0 0 1 1 0 0 0 4 1 1 0 1 0 0 0 0 0 6 1 0 1 0 0 0
10 11 14 3 3 6 3 0 0 13 6 2 6 2 8 5 5 9 3 9 23 0 0 1 0 21 6 16 6 8 13 3 0 0 1 40 0 47 0 3 10 3 25 22 3 0 2 12 0 8 5 0 5 4 5 9 6 0 19 12 7 2 3 8 23 14 0 1 18 19 1 2 2 15 16 3 10 10 9 10 1 10 0 26 3 6 25 0 7 1 2 1 20 1 14 6 6 7 8 16
5 15 12 12 7 2 3 1 16 3 4 20 0 10 33 3 4 11 0 4 3 2 3 5 13 10 6 10 2 10 4 1 3 3 3 11 2 6 0 24 28 8 6 7 4 0 14 13 7 1 11 4 14 16 7 4 17 13 15 9 3 2 12 6 1 4 12 2 0 1 5 13 2 18 6 17 0 13 9 18 13 2 7 10 21 21 7 0 16 0 15 2 14 3 8 1 2 6 12 2
0 0 0 1 0 0 0 0 0 0 0 0 0 0 3 1 0 2 0 0 1 0 1 0 0 1 0 0 0 0 1 0 0 0 0 1 0 0 0 1 2 0 0 0 0 0 2 0 1 0 1 0 1 1 1 0 1 0 0 0 2 1 0 0 1 1 0 3 0 0 0 0 0 0 0 2 0 0 1 1 0 0 0 0 0 0 0 0 1 0 0 0 0 1 0 1 1 1 0 0
0 7 4 3 9 11 18 11 1 5 2 3 0 8 0 2 0 3 2 6 17 7 2 4 12 5 1 0 9 8 2 0 7 2 6 5 1 9 2 7 1 2 7 2 2 2 2 3 4 2 3 4 2 10 1 6 4 0 5 11 5 1 5 6 3 12 2 6 2 1 14 4 3 1 5 10 3 6 8 0 4 2 5 1 3 9 2 0 9 4 12 2 10 7 0 1 2 4 0 0
2 3 6 4 0 7 12 2 2 3 17 8 1 11 12 36 7 3 0 0 0 5 2 1 8 8 15 1 1 3 2 1 4 33 0 2 4 0 3 7 0 0 12 1 3 3 6 5 2 2 13 9 5 1 1 16 4 3 15 2 28 2 2 1 27 0 2 5 20 31 2 1 2 22 1 4 7 6 14 2 0 16 16 11 9 10 19 30 14 4 16 2 1 1 6 2 4 5 1 4
0 0 0 1 0 0 0 1 0 0 3 2 0 0 0 0 3 0 0 0 0 0 0 1 0 0 13 1 1 4 0 1 1 0 1 0 0 0 1 0 0 0 0 0 0 0 1 0 0 0 0 1 0 0 0 0 1 0 1 0 0 0 0 0 0 0 1 0 0 0 2 0 0 0 1 0 0 0 0 2 0 2 1 0 0 5 1 3 0 0 0 1 0 0 0 1 1 0 1 0
1 0 0 0 0 1 0 0 0 0 0 0 1 1 0 0 0 0 0 1 2 0 0 0 0 1 1 0 0 0 0 0 0 0 1 0 0 0 0 0 2 0 0 0 2 0 1 1 0 0 0 0 0 2 0 0 0 1 0 1 1 0 1 1 0 0 1 0 1 0 0 0 1 2 0 0 0 2 1 3 0 0 0 1 0 0 0 1 2 0 0 1 0 0 2 0 1 0 0 0
13 0 10 5 8 5 2 4 3 10 2 1 6 10 10 2 6 3 1 12 8 12 1 1 8 5 4 9 1 18 25 37 8 4 18 5 2 7 2 3 11 30 7 0 2 7 3 10 10 4 3 1 14 12 2 5 3 3 3 17 0 1 1 6 1 1 7 1 4 1 1 15 0 4 8 9 6 3 6 7 1 9 1 21 2 0 11 8 23 9 1 3 0 10 0 11 29 9 14 0
10 8 2 2 7 6 7 1 4 6 0 6 50 1 3 0 2 2 8 6 1 10 3 3 2 14 12 0 9 15 1 1 2 14 0 3 3 17 19 2 6 0 13 1 10 4 5 12 0 0 6 14 8 0 0 4 7 3 3 4 6 18 3 6 0 0 4 8 10 1 1 8 7 17 2 3 12 3 9 1 0 6 4 9 5 5 15 3 7 3 5 0 5 12 1 8 12 6 11 22
0 2 3 4 5 0 0 5 0 3 1 0 3 6 5 6 4 2 1 0 0 0 1 2 9 8 2 6 3 9 3 6 6 3 1 1 0 3 1 6 5 0 8 9 2 0 6 3 1 6 4 4 3 7 0 11 1 1 3 2 1 6 5 10 3 8 6 7 4 5 3 4 9 11 5 3 3 2 1 7 0 1 4 0 10 0 0 0 3 1 6 3 3 8 0 12 0 10 1 2
12 10 1 0 2 9 3 31 0 7 4 1 1 0 15 0 8 3 4 0 7 7 0 1 0 0 2 2 7 0 1 25 2 0 1 14 0 4 4 8 2 0 5 0 8 6 0 9 7 2 4 3 12 7 2 2 3 4 5 0 2 2 1 10 3 0 0 5 2 6 16 9 0 1 0 16 6 10 0 2 0 3 4 2 5 0 1 4 18 7 0 9 3 0 10 8 3 2 2 11
3 2 4 0 12 0 12 9 0 6 1 2 7 1 1 20 4 1 11 2 1 3 2 0 5 3 0 4 2 3 4 1 13 0 4 0 0 2 4 6 0 2 1 0 4 8 1 1 10 7 0 1 2 0 14 2 5 2 1 2 4 7 3 11 0 7 4 8 4 0 0 5 0 1 3 6 3 3 0 3 8 1 1 1 0 11 3 2 0 3 7 8 3 11 8 3 2 0 4 3
11 13 3 6 6 9 3 5 12 2 6 22 2 1 6 3 20 0 0 1 2 1 12 8 18 6 14 3 1 9 10 6 11 33 1 3 36 0 3 0 1 2 18 2 8 6 28 7 23 1 6 0 2 7 2 11 6 8 4 9 3 16 11 6 7 4 1 12 5 1 2 6 0 22 2 27 11 10 0 0 12 14 0 0 9 20 4 12 0 2 0 2 9 8 2 8 6 0 25 7
2 1 9 0 5 3 3 1 8 3 1 2 1 0 13 3 2 3 2 0 5 1 6 9 1 4 3 0 0 10 0 11 8 3 2 0 8 0 6 4 1 1 0 1 0 3 2 9 5 4 12 3 1 1 3 3 6 7 3 0 2 5 0 2 0 2 6 1 0 1 7 3 0 5 3 2 1 0 4 4 2 7 9 1 4 1 1 7 9 2 0 8 5 0 6 7 6 0 2 1
9 3 2 0 3 0 6 1 3 3 1 1 10 0 7 0 0 2 0 3 1 11 4 0 5 1 0 10 6 3 11 0 14 0 9 5 0 24 0 1 4 7 15 3 2 2 2 1 0 3 11 2 5 0 4 7 1 10 1 7 0 2 3 0 5 2 2 4 5 2 5 2 3 9 1 5 2 17 1 10 9 10 1 11 5 0 3 0 3 3 12 8 5 1 2 2 0 1 0 0
10 2 10 4 5 9 3 5 3 19 15 7 38 4 5 1 0 5 8 2 7 12 12 3 14 10 14 10 17 12 2 11 1 0 0 0 17 3 2 14 2 21 11 13 0 19 1 13 44 19 5 15 0 24 8 1 11 1 6 7 21 7 10 4 2 1 1 11 0 3 2 13 2 12 9 28 3 8 1 3 1 16 4 7 2 13 16 1 1 12 8 6 22 18 1 8 11 39 6 0
2 0 0 0 0 0 0 2 0 1 1 0 3 2 0 2 0 1 0 0 0 1 3 5 0 0 1 1 0 0 2 0 1 0 0 0 0 0 1 0 1 0 0 0 0 0 0 0 0 1 0 0 4 0 1 0 0 0 1 0 1 5 2 0 0 0 0 0 0 1 0 4 0 0 1 0 0 0 1 2 0 1 0 1 0 0 0 0 0 0 0 0 2 0 0 1 0 2 1 0
0 0 0 5 0 2 0 0 1 0 0 0 1 0 0 0 0 0 0 0 0 0 0 0 0 0 0 1 0 0 0 0 2 0 0 0 1 0 4 1 0 2 0 0 0 0 3 0 0 0 0 4 0 0 0 2 1 0 0 0 0 1 1 0 0 1 1 0 1 2 0 1 4 0 0 1 0 0 2 2 0 3 1 1 0 0 0 0 1 1 0 0 1 0 0 0 1 0 1 0
0 0 0 0 1 0 0 0 0 0 1 0 2 0 2 1 2 0 0 0 3 0 0 1 0 0 0 1 0 0 0 1 1 0 0 0 0 1 0 1 3 0 1 1 0 1 1 2 0 0 1 1 0 1 1 0 0 0 0 1 0 0 0 2 0 1 0 0 0 0 0 5 0 0 0 7 0 0 0 0 5 1 4 0 0 0 0 0 0 0 1 0 0 0 0 3 0 1 0 1
6 11 4 6 16 18 4 1 5 7 29 0 3 24 19 11 2 5 5 16 7 2 11 8 0 0 6 1 1 3 16 1 9 3 3 8 3 2 2 0 8 0 2 16 10 5 7 11 2 2 8 10 8 0 4 1 14 20 7 7 5 9 0 3 0 1 10 0 1 5 4 4 37 0 6 9 2 10 9 1 2 0 13 4 0 6 6 0 0 1 7 26 9 15 3 1 4 12 18 43
1 0 0 0 1 0 0 0 1 0 0 0 0 0 0 1 0 0 0 1 0 0 0 1 0 3 0 0 0 0 0 2 0 0 1 0 2 0 0 0 0 1 0 0 1 1 0 0 0 0 0 0 1 2 0 0 2 1 1 0 0 0 1 0 1 0 0 0 0 0 0 1 0 0 0 1 0 0 0 0 1 0 0 0 1 1 0 1 1 1 0 0 1 4 0 0 1 1 1 0
0 0 0 0 0 0 0 1 0 2 0 0 1 0 0 0 0 0 0 1 0 1 0 0 0 0 0 1 0 0 1 0 0 0 0 0 1 1 0 1 1 0 0 0 0 0 0 0 0 1 3 2 0 1 0 0 0 0 0 0 0 0 0 0 0 1 1 0 0 0 0 1 0 3 0 1 3 0 0 3 2 0 0 0 0 0 1 0 0 0 0 1 1 0 2 0 0 0 1 0
4 3 1 2 1 3 2 0 0 4 3 2 3 2 2 4 5 1 2 5 10 3 0 1 13 18 5 1 1 0 2 1 1 9 2 8 0 0 5 8 0 2 9 0 15 0 2 1 0 0 6 6 1 2 3 6 0 0 4 0 3 9 1 3 6 2 2 6 8 15 3 16 2 10 2 1 0 4 0 2 1 5 2 4 8 8 2 4 4 0 4 7 1 13 1 0 6 16 0 1
7 1 0 8 4 0 4 5 0 6 9 4 9 3 4 5 3 0 1 6 1 0 24 0 0 3 1 4 2 2 0 13 1 1 1 0 2 1 3 0 2 1 3 0 16 1 7 2 0 1 0 2 4 11 2 0 0 0 15 2 0 3 0 0 6 3 4 0 0 7 3 8 12 24 0 5 3 6 5 1 2 4 0 1 3 2 0 5 4 6 2 1 1 3 0 0 3 10 1 11
0 0 0 0 0 0 0 0 0 0 3 1 0 0 2 0 1 0 0 0 0 0 0 0 0 0 0 0 2 1 0 0 0 0 0 0 0 0 0 0 0 0 0 1 0 0 0 0 0 2 3 0 0 0 0 0 0 0 0 0 0 1 2 0 0 0 0 1 0 1 0 2 0 0 0 3 0 1 0 0 0 0 0 0 0 0 0 0 0 1 0 0 0 0 0 0 0 0 0 1
0 0 1 0 0 0 2 0 0 0 0 0 1 0 2 0 0 0 0 0 1 0 3 0 0 0 0 0 1 0 0 0 0 0 1 0 0 0 0 2 1 0 0 2 0 0 0 0 0 0 1 0 0 0 0 0 0 1 0 3 2 0 0 0 0 0 0 0 1 0 1 0 0 0 0 0 1 0 0 0 0 0 0 0 0 0 1 0 0 0 0 2 2 1 1 1 0 0 0 1
