17 4 1 10 0 10 7 4 0 0 9 0 8 2 5 1 0 1 10 1 0 8 0 0 4 1 6 0 2 0 0 6 4 3 6 2 0 3 4 6 0 11 6 1 4 16 7 8 4 0 2 6 0 10 5 1 1 0 0 7 1 0 5 11 1 6 3 1 2 0 10 5 11 1 4 10 7 0 1 2 0 2 4 3 5 1 0 2 16 5 1 4 9 3 3 0 7 4 2 0
0 1 0 0 1 0 0 2 0 0 0 0 1 3 0 0 0 0 0 0 0 2 0 0 0 2 1 0 2 0 1 0 0 0 0 2 0 0 0 0 1 0 1 1 0 0 0 0 2 1 1 1 13 0 0 1 0 0 0 0 2 0 2 0 0 0 0 0 0 1 0 0 0 0 0 0 0 0 0 0 0 0 0 1 0 0 1 0 0 1 1 0 4 0 1 0 1 0 1 0
5 1 7 10 13 11 2 1 5 0 2 0 0 1 3 1 2 0 4 9 0 2 1 0 5 1 3 9 11 3 2 0 2 1 1 0 4 0 5 1 3 11 1 0 3 0 5 2 1 0 0 0 6 0 0 2 4 7 1 5 0 0 0 14 1 6 5 9 4 3 5 25 1 1 0 7 2 0 5 1 7 0 2 7 5 8 4 4 4 0 3 0 0 1 1 0 1 0 0 0
32 5 9 2 0 5 15 2 4 0 4 11 0 40 0 25 8 0 13 2 2 1 13 0 1 13 8 4 2 0 8 10 4 0 6 12 0 11 7 3 3 13 3 2 0 2 2 6 0 28 17 9 4 15 1 36 13 6 25 10 15 7 3 7 7 15 1 5 14 3 22 0 5 9 7 16 10 3 30 11 9 12 3 0 15 5 4 3 2 2 22 2 4 11 13 8 3 19 10 5
0 0 18 6 11 14 10 32 9 11 4 3 2 1 13 8 1 17 0 2 2 0 7 8 2 1 42 5 14 11 8 7 5 10 2 0 3 2 2 15 2 8 8 11 0 16 8 26 0 4 5 21 1 2 20 6 14 2 5 3 2 1 2 1 16 3 0 5 3 2 3 0 19 6 3 3 4 5 6 0 15 17 7 7 0 2 2 2 6 9 5 0 14 4 23 5 22 5 5 11
6 13 4 0 9 0 1 0 0 21 1 5 11 2 7 4 0 1 4 3 12 0 8 0 7 2 15 3 1 5 0 2 0 1 0 11 9 3 2 4 1 1 0 1 3 0 2 11 2 4 5 3 1 0 6 0 1 1 2 0 1 7 0 4 10 5 2 3 3 0 1 0 4 9 1 4 2 4 3 9 2 0 1 0 11 0 0 1 1 16 8 2 5 0 0 7 0 1 0 3
0 0 0 0 0 1 1 0 0 0 0 1 0 0 1 0 5 0 1 0 0 0 1 2 1 0 0 0 0 0 0 0 1 0 0 0 2 0 1 1 0 0 0 0 0 0 0 0 1 1 0 2 1 0 0 0 0 0 0 0 1 0 0 1 0 1 3 2 0 0 0 1 0 0 0 0 0 0 1 0 0 0 0 0 0 2 0 0 0 1 1 0 0 0 0 1 1 0 0 0
5 26 0 25 6 0 6 11 0 10 11 6 7 1 1 9 3 13 18 9 3 14 9 5 17 0 0 1 1 2 17 9 26 4 4 10 2 25 2 8 1 13 2 2 2 2 2 0 1 4 8 21 1 8 30 7 12 0 19 1 7 12 8 0 2 3 0 6 5 6 11 6 22 8 1 16 0 18 3 6 22 11 1 41 4 1 3 6 4 1 9 8 0 0 10 0 6 14 25 2
5 1 10 2 0 0 0 3 0 0 11 4 7 2 0 1 4 10 3 2 5 2 7 0 1 7 1 9 0 0 2 3 3 3 7 11 0 17 0 5 6 9 1 6 1 5 0 4 5 11 3 0 2 9 0 1 0 4 0 0 0 1 2 5 0 3 0 1 2 2 5 1 1 1 0 0 3 1 0 27 1 4 3 10 2 8 0 33 6 2 1 10 2 1 18 0 2 8 5 1
3 11 17 19 4 0 3 12 19 0 19 7 7 7 13 8 1 1 12 5 1 8 7 7 2 12 1 1 5 3 3 3 13 3 1 0 2 4 23 38 2 4 1 4 5 9 8 3 5 2 11 21 22 26 7 4 7 8 12 1 0 19 7 0 8 10 6 9 0 7 0 0 4 0 7 13 0 7 1 2 3 4 1 5 7 0 17 0 31 1 0 8 3 1 5 5 5 11 15 2
0 0 0 4 5 0 2 0 0 1 0 0 0 1 1 0 0 1 0 2 0 0 0 1 0 0 4 0 0 3 0 0 0 0 1 3 0 4 2 1 1 0 0 1 4 1 0 1 1 0 5 0 0 0 2 0 1 0 2 0 0 2 0 0 0 0 0 0 0 2 7 2 2 1 0 0 1 0 0 0 1 0 2 0 0 0 0 0 1 0 0 0 0 0 10 0 0 0 0 0
1 3 0 12 1 4 2 1 0 4 0 8 1 6 5 18 0 3 2 8 2 9 13 0 9 0 7 5 1 3 1 1 1 3 4 3 1 1 2 1 4 1 4 9 3 0 19 4 4 1 3 14 1 0 0 23 2 5 2 8 0 13 1 0 1 0 0 11 1 7 0 0 4 0 2 0 4 0 3 12 6 2 8 2 0 5 2 2 7 1 2 12 13 2 2 0 5 2 2 3
2 0 0 1 0 0 0 0 0 1 0 0 0 3 6 0 1 1 2 0 0 0 0 0 0 0 0 0 0 1 0 1 0 0 0 0 0 0 0 0 0 0 0 2 0 0 0 0 0 0 0 0 1 0 0 0 0 1 0 1 1 0 0 0 0 0 0 0 6 0 4 0 0 0 0 0 0 0 0 1 0 1 0 1 1 1 0 0 0 1 0 2 1 0 0 0 0 2 0 1
9 2 10 8 5 14 5 0 25 3 0 1 9 1 1 11 3 4 2 0 8 1 0 18 0 3 0 1 1 0 0 4 8 3 3 16 3 3 2 18 18 1 7 4 0 5 6 20 14 3 0 13 5 1 9 11 3 1 4 5 8 9 2 5 10 0 22 1 5 19 7 9 17 2 4 8 2 23 0 8 4 7 2 8 3 12 2 3 3 5 11 13 8 5 1 2 12 4 3 0
8 2 21 8 9 12 18 6 2 24 19 7 13 0 1 11 2 0 1 19 10 2 3 13 5 2 11 12 10 5 16 16 5 1 2 3 0 0 2 0 5 0 2 16 19 5 11 2 6 2 3 6 18 6 13 8 0 14 3 7 13 0 7 18 7 0 6 3 4 9 6 15 26 5 1 1 1 8 4 3 34 7 18 3 19 12 8 5 25 3 27 1 0 0 8 8 22 37 0 9
5 2 1 1 0 2 10 9 5 4 0 5 3 6 2 23 3 10 2 11 9 8 22 20 6 7 7 15 9 3 7 10 5 5 1 12 12 3 3 11 5 1 7 4 2 1 58 22 5 13 3 8 4 22 14 0 16 2 4 2 7 2 6 20 5 4 6 2 4 3 9 1 15 7 4 2 5 9 15 2 0 4 4 6 9 1 6 0 1 13 6 3 9 5 0 12 0 13 12 9
1 12 6 3 6 1 2 9 8 0 3 7 2 0 3 12 0 3 4 1 2 5 0 0 1 8 3 0 4 0 12 7 0 8 1 10 1 3 1 9 10 9 5 3 1 13 12 1 7 4 3 5 9 1 3 0 2 6 6 6 2 4 2 24 2 3 1 0 1 2 5 9 0 2 9 2 8 1 2 2 0 8 0 7 12 3 12 2 8 1 8 1 1 1 7 7 2 1 1 3
15 10 1 8 1 2 3 0 1 2 0 0 3 4 20 0 0 3 7 4 2 0 1 4 8 2 4 7 0 1 1 0 2 2 6 1 0 5 0 11 2 2 0 4 6 3 5 3 1 2 3 2 0 4 1 0 0 2 12 4 6 0 3 7 2 4 2 2 0 2 1 7 9 9 3 7 2 3 0 4 0 11 0 1 2 11 2 0 5 1 0 2 0 0 2 1 2 0 10 7
1 0 2 0 0 0 2 0 1 0 0 0 2 0 0 0 0 1 0 2 0 0 0 0 0 0 0 0 0 3 0 0 5 0 0 1 2 0 1 0 0 0 0 0 1 0 0 1 0 1 0 1 0 0 0 0 1 0 1 0 0 0 0 1 0 0 0 0 1 0 0 0 0 0 3 0 0 0 0 0 1 0 0 0 2 0 1 0 3 1 1 0 0 0 0 0 0 0 1 1
7 9 4 4 9 8 10 11 5 2 13 5 7 14 1 10 8 57 14 13 27 10 12 3 2 13 3 1 1 0 24 1 1 13 3 19 15 13 3 1 2 5 6 4 6 7 3 7 5 2 0 14 10 1 9 22 6 13 20 1 0 13 16 4 3 8 0 0 16 17 51 16 13 2 1 16 11 4 0 1 1 5 3 15 7 1 16 2 18 16 1 4 1 10 8 0 2 0 7 28
0 6 9 16 9 0 1 0 1 12 2 2 0 22 5 6 16 2 11 7 6 2 21 6 13 0 10 5 28 5 11 0 5 6 11 5 4 7 0 4 8 20 20 4 1 20 5 31 9 3 3 9 10 6 23 5 10 1 1 13 6 4 1 0 0 12 4 9 8 12 3 3 1 13 4 4 12 5 1 2 14 10 3 24 3 9 13 9 2 1 3 10 2 2 0 19 1 2 5 9
0 0 1 0 0 0 1 1 0 0 0 0 0 0 0 0 0 0 0 0 2 0 2 1 0 0 1 0 1 0 0 1 0 0 0 0 0 2 0 1 1 1 0 0 1 0 0 0 0 0 0 0 1 0 0 1 3 0 1 0 0 0 0 0 0 0 0 0 1 0 4 0 0 0 0 0 0 0 1 0 1 0 12 0 0 1 0 0 1 0 0 1 0 0 0 2 1 0 0 2
0 0 0 0 0 0 1 0 0 1 4 0 0 0 1 0 1 0 0 0 0 0 0 0 1 1 2 2 0 0 0 0 0 0 0 0 0 2 0 0 0 2 8 1 2 1 0 0 1 1 0 0 0 0 0 0 1 0 0 1 0 1 0 0 0 0 1 0 1 0 3 0 0 0 0 0 0 0 0 0 0 0 0 0 0 0 0 1 0 0 0 0 0 0 0 0 0 0 1 0
9 1 0 1 3 3 1 5 2 0 0 3 3 0 1 1 0 6 0 3 0 4 0 10 0 0 8 3 0 2 3 0 3 0 1 0 0 2 0 0 24 1 13 5 6 4 0 0 0 0 0 0 0 0 1 6 0 1 2 0 3 2 3 0 4 1 2 10 7 19 4 8 0 1 0 5 3 3 10 0 1 7 2 7 1 13 0 7 0 0 5 5 1 0 2 1 0 0 0 2
24 1 6 13 7 8 0 3 16 13 2 0 2 4 2 7 0 36 4 4 14 4 3 1 12 2 5 4 10 8 6 20 3 8 1 5 4 1 0 4 21 13 0 44 2 8 11 3 5 0 0 14 1 3 4 7 4 10 3 3 1 2 1 1 3 3 2 0 0 1 1 12 0 15 2 13 4 8 4 0 1 35 6 44 4 5 22 10 13 4 9 0 2 7 1 4 15 0 4 27
5 3 0 5 0 4 0 12 0 8 14 2 0 2 8 0 2 5 1 3 4 1 0 10 1 2 2 2 1 5 14 0 0 3 1 5 5 18 3 2 0 2 4 3 2 0 2 0 0 4 3 8 2 8 3 8 1 14 0 13 1 1 0 1 0 8 6 10 1 0 9 4 1 4 9 3 8 4 1 3 0 2 2 5 7 1 6 3 2 2 1 4 0 1 3 1 3 2 1 3
4 5 0 2 1 0 6 4 1 3 2 0 1 0 5 2 0 2 0 1 8 5 7 2 7 5 6 2 11 5 1 0 12 3 6 3 5 2 0 1 3 13 13 4 5 8 1 6 0 3 15 11 2 0 12 40 1 5 4 4 1 5 4 0 4 0 0 0 3 2 0 9 2 1 7 2 0 0 1 1 3 0 8 7 0 5 6 16 20 5 4 7 6 8 5 3 1 1 9 1
0 13 3 5 2 6 2 2 4 7 14 0 0 1 0 6 25 0 6 0 0 0 0 10 12 8 19 8 28 0 14 2 15 6 0 11 0 8 0 6 7 3 3 0 7 17 2 0 27 6 4 0 9 3 11 1 14 1 3 13 8 15 7 1 5 3 5 10 0 21 0 10 26 4 4 4 6 20 1 1 1 1 14 18 6 12 13 5 3 5 15 3 20 4 1 22 6 2 9 24
35 1 5 3 2 15 2 0 12 13 0 6 9 12 5 2 14 1 1 15 0 0 22 0 9 3 16 7 3 9 10 4 4 11 1 2 6 4 6 7 3 15 7 6 7 18 17 10 0 13 2 5 0 1 0 17 15 2 1 4 1 14 6 2 9 0 8 0 5 14 1 16 2 12 3 1 1 2 5 4 2 1 1 3 0 1 9 0 11 10 1 3 16 1 15 0 14 12 7 9
22 6 3 1 1 3 1 9 2 5 0 4 4 4 8 1 2 0 2 1 2 12 5 3 8 2 1 2 2 1 2 6 2 4 4 7 2 1 0 2 6 15 3 16 3 16 3 1 0 3 3 3 4 0 1 13 0 0 3 3 11 1 0 2 2 10 20 5 5 1 6 8 1 1 0 7 8 4 1 1 0 0 2 0 8 1 0 4 2 4 6 9 1 2 4 0 1 2 1 10
8 18 25 6 3 5 2 3 0 3 18 1 34 1 2 4 7 2 0 0 4 2 2 1 1 2 2 5 3 18 1 4 2 4 5 3 0 10 5 5 1 3 2 5 5 8 13 3 0 5 0 3 9 2 3 1 1 22 0 0 7 2 6 0 0 0 2 7 9 1 1 2 1 6 0 3 0 2 3 0 5 3 1 5 4 3 0 0 3 1 0 1 7 4 8 8 2 3 3 3
0 0 2 2 3 6 0 5 1 2 5 1 1 7 16 0 19 0 0 0 3 4 2 2 1 1 1 1 0 3 1 2 1 0 5 4 9 3 6 1 1 1 0 12 1 0 3 8 10 5 3 7 1 2 0 1 11 0 4 7 4 4 1 0 9 7 7 2 7 8 2 26 0 0 7 4 1 2 2 0 8 5 2 11 2 2 0 1 3 5 7 6 0 1 0 4 1 3 3 0
0 0 1 8 1 2 0 0 0 0 0 1 2 0 0 1 2 3 0 0 0 0 0 0 1 2 0 0 0 0 1 2 0 1 0 2 0 0 0 4 0 0 0 0 0 0 3 0 0 0 0 1 1 2 2 0 1 1 0 0 0 1 1 0 0 0 0 0 0 0 0 0 0 0 0 1 0 0 0 0 0 0 0 0 0 1 0 0 0 0 0 0 0 0 0 0 0 0 0 1
0 0 1 0 0 0 0 0 2 0 0 0 0 1 0 0 0 0 0 2 0 0 1 0 0 0 0 0 1 0 0 1 1 0 1 0 1 1 0 0 2 0 0 0 0 0 0 0 0 0 1 0 0 0 2 0 0 0 0 0 0 0 2 0 1 0 1 0 1 0 1 1 0 0 3 0 1 1 0 0 0 0 0 0 0 0 0 0 1 0 4 0 1 0 0 0 0 0 7 0
12 0 27 1 5 0 10 1 0 1 0 0 2 8 1 2 0 13 1 7 7 4 1 8 1 10 0 1 1 12 4 2 3 7 3 1 1 0 6 6 3 0 1 0 5 1 8 0 2 0 1 3 0 0 0 1 0 0 0 2 4 4 2 0 0 6 4 1 18 1 4 0 0 0 2 0 11 3 0 1 3 7 2 5 14 4 5 15 3 1 1 1 4 7 7 3 13 1 3 1
0 0 0 1 0 0 1 0 2 1 1 0 0 0 0 1 0 0 0 0 0 0 1 0 1 0 0 0 0 0 0 1 0 2 0 0 0 1 1 2 0 0 0 2 0 0 4 0 2 0 0 2 3 1 0 0 0 0 0 0 0 1 0 1 0 0 1 1 0 2 0 0 0 0 0 0 0 2 0 0 0 1 1 0 2 0 0 0 0 0 1 2 0 1 0 0 0 0 0 1
0 0 1 5 1 0 4 5 8 15 20 0 0 0 1 10 19 6 9 0 13 0 2 0 0 8 2 3 0 1 0 5 2 15 4 0 0 0 1 5 6 2 1 14 0 12 0 1 3 6 2 1 13 2 12 8 0 6 2 1 23 5 12 5 2 0 1 9 2 0 24 3 0 0 4 1 3 19 1 10 0 1 6 8 5 5 0 0 5 8 14 16 2 0 3 0 0 0 7 0
0 2 0 0 0 0 0 0 0 0 1 0 1 0 1 0 0 1 1 0 0 0 2 1 2 0 0 0 0 2 0 0 0 0 0 0 0 0 0 0 0 3 0 1 0 0 0 0 2 0 0 0 0 0 0 0 0 0 0 4 0 0 0 0 0 0 0 0 1 1 0 0 0 0 0 1 0 0 0 0 0 0 0 2 1 0 0 0 0 0 3 0 0 0 0 0 0 0 0 0
4 17 0 8 3 5 0 3 4 13 1 1 6 1 2 3 2 1 0 10 5 0 1 2 0 1 2 0 0 3 3 3 8 1 1 7 8 9 12 1 4 5 4 8 10 7 0 5 3 4 7 14 1 0 6 15 6 2 1 3 3 9 12 1 3 4 5 5 17 7 9 10 12 8 2 0 0 7 8 5 14 7 8 2 0 0 3 15 2 3 3 3 0 2 1 7 5 13 5 0
1 2 8 21 4 3 5 20 0 1 1 3 26 14 1 0 4 10 0 12 2 8 6 13 21 1 2 9 5 13 1 0 3 6 5 6 4 1 0 0 2 9 8 3 5 2 0 14 6 5 29 11 8 6 11 7 4 0 4 7 0 3 2 7 31 10 10 21 9 21 5 2 9 4 0 10 1 5 0 0 16 4 7 13 2 3 13 5 1 0 1 16 13 11 2 15 36 9 15 2
0 0 0 0 1 0 0 0 0 1 1 0 0 1 0 1 0 1 0 0 0 0 0 0 0 1 1 2 0 1 0 1 1 0 0 0 0 0 0 1 0 0 0 0 1 0 2 2 0 2 1 0 0 0 1 0 0 0 1 1 0 1 1 0 2 0 2 0 0 0 0 5 2 0 0 0 1 0 1 0 0 1 0 0 0 1 0 0 0 0 0 0 0 0 0 1 4 0 0 0
22 0 1 25 31 7 6 9 10 0 12 1 4 4 12 12 11 38 7 3 10 1 2 3 0 0 7 23 12 1 5 33 9 3 25 5 5 1 0 3 2 12 9 5 11 3 2 4 0 2 3 0 1 11 2 5 11 8 0 3 6 6 8 15 0 2 5 0 6 1 4 8 1 1 2 14 3 7 3 8 9 13 7 0 13 0 8 1 1 4 7 3 5 1 2 1 1 0 3 6
0 2 0 0 0 1 0 0 0 1 0 0 1 0 0 0 0 2 0 0 0 0 0 1 0 0 1 0 0 2 1 2 0 0 0 0 0 0 0 0 0 1 0 0 2 0 0 0 0 0 0 1 1 0 1 1 1 0 0 0 2 0 0 0 0 1 0 1 0 0 0 0 4 0 0 0 0 1 0 0 0 3 0 3 0 1 1 0 0 1 0 1 0 0 0 2 0 1 0 2
1 2 2 0 0 2 4 0 1 0 1 0 0 0 0 0 0 3 0 0 0 0 0 0 1 0 3 1 0 0 0 1 1 0 1 0 1 0 0 0 1 0 0 0 0 1 0 0 0 0 3 0 0 0 1 0 0 2 0 1 0 0 0 1 0 0 0 0 1 0 0 1 2 1 0 0 0 0 0 1 0 5 0 0 0 0 1 0 1 0 0 0 2 0 0 0 1 0 0 1
17 12 6 19 1 1 7 7 2 4 6 26 9 24 9 18 4 3 12 19 6 20 18 1 0 7 7 4 17 2 0 0 0 0 3 1 1 0 42 0 0 3 1 3 8 11 6 3 4 2 16 8 17 4 1 1 2 6 0 7 4 11 9 0 0 3 3 4 12 7 12 7 12 5 7 7 9 10 3 61 5 2 20 8 12 11 8 3 4 3 12 0 10 2 10 2 1 5 2 4
6 3 0 1 1 5 0 0 11 12 13 11 3 0 0 2 22 5 1 1 3 16 4 0 5 10 4 5 7 6 0 5 3 3 0 0 0 1 1 5 13 5 12 10 2 8 0 1 1 2 15 3 6 2 9 8 4 5 1 0 0 1 1 12 10 3 0 3 2 8 2 11 6 1 3 0 0 0 1 4 3 0 3 31 4 5 5 1 7 4 1 1 14 2 0 10 2 4 4 4
0 0 0 10 0 0 0 6 1 0 3 2 2 2 0 14 3 0 3 0 0 16 14 10 2 0 10 3 1 1 3 1 0 1 9 4 4 4 4 2 0 3 18 2 1 1 0 18 3 6 5 31 2 3 1 5 1 8 3 8 3 0 2 1 0 0 10 4 1 4 0 0 6 10 5 2 1 0 9 3 5 0 0 1 15 1 6 10 7 0 3 16 2 6 0 7 7 11 23 3
0 3 3 11 5 4 3 8 15 4 4 2 0 0 1 2 6 6 2 8 1 3 1 2 0 7 16 0 4 7 1 3 7 4 1 2 2 3 8 4 0 1 1 2 1 11 0 3 5 16 2 3 2 3 3 3 2 1 12 2 2 1 5 4 6 9 1 1 11 16 5 0 16 6 7 3 8 0 3 3 0 7 4 5 3 0 3 0 13 2 0 4 1 12 10 6 16 4 0 16
9 4 4 24 0 2 9 16 16 3 3 2 15 2 2 6 0 8 27 10 1 1 4 12 6 10 3 4 18 8 7 0 2 0 2 13 0 13 2 0 0 1 7 20 12 4 7 5 3 1 7 2 14 17 3 1 1 15 2 2 3 1 4 27 19 42 2 3 6 20 1 6 8 0 12 0 8 0 10 5 13 2 10 13 56 3 10 4 7 0 23 0 10 8 12 3 4 0 18 3
5 2 22 5 1 0 1 12 6 9 20 1 14 15 2 0 2 0 9 4 11 2 0 7 9 0 22 0 20 2 14 9 17 4 10 3 6 5 0 15 3 27 0 6 2 12 2 1 29 17 4 17 0 3 19 11 3 0 1 0 2 32 1 1 4 1 0 2 13 14 7 15 0 9 8 4 1 9 20 1 1 17 4 5 12 4 25 0 5 13 4 38 42 14 19 2 5 3 9 8
