0 0 0 1 0 0 0 0 0 0 0 0 1 2 0 0 0 0 0 0 0 0 0 0 1 0 1 0 1 1 2 0 1 0 0 0 0 0 0 1 0 0 0 0 1 1 0 1 0 0 6 0 0 0 0 0 1 0 0 1 0 0 0 0 0 2 1 1 1 0 0 2 3 0 0 0 0 1 0 0 0 0 1 0 0 0 0 0 0 0 2 1 0 0 0 0 0 0 2 0
5 0 13 1 6 1 0 1 1 3 4 1 1 1 0 0 0 0 1 0 0 0 1 0 0 0 8 0 3 0 0 1 0 1 0 0 0 0 0 0 0 0 0 0 0 2 0 0 2 1 0 0 10 0 0 1 0 0 0 10 0 0 2 0 6 0 2 0 1 2 0 0 0 0 0 0 0 0 0 1 0 1 1 0 0 0 6 4 0 0 0 2 1 0 1 3 0 0 1 0
7 0 9 1 7 8 4 3 4 0 4 8 1 20 9 13 11 5 19 7 6 11 1 7 15 0 3 4 6 18 10 4 15 2 1 1 12 12 16 2 29 7 22 14 22 26 1 6 2 2 3 2 2 3 14 7 1 23 6 28 3 1 23 6 11 7 12 25 3 8 0 2 1 3 1 15 8 14 8 22 2 3 16 0 0 19 0 13 2 2 0 0 5 1 19 0 2 1 1 2
7 8 3 10 12 1 7 0 2 1 3 3 8 10 7 3 4 0 2 2 1 3 7 4 1 4 1 3 2 0 3 0 2 0 8 10 4 15 0 1 0 1 1 3 7 6 0 2 5 2 3 16 1 2 6 1 3 1 5 0 4 11 6 19 6 10 1 4 21 4 13 6 4 0 1 3 1 4 0 3 0 4 0 26 1 0 1 0 0 1 0 0 4 4 4 1 12 3 0 2
0 0 0 0 0 0 1 1 1 0 0 0 0 10 0 1 0 1 0 1 0 0 0 1 1 2 0 3 1 1 2 0 0 1 0 1 1 1 0 0 0 1 2 0 1 0 0 1 0 0 1 0 0 0 0 1 0 1 0 0 0 0 0 0 0 0 0 0 0 0 3 1 0 0 1 0 2 0 0 1 1 0 1 2 2 0 1 0 0 0 0 0 1 0 0 1 0 0 1 0
1 0 0 3 0 0 0 0 0 0 0 1 0 2 0 0 1 0 0 0 0 0 0 0 0 0 2 0 0 0 1 0 0 2 2 0 1 0 0 0 0 0 0 0 1 0 0 0 2 1 0 1 0 1 0 0 2 0 1 0 2 0 0 0 0 3 0 0 1 0 0 0 0 0 1 2 2 1 0 4 0 0 2 0 0 1 0 0 2 0 0 1 0 0 0 0 0 0 0 9
0 0 0 0 0 18 0 0 0 0 1 0 0 0 0 9 0 0 4 11 2 0 2 3 2 0 0 0 1 0 0 0 0 0 0 0 0 0 0 0 4 0 0 3 3 0 1 1 0 1 0 3 0 1 0 0 0 0 1 0 9 0 0 0 1 0 0 3 0 1 0 0 1 2 2 0 0 0 1 0 1 0 12 0 1 5 0 1 2 2 3 0 0 0 2 0 0 1 0 0
4 8 8 0 4 0 14 15 0 10 8 5 5 4 2 2 8 9 13 10 1 6 3 0 3 15 23 28 9 2 8 15 0 7 11 0 13 5 2 14 5 17 41 4 4 4 13 11 10 2 21 7 2 0 5 0 10 1 5 13 8 5 8 1 3 0 4 2 4 1 0 3 4 5 2 6 1 6 5 16 10 1 23 10 7 2 31 11 16 0 24 3 9 1 4 9 1 1 6 2
0 5 4 0 0 0 4 0 11 1 3 10 6 3 9 0 3 3 3 0 0 0 0 1 2 0 1 2 0 2 1 0 1 5 5 6 5 0 8 0 0 2 4 5 3 0 6 1 2 0 0 1 0 3 2 1 4 3 4 0 3 1 3 10 12 0 1 1 3 9 2 2 6 3 0 3 1 1 9 12 1 0 1 0 1 0 8 5 2 15 3 0 2 5 9 1 4 1 6 32
2 3 1 5 0 8 16 1 0 11 3 0 4 10 2 8 5 5 1 2 0 7 0 0 0 12 1 9 6 0 0 4 2 1 0 2 4 2 10 13 0 8 2 9 0 1 0 0 1 0 4 7 0 4 15 0 0 9 6 0 1 8 3 7 0 1 3 2 0 11 1 4 0 2 3 2 1 0 9 14 6 12 0 1 1 1 2 6 3 8 5 1 0 0 2 1 1 1 6 5
7 2 10 1 12 21 16 0 0 16 10 14 0 24 6 8 10 2 0 3 12 4 8 3 0 11 38 4 11 6 6 8 14 10 1 7 7 2 0 1 0 10 2 3 0 2 10 0 8 4 0 9 4 1 3 1 23 2 5 4 5 6 3 4 7 11 33 5 4 15 7 5 12 20 5 1 17 0 0 13 2 4 4 3 11 1 3 0 8 4 7 21 7 10 4 5 3 4 2 3
0 1 0 1 1 0 0 1 0 0 1 0 0 0 0 1 0 0 0 2 0 1 1 0 1 0 0 0 0 1 1 6 1 0 0 0 0 0 0 0 2 0 0 0 0 1 0 1 0 0 1 1 0 0 0 0 1 2 0 0 0 0 0 0 0 0 0 3 1 0 2 0 2 0 0 0 0 0 0 3 0 0 1 0 0 1 0 0 0 1 1 0 0 0 0 2 1 0 1 0
0 0 7 4 6 5 6 1 3 2 0 0 0 3 0 7 3 2 1 9 3 4 6 0 2 8 3 0 1 0 7 6 4 1 3 1 19 3 1 7 2 17 0 7 5 1 5 2 3 1 13 1 1 1 0 3 20 4 1 14 11 8 3 2 1 6 0 19 0 1 0 2 2 0 2 1 2 1 14 3 3 0 5 8 12 0 3 10 5 1 8 11 9 7 3 3 2 0 0 0
4 0 0 0 3 0 1 0 1 0 0 0 0 0 0 0 0 0 0 0 0 1 0 1 0 0 0 0 0 0 0 2 1 3 0 2 9 1 0 2 1 0 0 1 1 0 0 0 0 1 0 2 0 0 0 2 2 0 1 0 0 2 0 0 0 0 0 2 1 1 4 1 5 0 1 0 0 0 0 0 0 0 0 0 0 1 0 0 0 0 0 2 0 0 0 0 0 0 0 0
0 0 0 0 0 1 0 0 0 0 0 0 0 0 0 0 1 0 0 0 3 1 0 0 1 0 0 0 0 1 4 1 2 0 1 2 0 0 0 1 0 4 0 2 0 1 0 0 1 0 0 0 1 0 1 0 0 0 0 0 0 0 0 0 0 0 0 0 2 1 2 0 0 0 1 0 0 0 0 0 2 0 0 1 0 1 0 1 1 0 0 2 0 0 0 0 0 0 0 0
0 0 1 0 0 0 0 0 1 1 0 2 0 1 0 0 2 0 0 1 1 0 0 0 0 0 25 0 0 0 0 1 1 3 0 0 0 1 1 0 1 0 0 0 0 0 1 0 10 0 0 0 21 1 0 0 0 2 1 0 0 0 0 0 0 1 0 0 0 0 0 0 0 0 1 0 1 0 0 0 0 0 1 1 1 0 0 0 0 1 0 2 6 0 0 1 0 1 0 0
0 2 1 7 1 16 0 5 1 1 4 6 4 1 11 6 0 2 5 0 1 0 2 1 7 1 4 2 5 0 3 0 3 4 13 1 6 2 0 4 15 0 4 12 2 4 17 1 2 13 0 8 3 0 0 0 0 0 14 6 2 15 7 9 9 7 0 3 10 1 5 7 0 0 13 0 6 2 5 4 1 5 0 1 4 0 0 5 3 2 0 1 3 0 3 1 1 2 10 7
4 23 28 8 1 19 1 4 11 5 7 0 15 11 0 7 10 11 8 5 1 2 32 8 9 13 13 0 4 4 12 16 0 14 7 6 0 7 4 0 2 23 8 0 2 0 0 21 0 7 0 13 6 13 54 0 4 6 0 6 2 6 4 18 2 14 7 0 5 11 12 2 1 32 12 5 11 0 2 1 54 0 3 7 34 9 10 0 1 23 1 1 1 1 13 2 2 3 10 12
0 0 1 1 2 0 0 0 0 2 1 0 0 0 1 0 1 1 0 1 0 0 0 1 1 0 1 0 0 0 1 2 0 0 0 11 0 0 0 0 0 0 1 0 0 3 0 0 0 0 0 0 1 0 1 1 6 0 0 1 0 0 2 0 3 0 0 0 2 1 0 0 1 0 0 0 1 0 0 0 0 1 0 14 0 1 4 3 4 0 1 0 0 0 1 2 0 4 0 1
0 4 10 12 4 2 30 63 1 8 11 0 1 5 2 5 4 6 6 0 4 2 6 18 11 8 5 10 11 2 13 11 17 3 1 16 8 2 18 0 10 10 13 1 2 41 4 3 3 3 8 2 6 2 1 5 11 12 24 2 4 4 18 0 2 0 5 2 14 1 2 7 0 6 9 11 7 0 0 14 0 7 1 20 15 3 43 10 0 1 10 2 16 11 3 1 1 10 20 4
6 1 3 1 5 5 2 7 22 10 1 1 6 5 10 0 2 6 0 0 11 6 3 4 0 2 6 13 2 1 4 0 6 0 0 0 1 1 1 4 7 11 2 1 5 0 12 6 3 9 5 8 3 5 0 5 5 1 1 7 2 1 4 1 4 2 0 8 1 2 0 2 3 1 3 6 0 6 8 4 0 8 23 1 22 3 2 5 2 2 4 0 5 0 2 8 4 0 9 5
1 0 0 2 0 0 5 1 0 2 0 4 0 3 0 0 3 5 0 2 2 4 1 3 5 8 0 5 0 0 0 0 1 6 2 4 12 2 2 5 4 0 4 0 4 3 3 4 1 0 13 11 0 4 7 0 0 1 2 1 2 14 0 0 1 1 5 3 7 3 10 0 0 8 0 15 0 1 0 3 7 7 7 8 2 9 0 3 11 2 2 6 0 5 0 0 5 3 1 5
0 4 3 5 0 3 1 7 0 4 9 8 5 2 5 2 7 2 4 4 0 7 1 0 3 12 8 19 10 9 18 7 2 11 1 15 11 12 18 3 16 1 10 37 4 18 18 5 1 0 15 14 0 12 4 19 5 1 0 6 7 7 4 0 8 4 2 0 5 2 1 4 3 0 1 9 0 14 14 11 2 1 4 23 4 15 2 8 4 10 13 44 0 14 14 11 4 8 30 12
0 2 10 12 17 2 16 0 1 0 9 4 0 2 1 4 3 5 2 6 21 2 2 11 1 2 12 3 5 5 5 42 3 36 1 0 6 34 9 4 7 1 3 9 18 1 3 12 27 12 7 0 13 3 1 2 27 3 34 9 33 0 4 14 5 1 6 0 5 2 9 11 4 6 7 12 3 5 8 15 3 14 3 7 24 1 10 13 4 5 5 12 16 18 4 7 11 6 2 2
2 0 1 4 1 1 1 4 4 7 5 0 4 1 5 5 0 6 19 8 6 5 3 0 0 4 4 6 3 1 0 3 11 11 2 15 3 3 5 2 7 12 23 5 0 1 14 1 0 2 0 3 2 1 0 1 2 6 2 2 18 0 9 9 5 14 1 1 0 1 1 6 7 6 1 3 7 6 3 15 6 0 4 0 0 4 3 2 2 16 4 1 12 0 7 4 2 0 8 1
3 11 16 5 5 0 0 0 3 2 3 2 1 0 4 2 1 1 4 7 3 4 7 3 1 2 7 1 1 3 1 4 17 12 2 5 4 0 9 0 1 22 9 5 3 2 1 3 6 2 6 6 3 5 12 8 5 1 1 9 4 0 0 1 0 0 1 1 0 7 4 2 1 1 2 6 2 9 0 7 3 0 3 6 8 5 3 2 12 8 7 13 1 0 4 2 0 8 1 5
7 1 15 28 1 28 3 3 9 5 8 4 25 11 2 0 20 8 0 4 18 0 1 20 17 14 3 4 1 8 4 14 4 3 8 9 0 6 5 0 9 2 20 1 2 1 19 13 4 7 9 0 11 22 2 11 0 13 3 0 12 0 14 1 0 3 6 2 5 2 4 0 0 2 6 13 6 9 4 2 6 5 9 13 0 1 3 25 0 1 5 8 2 3 0 9 9 3 1 4
1 1 4 16 8 4 1 1 0 6 4 3 0 1 0 3 5 1 11 0 0 1 0 9 8 0 4 5 3 3 12 4 4 7 7 2 0 3 3 1 0 10 3 9 0 5 2 3 9 0 0 5 3 5 3 2 3 11 10 0 2 2 5 0 6 4 0 6 2 5 3 0 2 5 3 0 5 0 0 1 3 3 3 1 3 7 10 3 0 3 7 4 3 0 1 1 15 6 0 2
0 0 0 0 0 0 0 0 0 1 0 1 0 2 0 1 1 0 0 0 1 2 34 1 3 0 0 3 0 2 0 0 1 0 0 1 0 2 1 1 1 2 0 0 0 1 0 0 0 1 0 0 2 0 0 0 2 1 0 1 2 1 0 1 0 1 0 1 0 1 1 1 0 1 1 0 0 0 0 0 0 0 2 1 0 0 1 0 0 0 0 0 0 0 1 0 1 0 1 0
27 12 22 10 0 2 13 18 5 0 13 8 7 9 0 6 7 4 1 7 15 13 1 12 3 11 8 3 15 0 27 2 15 2 3 3 23 1 4 2 1 6 9 2 9 0 1 13 8 0 10 5 12 2 2 16 3 12 4 4 0 1 12 12 8 0 1 2 11 8 4 3 2 0 4 19 5 1 3 2 5 3 0 18 4 1 16 5 11 4 9 26 2 1 1 12 14 1 19 4
5 10 10 26 3 2 26 3 13 2 3 1 2 17 9 5 19 5 0 7 15 5 2 15 13 3 4 9 10 12 2 8 0 9 6 10 7 9 0 0 5 2 5 9 5 3 13 21 7 0 1 16 4 8 0 14 1 13 4 4 11 1 2 15 0 16 9 10 11 5 0 0 6 12 1 0 0 35 16 1 12 13 5 0 0 12 2 1 7 1 5 36 4 11 11 8 0 14 2 0
38 7 3 7 6 2 2 0 11 0 6 5 5 8 17 0 2 2 1 0 2 3 0 1 3 1 0 2 4 6 0 8 2 0 2 9 12 2 0 2 9 2 0 5 3 4 11 0 0 5 3 7 4 2 3 1 0 10 1 2 0 1 15 1 1 1 4 2 1 2 0 15 1 0 1 4 2 8 2 4 0 6 3 2 3 8 2 4 9 0 6 6 1 15 7 8 11 0 7 4
1 1 0 0 0 3 0 0 0 1 0 0 0 0 1 0 0 0 4 0 0 1 0 3 0 0 0 0 0 0 0 0 2 0 0 3 1 0 0 0 0 0 0 0 6 0 0 1 0 1 0 0 2 0 1 0 0 0 0 0 0 0 0 0 0 0 0 0 2 0 1 0 0 2 0 0 0 0 0 1 1 0 0 3 0 0 1 0 0 1 1 0 0 0 0 0 2 0 0 0
14 5 3 8 2 9 6 6 6 8 4 16 5 2 11 13 0 1 12 4 6 12 12 4 5 7 9 32 3 1 44 10 25 0 1 0 11 15 14 1 2 1 13 8 6 23 1 7 2 2 4 3 17 3 17 4 2 6 2 12 5 2 1 9 4 19 14 4 0 6 0 1 14 10 5 26 21 6 10 17 5 5 15 3 7 0 14 2 10 6 1 2 7 8 0 3 4 4 4 42
18 8 19 5 10 12 21 6 7 0 22 0 12 13 5 8 9 8 3 3 9 15 4 12 9 0 19 3 13 4 10 0 1 4 3 4 8 5 2 8 16 27 2 0 1 11 2 1 4 4 13 17 13 6 16 3 13 10 3 3 2 4 2 3 2 8 6 31 7 10 2 8 7 0 5 0 32 4 16 8 1 9 16 2 3 2 0 0 1 4 14 10 15 0 3 3 1 0 8 4
8 4 6 4 3 2 0 6 4 0 16 5 3 6 0 26 6 3 0 13 9 6 0 5 13 8 4 7 12 2 15 3 32 10 0 4 13 3 11 3 2 16 0 4 7 3 8 1 0 11 4 7 4 9 8 4 9 0 10 11 6 5 11 2 3 1 1 6 6 2 2 3 6 11 5 1 0 13 7 1 22 0 13 10 6 0 0 8 20 7 7 7 0 12 3 7 2 2 5 5
0 7 5 0 6 4 2 1 4 2 3 7 0 0 2 1 0 14 1 6 0 0 0 0 0 2 2 6 0 6 7 1 3 3 4 0 5 6 1 8 5 3 7 2 0 0 3 2 1 3 0 3 11 1 0 1 2 1 0 2 0 27 2 9 1 0 6 3 2 1 3 14 6 1 4 1 1 14 1 10 15 0 0 9 11 6 0 4 1 6 1 3 3 0 0 8 1 0 8 4
1 1 3 14 4 7 2 6 2 0 3 3 9 2 0 4 1 0 1 2 3 5 5 5 1 7 1 1 0 0 1 1 5 1 4 8 1 3 7 1 4 0 5 3 0 3 9 8 4 1 5 0 4 2 0 0 1 5 2 3 4 2 2 1 7 7 5 6 1 5 3 11 1 3 4 5 5 2 2 13 1 0 10 9 4 3 10 3 2 4 1 1 0 11 0 0 0 0 1 4
0 2 5 14 15 0 1 2 2 0 0 0 5 2 8 3 7 3 2 6 1 0 9 3 5 1 3 8 5 0 5 3 0 13 9 1 7 6 0 17 2 8 1 3 0 3 9 1 5 3 5 3 4 4 10 0 3 13 3 4 13 5 1 16 0 4 2 2 3 4 6 0 0 1 1 1 6 5 6 7 0 4 0 2 1 16 0 1 4 9 0 25 3 3 9 6 1 5 0 10
0 1 0 1 2 3 6 4 1 0 0 0 1 3 2 3 0 0 2 1 1 0 5 8 0 1 1 3 1 11 6 4 1 1 5 3 0 2 2 1 4 0 3 1 0 0 0 12 0 3 1 0 0 2 2 3 1 14 8 1 4 12 1 0 7 4 0 0 3 4 9 0 9 5 3 2 6 1 8 6 0 1 6 0 2 6 4 3 0 4 1 0 0 8 3 4 2 11 0 10
2 6 7 4 4 2 2 14 6 2 1 3 4 1 0 1 15 30 4 9 8 0 11 6 4 0 17 1 14 14 7 1 21 2 2 1 5 15 10 1 3 5 2 13 2 6 2 2 7 15 11 0 1 3 12 18 3 11 4 6 3 9 1 6 16 15 9 12 3 5 0 10 2 13 9 0 11 3 13 5 2 6 3 1 0 13 10 9 1 10 0 0 19 5 2 5 14 0 15 8
2 0 2 2 6 2 4 0 1 9 1 9 1 6 11 1 5 1 0 0 0 0 11 4 2 4 1 2 2 1 4 15 0 2 0 1 1 10 0 0 17 1 5 3 6 1 0 1 3 17 0 11 1 2 0 12 18 2 11 3 0 1 7 0 1 0 3 1 2 4 4 6 11 2 7 2 5 7 1 13 6 5 2 3 0 2 2 1 9 8 0 0 0 0 17 6 5 1 2 2
5 1 4 3 3 7 4 2 6 0 4 1 9 0 12 0 1 3 0 0 6 4 1 1 11 0 4 8 5 5 9 7 7 1 1 3 3 5 2 11 0 2 9 9 3 2 14 5 3 4 3 2 3 0 5 5 42 1 2 4 5 11 4 3 0 9 5 3 6 7 0 6 5 0 2 4 6 1 0 2 4 11 6 3 1 5 2 2 2 11 7 1 9 0 1 5 7 3 3 3
1 2 2 0 5 2 7 7 7 1 1 2 16 11 13 6 0 2 0 0 6 2 0 0 4 4 4 10 0 1 2 1 0 8 1 1 0 2 7 1 0 0 3 2 0 30 3 3 6 1 0 1 3 1 2 0 3 4 4 3 0 10 16 0 8 0 0 18 7 5 8 4 12 8 0 3 13 1 2 3 8 6 8 3 8 9 2 7 0 0 6 6 0 2 1 1 0 1 4 8
2 0 4 0 0 4 19 2 2 2 0 0 0 4 1 7 2 3 1 0 2 1 1 2 1 5 4 0 5 6 1 0 2 1 1 11 21 0 0 0 0 0 1 2 1 12 13 0 0 0 0 0 0 13 1 3 1 0 9 3 2 4 1 6 0 0 0 7 0 7 12 9 8 2 6 4 2 0 7 1 3 1 0 2 4 1 1 14 4 0 2 4 0 5 2 0 8 7 11 3
11 3 8 5 7 9 27 5 2 7 6 5 15 1 5 12 15 14 4 15 7 1 9 2 3 19 15 6 11 5 7 4 13 3 3 4 1 17 12 6 4 24 6 23 5 3 6 7 4 1 0 2 6 11 14 1 9 25 3 7 14 4 9 6 16 0 0 14 11 31 7 17 2 2 8 6 2 19 0 11 0 4 1 3 1 18 6 6 4 3 16 6 6 1 7 11 5 3 8 1
2 0 10 2 6 12 10 19 4 0 19 9 45 3 6 11 0 5 15 7 1 4 2 20 2 0 5 15 13 8 16 9 2 25 4 5 1 7 0 9 3 15 3 11 5 7 14 7 5 3 21 6 1 13 10 10 0 6 2 5 16 0 5 0 8 2 9 25 0 18 11 5 3 8 4 12 5 3 3 9 4 15 2 30 2 2 3 7 1 1 10 15 3 5 1 28 4 9 4 1
3 10 5 5 1 0 11 7 11 39 0 0 9 3 7 1 2 2 3 0 8 2 3 20 2 2 13 14 1 1 2 2 6 7 9 8 4 1 32 1 1 2 7 40 5 10 0 11 1 9 18 27 0 2 10 2 0 1 2 3 3 6 1 19 10 8 0 0 1 14 3 0 13 8 10 4 1 19 15 1 4 10 0 0 16 7 9 6 1 7 14 7 23 5 0 12 17 29 8 0
2 3 0 0 0 1 0 1 1 1 0 0 0 2 0 2 0 2 0 13 0 0 0 4 0 1 1 0 0 0 1 0 0 0 0 0 0 0 0 0 0 0 3 0 1 1 0 0 0 0 1 1 0 0 0 3 0 0 1 0 0 0 0 0 1 0 2 0 1 0 0 0 1 0 0 0 0 0 1 1 1 3 1 0 0 0 0 0 0 1 0 0 4 1 0 0 0 0 0 0
5 8 9 2 9 11 5 15 16 2 1 5 31 7 0 0 0 0 1 0 2 1 2 5 0 2 0 10 5 3 8 6 1 3 4 0 9 4 3 5 0 6 5 3 4 1 0 0 0 1 12 1 16 0 6 2 1 1 11 15 1 4 5 0 3 1 0 0 3 2 1 0 8 5 3 3 4 1 3 10 1 12 3 0 1 0 2 14 2 1 5 2 1 7 1 8 5 2 4 0
5 21 17 12 9 0 4 19 0 9 4 11 12 4 4 18 0 8 7 0 12 0 16 6 3 16 2 0 10 7 1 3 3 8 24 7 21 8 8 13 0 6 2 2 0 0 1 15 16 23 1 17 12 9 17 9 2 0 11 8 4 11 0 5 4 6 14 16 10 0 4 6 8 1 15 46 1 2 7 6 4 2 3 14 5 6 1 4 0 13 5 8 18 1 9 24 12 15 12 14
0 0 0 1 0 0 2 0 0 0 0 0 0 1 1 0 0 0 0 0 0 0 1 2 0 0 0 0 0 3 0 0 0 2 0 0 0 0 0 0 0 0 0 0 1 0 1 0 1 0 2 0 0 0 0 1 0 0 0 0 2 0 0 1 1 1 2 1 0 0 0 0 0 0 0 0 1 1 0 1 1 0 1 0 0 2 0 0 1 0 0 0 0 1 0 3 0 0 0 0
9 13 7 13 5 6 17 11 1 0 0 1 6 12 4 2 23 3 17 2 15 0 2 8 3 15 13 5 11 17 2 7 4 5 0 6 4 1 16 21 6 10 25 12 2 4 7 22 4 5 3 45 4 6 5 29 20 3 17 5 32 3 0 8 1 29 8 2 5 12 0 1 19 4 2 14 2 6 1 2 7 3 1 1 14 1 6 0 10 1 2 2 18 1 1 7 7 10 6 2
0 0 0 0 0 1 0 1 2 0 1 0 0 0 1 1 0 0 0 0 0 0 0 3 1 1 0 0 0 1 1 2 0 1 0 0 0 0 0 0 2 0 0 0 0 1 0 11 0 0 0 1 2 1 2 0 1 1 1 0 0 0 0 0 0 1 0 3 0 0 0 2 0 1 0 1 0 0 1 2 0 0 2 0 0 7 0 3 0 4 0 0 0 0 1 0 2 0 0 1
0 2 1 19 5 13 5 8 9 7 1 0 1 2 4 1 5 5 2 4 1 19 0 8 1 8 0 11 8 3 4 2 2 3 2 9 14 3 8 8 2 1 2 1 5 6 4 0 4 0 4 2 2 5 0 10 0 0 2 4 0 1 0 6 8 5 28 0 9 1 0 8 1 2 1 8 0 8 2 4 0 2 17 2 0 0 1 6 0 2 2 4 12 9 4 5 2 3 3 5
0 1 0 0 1 2 0 0 2 1 0 0 0 1 0 0 0 1 0 0 1 0 0 1 0 0 1 0 1 0 0 0 1 3 2 0 1 0 0 0 1 5 0 0 2 0 0 1 0 1 0 0 0 1 0 0 0 0 0 0 4 0 0 1 0 0 0 0 1 0 1 0 0 0 2 0 0 0 0 1 0 0 0 0 0 0 1 2 0 0 0 0 2 2 0 0 0 0 0 2
4 8 4 2 1 0 16 25 0 18 36 9 14 9 2 2 1 0 15 6 14 6 0 5 1 13 4 15 7 4 9 27 5 8 4 12 4 0 1 3 4 10 0 2 6 10 24 27 9 0 1 3 1 21 0 8 8 2 7 7 6 4 24 9 2 2 16 13 10 21 8 2 4 4 3 0 10 2 0 10 11 2 23 4 0 20 0 3 28 1 8 8 7 10 33 0 5 0 8 0
0 2 0 1 0 0 0 1 1 0 0 0 0 1 0 0 2 0 2 0 1 0 0 0 0 0 1 0 2 0 1 0 1 1 1 1 1 0 0 0 0 1 0 0 0 0 0 2 0 0 0 1 0 0 0 0 1 0 0 0 0 0 0 0 0 0 1 2 1 2 0 0 1 0 0 0 3 0 1 1 0 0 0 0 2 1 0 0 0 1 0 0 0 0 0 0 0 0 0 4
2 1 0 8 6 0 9 0 7 0 5 0 1 0 3 0 3 5 4 4 0 0 9 1 0 6 15 0 2 12 2 1 22 1 1 0 1 3 8 2 1 13 0 2 1 0 5 1 2 3 2 0 2 12 4 1 4 9 0 0 0 21 1 0 0 5 13 5 2 7 4 0 3 0 0 4 1 1 1 9 20 5 0 6 3 2 1 2 2 9 9 0 2 3 0 2 5 5 0 2
6 0 7 0 17 1 16 1 2 7 4 3 11 7 4 2 2 2 0 2 15 5 17 4 4 0 2 2 13 3 8 8 2 0 4 0 4 5 5 0 7 4 7 3 0 7 2 0 0 11 2 0 1 2 3 5 11 3 0 1 12 14 0 14 5 4 8 7 0 3 2 0 2 0 6 0 15 3 0 3 17 3 0 7 3 0 11 0 7 0 0 1 0 3 0 4 9 3 0 1
0 1 2 0 0 0 0 0 1 0 0 0 0 1 0 1 1 1 1 1 2 0 3 1 0 0 0 0 0 1 0 0 0 0 4 0 2 0 0 1 0 2 1 0 0 0 1 4 0 0 1 0 1 4 0 0 1 0 0 0 0 0 0 1 0 0 0 0 0 0 0 1 0 0 0 0 0 0 0 0 0 0 4 0 0 2 0 0 0 0 0 1 1 0 0 0 2 0 0 0
3 2 11 1 6 3 0 7 0 6 8 0 0 0 0 24 3 3 0 1 12 0 3 9 2 0 8 4 2 12 0 2 6 8 7 6 5 2 2 3 17 3 12 1 11 0 1 7 0 11 3 0 5 1 8 3 1 6 5 2 4 1 5 2 4 9 2 6 1 1 1 1 11 1 5 6 11 0 3 8 7 4 0 0 9 4 2 0 1 0 7 4 0 0 3 8 2 0 0 2
2 1 0 1 0 0 1 6 1 0 0 0 0 0 2 0 2 0 1 0 0 0 0 0 0 1 0 0 0 0 0 0 0 2 0 3 0 0 3 2 0 0 1 0 0 0 0 1 1 0 0 0 0 0 0 0 0 1 3 0 1 0 1 1 0 0 1 0 0 0 1 1 0 2 0 0 0 2 1 1 1 0 1 0 0 0 0 0 0 0 1 0 0 0 1 0 0 1 0 0
5 2 0 1 6 4 0 7 0 5 4 0 0 8 1 1 6 4 0 4 0 0 20 16 3 2 2 6 0 2 1 5 3 6 0 1 3 4 14 5 1 1 0 4 4 10 2 4 0 1 11 3 2 0 7 4 14 7 5 11 16 3 1 11 4 0 3 0 2 11 7 4 0 3 0 5 1 1 5 2 1 11 2 4 4 1 5 1 2 8 26 1 0 0 1 18 0 2 1 6
1 6 10 1 10 1 8 8 0 1 2 3 10 0 17 1 11 4 8 5 13 1 0 5 0 11 7 3 12 20 0 2 7 4 0 8 1 14 11 11 0 0 10 0 1 1 1 2 0 20 11 10 11 13 15 6 0 1 3 1 2 0 26 14 0 10 10 10 12 5 31 1 0 10 17 1 3 1 5 3 15 0 10 13 1 2 19 1 9 4 10 1 7 4 4 0 3 0 6 10
3 0 1 3 1 3 2 1 6 1 3 10 10 4 3 1 0 2 3 5 0 3 4 2 8 11 0 1 3 0 2 13 1 1 0 0 1 1 3 1 3 4 8 6 4 2 13 28 2 2 1 13 1 8 0 1 6 5 2 0 3 2 2 6 0 15 0 0 11 1 3 0 0 2 5 2 4 7 1 0 11 14 5 8 6 1 6 0 7 0 0 2 5 67 0 1 1 2 11 3
0 1 1 1 0 1 0 0 0 2 0 0 0 0 0 0 0 1 1 1 0 0 0 0 0 2 1 0 0 0 1 0 0 0 0 0 0 0 0 0 1 1 0 0 0 0 0 0 0 1 0 0 0 2 1 0 1 0 0 0 1 0 0 0 0 0 0 3 1 0 2 0 1 0 0 1 0 1 0 0 1 1 0 0 1 0 0 1 0 2 1 0 2 0 1 0 0 0 0 0
0 0 0 2 0 1 0 0 1 1 1 0 0 0 0 1 0 0 0 0 0 0 0 0 3 0 0 0 0 0 0 0 1 0 1 0 1 0 0 1 1 0 0 1 0 0 0 0 0 0 0 2 0 0 0 0 0 0 0 0 0 6 0 2 0 1 0 0 0 0 0 8 0 0 1 1 0 1 0 0 0 0 2 0 0 0 0 0 0 3 0 0 0 0 0 0 0 1 4 1
0 3 5 1 0 0 3 6 0 11 2 9 6 1 0 9 0 0 0 2 4 5 5 13 2 1 10 1 0 0 2 0 5 3 0 1 2 3 0 5 1 3 3 1 3 2 8 11 0 4 4 8 1 0 0 2 7 6 0 4 0 9 1 7 4 0 4 10 1 1 14 2 5 6 7 1 1 4 5 3 11 3 1 1 0 4 2 1 1 2 2 4 11 6 9 3 2 5 2 6
9 13 0 6 0 0 3 2 1 0 6 0 5 3 0 6 0 1 0 3 11 1 1 0 1 3 0 0 0 3 2 3 10 0 5 0 1 1 2 5 1 1 6 31 0 5 0 3 0 0 0 2 0 5 8 3 1 2 0 1 5 10 4 4 22 0 0 1 8 2 9 1 4 13 3 3 1 5 1 2 0 0 1 9 3 13 4 0 1 5 13 0 1 10 2 3 0 0 1 0
3 0 0 0 1 0 0 1 0 0 0 0 0 0 0 0 0 0 2 1 3 0 0 0 0 0 1 0 2 0 0 3 0 0 0 0 1 0 2 0 0 0 0 3 4 1 0 5 0 0 0 1 0 0 1 0 0 0 1 0 0 0 0 1 1 0 1 0 1 2 0 0 0 0 0 0 1 0 1 0 0 1 0 3 1 1 1 0 0 4 2 1 0 1 0 0 1 1 0 0
2 7 1 3 0 2 1 2 4 3 16 0 1 0 10 1 7 0 1 6 0 28 2 6 0 3 1 4 2 1 4 4 16 4 4 0 1 0 5 7 0 5 7 5 8 2 0 0 5 7 1 4 8 0 1 9 3 0 2 4 4 12 4 0 2 1 21 1 5 1 3 1 3 8 10 5 1 1 4 4 0 0 1 5 7 11 10 6 0 13 3 2 3 7 11 0 5 5 4 0
8 0 4 1 13 10 2 14 0 0 0 2 2 0 0 16 11 0 0 7 4 4 9 0 2 1 2 1 1 1 12 0 18 0 1 1 6 4 13 3 7 7 3 8 0 1 3 4 7 1 0 0 4 6 6 15 0 1 7 3 2 4 0 2 4 9 2 6 5 2 3 11 12 3 2 5 8 3 7 1 2 3 0 1 2 16 9 8 13 4 3 2 3 1 2 0 2 0 9 1
0 0 0 0 1 0 0 0 0 3 2 2 0 0 3 0 0 0 0 0 0 1 1 0 0 0 0 0 1 2 0 0 0 1 0 0 2 0 1 0 1 1 1 0 4 0 0 0 0 0 1 0 0 0 0 0 0 0 1 0 1 1 0 0 0 1 0 0 1 0 2 1 0 2 1 0 0 0 0 0 4 0 6 0 0 1 1 0 0 1 0 0 0 0 1 0 1 0 1 0
3 1 4 2 3 0 1 0 5 17 4 3 2 5 0 6 6 4 2 3 0 0 4 0 1 3 0 17 3 1 0 1 2 2 5 2 5 7 23 7 3 1 8 2 0 3 0 5 21 3 0 4 6 0 6 3 7 0 2 0 4 0 1 20 5 3 0 5 9 1 1 0 7 0 7 4 0 11 0 0 1 2 0 4 14 0 1 7 2 0 12 4 0 7 0 5 0 5 2 9
2 3 2 6 0 0 1 0 0 3 0 3 5 15 2 0 0 2 2 2 3 0 0 17 0 18 4 6 1 5 2 27 2 9 2 0 10 1 0 6 10 11 1 7 7 0 10 4 0 0 3 0 2 2 1 3 3 8 0 10 2 15 4 4 3 2 2 2 4 2 2 11 1 0 10 4 14 9 3 1 12 0 3 16 0 15 12 0 0 1 6 4 9 2 8 3 0 12 0 0
1 0 3 1 1 4 0 5 8 7 11 7 0 19 16 1 9 6 0 1 1 12 25 0 4 7 15 8 6 3 2 1 13 9 5 6 5 13 5 2 10 0 9 3 17 8 13 21 9 4 11 2 2 24 36 0 10 5 0 0 5 11 11 4 9 7 11 3 1 1 6 22 0 0 0 10 4 1 18 28 0 1 1 4 14 1 5 1 2 6 12 3 4 3 5 3 12 9 7 2
3 4 4 7 0 6 18 17 6 1 12 29 16 4 12 3 0 0 6 8 1 3 0 0 0 2 9 5 26 4 12 12 2 18 10 0 10 1 0 2 3 3 10 2 17 6 1 1 7 1 16 2 0 0 3 4 1 3 2 1 5 0 19 2 6 4 3 7 14 8 6 16 8 4 0 7 2 18 3 2 2 1 12 2 8 24 6 4 4 14 8 9 24 4 19 5 0 3 7 4
3 0 1 0 7 17 18 3 1 2 11 2 2 2 8 0 2 2 6 1 0 2 6 1 4 1 2 0 0 3 3 26 0 4 5 6 0 0 4 0 0 2 2 1 2 1 4 0 1 25 1 6 3 8 9 6 9 1 0 5 0 3 2 18 1 2 11 1 2 3 1 1 0 8 9 8 1 0 1 2 6 11 0 0 3 14 1 2 8 0 0 0 0 3 12 7 5 4 5 4
3 0 14 7 11 7 3 0 1 16 8 2 6 3 4 0 3 2 7 8 0 5 4 1 7 0 2 0 3 2 5 1 8 0 2 3 0 9 3 0 2 1 8 6 2 3 1 5 13 3 2 7 0 4 7 0 2 0 1 3 2 7 6 0 7 3 5 0 0 1 4 3 0 10 1 1 2 0 1 7 3 0 2 1 1 0 1 5 0 1 2 1 0 7 2 0 0 3 8 1
0 0 3 1 9 0 1 0 0 0 0 2 0 0 0 1 1 0 1 0 1 1 6 1 1 0 1 2 3 0 2 0 0 1 1 0 0 0 0 1 0 0 0 0 1 0 1 0 2 0 0 0 5 0 0 0 1 0 0 0 0 1 0 0 2 0 0 1 0 0 1 0 0 0 1 0 0 0 1 0 0 1 1 0 0 0 0 1 0 0 0 1 5 0 2 0 0 0 0 0
0 0 0 0 0 4 0 0 1 0 2 0 0 0 0 0 0 0 0 0 1 1 1 0 0 1 0 0 0 0 1 2 1 4 0 0 1 0 0 0 0 0 0 0 0 0 2 0 0 0 0 0 4 0 0 0 1 0 1 0 2 2 0 0 0 0 1 1 0 1 4 1 2 4 1 0 1 1 0 0 0 1 1 0 0 0 0 0 1 1 0 0 0 0 1 0 0 0 0 0
3 1 15 5 7 8 10 5 3 13 13 6 2 17 3 35 5 1 3 5 5 6 2 20 4 5 11 3 22 8 0 0 12 9 2 2 1 18 11 10 2 1 11 0 8 10 3 4 18 9 3 9 2 6 2 3 10 5 9 11 0 3 26 2 4 11 10 10 4 1 10 2 0 17 12 0 23 1 22 0 2 10 1 13 0 0 44 12 3 1 0 10 2 11 0 11 3 0 3 27
10 1 9 4 6 6 15 15 2 2 3 10 1 3 6 7 0 0 8 1 21 0 5 6 1 4 1 5 5 10 15 11 24 5 0 7 6 6 1 10 4 0 1 0 10 5 11 0 1 3 4 1 0 2 12 3 0 0 1 10 3 1 5 3 0 4 38 9 23 12 0 0 14 15 3 24 0 15 7 25 9 0 3 16 2 0 11 20 1 9 19 0 10 5 15 15 13 7 5 4
1 0 0 0 0 1 0 0 2 0 0 0 0 2 0 0 0 0 0 0 1 0 2 0 0 0 0 0 0 0 0 0 0 3 0 4 0 0 0 1 0 0 0 0 0 0 0 2 0 0 0 0 0 0 0 1 2 2 0 0 0 5 0 2 2 0 0 1 2 0 1 0 2 1 0 0 2 0 0 0 1 0 1 0 1 0 0 1 1 0 0 1 1 0 1 0 0 0 0 0
8 5 3 43 3 0 1 0 11 1 2 7 1 20 10 0 13 12 1 1 15 0 5 12 2 35 11 2 0 2 5 7 8 59 0 13 14 4 6 3 12 17 3 4 11 14 6 23 3 14 3 5 0 21 2 0 5 6 2 13 6 5 21 7 2 54 3 2 4 9 0 4 10 31 11 0 1 5 15 27 1 15 5 4 18 5 2 2 6 2 15 2 8 1 16 10 0 1 6 0
21 1 9 5 2 8 6 4 0 10 6 12 1 12 3 2 3 5 3 20 16 1 4 10 6 1 6 21 3 4 15 0 2 4 13 10 7 23 7 2 3 9 0 6 3 0 17 5 5 3 7 2 8 23 2 21 17 10 10 5 2 14 1 5 4 4 2 1 16 0 4 4 10 5 1 6 4 3 2 1 1 3 5 12 2 8 6 9 2 1 7 13 1 12 5 16 11 2 14 6
24 3 13 4 1 2 7 18 5 2 1 25 6 3 4 9 10 1 5 11 8 3 25 9 12 9 18 2 7 2 0 3 1 3 11 8 4 1 32 25 3 11 5 9 22 9 3 13 0 9 1 3 11 9 3 38 21 8 2 3 15 17 5 0 0 9 5 11 10 13 4 16 9 2 11 6 19 1 1 6 19 3 9 8 3 13 0 10 3 22 5 6 3 6 11 4 4 12 0 0
3 7 2 1 1 0 12 0 2 0 0 3 0 5 2 19 7 4 0 1 0 10 2 17 2 19 0 6 9 0 6 2 2 3 0 0 4 1 4 0 0 2 3 2 0 5 0 5 4 8 0 7 2 6 3 0 1 2 2 3 1 2 0 15 0 3 13 1 3 0 0 0 6 5 16 3 0 3 1 0 3 3 15 4 6 15 1 5 0 9 9 3 6 2 0 6 1 0 3 10
5 20 6 1 5 6 19 33 1 1 5 0 9 0 7 16 7 1 7 4 4 0 12 4 0 2 2 2 1 5 0 43 26 1 26 0 6 11 0 3 6 8 0 4 5 0 2 6 0 5 5 32 25 4 13 2 0 0 5 3 2 17 2 1 12 9 0 7 0 6 10 7 2 6 1 0 0 24 14 11 0 41 18 1 4 0 15 4 12 14 8 17 8 22 0 2 7 3 8 1
0 0 0 1 1 0 1 1 0 0 0 2 0 6 2 1 0 1 1 0 0 0 0 1 0 2 3 1 1 0 1 0 0 0 0 0 0 1 0 0 0 0 0 0 0 0 0 0 0 0 0 0 0 0 0 1 0 0 1 1 3 0 0 0 0 0 0 0 1 0 0 0 0 0 0 0 0 0 0 0 1 0 1 0 1 0 0 0 0 1 0 0 0 0 0 0 1 0 0 1
1 7 11 0 2 10 37 0 5 61 19 0 5 19 6 1 2 9 24 3 12 1 0 0 1 5 1 10 19 9 7 19 8 2 9 4 1 1 2 2 4 5 17 14 10 0 3 0 12 3 10 5 5 1 3 1 42 16 0 4 2 1 6 3 0 0 3 1 4 1 5 4 2 0 17 16 2 5 5 1 0 2 0 17 3 8 11 31 13 0 5 4 10 13 4 5 6 8 10 25
0 0 0 0 3 1 0 0 0 0 0 0 0 0 0 0 2 2 2 1 0 0 0 1 0 2 1 0 0 0 0 0 0 0 0 0 1 0 0 3 0 0 0 4 0 0 0 0 0 0 3 0 1 1 0 0 0 0 0 1 0 0 0 0 0 1 0 2 0 0 0 0 0 0 2 1 0 2 0 0 0 0 0 1 0 0 0 0 0 1 0 0 4 0 1 0 0 0 0 2
2 15 5 2 10 2 1 14 0 1 6 1 2 13 0 4 0 7 0 0 1 1 12 6 3 2 3 0 6 0 9 2 1 3 1 5 18 3 1 4 2 1 0 2 8 1 15 1 6 0 0 1 3 1 1 6 3 8 1 0 0 2 9 2 15 3 1 0 0 6 1 0 0 13 7 5 0 16 1 11 4 5 1 9 3 13 3 7 3 2 8 5 0 3 0 9 12 1 2 0
0 0 1 0 0 0 0 0 0 0 0 0 0 0 0 4 0 0 6 2 0 0 0 0 0 0 0 1 2 0 1 1 0 0 0 0 3 0 0 0 1 0 0 0 1 0 0 2 0 0 0 0 0 1 0 0 0 0 0 0 1 0 0 0 0 0 0 0 2 0 0 0 1 0 0 1 0 4 1 0 0 0 0 0 0 0 0 1 0 5 0 0 0 1 0 0 1 0 0 1
1 0 0 0 0 0 0 1 0 1 2 0 0 0 0 0 0 1 0 0 0 0 0 0 1 1 0 0 0 0 0 0 1 0 0 0 1 2 0 0 1 0 1 0 0 0 1 0 0 0 0 0 1 0 0 0 0 0 0 0 0 0 0 0 0 0 1 0 0 0 0 0 1 0 0 0 1 1 1 0 2 0 2 0 0 0 0 0 0 0 1 1 0 1 0 1 0 0 0 5
0 3 9 3 1 0 6 1 0 3 9 8 0 10 4 9 2 5 1 20 2 1 0 5 9 8 1 0 1 8 3 8 5 0 4 4 4 6 6 0 0 0 4 23 2 3 4 2 0 10 16 7 14 0 1 4 0 0 0 2 26 5 0 6 3 4 1 0 12 4 3 2 1 2 2 7 0 7 2 1 0 2 2 0 5 0 3 0 4 0 2 2 9 4 1 0 0 4 8 0
0 0 0 0 0 0 0 0 0 0 0 0 0 0 0 0 0 0 2 0 0 0 0 0 1 0 0 7 0 1 0 0 1 0 0 0 0 0 0 1 2 2 0 0 0 0 0 0 0 0 1 2 0 4 0 2 0 1 0 0 0 9 2 1 0 1 0 0 9 0 1 1 1 1 0 0 0 0 0 1 4 1 0 0 0 0 0 0 0 1 0 0 0 1 0 0 0 0 0 1
0 0 0 0 0 1 0 0 0 0 0 0 0 0 0 0 2 0 1 0 1 0 2 0 2 0 0 0 0 0 4 1 1 1 0 1 3 1 0 0 1 0 4 0 0 1 0 0 1 0 0 0 1 0 2 0 0 0 1 0 0 17 0 0 0 3 0 0 3 2 0 5 7 0 0 0 1 1 0 0 0 0 0 0 0 0 0 0 0 0 0 0 0 0 0 0 0 0 1 1
7 2 2 0 0 2 0 7 0 2 0 1 5 3 2 1 6 2 5 3 1 3 1 7 9 3 1 2 7 6 0 2 6 3 0 1 2 6 1 3 7 0 4 15 7 21 2 1 1 7 7 1 9 0 2 1 6 1 2 23 1 4 10 1 15 0 2 10 1 4 3 1 17 1 1 0 3 12 1 15 3 3 2 2 0 0 3 1 17 7 0 2 5 3 4 1 3 5 0 0
