1 2 5 0 0 0 7 4 0 1 0 0 0 0 0 0 1 0 2 4 2 0 0 0 0 0 1 2 0 14 0 1 0 0 9 0 0 0 2 0 0 0 1 1 0 1 0 0 2 14 0 1 0 0 1 0 0 0 2 0 26 3 4 0 0 0 0 0 1 0 0 1 0 0 0 0 2 0 0 0 1 0 1 2 0 0 0 0 2 25 0 1 0 1 0 1 0 0 0 0
0 2 0 1 2 4 0 4 5 1 3 6 6 13 2 4 30 5 3 0 2 1 14 2 3 1 1 0 0 1 7 0 4 1 0 7 1 3 0 1 1 0 1 2 4 4 0 0 0 1 0 1 3 0 0 4 0 0 0 0 1 2 0 2 0 2 13 0 3 2 4 3 0 0 0 0 0 0 1 5 5 5 7 0 0 0 2 7 0 0 1 0 8 10 1 0 26 3 3 7
3 3 1 3 3 0 0 3 0 3 2 5 1 0 0 3 6 2 1 9 7 0 0 2 5 5 8 6 1 10 17 2 1 0 9 4 0 8 3 0 6 0 17 0 0 3 1 4 4 2 1 3 3 7 0 2 1 0 2 2 0 0 11 11 18 15 2 0 2 5 0 7 5 0 3 0 11 6 2 2 0 5 1 2 3 4 0 0 10 5 3 0 2 19 1 0 0 1 0 9
1 1 3 8 9 0 9 0 1 0 9 5 1 10 2 2 7 7 6 11 2 1 0 2 0 12 13 1 3 12 5 7 1 2 0 1 0 26 0 6 0 2 0 7 18 6 8 1 2 22 15 5 3 6 17 6 6 5 0 0 8 7 9 5 7 15 7 2 2 3 0 6 2 6 9 3 2 5 0 1 0 0 0 4 5 0 5 6 8 6 1 2 1 5 6 0 2 2 7 1
1 1 2 0 0 0 1 0 1 0 0 0 0 0 0 1 0 0 0 3 0 0 1 0 0 1 0 0 0 0 0 0 0 0 0 0 1 0 0 0 0 0 0 0 0 5 0 0 3 0 0 0 0 1 0 0 0 0 0 0 0 0 0 0 0 0 2 0 1 0 0 1 2 0 0 0 1 0 1 0 0 0 2 0 1 0 2 0 0 0 0 1 1 1 3 1 2 0 1 0
1 14 1 3 1 2 2 2 0 2 7 3 0 2 8 1 2 9 5 0 1 0 4 1 1 2 5 2 4 2 0 4 3 6 0 3 3 5 4 1 4 2 0 0 11 8 1 0 9 2 2 2 0 2 7 2 4 2 6 3 1 20 5 0 4 13 0 16 5 7 4 4 1 0 10 4 1 0 1 7 1 15 13 0 4 8 12 3 0 6 7 0 2 0 3 9 1 0 1 15
10 18 2 0 29 2 26 4 0 4 4 0 0 27 16 2 2 0 3 8 2 26 0 0 0 4 5 10 7 7 10 3 3 6 19 0 21 5 3 17 5 1 8 7 0 14 5 3 2 26 11 7 4 3 2 1 1 2 2 0 5 10 4 0 2 11 9 4 0 24 3 5 0 5 9 0 17 9 10 3 2 2 0 1 0 0 3 3 6 3 25 0 9 25 9 1 5 10 0 0
5 1 2 3 0 7 1 9 0 11 5 26 1 3 19 9 6 7 1 3 9 19 8 7 3 0 25 8 1 5 7 14 3 1 3 6 5 9 0 13 0 2 1 6 11 0 23 2 0 2 6 1 0 10 13 1 3 0 12 3 0 1 4 2 11 1 0 3 4 3 23 28 17 3 16 1 3 0 7 12 2 0 29 1 1 1 18 5 3 0 25 19 7 1 10 20 19 9 6 23
0 3 1 0 0 2 2 0 0 1 0 0 0 0 0 10 0 0 1 2 0 0 0 0 1 1 1 0 0 0 0 0 1 0 0 0 0 0 1 2 0 0 0 0 1 1 0 0 0 0 0 0 2 3 0 3 0 0 0 0 1 0 1 1 1 1 2 1 0 0 0 6 0 0 0 0 0 0 0 2 0 0 2 1 6 0 0 0 0 1 2 0 0 0 0 1 0 1 0 1
20 0 25 0 1 5 8 0 32 27 7 39 6 13 7 2 17 15 21 5 5 20 12 11 6 27 7 1 2 2 3 4 2 14 0 6 40 13 10 3 4 2 12 5 1 9 1 6 1 0 5 5 10 9 15 42 18 1 0 2 7 9 15 11 1 45 9 13 2 3 0 7 22 15 3 6 11 33 9 4 0 0 8 35 27 4 1 8 16 1 3 3 0 7 0 2 3 2 0 0
1 8 8 2 7 1 12 4 15 0 2 0 5 0 4 9 6 2 2 6 5 1 10 1 0 9 5 2 0 1 0 0 0 1 12 2 13 0 2 1 0 11 5 2 9 13 0 0 0 2 0 0 2 0 0 25 2 2 1 23 6 8 0 1 0 14 2 1 0 9 16 5 3 1 7 0 1 2 2 4 17 1 0 0 0 8 18 1 13 2 10 3 0 1 5 9 1 1 9 5
1 1 0 0 0 3 1 7 6 1 5 2 14 8 15 12 2 2 0 1 0 0 4 0 0 3 1 3 2 0 5 2 4 4 1 3 0 1 6 11 5 3 5 0 1 3 26 12 0 4 0 13 2 1 4 0 1 2 8 9 0 3 2 4 5 10 0 0 8 1 2 4 0 0 5 16 0 0 10 2 4 5 2 2 1 1 0 11 21 3 7 11 1 6 1 4 7 3 3 1
0 0 1 0 0 1 0 0 0 0 4 0 0 0 7 0 0 1 1 0 0 0 0 0 1 0 0 0 0 1 0 3 0 2 1 6 2 0 0 0 14 0 0 0 2 0 0 0 2 0 0 2 4 1 1 0 0 0 0 1 0 0 1 2 11 2 1 0 1 1 0 0 0 0 0 0 0 1 2 4 0 0 4 0 0 9 4 9 0 0 1 0 11 0 2 0 8 0 5 0
2 7 1 5 0 5 3 0 4 1 9 0 9 2 1 6 5 7 0 6 0 0 2 9 5 3 9 4 3 2 4 2 1 2 4 5 20 0 5 5 2 1 1 2 2 0 2 0 3 11 3 2 4 2 4 0 0 6 8 23 10 1 25 4 4 2 0 7 8 1 2 0 8 1 0 6 4 1 5 4 1 6 0 13 4 14 5 1 0 11 7 4 1 0 3 2 3 0 5 13
6 0 0 0 0 0 3 0 0 0 1 0 1 1 0 2 0 0 0 0 0 0 0 0 7 1 0 0 0 0 0 0 2 0 1 0 0 0 0 1 0 0 1 0 0 0 1 6 0 0 2 1 1 0 0 0 0 0 0 0 0 3 1 0 0 0 0 1 0 1 0 0 0 1 0 1 0 2 0 0 0 0 1 0 1 0 0 1 1 0 0 0 0 0 0 0 1 0 0 2
13 1 4 4 3 0 2 3 19 0 0 0 9 0 2 7 6 2 18 4 9 0 3 1 5 0 6 15 0 1 4 12 2 0 5 5 7 7 0 0 17 6 5 1 2 5 11 1 1 4 17 3 0 3 5 0 1 1 0 0 7 1 1 5 19 8 3 0 2 0 3 5 2 2 2 0 7 12 5 0 3 3 2 1 5 0 0 6 6 1 0 2 4 16 7 5 1 20 14 3
4 0 2 1 8 4 4 9 0 2 2 12 2 2 3 2 0 1 10 38 3 0 13 7 19 6 0 7 2 7 3 13 7 4 9 7 0 2 6 3 20 2 12 5 3 1 4 3 4 2 1 15 0 7 4 1 5 21 10 7 8 8 7 7 6 5 0 5 2 0 4 1 1 4 2 5 11 2 4 5 0 0 0 12 3 11 1 5 4 5 1 9 14 4 2 11 6 2 0 3
14 0 8 1 15 0 6 7 1 0 0 6 2 1 6 11 8 1 3 5 0 0 4 1 10 6 0 0 6 0 3 0 5 0 8 1 0 4 0 0 2 8 1 1 0 0 1 1 0 0 3 2 1 0 3 0 0 1 11 0 1 3 0 2 0 2 6 9 1 1 4 1 0 4 10 7 2 4 5 0 2 4 1 8 0 1 11 3 1 4 4 4 0 0 1 0 0 4 3 0
2 0 1 0 0 1 0 0 0 0 1 0 1 0 1 1 0 0 0 2 1 1 1 0 0 2 0 0 0 0 0 1 0 0 0 0 1 0 0 0 1 0 2 0 0 0 0 0 1 0 0 0 0 0 1 0 0 0 0 0 0 3 1 0 0 0 0 0 1 1 0 1 1 2 1 1 4 0 0 1 0 0 0 0 0 0 0 1 0 0 1 0 0 0 0 0 0 0 0 1
0 0 0 0 0 0 0 1 0 0 1 3 0 2 1 0 0 0 0 1 0 0 4 0 0 0 0 0 1 3 0 1 0 0 0 0 0 1 5 0 0 2 1 1 1 0 1 0 0 1 0 0 0 2 1 0 0 0 0 0 0 3 0 0 0 0 1 1 2 0 2 4 1 0 1 0 0 0 0 0 0 0 0 0 0 1 0 1 0 0 0 0 0 5 0 0 0 0 0 0
4 9 1 9 4 0 23 3 3 1 4 4 3 17 0 6 1 0 2 3 1 2 5 0 0 30 15 2 1 8 11 9 10 0 11 1 6 5 15 0 5 24 6 2 16 1 2 15 12 16 6 9 0 2 4 14 4 9 18 4 20 1 7 10 1 5 3 3 1 0 5 18 2 5 2 1 4 0 5 14 1 5 6 0 6 4 5 4 6 2 5 0 0 8 0 3 0 8 7 24
1 0 0 2 1 0 0 0 2 0 0 0 0 0 0 1 1 0 0 0 0 0 0 0 13 0 0 0 1 0 0 1 0 1 0 0 0 0 1 8 0 0 0 0 0 0 0 3 1 0 9 0 1 1 1 0 0 0 0 0 0 1 0 1 1 0 2 0 0 0 0 0 0 0 2 5 0 0 0 0 0 0 0 0 0 0 0 2 0 1 0 3 1 0 0 0 0 0 0 1
2 0 0 0 0 0 0 0 0 0 0 0 0 0 6 1 0 0 0 1 1 1 1 0 0 1 1 1 0 1 0 0 1 1 0 4 1 2 2 0 0 0 0 0 0 1 1 1 0 0 2 0 0 0 1 2 1 0 0 1 1 0 0 0 1 0 1 0 2 0 0 0 1 7 1 0 0 3 1 0 0 1 0 2 0 1 0 1 0 1 0 0 1 1 0 0 2 0 0 0
0 0 2 1 2 0 0 0 0 2 0 1 0 1 2 0 0 1 0 0 2 0 0 1 0 0 0 1 2 0 0 0 0 0 1 0 1 0 0 0 0 1 0 1 0 1 0 0 0 1 0 0 1 1 2 4 0 0 1 1 0 1 0 0 0 1 1 0 3 1 0 0 2 1 0 0 0 0 1 1 0 0 0 0 0 2 0 0 0 0 0 1 1 1 0 2 0 0 0 0
0 2 0 0 0 0 1 0 0 0 1 0 0 3 0 0 0 1 0 0 0 0 0 0 0 0 0 1 0 5 0 4 0 0 0 1 0 0 1 0 10 0 1 1 2 0 0 0 3 0 1 0 1 3 0 0 1 0 0 0 1 0 0 4 0 6 0 0 1 0 0 0 2 0 2 0 0 1 0 15 0 0 0 0 0 1 0 1 0 0 1 0 1 0 0 6 6 1 0 0
0 6 0 8 13 5 9 3 0 0 1 1 39 3 2 7 5 2 1 9 5 9 3 1 27 4 2 14 8 1 2 10 4 0 0 5 0 19 1 5 3 14 10 5 0 4 7 30 0 17 9 3 10 2 4 0 4 4 32 2 1 18 6 2 16 14 0 11 7 4 4 1 0 4 7 2 0 5 20 9 7 1 0 10 1 5 0 0 11 21 0 13 2 0 3 0 16 5 4 5
0 0 0 2 0 1 0 1 0 0 0 1 1 0 0 0 0 0 2 0 0 0 0 0 0 0 0 0 0 0 1 1 0 0 0 0 0 0 0 0 0 0 2 2 0 0 0 0 0 0 3 0 1 0 0 1 1 0 0 1 0 2 1 0 0 0 0 0 0 0 1 0 0 0 1 4 1 0 0 0 0 1 0 0 0 0 0 0 0 1 0 0 0 0 0 0 0 3 0 0
4 2 6 3 5 12 9 11 2 7 2 15 3 0 2 0 3 0 12 11 13 1 7 2 1 9 0 0 7 5 0 1 0 2 2 0 0 2 1 0 1 2 0 0 8 4 4 1 0 4 0 1 10 1 0 7 0 3 1 1 2 13 2 2 13 0 5 1 9 2 0 8 8 7 3 0 9 1 4 1 5 1 1 5 4 0 0 0 7 1 0 2 6 3 1 0 0 7 9 0
6 1 0 0 9 0 10 2 0 28 9 4 0 0 7 3 28 17 5 0 13 7 6 5 13 0 10 3 5 22 9 12 0 3 15 6 20 9 8 1 7 10 7 1 11 51 1 7 2 21 10 3 1 12 12 0 1 31 9 18 2 5 4 11 0 5 8 3 4 0 11 2 8 7 4 8 10 3 1 3 1 7 20 2 2 20 7 7 17 4 11 13 7 4 1 4 0 0 12 6
2 6 6 7 5 2 4 2 3 0 7 3 0 4 9 3 4 0 0 17 1 1 4 1 3 0 4 4 1 8 3 3 4 3 0 1 4 1 0 0 2 0 1 2 0 4 4 1 4 0 0 2 9 0 1 2 2 7 2 4 6 4 4 4 2 11 1 4 10 5 2 5 1 1 1 3 0 4 4 11 4 3 0 1 10 1 9 8 4 0 27 1 1 1 1 7 4 0 2 1
14 0 5 1 0 1 2 6 1 4 0 8 9 2 1 4 1 10 2 0 0 2 3 9 4 5 2 0 16 8 6 0 11 4 1 1 2 0 1 0 2 9 1 0 0 9 0 3 5 8 2 11 3 1 8 3 5 1 12 1 10 5 5 2 0 0 0 0 0 1 4 1 2 3 7 15 0 1 0 2 7 11 7 9 0 5 8 10 1 3 1 0 8 3 7 0 2 1 3 10
1 0 0 1 1 2 0 0 0 1 0 0 0 6 5 0 0 0 0 0 0 0 0 0 1 1 0 0 0 1 0 0 0 1 0 2 0 1 0 0 0 1 0 0 0 1 0 1 0 0 0 0 0 1 0 0 0 0 0 0 1 0 0 0 0 1 0 0 0 0 1 0 0 8 1 1 0 0 0 1 0 0 0 1 0 0 0 0 1 1 0 7 1 0 0 1 1 0 0 0
5 3 0 14 2 0 12 3 0 6 5 0 1 4 0 3 6 0 0 1 4 1 2 6 0 14 3 0 0 10 3 1 3 6 2 2 1 3 5 5 2 7 2 2 3 10 0 16 3 7 5 2 7 2 6 1 7 3 0 0 7 3 5 8 3 3 0 3 6 3 1 4 0 0 13 4 0 10 1 0 1 0 0 7 1 1 2 7 3 0 0 2 14 0 2 1 3 1 0 3
6 14 23 2 6 1 3 2 7 2 5 0 2 0 4 0 3 2 2 7 2 0 9 4 0 12 2 7 7 5 8 3 3 2 1 4 10 7 17 1 3 1 12 0 2 2 7 1 9 9 10 18 2 2 1 7 4 1 1 0 4 13 10 3 1 2 7 2 4 1 4 0 4 13 2 5 2 0 1 3 7 0 3 5 4 3 4 2 2 5 0 6 2 9 1 17 3 3 7 17
0 1 0 0 0 0 0 0 1 0 0 0 0 0 0 0 1 2 0 0 1 0 0 0 0 0 0 0 0 0 0 1 0 0 0 0 0 0 0 0 0 0 2 0 0 0 0 0 0 1 0 1 0 0 1 0 0 0 1 1 0 0 0 0 0 1 1 0 0 0 1 1 0 0 0 0 2 0 0 1 0 1 1 0 0 0 0 0 2 0 0 0 0 0 0 0 1 0 1 0
1 3 8 12 0 0 1 17 1 5 1 0 5 6 6 1 8 5 11 2 2 1 2 0 2 5 0 5 1 2 9 4 15 0 17 1 2 0 2 2 0 1 0 2 13 10 3 2 1 3 0 3 1 1 17 0 12 2 8 10 5 2 0 7 2 7 1 9 8 2 1 13 4 1 0 1 0 6 7 1 3 0 1 2 0 3 3 6 1 2 2 0 4 10 0 2 1 3 0 2
8 4 3 6 3 2 21 1 2 4 17 3 15 2 6 15 30 0 3 1 1 0 14 6 0 2 16 2 8 1 4 0 8 0 1 2 1 0 3 7 11 2 2 8 20 6 1 17 0 0 5 2 8 2 19 7 3 1 32 5 4 4 3 10 7 0 1 7 8 1 6 15 21 5 11 0 4 3 7 17 18 5 2 7 6 2 2 3 7 13 0 2 0 1 14 19 13 14 7 15
0 2 1 0 0 3 0 1 0 0 17 1 0 0 3 0 0 0 1 1 1 0 0 0 0 0 0 0 0 0 0 4 0 5 2 3 0 0 0 1 9 1 0 0 0 1 0 0 20 0 0 1 0 6 1 3 0 0 0 0 1 0 0 5 0 1 11 0 1 1 1 0 6 1 0 0 1 1 0 3 1 0 3 0 0 0 0 2 0 1 0 0 0 0 0 2 8 0 4 0
1 10 2 4 0 0 2 1 3 6 0 0 3 3 0 7 7 0 0 1 2 4 2 1 2 1 11 5 6 8 0 3 5 3 0 5 5 7 2 7 0 2 1 0 9 0 4 13 5 1 3 3 1 0 1 7 7 15 0 5 1 4 0 5 1 2 4 3 2 4 2 8 2 4 4 5 3 5 1 8 2 1 0 7 0 9 2 11 0 1 17 0 0 3 15 0 10 9 0 2
4 5 6 0 0 2 9 9 14 4 2 2 11 6 4 2 2 0 5 10 8 0 2 2 0 1 2 0 3 0 0 2 1 3 10 5 2 0 5 0 1 0 1 4 1 4 12 1 0 6 0 11 1 2 7 0 0 2 3 0 1 0 8 8 1 7 5 11 1 1 4 1 6 4 1 1 4 1 5 1 2 5 0 1 2 2 6 0 10 4 2 1 0 5 0 1 14 7 5 0
8 9 5 0 0 5 4 0 7 0 0 12 4 7 0 5 1 6 12 0 7 3 7 0 2 2 3 3 5 5 10 10 0 15 5 6 0 8 2 21 3 1 1 3 1 2 3 10 9 29 8 11 7 4 0 2 0 2 8 6 4 4 3 1 0 6 2 4 0 0 1 3 10 2 1 2 8 0 1 5 0 2 20 12 4 30 5 5 0 3 8 4 7 6 1 4 10 6 2 8
0 0 1 0 0 0 0 0 0 0 0 1 0 0 0 0 0 0 9 4 0 0 0 0 0 2 0 1 1 0 0 0 0 0 0 0 0 0 0 0 1 1 0 0 0 1 0 0 0 3 0 0 0 0 0 2 0 4 0 0 0 0 0 0 0 0 0 2 1 0 0 3 0 0 0 2 0 1 5 0 1 0 1 1 0 1 1 0 5 0 4 0 0 0 0 0 0 0 0 0
16 12 7 8 17 19 2 13 7 36 1 19 22 4 0 27 2 12 12 22 13 4 7 9 4 10 16 2 17 14 11 0 3 1 20 3 3 14 2 2 7 4 3 18 3 3 9 8 8 6 4 4 2 17 19 14 3 13 2 5 0 0 3 3 13 4 2 23 20 2 8 29 7 0 4 20 12 1 15 32 28 0 0 9 3 0 3 12 43 7 22 7 11 23 5 11 1 9 0 1
9 14 0 7 43 7 8 4 23 14 0 8 0 5 6 5 4 1 0 8 2 13 4 2 1 6 12 8 1 1 10 6 3 2 20 3 2 3 4 5 1 2 2 7 5 2 13 5 6 0 0 1 0 8 21 2 4 8 1 4 5 13 1 4 1 0 6 1 5 3 16 1 0 5 9 4 4 23 2 7 18 3 2 0 7 4 11 3 13 12 1 1 11 12 0 1 2 19 2 11
1 5 3 3 4 1 3 0 1 0 16 20 3 12 1 9 0 10 4 1 0 5 0 0 0 2 4 2 16 4 20 4 0 2 22 0 6 2 2 5 0 12 0 1 9 2 4 4 8 0 5 1 7 2 2 0 4 3 1 7 1 8 8 8 4 4 0 0 3 4 2 3 14 1 17 16 17 2 0 3 3 7 0 3 0 1 5 0 4 0 5 1 8 2 5 1 5 0 0 5
12 2 2 8 22 5 0 17 2 13 8 4 6 4 0 8 8 2 14 0 1 5 0 5 0 6 12 8 12 12 4 2 17 11 1 2 16 7 4 4 4 15 16 6 3 2 2 0 14 12 2 0 2 12 0 8 0 8 2 5 9 22 3 40 0 4 4 32 17 12 9 6 2 5 10 2 8 8 0 2 3 4 4 7 33 0 6 14 3 0 11 8 19 12 1 3 4 32 7 0
3 0 0 0 0 0 1 0 0 0 0 0 1 0 0 4 0 0 0 0 0 1 0 2 1 0 0 0 0 0 2 0 0 0 3 3 1 3 3 0 0 0 0 0 2 0 3 0 0 0 0 0 0 0 0 1 0 0 2 0 0 0 0 0 0 0 1 0 1 4 0 0 0 0 0 0 2 0 0 0 0 0 0 1 0 0 0 0 0 0 0 0 0 0 0 0 0 2 0 0
1 16 18 5 2 0 2 0 3 1 23 2 5 3 3 0 1 0 5 0 10 3 0 0 2 1 3 0 2 2 3 5 0 14 2 8 2 4 4 1 23 2 0 10 3 1 3 9 8 1 12 2 3 8 5 3 1 0 5 1 6 2 8 5 10 2 1 3 30 3 0 20 5 9 4 3 6 11 0 2 9 3 1 1 0 0 0 14 2 1 7 5 5 1 2 5 4 0 4 0
1 1 14 1 2 9 4 6 9 11 0 2 14 33 0 6 1 10 8 1 3 3 9 3 4 10 4 0 12 13 3 0 10 4 1 0 0 15 6 0 21 29 7 31 5 1 23 2 27 20 5 3 27 0 7 18 12 5 2 0 16 17 20 9 4 6 2 1 8 22 7 5 23 1 21 9 0 14 2 7 1 6 21 9 6 11 8 17 1 8 2 9 2 18 17 2 6 0 15 1
0 0 7 0 6 3 3 5 2 5 6 17 9 14 3 11 1 0 61 34 4 0 9 0 4 12 0 0 14 22 7 7 3 4 22 7 7 1 9 8 6 1 7 8 18 24 3 7 3 2 12 1 14 31 2 2 3 11 2 14 0 1 13 1 13 9 17 12 2 0 4 0 2 32 26 3 0 0 10 6 0 1 11 5 21 0 0 0 8 35 4 11 2 9 4 15 8 12 24 0
7 6 1 1 0 1 6 0 1 4 19 17 3 7 1 4 1 2 0 1 0 1 3 9 1 2 1 8 0 1 1 9 1 0 11 2 0 3 1 1 0 2 6 6 1 3 16 9 5 8 7 6 2 2 5 1 0 5 6 6 3 0 23 6 12 11 0 3 3 2 1 0 0 1 3 1 20 17 0 4 0 0 2 2 8 3 1 1 5 11 0 5 0 13 10 21 1 1 16 1
5 4 12 6 11 19 4 23 3 3 7 4 28 5 22 3 5 1 1 3 32 7 2 4 4 4 15 16 6 9 13 14 0 3 0 8 1 10 5 5 4 7 22 2 3 15 2 8 0 0 22 3 4 3 0 8 4 4 24 14 5 2 10 4 4 0 3 12 1 13 3 15 3 2 13 11 1 6 13 4 17 3 2 2 6 3 10 7 3 0 2 1 0 2 5 4 13 4 9 1
11 13 6 2 6 6 0 2 0 5 1 1 2 10 5 1 0 10 5 4 21 8 1 0 7 6 0 3 1 0 1 2 0 1 5 17 0 0 0 2 21 1 4 1 8 0 6 3 16 2 21 3 0 0 2 2 10 12 1 3 1 8 1 22 0 10 1 17 7 6 4 5 4 4 4 6 6 1 8 1 2 9 10 1 1 18 2 9 5 1 0 15 6 4 9 8 13 2 3 4
2 0 5 1 0 0 4 1 13 16 7 1 0 16 8 6 21 4 2 7 5 4 0 0 4 16 0 8 0 10 1 3 0 0 0 8 12 12 1 3 2 0 0 0 2 1 3 0 0 1 1 5 3 0 4 2 2 1 6 0 0 2 5 2 10 0 8 10 1 7 6 0 1 1 4 0 3 0 0 6 2 3 8 1 0 10 3 1 10 3 0 1 2 1 0 3 0 0 3 7
3 0 5 3 0 3 1 5 12 7 0 1 1 0 2 2 5 4 8 7 0 9 0 4 0 0 12 6 0 8 0 5 4 0 1 5 0 0 6 2 0 3 9 10 0 4 2 1 0 2 3 0 3 0 2 4 1 0 0 0 0 5 2 1 0 5 8 2 0 13 2 2 2 4 0 13 5 1 2 0 0 1 1 7 7 3 1 0 0 0 8 3 11 0 2 9 6 5 0 6
2 8 1 2 11 3 1 0 2 1 2 0 2 13 8 1 5 1 7 26 1 0 0 6 0 1 1 0 1 0 6 5 6 1 2 2 2 3 3 7 6 3 3 2 1 3 0 11 1 0 1 1 5 7 8 3 7 2 11 6 1 1 0 1 3 2 2 7 5 2 5 0 3 1 1 1 0 8 1 2 1 2 1 5 0 2 1 0 1 1 4 4 5 0 0 7 1 0 3 5
6 6 0 0 2 4 22 10 6 8 12 2 1 0 8 8 3 15 9 0 18 4 10 9 21 4 2 18 32 11 5 1 2 6 12 7 12 5 30 5 2 19 4 20 3 1 4 4 0 6 5 3 9 6 15 2 2 7 0 13 0 5 0 2 6 3 4 5 11 40 5 6 0 6 0 2 20 21 3 2 10 15 4 2 8 9 1 0 0 9 0 15 8 1 1 10 29 5 36 11
7 4 7 5 6 7 0 2 15 5 1 2 0 2 3 9 17 8 2 0 15 11 2 9 11 5 5 9 5 1 20 11 0 3 0 2 0 14 2 8 2 21 1 14 4 1 0 1 9 2 0 0 3 5 0 8 36 19 2 2 13 3 2 1 14 8 8 5 13 3 0 3 1 2 2 1 16 1 0 2 9 4 26 11 0 0 10 10 1 4 42 2 0 6 9 5 20 0 11 6
6 21 1 1 4 3 0 0 18 2 1 32 4 3 3 5 7 29 6 1 0 2 3 11 3 5 41 4 11 2 1 1 5 0 4 1 0 2 1 2 20 0 8 4 42 0 0 7 19 11 2 7 15 17 12 8 8 2 38 0 1 2 32 0 10 2 1 0 0 0 5 7 13 13 27 2 0 7 2 6 11 22 18 5 6 2 8 3 22 3 0 10 0 13 4 14 3 6 3 5
10 4 0 18 10 8 0 0 13 4 17 10 4 0 8 0 7 4 1 14 12 3 6 2 3 13 0 9 0 11 6 12 2 3 5 15 8 18 3 7 9 11 5 19 1 5 5 3 1 1 0 1 3 2 2 6 0 0 4 13 0 1 2 16 26 1 8 23 23 1 12 2 0 48 3 17 0 3 5 4 4 13 0 4 9 10 12 5 5 14 3 22 6 13 37 4 6 22 1 19
18 1 1 0 1 0 0 0 1 0 0 1 0 0 0 0 0 1 0 1 0 1 0 1 0 2 0 0 0 0 0 0 0 1 0 3 1 0 0 0 0 0 0 0 1 0 0 0 0 0 0 0 0 0 0 1 0 0 1 0 0 0 0 0 0 0 0 0 0 0 1 1 1 0 0 0 3 0 0 0 3 0 0 2 0 0 0 0 0 0 0 1 0 0 1 0 0 0 0 0
0 12 3 3 31 4 4 4 18 5 3 7 0 4 12 4 13 4 24 10 0 4 12 8 11 1 16 15 9 2 17 8 4 9 42 2 9 1 0 3 4 4 0 8 9 1 12 4 10 34 2 1 1 6 14 0 8 2 4 4 2 2 10 0 3 0 3 15 3 8 4 0 1 7 18 7 2 0 1 5 5 3 14 7 10 15 0 0 11 15 2 2 0 8 2 14 0 0 8 9
4 11 12 1 20 2 12 3 0 4 18 7 44 5 11 3 14 15 3 10 1 30 13 2 7 1 0 5 1 16 8 7 3 18 2 1 1 17 6 12 1 6 4 0 1 14 1 32 7 0 31 9 1 1 18 2 4 4 12 6 4 12 6 4 7 7 0 5 14 6 13 3 15 10 11 1 16 18 12 0 9 6 3 14 27 0 2 14 0 8 3 29 0 2 9 2 20 11 7 0
2 1 2 0 15 2 4 10 3 7 9 12 3 2 0 0 6 0 1 16 5 6 2 2 8 3 1 2 1 4 13 3 6 0 2 15 0 19 1 2 2 3 28 0 0 1 7 4 1 10 10 0 0 1 2 10 4 5 12 3 1 7 5 0 1 1 2 13 5 1 1 1 1 1 0 5 20 4 5 3 0 12 20 0 1 10 0 1 4 0 7 0 2 1 12 2 12 3 6 2
0 0 1 0 1 0 2 0 0 0 0 0 2 0 2 2 1 0 0 1 0 1 0 3 1 0 0 0 0 0 2 0 1 0 0 0 0 0 0 1 0 1 0 0 0 0 0 0 1 21 0 1 0 0 1 1 0 1 0 0 1 0 0 0 0 0 1 0 0 0 1 0 0 0 0 0 1 0 4 0 1 1 0 1 2 0 0 1 1 1 1 0 0 0 0 0 0 0 0 0
2 0 3 0 0 1 9 3 1 1 2 2 0 1 9 10 8 0 7 9 0 1 11 4 4 2 0 3 5 7 1 0 1 0 0 0 0 4 0 19 1 4 2 8 1 1 10 4 0 15 5 4 1 1 8 0 0 8 3 8 1 0 2 2 7 1 1 11 0 0 2 2 0 1 0 3 1 0 3 0 0 0 0 2 3 2 3 2 2 18 2 3 0 3 0 0 0 2 0 0
1 1 0 0 0 0 0 0 0 1 0 0 2 1 0 0 1 0 2 0 0 0 0 0 1 0 1 0 0 0 0 1 0 0 0 0 0 2 0 2 0 2 1 1 0 0 2 0 0 0 0 1 0 0 0 0 0 1 0 0 1 0 2 0 1 0 1 0 0 0 0 0 0 0 0 1 0 0 0 0 0 0 0 0 0 0 1 0 2 1 0 1 1 0 0 0 0 0 0 0
11 1 6 8 2 3 15 0 1 8 0 1 8 1 0 2 0 15 2 1 4 0 0 0 2 2 14 4 3 17 12 7 1 10 0 2 5 0 9 0 21 2 3 13 0 4 1 0 0 7 1 0 1 19 0 3 11 0 0 1 0 1 7 8 1 1 7 0 7 1 6 6 1 7 10 0 11 3 0 2 0 4 2 5 0 1 2 6 4 3 4 1 13 0 2 7 2 11 2 10
3 12 1 6 16 12 1 4 17 4 1 23 7 5 1 3 21 5 0 8 1 1 0 6 3 3 6 2 3 2 2 15 6 16 7 18 3 12 18 39 4 12 3 4 0 6 7 2 9 7 2 1 0 6 1 3 19 5 0 8 5 5 0 20 2 0 6 8 4 3 4 32 7 0 5 1 0 2 4 3 15 6 1 15 6 6 6 4 6 2 4 0 16 2 10 8 24 7 16 10
15 0 5 2 0 13 2 0 6 0 5 1 1 4 1 1 0 2 0 0 8 4 0 7 1 2 2 1 8 0 0 6 3 1 0 7 9 2 7 7 3 2 0 5 13 0 4 1 4 12 10 6 0 0 4 0 3 0 2 1 3 2 3 1 1 0 6 8 2 13 1 14 1 5 2 3 0 0 2 3 5 2 2 0 1 3 0 6 5 6 22 0 0 0 3 1 2 6 1 0
6 19 1 0 35 10 10 1 8 2 4 1 5 2 0 15 8 5 0 4 0 10 4 1 5 6 1 10 15 20 1 2 4 4 6 0 2 0 3 0 5 2 7 5 0 9 30 8 7 2 4 23 6 4 24 0 2 9 31 12 6 0 2 2 5 10 0 0 1 8 0 14 1 0 0 4 1 4 12 1 5 1 0 0 8 2 36 3 3 4 9 12 4 2 3 5 1 3 3 2
3 4 1 11 3 1 6 0 0 4 7 6 2 3 0 1 0 7 2 1 0 3 3 2 7 11 3 0 0 0 2 0 8 10 5 3 0 0 5 0 2 6 0 3 18 1 2 7 6 7 2 5 4 4 2 1 17 4 0 1 5 1 0 2 0 12 7 2 3 4 11 5 6 1 4 3 1 3 1 6 1 9 4 4 0 1 1 1 5 5 0 0 0 5 7 2 2 6 5 7
1 1 2 2 13 0 0 5 10 0 3 9 0 4 3 3 1 7 3 4 2 1 5 2 2 0 1 7 3 0 6 0 7 0 8 25 13 8 2 1 10 1 1 1 5 3 3 4 0 3 1 0 2 3 1 1 1 12 0 1 0 6 12 0 5 3 3 2 0 1 14 5 1 8 0 0 0 0 0 0 4 5 2 1 6 2 10 0 6 4 2 3 4 3 1 2 2 4 0 2
2 2 6 9 8 4 4 0 8 6 3 10 0 6 1 4 14 0 27 3 10 13 19 17 8 6 11 5 5 4 0 4 5 1 7 1 8 8 1 11 0 9 4 4 2 2 0 6 1 3 2 30 1 8 3 0 0 20 4 1 0 7 17 1 6 7 3 27 9 38 0 16 2 2 12 0 3 6 30 1 12 6 1 2 2 0 0 3 4 0 5 5 16 8 4 0 1 15 9 1
3 1 0 0 9 16 1 0 7 2 28 5 5 10 9 18 9 10 12 7 4 0 5 31 24 0 1 3 2 13 14 4 1 8 3 0 1 16 7 0 13 6 8 4 4 13 7 7 1 9 6 9 7 9 9 2 8 2 2 0 20 26 16 5 28 15 4 7 1 10 5 3 5 0 14 28 7 17 8 26 6 2 1 1 7 27 0 0 2 2 0 34 3 2 0 19 3 2 4 1
0 0 0 0 1 5 0 2 0 0 10 0 3 1 9 1 0 10 4 0 1 0 0 0 0 0 0 0 1 0 0 1 1 4 1 4 4 0 2 1 4 0 0 0 18 0 0 0 1 1 2 0 7 10 2 4 0 0 0 0 0 0 0 0 0 1 14 1 0 1 0 2 2 3 2 0 0 0 0 2 0 0 3 0 0 0 3 0 0 0 8 0 4 0 0 1 5 0 1 0
6 8 0 7 11 14 10 20 4 2 10 4 3 0 23 8 1 0 0 6 3 5 6 2 13 3 0 21 0 1 7 8 7 1 3 3 5 0 17 2 14 0 8 5 14 2 0 13 1 2 1 3 3 5 0 6 9 2 7 5 0 1 0 3 5 4 19 8 0 3 6 2 6 26 16 6 1 19 20 1 1 11 5 0 4 3 3 9 7 11 5 7 7 2 15 2 2 2 6 6
0 1 1 0 0 14 0 3 0 0 9 0 1 7 0 0 1 1 12 0 2 0 2 0 0 0 0 0 0 0 0 5 0 3 0 4 3 0 1 0 3 0 0 0 2 1 0 1 1 0 1 0 8 13 1 0 1 3 1 0 0 0 0 10 0 2 11 0 0 0 0 1 11 9 0 1 2 1 1 0 1 0 1 4 0 1 0 0 0 3 0 0 4 0 1 4 0 0 5 0
15 4 29 36 2 0 6 9 2 4 1 0 5 2 7 9 3 10 5 7 8 8 8 5 4 4 4 12 3 2 7 14 16 5 12 15 0 12 6 3 0 4 4 10 3 22 3 8 0 33 6 6 4 4 2 0 0 7 13 8 5 4 12 0 2 3 7 8 0 1 12 1 3 3 12 17 12 1 20 8 5 1 2 26 0 4 3 0 6 7 10 1 17 11 3 6 1 8 3 4
0 0 0 2 0 0 1 0 1 2 2 1 1 1 0 1 0 1 0 0 0 3 1 0 0 1 1 0 0 0 0 0 0 0 0 0 0 0 0 0 0 0 0 1 1 0 0 0 0 0 0 0 0 0 0 0 0 1 0 0 0 0 4 0 0 0 0 0 0 0 1 0 0 0 1 0 0 0 0 0 1 0 0 0 0 5 1 0 0 1 0 0 6 0 0 1 2 1 0 0
0 0 1 0 3 0 1 0 0 0 0 1 0 0 0 0 0 1 0 3 1 1 1 6 0 2 0 1 1 1 1 1 0 0 1 0 0 0 0 0 0 0 0 0 1 0 0 1 1 0 1 0 1 0 0 0 3 0 0 0 1 1 0 1 3 2 4 0 1 1 1 0 1 0 0 0 2 0 0 0 0 0 1 0 0 2 0 0 9 0 0 0 0 0 0 1 1 0 3 0
1 0 0 0 4 0 0 0 0 0 0 1 0 0 0 13 1 0 1 0 0 0 0 0 0 0 0 0 1 0 0 0 0 0 0 1 0 0 0 0 1 0 0 0 0 0 0 0 0 0 1 1 0 1 0 0 0 0 2 0 0 0 0 0 0 0 0 0 0 3 0 1 0 0 0 0 0 0 0 0 0 0 0 0 0 1 0 4 0 0 0 0 0 0 0 0 0 0 0 1
1 0 0 0 0 1 0 0 0 0 0 0 0 0 0 1 1 0 0 1 1 0 0 1 1 0 2 5 1 0 0 0 0 0 1 1 1 0 0 0 1 0 0 0 1 0 0 0 0 0 1 0 1 0 0 0 0 0 0 0 0 1 0 0 0 0 0 0 0 0 0 0 0 0 1 0 0 0 1 0 1 0 0 1 1 1 1 0 0 0 1 0 1 0 0 0 0 1 0 0
12 6 0 6 10 0 1 2 1 0 2 32 7 17 1 6 4 1 1 0 3 4 11 7 3 1 2 2 11 1 1 5 6 17 0 0 1 0 4 0 19 1 2 8 0 2 6 11 11 5 1 0 0 1 8 12 8 0 0 1 1 6 9 8 1 3 4 3 1 2 1 5 8 1 1 1 19 3 3 0 5 1 6 6 2 0 4 0 0 3 11 11 22 3 5 0 0 2 1 4
0 2 2 3 5 2 3 5 0 2 8 4 1 8 2 12 9 0 4 0 14 4 1 14 5 1 4 9 0 2 10 5 2 3 0 11 7 3 1 14 1 2 6 2 1 1 16 25 0 5 0 2 0 14 1 1 0 12 2 1 4 0 2 3 0 5 17 0 4 0 6 3 2 1 4 8 2 0 26 2 4 13 2 19 7 2 3 5 1 5 2 4 2 1 0 0 3 17 2 0
30 1 3 6 3 0 1 2 0 4 0 0 3 6 20 16 0 5 18 9 2 5 0 15 2 5 10 0 26 2 1 13 1 2 16 1 9 2 4 19 7 10 0 5 2 7 4 13 9 4 7 6 4 1 5 0 10 0 8 10 3 5 24 1 18 10 0 2 3 50 2 18 3 7 3 3 3 32 4 1 13 4 2 0 3 11 11 0 6 6 7 4 2 0 0 3 0 8 3 1
6 0 3 0 9 0 3 1 0 4 0 4 4 1 4 0 8 3 1 10 7 1 2 2 2 0 3 8 7 1 0 5 0 23 6 3 6 3 5 6 3 1 3 1 6 8 4 0 1 24 3 6 5 3 23 0 1 1 10 1 11 3 2 3 6 5 15 19 1 4 0 3 1 0 0 3 1 0 10 18 3 2 10 25 10 6 3 6 1 2 3 1 6 3 2 1 10 3 1 4
0 11 1 9 0 2 25 0 4 2 9 36 6 7 10 16 4 20 1 7 8 4 22 6 6 0 1 20 8 11 0 7 15 2 10 10 13 1 12 19 3 5 2 11 7 0 1 13 0 8 2 3 11 14 3 25 1 3 2 11 18 1 13 6 0 0 13 7 1 25 6 0 3 0 18 3 17 25 17 8 5 6 23 3 11 4 1 11 1 8 5 2 3 6 10 7 14 16 4 3
0 5 0 9 1 0 1 1 4 2 0 11 3 8 3 4 2 9 2 4 1 8 2 0 3 2 7 0 11 0 2 1 0 2 2 4 8 1 5 3 4 1 3 4 3 0 18 3 5 0 1 2 2 13 6 0 8 0 3 5 0 23 2 8 10 2 1 0 0 8 6 6 5 2 0 1 1 14 21 6 0 7 9 6 5 0 2 0 0 4 0 1 5 2 3 1 2 5 3 4
21 3 0 4 11 22 1 7 16 6 1 3 4 3 1 6 4 2 5 4 4 12 3 12 1 28 5 1 2 12 5 17 2 2 3 2 7 4 3 5 2 7 11 3 9 5 10 7 16 2 10 11 0 18 30 2 5 17 0 1 7 7 14 5 7 15 0 11 7 6 4 1 21 15 13 0 0 28 8 0 8 10 26 14 21 26 3 6 16 0 9 4 0 5 62 5 1 12 5 10
0 0 6 1 0 0 2 1 5 2 3 40 2 2 5 27 21 3 5 20 7 7 1 22 4 5 2 13 17 2 26 2 38 2 1 16 0 4 15 1 8 1 6 0 0 15 3 2 1 3 5 0 0 1 4 2 1 0 3 3 4 9 2 2 5 4 2 7 4 4 1 23 0 1 3 0 4 0 11 7 1 1 1 5 2 0 0 7 4 4 3 0 2 17 2 3 7 1 2 4
0 0 0 0 0 0 0 1 2 6 1 0 0 0 0 0 3 0 0 0 0 0 0 0 0 1 0 0 0 0 0 0 0 0 0 1 1 1 0 0 0 0 1 1 0 1 0 0 0 0 0 1 2 0 0 0 0 0 1 1 0 1 1 1 1 0 3 0 0 0 0 1 1 0 0 0 1 3 0 2 0 0 3 0 0 0 0 0 0 0 1 0 1 2 0 1 1 0 0 1
5 0 2 7 2 0 5 0 3 0 0 0 0 0 0 5 0 2 1 0 0 5 2 9 0 5 10 2 1 10 1 0 9 0 2 0 3 0 3 4 0 2 8 3 0 22 2 4 0 11 0 5 3 0 3 0 2 0 0 2 0 3 1 1 1 0 0 5 2 6 1 2 0 0 5 2 1 11 1 0 0 10 0 2 4 0 0 0 9 0 0 1 1 4 1 1 0 3 1 0
0 0 0 1 0 0 0 0 0 0 0 0 0 0 0 0 0 0 0 2 1 0 0 0 0 0 0 0 0 0 1 1 1 0 0 2 0 0 0 1 0 2 0 0 1 0 0 3 0 0 0 1 0 0 0 0 1 0 0 1 0 0 0 1 2 0 0 1 1 0 0 0 1 0 0 2 0 1 0 0 1 0 1 0 1 2 0 0 0 1 0 0 1 0 0 0 0 0 1 0
0 0 1 6 1 5 0 8 12 0 5 5 2 5 3 6 1 4 0 1 0 0 0 3 0 0 5 5 1 3 0 4 2 0 11 2 5 0 7 0 8 0 4 3 7 4 1 5 2 5 8 0 8 16 2 8 12 10 1 5 3 3 8 3 1 2 0 1 6 1 2 5 7 0 4 2 1 0 2 3 1 2 3 1 4 5 0 1 0 9 0 5 0 0 9 1 7 1 2 0
0 3 3 5 6 10 11 0 7 0 5 0 1 7 3 5 21 0 8 6 2 4 20 0 10 9 0 0 7 0 0 5 10 7 19 12 1 13 2 2 6 4 5 16 1 11 9 20 5 3 5 27 3 0 0 3 27 1 6 1 7 0 3 7 13 6 4 5 8 6 15 4 9 2 5 7 1 17 7 17 1 0 1 0 4 1 0 3 12 5 12 4 5 14 8 4 10 0 15 5
1 0 5 1 2 10 2 1 1 7 0 6 0 1 0 1 20 5 3 2 1 4 0 2 11 6 4 8 1 3 9 7 4 3 1 1 3 6 0 26 4 0 0 2 1 0 9 3 7 2 9 2 0 1 1 5 0 2 13 0 1 0 15 1 2 1 0 5 6 13 1 0 1 2 3 6 3 0 2 1 0 4 0 4 6 3 7 0 6 4 1 17 2 1 11 0 0 2 4 2
0 0 1 2 2 0 0 9 4 19 11 1 2 6 0 10 0 1 1 1 10 10 8 2 1 0 0 0 0 0 11 2 3 6 2 4 4 1 0 2 3 0 1 0 0 1 0 7 1 1 1 0 1 5 6 0 13 0 0 2 0 0 0 25 0 0 14 7 4 29 0 4 14 0 1 0 0 4 2 12 3 5 2 0 1 0 0 7 0 0 4 1 1 7 3 0 0 14 11 1
1 4 2 0 0 2 1 2 2 2 2 2 1 0 0 10 5 1 10 1 0 4 1 4 1 4 3 0 11 0 0 0 7 12 5 14 7 0 2 12 1 1 0 2 0 12 3 6 1 9 3 3 0 0 1 4 0 9 6 0 2 21 7 0 4 0 14 4 0 0 1 0 0 6 7 7 1 3 5 0 0 22 0 2 0 1 0 0 3 2 0 8 1 16 4 9 5 1 3 0
0 1 0 0 1 0 0 1 0 0 4 0 1 0 0 0 0 0 0 0 0 0 1 0 0 0 1 0 1 0 0 7 0 0 1 0 1 0 0 0 0 0 0 0 0 0 0 1 1 0 1 0 1 0 0 0 1 1 0 0 0 0 0 0 0 0 0 0 1 0 0 1 3 0 0 0 0 0 0 0 0 1 0 0 0 8 0 0 0 0 0 0 8 1 0 0 1 1 0 1
