0 0 0 4 0 0 1 0 0 8 1 0 3 10 3 0 0 0 0 0 0 2 0 0 0 1 0 0 0 0 1 6 0 0 0 0 0 0 0 0 3 0 0 0 0 0 1 6 0 0 0 0 11 0 0 0 0 0 0 0 1 2 0 2 0 0 2 0 0 0 0 1 0 0 5 0 0 0 0 3 0 0 1 0 0 0 3 0 1 0 0 0 1 0 0 1 2 0 0 0
0 2 0 0 0 0 0 1 1 0 1 0 0 0 0 0 3 1 0 0 1 0 0 0 0 2 0 0 0 0 0 0 0 2 0 0 0 1 1 0 1 0 1 0 3 0 0 0 0 0 0 0 3 0 0 2 0 2 1 3 0 1 0 3 0 0 2 0 1 0 0 0 0 0 0 0 1 5 0 0 0 0 0 0 7 2 0 1 0 0 0 0 0 2 2 1 0 1 0 0
12 26 8 15 18 5 3 0 6 5 4 31 31 12 6 4 5 2 3 1 4 11 14 7 14 2 11 9 3 5 0 20 14 3 0 27 3 11 4 0 1 29 2 16 20 5 6 4 9 0 6 18 27 0 11 13 14 8 14 23 2 19 36 5 7 8 5 6 7 12 18 7 9 37 4 2 11 2 6 10 6 6 12 1 14 3 0 3 7 8 2 51 15 19 2 30 5 4 4 2
1 1 1 0 0 0 0 1 0 0 0 2 1 2 0 0 0 1 0 0 1 0 1 0 1 0 1 0 1 1 1 0 0 0 2 0 0 0 0 0 3 1 0 0 0 0 0 0 0 0 1 1 0 0 0 0 0 0 0 0 0 1 0 1 0 3 0 0 0 1 0 2 0 0 0 0 0 0 0 0 0 0 0 1 1 0 0 0 0 1 1 0 0 1 1 0 0 2 0 0
1 37 10 2 7 13 0 5 21 1 16 9 0 12 7 5 14 8 3 4 33 5 4 12 2 8 13 15 6 2 26 1 19 3 1 11 10 6 1 0 1 13 34 8 9 0 14 7 2 6 1 10 5 0 9 4 23 1 4 0 5 6 3 14 6 38 3 0 1 10 7 4 6 0 3 12 3 0 23 5 7 17 4 1 8 11 15 13 0 9 12 2 3 3 17 3 6 8 1 0
0 0 0 1 9 11 5 7 5 1 3 10 0 3 7 2 1 4 1 0 4 2 4 2 0 3 3 5 1 12 0 3 6 0 2 0 1 14 1 1 0 16 0 1 1 0 4 4 5 6 5 1 8 3 0 1 0 3 3 11 1 3 3 0 0 0 9 4 6 4 7 1 6 10 4 4 6 0 2 0 0 1 0 29 3 10 2 15 0 11 5 0 0 0 4 0 7 2 8 21
3 1 9 0 23 4 3 0 16 21 6 0 0 13 2 24 12 3 2 3 13 11 7 5 3 0 2 2 0 13 1 1 3 2 9 23 16 3 20 3 10 19 9 3 5 9 3 9 0 0 9 3 7 1 5 0 8 5 6 2 12 2 0 3 0 0 1 8 3 8 14 0 4 2 7 13 0 8 3 7 2 13 2 21 4 6 15 2 9 7 3 5 2 6 4 11 22 10 1 5
5 3 0 1 9 2 0 2 1 0 24 13 1 5 2 10 2 5 0 11 10 8 2 3 10 0 9 20 17 3 4 27 1 3 6 0 0 18 0 3 2 6 3 8 8 2 1 0 5 1 8 2 1 17 14 3 7 2 2 1 4 2 12 3 13 2 28 3 6 2 0 5 8 10 3 8 8 6 0 26 8 4 2 11 20 3 1 1 1 0 2 15 3 7 8 21 45 2 11 19
1 0 0 0 1 0 0 4 0 1 0 6 0 0 1 1 0 2 2 0 6 0 0 0 0 0 0 2 0 0 1 1 1 0 1 0 1 0 0 0 1 0 0 0 0 0 1 0 1 3 0 0 0 0 0 0 0 0 1 0 0 0 0 0 0 0 0 1 0 0 0 0 0 1 0 0 1 0 0 3 0 0 0 0 0 1 1 0 0 0 2 0 0 0 0 0 0 0 0 1
0 0 0 3 2 0 0 9 0 8 0 1 2 1 3 15 5 1 0 9 4 0 11 2 1 1 1 2 18 3 4 2 2 3 4 0 0 1 1 7 5 2 3 1 8 2 0 6 0 9 12 1 0 1 4 11 3 6 0 1 8 0 6 0 3 4 1 9 3 1 1 0 6 1 1 9 6 20 3 1 2 0 10 7 3 8 6 0 4 1 3 8 6 9 8 6 5 21 7 1
1 1 0 1 0 1 0 2 0 0 0 1 0 0 1 0 0 1 0 0 2 0 0 0 0 2 0 0 0 0 0 2 1 0 2 0 2 0 0 0 0 0 0 0 0 0 2 0 0 0 1 0 0 0 0 1 2 0 0 0 1 1 0 0 0 3 1 0 0 1 0 0 1 3 2 0 0 0 0 0 1 0 0 0 3 0 0 0 0 0 0 1 0 4 0 0 1 0 0 0
0 0 0 1 0 0 0 0 0 0 2 0 0 0 0 1 2 2 1 0 0 0 0 3 0 0 0 2 0 0 1 0 0 1 1 0 0 1 0 2 1 0 0 0 0 0 0 0 2 0 1 1 0 0 0 0 0 0 0 2 0 0 0 0 0 1 2 0 0 2 0 2 1 1 0 1 0 0 0 0 0 2 0 1 1 0 0 0 1 0 1 0 0 0 0 0 1 1 0 0
4 21 1 3 1 7 3 23 17 5 31 10 3 2 4 17 0 7 5 15 5 4 1 4 12 0 3 8 0 2 2 4 4 0 0 59 4 2 0 3 6 3 8 26 2 5 1 23 14 0 3 0 1 0 30 0 5 0 14 8 7 5 39 0 11 0 4 5 22 17 0 4 2 9 5 0 3 0 6 6 2 31 11 42 11 31 4 7 18 2 2 17 3 0 15 0 10 4 7 1
0 3 0 1 0 1 1 0 0 0 0 0 1 0 0 0 0 0 1 6 1 0 0 0 0 0 0 0 0 2 0 0 0 0 2 0 0 0 0 0 0 0 0 0 0 1 0 0 1 5 0 0 2 0 1 0 0 1 0 2 0 0 0 1 2 0 0 1 0 0 1 0 0 0 0 0 0 0 0 0 0 0 0 0 0 2 13 0 0 2 0 2 0 1 0 0 1 0 1 0
0 0 7 2 4 6 6 14 31 8 0 34 0 4 0 0 2 3 3 5 7 35 33 20 15 16 16 6 6 5 1 2 5 3 0 5 9 12 1 1 12 3 14 1 2 10 9 3 1 10 3 2 4 11 9 1 1 3 9 1 2 7 7 3 18 0 0 1 0 22 11 7 0 11 5 8 20 0 2 1 1 28 10 18 37 1 7 7 24 0 4 18 0 14 1 7 18 1 2 2
13 12 8 4 2 2 7 12 2 3 9 2 6 47 6 20 2 9 2 1 7 3 6 1 3 3 23 3 3 8 18 17 20 16 2 7 0 4 27 6 3 4 2 3 16 0 24 5 7 1 1 11 13 6 5 13 9 7 13 7 0 4 2 7 5 12 3 2 3 1 20 2 1 3 1 2 16 0 3 0 1 1 3 6 14 14 0 5 15 22 7 3 4 7 14 14 6 30 1 8
1 0 0 1 0 0 2 0 0 1 0 0 1 0 0 0 0 1 0 0 1 0 0 0 0 0 1 0 0 0 0 0 0 0 0 0 2 0 2 0 0 0 0 0 0 0 0 0 0 0 0 0 0 1 1 0 1 3 0 0 0 1 1 0 0 0 0 1 0 0 0 0 0 0 0 0 2 0 0 0 0 0 0 0 0 0 2 0 0 0 0 0 1 0 2 0 0 0 0 0
0 4 7 4 5 0 4 2 1 12 5 1 0 4 4 1 3 1 1 6 3 2 7 4 3 0 0 18 1 3 0 1 0 0 0 3 8 1 0 0 11 5 7 1 0 1 1 4 28 3 1 14 18 13 9 8 1 1 5 7 5 0 1 0 1 2 2 0 5 6 1 1 0 4 8 7 6 0 3 0 9 1 6 8 2 2 1 0 1 7 3 6 2 9 1 4 5 0 1 4
0 1 0 0 0 1 2 0 0 0 0 0 0 0 0 0 1 1 0 0 0 0 0 0 0 0 1 0 0 0 2 0 0 0 0 0 0 1 2 0 0 1 0 1 1 0 0 0 0 0 1 0 0 0 0 0 1 0 0 0 0 0 0 0 0 0 5 0 0 0 0 0 0 0 1 0 1 0 1 0 0 0 0 0 0 0 0 0 0 0 2 1 0 3 0 0 0 0 2 1
0 0 12 0 1 0 1 1 4 4 0 9 1 0 11 0 1 0 0 2 0 9 1 2 1 1 5 10 4 0 0 0 0 0 3 0 1 0 1 17 26 0 18 0 1 0 7 0 2 0 1 4 1 1 4 3 10 0 2 0 3 15 11 7 17 2 0 0 5 0 0 4 1 16 2 0 7 1 0 0 0 2 1 0 4 0 1 1 0 0 7 4 10 1 1 0 13 0 3 5
5 11 0 1 1 1 2 22 2 0 3 0 11 2 0 5 0 5 0 2 12 10 1 9 1 8 4 6 7 0 13 5 8 11 7 7 16 0 9 6 15 2 1 2 16 9 13 19 1 1 6 0 5 13 2 6 9 16 25 10 12 15 21 20 0 11 13 8 4 3 3 0 6 18 6 0 8 0 12 1 9 22 0 7 2 0 6 43 0 15 1 5 4 2 0 42 9 4 10 24
4 4 1 1 1 5 2 0 0 0 16 4 1 0 0 0 3 7 8 6 11 0 1 1 21 2 0 4 3 12 2 0 4 2 1 7 2 4 5 5 0 5 2 6 6 1 3 0 4 1 8 1 0 4 1 4 2 4 5 0 0 0 1 8 4 4 0 6 0 7 8 2 21 0 0 1 1 0 2 0 0 0 1 7 2 6 1 10 2 4 3 18 1 1 1 1 1 12 9 1
0 2 4 11 0 4 1 0 9 20 5 9 7 3 5 0 9 6 3 12 2 6 14 3 0 7 1 1 0 2 4 0 0 9 0 3 12 11 0 1 2 1 2 9 8 3 2 6 3 3 5 4 0 1 1 4 3 4 1 3 0 3 5 6 8 1 4 10 1 3 12 5 2 2 2 2 1 17 4 5 1 12 2 3 3 3 0 4 12 0 3 2 5 5 0 3 2 3 8 14
0 0 16 9 1 0 0 8 13 6 4 21 0 3 16 13 3 1 7 0 11 5 4 7 6 2 0 3 18 21 7 1 4 14 16 1 7 16 0 6 3 0 15 1 22 8 5 2 9 28 5 5 6 0 6 0 3 0 2 0 30 35 4 8 2 26 19 27 4 22 5 8 3 32 0 4 20 6 1 41 4 7 5 3 1 13 3 5 8 15 1 0 2 0 2 12 7 2 5 17
2 1 0 0 0 0 0 0 0 1 0 0 1 0 0 1 1 3 3 2 1 0 0 0 3 1 0 0 0 0 0 3 0 0 1 1 0 0 1 0 0 0 2 0 0 0 0 0 0 2 1 0 0 1 0 1 0 0 0 0 1 0 0 0 2 0 0 0 0 10 0 2 0 0 0 0 1 0 0 0 1 1 0 0 0 0 0 0 0 0 0 2 0 0 1 1 0 0 1 0
4 1 1 10 1 0 25 45 2 23 3 15 1 27 1 3 6 6 1 7 7 2 1 6 5 26 1 4 11 23 3 7 7 1 19 4 2 1 0 9 0 1 4 3 8 13 3 0 0 0 26 5 8 4 0 0 35 12 17 6 2 4 0 3 3 4 10 18 16 43 0 2 2 5 3 14 8 15 6 9 2 1 14 8 1 2 16 5 0 7 24 6 0 11 5 5 1 1 5 2
0 0 0 0 0 0 0 1 1 0 0 0 0 0 3 0 1 1 0 2 1 4 3 0 1 0 2 1 0 0 0 0 0 4 0 0 0 0 0 0 13 0 0 0 0 0 0 1 0 0 0 0 0 0 2 0 0 0 0 1 1 0 0 0 1 0 0 0 1 0 0 0 0 1 1 0 0 0 0 0 0 0 4 0 0 2 0 0 0 1 0 5 0 0 0 1 1 0 0 0
1 3 2 0 11 15 2 4 1 6 10 0 2 10 4 4 5 23 2 2 8 1 4 2 2 1 10 1 0 1 11 1 7 0 7 8 1 5 3 6 0 9 18 3 12 5 2 0 1 6 5 5 3 4 0 2 1 0 7 5 3 0 4 0 6 4 21 2 0 4 2 3 5 9 11 16 0 12 2 0 4 6 0 2 25 3 0 8 1 1 2 2 8 0 1 1 4 1 4 2
0 0 0 0 1 0 1 0 0 2 0 0 0 1 1 1 0 0 1 1 0 0 0 1 0 1 0 0 0 0 0 0 0 1 1 1 0 0 0 0 0 0 0 0 1 0 1 1 0 3 0 0 0 0 0 0 0 0 2 0 0 0 0 0 0 0 0 3 0 1 0 0 0 0 4 1 0 0 0 0 0 1 1 0 0 0 1 0 0 0 2 0 0 0 1 1 0 0 1 0
2 0 5 4 2 7 4 3 1 4 12 2 7 5 2 15 4 11 4 11 0 3 1 6 0 12 0 4 4 1 9 1 7 1 5 12 0 1 0 15 7 0 0 2 0 3 6 1 5 8 12 5 6 1 0 0 2 0 8 2 3 4 0 1 0 3 24 0 18 8 1 0 0 3 4 0 17 0 0 5 15 7 18 1 3 2 8 17 1 2 7 10 5 3 21 6 7 0 0 3
5 1 7 3 2 21 0 1 0 11 2 10 7 0 1 10 3 0 8 10 9 5 19 1 1 16 10 20 1 2 0 1 28 12 6 2 22 12 16 1 5 4 29 5 2 0 11 0 12 28 3 14 8 3 20 0 25 19 4 26 3 0 0 6 0 11 5 4 5 0 14 20 8 23 5 12 5 3 11 8 2 12 0 8 10 11 3 2 1 15 0 12 2 0 10 2 1 2 0 4
3 0 0 0 0 1 0 0 0 1 0 0 0 0 0 3 0 0 0 0 0 0 0 0 0 1 1 0 0 0 0 1 0 0 0 2 0 0 0 0 0 0 0 2 0 2 2 0 1 0 1 0 0 0 0 2 0 0 0 3 0 1 0 0 0 0 0 2 5 3 0 1 0 0 0 0 1 1 2 0 0 2 0 0 0 0 0 3 1 0 1 0 0 0 0 0 0 1 0 1
1 4 14 4 31 2 11 5 19 8 30 8 6 2 29 21 11 2 3 3 0 2 13 1 10 7 5 5 2 4 7 16 6 8 4 2 2 7 3 9 16 34 9 0 1 1 5 2 12 3 8 6 3 2 9 1 2 12 11 17 13 17 13 3 10 1 5 3 2 2 0 0 26 5 6 18 2 6 8 1 4 4 4 9 17 0 1 6 2 12 1 6 4 9 0 10 2 1 8 4
0 1 0 0 0 0 0 0 2 2 2 1 0 0 0 0 0 0 0 0 0 1 0 0 1 0 0 3 0 0 0 0 0 0 0 2 0 0 0 1 0 0 0 1 1 1 0 0 2 0 0 0 3 0 0 0 0 1 0 1 0 1 0 0 1 0 3 0 0 0 0 1 1 0 0 0 3 0 0 0 2 1 0 0 0 0 0 1 0 0 0 0 0 0 0 0 0 0 0 0
0 0 0 0 0 0 1 1 0 1 1 0 0 5 1 0 0 0 2 0 0 2 0 0 0 1 0 0 0 3 0 2 0 0 0 0 0 0 0 1 0 0 1 0 1 1 1 0 0 0 0 0 0 0 0 0 0 1 0 2 4 5 1 1 1 0 2 1 0 0 0 0 1 1 2 1 0 3 0 7 0 0 0 1 0 0 0 0 1 0 2 0 0 0 1 0 0 0 0 0
1 0 1 0 1 0 3 0 3 0 6 3 0 0 0 0 0 1 0 0 0 0 0 2 1 0 0 1 4 0 0 0 2 0 0 0 0 0 0 0 0 0 2 0 0 1 0 1 0 1 0 0 0 0 12 0 0 0 0 0 1 0 0 0 2 0 0 0 2 0 0 0 0 0 1 0 1 0 1 0 3 0 1 3 0 1 0 0 0 0 6 1 0 0 0 0 0 0 0 0
0 2 13 0 13 9 14 1 6 9 9 27 10 7 0 9 0 6 3 0 11 0 27 8 13 5 1 6 0 13 7 2 6 10 19 14 10 19 3 7 20 18 4 4 2 0 2 6 2 3 3 10 32 19 1 9 21 19 4 4 1 1 12 1 18 3 24 1 0 2 10 0 1 3 6 14 0 9 8 4 2 21 11 5 8 0 1 3 0 15 5 8 10 3 2 10 14 2 18 3
2 3 4 21 6 2 2 6 2 2 9 23 4 4 11 1 13 3 3 6 8 8 1 4 13 3 2 14 12 15 5 9 9 9 3 0 7 1 4 10 1 12 3 5 0 1 9 15 13 0 0 2 16 8 2 2 8 8 18 3 26 18 1 1 3 22 3 1 4 4 19 8 35 4 10 12 5 3 3 5 1 8 0 2 0 1 14 0 6 6 1 38 11 22 8 18 19 6 5 7
1 7 0 3 3 2 2 6 1 4 1 9 15 0 7 2 8 2 0 4 3 5 0 7 4 0 6 3 19 2 0 0 0 19 1 1 8 2 1 2 2 0 0 4 1 3 0 1 2 6 3 3 3 4 3 15 3 1 0 4 12 15 1 3 2 0 0 2 7 1 3 1 7 2 6 0 9 11 4 5 0 0 2 0 7 7 1 4 8 3 13 0 9 17 2 5 2 7 1 2
0 0 0 2 0 0 0 0 0 1 0 2 2 0 1 0 1 0 0 0 1 0 0 2 0 0 0 1 0 0 0 0 1 0 0 2 0 0 1 1 0 0 0 0 0 0 0 0 0 0 0 0 1 0 0 1 0 0 0 0 0 0 0 0 0 2 5 0 0 0 0 0 0 1 0 0 0 0 0 0 0 0 1 1 0 0 0 2 0 0 0 2 1 0 0 2 2 1 0 0
20 13 15 11 13 4 2 3 5 4 9 6 15 1 12 11 6 11 9 5 2 6 0 0 11 19 30 29 3 5 8 1 1 10 12 1 21 3 0 2 1 4 0 2 18 2 18 41 15 3 10 15 1 10 1 1 0 8 2 6 16 6 8 3 6 0 2 3 0 7 10 2 0 3 5 1 15 0 6 16 12 18 2 1 4 4 9 36 4 1 0 4 21 1 3 0 1 5 3 2
0 0 0 1 0 0 0 0 2 1 0 0 0 0 1 1 0 1 1 0 0 0 2 1 1 2 0 1 1 0 0 2 0 1 1 0 0 0 0 1 1 0 0 0 0 0 2 0 2 0 1 1 0 0 0 6 0 0 0 0 0 1 0 1 1 0 0 0 0 0 0 1 1 0 0 0 1 2 0 0 0 0 3 0 2 0 0 0 2 3 0 0 0 1 0 0 0 0 0 0
0 9 3 24 6 1 1 0 3 1 1 0 21 2 3 1 6 4 7 0 10 1 1 6 9 10 1 6 0 6 7 0 2 9 0 2 1 2 0 11 4 0 0 0 4 5 3 4 9 0 2 4 1 2 2 2 17 1 2 0 8 1 2 4 0 3 3 3 0 5 1 0 5 5 7 8 0 3 0 5 6 0 3 2 9 24 11 1 6 0 1 2 0 2 5 2 5 3 12 8
0 2 0 1 0 3 0 1 0 0 0 6 3 0 0 1 2 0 1 1 0 1 0 0 0 0 0 0 1 0 0 1 1 1 0 1 0 0 0 0 1 2 4 0 0 0 0 0 0 1 0 0 0 0 0 0 0 0 0 0 1 0 1 0 0 0 1 0 8 0 1 0 0 1 0 0 0 0 0 0 1 1 0 0 0 0 1 0 0 0 0 0 0 1 0 1 0 0 0 0
0 1 1 0 1 0 0 0 1 0 2 0 0 0 6 0 0 0 0 1 0 5 1 0 1 0 0 1 1 0 0 4 0 0 0 0 0 0 0 0 1 0 0 1 1 0 2 3 5 0 0 2 7 0 0 0 0 0 4 1 2 13 9 2 1 0 4 0 0 0 0 0 0 0 4 0 0 0 1 6 1 1 0 0 10 1 0 0 0 0 1 0 0 0 0 0 0 0 0 0
5 11 18 23 13 1 4 3 3 6 4 9 1 5 6 13 1 0 3 0 5 9 16 2 0 14 13 3 12 7 15 3 2 10 6 3 1 0 0 1 1 13 13 1 0 1 7 3 2 2 1 11 16 0 7 0 16 4 3 5 2 3 0 7 26 1 16 0 9 22 0 3 20 2 16 11 11 30 1 15 0 11 0 19 7 7 17 17 4 0 4 0 10 12 1 2 1 3 1 5
0 4 3 9 1 2 0 5 2 2 6 4 34 0 3 14 34 1 3 15 10 2 6 3 9 1 2 7 0 5 1 6 28 0 2 7 1 1 8 26 1 3 1 6 3 0 0 0 22 0 1 0 1 6 0 7 1 2 2 8 3 1 5 1 29 1 0 9 4 5 0 1 2 6 0 0 5 1 18 1 2 0 3 7 0 2 9 13 0 34 1 3 0 0 0 18 15 2 6 0
13 0 0 0 1 0 0 1 0 0 0 0 0 0 0 4 0 0 1 0 1 1 0 0 0 0 0 1 0 0 0 0 0 0 1 2 0 0 0 1 0 0 0 0 0 0 0 3 0 0 0 0 0 3 0 0 1 0 0 0 0 0 0 1 0 0 0 0 0 6 2 0 0 0 2 0 0 0 0 0 1 1 2 0 0 0 0 0 0 0 0 1 1 0 0 0 0 0 0 0
0 0 0 0 6 0 0 0 1 1 1 2 0 0 0 1 0 1 0 15 0 0 2 1 1 1 0 0 1 0 0 0 2 0 0 1 0 0 0 0 2 0 0 1 0 0 0 0 0 7 0 0 0 0 3 1 0 1 0 0 0 0 0 1 0 0 1 0 0 1 1 0 0 2 0 0 0 0 0 0 2 0 0 2 0 0 9 0 0 0 0 0 0 0 0 1 0 0 0 0
3 14 0 5 0 0 1 7 0 5 3 1 0 1 0 0 0 0 0 0 3 0 0 2 0 0 0 0 0 1 0 3 0 0 1 1 0 0 0 1 0 0 0 0 0 0 1 0 0 0 1 0 0 0 0 0 0 0 1 0 0 0 0 0 0 0 0 1 0 1 0 1 1 0 1 0 1 0 0 0 0 0 0 0 0 0 0 0 1 0 0 0 1 2 0 1 0 0 0 0
0 0 8 0 2 7 2 6 3 5 0 6 0 6 5 6 1 10 2 0 0 2 3 4 5 1 6 6 6 7 1 0 3 5 19 0 9 1 7 1 1 14 2 5 5 0 0 9 5 4 4 9 1 0 1 1 2 10 36 4 1 4 1 6 1 5 6 3 7 1 15 0 9 6 4 1 1 0 3 5 0 0 9 3 2 4 1 6 3 2 5 10 0 16 3 1 2 11 0 9
2 31 7 6 3 5 2 3 3 0 0 6 0 2 4 17 11 11 12 0 3 1 0 1 0 0 4 4 20 0 0 5 2 3 0 0 6 3 5 2 2 3 9 2 0 2 0 0 3 0 0 9 7 4 5 0 5 0 0 1 3 5 9 3 8 2 2 1 3 7 19 2 10 2 2 0 9 0 1 2 11 0 4 1 17 4 8 5 4 1 7 3 0 11 1 0 4 0 7 2
0 1 0 0 0 1 0 0 0 0 1 0 1 0 0 1 1 4 0 8 0 0 0 1 2 0 1 2 0 3 0 1 0 1 0 0 0 0 1 0 0 1 0 0 0 0 0 0 0 0 2 0 0 0 0 0 0 0 1 0 0 3 0 0 1 2 0 0 6 1 0 0 0 0 0 0 0 0 2 0 0 0 0 0 2 0 0 0 0 0 1 0 0 0 0 0 0 0 1 0
1 0 0 0 0 0 0 0 0 0 0 0 1 0 0 0 1 0 1 0 0 0 0 2 2 1 0 0 0 0 1 0 1 0 1 0 0 0 0 0 0 0 3 0 1 0 0 0 0 0 0 0 0 0 0 2 0 1 1 1 0 1 1 1 0 2 0 1 0 5 1 0 1 0 0 0 0 0 0 0 0 0 0 6 0 0 0 0 0 0 0 0 0 0 0 0 1 0 2 0
7 2 1 11 0 0 1 0 0 11 9 1 6 0 6 8 30 16 2 35 3 2 7 7 10 16 16 11 3 1 1 30 14 29 6 1 20 10 4 3 2 5 2 2 1 3 1 1 4 2 8 0 14 16 9 7 8 3 32 14 18 3 19 3 4 6 5 3 13 9 5 0 4 2 4 2 11 9 24 0 5 0 13 0 5 8 3 15 0 1 7 3 4 0 5 2 0 0 0 1
0 0 2 0 0 1 0 0 2 13 0 0 0 0 1 3 0 1 0 0 0 7 1 1 0 1 0 0 0 1 0 1 1 0 0 0 0 1 2 0 0 0 0 0 0 0 0 12 1 0 1 1 0 1 0 0 0 0 0 0 2 2 2 1 1 2 10 0 0 0 0 1 2 0 4 1 0 4 0 26 0 1 0 0 0 0 0 0 0 0 0 0 0 0 0 0 2 0 0 0
1 2 0 0 0 0 0 1 0 0 0 0 0 3 0 0 3 0 1 0 0 1 0 0 0 0 0 1 0 0 0 0 1 0 0 1 0 0 0 1 0 0 0 0 1 2 0 0 1 0 0 0 0 2 1 0 1 0 0 0 0 0 0 0 0 0 0 0 0 0 1 0 0 0 0 0 0 0 0 0 0 0 0 1 0 5 0 1 0 0 1 0 1 0 0 0 0 0 0 1
1 0 0 1 0 0 0 0 0 1 1 0 0 0 0 0 0 0 0 0 0 0 1 1 1 0 0 0 1 1 0 0 0 0 2 0 1 0 0 0 8 0 0 2 0 0 2 0 0 0 0 3 0 0 0 0 0 0 0 1 0 0 0 0 0 0 0 4 1 0 2 0 5 1 0 0 0 1 0 0 2 1 2 0 0 0 0 0 0 3 0 0 0 6 0 0 0 0 0 0
1 0 0 0 0 0 0 0 1 1 4 0 0 0 0 0 0 0 0 0 1 0 1 0 0 1 1 0 0 1 1 2 0 0 0 0 0 0 0 0 1 0 0 0 3 1 0 0 0 0 0 0 1 1 0 0 1 0 0 1 0 1 0 0 2 1 0 1 10 0 0 0 0 0 0 4 0 1 2 1 0 1 0 0 0 4 0 0 0 0 0 0 1 1 0 0 0 0 0 0
4 6 4 2 10 2 12 0 6 1 0 3 13 5 8 17 10 2 9 3 17 10 15 2 15 4 11 12 3 47 32 13 5 1 2 13 4 6 12 19 16 3 4 0 6 3 1 4 0 8 35 5 1 11 3 4 1 3 2 1 13 7 7 0 9 23 5 0 4 29 6 5 6 14 0 7 12 14 3 26 16 23 12 0 4 2 14 31 14 7 14 8 3 5 5 11 10 3 6 14
1 0 1 0 0 0 0 0 0 5 0 0 0 6 2 0 2 1 0 0 0 3 1 1 0 0 0 1 0 1 0 0 0 0 0 0 0 0 1 0 1 0 1 0 1 2 0 3 0 0 0 0 0 0 1 4 1 0 0 4 5 6 2 0 0 1 13 0 0 0 1 0 0 0 0 0 0 0 2 2 1 0 0 1 0 0 4 0 2 0 3 1 0 1 0 0 0 1 0 0
2 3 2 7 5 28 3 3 6 0 2 8 3 3 1 2 0 1 0 2 2 0 7 0 3 0 0 1 5 3 0 0 2 1 15 2 2 8 0 1 0 4 1 0 3 0 0 21 32 10 2 2 23 3 14 2 1 4 0 5 4 5 9 1 0 6 1 1 1 12 12 1 0 7 4 3 6 0 7 2 0 8 1 17 12 2 7 0 8 2 3 2 11 0 3 2 15 15 3 0
8 10 5 12 5 0 11 4 8 27 6 3 15 13 9 4 21 7 3 7 5 11 2 8 28 12 2 0 2 63 5 3 20 27 7 6 0 4 11 0 1 12 6 10 4 0 3 2 1 8 7 1 14 0 13 23 30 11 4 1 2 12 24 1 1 7 0 11 0 12 9 3 22 7 3 18 10 1 8 3 11 7 12 1 8 1 1 5 8 0 3 3 11 0 13 1 27 3 2 41
2 3 0 19 15 1 7 10 18 14 1 2 0 30 14 9 5 16 3 4 10 22 15 2 25 2 3 1 6 12 6 0 1 2 2 9 2 19 15 5 9 4 2 1 11 21 16 3 1 0 18 0 33 2 2 27 8 8 1 2 21 6 5 1 2 19 19 9 16 19 15 4 1 4 0 12 0 7 25 1 0 20 1 25 4 11 0 2 8 0 3 5 7 0 0 2 2 24 2 1
5 4 1 14 10 10 0 4 13 1 12 9 1 3 2 30 18 10 2 1 0 3 0 3 5 22 3 9 2 11 0 3 6 0 1 11 3 12 27 3 0 0 0 8 14 0 1 2 4 7 3 1 14 9 1 1 3 6 1 8 4 7 10 0 1 3 1 11 0 0 0 2 1 9 0 0 22 1 12 1 4 13 7 2 0 1 6 3 2 0 3 6 0 6 2 6 6 20 5 4
0 0 0 0 1 0 1 0 0 0 1 2 0 0 2 1 1 3 0 0 0 0 0 0 1 0 1 0 11 0 1 0 0 1 0 3 1 0 1 1 0 1 1 0 0 0 0 1 0 0 0 1 0 0 0 0 0 0 0 0 0 1 0 0 0 0 0 0 0 0 0 0 0 0 0 0 0 0 0 0 0 0 0 1 0 1 0 0 0 0 1 0 0 0 0 0 0 0 0 0
1 2 9 14 8 3 5 0 1 15 2 2 3 3 4 5 3 5 24 1 35 0 1 0 3 1 7 12 14 0 1 1 2 10 6 0 1 7 0 1 1 3 0 2 9 0 2 8 3 5 5 5 5 2 0 4 12 20 0 22 0 3 1 0 19 8 1 3 1 10 2 6 4 5 0 2 8 2 0 5 3 4 3 0 2 7 4 2 1 7 8 0 12 0 13 0 4 12 2 5
1 0 0 0 2 0 2 0 0 0 4 5 2 0 0 0 0 2 0 0 0 0 0 0 1 0 0 0 4 0 0 0 2 0 1 1 0 0 0 0 0 2 6 1 0 0 0 1 0 0 0 1 0 0 0 0 1 0 0 1 0 0 0 0 1 1 0 0 9 0 2 3 1 2 0 0 0 1 2 0 0 0 0 0 0 4 0 0 0 1 0 0 1 0 6 0 1 0 0 1
15 3 4 21 4 20 8 1 0 0 11 1 4 11 0 17 4 5 3 4 4 0 7 14 2 4 8 0 17 4 7 1 25 5 4 4 1 23 13 19 5 3 15 0 5 27 9 30 2 0 3 12 4 5 0 2 19 18 10 4 8 12 1 0 0 1 6 2 7 4 8 19 0 2 0 6 17 22 3 3 8 32 2 0 3 2 1 2 5 12 0 8 5 6 1 11 3 8 9 20
3 11 0 7 2 4 3 6 6 22 0 20 5 5 1 8 11 2 0 3 3 0 4 2 1 4 4 1 0 0 0 8 7 0 4 9 7 4 7 15 4 15 5 8 1 5 6 1 2 8 8 1 9 1 0 2 3 3 1 1 2 12 0 0 1 4 0 1 2 17 1 0 1 2 0 1 0 6 0 3 0 0 1 0 0 1 3 1 1 4 6 1 11 2 0 1 34 4 1 7
10 5 11 8 26 9 2 9 12 13 22 5 5 6 33 14 10 17 13 4 17 1 10 7 1 14 0 1 3 11 2 8 17 0 2 1 11 3 15 4 9 5 5 14 10 6 18 3 8 3 4 1 15 1 3 30 5 11 33 6 14 11 10 4 17 7 2 10 3 5 22 6 3 5 8 13 8 1 0 6 1 19 12 8 6 9 6 0 8 0 6 6 0 10 21 1 5 5 37 5
5 0 0 5 7 1 9 0 0 4 10 2 0 7 1 1 1 3 0 7 0 1 2 4 0 0 0 5 0 3 0 0 0 2 0 2 18 3 17 3 0 1 11 1 3 0 0 1 7 0 4 0 13 0 1 7 0 0 7 0 1 3 0 1 0 0 0 2 1 4 3 0 3 3 16 10 6 5 8 0 2 0 7 10 1 0 0 8 2 5 13 4 0 8 1 1 3 6 3 0
2 1 0 3 0 5 2 3 1 1 1 1 15 1 15 0 1 2 0 1 1 7 18 2 1 4 0 1 4 8 7 13 6 1 3 0 1 0 5 4 2 7 0 0 8 0 1 0 6 10 0 0 3 1 3 0 2 5 0 4 5 1 20 11 2 13 0 0 12 6 5 4 0 7 3 0 2 2 5 1 0 7 1 4 0 12 3 2 2 4 11 1 2 1 1 0 7 6 4 7
1 0 0 0 0 0 1 0 1 0 0 0 0 1 1 0 0 0 0 0 2 0 0 0 0 0 0 0 4 1 0 0 0 0 1 1 0 0 0 0 0 0 1 0 0 0 0 1 2 0 0 0 1 0 1 0 0 1 0 0 0 0 0 2 1 1 2 0 0 0 0 0 0 0 0 0 0 0 0 0 0 0 1 1 1 0 0 0 1 0 0 1 1 0 0 0 0 0 0 2
5 0 0 6 1 6 2 2 8 2 5 9 11 5 0 0 3 2 0 0 8 10 6 2 0 2 5 22 6 3 3 1 2 7 0 5 0 24 6 3 9 2 4 0 0 0 0 0 11 7 4 5 1 3 16 11 1 1 0 0 8 4 0 2 2 5 2 1 0 3 6 3 4 5 12 2 10 1 4 0 1 4 4 1 3 6 8 0 3 9 1 4 5 5 1 7 4 6 1 6
12 16 8 1 0 13 3 22 16 39 3 7 3 14 0 0 7 3 1 3 1 8 0 3 7 8 20 1 17 3 10 2 10 0 3 5 0 1 3 0 8 10 5 12 3 1 30 2 24 0 17 0 31 5 11 7 5 4 2 13 3 1 3 6 0 1 12 0 10 1 5 43 18 4 1 18 0 1 4 2 30 12 3 4 5 5 11 5 20 0 3 8 26 7 1 23 2 10 9 10
13 17 14 5 9 3 4 7 1 0 5 0 3 2 4 1 4 0 7 4 1 0 0 8 4 4 6 1 0 25 0 1 1 6 2 0 1 0 2 0 4 2 4 4 2 3 3 2 9 30 4 5 1 6 6 1 12 7 11 0 0 0 0 5 5 0 0 9 3 8 5 3 3 9 0 4 6 0 0 0 10 0 7 2 1 1 4 7 5 0 8 8 2 5 1 3 1 6 7 11
0 0 1 0 0 1 3 1 0 1 9 1 2 0 0 0 0 0 0 0 3 0 0 0 0 0 0 0 0 0 2 0 1 1 0 0 2 0 1 3 0 0 0 0 0 0 1 0 0 0 1 0 3 0 0 1 0 0 0 0 0 0 0 0 0 0 0 2 1 0 0 1 0 1 2 0 0 0 1 0 0 3 0 0 0 1 0 1 0 1 1 0 1 1 0 0 1 1 0 1
2 0 0 0 0 0 0 0 0 0 0 0 0 3 0 1 0 0 0 0 1 0 0 2 0 2 1 2 0 0 1 0 1 1 0 0 1 1 0 1 1 0 1 1 0 2 1 0 0 1 0 0 0 0 0 0 0 5 0 0 0 0 0 0 0 0 1 1 0 0 0 0 0 0 0 0 0 1 2 1 0 1 0 0 0 1 1 0 2 0 0 0 1 1 0 0 0 0 0 0
0 0 0 0 0 0 0 0 0 0 0 1 0 0 0 0 0 1 0 1 0 1 0 0 2 0 0 0 0 4 1 0 2 0 0 2 1 0 1 1 0 0 0 0 1 2 1 2 0 0 0 0 2 0 1 1 0 0 0 8 0 1 0 0 0 2 11 0 3 1 1 0 0 1 0 0 0 14 0 0 1 0 0 0 6 0 0 0 1 1 0 0 0 1 1 0 0 0 0 0
1 0 0 3 0 0 0 1 0 0 1 2 0 0 4 1 0 0 0 2 0 0 1 0 0 0 0 1 0 0 1 0 1 0 0 1 1 0 1 0 0 1 0 0 1 0 1 3 1 1 0 0 0 0 0 1 2 0 0 8 2 1 1 0 0 1 1 0 0 1 0 0 1 0 0 0 0 0 2 0 0 4 2 0 1 0 1 1 0 0 1 0 1 0 0 0 3 0 0 0
0 0 0 3 1 0 0 4 0 1 1 2 1 1 0 0 1 0 0 0 0 0 0 0 0 1 3 1 1 0 1 0 1 0 0 0 0 2 0 0 0 1 0 1 0 0 1 1 0 0 0 0 0 0 0 1 0 0 0 0 0 0 0 0 5 3 0 0 1 1 0 0 0 0 1 2 0 0 3 0 0 0 3 0 1 0 0 0 0 0 0 0 0 0 0 0 0 1 1 0
0 26 10 1 0 3 19 1 21 10 6 6 10 10 5 7 5 0 0 3 5 3 10 1 12 14 1 1 14 0 5 9 4 0 9 1 0 12 13 9 20 0 5 5 21 1 6 4 0 4 4 1 0 8 19 2 12 12 8 1 6 17 13 18 6 3 10 3 0 33 20 20 15 21 8 15 12 2 4 0 14 1 1 4 46 0 2 4 9 9 4 5 7 0 14 8 2 26 19 2
0 2 5 5 1 2 2 2 2 2 4 1 8 2 11 0 11 5 5 1 3 1 5 3 5 15 2 2 8 1 7 1 5 4 3 1 0 1 0 8 16 4 0 9 1 2 0 0 0 1 2 0 13 1 10 0 7 0 7 3 9 12 0 4 7 1 6 13 3 0 2 7 5 2 1 1 1 2 2 4 11 2 1 9 2 18 0 0 1 20 0 3 5 0 2 2 4 0 2 2
1 8 7 11 0 0 0 2 5 6 3 12 0 0 4 3 2 10 2 1 0 1 8 1 1 0 0 0 1 9 1 2 2 1 6 0 0 1 17 5 0 2 3 5 9 3 7 7 5 18 0 5 3 0 5 6 2 3 7 2 6 0 14 7 0 2 3 2 0 4 2 2 0 3 5 1 1 10 13 5 1 0 0 10 2 10 3 11 6 30 7 1 1 0 4 6 1 13 0 4
3 0 1 3 3 3 2 3 1 2 9 0 0 1 8 1 8 1 2 0 4 1 0 1 6 1 5 0 3 4 9 2 18 1 4 1 0 0 4 0 5 4 0 0 1 6 6 1 7 2 1 4 8 1 11 1 11 5 4 9 0 3 0 6 3 8 5 1 1 9 2 1 4 0 16 12 1 5 3 5 1 2 12 8 2 7 1 15 0 14 9 4 8 3 1 0 2 1 5 3
3 5 7 5 6 6 19 37 9 26 23 8 6 0 1 6 5 38 24 16 7 5 2 8 1 16 6 7 2 8 1 5 5 22 16 1 14 18 7 4 4 1 10 5 4 3 7 1 14 5 21 3 16 4 12 2 8 4 9 8 1 11 4 2 5 10 2 0 12 6 2 6 1 17 4 12 4 4 0 2 9 8 13 9 4 8 6 18 5 21 5 2 5 1 19 6 1 7 9 0
0 12 2 8 5 5 11 7 28 2 4 24 19 9 9 10 2 0 7 1 5 0 14 7 8 21 13 1 2 21 7 9 7 0 7 4 2 0 4 22 11 10 2 0 4 7 12 16 14 0 6 23 14 47 2 6 8 4 35 4 22 6 15 9 1 3 2 2 1 3 2 5 0 8 1 4 9 11 9 2 18 30 33 3 11 33 16 18 7 0 4 0 15 15 1 2 3 19 3 4
0 4 3 3 11 0 0 2 2 4 27 8 2 0 1 0 1 6 2 0 4 1 4 0 0 2 10 0 29 2 3 18 1 1 3 4 10 5 2 1 0 2 9 10 0 3 3 4 1 0 0 8 14 11 4 23 5 0 2 0 12 5 8 14 7 11 0 1 7 0 4 15 5 2 2 3 0 2 0 1 4 2 0 4 0 2 14 1 3 4 1 0 0 18 2 3 12 0 4 0
1 0 0 1 0 0 0 0 0 0 1 0 0 1 0 0 0 3 0 0 0 0 0 0 1 0 0 0 2 0 2 0 0 0 0 1 0 0 0 0 1 0 1 0 0 0 0 0 0 0 2 2 0 0 0 2 0 2 0 0 0 1 0 2 0 0 0 4 0 1 0 1 0 1 0 0 0 1 1 3 0 0 0 0 1 1 1 0 0 1 0 0 0 0 0 0 0 1 0 1
0 1 2 2 0 0 0 0 0 0 0 0 1 0 0 5 0 1 0 0 2 0 1 0 0 0 0 0 0 0 3 1 0 0 7 0 5 1 0 0 1 1 0 2 0 1 0 0 0 0 0 0 0 0 0 0 0 0 0 0 0 0 0 0 0 0 1 1 1 0 0 35 0 0 0 0 0 0 0 0 0 1 1 0 0 0 1 0 1 0 1 0 2 0 0 0 0 2 0 2
20 11 3 8 2 5 1 4 25 1 16 4 6 0 0 5 22 0 0 13 5 7 6 1 2 8 6 4 2 5 2 3 23 1 2 1 1 13 13 17 6 1 3 3 3 14 2 5 5 22 0 6 1 3 3 0 6 1 0 4 3 1 1 1 0 3 1 0 6 3 9 11 0 4 0 0 3 2 13 2 1 2 20 6 3 2 1 0 9 11 7 3 1 1 6 21 9 14 6 1
4 3 15 0 11 12 14 11 15 1 7 1 2 1 11 7 3 3 4 1 0 3 0 25 5 1 4 11 13 8 4 3 0 0 0 5 1 17 3 22 0 6 2 4 2 1 14 10 5 9 8 3 4 15 6 14 2 5 6 9 8 13 0 5 15 15 2 4 20 12 3 3 25 24 23 16 17 1 2 12 6 3 10 6 11 13 19 20 2 15 0 11 13 1 5 0 2 6 26 11
1 4 11 1 5 5 4 5 2 0 4 0 3 0 0 3 2 0 2 11 3 4 0 0 2 0 0 0 1 2 2 1 2 0 2 4 2 6 0 0 6 4 4 0 7 9 3 3 1 5 4 17 3 2 7 2 4 2 7 10 1 6 1 1 0 0 2 4 0 12 4 9 2 3 2 15 2 0 1 8 3 1 4 0 2 4 2 1 4 1 1 1 5 5 1 9 7 1 8 2
0 0 12 10 5 4 0 0 1 1 3 2 7 0 1 2 1 2 0 0 6 3 8 3 5 12 0 3 1 1 1 2 4 1 1 8 2 8 8 3 10 5 11 3 0 0 1 1 1 7 0 4 12 4 2 1 6 9 5 6 10 2 1 5 2 3 4 0 5 1 1 8 2 11 2 0 0 14 5 9 1 3 7 4 3 1 13 4 1 0 10 0 4 0 9 0 0 4 4 8
2 2 0 0 4 0 0 14 6 0 2 4 0 9 8 2 8 4 2 0 8 23 7 10 22 7 12 4 0 18 17 7 2 1 5 7 14 6 0 8 8 4 0 1 21 5 1 22 0 2 11 3 2 42 0 9 14 20 0 9 0 15 11 4 22 10 2 0 6 1 15 1 1 10 10 0 4 2 2 7 0 13 5 4 21 0 0 13 6 10 25 10 6 36 11 7 1 1 3 1
0 0 0 1 0 0 0 0 0 0 0 2 1 0 0 0 0 0 0 2 0 0 0 0 1 2 0 0 2 0 1 0 0 0 0 0 0 0 0 0 0 2 0 0 1 1 0 1 0 0 0 0 0 0 0 0 3 0 1 1 0 1 1 0 1 0 0 0 0 1 0 0 0 1 1 0 2 2 0 1 0 0 0 0 0 1 0 2 0 0 0 0 0 0 0 0 0 3 0 0
5 3 4 2 2 13 7 5 4 5 16 7 20 28 8 2 1 1 8 0 22 5 0 5 8 2 8 1 0 13 1 2 8 1 1 1 0 1 12 1 4 10 13 5 3 9 1 1 1 26 4 31 2 3 1 17 0 3 2 1 1 1 15 0 21 18 5 24 7 3 2 13 17 10 45 5 14 4 1 6 8 22 21 5 0 0 8 2 9 6 18 9 3 3 11 1 13 0 8 8
1 1 0 1 0 1 0 0 1 0 0 0 0 2 0 1 0 0 0 0 0 0 0 2 0 0 0 0 0 0 0 0 4 0 0 0 0 0 0 0 1 0 1 2 0 0 0 1 0 0 1 1 1 0 0 0 0 0 0 0 0 0 0 0 1 0 0 1 0 0 0 1 0 0 0 0 0 0 0 0 1 2 5 0 0 0 0 0 0 0 1 1 0 7 0 0 0 0 0 1
0 0 0 0 0 0 1 0 0 1 0 0 0 2 0 0 0 0 2 2 0 0 1 0 1 1 3 0 0 1 0 0 0 0 1 0 0 0 0 3 1 1 0 0 0 1 1 0 0 0 0 0 0 0 1 2 0 0 0 0 0 1 0 0 0 1 0 0 0 0 0 1 0 0 0 0 0 0 3 0 0 0 0 0 0 0 1 0 0 1 0 4 0 7 0 0 0 0 2 1
