0 1 0 0 0 0 0 1 0 1 0 0 1 0 0 1 1 0 0 1 0 1 0 0 0 0 1 1 2 0 0 6 0 0 0 0 1 2 0 0 1 0 0 0 1 0 1 0 0 0 0 0 1 4 1 1 4 0 0 1 0 0 1 0 8 1 0 0 1 2 0 0 0 0 0 1 0 0 0 2 1 0 0 0 0 2 0 0 0 0 1 0 0 2 1 0 0 0 0 0
0 0 0 0 0 0 0 5 0 0 0 0 0 0 0 1 0 0 0 0 4 0 0 1 1 0 4 0 0 0 0 1 0 0 1 0 0 0 2 0 0 0 1 0 1 0 1 0 1 0 0 3 0 4 1 0 0 0 0 1 1 2 0 0 0 0 0 0 0 0 0 0 0 0 0 1 0 0 0 0 0 0 0 1 0 0 1 0 0 0 0 0 15 0 0 0 0 1 0 0
4 4 0 2 9 8 1 8 3 9 2 9 2 0 1 2 2 14 10 11 1 2 5 2 5 1 1 2 7 3 1 1 6 2 0 5 6 12 0 1 3 2 2 7 0 4 9 6 4 0 3 0 0 8 5 3 3 0 25 0 1 1 6 6 1 1 0 5 5 3 6 1 0 8 1 9 3 4 0 0 1 12 0 2 6 5 4 8 3 0 1 1 2 12 2 2 19 7 10 2
1 0 1 0 0 2 0 7 0 1 0 5 0 1 0 0 0 0 0 0 1 0 0 0 1 1 1 0 0 0 1 0 1 0 0 0 0 0 0 1 1 1 2 0 0 0 0 2 1 1 0 0 2 0 0 0 0 0 0 0 0 0 0 0 0 0 1 0 0 0 0 2 0 2 0 0 2 0 0 0 0 2 0 0 0 0 2 0 0 0 1 0 0 1 0 0 0 0 1 2
2 3 5 10 2 3 28 4 1 0 9 0 12 4 17 2 0 10 0 25 31 5 1 0 1 14 8 1 11 11 7 0 3 3 3 13 2 13 0 0 1 5 11 2 10 6 0 9 6 4 11 17 28 2 1 3 16 18 8 0 9 8 11 3 3 7 9 3 6 5 15 4 4 18 12 0 6 1 29 7 1 3 9 7 5 14 2 6 36 2 1 0 3 13 10 1 11 16 8 13
12 5 3 2 1 4 16 8 8 0 5 4 9 6 9 11 16 6 4 3 38 4 16 1 1 2 2 4 23 5 19 1 7 33 15 6 1 5 11 0 5 3 0 7 18 6 6 8 4 3 3 10 0 9 4 5 4 5 6 29 1 6 10 0 11 3 13 1 3 11 10 16 3 6 8 0 6 13 22 9 1 0 0 12 24 5 7 5 15 3 14 13 29 16 1 2 1 2 14 10
6 5 8 9 1 3 5 3 6 6 5 19 5 30 0 9 3 1 23 13 4 3 2 1 13 14 6 6 1 2 5 2 1 4 1 4 9 10 4 1 12 15 23 14 1 9 0 0 3 2 24 2 19 0 0 11 19 1 6 3 4 1 18 0 4 12 12 9 23 16 7 5 16 2 0 0 16 12 8 3 8 4 6 18 3 5 24 12 7 13 0 6 5 9 4 0 0 4 0 23
1 3 4 9 8 4 1 11 5 1 7 13 11 47 8 4 5 8 0 1 1 2 5 1 18 1 24 4 13 3 0 0 9 15 6 3 6 2 1 5 0 6 13 2 0 0 13 13 3 4 16 3 6 17 30 2 0 0 9 8 17 0 14 12 0 6 5 8 1 15 4 0 25 2 3 6 10 0 0 7 0 11 2 9 2 16 0 0 3 3 17 0 8 1 9 3 2 1 2 8
23 0 2 4 1 6 2 1 4 4 8 7 11 13 18 9 5 13 9 2 1 11 1 25 6 4 7 5 23 11 21 2 3 2 0 15 12 5 24 4 0 28 2 8 1 10 16 2 12 3 10 13 1 12 6 22 13 24 1 1 3 9 2 4 0 7 1 4 0 0 8 9 4 5 0 18 2 2 8 14 26 16 4 18 5 5 1 4 16 0 2 0 2 13 5 7 11 8 4 3
1 6 0 1 15 2 4 5 2 2 1 1 0 3 2 2 1 24 3 7 5 4 5 4 1 1 5 6 0 4 2 1 3 3 2 1 1 4 10 7 0 5 1 6 3 5 0 22 0 0 4 3 6 5 7 2 3 1 1 3 3 0 3 1 2 5 0 0 7 1 4 0 2 2 0 5 2 0 2 2 0 5 6 4 0 2 5 26 1 39 1 14 4 9 0 5 4 2 11 2
1 1 0 0 6 4 0 1 9 0 4 1 1 0 3 5 0 0 0 1 1 5 2 1 0 5 0 0 0 0 0 2 1 4 0 15 1 4 2 0 1 3 0 1 0 0 3 6 0 4 3 0 2 7 5 0 0 3 1 0 0 1 2 3 0 1 0 0 0 2 4 1 3 1 3 6 0 2 5 0 9 0 0 11 0 2 0 0 0 0 1 3 1 0 0 0 1 0 3 3
0 38 4 2 14 2 10 4 8 13 0 8 9 1 12 3 5 7 0 4 3 3 9 10 0 9 0 0 10 5 5 12 7 4 6 2 7 5 2 7 0 4 0 4 7 11 12 5 12 0 7 9 2 5 9 6 8 2 8 5 21 0 9 24 5 2 24 3 0 19 2 6 8 15 8 2 4 16 19 5 12 9 4 3 3 3 13 6 11 1 2 4 1 11 5 5 11 4 6 5
1 1 6 1 3 2 0 2 0 0 12 1 2 5 0 8 0 4 4 0 19 0 7 6 0 1 1 1 9 16 5 5 3 0 9 2 3 2 4 26 7 5 0 1 20 16 2 1 4 2 5 5 14 9 0 3 1 7 2 34 2 1 0 3 9 6 9 5 1 3 9 2 2 8 0 1 0 0 9 6 4 7 5 0 0 4 1 0 0 0 0 0 1 6 3 2 5 11 1 0
5 6 5 20 2 7 0 0 3 1 0 5 1 0 0 1 0 0 3 11 4 1 3 3 0 0 1 1 0 5 6 5 1 1 1 3 1 5 3 2 2 6 2 2 0 5 8 8 1 0 3 9 5 5 1 6 17 1 1 4 1 2 5 0 4 3 10 1 2 19 0 3 3 0 0 6 11 2 8 11 6 2 14 4 9 0 3 9 0 8 12 1 8 4 6 8 4 10 1 2
2 1 7 2 4 6 8 1 16 12 0 4 12 5 9 0 1 10 6 9 2 4 1 7 0 0 5 1 11 2 4 0 3 7 0 0 4 0 3 1 3 13 8 8 0 0 1 4 2 2 3 2 4 5 0 1 6 0 1 4 7 2 3 6 1 0 0 0 6 0 1 4 7 3 0 0 4 33 6 9 3 1 7 1 7 5 13 18 0 1 7 11 2 5 1 3 0 4 3 0
7 0 6 0 13 2 7 4 0 3 0 0 0 8 22 12 4 0 6 10 7 12 14 11 0 4 1 3 3 1 7 22 13 8 10 0 0 13 5 0 4 9 9 4 0 0 0 0 2 2 2 8 6 0 0 2 1 4 0 1 0 0 9 9 4 2 1 1 2 1 3 0 5 6 0 7 1 14 11 5 2 1 17 7 0 0 1 2 4 2 0 2 1 5 5 1 0 4 7 0
0 0 1 0 0 0 0 0 0 0 0 3 0 0 2 0 0 1 2 3 0 2 0 0 0 0 0 0 0 1 0 0 0 2 1 0 3 2 0 1 0 1 1 0 0 1 0 0 0 0 0 0 0 11 0 0 0 6 0 1 0 0 0 0 0 0 0 0 1 0 0 0 0 0 1 0 0 0 0 0 0 0 0 2 0 3 0 0 1 0 0 0 2 2 0 0 0 0 0 0
4 0 9 2 2 2 18 23 4 5 3 8 2 18 5 9 21 3 20 10 5 0 7 3 0 9 17 5 4 4 4 25 0 11 6 13 4 2 6 1 3 1 4 3 3 15 7 0 6 8 8 0 0 6 13 5 6 1 2 9 2 4 9 4 8 1 13 1 5 8 9 16 4 0 11 5 0 1 0 27 7 11 0 12 8 9 13 4 4 5 3 19 11 6 3 0 1 30 7 10
16 14 4 3 7 8 1 6 14 10 2 3 4 5 0 9 1 2 4 8 4 10 2 5 0 17 5 17 4 6 4 2 24 9 5 4 5 3 10 12 13 2 10 2 15 20 2 38 9 4 11 23 7 2 1 0 0 1 3 7 2 2 4 1 1 7 1 8 6 3 6 0 12 1 7 15 10 0 13 4 3 27 3 0 9 17 3 2 3 4 7 4 13 5 0 4 8 1 7 5
0 0 0 0 0 2 0 5 0 0 0 1 1 0 0 0 0 1 0 2 0 0 0 0 0 0 0 0 0 2 1 1 2 0 0 0 0 1 0 0 2 0 0 0 1 0 0 0 0 0 0 0 0 0 0 0 0 0 1 2 1 0 1 0 0 0 0 0 0 0 0 0 0 0 1 1 1 0 3 1 0 0 0 0 6 1 0 3 0 0 0 0 0 0 0 0 0 2 0 0
1 0 0 1 0 11 0 1 4 1 0 4 0 1 3 1 2 3 3 0 14 1 15 1 2 5 4 2 0 4 9 9 7 3 0 1 4 2 3 3 2 9 1 1 6 9 10 4 1 5 0 2 2 1 3 3 0 4 2 17 12 6 2 1 3 2 9 3 0 17 20 7 1 2 0 4 0 1 0 1 1 3 1 8 4 2 0 1 2 3 2 4 0 1 0 9 1 4 1 5
2 1 6 0 3 5 11 14 5 0 5 13 11 3 2 6 0 7 51 11 21 9 5 18 0 2 4 1 3 8 14 10 5 1 19 8 32 9 38 4 2 1 5 4 18 31 19 5 9 1 1 4 5 0 3 3 12 0 4 7 0 18 4 24 5 0 21 8 13 1 26 27 4 23 2 5 0 3 1 4 22 1 0 0 2 9 4 0 6 0 11 2 7 20 3 0 1 5 3 13
2 23 8 7 16 8 3 11 13 9 6 4 19 27 0 0 3 4 7 0 5 13 1 5 27 2 2 6 1 4 9 1 19 4 0 2 1 5 18 6 0 2 7 0 2 10 3 6 0 7 3 3 10 16 2 21 21 6 2 12 13 3 12 4 12 2 7 1 2 2 3 18 1 0 0 8 13 12 1 7 29 7 15 15 5 11 1 5 1 0 4 7 13 12 6 0 12 1 5 13
5 6 0 5 7 0 8 8 2 16 5 15 18 8 3 8 8 0 3 1 2 1 20 16 0 5 8 4 18 15 7 1 4 4 4 2 5 16 3 8 12 2 4 1 19 15 9 15 3 0 4 3 6 11 6 4 16 17 6 11 0 4 19 4 1 2 20 11 8 11 7 8 32 19 1 0 7 25 10 1 1 1 14 6 13 6 15 8 4 17 8 5 2 3 4 5 4 2 7 5
4 5 11 8 1 9 6 4 9 11 2 8 1 0 1 7 3 17 3 6 28 4 10 11 4 0 3 4 0 7 0 2 1 15 8 0 3 1 8 5 3 6 1 5 13 24 9 1 14 0 4 3 2 2 1 0 3 8 1 34 0 1 10 1 1 4 1 1 3 3 0 0 5 0 1 1 0 8 10 1 0 1 4 9 7 0 5 5 4 0 0 3 1 1 14 5 13 18 4 6
0 0 0 0 0 1 1 0 0 0 2 1 0 1 0 1 0 1 0 0 0 0 0 0 0 1 0 0 2 0 0 0 1 0 0 0 0 0 0 0 2 0 0 0 3 0 0 2 0 0 0 0 0 0 1 0 1 1 1 0 2 0 3 0 1 0 0 0 0 0 1 0 0 0 0 0 0 0 0 0 0 0 0 0 0 0 0 1 0 0 0 1 0 0 2 1 1 3 0 0
9 3 3 3 14 8 1 11 1 26 14 10 11 24 22 1 7 0 20 22 1 6 3 5 0 17 5 6 7 0 5 7 4 0 17 18 0 15 0 10 12 17 39 1 4 8 2 19 9 2 16 12 16 16 1 15 2 4 10 0 62 0 18 7 19 5 1 13 44 0 3 1 2 10 7 18 27 3 13 12 22 7 18 1 9 3 5 5 2 5 10 8 0 15 1 4 1 1 5 19
0 0 0 0 0 0 1 0 1 1 1 1 1 0 0 0 0 1 1 0 0 0 1 0 0 0 0 2 0 0 1 2 0 0 0 3 0 0 0 0 0 0 0 0 2 0 2 0 1 0 0 0 0 0 1 0 1 0 0 1 0 0 1 0 0 1 0 0 0 0 0 0 0 0 1 0 1 0 0 1 2 0 0 0 0 0 0 0 0 0 0 0 0 0 0 1 0 0 0 0
1 0 2 0 0 1 1 0 0 5 0 0 0 0 0 0 0 1 0 1 0 0 3 0 0 0 0 0 1 0 0 2 5 0 1 0 0 1 0 1 0 0 0 0 0 0 0 0 3 0 1 0 0 4 0 0 0 0 0 0 0 0 2 0 2 0 0 1 0 3 12 0 0 0 0 1 0 1 1 1 0 0 1 0 3 2 2 0 0 0 0 0 0 0 4 0 2 2 0 0
1 0 1 1 0 0 2 0 0 1 1 0 1 3 0 0 1 0 0 1 0 1 0 0 1 1 0 0 0 1 0 0 1 0 0 0 0 0 1 0 0 0 0 0 0 0 0 1 0 0 0 0 1 0 5 0 0 0 0 0 0 0 0 0 1 0 0 0 0 2 1 0 0 0 0 0 2 0 0 0 0 0 1 0 1 0 0 0 0 0 0 0 0 1 0 0 2 0 0 0
3 4 1 10 12 8 7 16 1 6 3 0 13 6 0 4 2 18 3 2 3 6 4 3 2 0 11 3 7 13 15 2 9 9 8 7 11 2 18 6 2 6 24 14 17 8 0 7 11 3 0 2 1 1 1 0 0 1 0 4 0 6 6 0 2 0 6 19 2 4 3 9 0 0 4 4 8 13 20 11 6 12 7 24 2 12 7 5 4 16 19 0 3 0 12 1 0 1 29 18
30 3 0 10 6 0 1 11 2 8 9 12 28 10 11 3 16 0 5 0 4 1 5 1 8 8 11 13 7 1 13 5 2 6 2 18 5 1 5 3 12 33 1 5 8 25 0 5 0 2 8 3 2 1 14 7 10 2 0 17 0 3 4 2 5 8 0 7 6 7 1 7 1 8 7 5 7 17 34 0 4 3 0 7 6 1 1 3 20 8 2 4 8 5 1 3 11 6 8 25
13 3 12 5 25 3 4 4 1 13 1 13 3 4 10 3 13 8 17 10 4 2 8 8 4 7 4 4 0 0 6 13 7 1 1 7 39 3 3 16 8 19 0 2 13 21 2 4 1 10 7 2 27 28 1 0 6 14 6 13 4 7 0 5 1 6 0 5 0 2 1 6 2 4 7 4 1 2 3 8 2 32 4 2 16 7 9 7 16 6 30 14 1 2 22 1 0 3 0 17
2 0 5 0 3 3 3 1 0 1 0 5 0 4 0 1 16 3 1 4 1 0 2 2 6 2 5 1 0 0 25 1 1 2 1 0 4 8 5 0 2 1 1 0 1 0 7 1 3 1 0 0 5 3 3 1 7 1 9 1 17 5 4 1 9 0 2 4 4 0 0 7 0 1 0 0 0 7 10 18 5 3 11 2 10 2 2 8 9 0 1 6 7 0 9 5 3 0 1 9
0 0 0 0 2 1 0 0 0 0 1 0 0 0 0 0 0 0 0 1 0 0 0 0 0 1 0 1 0 0 0 2 0 1 0 0 0 5 0 1 1 1 0 0 0 0 0 0 0 1 1 0 0 0 1 0 0 1 1 1 0 1 0 0 0 0 0 0 1 0 0 2 0 0 1 0 0 0 0 1 1 0 0 1 0 3 0 1 0 0 1 0 0 1 0 1 0 1 1 0
1 6 0 0 0 0 0 1 3 0 0 0 0 0 0 2 0 5 1 0 1 1 0 3 0 0 0 0 0 1 0 0 0 0 1 0 0 0 0 2 0 0 0 0 1 0 0 1 0 0 1 0 2 0 0 0 0 0 1 0 0 0 0 0 0 0 1 1 3 0 0 0 0 1 0 1 1 0 0 0 1 2 0 0 1 0 1 0 0 1 0 0 0 0 1 0 0 0 0 0
0 0 0 0 0 0 0 0 0 0 0 0 0 1 1 1 0 0 2 0 0 2 0 0 0 0 0 0 2 0 0 0 0 0 0 0 0 1 0 0 1 1 1 0 0 0 0 0 1 0 0 0 0 0 0 0 1 0 0 0 0 0 0 0 0 0 0 0 0 0 0 0 1 0 0 0 2 1 1 0 0 0 2 0 0 2 0 0 0 0 0 0 1 0 0 1 0 2 1 0
0 1 0 0 5 1 0 0 0 0 0 2 0 0 0 8 0 0 0 1 0 1 0 0 4 0 0 0 0 1 1 0 1 0 0 0 0 0 1 0 0 1 1 2 0 0 0 0 0 1 3 1 0 0 0 0 0 1 3 2 3 0 2 0 0 1 0 0 0 1 0 0 0 1 0 2 0 0 1 0 1 1 2 0 1 0 0 0 0 0 0 0 1 0 0 0 0 0 0 0
15 13 1 5 5 6 22 6 8 10 0 9 2 3 2 0 0 0 3 10 4 4 5 14 5 1 1 1 0 0 0 5 3 12 14 0 14 7 0 7 5 7 0 1 1 3 5 2 3 0 8 5 11 1 3 1 2 0 0 7 9 0 2 3 3 5 18 1 3 26 5 6 1 1 1 0 7 1 5 4 0 1 1 1 7 4 7 0 0 0 12 9 6 1 0 5 4 2 1 2
12 0 2 8 63 20 3 7 11 5 5 16 3 9 1 7 46 1 4 5 1 15 4 16 4 11 6 1 0 3 7 4 4 4 23 7 10 15 4 6 28 9 19 2 10 3 3 3 3 11 34 2 17 2 2 5 17 17 6 2 23 1 8 23 1 0 3 0 1 0 0 9 1 4 0 3 12 13 15 7 5 0 3 9 21 7 22 13 11 1 8 10 13 0 3 4 6 8 39 1
5 2 21 2 4 1 13 18 1 10 7 19 9 8 15 0 0 6 6 5 13 1 11 2 24 9 4 2 4 3 8 1 24 3 8 0 16 1 3 10 7 54 0 3 3 0 1 3 4 4 12 1 3 0 5 12 0 20 4 29 2 4 16 13 1 1 1 9 0 1 2 1 12 20 10 13 0 0 3 4 6 5 4 9 1 1 6 17 14 17 4 3 7 0 2 3 0 0 12 4
0 0 0 4 0 0 1 0 0 3 3 0 2 2 0 0 1 0 0 0 0 0 0 5 2 0 1 0 0 0 1 0 0 0 0 1 0 0 0 2 1 0 0 2 0 1 1 0 1 0 0 0 0 1 0 2 0 1 0 1 1 0 0 0 1 1 0 0 2 0 0 0 0 1 1 0 0 0 0 1 0 0 1 0 0 0 0 0 0 2 0 3 0 0 0 0 0 1 0 0
1 0 0 0 0 0 1 0 0 0 0 0 0 0 0 0 0 0 0 1 1 0 0 0 6 0 0 0 0 0 0 0 0 1 0 0 3 0 0 0 0 0 0 1 0 1 0 0 0 0 0 5 0 1 0 3 2 1 0 0 8 0 0 0 0 2 0 1 1 0 0 0 2 0 0 0 1 1 1 0 3 1 3 0 0 0 0 0 0 0 0 0 0 1 0 0 0 0 0 1
1 0 1 2 3 1 23 1 25 9 0 4 2 15 1 3 6 7 3 3 11 1 0 1 1 2 8 0 11 13 1 2 0 1 7 3 1 1 0 1 0 25 1 1 3 13 0 0 7 5 1 6 11 1 13 1 0 6 1 0 1 0 5 0 8 10 10 8 2 4 0 3 6 8 3 1 0 1 0 4 2 0 0 0 8 0 7 0 1 2 1 0 1 1 11 4 0 1 1 3
0 9 0 7 0 10 1 1 16 3 7 1 4 3 3 2 2 5 8 14 12 1 7 11 1 0 1 22 7 0 4 3 3 1 4 2 3 3 2 13 12 13 9 0 1 2 19 1 0 24 1 7 0 2 3 6 6 15 6 17 1 0 9 4 2 18 5 10 0 20 8 6 0 6 15 0 2 5 1 0 1 21 8 8 0 19 2 3 7 49 11 5 1 3 2 0 2 19 23 1
2 3 1 1 2 0 17 16 1 0 0 1 5 7 2 3 5 3 0 10 2 21 0 2 3 1 0 13 10 6 2 9 11 2 4 2 2 6 3 3 0 1 15 0 0 2 2 1 5 5 1 10 0 0 1 1 3 1 1 0 0 0 18 4 0 34 11 5 2 0 2 1 0 4 7 8 1 0 1 1 3 11 5 2 12 3 5 1 1 3 3 6 10 3 7 8 4 2 1 1
3 7 7 20 20 7 4 3 2 0 3 8 2 2 20 10 11 4 17 0 9 15 10 3 28 3 0 2 12 14 12 9 1 5 12 16 3 1 15 0 3 2 10 12 0 4 3 1 21 20 0 3 17 6 4 6 6 2 14 4 31 0 24 12 0 7 1 2 2 11 17 23 1 2 6 15 2 9 3 0 5 2 42 13 10 24 0 6 3 9 7 2 4 0 1 37 15 3 0 2
1 14 1 7 0 0 4 2 4 5 8 0 9 8 3 1 3 0 1 3 3 15 11 4 2 1 2 3 0 3 2 1 4 0 8 0 0 6 3 0 4 0 22 4 4 9 11 0 2 1 1 1 2 3 1 1 13 4 10 0 0 2 0 8 0 2 34 3 4 8 0 0 5 0 4 1 0 3 3 4 2 0 5 0 4 8 0 10 1 18 1 3 0 3 6 4 7 0 7 0
0 0 8 2 2 4 0 4 0 5 7 1 0 1 1 1 9 0 17 6 5 5 8 4 9 2 4 1 4 1 3 7 2 1 3 11 1 6 5 0 0 1 0 1 0 2 1 3 0 16 2 11 9 2 4 3 10 3 0 5 6 3 3 7 6 8 3 8 2 2 10 0 1 3 12 1 1 1 0 1 1 4 1 3 0 3 3 10 0 12 12 4 4 1 1 7 1 4 1 10
16 7 2 8 7 3 5 29 15 4 3 6 9 1 10 2 2 4 25 5 13 2 0 13 12 2 5 3 13 2 6 1 1 9 2 6 7 12 11 25 2 30 1 19 0 2 0 15 1 1 3 0 5 3 4 9 4 5 2 17 5 13 6 6 4 2 11 16 0 0 6 4 10 4 2 6 12 11 5 0 2 1 26 27 8 1 3 2 0 8 8 2 16 6 8 25 0 17 4 8
2 5 10 7 5 1 4 10 6 5 0 8 11 12 2 12 10 2 6 10 3 10 1 3 3 29 0 4 7 6 30 3 33 7 0 5 17 16 3 9 2 6 2 11 7 6 19 0 4 9 3 18 3 3 7 0 6 3 36 0 0 3 3 10 18 3 7 8 6 6 5 3 1 28 3 8 0 18 7 10 9 11 9 4 2 4 0 6 1 2 8 0 0 0 9 1 3 11 16 5
7 12 3 7 1 11 13 1 3 9 1 3 12 17 2 7 4 2 33 11 9 12 1 23 14 0 4 17 2 4 10 0 13 0 3 5 38 7 10 1 7 0 22 2 8 2 7 13 5 13 19 4 26 9 0 1 11 2 14 14 4 22 2 5 3 7 0 0 3 16 19 0 8 2 4 3 34 1 1 6 1 4 14 8 13 0 0 2 2 5 0 8 1 0 16 6 1 9 4 0
0 0 4 8 4 0 5 0 13 4 1 1 5 6 21 5 4 9 2 5 1 0 15 2 0 5 9 1 15 0 14 2 12 3 4 0 3 4 2 27 7 1 2 3 6 0 4 2 0 3 4 17 6 3 4 6 8 2 0 2 0 0 2 5 0 8 5 3 4 0 11 3 11 3 0 14 5 3 1 1 3 6 9 6 0 2 1 5 0 0 27 5 4 6 9 16 2 0 2 5
4 24 18 0 2 0 9 6 7 4 0 5 2 5 3 6 8 5 1 0 0 5 2 3 2 14 6 1 2 4 4 5 13 15 0 0 3 15 16 11 5 3 6 2 4 7 3 0 3 5 11 3 22 7 0 2 3 0 4 4 0 2 3 8 31 1 2 6 6 18 3 13 11 11 13 2 3 8 23 11 7 3 5 12 1 0 0 3 7 4 7 22 20 9 5 7 21 5 5 6
4 1 6 7 12 3 1 6 4 2 1 1 8 9 13 11 2 7 5 1 0 10 1 3 6 1 5 3 1 2 10 8 3 2 2 19 0 3 1 8 1 10 2 0 7 4 4 13 3 22 1 3 10 6 17 1 10 0 7 13 5 5 7 8 17 12 4 21 14 5 6 0 0 6 9 1 23 0 41 6 4 1 4 1 2 13 0 6 11 7 4 19 4 8 16 16 5 24 22 18
4 10 1 5 2 0 7 1 0 2 4 15 2 2 0 0 3 4 0 0 3 3 4 2 1 2 2 1 0 0 6 3 0 1 2 14 1 3 6 8 1 4 6 2 0 7 5 2 11 8 2 1 2 1 13 5 9 0 5 10 5 6 3 3 0 7 0 11 3 2 2 0 14 7 10 1 1 3 9 4 6 9 1 6 5 1 0 1 4 6 2 0 3 0 0 8 2 13 1 3
3 4 35 6 6 13 22 3 16 2 1 6 13 3 5 15 3 6 14 18 12 0 17 2 1 18 3 26 0 0 6 5 2 7 0 2 4 9 0 3 4 5 9 4 7 1 1 9 14 6 7 0 1 19 6 0 24 2 5 4 7 14 9 0 0 4 18 4 0 0 1 6 5 11 2 7 9 1 2 7 5 9 0 3 1 13 2 12 6 4 0 9 1 7 7 4 2 8 5 0
30 9 2 8 1 0 3 1 34 9 2 1 3 0 6 9 20 24 7 4 7 18 0 18 2 2 14 2 0 20 3 38 8 1 9 13 12 3 16 22 9 3 6 1 15 0 2 13 39 2 12 16 3 5 11 11 7 7 7 11 5 2 6 14 25 0 9 3 2 10 3 16 14 0 5 5 2 1 9 1 3 5 5 17 8 11 3 0 16 13 0 6 1 1 19 19 8 4 0 4
17 2 10 15 16 12 4 15 10 6 0 9 3 8 2 16 0 4 14 10 9 0 1 6 8 1 11 15 6 18 1 8 12 4 8 21 3 16 3 3 6 4 5 19 17 4 9 11 5 0 2 9 2 0 20 0 3 6 4 2 9 0 0 8 9 8 2 33 22 2 23 19 6 6 10 12 7 2 6 3 4 8 0 10 4 7 13 23 12 5 4 3 6 5 3 10 1 27 0 3
9 44 9 3 5 9 8 1 7 3 5 39 2 1 2 6 5 0 10 6 3 1 2 3 2 7 12 0 1 12 4 5 14 17 12 3 1 17 0 5 0 14 7 24 19 18 10 15 16 0 32 8 16 1 6 4 5 1 0 19 0 3 1 1 3 1 4 9 0 29 4 1 34 6 0 0 1 2 12 38 2 2 2 12 16 10 45 9 17 5 0 3 5 11 0 0 3 9 6 14
1 3 0 0 4 4 7 3 0 3 3 6 2 6 3 6 1 5 12 1 0 0 0 0 4 0 3 18 4 1 2 7 3 11 3 1 7 0 4 1 0 9 0 0 0 2 6 1 0 0 3 3 2 6 4 7 4 1 0 8 1 1 4 1 6 2 10 2 1 3 14 1 0 1 3 3 2 0 4 0 3 9 0 5 0 2 2 1 1 0 3 11 6 6 6 3 3 0 1 5
0 2 0 0 0 0 0 0 0 0 1 0 0 0 1 1 0 0 0 0 0 0 0 0 0 0 1 1 1 3 0 0 0 0 2 0 0 0 1 0 2 1 1 0 0 1 1 0 1 3 0 1 0 0 2 1 0 0 0 1 1 0 0 0 0 0 0 0 0 0 3 0 0 4 3 2 0 0 0 2 0 0 1 0 1 0 0 0 0 2 0 0 1 0 1 0 1 4 1 1
4 0 0 9 5 4 3 1 15 0 0 4 8 1 0 1 7 8 2 6 10 3 0 0 1 1 10 0 0 5 1 1 5 10 2 19 1 0 0 0 2 0 10 1 1 4 0 1 3 0 3 11 4 10 0 3 6 3 4 7 1 5 15 4 0 0 9 0 0 1 1 1 2 7 1 14 1 1 0 0 5 1 9 0 4 8 2 8 3 3 4 1 2 5 2 3 2 2 0 1
0 0 0 0 1 0 0 2 0 0 1 0 0 0 2 0 0 0 0 0 1 1 0 0 1 1 0 5 0 1 0 0 0 0 0 1 3 0 0 2 0 0 0 0 0 2 0 0 0 0 0 0 0 0 0 1 0 0 1 0 0 0 1 0 0 0 0 0 0 0 1 0 1 1 1 0 0 0 0 1 0 1 0 3 0 0 0 1 0 0 2 0 0 0 0 1 0 0 1 0
1 4 4 2 0 2 0 1 0 3 1 2 0 6 3 8 0 0 3 1 3 0 0 13 2 3 4 3 0 6 5 10 5 8 4 3 7 4 5 5 4 2 5 1 0 1 0 0 8 15 2 7 2 0 0 0 3 2 21 14 7 27 8 0 2 4 0 2 1 0 1 0 3 3 10 0 0 3 0 4 1 2 6 2 2 0 2 1 4 1 16 0 6 5 8 0 3 18 1 0
0 0 0 1 0 0 0 1 0 0 0 2 1 0 0 0 0 0 1 0 0 2 0 0 4 0 0 0 0 0 1 0 0 1 0 0 0 1 0 0 3 0 8 0 0 1 0 2 2 0 0 0 2 0 0 0 0 0 2 0 2 0 1 0 0 4 0 1 0 1 1 0 0 1 1 0 1 0 0 1 0 0 0 0 0 1 0 2 1 1 0 0 0 1 0 1 0 0 1 2
13 0 2 5 0 4 10 0 0 5 2 1 9 2 4 2 5 2 3 2 3 0 9 8 5 2 0 9 1 4 5 1 1 0 1 20 2 1 6 0 1 2 2 11 2 1 3 1 0 0 8 2 6 2 5 0 2 5 9 2 14 6 1 0 2 0 2 6 0 2 0 3 1 0 5 3 0 4 2 3 1 2 0 0 5 13 15 5 1 4 0 3 6 0 12 8 2 17 2 5
3 0 3 6 12 6 3 13 6 6 4 0 1 22 2 10 6 6 5 1 11 13 16 0 1 1 2 3 2 0 19 1 21 6 39 6 29 28 2 1 0 2 10 11 2 12 16 30 31 2 3 6 8 0 5 8 15 4 5 5 11 5 6 22 6 1 4 15 14 8 7 28 14 1 1 1 4 11 3 11 14 0 2 0 11 7 28 2 13 1 21 1 15 6 0 8 16 7 5 14
9 24 23 1 8 8 8 6 1 3 1 5 8 4 3 24 1 12 17 6 3 9 23 18 1 2 4 0 4 7 6 0 7 2 4 14 8 2 11 9 2 2 1 4 4 6 1 23 2 6 1 19 6 27 7 0 4 0 3 7 3 3 1 9 0 1 11 17 1 7 3 24 8 1 5 0 5 5 9 1 4 8 10 13 16 13 10 1 5 4 17 1 2 27 11 0 0 2 1 4
0 3 3 1 1 1 0 11 5 0 0 0 4 0 3 1 4 16 1 3 0 0 0 7 0 13 7 0 2 6 4 0 0 8 1 1 3 3 15 3 5 0 2 5 0 1 18 11 3 5 3 5 3 1 12 2 1 2 3 4 1 1 7 1 2 0 4 11 2 0 2 7 3 5 2 6 0 25 0 0 2 6 0 3 0 2 2 12 1 1 7 1 1 0 2 3 21 2 2 0
3 18 3 3 28 3 1 8 5 2 3 7 12 22 7 2 0 14 1 4 1 31 10 10 3 0 2 3 25 0 0 20 4 21 8 1 2 6 3 0 2 2 9 6 6 9 1 7 0 3 14 9 3 3 9 3 1 0 20 15 26 9 1 0 3 5 9 15 19 9 4 6 17 2 4 0 4 9 3 4 20 18 18 8 0 22 0 2 10 3 21 0 11 14 3 3 6 2 2 1
1 0 2 1 23 9 0 4 0 12 3 1 2 1 1 9 5 7 1 8 6 7 5 4 0 1 0 0 1 6 5 0 7 6 3 1 6 2 1 2 0 3 1 8 0 5 4 1 21 14 0 7 7 0 0 2 3 0 6 1 12 5 1 3 0 8 2 4 4 5 2 1 3 0 2 10 3 2 1 0 0 4 11 1 12 0 7 4 0 1 3 11 6 2 2 20 0 0 9 0
0 1 1 0 0 0 1 0 0 0 1 0 0 0 0 0 0 1 0 3 1 0 1 0 0 0 1 0 0 1 0 0 3 1 2 0 3 0 0 0 1 0 3 0 2 0 1 0 0 0 0 0 0 0 1 0 0 0 0 0 0 0 0 0 1 0 0 1 0 0 1 0 0 0 1 1 1 0 0 0 0 0 0 0 1 0 0 0 1 0 2 1 0 1 0 0 4 0 0 0
3 3 3 2 9 3 1 7 2 4 11 14 2 0 2 8 3 7 2 1 5 9 5 4 0 0 0 6 0 21 7 1 2 2 0 4 6 16 6 0 2 7 2 9 12 0 5 2 4 2 1 11 5 0 1 2 9 0 0 2 1 3 0 4 4 0 6 4 15 1 1 2 5 2 2 7 2 4 3 8 8 0 2 2 2 6 7 1 14 0 1 0 5 6 10 7 1 19 8 10
4 15 11 17 1 0 5 0 32 17 6 13 3 3 5 3 5 4 1 28 9 25 1 2 4 9 5 5 1 1 5 6 3 0 21 1 11 4 24 29 19 5 0 4 15 5 2 2 4 0 13 2 2 6 5 2 3 5 8 5 17 12 18 0 9 3 5 6 1 0 3 4 2 8 9 0 21 0 20 0 1 1 0 2 5 0 5 6 1 5 9 2 0 9 0 16 0 7 3 1
5 0 9 1 9 11 9 5 11 3 16 22 0 6 2 15 24 12 1 1 5 9 4 0 3 15 12 8 11 23 0 2 2 10 17 2 17 0 15 4 6 6 2 0 9 5 0 1 9 5 3 15 7 13 5 0 3 20 0 4 2 3 2 0 2 34 8 13 32 9 11 12 3 0 4 9 16 0 7 4 0 1 9 8 1 4 2 5 27 42 7 4 2 13 8 0 4 5 4 26
12 3 3 3 1 4 0 0 6 10 2 4 4 19 0 0 8 0 0 14 2 0 5 4 11 6 2 0 11 2 0 2 1 9 6 0 3 2 18 3 2 0 9 14 2 13 11 1 2 6 0 5 0 7 9 1 1 2 7 12 1 9 15 1 2 6 1 5 2 2 28 3 0 5 4 3 4 1 10 6 7 3 0 0 0 6 1 0 1 3 0 10 4 0 6 4 1 2 4 6
12 1 0 3 4 5 0 20 3 8 9 0 0 9 24 18 6 3 1 3 4 7 0 18 8 8 1 2 3 18 5 7 14 3 7 31 4 1 4 9 2 15 13 3 0 2 12 5 12 0 11 7 4 0 1 23 5 4 9 17 0 7 3 4 10 0 1 6 1 5 3 5 3 1 1 3 5 3 6 2 3 0 5 2 3 2 6 0 12 5 1 5 1 4 13 8 20 16 2 7
7 1 2 6 0 0 6 2 0 2 1 7 6 0 5 7 1 0 2 22 5 2 11 2 1 9 5 4 3 21 3 3 0 6 4 1 0 0 8 1 6 5 36 16 3 3 3 3 1 0 4 5 6 4 4 2 3 3 3 0 7 12 0 4 6 2 10 5 5 5 1 2 1 3 4 1 0 1 4 0 6 0 6 4 0 1 7 1 3 3 3 0 6 1 0 2 14 4 2 1
15 3 11 22 2 11 1 1 4 9 16 1 27 5 1 5 6 10 18 3 4 5 4 0 2 33 6 29 5 3 3 7 1 5 2 18 18 14 0 1 1 7 0 17 4 1 3 0 2 6 3 0 0 8 3 9 1 16 0 13 3 6 25 6 0 26 5 0 17 1 0 0 0 4 14 16 9 3 3 4 3 15 1 1 23 0 4 7 6 2 10 7 5 7 4 2 5 8 5 21
0 10 15 0 8 1 0 6 0 2 6 2 4 8 9 0 3 13 4 20 0 7 3 8 16 5 3 2 1 7 2 8 2 2 10 0 2 1 3 2 11 8 28 7 2 0 9 1 0 1 3 2 0 0 14 11 0 14 3 1 1 0 1 1 2 1 12 4 1 16 0 4 3 15 3 5 2 1 3 7 8 4 2 0 0 0 5 0 8 2 1 1 1 2 0 7 6 13 3 6
0 0 0 1 0 0 0 0 1 0 1 2 1 0 0 0 0 1 0 0 0 0 0 0 0 0 0 0 0 1 0 0 0 0 0 0 0 0 1 0 2 0 0 1 0 1 0 0 0 0 1 0 0 1 1 1 0 0 1 0 1 2 0 2 0 0 0 1 0 0 0 0 0 0 0 0 0 0 0 2 0 0 2 0 0 0 0 2 0 0 0 1 1 1 0 1 1 0 0 0
4 2 2 3 5 5 0 5 5 8 2 1 3 0 0 0 1 0 0 6 5 0 3 24 12 0 7 15 8 3 2 2 1 0 4 2 8 12 3 1 2 1 1 9 3 5 8 3 12 4 1 4 14 17 1 3 5 0 2 2 5 10 2 1 8 3 2 5 4 2 7 0 8 5 1 10 1 1 1 1 7 5 4 1 2 16 0 0 6 8 5 0 6 10 5 3 0 3 14 3
1 3 18 8 7 4 9 0 17 0 8 10 8 9 24 0 6 5 10 1 2 5 20 2 2 7 3 9 1 4 3 2 4 1 4 16 5 3 34 2 26 0 4 0 7 3 0 3 7 8 3 2 4 8 19 3 1 6 4 0 4 6 2 4 9 5 10 3 3 0 8 1 22 4 8 7 8 2 21 1 0 0 2 4 11 15 1 0 26 12 5 3 2 11 10 1 14 2 5 1
3 4 5 8 0 7 11 0 2 5 2 1 1 8 0 2 21 6 4 9 1 0 5 1 7 0 0 2 0 2 1 9 27 5 0 0 1 7 2 3 2 1 3 2 0 1 4 17 17 2 8 3 1 0 4 0 10 3 2 4 3 1 1 4 0 0 2 5 5 2 6 5 7 0 3 0 4 0 5 0 0 1 0 3 10 4 1 0 1 2 0 1 14 5 1 0 1 3 5 2
4 10 0 1 1 0 3 1 1 8 0 0 4 2 6 3 0 4 1 1 4 3 3 5 3 7 1 2 14 0 0 5 15 3 2 7 3 2 7 0 1 8 2 5 2 12 1 3 1 1 9 0 6 4 11 5 1 0 9 4 8 3 3 6 1 0 7 9 2 1 1 1 3 5 11 1 1 2 0 8 4 5 1 0 3 0 0 2 5 5 6 5 3 4 1 3 3 0 18 9
0 0 0 2 0 0 4 0 0 0 0 0 0 4 2 0 0 1 0 0 0 0 1 0 3 2 0 0 0 0 0 1 0 1 1 1 1 0 0 0 0 2 0 0 0 0 0 0 0 0 0 0 0 1 0 0 0 0 0 0 3 0 0 0 0 0 0 0 0 0 7 2 0 3 1 0 0 0 4 0 0 1 0 0 0 0 1 1 3 1 1 0 0 0 0 0 0 0 2 1
15 11 10 0 17 7 6 5 10 12 16 2 0 14 8 10 15 0 1 10 11 6 32 2 2 13 7 12 4 6 2 4 0 9 30 3 3 6 14 17 1 3 2 0 6 11 22 3 2 2 4 3 5 14 2 9 0 31 4 8 9 15 6 4 24 8 6 0 3 0 2 6 4 0 4 8 17 11 1 3 3 2 4 0 2 7 5 2 16 1 0 6 11 17 1 17 39 5 2 6
0 0 0 0 0 0 1 1 2 0 7 0 0 3 2 0 0 1 0 0 0 0 0 0 1 0 0 0 0 0 0 0 1 1 0 0 1 0 0 0 1 0 0 0 0 0 0 1 0 5 0 0 0 2 0 1 0 0 0 0 0 0 0 0 0 0 0 0 0 0 0 0 0 0 0 1 0 1 0 0 2 0 0 0 0 1 0 0 0 1 0 0 1 0 0 1 0 1 0 2
0 2 0 0 1 0 0 0 0 0 0 0 3 1 0 0 1 0 0 1 0 2 0 0 2 1 0 0 0 0 0 1 0 0 0 1 0 0 0 0 0 0 0 0 0 0 0 0 0 0 0 1 0 0 1 3 1 1 0 0 0 0 0 0 0 1 0 0 0 0 1 0 0 0 1 5 0 0 0 0 0 0 0 0 0 0 0 0 0 0 2 0 0 1 0 0 0 0 1 1
0 0 0 0 0 0 0 0 2 1 1 2 0 0 2 0 0 1 1 0 0 0 0 0 1 0 0 0 0 1 1 0 0 0 4 0 1 1 1 0 0 0 0 0 0 0 0 1 0 0 0 0 0 1 1 1 0 0 0 1 8 1 0 2 0 0 0 0 0 0 0 0 0 0 1 0 0 1 0 0 0 0 1 0 0 0 1 1 0 0 0 1 0 0 0 0 0 0 0 0
17 1 3 1 2 6 0 9 32 3 1 26 6 18 12 3 10 1 8 3 13 3 5 0 16 0 9 0 1 5 6 10 11 14 9 9 0 2 30 3 31 6 2 17 0 8 1 1 6 6 5 0 3 1 3 2 0 4 12 2 29 9 6 9 3 4 10 14 46 13 5 11 4 21 0 1 7 12 6 2 5 1 6 10 1 0 16 17 0 5 24 6 0 14 5 1 22 9 6 9
3 4 6 1 0 3 6 0 27 6 5 13 6 8 14 0 1 1 10 2 7 2 12 0 0 12 11 9 17 3 2 4 2 8 1 0 1 5 16 3 3 1 6 5 17 0 1 0 2 20 0 12 11 3 4 1 2 2 0 3 10 1 4 0 17 3 2 6 8 7 5 8 20 5 1 6 6 8 3 7 0 9 0 9 1 6 12 5 2 1 5 1 0 0 4 0 11 1 4 6
2 2 0 6 7 9 2 4 9 2 1 2 9 8 10 3 2 0 4 4 6 0 9 0 0 1 0 5 4 2 1 1 8 0 0 2 8 4 2 2 0 0 3 3 4 5 2 0 0 4 11 16 12 2 0 1 0 0 21 4 6 3 7 0 0 5 1 8 0 5 0 7 11 1 1 5 0 1 4 2 3 0 6 0 3 8 6 7 5 4 0 1 5 8 6 1 6 1 1 7
0 0 0 0 0 0 0 0 1 0 0 0 2 0 0 2 0 1 0 0 1 0 0 0 0 0 0 0 1 0 0 0 0 0 1 0 0 0 0 1 0 0 0 0 0 1 0 0 0 0 0 2 1 0 1 0 0 0 0 1 8 0 1 0 0 1 0 0 0 1 0 0 0 0 0 1 0 0 0 0 0 0 2 1 0 3 1 0 0 0 0 0 0 0 0 1 1 0 0 0
0 1 0 0 0 0 0 4 0 0 0 0 0 0 2 0 0 1 0 0 0 0 3 0 0 1 0 0 0 0 0 0 0 0 0 0 0 0 0 1 0 0 2 0 1 1 1 0 0 0 2 0 4 1 0 1 0 1 0 0 1 0 0 2 0 0 1 0 1 1 0 0 0 0 0 0 1 0 0 0 0 0 1 0 0 0 0 0 1 0 0 0 0 0 0 0 1 0 0 0
1 10 28 5 6 6 17 0 3 1 4 2 0 8 1 2 2 6 3 11 0 8 9 5 20 3 11 13 3 5 7 5 7 8 0 8 8 9 4 15 9 12 0 0 8 5 21 2 5 9 9 1 0 7 3 2 2 21 1 8 4 8 9 2 1 38 19 8 11 3 15 1 0 5 4 0 4 4 5 6 4 3 2 21 1 10 0 9 9 8 0 3 3 0 0 0 10 18 7 12
18 2 4 0 6 11 1 8 5 2 3 0 13 2 1 3 1 4 0 0 1 6 15 3 0 2 1 8 2 14 1 1 14 3 1 2 0 4 2 0 10 2 0 0 0 12 1 2 2 2 1 2 3 0 0 2 5 0 3 4 1 1 4 5 5 0 8 0 2 0 1 4 0 1 4 6 10 0 0 1 12 2 0 4 19 2 2 0 5 2 6 1 5 10 6 0 9 15 2 2
6 14 19 5 5 4 0 0 26 1 8 4 11 7 4 34 3 8 8 2 21 1 9 10 18 4 9 3 11 12 44 7 6 22 1 1 4 17 0 16 0 2 6 6 4 0 0 1 1 8 19 17 6 8 12 1 1 5 9 26 0 1 1 3 7 12 8 8 0 1 5 2 3 0 0 12 5 21 3 5 11 6 57 0 5 16 2 3 0 36 42 10 4 4 12 20 3 4 42 1
0 0 0 0 3 2 0 1 0 0 3 0 0 0 0 0 0 1 0 0 0 0 1 0 0 0 1 0 0 1 1 1 0 2 0 0 0 0 0 0 0 0 0 0 0 0 0 0 0 19 1 0 2 0 1 0 0 0 0 0 0 1 0 1 0 0 0 0 0 0 0 4 0 0 1 3 0 0 0 0 0 0 1 0 0 0 0 1 1 1 1 0 0 0 0 3 0 0 0 0
