7 5 0 0 0 5 6 3 1 3 0 6 1 3 0 0 12 6 1 1 15 11 3 5 2 0 2 13 9 0 0 1 10 9 18 0 1 7 4 1 2 0 11 5 1 5 2 13 0 6 4 15 4 3 1 17 4 0 3 2 3 2 5 2 1 4 0 25 2 2 6 4 2 7 2 1 7 5 1 0 5 6 14 3 0 1 12 2 2 0 4 19 2 12 9 0 3 4 1 3
12 12 10 0 3 6 3 5 24 3 11 5 24 3 8 15 2 8 7 1 0 0 9 2 16 5 6 2 3 1 1 5 0 0 5 3 1 5 5 8 3 3 10 10 12 10 4 23 7 10 20 16 3 2 1 6 6 1 1 5 5 3 3 0 3 5 5 0 22 3 0 3 2 12 2 5 11 1 1 7 9 16 1 2 2 8 19 0 7 0 3 0 26 1 4 13 2 11 0 15
3 1 0 1 2 1 3 0 4 2 7 3 10 9 0 8 5 3 0 4 2 7 9 1 1 3 4 14 7 17 1 3 1 3 3 2 4 0 2 6 8 1 1 5 4 5 1 0 0 0 4 3 2 0 0 11 2 3 0 0 2 10 6 8 11 9 4 8 2 1 5 0 2 1 2 0 5 25 1 0 8 0 2 7 3 13 0 2 0 0 5 11 0 1 2 5 3 0 6 10
4 0 1 0 7 0 21 4 1 3 30 1 6 4 11 4 0 0 2 13 8 2 20 21 2 6 24 3 5 0 19 5 2 0 5 0 6 0 6 24 9 4 12 12 7 17 2 11 1 7 3 25 2 5 18 0 26 1 17 1 1 3 8 1 14 1 2 2 10 0 12 0 3 8 1 3 19 6 1 5 6 13 9 20 0 10 1 3 11 13 4 14 4 1 1 15 3 1 6 0
4 0 0 0 0 0 0 0 0 0 0 0 0 0 2 0 2 1 0 0 0 0 0 0 0 1 0 1 0 0 0 3 2 0 0 0 0 0 0 1 0 0 0 1 0 0 0 0 1 4 0 0 0 0 0 0 0 0 0 0 0 0 0 1 0 2 0 0 1 1 5 0 0 0 0 0 1 0 0 1 1 2 0 0 0 1 3 0 0 0 0 1 3 0 1 0 0 0 0 1
15 0 19 4 3 10 4 10 5 7 1 10 4 0 3 14 7 0 6 22 3 1 3 4 7 12 4 14 4 16 9 1 2 2 1 10 7 3 6 0 7 0 4 0 3 7 17 17 1 18 16 0 3 7 22 1 1 3 0 1 4 4 5 0 1 0 0 7 0 2 0 0 16 0 0 11 4 6 1 25 4 9 1 6 0 28 1 1 6 3 2 13 4 3 0 0 3 1 4 0
1 0 0 0 0 0 0 0 0 2 1 1 1 0 1 0 0 0 5 3 0 1 0 0 0 0 0 0 1 0 0 0 1 0 0 0 0 3 2 1 0 0 0 0 0 0 0 0 0 0 0 0 0 0 0 1 0 0 0 6 0 0 1 0 0 0 0 0 0 0 0 0 0 0 0 1 0 3 0 1 1 0 0 0 0 1 0 0 3 0 0 0 0 0 0 1 0 0 0 2
2 1 0 0 2 4 0 9 3 1 0 0 1 1 4 0 0 0 0 1 4 0 0 1 1 2 0 6 8 0 0 3 10 0 0 7 0 3 3 0 2 1 0 4 0 4 13 3 0 12 1 4 0 1 4 3 0 0 0 5 0 0 0 1 7 0 1 1 1 0 2 4 0 10 16 3 1 3 0 0 0 7 1 0 5 0 1 2 1 1 3 3 0 2 1 0 0 0 0 0
0 0 25 0 0 18 5 1 4 9 5 2 5 23 15 2 10 1 25 15 24 4 28 12 6 13 10 17 1 0 2 0 18 11 2 3 7 6 16 1 4 7 4 5 11 1 1 5 7 4 0 11 11 2 3 3 5 3 19 4 0 11 1 0 22 3 1 0 13 20 2 16 8 2 1 0 1 8 13 8 1 13 11 3 0 3 0 2 0 2 18 26 7 7 1 4 1 0 1 6
0 2 9 8 10 20 16 0 1 1 1 3 7 8 2 14 0 1 9 4 3 12 1 5 2 13 4 0 6 3 1 30 0 12 5 1 3 7 8 12 5 8 11 4 0 2 0 4 3 4 3 23 12 4 13 3 9 17 15 8 0 4 1 9 2 1 22 0 10 15 11 0 5 1 1 0 9 28 3 13 7 12 21 7 18 2 11 4 0 8 1 6 6 2 2 7 4 8 0 4
3 12 3 0 2 5 3 6 9 8 5 4 0 8 5 1 6 2 1 4 5 9 0 13 9 2 15 5 4 2 21 9 4 11 1 0 5 2 0 5 5 8 0 6 4 2 2 0 3 2 5 2 0 13 4 2 14 2 2 0 1 4 1 14 0 8 5 6 1 5 4 3 0 5 4 13 0 2 1 16 0 4 8 1 6 17 5 0 2 18 6 2 2 13 10 8 3 0 12 3
9 13 2 3 3 0 1 3 11 4 4 5 8 0 15 8 4 3 16 0 14 7 29 6 26 18 0 10 4 10 7 1 6 10 3 4 4 13 4 6 4 8 9 3 21 4 1 3 12 25 4 21 11 14 4 9 10 8 5 14 2 1 3 14 10 7 17 2 0 9 24 0 4 12 0 13 2 27 2 6 1 23 15 2 1 16 16 5 0 2 3 13 17 4 2 4 6 10 10 10
0 2 10 3 0 1 4 6 4 0 0 2 0 1 2 3 0 3 10 8 10 4 3 1 13 5 1 0 6 1 0 1 0 0 1 0 7 0 3 1 1 3 1 3 13 2 2 0 4 4 2 2 8 5 1 10 12 1 0 0 4 1 4 17 0 3 2 0 6 6 13 4 2 0 1 2 2 9 3 11 9 0 3 7 0 2 0 6 5 0 2 1 11 1 15 1 0 26 10 16
1 0 3 0 1 5 1 3 0 3 0 0 0 0 2 0 1 0 0 0 0 0 0 0 0 0 1 0 0 0 0 0 0 1 0 0 0 2 0 0 1 1 0 3 0 1 0 0 0 0 3 0 1 1 0 0 0 1 1 1 0 1 4 0 0 0 0 3 0 0 0 2 0 0 0 0 0 0 0 2 0 0 0 1 0 0 1 0 1 0 1 0 0 0 0 0 0 0 0 0
0 0 1 0 0 0 0 0 0 0 1 0 0 0 1 0 1 6 0 0 0 0 0 0 0 0 0 1 0 0 0 0 1 2 0 0 0 0 0 0 0 0 0 1 0 1 0 0 1 0 2 0 0 0 0 0 0 0 0 0 0 1 0 0 0 0 0 0 1 0 0 0 6 0 1 1 1 4 0 0 1 0 0 0 1 0 0 0 0 3 2 0 0 1 0 0 0 8 0 0
3 1 8 7 11 7 0 9 15 0 26 20 0 34 1 0 16 0 4 3 0 3 0 2 9 1 7 26 0 3 0 0 23 4 2 2 6 2 3 2 1 0 0 2 3 0 16 6 6 0 14 5 3 1 0 0 19 2 1 9 14 14 1 16 5 25 17 1 3 5 17 7 19 1 5 4 2 29 2 1 0 14 2 6 29 17 2 0 18 10 6 2 24 18 1 50 14 8 9 2
0 1 0 0 0 1 0 2 0 1 0 1 0 1 0 1 0 0 0 0 3 1 0 0 0 5 0 0 1 0 1 0 0 0 0 0 0 0 0 2 0 10 0 0 0 0 0 1 0 0 0 0 0 0 2 0 0 1 0 0 0 0 0 1 0 0 9 1 0 0 1 0 0 0 0 0 0 1 0 0 1 0 0 0 0 0 22 24 2 4 1 14 0 0 1 1 1 3 0 0
2 1 0 3 1 0 0 0 0 1 0 0 0 1 0 0 1 0 0 1 0 3 1 0 2 1 0 0 0 1 0 0 0 0 0 0 0 0 1 0 1 0 1 0 0 0 0 0 1 1 0 0 0 0 0 0 0 0 0 0 4 0 1 0 1 0 0 0 1 0 1 0 0 0 1 7 0 0 0 2 1 0 0 0 0 0 1 1 0 0 0 0 0 0 0 2 0 0 0 0
30 1 0 6 7 11 7 18 0 0 7 2 4 25 13 0 4 10 26 16 1 0 0 1 14 4 11 1 0 11 16 6 2 0 3 2 8 4 20 13 11 4 1 1 4 6 6 10 11 1 10 0 0 2 0 2 0 1 22 2 2 13 4 30 4 9 10 5 18 22 0 20 1 2 3 26 15 8 3 0 0 4 6 2 1 0 1 5 5 0 14 5 38 32 6 0 5 11 0 8
4 41 13 2 1 2 5 10 5 7 3 7 6 7 12 6 12 9 8 0 5 0 17 8 8 45 5 2 15 17 11 10 4 4 0 1 15 18 7 16 2 9 3 9 0 9 31 7 4 4 4 1 0 5 25 39 18 1 25 1 3 5 4 5 25 9 4 17 7 3 14 7 14 19 11 12 18 0 13 5 0 0 0 9 2 4 7 23 14 10 7 5 3 8 1 10 24 1 1 1
1 0 1 0 0 1 0 1 0 0 0 0 2 0 0 3 1 5 1 0 0 0 0 1 0 1 1 0 0 0 0 0 0 1 1 1 0 1 0 0 0 0 0 0 1 4 0 1 0 0 0 0 0 1 0 0 0 1 0 1 0 1 0 0 1 0 0 0 0 1 1 0 0 1 0 0 0 2 0 0 0 0 0 0 0 0 0 0 0 1 0 0 0 1 0 0 0 0 0 3
0 0 2 0 1 1 0 0 0 2 3 0 8 0 1 0 0 14 1 0 0 0 0 9 0 0 3 7 0 8 0 1 0 0 0 0 6 0 0 1 1 0 1 0 5 0 1 0 1 0 0 0 1 0 0 0 3 0 1 1 1 0 0 13 0 2 0 3 1 0 0 1 1 0 0 0 2 0 3 0 1 2 5 13 0 0 0 0 0 1 1 0 5 3 1 8 1 1 0 0
2 1 2 0 0 0 0 0 0 4 3 0 2 0 1 0 1 0 0 0 0 0 2 1 0 1 0 0 11 2 2 0 0 0 0 1 0 0 0 1 1 0 0 3 0 0 0 0 3 1 0 0 0 1 0 0 0 2 0 0 2 0 0 0 0 2 0 0 0 0 0 0 0 0 0 1 0 0 0 0 1 0 0 0 1 0 2 1 3 0 1 0 2 1 0 0 0 1 0 0
8 0 2 0 4 4 0 10 1 6 3 6 0 5 0 7 5 2 6 3 2 0 16 1 3 5 10 1 1 4 6 3 2 3 1 1 0 1 8 2 16 1 5 2 54 3 2 4 8 1 3 0 3 0 0 10 1 1 7 1 0 1 4 0 4 1 4 3 0 9 2 1 2 0 4 3 0 3 6 2 0 3 17 9 7 3 4 0 2 0 11 1 9 10 1 15 0 6 9 1
10 0 1 1 0 2 7 4 2 0 0 0 0 3 0 2 1 0 0 3 8 3 9 2 2 0 0 0 15 0 2 0 4 0 6 3 1 0 2 6 6 1 0 3 0 7 1 0 1 7 1 13 1 2 6 0 0 1 0 1 0 13 5 0 1 0 15 0 0 1 4 6 6 4 6 2 0 10 0 0 1 2 0 1 2 1 3 3 1 1 1 4 0 0 0 0 0 1 0 5
20 12 0 24 2 1 0 11 3 13 7 21 1 5 0 3 30 2 9 31 0 17 8 0 10 5 25 3 5 1 1 1 3 11 0 4 3 10 10 0 26 0 38 4 32 4 25 0 17 3 8 17 11 13 9 16 0 1 9 4 2 6 14 4 17 12 2 44 1 7 1 1 1 10 1 4 9 0 10 15 1 1 4 25 1 6 8 7 7 2 1 6 3 4 8 1 9 11 16 7
1 1 4 0 2 2 2 1 2 8 0 0 2 5 6 1 4 1 2 3 0 9 1 0 0 0 3 2 1 1 2 1 3 3 0 1 1 3 8 4 4 1 1 2 2 1 0 2 3 5 0 1 6 0 10 4 1 5 1 3 5 4 5 1 0 1 8 2 8 0 7 3 6 5 3 5 1 1 0 0 2 3 2 5 0 3 4 6 15 0 3 0 2 1 1 3 7 12 0 3
7 19 2 6 8 7 1 19 32 5 2 9 8 1 9 6 2 30 14 1 2 24 5 4 4 21 8 3 1 11 13 0 4 1 4 3 0 6 16 0 46 15 1 1 7 14 2 14 2 17 7 8 1 1 3 0 5 5 0 4 14 1 43 17 14 7 1 7 0 8 0 4 14 19 7 29 3 2 12 11 18 0 1 4 20 19 3 5 12 14 3 2 7 3 17 7 2 19 5 2
2 3 5 1 14 4 4 1 1 0 1 0 6 1 11 25 8 15 11 3 4 2 3 1 4 3 14 1 5 4 1 0 1 0 3 12 2 6 11 21 3 0 4 4 1 0 2 0 6 2 0 2 9 4 0 1 6 11 8 14 0 10 1 2 0 2 8 3 9 9 3 0 0 1 6 6 1 0 19 1 1 8 11 4 0 12 16 11 2 1 12 7 9 4 0 2 1 5 0 7
0 4 5 8 0 4 1 5 2 0 0 4 8 5 2 2 3 14 7 0 0 6 4 6 10 8 5 6 1 3 2 8 2 2 2 2 0 5 1 0 6 0 5 9 4 0 0 1 11 4 3 0 7 0 0 2 5 0 0 3 0 0 1 0 2 3 4 0 2 1 0 5 5 0 1 0 9 6 7 17 4 1 7 3 2 0 1 0 9 5 3 5 4 2 6 10 0 13 1 10
8 6 8 6 1 7 0 2 14 0 2 0 6 1 0 9 1 3 0 1 0 0 0 1 5 1 2 5 3 9 0 1 2 2 2 1 5 3 2 3 18 1 10 0 2 13 0 0 1 0 0 4 6 2 1 1 3 0 10 0 6 0 13 7 0 2 0 4 5 3 3 9 5 5 4 2 0 3 2 0 1 1 0 6 2 4 0 1 0 5 8 0 4 0 0 1 0 0 1 2
0 4 8 1 3 1 5 1 6 5 0 3 0 7 2 2 3 2 1 12 4 16 17 0 1 3 5 22 3 4 5 0 6 20 1 42 0 0 0 10 5 1 5 2 0 9 0 1 4 3 4 0 2 5 4 0 0 2 8 5 3 1 1 4 14 0 0 6 0 0 4 3 0 13 26 0 12 3 2 3 0 3 20 0 0 3 1 2 5 5 1 1 20 0 5 0 6 1 2 0
6 9 0 0 1 6 2 12 0 6 0 2 0 1 13 2 2 6 5 1 1 0 11 9 0 0 7 4 2 1 9 7 3 1 1 2 4 9 0 2 4 0 4 3 1 14 11 5 0 5 3 0 3 1 2 5 2 0 2 0 1 1 1 1 2 3 6 3 12 13 3 2 12 0 5 0 6 8 4 8 0 8 8 17 2 0 0 11 5 11 2 0 3 0 1 0 0 7 7 2
0 0 0 2 1 0 0 0 0 0 1 0 0 0 0 0 0 1 0 2 1 0 0 0 0 0 1 0 0 0 0 2 1 0 2 1 0 1 2 0 0 1 0 1 1 2 0 0 1 4 0 0 0 0 0 0 0 0 1 0 0 0 1 0 0 0 0 0 2 0 3 1 0 0 1 0 0 0 0 0 0 2 0 2 0 0 0 0 0 0 0 0 0 1 0 0 0 0 0 0
18 13 0 3 2 2 7 0 17 7 1 6 5 6 4 0 5 9 9 7 5 20 16 4 1 19 20 29 8 29 2 12 5 17 26 6 13 7 3 1 7 5 18 1 5 4 12 22 8 4 1 5 3 6 16 0 17 18 7 6 7 34 16 24 25 21 2 5 0 11 0 26 17 12 13 12 2 1 1 28 13 0 5 5 1 5 26 7 8 9 9 0 5 0 4 4 1 2 1 2
1 0 0 1 0 0 0 1 2 4 3 3 2 0 1 0 6 0 2 0 0 0 0 0 1 0 3 0 0 16 1 0 0 1 2 0 5 1 5 0 0 0 1 0 0 1 0 0 0 0 0 0 0 0 0 6 1 0 13 2 1 1 0 0 3 6 0 0 3 7 1 0 0 0 0 0 2 0 5 0 0 0 6 2 0 0 0 2 0 0 0 0 4 0 0 5 7 4 0 0
1 3 24 1 3 6 10 11 0 3 6 10 1 0 25 2 2 6 3 8 2 0 11 4 2 2 5 3 0 0 2 3 2 7 3 0 6 1 5 1 2 3 3 6 0 5 13 4 5 2 9 1 10 4 3 0 5 6 17 1 8 5 0 2 3 7 12 1 1 3 0 0 0 6 0 4 1 7 1 0 4 0 9 2 2 3 1 5 0 3 2 9 0 4 1 6 2 1 2 2
5 0 0 1 8 3 5 2 0 2 10 0 1 1 0 1 3 11 1 0 1 1 1 3 5 1 2 4 1 7 12 1 4 1 0 3 5 0 0 1 0 4 0 10 5 3 0 4 0 12 7 1 3 2 5 6 0 4 16 13 5 0 7 0 4 2 7 4 1 10 15 9 8 15 2 1 9 2 0 2 3 3 1 11 1 0 2 0 1 5 0 0 7 15 3 16 0 10 7 1
1 0 4 2 2 0 1 3 0 6 3 0 6 4 0 2 2 1 7 0 8 1 0 0 6 4 9 0 6 2 8 0 0 2 2 1 1 6 1 2 2 0 6 5 5 0 13 1 10 1 2 3 10 7 1 11 4 3 21 6 2 2 3 3 4 0 0 6 0 0 0 4 4 4 20 1 0 3 5 9 1 12 5 1 4 5 0 1 0 7 1 4 0 1 8 1 1 0 2 4
2 3 2 0 6 2 6 1 2 3 4 1 15 8 8 3 3 3 8 2 0 5 5 0 12 2 1 1 3 5 0 6 4 1 11 17 2 3 4 7 8 3 5 0 4 1 4 0 2 2 5 1 0 3 5 0 3 8 9 1 9 1 0 2 17 0 7 1 0 6 0 9 3 3 5 2 3 13 4 2 11 0 0 2 0 6 2 7 6 0 2 2 5 7 2 8 1 3 1 0
5 5 1 5 9 6 19 3 19 6 10 4 9 7 12 8 15 1 22 16 4 6 3 6 0 2 1 1 3 2 5 15 53 4 2 4 26 1 9 17 3 3 13 7 6 11 9 1 0 5 7 0 10 1 3 5 3 0 11 5 2 3 1 0 9 3 14 3 1 16 6 1 13 3 1 12 2 5 1 15 1 18 20 2 0 16 1 6 11 1 2 14 9 7 5 1 39 0 16 8
3 1 23 0 3 0 6 0 6 8 24 9 0 0 30 1 10 38 5 16 0 7 11 2 1 16 9 16 10 14 28 2 3 10 10 8 23 8 0 1 6 2 4 9 7 1 12 4 0 15 5 4 1 13 11 2 7 14 2 6 5 2 1 14 4 12 16 9 1 1 4 5 13 6 0 11 3 2 8 8 15 5 6 8 2 1 1 26 22 4 4 30 1 1 9 12 5 1 17 0
3 0 3 13 3 3 9 2 0 3 20 16 0 6 6 7 3 6 7 3 19 9 9 4 0 12 1 12 5 20 8 2 3 12 8 0 12 0 19 1 23 19 1 7 2 15 3 29 8 3 10 3 0 2 26 8 1 0 1 1 12 15 18 3 2 4 8 3 0 20 16 0 3 7 1 0 6 4 5 1 5 25 2 9 0 7 1 4 8 4 2 4 1 1 3 4 14 27 6 3
0 9 9 2 1 13 0 2 1 1 3 1 2 3 4 6 4 0 1 9 0 4 3 4 4 4 11 6 8 5 7 0 4 8 0 1 1 4 10 1 0 3 5 2 1 3 0 2 1 1 1 10 1 9 4 1 25 2 0 0 2 0 0 0 0 2 0 2 1 1 9 0 2 2 1 1 1 6 5 1 0 14 1 0 0 1 2 2 9 2 8 0 0 2 2 3 0 1 12 2
0 0 0 0 0 0 0 1 1 1 0 0 0 0 1 0 0 0 1 1 0 0 0 0 0 0 1 0 0 0 3 0 0 2 0 2 0 0 0 10 0 0 1 0 2 0 0 0 0 2 0 1 0 0 1 0 0 0 0 0 2 5 0 0 0 0 0 0 0 0 1 0 3 0 0 0 0 1 0 0 0 5 0 0 1 3 0 0 1 0 0 0 0 0 2 0 0 1 0 1
3 0 1 19 0 0 2 2 0 4 1 4 23 2 3 0 4 20 14 0 5 4 3 19 2 0 2 2 10 12 0 5 0 2 2 7 7 7 3 1 1 2 23 2 18 2 28 3 1 0 7 1 4 8 6 2 1 1 2 1 10 13 1 3 8 1 1 4 2 1 0 1 0 0 2 12 0 7 12 3 0 1 0 9 4 0 0 8 0 10 4 1 11 2 13 13 0 1 4 0
0 0 0 1 2 0 3 0 1 0 0 4 0 0 3 0 0 0 1 0 0 0 0 0 0 1 0 1 0 2 0 0 0 0 2 0 0 0 1 0 0 3 0 0 0 0 0 1 6 0 1 0 1 0 0 0 0 1 0 0 0 0 0 3 0 0 4 0 1 0 1 1 0 1 0 22 0 0 0 1 3 0 0 0 0 0 3 3 0 1 0 2 0 0 3 0 1 0 0 0
9 3 1 0 1 1 1 4 2 1 11 8 13 9 4 5 4 15 2 3 9 12 9 25 13 2 6 14 1 8 6 3 1 3 1 5 6 1 10 8 0 8 14 14 11 2 2 0 1 7 8 6 11 2 9 1 2 5 9 2 3 1 3 0 22 4 6 4 27 13 4 0 5 1 2 16 3 1 1 19 11 11 18 0 0 9 18 13 2 14 9 7 0 29 11 0 4 9 19 2
5 0 6 0 8 0 5 2 0 2 13 0 0 0 0 0 10 1 16 5 1 0 5 3 4 1 0 0 5 9 9 9 3 49 5 1 16 1 0 1 13 7 0 4 0 4 2 2 7 3 4 3 0 7 0 4 3 0 6 2 0 0 0 0 4 1 9 0 1 1 2 6 1 4 1 0 10 17 4 4 5 0 1 3 1 7 0 2 1 1 4 1 3 2 1 0 12 3 9 3
0 0 0 1 0 0 0 0 0 0 0 0 0 0 0 0 0 9 2 0 0 1 0 0 0 0 0 1 0 0 0 0 0 3 1 0 1 3 1 0 0 2 2 0 0 0 0 0 1 0 0 0 0 0 0 0 0 0 0 0 0 0 0 0 0 0 0 0 1 1 1 1 1 0 1 2 0 0 2 3 0 0 0 0 1 0 0 0 0 0 0 2 0 0 0 1 0 2 0 0
8 30 5 3 1 3 4 1 8 16 20 8 6 1 29 9 5 3 0 23 3 0 4 7 3 1 10 20 11 0 8 16 20 13 0 4 10 18 4 3 4 10 1 5 0 10 9 10 2 10 5 1 2 3 5 3 4 8 1 1 13 0 14 8 6 1 6 2 1 7 24 9 0 6 10 1 16 11 1 9 4 5 6 17 4 8 6 0 0 8 7 1 9 0 2 2 22 17 8 4
1 6 2 0 0 0 2 11 7 0 2 6 5 15 2 4 3 8 10 3 1 4 1 0 6 6 2 7 3 3 1 0 0 0 11 6 7 7 0 0 1 1 1 0 9 2 1 2 0 2 11 0 0 1 3 0 0 9 5 3 6 0 15 1 2 3 3 4 4 5 16 0 8 14 5 6 12 3 3 1 1 1 5 5 10 9 1 12 8 7 0 1 3 2 4 1 3 1 1 1
5 2 5 5 8 15 20 17 2 9 2 3 0 1 4 0 6 3 24 19 0 13 0 4 6 5 16 2 1 1 20 10 2 1 12 1 15 2 13 3 2 22 13 10 2 5 5 2 6 0 5 0 0 3 0 24 3 5 3 4 2 9 9 9 6 0 1 3 3 10 21 0 7 0 2 0 11 4 1 3 9 5 2 2 6 1 4 1 14 2 9 3 3 16 4 14 2 1 4 1
1 1 0 1 0 0 0 0 0 0 2 0 1 0 0 0 0 0 0 0 1 0 0 0 0 0 1 0 8 0 0 0 0 0 0 0 0 0 0 0 1 0 0 1 0 0 0 1 0 0 0 0 0 0 0 0 0 0 1 0 0 0 1 0 1 0 0 0 0 2 2 0 0 0 0 0 1 0 0 1 0 1 0 0 0 0 1 0 0 0 0 1 0 1 1 0 0 0 0 0
5 3 6 2 2 1 4 0 5 3 0 17 3 3 3 3 10 4 19 0 11 16 1 1 0 8 4 6 2 0 3 7 3 0 0 1 0 2 10 10 1 14 1 3 2 3 10 2 2 3 0 1 0 0 3 0 9 6 2 11 3 10 4 3 1 5 6 5 0 18 11 0 0 2 0 11 0 3 1 0 0 0 0 1 7 2 1 11 0 0 0 2 8 1 6 0 0 9 5 6
0 1 2 1 1 0 0 1 0 12 8 0 5 0 0 0 0 4 2 0 0 0 1 3 0 0 0 12 4 0 0 0 0 0 0 0 3 0 1 0 0 0 11 0 3 0 0 0 1 0 1 0 0 0 0 0 1 0 9 0 4 0 2 3 0 1 0 1 1 1 0 0 2 0 0 0 1 0 1 0 0 0 3 2 0 0 1 0 0 0 0 0 3 0 0 5 1 0 15 0
0 1 0 0 0 0 0 0 0 1 0 0 1 0 2 0 0 0 0 0 0 0 0 1 0 2 0 0 0 0 0 0 1 0 0 0 1 1 0 1 0 1 0 2 0 0 0 2 0 0 1 0 0 0 3 0 0 1 0 0 1 0 1 2 2 0 0 0 0 1 7 1 6 0 0 0 0 2 1 0 1 4 0 0 1 4 0 0 1 1 0 0 0 0 0 0 1 1 0 0
2 6 9 0 0 2 1 0 1 1 6 1 1 3 7 0 4 2 4 2 0 0 9 8 5 9 13 3 6 1 5 0 5 3 1 1 11 4 2 6 1 0 6 8 0 1 7 0 2 2 7 10 0 1 5 3 0 3 10 4 4 7 7 1 2 6 1 14 6 7 3 2 4 6 5 4 5 6 4 6 1 6 1 12 8 4 4 14 9 3 7 10 6 1 6 6 5 0 0 0
2 0 2 3 3 22 0 2 0 0 2 2 2 4 1 1 0 1 2 1 0 0 0 7 0 2 7 0 2 4 0 0 7 5 3 1 0 18 1 3 8 9 0 2 3 0 3 1 2 15 1 6 3 3 0 8 11 2 1 13 7 0 4 0 1 2 3 2 0 0 5 8 0 4 7 3 0 4 2 4 0 5 0 8 5 4 16 6 12 1 3 17 0 2 1 2 8 11 9 0
3 30 3 6 12 8 27 0 0 1 2 12 0 6 6 19 8 7 1 5 0 7 21 0 9 4 2 10 6 22 8 0 0 0 3 2 17 0 7 3 14 32 0 16 13 11 2 3 1 5 10 14 25 17 19 2 14 14 4 4 3 12 0 0 1 4 22 3 3 20 10 13 18 1 16 4 29 12 15 2 10 1 2 5 19 7 6 0 0 6 2 2 0 2 28 10 1 4 12 22
4 2 7 0 1 9 4 8 2 3 0 1 2 0 0 2 8 0 0 0 9 2 9 0 1 1 4 5 2 0 0 0 6 1 4 8 1 1 0 4 1 3 3 5 3 4 7 0 1 4 19 2 5 2 15 1 12 0 2 0 1 2 11 4 3 2 2 0 13 0 21 4 1 5 16 2 0 4 2 3 4 4 1 0 2 0 11 1 6 9 0 6 2 4 13 7 3 0 1 2
1 0 0 2 1 13 1 1 0 0 0 1 0 2 0 2 0 0 0 1 0 0 0 0 0 0 0 0 0 1 0 1 1 0 1 1 0 0 0 0 0 0 0 0 0 0 0 0 0 0 1 4 0 2 0 0 1 3 0 1 0 0 0 0 1 0 1 1 0 1 0 7 0 1 0 0 0 0 0 0 0 0 0 0 2 0 3 2 0 0 3 4 0 1 1 0 0 5 3 0
1 0 6 0 9 4 1 3 0 0 0 2 6 3 5 0 1 2 10 4 0 1 16 12 0 1 12 2 4 2 5 2 9 3 0 6 0 0 1 20 10 14 1 4 4 0 0 0 11 1 10 27 3 4 4 0 9 5 16 0 9 1 9 0 1 1 0 5 1 9 4 1 3 6 12 6 0 15 16 23 3 1 1 11 1 0 6 2 0 15 7 4 9 0 1 8 3 5 2 0
0 0 0 0 0 0 1 0 1 0 0 0 0 0 0 2 0 0 0 0 0 0 0 0 0 1 0 2 1 1 0 1 0 1 0 0 9 0 0 1 0 0 1 0 2 0 0 0 0 0 0 0 0 1 1 0 4 0 1 0 2 0 0 0 1 1 0 1 0 0 0 0 0 0 1 0 0 0 1 0 1 0 0 0 0 1 0 1 0 1 0 0 2 0 1 0 0 1 0 0
9 10 4 0 19 0 20 13 20 1 6 5 25 0 3 0 2 4 11 1 2 8 25 1 8 19 2 0 22 2 15 1 1 2 34 7 5 0 2 12 22 3 10 5 1 2 11 2 7 2 2 36 3 12 1 1 10 10 2 3 2 2 19 2 1 0 2 0 14 5 11 12 0 3 0 0 9 6 17 14 1 1 0 0 0 17 3 1 2 1 26 3 26 0 11 15 1 1 8 2
5 0 7 4 3 15 1 3 0 4 5 5 2 4 2 10 13 1 0 6 1 2 0 22 1 3 1 1 11 3 0 9 0 5 0 3 0 1 5 1 3 0 2 1 9 4 5 5 0 3 3 1 0 6 1 1 1 0 15 4 1 4 4 8 0 3 4 1 8 9 3 43 6 2 22 3 7 0 4 0 0 4 5 7 0 2 0 0 5 1 9 0 0 7 5 13 0 0 9 2
8 1 8 4 1 16 8 6 2 9 7 7 1 14 15 5 4 0 7 1 4 14 21 6 12 5 4 1 9 8 0 1 11 0 3 9 5 5 4 3 16 19 3 14 2 9 3 1 13 7 2 0 6 19 0 10 7 9 1 2 4 2 3 10 2 11 1 0 6 28 10 16 6 0 23 9 2 9 7 8 1 3 5 6 5 1 0 9 0 0 1 17 3 27 1 2 8 24 0 1
1 0 0 1 9 2 0 8 2 4 6 0 2 0 0 1 6 0 6 1 7 2 0 0 3 1 3 2 3 0 1 0 11 3 1 3 0 5 0 3 2 4 4 0 1 19 7 5 8 12 3 9 2 0 0 4 0 0 1 6 3 0 3 4 3 0 8 4 2 8 3 11 4 2 13 11 0 2 1 2 2 3 2 0 0 5 4 7 1 15 1 5 2 0 0 0 1 0 8 3
2 14 2 5 0 2 0 0 10 2 5 10 6 4 1 3 0 17 0 1 0 1 3 2 7 3 4 1 4 1 1 4 1 0 4 0 0 9 1 6 3 0 0 1 2 2 7 1 8 2 3 8 6 3 3 4 10 2 4 10 0 15 10 3 0 0 1 2 4 0 5 20 0 0 7 2 2 1 4 5 0 4 3 7 1 2 13 0 2 3 6 0 2 2 1 0 1 11 0 0
5 5 9 6 0 5 0 28 57 25 0 7 0 2 2 0 34 3 11 6 1 4 2 4 4 0 19 6 2 7 2 9 0 0 3 3 1 29 4 5 26 2 11 4 6 12 14 3 0 5 0 9 5 19 5 5 4 13 3 5 12 4 2 11 19 5 1 31 3 1 13 45 0 12 0 0 9 1 4 1 6 46 7 17 0 21 0 2 13 34 0 0 1 2 6 3 9 0 11 6
3 5 16 2 17 14 14 6 2 15 2 12 9 7 8 20 4 18 3 3 1 2 0 21 1 32 0 2 9 16 4 2 7 1 18 2 22 12 22 1 6 16 4 2 5 10 0 8 6 4 6 2 23 0 0 20 13 7 2 1 0 7 1 3 11 19 11 14 7 6 7 7 0 1 18 6 10 2 2 13 2 2 1 6 11 24 1 4 3 5 0 11 4 0 18 4 15 25 2 1
10 1 6 5 2 0 6 0 1 1 0 3 5 5 2 1 0 0 8 4 2 2 5 4 5 3 50 9 2 12 6 1 7 2 3 0 24 12 1 3 2 3 0 13 2 9 3 10 2 0 9 1 4 1 0 8 4 1 19 2 5 4 0 33 2 5 2 18 8 2 4 1 4 1 2 3 8 10 27 9 4 3 45 11 3 1 0 7 0 1 2 11 4 3 12 14 0 4 9 0
0 1 1 0 0 0 1 0 0 1 0 0 0 0 1 0 0 2 0 4 0 0 0 0 0 0 1 1 0 0 0 0 2 2 0 0 0 2 0 1 6 0 2 0 2 0 1 0 1 0 1 1 1 1 0 0 0 0 4 0 0 0 0 1 0 20 0 1 0 0 0 0 1 0 0 1 0 0 0 0 0 1 1 8 1 0 0 0 0 0 0 0 2 8 0 0 0 11 0 0
2 4 4 5 20 11 5 0 13 12 16 11 28 8 8 1 5 19 9 19 19 7 0 5 8 10 15 20 0 7 15 3 1 0 3 0 3 15 4 0 0 3 1 0 1 0 31 19 44 3 5 11 0 5 8 44 29 4 5 12 8 7 15 9 19 13 34 0 4 0 5 8 3 1 3 3 17 15 0 15 2 13 6 1 15 11 4 0 4 2 0 4 5 5 3 3 12 8 0 3
0 6 2 6 1 5 13 0 3 4 5 2 1 5 0 3 7 10 13 3 0 1 3 3 3 7 0 5 2 7 1 1 3 1 1 7 8 2 4 0 1 10 8 0 0 1 0 7 0 3 2 6 4 0 0 1 0 11 6 3 0 12 1 3 3 2 6 3 2 0 3 5 1 4 0 5 2 0 12 1 2 14 0 0 4 5 0 3 13 0 3 0 1 7 1 2 1 3 5 6
3 1 6 1 4 0 0 6 5 2 1 0 19 1 3 2 17 0 6 1 2 0 1 1 19 3 0 3 5 3 4 1 5 0 0 2 4 4 0 1 0 3 8 6 3 2 0 19 6 3 1 0 4 1 11 1 8 7 17 6 4 2 3 1 13 22 1 0 0 4 4 5 10 0 4 0 4 8 14 1 3 11 1 3 17 0 7 1 4 4 6 5 25 2 6 8 10 35 6 15
6 6 0 1 12 3 35 15 9 1 5 2 3 18 4 5 1 0 0 2 1 1 0 13 2 3 3 1 1 6 0 20 22 4 5 3 0 3 4 1 10 9 5 10 3 0 15 5 3 8 13 6 4 4 0 3 0 4 1 0 14 8 16 1 2 22 0 2 3 1 0 36 0 1 0 31 4 5 3 9 4 0 0 1 17 20 4 2 6 9 0 0 2 0 0 0 1 23 10 0
0 0 0 2 4 1 0 1 0 1 0 0 1 0 0 0 0 0 0 0 0 2 1 0 1 0 0 0 0 0 0 1 0 0 0 1 0 0 0 0 0 0 0 4 1 0 0 0 0 1 0 0 2 0 0 0 0 2 0 0 0 0 0 0 0 0 1 0 0 0 0 1 1 2 0 0 0 1 0 4 0 0 1 1 0 2 2 0 0 3 0 0 0 0 0 0 0 0 0 0
1 0 0 1 5 1 0 0 5 1 2 0 1 3 5 2 2 0 1 3 0 5 4 0 8 0 0 1 4 0 3 3 1 2 1 3 0 2 1 10 2 6 1 0 0 9 0 3 0 1 8 6 0 1 1 0 0 0 0 1 0 21 2 0 7 0 0 1 0 0 0 2 4 7 1 3 0 2 2 1 0 2 0 0 0 1 2 0 0 0 4 0 0 1 0 0 2 1 0 8
2 0 9 14 6 27 0 15 6 3 1 8 1 6 1 0 3 5 5 16 2 8 8 13 5 20 2 0 11 4 4 0 15 3 7 8 2 7 1 11 12 5 0 4 0 1 12 0 0 1 16 3 4 10 8 14 2 18 3 8 31 1 5 11 3 3 3 0 0 10 3 12 15 10 2 0 8 0 2 5 0 0 11 12 15 3 2 8 20 4 6 7 2 7 14 1 1 6 8 2
2 1 0 0 0 3 0 0 0 1 0 0 1 0 0 0 0 0 0 0 1 0 0 0 1 0 0 2 0 0 1 1 0 2 1 0 0 2 1 0 1 0 1 1 0 0 0 12 1 0 0 1 2 0 0 0 0 0 0 1 0 0 0 0 0 1 0 0 0 2 0 0 3 0 0 0 4 2 1 0 0 0 0 0 0 1 0 0 2 0 0 0 0 1 1 1 0 2 0 1
1 0 11 0 0 0 0 0 1 0 2 0 0 1 0 0 0 5 1 0 0 3 0 0 0 1 1 12 1 0 0 0 0 0 1 0 0 0 1 0 1 0 0 0 1 0 0 0 0 0 2 0 2 0 0 0 2 0 0 1 0 1 0 0 0 7 0 0 0 3 0 0 2 1 0 0 0 0 0 0 0 1 0 7 0 0 0 0 0 0 0 3 10 1 1 2 0 3 0 0
0 0 0 2 0 0 0 0 1 0 0 1 1 0 1 0 0 0 0 0 2 1 1 0 0 0 0 0 4 0 1 0 0 0 0 0 0 0 1 0 0 0 0 1 0 4 0 2 0 0 0 2 0 0 0 0 0 0 1 1 0 0 0 0 0 0 0 0 1 0 0 2 0 1 1 0 0 0 0 0 1 1 1 0 0 0 2 0 1 0 0 1 1 0 0 2 0 0 1 0
2 1 5 0 0 3 9 0 0 8 3 1 4 6 1 8 2 0 10 1 0 12 1 8 12 8 0 1 1 0 0 0 1 1 2 1 3 5 0 9 1 1 0 11 3 0 2 2 1 6 0 1 2 4 11 1 1 0 4 0 2 5 4 0 0 10 5 7 14 3 2 3 0 4 7 5 0 2 5 2 3 3 7 0 3 6 0 1 2 1 14 3 3 3 1 0 6 3 4 1
1 1 1 4 5 3 3 5 9 7 2 5 2 1 0 3 2 0 5 6 3 6 7 0 4 2 6 2 3 1 3 0 4 9 5 0 0 2 1 9 0 1 2 1 10 1 5 1 0 1 4 4 9 0 3 5 10 2 3 6 4 8 1 2 8 0 5 10 0 12 2 6 0 3 1 2 2 0 5 7 5 3 1 3 2 6 2 4 7 12 5 7 5 16 4 1 4 1 0 7
0 0 0 6 0 0 0 0 6 0 1 1 0 2 2 0 0 0 1 7 1 0 7 3 0 0 4 1 2 1 6 0 0 1 0 22 1 2 0 0 0 0 0 1 0 0 0 0 0 1 0 0 0 3 1 0 0 0 1 5 0 0 14 4 0 0 0 0 1 1 0 0 0 4 3 1 0 1 1 8 1 0 0 0 0 0 0 0 7 0 0 0 0 1 1 1 0 0 0 0
1 0 2 0 2 1 1 0 0 0 0 0 1 1 0 0 0 4 4 0 1 0 0 0 2 1 1 1 1 0 0 0 1 0 2 0 6 1 0 0 0 0 1 0 1 1 2 0 1 0 0 0 3 0 0 0 1 0 0 0 4 0 1 0 0 0 0 0 1 0 3 0 0 2 0 2 0 1 0 0 1 1 0 5 0 0 0 0 0 0 0 0 3 0 0 1 0 7 2 0
1 1 9 1 12 0 2 2 1 7 3 0 4 9 1 0 9 9 0 39 2 11 0 23 23 10 20 3 6 16 1 16 14 2 15 7 0 9 5 28 9 0 12 3 30 0 1 24 4 3 2 1 9 2 5 0 13 10 11 20 2 6 13 4 7 2 0 9 2 2 15 0 6 6 11 4 5 11 7 4 9 2 7 1 11 16 4 45 5 6 4 9 3 1 1 15 4 13 6 4
2 12 1 9 1 1 0 7 12 0 18 17 3 11 0 5 3 6 7 3 3 9 5 5 1 0 7 1 18 6 1 13 24 12 0 14 0 15 9 7 11 0 12 3 0 2 14 1 7 19 31 5 2 15 0 2 2 12 3 5 23 19 0 3 6 1 0 3 11 0 1 48 2 5 3 4 3 5 3 1 2 1 2 5 4 12 0 1 9 29 3 5 27 13 0 7 15 4 1 0
1 5 0 2 1 31 6 15 2 2 1 0 7 1 26 22 1 4 0 4 1 20 1 4 25 20 12 1 14 1 11 3 1 8 1 11 0 1 1 24 7 3 14 2 4 4 4 4 6 1 29 4 19 1 1 9 8 6 7 27 5 9 7 0 1 5 3 13 0 8 0 2 1 1 6 17 1 1 2 1 11 4 1 3 2 5 0 1 5 23 2 5 5 3 10 10 10 0 1 26
0 0 2 0 0 2 1 1 0 1 12 2 4 5 0 2 0 6 4 4 1 0 1 0 5 0 2 3 0 3 2 2 1 9 0 2 0 7 9 1 2 2 3 0 5 0 9 6 7 1 0 0 2 0 11 2 2 4 0 1 2 7 0 4 2 4 7 12 3 2 4 8 0 8 10 2 0 1 1 0 0 1 7 0 3 6 1 23 1 1 14 0 2 9 18 1 0 3 0 4
17 0 2 4 2 13 0 13 4 17 0 18 28 14 0 3 2 7 9 1 16 0 18 34 1 6 16 4 6 8 15 6 13 3 4 4 1 3 1 5 9 0 13 2 24 11 25 1 26 1 6 2 1 16 0 7 2 14 2 12 3 1 2 4 1 3 6 5 1 5 13 3 12 9 2 3 1 11 11 2 4 2 8 32 7 31 2 24 32 10 6 7 0 11 3 7 0 24 0 3
0 0 0 1 1 0 0 0 1 7 0 0 4 0 0 0 1 3 0 0 0 2 0 0 0 0 4 7 0 1 0 1 0 0 2 1 5 0 0 0 0 0 3 0 3 0 0 0 1 0 0 0 0 1 0 0 3 0 1 0 7 0 0 1 0 2 0 0 23 13 0 2 0 1 0 2 2 0 2 0 6 0 7 20 0 0 0 1 0 0 0 0 1 2 0 0 2 2 4 0
0 0 0 0 6 0 6 2 0 0 0 0 0 2 1 0 1 0 0 1 0 6 0 0 1 3 1 0 1 2 0 1 0 0 1 0 0 1 0 0 0 9 0 0 0 0 2 0 7 0 2 0 1 0 0 0 1 0 0 1 0 0 0 0 0 0 0 0 0 2 0 0 0 0 0 2 2 0 1 0 15 0 1 0 1 2 1 4 0 0 1 0 0 0 5 0 0 3 2 4
12 17 16 3 2 0 8 3 23 16 4 3 0 13 4 6 16 10 6 13 13 12 4 25 3 0 1 2 3 11 10 19 2 0 0 2 0 7 14 16 11 6 1 9 5 4 2 2 7 16 7 11 1 1 7 1 0 18 10 2 1 1 6 0 0 0 2 11 4 2 4 7 26 12 2 9 7 1 4 2 8 4 15 1 3 1 1 10 0 3 2 2 4 25 4 8 16 3 0 15
11 0 1 4 0 0 8 5 5 3 2 0 1 1 3 0 0 1 2 5 4 3 1 3 0 1 0 0 2 6 17 4 3 0 6 1 0 1 0 12 6 5 0 0 8 7 2 0 1 1 4 1 0 3 1 0 4 2 0 1 2 9 1 4 5 10 0 2 2 3 5 1 5 0 1 1 1 1 0 3 2 3 6 1 0 0 2 0 1 7 2 3 3 0 14 19 0 23 5 2
4 1 3 9 2 1 11 0 2 13 3 0 7 8 19 26 2 4 1 6 1 1 2 2 1 3 1 9 5 5 2 5 3 7 0 5 7 14 0 11 7 0 0 3 0 1 18 4 0 15 2 15 8 2 5 0 7 8 2 0 7 1 7 6 1 7 25 13 3 2 2 37 2 8 6 1 1 10 2 10 4 11 0 15 1 2 5 4 6 2 10 6 0 1 11 7 2 3 4 6
1 0 0 1 0 3 1 0 0 0 0 0 0 0 0 0 0 0 0 0 1 7 0 0 0 0 2 0 1 0 1 0 0 0 0 0 0 0 0 0 0 0 1 1 0 1 0 0 1 0 1 0 0 1 0 2 0 1 0 0 1 0 0 1 1 0 0 0 0 0 1 0 0 0 0 6 1 0 0 0 1 0 0 0 0 0 1 8 0 0 0 0 1 0 1 0 2 0 0 0
8 5 4 1 1 3 1 0 7 4 4 0 4 14 15 3 14 0 0 8 9 5 4 18 15 1 24 2 10 8 8 12 9 5 5 21 0 0 6 7 18 1 4 3 0 9 0 0 11 12 16 0 6 0 8 4 9 2 2 6 4 3 6 10 7 14 9 3 8 9 0 7 6 3 2 3 4 5 24 2 18 12 0 0 0 1 3 38 13 8 8 2 3 9 24 6 0 8 26 7
48 9 3 1 21 3 8 22 9 7 5 14 6 18 11 9 5 5 12 4 5 11 5 32 1 2 2 15 1 0 4 6 4 4 2 3 6 8 15 6 2 6 17 14 7 23 8 9 32 22 0 3 37 20 7 10 10 4 0 10 1 5 2 2 3 8 1 21 4 4 19 2 1 6 10 2 18 2 18 4 10 2 17 2 12 11 8 18 9 4 3 3 16 5 4 11 4 7 2 0
