6 3 5 7 0 0 0 2 2 6 10 19 4 11 4 10 12 29 9 6 7 9 6 36 5 1 0 2 1 9 0 4 14 14 13 23 12 26 8 22 1 7 1 13 0 13 6 8 9 7 0 10 9 20 3 15 13 15 3 0 13 1 5 2 0 0 9 11 6 2 8 0 1 1 0 4 4 3 0 0 6 0 8 14 0 9 30 0 3 0 10 4 6 14 11 0 13 7 1 10
3 13 0 2 1 0 1 1 16 9 2 3 27 6 5 2 1 4 4 0 8 2 4 1 1 1 3 2 3 2 5 7 10 1 1 0 4 3 10 2 6 1 6 0 3 2 6 8 4 0 3 0 2 3 5 1 0 9 12 24 22 4 5 4 0 11 2 0 5 1 4 4 1 0 14 0 13 3 0 8 34 0 5 0 23 0 24 1 12 0 1 2 3 0 4 1 7 4 0 8
13 7 2 0 14 3 0 0 0 13 7 1 0 11 2 4 7 11 11 1 10 8 5 5 1 16 2 26 19 3 4 6 4 8 2 1 5 17 10 0 1 8 8 5 14 14 21 24 6 26 5 10 1 5 5 27 14 8 1 13 25 2 4 11 39 35 21 0 12 3 10 5 3 0 3 8 1 5 9 13 1 3 9 0 11 1 2 26 1 8 2 25 6 4 3 5 7 22 5 35
0 1 0 0 0 0 0 0 1 0 0 0 0 0 0 1 0 1 1 0 0 0 0 0 0 0 2 1 0 0 0 2 2 1 0 0 0 1 1 0 0 0 0 0 1 0 0 0 0 0 0 0 1 1 0 0 0 1 0 0 0 0 4 1 0 0 5 1 0 1 0 0 1 0 0 0 0 0 1 0 0 1 0 0 0 0 1 1 0 0 0 0 0 1 0 2 0 0 1 4
0 1 1 0 1 8 1 3 1 9 8 2 14 1 2 10 1 8 3 2 4 2 0 5 4 7 12 2 6 7 7 10 12 3 22 14 5 6 3 0 9 17 9 27 11 1 1 0 4 12 0 1 0 0 5 27 12 9 8 9 8 3 10 0 14 1 1 0 0 10 3 7 0 2 3 3 1 3 1 23 5 5 0 0 11 2 4 0 4 0 0 1 44 0 0 4 14 0 11 2
8 0 1 18 9 4 3 6 0 1 5 2 1 10 3 13 1 0 3 0 3 2 1 1 10 2 1 5 1 2 6 10 0 3 4 13 8 0 1 4 1 4 0 0 0 0 4 4 1 1 0 11 14 5 0 3 2 2 4 4 0 4 1 4 2 8 2 15 5 3 3 3 11 0 0 7 8 0 2 7 0 6 5 4 10 8 0 3 0 0 1 6 2 5 0 1 13 1 6 4
0 0 1 0 0 1 0 0 0 0 10 2 1 0 0 0 0 1 0 0 0 0 2 0 1 0 0 0 0 0 0 2 0 0 2 0 1 0 0 0 0 1 2 0 0 0 0 0 0 0 2 0 0 0 0 1 0 0 0 1 0 0 1 1 0 0 0 0 0 0 0 0 0 0 0 0 0 1 0 0 0 0 0 0 1 1 0 1 0 0 0 0 0 2 6 0 0 0 0 0
4 15 1 12 0 3 9 13 4 8 12 0 7 0 5 12 4 5 0 12 1 1 10 3 23 50 3 21 18 0 1 7 23 1 2 1 1 32 11 9 9 1 5 7 25 0 0 2 17 2 19 3 5 25 1 4 0 2 14 3 0 10 10 1 6 12 2 7 35 20 22 25 17 2 20 4 17 4 13 8 3 13 11 14 3 0 11 4 4 1 14 0 9 31 2 7 12 5 3 9
0 0 0 0 0 0 0 3 0 0 0 3 0 1 1 1 1 1 0 0 0 0 1 0 0 2 0 1 0 0 0 0 0 1 0 1 0 0 0 0 0 0 0 0 0 1 1 1 1 0 0 1 0 0 0 0 1 0 1 0 0 0 0 1 1 0 0 1 0 0 0 0 5 0 0 0 0 1 2 0 0 0 0 0 0 0 0 1 0 0 0 0 0 0 0 0 1 0 2 0
0 1 2 6 5 13 0 3 18 12 9 0 1 8 16 0 4 24 0 0 4 8 0 1 0 6 6 11 10 16 1 1 9 9 0 15 2 1 9 7 1 6 6 1 12 13 7 20 3 23 10 19 4 2 1 12 2 6 9 7 0 21 2 1 33 3 0 5 12 7 1 10 2 0 19 7 5 13 12 34 5 0 1 3 1 17 0 5 2 0 12 3 8 1 10 0 5 9 2 0
0 1 1 0 3 1 8 3 9 3 0 2 0 2 2 8 2 0 4 1 1 0 2 0 14 3 2 2 2 1 14 3 4 2 13 9 1 3 3 0 1 1 0 0 1 0 6 2 2 1 1 13 1 8 23 0 4 2 1 0 7 6 1 10 8 5 3 19 0 11 3 2 1 4 16 0 0 7 20 11 7 4 10 0 0 1 1 8 0 1 13 5 2 4 4 4 6 3 1 2
2 10 7 1 5 0 2 7 3 5 7 16 16 16 25 8 4 8 0 9 33 15 7 2 0 21 21 0 31 10 3 2 1 7 0 5 2 4 6 27 0 22 13 1 6 1 7 3 9 4 2 0 12 18 25 15 2 1 0 9 34 6 5 0 27 6 1 12 3 3 17 14 2 2 12 13 1 1 1 8 7 4 0 0 1 3 0 21 5 17 2 3 5 0 1 0 1 1 13 19
0 0 2 4 2 10 1 3 2 0 2 15 1 12 1 4 5 0 1 4 0 3 0 0 9 3 1 0 6 5 1 14 24 8 5 0 3 2 2 0 20 2 5 4 0 1 0 0 0 2 0 1 2 4 1 0 4 2 13 2 22 0 2 1 1 2 0 3 0 0 3 0 4 5 1 2 2 6 6 7 2 4 1 0 12 4 2 0 1 3 1 4 2 3 16 2 0 8 11 2
3 0 0 0 0 0 2 1 1 0 0 0 2 5 0 0 1 1 1 0 1 2 0 0 0 0 0 0 0 0 0 8 0 0 0 1 2 0 0 0 0 1 0 0 0 0 1 2 1 0 0 0 0 0 1 0 0 0 0 0 3 0 3 0 0 0 0 0 0 0 0 1 3 0 2 9 5 0 1 2 1 1 1 0 2 0 1 1 0 0 0 0 1 7 0 1 0 0 0 0
7 9 0 14 0 4 10 1 4 1 14 0 6 1 1 46 5 7 3 5 7 4 20 1 1 6 1 4 8 16 6 10 10 32 31 9 8 5 1 7 0 11 0 1 15 21 1 2 1 20 1 7 14 7 4 9 7 0 4 0 20 4 9 0 0 6 13 4 3 3 1 7 6 8 9 15 18 5 3 5 7 7 1 26 9 12 0 14 1 1 1 9 8 6 13 7 5 0 36 3
1 1 1 0 0 0 0 0 1 0 0 0 0 0 0 0 0 0 0 0 0 0 1 0 19 0 1 0 0 0 0 0 0 0 0 0 0 0 2 0 0 0 0 0 0 2 0 0 0 1 1 0 0 0 0 0 0 0 0 0 0 0 0 0 0 0 2 0 13 5 0 0 0 1 0 0 0 0 0 0 2 0 0 0 0 1 0 1 4 0 1 0 0 0 0 0 0 0 0 0
12 12 18 7 13 1 5 6 2 9 2 2 0 3 6 6 10 20 5 7 13 0 2 1 0 8 0 1 0 7 8 2 5 15 0 6 7 9 4 9 9 1 19 0 3 1 6 24 2 1 4 26 10 23 11 5 0 12 9 1 3 2 11 15 17 3 3 1 6 3 1 17 0 4 0 23 1 22 21 17 0 5 35 4 6 8 3 4 4 10 12 5 0 32 18 4 19 4 3 0
4 13 5 16 3 1 20 6 4 0 0 5 7 7 11 0 1 7 30 9 5 9 1 3 5 13 3 20 9 0 14 6 0 1 0 4 4 5 2 1 18 1 2 12 2 2 0 2 4 2 0 0 5 4 6 4 2 4 7 7 2 13 8 2 9 5 0 3 8 9 2 15 0 3 3 3 8 0 0 8 4 2 6 0 11 0 6 0 1 10 4 4 4 12 2 1 2 0 0 1
0 0 0 0 2 0 0 0 0 0 0 0 0 0 0 1 2 0 0 0 0 0 0 0 1 0 0 0 0 0 3 1 10 0 0 0 0 1 0 2 0 1 0 0 0 0 2 0 0 1 0 0 0 0 2 0 0 0 0 0 0 4 0 1 0 0 9 0 0 0 0 2 0 0 0 1 0 0 0 0 0 0 1 0 0 0 0 0 1 0 1 5 0 0 0 0 2 0 0 0
12 6 6 16 12 5 2 0 8 21 4 3 14 2 17 2 3 9 0 4 6 4 3 2 20 17 9 5 13 2 2 22 3 17 4 13 1 17 5 15 1 1 0 1 4 5 0 11 16 5 0 1 4 9 2 18 8 7 3 14 0 8 1 1 11 10 3 17 2 25 2 13 0 20 11 5 13 19 12 40 12 4 21 20 5 2 5 10 3 12 2 3 7 6 4 2 5 17 3 7
0 0 1 0 0 0 0 1 1 0 1 0 0 0 0 0 0 0 0 0 1 0 1 0 0 0 0 1 1 0 0 0 0 0 0 1 0 0 1 3 0 0 0 1 0 0 0 0 0 0 0 3 0 1 0 0 0 0 2 0 1 0 0 0 1 1 11 0 0 0 0 0 0 1 0 0 0 2 0 0 4 2 0 0 0 0 0 0 0 0 3 1 0 0 0 0 0 1 0 0
15 3 0 3 2 1 5 9 0 1 0 2 1 3 3 3 9 0 5 1 5 0 0 4 21 0 14 8 2 9 1 11 1 3 9 3 0 5 1 0 0 4 13 1 2 0 0 0 5 2 4 0 0 2 1 12 4 7 2 5 5 4 4 0 12 0 12 8 2 9 16 21 3 6 3 4 0 0 0 0 7 3 1 2 3 9 2 3 1 7 1 27 3 9 7 3 0 10 3 0
0 0 0 0 0 0 3 0 0 0 0 0 1 0 0 0 2 1 0 0 3 0 3 0 0 0 0 0 0 0 0 0 1 0 0 0 2 1 0 0 0 1 1 0 1 0 0 0 0 0 0 0 0 0 2 0 0 0 0 1 0 0 0 0 0 0 0 1 0 0 0 1 0 0 0 2 0 1 0 1 1 0 0 0 0 0 0 1 1 0 0 0 0 1 0 0 0 0 1 0
4 12 1 4 4 12 3 27 2 2 0 3 0 2 1 9 23 3 21 0 2 8 6 5 3 2 1 8 16 3 0 5 4 3 8 31 4 0 21 13 12 0 17 18 4 3 1 11 1 10 28 3 8 7 28 5 7 23 11 0 5 1 7 0 3 11 4 6 5 12 28 2 7 3 0 22 0 1 1 5 2 33 4 3 17 26 0 0 11 2 10 1 0 0 8 19 24 31 13 2
0 0 0 0 0 0 0 7 0 3 2 0 1 0 7 0 2 6 6 1 2 0 0 2 7 4 1 1 0 0 0 0 0 0 0 1 0 0 0 0 0 0 0 0 0 4 1 0 2 0 1 2 0 0 0 3 0 2 16 0 1 8 0 8 0 0 0 0 4 0 0 0 0 0 0 0 0 0 0 0 0 11 8 0 1 0 0 0 6 1 0 1 0 1 0 2 1 1 7 1
0 0 0 0 0 0 0 0 0 0 0 0 1 0 0 0 0 0 2 0 1 0 0 1 0 0 0 2 0 0 0 1 0 0 0 0 0 1 0 0 0 1 0 0 1 0 0 1 0 1 1 1 0 0 1 0 0 0 0 0 0 0 0 0 0 0 4 1 0 0 0 0 1 0 0 0 0 1 1 0 0 0 0 0 1 1 0 0 0 3 0 0 0 1 1 0 0 0 3 0
1 0 0 1 1 0 0 0 2 0 0 0 0 0 1 0 3 1 1 0 0 2 0 0 0 0 0 0 0 1 0 0 0 0 0 0 0 0 0 0 1 0 0 1 2 0 0 0 0 1 0 0 0 0 0 0 0 0 1 0 0 0 0 0 0 0 0 1 3 0 0 0 0 0 1 0 1 0 0 1 0 0 0 0 0 3 0 0 0 1 1 0 2 1 0 2 0 0 0 0
0 1 2 0 0 2 0 0 1 0 1 0 0 0 0 1 1 1 0 0 0 0 0 1 0 1 2 0 0 0 0 0 0 2 0 1 0 0 0 0 0 1 1 0 0 9 2 0 0 0 0 0 0 1 0 0 0 0 0 0 0 1 0 0 0 0 2 0 0 0 0 0 1 0 0 0 0 0 1 4 2 2 0 0 0 0 2 0 1 0 0 0 0 1 0 0 0 0 0 0
1 0 1 0 0 0 0 0 1 0 0 1 0 5 2 0 1 0 0 0 1 1 1 0 0 0 1 0 1 0 0 1 0 0 1 0 0 1 2 1 1 0 0 0 2 0 0 0 0 0 0 0 3 0 0 0 0 0 0 0 0 2 0 0 0 1 3 0 0 0 0 0 0 0 1 0 1 0 0 2 0 0 0 1 0 0 0 0 1 0 0 1 0 0 0 3 0 1 1 0
5 0 0 1 1 0 0 0 0 0 0 0 0 0 0 0 0 0 0 0 0 1 0 0 0 0 0 2 0 0 1 1 0 2 0 0 0 0 1 0 6 0 0 0 0 1 0 0 0 0 2 1 0 1 0 0 1 0 0 0 0 0 14 0 0 0 0 4 2 0 1 1 0 5 3 7 4 0 1 0 0 1 0 0 1 0 2 1 0 1 0 0 1 1 0 0 0 0 0 0
0 0 0 0 0 0 2 0 0 0 0 0 0 0 0 0 0 0 0 2 0 1 0 0 1 3 5 0 0 0 0 2 0 0 0 0 0 1 0 0 0 0 0 0 0 0 0 2 0 0 0 0 0 0 0 0 0 0 0 1 0 0 0 0 1 0 0 0 0 0 1 1 1 0 0 0 0 0 2 0 0 0 0 0 1 1 1 0 0 0 1 0 1 0 1 0 0 8 0 0
10 31 6 18 10 11 2 13 18 31 1 0 18 15 13 0 18 23 5 14 3 8 4 1 0 0 1 2 1 8 46 0 2 3 2 3 7 1 31 3 11 13 10 4 1 0 8 7 15 8 1 4 12 0 5 11 26 4 12 3 1 5 1 4 3 28 3 2 11 11 7 3 8 1 9 13 9 14 1 2 2 19 2 3 5 3 0 12 0 32 5 0 8 9 5 2 5 8 7 13
0 1 2 0 0 0 0 0 1 0 0 0 1 0 0 0 0 0 0 1 0 1 0 0 0 0 0 0 1 1 1 2 0 0 0 0 5 0 0 4 0 1 2 0 1 0 0 0 0 0 0 0 0 0 0 0 0 1 0 7 0 1 0 0 0 0 0 0 1 0 0 0 0 0 8 6 4 1 0 0 0 0 0 0 2 0 1 3 0 0 1 0 2 1 0 0 0 0 0 0
0 0 0 0 1 0 0 0 3 0 0 0 2 0 0 0 0 0 1 0 0 0 0 0 0 0 0 0 1 0 0 0 0 1 0 0 0 1 0 3 0 1 0 0 0 0 2 0 0 0 2 0 1 0 3 1 1 0 0 0 0 0 0 0 0 0 3 1 0 0 0 0 0 0 0 4 0 0 0 0 1 0 0 0 0 1 0 0 0 0 0 0 0 1 0 0 0 0 0 0
8 21 2 2 26 0 1 4 5 22 12 7 8 8 8 20 25 3 8 7 0 1 1 8 9 1 4 16 25 24 17 1 9 7 14 8 25 2 13 5 11 1 8 11 2 1 20 0 14 6 0 15 4 8 7 4 2 12 2 12 2 1 0 7 2 50 3 14 3 1 1 8 13 7 2 0 3 0 0 8 10 0 0 8 0 17 22 10 3 14 5 7 0 8 1 15 2 10 12 9
0 0 0 2 0 0 0 2 0 0 0 0 0 0 0 1 0 1 0 0 0 0 0 0 1 0 0 5 0 0 0 14 1 0 1 1 0 0 0 0 0 0 0 0 0 0 0 0 0 0 1 0 0 0 0 0 0 1 0 10 2 2 0 0 1 0 1 0 0 1 0 0 0 0 3 2 3 0 1 1 0 0 0 1 0 0 3 0 1 1 0 0 0 10 0 1 0 1 1 0
0 0 0 3 0 3 0 0 2 0 0 0 0 0 0 0 0 0 1 0 0 0 1 0 0 2 1 1 0 0 1 0 1 0 0 0 3 1 0 2 0 2 1 0 0 1 1 0 0 0 0 1 0 1 0 0 0 0 0 0 0 0 3 1 0 1 1 0 0 0 0 0 1 1 1 0 0 2 0 0 0 1 0 0 1 0 0 1 2 0 1 0 0 1 0 0 6 0 0 0
15 2 2 14 3 11 0 6 3 16 4 6 0 4 10 4 11 2 3 0 0 6 7 20 1 8 19 1 0 0 1 4 1 5 2 3 11 3 10 0 7 0 1 1 6 2 0 3 0 5 2 2 6 1 11 5 20 1 6 1 0 3 1 2 20 22 5 14 0 19 1 22 1 8 5 0 5 1 3 4 1 6 9 3 11 7 10 3 4 0 0 11 2 2 1 2 7 6 2 7
0 0 2 0 0 1 1 0 2 0 0 0 0 0 0 2 0 0 0 1 0 2 1 1 0 1 5 0 0 1 2 0 1 0 3 0 0 0 4 1 0 0 0 0 0 1 0 0 1 0 0 0 0 0 0 2 0 0 0 2 1 0 3 2 1 1 1 0 0 1 0 1 1 0 0 0 0 3 1 0 1 0 0 0 0 0 0 0 0 0 0 2 0 1 2 0 0 0 0 0
0 0 0 3 0 0 0 2 2 0 0 0 0 0 0 1 0 0 2 0 1 0 0 0 0 0 3 3 0 3 0 0 0 1 0 0 0 0 1 1 0 0 0 0 0 0 2 0 0 0 0 0 0 0 0 1 0 1 0 9 0 0 0 2 0 0 0 0 0 0 0 0 2 0 0 1 3 0 0 0 1 0 0 0 0 0 0 0 0 0 1 0 0 1 0 0 3 0 1 0
1 1 1 2 0 0 9 1 9 0 0 13 8 7 9 2 0 6 3 2 0 13 2 1 0 1 2 3 3 0 1 1 1 0 5 0 4 0 2 1 2 0 6 5 5 1 1 1 3 1 0 0 4 1 2 2 2 1 4 7 3 4 9 6 0 5 0 1 0 13 10 1 5 3 2 7 10 0 9 0 1 11 3 0 4 15 0 5 4 4 0 2 3 7 6 1 1 0 2 3
13 1 0 1 2 0 3 0 2 12 3 3 2 0 3 0 6 9 2 0 6 0 0 0 3 8 0 6 7 4 1 3 2 7 0 6 0 6 0 5 3 3 25 1 4 17 9 0 2 0 5 1 2 18 0 10 0 3 1 1 1 0 3 3 0 0 16 0 6 0 0 2 2 6 0 0 4 4 1 4 5 6 10 2 0 12 9 1 1 2 0 2 0 2 9 0 24 1 0 0
1 0 1 0 0 0 0 0 0 0 0 0 2 1 0 0 2 2 0 2 0 0 0 0 0 1 14 1 0 0 0 0 1 0 0 0 2 1 0 0 0 0 0 0 0 4 0 1 0 2 0 1 0 0 0 1 0 1 1 0 0 0 0 0 1 1 1 0 1 0 1 0 0 0 0 0 0 0 0 0 1 0 0 1 0 0 1 0 1 0 0 0 2 2 0 0 0 0 1 0
0 1 0 0 1 1 1 4 0 0 0 0 0 0 0 2 1 6 1 2 4 2 3 0 0 9 0 0 1 1 0 0 0 0 1 0 1 0 0 2 3 2 0 0 1 5 1 1 1 1 0 0 1 0 0 12 2 11 0 0 1 0 5 0 0 0 0 1 2 0 0 0 0 1 0 1 3 0 0 0 8 2 17 0 0 0 1 0 1 3 1 1 2 0 0 0 1 0 0 0
0 4 7 13 5 0 0 19 2 3 0 8 0 1 2 6 4 9 1 1 1 1 1 4 14 1 3 3 8 3 5 0 2 0 3 1 10 11 2 8 0 6 5 3 3 2 6 0 2 1 1 9 4 2 1 8 1 7 2 0 18 8 0 2 3 2 1 16 5 4 3 0 1 3 2 1 0 1 1 24 7 9 9 2 3 1 1 12 0 9 0 9 4 1 8 0 13 2 1 7
1 0 0 0 0 0 0 1 0 0 5 0 0 0 1 1 0 0 0 1 0 2 0 0 0 1 0 0 0 0 1 0 0 0 0 3 0 0 0 0 2 0 0 1 2 1 0 0 0 0 2 0 0 0 0 0 0 0 0 0 0 0 0 0 0 1 0 1 3 0 0 2 4 1 0 1 0 3 0 0 0 0 0 0 0 2 0 0 0 1 1 1 0 0 1 0 0 1 0 0
1 0 21 3 14 1 3 3 1 0 0 2 4 4 7 1 0 3 2 12 7 4 0 0 5 0 3 1 6 4 2 7 3 3 3 0 0 0 1 3 6 0 0 4 16 9 9 0 7 22 0 6 1 1 3 6 7 0 1 4 6 0 1 4 0 4 2 0 6 2 2 6 2 5 3 7 0 0 1 4 4 3 6 4 2 5 0 2 1 1 3 4 1 6 1 3 21 4 1 6
7 1 19 4 18 21 14 15 0 15 8 2 6 6 3 0 4 2 6 0 2 14 7 0 2 0 6 2 6 0 1 11 9 6 4 0 4 0 1 0 1 4 4 1 4 2 5 5 1 5 14 2 1 20 1 0 8 6 9 0 13 10 2 10 4 2 6 0 0 5 1 3 6 6 4 11 11 1 1 2 1 5 2 1 1 2 9 0 1 1 3 5 1 0 6 0 1 1 1 9
4 3 9 1 9 2 0 8 8 2 7 5 0 10 1 0 0 0 9 1 13 27 3 3 3 2 17 3 0 6 1 0 2 6 0 2 4 0 7 6 1 2 12 0 0 0 2 0 0 4 4 5 2 1 3 8 1 9 1 1 21 1 15 9 3 0 0 0 7 3 1 9 0 0 0 1 0 2 4 12 9 0 4 6 1 0 5 3 24 15 0 2 4 1 1 0 0 0 0 12
1 5 2 8 1 0 2 8 1 5 5 1 4 3 1 1 1 6 4 2 1 2 0 8 0 0 15 0 9 3 1 5 1 4 4 15 7 3 3 5 25 5 17 7 7 6 1 7 4 0 1 4 2 26 6 5 20 2 7 0 11 1 3 2 0 2 10 1 1 0 2 0 0 0 1 6 3 6 1 1 0 2 23 0 11 4 6 9 1 4 0 2 1 0 9 3 2 1 4 1
1 0 0 0 1 1 1 1 0 0 0 1 0 0 0 0 0 1 1 0 1 1 0 0 0 0 9 1 1 0 0 0 0 0 1 0 2 0 0 0 0 1 0 0 0 0 0 0 4 0 0 1 0 2 0 0 0 0 0 0 1 0 0 0 2 0 0 0 0 1 0 0 0 3 0 0 1 2 0 0 0 0 0 0 0 0 0 0 1 0 0 0 1 1 0 2 5 0 0 1
3 22 21 11 0 5 1 11 13 0 2 12 49 3 5 3 3 7 7 27 12 1 4 3 0 2 4 38 39 4 8 2 13 5 4 12 0 13 15 2 7 9 33 0 0 18 2 36 1 13 8 7 38 5 44 12 0 3 4 2 11 3 8 3 21 30 3 4 8 1 1 3 1 3 0 12 9 5 29 6 1 0 9 2 0 9 2 11 5 3 12 19 28 8 1 2 12 0 2 25
5 3 1 9 3 6 1 2 4 0 14 9 1 12 0 1 2 27 6 2 2 16 7 2 9 27 6 11 1 5 4 9 2 5 0 0 0 4 2 0 12 26 1 0 2 3 5 10 9 25 16 2 2 19 3 29 7 1 3 0 3 6 1 14 21 9 3 16 0 2 22 0 22 4 3 19 29 8 12 14 1 5 11 6 6 0 0 14 1 5 7 2 13 12 0 0 4 8 8 12
9 7 5 2 17 0 22 0 9 9 1 1 2 0 1 0 1 0 3 1 3 0 2 0 2 19 16 1 5 0 3 6 2 14 4 7 2 3 4 1 1 3 2 0 10 6 7 0 5 1 3 4 2 11 7 3 6 1 5 7 0 1 13 1 3 4 2 2 1 1 8 2 18 3 1 9 1 2 5 13 1 6 0 10 8 5 5 1 1 10 1 0 0 5 2 4 3 7 6 5
2 2 3 7 8 4 6 0 2 2 3 3 8 3 1 9 2 0 0 11 4 0 10 0 1 0 0 0 0 3 12 0 2 1 0 2 4 4 4 2 3 4 0 3 9 5 30 2 4 4 10 6 0 7 3 1 0 1 11 2 10 0 2 2 4 6 0 3 7 1 4 0 6 10 1 6 1 1 1 15 12 11 7 3 1 3 7 0 2 0 7 0 7 1 1 1 3 0 1 15
13 5 5 11 5 0 3 10 0 4 18 13 34 18 8 7 7 0 0 8 16 0 3 0 0 1 15 1 7 11 15 5 15 2 24 7 2 9 2 17 4 3 4 18 7 0 14 0 1 18 3 2 7 1 10 13 0 5 0 2 1 0 1 0 10 4 11 4 38 0 2 4 0 11 4 11 18 0 5 5 3 9 22 6 1 3 7 15 6 0 1 0 3 2 18 8 0 5 11 13
2 10 2 6 6 0 2 3 2 0 7 5 0 2 24 0 3 7 2 0 0 4 1 6 10 0 16 5 8 5 2 0 0 0 17 4 3 0 22 1 1 2 8 0 7 15 20 1 3 4 1 7 5 4 5 1 2 2 12 3 0 2 1 4 4 4 18 0 0 1 2 5 0 3 5 0 10 1 1 2 0 8 0 2 8 5 2 5 7 1 0 6 0 0 15 4 5 1 5 10
1 9 2 2 0 3 0 3 0 1 1 2 1 5 8 0 2 9 0 8 3 0 6 1 0 1 1 3 6 1 5 0 1 1 1 4 4 6 9 0 1 0 9 12 5 3 2 1 11 5 0 1 1 3 2 15 8 3 1 0 2 4 0 3 22 11 0 7 0 11 3 0 3 3 9 6 11 5 5 4 1 10 17 20 16 0 4 0 3 9 1 1 1 1 3 8 13 8 9 3
0 0 2 0 4 1 0 0 1 0 1 0 0 0 0 0 0 0 0 0 2 2 0 0 0 1 0 0 0 0 0 0 0 1 0 1 0 0 1 0 0 0 1 0 0 0 1 0 0 0 0 0 0 0 0 0 0 2 0 0 0 0 0 0 0 0 0 0 1 0 0 3 1 0 0 1 4 0 0 0 1 0 0 4 0 0 2 0 0 0 0 0 0 0 10 0 0 1 0 0
5 3 2 2 17 10 2 31 26 2 4 13 7 2 4 4 12 2 2 0 3 3 4 9 7 6 5 5 3 17 7 1 3 5 6 8 14 13 8 7 9 3 0 2 16 13 4 4 5 0 3 16 0 1 6 7 1 14 0 12 15 0 12 0 0 3 1 3 3 15 10 2 22 7 3 5 6 10 0 22 5 2 4 18 3 0 7 19 7 7 2 12 17 0 13 3 11 10 30 9
1 18 0 0 11 3 26 11 4 3 13 1 2 1 7 16 3 7 2 15 0 11 0 25 9 2 6 0 23 1 4 0 4 31 17 7 0 2 1 16 10 0 19 11 2 12 9 3 10 1 33 16 1 2 8 0 4 5 7 3 1 5 0 13 4 5 6 7 4 14 3 8 6 7 8 2 6 4 0 2 1 3 7 4 4 2 18 40 5 6 6 4 5 4 7 3 6 1 3 11
13 6 40 4 1 3 0 2 9 1 4 8 5 2 4 21 0 12 15 16 12 2 13 0 19 1 0 7 0 6 7 7 2 2 11 2 0 13 1 0 11 3 0 1 3 1 3 2 2 14 14 5 1 6 6 2 5 0 7 2 0 4 7 7 0 2 1 3 9 5 5 2 3 7 16 9 7 5 2 6 4 2 7 2 5 4 2 4 0 4 2 26 3 14 4 13 2 2 11 2
2 0 9 3 2 1 4 0 1 0 13 3 5 9 0 0 14 2 0 10 3 9 0 2 1 1 4 1 4 1 3 2 10 2 4 4 6 6 3 0 12 3 0 2 8 0 0 10 0 1 1 0 0 1 7 0 10 0 0 0 1 4 4 0 3 6 1 0 0 4 0 0 6 4 13 8 2 1 4 3 0 0 0 6 8 4 1 1 0 0 0 1 0 17 1 0 0 1 0 14
1 0 0 0 0 1 0 0 1 1 0 4 6 0 0 0 5 2 0 0 0 0 0 0 0 0 2 1 0 1 0 1 1 0 0 0 0 0 2 0 1 0 0 0 0 0 0 0 0 0 2 0 0 0 0 0 0 0 1 7 1 0 0 0 2 0 0 0 0 0 0 0 2 1 6 10 1 0 0 0 0 2 0 0 2 0 0 0 1 0 0 0 0 1 0 0 0 1 0 1
0 0 1 1 0 0 0 13 1 1 1 1 1 0 0 0 1 1 0 0 1 0 0 0 0 2 4 3 0 0 0 0 0 2 0 0 1 1 1 1 0 0 0 0 1 0 0 1 1 2 1 2 1 1 0 1 0 0 2 0 0 0 0 0 0 0 0 1 2 0 0 0 0 0 0 0 0 0 0 0 0 0 1 0 0 0 0 0 0 0 0 0 0 3 0 0 0 0 19 0
0 0 3 7 7 0 2 2 12 6 0 0 3 1 3 2 0 8 0 4 0 2 7 24 4 0 1 4 1 2 4 8 3 0 1 11 4 1 0 0 0 4 6 5 0 6 2 1 6 1 2 0 1 2 1 10 0 3 0 1 4 4 15 0 3 8 5 3 3 17 4 0 1 0 5 1 1 2 5 0 0 6 3 0 9 5 2 2 2 2 1 9 0 4 0 0 2 14 2 2
0 0 0 0 1 0 0 2 0 0 0 0 0 0 0 1 0 0 0 0 0 2 1 0 0 0 16 1 0 0 0 0 1 1 0 0 0 0 0 0 0 0 0 0 0 0 0 0 0 0 0 1 2 0 0 1 1 0 0 0 0 0 0 0 0 0 1 0 1 0 0 0 1 0 0 1 1 0 0 0 0 2 0 1 2 0 1 2 0 0 0 0 0 1 0 0 0 0 2 2
0 0 0 1 0 0 0 0 0 0 1 0 11 0 1 0 0 1 0 0 0 0 1 0 0 0 0 0 0 0 0 1 0 0 0 0 0 0 0 0 5 0 4 0 0 1 2 0 2 0 0 0 0 1 0 0 0 0 0 7 0 0 4 0 1 0 0 0 2 0 0 0 0 1 1 6 6 1 0 0 0 0 2 1 0 1 0 0 0 1 0 0 3 10 0 0 0 2 1 0
7 21 10 9 3 8 0 4 5 1 5 5 1 5 11 3 1 4 5 3 13 5 13 1 2 3 1 3 0 6 4 3 0 3 7 1 0 0 6 6 21 5 2 6 6 9 19 1 11 3 1 5 2 3 1 6 1 0 2 0 5 8 1 6 11 4 4 2 9 2 6 10 2 1 1 1 0 3 3 1 34 0 3 0 6 4 2 3 14 3 6 0 9 14 4 0 3 2 2 8
1 5 1 0 4 7 0 1 0 1 8 0 1 8 1 14 10 5 0 9 12 5 2 8 5 5 1 10 2 1 2 0 2 27 6 0 9 5 2 3 0 5 10 1 6 2 5 0 8 2 2 13 4 7 7 14 10 3 0 0 4 0 2 2 5 12 0 0 3 9 6 0 0 0 0 0 2 2 2 1 9 4 0 16 1 1 3 0 2 3 0 9 2 0 11 0 3 12 11 3
1 0 0 1 0 0 1 0 0 0 0 1 1 0 0 1 0 0 0 0 0 2 0 0 3 2 0 1 4 15 0 0 2 1 0 0 2 0 0 1 0 0 0 1 1 0 1 0 0 0 0 0 4 0 0 1 1 0 0 4 0 7 0 0 4 0 0 0 0 2 0 0 1 0 0 1 1 1 0 14 0 1 0 0 2 0 2 0 2 3 1 0 0 0 0 0 1 0 2 0
3 10 0 4 3 2 5 2 1 3 6 6 0 6 13 4 5 0 3 2 17 1 0 3 4 2 0 3 3 6 1 5 3 0 1 7 8 3 1 2 1 0 11 3 4 1 11 0 1 7 7 6 0 4 0 5 11 0 2 0 1 0 2 3 14 6 1 1 7 7 17 1 11 2 1 0 1 4 0 4 2 1 4 5 2 3 25 6 9 7 0 0 6 1 0 5 5 6 0 4
3 1 4 2 11 5 5 2 1 0 0 1 0 6 9 7 1 0 4 2 2 4 1 0 0 5 9 1 4 1 1 3 0 1 1 11 0 3 0 7 10 0 6 5 4 1 1 7 27 0 4 6 5 5 11 1 8 11 0 9 0 0 0 8 1 2 1 7 9 1 15 0 6 4 7 7 11 1 0 2 0 0 0 2 2 0 2 8 4 4 1 1 21 4 0 5 4 5 4 1
0 1 1 0 1 1 0 0 1 0 0 1 0 0 0 0 1 0 1 3 0 0 0 0 3 1 0 1 0 0 0 0 0 1 0 0 0 0 0 0 0 0 0 0 0 0 0 0 0 0 0 0 0 0 0 0 0 0 0 0 1 0 1 0 0 0 0 0 1 0 0 1 0 0 1 0 0 0 0 0 0 2 0 0 0 0 0 0 0 0 0 0 1 0 0 0 3 0 0 0
0 1 0 0 0 0 0 0 1 1 0 0 0 3 0 4 1 7 0 0 1 0 9 1 1 6 0 1 1 0 0 0 0 0 0 0 0 1 0 0 0 1 0 0 1 3 3 0 0 0 9 2 0 3 2 1 0 6 5 1 0 0 0 3 0 0 0 0 0 0 0 3 0 0 0 0 0 1 0 1 4 3 9 0 0 0 0 1 0 17 2 0 2 0 0 1 3 0 8 0
0 0 0 2 0 0 0 0 0 0 0 0 0 0 0 0 0 1 0 1 0 1 1 1 2 0 7 0 0 0 0 1 0 2 0 0 0 0 1 0 0 0 0 0 0 0 0 0 2 2 0 0 0 0 1 1 0 0 0 0 0 1 0 0 0 0 2 0 0 1 0 0 0 0 1 0 0 0 0 0 1 0 0 1 0 1 0 1 0 0 2 0 0 0 0 1 0 2 1 0
9 14 2 6 0 1 4 5 6 2 4 14 22 8 0 20 14 1 6 21 25 22 37 5 2 0 4 5 14 2 3 3 2 0 10 1 1 4 1 9 18 0 0 8 3 5 15 0 1 1 5 11 1 0 0 3 24 13 4 3 9 24 13 1 4 20 5 55 9 4 4 12 5 17 4 7 3 4 2 17 13 3 3 2 1 5 15 17 2 3 1 19 15 6 1 2 8 6 10 12
0 4 0 1 7 6 18 2 0 1 6 18 0 5 1 24 2 5 2 4 0 5 8 8 1 6 0 2 0 2 0 0 4 0 1 2 2 0 5 4 0 8 2 3 2 0 0 0 6 2 0 1 0 0 4 5 9 12 17 1 3 17 0 13 13 2 0 13 0 8 1 3 8 5 0 0 0 5 0 1 13 3 4 7 4 2 1 0 3 0 3 12 3 0 5 2 12 10 3 2
1 15 8 32 7 4 14 6 0 7 15 2 12 1 2 3 7 15 8 3 0 2 10 0 13 13 1 17 14 13 2 0 1 13 9 0 0 5 3 6 4 4 3 0 7 2 6 9 4 4 4 22 0 7 10 0 8 1 1 22 1 0 9 5 9 4 4 5 0 17 1 3 3 1 8 9 6 16 10 3 3 7 5 25 15 18 1 8 2 14 12 6 17 2 13 3 1 4 11 10
0 0 0 0 0 0 0 2 0 0 0 1 2 0 1 0 0 1 8 0 0 0 0 1 2 1 0 0 0 0 0 1 0 1 0 0 0 0 1 0 2 0 1 1 0 0 0 0 0 0 0 0 0 0 0 0 0 1 4 0 1 0 1 1 0 0 0 0 0 0 0 1 0 0 0 0 0 0 0 1 0 0 0 1 2 2 2 0 0 0 0 1 0 1 2 3 0 0 1 1
7 5 24 19 0 3 9 11 7 0 2 4 1 3 2 1 3 1 4 5 0 1 0 0 3 2 12 19 15 11 0 5 15 9 1 8 7 0 0 4 0 2 8 4 3 1 0 0 1 4 2 4 3 20 3 6 1 4 7 7 7 27 0 0 3 1 0 4 1 1 0 2 3 7 16 21 1 1 5 29 6 9 0 0 11 9 11 2 10 2 18 0 3 9 10 2 1 29 4 3
2 4 2 6 0 13 4 3 0 7 2 4 0 15 4 5 6 23 0 4 4 20 2 8 11 3 3 2 2 2 1 0 33 0 4 1 13 12 13 5 3 16 31 15 3 3 0 10 2 0 4 2 2 0 2 4 3 8 3 5 15 0 0 1 3 5 6 0 21 1 0 0 17 11 5 0 1 0 1 13 1 1 8 7 1 15 0 0 8 2 27 5 1 1 2 0 1 0 3 0
0 0 1 1 1 2 3 0 1 0 0 0 0 1 0 14 0 4 4 1 0 0 1 10 0 2 0 0 0 0 0 0 1 0 2 0 0 0 1 0 1 1 0 0 0 0 0 0 1 0 2 13 1 1 0 2 0 3 1 0 0 0 0 6 0 0 0 1 1 0 0 2 2 0 0 0 0 1 0 1 4 0 7 1 2 1 0 1 13 2 9 4 1 2 0 0 3 4 0 0
0 2 3 8 2 1 6 3 7 1 2 13 5 0 0 5 6 1 16 5 4 0 3 1 1 4 3 2 6 1 6 9 0 0 2 0 1 1 2 3 3 2 0 5 1 0 2 2 4 13 12 1 9 5 1 0 6 1 10 1 0 1 10 5 1 0 2 0 8 2 2 3 2 6 2 0 5 3 0 0 1 4 0 0 13 5 2 3 0 6 0 0 9 8 30 3 2 5 6 2
6 17 8 0 2 3 3 7 19 6 8 9 0 4 1 5 5 12 20 24 16 10 37 19 1 2 6 1 16 8 1 2 3 2 3 7 62 32 4 1 6 0 10 12 11 4 3 16 20 3 7 32 7 8 8 4 4 8 7 1 11 19 7 0 4 22 19 6 5 15 1 2 23 4 2 2 0 2 0 2 1 8 13 9 1 1 11 1 6 3 1 2 5 5 0 5 6 1 15 9
20 9 8 0 2 32 0 4 21 2 11 31 16 14 17 0 3 1 6 6 4 1 0 0 22 1 6 6 10 5 1 2 0 5 5 9 2 9 0 7 24 1 14 20 0 11 18 8 4 1 2 6 2 4 2 11 0 12 4 0 52 9 1 0 5 0 11 10 2 24 9 3 0 8 9 1 14 14 12 0 8 3 11 4 0 4 9 18 15 5 4 0 7 0 5 12 3 1 6 5
7 16 13 6 0 2 23 5 1 11 10 7 0 8 0 10 30 1 12 30 1 5 10 0 5 19 0 5 3 10 4 3 0 2 15 1 0 10 0 6 9 1 2 8 1 9 0 3 2 2 4 0 9 16 5 2 9 0 12 8 24 2 3 0 11 6 4 1 6 1 1 20 4 5 1 3 11 8 2 12 0 1 7 12 0 0 6 6 23 8 2 10 0 0 8 0 1 6 0 14
21 2 1 16 15 5 0 0 26 24 12 7 16 15 3 2 10 0 2 0 4 1 4 2 14 1 6 3 1 12 4 5 13 10 7 6 0 27 10 0 7 19 12 9 8 2 30 6 1 1 11 12 18 7 1 0 5 30 6 6 1 13 0 2 7 8 9 5 3 3 0 4 3 1 4 3 4 6 2 18 1 13 4 2 0 0 29 12 1 5 24 14 1 4 3 0 6 1 0 2
7 0 1 4 7 11 3 4 12 1 1 7 8 1 0 4 0 5 6 2 0 1 0 8 4 0 1 1 2 15 7 2 6 8 1 6 0 0 13 1 6 1 12 7 11 20 1 5 4 1 22 0 0 11 0 1 3 2 12 9 19 5 3 13 3 1 8 2 3 1 0 8 1 2 0 1 9 0 4 9 4 5 1 1 8 4 0 0 4 1 0 1 1 5 1 2 1 10 5 10
1 0 0 0 1 0 0 0 0 0 0 0 0 0 0 0 0 1 0 1 0 1 0 0 0 0 0 0 0 1 1 0 0 0 0 1 1 1 0 0 6 0 5 0 0 0 0 0 0 0 0 1 1 0 0 0 0 0 1 4 0 1 3 0 0 0 1 9 1 0 0 0 0 3 2 12 3 0 11 2 0 0 0 0 0 0 0 0 0 1 0 0 0 14 4 3 2 0 0 1
0 1 0 2 0 1 0 2 0 0 1 0 4 0 0 0 0 2 1 0 2 0 0 0 0 0 4 0 0 0 0 0 0 0 0 4 0 2 0 0 0 0 0 0 1 0 1 0 0 0 0 3 0 1 0 0 1 1 0 0 0 2 1 0 0 0 0 1 0 0 2 1 0 0 0 0 0 0 3 0 1 1 0 0 0 0 0 0 0 0 0 1 1 0 2 0 0 2 1 0
1 13 11 7 34 0 7 2 1 3 2 0 23 3 10 18 42 2 1 19 7 1 1 3 2 2 0 1 8 14 12 2 3 0 0 2 12 17 4 5 1 3 28 2 11 3 12 7 4 6 15 8 10 9 21 1 4 13 0 3 7 4 17 5 8 2 0 2 8 9 0 2 4 9 2 4 8 4 24 3 4 4 0 2 8 10 4 17 1 14 16 1 1 10 6 3 15 6 5 3
0 0 1 0 0 0 0 0 2 0 0 0 0 0 0 1 0 1 0 0 1 0 0 0 0 0 0 0 0 0 0 0 0 0 0 0 1 0 0 0 0 0 0 0 0 0 0 0 0 1 0 0 0 0 0 0 1 0 0 0 0 0 3 0 0 0 4 0 0 0 0 0 0 0 2 2 1 2 5 0 0 0 0 0 1 0 0 0 0 0 1 0 0 2 1 1 12 0 0 0
3 0 0 1 12 1 9 23 6 7 15 1 3 5 3 5 8 4 8 0 0 13 2 16 22 5 5 8 10 3 0 0 21 5 13 9 31 9 4 4 19 2 2 5 2 4 10 12 14 24 5 5 11 11 3 1 45 2 1 0 1 0 3 3 0 7 4 4 2 10 4 3 5 3 11 0 10 2 5 19 4 1 2 5 9 0 10 11 12 11 2 2 1 8 9 7 8 1 0 7
0 0 0 0 0 0 1 6 0 0 0 0 0 0 2 0 3 0 0 0 0 1 0 0 0 0 0 0 0 0 2 1 0 2 1 0 1 0 0 0 1 0 0 0 0 3 0 0 0 3 0 0 0 0 0 0 1 0 0 0 0 0 0 0 0 0 0 4 0 0 0 0 0 0 1 0 0 0 0 1 0 0 0 0 0 0 0 0 0 0 1 0 0 0 0 1 0 0 2 1
0 0 0 0 1 0 9 3 0 0 0 2 0 0 0 0 2 0 0 0 0 3 0 0 0 0 1 0 1 0 0 0 0 0 1 1 0 1 0 0 0 1 1 0 0 0 0 0 0 0 1 4 0 0 0 0 0 0 0 0 0 0 3 1 1 0 0 0 0 2 1 2 0 0 1 0 0 0 1 0 0 0 1 1 1 0 0 1 0 2 1 1 0 0 0 1 1 3 0 1
0 16 0 4 23 15 0 5 19 22 3 1 3 0 20 8 15 3 3 11 1 3 6 0 16 0 0 7 0 17 6 0 2 4 3 8 7 15 6 5 11 4 6 4 11 0 23 23 21 21 34 0 12 8 4 2 7 1 3 8 4 2 28 0 3 18 2 2 6 1 10 1 0 8 5 0 5 15 0 0 5 12 3 4 7 7 3 8 52 10 27 4 3 4 35 3 10 10 3 6
20 0 1 20 4 7 1 22 18 0 12 18 8 19 10 4 6 0 5 8 4 36 16 0 2 9 19 12 1 0 8 3 19 8 0 0 7 29 3 3 12 1 1 4 2 6 5 7 1 4 1 4 0 1 6 15 0 0 7 2 15 2 2 2 0 0 6 2 3 12 8 9 3 1 0 10 0 5 6 12 28 11 5 12 1 5 9 3 2 0 5 1 3 56 2 18 19 10 4 4
0 0 0 0 0 0 0 0 1 0 0 0 0 0 0 0 0 0 0 0 0 0 0 0 2 0 1 0 0 0 0 0 0 0 0 0 0 0 1 1 0 0 3 2 1 7 0 0 1 0 0 0 1 1 1 1 1 0 0 0 2 0 3 0 0 0 0 1 2 0 0 1 3 0 0 1 0 2 0 0 1 0 0 0 0 1 0 0 0 0 6 0 0 0 0 0 0 0 2 1
0 13 1 4 4 1 9 3 4 8 2 0 14 1 6 6 0 2 0 9 3 0 1 1 1 0 2 0 1 6 21 1 3 2 6 2 2 0 1 1 1 14 9 1 2 3 2 9 2 3 1 4 5 4 0 0 5 3 4 4 1 0 3 6 7 4 3 17 5 0 3 0 5 7 11 15 0 4 7 2 1 4 8 4 0 1 4 3 3 0 46 3 1 0 0 2 7 1 5 3
