0 6 10 32 20 0 6 13 0 1 2 9 4 3 3 3 3 7 3 6 12 5 5 1 3 46 0 5 9 6 0 6 6 11 12 5 0 2 5 5 19 1 6 10 3 5 42 9 15 0 5 6 32 12 2 5 13 30 21 23 5 12 1 6 14 1 6 3 4 1 0 0 0 7 2 0 2 0 9 3 13 1 2 4 15 7 4 9 5 6 1 7 2 4 0 2 4 18 12 0
0 2 0 2 2 2 6 6 4 8 3 1 24 3 2 11 2 2 14 0 0 0 1 4 5 3 2 3 2 2 10 2 5 0 8 11 0 3 7 3 16 7 7 1 1 3 0 5 5 8 2 1 8 4 1 0 11 8 1 3 1 1 6 4 1 4 2 2 3 2 1 8 2 8 3 4 0 4 8 2 10 0 10 1 3 3 5 0 2 2 1 0 0 6 9 1 2 1 2 21
0 0 1 0 0 0 0 0 0 0 0 0 0 0 0 0 0 0 0 2 0 1 0 0 0 0 0 0 0 0 0 0 1 2 2 3 0 0 1 0 3 0 0 0 0 2 0 0 0 3 2 0 0 0 2 1 0 7 0 0 0 14 0 0 0 0 0 0 0 1 2 0 0 0 0 1 0 0 1 0 0 6 2 2 1 0 0 1 2 0 0 0 0 1 0 0 6 0 0 0
0 0 1 0 1 0 0 0 0 0 0 0 0 0 0 0 0 0 1 3 1 0 0 1 0 0 0 0 1 1 0 0 1 0 0 0 0 1 0 0 0 0 0 0 13 0 1 0 0 0 0 0 1 0 0 0 1 0 0 0 0 1 0 3 0 0 3 1 0 1 0 0 0 1 0 0 0 0 1 0 0 0 0 0 0 1 0 1 0 0 0 0 0 1 5 2 0 0 0 1
14 0 2 10 1 4 0 0 0 2 0 1 0 1 2 4 0 4 8 0 0 4 15 2 3 0 3 5 8 12 0 8 3 3 0 5 0 2 4 2 0 0 38 2 3 1 1 0 7 3 1 6 0 3 3 1 7 1 0 1 0 16 0 11 0 13 2 8 7 8 11 8 2 4 0 11 2 1 0 2 0 4 6 2 3 21 5 0 6 1 6 1 2 1 1 3 6 0 5 6
9 9 0 14 5 1 12 1 0 0 1 5 0 12 9 12 7 2 10 9 4 5 1 10 14 6 1 18 14 8 1 2 7 10 3 2 3 3 21 6 3 9 3 2 20 7 0 10 1 3 14 5 1 2 18 8 7 0 4 1 6 10 0 7 5 26 5 18 14 12 5 0 12 0 8 21 30 19 18 7 1 1 1 1 0 13 7 9 15 7 21 4 14 43 9 0 8 6 8 5
15 2 7 0 0 1 10 3 19 12 27 1 2 0 0 5 5 0 10 1 15 1 2 43 2 0 4 5 10 12 31 3 17 9 16 13 0 9 9 17 4 1 1 0 10 1 4 17 4 5 26 4 0 2 6 20 12 3 0 5 18 9 10 17 19 0 0 5 6 5 6 10 7 25 7 8 3 1 24 0 5 18 3 3 21 7 2 5 5 3 3 4 1 13 0 2 4 0 1 28
11 0 5 13 0 1 3 1 1 3 4 13 7 34 4 11 5 19 2 13 10 7 51 12 16 11 1 6 0 2 2 2 12 9 10 1 2 15 2 13 6 12 4 3 5 1 8 1 2 8 0 2 6 3 10 4 4 0 16 6 3 12 15 16 13 2 0 6 4 4 11 23 5 5 4 0 1 3 2 13 18 14 1 17 8 4 9 2 4 3 23 13 0 10 1 8 4 0 17 17
7 5 21 3 2 0 6 7 2 3 5 3 13 5 13 1 3 6 1 0 4 15 7 1 3 0 0 5 4 0 17 0 7 0 3 10 1 3 1 3 0 2 0 3 3 10 5 2 8 0 0 1 6 0 0 0 2 1 2 0 5 0 1 2 2 0 3 1 2 9 0 0 4 17 6 0 1 1 0 12 20 8 0 3 0 0 1 5 3 2 0 1 2 0 15 0 0 1 3 5
9 12 8 17 1 2 10 8 8 0 18 4 4 10 11 11 35 0 5 8 6 28 18 16 22 1 0 4 1 3 23 0 0 2 10 38 20 8 6 2 1 8 9 11 7 2 8 0 21 7 9 13 0 16 1 3 17 3 11 15 1 7 7 3 0 30 15 21 16 10 30 3 2 4 6 2 8 9 9 6 1 0 1 36 2 1 12 7 4 20 9 16 6 9 40 8 3 2 1 5
0 0 0 0 0 0 0 0 1 6 2 0 1 1 0 0 0 0 0 0 0 1 0 0 0 0 0 0 1 1 1 3 0 0 0 1 0 0 1 0 0 0 0 0 0 0 0 2 0 0 2 0 0 1 0 0 1 2 0 0 0 0 0 0 0 0 0 0 1 0 0 6 0 0 0 0 0 1 0 0 2 1 0 1 1 1 0 0 0 0 0 0 0 1 1 0 0 3 0 3
7 1 3 0 4 12 0 6 13 0 4 1 1 3 13 5 0 7 10 4 0 2 3 2 0 5 0 0 2 8 3 1 0 0 7 10 0 2 3 0 0 7 3 3 0 5 3 1 6 0 8 1 2 7 6 5 5 8 1 2 1 5 0 1 4 5 1 4 4 0 3 0 5 1 2 0 1 9 2 2 5 0 0 2 3 19 0 5 2 1 1 1 2 3 27 2 4 3 6 1
4 12 3 6 1 5 2 1 15 6 12 1 2 1 31 3 2 4 13 6 9 7 0 7 10 6 1 1 15 7 1 5 0 0 14 4 11 8 49 0 5 0 4 14 1 0 3 6 7 2 24 5 1 9 1 19 8 4 1 1 0 1 23 7 7 4 5 2 3 15 1 0 4 15 25 4 15 0 5 3 0 1 2 6 1 5 0 0 0 1 8 14 25 9 25 0 1 3 11 10
0 7 30 0 12 4 9 3 28 7 2 2 1 2 5 6 15 3 46 3 1 1 16 5 0 2 13 0 33 2 1 0 8 6 15 0 0 2 1 17 11 3 4 1 3 1 5 2 6 5 12 1 5 4 2 3 1 4 0 19 3 18 0 5 0 37 4 8 20 10 2 7 0 0 19 7 11 4 6 5 1 11 14 2 3 3 0 12 4 3 2 10 3 1 3 10 5 2 3 5
7 0 3 18 0 4 0 6 1 1 1 25 10 7 12 1 2 4 2 8 23 1 12 4 20 5 18 3 1 5 14 5 3 9 9 0 0 11 9 17 25 5 1 5 0 3 1 6 0 16 9 6 7 4 0 9 7 0 2 2 17 11 6 0 12 5 3 8 12 11 17 11 9 21 7 1 2 16 30 14 9 17 1 3 24 6 1 8 14 26 5 1 1 15 1 2 7 22 14 49
17 16 15 3 2 7 4 0 36 7 3 2 6 9 0 7 4 3 0 22 35 1 2 1 4 3 8 6 2 6 5 4 4 0 1 2 2 34 16 19 2 4 1 2 9 7 6 5 8 1 0 11 5 12 34 19 6 10 3 1 2 10 0 10 1 4 2 1 3 3 3 1 3 4 0 24 13 2 2 12 8 1 6 0 7 8 1 13 3 6 6 8 3 0 8 8 2 6 11 2
0 0 0 1 0 0 10 0 5 0 1 2 0 0 1 3 0 1 0 0 0 0 1 2 0 0 1 0 1 3 0 3 1 0 0 0 0 0 0 3 0 1 7 0 1 0 0 3 0 0 0 0 0 0 1 0 4 0 0 0 0 0 0 0 0 0 0 1 1 1 1 2 1 0 1 1 0 0 1 0 0 0 2 0 2 0 1 0 0 6 0 0 7 1 1 0 0 1 0 0
1 0 0 0 2 10 3 6 1 3 3 8 8 0 0 1 17 1 1 2 6 9 0 1 0 20 7 3 11 1 0 1 3 0 3 0 9 3 0 0 1 0 4 15 2 4 0 0 9 1 3 0 4 1 0 0 0 0 0 1 3 1 16 7 1 4 2 4 27 8 8 1 7 4 6 0 12 3 6 1 2 16 17 14 3 1 0 4 2 0 1 2 3 0 1 8 0 0 11 0
5 3 2 4 0 0 5 1 19 2 3 3 0 2 9 1 0 0 0 0 2 10 0 0 3 15 5 0 2 0 12 1 8 1 1 5 6 3 2 3 8 12 1 14 5 8 4 1 12 8 4 15 0 9 2 3 4 0 12 5 10 1 8 1 2 6 9 5 4 6 0 15 1 0 3 2 3 0 0 7 5 0 5 1 0 25 1 5 0 9 4 17 0 4 2 12 1 0 0 10
18 8 12 1 3 4 4 0 2 12 9 2 0 0 13 0 6 8 8 0 6 1 6 1 3 27 0 1 5 4 33 1 10 27 5 4 3 8 18 8 10 6 18 23 12 20 5 1 4 3 0 0 5 6 8 2 2 4 2 34 2 3 8 3 7 25 3 9 6 15 5 2 15 0 16 10 33 2 2 3 2 3 6 2 4 0 10 12 9 8 6 19 4 3 5 1 11 6 32 10
0 0 1 0 0 2 0 0 0 0 0 1 1 0 0 4 0 0 1 4 1 0 0 1 1 2 0 0 1 1 0 0 0 0 0 0 0 0 1 0 0 0 1 0 0 0 1 0 0 0 0 0 1 0 0 0 0 0 0 2 0 0 0 0 1 0 0 0 0 2 1 0 0 0 1 0 0 1 0 0 2 0 0 3 1 8 2 0 0 0 0 1 2 1 0 8 1 0 1 1
1 1 0 0 3 0 0 0 0 12 0 0 0 0 0 0 1 0 0 2 0 0 0 0 1 0 1 0 0 0 0 0 0 0 0 0 0 0 0 1 0 0 0 0 0 1 0 0 1 1 0 0 3 0 0 0 0 0 2 0 0 0 7 0 0 1 2 0 2 0 0 9 1 0 0 1 0 0 0 0 1 1 0 1 0 0 0 0 0 0 2 0 0 0 1 0 0 2 2 1
8 6 2 1 6 5 7 9 8 7 8 2 0 2 2 0 1 8 6 1 3 0 7 2 2 2 12 2 3 13 0 1 4 4 2 1 0 0 3 4 0 0 1 0 3 3 0 9 3 4 0 0 0 5 11 3 1 10 9 1 3 4 0 5 3 0 1 1 1 7 1 6 0 0 5 2 3 0 2 8 7 0 4 2 3 5 0 11 0 4 2 3 1 4 4 2 3 5 20 10
1 0 4 0 1 5 0 0 3 3 10 2 13 3 2 3 1 7 2 10 4 0 7 1 1 7 11 3 3 1 1 1 2 1 2 6 3 6 2 9 29 4 3 0 1 27 5 2 17 2 3 11 0 7 1 0 1 3 8 20 5 6 4 6 11 1 0 0 1 9 0 4 16 0 13 7 0 6 0 0 3 8 3 5 7 3 2 3 1 1 0 6 1 1 3 8 5 6 9 16
4 9 11 4 3 4 1 7 8 3 9 6 4 3 4 14 21 8 15 0 0 1 5 13 2 4 16 13 7 11 2 4 5 9 2 9 0 1 7 2 0 2 1 7 7 5 4 14 5 8 4 5 7 6 2 19 0 0 16 0 0 4 51 11 14 30 2 3 14 26 7 2 26 11 18 0 5 2 0 20 1 7 3 16 5 1 5 0 12 6 3 1 5 1 2 3 6 1 10 4
3 4 14 0 0 5 1 7 3 1 0 3 5 0 0 2 2 3 5 0 3 5 3 3 1 0 6 2 15 0 0 0 3 6 1 3 1 6 26 4 6 2 4 2 1 9 3 2 3 3 2 18 12 3 1 0 0 3 4 6 5 0 10 0 1 1 6 0 0 2 2 6 10 5 0 1 3 6 0 0 22 0 7 8 0 6 3 2 1 2 4 0 1 3 0 1 1 2 5 1
3 7 4 2 6 8 0 9 16 5 6 12 24 0 0 1 8 1 22 1 20 4 11 8 15 2 1 0 1 3 4 9 3 10 9 4 7 15 17 9 10 13 0 5 2 0 3 7 1 1 0 6 8 3 2 6 10 4 3 1 1 19 3 30 2 2 0 11 2 3 5 14 5 5 13 22 1 3 7 33 15 4 2 1 1 24 17 30 0 24 0 9 6 12 2 14 18 30 9 5
4 17 0 9 13 3 30 5 5 6 2 11 5 9 11 16 2 4 9 5 10 1 5 26 6 3 3 40 0 4 1 1 18 9 5 7 48 46 3 9 4 2 0 19 5 1 3 10 4 0 9 7 0 8 4 13 10 0 3 10 1 13 2 4 0 5 4 5 2 4 0 11 20 11 9 6 11 9 11 4 14 0 10 6 5 7 2 22 3 19 10 2 0 7 1 3 3 18 31 0
0 4 6 2 1 6 9 7 3 0 3 10 7 4 3 2 3 1 19 6 4 2 4 3 5 2 1 2 7 11 4 0 3 15 2 9 1 4 3 1 2 3 5 5 3 4 27 0 0 2 11 0 9 5 0 0 5 4 4 8 1 1 7 0 8 8 0 9 8 2 4 5 2 8 0 3 1 7 0 2 9 6 5 0 2 3 2 2 8 9 1 2 12 6 3 0 18 12 0 2
15 10 4 6 4 6 22 8 5 9 13 1 13 3 3 7 1 0 29 14 4 16 11 9 0 5 25 5 2 9 13 1 3 5 2 11 0 1 43 15 24 11 20 17 9 4 23 9 51 13 0 2 5 0 1 6 2 0 38 12 3 2 3 15 9 1 2 23 7 7 1 31 2 12 8 9 0 2 28 6 17 9 8 0 1 4 14 0 15 2 2 3 6 12 7 10 10 7 2 20
3 0 3 0 1 0 1 0 0 10 0 4 0 0 2 0 1 2 1 14 4 0 0 0 0 0 1 2 0 4 0 7 0 3 0 1 1 1 0 0 0 0 0 0 4 1 5 0 0 1 0 0 2 0 0 0 0 0 0 0 0 0 7 0 1 0 1 0 0 0 0 2 0 0 0 3 0 0 0 0 8 1 1 0 5 0 1 0 0 0 1 1 0 1 2 0 0 5 1 1
20 2 1 3 7 1 9 4 3 0 1 12 8 1 10 2 4 1 11 11 14 17 2 6 1 1 4 10 7 0 0 4 5 11 1 0 25 3 13 1 4 5 2 9 6 1 1 10 15 4 10 5 1 22 26 6 1 1 7 0 1 4 6 0 7 7 15 3 1 33 0 21 1 4 18 6 0 8 11 23 0 3 2 9 2 10 29 2 7 1 5 11 3 12 8 0 4 12 0 7
0 2 0 0 1 1 0 3 0 0 0 0 1 1 0 0 0 0 0 0 0 0 0 0 0 0 0 0 0 0 0 0 0 0 0 1 0 0 0 0 0 1 0 0 8 0 1 0 0 0 0 0 0 1 0 0 0 1 1 0 0 0 0 0 0 0 0 0 0 2 0 0 0 0 0 0 0 0 0 1 0 0 1 0 0 0 0 1 0 0 1 0 0 2 4 0 0 1 1 0
0 0 1 12 0 0 0 0 0 3 0 2 0 3 2 0 1 5 0 1 1 0 1 0 0 0 1 0 0 0 0 9 0 1 1 0 1 0 0 0 0 1 0 2 7 0 3 1 0 3 0 0 0 0 0 0 1 0 0 0 0 0 4 0 0 1 2 0 0 0 0 4 0 0 0 0 1 0 1 0 6 0 0 0 0 0 0 0 0 0 0 0 0 0 0 0 1 7 0 4
0 2 2 13 13 16 5 14 5 0 0 25 1 5 12 5 4 28 4 1 9 24 0 12 8 2 28 0 13 15 3 4 10 2 4 1 8 1 12 10 2 13 2 10 4 7 4 10 12 2 0 3 6 0 1 9 7 33 2 14 0 0 0 19 8 0 0 4 8 10 17 0 7 10 2 5 1 5 10 9 13 1 0 10 8 0 19 15 8 2 1 1 6 4 3 3 0 3 9 9
9 0 5 3 1 1 0 4 0 2 1 4 15 11 11 1 4 0 9 6 27 7 1 0 1 14 2 5 8 4 2 1 1 4 9 4 0 3 1 0 1 7 1 3 12 10 13 4 8 0 5 3 2 6 10 3 0 3 13 4 5 3 7 3 1 0 0 11 26 1 0 4 0 2 16 0 0 12 15 3 0 3 0 1 12 7 0 0 0 0 2 3 3 1 2 0 2 0 2 2
0 0 0 2 0 7 0 0 1 2 0 0 3 1 0 4 0 0 4 0 0 0 0 0 0 0 0 0 2 1 0 0 0 1 0 2 0 0 0 0 0 0 0 0 0 0 0 0 0 3 0 0 0 0 0 0 0 0 0 1 0 4 0 0 0 1 0 0 0 4 0 0 0 1 0 0 0 0 0 0 0 0 0 0 0 3 0 0 5 2 0 1 0 0 2 6 0 0 0 0
0 0 0 0 1 0 0 0 0 4 0 0 0 0 1 0 0 1 1 2 0 0 0 0 0 0 0 0 0 0 0 0 0 0 0 0 7 0 0 0 1 1 0 0 0 2 0 0 1 0 2 4 0 0 1 0 0 0 0 0 0 1 0 0 0 1 0 0 0 0 0 4 0 0 1 0 0 0 0 0 0 1 1 0 0 1 3 0 0 1 1 0 0 2 0 0 1 0 0 1
2 4 2 4 23 19 2 11 4 6 15 4 18 15 0 16 0 1 2 3 12 0 3 1 0 3 2 9 16 2 7 3 4 0 36 0 36 15 4 0 2 0 7 0 1 1 0 3 18 8 9 0 4 5 10 2 7 5 3 1 17 7 3 0 1 16 5 13 7 9 1 1 4 0 9 6 5 2 3 5 2 29 4 7 17 1 1 12 6 17 43 2 15 8 2 27 10 2 14 1
1 14 6 0 15 3 0 3 1 0 1 1 3 0 0 2 0 5 6 0 11 4 8 19 0 10 3 6 6 0 5 1 0 0 13 8 3 2 8 13 1 3 7 0 0 7 1 4 0 0 9 0 0 0 4 3 10 1 3 4 0 3 0 0 9 1 7 9 1 7 1 0 7 5 4 3 1 4 6 0 0 1 1 7 12 0 0 3 2 1 1 0 10 0 0 6 1 1 2 2
0 1 0 1 0 0 1 0 0 0 0 0 2 0 0 0 1 0 0 0 2 0 0 0 0 0 0 0 0 0 0 1 1 0 0 1 0 1 0 1 0 0 0 0 0 0 0 1 7 3 0 0 0 0 0 0 1 0 0 0 0 0 0 0 1 0 0 1 0 0 0 0 0 0 0 0 1 1 0 0 0 0 0 1 0 0 0 0 1 1 0 0 3 0 0 0 0 0 1 0
9 7 27 17 7 2 12 2 3 2 6 5 8 3 11 11 6 1 7 7 2 8 9 6 5 16 3 7 12 13 1 4 31 1 7 6 6 7 10 10 3 1 5 2 12 14 0 7 0 3 7 7 1 5 3 8 3 21 11 3 4 5 11 10 0 6 4 18 11 41 4 1 10 1 4 5 5 0 6 4 1 5 1 14 5 6 5 4 1 5 21 0 37 21 0 12 1 4 5 2
0 3 1 1 1 0 0 0 0 0 0 0 0 1 0 5 0 0 5 1 0 0 0 0 0 0 0 0 0 0 0 0 0 0 2 0 0 0 0 2 1 0 0 0 2 3 0 1 2 2 3 0 0 0 0 0 0 0 0 2 1 0 0 0 0 0 0 1 3 2 0 0 1 1 3 2 0 0 0 0 0 0 0 3 0 0 1 0 1 1 0 1 0 2 0 3 0 0 2 0
15 7 7 1 5 11 9 2 5 3 8 2 10 4 6 2 9 5 1 2 2 0 6 3 20 15 4 20 14 3 1 1 10 2 1 1 4 42 5 4 2 4 15 9 14 8 0 6 5 3 2 32 12 1 10 6 2 14 4 2 4 2 4 1 1 7 0 0 4 2 4 19 8 6 4 3 2 33 3 4 0 13 4 4 0 3 2 23 28 25 3 22 8 2 2 5 8 2 7 11
7 3 1 1 3 1 11 0 2 5 1 3 0 0 1 6 11 8 1 0 2 6 1 1 1 7 3 0 0 1 2 1 0 0 3 0 2 3 3 0 9 1 7 3 1 2 5 2 1 9 0 4 1 10 1 5 5 0 31 2 4 16 1 1 0 4 3 1 7 15 11 8 1 8 0 8 6 1 1 1 12 35 8 2 5 8 2 11 3 2 0 0 24 1 1 1 0 3 0 4
13 2 3 0 0 2 3 3 4 1 5 0 13 14 1 4 0 6 2 2 2 4 0 0 1 3 1 3 2 2 4 8 0 7 4 0 8 7 2 1 3 0 3 2 0 10 0 3 0 9 0 5 2 2 0 1 2 3 1 3 0 0 1 16 0 3 2 8 0 5 0 1 3 5 1 0 6 1 4 5 7 7 6 11 2 0 10 18 9 3 9 0 3 0 3 6 1 7 17 0
4 2 1 5 10 1 0 1 14 5 16 1 0 5 15 0 19 10 8 8 4 10 5 6 6 6 9 2 0 3 1 2 3 2 17 11 6 0 1 2 7 28 8 6 0 0 13 8 5 4 8 6 1 0 2 0 8 0 4 5 11 3 0 29 8 2 0 10 19 4 1 2 26 7 0 15 35 3 3 2 0 21 1 0 1 1 9 10 3 13 2 1 1 5 4 1 4 12 2 0
3 2 11 12 2 8 3 3 9 0 11 14 0 1 0 0 13 1 2 3 1 2 3 2 3 0 7 6 2 4 6 1 7 2 5 0 7 0 0 5 0 15 8 13 12 2 1 2 4 2 5 5 1 1 4 0 1 1 2 1 1 1 6 0 1 11 16 12 1 9 3 1 16 0 12 6 10 2 2 1 2 5 5 5 3 11 18 9 2 9 1 6 6 6 5 8 7 9 1 0
0 0 0 0 0 0 0 0 0 0 0 0 1 0 1 2 0 0 1 0 0 0 0 0 0 0 3 0 0 1 2 0 0 0 0 0 0 1 0 0 2 0 1 0 0 5 0 0 0 0 0 0 0 0 0 1 1 0 0 0 0 1 1 1 1 1 0 1 3 0 0 1 0 0 0 1 0 0 2 2 0 0 0 0 0 1 0 0 0 0 0 0 0 0 0 0 0 1 0 0
5 4 7 7 1 0 0 8 0 1 0 11 0 3 2 1 3 2 2 2 1 0 9 5 0 1 1 0 3 0 16 2 1 4 5 12 2 0 11 0 5 4 2 10 4 4 2 4 2 3 18 1 4 3 8 7 0 0 1 2 0 1 3 1 1 9 0 2 11 0 2 0 0 6 1 5 0 1 0 4 2 20 8 5 0 0 2 2 3 3 3 2 16 1 5 0 9 3 2 3
1 0 4 0 0 7 2 7 5 4 0 0 1 0 7 0 0 6 7 1 2 5 1 12 3 2 8 0 2 9 4 0 1 7 3 2 3 1 0 0 0 12 0 2 0 5 0 7 4 6 0 0 5 4 2 1 5 3 7 5 4 0 2 2 1 3 1 2 9 4 6 0 9 4 1 2 4 1 4 1 13 0 5 4 1 5 7 2 7 0 3 4 3 0 7 1 5 2 2 7
9 15 6 0 1 8 10 40 17 0 1 3 10 33 2 6 13 8 5 34 2 6 3 8 4 11 18 0 12 2 3 24 1 6 28 1 5 15 0 41 11 4 5 1 0 0 5 3 11 37 15 5 7 10 4 0 7 21 11 3 7 9 25 5 7 1 5 0 13 31 14 1 1 3 0 13 2 4 5 4 14 1 15 22 3 2 0 0 37 4 2 3 2 8 7 0 1 18 2 20
4 4 3 3 3 18 6 8 2 12 32 0 1 12 6 8 20 3 2 4 6 4 2 19 2 5 10 7 16 1 15 0 2 17 24 5 13 13 3 11 0 1 3 2 2 2 15 6 2 10 10 11 14 0 2 0 9 5 2 22 0 15 7 0 5 15 2 1 6 0 7 2 5 5 10 11 14 9 6 13 12 3 0 0 1 5 7 4 5 8 7 8 22 3 0 0 16 0 16 2
20 1 10 4 0 4 3 8 13 21 1 4 21 11 34 3 1 5 3 0 2 6 2 1 8 0 1 3 2 1 1 1 12 5 0 0 19 5 26 6 14 10 12 1 1 27 3 1 2 4 4 1 6 1 16 13 3 7 10 1 6 5 7 3 15 2 8 0 1 0 8 1 0 2 15 20 4 4 11 12 9 12 6 8 4 10 11 7 4 10 1 13 1 1 12 0 28 6 7 3
0 1 0 0 0 0 0 0 1 0 0 2 0 0 0 1 0 0 1 0 0 2 0 0 0 0 0 1 0 0 0 0 0 0 1 0 3 0 0 2 0 0 0 0 1 0 0 0 0 0 0 0 2 1 1 0 0 0 0 0 0 0 0 2 0 0 1 0 0 0 0 0 0 0 0 1 0 1 0 0 0 0 5 0 0 1 0 0 0 1 0 0 0 1 0 0 0 1 0 0
0 1 0 1 0 0 0 0 0 1 1 0 4 2 1 0 0 0 0 0 0 0 0 0 0 0 0 0 1 1 0 0 2 0 0 0 0 0 0 0 1 0 0 0 1 0 0 0 0 0 1 0 0 1 1 0 0 0 0 0 0 0 0 0 0 0 0 1 1 0 1 0 0 0 0 0 0 2 1 0 2 0 0 0 0 0 2 0 0 2 0 2 1 0 0 1 1 0 2 0
0 1 0 0 0 0 0 0 0 0 1 1 0 0 0 1 0 0 0 0 2 0 0 1 1 1 0 0 1 0 0 0 0 0 0 1 0 0 0 1 0 0 0 1 0 0 0 0 0 0 0 0 0 1 1 2 0 0 0 0 0 1 0 0 0 1 0 0 0 0 1 0 0 1 0 1 0 0 0 0 1 0 1 0 2 2 0 0 0 0 1 0 1 0 0 2 3 0 1 1
0 1 0 1 2 1 0 0 0 0 0 0 0 3 0 0 0 0 0 1 7 0 0 0 2 7 11 0 0 0 0 2 0 9 1 0 0 0 0 0 0 0 1 3 0 1 0 0 2 0 3 0 0 0 0 2 0 4 0 0 0 0 1 0 1 0 1 1 0 11 0 1 0 2 1 0 1 2 0 5 0 0 0 2 1 5 1 0 0 3 2 4 0 1 0 3 1 0 9 1
1 5 1 1 3 1 5 4 9 1 0 0 20 4 1 1 4 1 8 2 2 17 0 3 0 0 11 22 7 2 3 0 4 6 0 18 0 1 2 4 1 1 3 5 1 8 2 0 6 10 0 11 4 1 1 1 0 7 1 1 2 2 0 2 11 1 7 6 5 7 10 0 2 16 1 0 0 3 7 3 5 0 0 1 5 5 7 0 3 9 1 9 2 1 5 2 5 9 10 2
5 8 0 5 17 15 2 3 3 6 6 12 0 24 8 11 7 50 0 7 8 16 2 7 2 3 9 10 0 8 4 4 2 4 3 3 1 3 8 2 4 9 1 0 11 12 9 8 6 0 0 4 6 7 9 6 6 25 2 0 2 6 7 3 1 0 5 0 1 12 4 29 3 5 7 1 4 5 7 0 3 8 4 8 0 0 9 2 2 11 8 16 9 5 6 4 1 22 6 12
6 14 4 0 6 1 10 9 7 0 8 6 10 0 9 10 0 5 2 2 29 16 4 10 4 7 22 4 0 22 12 3 16 1 16 2 6 4 0 0 21 5 14 11 5 3 3 0 13 0 9 16 17 4 13 12 22 5 0 25 1 0 12 4 4 3 34 16 0 0 8 18 10 9 21 4 34 4 1 6 7 0 2 1 6 4 1 0 6 1 1 0 9 11 6 20 7 15 3 4
1 0 0 0 0 0 0 0 1 5 0 0 0 0 0 0 5 0 1 0 0 2 0 0 0 0 0 0 0 0 0 0 0 0 0 0 0 2 0 0 3 0 0 2 0 0 0 1 0 1 0 2 1 1 0 0 1 0 0 0 1 0 1 0 0 0 0 0 1 1 2 7 0 0 0 1 1 1 0 0 0 5 2 2 3 0 0 0 0 0 1 1 0 0 0 1 1 0 0 2
2 0 0 1 1 1 0 0 0 0 0 0 0 0 0 0 0 0 0 0 0 0 1 0 1 0 0 0 0 0 0 1 0 0 0 0 1 0 1 4 1 1 0 1 0 0 0 0 0 2 0 0 1 0 1 0 0 0 0 1 0 0 0 0 0 2 1 0 0 0 1 0 0 2 0 0 0 0 1 1 0 0 1 0 0 0 0 0 1 19 0 1 0 0 0 0 0 1 0 0
0 4 18 3 0 2 5 2 3 5 9 0 1 8 0 0 1 1 0 5 0 6 1 0 0 0 0 1 0 3 3 8 2 0 1 15 10 3 26 3 3 0 0 3 6 2 0 3 11 6 1 3 3 16 6 0 1 0 5 0 1 1 12 0 0 0 3 3 9 0 2 8 2 0 12 2 7 2 0 2 7 13 6 1 0 0 0 3 0 3 0 0 2 1 0 0 0 5 0 7
1 2 1 0 0 2 0 0 0 0 0 0 0 1 0 0 0 2 0 0 0 0 0 0 2 0 2 0 1 0 0 1 1 0 1 1 1 4 0 0 0 0 2 3 3 0 0 0 1 0 0 1 1 0 0 0 0 0 0 1 0 0 0 0 0 0 0 0 0 0 1 0 0 2 1 0 1 1 1 0 1 2 0 2 0 1 0 0 0 1 0 0 0 0 5 0 0 2 1 0
7 3 26 11 6 3 1 13 2 5 3 5 8 3 25 0 26 8 5 25 2 2 9 6 14 0 0 0 15 10 3 2 4 12 2 3 1 2 8 0 1 0 4 7 0 20 2 14 7 8 12 4 7 4 1 5 4 4 8 0 9 5 18 5 19 3 5 3 10 13 2 7 3 5 6 3 10 2 17 3 39 1 0 15 1 1 1 25 5 0 0 7 14 14 5 6 53 14 0 0
8 2 4 40 8 6 4 0 4 8 19 6 7 42 22 5 1 4 16 1 10 3 8 5 0 18 1 19 30 6 3 10 5 1 0 14 2 1 2 2 30 9 4 0 17 0 0 8 2 3 2 5 12 0 8 9 0 12 6 16 6 9 1 5 0 5 0 2 8 3 7 2 16 13 3 0 1 1 4 8 3 3 2 3 3 5 13 4 0 0 8 5 5 12 6 0 7 8 2 1
0 1 0 0 0 1 0 0 0 1 0 0 0 0 0 0 1 3 0 0 0 9 0 0 2 0 3 0 0 1 1 0 0 0 0 0 5 1 0 0 1 1 0 0 1 3 0 0 0 0 0 0 1 0 2 0 0 0 0 0 0 0 0 0 0 0 1 0 0 4 0 0 0 0 0 0 0 0 0 0 0 1 0 1 0 1 0 0 0 0 1 1 0 0 0 0 0 0 2 2
7 14 0 0 8 2 12 4 5 0 11 0 1 1 0 3 0 0 2 1 1 3 7 1 4 1 16 0 0 0 1 0 2 7 0 1 1 1 1 0 4 3 7 0 1 6 0 2 1 0 1 4 2 7 5 6 3 0 4 5 4 2 0 1 2 5 3 10 5 4 7 0 1 0 0 0 2 10 1 9 0 0 3 1 5 0 0 4 0 28 2 4 0 0 0 0 2 0 4 0
0 0 9 5 33 26 31 1 7 54 3 18 4 27 9 5 11 5 5 5 0 12 16 4 1 0 5 4 17 17 4 2 8 8 3 0 4 21 18 10 12 22 3 0 2 31 21 20 1 2 4 0 12 0 11 4 7 0 6 22 18 7 4 1 7 6 6 28 0 10 4 1 19 9 2 5 7 9 18 2 2 1 5 1 4 0 1 1 41 7 2 0 6 0 2 7 20 5 0 2
1 0 6 0 2 9 3 7 2 0 0 0 2 0 0 15 2 1 3 0 2 4 1 1 9 12 1 9 6 9 2 0 0 0 0 6 0 3 3 3 5 0 6 0 0 4 1 15 0 0 6 3 0 0 4 2 4 25 12 12 7 9 1 10 0 7 1 5 1 2 1 0 0 7 3 0 12 0 0 0 0 0 5 7 2 2 2 3 2 5 2 1 3 2 0 0 3 0 1 0
0 1 3 3 2 0 6 0 4 5 15 7 8 1 4 3 1 2 2 2 0 20 2 1 28 12 10 14 3 1 0 2 6 1 0 0 0 8 4 4 3 1 8 3 1 1 3 1 3 3 7 4 3 0 7 12 8 7 3 2 10 2 0 0 9 3 5 2 2 7 0 7 0 3 7 12 2 1 8 0 0 2 3 1 13 3 5 6 1 8 3 5 6 16 23 14 3 0 1 2
3 5 19 5 3 7 4 0 0 8 4 0 18 0 1 2 1 1 17 1 8 8 3 3 10 20 1 1 13 7 2 3 6 0 1 9 1 15 15 4 14 1 9 13 5 3 3 0 1 9 1 11 20 7 6 3 18 14 3 4 2 5 3 3 0 9 2 4 2 5 6 1 0 4 0 26 1 3 0 1 0 0 12 38 13 17 12 6 7 3 15 4 11 0 12 11 3 5 8 27
3 1 0 2 0 4 1 15 2 2 2 0 12 6 1 0 1 4 1 2 2 0 0 2 5 5 4 2 11 4 1 0 6 7 1 4 5 7 9 0 1 14 1 26 9 6 2 1 4 3 2 2 2 7 0 7 3 3 4 2 7 0 0 3 0 5 2 6 0 5 3 3 5 2 4 14 0 4 5 1 3 1 2 2 6 0 0 2 12 1 4 3 3 0 2 0 0 17 3 9
1 7 21 0 3 5 1 0 1 1 1 25 11 13 24 4 0 25 1 11 0 4 1 0 1 0 3 1 0 5 1 13 4 0 0 5 3 4 11 9 2 5 4 0 2 5 12 2 9 7 1 1 1 1 5 1 9 1 1 7 0 8 2 1 1 4 11 3 2 0 9 5 0 1 1 13 2 0 2 1 0 29 0 7 5 1 4 0 0 17 0 2 0 3 10 7 5 1 9 9
1 0 0 6 2 0 0 1 2 0 0 2 0 5 0 0 3 11 0 4 1 1 0 1 0 1 1 0 1 0 0 4 0 0 0 7 0 0 0 1 0 1 1 0 5 1 5 1 0 3 0 0 0 0 4 0 0 0 0 0 1 0 17 1 0 1 2 1 0 0 0 0 1 0 0 0 0 0 6 1 3 1 0 0 0 0 0 3 0 2 0 0 1 2 1 0 0 16 0 1
0 0 0 0 0 1 0 0 1 0 0 0 0 0 0 3 0 1 2 0 2 1 0 3 0 0 2 7 7 1 0 0 1 3 0 1 0 1 1 2 0 0 1 0 1 0 0 0 0 5 0 0 0 3 2 2 0 6 0 0 0 1 1 1 0 1 0 0 0 1 0 0 1 1 1 0 2 0 2 2 1 0 0 2 0 7 1 0 0 1 11 12 0 1 1 3 0 0 0 1
0 1 0 0 0 0 0 0 0 0 0 0 1 2 0 1 0 0 0 10 0 0 0 0 2 1 2 1 0 0 1 0 1 0 3 0 1 0 1 0 0 1 1 0 0 0 0 0 0 0 0 1 0 0 0 0 1 0 0 1 0 0 0 0 0 0 2 0 0 0 0 0 0 0 0 1 0 1 0 0 0 0 1 0 0 0 0 4 0 0 0 1 0 0 0 1 0 0 0 0
18 4 1 9 4 2 22 1 3 36 13 1 8 9 19 2 6 8 3 5 0 0 38 1 13 19 7 10 1 2 2 1 0 9 18 2 1 2 6 13 0 26 0 8 19 1 3 0 4 30 8 28 10 12 9 4 10 7 20 3 10 5 10 0 1 3 9 24 13 11 18 4 5 5 9 18 3 3 27 2 3 0 3 8 21 0 4 11 42 7 3 32 3 16 7 10 1 1 0 3
1 9 2 1 5 4 2 2 9 4 0 9 0 2 0 8 2 8 3 3 0 0 2 1 6 3 8 16 12 5 2 0 4 0 3 0 6 13 4 0 5 2 3 5 5 6 1 0 2 7 9 2 6 2 11 10 17 1 1 6 14 20 3 22 0 21 3 4 5 2 4 0 1 0 6 2 3 5 3 11 7 7 4 0 11 5 2 12 4 1 16 1 4 2 22 5 1 6 1 2
0 0 1 2 0 46 36 12 4 1 10 3 2 1 1 20 2 7 1 1 0 0 0 1 0 0 3 9 20 1 0 0 0 0 2 3 0 0 14 6 7 5 3 3 1 9 1 2 0 8 2 5 11 0 0 10 20 16 3 2 3 1 0 6 12 3 5 0 0 3 7 2 3 4 1 1 6 1 3 31 1 2 6 0 0 2 9 5 3 28 6 10 0 5 2 5 0 2 4 9
5 1 4 6 26 5 2 1 5 0 9 6 1 6 0 8 10 1 14 12 12 30 5 3 7 11 1 0 8 2 1 8 0 2 9 15 10 44 37 13 0 4 6 1 15 15 8 1 7 1 0 15 2 10 9 24 13 13 4 13 1 23 1 7 3 23 4 4 4 3 4 3 0 1 1 4 10 5 5 13 11 0 8 1 4 0 6 0 4 4 3 0 2 14 7 2 17 1 2 5
3 0 1 2 6 11 7 0 3 2 20 6 2 7 9 0 0 4 2 0 1 7 4 1 12 2 16 34 2 0 10 9 8 28 4 0 2 2 9 17 7 3 3 2 24 10 23 13 0 2 3 0 9 1 7 8 11 11 1 4 1 25 0 2 0 6 0 17 3 0 10 14 0 14 1 5 5 6 27 1 10 8 2 3 5 3 7 1 0 2 8 7 22 1 10 0 3 8 8 7
3 5 15 9 7 8 2 40 11 27 0 2 10 21 0 5 2 0 0 22 3 4 1 5 3 2 0 14 6 0 2 0 1 3 6 7 9 0 9 1 0 0 6 12 0 6 21 6 12 3 0 4 33 3 1 3 15 1 0 9 1 8 12 1 11 0 1 7 15 8 3 6 17 2 2 16 4 1 21 0 1 9 2 7 4 42 8 0 8 6 3 10 15 16 16 6 34 7 5 6
1 6 4 17 15 5 2 12 2 2 4 20 7 7 21 0 3 15 4 4 1 33 2 4 9 1 9 2 5 8 5 0 2 2 0 6 10 2 8 22 2 4 3 1 0 4 9 13 1 12 18 18 4 21 3 2 6 2 1 3 2 5 5 5 0 13 2 10 13 4 1 7 3 7 12 2 8 0 0 3 1 8 1 5 9 0 8 8 0 5 9 2 9 10 12 13 4 0 8 4
2 6 7 2 1 2 6 11 0 16 2 1 5 2 1 0 22 2 3 10 16 7 3 13 1 1 2 0 1 5 15 9 18 10 13 2 0 40 1 26 1 2 8 5 1 10 20 3 0 19 11 22 24 1 1 2 32 12 2 4 14 14 1 18 2 2 16 5 4 9 14 16 0 2 5 9 9 17 6 15 5 3 6 0 7 13 16 6 21 6 5 11 5 0 0 2 3 1 0 8
9 7 4 2 41 2 8 31 2 11 0 5 4 16 0 2 12 1 0 4 7 19 2 7 5 10 10 26 2 0 1 6 9 4 17 4 3 36 0 12 2 1 8 0 3 3 7 2 28 8 0 0 2 3 5 0 39 0 8 7 1 4 10 2 7 8 0 0 3 14 4 1 5 0 60 14 19 8 3 2 2 8 0 6 9 24 5 17 14 1 0 18 29 2 32 0 6 6 6 17
0 0 0 0 2 0 1 2 1 1 1 0 1 0 0 0 0 0 1 1 0 0 2 1 0 1 1 0 0 0 0 0 0 0 0 0 0 0 1 1 0 0 0 1 1 0 1 0 0 1 0 0 0 0 1 1 0 0 0 0 0 14 0 1 0 0 0 2 0 0 2 0 0 0 0 0 1 1 0 0 1 0 0 0 0 1 1 0 3 0 0 0 0 2 0 1 0 0 0 0
13 2 0 0 9 0 8 1 26 2 4 0 1 0 0 0 3 6 11 0 3 13 0 7 11 4 5 0 2 0 1 0 2 0 2 7 8 2 5 4 2 1 3 6 0 1 0 1 0 0 15 3 4 12 2 1 4 6 0 1 5 0 0 18 15 0 4 3 0 7 1 0 0 0 0 8 1 3 0 6 0 0 7 5 3 10 5 6 1 0 1 0 1 2 0 5 0 1 1 9
2 0 0 3 4 0 0 0 0 3 2 0 0 0 3 0 0 0 1 1 1 0 0 1 0 2 0 2 0 2 0 0 0 1 0 0 0 2 0 1 0 1 0 1 0 0 1 1 0 1 0 1 0 0 0 0 1 2 0 0 0 0 1 0 0 0 0 1 1 1 0 4 0 0 0 1 0 0 0 0 0 0 1 0 0 0 0 0 1 0 0 0 0 0 0 0 0 0 0 0
0 4 0 0 6 1 2 4 1 0 9 0 0 2 0 1 0 5 0 0 1 3 0 4 10 7 0 0 1 1 2 0 8 9 4 8 8 0 1 2 0 1 4 9 1 4 2 3 2 0 0 0 4 3 3 0 1 1 6 2 2 1 0 2 0 0 0 1 1 6 11 0 10 0 0 11 0 0 0 5 0 0 0 0 0 5 4 0 7 2 0 1 11 2 0 4 0 0 1 0
6 0 1 0 0 8 3 5 0 1 4 0 1 4 1 7 0 0 2 0 3 13 7 0 7 0 1 10 0 4 2 0 12 1 8 6 8 10 0 3 1 6 4 4 1 13 0 0 3 0 7 1 8 10 1 4 1 0 1 2 6 0 0 2 3 13 1 4 8 3 18 0 1 2 11 1 1 6 1 4 0 0 5 4 4 3 19 6 0 16 11 8 0 0 0 6 0 0 1 3
0 2 0 0 0 1 0 1 2 0 1 2 0 0 1 0 0 0 0 0 0 0 0 0 0 0 0 0 0 0 0 14 1 0 0 1 0 1 1 2 0 0 0 1 0 0 0 2 0 0 0 0 0 0 0 0 1 0 1 0 0 0 13 0 0 0 0 1 1 0 1 1 0 3 1 1 0 0 0 1 0 11 0 0 0 0 0 1 0 0 0 0 0 0 0 2 2 0 0 0
0 2 0 1 0 1 2 0 0 0 0 0 1 1 0 0 0 0 0 0 2 0 8 1 3 0 1 1 1 0 1 0 0 0 1 1 0 1 1 2 0 0 10 2 0 0 0 0 1 1 0 0 0 1 0 0 2 0 0 0 0 0 2 0 0 1 0 0 1 0 2 0 3 0 0 2 2 0 0 1 0 0 0 1 0 0 0 1 0 12 0 1 0 0 2 0 0 1 0 0
2 6 6 0 1 4 0 0 2 0 1 0 0 2 4 4 16 1 23 7 5 2 1 3 4 1 7 2 5 3 0 4 5 7 9 11 4 11 7 10 13 0 0 1 4 12 7 5 0 0 14 1 1 7 8 1 3 2 0 20 1 0 4 2 3 5 2 3 8 6 1 5 3 3 13 5 1 16 4 0 4 4 4 7 3 1 4 2 17 4 2 0 2 7 7 0 8 6 0 10
0 1 2 0 0 0 0 0 0 0 0 4 0 0 0 0 0 0 0 2 0 0 0 0 0 0 0 0 0 1 3 2 1 0 1 0 0 0 0 1 1 0 1 0 0 0 0 0 3 1 0 0 0 0 0 4 1 0 0 0 3 0 2 0 0 2 0 0 1 0 0 0 0 1 1 1 0 1 0 0 1 0 2 3 0 0 0 0 2 2 0 0 2 1 0 1 0 0 0 0
0 0 0 0 0 0 0 0 0 0 0 0 0 0 0 2 1 0 0 0 1 0 0 0 0 0 0 0 0 0 0 0 0 0 1 0 0 0 0 1 1 0 0 0 0 0 0 1 0 1 0 0 0 0 0 1 0 0 0 0 0 0 0 0 0 0 3 0 0 0 0 2 1 0 0 1 2 0 0 0 0 0 1 1 0 7 3 4 2 0 0 0 0 0 0 0 0 0 1 1
2 13 12 7 13 6 7 16 1 3 3 10 17 7 24 3 16 19 22 7 15 15 1 5 2 5 3 6 6 2 4 0 2 1 3 0 5 6 0 4 0 16 7 7 14 10 11 2 18 0 19 20 1 2 18 3 6 9 3 10 1 1 11 2 12 6 4 3 2 3 21 0 6 3 7 10 7 0 5 14 1 0 12 2 9 1 4 30 4 17 9 0 0 11 2 13 18 2 2 10
3 0 4 8 9 4 0 3 0 0 4 6 0 4 1 7 14 5 3 13 3 0 0 0 0 3 7 5 0 9 18 6 0 1 2 3 9 0 0 0 17 6 1 9 2 3 1 2 18 6 3 1 1 3 2 3 1 2 4 0 1 3 0 0 1 4 1 0 5 0 0 0 1 2 0 1 0 3 11 0 1 6 0 0 3 13 21 5 5 0 2 0 5 4 14 1 0 0 0 6
5 5 2 0 0 8 0 7 1 0 3 0 4 0 0 15 1 0 1 0 3 1 0 0 0 0 2 5 1 2 1 0 2 1 5 1 2 0 0 11 1 0 2 0 0 1 4 2 1 1 1 4 3 5 0 0 1 2 0 2 13 0 2 4 7 3 3 0 7 2 1 2 18 3 1 1 2 1 0 9 0 0 3 1 7 1 3 2 5 0 5 7 4 15 0 13 2 1 1 0
