6 2 0 4 2 23 13 6 6 5 5 10 11 4 17 8 12 2 3 6 17 8 1 2 2 17 4 3 2 11 17 6 0 19 10 29 4 12 5 2 10 0 12 8 1 1 1 7 5 0 1 4 0 4 1 11 25 9 11 3 1 3 6 5 2 9 7 19 12 8 15 28 7 1 9 3 6 7 1 4 0 9 0 5 4 6 28 3 5 0 2 0 4 4 2 11 9 5 9 3
3 5 7 11 6 2 13 4 1 4 1 3 2 6 0 2 10 4 3 9 9 0 9 1 6 1 0 1 5 3 0 0 8 9 2 0 6 2 0 12 1 3 17 4 9 2 6 9 2 1 3 2 5 4 2 4 0 1 4 3 5 5 3 1 1 9 0 3 10 6 0 6 13 7 4 5 3 3 5 4 0 8 0 8 0 1 1 3 10 2 0 2 3 3 3 2 5 0 1 0
2 10 3 15 1 9 1 6 5 2 5 1 9 4 4 5 21 0 1 12 3 14 7 9 12 7 12 11 4 6 8 3 1 6 0 3 0 10 8 1 10 0 0 2 12 15 6 10 14 13 22 14 4 6 14 7 1 6 3 2 6 3 1 1 9 2 17 4 14 11 18 2 7 24 9 1 7 5 0 7 6 4 1 5 9 2 1 19 22 0 2 0 5 6 6 9 1 1 0 0
4 0 2 0 0 5 0 0 1 5 4 0 7 5 3 0 0 3 0 1 1 0 6 0 0 4 5 3 5 2 0 4 0 3 1 0 3 10 0 14 0 4 12 24 0 0 7 4 1 2 0 3 2 0 1 29 5 0 10 12 7 0 1 7 0 1 1 3 7 0 3 3 2 1 8 5 4 1 0 0 19 6 5 3 2 3 2 1 3 2 0 5 0 2 3 7 8 1 9 7
0 0 1 0 5 0 1 0 0 30 2 0 0 1 0 0 1 1 0 0 0 0 0 0 0 0 1 2 0 3 1 14 3 0 4 0 10 0 0 0 0 0 0 0 0 0 0 0 0 1 2 0 0 0 0 0 0 0 1 0 0 0 2 2 0 4 1 0 0 1 0 0 0 0 0 0 0 3 2 1 0 0 1 0 1 0 0 0 2 1 0 7 0 1 0 0 0 0 0 1
2 4 5 8 3 0 3 0 3 5 2 2 1 0 2 2 1 5 9 6 1 1 25 7 5 11 3 13 3 0 0 2 15 5 0 6 3 5 1 4 2 2 3 4 2 4 5 0 7 2 1 2 7 1 0 15 16 4 2 21 2 3 0 4 8 5 3 3 0 0 3 4 4 0 3 0 10 0 0 1 7 1 2 4 0 0 3 7 0 0 6 0 0 1 3 29 0 3 1 7
3 1 5 6 1 2 1 1 10 8 1 2 1 2 7 7 1 3 3 0 4 9 3 3 1 2 3 1 0 8 2 3 0 2 0 0 1 5 18 0 4 1 8 1 15 0 6 0 14 1 3 7 1 2 0 1 6 1 0 10 6 1 1 0 0 0 10 2 4 0 0 4 3 4 0 3 12 18 1 9 3 9 0 12 0 0 14 1 3 0 4 1 4 13 2 2 4 1 0 0
7 3 8 4 2 2 7 0 0 12 2 2 0 1 2 5 2 5 3 0 1 1 3 2 2 1 16 4 3 0 3 0 0 15 1 13 8 0 1 0 5 9 3 6 0 3 24 2 0 6 7 26 6 1 1 10 1 0 7 0 2 2 0 1 1 2 0 6 5 4 0 0 3 0 0 0 2 6 1 2 5 0 6 2 3 1 11 0 9 2 2 0 1 0 5 3 1 2 2 7
0 0 0 0 0 1 0 0 1 0 1 0 0 1 0 1 1 0 3 9 0 1 0 1 0 0 1 0 1 1 2 4 0 0 0 0 1 0 0 0 0 0 0 0 1 0 0 0 2 0 0 0 0 1 1 0 0 2 2 0 0 0 0 0 0 15 0 1 0 0 0 0 1 1 2 0 0 4 0 0 1 0 0 1 1 1 0 0 0 0 0 0 0 1 1 0 2 0 0 0
0 0 1 7 0 9 0 5 0 1 0 13 2 7 1 0 4 16 1 2 2 3 0 4 7 2 2 3 8 0 1 0 1 2 10 19 1 7 0 0 3 12 7 4 3 10 9 1 4 0 4 3 1 6 1 1 2 0 1 0 2 0 3 23 1 14 8 12 4 11 1 2 13 1 8 0 1 2 31 1 2 4 0 23 1 5 1 3 0 4 2 0 2 3 10 4 0 7 18 0
0 5 6 6 0 0 5 14 6 1 4 3 1 7 3 5 3 9 2 6 4 19 3 4 2 3 0 3 1 0 1 3 4 5 0 5 3 2 5 1 3 4 13 0 1 6 1 1 2 4 2 6 2 2 0 1 1 5 0 3 7 19 0 3 0 6 5 0 8 3 5 0 0 1 0 1 5 2 1 2 7 22 7 0 5 5 2 0 4 1 8 1 11 1 14 1 15 3 3 0
2 4 1 3 1 4 4 3 1 0 2 2 2 0 1 0 3 2 2 10 2 0 11 0 0 5 4 2 3 0 17 0 3 8 0 4 0 5 1 0 6 1 3 12 6 3 9 1 0 14 2 11 0 2 8 1 2 2 0 0 6 3 0 8 0 1 6 1 0 20 16 2 7 2 14 0 1 0 4 3 1 0 3 1 0 3 0 7 11 1 2 0 0 0 0 7 1 1 2 3
1 0 0 1 3 0 3 1 18 9 1 0 5 6 0 3 4 17 3 2 7 12 4 7 6 2 0 7 4 3 13 13 2 3 1 4 10 4 3 0 0 1 1 4 2 2 0 4 7 3 3 3 1 9 5 6 2 5 0 3 1 1 22 0 1 7 5 7 0 1 0 7 2 3 1 0 1 9 19 5 0 0 0 1 6 3 6 4 12 10 7 4 3 5 7 5 2 10 0 0
0 38 4 0 0 7 13 4 3 1 36 15 3 1 2 2 1 6 1 0 11 4 2 1 1 8 16 12 4 4 0 22 10 4 5 14 20 4 7 0 1 1 1 8 2 5 2 7 3 0 14 0 1 0 18 1 0 3 5 1 12 7 6 9 7 0 0 1 3 8 0 2 37 9 5 11 1 1 1 0 6 11 9 7 7 1 1 1 3 18 1 16 2 2 2 20 4 7 4 9
0 4 2 0 1 1 0 2 26 2 1 3 18 4 1 0 2 9 9 0 1 2 1 1 3 9 10 0 0 3 3 3 1 1 2 8 0 5 5 3 4 2 5 3 5 6 16 0 3 1 4 2 1 5 6 0 0 4 6 1 20 16 0 20 0 3 1 1 2 22 1 0 2 2 7 0 0 13 1 2 1 0 3 1 0 1 0 9 1 2 11 0 7 0 2 5 9 4 2 1
4 5 13 1 9 14 23 1 0 0 0 0 4 9 5 9 5 3 0 8 6 8 3 11 1 5 7 3 27 7 0 9 6 7 4 18 8 3 0 6 9 3 6 9 2 10 4 15 8 3 3 0 6 1 11 6 1 2 0 3 15 26 2 1 1 5 0 14 0 2 3 3 6 5 10 1 3 12 37 9 22 0 0 2 12 4 15 0 13 3 6 4 3 2 22 9 8 17 1 13
0 1 0 1 0 0 0 0 0 0 1 0 0 0 0 2 0 0 0 0 0 0 0 0 0 0 0 1 2 2 9 0 0 1 0 0 0 0 0 3 0 0 0 0 0 0 0 0 1 1 0 0 0 0 0 0 0 0 0 0 0 0 0 0 0 0 0 0 0 0 0 1 1 0 4 0 0 0 0 0 0 0 1 0 0 1 0 2 0 0 0 1 0 2 0 0 0 1 2 2
6 0 2 4 12 4 1 0 4 1 14 5 4 2 6 10 5 3 8 1 0 2 2 0 5 7 0 4 9 4 12 2 6 5 0 19 4 3 11 7 20 0 8 1 12 3 1 9 1 0 4 0 4 0 11 6 9 1 0 12 1 7 3 4 18 0 7 1 0 0 2 5 0 5 7 7 0 0 0 7 3 4 0 11 4 2 15 6 4 10 1 0 1 0 1 1 0 18 0 0
0 0 0 1 0 0 0 0 0 0 0 1 1 0 1 0 3 0 1 5 0 1 0 0 0 0 1 0 0 1 0 0 0 0 0 0 0 1 0 1 0 0 0 0 1 0 0 0 3 6 0 0 0 1 0 0 0 0 1 0 1 0 0 1 0 1 0 1 0 0 0 0 0 1 0 0 1 0 0 0 0 0 0 0 0 0 0 0 0 0 0 0 1 2 0 0 2 2 0 1
0 1 0 0 0 0 0 0 0 1 0 4 0 0 0 1 0 1 0 2 0 0 0 0 1 2 0 0 0 0 1 0 0 1 0 1 0 0 0 0 0 2 0 1 0 1 0 1 0 1 0 1 0 0 0 0 0 0 0 0 0 0 2 0 0 0 0 1 0 0 0 0 0 0 0 1 0 0 0 0 0 0 2 0 1 0 1 0 0 0 2 0 1 0 0 1 0 0 0 0
15 2 9 16 2 24 9 5 3 21 1 5 1 7 12 4 4 2 25 4 12 10 5 20 1 21 0 4 14 18 1 1 5 10 3 3 1 7 7 26 8 1 4 2 4 6 1 4 20 1 0 1 5 20 14 19 15 20 11 2 0 5 27 7 0 5 19 13 2 4 0 7 9 16 3 2 5 3 4 14 2 10 0 11 13 18 0 0 1 0 19 4 20 1 1 3 7 0 8 2
0 1 0 0 2 0 0 0 0 0 2 0 1 0 1 0 0 0 1 0 1 0 0 0 0 0 0 0 0 0 0 1 0 0 1 0 1 0 1 0 3 0 0 0 2 1 0 0 0 2 0 0 1 0 0 0 2 1 0 0 1 0 0 1 1 0 1 0 0 2 0 2 0 0 0 1 0 0 0 0 0 0 0 3 0 0 1 0 0 0 0 0 0 0 0 2 6 7 0 0
1 4 5 20 2 4 0 1 9 5 1 2 29 2 7 0 10 5 2 15 1 8 1 7 0 4 43 11 2 7 1 0 11 17 1 6 2 10 5 35 14 4 5 23 4 4 28 0 4 0 0 1 12 5 0 2 0 7 15 6 1 2 9 3 6 10 0 0 7 17 11 8 2 3 0 2 6 6 1 8 0 14 0 13 12 3 39 9 14 3 4 10 11 3 3 9 5 0 1 10
3 0 1 0 0 0 2 1 0 2 1 0 3 0 1 0 2 0 0 0 0 0 0 1 1 0 1 0 0 0 0 2 0 0 1 0 0 1 0 0 0 0 0 0 2 0 1 0 0 0 1 4 1 0 0 0 0 0 0 1 1 0 0 3 0 0 0 0 0 0 0 0 0 1 0 0 0 0 7 1 0 2 0 0 4 0 0 1 1 0 1 0 0 0 0 0 0 0 0 1
2 17 2 9 2 0 0 2 4 0 0 1 1 2 3 0 4 12 0 2 2 1 1 5 7 1 0 3 1 22 13 12 15 3 14 1 0 0 3 8 7 3 2 9 4 5 1 9 0 5 0 4 0 6 0 7 11 0 0 5 9 14 0 3 3 0 6 4 3 0 1 1 6 2 0 0 9 2 15 0 4 1 5 23 2 2 9 1 0 5 3 3 3 4 0 10 2 1 0 6
4 1 7 1 9 2 0 7 3 4 6 7 2 1 1 1 1 7 1 2 0 8 0 0 3 4 5 6 3 1 3 0 14 5 20 6 7 7 22 0 9 0 1 6 4 1 0 6 12 1 5 1 0 2 6 1 4 5 1 2 0 1 3 0 1 3 1 1 1 5 0 7 5 3 4 4 5 12 0 1 2 1 0 1 4 7 2 3 0 2 3 0 2 11 0 12 7 2 5 4
8 0 2 2 5 2 0 2 3 8 11 6 2 4 0 1 2 10 3 9 1 0 1 1 7 5 1 8 3 0 4 4 7 3 3 2 10 12 5 3 8 9 6 1 1 4 3 7 1 1 0 12 0 9 13 1 6 5 0 7 2 4 2 9 12 3 0 2 0 1 0 2 0 3 3 5 0 8 8 2 0 0 0 0 1 3 4 0 1 1 4 5 0 6 6 25 17 9 9 15
7 8 5 7 1 25 0 23 6 9 5 9 9 0 0 3 11 9 10 5 6 19 0 0 18 8 21 7 27 6 17 4 9 13 5 28 19 3 1 4 5 0 16 2 14 17 7 4 3 0 25 0 9 2 2 17 0 2 10 1 18 7 5 0 2 16 4 26 8 6 8 5 16 4 13 28 7 0 1 6 1 57 9 7 6 9 3 7 1 4 30 4 3 1 11 5 25 7 0 3
6 5 33 3 3 13 4 9 1 0 3 13 2 4 3 0 0 14 3 5 4 15 9 4 17 10 12 1 2 1 12 3 9 11 4 3 3 1 1 9 11 1 7 2 21 1 5 11 4 6 6 5 3 15 7 3 5 3 6 43 33 2 12 0 1 3 2 9 20 0 1 8 1 16 5 1 15 22 6 2 12 0 7 1 0 2 13 0 0 4 2 0 4 0 8 18 0 22 15 10
0 2 7 3 6 6 8 1 1 2 0 3 5 1 13 3 3 14 2 0 3 11 3 1 2 5 11 1 6 3 4 0 3 2 3 6 1 3 0 3 0 8 1 2 1 9 9 6 8 3 0 12 4 1 5 2 12 0 3 0 5 5 2 0 1 0 6 6 15 7 0 5 2 0 1 10 8 2 2 2 5 4 3 4 0 8 4 0 0 1 5 0 0 6 17 5 3 0 2 1
1 5 5 0 3 3 2 4 18 7 11 0 0 8 0 11 1 1 0 0 0 1 9 11 13 4 1 0 2 0 0 2 1 2 1 19 4 4 0 4 3 0 0 2 1 6 13 2 5 4 8 2 3 5 3 6 2 12 5 3 0 12 6 0 1 2 14 1 1 10 2 2 0 4 0 4 0 2 1 6 6 6 0 0 1 2 2 1 0 0 2 2 5 0 0 12 2 5 1 0
1 0 0 0 1 2 0 4 0 14 6 0 0 7 6 9 8 6 0 2 5 4 14 1 4 5 2 7 9 0 4 5 2 9 1 1 1 6 2 4 9 4 3 2 10 0 0 1 3 0 1 1 9 1 7 1 9 2 1 1 9 2 4 23 3 4 1 2 7 12 5 3 11 4 0 14 1 1 23 12 0 0 5 1 4 8 8 6 12 4 4 7 18 6 3 3 12 1 1 5
6 14 1 0 0 5 3 1 0 2 7 6 5 1 0 0 4 18 6 1 2 6 0 1 0 4 1 5 3 3 0 1 1 8 0 2 3 2 1 3 1 0 5 0 1 0 5 0 1 8 1 0 3 8 0 1 10 0 0 2 4 7 2 3 1 15 2 2 1 6 1 2 0 5 0 0 1 17 15 4 9 18 3 0 12 7 5 0 0 0 0 6 4 4 3 2 6 13 2 5
0 0 0 0 0 2 0 0 0 0 1 0 0 0 1 1 1 0 1 0 0 0 1 0 0 0 0 0 0 0 0 0 0 0 0 0 0 0 0 0 0 0 0 1 0 2 0 0 0 3 1 0 0 0 0 0 0 3 0 0 1 1 0 0 0 0 0 0 2 0 0 0 1 0 1 0 1 2 12 0 0 0 1 0 0 0 1 0 0 2 4 1 0 0 0 0 0 1 0 1
0 1 0 0 0 0 0 0 0 0 0 0 0 0 0 0 0 0 0 0 1 0 1 0 1 0 2 0 1 0 6 1 1 1 0 1 1 2 0 0 1 0 3 0 2 1 0 1 0 1 1 0 0 3 0 0 0 0 1 0 0 1 0 0 0 1 0 1 0 0 0 0 0 0 0 1 0 1 0 0 0 0 4 0 3 0 0 0 2 0 0 0 1 1 0 0 1 0 1 0
13 4 6 21 2 23 6 5 3 2 8 10 6 0 4 8 0 16 16 4 7 4 2 0 6 13 6 9 5 24 3 34 13 3 26 0 10 17 0 6 17 3 0 7 0 1 7 4 12 1 13 11 30 29 1 7 1 11 16 2 0 1 10 13 10 8 0 2 5 0 3 8 10 13 2 4 2 14 2 1 6 2 2 2 2 14 0 25 12 26 7 4 5 6 2 17 0 4 13 6
2 0 0 0 0 0 0 0 0 2 0 0 0 0 0 0 1 0 3 2 0 0 2 3 0 2 1 0 0 1 3 0 0 0 0 0 0 0 1 0 0 0 0 0 1 0 0 0 0 0 1 1 1 0 0 0 0 5 0 0 1 0 0 0 0 2 0 1 0 0 1 0 0 1 3 0 0 2 0 0 1 0 0 0 0 3 1 0 0 1 0 1 0 0 0 0 0 0 0 1
0 0 0 0 0 0 0 0 0 0 0 0 0 0 1 0 0 0 0 0 0 3 0 0 0 0 0 0 2 1 0 3 1 0 0 0 0 2 1 1 0 0 0 0 0 0 1 1 1 1 0 1 1 1 2 0 0 0 0 1 1 0 0 3 0 0 1 0 0 1 1 0 0 0 0 1 0 0 0 0 1 0 0 0 0 0 0 0 0 0 0 0 0 0 8 0 0 0 0 0
0 0 0 1 0 0 0 2 0 0 0 1 0 5 0 0 2 0 1 4 0 0 0 0 0 1 0 0 0 1 5 0 1 0 0 1 0 0 1 0 0 0 0 0 0 1 0 1 1 0 0 0 0 1 1 0 1 1 0 0 1 1 1 0 0 2 0 0 0 0 0 1 1 0 10 2 0 6 0 0 2 0 0 0 0 1 0 0 0 1 1 0 0 2 0 0 0 0 0 0
5 0 0 0 0 0 0 0 0 0 0 1 0 1 0 0 0 0 0 0 5 0 0 0 0 0 0 0 1 0 1 0 0 1 0 0 1 0 0 0 1 0 0 1 0 0 0 0 0 0 2 0 1 9 4 0 3 0 1 2 0 0 0 4 0 0 3 0 3 1 0 1 0 0 0 0 0 0 0 0 0 0 0 0 0 0 0 0 0 10 0 0 0 0 1 2 2 0 0 0
0 1 0 0 0 0 1 0 0 0 0 0 1 4 0 1 1 4 0 0 0 0 0 0 3 0 1 0 0 0 0 0 0 0 0 0 0 0 2 1 1 0 0 18 1 0 2 0 0 0 0 0 1 0 0 0 1 0 2 0 1 1 0 0 0 0 1 0 1 0 0 1 0 0 0 4 0 1 3 0 0 0 0 0 19 0 10 0 3 0 1 0 0 0 1 22 10 3 0 0
13 3 16 23 1 17 8 14 5 11 11 10 6 3 10 3 1 17 7 0 8 9 10 17 1 7 17 15 19 0 2 8 8 7 1 8 20 0 0 10 23 5 1 18 2 7 10 1 1 4 7 5 3 8 21 12 9 17 28 2 1 6 3 8 0 18 0 5 3 6 2 11 1 5 0 9 3 23 17 8 2 6 6 4 4 8 4 2 1 3 4 2 10 4 1 12 11 13 7 2
5 9 0 14 2 1 0 3 0 0 8 2 14 0 8 3 1 1 1 3 5 0 1 3 0 14 4 2 0 1 0 0 1 5 1 5 0 3 0 5 0 0 3 2 0 13 2 5 3 5 6 0 0 16 3 9 14 4 8 5 13 2 2 4 1 0 6 1 2 2 3 2 1 1 11 7 17 0 1 8 12 0 1 3 3 2 6 2 2 3 1 0 25 1 0 1 0 9 11 8
2 0 0 0 0 0 0 0 0 1 0 0 0 0 0 0 0 0 1 0 0 0 1 0 0 1 0 0 0 2 0 4 0 0 0 0 0 1 0 1 0 1 0 0 2 0 0 0 0 1 0 0 0 1 0 0 0 0 1 0 1 0 0 1 0 0 0 0 2 2 1 2 1 0 0 0 1 1 0 0 2 0 0 0 0 0 0 0 0 0 0 0 0 0 0 0 0 0 0 0
0 0 0 0 0 0 0 0 1 1 1 0 0 0 0 0 0 1 0 0 0 0 0 0 1 0 0 0 0 0 1 0 0 0 0 0 1 0 0 0 0 0 0 0 0 3 0 1 0 0 0 0 0 0 0 0 0 0 1 1 0 0 0 0 1 1 1 0 0 0 0 0 1 2 0 0 0 1 2 0 3 0 0 1 0 0 0 0 0 0 0 1 0 0 0 0 0 2 0 0
0 0 3 9 1 2 1 0 4 5 5 1 5 8 0 0 2 16 0 6 4 2 6 1 0 1 18 23 1 8 4 1 3 0 0 7 10 1 2 0 2 8 2 2 1 0 37 13 4 0 1 7 14 1 2 0 1 6 7 0 1 15 2 1 14 1 5 0 0 10 5 17 16 0 1 3 2 1 6 17 4 2 0 9 1 1 1 8 2 2 3 1 0 4 4 20 2 3 3 0
1 7 7 1 1 22 7 4 3 6 14 5 2 4 0 0 11 2 0 7 0 2 13 4 5 1 2 1 0 12 2 4 3 3 25 4 0 1 0 0 5 0 1 19 9 15 0 3 0 3 2 2 12 0 1 0 1 0 2 6 2 3 4 11 2 0 2 1 6 0 0 2 0 5 4 8 1 2 5 4 6 6 13 8 11 9 2 15 7 4 6 0 3 1 6 2 5 11 5 0
1 0 1 0 0 5 1 0 1 0 0 0 1 1 0 1 0 3 0 0 0 0 0 0 2 0 0 0 0 0 0 0 0 2 0 1 0 0 1 0 1 0 0 0 1 0 0 1 0 2 1 0 0 0 0 2 0 1 0 0 0 0 0 0 0 0 0 0 1 1 1 0 0 0 0 0 0 0 0 0 0 1 2 0 0 0 0 1 0 0 0 0 0 0 0 0 0 0 0 0
0 0 1 0 2 1 0 0 0 0 0 5 2 0 0 0 1 0 0 1 0 1 0 0 2 0 1 2 0 0 0 0 0 1 0 0 3 0 0 0 0 1 0 4 0 0 0 0 0 1 0 0 0 0 0 0 0 0 0 9 0 3 1 0 0 0 1 1 0 0 0 0 0 1 0 0 0 0 0 0 0 3 0 1 0 1 0 0 0 1 0 0 3 0 0 0 1 1 0 2
0 0 0 0 0 0 0 0 1 4 0 1 0 0 0 1 3 0 1 2 0 0 0 0 0 2 0 0 2 0 0 0 0 0 0 0 1 0 0 0 0 0 0 0 0 0 0 3 0 0 1 0 0 0 0 0 0 1 0 0 0 0 0 1 0 4 0 2 1 1 0 0 3 0 0 0 1 0 0 0 0 2 1 1 0 1 0 0 0 1 0 0 1 0 0 1 0 0 0 0
2 0 8 15 7 10 3 0 2 0 7 1 0 14 13 6 8 22 3 4 8 2 4 4 2 11 5 1 2 17 5 13 0 0 0 18 17 8 0 9 3 1 2 0 0 21 6 1 16 2 1 17 5 15 13 5 4 0 5 5 18 3 16 5 12 4 2 9 1 17 0 3 4 2 4 3 1 2 5 3 7 5 8 5 0 8 2 7 1 4 12 30 0 0 21 2 0 2 4 3
2 0 3 3 2 1 6 0 14 1 12 13 4 0 1 12 1 11 0 8 2 0 8 8 6 31 12 30 0 29 12 7 7 7 1 2 7 12 22 3 0 24 0 8 7 7 2 27 16 32 14 3 3 4 1 0 12 1 1 5 9 11 0 25 9 0 0 8 7 7 10 2 1 14 9 20 10 0 14 6 13 0 9 6 7 18 19 7 6 4 8 5 3 19 7 3 11 0 5 4
10 4 5 34 1 2 10 2 15 0 1 2 18 2 0 6 9 12 5 14 2 5 7 14 3 4 9 8 49 2 4 1 0 12 3 0 0 1 15 1 8 3 3 1 6 0 1 20 4 2 3 9 31 4 0 7 6 13 5 10 11 10 1 3 0 0 4 1 26 1 5 14 18 5 7 10 1 0 7 7 0 20 17 4 3 7 2 0 9 0 1 2 12 0 0 17 2 1 1 2
0 4 3 8 3 2 1 13 0 1 1 4 0 6 5 0 0 5 1 0 0 4 4 6 0 11 0 2 12 6 1 2 9 2 1 6 5 2 7 0 3 0 17 0 2 0 0 6 4 13 11 0 8 2 2 5 0 0 6 2 1 4 2 4 1 3 0 0 6 16 15 3 1 9 0 0 7 4 0 0 8 4 0 3 1 1 0 3 13 3 7 1 5 3 0 0 0 2 5 4
4 6 3 5 9 0 5 8 1 10 0 4 8 11 17 10 0 8 3 2 11 10 4 1 2 5 1 5 7 32 19 0 10 1 29 18 3 3 21 21 7 1 10 5 0 17 8 13 1 1 4 28 12 7 21 6 8 1 11 5 2 3 8 5 0 1 1 6 1 12 2 9 7 11 13 19 0 1 29 40 1 9 15 3 4 12 0 4 1 1 7 12 15 5 5 2 10 1 6 3
3 9 19 11 2 9 15 15 23 2 14 8 12 9 11 0 4 13 0 1 8 0 0 17 6 7 2 2 0 13 2 2 36 3 15 8 16 10 1 8 2 0 5 3 5 5 17 1 2 5 16 3 12 8 5 3 9 7 2 3 5 1 9 6 5 2 6 11 2 0 5 21 11 10 18 7 9 2 16 11 5 2 12 1 2 16 5 0 5 2 2 2 4 0 0 0 36 16 1 6
2 5 0 8 2 29 2 6 4 25 6 8 3 0 15 1 5 1 0 2 0 2 4 1 2 13 4 0 9 2 0 6 10 20 1 5 8 10 1 4 4 0 3 0 9 9 1 7 19 0 2 11 0 0 0 5 1 1 2 0 2 0 5 1 2 3 4 3 0 0 0 9 4 2 3 0 1 0 2 1 1 2 0 2 4 0 1 11 1 0 2 1 6 4 0 0 1 2 0 6
5 12 0 5 11 1 6 2 0 9 17 4 0 0 4 5 3 2 0 0 5 1 24 5 18 3 0 9 2 6 1 0 4 1 0 2 5 0 1 4 0 2 5 7 16 4 12 0 0 6 2 2 2 8 7 2 4 0 4 0 2 13 2 0 12 0 5 2 3 0 10 0 0 3 0 6 5 0 0 3 3 0 2 2 3 2 1 1 3 0 0 0 1 0 2 3 2 2 1 8
0 0 0 0 3 0 4 0 0 2 1 1 2 9 0 0 0 0 0 1 0 8 1 0 0 0 1 1 0 0 0 0 0 2 2 2 4 0 0 1 0 0 0 0 1 1 0 0 0 0 1 0 0 1 0 1 0 0 0 0 0 0 0 0 0 0 0 3 0 1 0 0 1 0 0 0 0 0 0 0 1 0 0 0 2 0 0 0 1 2 1 5 1 6 2 0 1 0 0 0
1 3 17 15 14 1 3 2 12 1 8 6 4 3 34 0 0 1 15 6 10 8 10 4 0 1 3 1 16 2 14 10 0 5 0 3 16 36 5 24 7 7 5 7 28 0 5 0 11 8 0 0 0 15 12 7 16 4 4 2 31 9 6 1 16 0 9 3 1 4 18 14 28 6 3 6 0 4 7 6 4 13 0 0 1 12 0 1 0 3 3 8 4 8 12 3 3 10 2 8
8 33 12 2 2 4 6 0 6 1 0 2 10 1 17 13 23 7 4 7 4 16 3 11 19 2 10 8 1 13 10 12 3 2 1 13 10 11 1 0 0 2 4 2 11 2 29 6 9 6 7 2 2 0 14 15 9 2 0 11 7 0 16 0 2 8 12 8 19 4 15 12 30 5 12 0 3 3 0 7 0 3 9 16 27 10 3 0 1 9 11 0 4 12 9 10 0 0 13 3
2 1 0 2 0 1 1 0 2 0 0 0 3 0 0 1 1 0 2 1 1 0 0 0 8 2 2 1 0 2 0 1 0 2 2 0 0 2 0 2 0 0 0 0 0 0 3 1 0 0 0 1 1 0 0 0 0 1 0 0 0 1 0 1 1 0 0 0 2 0 0 1 0 0 1 10 0 0 0 0 0 0 0 0 6 0 4 0 2 0 1 0 1 0 1 0 1 2 0 1
0 1 1 0 0 0 0 1 1 0 0 0 0 0 0 0 1 0 1 0 0 0 0 0 0 0 0 0 1 0 2 0 3 0 0 0 1 0 0 0 2 1 0 0 1 0 0 0 1 0 0 0 0 3 1 0 0 0 0 0 0 0 0 0 2 0 1 2 0 0 0 0 0 0 2 1 0 0 1 0 0 0 1 0 1 0 0 0 2 1 0 0 0 0 0 0 0 0 1 0
1 10 15 20 1 2 1 4 3 15 6 17 1 0 8 6 26 7 11 2 11 17 27 33 2 4 6 0 8 0 19 3 4 8 27 7 11 0 1 8 1 7 0 0 3 9 0 17 1 7 4 1 14 4 30 22 0 4 3 11 2 4 7 4 18 21 2 12 3 3 4 2 4 2 0 4 7 24 34 6 2 11 3 8 3 35 27 9 25 9 4 4 13 16 6 3 3 1 1 4
0 3 1 15 1 3 2 11 5 1 0 0 11 9 10 0 1 1 4 0 0 0 1 6 10 2 0 4 5 6 2 16 3 0 7 5 6 2 0 16 5 14 3 0 3 2 2 0 0 11 3 6 5 4 3 5 19 0 0 2 0 0 11 3 1 6 0 8 6 2 10 0 0 0 3 7 1 0 0 6 8 11 13 1 4 1 9 9 1 4 5 5 15 0 0 21 0 20 3 0
3 13 14 16 6 7 21 0 13 3 3 1 3 0 8 12 6 3 7 14 26 8 8 2 0 6 5 10 9 4 1 2 0 6 14 0 12 25 1 23 5 0 1 3 0 1 0 2 3 1 20 0 1 6 10 7 15 1 17 11 8 48 9 10 2 34 18 22 6 1 3 1 1 12 12 9 25 15 0 4 14 4 5 1 10 5 1 15 5 3 7 12 3 7 2 8 3 7 15 8
1 0 0 0 1 0 0 0 2 0 0 0 2 0 0 0 0 0 1 0 0 4 1 2 2 1 0 0 0 0 1 0 0 0 0 0 0 0 1 0 1 0 1 0 0 0 0 0 1 1 1 0 4 0 0 0 0 1 0 0 3 3 0 0 0 0 0 1 0 0 1 0 0 4 0 0 1 0 2 0 1 0 0 0 0 0 0 0 0 0 0 1 0 0 1 0 1 1 0 1
1 0 1 0 0 0 3 0 1 0 0 0 1 0 1 0 0 0 0 1 0 0 0 2 0 0 1 0 0 0 0 0 0 1 1 0 0 0 0 0 0 0 0 0 1 0 0 0 0 0 0 0 0 0 1 0 0 0 0 1 0 1 0 0 0 0 9 0 0 2 0 1 0 0 0 0 0 1 0 0 0 0 1 0 0 2 5 0 0 0 0 0 0 0 1 0 0 0 0 0
21 7 1 28 1 4 3 8 11 6 3 11 4 4 16 1 0 10 0 0 2 2 3 13 5 3 19 7 4 5 3 2 33 9 7 1 3 7 2 1 7 8 3 6 4 10 12 10 1 4 17 10 6 19 0 8 2 2 3 6 7 9 4 5 14 0 0 3 3 4 1 13 17 0 2 12 1 2 3 7 0 6 2 1 21 2 8 2 11 3 13 12 0 19 2 4 3 22 4 15
6 19 6 1 1 0 1 10 0 11 2 10 1 22 0 2 1 7 6 1 0 5 3 4 1 8 4 2 3 17 12 10 2 0 1 4 0 5 15 6 7 1 6 7 7 3 0 0 0 13 4 1 2 8 13 2 0 3 6 1 8 14 0 3 8 7 2 0 3 1 3 3 0 6 3 1 5 4 0 5 14 3 12 3 2 0 4 2 10 6 0 0 0 2 2 2 2 6 6 3
8 9 1 9 16 40 9 16 10 0 9 4 1 1 1 14 2 19 4 2 3 2 5 3 12 3 6 2 0 7 4 15 6 0 3 2 10 18 2 10 1 28 8 7 10 2 11 4 6 4 1 3 12 9 0 4 0 1 7 5 0 0 2 5 7 4 2 14 6 7 4 0 33 12 6 29 1 3 0 4 6 2 2 3 9 6 8 4 1 11 0 12 0 24 2 3 10 8 1 10
1 1 6 0 3 0 5 5 17 3 5 5 11 9 0 12 11 0 2 1 2 5 8 3 1 18 12 0 15 31 1 4 8 12 6 6 11 2 11 14 3 2 13 2 0 5 8 6 2 4 55 14 12 1 13 2 5 0 8 10 2 14 4 29 7 1 20 10 37 25 30 8 9 2 9 14 6 2 0 8 10 0 15 1 0 1 6 4 15 0 1 7 0 11 25 15 17 5 13 3
6 0 2 0 6 1 0 1 0 1 1 0 1 15 0 1 0 0 0 0 1 2 0 1 0 0 0 0 0 4 0 0 0 0 3 0 3 1 0 0 0 0 0 2 0 1 0 1 8 0 1 0 0 1 0 0 1 0 0 0 0 0 0 2 0 0 0 0 0 0 0 0 0 2 0 0 0 0 0 0 1 0 0 0 0 3 0 0 0 0 0 1 2 2 2 0 0 0 0 0
1 1 5 11 19 5 0 6 0 7 0 9 0 3 3 10 8 8 1 4 4 1 0 13 4 7 2 22 4 2 20 7 19 1 1 3 3 0 0 2 4 3 16 26 12 8 26 1 1 6 7 5 14 7 7 7 1 48 2 20 4 1 3 12 7 11 5 3 2 3 9 5 2 9 13 10 2 5 8 3 5 25 9 7 3 8 7 3 4 13 9 3 1 0 5 13 0 1 3 6
5 3 5 0 15 6 8 2 2 8 6 7 14 1 5 1 11 3 12 9 1 3 2 6 0 16 12 1 3 4 1 0 0 5 3 0 3 8 4 1 28 1 5 11 4 0 1 3 14 1 0 8 13 19 0 5 1 1 0 0 4 7 0 4 7 15 6 21 3 5 3 2 0 4 4 7 4 13 2 0 0 8 3 2 7 4 1 0 9 0 1 8 2 4 4 4 4 14 10 10
13 2 4 1 2 0 0 2 7 2 6 17 3 5 5 0 14 4 5 14 6 3 4 1 11 43 0 0 3 0 10 3 0 1 3 3 3 1 0 2 3 0 6 3 0 17 1 8 0 4 3 2 0 0 1 0 1 1 4 8 3 7 0 2 6 6 2 5 3 8 1 0 5 0 6 1 2 0 15 2 0 2 8 4 4 0 6 13 3 2 2 0 4 1 0 1 3 1 1 3
0 0 1 2 0 2 1 0 0 0 0 0 0 0 2 1 0 0 2 18 2 0 0 0 2 0 1 0 0 2 4 0 0 1 0 0 0 0 1 1 0 0 0 0 0 0 1 0 0 0 1 0 0 1 0 0 0 0 1 0 0 0 2 0 0 8 0 3 1 0 0 1 0 0 2 0 0 1 1 0 0 0 0 0 0 1 0 3 0 0 0 0 0 0 0 1 1 1 1 0
4 3 0 1 11 1 18 4 6 1 3 0 16 7 12 1 14 4 3 7 6 2 4 0 3 9 0 2 9 2 4 6 1 6 7 12 1 1 3 0 13 3 2 5 0 11 8 2 2 5 5 4 14 5 1 1 22 6 0 6 0 0 4 2 13 1 6 1 6 4 0 14 7 8 4 7 1 5 3 2 4 5 4 3 0 12 0 2 6 1 1 8 6 2 5 2 0 6 1 4
0 0 2 1 0 0 1 0 2 0 0 0 1 1 0 1 3 1 0 10 0 1 0 0 0 0 0 0 0 5 1 1 0 0 2 0 0 1 2 0 0 0 0 0 0 0 0 0 2 0 0 0 0 0 1 0 0 0 1 0 1 0 1 0 0 7 1 0 0 0 1 1 0 0 2 0 0 6 0 2 0 0 0 2 1 0 0 0 0 0 0 1 1 1 0 1 0 1 1 0
7 4 7 15 3 21 2 3 8 10 4 39 10 2 6 4 9 17 1 2 26 3 19 5 4 7 2 6 2 8 3 0 2 3 3 7 1 15 15 3 7 19 1 25 1 21 12 1 12 1 10 1 3 4 0 5 14 3 6 3 0 6 1 4 8 16 2 11 18 15 11 0 3 6 11 10 2 8 1 2 6 20 2 1 0 2 7 2 10 28 3 7 15 1 2 9 1 20 11 4
2 1 0 0 0 0 0 1 0 0 0 1 3 0 0 0 4 1 0 0 0 0 0 0 0 0 0 0 0 0 1 2 1 0 0 0 0 0 0 0 0 0 0 0 0 0 1 0 0 0 0 0 3 0 1 0 0 0 2 0 0 0 0 2 0 1 0 0 0 1 0 1 14 0 0 0 0 0 0 0 0 0 0 2 0 0 0 0 1 0 0 0 2 0 0 1 0 0 0 2
4 11 4 0 2 6 1 10 11 5 19 2 2 9 11 3 3 1 0 5 10 3 5 16 0 2 5 10 13 0 1 0 2 0 15 9 0 13 21 4 4 0 0 2 1 9 3 34 0 14 5 0 28 10 4 2 8 2 14 4 5 5 23 1 0 8 5 12 1 19 16 6 5 3 0 4 1 6 3 0 5 24 6 1 1 8 3 7 7 10 6 6 11 4 7 0 0 2 2 0
0 10 3 1 9 4 4 0 9 0 4 0 0 7 1 3 1 4 6 3 4 6 8 1 6 2 2 1 0 0 10 0 4 32 5 5 4 0 6 0 6 3 8 11 2 4 2 1 3 1 1 1 4 7 5 1 6 3 7 8 1 6 6 1 1 16 4 5 0 2 0 7 4 10 3 2 5 3 8 1 2 1 12 9 5 0 10 2 2 4 0 1 5 0 0 0 4 1 10 1
0 0 1 0 0 0 0 0 1 0 0 1 0 0 2 1 0 5 0 0 0 0 1 0 0 0 0 0 0 0 0 0 1 0 0 0 0 0 0 1 1 0 0 0 0 0 0 0 2 0 0 0 0 0 0 0 0 1 0 0 0 1 0 0 1 0 1 1 1 0 0 0 0 0 0 0 0 1 0 0 0 0 18 0 0 0 0 0 1 0 0 0 0 0 2 0 0 0 0 0
1 1 0 7 16 3 2 0 5 3 0 4 18 5 1 7 2 13 0 0 2 3 8 0 6 0 3 2 5 0 9 3 0 8 3 0 2 2 0 3 3 11 12 1 13 0 3 19 4 1 2 2 18 1 6 4 2 1 1 1 4 7 3 2 3 1 7 0 1 4 0 5 6 5 5 0 3 0 1 8 0 2 7 7 0 1 2 3 1 2 1 0 3 0 6 4 6 5 11 6
17 0 4 13 6 0 2 0 4 1 0 0 7 2 9 2 3 5 8 5 1 0 4 2 2 0 4 0 1 0 1 4 2 1 7 1 8 3 0 1 9 9 1 10 12 10 7 0 0 1 2 1 8 5 30 7 23 4 3 2 0 0 1 2 1 1 4 5 0 1 8 0 2 3 0 0 1 1 5 1 9 0 8 1 1 19 1 13 0 0 0 1 3 14 1 0 2 0 0 0
0 7 1 2 5 4 0 10 6 6 0 3 7 7 7 0 3 13 5 6 6 4 8 7 17 0 3 1 8 0 3 1 3 2 3 0 8 4 3 40 2 8 0 21 0 16 3 8 4 6 1 6 6 5 0 3 3 9 5 0 2 0 5 5 2 0 3 1 5 34 0 1 0 0 2 1 3 0 2 2 0 2 3 6 2 1 5 15 10 24 1 0 13 5 5 1 0 0 1 0
0 6 27 3 3 8 9 0 8 3 11 8 4 7 2 9 4 8 4 7 9 0 11 41 7 3 8 9 2 0 4 5 9 11 0 4 0 6 8 17 4 7 0 3 19 6 3 8 2 38 3 4 16 11 14 2 3 3 2 19 3 0 8 1 0 0 18 6 3 0 2 1 0 4 2 0 1 0 8 13 5 7 5 1 17 5 7 21 12 12 13 8 6 13 2 1 12 19 4 16
2 4 6 0 7 20 6 5 1 2 3 30 3 2 0 1 2 28 0 27 8 3 0 0 15 0 0 14 0 18 8 0 4 2 11 1 5 2 11 4 26 2 4 12 16 13 4 18 0 19 27 19 12 5 1 1 0 2 1 3 0 1 3 7 23 4 9 0 0 0 0 21 0 6 19 0 6 28 30 0 9 1 1 0 7 0 17 18 4 2 6 2 27 15 16 13 8 2 0 1
0 1 0 0 0 2 1 0 0 2 0 0 0 4 0 1 0 1 1 1 1 5 1 0 0 1 2 0 0 2 0 7 0 1 1 0 3 0 0 1 2 0 0 1 0 0 1 0 0 0 0 0 0 0 1 1 0 0 1 0 0 0 0 0 0 1 0 0 1 0 0 0 0 0 0 0 0 0 0 0 0 0 0 0 1 0 3 0 0 0 0 0 0 2 1 0 0 0 1 2
3 1 6 7 3 15 0 0 0 9 7 7 1 4 0 6 7 2 2 2 3 1 11 11 0 5 4 10 12 4 4 4 2 0 0 10 17 4 0 1 3 0 0 0 2 6 4 2 0 3 6 1 1 5 8 8 0 1 2 9 0 0 6 7 3 0 1 6 0 5 2 7 1 1 7 0 6 14 8 1 2 3 7 10 14 0 9 2 13 2 2 9 2 3 8 2 7 1 1 22
6 11 3 3 5 5 2 1 0 3 5 1 2 3 0 2 6 1 0 5 1 2 5 0 8 11 0 0 7 0 3 1 10 0 2 6 10 2 0 7 2 7 4 8 14 0 2 0 0 2 7 3 5 2 1 2 2 0 0 12 4 0 3 4 7 0 10 6 13 5 4 2 1 0 0 2 8 5 5 0 5 0 6 9 6 2 2 7 5 1 4 0 3 19 0 2 1 3 1 9
0 2 0 0 0 1 11 0 0 1 1 1 0 0 1 0 1 0 0 2 0 1 2 0 0 0 0 0 0 0 2 0 0 0 0 1 0 1 0 0 0 0 1 3 0 0 0 0 5 0 0 0 1 0 0 1 1 2 0 0 0 1 0 0 0 0 1 3 0 2 0 0 1 0 0 0 0 0 0 0 0 0 0 0 0 1 0 0 1 0 2 0 0 0 0 0 2 2 0 0
6 5 0 5 3 0 17 8 4 2 10 2 2 0 1 1 0 7 4 0 0 1 18 1 18 0 0 5 3 5 0 4 0 0 0 1 2 2 3 1 4 17 0 9 1 12 1 3 0 4 1 2 0 5 0 3 1 1 4 2 4 0 10 2 0 0 6 0 4 2 3 3 0 11 1 3 17 28 2 7 2 5 1 2 4 0 1 3 1 9 11 9 3 1 12 5 1 3 0 5
4 3 5 17 11 3 0 8 5 8 9 0 11 1 9 22 10 11 2 9 2 1 15 14 5 8 3 12 6 3 3 3 7 3 1 2 3 13 0 0 0 1 14 11 1 17 3 2 9 18 3 2 3 0 0 4 13 2 6 7 0 1 35 20 11 13 3 13 10 11 3 0 2 19 4 4 8 12 3 7 0 19 8 13 0 0 51 4 0 6 0 2 0 0 16 0 4 4 3 3
1 11 2 11 21 3 0 1 13 6 20 4 1 0 1 0 0 6 19 7 1 0 2 3 1 1 3 4 0 7 0 11 15 8 9 4 0 1 3 3 0 2 3 7 7 4 5 1 5 0 9 0 1 5 0 0 11 3 2 5 5 7 3 1 0 0 7 2 6 2 12 2 2 8 2 2 0 0 14 1 6 9 4 1 7 28 2 2 2 3 9 5 4 0 1 1 1 10 2 16
0 0 0 0 0 1 1 0 0 6 0 0 0 2 3 0 3 1 0 0 0 0 0 0 0 5 0 0 0 1 0 4 0 0 4 0 14 1 0 0 0 1 0 0 0 0 0 0 0 1 1 0 1 1 1 0 0 0 1 0 0 0 0 0 0 0 0 0 0 0 0 3 0 1 0 1 0 0 0 0 1 0 0 0 0 0 2 0 2 1 0 13 0 2 1 1 0 0 1 0
0 2 2 2 7 0 2 2 2 6 0 4 3 5 0 0 1 18 4 2 8 9 12 8 5 7 17 6 5 15 0 1 1 12 1 0 1 4 7 1 2 3 5 2 0 2 1 2 0 1 3 22 3 2 7 12 2 1 5 0 4 14 0 5 1 4 11 0 6 6 0 0 3 1 3 6 1 6 1 4 1 9 1 3 14 2 4 1 12 0 3 5 2 0 5 1 0 3 3 4
6 4 0 0 2 0 7 20 17 5 5 7 6 11 1 3 3 11 1 22 12 0 15 7 4 0 4 6 0 5 10 14 0 7 5 9 25 1 3 0 18 2 6 24 1 6 5 17 10 4 0 1 17 2 9 3 21 1 7 2 10 4 3 17 8 3 7 28 7 0 0 5 5 37 4 5 3 4 16 0 11 3 3 1 11 2 6 10 14 0 3 17 9 2 16 6 5 5 10 0
1 11 6 21 1 1 5 7 5 0 7 12 1 16 1 9 1 1 9 7 5 3 8 1 13 4 4 0 0 17 32 2 15 23 12 0 0 6 0 15 7 2 4 6 6 7 2 28 4 0 4 11 0 2 7 8 2 0 6 0 4 2 4 11 0 3 15 2 3 14 0 10 2 0 15 35 0 11 6 17 17 0 18 4 11 5 8 9 0 8 8 1 7 10 3 1 4 2 4 4
