3 0 1 4 3 30 12 1 3 1 8 2 0 38 2 7 1 8 2 3 1 19 4 18 0 24 0 14 0 11 7 0 12 7 9 18 12 4 22 14 7 1 9 13 5 12 2 19 6 20 3 6 37 30 24 4 1 11 2 6 14 3 4 10 14 10 0 6 2 2 3 18 19 18 2 7 0 18 4 12 2 5 20 7 10 7 3 3 20 5 7 1 3 9 3 0 41 4 4 0
13 3 7 14 4 24 1 8 6 3 0 7 8 3 0 23 10 9 0 6 31 5 18 10 14 7 3 18 15 4 6 4 3 5 2 0 8 0 21 1 2 8 26 9 8 8 5 5 0 3 3 0 24 4 2 7 24 4 0 14 0 28 6 6 6 8 3 1 31 9 3 17 7 2 0 2 9 15 3 4 1 1 40 2 9 6 6 10 0 4 6 3 6 11 3 0 2 4 19 8
46 6 17 4 22 11 15 13 30 4 0 2 4 3 2 1 8 13 0 22 16 0 2 3 7 1 14 4 14 3 4 4 5 5 13 15 12 1 17 2 13 11 27 0 3 2 3 5 12 28 6 16 23 7 3 3 9 2 2 0 4 14 8 25 13 5 4 11 5 11 0 0 12 2 8 0 5 0 3 2 6 20 3 2 16 7 13 6 8 8 2 1 17 10 9 1 1 11 2 2
0 3 1 0 1 0 0 0 1 0 2 0 0 0 0 0 0 0 1 0 0 0 0 0 0 0 0 0 1 0 2 0 0 0 0 0 1 0 0 2 2 0 3 0 0 0 0 0 0 0 1 0 0 0 0 0 1 0 1 0 0 0 0 0 1 0 1 0 0 0 0 1 0 0 0 1 0 0 0 1 0 0 0 1 0 0 0 0 0 0 0 1 0 4 12 0 0 0 0 1
1 1 0 2 0 20 24 10 5 7 22 4 8 8 14 7 1 7 2 4 0 4 4 8 6 11 7 12 3 5 31 11 0 2 24 1 5 24 7 20 6 3 4 1 19 10 11 1 6 14 1 15 1 1 22 5 6 28 18 7 7 7 0 1 0 24 9 2 13 2 7 5 1 13 1 8 4 0 2 2 33 3 0 14 3 16 11 1 2 1 31 3 9 13 4 2 15 9 0 11
0 0 0 1 3 1 1 2 5 5 8 1 11 13 2 4 4 4 0 0 0 3 10 2 9 9 4 3 7 1 2 3 10 3 0 1 1 3 1 1 2 1 1 1 4 2 4 1 4 45 12 5 3 1 8 1 1 4 2 5 2 5 2 2 4 18 1 6 6 1 11 4 3 4 8 2 0 6 9 4 10 2 0 1 3 1 5 12 0 1 1 6 1 3 1 0 1 10 7 0
0 0 0 0 2 0 0 0 0 0 0 0 2 1 0 0 1 1 1 2 0 0 0 0 0 0 0 5 1 0 1 0 0 0 0 7 0 0 0 0 0 2 0 0 1 0 0 2 0 0 0 0 2 0 0 0 0 3 1 7 0 0 0 0 0 0 0 0 0 0 0 1 1 0 0 0 0 0 0 0 1 0 0 0 0 0 0 0 0 0 1 0 0 0 0 0 1 0 0 0
0 6 12 1 2 5 0 2 1 6 1 1 2 3 3 17 4 8 5 0 13 2 2 8 0 2 5 28 2 5 10 12 1 4 1 0 3 2 8 1 2 0 0 2 0 1 3 0 8 5 6 3 1 3 2 1 11 12 7 8 28 0 0 17 1 1 1 2 0 1 1 1 2 0 7 4 5 6 0 5 5 1 2 7 3 6 9 0 1 2 5 8 2 4 0 1 2 12 1 0
0 0 0 2 0 3 0 0 0 0 0 0 1 0 2 3 1 0 0 0 0 2 2 0 1 1 0 0 0 1 3 1 0 0 0 0 1 0 0 1 0 0 0 1 1 2 0 0 0 3 0 0 0 0 0 0 0 0 0 0 0 3 0 1 0 0 0 4 0 2 0 0 2 0 0 0 1 0 1 0 0 0 0 0 1 0 1 0 0 2 0 0 0 0 2 0 0 0 0 0
1 1 1 1 2 0 0 1 1 0 0 0 0 0 1 2 0 0 0 0 0 0 2 0 0 0 0 0 0 2 0 0 0 0 0 0 0 0 0 2 0 2 2 0 0 0 0 1 0 1 1 1 0 0 0 0 1 0 0 0 0 0 1 0 0 0 0 1 0 0 0 0 0 0 2 0 0 1 0 1 1 0 0 0 1 0 2 0 0 0 0 1 4 0 2 2 5 0 0 0
2 0 15 0 0 0 21 12 1 4 3 7 1 8 7 6 3 5 0 2 1 4 6 7 9 12 17 1 1 8 3 1 11 9 13 14 3 1 3 2 4 7 6 13 3 4 8 1 6 10 9 9 4 1 2 7 0 8 13 5 0 13 7 13 3 2 30 11 9 7 0 8 2 3 4 4 3 29 9 8 12 8 4 4 2 3 3 21 3 2 3 16 18 1 1 10 7 10 0 1
11 3 3 0 0 6 0 13 1 0 7 3 3 2 39 19 16 8 4 15 7 0 16 35 1 14 8 11 2 3 7 13 12 1 1 6 2 1 5 0 8 9 15 14 5 13 3 5 85 6 5 10 9 3 5 1 1 6 0 10 3 7 0 8 1 32 2 7 9 22 27 7 9 3 11 13 3 4 5 26 1 3 3 1 17 0 14 6 1 1 24 10 4 0 13 9 7 3 10 25
1 15 0 0 0 0 0 0 0 0 5 0 0 0 1 1 0 2 0 0 0 0 1 1 0 0 1 0 2 0 0 0 0 0 0 0 0 0 0 1 1 0 2 0 0 0 0 0 0 0 2 1 0 0 0 0 2 0 8 0 0 5 0 0 0 0 0 0 0 0 0 1 0 2 0 2 0 3 1 1 1 0 0 0 0 1 0 2 0 0 3 2 0 0 0 0 0 0 1 2
0 17 3 1 5 10 16 2 0 6 1 1 0 2 3 5 0 0 2 0 0 0 1 0 1 3 0 7 2 5 15 0 9 0 2 8 11 0 13 10 6 7 0 10 1 3 2 5 7 9 2 6 3 0 1 2 2 3 0 0 5 0 7 3 13 3 0 4 0 1 0 7 0 1 4 14 0 1 8 2 0 5 1 17 0 2 0 13 3 0 0 4 0 5 1 8 0 6 0 0
9 2 0 10 8 7 20 5 6 14 13 4 3 12 25 7 11 3 0 5 23 2 14 0 14 4 8 1 5 1 0 6 5 10 2 15 5 6 16 25 0 8 15 0 5 4 2 1 8 7 2 12 12 7 1 8 11 10 0 12 6 13 3 14 6 3 29 0 1 10 2 2 2 4 5 3 1 8 2 8 21 17 13 9 26 38 1 0 6 28 5 3 6 8 4 0 1 7 2 0
0 16 0 0 0 0 0 0 0 1 1 0 0 0 0 0 1 0 0 0 0 0 0 0 0 0 0 0 0 0 0 0 0 2 1 1 0 0 0 0 0 0 0 0 0 0 0 0 2 0 0 1 3 0 0 0 0 0 0 0 0 1 1 0 0 0 1 0 0 0 3 1 0 0 2 0 3 0 0 2 0 0 0 0 0 0 0 0 0 0 0 0 0 0 0 0 1 0 0 15
0 1 0 0 0 0 1 0 0 1 2 0 0 0 0 0 0 0 2 1 0 1 0 1 0 0 0 0 0 0 0 0 0 3 0 0 1 0 1 0 0 0 0 2 0 0 0 1 1 0 0 0 0 0 0 3 0 0 1 0 0 3 0 0 1 0 0 1 0 0 0 2 3 0 0 0 0 5 0 2 0 0 1 0 0 0 0 1 0 1 6 0 1 3 0 0 0 0 1 3
0 1 0 0 0 0 0 0 0 0 0 0 2 0 0 1 1 1 0 1 2 0 2 0 0 0 0 0 0 2 1 0 0 0 0 1 0 0 0 0 0 2 1 0 2 0 0 0 0 0 1 0 0 0 1 0 0 0 0 1 0 0 0 4 0 0 0 0 2 0 0 1 0 0 0 0 0 0 0 1 0 1 1 0 7 2 5 0 0 0 0 0 0 0 3 0 1 1 0 0
3 10 14 0 9 1 6 4 22 16 10 10 0 0 19 9 71 3 7 5 12 7 15 10 21 19 26 7 14 23 3 8 4 11 12 2 3 4 12 2 0 4 1 2 8 26 12 3 11 2 3 0 8 8 10 4 1 0 5 6 4 3 22 37 21 5 19 5 25 6 8 4 7 4 3 27 2 2 20 3 22 3 15 0 3 17 19 4 1 18 11 25 16 11 7 2 15 9 8 5
0 1 0 0 0 1 0 0 0 3 0 2 0 0 0 0 0 1 0 0 0 0 0 4 0 0 0 6 0 0 0 0 1 0 1 0 0 1 0 1 1 1 0 0 0 6 0 0 0 2 0 1 0 2 0 0 2 0 10 1 0 1 0 0 0 0 0 0 0 0 1 1 0 0 1 0 1 0 0 0 2 1 0 0 0 2 0 1 0 0 5 0 0 2 0 0 0 0 0 1
0 0 0 0 0 1 0 0 0 0 0 0 0 0 0 1 0 0 0 0 0 0 2 0 0 1 0 0 0 3 0 0 0 0 0 0 0 0 0 0 0 0 0 0 0 0 2 0 0 1 0 0 0 0 0 0 0 0 0 1 0 1 0 0 0 0 2 1 0 1 0 1 0 0 1 1 0 0 0 4 2 2 1 0 0 0 0 0 0 2 1 0 1 0 0 2 2 15 0 0
10 0 9 1 2 4 0 0 9 1 6 11 1 1 7 0 2 3 2 21 12 5 7 0 0 4 1 5 0 0 1 3 7 2 1 0 7 0 1 3 10 2 5 0 0 1 1 1 10 12 1 6 3 7 12 2 12 2 0 0 4 0 7 7 5 0 1 9 1 2 0 6 1 2 0 3 1 2 5 2 2 2 0 2 4 6 0 6 1 1 0 0 6 9 2 10 0 0 4 0
1 0 0 1 0 0 0 0 0 0 0 0 1 0 1 0 0 0 0 0 0 0 0 0 0 0 1 0 0 0 0 0 3 0 0 0 1 0 0 0 0 0 1 0 1 1 0 2 1 0 0 0 0 0 3 2 0 0 0 0 0 0 0 0 0 0 0 0 2 0 2 0 0 1 0 1 1 0 0 1 0 0 1 0 1 0 1 1 0 0 0 1 2 0 0 0 0 0 2 0
0 4 0 24 5 0 0 5 4 5 2 0 0 1 5 8 0 3 0 3 0 6 7 0 0 0 3 4 0 5 0 3 4 18 2 0 8 5 1 0 7 0 0 9 4 0 1 2 0 5 4 2 4 3 5 7 1 13 8 1 0 0 1 4 0 2 5 23 7 4 1 5 3 13 3 4 12 4 9 3 0 4 5 0 3 12 2 1 32 7 1 3 3 8 11 3 8 2 0 14
0 4 0 4 14 0 3 1 0 7 13 20 4 11 1 0 3 1 1 2 5 6 1 0 10 3 0 5 2 0 2 25 1 4 15 16 5 0 14 0 1 0 1 24 0 4 0 0 0 0 1 2 1 10 0 2 0 0 1 6 12 8 1 5 0 0 12 5 1 1 4 7 0 3 0 3 2 4 2 0 0 2 1 6 0 0 11 13 1 1 1 16 0 1 8 6 0 6 0 2
0 3 0 0 2 0 0 0 0 0 0 0 0 0 13 1 0 0 3 0 0 0 0 0 0 0 0 1 1 0 0 0 1 0 0 0 0 0 0 0 0 0 0 1 0 13 0 0 0 0 0 0 0 0 0 1 2 1 1 1 1 0 0 1 0 0 0 0 0 0 0 0 0 1 0 0 0 0 0 0 0 0 0 0 0 2 0 2 0 0 0 12 0 8 0 0 0 1 0 0
2 25 4 6 1 8 0 0 15 27 0 1 5 0 0 3 13 12 4 7 0 7 0 2 3 10 3 4 0 2 13 6 3 0 13 2 3 3 25 8 4 8 6 9 16 10 2 3 15 4 11 22 1 5 0 2 3 0 3 7 7 4 12 10 0 3 7 10 0 5 6 14 0 29 19 16 18 19 1 2 2 7 3 15 18 15 18 28 2 8 6 7 5 1 6 3 20 1 15 4
3 6 3 13 29 10 15 3 1 4 0 0 1 1 31 0 1 3 20 6 6 8 7 10 3 3 3 17 1 1 7 1 5 10 27 29 6 1 18 16 6 0 0 1 1 4 0 6 34 6 3 37 0 0 12 4 17 1 2 5 14 5 6 18 4 11 5 4 0 20 19 6 13 31 0 3 13 24 6 8 1 5 7 28 21 0 3 0 31 5 14 5 0 0 8 1 1 8 0 4
6 3 6 8 37 11 0 8 19 0 2 15 15 0 1 1 8 3 0 6 16 0 6 1 5 2 10 7 12 2 0 2 13 0 6 0 6 10 3 3 0 2 2 2 3 0 10 3 3 0 18 0 5 12 1 0 1 6 2 3 2 3 0 9 4 3 8 5 9 2 9 2 1 6 3 0 3 0 3 0 6 16 0 7 3 0 3 2 5 6 6 6 2 0 2 3 2 0 3 5
0 7 0 4 1 9 18 1 5 1 1 6 1 3 0 0 6 1 1 6 3 1 0 0 5 7 14 3 1 2 2 7 11 6 5 2 6 3 6 0 8 4 4 1 0 15 4 1 0 1 0 2 1 2 2 3 2 3 2 2 6 0 2 5 0 3 1 7 9 0 9 3 2 11 13 2 5 0 7 0 11 7 6 4 0 5 6 2 6 1 3 9 3 1 5 3 6 0 3 12
0 1 0 0 0 0 1 0 0 1 2 0 0 2 0 1 1 0 0 0 0 0 0 0 1 0 0 1 0 0 0 1 3 1 0 2 1 3 0 0 0 0 0 0 0 2 1 1 0 0 0 0 4 0 0 0 0 0 0 2 3 2 0 1 0 1 1 0 0 0 1 1 0 0 0 0 0 2 0 0 0 0 0 0 0 0 1 0 0 1 0 1 1 0 1 0 0 0 0 0
0 0 3 0 9 0 1 0 3 0 2 2 0 1 6 1 4 6 2 10 6 3 3 1 0 0 1 1 10 0 0 13 3 4 7 10 2 2 8 8 10 5 0 0 6 0 15 8 0 0 13 0 0 2 3 14 0 0 4 1 0 4 2 0 4 2 2 26 2 10 0 10 3 2 0 1 14 6 1 6 1 0 2 0 3 8 7 9 4 9 4 7 19 0 7 0 2 3 1 2
12 1 9 3 1 2 6 13 0 1 6 1 4 1 7 6 8 1 0 6 1 8 7 3 2 1 6 4 4 1 4 2 1 0 3 11 0 1 6 2 4 3 6 0 7 7 0 2 11 3 1 2 5 3 2 6 0 1 0 5 1 3 0 0 0 0 6 0 5 1 9 0 3 3 0 0 6 17 6 1 3 2 7 5 4 2 0 1 4 7 4 4 0 1 8 0 2 1 0 6
1 7 0 1 5 14 1 3 16 16 9 25 6 0 8 10 8 0 16 9 3 29 2 4 9 16 0 11 1 0 1 1 27 0 16 18 2 3 16 0 2 16 1 0 31 0 8 24 10 8 5 2 33 1 2 20 4 2 5 9 0 1 11 1 8 9 34 7 3 0 5 9 0 4 7 12 11 0 5 0 12 0 13 13 6 3 14 23 2 15 1 9 34 4 6 16 2 21 4 3
2 7 6 1 5 3 7 2 1 8 10 3 3 18 4 18 5 20 2 4 2 3 0 8 4 8 12 14 3 4 4 5 4 6 0 15 9 9 4 18 4 17 2 12 25 26 18 34 6 3 14 5 1 11 25 0 8 3 7 4 10 11 1 5 0 3 10 2 10 12 5 17 1 2 6 3 0 0 9 13 3 1 5 16 1 1 8 13 2 2 5 8 3 1 1 1 0 21 7 14
0 0 1 0 0 4 12 6 5 1 0 1 8 2 0 2 2 0 0 3 6 0 0 0 7 0 0 6 5 0 0 2 7 0 2 10 1 3 5 4 2 0 3 0 0 5 9 7 0 2 0 3 2 14 5 0 7 3 2 9 7 5 3 5 0 2 1 5 3 13 0 9 2 4 3 0 7 0 10 4 0 0 1 2 1 18 6 0 3 12 1 3 3 2 5 0 1 3 6 1
1 3 0 0 13 0 2 2 0 0 0 3 11 2 2 0 2 4 4 1 0 1 0 0 9 3 3 15 13 0 0 4 1 6 2 0 5 6 0 0 3 2 1 1 18 0 1 0 0 1 3 1 0 6 1 14 3 8 1 2 1 0 0 4 8 10 0 1 0 20 0 0 0 0 0 2 13 5 0 6 0 0 6 1 0 0 4 2 8 4 3 3 5 21 0 3 5 15 2 6
0 0 0 0 0 0 0 0 0 0 0 0 0 0 0 0 0 0 0 0 6 0 0 0 0 7 0 0 0 0 0 0 1 0 0 0 0 0 1 1 0 0 0 0 2 0 0 0 0 0 1 0 0 0 0 0 0 1 0 1 1 0 0 0 0 1 0 3 0 1 1 1 0 0 0 1 0 0 0 0 0 0 0 2 0 0 2 0 0 0 1 0 0 0 0 0 0 1 0 0
19 13 3 5 5 4 0 0 6 0 3 1 10 8 2 22 5 5 16 5 1 10 18 2 5 1 1 2 2 3 0 9 1 1 1 1 3 5 9 18 8 4 2 10 8 2 60 7 4 9 12 16 5 1 2 4 2 3 10 4 25 12 3 8 4 3 6 14 15 5 2 12 2 1 14 3 2 0 5 3 7 5 17 2 10 3 4 7 2 1 4 7 4 4 1 7 0 1 0 0
0 0 1 0 0 0 0 0 1 0 0 0 0 2 0 0 0 0 0 0 0 0 1 0 0 0 0 0 0 0 0 0 3 3 1 0 0 0 1 1 0 0 0 0 1 0 1 0 0 1 0 0 0 1 0 0 0 0 0 0 0 1 0 0 0 0 1 0 0 1 0 0 0 0 0 0 1 0 0 0 2 0 0 0 0 0 0 1 1 0 0 0 1 0 0 0 12 2 0 0
13 8 2 0 12 18 8 0 2 2 37 7 5 4 0 7 3 0 4 12 10 7 16 11 0 1 1 24 2 15 4 3 3 3 1 6 29 0 14 7 8 3 1 1 9 4 7 3 7 0 12 10 6 24 0 3 4 9 36 8 4 18 5 1 3 0 1 5 3 5 2 2 12 2 20 8 2 20 4 3 9 4 4 8 5 1 5 0 6 2 10 16 5 1 22 2 1 0 6 7
0 6 4 0 10 2 2 0 7 0 1 5 0 5 1 10 5 2 10 5 16 1 6 8 9 4 0 5 0 1 3 2 0 0 1 5 7 1 1 0 2 5 0 0 9 5 1 3 0 9 1 5 4 0 3 3 3 0 2 7 4 2 0 4 20 2 8 1 8 3 5 4 0 21 1 1 0 0 6 3 2 14 18 4 0 0 0 3 4 2 6 6 13 5 3 12 2 0 7 0
2 3 2 2 2 1 3 0 2 4 3 0 1 0 2 7 1 3 9 9 0 3 3 0 3 1 2 1 6 4 2 1 4 1 3 1 7 4 0 0 0 8 6 0 9 0 10 9 5 0 1 5 10 0 0 19 1 5 3 6 3 1 2 0 2 0 0 4 13 5 3 2 0 3 5 12 2 2 3 11 1 6 0 3 5 1 8 1 5 2 5 0 5 0 2 1 1 1 1 3
0 1 0 0 2 1 1 0 0 0 2 0 0 0 0 1 0 0 0 0 0 0 0 0 4 2 2 2 0 0 1 0 1 2 1 0 0 1 1 0 0 0 1 0 0 1 1 0 0 0 0 0 1 0 1 2 0 0 0 1 0 0 7 0 1 1 1 1 0 1 0 0 0 1 4 0 0 0 1 0 1 1 0 1 0 0 0 0 0 0 0 0 1 1 0 1 0 0 0 0
2 1 1 3 1 2 3 1 2 2 1 0 7 2 25 0 4 1 0 9 0 3 0 0 6 1 7 0 0 19 19 5 7 2 0 4 20 8 3 7 4 1 3 5 16 23 1 0 11 0 31 7 0 1 2 0 0 1 1 0 5 5 4 0 3 11 2 14 0 3 3 0 2 3 9 1 0 7 3 6 3 0 5 3 5 1 0 4 1 4 1 4 3 2 1 1 0 1 6 5
11 0 1 9 16 9 2 7 2 9 4 14 7 4 1 0 1 8 1 17 4 2 8 7 5 1 2 2 4 11 3 4 0 5 1 7 2 11 3 1 3 6 0 7 9 0 2 10 1 6 9 1 4 9 6 0 2 9 4 9 8 5 3 19 1 10 2 0 4 12 2 5 1 14 0 1 3 6 1 4 0 1 6 1 2 0 1 3 24 3 0 1 0 11 0 15 5 1 0 3
0 0 0 3 1 0 0 1 0 0 0 2 1 1 0 0 0 0 1 1 0 0 0 0 0 0 0 1 0 0 1 0 0 0 0 0 0 0 0 3 3 0 1 0 0 1 0 0 0 0 1 0 0 0 1 1 0 1 0 0 1 0 0 0 0 0 0 0 0 0 0 3 0 0 0 1 1 0 0 0 0 0 0 3 5 2 0 2 0 0 0 1 0 0 1 0 1 0 0 1
3 0 0 17 10 30 2 1 8 16 0 6 0 17 12 3 5 3 7 4 23 4 7 4 1 10 44 7 10 3 0 6 6 2 0 7 9 4 26 6 24 9 0 2 5 45 1 1 13 2 7 8 4 0 6 2 3 4 19 4 5 3 5 7 7 6 2 3 3 0 0 0 14 4 0 4 8 10 3 13 0 66 0 2 4 12 2 7 7 3 7 6 9 6 4 15 3 6 1 5
29 9 6 25 8 3 2 7 9 0 1 4 4 1 4 0 6 15 0 9 3 4 3 1 1 7 0 12 13 4 0 2 2 6 3 7 2 6 22 2 1 0 2 8 6 32 7 1 31 7 1 5 22 3 28 0 5 4 9 2 13 2 2 2 2 0 5 0 1 3 36 2 6 4 13 2 4 3 10 0 0 5 1 14 10 3 11 6 2 0 11 3 4 11 4 6 5 13 2 4
0 0 1 0 0 1 0 0 2 2 7 0 1 2 0 0 1 0 1 0 0 1 0 0 0 0 0 0 0 1 0 1 0 0 0 0 3 0 0 1 0 0 0 0 0 0 0 1 1 1 0 0 2 0 0 0 0 0 2 0 0 10 0 1 1 1 0 2 2 0 1 0 0 1 1 2 1 1 0 0 0 0 1 0 1 1 0 1 1 2 2 0 3 0 0 0 0 0 0 6
0 0 5 10 0 3 7 10 0 13 14 13 19 8 4 8 3 1 6 5 3 1 6 1 0 3 7 21 4 8 1 5 1 3 7 6 2 3 6 0 1 8 5 0 14 3 5 0 4 8 2 3 0 0 0 0 3 11 0 2 1 3 3 4 5 0 1 5 0 6 3 6 2 0 2 5 6 8 6 1 4 12 1 3 0 2 5 0 0 0 5 0 2 15 2 5 0 8 2 2
25 12 25 0 6 0 8 4 2 28 7 2 1 4 2 3 6 19 4 7 1 12 1 25 2 4 2 0 20 5 2 5 23 0 1 9 16 6 7 0 14 12 11 6 9 11 0 15 3 2 0 10 30 15 6 17 22 5 6 10 5 3 6 6 7 0 6 17 3 0 6 0 4 1 1 15 20 1 0 8 0 14 5 16 12 0 1 2 6 14 10 7 1 20 16 13 0 8 1 6
10 9 0 3 16 1 5 3 7 6 1 6 0 4 2 5 2 10 23 2 1 6 1 4 1 2 1 4 12 14 19 6 3 1 0 2 11 0 7 2 2 0 11 12 3 1 2 4 11 1 7 3 5 8 12 3 4 1 5 8 41 2 2 1 4 5 7 7 1 8 5 21 4 4 8 0 13 19 1 0 9 6 2 0 14 3 7 20 6 4 8 10 12 26 1 0 7 4 1 8
0 3 15 6 4 12 4 7 14 8 0 4 4 3 9 23 5 1 2 31 18 11 26 4 1 20 0 1 10 24 3 10 25 13 2 23 21 7 23 5 5 1 0 18 0 9 5 19 6 33 1 5 5 4 7 9 15 10 15 4 3 2 4 5 1 9 21 2 1 8 0 27 13 1 3 3 13 4 12 0 12 7 0 22 1 9 0 16 14 10 7 5 8 1 6 23 6 11 0 1
9 1 0 4 6 18 13 2 0 0 0 2 3 0 7 1 4 2 1 11 0 0 0 0 5 0 9 2 3 1 2 1 1 2 22 8 3 1 8 2 3 7 1 5 0 1 33 9 5 7 9 1 1 9 3 4 0 8 0 3 7 0 1 3 0 2 3 2 6 0 0 1 9 5 0 4 5 5 4 0 5 6 2 0 3 0 19 8 11 2 0 17 1 2 2 22 0 2 6 0
0 26 0 0 2 12 29 3 0 23 31 6 12 11 3 2 7 17 17 3 2 4 8 0 4 15 16 6 15 1 1 11 5 9 6 3 1 6 1 5 12 1 23 4 6 1 13 7 15 5 1 29 7 3 0 6 0 10 13 1 0 24 0 11 5 13 8 7 6 14 1 2 2 5 19 8 1 8 16 2 3 0 3 6 9 10 25 3 0 18 0 1 1 2 0 0 3 1 1 4
35 6 19 23 0 21 22 10 1 6 3 3 0 6 11 5 9 30 1 19 18 0 23 6 13 4 1 1 21 5 5 0 2 6 2 2 3 5 1 3 10 5 7 0 1 15 2 1 7 5 23 6 7 0 2 12 17 11 6 0 40 3 8 2 10 3 0 4 5 0 1 21 4 16 23 18 18 1 11 3 7 4 1 7 4 12 0 5 4 9 6 6 11 3 10 8 5 0 4 2
4 3 2 4 8 8 4 0 10 6 0 0 3 10 0 2 2 3 9 0 0 8 0 11 10 1 8 2 1 1 16 0 2 2 1 3 3 0 0 1 7 1 1 2 0 2 2 2 1 13 5 3 0 2 0 1 2 6 6 2 1 0 2 1 3 8 7 6 7 3 0 1 1 0 0 1 22 12 9 0 5 0 0 8 12 0 0 4 2 2 1 0 3 0 4 9 5 4 2 2
3 6 4 8 4 3 1 5 0 3 4 7 3 1 1 1 5 2 0 0 2 3 0 2 6 13 2 7 14 19 2 4 6 1 2 0 1 13 0 5 4 0 12 14 8 4 15 13 1 0 3 2 0 0 3 4 4 29 3 8 5 3 0 0 5 4 29 2 2 2 1 1 5 0 1 5 1 4 0 2 7 7 13 4 7 3 0 0 2 0 4 3 6 3 3 0 0 3 0 6
0 1 0 0 0 0 14 2 13 0 1 3 7 0 0 0 0 0 0 0 0 0 2 3 0 0 2 0 1 0 2 0 1 0 0 0 3 0 0 0 1 0 0 1 1 0 0 0 0 4 0 0 0 0 0 1 1 0 2 0 0 0 0 2 0 2 0 0 0 1 0 1 1 0 0 0 0 9 1 1 7 0 0 0 0 2 1 0 0 4 0 0 2 0 0 0 1 0 0 0
3 4 2 0 4 2 1 0 9 2 13 13 8 4 0 32 0 0 1 0 1 1 6 10 5 3 4 6 15 10 5 0 30 1 24 8 12 2 5 1 1 4 0 7 0 1 11 3 11 13 21 6 4 1 0 0 8 2 19 3 3 2 7 17 0 1 2 0 8 16 3 4 3 0 4 3 0 0 0 8 12 10 10 6 2 18 7 9 8 0 0 0 3 6 15 2 4 1 5 3
1 0 1 0 0 0 1 0 0 0 0 1 1 0 1 0 0 0 0 0 0 0 0 3 12 0 0 0 0 1 1 0 1 1 0 2 0 0 0 0 0 0 0 0 1 2 0 0 2 0 1 0 0 0 0 0 0 0 0 0 6 0 0 1 0 0 1 0 0 0 1 0 0 0 0 1 0 0 0 2 0 2 0 0 2 0 0 3 0 0 1 0 0 0 0 0 0 0 1 0
2 4 5 7 0 9 2 6 12 14 16 4 2 15 18 3 2 0 1 16 10 1 12 1 7 7 11 8 9 21 0 7 9 0 13 15 11 9 19 0 8 5 2 2 12 12 4 2 4 11 6 2 32 14 2 0 3 4 2 3 11 22 0 11 4 6 13 0 15 1 20 2 3 2 16 8 47 18 3 9 5 2 1 6 8 8 8 4 10 4 3 5 7 8 0 32 7 9 2 0
7 11 0 8 12 0 0 10 3 0 19 1 5 5 7 3 13 9 2 10 10 2 8 6 15 9 2 3 5 2 6 11 12 1 8 1 12 19 3 0 21 0 0 6 20 8 2 4 0 1 21 9 0 8 3 2 4 3 0 26 3 4 2 18 6 9 3 4 4 8 0 0 8 1 1 17 1 6 8 17 14 8 2 0 5 7 13 12 0 28 7 0 3 3 4 8 17 4 6 2
4 5 0 1 1 4 0 2 2 3 15 1 0 1 5 0 1 1 2 4 0 3 1 6 3 5 3 8 3 3 2 1 0 4 1 4 17 6 0 0 1 3 5 0 1 18 15 1 1 7 6 6 1 7 1 4 2 0 0 12 0 2 0 9 2 2 0 8 0 5 6 0 0 0 11 16 1 3 0 7 0 12 0 0 2 5 5 0 2 7 2 10 1 13 6 3 5 2 4 1
1 0 0 0 0 0 5 0 0 0 0 0 0 0 0 0 1 2 1 0 0 0 1 0 1 0 0 0 0 0 1 1 2 0 3 0 0 13 1 8 1 0 0 1 0 1 0 0 2 0 1 3 0 1 0 0 0 0 3 0 0 0 0 0 0 0 0 0 0 1 1 0 0 0 0 1 0 0 2 0 1 0 0 0 0 0 0 3 0 0 0 0 0 6 2 0 1 0 1 0
1 0 0 2 1 1 0 0 0 1 1 2 0 0 4 0 0 0 0 0 2 1 0 0 0 2 0 2 0 0 0 3 0 0 0 0 1 1 0 0 0 0 0 0 0 0 0 1 0 2 0 0 0 4 0 1 0 1 0 0 0 0 2 0 0 0 0 0 0 0 0 0 0 0 0 0 0 2 0 1 0 0 0 1 1 0 0 0 0 0 6 1 0 0 0 0 2 6 0 1
5 13 0 14 16 1 2 3 2 1 5 7 0 4 7 9 5 11 0 20 11 5 10 5 2 9 2 11 6 6 17 6 8 9 1 10 4 8 23 0 0 2 13 0 16 1 3 6 9 14 17 0 5 33 9 4 0 16 10 0 8 3 0 5 10 2 12 0 0 11 2 4 1 18 17 13 1 2 0 11 0 2 5 3 1 0 0 7 9 2 39 5 2 2 40 4 2 4 19 29
0 0 2 1 1 0 0 1 3 0 1 1 0 0 1 0 1 0 0 0 0 0 0 0 0 0 0 0 0 4 0 0 0 0 0 0 1 0 2 0 0 4 0 0 1 0 0 1 2 1 0 0 0 1 1 0 0 0 0 0 0 0 2 0 1 0 1 0 0 0 0 0 0 0 0 0 0 0 1 1 1 0 0 2 1 0 2 1 0 0 0 0 0 1 0 1 0 1 0 0
6 22 0 2 4 2 1 4 1 15 2 1 0 11 4 1 19 6 15 56 7 3 15 6 25 31 10 1 8 2 0 39 9 18 0 5 14 0 8 5 15 5 11 2 5 9 6 7 29 16 14 14 7 6 18 4 5 4 3 3 5 0 13 7 9 4 0 5 7 7 18 6 0 18 11 7 2 1 47 8 27 3 10 6 0 1 0 13 3 1 10 3 3 6 20 0 4 1 27 15
36 0 12 4 3 2 3 7 24 14 0 1 1 9 13 7 3 6 4 9 13 4 10 3 11 8 1 3 8 4 6 0 2 3 33 0 18 5 14 1 1 2 1 46 3 26 3 4 10 27 13 4 3 1 10 36 0 17 0 0 10 5 0 1 1 3 0 8 0 5 0 5 2 7 0 5 21 3 1 6 3 1 1 8 21 9 11 9 3 12 2 9 5 13 11 2 4 26 0 5
4 3 4 12 10 11 15 11 19 1 5 13 11 3 4 5 1 15 0 0 1 18 3 7 1 0 1 5 3 3 23 2 9 10 10 10 4 22 7 25 1 8 3 3 18 3 4 20 15 2 2 5 0 9 2 17 2 3 0 15 13 2 2 1 0 2 3 0 5 16 0 5 19 18 2 4 2 5 1 5 3 6 21 4 11 7 6 11 5 8 20 3 1 20 8 3 4 12 2 0
0 0 0 1 1 1 1 1 1 0 0 1 0 0 0 0 0 0 0 0 1 2 0 0 1 0 0 0 0 3 0 0 0 0 0 0 0 1 0 1 0 0 0 2 0 0 0 0 0 1 2 0 0 8 1 5 0 0 0 0 0 0 1 0 3 0 0 0 0 0 0 1 0 0 0 0 0 1 4 4 1 0 0 0 0 0 0 1 0 0 0 0 2 0 1 0 1 7 2 0
0 2 2 8 5 0 0 0 0 2 1 11 0 6 8 0 2 6 8 0 4 3 9 5 1 7 1 0 0 19 4 2 4 0 4 5 4 9 8 7 2 0 9 6 4 1 6 1 4 0 1 1 3 0 5 1 0 5 0 8 4 26 5 6 0 7 0 0 1 0 0 8 1 2 0 11 5 0 20 14 3 5 0 1 2 6 1 5 2 4 0 2 0 1 2 8 1 2 9 5
0 1 0 0 4 0 1 0 1 0 0 0 0 0 1 1 0 1 0 0 2 0 0 0 0 0 0 0 0 0 1 1 1 1 0 0 2 0 0 0 0 0 3 0 1 1 0 0 0 0 0 0 0 1 0 0 1 0 0 0 1 1 0 0 0 0 0 0 3 1 0 0 1 0 0 2 1 2 0 1 0 2 0 0 0 2 0 0 0 1 0 2 0 0 0 0 3 1 1 0
2 4 24 9 6 8 5 1 0 0 0 1 9 0 0 6 1 8 8 1 4 1 7 6 1 0 5 2 8 0 1 8 0 2 1 6 8 0 6 0 4 8 4 0 5 29 0 9 2 1 9 2 1 2 2 2 0 1 1 2 0 8 0 0 2 6 0 0 1 0 12 4 3 2 0 14 4 0 0 1 3 6 0 3 0 2 2 2 0 5 1 3 3 0 5 2 4 2 0 10
2 3 12 2 1 2 51 16 19 3 4 7 2 8 14 2 14 2 11 0 1 12 6 0 30 2 16 1 8 2 13 0 12 2 2 12 1 10 17 3 1 40 3 4 6 10 0 8 0 10 0 11 0 64 7 8 2 6 12 3 7 12 4 4 12 4 8 0 9 45 2 3 9 12 23 5 9 2 10 1 2 4 7 11 13 7 4 1 4 19 9 1 12 0 22 0 9 2 4 8
0 4 8 0 0 15 4 1 4 16 2 3 5 2 0 4 1 2 0 3 23 5 3 10 0 0 4 2 5 0 2 4 4 0 4 3 2 2 1 0 1 6 1 0 0 0 4 0 9 1 22 0 2 0 2 4 3 1 1 20 3 0 0 1 4 10 2 1 4 2 2 5 1 0 4 9 4 2 6 8 0 0 14 0 4 7 1 1 0 14 1 5 2 3 1 1 2 1 4 13
1 0 0 0 0 0 0 0 0 0 0 0 0 0 0 0 1 0 0 0 0 0 1 0 0 0 0 1 0 0 0 0 1 1 0 0 0 4 0 0 0 1 1 2 0 0 1 0 0 0 0 0 2 0 0 0 3 0 0 0 0 0 0 0 1 0 0 2 0 1 2 0 0 0 0 0 0 0 0 0 5 1 0 0 0 1 0 0 0 0 1 0 0 1 0 0 0 0 1 0
0 2 0 0 0 0 1 2 0 0 0 1 0 4 0 1 0 0 0 1 0 0 0 0 0 0 1 0 0 0 0 0 3 1 1 0 0 0 0 0 3 0 0 1 1 0 0 0 1 0 0 0 0 0 3 0 3 0 0 0 0 0 1 0 2 2 0 0 0 0 0 2 0 0 0 2 0 0 0 0 0 0 1 1 1 0 5 0 0 0 0 0 0 0 0 0 2 0 1 0
6 0 1 10 0 1 1 7 8 7 0 2 0 5 1 1 16 8 3 8 1 3 20 3 0 17 3 0 0 8 2 2 1 3 10 0 6 0 13 24 5 0 17 6 0 18 1 0 3 0 13 1 0 14 0 4 0 2 14 0 1 1 1 8 1 0 1 1 6 3 6 1 0 3 0 5 13 0 0 0 2 2 5 3 3 10 1 2 6 9 1 9 3 1 2 3 12 4 6 2
0 0 1 1 1 0 3 0 1 1 0 0 5 1 1 0 1 0 1 0 0 0 0 0 0 0 0 1 1 0 0 0 0 0 0 0 0 1 1 0 0 0 1 0 0 1 0 0 0 0 1 0 0 0 0 0 0 1 0 1 1 1 3 0 1 0 1 0 0 0 0 0 1 1 0 0 0 0 1 0 2 0 0 1 1 0 0 0 0 0 0 0 0 0 0 0 3 1 1 0
0 0 0 0 0 0 0 1 0 0 1 0 0 1 0 0 0 0 0 1 0 0 0 1 1 3 0 0 0 0 1 1 2 2 2 0 0 0 0 2 0 1 3 0 0 1 0 10 0 0 0 0 1 0 0 0 1 2 0 0 0 0 0 0 0 0 2 0 2 1 0 0 0 0 0 1 0 0 2 0 0 0 0 2 0 4 0 0 0 0 0 0 1 1 1 1 0 1 2 0
0 8 10 26 0 0 0 4 2 2 1 0 6 11 0 7 4 3 0 3 1 14 10 5 1 1 7 0 1 0 9 4 4 6 6 2 1 9 11 3 1 0 4 2 0 7 1 0 8 3 2 1 2 1 2 5 1 2 9 0 4 5 8 11 0 17 3 16 0 5 5 13 4 0 1 3 6 6 18 15 0 3 0 7 0 0 3 4 3 6 2 4 2 3 2 1 6 10 3 9
10 22 5 1 19 2 5 11 0 3 13 10 1 20 0 0 7 1 0 1 4 7 4 0 10 10 4 9 9 0 0 19 1 2 13 13 20 0 26 0 1 15 0 4 3 8 0 0 11 27 5 2 3 3 1 14 10 0 2 1 1 2 9 15 11 1 37 2 7 2 5 18 3 4 5 0 7 7 19 1 9 8 23 7 2 3 0 13 4 3 7 21 2 7 7 2 0 14 12 2
6 4 2 0 14 7 0 4 11 6 4 11 7 1 12 1 14 2 2 2 15 6 23 1 10 19 3 1 2 13 8 2 2 4 5 9 3 20 17 7 11 5 2 13 2 9 1 4 5 20 13 19 5 7 18 5 9 6 10 0 1 10 7 4 1 0 4 5 5 14 4 1 3 4 0 2 13 6 4 4 1 19 2 2 10 8 0 1 15 5 49 14 3 2 2 3 2 10 1 3
22 5 16 3 25 4 26 1 8 5 14 4 21 35 10 1 24 21 7 22 12 8 8 11 2 13 11 12 0 10 14 12 5 3 6 5 2 11 39 18 15 0 0 17 18 0 25 8 8 11 3 36 1 17 7 4 7 2 19 8 9 1 24 11 20 12 4 23 2 13 3 8 1 11 22 20 7 20 20 0 9 7 0 5 2 25 29 34 0 13 5 0 7 7 4 6 10 6 3 9
0 0 0 0 0 0 0 0 0 0 1 0 0 3 0 0 0 0 0 1 0 1 0 0 0 0 2 0 2 0 0 0 0 1 1 1 0 0 3 0 2 1 0 6 0 0 4 0 0 0 0 0 1 1 2 0 0 1 0 0 0 0 0 0 0 1 1 1 0 0 0 0 1 0 1 1 1 0 0 0 0 1 0 0 0 0 0 0 1 0 0 0 2 1 1 0 0 1 0 0
0 0 0 0 0 0 0 0 1 0 1 0 1 1 0 1 0 0 1 0 0 0 1 6 8 0 1 0 0 1 0 0 1 1 0 0 0 0 1 0 0 0 0 0 0 1 0 1 0 0 0 0 0 0 1 0 0 0 0 1 2 0 0 0 0 0 0 1 0 1 0 0 0 1 0 1 1 0 0 1 0 0 0 1 2 2 0 0 0 0 0 0 2 0 2 1 0 0 1 0
6 19 1 7 25 14 11 3 8 20 14 3 4 7 6 8 2 5 3 23 5 10 38 2 22 6 3 13 16 2 1 8 6 0 2 2 7 3 6 10 8 1 20 2 17 1 1 8 6 40 4 3 4 5 3 6 9 1 0 9 6 0 2 5 6 27 3 1 13 4 9 7 2 6 6 25 9 2 5 5 31 36 6 6 0 0 9 0 9 19 1 3 5 7 5 7 8 0 3 0
15 0 2 0 12 21 6 17 5 0 4 8 16 25 9 18 6 12 1 13 9 27 1 1 8 2 1 18 12 9 8 6 2 13 2 11 6 0 1 8 7 20 6 5 0 14 10 18 1 2 5 4 0 2 9 1 9 1 3 16 1 1 0 7 32 1 10 5 0 0 9 10 11 15 1 7 1 0 8 8 5 5 2 2 1 2 16 0 11 6 2 1 6 1 17 4 1 9 5 3
2 0 1 0 2 0 0 2 2 0 0 0 1 1 0 2 0 0 2 0 0 0 0 0 0 2 2 0 1 0 1 0 1 4 1 3 0 1 0 3 0 1 1 0 0 0 0 0 0 2 0 1 0 1 1 0 0 0 0 0 0 0 1 3 1 0 1 0 0 0 0 0 2 0 0 0 0 0 0 1 0 0 0 2 0 0 0 0 3 2 0 0 0 3 0 1 1 2 0 1
3 1 0 4 2 2 0 4 2 0 4 0 0 2 1 11 1 2 12 0 1 6 0 1 10 5 4 9 4 7 8 6 2 1 2 3 12 17 5 2 10 0 3 6 12 5 1 5 2 0 5 0 0 30 8 0 2 6 12 1 3 2 2 6 1 5 0 3 2 0 15 3 7 2 1 7 3 2 1 4 9 4 0 10 3 1 16 3 4 0 3 3 11 9 12 2 5 1 17 0
0 0 0 1 0 0 0 1 0 1 0 0 0 1 0 2 1 0 0 0 1 1 0 2 0 0 1 0 0 0 0 0 0 1 1 0 1 2 0 0 1 0 0 1 0 0 0 0 0 0 0 0 0 5 1 1 0 0 0 0 0 0 2 0 0 0 2 0 1 0 3 1 0 0 0 1 1 0 0 3 0 0 0 0 0 0 0 1 2 1 0 0 0 0 0 0 0 1 0 0
2 2 3 4 2 1 4 18 4 2 3 2 4 4 10 1 1 2 10 6 1 2 2 4 5 1 2 6 1 3 1 0 12 13 4 0 17 14 3 7 5 1 5 9 10 16 1 1 18 6 8 10 15 8 8 6 4 0 5 5 3 14 23 11 3 0 7 1 2 19 1 4 23 7 3 2 4 42 5 2 7 7 3 9 0 2 17 24 5 6 29 2 14 0 10 11 4 1 0 14
4 2 0 4 6 1 14 2 0 4 19 2 18 2 1 16 0 0 1 7 12 8 4 6 1 2 1 10 4 20 3 6 7 21 2 0 16 12 13 4 4 2 18 5 7 4 14 18 5 13 19 9 13 6 0 11 12 13 3 0 3 4 2 2 1 11 23 18 7 3 7 4 1 1 4 5 8 32 2 9 16 1 0 7 12 5 1 0 2 0 6 1 2 23 5 12 1 8 0 50
10 0 4 4 6 5 4 0 16 9 10 8 1 10 9 24 0 3 1 0 12 8 0 11 5 3 6 3 2 0 6 7 0 4 6 0 1 7 17 3 3 0 4 11 5 4 14 3 0 2 3 2 1 8 10 4 9 3 0 2 1 6 23 8 6 8 2 1 2 8 6 14 2 14 8 45 19 4 0 7 11 1 0 26 9 8 6 27 8 0 5 19 16 17 11 2 1 1 15 16
1 6 5 0 4 7 3 12 8 1 8 2 5 8 33 9 5 20 1 40 6 4 37 2 2 2 2 12 2 8 3 0 11 20 9 0 6 1 8 4 21 28 8 22 9 0 5 4 11 4 2 3 22 13 11 8 13 4 1 5 1 9 4 2 4 0 1 3 0 1 6 25 11 4 21 7 28 8 15 28 24 3 3 7 0 7 2 0 2 11 3 2 7 11 40 0 7 4 5 5
1 4 18 20 5 6 2 22 4 7 8 1 9 1 1 11 0 13 10 2 9 5 0 8 6 15 16 0 12 1 6 29 4 2 0 4 17 2 0 11 2 1 2 8 1 7 10 8 11 3 10 4 12 18 6 0 9 7 15 19 1 15 23 0 0 10 2 13 33 1 17 9 5 16 0 2 2 12 16 8 4 1 13 6 1 7 5 10 18 9 26 17 6 8 7 5 0 11 6 2
1 0 0 0 0 0 1 0 0 1 0 0 0 0 1 0 1 1 1 1 0 0 0 0 0 0 0 0 0 0 0 0 0 0 0 1 1 0 0 0 0 0 1 1 0 2 0 1 1 0 1 0 1 1 0 0 0 0 0 1 1 0 1 0 0 0 0 0 0 0 0 0 0 0 0 0 0 0 1 0 0 1 0 5 0 2 0 0 0 0 0 2 0 0 0 1 0 0 0 0
