4 0 1 0 0 0 2 1 0 0 0 1 0 1 2 0 0 0 0 0 0 0 1 1 0 0 0 0 5 0 0 0 0 0 1 4 0 0 0 1 1 0 0 0 0 0 0 2 0 0 1 1 1 0 0 0 0 0 0 1 0 1 0 0 0 0 0 2 0 0 0 0 0 2 0 0 0 0 1 1 0 0 0 0 1 0 2 0 0 1 0 0 1 0 1 0 3 3 1 0
0 0 0 0 0 0 0 0 0 0 0 1 0 0 0 1 2 0 0 0 0 0 0 0 0 0 0 0 0 0 0 0 0 0 0 1 0 1 0 0 0 0 1 0 0 0 1 7 1 0 6 2 0 0 0 0 0 0 3 0 1 0 0 2 1 0 1 3 0 0 0 0 0 0 4 1 0 0 0 2 0 0 1 0 0 0 1 0 1 0 1 0 1 0 0 0 1 0 0 1
0 14 3 0 0 0 4 0 2 5 1 2 1 0 8 5 0 0 3 4 8 0 7 2 1 1 2 2 1 10 0 11 0 0 0 1 2 5 0 0 1 13 3 1 3 4 8 0 2 2 0 0 1 8 4 2 5 5 2 1 0 3 8 2 24 8 1 4 2 0 4 0 10 0 0 13 2 3 1 12 0 3 0 10 3 18 1 5 0 4 0 11 2 0 1 1 2 5 4 2
1 0 0 1 0 1 0 0 0 0 2 0 0 0 0 1 0 0 2 1 0 0 0 0 0 0 0 0 1 2 0 1 0 0 0 1 0 0 0 0 0 0 0 0 0 1 0 0 0 0 0 0 0 0 0 0 0 0 0 0 0 0 0 0 0 3 0 0 0 0 10 0 1 0 0 0 1 0 0 0 0 0 0 1 0 1 0 3 0 0 0 1 0 0 1 0 0 0 0 0
15 10 9 2 18 18 13 2 1 3 9 7 20 3 1 14 3 13 9 22 3 1 2 3 1 1 10 9 2 7 9 0 0 6 1 2 3 11 9 0 8 0 22 2 36 8 11 11 3 27 6 2 9 5 0 4 13 1 0 17 11 3 9 1 1 22 8 2 5 4 10 7 17 2 3 2 17 2 2 6 5 1 5 7 18 4 2 7 17 5 11 24 13 5 0 5 32 2 0 5
1 6 6 11 5 4 18 3 8 1 5 5 9 1 1 7 3 0 0 0 6 1 0 4 2 1 6 1 7 4 0 6 4 0 2 1 0 1 8 1 17 3 0 2 22 0 1 6 2 0 3 0 5 2 5 3 4 0 3 8 0 5 0 3 3 0 1 17 1 0 2 4 2 3 1 1 3 3 8 2 2 1 4 0 1 1 1 1 7 1 2 0 0 2 4 2 1 0 0 1
0 0 2 0 0 1 0 1 0 0 0 0 0 0 0 0 0 2 3 1 0 1 2 0 0 0 0 0 0 0 0 0 0 0 2 0 1 0 0 0 0 1 0 0 3 0 0 0 0 0 0 0 0 1 0 1 1 0 3 0 0 0 0 3 2 1 0 0 2 0 1 0 0 0 1 1 1 0 0 1 0 0 0 0 0 0 4 0 1 0 0 0 0 0 1 0 0 3 0 0
1 0 0 0 0 3 1 1 0 0 0 0 0 0 0 0 0 0 0 0 0 0 1 0 1 0 1 0 0 1 0 1 1 1 0 0 0 0 1 3 1 1 0 0 1 0 0 0 0 0 0 5 1 0 0 0 0 0 0 0 1 0 1 0 0 0 0 0 0 0 0 1 0 1 1 0 1 0 3 0 0 0 0 1 0 0 0 0 0 0 0 1 2 0 0 1 0 0 2 0
0 0 0 0 0 0 0 0 0 0 3 0 0 1 0 2 1 0 1 0 0 0 0 0 0 2 0 0 0 0 0 0 0 0 10 0 1 9 0 0 2 0 0 0 1 1 1 0 0 0 0 0 0 1 0 3 0 1 0 0 0 2 0 1 1 1 1 0 0 0 0 0 0 0 0 0 2 2 0 0 0 0 0 1 0 0 1 0 0 0 1 0 1 0 2 1 0 0 0 1
3 32 14 2 7 4 13 7 3 7 4 1 5 16 7 2 0 3 13 14 2 8 26 8 1 2 10 14 2 0 4 1 3 2 1 4 3 6 20 5 12 16 12 1 1 8 9 0 4 8 1 12 3 6 6 10 7 4 0 1 1 21 2 0 1 1 4 2 6 21 4 14 14 9 7 7 16 4 23 42 9 3 0 7 0 1 0 1 2 0 0 11 8 0 6 2 15 22 13 0
9 1 3 16 3 3 7 10 5 2 1 5 6 2 0 5 1 7 5 12 4 7 15 9 0 21 6 6 5 9 16 9 7 3 32 2 6 8 0 8 16 3 8 12 0 8 0 8 13 0 12 23 7 5 5 6 16 2 3 5 1 6 6 9 9 0 19 1 2 5 6 11 31 12 34 2 4 15 0 3 3 5 5 4 5 6 2 0 18 9 21 8 13 1 22 5 20 0 24 1
3 0 2 0 0 0 0 0 0 1 2 0 0 0 1 0 0 2 0 1 1 1 0 0 0 0 1 0 1 1 2 0 0 0 2 0 1 0 0 1 1 0 0 0 3 0 1 0 1 0 0 1 0 0 1 0 1 1 2 0 0 0 0 0 0 3 2 0 1 1 0 0 0 0 2 1 0 0 0 0 0 0 0 1 0 0 0 2 2 0 0 1 1 1 1 0 0 11 0 0
0 3 0 0 1 1 0 0 0 2 0 0 0 0 0 0 0 0 0 0 1 0 2 0 0 0 0 1 0 1 1 1 0 0 0 0 0 0 1 0 1 0 3 0 1 0 0 1 0 2 0 0 0 0 0 1 1 0 0 0 2 0 0 0 0 0 0 0 0 2 5 0 1 3 0 0 0 0 0 3 0 1 0 0 1 0 0 0 0 0 0 0 0 1 0 0 0 0 2 0
0 20 22 10 0 1 23 1 2 1 0 5 23 5 10 7 4 9 2 4 0 3 13 0 16 1 9 1 3 10 0 0 1 4 2 12 3 4 1 2 1 0 2 5 0 1 2 6 8 5 5 7 3 3 0 4 2 11 4 6 2 3 0 3 4 8 1 4 0 4 0 6 11 4 0 0 0 0 0 2 9 4 4 5 3 0 5 2 4 3 4 4 3 2 0 7 5 0 0 2
0 2 1 0 0 0 0 0 0 0 1 0 0 1 0 0 0 1 0 0 0 0 0 0 0 0 0 0 1 0 0 3 0 0 0 0 0 1 0 0 1 4 0 0 15 0 0 0 0 3 1 0 0 0 1 0 2 0 0 0 1 0 0 0 0 0 1 3 0 1 0 0 3 0 2 0 0 0 1 3 0 0 0 0 0 0 0 1 0 0 0 1 0 1 0 0 0 0 1 0
8 0 0 1 0 0 0 1 0 0 0 0 0 0 2 2 0 2 0 1 0 1 0 1 1 0 1 0 0 0 0 0 0 0 0 0 0 0 0 0 0 0 0 0 0 0 1 1 1 4 0 2 0 0 1 0 0 0 0 0 0 0 2 0 0 0 1 0 0 0 0 0 0 0 0 0 0 0 0 3 1 0 0 0 0 1 0 0 0 1 0 0 0 0 0 0 0 0 0 0
0 0 2 1 2 0 1 2 0 5 2 5 7 2 3 0 3 2 0 3 8 6 0 5 5 1 2 1 1 3 2 7 0 3 3 0 15 5 2 0 1 0 5 10 1 2 5 0 0 2 4 3 4 1 3 5 6 6 12 5 0 15 0 4 2 6 4 3 0 4 4 3 15 2 4 4 6 0 2 5 10 1 1 2 5 4 0 5 0 3 5 1 2 4 12 3 2 5 1 8
1 2 5 6 4 1 2 5 2 6 1 9 5 0 1 11 5 15 1 7 1 4 0 7 5 4 8 2 1 1 4 3 4 0 4 7 0 5 1 2 3 1 4 1 3 2 7 1 5 2 1 21 0 0 7 3 12 26 0 16 7 5 1 4 0 8 1 12 1 9 0 8 4 0 1 0 10 4 6 12 2 1 11 1 0 4 0 12 4 2 6 4 6 2 3 2 8 1 8 0
2 8 14 6 0 1 5 0 4 12 9 9 5 0 3 3 3 10 12 30 0 27 2 26 13 8 35 1 5 18 1 2 6 6 13 4 8 21 8 15 0 4 6 7 4 1 0 14 11 24 7 1 1 12 20 5 0 0 3 4 5 2 1 3 2 32 1 1 13 5 1 9 0 3 8 28 0 6 13 2 1 9 5 7 5 4 14 1 4 4 10 11 1 1 4 2 0 11 6 6
6 5 4 24 21 14 12 1 2 4 1 14 8 13 0 28 7 7 15 10 15 16 1 1 1 15 13 12 3 0 11 1 28 2 1 8 18 0 1 10 5 4 3 4 0 1 15 0 9 14 19 6 2 7 2 1 29 5 1 17 2 0 20 12 2 12 2 12 4 0 0 3 7 5 5 11 3 2 0 2 6 1 8 17 4 9 10 3 16 3 9 2 20 5 16 14 3 5 0 28
0 2 0 0 0 2 0 0 0 0 0 0 0 1 0 2 0 0 0 1 0 0 0 0 0 1 1 2 0 1 0 2 0 0 2 1 0 0 0 2 0 0 0 0 0 0 0 1 0 0 0 0 0 2 0 3 0 1 1 0 0 0 0 0 1 0 0 2 1 0 1 0 0 1 2 0 0 2 0 0 0 0 0 0 0 1 0 1 0 0 0 0 0 0 0 1 0 0 2 0
0 0 1 0 14 1 0 0 11 1 1 2 1 3 3 10 4 8 2 5 2 13 13 0 1 0 1 2 1 7 0 5 2 5 1 2 4 0 1 1 8 1 10 0 0 1 6 0 2 4 10 7 2 5 3 4 2 11 6 6 2 3 3 3 3 1 1 6 1 15 0 3 0 6 18 19 8 20 8 12 21 0 11 8 3 3 2 0 0 1 0 0 2 1 1 2 2 4 4 0
6 0 6 7 0 2 1 0 8 0 0 10 5 4 3 10 10 28 10 6 11 0 4 23 22 2 6 25 12 6 3 7 3 5 6 4 10 5 9 8 25 6 3 5 18 13 0 0 2 3 2 4 4 3 14 1 0 5 2 0 11 3 15 6 1 3 6 16 14 4 1 4 16 20 0 4 2 4 2 6 30 4 8 9 4 8 6 6 2 1 8 0 0 4 1 32 28 2 4 4
0 4 2 4 2 0 5 0 4 13 1 6 18 5 7 0 6 0 11 1 5 0 0 0 0 6 2 12 2 2 1 1 4 3 0 2 1 7 0 2 1 2 1 6 6 3 1 4 0 5 16 0 0 2 0 7 0 3 0 13 0 6 4 2 1 2 2 2 7 9 2 0 6 0 0 1 2 1 3 1 9 1 5 1 1 4 1 5 19 2 1 10 2 2 8 1 0 11 12 0
3 0 2 1 6 1 3 6 1 1 10 1 2 3 13 6 5 1 0 10 1 17 9 4 1 0 2 0 0 6 3 4 7 2 0 3 1 3 9 0 4 6 0 6 7 6 4 0 2 1 6 4 3 1 1 5 2 1 0 0 8 8 11 1 6 4 6 0 1 1 3 1 5 1 6 2 3 2 3 0 4 4 0 5 8 1 3 3 3 3 3 12 0 3 4 4 4 6 1 7
7 0 0 0 0 0 1 0 0 0 0 0 0 1 0 0 1 0 0 1 0 0 0 2 1 0 0 1 0 0 1 1 0 0 0 2 0 1 0 1 0 0 0 1 0 0 1 12 0 1 0 1 0 1 0 0 1 0 0 4 0 0 0 0 0 0 0 0 2 0 0 1 1 1 0 0 1 0 0 0 0 0 0 0 0 0 13 0 0 0 0 0 3 0 1 1 0 3 0 0
5 6 5 0 1 0 13 5 5 6 1 10 5 2 8 3 0 0 14 3 21 0 8 0 2 5 3 4 1 4 5 4 1 9 0 1 0 14 6 3 1 0 7 4 12 3 3 0 6 0 4 1 1 4 1 0 1 6 1 3 2 1 2 1 1 12 1 3 10 3 4 1 6 0 1 5 1 5 2 4 5 3 1 4 8 2 3 7 2 1 6 0 14 0 4 0 0 18 3 2
0 0 3 1 0 0 0 6 14 10 18 7 3 2 2 2 12 3 1 8 0 16 7 0 1 3 1 1 0 3 2 0 0 12 0 5 0 1 1 4 0 5 12 7 0 1 11 0 5 12 0 9 3 5 3 7 0 9 7 2 0 8 7 17 0 15 7 15 5 2 1 10 1 0 1 1 14 3 0 0 2 2 2 4 1 9 0 0 16 9 6 2 1 10 7 1 2 2 2 2
0 18 0 1 3 1 0 3 0 6 2 1 3 4 1 0 5 0 0 6 5 13 3 10 2 3 2 4 4 3 6 5 0 6 3 0 8 2 0 28 0 0 4 10 0 7 9 0 6 2 1 8 5 2 5 5 3 11 22 2 1 2 2 1 12 9 3 5 1 8 7 2 6 5 0 0 1 5 7 1 0 1 9 1 6 0 0 7 4 12 1 1 21 2 3 12 4 8 14 0
7 0 11 1 3 16 9 4 6 5 3 19 5 5 22 10 15 13 0 3 9 17 2 0 4 18 7 9 2 3 5 16 6 13 3 11 15 5 4 7 9 5 1 15 5 32 0 2 4 38 8 0 11 3 6 0 2 14 15 8 10 1 1 19 4 0 7 7 3 9 0 2 3 6 14 8 23 31 2 23 4 6 0 24 31 17 1 2 11 19 1 16 2 1 1 3 3 7 20 3
6 1 2 4 3 3 6 6 6 2 13 6 10 2 1 8 1 0 0 1 1 7 5 2 7 6 4 5 0 0 1 4 0 17 27 10 9 8 2 8 26 15 5 10 9 0 9 12 5 3 8 2 3 2 3 9 2 0 13 2 16 1 2 2 1 3 13 15 3 9 6 0 0 1 7 2 16 1 0 1 9 4 9 4 12 1 3 8 4 6 6 6 2 4 17 4 4 0 2 11
12 3 38 0 12 33 2 0 3 9 4 29 5 12 4 2 7 3 2 0 25 6 5 21 5 9 1 1 9 7 3 3 4 9 0 2 2 4 6 6 3 9 25 0 22 16 13 2 7 4 24 0 14 4 12 2 1 6 1 6 3 0 1 15 29 5 7 11 3 9 12 13 4 13 10 7 4 7 4 2 0 2 30 2 8 3 3 0 3 10 5 10 4 5 12 1 3 0 12 16
3 5 8 7 1 14 4 5 3 6 1 3 8 0 0 6 0 15 1 2 11 2 3 0 0 0 0 0 0 3 0 1 2 3 3 2 1 0 2 12 0 4 1 2 1 3 2 3 0 1 2 4 15 1 0 4 4 2 7 0 1 2 3 6 0 3 10 5 10 2 0 6 0 2 1 3 7 9 9 4 1 3 1 0 5 0 0 0 0 0 4 2 15 10 0 5 5 0 5 1
3 8 4 6 6 2 0 0 4 13 3 5 1 1 1 1 3 4 4 1 7 6 1 0 4 6 8 6 5 4 7 1 5 0 0 4 0 1 0 0 11 1 0 1 8 5 3 0 6 0 3 1 5 1 1 3 0 0 10 0 2 13 2 8 7 0 15 6 2 2 3 0 0 19 10 0 22 0 8 0 3 8 10 6 0 2 11 10 4 7 9 1 9 1 7 3 0 5 10 1
22 0 1 20 14 0 4 2 4 2 2 3 0 4 1 0 1 34 9 10 2 2 6 3 2 0 4 19 9 1 1 11 0 3 11 0 15 2 0 6 2 0 3 1 0 5 10 0 0 6 11 3 0 0 3 1 2 6 5 6 1 2 12 4 4 0 8 1 10 7 10 2 10 14 0 3 0 0 0 19 8 2 2 7 5 1 13 8 9 3 6 1 3 0 21 5 0 9 0 0
15 8 5 2 9 2 4 1 3 0 0 17 1 1 12 7 2 7 6 11 6 3 2 11 8 5 16 7 8 1 1 5 0 41 10 5 7 27 3 10 0 10 10 25 1 14 15 4 9 22 0 4 0 0 10 8 17 3 1 7 2 14 2 1 0 6 4 11 0 17 20 3 0 11 0 8 3 10 2 0 2 13 11 0 1 0 0 11 2 19 11 15 0 10 11 1 9 4 6 1
4 14 8 10 5 4 1 5 1 3 1 8 18 0 33 2 9 2 15 10 8 0 6 1 0 6 3 10 4 2 7 1 2 0 1 9 12 1 17 15 0 29 1 6 4 1 1 3 15 5 0 1 8 10 0 16 29 0 1 6 15 23 4 34 4 0 8 2 3 4 16 17 12 10 12 5 9 6 4 0 7 5 10 1 9 1 9 31 6 15 3 6 6 10 9 14 0 0 5 7
1 4 8 1 3 14 0 1 9 1 5 0 5 0 2 1 5 7 0 6 0 10 0 1 0 5 2 2 4 3 0 0 1 2 6 2 1 7 0 1 6 1 17 4 0 4 2 5 7 21 3 5 7 1 0 3 1 0 9 2 3 3 2 5 25 3 4 5 6 1 2 13 3 3 0 3 9 1 2 0 9 0 7 17 4 10 0 0 5 4 6 1 2 0 14 1 5 3 12 1
8 5 0 24 1 19 7 1 0 18 13 10 0 2 7 14 8 0 8 9 5 5 5 3 6 12 2 0 24 2 5 5 2 11 8 1 2 2 2 5 12 9 0 1 17 5 4 1 9 3 23 0 5 2 13 18 14 12 6 5 1 2 8 10 1 1 6 5 6 1 4 13 5 3 4 0 6 8 5 6 6 2 12 10 0 26 0 34 9 14 1 2 4 7 9 4 8 9 28 4
0 1 4 0 2 11 5 3 1 1 5 3 2 4 4 2 3 0 3 9 0 8 5 8 4 0 10 1 8 1 9 1 0 4 0 3 7 5 6 0 5 3 6 2 0 4 4 0 6 2 1 2 3 16 6 9 0 6 0 5 0 2 3 2 20 0 4 2 3 7 8 1 1 6 3 11 4 0 1 0 5 8 6 8 0 0 1 0 9 0 6 2 0 3 11 9 7 7 14 2
32 1 5 2 17 2 11 9 0 44 14 3 5 1 12 3 17 16 1 21 9 22 8 0 10 9 0 12 5 1 2 13 14 9 24 16 9 35 6 1 13 12 3 10 0 25 20 2 3 10 16 5 0 5 4 19 1 19 10 1 2 3 0 1 31 4 5 0 11 0 5 21 0 1 7 2 1 12 1 9 1 8 2 5 12 8 8 1 10 0 0 0 1 3 6 7 2 3 3 8
0 0 2 0 0 0 0 0 0 0 0 0 0 0 0 3 0 0 0 0 0 1 0 0 1 0 0 0 2 1 1 1 1 0 0 0 0 1 0 0 0 0 0 0 0 0 0 0 0 0 0 0 0 0 0 0 0 1 0 1 1 0 0 0 0 0 0 0 0 0 5 0 0 0 3 0 0 0 0 1 1 0 1 0 0 1 0 0 1 0 0 0 0 0 0 1 1 1 0 1
0 0 0 0 0 0 0 1 3 0 0 0 1 0 0 1 0 0 0 0 0 3 1 0 0 0 0 0 0 2 0 1 1 0 0 0 1 0 0 0 0 0 0 2 2 2 0 6 1 0 0 0 0 0 0 1 1 0 0 0 1 1 0 0 1 0 1 0 0 0 1 3 0 0 1 0 0 0 2 0 0 0 0 0 0 2 0 0 0 0 2 0 0 0 0 0 0 0 1 0
0 0 0 0 0 0 0 1 1 1 3 1 0 0 0 2 0 0 0 0 0 1 0 0 0 1 0 0 0 1 0 1 0 0 0 0 1 3 0 0 0 0 2 0 0 0 0 0 2 0 0 0 1 0 0 2 0 0 1 2 0 1 0 0 0 0 1 0 1 0 1 0 1 0 0 1 0 1 0 1 0 0 0 0 0 2 0 1 0 3 1 0 0 1 1 0 0 3 1 0
6 1 8 1 2 0 5 9 3 15 7 0 1 8 32 0 24 6 24 9 8 14 1 14 3 0 0 0 11 1 6 29 2 7 16 1 2 7 1 1 4 7 0 3 4 5 9 5 10 1 2 1 0 3 6 18 5 27 7 14 1 2 1 4 9 2 2 1 9 0 3 9 8 2 0 4 0 6 0 1 4 3 4 6 5 1 2 14 11 8 29 7 1 3 17 5 10 0 4 0
0 6 17 11 1 2 3 2 0 5 7 21 0 0 28 5 2 2 3 1 16 9 3 8 10 1 1 7 3 12 15 2 5 3 0 2 7 3 2 17 0 5 4 17 1 1 15 4 2 12 4 8 22 15 27 11 13 16 4 8 4 0 1 7 1 29 6 5 4 0 2 7 1 3 1 18 1 8 0 26 17 2 3 4 23 3 7 0 4 2 5 27 11 3 5 5 3 1 2 4
5 1 2 0 3 0 2 1 2 1 2 0 0 4 0 0 2 0 0 1 0 0 0 1 0 2 0 0 0 0 0 0 0 0 1 0 0 0 2 0 0 0 0 0 5 1 1 0 2 1 0 2 0 0 0 2 0 0 0 0 0 0 0 0 0 0 0 2 1 1 1 0 1 0 1 0 0 2 1 1 0 0 0 2 0 0 3 0 0 0 0 0 0 0 2 0 0 0 0 0
0 2 0 0 1 0 0 0 0 0 1 0 0 0 0 0 1 0 0 0 3 0 1 1 0 0 0 0 0 1 1 0 1 0 1 0 0 0 0 0 0 0 7 0 0 1 0 0 1 0 0 0 1 0 0 0 0 1 0 0 0 0 1 0 0 0 0 0 0 1 0 0 1 0 1 0 0 0 8 0 1 0 0 1 0 0 1 0 1 0 0 0 0 1 2 0 0 1 0 0
0 4 0 0 14 2 10 0 1 9 7 10 5 3 5 23 2 8 5 6 0 3 1 3 1 1 10 5 1 5 4 4 14 4 17 0 6 7 12 2 8 0 1 1 4 1 4 0 0 2 6 0 1 2 20 0 4 1 8 0 6 3 6 1 2 2 7 2 0 4 8 0 2 12 1 2 9 1 2 6 11 21 8 1 3 8 1 9 3 5 4 6 1 4 3 5 4 8 1 3
6 0 0 0 2 0 0 0 7 0 0 0 0 0 0 2 0 1 1 0 0 0 0 3 0 1 1 0 1 0 1 0 0 0 0 0 0 0 0 2 1 1 1 0 0 1 0 9 0 1 0 0 1 0 1 0 1 0 0 0 0 0 0 0 2 0 0 1 0 0 0 1 0 0 3 0 0 0 1 0 0 0 0 0 0 0 3 3 1 0 0 0 1 0 0 1 0 0 0 0
13 6 5 11 2 26 6 2 15 3 9 15 9 3 1 0 6 9 7 19 1 13 11 4 35 4 3 0 2 3 19 2 17 7 2 15 2 4 38 4 8 13 0 0 1 2 29 7 3 12 28 6 21 13 22 12 9 1 17 3 2 4 0 20 0 7 7 13 1 9 25 0 29 18 16 6 0 10 0 9 1 0 1 21 13 6 5 25 18 3 0 1 15 0 0 6 12 18 0 0
0 0 0 1 0 0 1 1 0 0 0 0 0 0 0 1 0 0 1 0 0 0 0 1 2 2 1 0 0 0 0 1 0 0 0 0 0 0 0 2 0 0 0 0 0 0 0 1 0 0 0 0 1 2 1 0 0 0 0 1 2 2 0 0 0 0 0 1 4 0 1 1 1 0 0 0 6 0 0 0 0 0 0 0 0 1 20 1 2 0 0 0 1 0 0 0 0 0 0 0
0 6 13 15 9 7 9 2 6 2 2 3 7 2 0 2 4 2 15 9 9 5 8 18 5 1 0 11 1 6 2 0 4 6 4 7 4 12 1 28 10 8 11 0 4 19 15 5 0 3 11 15 14 11 7 4 3 13 13 4 2 0 21 14 3 1 12 3 3 3 5 1 1 1 7 2 1 12 3 12 8 2 9 6 11 8 8 5 10 22 4 7 8 8 2 8 0 6 14 16
0 0 2 1 0 0 1 1 1 0 0 2 0 0 0 0 0 0 0 0 0 2 1 0 0 0 0 1 0 2 3 0 0 0 0 0 0 0 0 0 0 0 2 1 0 2 0 0 0 0 0 0 1 0 0 0 0 0 0 0 1 1 0 0 0 0 0 0 0 1 0 0 0 0 3 2 0 0 1 0 1 0 1 0 4 0 3 3 0 1 0 1 0 0 0 0 1 0 1 0
1 0 1 1 8 6 6 0 14 10 0 2 2 0 0 3 4 17 1 13 0 3 3 1 5 6 5 11 2 4 0 2 7 6 10 8 0 2 3 3 1 3 2 20 5 4 4 0 1 4 2 1 9 4 1 2 0 6 6 2 3 6 7 5 1 1 0 2 0 3 1 1 6 2 1 3 3 0 0 2 2 11 16 2 2 5 1 1 2 6 2 3 5 1 13 5 4 7 1 5
32 10 12 1 3 2 1 24 9 4 7 9 0 6 16 10 7 4 4 13 3 17 13 17 7 0 8 16 4 0 0 8 4 18 11 0 16 27 0 13 6 6 0 12 18 26 10 4 19 1 4 4 0 7 2 3 0 3 0 17 12 17 8 13 1 6 18 2 2 4 3 2 2 14 13 34 2 43 17 1 15 5 4 3 6 26 10 0 1 5 3 5 13 12 7 1 2 30 0 0
0 1 0 0 1 0 0 2 0 0 3 0 0 0 0 0 1 0 1 0 0 3 1 0 0 0 0 0 0 0 0 1 0 0 0 0 0 0 0 1 2 0 0 0 1 0 0 0 0 0 0 4 0 0 0 1 1 0 1 3 0 0 0 0 1 0 0 1 0 0 1 0 0 0 2 0 0 0 0 2 0 0 0 0 0 0 0 8 0 0 0 0 0 0 0 0 1 0 0 0
13 3 11 13 8 4 8 13 1 2 20 5 23 4 1 0 9 14 8 2 11 4 18 3 4 2 2 8 2 4 1 2 4 5 9 1 4 15 4 5 16 3 18 35 2 31 9 12 10 2 16 19 0 25 0 3 13 7 5 6 4 0 11 5 12 0 0 17 4 26 0 23 8 45 4 0 10 3 2 5 1 4 6 10 9 5 0 4 2 0 5 2 4 46 8 7 0 2 11 5
14 5 2 2 6 3 7 10 11 19 3 3 4 7 3 7 1 4 3 4 3 0 20 1 11 0 46 28 5 16 2 2 13 20 6 19 3 2 8 8 1 6 2 12 10 17 5 3 28 9 1 3 0 15 0 11 34 4 1 12 1 3 2 14 2 2 4 5 11 14 0 6 2 4 6 2 15 2 1 12 2 15 15 8 2 3 6 4 9 6 1 2 47 0 7 4 0 8 14 4
22 3 2 6 2 4 38 11 4 5 0 8 5 6 3 26 5 19 10 3 4 6 9 16 3 2 3 7 15 29 11 2 9 30 6 15 1 0 3 9 3 4 2 12 1 0 0 0 1 0 1 0 3 5 1 3 4 30 1 0 14 4 22 0 0 6 1 8 4 16 15 4 2 17 5 5 7 9 0 0 7 2 5 26 2 6 6 2 15 2 4 6 17 0 1 11 4 4 0 0
18 2 5 13 2 17 2 10 7 8 19 12 18 0 7 4 1 12 14 0 0 12 6 3 3 3 3 5 0 27 3 5 12 8 1 0 4 2 1 12 1 2 1 3 9 4 9 1 1 5 2 21 0 15 18 2 6 0 7 2 6 3 16 2 1 8 6 1 1 5 7 9 0 4 1 2 7 5 21 11 0 0 0 7 15 1 0 7 3 3 8 2 7 2 11 29 9 15 20 7
10 16 13 0 2 3 4 2 5 7 4 1 10 1 20 12 0 2 0 4 4 16 1 25 1 17 10 4 36 5 7 9 17 4 17 3 3 2 2 17 3 5 0 0 2 20 7 2 0 3 6 4 7 2 0 2 1 1 6 11 2 14 11 3 0 10 2 2 23 17 4 13 0 8 0 2 11 0 15 3 17 7 9 12 18 4 3 1 1 19 2 0 51 5 8 14 11 4 15 0
0 0 1 1 15 1 6 9 4 1 1 9 6 1 1 4 0 7 3 1 1 4 5 1 0 3 6 2 8 3 1 1 6 1 1 1 32 16 0 0 1 0 7 3 1 10 8 21 4 1 10 1 1 5 3 8 5 13 3 15 5 0 1 3 9 1 5 1 9 0 2 1 5 17 0 1 1 1 0 0 0 0 0 3 8 2 12 12 0 4 5 1 1 0 1 2 1 5 0 0
0 2 1 4 3 3 3 10 6 12 11 0 0 1 5 1 1 10 11 5 0 9 0 9 2 0 4 5 0 7 1 1 8 13 6 27 6 3 2 3 10 2 1 5 1 1 0 0 0 6 15 1 1 1 2 1 14 3 0 1 0 1 3 0 0 4 1 8 1 1 5 13 2 4 0 8 5 6 1 0 25 0 29 0 13 2 0 8 0 4 0 10 0 3 5 1 2 16 0 1
0 4 0 0 3 5 1 1 6 5 4 4 0 3 21 0 0 6 6 6 5 4 10 6 1 0 0 0 3 4 3 1 7 1 1 2 0 3 4 3 1 12 11 8 0 6 5 5 20 2 3 5 7 2 5 1 7 0 3 0 1 0 1 11 14 1 1 0 4 7 7 3 7 2 7 4 3 1 0 0 24 2 6 4 10 18 13 5 0 12 9 3 26 4 16 3 0 3 1 0
1 1 4 15 5 0 3 2 0 0 9 0 1 18 12 3 3 2 0 3 2 5 1 2 8 3 0 3 0 5 1 6 0 1 4 4 1 3 0 0 0 6 4 10 1 5 6 9 21 2 0 0 8 6 0 1 2 21 4 1 6 6 7 2 2 6 5 3 0 8 3 2 3 0 1 13 2 4 0 8 1 6 6 5 2 2 1 11 3 0 9 4 0 1 1 1 0 7 0 0
1 0 0 0 1 0 0 0 0 1 3 0 2 0 0 0 2 2 0 0 0 1 1 0 0 0 0 3 0 0 0 2 0 0 2 0 0 0 0 0 5 0 1 1 0 0 0 0 0 3 0 0 0 0 0 0 0 0 2 0 0 1 0 0 1 0 0 0 0 0 1 0 1 0 0 2 0 0 1 0 0 0 0 0 1 0 0 0 1 0 1 1 0 1 1 0 0 4 0 1
8 1 5 0 28 5 12 42 8 0 1 6 13 0 21 17 2 23 62 0 7 10 18 1 0 8 14 9 6 3 13 11 3 9 14 8 34 5 7 16 8 3 6 6 7 22 2 1 2 18 6 13 6 6 17 1 10 8 11 0 16 7 6 2 4 0 5 0 17 1 2 0 3 4 4 1 20 17 8 14 0 0 0 8 2 2 0 1 8 25 11 8 2 8 0 27 12 1 4 5
3 13 5 0 2 1 2 10 5 2 7 11 9 5 0 21 9 6 6 20 2 0 14 1 26 3 8 9 7 4 9 0 9 1 6 0 6 3 17 21 2 9 7 21 2 14 22 18 5 8 1 1 11 1 2 23 10 5 12 4 6 2 1 18 4 5 2 4 8 3 16 7 9 0 3 4 11 5 10 5 0 8 3 6 14 3 12 2 10 5 0 21 1 12 2 4 5 5 1 0
3 0 1 41 11 9 2 9 1 5 23 15 13 5 19 4 26 0 13 10 33 3 17 14 29 35 12 6 17 3 8 0 26 1 1 6 7 19 19 0 0 22 6 1 1 2 1 2 11 6 12 10 9 7 19 38 0 15 3 7 0 6 8 20 6 9 3 0 0 0 1 1 2 8 1 13 6 22 0 4 2 1 4 2 14 5 3 10 18 3 2 3 24 9 4 0 9 1 25 5
0 5 0 1 0 5 5 2 2 2 23 1 1 0 12 2 0 3 1 9 9 0 2 1 12 4 14 0 2 0 0 9 8 2 6 3 4 3 9 0 11 9 2 3 5 24 1 1 5 7 1 0 14 0 1 3 0 9 3 1 4 13 7 9 1 3 6 1 1 3 0 0 5 0 4 6 29 4 0 1 3 0 1 0 0 5 0 2 0 9 0 1 0 6 15 0 2 10 2 2
3 2 0 0 0 0 0 0 0 0 1 0 0 0 0 1 0 0 0 0 0 0 0 1 0 0 0 1 0 1 0 0 0 0 1 0 0 0 0 0 1 0 1 3 0 0 0 2 2 0 0 0 1 1 0 0 1 0 1 0 1 0 0 0 0 0 0 0 0 0 0 1 0 2 0 0 0 0 0 0 1 0 0 0 0 0 0 0 0 0 0 2 0 1 0 0 0 0 0 1
2 3 3 17 0 2 2 3 6 2 2 8 0 4 8 3 0 4 2 4 7 5 4 0 1 3 10 3 1 7 0 0 9 9 0 0 0 11 0 11 13 10 1 0 0 1 18 6 5 1 11 4 1 6 0 3 7 0 0 1 1 0 2 0 3 1 13 1 3 2 0 3 4 0 7 6 2 1 0 9 13 0 6 3 3 3 8 5 5 0 11 2 8 14 21 0 2 2 0 3
20 4 3 1 0 3 2 3 2 2 8 2 0 6 0 0 2 3 1 0 1 2 1 4 1 0 2 5 1 12 0 8 0 2 12 6 10 6 5 1 3 1 3 14 21 3 1 5 5 10 4 0 0 8 1 1 0 7 1 5 1 1 0 1 0 10 7 0 4 5 6 0 2 5 7 4 4 2 4 3 10 8 2 8 17 2 0 1 3 5 14 1 2 5 1 0 10 5 1 2
0 0 2 0 0 0 0 0 0 1 0 0 0 0 0 0 0 0 0 0 1 0 0 0 0 0 0 0 2 0 2 0 0 1 0 0 1 1 0 0 1 2 0 0 3 0 0 1 0 0 0 4 0 0 0 0 0 0 1 0 0 1 0 0 0 0 0 0 0 0 0 2 0 0 0 0 0 1 14 0 2 0 0 0 0 1 0 0 0 1 0 0 1 0 0 1 0 0 0 0
12 6 9 7 1 7 7 8 2 3 0 3 6 1 1 2 6 0 5 0 4 9 0 1 13 0 0 0 5 2 5 5 3 1 9 1 2 5 11 1 1 0 4 9 1 4 3 7 3 0 25 0 1 3 2 6 0 1 1 0 4 1 6 4 1 8 8 4 7 0 6 10 2 1 4 6 2 0 5 4 6 10 3 11 0 1 0 2 1 1 1 17 0 6 7 16 1 3 6 1
1 0 15 4 1 0 6 3 8 1 0 33 0 3 0 8 4 3 2 9 3 6 4 4 4 2 7 2 7 1 1 10 4 10 7 19 4 7 1 3 1 15 9 26 1 1 7 4 21 7 10 0 0 1 2 0 10 0 11 1 2 10 2 0 4 5 3 18 18 4 7 1 5 6 10 30 16 1 2 0 1 15 28 2 0 8 1 4 10 2 4 17 6 6 4 48 9 1 18 0
0 0 0 0 0 0 0 0 0 1 2 0 0 0 0 0 0 0 1 0 0 0 0 0 0 0 0 0 1 1 0 1 0 0 1 0 0 0 1 0 1 0 0 0 0 0 0 0 1 1 0 0 0 0 1 0 1 2 0 1 0 0 0 2 0 0 0 0 1 0 0 0 0 1 0 1 0 1 1 0 0 0 0 0 1 1 0 0 0 0 0 0 1 0 0 0 0 1 0 0
0 14 10 0 0 1 6 28 11 14 6 0 4 3 3 15 12 0 3 3 1 4 11 6 12 5 2 9 5 0 12 3 2 7 10 4 4 19 27 4 4 3 22 7 4 0 7 8 20 4 7 8 0 3 21 14 3 5 3 3 8 2 4 2 2 2 1 3 3 18 6 3 1 4 3 9 19 3 16 2 11 2 10 10 7 8 15 1 6 7 5 1 2 7 6 6 0 1 27 37
1 3 0 10 5 2 0 17 4 5 6 6 24 7 4 4 5 8 3 0 20 10 4 0 21 1 15 10 5 1 15 10 20 2 17 7 21 13 17 8 7 7 2 2 18 2 2 20 12 3 1 1 1 13 2 6 5 6 5 8 1 10 3 19 2 6 7 14 1 8 13 2 43 21 8 0 4 14 12 1 20 3 4 19 33 22 12 0 2 2 0 0 8 0 52 21 7 1 1 4
0 0 1 1 0 0 0 0 2 0 2 0 0 1 0 2 0 0 0 0 0 0 0 0 0 0 2 0 0 1 0 0 0 0 0 0 3 0 0 1 1 3 1 0 5 2 0 0 0 0 0 4 0 0 0 0 0 0 0 0 0 0 0 1 0 0 0 0 0 0 0 0 2 2 0 0 0 1 13 0 0 0 0 1 0 0 0 1 2 0 1 0 0 0 0 0 0 0 0 1
3 0 2 3 9 0 0 16 0 7 8 18 26 17 0 2 1 6 11 1 6 6 3 18 7 0 7 3 4 9 2 6 17 7 0 11 3 5 0 1 9 14 4 24 6 14 1 0 6 5 0 1 23 20 14 4 3 15 33 12 2 0 23 7 7 7 0 27 6 3 0 0 0 4 19 2 5 15 27 1 20 12 7 7 30 5 1 4 2 1 16 5 13 4 0 12 7 0 18 14
1 0 1 0 0 0 0 0 0 1 2 1 0 0 1 0 0 0 0 3 0 1 0 0 0 0 0 0 1 0 0 0 1 2 1 2 0 13 0 1 0 1 0 0 1 0 0 0 1 0 1 0 1 0 0 1 0 0 0 1 1 0 0 0 9 1 0 0 0 3 0 0 1 0 2 0 4 0 0 0 0 0 0 0 0 1 0 1 0 1 2 0 0 0 4 0 1 2 0 1
2 3 0 7 2 0 2 3 3 14 0 6 3 6 9 0 1 2 16 31 36 1 0 1 1 1 5 1 4 3 7 4 2 14 7 8 0 0 0 7 0 2 3 2 0 0 2 0 1 3 9 2 0 1 2 0 5 4 0 2 0 2 3 0 12 4 14 15 3 2 2 7 0 3 0 3 7 2 3 4 4 1 6 3 0 4 0 0 3 1 0 3 3 2 2 0 11 13 6 1
1 2 2 2 0 0 17 4 4 5 14 7 1 1 3 1 0 2 12 4 1 5 5 11 1 5 2 0 3 2 1 0 2 4 0 5 9 1 9 5 3 0 13 3 0 14 0 0 7 2 0 25 7 0 0 10 6 1 9 1 0 1 0 2 1 4 1 7 3 3 0 4 7 4 3 0 9 0 0 6 12 6 5 11 0 15 2 5 8 0 8 0 0 5 1 0 3 3 3 2
0 0 0 0 1 1 0 0 0 0 1 0 0 0 0 0 0 2 1 1 0 0 0 0 0 1 0 0 0 2 0 2 0 2 0 0 1 0 0 0 1 1 0 1 0 0 0 1 0 1 0 0 1 1 0 0 0 0 0 1 1 0 0 1 0 0 0 0 0 0 0 0 4 0 0 0 0 0 5 1 0 1 0 0 0 0 1 1 2 0 0 0 0 0 0 2 0 0 1 1
2 2 14 2 11 1 10 2 4 4 7 9 7 14 4 14 2 1 5 3 17 4 7 9 16 4 0 2 17 3 7 2 17 9 13 16 6 1 17 4 0 2 5 17 1 1 3 18 11 9 5 7 5 4 6 1 20 5 2 2 10 5 6 22 6 3 6 5 4 14 3 15 2 0 6 4 1 0 15 1 5 23 1 0 8 1 2 8 7 11 12 7 7 13 6 6 2 6 3 22
0 0 0 0 0 2 0 3 0 0 1 0 1 0 0 1 0 2 2 1 0 0 0 2 1 0 3 0 0 0 0 2 1 0 3 1 6 0 0 0 15 1 0 0 0 1 1 0 0 0 0 0 0 0 1 0 0 0 0 0 0 1 2 0 0 0 1 6 0 0 1 0 0 1 0 0 0 0 0 1 0 1 0 0 0 0 2 0 3 0 0 0 0 0 7 0 2 3 2 0
3 28 5 1 3 0 22 5 3 14 13 5 10 14 6 3 16 12 0 5 1 3 4 16 3 2 24 1 2 7 0 5 6 22 1 0 2 7 1 8 10 2 36 6 1 4 12 0 1 15 0 14 8 17 2 22 9 10 14 2 3 0 0 4 5 6 10 4 12 4 4 11 33 1 17 39 13 1 2 8 0 18 17 7 23 7 0 12 4 1 28 10 3 4 9 8 28 0 8 19
0 0 0 0 0 5 0 1 1 0 3 0 3 0 0 0 0 0 0 0 0 0 1 0 0 1 0 0 1 0 1 0 0 1 0 0 0 0 0 0 0 1 1 0 1 1 1 1 0 1 0 0 0 0 0 0 0 0 2 4 3 0 1 0 0 0 1 0 0 0 3 0 0 1 0 0 0 2 0 0 0 0 0 0 0 2 0 3 0 0 0 0 0 0 0 0 0 0 0 0
5 6 7 3 2 0 1 2 2 3 0 0 3 2 1 3 9 1 6 1 5 8 1 11 2 9 2 7 1 2 7 1 1 0 0 1 0 0 1 9 0 0 2 6 0 1 6 2 0 9 0 14 4 12 5 9 6 0 0 12 10 7 4 5 5 0 0 7 1 12 2 0 10 11 2 9 1 0 0 2 1 1 19 2 0 7 1 7 1 3 4 3 1 4 0 2 5 0 19 1
0 0 0 0 3 0 0 0 0 0 9 1 0 0 0 0 0 1 0 0 0 2 0 0 0 0 0 0 0 0 0 0 0 0 0 3 0 2 1 0 6 1 0 0 0 0 0 0 0 1 0 0 0 0 1 0 2 0 0 1 1 0 0 1 0 0 0 0 0 1 0 1 1 0 0 1 0 1 1 0 0 0 1 0 2 2 0 0 0 0 0 0 0 0 2 0 0 4 4 1
5 1 3 0 0 6 3 4 0 3 6 8 0 2 23 7 0 28 11 4 1 2 21 7 15 13 9 7 7 3 0 6 3 5 6 10 0 22 1 0 10 3 21 9 6 6 7 3 37 4 13 0 7 12 0 5 1 8 1 0 12 21 3 1 19 4 11 0 10 1 8 3 38 21 7 1 0 12 6 11 7 3 1 1 3 8 0 9 1 6 0 14 2 2 1 16 10 1 1 23
0 0 0 0 1 2 0 0 1 0 0 2 0 1 1 0 0 0 1 0 0 0 1 0 1 1 0 0 0 0 2 0 1 0 0 1 1 0 1 0 0 0 0 0 0 0 0 1 0 1 0 0 1 0 0 0 1 1 2 1 0 3 0 0 0 0 1 0 0 0 4 0 0 3 0 0 1 0 0 0 0 0 0 1 0 0 3 0 0 1 0 0 1 0 0 0 0 0 0 1
0 0 0 1 0 0 0 0 2 0 0 0 0 0 1 0 3 2 1 0 0 0 0 0 1 0 1 1 0 1 1 1 0 0 0 0 0 0 0 1 0 0 4 0 4 2 0 0 0 1 0 2 1 1 0 1 0 1 0 1 0 0 0 0 0 0 0 0 0 0 0 1 0 0 0 0 0 0 0 0 1 0 1 0 2 0 1 1 1 0 0 0 0 1 1 0 0 0 0 0
4 2 3 5 6 2 2 3 0 1 5 4 4 2 1 9 1 9 2 2 3 3 1 4 3 0 1 6 7 4 2 2 3 0 1 2 2 8 7 11 6 14 1 2 0 2 0 3 0 0 1 2 2 2 2 8 1 5 6 13 13 9 2 7 0 5 9 1 13 4 0 0 1 2 4 1 7 9 0 2 7 12 1 2 10 1 3 1 1 5 0 3 0 6 0 3 0 1 0 20
1 1 9 2 0 2 0 4 7 0 3 2 11 0 1 5 4 3 0 3 3 4 13 3 3 1 2 6 3 2 0 0 3 0 0 0 3 7 2 6 7 2 1 2 11 5 4 0 4 5 14 12 1 0 0 10 16 1 2 9 1 6 1 3 1 0 0 3 19 3 2 6 3 0 14 1 0 2 4 7 8 1 5 5 0 12 0 2 0 5 2 9 2 0 3 6 6 0 1 7
0 5 0 2 0 14 4 0 0 3 10 1 0 1 0 1 2 5 2 1 2 0 1 0 1 7 0 4 0 1 17 3 0 5 2 5 1 2 0 4 4 2 3 4 6 3 4 1 5 1 2 5 4 1 3 7 1 7 5 4 2 0 4 4 13 3 1 1 11 0 3 11 0 19 1 10 2 11 0 2 9 1 4 5 5 0 6 9 1 6 1 6 3 5 1 3 4 4 8 18
2 0 0 0 0 0 1 0 0 0 0 0 2 0 1 0 0 0 0 0 0 0 0 0 0 0 0 0 2 0 0 0 1 0 0 1 0 0 0 0 0 0 2 1 1 0 1 0 0 0 0 2 0 0 0 0 1 0 0 0 0 0 0 1 2 2 0 0 0 0 0 0 0 0 0 0 0 0 0 0 0 0 0 0 0 1 13 0 0 0 0 0 0 0 0 0 0 0 1 1
16 0 0 11 3 3 22 5 0 1 1 4 6 8 24 4 2 5 1 0 6 2 8 5 11 23 10 0 8 3 11 5 42 13 9 2 2 5 15 2 3 1 18 1 14 0 6 17 0 0 1 1 3 6 13 9 12 0 2 5 0 3 3 2 4 4 20 4 9 12 2 5 6 4 10 3 2 2 5 20 4 9 1 5 1 42 15 0 6 8 9 5 10 16 32 1 3 6 4 4
