7 8 3 11 10 1 10 6 5 13 12 25 4 2 6 3 46 1 12 19 0 4 9 10 0 2 18 3 2 9 3 8 2 2 15 2 4 10 12 7 33 1 3 1 5 7 14 4 27 1 3 2 1 1 5 5 3 8 3 5 12 11 23 6 15 25 6 0 3 2 4 0 10 0 11 12 6 7 3 8 22 0 0 5 3 7 11 13 0 24 16 2 3 21 2 39 8 17 37 2
1 0 0 0 4 0 0 0 0 0 0 0 0 0 0 0 0 0 0 0 0 0 0 0 0 1 2 0 1 0 2 9 4 1 0 0 1 5 0 3 1 4 0 0 0 1 2 0 0 0 0 5 0 2 1 0 0 0 5 1 1 1 4 0 1 0 0 3 0 15 4 0 0 6 3 1 3 0 0 1 1 0 7 1 0 0 1 0 1 0 0 2 19 1 0 1 0 0 0 0
1 0 0 1 0 0 2 5 0 0 0 1 4 0 0 0 1 4 1 1 0 0 0 1 1 0 0 0 1 0 9 0 0 0 0 0 0 0 0 0 2 0 0 2 0 0 1 0 0 1 0 0 0 0 1 0 0 0 1 5 0 0 0 2 1 0 0 0 2 0 0 0 0 2 0 0 1 0 0 0 1 0 0 0 0 0 1 0 0 0 1 0 2 1 3 0 0 0 0 0
4 0 0 0 17 0 0 0 2 1 5 2 0 3 0 2 0 2 1 1 1 0 0 6 1 2 0 0 0 0 0 9 1 3 0 0 0 2 1 6 0 12 0 2 3 0 1 0 0 0 0 6 1 6 0 0 0 1 4 0 2 0 3 0 1 0 0 3 0 3 11 1 0 1 0 0 0 0 0 0 0 0 17 0 0 1 0 8 0 0 1 18 6 0 1 11 6 0 0 0
0 0 2 0 0 1 0 3 0 0 0 2 5 3 2 4 3 5 3 0 0 0 2 2 1 0 0 5 8 2 0 0 0 0 1 2 2 0 5 0 17 0 2 9 3 0 0 13 1 0 5 0 0 1 0 0 4 3 0 0 4 0 0 0 1 3 8 0 3 0 0 2 0 0 4 0 2 0 2 3 3 20 2 3 11 0 0 0 1 0 14 0 0 0 4 0 1 1 0 1
8 0 0 0 0 0 0 0 2 1 1 1 1 0 0 2 0 2 0 0 0 4 0 0 0 0 3 0 0 0 0 0 5 3 0 0 0 1 0 7 0 1 0 1 1 10 4 0 1 0 1 13 0 2 0 0 0 0 1 1 0 4 10 1 0 13 0 0 0 3 1 2 1 1 0 0 0 0 0 0 1 0 0 0 0 3 0 2 10 0 0 3 0 6 1 5 4 0 5 0
0 0 1 0 2 0 1 3 1 0 0 0 3 3 0 0 0 0 0 0 1 1 0 1 6 2 0 1 0 5 0 0 0 0 1 0 1 0 0 0 1 0 0 3 1 0 2 0 0 0 2 1 8 1 1 0 1 0 0 5 0 1 0 13 4 0 0 0 7 0 0 0 2 0 0 0 3 0 1 0 2 0 0 0 1 0 4 0 1 1 0 0 0 0 3 0 0 0 0 0
15 1 1 0 0 2 2 9 2 5 6 30 12 27 0 2 4 4 2 5 10 0 0 2 13 4 13 7 12 1 5 0 2 0 12 9 2 0 9 1 6 3 8 11 1 2 0 3 6 1 3 3 5 1 16 2 15 0 0 6 0 0 5 13 1 3 6 11 5 0 0 1 1 1 6 3 29 2 0 2 2 0 0 0 0 3 3 1 2 0 2 3 13 9 2 0 1 4 4 0
5 0 5 1 16 1 3 0 10 0 11 1 1 3 5 1 2 0 1 1 0 0 15 7 1 0 2 1 0 0 4 17 7 2 5 0 0 8 1 8 1 0 2 4 6 3 2 6 8 5 4 1 1 1 1 1 0 3 0 2 1 7 4 2 4 6 3 4 15 9 1 2 3 3 3 4 18 5 1 0 1 1 0 10 14 11 2 14 8 0 0 1 0 8 13 16 10 6 0 5
0 0 0 0 1 1 0 0 0 0 2 1 0 2 1 0 1 1 1 1 1 1 0 0 1 0 0 2 2 0 1 4 0 0 0 0 0 0 0 0 0 2 0 2 0 0 0 1 3 0 1 0 3 1 0 2 0 1 0 0 0 1 0 0 0 2 0 2 1 0 0 0 0 1 0 0 1 0 0 0 0 1 1 0 0 1 0 0 0 1 0 0 0 0 0 0 0 0 0 0
4 3 1 3 9 6 11 12 3 0 8 9 17 9 12 1 5 6 18 20 13 5 9 17 0 5 11 1 0 36 5 5 1 5 6 13 4 9 0 3 26 6 9 12 4 0 21 8 13 42 8 2 17 3 5 14 3 13 15 1 2 1 2 30 1 2 23 17 20 41 0 3 0 12 15 10 3 0 1 8 5 19 7 26 11 1 54 3 7 3 4 8 1 2 0 3 9 1 10 0
1 3 16 2 0 6 2 0 3 7 3 21 11 1 10 28 9 6 0 6 0 9 7 2 9 29 0 6 4 6 3 1 2 5 3 2 19 3 0 1 0 1 0 13 1 0 6 17 4 1 1 5 5 2 1 5 3 4 0 0 14 11 3 11 5 2 10 1 26 7 0 3 7 0 25 10 11 15 2 7 3 18 1 2 10 4 4 0 5 0 5 6 1 10 6 4 7 3 3 15
6 14 7 4 0 1 1 10 1 2 10 15 1 2 24 5 1 2 10 12 9 0 3 4 13 19 16 11 2 20 2 17 6 4 6 15 18 4 0 1 5 1 8 2 0 10 1 0 1 3 25 3 1 1 6 12 0 0 0 22 1 8 1 8 6 5 12 1 33 1 6 5 6 3 9 34 8 1 2 2 2 4 2 0 11 6 1 1 0 10 12 3 2 1 0 7 0 18 1 13
0 0 2 0 0 26 4 19 10 3 9 5 2 0 1 9 4 4 24 21 15 18 3 1 5 4 12 18 0 1 0 0 12 6 1 12 7 0 11 9 26 10 16 20 4 2 2 17 7 5 1 0 2 0 1 2 26 10 6 4 1 0 1 2 0 13 0 2 4 4 5 2 6 1 1 17 2 3 1 4 0 9 0 5 1 2 1 3 0 3 1 1 1 3 2 0 0 2 7 0
5 1 4 2 10 7 1 12 8 1 6 8 5 0 1 2 1 1 2 2 2 5 1 18 4 2 19 8 3 5 8 0 0 3 2 2 2 3 4 2 0 4 0 5 0 8 0 2 0 0 8 20 1 2 7 1 1 0 10 0 8 0 3 4 3 13 7 1 1 0 4 10 0 0 4 1 1 1 0 0 0 5 0 3 0 7 0 14 19 0 6 1 15 0 1 5 7 6 0 1
0 0 1 0 0 0 1 4 0 0 0 0 1 12 1 0 0 8 0 1 0 1 0 0 0 1 0 0 0 2 0 1 1 0 0 0 0 0 0 1 0 0 0 2 1 0 0 0 0 0 1 1 5 0 0 1 0 0 0 1 1 0 0 6 2 0 0 0 4 2 0 6 0 0 1 0 2 0 1 0 2 0 0 0 1 0 0 0 5 0 1 2 0 1 0 0 2 0 2 0
1 0 0 0 1 0 0 1 4 1 0 0 3 6 0 2 1 15 1 0 0 0 3 0 0 0 0 0 0 2 6 2 0 0 1 2 0 1 0 1 2 0 0 1 0 0 0 0 4 0 2 0 6 0 0 0 0 3 0 3 2 3 1 4 0 0 0 0 0 0 0 0 1 0 0 0 5 0 2 0 2 0 0 0 0 0 0 0 0 2 0 0 0 1 4 1 0 0 2 0
0 0 1 0 2 0 0 0 1 0 7 0 0 0 0 0 1 1 0 0 0 0 1 5 1 1 0 2 0 0 0 7 4 1 1 0 1 14 0 3 1 4 0 0 1 0 10 0 0 2 0 0 0 7 3 0 0 0 1 1 0 0 6 0 0 0 0 0 1 1 7 0 1 11 0 0 0 0 0 0 0 0 5 2 0 2 0 17 5 1 0 2 2 0 0 6 2 0 0 0
1 12 8 1 3 1 0 0 3 6 0 4 12 3 0 1 7 8 12 2 0 17 17 9 13 12 1 0 1 7 3 0 0 9 19 6 10 0 0 0 7 8 28 13 3 3 10 0 7 5 13 9 0 2 24 8 3 16 8 2 17 10 0 4 3 1 14 1 12 0 0 11 9 9 15 17 12 23 7 6 0 11 1 1 3 0 1 1 7 5 2 0 2 34 3 4 3 3 12 0
0 0 4 7 9 2 13 7 2 11 4 13 0 10 2 3 4 10 10 12 1 0 0 3 3 4 0 5 19 5 1 0 2 1 1 7 2 2 2 4 2 10 7 0 4 2 4 4 2 7 35 7 1 15 6 0 5 2 2 6 2 0 13 8 10 3 1 0 1 5 5 0 14 5 7 2 10 2 0 6 9 1 2 0 11 1 5 1 0 6 0 4 11 5 0 2 2 3 1 0
1 3 1 0 1 0 0 0 0 0 0 1 0 0 0 0 0 0 0 0 0 0 0 0 0 0 0 0 3 1 0 0 0 0 1 1 1 1 0 0 0 0 0 0 1 0 0 0 0 0 2 0 0 0 0 0 0 0 0 0 1 0 0 2 0 0 0 2 0 0 0 0 1 0 0 0 0 1 0 0 0 0 0 0 0 0 2 0 0 0 0 0 0 0 0 0 0 2 0 0
7 1 1 0 3 0 11 0 5 1 3 3 7 10 1 3 0 2 6 20 0 2 0 32 18 7 0 1 9 0 0 4 5 3 2 2 30 5 13 0 7 8 1 8 5 11 7 22 5 6 0 6 5 15 10 15 13 12 21 0 3 3 2 6 9 1 18 3 6 2 14 1 24 0 22 3 5 0 3 0 3 22 9 0 12 1 1 2 6 6 13 1 1 0 0 0 3 23 13 21
0 3 13 9 2 15 6 10 6 0 1 0 12 0 2 43 10 1 5 1 27 10 8 16 13 7 23 11 12 0 3 0 2 1 2 0 0 18 11 44 4 5 8 5 15 15 1 7 8 0 0 19 23 2 16 3 2 7 1 0 5 7 2 10 1 8 3 0 3 4 6 11 5 3 13 1 2 3 4 3 0 0 5 3 0 8 0 6 0 1 2 4 8 2 0 19 12 9 13 16
9 0 3 4 1 0 1 0 10 7 6 0 0 0 3 10 0 0 8 1 21 4 2 0 0 0 0 9 0 1 0 2 6 1 1 11 4 0 8 2 0 7 6 1 6 0 13 5 10 1 0 10 0 4 0 4 4 14 4 0 0 5 7 0 1 3 0 4 0 4 1 2 0 0 8 1 1 7 0 3 0 0 3 5 1 1 11 4 7 4 5 0 1 1 1 5 3 0 13 3
3 5 2 2 4 1 3 6 16 16 1 13 2 5 12 10 5 33 5 1 1 35 3 1 11 8 12 2 15 0 29 13 0 4 16 0 4 1 8 1 14 4 0 1 17 11 0 23 0 0 8 1 0 0 12 5 31 7 6 5 11 2 5 2 10 1 12 4 6 1 6 0 4 7 3 3 8 1 5 2 12 17 13 22 1 4 12 11 1 6 20 2 4 10 0 2 6 8 3 2
1 12 0 4 0 1 0 1 3 0 1 0 0 1 0 0 0 0 1 0 2 2 0 7 0 0 4 0 0 1 0 5 0 11 2 1 0 0 0 5 0 7 0 0 0 0 3 0 0 1 0 2 1 2 0 0 0 0 5 1 1 0 9 1 0 0 0 4 1 3 1 0 1 2 0 0 0 0 0 0 1 1 4 3 0 1 1 5 6 4 0 1 0 3 0 3 11 1 4 0
4 3 0 5 3 3 4 10 4 1 4 2 5 8 1 9 4 14 2 3 6 3 0 1 2 0 8 1 7 4 2 3 1 0 0 6 5 0 2 12 8 0 0 8 4 2 14 0 4 0 0 5 2 5 9 1 2 4 7 4 0 6 9 6 2 0 1 2 0 8 0 1 2 2 2 7 2 2 3 3 6 2 1 6 1 1 5 1 0 1 7 6 0 1 3 5 11 6 1 0
12 6 1 1 13 1 6 3 2 5 1 0 2 3 4 1 5 6 21 0 13 4 0 2 9 7 2 0 13 7 8 3 11 4 1 18 5 0 2 0 0 5 3 1 9 1 5 10 1 1 4 5 2 3 4 1 0 0 1 0 12 1 1 14 4 11 1 1 3 8 1 1 4 1 3 0 4 4 0 0 0 7 2 2 9 3 3 11 1 0 2 3 0 1 5 6 0 0 19 2
0 0 1 0 0 0 0 0 0 0 0 1 3 1 0 1 0 1 0 2 3 0 0 0 0 0 0 0 2 0 0 1 2 0 1 1 0 1 0 0 0 0 0 0 0 0 2 1 0 1 0 1 0 0 0 2 0 0 0 0 0 1 0 1 1 0 0 1 0 0 0 3 0 0 0 0 0 1 1 0 1 0 0 0 0 0 1 1 0 0 0 0 0 0 0 0 0 1 3 0
12 5 9 34 3 12 1 7 50 4 10 15 8 5 1 0 9 0 7 3 10 15 6 0 2 4 5 1 0 1 15 2 5 16 8 2 1 4 7 4 1 14 1 4 0 31 4 3 4 26 4 0 2 28 1 4 1 2 8 7 0 0 4 3 0 3 1 0 1 14 1 0 5 7 1 3 12 0 0 1 2 1 0 12 11 1 21 4 8 5 22 7 21 8 1 2 38 4 14 0
3 2 2 2 4 2 0 3 0 5 2 9 0 5 0 11 3 0 9 1 4 1 1 0 3 0 2 4 0 12 8 1 6 0 0 3 2 6 13 12 2 4 1 5 10 4 1 1 4 1 1 0 2 0 16 6 3 3 9 0 1 8 0 5 0 9 1 16 0 4 9 2 2 0 6 0 2 0 3 0 2 3 6 5 7 16 4 15 7 1 2 8 1 1 1 2 1 26 8 5
3 29 18 9 2 3 22 4 2 9 3 8 3 6 13 10 13 14 5 4 7 7 11 2 11 2 15 26 1 0 0 3 13 2 13 0 0 10 11 2 26 3 8 29 20 7 1 3 0 0 5 3 6 2 5 14 15 4 0 2 0 5 3 0 14 3 0 0 4 2 3 8 2 5 29 1 6 3 4 0 2 5 12 19 30 8 8 0 5 2 0 3 1 2 3 3 5 0 8 46
3 11 4 9 12 9 4 7 2 0 1 11 26 5 1 6 0 15 3 0 0 2 2 4 6 6 7 2 6 1 6 2 1 1 5 4 0 0 11 6 2 7 0 0 0 0 7 5 1 2 0 0 4 12 1 0 1 14 0 12 0 16 0 3 5 0 3 3 4 4 7 4 10 2 2 2 3 0 4 16 5 9 0 4 8 0 3 13 3 2 2 2 2 2 3 1 4 0 6 8
1 0 0 0 0 1 1 3 0 0 0 1 4 0 0 0 0 12 1 0 0 0 0 0 1 0 0 0 0 0 1 4 0 0 2 3 0 0 0 0 25 0 2 2 0 1 0 0 1 0 1 1 1 0 1 0 0 1 4 6 0 0 0 5 0 0 0 0 2 2 0 0 0 0 0 1 2 0 0 3 6 2 2 1 0 0 0 0 0 0 1 0 1 0 24 1 0 0 0 0
0 11 0 5 5 0 0 0 9 0 5 1 0 2 0 1 2 0 0 0 4 1 0 1 1 0 1 0 0 0 0 6 6 1 1 0 0 15 0 8 1 8 0 0 1 9 6 0 0 5 0 5 0 0 2 0 0 0 0 0 1 1 0 0 3 8 1 10 0 0 3 0 1 7 0 0 1 6 0 0 0 3 2 4 0 3 10 5 9 13 1 7 15 1 0 22 0 1 3 0
4 1 6 19 2 9 0 2 2 2 14 2 7 11 10 2 0 32 0 0 25 1 1 2 0 4 1 7 2 6 8 6 3 2 11 4 0 9 6 0 3 4 0 2 8 9 0 2 0 8 9 6 14 2 1 7 0 1 10 0 0 2 6 12 0 17 0 6 3 5 2 7 11 7 2 8 3 20 5 3 0 2 5 4 1 4 1 1 6 4 3 8 4 10 12 1 6 9 10 1
0 18 7 11 0 7 1 3 0 0 0 5 0 2 13 1 0 9 7 2 3 6 9 0 4 0 18 0 0 0 8 0 0 4 1 6 5 0 8 0 7 1 0 0 0 3 0 0 5 0 9 0 6 0 10 13 4 4 0 0 1 2 0 2 2 1 1 0 1 1 2 5 5 0 1 13 2 6 2 0 0 7 1 4 4 0 3 2 0 1 4 1 0 1 4 0 0 7 16 0
5 5 2 0 4 3 24 19 4 15 8 2 26 0 7 3 8 7 17 21 5 8 14 6 15 9 16 13 2 3 6 0 3 14 1 5 1 1 9 14 0 4 0 3 11 3 8 0 0 1 10 14 0 8 21 1 1 4 4 3 5 11 15 1 5 5 29 6 3 5 14 12 1 30 13 7 6 7 6 8 2 20 0 11 30 0 5 10 7 2 1 3 8 3 14 2 8 0 5 0
7 0 1 0 6 0 0 0 1 1 2 0 0 0 1 0 1 1 0 0 0 0 1 10 0 0 1 1 1 0 0 8 5 0 0 0 0 4 0 0 0 8 1 0 1 0 0 0 0 2 0 3 0 11 1 0 0 0 2 0 2 0 5 0 0 0 0 0 0 10 0 0 0 24 0 0 0 0 1 0 0 1 4 0 0 10 1 6 2 1 0 5 0 0 1 0 0 0 1 1
0 12 2 0 0 19 6 4 0 1 0 12 0 2 5 8 0 0 3 0 6 4 2 0 1 0 0 6 3 3 2 0 1 4 1 14 3 0 0 0 1 1 3 5 1 0 0 6 0 9 0 0 4 0 4 4 9 7 0 9 4 0 1 1 0 0 3 0 1 0 1 5 5 0 3 11 1 1 6 2 3 17 0 4 10 0 8 0 0 10 12 0 0 7 3 0 1 3 16 0
0 3 2 0 0 1 0 11 0 8 14 1 1 7 0 1 2 0 0 0 0 5 0 6 0 2 3 8 2 3 1 0 12 4 8 4 5 3 2 0 2 2 4 1 8 6 2 6 2 1 1 1 1 3 2 8 1 0 6 11 13 16 11 2 1 3 6 0 6 3 0 6 0 1 0 4 0 3 0 5 7 12 1 1 3 7 2 0 3 1 2 6 0 2 2 10 0 11 0 11
4 1 3 7 15 0 10 0 0 0 7 6 0 2 3 4 6 3 5 3 10 7 7 2 5 8 7 14 1 5 0 39 2 7 15 1 25 0 1 3 4 37 2 6 22 0 8 4 0 0 9 2 0 24 12 0 8 7 4 0 32 3 4 0 12 0 3 7 1 33 7 6 13 5 18 10 1 23 6 23 5 11 3 8 23 12 20 3 10 11 2 3 4 11 19 0 7 4 1 8
3 0 0 0 2 3 0 0 1 0 6 1 0 1 1 0 1 0 0 0 0 0 0 2 0 0 0 0 0 0 0 3 1 1 0 0 1 9 3 3 0 7 0 1 0 0 0 0 0 0 1 0 0 3 0 1 0 1 7 0 0 4 3 0 0 1 0 7 0 0 6 2 0 11 1 1 0 0 1 0 0 0 0 0 1 6 0 1 0 1 0 6 1 3 0 20 0 0 0 1
2 0 0 2 1 1 1 5 0 0 0 0 2 1 1 0 0 2 1 1 0 2 1 1 2 0 2 1 0 4 4 0 0 0 0 0 0 1 0 0 1 1 0 1 3 0 5 0 0 1 0 0 2 0 0 0 0 0 2 2 0 1 2 3 0 3 0 0 7 0 0 0 1 0 1 0 6 0 0 0 7 0 0 0 0 0 0 0 0 0 0 0 0 0 5 0 1 0 0 0
5 2 0 4 8 1 0 0 6 0 5 0 2 3 0 0 0 0 1 0 7 2 0 12 0 1 0 1 0 0 1 1 1 2 0 0 0 2 0 2 0 2 0 0 0 2 10 0 1 3 0 1 0 0 1 0 0 1 6 0 2 1 4 0 1 6 0 4 0 4 3 0 0 0 1 2 0 6 0 2 0 1 1 1 0 7 0 2 0 0 0 1 0 0 1 22 4 0 2 1
0 0 2 0 0 0 0 0 2 0 3 1 1 1 2 0 1 1 1 0 0 0 0 0 0 0 0 1 8 0 0 0 0 0 0 0 0 2 2 2 1 0 0 0 0 1 0 2 0 0 0 0 1 0 0 1 0 1 5 1 0 0 0 0 0 0 1 1 1 0 0 0 0 2 0 0 0 0 1 0 0 0 0 0 0 1 4 1 1 0 0 0 0 0 1 0 1 0 0 0
0 0 0 0 4 0 1 3 0 0 1 0 3 10 1 0 0 3 1 3 1 0 0 0 4 1 0 0 3 0 1 0 0 0 1 0 0 0 0 0 0 0 0 0 0 0 0 0 0 0 3 0 0 0 1 0 0 0 0 6 1 0 0 9 0 0 0 2 6 2 0 0 0 0 0 1 2 0 0 0 1 2 0 0 1 0 0 0 1 2 0 0 0 0 0 0 0 0 0 0
2 2 1 10 1 3 8 0 0 2 8 12 3 0 5 9 0 1 2 1 7 10 0 0 11 2 4 0 3 1 0 18 1 4 0 0 10 0 3 1 3 3 0 3 1 7 2 3 3 3 1 8 2 1 3 6 1 11 1 0 21 0 3 2 3 7 3 1 0 1 3 7 1 2 1 8 0 9 10 0 2 5 1 13 2 8 2 1 14 3 1 5 16 0 0 4 0 0 0 1
1 1 2 2 2 1 0 2 1 2 0 6 0 3 2 1 0 0 5 1 2 0 2 4 4 8 4 4 4 7 1 1 8 7 3 4 2 7 0 2 0 1 3 1 4 6 0 3 2 2 15 0 2 18 0 1 1 9 1 4 4 0 0 13 2 5 13 2 3 9 1 2 2 4 6 2 0 3 0 9 3 0 27 7 2 0 3 0 1 2 9 1 11 0 7 7 5 5 9 8
7 2 2 8 0 0 3 24 0 2 3 0 2 1 3 2 4 5 0 12 0 11 5 10 28 3 3 1 2 18 11 3 3 1 2 0 3 6 0 2 1 0 0 6 7 0 3 2 3 4 6 1 2 4 0 4 1 1 5 6 2 0 2 1 2 1 3 5 1 0 0 0 0 1 1 1 1 7 0 3 5 10 9 0 0 3 10 3 0 0 3 5 2 9 6 3 0 18 5 3
7 20 9 3 0 0 12 2 5 1 1 32 5 11 21 2 7 1 7 1 25 2 1 3 17 23 2 3 3 0 25 23 38 4 4 1 22 5 0 21 3 27 1 16 8 19 16 3 4 7 1 11 7 1 3 17 5 1 3 3 1 4 0 5 26 1 8 0 19 10 0 11 42 6 10 3 16 1 4 12 2 15 3 16 26 0 13 4 4 3 1 0 5 4 0 3 2 3 0 6
0 4 3 8 0 1 0 3 2 0 6 2 3 4 0 16 7 5 6 18 0 4 3 1 1 2 0 0 17 11 0 2 3 2 0 0 12 7 12 1 4 2 1 2 13 0 2 0 7 5 8 3 8 1 1 2 2 4 0 5 3 6 13 3 3 1 0 0 14 0 2 3 11 0 1 6 2 8 11 24 0 1 18 1 6 2 0 4 6 0 5 1 0 14 13 2 13 11 3 1
3 0 23 0 1 9 9 12 9 8 4 6 4 10 1 6 31 6 0 18 0 0 2 2 5 2 3 0 4 4 16 3 0 1 21 11 8 7 0 0 10 2 6 1 1 4 9 18 11 5 7 2 9 4 22 6 4 3 1 3 11 0 15 4 10 9 0 4 4 13 4 5 8 8 6 2 6 1 23 2 1 15 30 0 11 4 2 2 26 2 6 10 4 9 4 2 3 8 9 4
1 6 0 13 1 14 12 0 4 4 1 3 0 0 1 2 5 0 1 0 3 0 0 6 0 4 9 8 0 0 0 4 3 15 4 2 2 1 4 11 0 3 1 0 0 3 2 9 7 4 0 8 0 1 0 7 8 3 0 1 3 1 2 0 0 5 2 4 0 1 7 4 1 0 1 0 0 1 12 15 0 1 2 4 5 18 0 15 5 8 5 0 2 2 5 8 0 1 0 0
1 2 3 4 6 1 13 3 7 0 1 3 9 1 3 1 4 24 2 0 2 4 14 1 0 10 21 1 0 3 0 0 2 0 0 12 35 6 11 7 12 7 11 10 12 7 0 19 10 2 17 0 2 3 17 2 9 15 1 13 2 9 12 3 0 1 12 7 15 16 1 21 10 7 3 1 1 9 16 0 3 5 15 0 15 1 10 5 11 0 7 1 5 4 0 2 2 3 5 5
0 3 0 10 1 1 7 19 0 0 0 1 0 4 1 8 0 6 0 1 10 3 4 1 5 5 7 1 8 0 5 0 1 4 18 0 0 0 1 0 8 0 2 0 7 1 0 1 3 7 3 0 1 0 3 3 9 0 0 8 0 5 1 1 1 3 0 0 3 0 2 0 0 1 0 2 9 10 0 0 5 4 0 3 0 0 1 2 0 4 1 1 0 3 5 0 0 19 2 7
7 3 16 3 1 6 3 2 2 4 15 14 10 0 6 12 6 0 20 8 4 1 4 8 4 2 13 5 0 2 6 17 6 3 0 1 7 20 0 0 1 7 2 1 1 18 19 6 0 4 0 7 2 14 1 1 7 2 0 1 3 31 6 4 0 3 15 3 8 7 9 5 0 11 0 5 0 1 3 9 1 2 17 10 1 6 0 0 17 3 1 20 18 3 2 0 6 8 2 6
1 0 0 1 0 0 3 0 0 1 1 0 2 0 0 0 0 3 0 0 0 0 0 1 4 0 0 1 3 0 0 0 0 0 0 0 0 0 0 1 0 3 0 0 1 0 0 0 0 0 0 0 1 0 0 0 0 1 1 1 0 0 0 0 0 0 0 0 0 0 0 0 1 3 1 0 0 0 0 0 0 0 1 1 1 0 0 2 1 0 1 0 0 0 0 0 0 0 0 0
5 11 9 3 2 13 26 6 6 1 0 0 9 15 36 23 8 0 4 2 12 2 1 2 25 0 9 4 2 7 5 0 5 6 10 18 16 8 8 8 1 1 3 0 1 0 4 11 24 20 5 2 19 1 4 17 0 30 5 4 3 7 11 11 2 18 0 3 11 3 0 52 20 2 20 6 11 8 12 1 5 1 3 12 5 5 2 0 2 7 13 6 3 6 3 18 5 6 0 12
0 0 2 0 1 0 0 2 1 0 0 0 0 0 1 0 1 0 0 0 0 0 0 0 0 0 0 0 12 1 0 0 0 0 2 0 0 0 0 1 1 0 1 0 0 0 1 0 1 0 0 0 0 0 0 0 0 0 1 0 0 0 0 0 0 0 3 0 0 1 0 0 0 1 0 0 0 1 0 1 0 0 0 0 0 0 0 0 0 0 0 0 2 0 0 0 0 0 0 0
0 3 9 8 0 1 14 7 2 5 3 5 5 18 1 18 4 1 10 53 1 2 4 1 3 4 14 7 6 3 1 4 0 3 18 0 3 2 4 2 2 11 8 0 5 4 6 1 4 3 0 1 9 4 18 6 1 25 3 3 16 2 3 0 14 4 0 2 7 3 11 6 4 4 14 2 3 1 2 11 6 1 2 1 6 2 6 10 5 2 16 17 2 3 6 6 2 2 2 13
2 0 2 6 3 7 3 1 12 3 7 2 0 17 3 12 2 0 5 0 2 2 17 0 6 5 2 0 0 3 1 7 5 8 4 0 6 10 3 4 0 2 0 1 3 3 6 6 3 2 0 1 0 0 1 18 0 13 8 2 6 3 1 2 0 0 0 7 2 0 1 1 19 14 0 4 3 2 7 21 4 0 6 0 6 1 11 7 0 7 1 6 2 0 9 1 1 0 4 7
3 5 0 1 1 0 3 2 4 4 11 16 2 3 3 10 4 6 13 17 0 8 4 6 3 3 10 1 8 23 9 0 26 0 4 4 7 7 20 4 3 20 6 4 6 1 12 14 17 0 4 2 3 3 18 0 5 0 3 2 7 3 11 10 4 4 8 19 4 1 10 3 20 11 7 2 9 0 11 0 1 9 23 11 1 6 23 0 8 0 23 10 15 13 2 4 11 2 9 1
0 0 5 23 4 6 0 1 9 2 1 3 7 3 2 2 0 7 3 0 1 7 3 2 12 3 5 2 11 4 13 0 6 0 1 0 0 6 1 1 23 3 2 5 1 2 1 4 7 3 7 1 13 1 5 3 2 5 2 2 5 1 1 20 6 4 4 1 14 4 5 27 1 13 0 1 12 0 0 2 3 1 4 0 2 4 8 3 5 13 2 7 6 12 12 1 1 2 1 2
1 3 6 1 0 3 0 2 5 3 2 10 8 0 5 19 4 0 4 0 2 7 14 7 3 1 13 7 0 4 2 0 0 4 4 2 0 3 3 7 1 2 0 3 2 7 3 3 7 3 16 0 11 0 18 0 4 15 0 1 15 0 0 1 2 5 3 11 1 2 17 2 2 5 3 3 2 1 3 2 13 5 16 0 1 0 0 0 1 3 1 16 3 3 2 4 4 2 1 2
7 6 5 12 0 8 2 7 27 6 4 4 6 0 5 3 23 4 20 1 2 5 9 43 5 2 11 3 1 1 9 0 5 2 9 3 2 40 6 1 7 12 9 5 6 2 7 0 10 2 2 24 5 8 10 4 1 12 0 2 0 24 3 3 4 13 7 16 8 4 5 17 13 15 5 8 2 2 9 3 3 5 20 0 10 0 7 3 8 12 1 1 8 7 1 2 4 1 1 7
4 23 0 0 5 3 2 12 9 0 1 0 3 13 0 0 11 4 4 0 0 2 1 2 0 7 9 9 8 28 1 3 0 3 1 4 1 1 9 6 12 9 0 0 2 4 2 15 5 0 4 7 4 0 8 2 9 4 3 10 7 1 6 7 1 12 2 0 2 1 1 0 13 8 10 2 4 1 8 1 13 2 1 1 5 6 6 2 7 0 1 2 3 7 15 0 2 9 1 0
0 33 5 1 6 22 6 1 1 3 10 8 16 5 4 1 2 7 2 2 29 23 1 3 3 8 3 13 11 6 10 4 2 0 1 9 1 2 12 1 2 2 38 10 64 0 19 0 2 7 8 7 8 3 7 3 0 4 4 4 10 6 0 0 3 0 1 4 4 11 0 28 1 3 3 12 3 6 5 4 1 1 0 16 3 5 10 4 8 1 10 0 1 1 14 0 12 4 16 8
9 2 0 3 7 2 1 2 7 0 0 0 0 0 0 0 0 0 0 0 4 9 0 5 0 0 2 0 0 0 1 11 9 0 0 0 0 10 0 2 0 9 0 1 1 4 5 0 0 12 2 2 1 13 1 0 0 0 7 0 1 1 8 0 0 5 1 1 0 4 1 0 0 6 0 0 0 8 0 1 1 0 8 5 0 1 0 6 4 1 4 7 1 1 0 0 0 0 14 0
0 0 0 1 1 0 1 0 0 0 0 0 0 0 1 0 0 1 0 0 0 1 1 0 0 0 0 0 1 0 2 0 0 0 0 0 1 0 0 1 0 1 0 0 4 1 1 0 0 0 0 0 0 1 0 0 2 1 0 0 0 0 0 0 0 0 1 1 0 1 0 0 1 0 1 0 2 0 0 0 0 2 1 0 0 0 3 0 0 0 1 0 0 0 0 0 1 1 0 1
7 26 7 6 12 2 5 2 12 8 4 6 1 4 13 4 8 1 2 3 3 4 11 18 15 11 0 1 3 1 4 0 0 11 1 7 3 5 1 0 1 25 2 13 28 10 8 7 3 4 1 2 14 4 4 4 1 18 5 13 10 4 5 0 5 7 25 0 13 2 26 7 6 9 6 8 2 11 6 27 1 25 2 15 14 20 18 18 8 4 1 5 4 7 6 7 2 9 22 15
1 7 2 0 16 1 3 4 3 23 3 6 24 29 1 8 5 2 0 4 3 6 0 0 16 6 1 6 19 2 14 13 6 0 0 9 4 12 14 6 3 12 8 8 3 12 3 18 5 0 12 4 0 4 2 8 3 8 0 3 2 3 6 18 13 2 16 3 21 14 0 6 4 2 12 10 7 0 13 9 26 4 3 5 9 0 2 1 4 3 0 6 0 9 0 6 0 4 4 5
20 0 1 5 3 0 0 0 0 0 0 2 0 1 0 0 0 0 0 0 0 1 1 1 0 0 0 0 1 0 0 10 1 0 0 0 0 3 0 4 0 5 0 0 0 0 1 0 0 0 0 1 0 2 1 0 0 0 0 0 0 0 4 0 0 0 1 5 0 5 6 0 0 9 0 0 1 0 0 0 0 1 1 0 0 1 0 1 2 3 0 2 2 4 1 8 2 0 1 1
7 3 8 5 1 1 7 4 0 9 3 18 7 10 4 4 9 10 7 4 5 4 1 0 5 1 6 26 8 4 19 7 14 6 1 23 5 0 3 2 15 9 9 10 10 8 9 0 3 0 14 0 3 4 10 19 7 10 0 3 4 0 0 23 3 20 5 5 4 7 3 2 4 4 37 7 5 26 9 3 16 1 0 0 1 2 4 6 28 27 6 18 3 6 10 9 2 1 26 1
3 4 11 0 0 1 0 0 1 2 0 17 0 3 3 1 0 1 1 4 0 0 0 0 9 2 0 6 2 1 9 2 1 0 2 5 19 0 0 0 0 0 0 3 4 0 0 0 11 1 2 0 0 0 2 7 2 3 0 0 1 1 0 5 1 0 11 2 11 2 2 0 12 3 3 12 1 0 6 0 7 11 0 0 3 0 1 0 0 3 0 0 0 0 3 0 0 0 0 4
2 3 19 18 1 10 8 6 6 1 4 23 0 18 4 4 0 3 0 2 7 3 8 15 12 5 4 4 13 4 7 2 0 1 12 11 8 6 0 16 1 5 2 17 13 10 4 3 10 2 5 17 5 9 0 4 9 1 1 5 10 0 24 11 0 1 0 11 2 35 16 4 35 1 3 10 4 0 7 15 2 7 5 18 7 7 1 2 8 4 18 9 12 0 3 8 21 3 12 5
3 1 3 12 3 13 5 6 1 14 0 2 3 0 4 0 6 1 4 2 0 0 3 0 5 5 2 1 1 3 0 6 0 10 12 4 7 20 3 5 5 5 2 0 0 0 17 5 10 8 8 8 12 1 0 1 7 4 27 6 4 12 16 15 2 6 2 1 0 10 13 5 0 5 0 1 3 8 4 4 1 2 18 0 10 6 1 7 0 10 0 9 32 14 0 8 15 4 4 2
0 1 0 0 0 0 1 5 0 0 0 0 4 3 0 0 0 0 2 0 0 0 2 0 1 0 1 0 2 6 4 1 0 1 0 0 1 0 1 0 2 0 0 3 0 1 0 0 0 0 2 1 11 0 2 0 0 0 0 4 0 0 0 0 0 0 0 0 8 0 0 0 0 5 0 0 0 0 0 0 1 1 0 0 0 0 0 0 0 0 1 2 0 0 12 1 0 0 0 0
15 0 9 1 29 7 5 4 0 8 3 11 0 0 2 5 2 0 3 11 1 5 14 15 1 0 22 8 5 3 6 1 2 6 11 5 0 0 12 0 4 4 5 1 21 6 5 6 1 18 8 21 1 9 10 1 7 6 54 14 1 2 4 3 4 6 4 2 9 1 1 15 6 7 7 5 10 13 3 4 3 4 6 13 3 9 4 8 23 8 6 1 22 2 0 18 1 4 23 1
0 7 1 22 1 8 6 3 3 6 2 3 5 1 3 8 5 17 11 10 2 0 1 0 2 2 0 5 5 1 1 0 0 0 5 1 13 11 4 8 0 1 9 0 5 0 0 4 7 0 0 0 4 3 6 2 8 0 1 1 17 2 1 7 1 1 9 8 7 0 0 2 2 0 4 9 4 3 11 4 5 3 3 0 3 2 15 0 1 6 6 8 7 1 1 7 2 4 11 1
0 0 0 0 0 0 0 0 0 1 1 0 0 0 1 1 0 2 0 0 0 0 0 1 0 0 0 1 0 0 1 0 0 0 2 0 0 0 0 1 0 0 0 0 0 1 0 0 0 2 2 0 0 0 0 0 0 2 0 0 0 0 0 0 0 1 0 0 1 0 0 0 0 1 0 0 0 0 0 0 0 0 1 1 1 0 0 0 0 0 1 0 0 0 0 0 1 0 0 0
3 0 1 0 0 0 0 0 0 0 0 0 0 1 0 0 5 4 0 1 0 3 0 0 0 0 1 0 0 0 0 0 0 0 0 1 0 0 0 0 0 0 0 0 0 0 2 0 0 0 1 1 0 1 0 0 0 0 0 0 0 0 0 0 2 0 0 0 2 1 1 0 0 0 0 4 0 0 0 0 1 0 0 1 0 0 0 0 0 0 0 0 1 0 0 1 3 0 0 1
2 0 0 0 0 0 0 1 0 0 0 2 1 1 0 0 0 10 0 1 1 1 0 0 1 1 1 0 2 2 1 0 0 0 2 0 0 0 0 0 0 0 0 1 0 0 0 0 0 0 0 0 1 0 0 0 1 0 2 0 2 2 0 1 1 0 1 0 0 2 1 2 1 4 0 0 0 1 0 0 0 1 0 0 0 3 1 0 0 0 0 0 0 2 0 0 1 0 0 0
2 18 17 2 13 33 10 5 2 0 14 2 15 6 5 4 15 2 1 5 7 21 1 2 6 9 15 16 1 1 9 7 13 8 0 12 3 8 3 2 2 1 1 1 5 6 3 8 0 24 14 16 2 8 0 13 0 10 10 16 2 15 7 4 5 1 2 8 3 5 1 2 17 7 17 8 8 2 11 3 14 10 5 9 14 17 1 11 2 7 7 9 13 2 17 7 15 6 17 2
1 1 2 2 0 0 3 0 1 13 2 4 0 0 1 0 0 1 7 9 7 1 4 1 0 1 0 1 0 0 0 0 15 2 15 2 2 11 2 1 0 3 4 0 3 2 5 3 2 2 0 8 0 7 2 1 2 0 2 0 0 4 0 0 0 4 0 6 0 0 1 6 12 0 8 4 0 0 7 4 0 0 0 2 0 4 2 0 1 3 0 2 10 1 0 7 13 0 1 1
3 2 1 5 2 0 0 5 0 5 9 1 1 2 4 1 0 8 1 0 1 0 3 3 6 1 0 6 8 0 7 2 9 12 0 9 7 10 9 2 7 0 3 9 2 2 14 1 6 2 0 0 14 0 0 8 6 1 1 12 3 3 0 3 2 6 0 1 1 7 15 1 9 6 0 12 0 2 0 4 19 2 8 8 3 0 1 0 11 0 1 2 0 0 1 0 5 0 6 2
9 0 3 16 23 10 1 14 20 4 11 0 5 0 9 2 47 5 9 1 1 2 13 6 6 0 7 1 10 5 3 0 0 4 8 3 1 4 12 6 0 0 29 7 20 3 1 0 12 12 45 1 33 1 2 0 17 4 3 3 1 0 7 0 0 1 5 6 8 0 2 6 10 7 17 0 0 9 4 2 28 4 4 10 0 2 13 2 0 10 40 2 0 9 9 0 17 2 4 10
3 1 0 2 0 0 2 2 0 0 0 0 0 1 3 2 1 19 0 0 0 0 1 1 12 0 1 0 0 1 1 0 0 0 0 2 0 0 0 1 0 0 0 2 0 0 0 1 2 0 1 0 1 0 0 0 0 0 0 4 0 0 0 7 2 2 0 0 3 0 2 0 0 0 0 0 0 0 0 0 2 0 0 0 0 0 0 0 1 1 1 2 2 0 7 2 1 0 0 0
0 1 0 10 0 0 0 1 1 0 0 0 0 0 0 0 0 0 1 0 0 0 0 0 0 0 4 5 0 1 0 8 0 2 0 0 0 10 0 1 0 1 0 5 2 1 3 0 0 2 0 10 1 0 1 0 0 0 7 0 1 1 2 0 3 0 2 0 0 2 6 0 0 0 0 0 0 1 0 0 2 0 6 13 1 8 4 4 1 8 0 1 1 5 2 5 2 2 5 0
9 14 2 1 6 0 0 0 6 4 4 4 0 0 8 13 7 0 2 1 4 1 5 1 0 0 5 1 0 0 1 4 16 1 4 12 2 0 6 0 1 9 3 0 11 5 2 1 0 10 0 2 0 1 6 5 2 8 0 0 0 0 0 0 0 3 6 7 0 0 19 4 6 2 8 0 0 4 4 4 0 16 1 9 0 0 4 2 0 4 0 4 15 2 1 2 0 1 7 3
0 2 0 1 0 0 1 0 0 4 1 14 5 2 7 1 1 4 4 4 0 0 1 1 3 4 0 1 9 0 4 0 0 0 1 6 1 3 1 1 3 1 3 6 10 0 0 2 17 0 1 0 1 0 1 4 0 3 0 11 3 3 0 4 10 0 5 1 2 0 0 4 0 0 6 1 2 2 1 0 3 1 0 0 1 0 0 1 1 0 38 1 1 0 0 1 0 14 0 2
0 0 0 0 0 0 0 3 1 0 0 0 20 3 0 0 0 13 0 0 0 0 0 0 1 2 1 0 1 20 8 0 0 0 0 0 0 0 0 1 4 1 2 7 2 0 0 0 2 0 3 0 2 0 0 0 0 0 0 0 0 0 0 1 2 0 0 0 3 1 0 0 0 4 1 0 3 0 0 1 1 0 0 0 0 0 0 2 2 1 1 0 1 2 10 1 0 0 0 1
0 0 0 0 8 0 0 0 0 0 5 0 1 2 0 0 0 0 1 0 0 0 0 1 0 1 0 1 1 0 0 2 6 1 2 0 0 3 2 1 0 7 0 1 2 0 6 0 1 0 0 0 0 0 1 0 0 0 1 0 3 1 10 0 3 0 0 2 0 1 0 1 2 0 0 2 0 0 1 1 0 0 10 1 0 5 0 3 6 0 1 3 7 0 1 1 5 1 0 1
1 11 0 4 0 20 5 8 0 15 6 3 5 0 1 6 3 18 8 1 4 8 4 5 2 5 9 4 2 13 4 4 10 34 7 3 18 1 4 0 4 2 8 11 1 13 7 1 18 2 1 8 21 6 3 17 8 17 5 3 4 2 6 9 1 2 19 1 4 17 2 13 16 10 7 1 4 9 7 9 9 1 1 26 16 2 16 5 3 9 2 8 11 11 1 1 5 0 11 24
2 0 2 14 13 1 10 6 5 1 1 0 0 3 0 12 4 1 0 2 5 2 1 15 1 4 7 1 14 0 2 3 7 0 6 3 1 0 0 2 5 1 5 3 5 4 1 3 2 1 12 0 1 10 1 1 0 1 2 0 0 0 0 13 1 5 1 2 0 16 1 0 1 3 8 3 3 0 10 2 11 2 1 0 14 9 2 6 4 7 9 9 9 4 2 6 13 8 2 4
0 1 10 7 0 8 1 3 12 7 1 0 1 4 1 4 2 1 0 7 1 15 5 0 0 2 2 6 4 2 9 0 0 4 12 0 2 1 3 0 11 0 0 10 0 6 0 6 1 1 7 0 4 2 1 1 0 9 1 0 6 9 1 3 18 1 9 0 1 0 0 12 1 3 2 1 4 2 3 9 2 2 0 10 1 1 0 1 0 4 4 1 0 10 17 1 0 1 4 0
1 0 0 0 0 0 0 1 1 0 11 0 2 1 0 0 0 0 2 1 0 0 3 18 0 0 0 0 0 3 0 1 8 2 0 0 0 4 0 0 3 0 1 5 0 0 5 0 0 0 4 1 1 9 1 0 0 0 1 0 1 0 6 1 1 0 1 5 0 2 2 0 0 0 1 1 1 2 0 1 0 1 6 1 0 0 0 19 4 0 1 1 6 2 0 0 30 0 0 0
9 1 2 8 9 9 4 4 2 0 2 1 7 2 6 0 6 3 0 2 1 10 2 13 1 6 6 3 3 5 1 7 3 1 4 7 2 6 18 2 0 1 11 4 6 1 15 5 4 6 3 1 12 9 5 11 16 4 11 10 7 0 11 10 8 3 3 5 2 3 32 5 0 13 7 5 6 2 4 6 0 11 0 6 11 6 5 4 5 2 5 0 15 7 2 4 7 5 27 24
1 0 0 0 0 0 2 0 2 1 0 2 0 1 1 0 0 4 0 0 0 0 0 1 2 0 0 0 4 1 0 2 0 0 1 1 0 0 0 0 0 0 1 0 0 0 0 3 0 0 0 0 0 0 0 0 0 0 2 0 0 0 1 0 0 0 1 0 2 0 0 0 0 0 1 0 0 0 1 0 0 1 0 0 0 0 1 0 1 0 0 0 1 2 1 0 0 0 2 0
6 1 6 3 6 2 2 2 0 0 15 7 7 11 3 3 4 0 1 3 4 7 5 2 13 5 0 1 0 0 2 7 9 3 4 2 1 6 1 8 8 3 2 1 23 0 12 1 4 3 13 4 0 4 0 9 3 2 4 8 12 19 0 3 4 2 0 3 0 16 1 1 13 18 0 1 8 3 0 15 4 0 3 3 4 10 6 2 4 0 3 4 0 1 3 24 4 12 13 7
