0 1 0 0 0 0 0 0 0 1 0 0 0 0 0 1 1 2 0 0 0 1 1 0 0 0 0 0 1 0 0 0 0 0 0 0 0 0 0 1 2 1 0 0 1 1 15 0 2 0 0 1 0 0 2 0 0 0 1 0 0 0 0 3 0 0 1 1 0 10 1 0 1 0 1 0 0 0 1 9 1 0 0 0 0 2 1 0 0 0 1 0 0 0 0 0 0 1 0 1
12 6 21 3 2 2 0 14 4 0 0 6 8 15 7 0 3 7 1 2 4 1 18 6 4 2 0 9 29 0 5 28 13 0 14 2 6 6 9 0 2 5 6 9 3 4 6 5 0 1 3 11 0 5 18 5 3 1 7 15 3 4 21 4 1 18 7 10 3 0 6 4 5 9 3 10 2 7 1 9 7 0 1 6 7 9 4 2 1 3 5 15 16 0 18 0 1 7 1 14
14 3 5 3 1 2 0 1 0 0 3 0 2 2 1 2 6 0 3 0 9 10 1 5 1 1 5 1 5 2 3 5 2 0 1 8 0 6 5 1 5 1 4 1 19 2 4 1 7 1 1 2 6 0 2 1 0 3 4 0 4 2 3 8 1 6 5 7 19 0 6 1 4 5 16 0 14 4 0 0 3 4 0 0 0 0 10 8 3 3 1 0 2 3 0 5 0 1 2 10
1 8 0 6 0 1 8 9 0 5 5 4 6 0 0 2 3 11 6 0 3 7 4 2 5 0 1 2 6 0 5 1 0 12 6 0 1 0 2 10 5 8 5 1 4 1 1 0 2 2 11 0 1 8 4 3 12 0 3 1 2 8 0 2 0 1 4 1 7 1 4 0 5 4 5 5 1 3 10 6 3 5 5 15 6 8 6 2 0 10 4 5 9 4 14 5 4 1 2 8
12 2 6 4 4 6 4 6 1 4 7 0 2 4 0 3 17 2 1 27 0 12 4 10 1 0 19 18 12 10 4 3 6 0 4 0 8 1 16 1 2 16 13 1 4 0 4 1 0 3 3 10 3 3 7 0 9 26 15 11 11 0 1 1 10 13 5 6 3 5 5 17 12 17 0 8 4 16 0 2 8 3 1 2 2 12 1 4 4 6 10 6 7 0 4 19 1 2 15 3
0 4 1 10 1 2 0 10 2 0 0 0 0 4 2 4 0 0 0 0 1 5 3 9 3 5 6 4 4 0 2 0 6 0 4 4 1 1 8 0 2 1 4 3 6 17 1 6 0 5 2 0 1 0 0 4 4 1 1 1 5 2 10 0 5 4 4 1 3 0 6 9 11 0 9 2 7 20 2 0 3 1 3 6 4 1 4 12 3 5 0 2 6 2 3 2 2 1 3 0
2 3 1 7 3 0 0 1 0 1 7 1 0 4 0 1 7 3 1 4 6 7 8 0 0 1 4 8 0 1 16 1 1 0 4 7 0 0 0 0 1 23 1 5 9 9 3 11 2 3 1 14 0 3 4 6 6 5 7 11 3 2 2 1 2 10 2 2 0 3 1 8 4 4 9 11 4 10 5 1 0 2 1 0 1 1 7 1 2 9 3 6 6 1 2 3 5 3 9 4
3 3 1 0 0 1 0 8 2 2 0 3 1 8 2 0 0 13 4 10 12 0 0 5 5 16 3 4 0 1 3 17 2 7 6 0 3 2 6 6 0 1 2 12 12 0 4 2 1 8 1 0 12 7 5 4 2 16 2 3 1 0 1 6 2 0 13 1 2 0 5 14 3 0 6 5 1 4 4 14 0 0 3 8 6 4 1 5 0 5 0 7 6 3 2 0 13 1 2 3
3 11 5 18 6 8 0 0 11 3 1 2 2 5 7 11 15 7 13 20 14 7 11 0 2 1 9 2 2 11 3 4 8 9 5 0 12 0 2 8 6 37 14 8 7 6 4 0 2 8 7 5 5 7 1 14 0 7 24 2 17 9 13 20 7 8 14 6 1 14 23 0 1 1 1 3 3 3 5 1 13 12 5 7 3 4 10 24 7 3 9 0 13 6 4 5 1 9 27 16
0 0 0 0 0 2 0 1 0 0 0 1 0 0 0 0 0 0 0 0 0 1 0 0 0 0 0 0 0 0 0 0 0 1 0 1 0 0 0 2 0 0 0 0 1 0 0 2 0 0 1 0 0 0 0 0 1 1 0 0 0 1 1 0 0 0 3 0 0 0 0 0 0 1 1 0 0 0 0 1 0 0 0 0 0 1 1 0 0 0 1 4 0 0 0 2 0 0 0 2
26 2 2 1 1 0 2 8 2 15 5 5 12 5 7 0 17 2 5 4 13 7 5 4 0 3 7 9 3 2 3 13 1 16 8 0 1 4 13 15 1 1 1 3 11 2 3 15 2 14 20 7 1 2 3 33 4 10 0 15 28 1 5 19 0 1 5 1 3 1 7 2 1 2 1 46 16 2 1 5 3 2 3 12 6 13 3 15 1 16 1 14 4 15 11 8 26 16 0 0
4 3 10 1 0 1 4 1 7 0 8 9 1 0 8 11 1 16 3 0 0 4 1 1 4 6 1 2 9 2 1 21 0 1 2 2 0 3 6 2 0 0 8 12 7 1 2 0 6 0 4 4 18 6 10 2 5 0 0 1 2 4 2 4 2 0 4 2 5 13 2 14 0 0 0 0 2 0 2 5 0 2 0 1 3 0 0 2 22 0 3 2 0 1 13 2 3 14 11 3
0 0 1 1 0 0 0 0 1 0 0 1 0 0 0 0 1 2 0 1 0 1 0 0 0 0 0 0 0 1 0 1 0 0 0 2 0 0 1 0 0 0 0 1 0 0 5 0 2 0 0 1 0 0 0 1 0 0 1 0 0 0 0 0 0 3 0 0 1 0 1 0 0 2 3 0 1 0 0 24 0 0 0 1 1 2 0 0 0 0 0 0 0 0 0 0 0 0 0 0
2 0 1 49 32 8 11 24 2 8 33 12 3 0 2 2 8 2 4 2 8 20 1 1 10 0 6 4 5 7 0 20 6 0 1 5 1 9 19 5 0 10 22 2 4 11 4 15 2 16 3 2 2 9 20 14 55 2 6 5 10 11 3 0 8 0 26 16 2 12 8 5 5 1 37 14 3 0 0 2 8 5 1 0 1 9 14 18 2 18 7 2 21 2 11 26 30 0 1 1
0 0 0 0 0 1 0 0 0 0 0 12 0 0 0 2 1 0 1 0 0 0 2 0 0 0 1 0 0 0 0 1 0 7 1 0 0 0 0 0 0 1 0 0 0 0 0 2 1 0 0 0 0 0 0 0 0 0 0 0 0 3 1 0 0 0 1 1 0 0 0 0 0 0 0 0 0 0 0 0 0 0 0 1 0 0 0 0 0 0 1 0 0 1 0 0 6 0 0 0
1 0 6 12 0 22 3 8 3 1 12 12 4 39 7 1 2 12 0 33 2 10 2 2 25 10 18 2 5 13 2 13 9 5 9 6 3 9 2 25 3 8 1 2 0 6 7 15 0 1 12 2 7 3 6 1 20 5 11 11 5 8 8 6 16 26 6 8 8 6 5 8 1 19 2 2 0 8 46 7 4 6 5 5 2 8 9 15 0 27 0 10 1 1 2 7 1 8 3 6
2 5 6 3 1 1 3 6 6 3 11 2 1 3 2 1 1 1 6 2 1 6 0 3 0 2 0 8 1 0 0 2 15 5 1 5 2 5 9 2 2 6 3 0 7 2 4 8 2 15 0 4 4 8 0 0 2 6 9 7 8 1 1 1 0 5 0 0 0 3 13 3 0 3 3 0 4 1 7 0 2 2 7 7 9 4 6 1 6 7 2 4 3 0 1 5 2 2 2 5
6 8 1 1 4 1 4 2 0 1 2 4 13 2 0 7 4 2 2 2 5 4 1 8 7 0 7 2 2 0 20 1 0 2 2 1 1 0 4 3 0 3 6 2 1 11 0 6 10 7 2 1 4 1 0 1 1 4 0 23 2 10 0 4 2 7 15 5 1 1 17 2 0 3 17 7 0 7 3 0 2 13 12 8 0 1 0 0 1 0 8 0 5 2 1 1 10 1 3 6
17 12 0 0 0 0 0 7 0 1 2 17 0 16 1 12 9 0 3 3 0 2 0 4 0 3 4 9 4 0 7 6 0 1 6 0 1 0 23 2 3 3 4 6 4 12 2 11 0 0 0 5 4 1 8 2 14 1 1 6 0 2 2 1 0 2 4 2 2 4 0 0 6 2 5 4 0 1 4 0 4 1 0 10 0 3 4 2 3 7 0 6 1 3 2 6 3 2 1 4
7 14 5 12 2 1 4 1 11 0 17 0 2 6 0 7 7 1 4 2 0 0 1 3 11 5 0 0 22 5 4 1 5 4 1 4 2 5 6 19 22 3 4 0 1 2 0 32 2 16 20 2 1 0 0 12 48 12 7 5 3 0 0 1 1 1 3 4 1 0 3 6 37 14 21 13 0 5 14 13 1 2 10 0 1 11 2 8 6 6 2 5 0 0 2 0 7 3 4 5
6 3 10 25 0 6 11 13 0 7 2 16 13 5 11 13 6 2 3 8 10 0 1 0 1 0 9 28 6 6 0 7 11 0 25 4 13 18 11 25 22 44 23 9 0 6 1 3 0 0 17 8 10 23 9 0 11 0 3 5 1 4 17 0 3 6 0 6 0 6 2 28 1 1 0 10 2 7 0 16 12 16 1 11 2 2 2 1 0 24 6 2 5 2 2 2 1 8 2 1
0 0 0 0 11 1 0 0 1 0 3 1 0 1 7 4 0 1 0 0 0 0 0 1 0 0 0 0 0 0 1 2 2 0 0 0 0 0 0 1 0 1 0 0 0 0 0 1 1 0 0 0 0 0 0 1 1 1 0 0 1 0 0 0 2 0 0 0 0 2 0 3 1 0 0 0 0 0 0 1 0 1 0 0 1 1 0 0 0 0 0 0 1 0 1 0 3 0 0 0
1 0 5 1 0 0 0 0 9 2 0 0 1 1 3 0 1 0 1 0 0 0 0 0 2 1 0 0 0 13 0 0 2 0 0 0 0 6 0 1 0 0 0 0 1 1 1 0 0 2 2 0 0 0 1 0 0 0 1 0 0 0 0 0 0 0 2 0 1 0 2 0 0 0 0 0 0 0 0 0 1 1 4 1 0 0 1 0 0 2 3 0 1 0 0 0 0 0 1 2
4 15 11 15 0 1 14 23 2 5 2 1 4 9 2 6 4 3 9 3 2 6 2 11 0 3 2 0 4 7 5 16 8 10 6 9 12 7 20 1 0 25 9 4 9 16 5 1 16 27 7 3 6 0 1 38 23 18 2 2 7 11 3 2 12 15 15 18 15 4 6 0 3 5 1 1 14 30 8 9 2 3 0 7 20 5 3 1 2 3 2 0 3 0 0 2 4 11 3 19
1 3 7 0 0 1 3 6 18 8 14 9 8 4 12 6 1 12 0 8 5 1 0 0 0 2 5 3 2 0 14 1 4 3 0 9 0 6 0 10 4 0 0 4 2 0 8 2 5 3 5 1 5 1 1 6 10 10 0 2 6 5 3 8 2 7 3 1 0 5 1 2 14 10 9 3 0 27 1 1 2 0 7 1 2 0 5 3 6 2 3 5 2 1 8 5 0 0 2 5
0 1 7 12 24 10 0 1 0 2 6 1 7 3 0 3 1 1 16 0 5 2 3 0 3 22 15 2 3 13 4 5 0 1 3 9 0 5 2 1 0 9 4 0 3 2 0 1 16 13 13 0 0 1 4 7 0 7 16 3 2 7 1 0 1 2 0 10 0 4 7 3 5 1 2 0 5 2 8 3 1 0 10 3 0 1 4 0 3 7 0 2 5 0 28 5 5 1 7 1
0 0 0 2 1 0 0 0 0 0 0 1 0 1 0 0 0 1 1 1 0 0 1 1 0 0 0 0 0 5 0 0 1 0 0 0 0 0 0 0 0 0 0 0 0 0 4 0 0 0 2 0 0 2 0 0 0 0 0 0 1 0 1 0 0 0 1 0 0 1 2 0 0 0 0 0 0 0 0 21 0 0 0 0 0 1 0 0 0 1 3 0 0 0 0 1 0 2 1 0
0 0 0 1 0 1 0 0 0 1 0 1 0 0 7 0 0 2 0 0 2 0 1 0 0 1 0 0 1 2 1 1 0 0 0 0 0 3 0 0 0 0 1 3 2 0 0 2 1 0 0 0 0 0 0 1 1 0 0 0 0 0 0 0 14 2 1 0 0 1 0 0 0 0 0 0 0 0 1 0 2 0 0 1 1 0 1 1 0 0 0 1 0 0 0 0 0 0 0 0
6 0 10 0 0 3 9 3 0 6 3 1 7 8 1 3 1 4 9 16 19 2 0 4 2 3 0 2 8 0 10 2 0 3 5 5 5 0 0 2 14 4 0 2 0 0 2 6 0 1 30 0 9 1 2 2 1 5 1 6 7 5 7 2 0 3 7 6 0 10 26 10 5 0 10 4 4 2 0 3 12 14 7 0 4 2 2 15 2 0 1 6 0 4 4 2 2 3 1 5
0 0 0 1 1 0 1 0 1 0 1 0 0 0 4 0 0 0 0 0 0 1 0 0 0 0 0 1 0 1 0 0 5 0 0 1 0 4 0 1 0 4 2 0 0 3 0 1 0 0 0 0 0 0 0 0 1 1 0 0 0 1 1 2 0 0 0 0 0 0 0 0 0 0 0 0 0 2 0 0 0 0 0 0 0 0 0 0 1 0 4 1 0 0 0 0 3 0 0 0
2 3 3 7 1 3 7 10 11 8 13 5 7 6 1 9 3 1 12 4 7 2 3 0 1 9 12 8 2 25 8 7 12 1 15 2 4 1 2 7 7 3 2 0 5 5 10 2 5 0 2 4 6 2 8 0 3 11 17 16 16 2 0 6 14 16 12 20 0 2 2 16 15 5 1 10 13 3 5 3 0 1 3 12 22 0 0 19 2 8 2 1 1 1 6 7 1 4 17 5
0 2 0 0 0 0 2 0 0 0 0 0 1 0 0 0 0 0 0 0 0 3 0 0 0 0 0 0 2 1 0 1 0 0 0 1 1 0 0 0 0 0 0 0 0 0 9 0 0 0 0 0 1 1 2 1 1 0 0 0 1 0 1 0 0 0 2 0 2 10 2 0 0 0 0 0 0 0 0 8 0 0 0 0 0 0 0 0 0 0 1 0 3 0 1 0 0 0 0 0
2 18 1 7 0 3 7 4 4 14 0 3 0 9 4 14 7 24 17 11 3 1 1 4 12 1 3 28 2 0 0 4 3 6 40 6 1 6 0 0 0 4 0 5 10 0 17 4 31 1 3 1 1 1 6 7 1 18 0 13 11 14 4 28 0 1 2 12 1 0 29 4 4 0 15 5 12 1 18 6 17 9 5 17 7 2 8 4 0 9 5 2 1 4 4 0 2 13 0 8
4 1 7 4 0 8 2 4 16 15 2 10 2 11 2 0 4 0 2 4 6 4 0 2 2 1 4 8 2 14 6 0 12 8 3 1 8 0 3 7 4 0 8 0 1 0 3 2 4 8 2 4 1 10 2 1 0 3 9 0 1 11 4 1 4 2 5 6 0 12 2 1 0 5 2 1 3 5 0 1 3 0 0 1 7 2 0 4 0 4 7 3 1 0 0 1 5 5 3 9
0 3 3 1 2 1 3 1 19 10 1 6 8 1 7 4 15 1 0 2 0 2 1 11 2 1 2 16 0 0 4 1 9 1 7 3 1 6 0 0 0 0 2 3 5 1 3 10 1 0 0 10 0 1 3 2 3 4 4 7 0 0 7 6 2 1 5 2 0 5 11 6 1 3 9 0 0 1 3 2 1 2 16 13 10 1 3 13 1 0 5 5 2 1 2 5 1 0 1 4
0 5 10 17 9 3 3 17 1 6 7 14 0 7 4 13 18 4 5 0 0 19 1 27 5 0 10 2 3 1 5 6 10 0 21 2 13 0 13 4 2 0 22 3 16 10 0 6 3 23 1 3 28 2 0 13 10 5 8 5 65 3 17 0 14 2 8 2 8 15 0 5 2 3 15 8 1 5 18 10 2 0 5 9 23 0 8 2 22 6 10 12 3 4 6 1 1 14 9 3
0 1 2 0 0 0 0 1 4 0 0 0 0 1 3 0 0 0 0 0 0 0 0 0 0 0 0 0 2 9 0 0 2 1 0 0 1 11 0 2 0 0 0 3 0 0 0 1 0 0 1 0 1 0 1 0 3 0 0 0 0 0 0 2 0 0 0 0 0 0 1 0 1 0 0 1 0 1 0 0 0 0 0 1 0 1 0 1 0 0 0 1 1 0 0 0 0 1 0 0
0 2 6 4 2 14 2 5 3 2 11 2 0 10 0 2 0 0 4 0 9 2 0 5 1 0 8 3 0 1 3 2 0 1 0 2 2 2 5 3 1 4 0 0 1 3 0 13 4 7 2 5 3 8 10 0 7 0 1 1 11 8 0 0 10 6 7 2 7 0 4 3 28 1 7 1 0 0 19 10 20 4 13 2 4 1 0 7 4 7 5 10 2 2 2 7 6 0 9 0
5 5 1 2 9 9 3 4 2 0 13 3 4 6 3 7 3 2 15 5 6 5 14 2 10 6 0 1 2 6 38 0 4 5 0 1 22 19 2 15 3 4 11 26 5 2 6 16 1 2 10 5 3 15 0 7 21 12 1 20 15 0 7 10 3 1 6 5 1 3 1 11 14 0 2 7 5 3 1 3 4 8 10 10 5 0 2 30 0 11 1 0 6 14 13 40 13 5 4 0
7 0 0 0 1 1 4 1 7 6 0 1 0 2 0 10 2 12 3 1 2 10 3 4 3 1 0 2 4 5 0 1 5 1 4 7 2 1 5 0 0 5 9 4 2 0 4 12 6 0 1 2 5 3 0 2 10 3 11 0 5 14 6 0 2 2 6 7 5 2 3 2 9 0 6 0 3 0 3 10 0 8 1 3 6 3 1 6 4 2 2 13 1 6 5 3 4 7 8 13
0 2 9 0 2 12 1 8 1 9 1 1 5 0 0 6 1 0 3 8 6 1 0 7 0 1 8 3 1 0 0 3 2 4 10 4 4 4 1 10 1 0 22 1 2 2 0 7 7 0 0 5 4 0 1 1 3 6 0 1 0 6 1 0 1 17 3 1 5 0 0 3 0 2 2 5 9 2 3 0 7 0 1 3 4 1 5 0 14 10 0 1 12 13 4 1 3 9 1 7
0 0 0 0 0 0 0 0 1 0 0 0 0 0 1 0 0 1 0 0 2 0 0 0 0 0 0 0 0 4 0 0 1 0 0 0 0 2 0 2 0 0 0 1 0 0 3 0 0 0 2 0 0 0 1 0 0 0 0 0 0 0 1 1 3 0 2 0 0 0 0 0 0 0 0 0 0 1 1 0 0 0 0 0 0 0 0 3 0 0 0 0 0 0 0 0 0 0 0 1
1 2 0 0 3 0 2 1 17 2 2 5 1 18 0 4 5 3 1 0 2 2 0 0 9 2 4 0 2 5 5 0 5 1 0 0 1 1 1 5 0 1 10 0 4 0 55 3 3 0 11 1 0 2 12 4 3 18 16 1 1 0 1 3 2 2 0 2 5 6 9 4 2 4 6 2 4 1 8 11 2 0 3 2 8 4 10 0 7 1 22 3 3 8 1 4 2 7 0 2
5 4 13 6 2 4 26 1 0 2 6 0 0 3 16 13 23 1 1 4 4 27 2 22 9 10 4 2 6 7 38 8 0 20 0 1 8 1 9 8 13 4 4 36 7 0 7 2 16 2 0 2 17 11 5 17 14 5 9 8 14 5 6 3 11 14 3 0 13 3 0 8 0 2 5 2 8 9 8 20 11 6 1 4 16 2 3 35 2 19 0 42 9 21 6 0 0 0 2 3
0 0 0 0 6 0 0 1 12 0 0 0 0 2 13 1 1 0 0 0 0 1 0 0 0 2 0 0 0 0 1 0 0 0 0 0 2 1 0 1 0 0 3 1 0 0 0 0 0 1 1 1 0 0 1 0 0 0 0 0 0 1 0 0 0 1 0 0 1 1 0 0 0 1 0 0 0 0 0 0 0 0 0 0 0 1 0 0 1 0 0 1 0 0 0 0 1 0 0 0
1 0 3 0 0 0 0 3 1 3 2 0 1 0 0 0 0 5 0 0 1 3 0 0 0 0 0 1 0 0 1 0 0 0 4 1 0 0 0 1 0 0 0 0 1 0 1 0 0 0 0 1 0 0 3 0 0 0 3 0 0 0 0 1 0 0 0 0 0 8 3 0 0 0 0 1 0 1 0 3 0 0 0 0 1 0 0 1 1 0 0 1 1 0 0 0 0 1 1 1
0 2 6 1 15 11 28 5 0 0 12 2 23 4 11 10 4 2 4 7 3 5 4 0 0 3 1 17 2 4 7 6 1 22 2 1 15 14 6 1 9 3 4 5 16 8 14 12 11 9 15 6 4 6 0 4 7 7 4 3 0 13 6 4 4 11 8 10 2 3 5 0 1 0 2 24 6 3 3 14 12 4 2 0 13 9 0 4 4 12 3 16 0 2 8 0 1 3 1 0
4 15 7 11 4 3 5 3 2 4 16 7 7 4 3 12 0 11 3 5 10 7 29 5 0 18 4 3 3 1 2 7 0 0 14 7 0 0 0 4 7 3 1 32 0 27 2 13 10 4 6 4 11 3 0 8 9 16 2 12 44 1 1 0 5 2 8 3 7 1 1 6 7 16 0 9 16 1 3 0 1 1 11 8 3 1 8 17 9 1 19 14 14 12 10 14 0 4 17 0
5 12 3 0 0 4 1 5 0 4 0 2 0 3 0 8 11 3 7 3 7 0 0 7 5 14 9 4 0 0 4 15 0 2 4 6 0 0 1 3 12 1 4 1 8 0 1 0 2 0 4 1 3 0 6 4 4 4 5 6 4 2 1 2 2 11 2 0 3 0 0 4 6 0 4 8 4 2 1 5 0 0 0 1 11 5 0 1 15 11 0 5 3 0 0 0 0 0 8 2
0 0 0 0 1 0 0 0 0 0 0 0 1 1 2 1 0 0 0 0 0 0 0 2 1 0 0 1 0 12 0 0 1 0 0 0 0 0 0 0 0 0 0 0 0 1 1 0 1 0 0 1 0 0 0 0 0 1 3 0 2 0 0 0 5 0 0 0 0 1 1 0 1 1 0 0 0 1 0 0 1 0 1 0 0 2 0 0 1 0 0 0 0 0 0 0 0 0 0 0
5 20 16 4 0 3 3 29 1 2 0 1 3 0 8 1 4 0 9 17 12 8 1 0 0 12 10 17 14 14 0 0 5 1 0 8 13 12 3 24 12 2 2 0 3 7 0 8 24 12 14 25 12 17 5 7 23 3 11 6 36 0 0 14 1 12 0 0 11 0 0 10 5 4 1 0 16 0 8 0 1 5 10 8 3 24 25 11 0 0 2 1 25 2 3 2 4 0 16 0
0 0 0 0 1 4 0 0 0 0 0 0 0 0 0 0 1 0 0 0 0 0 0 0 0 2 3 0 0 0 0 0 1 0 1 1 0 2 1 1 1 0 0 1 0 1 2 3 1 0 0 0 0 2 1 1 0 0 0 0 0 1 0 1 1 2 0 0 0 14 1 1 0 0 0 0 1 3 0 2 0 0 3 0 0 0 2 0 0 0 1 0 0 0 0 1 0 0 1 0
2 1 3 0 3 4 3 2 4 1 3 9 0 0 2 1 0 5 1 0 2 12 4 2 4 2 4 8 2 0 3 3 1 1 0 6 4 10 14 1 0 4 0 5 2 6 0 0 1 5 1 3 4 0 0 1 0 0 20 13 0 2 29 3 8 0 3 0 1 3 0 4 2 2 1 3 1 1 5 1 7 0 0 8 0 17 3 0 0 10 0 0 5 4 1 14 0 4 5 6
1 3 3 13 2 0 0 0 3 1 4 4 2 5 2 5 0 2 1 2 2 4 8 6 10 2 6 14 3 0 0 4 0 0 1 5 3 1 10 1 6 8 5 15 7 16 2 6 3 4 0 0 3 6 8 4 1 2 0 3 1 7 3 1 3 0 6 9 5 40 1 4 3 1 0 0 0 0 5 5 3 0 9 2 5 3 3 4 0 10 0 0 0 2 0 2 6 6 5 3
1 5 2 8 5 10 0 1 6 2 10 1 1 1 1 5 7 1 4 2 9 2 0 0 5 2 1 5 2 7 10 1 0 0 0 1 0 3 3 0 0 5 5 0 2 0 4 1 0 14 2 0 5 8 2 6 3 0 7 3 2 0 5 3 6 1 2 2 4 8 4 8 17 0 3 3 2 1 3 3 1 2 3 3 7 14 2 3 2 4 3 0 13 1 0 0 1 2 10 9
10 1 0 15 20 16 5 24 14 1 21 5 0 3 16 14 15 0 2 3 14 6 13 2 3 8 8 1 24 16 6 15 1 1 0 2 0 4 4 0 0 29 1 7 1 4 3 3 7 5 6 8 5 4 2 2 5 4 8 2 1 6 2 10 14 2 1 5 23 12 0 7 14 0 5 4 1 5 1 0 3 15 8 13 16 6 1 11 21 5 3 1 12 32 2 6 6 11 6 3
2 12 5 5 1 1 1 0 0 10 8 0 7 0 15 8 6 0 0 5 9 3 4 0 0 6 2 0 2 5 1 1 3 0 2 3 6 7 3 1 6 4 0 2 11 4 4 4 5 1 1 1 5 26 2 2 2 5 3 5 0 3 6 2 6 1 11 1 2 2 0 0 3 0 3 10 0 0 5 1 0 17 4 4 4 1 3 1 5 3 5 3 4 5 3 0 0 8 1 4
0 1 6 3 8 1 2 7 6 4 9 7 2 3 0 5 4 0 35 19 5 49 27 1 12 5 4 7 7 10 3 5 3 9 3 3 5 1 22 0 0 4 5 1 20 11 16 4 2 13 6 3 7 15 15 11 1 2 4 11 11 3 6 16 10 8 7 6 10 3 4 32 3 1 3 3 2 0 5 6 2 0 29 16 16 0 24 0 12 11 6 6 16 3 2 19 10 9 32 6
4 7 1 27 6 19 7 2 4 0 1 9 7 1 4 8 9 2 25 4 5 2 1 12 16 5 4 45 15 2 0 5 10 2 45 2 3 5 12 4 0 9 2 1 7 13 2 4 12 3 3 2 7 6 1 23 8 16 4 0 4 3 2 0 17 13 11 5 1 5 14 13 5 8 25 13 12 11 15 6 19 9 1 5 1 3 13 15 19 2 0 27 4 13 31 17 18 8 28 5
2 6 12 8 0 7 8 5 0 3 4 1 2 10 0 1 8 7 4 0 5 10 4 7 2 0 3 3 1 2 6 1 0 2 8 9 5 0 1 5 7 2 14 7 5 3 3 3 2 10 0 24 0 8 4 0 4 0 2 6 4 5 7 0 0 1 9 5 1 7 6 0 1 3 5 5 5 0 1 1 2 4 9 7 6 4 0 0 3 6 19 1 11 2 2 3 0 2 2 2
2 3 0 5 0 2 4 3 1 0 10 1 0 2 0 6 2 0 4 8 3 4 6 4 2 4 0 2 0 4 4 2 0 3 4 2 8 0 8 1 3 1 9 0 4 13 0 4 0 1 7 9 0 10 1 0 4 8 6 2 2 8 1 0 1 13 0 0 8 15 2 7 6 0 11 3 4 7 0 2 13 16 1 1 5 16 2 1 0 0 0 1 6 0 10 0 3 1 3 9
1 0 2 2 0 0 2 2 0 1 0 4 0 0 1 0 0 5 0 0 0 0 2 0 1 0 0 2 0 1 0 0 1 0 0 0 0 0 0 0 0 0 0 0 0 0 0 0 1 1 0 0 0 3 0 0 2 0 0 0 0 0 0 0 0 0 1 0 0 0 0 0 0 1 0 0 4 0 0 0 0 0 0 0 1 0 0 0 0 2 0 4 0 0 0 1 3 0 0 0
3 5 12 5 2 1 7 1 6 2 0 0 10 4 5 0 2 0 1 3 0 10 1 1 0 1 0 0 5 2 0 0 16 1 0 1 6 0 11 1 6 6 2 0 1 4 6 0 2 1 0 7 21 0 4 16 2 6 0 2 0 2 0 5 13 0 0 11 4 0 5 5 3 4 3 0 13 11 0 1 10 0 3 5 1 1 3 8 1 2 0 0 11 17 11 4 0 3 11 2
13 17 3 10 1 6 6 6 2 5 18 5 8 0 2 2 0 6 3 2 17 25 18 12 4 0 7 5 6 0 1 21 4 4 3 11 0 3 9 0 4 5 6 25 18 0 2 2 0 3 4 1 1 14 4 5 0 16 4 0 2 10 6 3 5 5 14 20 10 0 18 11 11 17 0 17 4 4 1 0 4 5 4 1 5 17 6 2 5 1 6 1 3 21 0 2 0 0 3 0
2 0 2 1 0 0 0 2 3 3 0 0 0 0 3 0 1 0 0 3 0 0 0 0 0 0 0 1 0 1 0 0 3 1 0 1 0 3 1 1 0 1 0 0 0 0 1 2 0 0 0 0 2 0 0 1 0 0 0 1 1 0 2 1 1 0 0 2 2 0 0 0 0 2 0 0 0 0 0 0 0 1 0 0 0 0 0 0 1 0 0 1 0 0 0 0 1 1 1 1
12 1 8 3 0 5 2 0 2 8 1 8 1 1 6 4 7 11 2 0 2 0 4 3 3 13 8 3 2 2 3 13 1 2 0 8 2 3 0 9 6 12 10 22 0 1 1 0 3 4 0 0 4 4 1 2 0 5 6 3 0 1 0 0 4 1 5 7 6 1 0 2 6 3 2 0 3 12 2 9 0 0 7 0 7 1 1 0 0 6 2 2 14 0 3 3 3 1 2 8
0 1 1 1 0 0 0 0 1 0 0 1 0 0 2 0 0 0 0 0 0 0 0 1 0 0 1 2 0 0 0 0 0 0 0 1 0 0 0 0 0 0 0 3 0 0 1 1 0 0 1 0 0 0 0 1 1 0 1 0 1 0 0 1 0 1 0 0 1 0 0 0 0 0 0 1 0 0 1 0 2 1 0 2 0 0 0 0 1 0 2 0 0 0 0 0 0 0 0 0
4 4 13 3 20 2 0 1 6 9 7 20 1 2 7 6 0 0 8 10 2 3 5 6 5 0 8 1 4 1 6 0 1 0 2 5 1 2 7 3 10 10 4 0 2 16 0 13 7 3 1 2 1 1 8 1 14 8 2 12 5 0 0 1 8 4 2 6 19 2 1 8 1 0 0 1 1 0 1 1 10 6 5 7 7 0 0 3 7 10 0 14 5 2 1 2 16 0 1 9
12 4 22 11 13 4 2 8 0 8 17 3 1 0 1 12 14 56 0 5 12 2 14 12 6 18 11 3 1 14 7 2 1 11 26 1 6 3 7 2 3 10 2 2 5 4 6 0 5 0 11 6 1 1 20 7 2 2 14 0 1 2 4 24 23 2 8 3 2 5 4 2 4 13 12 21 32 13 9 7 7 4 12 0 3 13 7 13 3 2 12 9 0 0 5 0 0 10 13 18
0 3 0 7 1 12 2 4 2 0 3 4 13 22 3 33 22 1 1 6 1 15 1 1 24 10 7 11 3 18 6 0 13 5 4 5 14 4 16 22 0 2 7 11 6 6 12 6 26 0 38 2 17 12 0 1 2 3 1 4 3 4 10 3 3 2 16 8 8 3 5 3 5 6 7 7 0 7 0 11 2 3 7 7 2 2 6 2 10 7 9 20 6 50 10 0 2 27 13 48
0 21 5 9 0 0 1 6 3 13 0 3 0 1 8 0 0 6 1 0 2 2 5 10 0 2 3 0 3 6 2 1 2 5 19 7 5 1 0 1 7 2 0 27 1 9 1 7 0 0 0 0 5 1 3 5 4 15 0 2 4 2 0 7 0 2 2 2 7 1 1 7 3 1 8 10 2 6 0 12 0 3 1 4 0 2 6 4 6 4 2 3 4 3 2 2 7 3 0 1
17 2 0 6 4 10 16 26 3 2 0 1 19 0 5 0 13 1 0 16 2 13 2 5 8 35 6 4 10 2 10 0 1 3 4 10 7 1 23 5 1 2 6 6 0 4 14 4 4 3 24 14 1 10 29 13 4 11 2 2 0 1 14 2 0 9 1 1 2 7 12 7 19 4 5 4 4 24 9 29 14 0 0 8 0 35 0 1 22 13 2 2 0 24 11 5 12 25 2 10
7 16 2 0 21 4 14 4 3 0 3 7 10 0 9 5 6 0 15 31 2 2 0 1 5 2 1 3 0 6 9 1 0 2 4 1 3 0 2 7 2 0 7 26 0 6 11 1 9 9 0 3 4 1 0 14 6 0 2 1 13 0 2 5 0 3 1 3 1 1 3 1 4 0 4 2 15 1 14 14 1 1 1 0 3 0 3 0 1 4 1 30 2 12 0 14 3 0 8 7
1 6 3 2 0 2 0 1 1 3 2 2 1 0 1 2 4 0 0 0 2 1 0 0 2 5 7 9 1 0 12 4 0 7 11 1 1 1 5 4 6 4 23 0 0 1 1 2 2 3 2 10 1 5 14 1 1 7 1 13 22 0 3 8 0 2 11 6 0 1 3 2 3 13 6 1 10 1 3 0 8 10 0 0 0 4 5 4 14 1 0 11 0 5 1 12 1 0 1 2
0 1 0 0 0 0 0 0 5 0 1 0 0 0 2 1 0 0 0 0 0 0 0 0 1 0 0 0 1 0 1 0 3 4 0 0 0 2 0 0 0 0 0 0 0 0 0 0 1 0 1 0 1 0 0 1 1 0 0 0 0 0 0 1 2 0 0 2 4 0 0 1 0 0 0 0 1 5 1 1 0 0 0 0 1 0 1 0 1 0 0 1 0 1 0 0 5 0 0 0
5 6 8 0 4 6 3 5 8 1 38 2 12 0 17 11 1 12 9 0 13 0 7 7 3 4 15 1 0 6 20 7 19 0 2 15 1 13 3 3 14 4 26 0 20 11 35 0 4 5 0 2 4 6 4 2 10 1 31 25 10 9 2 11 1 5 6 10 2 8 16 0 16 4 2 0 3 1 6 2 17 0 0 8 2 0 35 16 0 17 0 8 0 0 4 14 4 21 1 22
2 4 3 3 11 2 3 0 4 4 3 4 0 2 6 0 0 3 0 6 16 0 0 9 0 7 11 6 8 16 21 5 9 4 2 0 6 23 1 2 7 4 0 5 1 1 3 3 2 0 5 11 21 2 5 4 0 3 2 0 1 10 0 0 2 1 1 1 2 4 2 12 1 17 3 11 4 9 1 2 0 9 2 1 4 9 1 4 0 34 7 2 11 1 1 1 1 1 2 3
0 0 0 0 0 0 0 0 0 0 0 0 1 2 0 0 0 0 1 0 0 0 0 0 0 1 0 2 0 0 0 0 0 1 1 0 0 0 1 0 0 0 2 3 0 0 0 0 2 1 1 0 0 1 0 0 0 0 0 0 1 0 0 0 0 2 4 0 0 0 2 0 2 0 0 0 0 0 0 1 1 2 0 1 0 0 0 1 0 0 8 0 0 0 0 1 0 0 0 0
0 0 0 1 10 1 0 0 8 0 0 0 0 1 6 0 2 0 1 0 0 0 1 0 0 4 0 1 0 4 0 1 8 0 0 0 0 2 0 0 0 0 0 1 0 0 0 0 0 0 1 0 0 4 0 0 0 1 0 0 0 0 1 0 0 0 0 0 0 0 1 0 1 0 0 0 2 0 0 0 1 0 2 0 0 0 0 1 0 1 2 1 0 0 0 0 0 1 0 0
17 2 8 9 23 3 6 29 0 0 19 11 1 9 6 18 10 1 0 1 4 5 29 4 2 9 4 1 9 10 3 0 10 2 15 12 1 1 0 17 9 10 6 4 1 18 3 19 19 5 13 5 0 5 8 15 0 5 8 5 0 21 3 1 1 24 15 9 29 9 2 7 0 1 0 2 1 12 2 2 0 6 0 2 21 13 10 5 11 9 1 2 8 2 6 0 8 12 24 10
3 15 1 6 1 2 7 7 0 2 2 0 1 3 0 3 7 1 5 2 18 1 0 0 1 4 0 2 0 1 17 11 1 0 5 7 7 1 0 3 3 0 2 0 7 6 5 5 1 0 3 4 0 2 6 1 6 0 5 6 17 5 22 3 0 7 1 0 7 0 1 2 9 7 0 0 1 0 3 3 0 6 1 3 1 0 6 0 0 7 17 0 0 1 1 6 0 1 21 0
0 0 4 0 5 8 24 1 3 0 2 2 6 2 2 9 3 0 1 8 8 1 3 8 1 0 0 2 1 13 2 0 14 0 2 2 15 2 2 1 7 7 0 5 5 4 3 0 2 4 3 1 2 7 1 1 2 1 4 1 4 11 1 16 4 2 6 1 11 1 0 17 1 1 4 0 8 13 0 6 3 1 2 1 0 4 4 0 1 3 4 0 12 2 0 2 3 1 0 0
0 1 0 2 12 0 3 0 3 0 0 0 0 0 0 0 1 1 0 0 0 0 0 0 0 0 1 0 0 7 0 0 3 0 0 1 0 2 0 1 3 0 2 0 0 0 0 1 0 0 0 0 0 3 2 0 0 0 1 0 0 0 1 3 3 0 0 1 0 0 0 1 0 0 0 0 0 0 0 1 0 1 0 2 0 0 0 0 0 0 0 0 0 0 1 0 0 0 1 1
0 0 0 0 0 0 0 0 0 0 0 6 0 0 1 0 0 0 0 0 1 0 0 0 0 1 0 0 3 0 0 0 0 6 1 1 0 0 0 3 1 0 2 0 0 0 0 0 0 0 0 3 0 0 0 2 0 0 0 0 0 2 0 4 0 0 1 0 1 1 1 0 0 0 0 0 0 0 1 0 1 0 2 0 0 0 0 0 1 3 0 0 0 0 2 0 3 0 1 0
3 21 3 0 10 2 1 0 4 8 3 15 6 1 9 1 1 0 10 13 3 3 9 3 0 9 0 1 9 8 2 7 4 1 2 3 4 0 8 7 1 4 8 1 0 10 1 0 1 6 6 1 13 1 3 0 0 0 5 0 2 3 1 12 9 0 0 0 0 2 1 4 0 2 2 0 4 2 0 3 1 8 5 0 0 10 21 2 1 0 16 0 2 2 6 3 1 2 6 0
1 4 2 1 2 3 2 1 0 10 4 0 5 1 4 7 0 0 2 5 3 0 13 2 1 9 1 4 1 9 3 0 1 0 2 5 0 3 12 7 6 13 6 2 1 5 1 6 5 2 10 1 9 2 9 1 6 0 3 2 3 0 2 0 6 5 3 3 1 0 1 0 7 1 6 9 0 6 11 0 1 1 3 19 10 1 5 3 0 21 6 0 1 2 9 1 7 4 2 3
0 0 0 1 1 2 0 2 1 0 0 0 0 1 1 0 0 0 0 0 1 0 0 0 0 0 1 0 0 0 0 0 1 0 1 0 0 0 0 3 0 0 0 0 2 1 0 0 0 0 0 0 0 0 1 0 1 0 0 0 0 0 0 1 0 1 0 0 0 0 1 2 0 0 1 2 1 0 0 0 0 4 0 1 0 0 1 0 0 3 0 0 0 0 1 2 0 0 0 1
2 0 11 10 6 28 22 17 0 0 2 11 3 33 0 4 6 6 10 8 7 9 1 5 1 3 11 5 1 7 9 1 1 13 8 5 3 7 17 0 10 3 2 21 1 34 11 0 6 0 17 0 6 7 8 0 11 7 3 1 8 16 0 8 15 6 1 1 9 29 14 33 8 4 0 5 24 16 3 1 4 5 7 0 2 4 6 0 11 2 6 4 36 7 0 0 0 2 12 23
5 2 13 6 0 1 4 1 6 1 7 3 0 0 3 3 7 0 2 14 6 6 13 5 3 0 7 0 0 1 2 20 3 2 5 2 0 1 3 1 0 2 2 7 0 2 2 4 0 10 7 2 9 5 2 5 1 0 2 6 5 3 9 1 4 4 11 1 3 2 1 1 2 3 0 20 4 4 11 4 5 8 2 3 7 3 8 6 0 0 1 0 14 2 6 10 7 8 2 6
5 6 1 3 5 9 1 2 0 3 17 0 3 4 1 1 6 2 16 4 3 12 9 2 0 4 3 2 3 8 4 1 0 10 3 0 8 4 2 8 3 6 2 4 0 4 1 2 0 9 1 0 4 9 11 2 0 4 1 2 4 0 5 1 0 6 1 3 3 1 2 0 0 2 7 0 2 2 2 3 1 9 2 10 3 1 0 8 11 7 2 2 1 3 5 3 4 1 8 1
5 0 1 0 1 0 0 2 0 0 1 5 0 0 1 0 0 0 0 3 1 0 0 1 0 0 0 1 3 0 1 0 0 1 0 0 0 0 0 0 0 0 0 0 0 2 0 0 0 0 0 0 0 1 0 0 0 0 0 0 4 0 1 0 1 0 2 0 0 1 0 2 2 1 1 0 1 3 0 1 0 0 2 0 2 0 1 0 0 0 0 17 0 2 2 1 3 0 1 2
2 2 7 12 0 4 2 6 2 16 4 0 21 0 5 1 8 3 1 13 2 14 5 7 2 5 15 1 2 15 3 5 1 8 6 1 3 3 12 27 0 3 0 1 0 10 0 1 1 12 3 1 3 1 4 5 2 5 11 5 0 7 5 2 4 2 2 1 6 3 13 1 0 2 1 1 4 0 4 9 1 0 2 13 0 2 0 1 0 0 13 1 2 10 4 1 1 4 0 1
0 2 0 0 0 0 0 0 0 1 0 0 0 0 1 0 0 9 0 0 0 0 3 0 0 1 0 1 0 2 0 0 0 0 0 1 1 0 0 0 4 0 0 0 0 2 3 0 0 2 1 1 1 0 0 0 0 0 1 0 0 0 1 0 0 0 0 0 3 3 1 0 0 0 0 2 0 0 0 8 0 0 0 0 0 0 0 1 0 2 0 0 0 1 0 0 0 0 5 0
21 13 2 11 5 3 0 5 3 1 2 7 13 20 20 3 1 12 4 28 2 14 3 1 16 0 28 6 1 1 4 6 9 1 1 11 1 2 14 1 1 4 7 9 40 12 8 0 2 21 4 5 0 8 3 7 1 10 3 3 2 5 10 0 3 8 1 0 5 14 3 5 16 15 17 11 7 7 1 7 24 0 7 4 9 3 8 3 3 16 3 2 2 3 8 2 1 4 0 1
1 0 1 5 0 5 0 4 1 1 8 1 1 1 1 3 5 5 2 7 4 1 4 1 2 4 3 1 0 0 10 9 0 1 1 5 1 1 1 2 16 9 3 0 13 2 1 0 2 3 0 3 21 0 0 6 4 9 6 13 3 1 0 0 0 1 1 1 3 4 0 5 5 5 2 4 1 1 7 8 8 1 6 4 0 0 4 2 2 8 5 0 9 4 12 4 8 4 0 6
9 6 9 3 2 1 3 2 1 1 4 5 12 0 2 1 0 3 3 2 0 0 11 11 7 9 0 0 3 0 0 2 1 3 10 1 0 2 1 4 1 12 3 3 4 1 3 6 1 4 0 0 1 4 6 2 1 11 5 5 8 0 1 2 1 7 17 1 8 2 1 3 2 3 9 15 3 2 1 3 4 1 2 0 0 0 3 5 2 9 0 2 11 4 2 4 1 3 4 0
1 0 0 1 5 0 1 3 1 0 0 0 1 0 4 1 3 0 0 0 0 2 3 0 0 2 0 1 0 0 0 2 1 0 0 0 0 1 0 1 0 0 0 1 0 0 0 1 0 0 0 0 0 0 0 0 0 0 2 0 0 1 0 0 9 0 0 0 0 0 1 2 0 1 0 1 1 1 1 0 0 2 1 0 2 0 0 1 0 1 0 0 0 0 0 1 2 1 1 1
0 2 0 0 0 2 0 1 0 1 0 0 0 0 1 0 0 8 0 0 0 1 2 1 0 0 0 1 0 1 0 0 0 0 0 0 1 0 1 2 0 0 0 0 0 0 0 0 1 0 0 0 0 1 0 0 0 0 1 0 0 0 0 0 1 0 0 0 0 2 0 0 1 0 0 1 0 0 0 1 0 1 0 0 0 0 0 1 0 0 3 2 0 0 0 0 0 0 0 0
1 8 1 3 20 3 3 1 6 4 2 2 11 0 5 7 6 0 0 4 6 2 0 4 11 0 11 0 8 8 0 0 1 0 1 23 7 0 9 7 0 1 0 2 4 6 3 3 4 4 0 2 6 3 0 1 0 4 7 13 1 0 1 0 4 12 7 4 0 3 1 0 2 1 2 7 6 0 1 0 8 3 10 7 3 8 0 8 5 7 8 2 7 7 6 2 1 1 2 3
10 11 4 6 5 9 4 9 3 17 26 8 5 17 5 7 18 1 8 1 8 15 6 3 11 9 10 9 4 10 1 6 5 1 3 2 0 0 11 0 7 31 10 0 8 12 2 2 2 21 3 1 3 31 2 3 4 22 2 29 21 6 3 28 1 30 5 1 5 1 0 4 5 2 0 22 14 15 0 3 0 13 6 4 3 0 6 3 0 4 18 6 18 2 27 6 1 1 11 9
