0 1 0 0 1 0 0 2 2 0 3 0 0 1 0 0 0 1 0 0 1 0 0 0 0 0 1 0 0 0 1 0 0 0 0 0 0 0 0 0 0 0 1 1 0 1 0 0 0 0 0 1 2 0 1 0 0 0 1 0 0 1 0 2 1 0 0 1 0 0 0 0 1 0 0 0 4 1 0 0 0 1 0 0 0 0 1 0 1 0 1 1 3 1 0 0 1 4 1 2
1 3 0 11 1 2 2 12 8 0 14 1 0 7 5 22 0 15 4 10 3 7 6 2 15 10 2 1 8 3 3 1 9 9 9 17 5 10 23 3 28 2 20 0 0 18 29 10 5 11 0 1 15 3 20 4 0 0 7 3 5 3 4 1 11 4 9 1 18 12 2 0 6 5 7 29 13 9 17 9 0 14 7 1 24 0 1 4 6 2 13 2 6 5 2 4 2 0 2 7
0 3 14 29 4 43 3 9 10 6 4 16 3 12 3 6 3 17 8 12 15 7 0 2 3 11 5 4 22 0 2 3 10 2 0 16 22 1 4 6 2 16 5 32 1 3 1 1 0 3 2 0 34 0 2 11 2 5 16 1 18 38 1 0 4 4 23 14 11 0 1 1 9 2 4 1 5 1 0 4 4 1 1 7 1 0 8 2 24 0 9 0 1 1 0 4 7 7 0 5
1 0 0 0 0 0 0 0 0 0 0 0 0 0 0 2 0 0 0 0 0 0 0 0 0 1 0 0 0 1 0 1 0 2 0 4 1 0 0 0 0 1 2 0 0 0 0 0 1 1 0 0 2 0 0 1 0 0 0 0 0 0 0 0 1 1 0 1 0 0 1 0 1 0 0 0 2 0 0 0 0 1 2 0 0 1 0 0 0 0 1 0 2 0 0 1 0 2 0 0
0 0 0 0 0 1 0 0 1 0 0 0 0 1 0 0 0 0 1 1 0 2 0 1 0 0 1 0 1 0 2 0 1 1 0 4 0 0 0 4 0 0 1 1 1 0 1 0 0 1 0 2 0 2 0 0 2 1 0 0 0 2 0 0 0 0 1 0 3 2 0 0 0 0 0 0 0 1 0 0 0 2 1 0 0 0 0 0 0 0 0 0 0 0 0 0 1 0 0 0
5 5 9 1 16 4 1 12 2 7 8 8 9 8 28 0 8 12 0 4 10 5 7 1 7 13 12 13 16 7 1 5 5 0 15 8 4 7 7 3 1 16 4 4 11 7 30 7 6 10 1 1 6 8 6 1 10 4 5 0 28 6 13 2 11 2 10 18 2 24 3 12 3 4 11 5 15 8 9 1 7 0 9 3 0 9 8 8 14 9 4 36 9 8 11 24 10 18 1 25
2 13 4 3 11 29 3 22 1 8 13 5 2 0 0 9 3 1 0 0 9 1 11 6 1 1 3 27 7 20 20 3 4 1 0 9 0 9 0 3 6 7 4 6 0 1 22 11 4 5 5 0 0 5 33 17 4 11 6 5 20 0 4 14 1 0 1 2 14 11 6 2 1 1 13 1 2 2 7 0 6 43 1 13 3 1 3 16 0 7 7 0 8 60 0 5 4 9 6 3
5 3 8 3 4 16 7 2 7 15 4 3 2 3 3 14 2 0 2 2 6 33 3 1 16 3 4 18 33 7 4 9 0 3 8 0 17 6 21 16 22 1 11 4 25 6 3 2 10 9 11 15 2 1 3 2 15 4 31 7 1 12 27 4 0 7 1 3 10 6 0 0 15 7 11 1 1 3 11 1 1 0 11 8 18 0 0 3 1 50 16 5 2 6 0 3 4 1 2 1
0 0 0 0 0 4 0 0 0 2 0 0 0 0 3 0 0 0 0 1 0 0 2 2 0 0 0 0 0 0 0 0 1 0 0 2 0 0 0 0 0 0 2 1 1 1 0 0 0 0 0 0 3 0 11 0 1 0 1 0 0 0 1 0 2 1 0 1 0 0 1 0 0 0 1 2 0 0 0 0 0 0 1 1 1 1 2 0 1 0 0 0 4 0 0 0 1 6 0 0
4 0 0 1 0 0 0 1 1 0 2 0 0 0 2 0 0 0 0 0 0 0 0 0 0 1 0 0 1 0 0 2 0 0 0 0 0 1 0 1 1 0 0 0 0 0 0 0 0 0 3 1 0 0 0 1 0 0 0 0 1 0 0 0 2 0 0 0 1 0 1 3 1 0 0 1 0 0 0 0 0 0 0 1 1 2 1 2 0 0 0 0 11 3 1 6 0 4 0 0
0 2 0 8 0 0 0 1 2 1 3 3 13 0 22 0 1 8 3 10 1 5 0 0 5 2 12 1 3 1 7 3 1 3 0 3 3 1 2 5 6 3 6 9 1 7 0 5 2 6 20 1 3 1 1 1 4 0 6 1 2 3 6 4 1 0 9 0 4 1 8 8 5 2 33 20 6 1 1 1 1 3 3 3 1 1 0 4 0 5 1 11 6 12 9 2 2 1 6 0
2 4 1 1 0 1 6 7 1 0 4 3 9 1 6 8 10 4 7 3 6 0 1 0 3 0 6 1 0 1 1 5 7 1 12 0 11 4 10 8 1 0 0 5 4 23 8 1 1 2 3 11 0 2 9 0 0 17 1 0 0 1 2 4 2 2 5 4 17 0 7 7 6 10 0 2 13 1 10 11 5 2 5 0 1 0 0 2 2 2 0 1 4 0 17 3 1 1 9 0
0 2 0 1 0 2 2 0 0 0 2 0 0 0 1 4 0 3 10 5 16 2 7 13 5 5 1 0 1 0 0 1 0 1 6 1 4 0 11 5 6 6 2 0 0 2 9 7 1 0 1 0 1 0 0 2 1 0 6 1 2 1 8 0 0 9 1 4 4 1 1 4 6 2 7 0 0 9 0 0 11 0 8 11 1 0 6 3 0 1 4 2 4 2 2 4 3 4 6 0
0 0 0 0 1 0 1 0 2 1 0 0 0 0 0 0 0 0 2 0 0 0 1 1 0 1 0 0 0 0 0 0 0 0 1 0 0 0 0 0 0 0 0 0 3 0 0 0 0 0 0 1 0 0 0 3 0 1 0 0 0 1 1 0 0 0 0 1 0 0 0 0 2 0 0 0 0 1 0 0 0 0 1 0 0 1 1 1 2 1 0 0 0 4 1 0 0 0 1 0
0 0 0 2 2 0 0 1 0 0 0 0 0 0 1 1 0 0 1 1 0 0 0 0 0 0 1 0 2 0 1 0 0 0 0 2 1 0 1 0 0 1 0 1 7 0 0 0 0 0 0 0 1 0 2 0 0 7 0 0 0 1 0 0 0 0 0 0 0 0 0 1 0 0 1 1 0 0 0 0 0 8 0 0 0 0 1 1 0 0 1 0 0 0 0 0 0 0 1 2
0 1 0 0 0 0 0 1 4 0 0 0 0 0 1 0 0 0 1 0 0 0 0 0 1 0 0 2 0 0 0 1 1 2 2 2 0 0 0 0 0 0 0 0 0 0 1 1 3 0 0 0 0 1 0 0 0 0 0 0 1 0 0 0 1 4 1 0 0 0 1 0 0 0 0 0 0 0 0 1 0 0 0 0 0 0 1 0 1 0 0 0 0 0 1 0 0 0 0 1
13 9 7 0 1 1 11 4 0 5 2 0 3 1 29 15 15 5 5 3 9 3 1 0 20 4 3 5 1 7 18 12 10 4 2 0 8 8 1 13 12 1 1 0 2 6 6 7 9 5 31 22 12 11 9 1 12 1 5 7 12 16 0 7 17 4 10 5 9 10 1 24 14 2 1 3 43 10 5 1 0 0 2 2 1 1 4 12 20 1 3 5 2 11 0 15 27 12 10 11
3 14 16 3 14 0 1 8 1 2 9 0 2 0 0 2 6 3 0 6 1 0 2 6 3 3 3 3 1 1 0 3 0 0 14 4 1 0 0 1 2 0 2 6 1 1 7 0 3 2 3 1 3 3 10 5 2 0 0 1 0 10 0 2 11 5 0 3 7 1 0 3 8 7 0 8 3 2 0 0 2 0 3 29 1 2 0 8 3 3 0 8 4 0 6 0 4 2 1 0
1 1 18 22 18 0 10 17 4 2 2 5 2 10 2 0 4 4 8 15 2 10 5 19 43 0 10 3 25 5 7 0 6 2 3 10 2 8 9 0 5 0 1 2 13 8 3 5 4 3 3 5 17 2 3 0 13 6 1 5 5 18 1 14 0 21 6 10 0 5 0 12 4 10 3 28 14 9 7 7 2 14 9 2 13 7 5 5 2 8 4 0 4 16 22 7 21 4 0 12
12 10 1 9 0 3 1 0 19 12 2 0 1 0 3 0 36 4 2 9 0 3 2 17 0 18 11 3 2 0 1 30 11 3 5 42 21 10 0 1 7 4 4 2 1 6 29 21 14 11 13 26 4 14 3 26 10 3 0 2 6 5 0 10 8 12 14 0 3 3 4 3 5 0 23 4 13 1 21 2 18 12 7 4 27 4 7 15 7 2 0 3 2 5 5 11 3 18 10 9
1 2 0 0 0 0 2 1 0 0 0 1 0 3 2 0 1 0 2 0 0 0 0 0 1 0 0 3 0 0 0 1 0 0 1 9 1 0 0 0 0 1 0 0 4 0 1 0 0 0 0 4 0 0 0 0 0 7 2 1 1 1 1 0 0 0 0 1 0 0 1 0 0 0 0 2 0 0 0 1 3 0 0 0 0 0 2 0 1 0 0 1 0 0 0 0 0 1 1 0
21 6 4 0 5 3 0 0 7 3 4 1 8 13 1 1 0 8 11 14 1 11 3 4 2 0 11 4 3 4 1 3 0 0 0 5 10 0 5 1 9 6 11 6 1 2 0 8 9 7 2 0 2 3 0 9 0 0 5 1 2 6 2 2 4 5 2 1 3 5 1 3 18 8 0 9 2 8 2 2 2 4 2 8 12 17 10 0 1 5 9 2 0 0 6 2 11 0 1 7
0 3 14 11 5 17 17 5 2 1 1 0 4 3 2 25 11 5 5 13 10 8 4 1 10 30 1 27 6 4 9 1 0 3 2 8 0 15 7 3 6 4 6 12 2 0 3 3 7 15 3 2 11 0 1 1 5 4 22 12 8 3 1 8 3 4 0 5 13 1 2 18 8 2 1 1 1 1 1 1 0 9 18 8 8 18 3 8 20 4 9 13 4 29 2 23 7 1 34 14
0 0 2 0 2 0 1 0 0 0 0 0 0 0 0 1 1 0 1 0 0 1 0 0 0 0 0 2 0 0 0 0 1 0 2 0 0 1 1 1 1 0 0 0 0 0 3 0 2 1 0 0 0 0 6 0 0 4 0 0 0 0 0 1 0 3 0 0 1 1 0 1 1 0 0 2 0 0 0 0 0 0 0 1 0 0 0 2 0 0 1 1 4 1 0 3 1 4 0 0
1 0 1 0 2 2 0 3 1 0 0 0 0 4 0 1 0 0 0 0 0 0 0 0 0 2 0 0 1 0 0 0 0 0 1 0 1 0 0 2 1 1 0 1 6 1 0 0 0 0 0 7 0 0 0 0 0 0 1 0 1 4 0 0 1 0 0 0 0 0 0 0 0 0 0 0 1 0 1 4 0 18 0 0 1 2 0 0 0 0 0 0 0 2 0 0 1 2 0 0
13 3 0 2 3 16 2 11 3 11 7 11 23 4 0 1 1 2 13 1 0 6 36 5 0 14 9 13 5 14 19 16 3 11 23 0 3 7 3 2 25 41 3 3 7 2 3 38 15 2 0 5 0 7 9 2 13 3 34 9 1 3 7 6 14 3 1 4 5 2 17 9 8 17 32 1 10 7 1 2 4 14 22 3 2 3 0 16 10 6 11 2 17 0 2 19 2 3 0 1
0 0 0 0 0 1 0 0 0 0 0 0 0 0 0 0 0 0 0 0 0 1 0 0 0 1 0 0 0 0 0 1 2 0 0 5 1 0 0 1 0 1 0 0 8 0 0 0 0 0 2 5 0 0 0 1 2 0 0 0 0 0 2 0 0 0 1 2 2 0 0 2 0 0 0 0 0 1 0 1 1 2 0 1 0 0 0 0 1 0 0 0 0 0 0 0 0 0 0 0
1 0 0 0 0 1 0 0 0 6 0 0 0 1 0 0 1 0 0 0 2 2 0 0 0 1 0 0 1 3 1 1 0 0 0 0 0 0 1 0 0 0 0 0 0 0 0 0 0 0 0 2 0 0 0 2 1 0 0 2 0 0 0 0 1 0 1 1 0 0 0 0 0 0 3 0 0 0 2 0 0 0 1 0 0 4 0 2 2 2 0 2 0 0 0 0 0 0 1 0
5 7 4 10 21 1 14 2 2 2 0 3 3 0 0 3 6 16 17 2 0 3 20 5 1 4 17 18 1 0 32 3 13 0 2 2 3 8 10 13 5 2 13 2 11 2 15 7 33 5 4 22 9 5 5 0 6 0 19 23 3 6 1 7 65 1 5 9 2 2 9 11 6 3 4 28 3 12 2 23 11 0 15 3 1 0 1 41 6 1 3 1 1 9 18 10 3 17 15 4
3 11 2 8 1 9 5 9 7 20 0 12 1 5 14 7 1 2 20 18 3 12 2 9 10 1 6 1 14 16 16 5 0 6 1 14 6 6 1 4 4 0 14 5 1 16 53 6 4 4 23 3 0 9 3 2 1 9 5 5 30 0 0 0 10 6 5 9 5 20 21 14 2 6 3 13 3 3 1 1 9 11 3 3 5 0 5 0 2 13 0 8 4 5 9 1 6 7 0 7
0 2 7 12 2 3 10 0 9 4 1 7 6 4 0 3 3 2 6 34 5 31 1 17 3 6 2 1 5 0 15 7 3 1 10 3 7 0 13 0 21 9 7 3 38 5 0 0 10 17 13 15 1 2 7 2 6 0 3 24 16 7 5 0 16 10 9 1 3 27 7 44 22 0 4 6 18 2 25 4 1 14 0 0 0 2 5 15 15 4 3 4 5 8 14 3 2 14 13 6
2 22 0 32 15 1 5 14 4 11 6 2 10 12 9 4 3 35 2 10 6 2 5 0 21 3 7 8 14 3 4 16 6 0 10 1 11 5 0 12 4 11 16 3 6 4 12 2 3 14 4 31 6 5 0 1 7 7 7 6 4 11 7 8 1 1 0 0 5 0 2 4 19 2 7 1 10 9 35 5 0 4 0 9 13 10 4 15 0 2 1 8 1 5 1 3 33 2 0 9
12 16 3 0 6 4 3 1 0 1 0 6 1 22 5 3 3 10 0 5 4 0 3 7 1 4 1 0 14 9 0 3 9 1 3 0 1 1 8 2 7 4 5 9 11 5 7 1 2 9 2 0 6 2 5 0 1 10 2 6 0 9 2 2 1 1 12 12 3 0 3 14 4 2 2 2 0 7 22 1 20 9 6 5 2 4 15 3 1 0 5 7 1 0 11 0 1 2 14 0
5 0 7 0 0 4 3 8 1 1 7 2 1 3 1 3 2 4 1 8 0 1 3 0 1 2 1 2 0 12 1 6 6 2 0 3 6 1 4 0 2 1 3 0 11 3 3 10 13 3 25 5 2 5 1 9 0 7 3 2 0 4 1 2 10 1 0 9 7 2 1 2 0 1 10 5 2 2 1 0 1 0 0 4 2 0 3 10 12 8 3 3 6 6 3 0 5 5 0 5
9 3 0 3 1 0 9 0 12 36 1 2 0 2 0 17 15 5 3 5 0 2 0 2 2 3 0 3 0 0 0 21 0 12 4 10 1 1 0 1 0 0 7 8 0 1 3 0 19 1 0 1 2 4 4 15 2 4 3 3 3 2 2 27 0 0 0 10 4 3 2 8 3 13 5 0 2 27 1 5 2 3 10 0 4 1 10 0 8 1 9 3 7 2 8 0 3 2 1 1
1 0 0 2 0 0 1 0 2 1 0 0 1 0 0 0 0 3 2 0 0 0 4 1 0 0 0 0 0 2 1 0 0 3 0 0 0 0 0 0 0 1 0 0 0 0 0 0 5 0 0 0 1 1 5 0 1 0 0 0 0 0 0 0 0 0 0 0 0 0 0 0 0 0 0 1 0 0 0 0 1 0 0 0 0 1 0 0 0 0 0 0 9 0 0 0 0 5 0 0
1 5 0 8 0 30 9 9 16 4 5 0 0 0 0 12 12 17 5 0 5 25 8 6 0 3 19 5 0 12 1 5 16 1 17 5 8 0 1 9 27 1 2 0 3 22 2 3 5 1 1 9 8 31 2 2 21 13 4 5 3 0 4 1 22 1 1 9 4 12 1 3 9 0 22 3 21 1 4 2 3 4 9 11 4 1 0 29 5 3 4 6 5 3 1 7 0 1 33 3
1 1 0 0 2 2 0 0 0 0 0 0 0 0 0 0 0 0 0 0 0 0 3 0 1 1 0 1 1 1 0 1 0 0 0 7 0 1 0 0 3 0 1 0 1 0 0 0 0 1 0 1 0 3 0 1 0 0 0 3 2 1 0 1 0 0 1 0 0 1 0 1 1 0 2 0 0 0 0 0 0 16 0 1 1 0 0 0 0 0 0 0 0 0 1 0 0 1 0 0
2 2 7 0 2 3 6 1 0 0 0 1 0 3 5 12 0 2 3 1 0 2 0 1 4 1 4 12 10 0 3 0 1 9 25 1 8 2 2 0 0 0 4 4 2 5 0 0 3 0 2 14 0 1 4 0 7 2 9 3 5 4 3 3 11 2 2 8 7 4 6 5 2 5 3 5 6 2 2 2 11 5 1 6 1 10 11 2 3 0 3 0 3 4 1 1 1 18 5 0
0 0 1 0 0 0 1 0 0 3 0 1 1 0 0 0 1 1 1 3 0 0 0 0 1 0 0 0 0 0 0 0 1 0 0 0 1 1 1 0 1 0 0 0 0 0 0 0 0 0 0 3 0 2 1 0 1 2 0 0 0 0 0 0 0 0 0 0 0 0 0 0 2 1 1 1 0 1 1 0 0 10 1 0 0 1 0 1 2 0 0 1 0 1 0 0 0 0 1 0
25 7 6 24 25 9 1 7 1 3 7 1 1 5 11 3 7 17 18 6 8 1 3 6 5 4 20 13 12 6 4 1 2 2 10 11 4 1 7 17 6 0 0 7 3 12 8 0 5 4 13 1 2 3 8 12 14 5 12 5 3 26 27 5 0 4 6 3 3 4 2 15 0 7 6 10 11 3 8 1 2 1 28 3 10 1 4 23 13 7 3 8 4 10 10 2 1 6 1 2
1 0 0 0 1 0 1 1 0 0 0 1 0 0 1 0 3 1 1 1 0 0 0 0 0 1 0 0 1 0 0 0 0 0 0 1 0 0 1 1 2 1 0 0 0 0 1 0 0 1 0 15 0 0 0 0 0 2 0 0 0 1 0 0 1 0 0 2 3 0 0 0 0 1 0 1 0 0 0 0 1 4 1 2 0 1 0 0 3 0 0 0 0 0 1 0 0 0 0 1
10 0 1 1 4 10 3 2 4 10 5 1 0 2 4 0 9 2 3 0 0 1 0 4 17 0 3 2 4 2 0 0 6 0 1 0 1 3 0 2 4 4 5 1 6 5 12 0 1 0 1 4 7 4 0 12 0 10 2 1 7 5 10 2 5 6 10 9 9 3 16 11 5 13 8 0 0 4 4 1 1 3 15 3 0 3 2 0 7 0 4 6 6 10 0 2 17 2 0 1
1 0 0 0 0 0 1 0 0 1 0 0 1 1 0 0 2 0 1 1 0 4 0 0 0 0 0 0 0 0 2 1 0 0 0 0 0 0 0 0 2 0 0 0 0 0 0 0 0 0 0 0 0 1 2 0 1 0 1 0 0 0 1 0 0 1 1 3 0 2 0 0 0 1 0 1 0 0 0 0 0 0 0 0 0 0 0 1 0 0 0 0 3 0 0 1 0 24 0 0
0 0 1 0 3 0 0 0 1 0 0 0 1 3 0 0 0 0 1 0 1 0 1 0 1 2 0 0 0 0 2 0 1 0 1 0 1 0 0 0 1 0 1 0 14 0 0 0 0 0 0 6 1 0 0 0 0 1 0 4 0 0 0 0 2 0 2 0 0 0 1 0 0 0 0 1 0 0 0 0 0 22 0 0 2 1 0 1 0 0 0 0 1 6 2 0 0 0 0 1
24 3 2 9 0 5 12 7 0 0 3 1 0 8 0 32 3 0 5 24 11 3 7 2 8 23 0 0 6 5 0 13 1 3 3 8 4 8 11 2 21 8 4 3 20 8 1 2 7 5 1 1 7 10 3 11 20 2 8 6 23 6 5 7 6 0 2 16 7 18 6 12 0 10 4 1 12 11 7 1 4 7 3 10 1 22 39 0 0 0 18 3 2 3 21 9 5 3 0 1
6 5 1 15 0 28 1 1 0 6 0 15 25 41 1 0 1 0 19 6 1 7 5 2 2 3 8 3 0 10 4 2 0 19 2 1 37 8 9 18 9 0 3 10 4 2 5 2 6 5 0 2 1 22 1 22 12 17 11 3 8 7 0 20 5 7 12 2 10 10 1 2 22 9 4 2 6 0 2 9 13 8 9 4 1 0 7 5 7 14 0 1 1 8 3 13 1 4 1 28
1 0 0 0 1 0 0 0 0 0 1 1 0 1 0 0 1 0 0 1 0 0 0 0 3 0 1 0 2 0 1 3 0 2 2 0 0 0 0 0 0 1 0 0 0 0 0 0 0 2 0 0 0 0 0 1 1 3 2 0 0 0 0 0 0 0 1 0 2 1 1 1 0 0 0 0 0 0 0 0 1 0 2 0 0 0 0 0 0 0 0 0 11 0 0 0 0 0 0 3
12 10 3 4 3 31 7 9 0 5 1 1 4 0 1 5 16 9 6 22 16 12 5 10 2 10 17 18 2 2 4 8 10 9 0 5 9 15 7 1 0 14 0 1 5 9 0 8 5 5 9 5 12 30 22 1 2 12 4 10 3 1 6 2 8 2 4 6 0 4 3 5 10 4 38 14 1 0 2 27 9 10 6 1 3 3 5 5 5 5 14 11 2 0 36 2 2 7 12 2
0 0 0 0 1 0 0 1 1 0 1 1 0 0 0 0 0 0 0 2 0 1 0 0 1 0 0 0 0 0 0 0 0 0 0 0 0 0 0 0 1 0 1 1 1 0 0 0 0 0 0 0 0 0 0 0 1 0 0 0 2 1 0 0 0 1 0 0 2 0 0 0 0 0 1 0 0 0 2 0 0 0 0 0 0 0 0 2 1 1 0 0 3 0 0 0 2 7 0 0
0 2 11 21 5 14 3 0 8 4 2 1 2 10 25 18 2 12 34 2 23 13 7 1 4 0 8 6 5 3 14 2 0 26 4 6 1 10 4 9 12 4 8 20 4 6 11 9 0 4 17 3 14 18 0 13 5 9 10 5 2 1 10 5 3 0 1 16 28 7 0 2 0 21 9 0 5 7 14 3 2 3 7 19 9 6 5 3 5 8 22 4 9 18 9 5 4 6 6 10
7 1 1 3 17 38 3 6 0 5 0 9 2 9 0 13 4 1 6 1 1 12 6 6 10 4 16 27 1 4 3 16 0 1 7 0 1 0 3 0 2 2 1 10 4 0 0 0 2 3 12 10 0 7 0 11 0 12 7 3 0 2 21 17 3 3 8 1 2 0 17 11 8 12 1 0 8 16 21 8 7 5 7 26 19 3 14 1 1 8 5 20 1 2 2 20 4 3 6 2
1 0 0 1 2 0 0 1 0 3 0 1 0 0 0 0 0 1 0 0 1 1 0 0 0 1 0 0 2 0 0 0 0 0 0 3 2 0 0 0 0 0 0 0 1 1 0 0 0 0 1 1 0 0 1 3 0 0 0 0 0 0 0 2 0 1 0 0 0 0 1 0 0 0 0 0 0 0 0 0 0 0 0 0 0 1 0 0 0 0 0 1 0 0 0 0 1 1 0 1
0 0 0 2 0 0 0 0 0 0 0 0 2 6 0 0 0 0 1 0 0 0 0 0 1 0 0 0 0 1 1 1 1 1 0 8 1 0 1 0 0 0 2 0 1 1 3 0 0 0 0 0 0 0 0 1 0 5 0 0 1 0 0 0 1 1 0 0 0 1 1 0 0 0 0 0 0 0 0 0 0 1 0 0 0 0 0 2 0 0 0 0 0 2 0 1 0 1 1 0
2 10 42 0 0 2 4 5 1 10 0 15 4 1 11 0 18 34 22 4 3 4 4 5 3 6 8 11 0 10 20 22 4 1 19 3 0 2 0 13 0 3 11 6 7 10 1 2 1 0 11 23 2 11 6 7 15 0 9 5 1 6 6 8 4 11 0 6 6 18 5 4 0 0 1 5 2 7 5 3 8 4 3 1 4 6 3 10 3 10 21 0 10 20 12 32 1 5 2 7
0 1 1 0 0 1 0 0 0 0 0 0 1 0 0 2 1 0 0 0 0 0 0 2 0 0 0 1 0 1 0 1 0 0 0 0 1 0 0 0 1 1 0 0 0 1 0 0 0 1 0 0 0 0 0 0 0 0 0 0 3 0 0 0 0 1 2 0 1 0 0 0 0 0 0 0 0 0 5 0 0 4 0 0 1 0 0 0 1 0 0 0 1 1 1 0 0 0 0 0
2 3 6 6 0 5 4 6 0 11 9 4 4 3 0 3 5 6 6 3 0 8 1 9 3 2 0 10 8 19 4 9 3 21 9 1 7 8 4 0 7 2 6 0 1 1 9 2 3 6 1 3 0 0 2 0 17 3 12 1 29 1 7 26 6 5 5 6 5 1 4 16 26 0 1 0 12 1 15 14 6 0 0 2 0 3 0 8 3 9 2 8 1 4 21 30 1 0 12 9
0 1 0 3 0 2 0 0 1 1 0 0 0 0 1 0 3 0 2 1 0 1 1 0 0 0 0 0 4 0 0 0 1 0 0 0 0 0 0 0 2 0 0 1 0 0 1 0 1 1 0 0 0 1 1 0 2 7 0 1 0 2 0 1 2 0 0 0 0 0 1 1 4 0 0 0 0 0 0 0 0 0 0 0 0 0 1 2 0 0 0 0 6 0 0 2 0 4 0 0
8 8 3 2 4 8 14 8 6 3 6 31 0 2 0 0 0 20 9 1 14 19 1 7 27 51 2 4 8 2 4 9 7 3 14 0 0 10 14 24 0 0 8 1 14 8 21 36 6 3 5 6 6 3 0 6 8 0 12 7 5 9 4 39 1 0 7 2 8 8 9 8 13 0 8 7 0 9 0 15 20 2 1 7 11 8 7 5 10 6 0 1 3 11 3 2 18 1 8 12
15 3 2 4 2 2 2 1 1 0 4 3 5 3 9 0 5 0 1 4 0 6 13 5 5 0 0 3 13 0 2 3 1 3 21 0 2 3 5 0 0 0 5 7 8 4 5 0 2 4 1 10 9 4 1 0 1 0 1 1 3 7 2 6 2 4 1 4 3 26 3 0 5 0 9 3 6 7 9 3 0 2 5 1 3 18 10 6 1 5 2 6 2 0 2 2 0 13 3 8
4 12 8 9 10 4 2 0 5 2 29 0 1 3 2 9 21 8 0 8 1 1 4 2 13 5 7 9 1 9 13 8 4 4 0 15 9 3 2 1 12 22 4 18 3 3 6 1 30 15 16 0 8 0 0 6 9 33 1 4 8 3 6 3 5 15 9 9 1 2 12 13 17 10 1 16 24 0 16 11 4 13 11 0 27 7 19 7 15 3 15 1 0 0 3 24 9 2 33 1
2 0 0 0 0 0 1 1 0 0 0 0 0 0 0 2 0 0 0 0 0 0 0 0 4 1 3 0 1 0 0 2 0 1 0 0 0 0 0 2 0 3 1 0 0 0 1 0 0 0 1 2 0 2 2 1 0 0 0 2 0 0 1 0 0 0 0 0 0 0 0 1 1 0 0 1 2 2 1 1 0 0 0 0 0 0 0 0 0 1 0 1 0 0 0 0 0 0 1 1
1 0 1 0 0 0 0 2 0 1 1 0 0 0 0 0 1 1 1 0 0 0 0 0 0 0 1 0 0 0 0 0 0 0 0 1 0 0 0 0 0 0 1 2 2 0 2 1 0 0 0 1 1 0 1 0 0 0 0 2 0 0 1 0 0 0 0 0 0 1 0 1 0 0 0 0 0 0 2 0 1 1 1 4 1 0 3 0 0 1 0 0 4 0 1 0 0 11 1 0
23 6 6 4 20 16 6 14 1 6 0 14 10 3 14 30 14 10 8 9 7 12 1 9 16 1 4 25 12 3 11 4 21 12 5 1 4 0 1 13 10 16 2 4 0 2 3 3 3 16 4 1 18 7 4 3 11 3 1 14 4 2 0 11 22 15 7 2 8 1 12 0 9 0 0 4 4 1 14 12 10 11 1 12 2 0 4 6 36 10 3 0 0 10 2 1 8 1 23 2
0 0 0 0 0 0 0 1 3 1 0 0 0 0 0 0 0 0 0 0 1 1 2 1 0 1 0 1 0 0 1 3 1 0 0 5 0 0 0 0 0 0 1 1 1 0 0 1 1 0 0 2 0 0 0 0 0 0 0 0 0 0 0 0 0 1 0 0 0 0 0 0 1 0 0 0 0 0 0 0 1 0 0 0 0 0 2 0 0 0 0 1 0 0 0 0 0 0 0 1
2 12 4 3 11 0 2 1 9 9 5 0 3 5 6 4 2 2 1 0 1 3 5 0 5 6 0 20 3 0 10 3 1 2 7 3 1 0 3 18 12 1 2 4 1 3 4 0 5 0 17 0 0 8 0 18 2 5 4 5 0 9 4 6 5 2 10 0 0 1 0 6 6 0 0 1 2 4 15 3 5 1 8 0 0 9 0 4 1 12 10 0 0 1 6 3 0 1 1 8
9 3 5 2 5 1 0 1 1 4 10 1 0 0 0 3 0 0 6 0 0 0 0 0 6 5 3 2 3 2 0 0 1 7 14 3 2 7 1 6 2 3 0 1 1 15 2 3 4 4 12 1 11 12 2 2 25 7 4 0 5 4 6 1 2 1 11 3 0 3 2 8 2 3 5 4 3 1 0 2 0 0 2 1 2 1 1 1 0 6 0 1 3 12 7 3 8 13 2 1
1 15 0 1 2 1 11 18 5 16 0 6 7 21 10 10 7 2 0 5 7 5 5 7 6 0 5 6 1 12 13 3 17 3 3 4 14 2 12 11 12 32 15 0 6 2 6 3 0 12 7 4 3 6 0 4 5 22 7 10 3 0 8 0 4 5 51 11 37 8 12 7 7 0 12 14 7 7 4 4 2 2 20 9 1 13 15 1 21 6 8 1 4 25 3 2 12 0 0 5
0 0 0 0 0 0 1 0 0 13 0 0 0 0 0 0 0 0 0 4 0 0 0 0 0 0 0 0 0 0 0 3 0 0 0 1 2 0 1 1 1 0 0 1 0 0 0 0 0 0 0 0 1 0 1 3 1 1 0 0 0 0 0 1 0 0 0 0 2 0 0 0 2 1 0 2 0 0 0 1 1 0 0 1 0 0 5 1 0 0 0 1 0 0 1 1 0 2 1 0
0 0 0 0 0 0 0 0 0 1 0 0 0 3 0 2 0 0 0 1 0 1 0 1 0 3 0 1 0 2 0 2 0 0 1 1 1 1 0 0 2 0 0 0 0 0 0 0 0 0 1 2 0 0 0 0 0 0 0 2 1 1 9 0 1 0 1 0 2 0 0 0 0 2 1 1 0 0 0 0 0 0 0 0 1 0 0 0 0 0 0 0 0 0 0 0 0 0 0 0
0 0 0 1 0 0 0 0 0 0 0 0 1 0 0 0 0 0 2 0 0 0 3 0 0 0 1 0 2 0 0 0 1 0 1 0 0 0 1 1 0 0 1 4 1 0 0 1 0 1 0 0 0 0 0 0 3 0 1 0 2 0 0 0 1 0 0 0 1 0 0 0 1 0 0 0 0 0 1 0 0 0 0 0 1 0 0 0 0 0 0 1 1 0 0 1 1 0 1 0
3 3 2 3 7 4 5 8 0 2 0 2 5 1 0 3 3 3 7 2 1 3 12 16 3 4 5 13 8 0 3 5 6 2 0 0 3 7 9 4 3 1 4 12 13 0 3 5 0 9 2 3 3 3 0 3 1 1 2 5 1 1 7 0 3 2 5 2 1 1 0 1 7 7 0 1 5 2 2 3 2 2 10 2 0 0 17 1 2 1 4 2 0 2 8 3 9 1 1 4
16 2 2 12 17 5 2 2 2 9 9 10 18 1 4 0 5 11 14 20 7 7 8 6 2 1 3 10 5 6 9 0 0 0 0 3 29 2 17 12 4 24 6 5 11 30 10 2 1 1 1 1 13 18 7 10 1 4 6 14 25 3 12 10 3 0 47 8 7 5 33 29 12 20 0 1 2 2 2 29 7 6 1 14 5 2 6 0 4 19 32 5 13 1 13 0 11 2 3 2
1 5 22 4 5 25 13 4 1 4 10 11 7 4 0 1 1 5 8 4 11 4 4 0 18 24 7 1 8 14 4 0 0 3 4 3 17 4 0 24 1 7 11 3 7 1 1 9 6 2 16 7 21 7 1 42 4 7 13 3 7 1 8 0 3 3 1 16 1 12 12 11 3 0 6 3 6 6 24 20 2 0 28 4 3 0 13 3 1 21 5 6 7 19 1 4 0 10 5 26
0 0 0 0 0 0 2 0 0 0 0 1 0 1 0 1 1 0 0 1 1 1 0 1 0 0 3 0 0 0 1 0 0 0 0 1 0 0 0 2 2 0 0 0 0 0 0 0 1 0 0 2 0 0 0 2 1 0 0 0 0 0 0 0 0 0 1 0 0 0 0 0 0 0 3 0 1 1 0 0 1 5 1 0 0 0 0 1 0 0 0 0 0 0 0 1 0 0 1 1
0 3 2 3 8 11 0 14 31 6 25 10 2 10 6 2 2 14 3 24 2 2 5 7 5 0 1 3 0 6 5 2 8 24 32 10 22 20 0 8 7 12 34 6 0 5 2 13 12 6 19 2 39 16 3 18 0 5 11 11 5 1 5 19 4 3 6 3 10 2 18 1 4 4 11 1 1 6 17 15 9 12 18 2 13 0 3 0 15 11 9 1 1 13 1 3 12 4 0 3
0 0 0 0 0 0 3 0 0 0 0 0 0 0 0 0 1 4 0 0 1 0 0 2 0 0 0 1 0 0 0 2 1 0 1 0 2 1 1 0 0 0 1 0 0 1 0 0 0 0 1 0 0 1 1 0 0 0 0 0 0 1 0 0 0 1 0 0 0 0 2 0 0 0 0 0 0 0 0 0 0 0 0 1 1 0 0 0 0 0 0 0 0 0 1 1 0 0 0 0
0 0 2 0 0 0 0 0 0 0 2 2 0 1 0 0 0 0 0 0 0 0 1 0 0 1 0 2 1 0 1 0 0 1 0 0 0 0 0 2 0 1 2 3 1 0 0 0 0 0 0 1 0 0 0 0 1 0 1 0 0 0 0 0 0 4 0 0 0 0 0 0 0 0 0 0 1 1 5 0 0 0 0 0 0 1 0 0 0 0 0 1 0 0 1 1 0 0 0 3
1 3 1 0 2 0 0 0 0 0 1 0 3 0 0 0 0 0 0 0 0 0 0 0 0 0 0 0 0 0 1 0 0 0 0 1 0 0 0 0 0 0 0 0 0 0 0 1 0 2 0 0 3 2 3 0 0 0 0 1 0 1 0 3 0 8 1 0 0 1 0 0 0 1 0 1 1 0 2 0 0 2 0 0 0 0 0 2 0 0 0 0 1 0 1 0 1 0 0 0
18 8 16 4 0 10 2 8 19 19 5 4 14 4 2 12 34 20 1 16 2 1 5 0 6 4 10 0 4 4 24 1 6 5 2 10 7 10 19 4 1 13 2 15 5 24 4 2 14 0 11 8 3 9 9 1 9 11 2 18 17 0 5 7 7 8 2 6 28 3 8 6 10 15 1 17 17 1 5 9 2 0 11 5 3 23 7 14 8 10 0 6 14 6 9 13 0 6 15 0
3 7 1 22 7 10 5 0 5 5 14 4 2 14 6 0 7 1 1 1 5 6 4 3 1 17 2 5 0 3 2 5 5 3 9 1 11 0 14 0 0 16 0 2 2 4 1 9 2 0 12 19 9 9 1 2 13 13 17 9 2 11 4 5 18 3 0 14 2 3 0 0 5 4 7 10 13 3 18 18 6 15 4 2 0 13 0 17 9 0 8 0 4 18 5 10 1 15 12 5
1 2 2 0 0 2 1 3 7 1 3 2 0 1 5 9 1 5 1 1 11 0 1 4 1 2 1 5 2 7 3 7 1 5 12 2 5 3 12 4 5 9 2 2 2 2 2 3 4 3 0 2 0 1 6 15 5 6 3 4 10 6 2 6 1 10 9 1 1 2 2 3 0 0 1 7 5 5 10 0 0 1 5 1 3 12 3 0 4 2 12 10 1 1 7 0 0 21 3 6
2 7 3 8 2 6 3 21 26 3 0 14 5 14 10 1 2 2 11 1 6 5 29 7 6 2 0 2 2 3 6 4 10 10 13 6 1 7 17 0 6 7 1 6 7 6 5 18 35 2 8 6 1 9 3 11 0 20 0 3 32 9 12 6 13 25 4 2 5 4 4 19 0 1 21 8 1 0 3 7 26 17 35 1 10 1 4 10 1 20 2 0 7 14 4 0 0 3 0 3
6 6 0 9 0 0 2 0 2 3 5 2 2 4 0 1 0 0 1 1 10 0 1 0 1 1 0 2 0 8 0 1 0 0 1 2 0 0 4 7 2 3 3 18 2 9 1 3 4 0 7 3 10 0 7 0 4 1 5 3 0 11 0 6 7 2 4 15 5 0 0 3 5 2 0 12 0 6 0 1 0 0 2 15 3 32 7 1 0 2 0 3 0 0 2 0 0 3 0 1
14 0 7 5 6 27 17 18 0 5 8 7 8 3 18 0 1 12 7 7 4 9 1 1 5 12 1 4 20 11 5 0 22 1 1 4 4 1 14 1 0 46 7 4 5 16 2 1 4 8 4 4 5 17 8 3 13 10 14 7 1 10 3 0 11 6 3 7 0 5 3 1 4 18 0 9 9 0 4 0 12 19 11 2 16 5 1 4 1 6 2 4 8 15 28 5 9 0 9 6
1 2 3 1 1 7 6 4 11 5 12 2 1 0 5 4 1 1 3 2 1 6 9 1 6 3 9 5 7 1 4 4 2 2 9 0 0 5 0 3 2 2 6 0 0 4 2 3 3 4 11 0 1 6 6 1 5 0 0 9 16 2 4 0 3 11 4 0 10 4 2 6 10 1 0 0 1 8 10 1 4 1 3 2 0 1 1 5 3 3 2 3 3 1 5 3 3 0 1 1
4 8 17 1 18 4 26 0 8 0 0 12 0 14 1 4 8 0 24 1 2 16 3 13 12 2 0 0 0 3 0 17 20 2 18 10 11 15 0 14 21 0 1 5 13 6 8 4 8 11 5 5 5 6 12 4 0 8 2 0 5 1 1 0 1 1 3 2 5 14 12 1 14 3 6 4 4 26 1 1 4 37 2 24 2 10 1 4 2 11 2 5 5 0 11 5 5 4 7 7
0 6 6 1 5 8 0 2 1 1 0 8 10 0 6 3 1 11 0 2 0 8 1 10 6 11 3 10 13 7 5 11 1 0 1 0 3 1 17 4 7 7 13 4 1 6 14 0 1 2 6 6 1 0 2 23 4 0 4 1 1 0 0 1 6 1 5 12 4 5 1 1 2 1 3 9 4 0 0 19 5 0 1 10 3 0 2 5 2 14 1 1 8 4 7 12 5 9 3 31
4 3 3 6 0 0 7 4 2 4 6 2 1 1 5 4 0 7 0 2 6 3 0 0 1 3 1 1 5 1 10 2 1 1 3 6 3 5 2 3 2 0 3 0 6 0 0 1 4 3 3 6 6 0 7 0 0 2 0 1 0 2 5 5 2 1 1 4 1 0 1 6 3 2 6 2 0 17 2 2 1 3 2 0 1 3 0 1 6 5 8 5 0 6 2 2 2 0 3 3
4 12 2 3 4 5 3 9 1 2 10 10 0 0 2 9 1 0 2 20 6 13 4 6 2 1 0 14 4 4 3 6 1 0 2 2 0 19 1 2 0 2 0 0 4 8 3 4 6 9 0 3 15 5 13 4 14 2 1 6 0 10 5 5 4 0 7 0 10 0 1 2 4 6 0 4 0 5 0 6 5 4 6 0 0 4 3 11 1 0 1 9 2 1 2 1 3 0 2 7
0 0 0 0 2 0 1 0 0 1 0 0 0 1 0 1 0 0 0 0 0 1 1 0 0 0 0 1 0 2 0 0 0 0 1 0 1 0 0 1 0 0 1 0 0 0 0 1 2 0 0 0 0 0 0 0 0 0 0 0 0 0 0 0 2 7 1 1 0 0 0 2 0 0 0 0 0 1 0 0 0 2 0 2 1 0 2 0 0 0 0 0 0 2 0 0 0 1 0 0
0 2 1 0 0 0 0 0 0 8 1 0 0 0 0 3 0 7 0 1 0 0 0 2 0 2 0 0 0 0 1 0 0 0 0 0 1 0 0 0 0 3 0 0 0 0 1 0 0 1 0 1 1 1 4 0 0 0 0 1 0 0 1 0 0 2 0 0 0 4 0 1 0 0 0 0 0 0 0 0 2 0 0 0 0 0 0 0 0 0 0 0 0 0 0 0 1 2 0 1
0 0 0 0 1 2 0 0 0 0 3 0 1 1 0 0 0 0 1 0 0 0 4 0 0 0 0 1 1 0 0 1 0 1 0 0 0 0 1 0 0 0 0 0 0 2 1 1 2 0 0 0 0 0 2 0 0 0 2 0 0 0 0 0 0 3 0 1 0 0 0 1 0 0 0 0 0 0 11 0 0 0 1 0 0 1 0 0 1 0 0 1 0 0 0 0 0 0 0 0
4 2 0 1 2 1 5 3 6 0 1 0 7 3 2 2 1 4 1 3 0 3 6 3 12 6 3 4 1 2 0 0 8 5 5 0 2 1 1 2 9 2 4 5 0 0 1 3 1 0 0 2 11 0 11 2 3 4 7 5 0 10 0 0 10 5 0 6 0 5 14 3 11 4 3 5 0 25 5 0 8 3 1 3 1 1 4 5 0 0 16 5 1 0 0 2 3 5 16 1
0 0 0 1 2 0 0 0 1 0 0 1 1 0 0 0 0 0 1 3 1 0 0 0 2 1 0 0 2 0 0 1 1 1 0 0 0 0 1 0 0 2 0 1 0 0 0 0 0 0 2 0 1 0 1 0 2 1 1 0 0 0 2 0 0 0 0 0 1 0 0 0 0 0 1 0 0 1 0 0 0 0 0 5 1 0 0 0 0 0 0 0 0 1 1 0 0 5 0 0
0 3 9 12 11 1 7 1 8 0 20 4 1 0 11 4 16 23 18 1 31 1 10 15 0 16 1 1 11 11 16 2 8 2 1 8 6 10 34 8 6 0 16 9 0 11 2 0 1 0 9 2 1 15 10 1 2 0 11 5 9 0 2 11 6 5 1 5 9 5 2 1 10 1 8 3 2 23 5 1 18 9 1 6 14 15 14 1 10 12 8 1 0 0 9 0 1 10 5 5
1 0 0 0 0 0 1 0 0 0 2 0 0 0 0 0 0 0 0 0 0 0 0 0 0 0 0 0 0 0 0 0 0 0 0 2 0 0 5 0 0 0 0 0 0 0 2 0 0 0 0 0 0 0 0 0 1 0 0 1 0 2 1 0 0 1 1 1 3 2 0 0 0 0 0 0 0 0 1 0 3 0 0 0 0 0 0 0 0 0 0 2 2 2 1 0 0 2 0 0
0 0 0 0 0 0 0 0 0 0 0 0 1 0 1 0 0 0 0 0 1 0 0 0 0 1 2 0 0 0 0 1 0 1 1 2 0 0 0 0 0 0 0 0 2 0 0 0 1 0 0 0 2 0 0 0 0 0 0 0 0 0 0 1 0 1 1 0 0 1 0 0 0 0 0 1 0 0 5 2 0 1 1 0 0 0 1 1 0 0 0 0 0 1 2 0 0 1 1 0
6 4 2 3 16 9 3 2 5 2 12 26 10 0 1 0 3 29 14 5 0 6 8 9 6 25 5 32 16 4 4 13 2 13 3 6 0 4 13 3 3 4 6 5 2 22 15 2 5 5 17 4 6 3 11 0 5 21 1 6 10 4 11 0 6 2 7 8 36 2 10 17 0 3 10 1 0 0 2 10 0 9 18 6 4 17 14 29 17 4 0 0 2 0 2 0 33 0 4 7
1 0 1 0 0 0 0 0 0 4 0 1 0 0 0 0 0 0 0 0 0 1 0 1 0 0 1 1 0 0 1 0 1 0 0 0 0 0 0 1 0 0 0 0 7 0 0 0 3 0 1 0 0 0 0 0 0 4 0 0 2 0 0 0 0 0 1 0 0 0 0 0 0 4 1 0 0 1 0 0 2 1 1 0 0 0 0 0 0 0 0 0 0 1 0 1 3 0 0 0
