1 3 1 0 9 1 3 4 0 0 0 0 4 6 6 0 6 4 4 3 0 2 0 1 3 6 1 9 1 3 2 2 1 1 0 0 0 0 1 1 2 0 6 0 5 9 0 0 10 5 7 8 1 2 0 1 15 21 2 7 4 0 2 9 27 7 7 1 0 9 1 1 9 0 0 5 0 0 2 0 1 4 0 7 0 2 0 2 1 5 2 0 0 0 6 3 0 12 1 1
7 14 3 3 5 4 18 3 3 15 23 1 1 22 19 4 1 3 3 23 5 0 10 2 1 5 9 1 10 20 19 13 11 5 20 3 1 5 5 6 0 20 4 19 0 0 1 0 9 0 1 4 7 23 3 3 8 7 0 11 8 15 14 0 5 7 1 2 5 4 12 1 4 3 15 2 1 1 7 11 3 8 29 1 2 2 8 11 6 1 5 9 6 25 6 35 8 10 22 16
5 1 0 1 0 0 0 0 0 0 0 0 1 0 0 0 0 1 0 1 0 5 0 1 1 0 0 0 7 2 0 1 0 1 0 0 0 0 0 2 0 0 0 1 0 0 2 9 0 0 0 2 0 0 0 0 2 0 0 0 1 0 0 0 0 0 0 1 2 0 0 0 0 0 1 0 0 0 0 1 0 0 1 0 0 1 0 1 0 0 1 0 0 3 0 0 0 0 0 2
11 0 0 7 9 4 0 11 2 6 1 6 15 4 5 2 9 40 14 9 1 11 8 33 11 4 14 7 4 12 2 0 4 1 11 4 10 7 0 7 1 8 0 1 1 3 8 1 8 2 2 6 1 0 14 8 1 21 7 13 22 1 5 5 9 3 0 18 1 6 8 1 12 15 4 3 1 11 0 13 36 9 10 2 9 1 31 0 15 4 2 1 16 2 19 2 4 24 24 1
0 0 0 0 1 0 0 0 0 0 0 0 1 0 0 3 0 0 1 0 1 0 0 0 1 0 2 0 0 1 1 0 1 3 0 0 0 0 0 0 0 0 0 0 0 1 1 2 0 0 1 0 0 3 0 0 13 0 1 1 1 0 1 0 0 0 0 0 0 1 0 0 0 0 0 0 0 1 1 0 2 0 0 0 2 0 1 0 0 0 0 0 1 1 0 0 0 0 0 0
5 5 1 4 1 3 12 15 4 15 5 13 2 0 3 1 0 3 0 3 13 4 0 4 3 2 14 4 1 0 5 4 4 3 6 14 8 16 10 1 10 8 3 5 0 7 6 0 0 7 4 6 5 2 10 0 3 3 11 0 24 0 17 0 19 1 3 2 8 9 4 16 8 12 0 2 12 2 14 2 1 5 0 12 7 4 0 9 9 9 14 0 1 1 19 13 13 6 3 11
7 1 11 0 0 9 9 3 12 0 1 8 1 3 1 8 6 1 0 2 2 9 2 0 2 2 1 9 0 1 1 7 1 0 3 2 1 4 0 1 0 7 14 0 2 1 3 0 1 5 25 3 10 5 1 10 0 3 5 3 1 19 1 3 3 1 3 2 8 2 2 0 8 3 4 0 1 7 0 5 2 1 2 2 1 1 19 3 2 1 4 3 1 1 0 0 0 5 0 9
1 0 0 0 0 0 0 0 0 0 0 0 1 0 3 0 0 0 0 1 0 4 3 0 0 0 0 1 1 0 1 0 0 0 0 0 0 0 0 0 0 2 0 0 0 0 2 1 0 0 0 0 0 0 1 0 10 0 0 0 1 0 0 0 0 0 0 0 0 0 0 1 0 0 2 0 2 0 0 1 0 1 0 1 1 0 1 0 0 0 7 0 0 6 0 1 0 0 0 0
0 5 2 3 1 1 6 37 12 7 1 11 21 9 1 0 2 1 0 0 9 10 6 5 1 1 2 0 2 5 2 4 5 1 2 4 0 10 5 15 8 7 1 2 5 10 2 0 14 0 2 13 0 7 4 9 12 0 2 3 4 1 7 0 5 9 1 1 1 5 5 3 0 11 7 3 2 8 0 0 3 1 2 9 1 0 0 3 6 0 3 2 8 0 0 6 16 4 0 7
0 4 4 2 6 5 10 34 4 7 9 8 19 2 3 0 15 11 6 1 4 5 2 35 0 9 2 12 0 2 16 3 3 20 6 19 4 5 6 19 2 7 4 0 7 4 3 1 11 4 1 4 6 7 5 0 12 0 1 0 7 17 19 41 3 19 2 5 0 11 5 12 0 3 3 11 13 11 9 0 2 7 10 7 4 5 1 1 6 2 1 0 9 0 18 1 0 9 0 5
0 1 0 0 1 0 0 3 0 0 0 8 0 1 0 6 0 0 1 0 0 0 1 0 0 0 0 0 0 0 0 0 0 0 0 0 0 0 0 0 0 11 0 0 1 0 0 1 0 0 1 1 0 0 0 0 2 1 0 0 0 0 0 0 0 0 0 1 0 1 1 4 0 0 1 0 0 0 0 0 1 0 1 0 0 0 0 2 1 0 0 0 0 1 0 0 0 0 2 1
6 6 3 1 1 11 0 3 1 6 7 12 2 13 1 2 0 1 8 5 0 1 1 1 3 1 3 2 4 2 0 4 2 0 3 5 1 2 4 7 1 10 6 13 5 2 19 1 7 3 2 0 0 3 3 4 7 12 8 0 1 5 4 1 3 2 5 2 5 3 0 3 0 2 1 1 4 4 0 0 3 9 0 0 6 10 4 0 12 0 5 1 3 0 0 0 4 3 3 1
3 2 6 1 3 0 4 11 8 8 2 2 18 42 8 6 5 6 1 1 0 4 26 6 12 10 3 5 7 7 7 1 10 6 5 8 0 17 12 25 18 1 9 19 38 13 6 20 5 3 7 2 36 9 17 0 1 0 4 4 0 8 0 3 0 16 7 7 6 2 23 3 6 6 8 0 0 11 0 4 0 0 1 2 11 11 7 13 6 9 0 3 4 0 20 3 1 7 4 10
12 15 2 14 0 14 4 5 14 4 1 0 16 0 7 1 9 6 13 1 15 0 8 2 20 26 22 5 1 1 21 11 1 17 3 7 9 3 3 1 10 2 7 15 6 5 6 8 5 19 0 1 13 50 8 0 0 0 2 22 6 9 12 0 5 8 4 11 13 4 4 0 0 4 9 18 8 2 5 4 8 14 31 6 0 7 3 5 25 0 0 8 0 6 1 3 10 0 3 2
2 0 0 0 0 0 2 0 0 0 0 0 5 0 1 0 0 0 0 0 1 0 3 0 0 1 0 0 0 0 0 0 5 0 0 1 1 0 0 1 0 0 0 0 0 0 5 0 0 4 0 0 0 1 0 1 1 4 0 0 1 1 0 2 0 0 0 0 0 0 1 0 22 0 0 1 0 0 0 0 1 3 0 0 3 0 2 0 0 3 1 0 0 0 3 0 1 0 0 0
1 1 3 2 9 2 9 4 0 0 3 13 1 5 0 3 1 4 1 0 0 1 9 5 3 2 0 2 2 6 0 7 6 5 12 4 9 4 0 7 8 0 3 6 1 2 11 0 21 1 0 5 0 3 2 1 5 1 1 0 0 3 6 4 0 1 8 4 1 8 15 1 1 3 0 2 0 2 1 3 6 0 0 1 0 0 0 1 9 2 13 0 9 0 3 3 1 1 8 2
6 24 7 9 18 2 3 10 2 5 0 8 0 11 4 14 0 4 3 5 1 5 12 5 17 2 9 1 4 12 0 2 0 0 21 3 41 14 6 6 3 1 20 0 18 2 2 40 3 5 0 0 19 10 3 5 15 4 39 15 1 16 7 3 10 9 4 4 8 10 0 7 2 25 12 18 1 5 6 1 13 8 10 5 0 1 6 4 5 0 4 14 0 11 10 2 0 2 2 13
0 0 1 0 1 0 1 0 8 1 0 0 0 0 0 1 0 0 0 0 0 0 1 1 0 0 0 0 0 0 1 1 1 2 0 4 0 0 0 1 0 0 0 0 0 0 0 0 0 0 0 0 0 0 0 1 1 0 0 0 0 1 0 0 0 0 0 0 0 1 1 0 0 0 0 0 1 0 0 0 1 1 0 0 0 0 1 0 0 0 0 0 0 0 0 0 0 0 0 0
6 0 0 2 2 2 9 1 2 17 4 0 14 2 5 0 5 9 8 5 1 3 4 9 3 0 5 0 7 2 4 15 0 7 1 1 5 0 9 3 9 3 14 6 34 4 2 8 18 20 4 1 9 8 2 0 6 9 7 18 2 7 29 15 3 14 1 1 18 9 5 7 3 4 4 3 0 9 0 5 17 5 1 0 1 15 8 2 4 3 2 46 1 3 0 8 0 0 9 4
1 0 1 0 0 1 0 0 1 1 0 0 2 0 0 0 0 0 0 1 0 0 0 1 0 0 0 0 0 1 0 0 0 0 0 0 0 1 0 0 1 1 0 0 2 0 1 2 4 0 0 0 0 0 0 0 1 0 2 0 2 0 0 3 1 0 0 0 1 0 2 0 1 1 0 0 1 2 0 0 0 0 0 2 0 0 0 1 1 0 0 0 2 0 0 0 0 1 0 3
4 4 1 0 0 5 3 1 1 3 2 5 3 6 2 1 5 6 0 0 0 1 4 2 1 0 0 8 2 4 2 12 2 8 11 0 6 4 2 8 9 1 8 2 6 1 24 1 1 1 0 2 18 3 10 14 4 4 0 10 1 8 0 1 2 0 7 2 0 1 3 1 6 11 9 1 1 1 1 2 0 3 12 2 2 2 5 2 5 13 1 2 2 5 0 2 7 9 5 0
0 4 4 4 0 4 5 1 0 0 5 0 16 1 1 2 2 8 1 11 2 7 1 2 4 10 4 5 1 5 1 0 1 0 14 3 1 1 4 2 2 1 4 7 2 3 8 4 4 3 6 9 1 3 15 1 6 4 4 2 13 4 3 6 26 4 2 17 3 0 8 3 1 6 4 2 9 0 0 9 3 1 0 4 0 5 16 5 5 2 6 4 3 10 6 5 8 11 8 6
12 0 4 13 2 2 13 17 6 13 4 30 0 10 2 0 1 11 7 2 9 5 1 13 9 0 2 5 0 4 1 1 6 0 43 2 0 4 3 0 12 11 3 12 0 1 2 2 14 4 27 23 3 4 3 6 7 2 14 5 5 6 1 2 1 19 2 8 10 0 7 10 16 9 15 0 7 2 0 1 16 20 3 23 3 13 1 5 10 11 10 0 3 2 9 2 1 3 15 3
18 2 0 44 8 5 0 9 4 20 10 10 12 14 8 4 12 6 13 1 2 13 1 4 6 0 19 4 3 7 4 2 0 6 0 32 15 3 1 5 10 0 16 15 22 5 9 26 9 0 22 0 3 8 27 34 7 9 10 8 10 4 15 5 12 1 1 0 2 1 0 5 11 6 22 17 0 15 0 5 6 10 7 0 9 11 0 2 0 0 6 6 3 28 0 1 8 2 0 3
3 0 2 2 4 9 6 6 0 2 0 1 4 0 10 6 1 6 8 15 3 0 0 2 2 3 3 4 0 1 0 3 5 0 0 1 0 0 1 0 0 9 4 2 2 1 2 1 0 3 20 10 9 6 2 19 0 0 8 2 0 5 1 0 0 2 0 0 2 2 2 0 0 0 0 2 3 3 1 5 1 5 0 3 6 1 3 0 0 16 0 4 8 0 3 1 4 3 4 3
5 32 2 8 1 0 2 9 16 0 1 6 10 0 3 11 23 7 1 1 5 0 1 0 15 2 6 7 3 0 3 3 1 5 2 9 0 5 2 1 3 4 20 1 23 6 1 2 0 5 2 6 5 0 32 3 21 6 3 3 0 6 3 1 14 9 20 1 2 7 10 6 8 1 0 18 4 2 1 1 2 2 20 5 7 10 25 25 14 2 12 13 3 8 0 40 21 0 8 0
1 4 1 0 4 2 0 2 2 3 0 12 10 5 22 13 3 3 10 2 4 0 19 1 5 8 7 1 4 2 0 1 0 3 7 5 0 9 3 4 2 27 0 0 0 1 3 9 3 0 2 12 1 6 4 0 4 13 8 0 2 2 12 0 0 0 3 1 1 0 2 3 1 0 7 0 3 2 6 4 2 0 9 0 8 2 0 1 5 0 6 0 7 5 0 10 0 3 2 22
3 3 6 8 3 2 5 0 5 0 22 41 3 4 7 4 5 25 1 2 10 9 5 12 1 10 1 0 2 1 15 4 2 16 1 2 62 15 6 13 23 6 26 0 5 9 5 6 10 0 0 4 4 0 13 2 3 5 0 0 10 7 8 1 11 5 3 14 14 6 0 30 2 10 6 6 1 19 18 17 0 11 2 26 12 8 5 13 9 2 2 0 4 3 0 2 2 2 2 0
0 2 0 1 4 14 4 0 0 8 2 5 8 6 1 5 0 5 2 5 4 0 1 10 2 1 2 4 0 13 25 0 5 10 6 2 0 4 2 0 1 1 4 1 1 1 1 1 14 4 1 3 2 2 12 2 0 2 3 6 8 2 1 0 0 5 2 9 2 16 1 1 0 2 4 1 2 2 1 1 7 19 2 6 2 12 0 1 2 0 0 0 13 0 0 3 2 6 5 10
3 7 4 5 3 3 14 24 1 7 7 6 1 1 5 9 16 1 1 4 5 4 14 7 0 15 10 4 16 31 1 21 5 13 6 10 7 5 0 1 0 2 11 2 21 1 0 1 6 6 7 44 0 7 6 0 5 30 19 12 16 3 9 8 41 2 2 5 0 14 2 15 36 4 12 5 1 2 17 6 6 6 3 9 1 8 1 4 9 4 4 5 1 7 17 0 3 3 1 3
0 0 0 0 0 0 0 0 0 0 0 0 9 0 0 0 0 0 0 0 0 0 0 0 1 1 1 0 0 2 0 0 1 0 2 0 1 0 1 0 0 0 0 0 1 1 1 0 0 0 0 0 0 0 6 0 0 6 0 2 0 0 0 1 0 0 2 0 1 0 0 0 3 0 3 0 0 0 0 1 0 2 0 1 3 2 2 1 0 0 0 0 0 0 10 0 0 0 1 0
0 0 1 0 0 0 0 1 0 1 0 1 1 0 1 0 0 0 1 1 0 0 0 0 0 0 1 0 0 0 0 0 0 2 0 1 0 0 0 0 0 0 0 0 1 0 0 0 0 0 1 1 0 1 1 0 0 1 6 0 0 0 0 0 0 1 0 0 1 0 1 0 0 1 3 1 0 0 0 0 1 0 0 0 0 0 0 0 1 0 0 0 1 1 0 1 0 1 0 1
4 8 5 10 10 2 2 1 8 1 0 0 8 4 23 10 3 12 9 1 7 22 3 0 0 1 4 7 3 5 6 2 3 4 2 17 3 0 0 14 6 0 3 4 4 15 0 1 3 3 4 7 1 3 1 2 3 1 3 4 1 10 0 7 7 6 4 0 7 13 2 24 25 3 28 4 3 8 0 19 6 4 13 10 3 2 12 3 0 2 0 25 0 6 6 1 10 10 1 6
0 1 10 6 1 1 10 2 1 3 0 0 10 1 0 0 1 3 3 0 1 7 3 10 2 19 15 4 6 1 3 2 0 0 4 0 7 1 5 4 1 0 1 5 1 5 3 4 0 1 1 12 10 4 4 12 2 20 12 8 0 3 0 0 4 10 1 2 3 6 1 0 3 2 5 10 6 3 9 13 4 12 3 11 2 1 0 11 22 1 4 0 9 7 3 5 2 7 1 12
9 1 36 1 0 5 6 3 6 10 15 3 2 19 16 2 7 5 0 11 8 0 28 9 14 1 4 0 5 8 1 0 12 4 13 17 6 5 12 0 12 0 0 3 1 0 0 0 13 8 3 1 4 9 12 3 6 12 4 10 1 6 0 5 10 4 10 28 35 21 23 5 22 2 3 6 0 12 13 21 4 8 2 3 2 4 0 13 3 11 4 6 2 5 8 1 1 4 18 15
0 0 14 7 3 17 0 4 11 1 13 1 0 2 8 5 3 1 2 4 7 0 2 0 13 17 8 0 20 0 0 14 1 1 25 2 12 2 6 3 5 2 12 9 9 8 0 0 0 4 3 19 4 3 7 9 10 0 6 2 10 9 1 1 2 0 8 37 9 3 0 6 6 8 1 6 4 3 2 1 3 0 1 2 3 3 2 4 3 9 8 1 1 1 3 7 0 17 7 6
10 17 3 6 6 2 0 15 12 7 1 1 14 6 31 7 8 22 16 0 11 2 0 8 2 2 36 3 9 2 0 4 21 0 21 0 1 19 2 5 8 3 3 1 8 1 7 5 35 4 3 5 8 0 1 13 20 14 8 10 4 1 25 5 13 1 23 10 20 46 4 4 3 15 4 3 3 24 10 13 0 32 3 5 6 9 10 6 4 3 1 12 1 0 2 20 15 28 19 8
7 0 3 1 14 1 2 6 1 0 5 4 2 2 0 0 0 7 1 1 4 5 5 3 0 3 4 1 2 3 0 2 0 3 5 18 2 5 2 1 9 3 8 0 0 7 0 0 16 0 1 2 9 0 0 1 0 0 4 8 2 9 1 8 0 8 4 10 0 7 2 4 3 4 2 1 0 1 2 0 8 12 4 2 9 0 2 1 3 1 8 1 0 3 6 7 5 2 3 3
0 5 6 0 3 7 2 2 1 14 4 1 3 0 1 4 2 0 2 0 5 0 4 1 1 6 0 1 16 3 0 2 0 6 5 5 3 1 0 9 1 0 0 8 2 0 0 2 0 3 4 0 4 23 0 0 8 3 8 3 1 7 1 3 3 0 2 2 6 2 5 3 2 7 2 2 3 0 1 3 9 1 2 0 1 6 1 3 2 17 3 0 1 0 2 0 0 5 0 2
0 0 0 0 6 4 0 3 2 10 2 0 3 0 14 1 3 0 0 10 2 7 3 3 9 0 13 0 3 4 2 2 0 7 1 1 3 1 7 9 0 2 1 2 1 3 7 0 1 3 0 0 0 3 8 0 3 2 0 1 0 12 4 8 1 1 4 3 4 5 3 4 2 1 0 0 6 1 7 2 1 18 3 2 3 1 1 2 4 1 10 0 1 14 7 3 2 0 2 6
26 14 3 1 5 10 11 16 6 4 30 5 6 3 11 24 11 0 7 8 3 14 3 6 14 8 6 5 4 7 0 2 3 1 7 3 12 1 17 6 12 8 2 0 4 9 15 4 6 10 6 11 20 3 7 6 5 19 0 6 15 24 11 12 13 11 4 2 1 0 0 5 5 12 20 1 7 4 14 4 13 1 4 7 7 16 6 22 12 25 3 18 3 25 7 9 4 4 5 9
3 4 0 1 2 8 11 7 16 11 19 6 5 35 1 3 0 2 4 12 15 10 1 12 13 11 16 9 7 43 1 7 26 5 13 2 1 5 12 1 6 5 10 0 5 7 14 3 31 2 11 18 0 2 1 1 7 0 11 5 3 0 16 4 6 27 3 2 1 10 7 4 2 30 7 5 1 4 1 13 21 10 17 13 5 0 3 0 2 1 4 10 0 0 5 14 20 0 2 11
8 1 0 1 1 2 0 5 2 4 1 12 3 1 0 9 3 0 1 3 4 3 4 1 1 3 5 4 4 2 1 2 2 2 7 0 6 5 0 8 1 0 1 0 0 1 7 0 2 5 6 3 0 8 2 1 2 1 8 4 0 3 1 0 1 5 1 6 2 0 3 1 6 1 1 0 1 0 15 0 18 7 3 0 0 0 15 7 0 0 7 2 6 0 8 0 6 1 2 3
6 3 0 6 4 1 11 0 0 0 3 0 4 7 7 7 6 7 0 8 13 6 2 13 5 0 13 7 2 1 3 13 2 4 11 0 1 2 1 0 2 0 2 5 13 20 1 2 1 0 1 1 1 2 9 2 0 2 3 6 0 9 0 3 1 10 0 4 0 0 3 0 0 3 6 5 0 1 2 3 0 23 21 3 0 5 7 5 10 6 3 1 0 1 3 1 2 21 0 0
5 5 4 0 0 7 3 10 1 11 2 11 1 5 3 1 5 1 2 0 2 2 1 0 16 6 16 8 4 0 0 1 0 16 4 1 1 7 2 16 7 7 0 1 0 0 7 1 0 1 9 1 2 1 0 2 13 8 0 0 7 9 0 1 2 0 6 12 7 5 1 0 9 0 1 8 25 0 5 4 0 2 0 0 9 9 2 13 8 3 9 3 3 10 4 0 0 0 6 4
0 2 28 11 13 3 33 0 7 2 11 6 0 1 6 5 0 8 0 2 28 1 2 0 15 7 8 23 4 3 0 10 2 9 0 9 20 9 12 17 9 51 1 8 4 9 14 0 3 6 7 1 16 12 3 2 5 5 11 1 3 3 1 12 23 1 1 13 9 6 3 12 14 11 9 4 14 4 7 19 1 1 17 5 13 2 0 9 1 1 0 0 6 0 8 14 34 33 11 10
0 0 0 0 0 0 5 0 0 4 1 1 0 0 0 3 7 2 1 0 0 0 0 0 0 0 0 1 0 3 0 1 0 0 0 2 1 0 0 0 2 3 3 0 0 0 14 1 0 0 0 0 0 1 6 1 0 0 1 0 1 2 0 0 7 0 1 0 2 0 0 1 1 0 0 1 0 1 3 2 0 0 0 1 8 2 0 1 1 0 0 0 6 0 0 0 1 0 1 0
0 0 0 1 0 0 2 0 2 0 0 0 0 0 1 0 0 0 0 0 1 1 0 2 0 0 0 0 1 0 0 0 0 0 0 0 0 0 0 2 1 1 1 0 0 0 1 0 1 1 0 0 0 0 0 0 2 0 0 1 0 0 1 2 0 0 0 0 0 1 0 1 0 1 0 0 1 1 0 0 5 1 2 0 1 0 0 0 0 1 0 0 1 0 0 0 0 2 1 1
1 0 1 0 1 0 0 0 1 0 0 4 0 0 0 2 1 0 0 1 0 0 0 0 1 2 4 0 0 0 0 0 0 0 1 0 1 0 2 0 0 2 0 0 0 0 1 0 1 0 0 0 2 0 0 0 1 0 0 1 0 1 2 0 0 0 3 0 0 0 0 1 0 0 1 0 1 0 0 0 2 0 1 0 0 0 3 0 0 0 0 0 0 0 0 0 0 0 0 0
0 0 0 1 0 2 0 0 4 0 0 1 2 0 0 1 0 2 0 14 4 0 0 0 0 0 0 0 0 0 0 0 1 0 0 0 1 0 2 0 3 0 0 0 0 0 0 0 1 0 0 0 0 0 0 0 0 0 1 2 1 0 0 0 1 0 0 0 1 0 4 0 0 1 0 0 0 0 0 0 0 0 0 0 0 0 0 0 1 0 0 0 0 1 0 1 0 1 1 1
3 26 9 0 0 4 4 0 0 0 5 4 3 0 5 0 2 3 0 12 1 21 6 10 2 1 0 2 2 10 15 3 1 3 15 5 0 2 7 16 8 0 9 4 2 9 3 6 8 3 8 2 1 10 5 1 6 3 4 4 3 1 5 8 1 2 4 3 4 12 9 2 2 7 1 1 0 3 3 2 0 10 4 5 2 5 1 7 6 7 5 12 2 4 1 5 2 14 8 0
5 0 1 0 0 3 4 1 2 1 1 5 0 3 7 9 17 1 0 2 0 1 2 8 2 2 1 1 4 5 13 4 4 3 1 1 2 5 3 1 0 5 0 3 9 1 0 5 0 0 2 3 1 0 5 9 1 3 2 11 2 2 0 2 2 1 5 0 6 9 3 4 7 5 1 0 7 4 1 4 0 1 1 6 30 0 10 7 5 8 3 5 4 13 2 0 1 0 0 6
31 6 5 4 27 4 15 4 0 26 27 5 14 7 2 1 3 2 25 1 10 13 1 3 0 21 0 1 11 5 49 0 0 29 2 12 16 2 6 3 7 10 6 0 1 28 4 1 23 1 15 3 2 1 6 1 6 7 26 4 2 12 10 2 4 5 3 5 3 4 1 11 19 8 1 13 0 6 6 6 19 1 8 5 20 11 7 1 0 4 1 3 8 6 5 2 13 2 4 3
24 11 5 0 6 9 3 6 11 42 18 4 1 7 14 8 4 0 8 11 24 1 1 7 14 14 7 1 1 16 1 15 16 0 10 19 0 11 5 24 16 9 11 20 6 8 1 0 19 4 0 22 6 3 3 12 4 3 48 8 3 4 24 0 3 5 6 1 10 16 4 5 5 12 2 4 2 5 27 2 27 8 8 0 1 10 0 5 7 3 4 14 0 17 5 5 6 0 13 14
1 0 0 0 1 0 0 0 0 2 3 1 0 0 0 0 0 0 0 1 0 2 0 0 0 0 0 2 1 1 0 0 1 0 0 0 1 0 0 1 0 0 3 0 0 0 0 0 1 0 0 0 2 0 1 0 1 0 0 0 0 0 0 0 1 2 0 0 2 1 0 8 0 0 0 0 0 0 0 0 1 0 1 0 0 0 0 3 2 0 0 0 0 0 0 0 0 0 1 1
3 13 18 1 1 14 2 0 12 1 5 0 1 2 0 8 15 9 4 0 12 13 6 5 16 14 8 7 31 4 4 5 44 4 9 17 0 3 7 0 4 5 9 2 3 3 3 11 24 34 1 3 0 19 22 13 10 1 3 1 2 4 3 1 0 2 0 3 3 11 16 9 4 1 3 1 2 1 2 8 4 5 17 19 2 18 2 12 9 0 7 8 0 3 5 12 15 6 40 4
15 2 1 10 3 3 2 6 0 2 0 5 1 10 2 2 4 0 12 3 14 2 25 7 1 1 8 8 24 12 8 0 4 3 1 7 0 7 3 5 1 5 9 7 2 7 1 27 0 3 1 6 5 22 19 20 6 15 9 0 12 0 2 13 15 2 3 11 9 5 2 2 26 4 7 0 9 4 19 40 1 3 21 16 9 7 11 2 4 3 0 40 12 16 2 10 10 2 1 15
0 0 0 0 0 0 4 0 0 0 0 0 2 0 0 0 0 1 2 0 0 0 0 1 0 0 2 1 0 0 1 0 2 3 0 0 0 1 0 0 1 0 1 1 0 0 0 0 1 0 0 0 0 0 0 0 0 0 0 0 0 2 0 1 2 1 0 1 1 0 0 0 7 0 0 3 0 0 2 2 0 0 0 0 2 0 0 0 1 0 0 0 5 0 0 0 3 2 1 0
2 0 5 2 5 5 2 1 5 0 2 2 3 0 4 11 1 2 4 5 6 0 0 5 0 0 5 1 15 1 1 6 0 2 2 0 1 9 2 3 6 2 1 1 7 5 12 5 0 1 2 4 7 1 3 3 29 17 3 5 0 0 2 2 9 6 2 5 1 1 3 3 0 0 4 4 3 4 7 8 3 1 0 3 0 22 2 2 7 5 2 5 2 4 3 7 1 5 0 0
5 1 8 7 9 7 24 3 9 3 7 10 0 23 0 1 33 6 1 2 0 9 11 1 9 2 27 1 5 2 5 8 13 4 5 3 8 2 1 19 4 8 13 30 0 6 21 6 26 3 0 5 2 32 5 10 0 30 0 0 8 5 7 30 16 3 15 11 0 23 2 12 5 3 11 14 10 3 11 5 11 6 28 4 7 7 1 3 7 0 7 5 1 1 5 6 22 9 23 10
5 2 0 3 12 24 0 8 1 3 5 1 0 5 4 2 0 4 1 7 1 8 1 7 12 8 9 4 0 0 3 0 0 8 6 6 3 3 1 0 4 0 11 0 9 1 0 0 20 10 6 7 2 1 0 1 2 0 1 2 1 4 2 7 0 0 14 13 9 1 12 1 0 7 12 0 0 6 13 2 6 1 4 1 0 1 6 3 1 1 9 11 1 5 0 8 12 4 1 2
8 3 13 2 6 19 24 1 1 12 2 0 8 2 17 17 4 0 4 10 2 11 4 6 3 0 2 1 1 6 7 7 1 3 2 5 8 14 20 4 18 31 30 6 1 0 8 5 34 15 12 5 0 3 4 0 10 21 7 2 15 6 6 21 4 2 27 1 1 2 1 2 12 1 8 1 0 0 3 4 0 0 2 0 8 28 10 18 1 0 3 5 10 21 3 18 5 0 7 4
9 9 4 2 9 10 9 8 4 3 2 20 4 11 0 11 4 20 11 8 1 3 4 8 2 2 10 14 0 3 8 5 5 7 10 10 4 6 3 14 6 7 1 0 3 6 2 7 7 18 8 4 7 5 2 0 0 6 16 18 17 40 0 18 5 1 1 15 4 0 7 5 15 4 1 1 2 0 12 5 3 4 2 7 10 5 16 8 0 14 6 10 4 13 0 8 1 6 1 5
2 6 1 0 1 1 7 1 0 0 7 9 6 6 0 11 7 0 1 0 0 1 2 4 4 3 15 2 7 2 0 6 1 1 2 0 0 5 0 3 3 2 3 0 10 4 0 2 8 1 1 0 1 2 1 1 0 5 1 5 10 0 2 3 0 1 4 5 0 6 2 1 7 9 3 0 19 17 8 3 1 3 4 0 2 0 11 2 0 5 2 0 2 5 9 4 3 1 7 0
1 3 21 2 2 7 4 3 4 4 5 3 0 10 0 3 2 3 0 2 1 60 0 1 0 0 13 4 31 0 6 9 1 0 3 0 1 7 6 1 10 2 0 17 0 2 1 2 7 2 5 1 5 1 2 7 2 2 1 2 3 1 1 1 8 2 0 2 1 9 3 8 0 4 3 0 7 0 14 0 4 7 1 0 4 5 2 0 10 8 0 1 2 1 10 0 2 5 2 0
7 1 0 8 4 0 7 4 7 12 5 1 3 5 8 34 5 25 6 4 2 0 9 23 4 18 21 4 12 5 6 18 3 9 11 19 12 7 2 18 1 6 10 7 19 6 3 4 8 6 0 17 4 6 5 1 17 2 0 13 5 7 1 3 5 12 1 1 12 5 12 5 4 3 2 10 3 9 14 0 8 2 7 8 9 40 4 8 1 11 6 14 9 43 4 1 9 10 18 3
13 2 1 0 5 5 1 2 6 1 1 4 9 2 2 6 8 6 0 3 7 3 3 9 7 6 3 0 4 12 1 0 0 3 1 1 3 2 2 3 1 0 1 3 22 18 0 11 2 2 0 6 0 4 12 1 2 2 0 3 5 0 1 9 7 1 1 12 5 0 4 2 12 3 1 0 1 1 2 1 4 3 9 0 6 1 2 2 8 5 0 3 3 2 8 13 1 1 3 13
7 3 5 0 0 0 14 4 4 2 0 0 2 1 0 3 8 1 5 17 5 0 2 6 0 0 2 1 3 3 6 8 5 1 5 0 1 3 1 11 2 4 1 7 2 2 6 4 2 3 1 6 0 5 46 5 4 16 17 2 11 4 2 2 1 1 0 5 0 0 7 0 2 6 1 1 9 12 11 5 6 11 0 0 55 10 7 2 0 3 1 0 1 0 13 3 3 1 1 10
0 0 0 1 1 2 4 0 0 0 0 0 0 1 0 0 2 0 0 0 0 0 0 0 0 0 0 0 0 1 0 0 0 0 0 1 1 0 0 0 0 0 0 0 0 0 8 2 0 0 1 0 0 0 1 0 0 6 1 0 0 0 0 0 5 3 1 0 1 0 0 2 0 0 0 0 0 0 0 1 0 0 2 0 22 0 0 0 0 0 0 0 5 1 0 1 0 0 0 1
0 0 0 0 2 0 5 0 3 0 0 0 0 0 0 0 3 0 0 1 0 5 0 1 0 1 0 0 0 1 0 0 1 0 1 1 2 2 0 0 0 0 0 1 0 0 0 18 1 0 0 0 0 0 1 1 3 0 0 0 0 0 3 2 1 0 0 0 0 1 0 0 0 0 1 2 0 0 0 7 0 4 1 0 1 0 0 1 0 0 1 2 0 2 0 1 0 0 0 0
0 0 0 0 0 0 20 0 0 0 0 0 1 1 0 0 0 0 0 0 1 0 0 0 0 1 0 0 0 2 0 0 0 0 0 1 1 0 0 3 0 0 0 0 1 0 8 1 3 1 0 0 1 0 16 0 0 1 0 0 0 0 0 1 7 1 0 1 0 1 0 0 0 0 0 0 0 0 0 0 0 0 0 0 0 0 0 1 0 0 0 0 0 0 6 1 0 0 0 1
9 15 8 1 0 3 14 3 2 14 0 1 7 15 2 4 3 0 10 2 0 2 3 0 5 7 3 8 1 8 12 2 11 42 3 0 9 10 4 15 5 10 20 8 5 19 1 15 7 11 4 3 6 0 1 0 3 11 21 0 0 21 0 9 24 4 11 12 2 3 1 29 13 2 27 1 10 5 1 19 1 3 14 4 5 14 0 4 0 1 0 3 5 6 1 1 0 7 0 12
7 3 2 3 8 0 4 2 0 1 1 2 1 5 0 6 12 0 5 0 18 14 2 2 2 2 0 0 17 6 7 6 3 2 4 5 6 7 0 2 0 8 0 11 9 1 8 1 4 11 1 4 10 5 2 0 0 3 7 3 2 8 9 4 6 7 2 12 3 10 2 10 3 1 8 0 3 0 1 1 8 1 5 0 10 4 1 3 7 0 10 14 1 3 0 15 8 4 1 3
0 0 3 1 0 1 0 0 0 1 0 0 0 0 2 0 0 0 1 0 0 2 2 0 0 0 0 0 14 1 0 1 0 0 0 0 0 0 1 0 0 0 0 0 0 1 0 1 0 0 0 0 1 1 3 1 9 0 0 0 2 0 0 0 0 0 2 2 1 0 1 1 0 0 0 0 0 2 0 5 0 0 0 0 0 0 0 0 0 0 0 0 0 6 1 0 0 0 1 1
1 0 0 0 0 2 0 0 0 0 0 0 0 0 0 0 1 0 2 0 0 0 0 1 2 1 0 0 5 1 0 0 0 0 1 0 0 1 3 2 0 0 0 0 0 0 0 5 0 0 2 0 0 1 0 1 13 0 0 0 0 0 0 2 0 0 1 0 0 0 0 0 0 3 0 0 0 2 0 0 0 0 1 2 0 1 1 1 0 0 0 0 0 8 0 0 0 0 0 0
0 1 0 0 0 0 0 0 0 0 0 0 0 0 0 0 1 0 0 5 1 0 0 0 2 0 0 0 6 0 1 0 0 0 1 0 0 1 0 1 0 0 0 0 3 2 3 0 0 0 0 0 0 1 0 0 14 0 0 1 0 0 1 0 0 0 3 0 0 1 0 0 0 0 0 0 1 0 0 1 0 0 0 0 1 1 0 0 1 0 16 1 3 8 0 0 0 0 0 0
1 1 4 9 6 6 0 1 2 2 1 1 0 2 0 0 1 1 7 9 6 2 10 2 0 2 3 2 1 2 0 4 1 7 0 9 0 4 3 8 4 0 8 9 9 8 0 2 7 7 2 1 3 5 1 5 4 3 0 13 5 0 12 7 0 1 1 3 0 0 3 0 0 0 0 0 2 1 4 3 3 11 3 10 2 2 4 6 2 9 8 0 4 0 0 14 0 2 6 7
6 0 1 5 9 3 5 12 0 7 0 6 12 3 1 0 1 5 4 0 0 15 3 0 0 8 18 0 27 1 4 7 0 3 5 2 1 5 1 3 1 2 1 0 0 0 0 6 2 1 2 2 1 12 14 6 10 1 0 0 9 6 4 1 4 1 5 5 2 0 2 1 1 1 0 2 1 0 6 0 2 3 1 5 1 6 1 5 6 4 2 1 3 6 0 6 2 4 2 7
1 15 5 1 3 34 4 2 9 37 8 0 1 13 0 1 4 5 18 2 3 3 0 3 2 13 6 0 6 5 4 4 1 2 1 8 2 0 13 1 16 2 10 8 9 3 3 3 12 5 1 5 7 15 4 5 10 49 5 4 5 2 5 4 2 12 4 12 9 0 10 6 21 21 12 8 9 6 10 15 2 2 0 7 0 4 12 17 27 7 31 10 6 8 1 5 1 3 2 2
0 10 2 7 12 7 10 10 18 0 0 0 1 12 0 1 4 11 2 3 16 15 10 20 4 22 5 11 13 7 2 0 6 1 5 14 6 5 1 6 1 3 1 4 8 3 13 10 0 6 7 2 2 2 13 2 1 6 8 4 6 6 9 1 2 6 7 33 1 17 41 10 2 12 4 1 8 4 1 0 10 0 5 11 5 8 19 1 18 10 4 7 12 2 4 3 12 18 8 18
0 1 0 0 2 1 2 0 0 0 2 0 7 0 0 0 12 3 0 0 0 1 0 0 0 3 0 0 3 1 0 0 0 1 0 1 0 0 5 0 0 0 1 0 1 0 2 0 0 0 1 0 0 1 1 0 0 4 0 0 1 0 0 1 6 0 1 0 0 1 0 0 2 0 0 0 0 0 0 0 0 0 0 0 4 0 0 1 0 0 0 0 3 0 4 0 0 0 0 0
3 5 0 0 2 1 7 1 3 7 2 12 2 3 0 4 1 25 5 2 13 3 0 2 0 1 9 7 5 0 9 18 17 32 6 15 1 8 9 1 3 0 57 0 2 6 19 6 3 9 1 1 16 1 0 6 2 1 11 9 5 8 3 4 0 0 3 1 5 2 11 1 7 23 2 11 15 5 19 13 6 16 0 18 6 12 2 13 4 0 22 0 7 4 0 0 2 4 9 12
4 0 0 0 1 0 1 0 0 2 0 1 0 0 0 1 0 1 0 0 1 0 0 0 1 0 0 1 0 1 1 0 1 1 0 0 0 0 0 0 0 5 2 0 0 0 0 0 0 0 0 0 0 0 0 0 1 0 0 0 0 0 0 2 1 1 0 1 0 0 0 10 0 1 0 0 0 0 3 1 1 0 0 0 0 0 0 1 0 0 1 3 0 0 1 0 0 1 0 0
3 3 1 2 0 18 5 31 2 17 7 17 24 4 13 1 7 3 3 0 0 1 0 6 38 1 1 20 0 11 6 13 11 19 3 26 1 4 10 8 12 4 13 11 13 2 1 14 10 8 0 3 1 14 0 11 0 0 6 1 11 6 10 4 5 27 7 18 8 5 0 3 4 0 2 1 2 5 5 10 0 5 20 23 8 13 10 13 11 3 15 0 1 15 9 30 6 2 25 0
0 0 0 0 1 4 0 0 1 0 1 0 0 0 1 0 0 2 1 6 7 0 0 0 1 0 1 1 0 0 0 0 0 0 0 0 0 0 1 1 0 0 0 0 0 0 0 0 0 0 1 0 0 0 0 0 0 0 0 1 3 1 0 0 0 0 0 0 1 0 0 1 1 0 0 0 0 0 1 0 0 0 0 0 0 1 0 0 1 0 1 0 0 0 0 3 1 0 0 1
0 0 0 0 0 0 9 0 0 0 1 1 16 0 0 1 0 2 0 0 1 0 0 0 0 0 1 0 0 0 0 0 0 0 0 0 0 0 0 0 0 2 0 1 1 0 1 0 0 0 0 0 1 0 5 2 0 4 0 1 0 0 0 0 2 3 0 0 0 1 0 0 4 1 0 1 1 0 1 0 0 0 2 1 0 2 0 0 2 0 0 1 2 1 0 1 0 1 2 0
0 0 0 1 0 0 0 0 12 1 0 2 0 1 0 0 0 0 1 2 2 0 0 0 0 0 0 2 0 0 0 0 0 0 0 0 1 1 0 0 0 0 1 0 1 0 0 0 2 0 0 0 0 0 0 0 0 0 3 0 0 0 1 1 0 0 0 0 0 1 0 0 0 0 2 1 0 0 1 0 0 0 0 0 1 1 0 0 1 1 1 1 1 0 3 0 0 0 0 2
3 11 2 19 10 3 8 0 3 22 22 8 46 2 27 0 2 4 15 2 0 1 6 1 8 2 0 0 5 8 8 13 0 27 10 14 5 4 10 6 9 8 12 5 3 10 9 4 1 5 10 11 4 6 12 33 0 14 12 6 3 12 25 1 14 7 16 23 0 4 15 11 4 6 0 0 0 1 0 12 5 4 16 0 0 1 11 26 1 2 5 2 6 6 2 9 16 0 15 6
0 0 0 0 0 0 0 0 1 0 0 0 0 3 2 4 0 0 0 0 0 0 1 1 0 0 0 0 0 0 0 0 0 1 0 0 0 0 1 0 1 8 0 1 0 1 0 1 0 6 0 1 0 1 0 0 0 0 0 1 0 0 0 0 0 0 0 0 0 0 0 2 0 0 3 0 0 0 0 0 3 0 1 3 0 0 2 0 0 0 0 0 0 0 1 0 0 0 1 1
0 0 2 0 1 0 1 0 0 0 1 0 1 0 0 0 0 0 0 0 3 0 1 0 0 0 0 1 0 0 1 0 0 0 0 0 0 1 0 0 0 0 0 1 0 1 0 1 1 1 0 0 1 0 0 0 1 0 1 0 0 3 0 0 4 0 2 0 3 0 1 0 0 0 0 0 1 0 1 0 0 2 2 0 0 0 1 0 0 0 2 0 0 1 0 0 0 0 0 0
2 6 6 10 7 14 0 4 0 4 0 6 2 2 0 0 5 0 9 1 12 14 1 11 2 25 7 2 2 6 1 0 1 0 2 0 6 0 1 3 17 3 3 7 9 0 22 5 1 1 7 1 2 2 0 0 0 4 0 9 2 1 6 9 4 2 6 0 1 7 4 5 1 3 2 5 1 6 0 0 1 1 13 3 5 9 15 4 2 0 4 1 11 2 12 1 10 1 2 4
1 0 2 1 0 4 4 0 1 10 4 1 1 2 0 3 2 5 2 19 12 13 10 0 18 3 0 8 15 7 9 0 0 6 7 7 3 0 0 8 10 0 0 0 3 7 4 2 1 3 1 2 25 6 1 1 8 1 4 1 1 3 13 2 2 7 5 1 3 4 2 2 8 12 3 4 9 1 3 1 3 1 5 2 13 0 0 1 4 2 0 6 7 0 0 5 2 2 15 5
2 7 4 0 10 4 2 0 5 3 5 7 2 7 9 5 4 2 7 4 0 4 9 3 14 0 4 1 3 9 4 10 5 22 10 13 1 1 0 0 1 2 1 1 0 0 13 3 10 9 0 4 5 0 5 0 7 10 0 5 1 6 1 3 1 1 1 1 5 0 2 7 6 18 11 1 7 7 0 2 3 0 3 5 6 18 0 1 1 2 1 2 10 0 0 4 6 2 4 11
16 1 3 12 0 1 10 1 40 44 2 3 23 3 3 7 0 0 0 7 25 16 3 1 13 4 1 1 31 7 4 8 0 9 4 1 12 2 26 19 3 2 23 0 19 0 5 1 4 0 0 7 9 2 4 12 5 15 5 23 0 9 5 2 9 5 5 3 4 5 12 0 11 12 2 1 4 1 11 9 14 34 3 0 2 7 12 14 21 5 23 14 23 1 9 0 7 0 5 22
5 1 8 10 1 9 3 8 2 12 5 3 4 3 10 5 21 0 3 11 0 0 10 0 1 1 11 2 4 4 2 0 1 0 0 8 2 2 0 7 3 2 3 1 2 5 9 5 4 4 2 3 2 14 6 1 24 2 0 4 1 6 5 1 9 0 15 6 3 10 2 11 1 3 0 7 8 0 0 6 2 1 8 1 1 2 8 0 4 0 5 5 2 0 0 9 0 1 1 0
0 0 1 0 0 0 0 0 0 0 0 0 1 1 0 1 0 0 0 3 3 0 0 0 0 0 1 0 0 0 4 0 0 1 0 1 0 0 0 0 3 0 0 0 0 0 0 0 1 0 0 0 0 2 0 1 0 0 0 1 0 0 0 0 1 0 1 1 0 0 0 0 0 0 2 2 0 0 4 0 0 0 0 0 0 1 1 0 0 1 1 0 1 0 0 0 0 0 0 0
1 10 0 0 12 5 0 0 22 13 0 0 3 2 9 0 5 1 2 7 1 0 2 7 6 3 0 4 4 15 3 0 11 0 0 1 10 0 6 0 2 1 3 1 0 0 7 0 0 4 7 4 6 7 20 0 4 15 15 8 7 11 1 1 17 1 0 2 3 2 6 1 21 0 3 26 4 0 5 5 0 0 1 3 0 2 0 1 3 2 6 2 1 6 13 2 9 3 14 5
2 1 20 2 5 8 0 0 1 13 4 0 1 1 5 6 0 0 8 3 0 1 0 1 22 0 0 4 2 2 7 16 0 1 4 1 0 1 4 0 5 4 2 8 5 0 0 3 18 1 5 0 11 6 1 0 0 0 2 0 0 2 8 7 0 1 6 3 6 3 1 2 0 1 0 6 6 10 17 0 9 8 2 0 1 8 2 7 0 7 10 4 0 0 0 1 1 3 13 3
20 4 0 6 9 9 0 6 0 0 26 0 5 10 0 3 13 10 18 8 10 1 6 2 5 33 3 0 2 3 0 1 5 1 3 6 4 4 9 21 0 0 7 10 9 19 6 0 3 23 3 0 3 4 10 1 0 27 3 5 1 2 18 24 18 12 0 1 1 12 6 0 13 9 10 0 9 1 12 8 23 6 4 9 8 5 3 0 6 6 16 5 1 14 5 6 0 5 8 3
0 0 7 15 13 2 1 0 3 1 10 0 30 6 1 12 9 7 6 0 2 11 10 19 9 2 0 2 5 0 0 5 5 2 0 4 14 4 6 3 7 13 0 1 8 0 0 2 23 30 11 0 31 0 8 4 7 5 6 8 6 3 10 2 10 1 9 1 7 5 18 11 2 0 4 13 3 0 1 0 32 6 12 7 2 0 3 0 31 8 7 5 6 14 0 22 0 3 29 1
