484
476
440
428
425
409
385
342
311
260
214
150
83
66
61
44
21
490
478
475
454
420
391
387
386
358
343
199
185
164
158
124
82
74
37
34
32
33
0
173
31
148
224
40
64
46
36
115
300
53
348
367
268
480
277
24
284
230
470
498
30
134
90
96
68
351
103
315
302
413
273
52
319
8
165
49
309
55
278
197
192
447
329
495
372
341
233
265
395
314
210
25
266
408
188
172
312
434
322
2
41
250
111
426
288
289
436
444
258
251
456
450
87
177
153
11
477
171
218
317
4
381
466
14
198
270
209
152
235
48
189
202
335
200
91
114
285
308
451
430
89
22
323
392
194
221
339
485
129
6
435
208
38
469
462
35
382
280
384
291
379
487
234
359
62
203
116
144
313
191
474
324
140
388
249
113
301
492
296
320
310
12
357
437
149
93
112
45
97
406
432
326
240
238
117
166
70
13
375
473
321
286
338
206
143
76
133
457
272
78
429
51
402
397
181
356
20
23
16
398
174
482
207
337
127
374
295
366
458
27
236
225
269
376
245
352
303
483
104
19
431
184
190
142
394
145
138
499
354
215
99
433
414
226
453
43
137
267
94
151
465
455
195
125
92
231
108
304
262
168
443
307
193
486
5
365
15
72
380
445
377
123
146
163
50
347
405
400
77
182
407
461
364
281
271
256
344
84
75
463
393
361
279
489
264
204
422
57
157
274
370
241
169
228
401
109
110
119
178
105
496
383
120
292
100
128
275
132
334
18
229
88
162
205
331
353
243
471
287
3
156
211
213
412
63
121
223
294
227
442
69
452
333
316
448
424
345
47
122
493
246
244
170
306
439
217
423
65
39
98
373
325
410
404
175
101
167
468
360
60
126
283
396
180
259
248
488
418
349
130
305
232
201
247
497
399
67
220
378
427
131
290
59
467
102
297
183
491
159
95
299
216
222
389
346
263
107
363
86
1
155
186
160
10
106
362
330
54
276
29
118
135
26
261
141
187
411
460
328
479
390
179
80
481
494
350
449
9
293
85
417
58
472
7
237
371
403
340
464
161
56
298
332
282
79
459
71
154
81
254
147
252
355
416
17
73
441
212
255
257
176
415
438
219
368
42
446
336
421
28
327
136
369
318
139
239
242
419
196
253
