496
426
399
343
322
301
273
262
261
248
243
174
169
144
87
85
71
60
15
438
415
406
404
402
368
326
321
309
264
233
219
205
150
133
100
94
66
42
18
146
319
215
8
381
346
126
188
145
202
106
293
494
141
285
184
44
355
138
104
176
431
250
312
92
128
238
392
263
151
19
254
444
84
348
298
464
189
82
249
278
17
315
99
462
432
383
22
327
391
12
405
236
167
398
192
333
222
28
371
153
443
445
26
340
291
465
152
422
102
63
33
430
360
369
356
414
76
289
364
450
477
107
54
136
24
0
341
7
157
43
164
491
65
175
453
307
472
300
441
118
147
4
385
390
282
471
324
290
479
280
14
283
132
460
297
223
216
251
361
304
183
38
79
161
416
486
332
109
98
314
73
131
75
211
410
365
20
373
493
193
296
352
424
97
338
466
41
177
257
313
380
375
234
187
306
281
339
137
51
112
260
435
288
59
3
440
70
13
382
10
149
396
467
408
345
419
434
37
451
168
69
62
182
436
295
446
386
155
252
268
461
180
265
476
96
425
311
83
292
397
459
336
123
400
80
417
420
279
393
47
52
81
207
378
411
413
213
433
232
372
456
35
113
401
195
201
487
367
328
497
154
39
457
469
270
253
330
342
159
423
455
379
359
363
269
421
266
480
235
68
162
287
499
89
210
492
275
239
143
198
247
120
489
353
173
377
458
475
72
61
357
337
186
299
130
64
449
317
437
485
344
119
387
140
77
229
148
395
418
27
23
470
105
483
286
125
67
294
245
6
116
171
11
199
394
473
185
354
302
208
108
370
36
156
218
231
366
103
86
191
57
403
217
482
310
447
320
374
122
206
91
170
325
409
274
31
78
316
376
21
256
226
58
16
484
318
129
48
463
178
158
127
267
407
181
323
50
110
172
32
74
277
163
481
255
308
237
111
474
227
350
284
428
351
241
53
200
196
25
114
490
271
1
246
95
230
329
384
478
488
454
272
240
347
498
334
305
117
331
214
439
448
335
204
468
134
90
29
194
224
349
452
197
412
139
9
49
56
388
124
429
212
495
165
358
389
160
258
276
101
228
190
179
225
121
45
203
362
166
135
115
34
46
142
221
259
93
2
88
55
30
5
427
220
442
303
242
209
40
244
