497
495
489
384
367
357
293
237
163
156
142
14
477
460
408
351
345
327
326
291
288
265
253
248
205
189
185
145
121
109
97
70
57
25
11
333
410
303
331
164
186
42
140
219
306
141
94
12
182
400
386
54
311
125
247
51
272
187
43
491
463
418
355
151
40
176
200
5
475
420
285
52
102
126
457
379
385
196
466
226
47
36
292
162
198
154
240
99
179
321
6
131
110
119
360
426
317
304
201
483
316
482
88
462
334
340
435
79
217
375
30
78
448
169
407
158
32
19
98
273
442
184
251
171
252
431
338
322
494
75
300
315
235
147
134
329
72
380
234
492
53
29
414
180
422
378
412
177
222
305
298
46
10
188
133
453
128
60
336
204
218
146
434
445
458
216
118
263
268
173
220
279
480
69
438
287
374
362
264
403
130
405
117
28
39
299
427
73
470
172
1
137
211
302
84
85
464
246
175
250
413
471
359
148
402
33
256
262
393
456
428
225
178
35
313
167
111
339
108
341
209
17
244
429
174
342
437
45
2
56
390
282
395
353
49
443
181
170
136
21
447
347
193
112
436
450
100
107
62
415
397
430
276
267
95
214
124
301
149
461
444
18
210
55
9
488
90
399
451
271
328
296
65
314
105
278
312
324
274
441
166
467
203
391
212
257
106
404
150
16
230
58
484
295
401
114
8
153
363
91
135
433
129
4
286
487
83
486
260
284
294
365
115
159
499
138
232
388
459
449
266
71
465
361
0
409
352
335
406
59
7
417
87
249
411
392
373
446
104
77
89
479
269
199
394
44
207
370
161
382
37
31
238
76
202
120
323
157
283
440
221
423
371
241
348
258
493
86
469
67
93
127
424
343
82
454
310
165
48
275
468
383
481
239
3
281
206
190
290
66
143
38
452
20
318
478
15
92
27
80
191
425
498
213
439
160
231
101
215
96
236
224
113
195
344
280
377
254
474
183
319
381
24
50
26
228
61
233
277
192
455
496
376
307
485
297
472
242
416
332
64
122
350
103
368
432
330
255
23
387
356
372
34
144
349
208
354
289
421
364
320
13
194
325
308
132
389
476
270
243
369
358
68
229
473
346
81
155
223
152
490
197
63
123
245
74
396
337
419
116
309
22
366
227
139
259
398
168
41
261
