922
643
699
663
641
739
623
853
862
786
608
539
579
678
717
572
597
628
603
721
526
547
553
642
654
552
511
674
694
511
644
647
608
543
536
709
793
513
611
832
625
917
693
564
648
540
591
601
562
807
843
781
591
605
729
685
637
557
552
876
738
530
793
719
649
759
857
569
505
520
680
780
600
744
763
500
543
871
760
712
612
590
549
545
795
547
777
516
640
635
747
756
913
701
859
750
747
512
522
589
593
519
886
665
647
585
757
792
537
570
555
698
578
518
560
625
528
646
599
533
581
628
594
572
571
589
637
822
778
834
811
525
715
764
832
584
775
757
577
607
579
731
784
640
565
669
542
781
701
544
636
554
702
783
682
675
873
649
529
559
634
850
504
870
697
908
688
602
877
863
808
551
770
819
644
749
845
672
557
708
582
568
675
588
678
605
550
582
541
558
621
789
619
942
718
609
694
580
673
964
615
586
705
550
683
502
537
618
546
623
768
542
852
510
643
766
901
732
831
744
613
520
576
518
571
514
648
890
639
501
616
567
532
559
654
888
716
713
838
762
551
604
522
503
645
662
561
817
775
563
587
634
682
588
667
632
796
583
826
867
914
601
607
538
624
565
861
652
809
717
513
533
521
514
622
504
569
711
505
596
676
666
797
639
604
528
738
526
540
558
911
770
884
567
722
631
631
719
653
691
512
800
958
508
620
809
530
580
659
816
864
660
670
936
663
549
795
696
736
535
638
507
799
592
845
844
506
618
751
626
525
661
527
676
668
556
872
575
646
630
834
614
548
713
884
596
825
686
626
714
556
791
892
645
857
658
714
732
510
922
638
745
584
681
619
541
708
774
707
564
923
805
516
610
521
500
539
519
921
603
788
508
695
532
852
965
527
751
566
553
642
629
736
664
652
665
574
756
655
662
802
536
668
503
879
509
506
949
562
699
671
681
524
585
531
815
767
617
630
594
611
779
879
802
578
764
661
590
723
633
789
563
782
684
636
721
509
698
515
952
568
900
566
814
587
610
826
586
660
847
538
650
573
546
703
606
517
882
658
836
595
685
502
501
616
545
534
711
612
531
951
523
774
583
752
709
734
767
597
507
824
818
659
577
529
666
823
672
544
704
710
595
653
524
692
888
729
614
715
812
915
690
592
624
515
914
855
821
523
555
548
801
828
606
679
534
517
574
570
602
752
560
910
842
535
609
726
804
707
755
576
823
734
860
864
621
581
617
820
575
722
600
703
773
679
620
599
877
925
743
573
669
554
777
656
687
683
740
598
561
720
919
927
800
706
593
677
655
700
758
787
632
684
651
598
635
613
727
664
874
741
858
728
712
742
704
688
720
831
692
726
792
904
673
862
733
866
861
650
797
629
695
848
700
907
733
689
615
697
739
622
633
806
933
851
856
627
627
912
641
811
657
743
889
674
820
687
882
807
737
798
702
746
841
730
780
667
728
716
677
670
899
749
706
723
651
745
912
761
657
746
680
970
693
656
735
705
840
671
815
822
710
910
753
689
727
771
754
748
833
803
686
691
783
886
748
846
750
725
725
768
731
718
690
849
784
696
854
786
825
829
855
724
810
874
753
742
847
771
759
829
740
955
858
760
812
893
963
755
971
869
806
772
730
772
905
790
785
735
737
835
871
724
881
799
765
947
773
790
808
827
805
824
813
961
827
765
835
769
741
794
880
962
891
761
763
785
796
754
814
801
779
766
863
838
758
776
769
762
803
833
842
782
794
848
787
953
854
791
776
798
934
788
844
909
778
804
866
810
856
945
997
944
872
875
849
840
841
870
830
837
817
873
906
929
813
821
818
819
865
828
894
949
883
865
869
880
902
921
853
876
859
941
956
938
816
836
930
938
843
837
860
903
905
867
992
830
954
895
977
839
839
883
850
920
919
961
909
906
926
895
885
851
917
932
846
878
889
907
971
972
875
897
868
927
902
887
868
918
891
936
923
890
898
896
929
904
935
976
893
881
969
887
885
931
944
878
926
945
896
918
930
988
899
897
928
932
892
898
920
924
900
894
953
916
948
901
903
966
913
924
934
981
939
911
937
943
908
925
956
915
937
967
957
950
916
931
933
940
959
989
935
959
928
940
984
960
954
950
946
946
941
947
973
942
976
939
982
957
973
966
962
943
975
948
952
977
964
970
955
951
958
982
974
965
979
987
960
974
978
972
963
978
981
968
967
969
968
980
996
994
979
980
975
983
990
985
990
988
985
986
983
989
984
986
992
987
993
991
991
993
995
997
994
995
996
998
998
-1
