594
647
731
591
649
690
582
725
580
600
502
554
713
525
812
666
893
768
531
642
632
763
787
719
578
762
824
542
565
514
678
529
656
535
560
562
612
608
619
663
769
760
727
637
573
721
627
528
568
603
789
705
505
743
653
569
536
558
604
941
724
552
762
947
500
741
839
698
914
917
680
540
677
838
830
589
595
632
770
626
685
639
527
879
639
509
560
667
592
508
614
682
667
819
672
720
897
696
641
561
830
523
598
854
553
537
674
746
825
557
502
577
930
511
587
710
851
521
652
517
607
731
693
623
734
573
743
544
588
721
670
932
501
654
851
594
699
700
585
790
681
636
586
553
765
651
804
773
555
506
720
868
873
511
749
716
518
660
507
527
590
831
686
682
555
712
621
530
754
610
787
526
744
671
918
782
694
500
519
814
867
599
549
783
623
647
801
769
933
878
566
679
888
522
546
567
661
600
802
887
699
797
936
601
816
625
687
533
888
853
620
671
704
864
584
656
514
526
837
881
658
876
546
631
745
607
504
542
684
716
966
549
856
585
668
754
568
691
599
657
655
809
519
650
508
525
789
684
734
583
782
784
701
702
857
552
613
532
772
640
849
744
680
588
582
741
700
860
628
530
540
874
798
541
919
658
587
640
551
636
531
548
664
624
645
709
602
596
609
815
545
761
896
629
752
593
649
567
805
666
593
572
645
892
534
516
952
522
584
652
783
616
669
792
565
947
534
722
564
794
507
566
706
572
559
764
810
895
554
630
574
753
571
665
539
761
562
692
541
768
693
697
757
875
715
621
695
705
521
654
795
646
725
736
564
513
501
615
942
537
746
613
590
547
551
737
538
818
569
612
795
841
547
860
817
628
747
556
843
726
806
736
784
792
803
548
673
643
545
550
609
994
576
653
575
618
574
629
608
881
532
520
543
561
596
592
598
538
504
799
689
757
605
581
509
713
505
579
556
503
575
686
695
581
529
715
558
780
664
515
626
605
518
528
648
949
732
622
710
523
635
563
704
539
517
714
622
786
832
633
752
779
580
543
906
524
550
796
515
669
644
850
614
506
559
533
618
678
932
867
676
583
536
767
610
624
657
620
935
513
767
535
840
748
707
858
770
570
520
503
890
510
524
571
544
918
512
847
698
510
516
677
601
836
739
685
707
738
633
512
563
642
586
902
708
728
788
617
742
774
703
940
576
844
877
690
738
604
606
595
796
894
750
676
634
570
861
683
711
589
579
631
625
679
577
775
644
865
697
578
617
660
557
848
852
627
665
722
661
718
597
913
889
813
800
708
733
651
611
848
611
646
819
603
706
740
803
650
834
591
723
837
882
619
732
866
638
920
602
630
992
760
751
616
606
597
635
670
615
756
835
790
755
659
749
634
934
683
701
637
740
712
747
691
641
662
648
689
663
777
877
765
729
638
771
724
794
655
709
890
846
829
811
696
717
802
659
718
688
703
643
771
758
820
662
672
673
687
791
779
763
775
931
681
692
694
871
675
668
675
785
727
674
723
756
688
858
714
806
823
829
735
773
821
778
702
842
728
781
865
755
807
737
729
835
923
726
827
863
719
804
780
759
859
891
717
793
872
846
903
915
815
753
748
853
711
730
730
898
781
735
885
886
733
776
953
866
842
759
791
786
776
920
944
766
845
778
833
813
764
818
793
745
798
893
739
742
807
758
774
772
766
799
822
907
750
751
862
841
785
801
948
852
901
816
924
943
868
808
822
962
788
817
921
943
811
875
878
904
826
821
935
844
809
797
874
777
911
899
975
832
800
814
897
948
833
870
828
873
855
926
810
880
812
805
827
854
950
884
864
924
808
937
911
824
825
859
828
955
933
843
820
886
921
927
831
838
826
849
910
855
823
847
974
885
836
840
872
925
839
928
862
834
938
900
896
879
863
891
907
845
910
850
901
898
916
869
889
856
871
861
904
883
939
953
914
857
926
916
870
946
894
902
876
941
945
869
887
934
903
922
971
929
982
883
964
880
928
892
882
906
909
905
884
895
913
988
922
965
912
925
975
946
908
900
919
909
899
912
905
982
908
957
940
923
927
960
964
987
917
942
937
915
966
950
968
978
981
929
939
949
969
956
936
962
967
930
956
951
931
989
957
938
951
973
955
944
945
979
960
977
952
985
961
958
970
959
954
991
978
959
954
963
985
977
961
958
963
967
976
973
965
980
968
974
970
969
972
972
976
971
987
994
991
986
980
979
995
981
983
984
983
988
984
993
986
990
989
990
992
997
993
995
996
998
996
997
998
-1
