968
658
627
938
651
764
587
779
530
605
575
619
950
720
638
880
798
624
546
745
854
548
769
740
853
602
568
975
533
563
539
781
644
643
698
801
513
628
766
510
572
589
538
647
960
728
580
552
855
855
787
532
611
621
706
692
550
705
867
752
803
515
671
567
864
832
906
610
578
838
599
657
745
520
787
758
584
653
682
528
647
747
646
650
757
941
558
520
748
709
833
822
506
815
540
633
913
539
707
733
728
762
562
501
593
596
680
699
628
570
819
583
889
925
871
629
807
545
515
741
663
522
776
523
607
719
507
616
697
783
664
615
612
552
756
839
597
600
729
734
726
587
521
548
589
603
533
529
738
639
690
655
608
901
574
549
610
964
573
673
808
613
761
705
641
560
737
674
856
917
516
553
547
678
641
509
848
582
594
522
506
766
668
569
922
618
746
882
759
546
672
516
581
555
578
878
534
825
583
678
661
582
565
851
512
722
750
870
768
746
531
767
632
543
721
500
585
624
853
903
632
542
751
706
524
600
519
657
668
702
851
640
721
550
792
564
510
563
649
715
803
505
588
622
850
663
615
765
591
541
685
605
538
773
741
502
725
814
680
937
695
513
566
901
525
666
532
556
565
675
816
704
547
727
744
762
789
772
576
702
834
541
556
588
566
630
789
511
715
940
738
590
620
660
756
554
536
686
731
817
503
508
551
860
777
935
570
685
592
764
509
665
694
596
526
517
571
665
958
700
537
760
770
608
667
753
590
688
620
553
636
775
681
670
899
530
512
829
612
767
569
893
517
609
846
652
638
975
607
884
708
929
755
531
502
537
639
579
595
791
654
749
637
719
666
916
606
659
544
626
619
627
697
557
788
670
648
716
535
703
634
785
661
772
505
912
734
580
742
514
911
543
604
586
551
713
519
609
686
631
872
603
504
645
727
679
611
511
672
869
629
873
562
858
677
584
564
540
863
536
652
723
577
523
810
763
717
865
560
623
554
683
525
561
545
549
818
692
676
783
778
704
744
642
637
573
883
501
542
940
712
617
771
544
555
601
503
529
616
518
671
508
713
500
739
571
693
526
654
618
695
559
613
504
626
648
684
527
635
614
518
918
779
595
528
691
760
567
631
630
557
907
653
534
558
602
507
710
606
598
825
812
617
732
625
521
722
730
725
576
681
514
820
656
814
849
623
524
575
527
667
709
535
714
861
696
794
568
572
910
689
811
561
659
847
574
636
597
831
656
577
592
644
591
707
752
559
844
720
781
771
674
684
650
599
736
735
742
862
924
724
691
730
579
662
649
604
625
585
751
593
830
750
581
841
759
679
791
708
634
682
586
658
598
717
843
770
859
711
819
824
594
621
900
664
794
694
601
957
935
952
622
676
898
633
775
688
642
882
701
932
810
614
696
655
900
817
662
899
920
936
645
646
643
886
753
651
765
780
635
793
735
723
669
703
687
640
905
970
984
875
763
834
827
699
796
805
887
712
784
660
754
739
874
683
693
669
718
687
698
786
724
769
805
673
824
732
677
807
675
768
833
828
743
784
795
782
773
799
797
801
804
887
689
947
701
711
879
690
831
700
729
726
755
879
797
774
710
733
881
841
714
823
792
884
813
748
796
778
808
913
716
850
743
971
820
718
785
790
749
757
800
761
747
826
862
731
786
754
809
924
777
740
870
736
737
932
888
848
842
828
865
844
758
972
822
809
774
782
806
799
836
800
793
843
780
889
835
840
860
788
821
863
836
838
953
790
776
895
897
811
917
951
871
857
852
835
896
914
802
795
827
804
812
839
902
937
815
910
798
878
802
946
845
877
858
892
891
868
816
806
821
869
830
837
931
908
968
823
818
813
829
954
842
847
832
856
904
857
837
896
904
846
854
965
826
840
886
885
969
875
859
945
890
916
852
849
918
883
905
866
894
845
892
876
877
897
949
876
967
961
927
864
922
868
866
873
948
880
933
861
872
867
902
906
894
903
948
874
890
885
956
944
926
954
891
898
895
881
920
908
936
919
893
929
888
915
985
909
923
977
943
926
921
943
921
953
909
934
911
912
914
907
989
923
951
928
930
927
915
949
955
969
933
938
939
919
928
925
956
934
941
952
955
971
939
930
931
981
945
970
990
944
946
942
961
973
947
967
950
942
973
958
966
974
974
957
977
962
966
980
959
963
981
959
960
963
994
976
962
972
998
964
965
995
987
982
985
980
988
979
983
978
976
978
979
986
982
989
992
983
986
987
984
991
995
988
993
990
991
992
997
993
994
996
996
997
998
-1
