782
507
549
863
779
905
508
863
640
774
731
521
641
544
502
665
730
516
528
727
876
509
535
642
505
792
669
574
648
565
718
572
590
519
520
548
545
712
831
682
570
552
765
799
617
638
550
621
792
673
596
582
558
895
790
776
614
704
518
576
659
827
540
798
791
922
559
629
523
767
515
538
610
519
750
551
681
892
616
868
512
532
558
570
795
836
544
690
534
657
605
578
583
538
506
514
608
665
592
649
526
563
571
625
623
513
818
561
844
687
524
700
546
655
886
651
733
612
713
857
819
508
683
619
568
677
900
566
754
609
715
656
853
777
796
710
597
833
766
606
947
817
607
510
769
600
615
526
569
624
518
741
626
753
868
702
598
938
860
814
638
643
744
507
779
881
566
758
760
503
798
627
527
546
780
751
794
535
596
664
549
615
517
520
684
968
610
577
567
730
722
602
539
624
809
661
564
578
591
639
726
940
516
515
785
501
696
707
598
717
661
523
748
533
525
766
545
768
768
945
681
642
627
591
838
674
505
620
676
816
658
689
820
723
582
512
622
691
839
688
749
648
662
601
611
562
723
646
675
909
745
604
692
786
918
532
844
605
600
691
504
510
630
557
711
541
896
573
859
788
719
579
738
586
745
671
560
821
539
787
581
567
898
801
978
595
618
669
674
594
632
806
667
654
506
822
773
719
564
530
601
530
822
738
603
504
703
560
686
721
527
537
647
572
855
751
554
770
593
787
502
609
699
775
789
521
542
636
587
810
911
547
707
827
662
555
513
761
790
680
559
568
849
589
647
702
697
595
634
826
755
951
514
569
579
874
835
588
699
637
900
633
580
557
667
500
680
672
556
693
590
867
650
903
653
678
616
612
573
583
695
548
574
631
817
562
646
533
825
724
899
575
540
525
613
727
592
581
829
794
814
619
786
641
585
594
636
757
637
866
695
652
635
767
764
529
679
673
772
697
720
658
783
670
949
634
640
585
536
522
821
537
584
910
783
709
500
973
714
529
808
630
713
555
561
802
682
522
575
588
705
553
718
692
543
553
633
645
554
618
556
551
534
842
511
577
862
541
853
604
599
511
580
611
716
501
749
757
644
517
655
597
565
528
536
906
737
823
748
608
735
791
685
509
656
666
645
547
741
503
654
552
599
711
686
666
531
668
524
652
543
724
663
563
649
677
887
531
576
810
614
623
628
659
696
734
800
663
843
571
700
872
679
747
542
687
586
626
964
550
584
587
644
650
800
793
668
772
754
607
698
771
760
897
871
629
685
593
857
742
845
698
657
589
770
651
653
694
729
759
602
628
635
815
811
809
621
613
606
625
837
753
755
670
793
737
828
805
684
785
617
690
620
732
736
603
725
717
660
701
708
632
622
898
631
959
643
689
778
762
715
704
838
739
743
851
739
781
773
706
664
756
850
732
813
781
917
797
803
693
720
725
797
795
678
639
840
777
764
672
945
703
710
660
776
929
729
804
705
709
688
866
851
675
763
869
671
740
676
879
935
694
712
722
834
922
763
701
880
829
735
714
736
708
716
865
769
917
939
683
734
796
835
836
884
902
896
706
808
731
816
728
874
747
826
750
854
861
879
933
726
721
856
825
743
728
858
765
746
840
968
815
847
771
733
849
778
908
882
813
867
885
846
985
784
746
799
742
893
782
784
854
759
744
864
740
756
812
862
948
758
761
924
831
775
824
834
942
752
801
980
752
888
901
873
954
893
762
882
818
811
788
806
774
936
894
891
921
870
848
837
843
789
884
885
832
780
804
830
802
887
833
852
828
807
878
803
812
903
915
971
864
920
839
847
856
913
830
820
842
805
841
807
875
889
875
883
850
906
819
824
846
984
932
908
957
870
823
852
904
926
848
953
952
931
921
912
911
925
890
832
881
858
845
914
877
859
869
880
841
933
901
928
979
934
923
890
878
861
860
934
891
855
877
930
941
987
990
886
865
986
904
871
873
872
924
953
892
876
959
950
915
920
894
927
889
895
888
969
897
902
883
955
919
940
907
910
914
905
930
950
899
912
961
932
929
907
975
916
957
913
926
937
916
918
909
936
963
956
972
977
942
919
923
925
958
944
993
943
927
928
938
973
955
931
954
941
946
966
937
939
958
965
935
971
943
948
944
962
960
946
947
967
952
983
969
967
951
949
964
963
961
956
960
977
978
988
965
982
962
966
986
970
974
976
970
981
975
976
991
981
972
998
974
983
991
995
979
980
990
987
982
984
985
989
988
989
996
994
993
992
992
995
994
996
997
997
998
-1
