674
566
582
665
519
637
589
742
735
723
548
619
545
749
794
604
861
698
790
763
717
814
572
826
653
748
668
729
926
517
592
632
587
586
683
551
933
515
563
783
561
805
737
626
562
756
506
724
676
574
552
563
682
506
552
684
627
838
522
665
661
614
957
704
567
571
634
529
876
612
663
601
541
753
537
896
503
533
576
856
612
646
815
728
743
766
653
754
625
704
720
762
708
659
560
809
557
667
569
554
537
617
575
703
801
548
594
660
593
591
880
960
516
573
546
540
785
837
725
747
634
604
652
583
587
613
584
648
626
960
531
833
636
683
805
617
713
668
540
598
503
803
512
857
517
777
539
553
518
886
709
903
790
836
502
806
810
602
566
579
694
555
538
575
827
505
661
607
791
702
793
700
705
673
573
715
878
620
786
514
574
586
972
570
751
544
758
560
808
670
610
643
699
740
818
656
502
611
717
553
681
645
579
524
598
630
629
734
528
711
521
533
654
570
682
695
633
532
623
700
674
515
734
691
774
559
750
795
635
776
569
877
829
881
509
676
868
685
641
591
510
802
656
527
628
571
854
696
738
763
899
542
536
501
675
686
516
581
666
534
597
611
965
736
589
922
709
759
507
597
588
615
714
678
722
605
558
755
568
513
739
526
630
596
853
764
760
508
694
844
814
546
507
526
858
595
695
751
662
642
663
558
820
644
735
564
654
599
660
716
690
582
600
504
547
731
525
698
673
520
580
932
613
621
726
614
500
529
639
559
541
564
647
718
521
532
500
518
580
681
863
672
730
602
759
794
671
577
693
608
916
815
527
556
530
593
707
596
887
870
592
621
915
806
505
523
798
715
643
550
768
743
581
863
684
513
887
511
618
799
675
811
600
520
838
651
658
847
622
631
534
829
669
849
635
744
680
578
644
842
624
792
677
508
772
770
912
549
504
667
544
835
722
514
565
741
802
584
535
610
615
633
572
549
672
769
780
736
538
812
723
831
565
536
545
657
897
706
705
725
817
885
708
817
696
554
524
791
501
603
636
804
557
637
578
788
519
561
525
655
771
629
752
738
512
585
528
808
511
689
989
710
625
895
710
664
850
542
716
530
509
655
659
531
737
595
562
766
609
599
692
693
758
543
679
622
897
831
687
662
556
824
784
711
702
729
687
778
623
510
522
632
523
539
550
555
588
631
616
840
650
547
856
585
685
836
718
619
645
701
535
841
628
624
760
754
750
691
792
688
680
543
606
567
551
576
607
603
606
568
765
664
909
650
677
821
640
907
699
959
772
787
822
922
640
618
800
777
775
678
785
690
652
843
590
577
590
671
583
638
594
927
839
649
784
697
616
601
713
688
712
857
813
697
749
779
917
609
841
639
627
620
605
608
748
803
804
651
719
830
825
730
826
872
689
638
796
731
641
915
686
764
721
925
782
956
714
679
761
833
670
669
765
646
770
801
952
642
701
649
719
740
658
728
852
647
657
648
782
869
860
888
747
969
796
949
832
666
720
767
786
706
727
767
797
775
753
692
783
827
727
902
859
732
823
851
707
845
771
732
810
879
703
781
862
818
739
848
846
848
870
844
778
862
816
811
721
741
962
866
807
797
733
879
842
861
726
762
876
724
780
712
746
755
768
752
781
774
733
745
773
788
825
757
787
757
832
745
904
744
789
921
886
903
756
799
742
769
890
911
821
877
901
918
982
746
905
840
807
854
798
989
936
940
892
773
850
943
864
761
795
779
874
910
800
776
824
858
813
874
837
943
845
881
847
929
905
895
789
820
822
907
934
860
867
871
852
793
865
941
839
914
873
835
985
864
947
980
961
812
816
923
883
928
916
809
912
830
834
947
819
855
889
882
851
846
828
883
819
884
921
939
823
914
828
865
966
866
843
938
869
900
834
906
853
871
954
935
882
900
849
945
891
885
902
948
888
913
892
855
873
859
987
867
908
875
890
868
884
931
942
959
962
998
906
872
913
924
894
930
878
939
875
909
904
891
880
935
889
898
893
899
923
894
953
893
919
898
934
920
896
925
942
931
910
924
966
977
967
968
901
951
946
918
908
951
940
952
963
965
911
937
936
920
917
919
930
933
926
990
948
938
932
927
928
971
972
929
944
949
937
957
956
945
976
984
941
954
944
953
961
950
958
963
955
946
984
950
964
968
975
981
955
958
964
973
974
967
970
979
977
973
976
969
991
978
970
978
975
983
971
974
986
981
980
988
996
990
979
993
982
986
983
985
988
994
987
992
996
991
992
994
993
995
995
997
997
998
-1
