744
676
782
615
961
506
829
526
707
552
737
584
585
623
537
686
735
930
548
549
570
631
738
788
618
743
748
843
503
685
613
834
721
804
575
654
744
533
777
523
878
590
587
637
629
565
523
610
697
649
522
578
626
944
820
779
590
853
842
545
775
504
784
722
567
729
612
617
568
505
658
879
544
670
558
735
660
667
550
978
528
508
708
914
715
762
628
572
610
845
545
711
649
956
781
719
681
807
672
794
516
519
687
536
664
625
619
534
857
713
646
861
603
567
624
885
641
624
669
502
559
527
678
924
597
644
518
767
619
646
559
611
855
677
694
544
693
592
714
541
524
562
618
547
510
651
702
524
598
513
521
592
555
635
985
509
833
541
708
876
557
717
504
774
566
913
614
565
982
615
629
531
787
776
814
641
528
841
511
724
593
709
698
505
766
739
623
512
578
888
561
814
549
719
546
520
622
764
645
659
837
569
808
525
569
614
581
609
682
839
551
568
660
580
587
571
606
704
563
611
697
532
799
634
748
788
732
847
778
859
869
700
722
515
689
909
640
827
703
781
500
684
542
687
604
656
897
900
608
556
725
745
920
673
803
540
674
896
583
507
600
606
586
838
656
811
573
576
736
911
647
916
808
688
734
538
573
638
908
517
598
588
666
597
785
714
526
884
640
560
782
632
645
671
551
613
515
726
638
608
607
644
657
577
828
558
783
501
800
572
846
543
747
712
508
642
530
577
612
643
509
762
907
605
501
663
881
564
882
902
557
728
601
757
539
542
652
669
773
764
503
516
547
655
561
690
836
574
685
763
633
628
793
768
513
585
770
725
798
856
892
777
755
521
510
616
786
765
594
691
886
760
648
535
580
602
566
731
543
589
554
741
534
550
576
701
529
675
966
716
809
507
820
671
726
899
595
582
522
537
514
857
740
639
839
570
662
575
500
634
595
822
617
806
797
591
756
539
538
517
518
620
609
769
583
621
514
821
637
865
753
589
699
850
579
552
560
564
796
553
502
693
531
705
603
553
527
653
863
571
754
852
959
620
586
525
665
863
555
957
805
506
511
630
665
912
563
616
533
574
866
678
746
599
759
621
775
643
942
664
695
791
579
626
554
824
512
650
666
880
622
739
752
692
582
769
529
709
593
607
520
530
642
832
596
639
661
780
890
823
635
742
796
532
519
817
750
584
700
662
870
658
668
681
535
605
594
601
633
536
834
736
670
540
783
951
596
854
581
696
556
754
546
627
548
682
759
910
647
625
562
729
683
650
733
655
651
730
588
695
780
705
939
803
758
790
659
877
765
771
636
712
699
860
686
684
654
653
829
843
816
683
627
819
770
798
631
604
667
703
591
600
668
710
931
599
812
602
702
740
837
661
688
676
679
673
636
632
745
753
813
807
838
727
761
786
918
898
833
815
874
825
723
757
864
772
815
940
630
743
674
691
862
680
694
723
717
730
848
724
648
704
785
845
778
652
663
772
954
672
692
657
874
733
675
696
706
761
763
751
701
710
689
680
854
895
871
679
677
690
713
742
810
844
767
792
707
720
861
718
715
706
716
749
950
718
752
895
804
879
855
698
821
755
750
747
802
720
758
779
741
794
727
737
802
734
840
721
885
906
711
738
945
841
817
766
873
812
728
925
749
856
789
732
883
818
731
926
801
875
864
756
943
867
746
871
865
866
771
787
760
961
791
859
891
751
790
818
797
846
801
899
789
943
959
795
784
967
825
826
773
809
792
922
816
768
935
799
774
776
892
925
819
969
933
793
858
952
900
806
828
890
920
903
795
870
830
887
927
858
862
810
968
827
813
832
800
921
963
909
831
811
822
805
952
913
872
884
946
934
877
836
849
830
869
831
860
835
840
893
823
849
826
824
848
893
935
844
882
891
835
872
905
868
850
948
851
853
868
842
939
847
851
889
878
883
951
957
923
888
896
852
969
873
942
894
867
903
906
910
876
905
931
875
940
908
881
911
898
889
987
894
938
967
921
904
886
918
902
880
901
941
887
917
958
927
947
897
923
919
901
919
992
915
941
960
970
912
915
916
907
904
924
922
917
933
914
928
955
981
932
964
936
955
926
932
945
928
962
980
979
946
930
929
937
934
970
974
929
972
963
936
938
979
937
948
947
944
981
949
982
953
958
949
984
956
988
953
965
950
985
964
983
954
966
993
973
972
960
962
973
971
965
976
968
977
976
989
971
975
980
977
988
974
975
983
978
991
992
984
996
987
986
991
990
986
989
990
998
997
993
994
994
995
995
996
997
998
-1
