593
771
972
734
680
815
577
507
640
520
615
590
635
539
920
581
506
682
546
513
554
512
664
842
655
743
723
538
500
500
902
785
771
533
700
706
545
516
799
586
505
712
802
835
827
511
756
580
517
741
709
731
501
796
562
614
531
618
523
814
546
582
843
696
696
619
654
575
565
560
517
630
765
791
574
725
581
719
612
577
571
791
550
861
678
754
710
541
738
796
634
515
725
733
653
588
616
601
553
834
514
644
651
847
512
529
690
717
853
538
547
579
570
565
544
645
552
584
594
905
842
578
576
540
670
703
839
755
697
752
633
755
822
614
758
529
729
883
537
676
884
527
551
591
649
528
616
578
610
885
603
553
631
838
763
783
702
873
524
733
620
503
706
580
568
660
767
586
593
692
659
622
676
718
662
526
737
704
860
524
874
790
533
521
713
521
598
644
738
596
608
788
754
595
990
514
635
789
749
818
819
550
680
519
860
506
605
724
942
602
774
704
557
734
691
599
534
563
672
639
647
665
798
502
769
777
636
718
522
516
694
951
794
652
599
674
801
651
548
552
724
530
626
642
501
525
822
607
689
519
536
627
572
564
557
954
716
604
504
643
803
653
672
604
532
628
770
955
778
730
504
548
699
549
667
721
561
600
510
803
556
884
518
910
828
510
821
542
523
515
566
688
556
576
776
917
665
896
752
544
671
509
919
508
597
547
588
685
579
711
639
568
962
659
712
520
627
563
609
732
784
732
710
774
535
570
719
505
638
745
668
632
886
837
647
876
623
632
684
507
589
781
701
511
598
528
569
657
595
637
649
830
745
573
677
560
773
949
569
621
543
630
551
787
608
601
642
503
645
559
850
901
536
829
567
554
542
592
757
534
502
797
707
640
562
798
715
564
780
572
713
582
566
573
668
618
561
844
527
756
663
508
617
731
792
656
571
882
831
629
720
636
625
535
793
643
555
800
723
589
708
567
809
575
650
695
746
869
629
522
555
662
584
795
634
749
759
681
623
513
605
750
823
610
602
518
537
871
587
660
705
663
624
677
658
728
735
574
717
908
736
624
650
747
858
622
641
758
658
741
549
797
541
592
743
596
526
543
652
626
772
532
609
835
673
693
820
606
815
594
509
795
881
875
525
818
540
891
880
728
633
849
585
673
583
960
773
531
671
612
760
656
591
722
840
714
615
953
611
861
744
681
750
804
770
530
661
539
751
824
545
679
657
813
708
655
833
867
613
558
590
811
558
631
646
700
607
621
922
583
559
697
613
628
654
666
683
606
587
687
600
882
859
787
617
891
836
740
888
638
865
625
824
872
729
942
664
715
862
856
585
904
781
619
775
637
816
674
830
603
923
597
847
707
864
782
727
693
611
721
726
620
909
648
768
858
698
761
646
678
699
850
686
778
641
748
698
692
802
765
670
683
768
900
766
648
902
753
841
854
812
807
730
867
667
694
701
772
675
736
705
682
863
684
764
739
669
740
810
870
686
845
669
766
666
855
920
661
806
836
817
709
761
777
689
786
679
843
675
727
767
737
786
703
930
783
688
691
702
857
685
690
751
687
925
762
945
726
956
695
762
829
825
763
720
735
716
757
946
746
748
901
892
841
922
892
914
714
807
711
812
888
801
864
779
760
722
935
793
813
776
925
810
782
826
906
974
784
852
753
785
790
744
739
924
806
808
780
885
742
769
742
831
792
912
747
764
894
832
915
970
899
935
814
899
794
759
840
775
921
897
881
862
825
788
804
851
872
846
878
878
828
924
947
789
805
940
819
779
887
958
870
805
974
837
811
929
800
855
874
808
889
799
896
848
913
868
833
832
852
857
959
877
927
853
827
823
820
809
868
838
876
849
816
817
937
887
898
826
856
821
859
926
866
844
948
938
940
880
877
845
834
890
839
926
957
941
875
893
921
911
865
846
907
883
848
869
863
898
851
890
939
854
944
866
886
947
909
897
879
928
911
919
895
871
915
873
961
879
934
950
966
900
893
903
895
907
933
969
932
930
972
903
889
908
914
948
904
912
937
906
975
933
894
967
916
968
959
910
916
941
939
918
905
953
932
913
917
944
949
931
923
943
971
918
938
957
986
950
934
951
931
928
936
927
936
980
929
954
962
943
973
964
946
995
977
952
976
960
988
973
945
955
965
952
964
963
965
971
966
979
956
963
961
958
968
978
989
976
984
969
970
982
985
967
994
991
983
983
980
995
981
977
978
975
991
990
979
981
984
985
982
987
988
986
989
987
993
996
992
993
992
994
996
997
997
998
998
-1
