672
791
692
706
687
771
538
809
543
843
770
640
743
516
836
512
870
639
689
637
520
819
735
523
698
513
553
818
589
527
738
533
620
595
748
755
568
524
799
509
562
583
511
634
673
580
600
597
614
548
713
642
551
932
554
549
609
570
794
529
832
659
604
594
597
528
503
855
644
683
722
576
566
601
608
542
595
678
609
666
838
661
681
525
543
826
510
575
873
805
501
760
678
590
754
504
623
553
588
722
804
605
909
615
882
563
598
693
572
708
867
763
707
624
560
599
843
720
645
655
666
753
534
583
547
627
825
603
828
610
686
674
507
653
671
542
686
719
576
567
614
714
641
569
780
522
846
654
642
593
691
624
743
680
884
859
548
696
557
596
618
577
707
537
508
840
535
660
703
556
545
656
670
536
796
565
573
612
700
798
802
521
558
567
564
533
667
628
522
515
768
689
721
750
630
916
694
587
613
509
590
800
514
638
647
649
569
804
769
564
586
505
599
611
558
623
724
711
648
531
690
582
748
513
574
621
762
713
785
745
778
833
717
883
641
657
510
760
600
549
587
622
725
731
516
701
939
790
703
532
524
751
711
716
676
729
571
788
615
761
940
807
593
812
820
789
566
632
547
581
500
559
532
665
563
506
572
644
670
699
585
914
693
616
568
814
749
560
740
705
853
922
515
579
582
592
675
806
732
772
643
602
545
591
635
715
530
635
794
646
679
897
675
905
685
845
837
570
508
746
565
517
766
530
503
601
519
704
714
562
526
633
821
720
695
672
557
606
649
908
616
506
884
650
662
528
684
679
611
716
518
552
507
694
627
584
924
863
856
712
688
539
854
575
559
702
578
541
810
851
667
808
878
501
730
654
676
500
521
766
626
612
962
551
561
923
584
739
534
784
617
580
502
874
536
780
502
537
705
911
726
880
519
777
538
594
620
706
847
579
540
571
768
631
629
652
688
718
655
546
550
520
541
610
769
628
561
664
540
857
793
518
652
535
604
908
759
505
651
636
511
602
504
681
773
613
810
573
625
673
814
512
523
708
517
691
899
586
886
846
736
552
554
526
813
695
791
742
775
761
660
527
835
539
546
663
905
529
700
752
809
765
555
619
709
855
531
787
640
909
574
578
775
591
709
924
741
514
658
544
634
659
556
525
889
646
596
734
544
550
677
891
626
625
844
633
608
802
868
717
589
647
683
784
592
842
577
799
651
555
638
632
699
929
585
618
786
639
739
864
637
852
815
727
887
875
607
657
622
874
803
836
631
865
752
892
726
771
607
848
896
605
741
938
792
885
772
756
849
730
581
617
940
785
643
606
877
723
668
734
656
781
598
947
728
588
753
603
630
712
742
750
682
665
918
696
779
680
629
867
621
835
754
662
724
807
684
619
881
671
990
650
727
816
833
757
894
664
658
661
795
801
719
715
735
690
636
677
653
697
875
645
783
702
928
732
648
939
872
701
852
891
738
825
723
710
733
770
745
882
758
718
783
839
663
669
682
952
828
749
674
737
685
747
823
790
668
669
823
740
762
797
728
888
808
813
906
729
698
871
725
777
910
904
831
687
773
710
692
763
757
731
759
838
869
834
697
733
764
800
746
704
721
744
956
787
744
822
893
798
850
812
747
803
962
796
931
789
902
969
841
776
774
779
788
756
786
936
811
751
860
781
736
767
737
819
824
782
915
840
758
817
797
764
837
943
873
755
927
897
896
778
805
774
911
890
765
829
776
870
795
881
839
792
767
816
830
901
782
886
806
961
983
895
858
892
849
864
862
861
793
953
801
876
921
866
861
857
821
842
913
834
829
847
831
878
854
943
817
893
815
827
820
830
811
841
879
822
845
863
916
926
824
827
856
917
848
818
853
907
921
826
865
926
974
832
927
895
879
876
899
961
872
889
877
950
933
844
885
851
919
912
871
902
898
955
860
903
850
906
904
982
918
888
978
866
858
859
862
956
944
869
917
984
934
868
925
883
915
910
925
932
920
914
963
970
938
912
880
894
937
951
930
890
970
887
954
903
934
963
931
907
967
898
936
900
989
901
964
900
923
941
929
941
948
947
933
955
948
913
919
937
969
922
920
959
973
942
928
954
935
964
976
930
944
935
991
950
966
976
958
942
957
958
957
989
945
965
953
945
949
965
960
946
951
946
949
980
966
959
952
984
973
974
979
967
968
960
968
972
983
975
997
971
977
971
975
996
972
988
981
981
986
977
978
985
986
979
985
980
982
991
987
993
992
988
987
990
993
997
994
992
995
994
995
996
998
998
-1
