694
522
908
666
700
671
608
645
575
507
561
649
529
612
676
557
611
744
537
692
573
515
661
635
531
671
610
503
508
826
689
591
779
737
600
834
782
573
694
550
801
872
874
642
778
597
556
624
614
616
805
545
745
609
542
608
909
577
806
525
751
544
568
686
609
577
534
516
540
688
696
594
837
619
575
566
552
697
889
815
512
693
762
597
510
665
716
585
679
544
962
648
725
642
601
543
559
802
583
571
517
646
550
711
520
656
641
549
664
728
587
516
731
770
729
638
565
513
500
680
728
981
723
724
748
716
653
524
665
772
526
880
779
532
714
605
584
696
569
535
554
563
576
512
645
551
720
735
734
800
519
536
747
772
592
844
517
729
793
579
850
726
564
677
611
892
949
620
546
804
555
558
633
703
644
647
770
691
507
733
622
820
731
686
595
660
634
649
743
720
633
685
757
659
662
654
752
798
588
927
552
771
928
656
706
744
806
518
668
676
875
602
576
547
553
682
527
599
789
626
541
585
501
721
657
870
673
569
602
503
626
555
973
572
567
618
749
594
788
583
539
695
613
502
763
510
624
764
578
715
935
881
627
669
660
811
927
883
548
567
570
846
809
547
601
501
634
688
591
750
765
504
817
782
526
557
568
702
712
679
603
699
500
695
823
554
833
705
724
945
643
589
525
669
549
639
706
615
845
823
578
564
522
588
687
719
566
733
851
631
730
514
763
527
970
546
721
732
619
617
825
887
866
615
539
877
848
803
691
524
687
856
690
505
530
531
528
738
866
852
533
740
639
593
807
888
940
661
787
673
683
595
551
798
538
638
628
515
532
650
541
805
604
581
767
617
753
529
796
636
858
604
662
699
505
570
545
506
970
556
881
701
759
563
506
793
598
812
727
701
520
502
746
586
708
598
509
640
537
872
581
582
596
672
637
593
709
738
528
558
513
736
590
670
534
907
540
719
833
947
919
614
752
641
664
749
574
511
926
984
810
801
514
508
536
606
704
652
647
870
580
592
913
521
504
519
521
808
553
764
620
657
631
607
741
677
730
707
565
622
572
616
791
902
574
717
909
610
760
509
750
543
894
821
560
771
893
511
900
968
681
538
689
627
658
707
746
518
734
882
814
650
562
784
523
910
542
548
630
533
584
685
796
625
700
596
612
933
692
523
571
599
623
530
535
655
674
666
637
559
562
904
560
652
743
767
790
603
681
781
769
561
765
709
590
659
674
672
839
740
785
908
810
632
761
655
742
825
710
582
629
831
587
775
723
826
754
941
758
589
712
629
586
670
739
579
623
644
745
873
787
663
606
640
697
600
630
842
621
580
607
628
605
827
830
625
708
618
675
808
667
635
636
717
883
632
643
912
859
840
678
822
668
867
651
939
683
755
832
613
648
901
702
704
811
621
807
711
786
884
768
756
853
766
775
741
722
651
658
748
844
762
646
747
654
714
917
899
830
713
824
718
754
678
680
769
663
722
809
653
789
710
839
816
856
828
842
757
794
956
792
791
727
778
847
753
667
824
875
735
684
703
758
675
684
690
934
932
705
792
682
725
726
921
698
862
797
795
890
848
693
803
780
846
698
901
799
858
874
813
865
739
790
841
777
838
773
836
718
732
819
713
822
863
715
736
786
785
814
878
761
818
857
788
783
751
813
737
742
759
905
880
863
760
946
879
768
776
843
829
774
836
755
911
777
887
864
797
958
964
756
794
780
931
773
815
766
828
784
903
940
840
804
861
886
774
776
897
916
975
781
937
849
903
857
800
799
845
835
795
957
783
861
915
841
873
891
961
867
851
802
904
862
898
884
972
876
843
886
835
879
924
829
924
854
968
820
812
819
900
899
831
816
818
817
869
827
821
832
837
853
859
864
906
869
876
854
868
834
868
890
975
849
855
838
855
906
951
847
885
860
889
850
922
966
865
871
921
950
852
946
860
894
905
918
938
929
937
895
955
885
871
891
931
959
898
892
912
877
910
920
920
878
882
925
896
896
960
945
893
895
936
928
974
888
897
953
965
929
939
950
973
993
902
917
919
911
932
935
955
907
913
915
941
916
944
918
923
930
914
914
930
959
984
925
965
983
942
948
923
936
922
952
938
926
952
949
943
944
954
934
933
985
986
943
980
942
971
967
960
974
966
951
963
963
978
947
948
957
953
954
961
958
983
964
956
990
971
976
969
962
978
994
980
967
991
969
976
977
972
977
986
981
979
992
994
979
987
989
982
982
985
988
991
987
996
988
989
993
990
997
992
995
996
995
997
998
998
-1
