666
664
533
799
900
553
520
836
718
828
538
611
682
567
829
602
643
583
522
664
543
788
743
569
548
586
503
500
803
574
583
511
559
660
568
722
618
563
647
523
858
624
715
561
532
739
607
506
654
615
814
531
584
795
681
696
595
643
563
584
630
707
768
818
549
512
812
655
562
884
685
624
670
503
861
551
673
605
626
761
631
534
675
758
532
767
702
570
671
547
874
620
878
631
502
580
656
946
923
895
588
711
516
689
508
606
798
720
635
690
528
552
555
669
513
668
627
572
510
837
618
515
537
782
665
681
587
510
771
539
734
646
699
723
568
701
951
628
556
632
605
577
576
658
615
531
556
825
845
752
809
632
899
750
586
638
633
596
597
578
545
730
511
513
523
770
567
507
920
504
549
515
520
730
620
778
623
695
519
741
850
764
561
933
509
905
660
839
557
827
710
787
593
837
780
550
915
765
541
603
680
612
871
727
560
820
569
506
647
868
542
658
580
501
915
799
787
539
699
634
705
588
527
662
628
826
686
666
650
754
608
728
634
559
544
687
512
627
763
550
601
727
672
694
504
750
844
827
901
527
596
731
723
641
772
692
645
579
562
805
565
807
653
536
941
712
806
924
902
790
751
856
858
537
606
679
542
703
674
524
783
623
595
593
694
802
621
546
761
760
856
587
521
712
782
958
554
566
883
521
798
601
571
720
665
637
505
590
648
753
870
616
828
661
505
893
795
578
806
757
678
684
533
642
897
907
608
603
667
636
728
597
574
774
573
927
607
560
600
570
682
689
737
749
529
851
507
509
635
604
657
707
826
676
690
697
591
770
830
880
738
755
526
514
816
564
759
577
845
773
516
709
667
640
869
717
869
792
641
670
558
514
619
518
585
508
642
794
877
683
809
719
616
819
551
724
582
801
679
738
810
862
529
853
575
619
589
518
566
548
855
541
535
565
610
792
547
734
644
684
546
671
501
625
636
762
622
536
695
576
742
652
600
648
519
557
654
807
581
572
638
637
968
725
585
591
579
611
725
517
613
524
633
558
645
540
763
626
882
622
525
812
810
535
677
710
745
983
793
652
554
502
534
813
552
693
896
612
545
917
686
746
649
629
693
781
698
767
599
538
517
500
678
530
571
868
775
663
590
617
640
706
614
526
854
528
789
555
553
610
672
530
821
525
884
589
786
736
522
668
543
747
609
718
674
582
735
594
831
749
629
594
544
879
659
540
573
651
656
617
729
719
575
701
675
757
614
769
931
697
764
748
839
598
774
760
942
713
676
564
598
847
794
592
721
609
702
766
581
599
704
822
938
934
613
935
659
913
732
604
840
904
796
928
602
630
726
744
661
592
816
831
714
739
721
691
756
703
844
751
836
935
706
700
657
621
655
805
651
784
639
649
790
698
705
625
766
808
669
729
817
835
680
776
677
716
842
713
994
644
791
740
857
687
688
975
873
639
814
650
685
646
673
808
653
800
804
692
663
691
662
883
779
833
733
704
863
934
926
745
737
849
789
746
811
748
742
708
700
731
683
736
825
711
709
688
875
715
830
735
732
724
741
912
802
885
781
793
722
772
716
754
888
696
717
865
771
852
821
744
747
903
743
833
847
708
796
714
867
740
967
775
733
752
758
881
870
843
890
906
785
977
726
777
753
832
957
865
785
879
834
765
852
801
779
768
813
892
759
776
881
875
887
755
848
791
756
889
829
862
819
857
954
778
780
769
959
804
762
966
797
841
777
945
855
873
846
820
843
832
786
783
773
885
788
932
797
811
966
848
874
784
800
894
851
886
818
838
910
840
854
822
823
872
908
866
824
803
902
815
877
835
849
871
815
910
842
953
817
918
914
838
894
940
908
863
973
982
861
904
824
823
859
860
866
919
834
903
891
880
882
853
906
900
926
846
911
909
860
841
864
867
898
895
938
859
905
936
850
864
936
950
920
887
925
933
878
872
889
948
909
939
899
876
893
896
918
916
937
912
876
897
890
939
901
947
947
919
960
978
888
907
891
955
886
943
921
943
892
930
898
957
921
922
930
954
963
924
917
976
964
929
956
911
913
916
952
962
963
931
914
923
940
965
951
937
944
958
927
922
955
950
925
970
928
932
944
929
985
967
945
949
989
942
973
948
941
977
946
976
961
990
949
956
961
953
964
971
959
952
975
968
980
965
984
960
969
983
969
962
979
981
974
970
984
971
990
988
974
972
972
978
981
986
986
980
985
991
979
982
989
997
987
987
988
992
991
996
992
993
996
995
993
994
995
997
998
998
-1
