505
509
920
736
520
693
806
583
770
740
552
510
744
541
825
901
858
601
824
738
539
694
751
727
544
673
767
805
801
572
833
629
513
862
974
517
836
514
643
702
591
512
602
669
729
754
622
563
704
528
579
664
545
749
720
808
931
507
611
557
508
598
612
764
761
722
554
708
589
581
618
684
639
527
659
956
781
565
529
786
521
732
516
535
822
860
933
586
695
770
604
610
517
912
718
732
701
587
585
943
728
519
567
571
545
922
928
813
552
504
615
585
518
734
930
736
610
766
625
542
658
783
530
641
716
839
771
671
807
761
576
541
537
593
703
596
734
714
752
544
706
678
652
532
668
929
502
650
580
538
627
674
682
524
553
936
551
752
657
893
707
724
680
787
838
809
686
719
508
640
531
531
699
637
511
540
522
533
592
661
760
694
506
513
726
631
582
627
660
837
703
649
641
558
946
744
518
666
935
640
576
526
710
642
792
663
825
534
661
603
841
586
536
853
854
662
630
682
535
835
555
507
613
817
509
653
604
594
608
900
714
679
700
672
728
506
546
776
632
890
501
572
546
867
910
696
753
573
642
782
680
515
689
533
566
542
845
616
848
834
644
553
677
771
605
735
784
665
514
564
697
523
625
725
712
696
593
573
575
683
765
718
587
692
737
598
795
687
562
677
569
532
511
639
555
510
623
505
635
654
699
600
596
590
588
581
831
559
668
681
606
769
630
584
564
628
828
824
538
888
691
560
745
670
530
592
523
595
605
548
785
873
667
760
613
676
577
805
675
731
791
763
520
501
582
709
614
611
799
525
549
556
527
629
562
880
705
721
612
838
935
577
794
789
626
504
628
702
779
601
827
570
525
567
539
886
524
708
599
578
584
550
658
982
871
844
818
550
571
855
768
653
763
561
536
660
595
526
778
602
801
864
863
773
683
500
673
883
800
685
798
698
631
619
822
516
646
540
620
875
876
568
606
856
756
821
547
633
557
556
758
622
502
930
503
700
549
688
591
710
698
500
687
797
808
672
733
815
599
512
832
578
548
645
917
806
503
777
674
874
688
654
662
887
607
521
626
787
681
723
633
762
528
786
892
597
651
705
907
749
568
522
850
656
663
725
515
739
529
669
634
543
695
609
636
794
826
565
566
551
559
881
589
643
671
742
575
558
597
594
570
635
537
534
569
891
716
828
519
774
543
609
870
561
689
750
717
650
607
756
652
638
800
670
755
717
614
580
692
547
574
588
608
554
617
574
646
730
649
560
912
679
809
623
879
617
590
563
666
783
675
882
644
723
615
579
729
638
827
766
724
817
764
603
748
885
637
712
583
621
616
651
948
707
706
743
884
600
753
647
773
659
780
624
620
735
745
833
872
621
647
782
624
830
632
655
619
953
656
906
903
798
742
759
665
634
618
657
636
796
727
879
755
844
790
814
693
738
648
690
648
655
769
956
776
721
840
888
852
775
731
676
645
768
739
882
835
762
807
790
778
814
715
821
722
779
709
733
869
737
667
924
799
664
697
686
684
937
754
690
740
691
685
876
713
701
678
890
741
866
789
711
837
899
812
816
785
841
719
711
863
818
911
804
715
813
726
895
704
741
750
852
748
713
804
865
720
823
829
758
747
811
820
730
746
819
792
916
791
746
784
926
855
765
759
767
751
830
842
803
836
889
858
747
826
793
743
834
797
774
812
861
777
772
775
819
757
851
848
936
866
872
757
772
788
788
780
815
878
915
832
843
873
967
802
793
887
859
990
842
862
850
847
820
802
871
810
810
860
781
905
829
857
795
905
864
823
811
847
884
796
892
894
896
867
948
933
870
868
932
803
846
919
958
925
816
880
978
849
899
921
831
896
947
885
845
861
839
856
874
924
875
857
859
883
934
947
958
840
851
868
895
920
939
877
877
849
897
843
881
955
846
878
869
898
854
941
945
985
908
853
904
891
972
970
957
908
970
931
913
968
951
897
894
865
928
932
906
960
922
941
909
889
886
893
945
946
968
950
962
927
907
902
903
917
900
915
994
925
938
909
904
940
963
976
910
923
898
918
901
914
902
921
913
964
929
982
942
952
911
943
914
963
918
916
971
954
919
927
942
961
923
934
944
938
926
953
969
951
939
937
966
954
949
940
979
989
944
969
992
949
955
991
959
972
960
962
950
984
952
973
967
974
957
965
964
959
961
966
983
990
965
975
971
981
973
980
978
975
977
976
980
996
981
977
983
987
997
979
989
985
986
987
984
986
988
988
991
993
992
995
993
995
994
998
996
997
998
-1
