640
780
842
680
540
512
848
586
782
712
527
512
718
747
516
548
538
741
551
638
719
528
816
871
929
591
510
514
681
833
505
738
597
930
919
541
870
639
914
504
554
515
545
902
526
657
559
563
593
547
650
589
956
764
557
624
836
594
844
778
892
854
852
518
612
883
616
692
507
622
596
728
742
520
754
981
615
547
522
802
693
703
579
699
871
803
629
621
627
635
694
592
526
708
641
502
711
583
638
590
593
527
880
522
556
501
536
769
727
745
684
821
546
508
713
886
587
609
551
785
673
511
685
567
694
912
524
603
517
580
680
748
631
577
781
500
534
779
552
539
528
584
705
661
584
555
582
664
865
915
595
523
629
506
745
866
613
750
737
575
720
721
764
668
639
730
563
613
650
923
958
598
652
537
804
567
562
707
668
841
875
662
575
685
812
835
624
603
740
788
739
516
588
626
830
619
530
773
675
787
768
543
600
542
632
695
605
816
628
568
794
664
731
718
676
672
701
719
670
550
939
692
531
598
601
515
601
637
574
645
546
544
510
732
552
706
596
933
666
784
761
615
591
837
505
886
589
620
677
688
612
885
667
832
769
690
507
725
846
756
611
553
715
530
726
628
623
861
590
817
657
558
786
711
754
884
726
789
930
679
517
572
845
646
831
532
634
658
725
599
558
795
630
916
766
535
729
627
503
931
686
573
709
508
630
870
697
597
636
566
811
850
691
504
675
573
740
537
544
861
519
935
688
514
678
509
586
795
778
545
595
733
549
634
716
887
574
717
579
662
715
560
557
506
663
846
772
521
767
714
607
529
569
566
576
682
758
553
536
525
698
501
746
838
647
619
705
792
532
521
602
585
608
556
724
858
757
763
728
796
687
518
708
548
899
722
751
625
920
781
524
783
671
502
562
791
565
959
531
535
582
798
981
701
534
753
868
793
661
659
539
577
569
702
592
602
683
513
706
568
559
881
600
549
608
792
646
561
655
747
749
743
633
752
651
542
641
503
770
710
848
560
642
775
656
509
730
702
829
810
866
893
854
500
594
565
519
604
651
622
814
766
734
555
617
632
620
710
762
862
806
525
587
790
561
540
875
818
520
783
750
648
698
529
713
513
581
554
723
743
618
599
511
571
697
672
580
564
699
604
614
523
684
538
578
581
585
671
917
796
652
609
605
533
818
541
744
647
695
617
775
606
637
564
665
618
533
735
643
703
543
610
625
762
614
746
578
737
611
572
576
610
847
761
550
636
571
654
858
925
655
805
570
704
667
654
570
720
755
607
937
744
812
742
644
583
739
828
659
756
770
787
689
656
631
736
839
635
621
588
666
714
623
653
807
626
640
665
767
676
809
683
894
642
734
690
937
890
606
763
643
904
771
673
686
693
804
653
717
731
716
827
645
616
916
820
644
681
660
633
772
752
748
689
649
663
960
797
649
700
669
660
825
798
784
691
808
648
898
888
674
879
735
889
670
700
658
800
760
788
721
807
793
733
889
753
732
822
682
817
679
669
709
840
677
829
674
789
773
962
834
840
755
837
826
696
729
678
774
722
799
758
687
741
727
696
849
790
825
836
771
953
881
918
838
947
712
704
707
934
887
723
820
841
855
824
794
768
808
903
855
776
774
857
738
851
885
724
908
805
760
736
757
809
801
813
785
823
813
815
839
821
776
951
759
765
920
844
799
751
924
900
802
873
749
777
803
921
883
874
814
847
759
824
872
856
779
843
786
782
765
935
826
882
943
823
806
888
918
958
853
860
780
991
800
819
777
878
857
876
845
863
909
950
856
815
811
913
791
869
834
896
827
831
925
797
842
876
985
913
801
943
877
843
900
810
859
980
864
878
828
819
835
830
868
822
852
910
897
851
924
895
862
874
832
940
833
890
864
949
853
863
926
947
901
867
921
949
850
968
938
879
860
963
891
849
899
912
906
944
894
877
865
948
880
859
873
976
869
902
882
907
867
963
896
872
928
897
942
905
901
891
898
907
979
990
927
884
945
892
893
955
969
911
906
927
904
911
954
948
909
914
922
895
975
954
903
932
919
917
905
908
910
942
957
915
928
944
987
934
971
931
926
952
936
929
922
923
960
936
941
976
933
965
965
982
953
932
951
938
950
939
974
993
970
940
961
968
941
946
955
966
946
945
977
992
952
964
987
972
961
956
986
957
972
979
967
959
970
966
975
962
964
969
973
983
967
973
989
974
971
978
980
978
982
985
977
994
986
983
994
984
988
984
988
996
989
990
995
992
991
995
993
997
996
997
998
998
-1
