489
488
458
438
435
328
318
259
247
241
221
215
157
125
106
92
72
68
495
477
445
399
385
367
356
295
289
281
273
254
240
224
217
168
167
146
126
119
95
85
71
67
64
56
11
321
2
388
416
29
440
128
191
152
403
471
147
251
66
160
339
274
340
278
158
450
412
174
366
144
218
79
53
449
34
137
235
348
352
453
138
172
358
0
478
110
213
233
302
406
49
267
381
127
360
345
379
351
409
57
153
490
480
304
434
391
94
113
21
118
48
36
139
162
431
422
43
76
186
31
103
22
350
145
491
314
16
374
310
159
58
485
99
205
44
100
426
459
98
277
169
496
380
493
486
237
442
27
63
239
462
383
214
353
132
293
190
166
105
448
220
210
355
472
116
290
255
498
456
176
74
331
142
461
156
120
476
333
261
206
78
432
264
441
307
177
111
89
389
400
192
165
319
487
47
242
140
163
288
365
73
414
246
283
60
420
182
80
148
107
6
309
228
187
149
154
269
470
382
173
421
40
337
50
41
323
208
223
227
52
362
443
59
225
395
483
184
317
245
424
101
454
201
115
19
42
199
361
335
46
415
463
196
313
263
479
271
81
256
346
473
77
232
444
134
401
457
136
387
70
325
244
236
197
171
451
372
305
130
141
198
122
405
272
150
200
270
481
375
243
121
26
28
181
468
15
324
425
497
133
266
282
338
65
297
216
296
377
178
10
465
386
93
155
86
439
402
316
202
226
397
104
298
303
279
51
183
4
446
13
212
175
452
467
260
75
179
349
287
189
257
429
170
475
23
112
373
252
234
62
249
231
143
292
404
322
262
393
275
209
299
408
482
90
390
55
285
306
447
185
45
96
35
124
135
347
219
161
413
460
417
376
193
286
38
330
336
469
326
30
109
268
18
238
114
102
203
320
248
8
211
164
9
123
427
250
342
280
312
308
82
83
204
396
428
54
188
117
492
368
484
369
344
418
436
494
357
14
464
423
371
300
180
1
207
25
398
294
284
430
394
7
5
229
151
327
39
97
370
61
69
3
378
301
341
455
131
363
419
315
364
407
359
384
332
258
91
194
466
474
354
32
437
87
20
222
411
329
291
84
230
265
12
410
33
88
108
37
334
129
253
392
499
17
343
433
195
276
24
311
