483
432
428
403
388
368
290
267
258
198
164
135
120
103
89
78
50
13
464
456
407
382
380
378
360
325
324
300
295
292
284
261
242
229
220
214
210
144
107
94
90
87
85
45
6
221
131
24
306
266
58
238
37
286
431
459
275
40
43
95
232
429
188
219
454
395
281
213
83
119
486
439
326
231
182
34
391
334
375
100
224
9
250
212
410
79
184
474
357
163
441
11
28
494
196
84
259
482
3
469
20
110
29
149
175
415
426
327
358
351
359
387
96
176
319
278
5
170
386
39
461
234
57
251
442
223
38
283
338
233
178
12
104
17
478
92
61
479
481
385
200
70
404
2
16
46
256
362
189
122
166
109
489
480
154
243
51
248
381
356
280
206
377
62
130
335
304
302
73
148
54
472
227
147
59
331
430
393
185
123
313
172
367
22
207
492
336
484
23
268
397
291
199
48
394
372
343
180
105
476
364
133
66
272
225
493
151
177
396
453
26
82
371
466
18
49
443
491
417
279
317
8
458
310
55
418
373
99
241
307
448
450
374
4
64
350
339
293
400
124
194
218
115
455
277
102
370
440
322
236
355
473
202
121
191
365
161
117
162
328
118
53
139
406
274
197
337
465
305
67
419
452
311
449
270
190
247
208
27
315
230
475
376
239
298
347
287
179
226
470
460
344
173
346
353
157
463
467
437
273
36
76
423
201
152
215
276
33
244
228
471
112
187
308
265
408
132
422
333
288
383
168
113
127
111
217
433
137
63
321
209
412
128
14
414
436
352
195
86
490
379
299
427
192
150
125
411
413
126
193
81
19
88
485
31
361
77
165
52
349
71
158
101
289
390
477
369
106
255
74
146
445
488
237
253
169
363
41
246
345
160
138
30
392
44
10
211
340
72
42
7
15
47
116
451
425
366
421
97
312
498
316
323
108
65
294
260
98
330
401
434
354
487
204
499
462
245
68
174
296
405
497
80
384
181
25
155
444
203
143
56
1
205
254
303
156
145
320
75
399
257
446
398
140
424
263
409
282
159
216
252
318
153
285
136
496
297
222
271
0
142
309
129
32
416
141
69
301
91
468
249
457
262
332
21
495
438
402
60
342
389
183
235
269
35
186
447
341
329
420
134
240
167
348
264
114
314
171
93
435
