491
478
477
455
431
374
326
308
269
258
257
252
251
243
231
167
109
106
38
16
467
464
440
424
401
336
321
304
168
155
143
128
118
114
110
99
63
52
34
24
9
329
235
493
346
232
490
311
351
237
375
131
249
48
236
174
450
21
452
70
190
30
352
212
166
185
219
425
12
403
187
222
344
127
392
487
286
95
272
312
331
113
142
247
25
393
495
283
55
305
117
177
415
256
169
115
188
92
419
229
13
193
381
43
402
138
313
19
259
201
405
85
434
437
218
181
260
123
427
33
58
144
238
139
390
150
134
266
133
148
435
418
488
205
254
140
315
456
277
39
202
360
207
31
288
10
83
267
42
320
445
210
441
183
384
51
377
299
241
152
358
444
90
366
433
64
165
270
485
228
93
463
359
383
395
271
44
126
316
379
459
480
343
284
357
195
472
119
274
102
199
213
484
122
233
182
396
41
297
82
298
84
422
8
146
61
107
65
303
32
76
325
412
87
349
275
86
29
302
482
5
264
135
416
224
342
130
324
170
196
149
60
479
96
100
460
66
112
57
209
300
429
103
404
341
451
56
376
3
53
337
68
294
410
340
192
353
253
287
194
37
221
436
496
292
40
151
245
208
314
11
474
306
471
191
198
339
7
157
147
47
447
50
62
442
223
457
364
279
227
368
363
80
204
75
120
46
91
289
439
330
45
72
453
446
27
333
348
156
94
71
406
59
105
301
280
26
411
246
466
476
81
261
214
388
15
317
391
355
220
141
129
197
382
397
318
22
281
481
89
309
132
468
399
175
104
262
28
378
428
394
171
323
462
200
77
398
244
263
369
226
449
380
125
189
124
121
458
414
494
49
79
108
162
74
184
438
179
154
67
296
273
420
291
413
362
367
465
97
486
345
2
276
69
242
470
373
461
448
248
282
78
328
371
489
172
211
101
17
361
14
338
159
387
145
417
137
473
54
116
475
372
278
307
386
327
173
432
203
430
206
354
35
423
88
216
408
332
98
234
239
1
215
409
240
483
217
4
492
335
225
365
319
285
180
310
158
350
73
347
400
176
499
295
385
161
111
426
250
454
186
6
443
36
407
164
153
136
23
18
230
334
255
265
293
322
497
421
178
0
268
290
163
389
498
20
469
160
370
356
