714
859
502
735
916
904
649
513
832
786
604
630
520
627
919
750
922
515
948
730
701
589
874
717
716
678
924
907
831
736
876
812
591
754
669
732
694
706
669
705
973
805
575
560
628
826
645
855
720
843
765
569
940
893
664
863
946
601
857
601
799
800
984
719
977
929
934
921
561
862
805
782
605
541
521
760
881
587
927
665
819
879
978
644
708
666
880
870
585
695
781
682
928
898
507
610
685
531
793
845
951
776
749
641
817
576
883
768
679
617
979
947
841
674
755
567
932
620
622
899
713
578
853
764
562
829
952
561
704
806
505
730
882
712
647
811
703
861
718
854
675
907
777
532
621
514
707
631
566
647
527
636
686
541
691
977
745
941
943
631
642
512
505
887
828
529
672
871
873
744
935
548
612
615
634
698
876
975
908
790
506
843
877
709
776
794
986
559
780
667
769
858
942
819
792
646
970
786
680
859
691
885
670
624
549
723
917
807
522
925
543
860
926
607
799
596
646
808
604
530
936
983
874
550
901
651
577
834
627
887
919
891
637
917
638
511
572
927
895
553
905
797
681
752
709
537
820
549
906
806
677
582
814
795
938
903
678
871
605
526
984
901
508
503
845
798
545
557
750
534
981
585
558
823
951
857
758
598
542
880
751
764
866
795
574
724
884
674
707
569
821
663
515
897
640
831
611
908
586
725
753
947
933
869
626
583
896
538
643
614
722
872
906
796
634
949
616
767
539
501
568
767
920
867
827
692
671
854
833
791
898
589
746
974
575
785
809
939
911
892
502
528
690
637
784
579
905
810
719
630
663
978
686
850
568
512
715
734
837
617
583
866
639
731
933
533
877
925
992
963
856
782
588
513
573
504
638
708
533
677
835
850
720
640
749
818
690
976
828
743
567
892
632
864
890
710
509
538
594
590
745
953
875
679
942
889
544
596
822
717
830
716
754
742
599
825
668
779
593
918
910
578
896
929
821
851
985
703
668
682
500
600
868
525
536
501
803
581
744
680
878
689
741
888
784
712
827
903
756
633
902
527
509
558
976
721
699
571
910
740
746
602
698
545
580
675
732
798
985
742
886
824
563
535
734
618
614
787
510
542
618
700
595
973
565
928
865
619
771
731
791
777
671
815
606
759
529
822
834
950
524
500
503
523
506
504
507
508
519
511
518
510
517
514
517
516
519
516
522
521
523
520
525
518
556
526
524
528
555
532
531
553
530
534
535
536
537
540
539
540
551
548
543
544
546
546
547
552
547
550
551
552
554
554
555
556
557
653
559
565
564
562
560
564
657
563
656
566
570
570
571
573
655
572
662
574
579
576
577
584
581
584
580
582
613
586
587
593
590
588
591
592
609
595
592
594
597
602
599
597
603
600
603
608
598
607
609
606
611
610
608
613
660
612
616
625
615
625
620
621
619
622
623
624
626
623
658
629
657
628
629
632
661
635
633
658
635
636
639
661
642
650
649
644
651
648
643
648
650
641
654
645
656
652
653
659
662
654
652
660
988
659
655
665
995
664
667
997
666
670
673
672
673
988
676
676
989
697
688
684
683
684
681
685
683
687
687
689
697
688
693
692
695
696
693
694
702
696
699
700
701
702
991
704
706
773
705
773
711
710
711
771
713
727
715
728
714
718
729
729
721
724
723
727
722
740
725
726
726
728
737
733
733
739
735
736
738
772
737
738
739
743
741
763
748
747
759
762
747
761
752
753
751
757
756
757
755
758
762
748
761
763
760
766
765
766
774
768
769
774
775
775
770
770
772
992
778
778
780
781
779
783
783
788
785
789
787
789
847
790
788
792
793
804
796
794
797
801
802
800
801
802
803
804
817
813
809
810
813
807
811
808
814
812
815
816
848
816
849
818
842
820
824
826
823
839
825
841
830
836
829
832
833
837
838
840
838
836
835
842
839
840
848
844
847
844
849
846
846
852
851
852
853
972
855
968
858
856
971
861
863
860
864
862
865
971
867
868
869
870
970
872
873
967
875
966
964
879
955
878
881
882
883
884
885
886
956
888
894
893
891
889
890
894
895
957
897
960
902
900
962
900
899
904
914
912
915
909
909
913
911
912
915
916
913
914
961
918
923
921
923
920
961
924
922
926
944
932
931
930
931
937
930
934
936
937
935
939
940
938
945
943
941
946
945
958
944
950
957
948
949
953
954
952
960
959
954
955
963
962
958
959
956
969
965
968
969
964
972
967
966
965
993
974
975
994
982
980
980
981
979
982
996
987
983
987
990
986
998
998
989
996
991
990
-1
997
993
994
995
