727
939
838
740
914
554
797
843
712
984
608
958
860
744
823
518
805
552
821
870
886
922
632
782
532
672
780
968
912
963
773
610
523
741
617
935
687
539
669
626
880
955
967
746
555
552
724
860
598
515
662
847
664
771
866
707
567
851
950
707
511
710
517
945
665
658
656
840
794
718
937
791
843
718
519
616
646
817
957
575
505
808
767
868
878
976
871
801
527
527
528
732
786
848
818
722
805
858
789
757
817
544
906
562
604
564
936
768
717
500
544
592
844
603
708
584
923
709
788
913
589
944
731
655
865
857
580
593
616
711
609
904
672
547
648
830
614
563
683
954
767
954
689
537
705
889
501
670
770
708
537
534
508
864
521
660
509
745
966
689
801
589
766
653
685
880
644
637
661
560
802
545
520
505
742
942
821
948
828
561
969
582
791
870
651
574
690
644
971
952
964
922
534
622
839
639
803
784
903
883
538
506
948
773
776
540
819
721
579
572
655
561
952
884
551
673
597
778
845
741
502
611
514
968
586
536
985
763
671
540
874
828
845
779
503
532
878
610
522
606
500
559
913
652
744
784
797
683
590
794
906
580
690
771
743
902
503
648
595
516
638
546
916
719
781
848
839
705
597
651
823
831
735
903
522
901
831
546
837
746
854
911
735
810
630
772
859
736
662
613
751
962
751
658
749
722
572
799
920
877
933
854
750
781
881
816
519
782
908
574
640
796
593
530
554
900
975
721
840
872
598
677
624
637
596
951
601
605
548
864
636
852
729
660
757
951
775
631
641
762
891
756
613
581
974
646
513
582
555
882
910
837
573
609
915
957
935
764
684
595
765
633
984
973
949
509
884
812
550
671
753
898
917
850
934
550
675
775
876
632
853
654
703
947
873
703
563
584
654
847
585
657
560
677
833
946
740
719
524
943
533
779
818
762
883
627
986
643
971
855
978
923
674
711
850
908
936
920
706
728
829
688
973
681
798
890
879
889
765
961
650
886
692
643
872
625
704
682
673
625
585
915
816
961
734
538
916
619
604
944
575
627
733
752
776
681
962
900
618
905
755
829
577
815
728
824
669
591
892
656
635
630
898
800
876
911
857
565
599
825
713
941
511
959
739
635
932
506
523
566
536
608
754
717
853
972
778
628
966
824
501
502
504
504
994
507
507
508
510
510
512
512
513
514
515
516
517
518
531
520
521
524
525
526
525
526
528
529
529
530
531
997
533
535
535
994
541
542
539
541
543
542
543
569
545
549
547
548
549
556
551
553
553
557
556
558
557
558
559
570
568
562
569
564
565
566
567
568
571
570
571
988
573
577
576
576
578
578
579
987
581
583
583
588
587
586
587
588
995
590
591
592
594
594
696
596
602
600
599
600
601
602
603
605
606
607
607
623
619
612
611
612
615
614
615
620
617
618
621
620
621
622
623
624
700
626
629
628
629
695
631
634
633
634
694
636
642
638
639
640
641
642
693
645
645
647
647
649
649
650
697
652
653
694
666
667
657
659
659
665
661
663
663
664
666
668
667
668
697
670
678
679
676
674
675
676
678
680
679
680
698
682
686
684
685
686
687
688
695
691
691
692
693
696
699
698
699
702
700
701
701
702
989
704
990
706
714
715
709
710
714
712
713
716
715
716
737
724
720
720
725
723
723
726
725
726
727
730
729
730
731
732
733
734
738
736
737
738
739
759
760
742
743
747
745
748
747
748
749
750
759
752
753
754
755
756
758
758
761
760
761
813
763
764
814
766
768
769
769
770
807
772
774
774
808
777
777
785
788
780
785
783
783
787
786
789
787
790
792
790
792
793
793
795
795
796
807
798
799
800
804
802
803
804
806
806
809
809
810
811
811
812
813
814
815
991
832
820
819
820
822
822
825
826
827
826
827
833
832
830
835
834
834
835
836
836
990
838
842
841
841
842
925
844
846
846
928
849
849
869
851
852
861
856
855
856
862
858
859
861
863
862
863
867
865
866
867
868
869
893
871
875
873
874
875
894
877
893
879
896
881
882
887
885
885
888
887
888
895
890
891
892
894
895
896
897
897
899
899
925
901
902
926
904
905
907
907
909
909
910
928
912
930
914
917
918
919
918
919
921
921
927
924
924
929
926
927
929
930
931
931
932
933
934
939
938
937
938
940
940
941
942
943
987
945
946
947
981
949
950
982
953
953
956
955
956
958
959
960
960
980
965
963
964
965
981
967
970
969
970
975
972
976
974
977
977
978
979
979
980
983
982
983
989
985
986
988
992
992
996
991
993
993
995
996
997
998
998
-1
