592
586
893
676
740
842
642
951
571
652
576
758
963
534
658
678
579
917
716
689
951
866
516
535
551
929
528
758
936
963
576
872
940
906
932
754
813
613
952
822
962
958
639
848
563
901
811
608
518
941
687
632
831
971
647
892
932
783
790
899
575
665
734
595
711
589
508
754
679
972
972
594
673
826
989
685
521
905
702
969
974
796
554
718
610
677
564
757
735
846
868
802
522
684
735
871
737
938
619
939
800
614
557
856
786
982
946
589
659
755
797
865
791
860
651
559
882
855
636
699
505
694
979
544
850
566
763
558
899
517
675
818
646
701
720
569
549
514
980
947
843
659
699
823
618
615
536
976
823
788
792
810
728
647
511
501
681
883
874
698
677
645
851
697
695
600
900
543
973
920
643
753
656
657
633
641
508
807
553
617
863
855
559
799
937
656
760
770
946
684
583
895
808
554
827
883
783
719
506
597
910
785
771
604
873
546
555
702
918
625
923
978
787
583
913
975
796
858
845
714
638
709
983
897
515
685
674
530
815
815
594
970
874
893
533
698
904
616
942
860
768
570
634
878
923
534
960
523
578
896
845
862
852
672
630
690
764
765
739
595
877
775
863
653
717
934
670
928
683
825
920
840
947
871
909
620
593
520
525
875
617
622
573
640
861
814
602
907
806
513
983
662
802
564
878
526
537
824
718
553
788
644
913
648
904
961
696
786
682
596
763
929
794
708
911
814
588
882
801
517
774
984
588
622
639
870
585
750
756
747
650
795
761
713
949
513
879
552
737
865
959
903
937
610
914
500
662
591
531
916
531
646
686
666
875
916
912
500
973
793
915
881
623
725
762
655
833
799
522
761
847
979
826
771
632
853
515
776
808
867
730
738
715
652
587
810
748
611
836
816
747
793
981
830
936
812
742
624
552
724
612
948
841
689
503
575
985
809
706
738
750
753
502
894
769
671
569
928
538
504
797
606
954
844
507
912
681
560
713
931
710
772
784
571
627
736
577
720
902
828
770
847
876
545
884
584
709
618
530
958
586
686
740
841
608
572
952
611
872
743
537
867
828
741
907
526
615
680
776
504
545
950
852
592
565
749
695
546
935
503
624
692
970
523
606
956
775
607
980
961
942
896
782
734
671
921
573
721
548
886
501
502
509
510
505
507
512
506
512
998
511
509
510
514
541
516
519
518
519
520
521
529
524
525
527
524
527
529
540
528
532
543
542
532
535
539
539
538
536
541
551
544
540
533
542
548
547
549
547
550
731
550
562
556
555
557
561
556
560
558
561
563
568
562
565
566
568
578
581
570
579
574
574
572
582
582
577
567
732
580
581
567
580
584
585
605
604
590
587
590
600
599
593
591
598
596
597
598
599
602
601
603
601
605
603
668
607
609
609
667
637
612
613
626
627
614
621
616
619
620
621
630
623
631
629
628
629
631
635
625
628
626
633
634
635
638
667
636
637
640
641
643
644
642
661
650
645
648
649
651
649
655
654
654
664
653
657
658
660
663
664
663
660
666
661
669
665
668
669
670
730
672
673
728
675
729
729
678
680
676
679
682
706
693
683
691
688
688
690
687
691
693
703
694
692
696
697
704
700
700
703
705
701
705
707
704
707
712
710
708
711
712
726
714
716
717
715
722
719
723
721
722
723
724
725
727
727
733
674
726
732
733
731
993
839
736
744
743
739
746
742
745
741
745
752
746
744
748
751
752
749
777
751
777
755
756
757
759
760
766
759
762
767
764
768
767
781
766
765
773
769
772
773
779
780
774
780
778
782
781
779
778
834
785
837
784
789
789
787
791
835
790
794
792
805
798
795
798
804
800
801
803
803
806
805
807
804
820
809
821
811
813
817
812
819
816
821
839
820
817
819
818
833
822
831
830
829
829
827
832
824
832
838
825
835
836
994
838
834
837
842
840
844
993
859
846
849
849
854
850
848
853
854
858
851
857
859
856
857
992
862
992
861
864
866
864
869
868
869
870
888
890
889
887
873
877
880
876
879
880
881
890
885
884
885
891
891
889
996
888
886
892
887
894
895
898
897
898
997
900
902
926
901
905
903
906
909
908
925
908
925
910
911
915
919
914
917
918
921
922
922
919
927
924
927
926
924
964
933
930
934
930
933
931
945
945
935
938
939
940
941
943
943
944
965
944
957
948
949
950
956
953
955
967
957
953
954
955
960
964
959
962
965
966
966
968
967
968
998
971
969
986
976
974
975
977
977
978
988
987
981
982
990
984
985
987
991
990
989
986
988
995
997
994
-1
843
995
991
996
