771
739
902
552
590
571
955
944
620
560
601
975
867
720
845
765
617
725
618
521
711
733
632
695
627
516
709
588
507
573
804
873
623
985
746
829
501
616
572
975
790
787
586
500
678
835
853
749
943
666
777
861
660
802
612
555
571
903
759
892
965
774
713
916
954
883
953
866
929
692
762
728
557
934
534
531
890
865
876
621
661
805
941
624
765
556
530
982
922
834
582
754
729
719
786
542
857
572
513
746
611
550
893
875
898
614
588
833
702
703
799
912
636
600
517
756
867
872
949
764
955
811
977
848
844
901
770
594
852
766
950
965
712
863
603
985
551
514
619
972
730
692
715
505
553
546
731
787
953
847
897
943
932
525
548
658
815
648
919
526
851
814
990
727
567
822
523
860
784
824
524
766
973
861
501
631
656
881
910
855
761
785
651
828
935
532
821
863
524
923
914
750
926
657
622
509
774
642
799
930
647
945
931
950
503
834
525
614
696
836
748
653
911
849
804
662
837
833
854
667
925
936
843
510
758
846
574
521
612
709
944
930
978
604
830
809
971
636
942
874
517
751
843
569
592
772
548
725
577
647
714
822
909
809
753
606
903
660
628
576
862
727
878
918
775
917
910
742
603
790
924
579
784
918
697
581
741
583
662
744
855
987
584
700
854
905
703
658
921
777
626
750
990
720
744
734
934
916
904
795
536
937
714
972
983
846
865
507
562
650
803
598
513
793
785
970
699
512
877
721
801
952
869
637
801
633
825
653
745
852
705
500
665
900
710
832
619
936
611
655
961
693
504
699
758
593
635
591
747
755
520
562
791
753
732
808
585
773
878
980
694
731
941
864
541
919
973
629
800
629
812
582
508
646
657
797
695
813
506
666
568
634
532
733
968
669
607
520
566
594
823
728
890
771
754
908
694
621
663
987
789
522
509
914
640
559
646
899
868
755
518
558
618
824
591
760
940
716
630
607
606
535
561
543
631
966
574
891
716
602
831
675
534
626
671
959
840
676
604
736
570
563
907
529
599
654
984
849
810
634
596
726
974
894
898
762
906
544
645
926
650
875
526
933
580
589
565
579
702
722
515
664
882
723
565
969
913
553
530
541
544
906
557
968
769
885
793
922
828
593
827
893
609
816
869
704
550
668
881
628
502
502
506
505
998
504
503
508
512
511
997
510
511
515
516
514
519
518
519
994
539
522
523
537
527
528
528
529
527
540
531
533
533
538
535
536
540
538
547
537
539
542
545
545
543
546
547
549
549
689
551
552
554
554
556
688
555
558
559
560
563
564
561
564
686
567
569
566
683
568
578
570
573
575
578
577
687
576
575
580
581
587
583
584
585
586
587
689
589
590
686
592
596
595
597
599
597
595
601
598
691
602
600
605
605
610
608
608
610
688
609
616
613
617
615
690
613
615
679
620
625
622
624
625
623
680
644
645
627
639
632
630
633
641
635
638
637
638
642
641
639
643
640
644
679
643
649
649
652
648
651
652
677
654
655
656
670
659
659
672
661
674
663
664
672
667
665
668
669
673
671
673
670
674
675
676
677
678
681
680
681
682
685
687
683
684
684
691
690
685
682
995
707
698
693
697
698
696
701
700
701
706
706
704
705
708
708
818
707
713
712
710
718
711
715
719
717
718
743
717
721
722
724
726
723
724
737
740
730
741
729
735
735
732
739
734
738
742
740
738
737
736
743
817
745
783
748
779
747
780
749
757
751
752
752
756
757
783
759
761
763
760
763
767
768
764
767
768
769
770
778
772
773
781
776
782
775
776
782
780
798
779
781
778
796
789
788
786
792
788
792
794
791
794
795
796
797
798
818
800
806
807
803
806
802
808
805
820
807
811
813
810
815
814
812
819
817
819
820
842
816
823
821
826
826
839
827
825
829
830
831
840
839
832
837
836
838
835
842
841
841
838
996
845
887
844
847
848
850
851
858
850
853
858
856
859
859
856
857
888
862
860
886
888
866
864
873
868
874
871
872
879
871
870
870
876
877
880
880
885
879
883
884
882
887
884
889
889
886
895
891
895
896
892
896
894
897
998
900
902
899
989
901
904
905
958
908
909
907
961
912
915
911
915
913
964
917
963
921
920
929
920
924
928
925
923
927
928
959
927
931
933
939
932
935
938
937
938
940
948
939
951
946
942
945
948
952
946
947
951
949
947
957
956
956
954
960
962
967
960
962
957
963
964
958
966
967
992
970
971
969
980
979
974
976
976
978
981
977
981
979
983
989
986
986
984
982
988
992
988
991
993
991
994
995
-1
997
993
996
