598
863
843
796
614
664
893
582
584
503
577
541
891
576
638
979
617
923
661
597
746
721
757
551
961
500
782
777
767
651
610
968
789
619
811
528
578
510
743
636
834
521
845
797
525
740
642
713
672
939
903
646
710
936
905
664
554
898
746
894
593
875
507
536
863
769
613
735
779
583
875
631
608
513
729
724
516
933
715
880
626
510
883
977
777
932
807
522
569
616
726
870
640
934
673
833
902
697
565
796
622
738
688
879
567
794
509
762
745
703
648
848
595
963
683
581
964
780
937
801
639
936
752
911
734
816
977
790
723
515
563
601
823
670
848
512
840
901
698
808
743
689
787
906
828
623
537
948
725
942
605
806
632
776
928
694
663
524
511
753
693
671
574
810
982
899
585
980
585
691
820
942
643
894
871
637
545
644
517
764
849
671
501
619
597
709
932
954
621
941
515
924
745
843
873
783
828
550
686
548
630
657
742
639
754
881
885
682
911
866
850
918
867
681
881
689
820
961
520
904
821
516
659
826
596
727
921
966
854
640
782
901
966
699
562
673
695
744
789
545
600
502
825
824
761
878
558
915
623
752
793
522
658
940
572
795
817
631
760
661
897
931
859
921
922
962
959
688
570
759
726
847
707
934
852
708
842
520
697
714
958
803
737
969
720
845
575
920
615
897
880
613
614
698
741
711
809
826
868
913
653
877
933
518
818
630
914
771
735
632
916
872
660
768
677
720
540
587
771
957
946
517
899
800
801
591
819
754
603
676
980
849
869
909
956
877
800
763
625
657
774
890
835
648
817
802
565
874
574
500
805
931
519
813
784
813
563
876
918
723
733
900
833
609
769
666
559
793
554
959
871
655
855
778
699
506
600
701
553
507
737
975
653
604
747
853
599
943
659
872
541
649
552
809
708
864
566
669
868
825
916
674
553
955
821
978
580
929
937
759
962
739
727
791
533
712
525
919
504
581
512
543
767
514
850
575
558
967
605
758
981
715
687
896
675
804
645
559
643
792
506
694
930
535
834
566
970
883
903
526
662
654
604
560
775
812
716
822
802
551
587
667
738
755
839
528
626
869
624
582
629
564
700
576
928
776
693
969
647
713
542
919
960
686
669
650
836
504
773
772
633
760
895
658
536
707
965
549
650
701
501
998
503
546
508
546
505
508
505
538
509
513
511
534
532
514
531
518
519
530
527
523
523
524
526
521
527
529
529
530
531
532
533
534
540
537
535
539
539
544
538
543
547
542
548
502
547
544
550
611
549
552
556
555
555
557
561
556
557
560
561
594
564
562
570
568
567
571
569
592
571
568
573
580
572
573
577
578
579
590
579
589
583
584
588
586
588
586
590
591
589
594
595
592
593
596
611
602
599
601
598
602
603
607
606
606
607
609
612
608
612
610
983
618
616
617
615
618
620
621
622
620
628
624
627
627
625
628
986
635
629
634
637
634
638
636
998
633
635
641
641
642
986
644
646
647
645
988
649
652
652
656
651
655
656
654
996
685
685
682
668
663
665
662
666
667
665
668
670
660
681
672
679
674
675
676
680
680
677
683
684
679
678
678
996
684
687
692
690
690
692
990
691
696
695
696
706
705
702
704
703
704
700
705
702
706
731
719
709
710
718
712
717
714
711
716
717
719
722
718
722
732
721
724
725
730
729
728
732
728
984
730
733
731
749
736
734
736
739
741
742
740
750
749
748
744
747
751
751
748
997
750
753
756
756
758
755
766
757
765
763
766
761
762
765
993
764
768
770
770
788
773
774
772
786
781
775
779
781
778
786
780
783
784
785
788
785
862
787
790
791
858
794
792
795
798
797
798
799
860
799
859
803
804
805
806
814
810
807
808
811
814
816
815
812
841
815
818
819
832
832
822
824
830
823
827
827
829
830
831
829
838
831
837
835
836
837
838
839
840
842
844
841
844
846
846
861
858
847
852
851
853
851
854
855
856
861
860
856
857
862
857
864
865
865
993
867
991
866
892
893
870
873
884
876
874
887
888
882
878
879
882
888
886
886
887
889
884
885
892
953
890
891
889
895
896
952
910
900
898
908
902
907
904
906
907
905
908
912
912
925
909
910
917
915
913
917
926
914
920
926
922
923
924
927
949
927
925
929
930
953
955
947
935
935
945
939
940
941
938
938
944
943
944
945
948
947
954
946
952
951
949
976
950
951
950
960
956
972
957
958
974
963
965
973
964
967
968
972
970
974
975
971
971
973
976
988
979
994
978
982
985
981
994
997
992
995
989
983
991
-1
984
990
992
989
987
995
985
987
