922
662
617
583
731
964
983
782
697
512
590
959
925
878
857
826
907
723
835
772
553
533
860
920
507
843
668
645
944
755
963
824
924
885
904
795
785
503
648
720
594
713
681
879
914
931
957
779
593
915
809
777
754
762
792
947
662
582
619
705
683
910
554
835
505
567
917
881
766
667
919
761
847
712
848
802
833
941
668
565
534
700
685
929
728
798
641
946
732
852
522
793
655
573
653
812
704
906
648
719
586
752
899
780
907
804
564
681
976
550
515
737
873
825
819
806
760
508
535
954
680
869
546
518
580
954
672
722
807
560
556
538
756
745
927
733
691
597
868
805
593
516
979
598
846
691
583
510
624
641
637
840
796
550
598
660
814
750
852
811
959
749
725
890
877
649
660
649
520
920
682
581
721
656
725
580
640
892
990
561
607
710
778
566
746
673
958
850
975
971
783
949
751
971
644
764
817
966
513
508
533
558
556
851
829
506
698
903
984
740
531
767
702
643
754
585
530
828
560
941
576
714
836
600
669
679
884
684
688
584
568
848
794
636
600
763
915
942
501
730
890
525
575
808
851
634
842
973
872
626
960
603
661
980
823
642
655
771
934
956
929
771
960
574
875
705
974
875
858
909
942
965
577
699
511
626
772
832
523
578
622
849
697
577
594
537
748
597
502
617
913
652
628
554
539
759
908
967
517
845
776
734
588
752
529
844
828
780
932
708
604
722
804
913
777
514
666
672
974
733
934
984
744
553
935
534
524
837
516
816
732
979
677
868
924
559
856
504
652
566
638
564
985
950
844
500
788
650
911
719
823
944
906
794
654
677
671
745
702
620
618
782
775
530
570
693
704
669
522
805
675
978
718
796
818
505
541
817
838
854
807
720
797
526
545
946
627
627
724
574
812
811
787
763
624
833
837
830
854
559
579
889
803
620
927
639
540
708
539
773
832
557
675
891
791
731
723
878
973
838
951
713
636
765
552
842
521
706
665
707
630
678
985
931
879
921
551
619
962
524
665
744
514
739
623
500
862
531
930
507
674
547
962
639
876
753
903
654
869
964
800
757
785
978
926
922
633
986
596
625
555
717
948
860
548
585
945
689
595
679
538
861
760
956
706
889
698
781
757
726
786
826
791
738
902
519
570
902
830
876
501
502
503
504
614
506
615
509
509
510
511
512
513
613
515
614
517
518
519
520
521
527
523
528
525
526
527
528
529
549
532
532
544
536
535
536
537
543
540
542
541
542
543
544
545
546
547
548
549
606
551
552
609
605
555
611
557
558
561
562
563
562
563
571
565
569
567
568
569
572
571
572
573
605
575
576
592
578
579
590
581
582
587
584
589
586
587
588
589
591
591
592
607
606
595
596
602
599
599
601
601
602
603
604
610
608
608
610
609
611
612
612
613
616
615
616
988
618
633
621
621
622
623
630
625
631
629
628
629
632
631
632
635
634
635
990
637
638
645
640
646
642
643
644
647
646
647
988
651
650
651
657
653
658
656
657
659
658
659
663
661
664
663
664
692
666
667
693
670
670
671
692
673
674
676
676
690
678
685
680
686
682
683
684
687
686
687
688
689
690
695
694
694
695
696
696
991
699
701
700
701
703
703
989
716
711
707
709
709
710
711
712
715
714
715
716
717
718
893
743
721
742
729
724
727
726
727
728
729
730
737
734
735
736
735
736
738
739
740
741
741
742
743
896
747
746
747
748
749
750
751
893
753
768
755
756
758
758
759
769
761
762
768
764
765
766
767
770
769
770
899
774
773
774
775
776
895
778
779
788
781
784
783
784
789
786
787
790
789
790
894
792
793
799
795
799
797
798
801
800
801
802
803
822
821
806
808
810
809
810
815
813
813
814
815
816
818
820
819
820
821
822
886
824
825
827
827
887
829
831
831
874
834
834
865
836
841
839
839
840
841
866
843
864
845
846
847
865
849
850
859
853
853
855
855
856
857
858
859
863
861
862
863
864
867
866
867
871
870
870
871
872
873
874
885
883
877
882
880
880
881
882
883
884
886
888
887
888
894
897
891
892
896
897
895
898
900
898
900
901
901
993
905
904
905
940
912
908
909
910
911
912
917
914
916
916
918
918
919
939
921
923
923
936
925
926
928
928
937
930
933
932
933
936
935
938
937
938
939
940
992
943
943
953
945
948
947
951
949
950
952
952
953
955
955
993
957
958
968
961
961
969
963
967
965
966
968
970
969
970
972
972
994
977
975
976
977
982
981
980
981
982
983
989
987
986
987
994
992
991
995
998
996
995
997
996
997
998
-1
