906
766
779
650
558
849
946
507
667
865
531
714
696
967
585
965
515
617
610
926
688
929
580
567
852
736
801
889
700
505
533
616
738
821
930
822
657
522
700
676
634
974
970
639
745
527
582
709
898
585
831
560
646
642
582
878
701
594
505
947
533
517
921
948
641
922
821
770
535
958
705
561
749
877
916
654
745
956
520
953
836
836
544
899
932
698
763
911
560
640
589
900
530
640
816
609
649
742
815
763
809
844
904
740
956
725
644
911
514
744
729
686
871
927
532
973
541
963
961
774
632
728
834
758
754
607
792
867
875
818
893
652
590
648
895
542
606
601
914
845
713
502
601
861
771
538
920
678
687
830
764
611
544
932
934
755
926
624
595
785
510
637
770
551
751
587
765
760
673
840
837
779
575
674
506
814
957
859
848
656
848
835
862
606
619
769
972
639
583
602
609
664
670
589
813
876
556
650
551
526
772
855
827
676
795
791
864
898
973
844
947
846
822
829
614
563
960
936
877
556
788
954
838
885
890
673
696
604
754
580
744
553
794
829
826
703
807
949
647
964
655
731
539
737
590
636
646
850
712
540
501
867
971
919
945
793
615
753
838
797
853
880
508
519
588
951
805
504
765
509
960
888
710
823
719
603
599
879
519
697
746
894
886
883
814
892
750
592
667
683
719
787
524
755
761
751
759
634
923
707
803
704
532
861
536
760
552
800
833
912
595
896
903
741
516
721
550
913
781
583
675
728
739
928
594
709
823
869
953
786
769
806
716
969
641
789
567
536
817
774
642
610
656
603
702
503
691
627
780
969
796
812
742
554
529
794
682
521
782
859
500
812
625
697
615
791
839
864
540
654
871
546
961
500
644
625
720
669
687
613
721
870
790
635
525
913
714
925
915
711
502
568
746
624
811
851
516
905
573
930
805
514
735
647
924
562
923
776
648
894
723
778
735
835
762
636
616
686
713
507
803
561
645
828
671
813
539
875
902
612
800
517
559
929
879
966
657
629
888
586
571
723
785
896
557
945
846
915
901
831
530
827
688
586
885
504
670
869
880
905
767
903
833
968
884
740
750
958
949
933
775
668
901
808
662
675
706
525
860
935
613
597
528
850
883
935
704
558
795
914
971
866
550
677
783
628
618
522
537
621
501
976
503
511
512
506
511
508
509
510
513
512
513
577
515
578
518
518
576
520
521
523
523
524
577
526
527
528
529
570
531
547
534
534
535
548
537
538
546
543
541
542
543
545
545
547
549
548
549
571
555
552
553
554
555
570
557
566
559
563
564
562
565
564
565
566
569
568
569
572
572
573
574
574
575
576
579
578
579
581
581
732
584
584
733
596
587
588
593
591
591
592
593
597
596
598
598
599
600
600
695
602
605
604
605
608
607
608
633
627
611
612
622
614
620
621
617
618
619
620
623
622
623
628
626
626
630
629
630
631
631
632
633
693
635
638
637
638
690
683
666
643
643
664
645
661
663
653
649
651
651
652
653
658
655
659
658
660
659
660
661
662
663
665
665
666
684
668
669
672
671
672
679
674
680
678
677
679
681
680
681
682
685
684
685
692
690
689
689
693
691
692
694
694
695
732
699
698
699
725
701
702
703
708
705
706
707
708
718
710
711
712
717
715
715
716
717
718
726
720
722
722
724
724
727
726
727
730
729
730
731
734
733
734
984
736
737
738
739
994
741
743
743
992
747
748
747
748
749
987
752
752
753
757
756
756
757
758
759
982
761
762
983
764
768
766
767
768
979
771
773
772
773
776
775
777
777
778
784
780
781
782
783
784
980
786
787
788
789
790
982
792
793
797
798
796
799
798
799
802
801
802
804
804
809
806
807
808
810
810
811
977
820
819
815
816
817
818
819
820
977
824
825
824
825
826
994
828
976
830
832
832
854
834
841
842
837
841
839
840
843
842
843
855
845
847
847
854
849
857
851
852
853
856
856
857
858
858
978
860
863
862
863
874
865
866
868
868
873
870
872
872
873
874
983
876
987
878
882
881
881
882
984
884
887
886
887
891
889
890
891
892
893
938
895
897
897
908
899
900
909
902
907
904
908
906
907
910
909
910
941
912
937
917
918
916
917
918
919
920
921
922
943
924
925
937
927
928
939
931
931
938
933
934
942
936
939
940
940
942
941
943
944
944
988
946
952
948
950
950
951
952
955
954
955
978
957
959
959
986
962
962
963
964
965
966
967
968
981
970
981
972
975
974
975
988
993
980
979
985
989
986
992
985
993
990
989
991
991
990
996
996
995
995
997
997
998
998
-1
