131
128
111
117
119
146
149
179
137
120
180
127
112
158
104
107
150
150
130
163
136
144
169
123
127
144
128
109
126
116
114
153
100
145
118
171
158
112
121
132
122
108
137
106
152
135
118
151
117
119
108
132
107
110
136
111
143
101
160
142
154
109
141
133
110
157
103
115
143
134
145
100
155
123
142
106
152
175
172
105
140
113
147
105
120
131
166
113
148
159
166
171
173
115
160
140
138
114
101
133
102
102
103
104
116
121
122
129
135
130
138
139
126
124
125
162
149
125
147
168
124
165
148
129
139
175
154
156
134
146
164
157
151
163
161
141
153
167
155
161
170
177
156
181
168
170
162
159
172
165
174
190
182
181
178
180
169
164
176
173
174
184
167
177
188
187
189
178
184
176
182
183
187
186
185
191
192
179
185
188
183
186
189
198
195
191
194
190
192
193
193
194
196
195
197
196
197
198
-1
