100
108
131
103
153
152
129
135
110
136
141
109
125
148
114
104
109
112
180
138
140
124
123
121
101
168
160
103
120
124
117
171
122
150
118
107
144
143
175
175
151
100
129
140
115
133
116
184
147
110
169
146
128
137
132
171
112
114
142
137
155
168
146
161
134
136
160
162
165
149
159
130
108
142
117
158
105
105
155
163
102
132
130
157
149
121
102
138
107
154
152
126
158
120
116
127
125
113
183
104
101
106
106
119
111
113
115
111
122
118
134
119
131
139
123
126
133
128
135
145
156
148
143
150
127
144
145
147
157
139
151
162
153
179
166
141
164
161
164
173
173
176
165
180
177
167
177
163
156
172
174
178
178
154
166
186
167
159
169
183
182
170
170
185
172
174
181
179
188
181
176
186
184
182
187
194
187
189
188
191
192
190
185
196
193
189
190
191
192
193
194
195
197
195
198
196
197
198
-1
