167
155
154
126
111
121
103
165
138
147
154
157
104
174
115
106
141
148
103
107
159
163
140
137
130
171
105
136
124
168
133
151
125
123
156
108
101
128
116
120
158
101
120
105
102
107
182
118
100
110
134
153
142
142
173
100
148
135
162
138
145
147
125
115
129
102
152
145
165
124
174
114
133
106
131
136
132
112
156
114
157
108
117
183
113
170
134
162
153
119
126
175
155
122
143
146
113
109
129
117
104
109
121
112
110
130
116
119
118
111
127
150
131
183
139
123
122
135
143
128
141
149
127
150
166
132
144
139
137
177
164
169
161
140
146
144
171
166
172
149
152
170
151
164
158
161
160
160
168
176
175
180
181
163
159
172
184
173
189
178
167
185
181
179
169
182
179
190
178
176
184
185
180
193
190
177
186
195
186
189
187
187
188
192
191
188
192
193
194
194
191
198
196
195
196
197
197
198
-1
