124
134
128
102
100
155
107
172
117
149
143
109
118
153
141
156
125
166
129
106
181
116
104
103
162
122
158
110
119
115
135
130
105
115
139
162
100
167
153
133
105
151
120
111
174
159
127
144
130
137
106
154
124
139
164
118
170
140
149
127
126
180
182
101
112
135
129
123
125
128
178
144
102
122
113
176
159
171
110
114
134
101
136
142
150
150
114
132
158
161
146
163
108
133
151
112
103
136
120
131
104
108
107
117
111
109
113
121
119
116
123
126
131
121
160
172
132
140
156
138
160
138
137
148
141
142
183
154
155
152
145
147
147
163
157
166
146
148
152
145
170
143
180
176
165
175
168
161
165
157
169
168
173
164
173
177
184
171
169
179
167
177
178
187
181
184
192
185
186
174
175
179
192
188
182
183
193
189
185
187
186
190
193
191
188
195
190
189
191
196
196
194
194
198
195
197
197
198
-1
