130
141
100
134
115
138
163
107
131
100
158
137
141
101
164
128
149
144
180
148
179
128
123
166
132
132
108
111
137
117
157
127
105
126
165
162
139
152
136
104
124
147
142
114
129
143
143
109
114
155
115
127
103
154
116
102
118
150
120
175
165
146
172
140
119
107
117
160
104
120
108
170
116
112
167
119
160
134
145
156
111
110
130
158
174
172
109
166
164
133
167
140
118
101
105
106
121
184
138
103
102
106
110
113
146
122
124
126
112
113
125
121
135
125
123
129
122
145
131
136
135
133
149
177
161
151
153
147
142
150
155
159
156
139
154
171
144
157
169
151
148
152
161
159
168
163
176
153
171
170
178
173
173
168
162
183
169
182
194
175
177
184
176
186
179
187
186
185
181
180
188
174
196
181
182
189
178
183
187
185
190
189
192
188
192
191
191
195
190
193
193
194
196
195
198
197
197
198
-1
