128
121
146
103
121
108
136
137
112
122
160
175
135
111
171
100
114
158
122
112
123
135
180
107
155
164
168
118
120
130
139
148
131
138
165
169
145
156
157
163
168
132
184
102
109
120
147
173
107
173
123
139
147
109
127
126
113
116
108
105
101
175
153
110
166
158
103
134
128
117
144
153
160
104
101
100
155
185
140
170
133
150
141
143
110
167
119
150
149
115
126
148
115
136
132
127
102
113
117
133
104
106
111
105
106
118
119
131
116
129
114
161
138
125
134
137
124
125
141
124
142
143
130
129
159
146
152
157
152
174
140
142
154
151
154
144
156
145
167
164
159
149
151
162
171
183
161
190
166
172
169
176
165
181
177
177
176
163
188
162
172
182
174
179
185
170
178
193
186
181
191
187
178
189
180
184
179
186
187
188
182
198
183
193
190
191
192
196
189
195
192
194
197
194
195
196
197
198
-1
