139
176
151
168
107
105
137
122
110
154
126
169
118
142
111
167
112
108
173
128
149
103
108
131
123
164
133
101
134
140
110
156
134
135
136
187
139
129
138
179
114
104
106
126
151
148
121
111
157
124
143
150
125
121
118
162
171
150
145
113
175
185
122
152
100
116
112
149
102
165
123
101
147
171
133
104
146
107
100
155
127
153
109
102
132
119
119
144
152
117
138
127
175
124
137
158
142
178
117
103
113
106
105
115
125
109
114
130
120
147
116
141
141
115
120
135
148
160
131
164
130
128
145
159
140
129
144
155
136
146
132
154
159
143
162
165
166
153
182
179
168
161
174
170
161
163
169
157
174
156
163
172
181
166
172
158
187
178
160
167
188
180
182
183
176
170
173
177
177
184
189
192
180
184
183
188
185
186
190
181
189
192
186
193
190
194
191
195
193
191
195
194
197
196
196
198
197
198
-1
