177
166
138
122
119
170
160
101
106
102
138
110
108
149
153
155
145
167
109
150
144
116
111
133
114
175
121
176
177
136
159
135
120
128
142
143
105
162
127
148
130
106
129
147
120
103
174
103
140
107
114
136
100
146
109
155
157
133
141
124
179
158
132
100
130
137
131
148
161
117
128
101
142
154
123
107
122
145
175
131
162
115
157
116
134
125
126
119
123
158
117
121
141
108
111
104
153
102
149
118
105
104
110
124
118
112
112
129
113
125
127
113
115
134
143
139
154
152
164
152
126
139
140
132
144
135
161
147
156
146
164
168
137
151
169
156
150
178
170
151
171
179
173
163
169
165
166
163
165
160
187
172
178
159
171
167
183
182
185
184
184
173
176
192
168
180
186
186
183
172
174
185
181
187
180
190
191
182
181
188
193
189
194
190
193
192
188
189
191
194
197
198
195
196
195
196
197
198
-1
