961
661
760
840
828
789
786
603
578
848
525
728
809
545
587
873
523
708
895
529
696
691
610
841
641
572
744
583
566
914
792
565
925
526
800
678
505
662
654
659
663
707
954
630
942
620
928
632
634
934
729
962
951
588
869
777
941
560
661
732
533
573
780
811
840
731
725
944
735
665
587
790
772
756
700
935
829
778
803
747
561
791
501
875
794
636
828
712
645
940
806
865
649
845
963
515
502
806
511
982
888
917
718
621
913
761
831
530
767
900
965
567
823
925
869
877
805
807
611
715
520
812
722
846
568
911
528
793
816
664
569
864
726
640
606
617
732
681
884
752
710
909
921
871
596
870
695
781
910
674
568
830
792
931
559
757
768
599
517
591
713
891
579
774
789
949
701
764
741
851
536
614
504
523
813
817
912
946
700
919
896
742
524
768
836
600
867
521
560
907
770
616
749
766
685
905
626
783
577
542
853
703
755
902
528
716
679
880
693
908
582
502
785
807
639
655
525
581
948
698
652
620
578
627
864
966
625
745
682
815
546
756
581
888
943
958
545
798
602
549
712
594
662
833
769
519
709
895
608
889
927
725
723
602
654
946
866
657
685
552
686
854
783
735
949
592
532
577
722
604
629
939
511
751
563
728
744
898
859
736
959
886
810
763
776
796
845
508
802
755
956
904
624
947
598
880
595
926
531
957
777
853
638
633
922
747
718
727
509
590
614
902
829
847
850
860
591
786
650
759
913
635
797
558
692
613
733
897
565
697
642
599
878
653
843
874
603
801
648
607
639
905
547
500
513
531
598
678
702
534
749
962
706
871
533
659
891
590
512
834
923
926
649
922
915
520
955
656
929
914
524
562
842
675
841
516
865
673
505
720
752
708
836
877
676
760
544
558
934
856
939
567
694
908
667
903
838
624
893
604
667
952
584
683
617
696
642
705
759
613
784
539
896
500
928
561
626
835
780
610
583
513
553
937
936
776
536
882
681
508
810
643
881
589
550
541
539
790
861
855
548
765
750
660
648
837
741
680
666
675
766
900
655
717
746
890
566
879
858
519
860
719
885
640
743
918
942
854
701
817
796
892
882
542
924
714
931
773
849
510
858
629
935
724
628
612
503
638
782
594
730
915
540
770
691
731
705
673
615
677
501
507
503
504
506
506
507
993
509
510
512
514
514
516
515
517
518
518
983
522
521
522
551
555
527
526
527
550
529
530
534
532
535
537
535
537
538
538
549
540
541
543
543
544
548
546
547
552
551
554
553
554
557
555
556
556
557
989
559
572
562
563
564
564
575
570
570
574
569
571
571
573
574
575
576
576
982
580
579
580
584
582
585
586
585
586
979
588
589
998
593
592
593
595
597
596
597
992
601
600
601
981
605
605
607
606
608
609
609
989
611
612
621
619
615
616
618
618
619
622
623
622
623
994
625
631
627
628
634
630
631
632
633
635
636
637
637
979
641
644
643
644
647
645
646
646
647
988
651
650
651
652
653
663
656
657
658
658
660
665
664
671
668
666
670
669
668
670
669
671
672
672
684
674
688
676
677
683
679
680
682
684
687
686
687
690
688
689
689
690
986
692
693
694
695
697
698
699
699
981
702
703
704
704
983
706
707
709
710
711
711
986
713
714
715
716
717
719
720
721
721
985
723
724
734
726
727
738
729
730
733
734
737
736
737
740
738
739
739
740
990
742
743
805
745
746
748
748
754
750
751
753
753
754
813
758
757
758
823
762
761
762
763
764
765
821
767
769
771
771
773
772
774
775
775
816
779
778
779
811
781
782
788
784
785
787
787
788
812
800
791
793
794
795
795
797
799
798
799
801
802
803
804
804
808
822
809
808
814
818
815
821
814
822
819
818
820
820
819
825
825
824
824
826
826
827
827
984
830
831
832
832
833
834
835
837
838
839
839
972
842
843
844
844
848
846
847
849
850
851
852
852
954
855
856
857
857
861
859
862
863
862
863
968
866
867
868
868
870
872
872
874
873
875
876
876
973
878
879
881
883
883
885
884
886
887
887
966
889
890
892
893
894
894
956
897
898
899
899
901
901
969
903
904
906
906
907
960
909
910
911
912
955
916
916
918
917
919
920
920
921
967
923
924
957
929
927
930
932
930
932
933
933
953
936
937
938
938
961
940
941
943
944
945
945
952
947
948
950
950
951
960
953
964
963
964
965
958
959
970
975
967
969
972
968
971
975
970
978
973
971
974
976
974
976
977
977
978
980
980
985
987
988
984
987
990
995
992
991
991
993
996
995
994
996
997
997
998
-1
