879
965
891
922
848
757
527
575
710
649
611
763
742
758
757
688
690
876
738
583
825
634
799
597
794
697
865
914
610
673
958
836
961
506
745
810
681
849
633
866
728
789
841
500
612
514
644
555
686
549
733
819
916
874
799
693
584
954
581
664
967
658
624
804
944
559
723
798
538
575
780
949
871
511
892
510
701
885
595
894
774
828
801
583
807
729
945
936
925
596
933
637
618
873
863
897
550
593
586
565
760
587
900
944
655
698
706
522
848
833
501
707
572
619
767
541
722
656
569
847
671
586
890
700
716
640
703
891
860
882
669
842
538
960
713
544
908
802
513
788
715
753
905
689
564
554
651
674
709
532
719
505
609
787
577
961
511
922
660
547
697
650
548
549
837
880
732
520
929
762
910
628
727
953
596
836
941
877
636
839
759
822
731
702
806
915
749
601
908
589
791
523
589
956
838
611
963
741
603
841
545
884
850
773
529
809
553
563
755
871
701
517
645
725
923
653
724
811
820
878
911
576
683
747
695
562
882
909
705
741
735
768
844
590
642
644
903
991
523
588
952
732
749
649
670
689
531
786
885
665
812
919
664
781
788
775
655
678
889
948
867
691
890
539
896
818
743
862
667
818
814
543
673
685
801
925
620
906
805
851
629
519
860
566
533
769
525
573
500
866
508
735
614
592
636
534
606
776
927
821
874
814
879
585
580
548
638
816
517
520
507
785
955
824
830
888
552
777
768
905
556
824
785
791
503
619
658
683
713
661
947
652
613
535
666
792
771
665
720
719
628
631
946
954
707
797
553
616
544
834
572
826
770
524
856
710
510
940
854
751
534
563
863
566
843
832
750
951
736
556
699
567
528
676
765
837
618
764
728
531
947
506
637
901
675
514
789
577
708
813
797
899
564
686
727
842
674
916
533
776
609
733
557
878
962
705
872
833
518
607
846
832
684
763
966
731
754
951
641
679
767
647
815
646
924
742
846
746
950
612
895
861
605
883
600
630
690
869
787
502
669
926
825
723
907
899
645
525
532
554
562
678
868
606
743
590
902
820
501
694
773
829
877
680
574
721
638
901
751
775
691
629
593
602
605
552
617
591
659
543
512
758
774
963
857
852
867
855
826
651
716
769
851
635
803
888
657
714
809
853
502
503
504
504
505
507
508
509
509
971
516
512
513
515
515
516
974
518
519
521
521
522
524
526
526
528
527
529
530
530
978
536
536
540
535
537
537
539
540
541
542
542
983
546
545
546
547
969
551
550
551
971
555
558
557
558
561
559
560
560
561
996
565
568
567
568
571
569
570
570
571
576
573
574
579
578
578
580
579
581
582
582
988
584
585
623
587
588
598
601
591
592
594
594
595
598
597
599
599
600
602
603
604
604
626
608
607
608
623
610
617
613
614
615
615
616
621
621
625
620
622
622
624
625
626
627
627
974
630
631
632
632
633
634
635
980
639
639
641
640
642
643
643
969
646
647
648
648
972
650
652
653
654
654
663
656
657
661
659
660
662
662
663
970
666
667
668
668
670
672
671
672
988
675
676
677
677
682
679
680
681
682
981
684
685
687
687
688
979
692
692
694
693
695
696
696
985
698
699
700
702
703
704
704
973
706
712
708
709
711
711
712
718
714
715
717
717
718
975
720
721
722
724
725
726
726
985
730
729
730
734
734
737
736
737
740
738
739
739
740
976
744
744
746
745
747
748
748
750
752
752
754
753
755
756
756
980
759
760
761
761
762
764
765
766
766
982
780
770
771
772
772
783
778
778
782
777
779
779
781
782
783
784
784
970
786
790
790
793
792
793
796
794
795
795
796
977
798
800
800
804
802
803
805
806
807
808
808
979
810
811
812
813
815
816
817
817
983
819
821
823
822
823
929
827
827
829
828
830
831
831
930
835
834
835
931
838
839
840
840
930
843
844
845
845
935
847
859
849
850
857
852
853
854
855
856
858
858
859
935
861
862
864
864
865
931
868
869
870
870
932
872
873
875
875
876
934
915
881
880
881
887
883
884
886
886
887
918
889
894
893
892
893
895
896
897
898
898
914
900
902
904
903
904
913
906
907
911
909
910
912
912
913
920
917
917
919
918
920
921
921
937
923
924
926
927
928
928
938
939
934
932
933
943
936
938
937
939
940
941
942
942
943
996
945
946
989
948
949
950
958
952
953
955
956
957
957
959
959
960
962
964
964
966
965
967
968
968
972
995
977
990
973
978
975
976
986
982
981
984
993
987
984
987
986
989
992
991
992
990
997
993
994
994
995
998
997
998
-1
