905
645
577
954
808
612
539
753
805
540
516
723
777
741
820
643
950
503
560
647
733
864
973
818
941
882
707
619
637
563
722
662
531
810
757
908
542
861
821
925
920
713
892
556
883
687
519
967
791
534
906
958
763
688
859
634
735
727
504
507
571
573
729
698
590
767
670
800
578
911
959
601
623
860
910
831
789
700
885
671
532
618
826
768
582
537
681
664
667
826
957
767
595
602
870
633
729
711
793
588
944
734
733
773
603
514
941
764
604
630
536
668
695
719
902
926
772
781
822
644
502
638
824
903
803
807
927
913
945
862
675
971
953
681
879
653
855
655
743
592
904
725
841
522
598
735
988
882
728
949
568
509
511
946
756
896
542
872
730
572
559
665
652
895
616
718
917
741
578
731
553
758
680
597
640
884
933
569
624
584
961
782
561
828
589
610
795
932
501
912
915
610
671
744
581
647
764
837
834
847
690
574
829
663
697
597
776
836
704
617
890
907
628
555
910
801
717
975
586
608
720
631
751
715
817
922
530
705
891
814
960
799
528
747
677
585
516
951
947
808
696
649
935
566
962
599
840
868
535
854
664
533
545
869
756
541
685
843
937
930
546
550
772
716
758
712
661
748
522
914
740
862
603
699
804
945
916
769
551
696
915
939
952
816
797
961
774
869
693
661
766
867
625
754
678
759
614
546
598
714
658
672
897
660
520
793
694
813
567
517
525
816
555
689
591
521
800
888
701
623
903
615
635
533
547
745
832
525
502
846
576
632
891
832
819
806
813
510
606
688
622
749
646
627
651
551
523
612
570
762
923
823
626
817
841
825
901
936
528
669
629
593
709
873
878
654
921
963
835
655
620
627
500
939
889
810
658
691
940
703
708
924
527
739
836
613
575
863
842
683
657
500
796
642
549
928
722
902
637
508
631
954
871
588
571
968
794
833
886
710
641
537
896
737
605
609
557
706
778
580
563
579
663
802
512
513
510
885
719
679
839
778
567
942
845
827
770
639
937
686
636
924
684
740
944
919
682
837
692
757
765
753
874
742
552
916
651
779
562
929
899
780
709
565
659
561
876
968
607
863
928
548
592
948
850
590
732
515
724
812
844
676
950
726
834
687
761
518
843
931
750
934
830
619
646
893
717
762
710
506
501
505
506
505
997
504
503
513
507
511
514
508
515
512
509
985
518
520
517
526
519
524
524
526
523
521
982
532
529
534
531
529
543
530
527
536
538
538
541
535
998
543
539
545
991
540
548
554
547
550
552
553
554
549
544
556
557
565
564
560
558
558
564
566
990
559
562
569
976
568
574
570
573
576
572
586
575
579
577
582
993
580
583
587
583
581
584
589
587
585
594
594
591
596
593
599
595
600
602
601
596
992
600
605
611
604
608
609
984
611
607
606
616
614
615
998
613
995
979
617
622
698
978
624
620
626
628
630
989
625
629
633
986
634
632
636
640
638
639
635
643
642
644
641
983
650
650
648
645
977
649
648
656
652
653
654
996
656
657
660
989
662
659
666
668
667
665
673
677
676
672
674
997
670
669
678
673
666
674
979
675
682
680
685
988
684
683
686
691
694
689
690
699
701
693
692
697
702
980
703
702
695
996
700
708
706
886
890
705
880
713
714
715
712
784
711
781
721
720
718
721
716
723
725
789
726
724
731
727
730
728
799
736
732
738
734
745
738
797
736
746
746
739
744
787
737
742
750
749
798
748
795
760
751
752
759
755
752
755
760
785
790
761
765
763
786
769
770
766
777
768
775
771
771
773
776
779
780
775
785
774
783
787
790
876
782
784
786
794
792
881
788
791
747
783
754
798
743
792
788
801
804
803
806
807
848
805
802
809
812
814
809
857
811
811
818
815
815
820
856
822
819
823
821
864
871
827
825
858
830
828
866
833
831
835
853
849
868
839
849
838
838
845
842
859
846
847
844
852
848
858
852
850
856
851
857
860
875
867
851
855
865
829
866
854
853
865
861
840
870
877
824
874
889
873
877
796
872
875
881
879
878
880
894
883
707
887
893
887
884
704
888
994
894
984
898
895
905
899
907
901
897
900
900
909
904
908
912
913
906
898
914
911
981
909
918
920
966
973
918
921
919
974
922
923
930
929
925
926
927
934
933
931
974
932
938
935
936
964
940
938
943
969
942
943
956
955
951
947
952
949
946
948
957
953
970
955
956
959
962
970
958
960
965
969
966
964
965
963
987
971
972
967
917
972
977
975
-1
982
985
978
679
976
986
981
990
980
544
621
892
993
995
991
621
987
618
992
994
983
