938
888
934
628
953
609
880
689
535
841
818
566
593
664
858
662
546
603
752
790
757
685
563
964
904
780
939
936
797
628
869
624
918
754
525
783
748
709
794
638
835
760
607
877
542
887
655
925
832
693
809
899
819
724
612
751
753
534
692
531
975
840
859
768
694
516
969
548
881
666
616
755
657
509
538
944
513
562
528
923
910
507
741
604
525
940
591
961
537
636
960
826
833
595
516
594
905
588
601
926
861
704
670
814
682
590
810
864
553
519
823
779
618
514
875
785
686
594
501
772
767
857
970
868
876
907
672
542
816
599
614
875
518
950
579
588
789
651
894
805
581
630
944
913
924
884
508
536
540
821
962
870
964
863
972
763
956
871
700
602
974
966
779
707
670
668
603
810
625
554
919
574
579
740
968
788
901
802
632
688
870
754
658
916
868
526
824
952
781
615
697
520
812
909
543
758
583
623
766
627
832
904
711
858
569
591
916
580
831
611
798
854
710
532
552
619
723
558
743
673
647
671
797
606
959
648
757
969
873
765
576
852
852
769
856
879
596
627
839
504
951
686
808
951
551
928
683
685
521
544
584
959
862
888
522
511
608
835
984
843
840
502
917
963
886
897
614
843
699
766
787
849
885
703
927
749
804
850
618
844
689
972
510
826
654
800
934
506
650
553
837
530
759
708
941
857
697
656
550
890
776
583
791
899
954
900
552
830
883
563
700
681
543
586
908
811
610
561
898
521
675
602
941
661
665
572
705
503
518
815
695
648
674
560
741
808
802
654
639
606
880
621
738
968
747
872
737
713
513
867
908
788
506
928
620
675
769
713
744
935
929
667
565
775
574
547
585
924
598
657
502
883
935
575
682
828
706
780
556
531
770
762
626
767
712
791
911
694
975
623
821
550
866
730
735
792
775
534
739
557
841
742
556
849
910
830
539
596
739
721
573
918
929
805
544
748
777
818
862
582
913
943
612
687
936
722
646
799
973
520
538
500
651
676
696
925
812
953
965
692
737
890
681
825
906
662
747
703
803
820
500
619
784
765
589
646
649
851
671
761
781
509
756
827
879
922
643
866
834
656
777
565
515
798
630
611
562
789
698
917
536
836
631
676
660
871
787
660
599
921
519
853
921
597
839
584
672
887
956
530
501
503
505
504
505
978
507
508
510
511
512
512
991
514
515
517
517
730
523
523
527
522
524
524
526
527
528
529
529
732
533
532
533
728
535
729
537
539
540
541
541
560
545
545
547
546
548
549
549
571
551
561
555
554
555
557
559
558
559
567
567
568
564
564
566
572
568
570
569
570
571
577
573
576
575
577
578
578
719
580
581
582
722
585
586
587
587
727
589
590
592
592
593
625
595
638
597
598
600
600
601
640
605
604
605
626
607
608
609
610
644
613
613
615
617
616
617
634
620
621
622
622
633
624
629
636
635
635
629
631
633
632
634
637
642
641
637
639
640
642
641
643
645
644
645
721
647
653
649
650
652
652
653
720
655
720
659
658
659
663
661
666
663
664
665
667
668
669
669
719
674
673
677
680
678
677
679
678
679
680
724
684
683
684
709
691
687
688
690
690
691
706
693
707
695
696
702
698
699
701
701
702
708
704
705
711
710
717
714
712
716
715
714
716
715
717
718
718
727
723
726
728
725
725
726
734
732
729
733
731
731
734
733
736
735
736
993
738
746
740
744
742
743
745
745
746
979
750
749
750
751
752
753
997
755
756
760
758
759
761
762
763
764
764
987
768
771
770
771
774
772
773
773
774
986
776
778
778
982
782
782
784
783
785
786
786
981
790
793
792
793
796
794
795
795
796
981
799
800
801
801
807
803
804
806
806
807
991
809
811
813
813
815
814
816
817
817
989
819
820
822
822
823
824
825
827
828
829
829
983
831
842
833
834
836
837
838
838
846
842
845
844
845
848
846
847
847
848
978
850
851
854
853
855
855
856
985
860
859
860
861
863
864
865
865
980
867
885
869
896
872
873
874
874
876
878
877
878
886
882
881
882
892
884
891
892
893
889
889
891
897
893
895
894
895
896
902
898
901
900
902
903
903
980
905
906
907
911
909
912
914
912
914
915
915
992
949
920
919
920
938
922
923
927
926
930
933
931
930
932
931
932
933
939
937
937
945
947
940
943
942
942
946
946
945
947
948
948
949
950
954
952
955
957
955
957
958
958
979
960
961
962
963
965
966
967
967
996
971
970
971
977
973
974
976
976
977
983
989
988
988
982
984
986
985
987
990
995
994
990
992
993
995
994
996
998
997
998
-1
