901
617
943
726
944
724
674
827
789
879
797
599
860
841
850
506
675
948
572
899
522
508
902
781
823
856
739
840
643
878
646
727
814
730
656
605
754
828
844
862
580
809
727
694
611
753
792
786
826
947
952
755
921
598
546
549
733
867
599
856
907
607
940
793
553
910
967
878
670
714
501
593
747
718
614
871
743
665
702
738
591
655
798
966
729
939
541
708
892
866
535
612
926
853
885
952
774
682
577
721
757
713
573
881
885
882
613
842
620
948
685
658
584
949
942
673
579
936
633
625
635
650
900
594
761
926
790
618
762
770
880
678
937
631
588
898
502
943
572
737
700
712
540
951
852
784
558
621
545
803
506
941
887
858
628
846
703
523
767
692
595
922
651
568
551
682
911
657
650
901
736
545
547
875
711
635
761
904
914
792
601
843
630
683
689
509
857
876
906
594
723
590
795
935
746
534
799
836
740
586
752
910
501
561
894
715
691
782
712
818
653
854
888
746
702
685
737
964
705
798
794
936
626
775
643
664
923
704
740
625
616
759
830
661
558
533
822
954
715
644
961
677
865
620
699
815
826
565
696
785
741
603
781
804
813
507
689
511
721
831
660
559
925
503
510
801
583
896
646
916
766
577
537
768
583
728
585
904
890
969
566
525
623
500
935
847
805
883
511
783
596
627
517
648
907
900
520
928
687
738
816
617
512
905
846
797
561
707
750
825
955
953
563
628
929
728
526
918
645
842
788
882
716
560
804
562
832
713
531
530
770
711
575
663
674
874
680
864
638
912
556
580
587
684
915
578
818
875
673
736
868
724
603
518
777
695
610
667
705
664
538
631
600
893
927
801
679
519
522
517
601
969
749
950
880
546
831
555
789
537
622
568
731
518
621
588
747
730
698
865
946
924
779
667
898
942
751
962
637
868
752
652
668
647
570
884
887
708
574
539
591
597
543
800
895
828
678
695
849
530
567
776
665
610
861
920
640
869
803
858
612
848
788
525
507
500
528
692
851
756
820
766
853
874
733
706
616
830
690
855
793
722
512
958
550
824
686
968
764
629
840
524
829
817
917
819
547
932
822
957
542
931
541
660
889
651
502
589
866
508
813
663
527
758
772
784
824
802
769
526
554
864
778
569
573
656
662
763
762
771
503
504
505
504
505
977
510
509
513
516
514
513
515
514
515
516
983
519
520
521
521
991
523
524
532
527
528
529
529
533
531
532
534
535
536
536
990
538
539
540
542
543
544
544
553
548
548
550
549
551
552
552
554
555
556
557
557
975
559
560
562
563
564
564
565
566
567
569
570
571
571
981
574
575
576
576
582
578
579
581
581
582
976
584
585
586
587
597
589
590
592
592
593
598
595
596
605
602
600
604
606
602
609
604
606
608
607
608
609
986
611
613
615
614
615
634
619
618
619
637
622
623
624
624
634
626
627
640
629
630
632
632
633
636
638
636
639
641
639
641
642
642
995
644
645
647
648
649
649
988
652
653
654
654
655
657
658
659
659
975
661
662
666
666
669
668
669
672
670
671
671
672
985
676
675
676
677
679
680
681
681
980
683
684
686
687
688
688
697
690
691
693
693
694
698
696
697
699
700
701
701
989
703
704
710
706
707
709
709
710
978
714
717
716
717
720
718
719
719
720
982
722
723
725
725
726
977
731
729
732
734
732
734
735
735
982
739
742
741
742
745
743
744
744
745
987
748
748
749
750
751
754
753
757
755
756
758
759
760
760
996
763
764
765
765
774
767
768
769
771
772
773
773
777
775
776
778
779
780
780
985
782
783
785
787
786
787
978
791
790
791
808
794
795
796
796
811
808
799
800
802
806
806
810
805
807
807
809
810
811
812
812
984
814
815
816
817
819
820
821
821
835
823
838
825
835
827
829
833
833
837
832
834
834
836
837
838
839
839
984
841
843
845
844
845
965
847
848
849
850
851
852
962
854
855
857
859
859
861
860
862
863
863
963
867
870
869
870
873
871
872
872
873
964
877
876
877
961
879
920
881
891
883
884
886
886
894
888
889
890
891
892
893
895
896
897
897
921
899
913
903
902
903
909
905
906
908
908
909
916
911
912
913
914
915
917
918
919
919
922
930
925
923
924
934
927
929
928
930
931
932
933
933
934
965
938
937
938
939
940
941
946
945
944
945
947
956
951
949
950
960
953
955
954
956
957
958
959
959
960
963
967
966
973
970
968
972
971
970
972
971
973
974
974
980
976
979
979
986
991
981
983
992
990
987
989
988
993
995
992
993
994
997
994
996
998
997
998
-1
