759
612
913
819
952
949
836
772
694
546
871
940
732
867
673
862
510
741
559
731
627
839
857
813
697
519
674
592
625
853
723
513
738
814
789
883
628
806
780
680
501
852
515
943
557
840
664
958
690
528
742
724
629
739
613
600
694
768
964
621
910
950
810
937
927
720
521
914
797
944
708
532
573
850
931
529
751
733
926
912
889
663
531
542
858
807
711
948
565
589
890
729
884
549
760
688
757
952
706
661
587
943
866
568
536
695
610
577
748
820
622
561
535
857
904
744
896
878
958
630
901
572
691
869
811
703
571
925
890
834
662
765
657
800
591
526
649
546
612
966
685
584
705
624
538
687
907
529
723
864
589
860
732
946
709
581
523
954
649
951
712
795
544
746
726
843
701
515
825
824
710
778
674
809
570
582
902
532
735
905
819
874
654
948
558
766
637
759
934
638
656
560
628
916
682
805
828
960
601
676
598
585
816
728
871
678
619
714
835
558
713
855
538
633
652
750
810
595
608
644
511
547
796
553
638
666
801
646
904
616
703
685
525
854
688
809
714
737
663
597
962
523
791
618
536
915
743
862
825
629
842
706
605
616
634
580
554
806
560
764
734
502
868
762
828
517
769
726
584
898
530
924
581
864
574
792
733
794
794
751
748
928
504
872
640
505
556
729
642
609
516
540
642
654
549
790
657
886
867
749
901
504
686
906
727
571
913
879
953
721
595
800
666
853
925
500
829
692
512
908
768
822
678
910
962
787
928
580
918
501
788
639
803
586
607
551
959
929
675
770
892
785
802
632
935
769
945
720
633
602
775
944
667
778
894
548
592
601
715
622
903
874
574
939
934
632
619
937
813
791
640
697
738
894
526
926
676
960
876
664
550
773
918
636
891
535
598
761
710
826
782
801
834
596
805
520
784
509
691
701
838
745
563
790
782
940
737
817
539
655
938
753
651
722
556
765
911
771
631
653
562
625
936
878
779
781
575
715
699
543
553
507
572
886
785
604
500
617
881
752
756
873
570
696
725
590
848
760
555
524
711
892
821
511
815
585
672
704
816
506
749
698
509
788
660
607
603
883
505
753
820
818
836
859
650
623
783
858
907
608
662
956
693
650
880
888
764
875
924
863
879
565
606
917
540
660
517
824
909
885
503
502
503
971
506
507
508
508
974
510
512
514
513
514
516
518
518
520
519
521
522
522
978
524
525
527
527
528
534
530
531
533
533
534
983
537
537
539
541
541
543
542
544
545
545
969
547
548
550
551
552
552
971
554
555
569
557
559
562
563
561
564
566
564
566
567
567
568
569
996
573
576
575
576
579
577
578
578
579
988
583
582
583
974
586
588
587
588
594
590
591
593
593
594
980
596
597
599
599
600
969
602
603
604
605
606
613
609
611
610
611
614
615
614
615
972
617
618
620
620
621
970
623
624
626
626
627
988
636
630
631
637
635
634
635
644
641
639
643
645
641
648
643
645
647
646
647
648
672
673
651
652
653
659
655
656
658
658
659
665
661
669
665
668
667
668
671
669
670
670
671
680
677
675
679
681
677
684
679
681
683
682
683
684
981
686
687
689
689
690
979
692
693
985
695
696
698
699
700
700
702
702
973
704
705
707
707
708
709
713
712
716
719
717
716
718
717
718
719
975
721
722
985
724
725
976
727
728
730
730
731
980
734
735
736
736
741
740
739
740
744
742
743
745
746
747
747
982
752
750
755
754
754
756
755
757
758
758
970
761
762
763
763
777
767
766
767
775
772
770
771
774
773
774
776
776
777
977
779
780
781
835
783
784
786
786
787
842
789
797
793
792
793
798
795
796
799
798
799
840
802
803
804
804
837
808
807
808
837
812
811
812
841
814
815
827
817
818
831
821
822
823
823
826
827
830
829
830
833
831
832
832
833
843
844
839
844
838
846
850
841
846
845
847
845
848
847
849
849
851
851
852
854
855
856
856
979
859
860
861
861
983
863
865
865
866
868
869
870
870
996
872
873
875
876
877
877
888
880
881
882
882
889
884
885
887
887
896
893
891
895
897
893
900
895
897
899
898
899
900
989
902
903
914
905
906
911
908
909
912
916
915
922
919
917
921
920
919
921
920
922
923
923
972
927
930
929
930
933
931
932
932
933
956
935
936
942
938
939
941
941
942
957
945
946
947
947
964
949
950
951
953
954
955
955
957
961
959
963
965
961
968
963
965
967
966
967
968
991
995
977
990
973
978
975
976
986
982
981
984
993
987
984
987
986
989
992
991
992
990
997
993
994
994
995
998
997
998
-1
