885
648
625
776
934
704
779
744
556
928
557
629
927
733
849
672
871
787
717
949
965
631
505
510
634
500
718
604
591
840
833
858
717
862
953
895
929
964
530
612
761
830
920
886
769
724
885
747
848
633
712
946
705
894
650
846
874
515
893
942
758
784
586
963
941
641
817
702
806
738
937
635
827
674
544
692
589
793
951
520
732
648
551
903
877
790
955
508
501
516
675
576
577
629
807
881
837
720
925
794
608
834
786
873
906
752
812
753
521
594
571
586
741
699
801
931
542
618
760
780
665
820
538
843
539
614
690
740
651
859
922
636
766
954
580
773
637
563
695
591
645
933
794
757
903
872
775
904
692
597
952
723
536
748
745
967
676
910
517
888
630
816
713
890
525
795
767
897
860
670
722
928
593
779
734
823
882
872
841
931
930
949
966
693
619
859
736
636
559
773
776
708
747
814
938
531
520
921
726
723
918
526
906
649
605
568
564
503
533
915
604
957
601
621
579
701
719
587
965
675
836
622
653
581
582
782
917
575
806
743
801
868
894
504
891
705
678
545
623
749
664
706
726
523
834
606
937
509
924
915
811
921
673
769
645
881
525
681
555
957
667
512
608
516
669
708
795
710
673
659
712
563
785
535
667
533
733
890
750
830
785
536
911
803
633
602
682
864
610
826
528
851
522
765
566
652
660
625
680
507
880
771
541
897
707
569
851
934
659
898
863
837
576
832
583
539
592
821
607
861
684
824
592
699
514
813
950
875
819
511
735
560
571
892
554
612
781
621
727
635
922
600
828
939
828
925
823
556
941
662
912
744
809
530
618
764
811
739
874
582
788
595
923
547
632
768
743
615
521
677
863
756
780
908
808
553
527
661
559
866
797
799
510
818
579
787
844
752
825
503
815
581
653
627
732
807
715
944
686
685
565
573
695
654
553
594
790
660
500
887
799
774
918
624
832
620
702
700
646
601
670
681
709
905
634
668
865
564
895
770
697
613
796
943
546
868
694
714
946
502
819
534
542
916
666
886
649
696
758
540
654
570
555
724
877
761
826
532
550
893
526
850
547
857
840
835
756
759
907
650
722
507
646
680
514
609
572
580
676
689
797
597
718
736
842
932
764
793
857
600
910
713
575
911
963
956
626
686
880
821
501
502
504
506
505
506
971
508
509
511
512
513
513
517
515
518
519
518
519
974
522
523
524
524
978
527
528
529
529
983
531
532
546
534
535
537
537
538
549
540
541
543
543
544
545
548
548
550
549
551
552
552
969
554
560
558
557
558
561
562
561
562
971
565
566
567
567
568
569
570
572
573
574
574
996
578
577
578
988
584
584
588
583
585
585
587
588
589
590
590
974
595
593
596
598
596
598
599
599
980
603
602
603
617
605
606
607
609
610
611
611
615
613
614
616
616
617
969
619
620
640
622
623
624
626
627
628
628
643
630
631
632
640
638
638
642
637
639
639
641
642
643
644
644
972
647
647
970
652
651
655
658
656
655
657
656
657
658
988
661
662
663
663
664
665
666
981
668
669
671
671
672
979
674
685
677
678
679
679
688
683
682
683
684
687
687
689
688
690
691
691
985
693
694
696
697
698
698
973
700
701
703
703
704
975
706
707
709
710
711
711
985
714
715
716
716
725
719
720
721
721
729
725
728
727
728
731
729
730
730
731
976
738
734
735
737
737
739
740
741
742
742
753
746
745
746
751
748
749
750
751
754
755
754
755
980
757
763
759
760
762
762
763
982
765
766
767
768
770
771
772
772
778
774
775
777
777
778
970
781
782
783
783
784
788
786
789
791
789
791
792
792
977
798
796
800
802
798
805
800
802
804
803
804
805
979
808
809
810
810
847
812
813
814
815
816
817
818
844
820
822
822
845
824
825
846
827
829
829
831
831
843
833
839
835
836
838
838
839
847
841
842
845
849
848
855
852
850
854
853
852
854
853
855
856
856
983
858
862
860
861
865
866
864
867
869
867
869
870
870
871
875
873
876
878
876
878
879
879
882
883
884
883
884
996
887
888
889
889
896
891
892
900
896
899
898
899
902
900
901
901
902
989
904
905
907
908
909
909
912
913
914
913
914
953
916
917
919
919
920
950
951
923
924
926
926
927
940
929
930
936
932
933
935
935
936
943
938
939
940
944
942
945
947
945
947
948
948
952
955
954
961
958
956
960
959
958
960
959
961
962
962
972
964
966
967
968
968
991
995
977
990
973
978
975
976
986
982
981
984
993
987
984
987
986
989
992
991
992
990
997
993
994
994
995
998
997
998
-1
