598
548
554
529
630
623
675
886
697
742
538
685
910
535
545
602
751
706
687
642
643
528
564
851
686
789
767
764
543
856
518
525
536
691
771
746
663
617
683
781
715
574
706
625
604
971
548
588
741
565
681
567
504
612
558
599
509
946
816
555
541
911
514
808
521
556
641
688
573
607
739
540
659
873
860
532
570
606
855
637
609
895
605
507
728
516
503
737
533
892
695
908
648
762
641
631
510
726
735
684
655
561
730
715
579
566
584
944
843
753
575
568
777
637
672
671
652
697
524
646
728
796
685
714
511
501
608
652
546
871
861
716
782
585
575
840
559
502
579
829
683
799
675
504
619
555
583
567
907
670
644
803
649
629
893
915
631
717
632
600
571
560
812
551
501
639
531
624
791
509
532
559
731
810
590
604
557
719
836
540
760
749
813
834
775
506
817
520
538
613
512
523
704
898
804
505
645
636
586
593
577
667
643
876
785
531
542
526
748
587
722
525
616
722
756
549
925
647
520
505
865
790
511
662
795
578
597
507
612
580
572
502
640
751
629
556
702
517
711
582
594
658
765
572
692
670
530
960
802
592
797
661
534
616
625
815
618
696
533
522
656
698
681
527
769
607
791
577
668
701
544
870
838
590
916
889
673
546
740
759
663
676
648
601
545
622
552
633
514
578
609
539
923
792
810
528
727
508
566
539
526
854
638
674
693
787
594
606
512
605
635
752
620
552
815
806
803
516
508
863
818
564
736
822
647
550
714
717
601
816
583
901
543
761
772
621
963
666
513
534
665
686
563
731
832
908
881
948
809
603
523
598
709
624
510
693
665
704
723
688
537
515
549
591
500
794
852
518
535
842
730
729
787
524
562
650
777
551
500
698
553
677
732
522
710
656
718
664
592
723
558
750
586
684
690
754
802
544
821
775
711
767
653
521
602
568
828
974
776
547
574
651
689
614
569
628
679
718
537
682
595
833
873
565
753
905
707
571
530
782
700
561
820
703
701
664
563
614
587
699
576
593
640
613
689
517
595
695
712
636
727
854
708
882
756
737
721
720
527
576
668
814
819
557
519
653
599
519
542
672
547
635
611
529
826
657
801
680
581
608
654
554
596
906
541
783
687
735
506
513
550
733
584
623
773
503
536
788
662
603
694
649
515
642
669
736
573
733
562
591
781
937
581
580
615
658
825
585
823
611
570
696
826
741
770
700
691
589
745
588
940
582
634
619
884
569
708
872
732
644
621
831
553
784
560
811
740
622
618
626
654
874
724
617
807
755
699
780
634
786
768
784
768
798
830
748
676
926
739
755
657
589
615
758
774
620
627
734
645
597
596
853
969
660
638
827
877
764
632
807
720
610
757
610
692
829
630
673
600
690
626
627
650
726
776
628
633
725
651
964
759
907
659
747
878
702
660
678
871
646
921
744
800
828
778
774
712
939
738
742
865
682
754
779
859
750
833
669
639
661
667
797
743
724
703
671
801
765
743
678
666
792
847
655
822
896
863
798
763
680
677
744
783
746
762
679
674
862
788
710
694
729
705
705
835
935
857
914
851
820
719
752
713
745
709
799
886
955
857
832
883
734
809
789
707
713
840
813
806
725
861
794
818
949
875
771
836
747
757
830
844
772
855
721
716
749
738
761
758
770
793
766
868
927
845
909
827
874
978
778
891
773
879
911
824
812
918
760
780
811
763
769
852
841
915
843
837
899
796
766
880
853
894
870
890
839
814
824
942
847
892
837
929
878
779
786
924
895
817
795
846
785
919
825
933
913
856
867
965
804
790
821
850
844
864
800
897
793
819
846
831
805
835
885
808
975
904
805
900
867
899
884
849
905
869
858
823
848
858
876
914
952
926
842
902
859
941
834
955
925
838
839
949
923
848
849
898
900
916
910
845
960
904
872
896
850
841
954
860
875
866
891
862
882
894
864
902
946
953
897
885
931
869
963
868
890
952
883
942
880
961
924
920
866
933
903
877
922
887
921
937
920
912
931
881
879
912
888
888
887
951
919
943
929
889
901
934
968
909
893
932
906
961
968
950
903
947
918
944
917
913
965
930
939
938
959
940
974
948
934
966
941
988
928
945
989
917
928
932
922
936
986
977
954
927
988
930
982
975
943
936
956
938
958
935
962
953
951
970
945
967
956
947
966
957
958
969
967
950
962
970
987
957
973
964
980
995
959
971
976
986
997
972
978
994
984
981
981
980
979
972
973
983
983
976
977
985
979
982
989
984
985
992
990
991
987
990
997
993
992
991
993
996
994
995
996
998
998
-1
