721
673
603
956
542
682
641
715
668
509
719
804
615
548
699
506
653
691
536
610
650
507
591
724
587
515
779
834
566
551
542
540
503
790
748
725
659
558
747
506
579
739
928
613
539
715
763
554
767
677
662
718
787
790
629
819
636
621
526
779
788
598
736
809
838
525
500
750
537
663
868
616
724
591
612
618
620
762
551
705
936
638
578
604
651
958
798
781
527
667
661
525
508
841
736
547
530
644
555
771
879
543
665
782
848
802
505
716
708
597
657
587
842
767
513
688
735
612
824
722
593
698
814
731
584
622
537
649
619
556
643
545
760
644
554
634
662
648
511
822
796
903
556
652
577
519
595
511
654
576
515
858
900
817
751
550
526
944
684
527
521
744
753
646
571
574
529
695
601
742
514
769
809
900
516
773
501
802
816
639
675
654
569
553
660
757
710
592
549
604
524
694
867
702
559
647
672
628
586
703
502
628
503
851
634
502
678
720
510
627
764
905
722
884
732
723
597
523
645
720
557
631
633
579
626
555
520
834
605
608
748
671
707
568
705
717
625
560
758
618
557
860
658
617
546
518
640
567
789
547
892
741
729
519
504
800
729
820
747
619
692
566
535
611
513
626
514
742
517
974
642
562
532
811
534
576
624
585
854
754
530
713
697
850
745
793
559
601
693
723
531
980
773
872
552
772
596
512
600
935
763
794
892
583
592
770
696
546
775
844
512
711
645
600
686
614
572
666
539
858
906
507
918
659
538
656
673
544
509
575
567
660
593
778
517
799
843
711
844
594
541
700
746
824
599
528
812
801
755
826
531
549
606
893
524
588
606
825
689
637
701
949
663
679
631
728
857
799
609
613
760
521
721
712
623
706
596
910
532
761
861
731
529
718
709
738
558
714
909
734
565
536
875
843
516
563
535
561
534
599
562
538
696
642
752
577
939
734
548
584
899
621
766
501
668
803
815
602
890
573
708
859
703
635
702
810
652
518
581
580
574
575
792
819
688
880
657
630
564
733
543
664
640
636
508
541
540
714
864
685
716
641
771
808
754
783
686
709
553
533
777
752
849
582
533
528
756
505
691
570
589
839
565
594
665
573
632
629
563
832
805
730
643
510
669
735
504
611
707
607
589
685
726
624
743
700
570
632
500
590
522
523
674
658
608
552
781
765
520
684
853
615
816
560
522
544
583
569
680
630
578
710
568
603
649
614
784
617
561
667
679
701
651
550
706
683
775
677
545
842
738
664
571
607
595
564
690
620
774
581
671
580
635
712
616
639
582
717
598
588
590
689
871
759
572
585
864
676
633
602
625
867
932
609
749
666
681
795
725
830
733
704
804
586
837
697
788
840
647
680
648
860
650
670
778
674
906
605
693
756
726
820
855
692
653
772
638
610
627
623
817
732
872
768
741
764
622
670
854
704
857
770
637
681
895
873
699
678
813
682
646
989
746
829
755
757
656
690
676
655
675
807
776
661
695
810
931
818
743
908
687
687
698
865
655
783
740
727
805
669
694
753
812
740
832
750
904
737
672
797
904
838
683
728
727
826
789
823
737
818
855
785
862
758
899
751
865
786
836
898
719
938
796
784
884
749
859
888
761
815
856
786
833
856
890
794
803
713
828
846
800
877
874
911
780
792
917
730
831
765
808
782
774
776
827
831
837
785
768
766
744
769
830
914
762
907
811
902
739
806
868
933
839
807
745
852
936
835
793
759
914
840
876
902
870
829
849
879
833
947
847
795
851
845
871
791
848
969
806
791
813
861
777
873
787
981
866
888
825
780
797
908
869
846
923
887
924
798
801
845
852
919
897
876
931
814
961
836
960
925
886
986
972
869
941
935
835
974
850
863
877
880
821
822
847
821
905
823
866
874
897
827
925
828
970
895
841
863
921
950
882
886
882
894
881
929
937
933
939
891
878
881
934
878
915
875
862
923
954
891
853
870
975
889
898
963
887
943
901
885
955
955
950
924
969
911
954
952
913
893
930
941
909
922
896
889
943
915
926
894
907
883
883
919
885
953
901
961
949
913
927
910
967
896
903
918
920
917
957
912
922
951
944
952
920
934
965
912
957
916
932
921
942
940
942
916
940
958
959
964
946
928
984
926
927
929
977
937
948
930
945
945
971
938
947
973
953
966
977
948
966
983
979
982
951
946
956
963
982
989
962
976
962
959
979
964
972
995
960
987
967
965
968
993
968
980
970
971
981
973
986
975
978
994
985
976
990
978
985
997
992
984
983
990
987
988
992
988
991
991
994
993
996
995
997
996
998
998
-1
