587
664
606
817
540
768
560
776
527
975
703
573
513
514
705
770
584
730
553
859
769
691
896
579
524
740
582
599
956
505
636
974
565
744
693
652
520
576
856
752
697
646
694
598
772
935
630
937
854
826
521
595
742
522
660
683
565
604
547
567
895
767
577
548
583
580
631
749
517
717
962
519
536
518
618
507
731
716
918
864
799
685
745
979
682
571
529
535
515
679
528
898
710
755
900
569
984
590
605
932
572
746
686
541
562
589
596
514
688
874
536
657
763
751
764
559
737
709
537
660
505
533
501
600
743
619
704
732
840
864
521
563
579
574
623
502
544
555
606
620
624
591
506
654
948
612
581
680
824
588
576
759
586
831
717
894
588
547
509
832
644
558
671
511
592
784
575
632
878
701
813
687
719
614
747
738
668
533
765
621
622
692
781
538
612
721
700
530
610
553
844
581
562
650
720
573
530
746
713
791
785
534
951
602
526
566
519
523
508
512
578
539
829
550
647
800
561
502
706
667
669
637
551
567
555
522
760
504
748
733
812
602
651
629
610
542
795
640
850
652
636
753
549
508
692
557
841
667
646
583
548
532
503
504
675
647
650
630
571
942
552
629
663
575
517
560
696
657
816
564
743
628
653
535
524
574
568
569
661
528
786
600
712
550
783
500
545
633
622
710
599
564
642
607
793
775
586
832
605
525
625
774
603
676
721
516
702
775
516
594
919
674
834
727
512
617
873
596
771
824
568
809
515
628
563
534
938
578
527
880
910
540
634
503
570
742
831
759
698
525
779
544
608
950
613
513
674
699
714
543
539
750
595
616
545
641
665
658
689
520
531
604
730
738
810
501
762
554
537
580
770
639
789
511
874
616
615
659
609
638
787
582
855
541
609
715
592
690
542
668
714
526
589
518
726
755
957
637
695
556
706
666
523
826
923
558
557
627
921
686
659
901
614
713
861
690
655
849
805
676
866
725
704
543
870
890
731
726
758
675
716
649
778
509
529
546
554
857
506
510
613
572
794
585
677
688
735
758
957
822
593
670
801
623
500
532
708
643
632
756
696
618
734
510
656
811
927
593
601
566
685
814
908
551
800
764
672
681
693
598
507
556
531
603
889
944
819
828
708
546
782
624
797
678
597
601
570
640
754
620
611
672
750
816
834
807
635
648
901
591
559
626
619
855
912
752
757
644
895
812
835
745
786
538
625
656
665
643
627
705
796
549
661
680
673
597
811
798
641
723
662
806
820
691
821
654
658
741
751
552
648
608
561
711
615
587
760
645
653
910
863
590
585
720
577
664
626
584
663
773
631
638
707
655
882
649
740
695
837
771
790
594
678
847
651
699
790
906
633
727
741
929
639
854
707
689
728
928
671
611
617
879
645
607
669
719
682
819
687
733
635
621
909
781
683
728
911
792
841
907
642
791
677
783
856
804
666
748
729
737
712
698
634
934
722
779
694
739
673
846
884
715
711
818
842
701
774
798
872
684
754
769
802
885
662
851
702
697
845
724
735
724
718
839
766
744
684
681
917
670
852
936
777
722
700
679
876
823
833
850
725
815
933
780
767
927
777
729
766
718
963
736
768
829
836
703
763
788
793
808
776
796
709
756
723
865
734
753
787
792
794
869
749
773
732
765
825
877
739
851
761
747
893
801
782
845
857
840
799
903
736
843
859
843
762
930
761
806
914
788
802
785
958
804
844
916
846
772
778
780
903
757
813
795
797
868
827
886
924
833
838
808
810
875
931
876
914
809
871
803
835
853
948
858
947
847
830
880
913
815
825
875
803
784
919
827
853
945
789
896
885
897
830
820
891
818
865
805
823
817
807
911
973
954
814
954
860
828
822
821
842
867
839
960
889
867
837
886
905
882
863
878
848
836
883
892
887
858
897
888
916
971
906
904
926
838
852
888
980
849
883
915
873
848
918
947
869
862
879
861
881
862
887
872
860
868
866
899
894
902
877
870
920
881
890
943
900
925
899
964
871
926
884
940
922
978
907
892
920
909
921
928
915
904
902
924
935
933
966
891
898
992
893
913
955
976
939
960
905
908
923
930
949
937
943
938
917
925
941
932
912
973
946
983
963
940
922
971
964
934
952
959
929
942
939
969
931
953
941
953
952
958
976
959
970
936
944
946
968
955
951
950
977
945
961
949
969
982
981
981
990
965
965
970
956
972
988
978
961
962
967
968
966
988
967
972
983
989
990
974
979
975
984
982
994
985
977
987
986
980
991
993
997
986
985
989
987
993
991
995
997
992
996
994
995
996
998
998
-1
