508
749
514
893
760
512
770
703
728
683
668
664
510
685
530
528
515
752
841
800
626
714
510
633
516
578
528
553
546
773
568
739
640
653
523
537
660
709
912
713
563
637
765
570
772
821
540
646
552
709
842
604
701
654
924
533
575
600
661
619
739
583
561
725
734
899
632
681
807
609
798
524
706
707
823
572
750
560
508
641
611
559
689
713
577
536
509
774
541
573
786
648
889
960
733
545
612
668
570
599
524
613
678
551
500
550
569
542
692
634
620
614
592
549
837
576
944
584
678
688
797
776
607
818
571
549
579
605
760
687
598
518
534
610
801
505
802
780
533
680
882
722
766
535
564
555
688
557
625
567
705
617
827
655
617
675
982
603
840
624
585
519
521
825
672
735
577
565
675
554
779
548
586
830
795
948
564
598
629
559
674
646
580
707
868
565
889
610
680
623
560
502
712
611
742
738
544
721
796
511
790
672
578
787
754
764
590
635
655
572
608
620
634
691
579
956
673
514
748
710
658
526
502
511
899
569
576
752
562
543
838
625
719
630
898
842
670
861
644
685
858
527
808
554
762
509
593
829
506
805
520
662
851
701
581
641
503
652
604
599
702
694
750
905
529
935
557
593
664
531
548
629
811
887
665
583
743
520
694
515
686
627
518
612
591
582
673
811
622
769
506
726
504
566
677
686
561
867
649
545
745
544
753
588
609
540
642
575
539
613
585
628
719
710
737
505
517
684
689
753
858
553
783
792
588
716
779
841
915
812
543
600
652
687
623
541
582
531
761
581
525
980
695
754
704
849
813
762
633
656
587
529
532
647
822
638
571
847
800
793
931
615
550
580
532
723
590
539
758
601
563
601
547
817
746
667
696
547
526
715
624
677
503
519
911
682
679
504
748
734
513
897
684
538
602
647
920
940
631
691
542
657
917
643
614
854
586
683
657
616
644
507
876
892
776
650
785
500
501
595
992
746
843
784
558
627
501
523
872
628
594
527
535
824
789
808
574
836
759
704
551
660
711
605
562
615
729
552
766
555
799
521
645
513
788
758
700
537
556
567
833
512
607
727
768
708
640
556
954
663
507
546
522
516
771
558
671
630
654
721
711
517
736
639
863
534
649
717
566
913
698
597
589
606
621
881
791
573
525
584
658
728
667
638
907
530
538
732
715
536
522
695
650
845
720
895
603
616
608
904
697
591
642
702
596
597
806
621
606
568
926
636
835
735
934
587
679
756
768
724
712
815
574
929
787
596
871
670
589
865
656
696
661
761
747
651
653
740
793
767
717
950
669
693
870
594
622
637
803
592
651
706
618
803
941
699
708
648
602
834
745
729
595
778
757
619
911
632
631
807
820
875
825
635
781
666
804
636
690
692
697
639
784
663
618
662
751
742
813
705
919
875
782
676
699
765
700
714
722
626
718
645
897
741
671
819
731
822
759
780
794
665
820
755
643
725
846
783
781
744
848
659
666
773
796
918
703
659
821
853
720
731
847
885
763
674
682
669
806
716
763
690
698
676
786
732
865
737
681
923
850
878
925
970
905
810
844
764
788
823
740
834
730
751
723
693
772
747
724
961
769
738
809
877
775
727
815
757
810
831
741
730
833
756
849
857
812
892
718
744
749
736
774
883
827
848
860
733
785
782
726
767
914
838
852
900
860
804
880
778
805
755
792
777
743
861
771
896
789
932
855
794
877
886
885
880
906
809
819
829
802
901
814
775
907
798
790
797
831
770
863
928
864
873
945
969
818
826
830
893
843
832
896
881
777
930
816
895
839
888
791
832
837
795
814
933
828
856
801
947
799
983
867
856
870
853
882
932
879
816
828
840
930
928
891
956
890
916
866
859
961
891
975
817
826
874
844
912
869
873
824
864
845
851
909
921
854
850
872
898
952
852
900
835
839
836
903
878
857
859
855
846
962
894
949
862
866
871
874
910
921
862
902
888
991
884
958
926
876
908
868
934
903
883
978
920
869
886
913
927
879
894
908
918
951
917
938
884
971
935
915
950
973
887
890
902
955
939
965
937
901
910
909
914
916
944
933
924
904
963
963
970
927
979
906
960
919
940
937
943
953
923
943
977
977
931
925
962
929
953
922
922
947
936
964
938
957
946
942
974
936
939
969
955
958
954
945
941
967
948
946
942
957
966
951
981
968
949
968
965
967
952
997
959
971
972
987
986
959
983
966
978
964
988
980
975
990
974
972
976
973
979
995
990
985
976
984
992
981
982
991
987
984
985
994
986
988
989
989
993
996
993
997
994
995
996
998
998
-1
