615
714
561
606
634
661
655
593
712
571
667
743
675
516
513
612
618
597
529
503
706
548
777
549
606
635
602
713
796
658
584
673
539
786
596
523
828
627
826
646
524
784
811
815
752
805
636
602
537
604
654
542
614
973
720
586
547
718
924
863
661
791
892
706
540
598
502
720
848
699
535
691
755
589
754
824
509
875
823
590
565
588
510
938
685
604
532
501
654
645
526
717
691
500
820
522
568
590
714
619
509
808
746
500
574
592
631
537
581
554
880
679
686
556
845
768
682
829
830
517
713
520
809
688
732
595
649
607
670
576
836
642
638
525
960
505
689
530
562
800
532
589
541
891
574
643
603
531
647
906
534
546
744
877
536
762
641
737
652
804
599
577
841
515
740
687
833
839
567
598
818
707
689
703
526
770
538
543
507
660
615
876
620
535
588
503
685
745
547
673
741
837
777
660
747
729
821
717
558
520
730
764
905
794
677
795
564
956
739
707
669
692
935
759
540
787
813
609
806
607
672
639
527
721
614
837
504
798
630
832
767
575
873
624
638
825
696
694
518
846
545
645
727
637
797
522
760
613
882
591
676
664
644
699
609
648
560
546
700
583
712
781
709
541
553
525
735
781
533
647
582
580
601
728
617
621
657
521
902
723
507
616
788
816
605
697
748
565
584
874
619
628
514
669
505
779
677
836
724
772
787
512
570
635
556
765
501
652
809
900
625
810
627
916
633
822
784
791
658
618
573
514
680
569
628
861
552
937
508
577
561
705
551
555
587
592
702
551
775
521
567
599
523
710
909
528
578
683
508
576
874
695
662
518
742
734
616
511
595
956
821
862
705
775
651
662
722
945
931
744
611
600
694
769
610
575
533
703
559
570
803
681
562
678
608
746
550
572
681
640
543
851
742
511
891
708
752
763
636
634
591
583
580
504
563
780
870
555
642
601
552
585
772
560
629
731
683
530
730
672
513
582
559
578
663
587
807
850
886
838
698
519
539
838
527
899
613
622
674
529
510
684
889
632
623
554
776
544
679
845
816
516
828
688
581
557
753
506
745
573
596
572
515
558
721
506
586
653
536
632
810
887
623
538
568
524
594
545
872
764
534
549
569
605
942
776
502
671
542
785
751
804
548
657
553
992
842
790
814
512
655
871
644
659
846
646
528
612
716
517
693
690
901
830
557
531
617
566
519
735
564
757
697
780
670
665
629
550
666
732
795
680
597
863
878
544
571
626
866
675
941
648
733
771
765
641
603
690
793
600
566
624
904
852
897
608
585
736
579
782
563
643
676
695
668
898
630
864
611
593
766
626
674
684
678
751
750
904
579
877
728
749
894
763
835
594
651
620
666
701
631
934
741
663
936
709
733
794
622
708
610
656
924
692
890
659
625
748
656
637
726
771
939
747
827
633
650
700
711
621
671
665
718
649
716
767
799
682
650
687
731
640
686
639
664
668
701
725
822
807
738
653
843
667
739
704
753
839
789
866
726
856
934
759
860
918
792
719
760
870
702
783
930
758
727
857
802
696
698
725
715
762
881
710
773
946
803
880
783
959
826
792
719
715
796
869
831
734
808
793
790
693
948
711
832
789
704
724
756
875
749
736
769
773
755
750
817
912
722
907
814
823
743
829
729
782
740
977
858
969
737
766
723
831
858
754
840
779
774
920
849
761
841
894
786
896
825
738
774
785
778
926
890
922
913
834
758
935
955
770
872
895
827
756
813
761
757
768
819
805
818
778
848
854
801
898
893
819
844
867
868
797
801
800
812
905
886
815
811
806
798
833
788
908
844
849
884
859
820
940
966
799
864
951
899
817
865
918
812
835
802
939
842
932
860
871
856
915
950
843
913
855
853
916
859
901
903
861
834
824
910
840
883
865
852
917
925
857
917
868
976
962
919
854
921
888
853
869
851
847
847
850
906
878
943
888
949
855
867
881
914
900
915
879
903
885
980
959
862
957
947
988
994
876
885
909
873
887
919
933
879
897
892
927
953
882
902
981
967
920
925
884
883
896
907
889
923
893
908
921
954
942
911
895
928
949
971
940
910
914
912
948
927
911
923
928
973
929
955
972
951
932
922
958
938
936
930
966
933
952
961
944
931
945
926
929
970
964
950
944
974
954
961
957
964
946
937
962
952
943
941
972
991
970
953
958
947
976
979
975
981
963
969
965
975
974
960
983
963
982
980
983
968
968
965
967
979
971
993
978
984
993
992
977
978
984
987
989
988
987
986
982
985
986
985
990
989
991
996
990
996
994
995
998
995
997
997
998
-1
