615
552
667
591
540
803
526
900
566
739
643
624
673
741
824
747
613
547
691
876
704
536
854
778
729
959
523
965
530
784
563
613
503
755
546
546
536
676
785
691
612
685
885
514
711
649
830
614
630
560
534
574
576
626
612
727
692
746
753
877
730
941
702
513
709
577
525
865
768
846
664
631
520
908
738
607
592
826
585
826
537
755
765
685
692
732
823
833
586
535
500
878
666
636
502
658
531
587
668
655
734
766
599
654
800
852
853
568
703
890
723
529
541
721
805
518
568
908
515
610
718
736
506
614
737
600
760
791
505
635
845
557
660
684
596
649
554
856
517
643
829
581
646
889
837
551
738
715
843
659
593
624
616
548
646
595
724
657
817
609
722
509
882
630
681
617
897
591
677
868
528
512
633
809
640
522
819
600
550
669
565
781
735
529
674
652
525
583
606
873
686
541
553
656
686
827
725
694
542
621
672
716
671
926
786
702
787
577
684
626
788
622
668
644
907
822
558
872
601
667
570
578
504
573
501
582
565
636
562
642
505
633
801
869
504
543
602
701
567
527
519
825
834
693
824
634
622
662
903
666
722
615
770
697
605
720
768
526
659
557
927
559
777
795
594
641
641
766
569
550
538
860
635
508
592
867
831
575
532
561
777
509
750
625
551
554
619
538
884
783
501
539
560
650
688
651
690
625
790
661
510
595
588
559
586
678
549
516
531
974
508
518
590
584
642
517
757
717
693
639
772
594
789
556
792
699
726
799
623
769
608
696
698
572
743
545
571
583
743
585
623
608
539
662
658
650
654
652
762
953
532
683
513
752
530
716
710
535
627
699
712
759
836
555
930
838
756
562
796
639
689
527
561
533
669
588
632
580
620
547
503
578
709
739
604
676
721
597
506
911
628
677
510
523
511
663
782
819
717
567
651
549
889
898
751
710
761
584
645
573
887
634
609
870
778
606
621
589
569
500
736
519
552
628
572
537
704
797
544
511
548
590
516
570
520
544
681
820
616
563
611
617
719
718
749
571
767
765
769
620
564
580
784
679
849
637
574
782
781
512
556
700
789
522
582
695
752
607
566
832
601
507
674
524
596
836
648
705
619
665
745
731
515
754
927
564
728
631
947
673
540
972
847
555
835
807
640
579
502
507
786
644
521
593
850
737
533
558
589
521
543
514
610
524
528
653
726
534
841
598
857
733
732
714
545
653
764
661
690
701
852
683
806
542
576
597
775
731
867
605
627
670
761
874
647
923
553
663
740
680
618
708
720
587
611
952
751
581
698
604
629
762
579
733
618
599
955
742
575
876
771
647
682
695
602
963
857
645
727
598
842
810
763
703
735
713
906
632
895
871
603
862
750
885
756
748
629
671
603
749
638
754
773
725
719
861
638
839
637
664
675
806
883
802
687
682
689
706
793
787
728
759
680
648
655
770
779
694
804
734
700
864
790
907
660
764
757
656
665
840
862
657
803
810
874
838
688
730
912
799
882
813
672
713
901
844
696
670
705
846
675
724
878
678
843
817
941
828
933
829
773
715
774
780
679
712
903
744
714
711
932
697
893
929
687
848
822
858
816
833
861
707
707
875
930
802
747
812
706
785
807
744
760
795
758
827
776
708
798
873
793
886
772
823
763
729
723
840
748
818
910
891
741
816
753
794
831
776
911
830
745
774
951
815
775
740
758
746
742
805
800
917
794
858
821
917
884
812
811
987
767
791
809
841
853
859
938
835
892
928
896
797
771
811
813
902
922
804
796
779
855
924
808
849
815
798
783
919
780
834
900
837
801
792
899
954
923
788
820
943
818
893
814
970
825
845
944
915
842
918
808
868
863
844
860
915
866
913
847
856
814
896
821
880
828
865
898
906
887
879
851
888
985
850
839
891
935
864
877
883
832
993
855
870
875
986
851
848
894
902
859
937
901
981
854
880
964
888
904
918
912
879
928
871
977
863
934
909
994
978
940
914
866
909
890
869
973
916
920
922
872
956
933
881
944
966
881
916
892
950
905
949
953
886
905
977
894
925
925
948
935
931
895
945
946
897
899
910
961
904
920
951
913
921
961
962
932
946
919
942
914
955
926
938
936
921
939
952
971
939
989
957
924
931
937
934
929
942
968
936
940
973
945
965
950
954
963
970
959
976
949
943
975
967
947
962
990
948
958
957
960
968
960
972
956
958
986
988
996
967
966
969
969
964
981
971
979
982
978
983
975
991
974
976
983
980
984
979
988
980
990
982
984
993
985
989
987
995
991
992
992
994
997
995
996
998
997
998
-1
