507
824
522
600
615
619
726
874
581
625
516
751
770
580
737
865
549
595
535
532
877
761
678
800
698
914
795
563
608
852
649
598
552
604
663
649
850
746
526
925
620
544
551
577
776
720
646
559
515
575
510
582
515
850
853
567
870
543
622
561
662
689
648
743
896
802
834
576
611
827
573
842
597
518
681
562
507
528
669
668
817
631
644
690
528
537
732
854
936
844
566
609
578
776
710
506
714
676
564
657
852
555
687
531
881
786
533
815
540
641
651
876
729
638
529
514
729
645
585
556
596
814
764
647
702
627
868
876
864
564
504
524
771
819
628
851
688
670
709
526
825
784
837
536
694
639
521
935
796
500
571
636
786
694
804
754
797
821
501
782
628
513
512
675
620
613
568
511
830
617
652
588
627
811
618
691
839
701
548
870
736
572
565
737
508
605
805
634
527
619
897
853
557
827
899
899
718
710
953
699
682
560
501
555
606
549
659
898
787
537
574
554
695
568
624
626
522
546
713
632
855
588
553
703
632
643
523
721
612
690
841
621
622
531
689
799
917
707
933
752
543
933
861
704
724
700
768
751
637
582
645
661
553
671
605
511
517
643
602
809
600
599
766
644
523
846
611
722
545
503
510
554
654
790
702
715
597
589
680
767
530
723
547
746
585
569
810
742
772
541
509
504
579
593
592
696
760
566
603
672
614
610
673
573
604
518
722
607
740
730
601
862
650
552
547
716
514
683
657
569
866
621
736
719
533
756
595
556
538
557
558
513
538
642
717
500
777
540
947
704
664
565
594
716
757
748
857
577
502
659
587
598
584
521
681
685
542
640
701
706
575
774
792
660
505
539
539
773
665
813
630
519
571
532
574
673
711
816
676
527
607
688
576
739
594
636
581
647
623
802
635
861
646
545
520
601
656
843
544
580
548
517
789
664
878
583
788
587
502
603
792
658
679
758
570
653
824
506
634
808
503
520
706
525
816
672
609
633
759
625
902
563
891
658
720
534
626
652
579
650
912
509
529
516
617
551
637
765
615
793
542
820
535
844
711
693
916
610
589
677
524
612
558
973
919
614
525
656
534
550
638
868
631
616
740
505
674
696
629
546
583
586
707
735
686
753
630
721
678
512
738
519
679
763
530
591
713
559
584
897
508
593
560
743
785
733
602
616
747
750
606
572
781
793
804
692
731
599
803
541
624
875
669
954
692
613
586
550
920
635
966
536
691
608
773
705
745
670
642
806
567
879
744
639
830
755
880
697
561
693
648
570
578
562
770
728
623
772
685
677
684
655
768
596
590
753
671
674
788
660
728
667
805
629
734
831
756
590
591
592
738
750
761
663
727
675
651
699
764
666
667
794
741
837
718
684
665
654
742
734
801
923
779
709
880
820
822
769
775
937
895
757
682
808
744
823
666
618
943
640
904
732
769
752
661
869
754
668
907
777
633
705
774
641
697
856
929
687
763
812
889
731
698
708
739
845
655
797
712
749
780
653
703
778
911
715
719
841
662
733
726
683
762
725
913
784
741
765
700
908
712
892
680
686
723
849
908
960
893
848
771
890
898
867
819
695
932
888
840
798
961
828
745
727
708
801
762
714
886
829
799
766
780
811
815
886
767
835
724
836
735
854
781
859
717
775
818
840
730
883
725
779
748
749
851
809
987
800
878
789
847
747
928
782
759
905
783
778
938
942
877
904
826
922
783
921
760
934
922
794
795
755
958
934
758
955
883
823
855
848
836
912
791
798
845
834
810
829
858
791
881
817
828
925
831
790
806
826
785
874
812
833
838
787
872
863
814
879
882
796
846
807
821
967
807
843
825
803
895
941
940
839
859
906
916
813
961
927
838
890
818
862
948
885
864
930
833
832
822
900
835
872
975
849
891
856
927
832
894
871
858
842
847
888
945
944
955
869
865
860
887
871
930
882
860
957
965
971
903
863
894
884
920
929
875
939
857
956
952
909
901
956
867
866
903
962
873
873
919
889
924
906
970
928
918
892
884
885
943
896
915
949
977
940
963
887
963
907
901
911
893
957
951
918
921
905
900
931
902
938
950
914
910
910
954
915
978
909
990
913
926
917
924
939
946
935
936
926
923
995
947
931
959
932
941
960
976
974
937
974
951
983
948
942
953
972
952
984
944
978
945
964
967
964
949
946
950
981
962
990
973
992
968
959
987
975
985
958
981
966
969
965
970
968
972
980
971
989
969
982
983
979
977
976
979
984
992
980
986
986
982
991
988
995
985
988
989
991
993
996
993
994
994
997
996
997
998
998
-1
