684
555
944
697
778
718
512
518
605
903
800
666
815
574
695
794
523
622
779
609
907
546
687
586
738
952
523
753
644
549
825
606
581
627
812
587
805
602
601
651
681
740
686
728
613
539
535
630
524
710
571
631
707
620
626
584
707
502
638
776
527
824
803
700
681
813
732
787
525
584
740
799
501
507
624
783
517
560
709
670
705
645
597
628
609
615
844
547
556
809
820
678
897
661
735
501
569
861
789
942
565
558
537
512
843
578
747
615
619
739
751
771
710
874
711
591
563
594
594
661
604
578
656
886
611
811
781
525
602
898
806
692
747
551
852
653
668
516
840
510
780
777
533
529
727
518
651
590
522
765
848
554
766
775
689
864
503
696
836
818
916
622
552
669
723
559
616
505
744
617
654
866
858
739
504
568
583
598
753
570
513
937
579
961
558
774
704
884
826
641
762
630
567
509
663
920
687
623
596
520
689
894
568
635
763
562
816
649
566
608
625
516
927
708
527
719
673
872
877
559
804
587
744
507
716
628
683
548
545
530
695
593
504
536
514
730
722
879
612
672
664
736
643
500
668
521
538
746
637
770
648
883
933
774
563
655
531
553
708
541
803
647
577
589
865
824
737
642
528
646
597
560
790
811
565
547
515
636
625
517
500
930
544
769
735
562
629
867
601
631
534
542
513
779
566
675
589
659
556
573
868
784
813
544
750
955
519
633
535
761
573
505
657
769
715
771
715
639
521
731
901
632
792
572
634
703
595
816
548
663
667
546
526
688
543
610
650
732
506
580
552
541
660
511
570
729
657
649
700
545
670
725
531
583
734
713
604
917
599
780
576
603
891
532
726
662
579
608
785
510
539
799
581
835
722
624
592
725
691
648
685
543
524
853
550
509
660
542
540
919
522
580
590
764
530
607
508
633
679
674
503
904
819
757
567
593
768
719
582
586
540
652
758
671
767
634
954
706
665
536
637
683
519
804
534
846
693
692
988
643
731
614
575
642
662
834
849
576
557
596
645
912
671
621
610
551
588
655
627
817
621
760
508
760
592
745
603
885
506
840
515
614
678
737
858
688
682
736
870
743
629
582
801
646
549
600
790
623
561
768
640
765
665
875
514
836
773
640
729
532
841
533
595
606
793
617
529
658
605
620
528
502
776
557
511
553
718
746
561
705
572
554
853
906
686
526
520
894
577
664
555
798
591
876
745
611
537
786
794
672
669
569
682
702
538
673
778
550
860
588
599
848
859
979
752
574
618
762
680
697
919
676
838
571
635
585
564
721
702
911
564
730
738
654
699
781
829
696
821
797
742
914
575
652
613
693
883
741
701
755
754
618
658
846
585
764
607
639
827
815
818
975
889
612
600
598
619
632
616
685
724
626
690
828
676
644
872
733
833
684
656
728
782
666
636
641
698
721
674
759
784
647
806
694
713
888
812
711
842
938
638
734
698
763
717
947
793
887
825
810
724
954
834
714
675
755
691
677
855
650
653
961
733
770
709
720
694
659
717
720
791
667
712
789
902
679
831
677
690
754
828
743
861
807
756
680
748
716
714
699
723
704
810
701
856
847
890
980
874
703
987
712
856
914
742
787
932
851
821
756
772
895
706
791
751
843
820
833
960
726
865
758
798
839
757
817
900
827
795
767
795
783
977
847
727
864
808
749
801
895
741
906
808
748
885
838
802
775
814
749
915
835
910
930
752
814
854
844
772
750
761
785
823
777
782
788
862
759
873
766
931
973
823
822
773
807
797
800
888
786
898
857
837
819
796
866
862
863
830
845
867
925
788
921
845
881
796
792
925
841
953
805
830
869
868
863
802
912
822
896
869
884
905
831
923
809
899
842
897
855
893
860
832
908
837
829
972
890
975
892
826
859
854
909
905
892
896
871
832
839
876
889
875
934
971
850
879
851
880
850
957
849
852
922
926
857
981
871
963
918
880
945
916
920
935
870
886
902
956
878
882
911
928
887
881
922
924
949
873
877
985
882
946
921
891
878
900
928
907
908
899
936
994
955
949
901
893
904
924
947
931
982
909
917
926
974
903
913
915
943
940
977
939
910
939
918
943
936
913
951
937
968
952
923
951
933
929
945
959
950
929
950
942
927
935
941
938
932
960
965
964
958
934
946
948
968
982
966
940
941
969
948
976
944
963
957
959
953
969
958
964
980
985
967
988
956
974
962
965
966
978
962
992
970
987
967
976
986
970
972
971
973
981
979
978
983
994
984
983
986
996
996
993
984
989
990
989
992
991
990
991
993
995
995
998
997
997
998
-1
