555
590
815
872
756
686
843
735
564
655
606
583
733
579
805
546
542
654
590
712
624
563
576
544
566
513
615
600
505
535
709
501
610
604
832
553
738
748
640
683
531
554
740
658
929
697
536
696
508
523
677
514
650
714
500
706
644
575
648
621
626
538
669
666
593
591
700
614
629
721
572
618
515
967
830
520
818
538
694
522
543
793
862
777
907
845
892
766
562
823
743
521
642
518
500
564
709
581
648
886
684
598
532
956
678
674
524
794
710
702
667
775
768
757
870
505
617
597
606
531
962
556
975
894
693
522
883
760
833
507
814
545
620
685
534
502
691
756
658
631
813
827
840
559
557
548
638
668
856
528
556
611
804
672
722
711
662
558
705
568
729
533
680
580
554
541
719
534
860
776
578
652
644
501
656
515
585
603
597
913
858
628
533
527
584
517
838
794
836
641
685
577
587
621
645
632
663
520
525
702
821
796
774
795
871
509
767
688
781
655
716
665
541
786
506
797
595
633
962
547
780
837
552
540
888
527
512
727
801
739
555
875
518
616
586
670
507
713
708
596
731
834
820
589
728
588
535
817
896
542
539
696
679
908
842
762
679
608
647
676
769
682
620
867
724
671
705
889
651
512
751
511
690
581
849
577
614
639
729
575
672
560
801
673
706
667
558
540
582
681
718
537
642
793
747
504
699
565
549
740
524
735
653
878
744
731
665
574
675
703
784
787
528
861
552
549
771
595
516
733
755
573
565
820
824
605
561
514
627
863
682
596
852
593
633
532
529
967
643
592
726
666
687
636
748
764
604
546
724
874
509
598
550
526
840
770
676
521
643
645
580
703
607
660
543
668
713
732
519
678
646
851
609
759
591
526
742
800
636
647
613
553
568
561
917
776
947
608
584
602
747
566
583
814
877
506
570
600
701
848
785
586
700
900
503
622
613
787
569
563
599
545
623
808
551
893
571
883
659
570
601
772
579
629
562
517
530
886
603
693
547
619
691
723
664
752
571
559
609
503
891
945
727
660
810
758
529
902
766
502
594
934
730
513
823
698
692
926
574
637
508
536
711
651
846
511
673
784
592
742
519
736
544
637
765
632
539
582
589
839
669
874
698
770
623
659
560
599
803
510
635
734
615
510
504
764
782
750
572
523
763
585
755
695
788
516
638
937
653
537
771
573
721
656
704
607
657
525
657
567
634
530
548
661
588
689
726
611
550
692
569
605
576
752
661
759
779
898
601
876
701
567
619
578
627
663
628
979
551
717
649
612
557
873
631
650
704
699
860
749
941
915
819
587
649
624
790
610
625
662
652
865
790
900
646
594
626
707
617
930
670
654
671
745
630
841
890
616
612
622
720
743
839
625
640
786
741
857
717
707
746
602
618
757
690
753
774
715
884
750
732
635
792
687
725
879
773
683
804
741
947
834
630
641
749
697
736
712
976
714
856
634
689
828
639
674
718
887
806
853
768
677
898
904
688
780
832
835
867
684
710
851
760
803
694
744
708
722
664
675
778
716
838
841
758
808
958
775
831
680
889
806
873
866
880
827
954
778
861
681
785
783
686
763
695
802
798
943
813
866
720
751
723
921
715
802
811
728
812
777
745
761
754
762
829
772
812
761
782
719
739
816
737
725
734
845
796
911
825
924
815
811
737
852
912
730
825
797
961
946
940
935
738
746
779
828
807
767
788
783
754
859
781
969
920
799
817
753
824
879
789
809
773
810
769
880
869
864
809
938
765
868
795
903
844
881
835
914
807
930
964
791
877
805
831
833
789
910
846
830
816
818
792
905
822
791
941
798
826
923
940
853
799
836
939
891
800
884
862
978
842
923
855
847
859
895
869
855
837
847
829
819
849
822
970
952
868
826
843
876
821
848
882
976
912
959
944
850
865
858
872
906
897
857
850
920
958
844
870
863
926
864
901
854
875
888
993
909
854
881
916
893
887
878
897
928
951
972
931
933
936
882
928
931
903
871
894
885
983
890
915
935
957
906
899
909
904
925
911
895
892
922
907
885
917
975
936
944
902
956
899
921
905
914
901
896
971
927
974
919
927
934
910
945
908
942
916
963
952
918
918
922
913
919
932
925
960
924
970
946
965
953
933
955
929
932
939
943
979
937
942
972
957
968
974
973
938
977
961
948
950
955
948
951
949
981
949
950
954
959
953
966
984
969
966
960
964
983
982
965
985
988
963
978
973
987
977
968
971
994
989
982
988
981
986
985
984
987
980
980
996
992
992
989
996
986
990
990
995
991
991
993
997
994
995
998
997
998
-1
