738
538
649
719
582
774
599
876
558
683
768
658
633
689
553
526
879
598
709
584
540
630
550
748
532
766
507
736
533
519
504
547
529
631
605
678
848
552
770
778
523
521
744
654
597
711
725
515
625
506
595
534
526
742
822
522
699
873
749
781
728
846
535
808
730
938
536
589
626
647
629
682
546
614
757
513
563
641
652
585
532
680
929
544
798
561
610
555
560
653
528
545
716
503
530
639
604
818
635
704
675
508
593
627
886
583
656
618
848
539
692
722
533
717
546
884
657
543
508
624
586
501
644
528
500
568
788
780
697
770
631
693
705
505
949
722
751
690
706
795
716
607
519
565
582
883
668
601
881
792
560
516
523
541
547
514
734
730
937
594
672
860
529
850
720
579
606
648
732
785
682
707
504
815
555
630
691
599
502
515
510
557
520
871
628
654
727
653
663
514
752
694
655
646
587
596
758
717
538
627
559
509
665
616
640
593
566
772
503
733
874
524
572
902
801
678
684
933
520
506
559
633
516
718
789
518
624
575
569
676
659
706
901
885
964
738
638
856
549
781
517
615
670
785
620
551
901
535
612
557
619
647
792
554
715
725
668
771
855
562
501
595
564
681
527
645
853
575
576
537
648
728
689
664
677
592
632
577
509
919
675
602
556
711
597
777
841
836
645
712
752
864
878
542
576
606
853
975
588
637
679
521
834
817
801
605
819
500
771
536
628
626
544
731
608
831
676
662
735
603
859
641
874
855
666
537
816
778
879
522
586
562
907
651
644
590
658
558
684
613
513
667
698
708
578
870
543
561
710
581
616
512
873
556
548
696
507
517
619
827
609
545
531
568
691
700
527
753
602
808
608
518
857
549
775
795
702
944
580
571
896
567
574
670
618
726
863
571
664
799
617
782
819
845
534
812
956
773
759
746
511
715
577
677
726
671
862
564
920
621
759
747
665
650
755
551
815
642
569
681
806
806
740
710
767
598
632
713
843
611
680
816
531
585
839
885
661
666
845
802
643
890
825
625
614
566
732
505
813
908
540
652
804
601
640
834
615
729
607
783
761
588
703
835
750
760
530
554
686
669
511
570
796
705
707
880
565
525
525
542
552
510
995
721
767
621
724
805
660
550
636
878
940
578
567
857
895
502
911
847
512
895
811
649
672
581
688
539
737
587
858
573
579
600
589
541
758
774
772
623
611
657
524
718
931
570
584
787
694
783
821
596
638
548
729
609
553
574
667
906
697
799
679
573
798
646
914
817
814
762
784
650
727
592
613
603
594
651
563
904
724
886
791
580
572
811
797
714
833
659
600
591
610
583
629
620
832
590
634
963
674
692
790
635
591
637
617
820
765
604
869
673
622
708
655
756
773
695
768
803
766
933
745
829
686
803
945
636
779
612
788
719
842
687
660
797
714
622
893
642
623
695
826
698
661
683
634
688
842
693
663
674
769
687
756
810
639
643
977
906
721
702
733
656
735
832
882
844
669
904
662
764
861
701
739
776
920
884
754
741
891
779
723
837
743
763
959
699
673
671
690
748
685
807
700
887
746
731
826
813
701
704
736
696
685
712
793
709
743
763
824
703
744
765
753
829
777
720
786
723
713
740
974
760
856
810
769
869
734
749
745
761
871
794
867
911
868
925
787
912
764
739
737
782
789
838
790
784
889
824
924
894
822
741
872
742
780
757
892
750
747
898
986
975
850
809
828
775
814
862
751
762
754
755
955
823
820
838
849
794
875
776
823
846
821
865
849
791
786
807
809
854
800
796
827
863
793
914
818
977
839
804
888
925
831
835
836
812
802
959
872
927
852
870
800
931
946
893
915
851
844
805
867
843
877
897
960
917
837
828
860
840
899
937
877
919
950
825
938
887
833
861
958
930
936
830
916
854
830
905
926
888
892
841
883
852
858
840
881
847
898
851
950
864
963
969
875
868
866
900
903
876
909
890
865
928
908
894
859
934
941
909
948
936
866
910
922
951
952
910
943
899
923
896
905
897
891
880
921
930
882
903
956
915
912
900
913
889
935
941
916
922
966
951
917
918
962
902
913
940
907
932
928
962
957
976
994
929
953
924
918
972
976
932
923
939
955
954
953
934
921
983
926
927
966
942
935
942
939
949
945
985
957
979
954
943
961
947
967
973
944
947
991
946
948
981
952
965
972
969
978
988
973
968
960
987
958
961
964
974
983
989
967
965
970
971
986
968
982
970
971
985
981
980
980
978
991
990
979
989
982
984
984
990
987
988
993
992
993
992
994
997
995
996
998
996
997
998
-1
