653
573
844
643
542
726
535
515
607
887
521
687
725
950
688
957
755
744
616
781
666
642
606
711
534
804
819
676
795
565
520
844
690
705
683
813
553
675
588
597
566
623
867
872
669
810
599
828
590
715
673
575
733
619
526
567
717
549
808
572
724
685
636
774
546
551
693
580
516
775
514
690
618
612
633
840
803
807
502
553
857
617
680
543
697
647
649
880
734
568
736
849
769
718
510
517
755
739
936
829
514
524
821
525
559
776
517
750
544
624
987
761
654
604
756
522
511
718
790
721
799
792
961
554
938
695
799
501
555
583
658
598
536
743
630
631
580
526
509
509
571
586
500
537
855
700
707
751
705
537
511
735
592
626
635
762
535
769
747
798
833
868
748
613
578
682
825
573
706
787
593
608
601
558
722
545
714
741
524
651
645
693
701
796
619
572
910
600
600
869
533
930
672
640
557
634
547
645
522
714
581
591
667
734
727
581
516
825
523
805
657
582
530
556
716
635
559
629
713
564
503
710
504
504
519
556
575
670
839
794
644
985
587
527
904
632
620
529
725
513
603
505
552
733
551
549
749
678
847
567
621
858
577
506
555
707
620
783
628
599
921
603
665
834
837
546
625
851
655
824
540
723
611
751
584
924
698
606
634
563
568
740
507
757
679
728
539
613
569
596
507
677
557
737
621
548
773
593
646
647
505
594
512
853
792
866
873
661
596
561
574
640
732
862
576
578
932
614
595
668
652
602
660
903
699
548
563
604
775
675
503
689
689
947
582
542
841
746
576
570
754
744
631
632
527
550
512
704
630
540
587
787
695
784
570
597
748
508
534
586
724
506
768
941
664
639
614
877
721
538
590
532
663
531
510
710
881
889
571
743
528
676
539
694
699
608
659
684
601
541
627
636
712
985
589
617
935
616
561
552
521
519
615
706
783
502
664
579
674
536
654
708
804
513
515
558
742
652
836
544
656
716
623
680
681
547
685
520
525
732
692
772
518
934
554
529
545
501
728
674
585
642
719
528
698
681
937
739
789
892
610
772
627
550
943
859
592
878
745
816
811
648
818
624
819
720
709
857
633
643
672
677
849
577
711
907
538
815
518
842
719
805
759
595
765
660
910
612
876
661
845
885
668
895
611
712
530
866
500
562
789
780
508
564
589
531
760
812
682
786
541
729
583
523
753
584
543
777
533
532
591
656
715
758
574
730
688
779
622
562
638
764
834
871
639
605
579
651
609
854
658
594
795
810
793
569
823
560
588
618
560
637
765
923
565
855
638
745
878
691
607
566
736
641
665
629
895
650
691
815
602
585
722
793
717
726
749
666
826
692
605
637
625
609
784
838
653
770
626
731
824
655
703
641
615
774
598
797
786
770
802
750
662
764
649
696
752
703
610
644
683
671
650
662
738
848
888
845
673
723
856
622
737
918
742
628
741
659
704
697
648
926
877
814
667
740
646
928
848
860
768
657
663
671
670
762
686
738
708
687
778
806
767
814
860
746
776
766
735
808
669
893
731
686
791
679
701
696
944
885
684
678
871
865
730
780
771
709
763
827
797
702
807
826
835
694
757
830
702
887
720
809
758
713
901
800
875
806
869
700
902
785
861
727
729
791
899
763
850
794
759
767
802
777
752
800
753
920
816
754
801
747
833
801
823
756
863
842
890
898
766
809
925
843
778
935
856
782
760
785
906
850
933
812
846
771
828
915
883
835
790
851
779
803
863
939
899
788
761
773
822
984
820
782
936
962
868
909
873
900
943
846
926
911
798
859
781
843
831
796
830
827
864
820
889
788
882
919
829
811
880
832
876
837
813
901
838
894
818
940
864
852
817
933
839
847
973
822
919
854
861
981
890
929
821
831
817
836
892
905
925
852
874
832
897
841
840
908
886
853
928
893
907
930
922
865
883
896
945
894
959
929
858
896
886
874
867
875
881
862
882
872
963
961
906
912
917
900
903
949
870
870
908
927
891
884
888
879
994
950
884
982
898
913
879
977
923
891
909
972
920
904
981
931
932
905
916
897
955
913
911
916
902
914
951
914
990
946
954
917
982
924
912
953
974
947
944
940
969
965
922
918
942
966
915
921
941
937
948
963
927
934
949
962
948
931
939
958
946
960
975
976
938
953
968
991
942
954
958
945
972
957
952
994
969
967
960
965
966
952
951
968
955
980
956
956
970
959
964
991
971
979
973
964
976
967
978
975
970
977
971
983
988
974
980
979
986
978
984
993
988
986
983
995
993
987
989
989
992
990
997
992
996
995
996
997
998
998
-1
