543
736
923
885
850
632
614
508
786
552
636
569
561
723
619
612
936
558
746
648
584
600
501
703
545
521
765
548
564
592
688
644
893
667
589
527
666
583
612
715
873
557
596
623
646
925
591
592
844
787
507
579
750
656
532
591
722
556
572
529
617
546
508
588
680
610
559
605
584
837
569
669
505
575
582
756
743
780
671
702
848
770
631
553
791
526
604
726
778
513
514
533
594
599
637
754
666
634
714
586
771
531
743
603
859
694
777
798
816
745
538
642
536
683
845
574
672
706
805
811
689
552
685
595
771
755
567
733
914
500
651
550
732
629
515
564
669
635
501
767
631
526
568
693
650
527
609
626
698
614
685
573
540
755
889
545
717
616
724
851
625
599
547
639
600
788
718
714
717
721
586
725
662
784
796
871
712
566
718
659
540
585
621
500
577
759
856
964
647
565
607
549
763
766
551
694
578
664
523
613
502
687
518
504
572
691
803
573
598
510
801
636
563
727
611
811
542
764
539
690
544
518
648
512
899
956
769
533
662
546
625
649
738
761
698
835
524
679
642
898
779
606
824
679
653
534
889
673
535
551
696
511
917
565
661
890
550
758
562
620
633
590
555
601
509
605
652
688
730
555
808
749
747
521
528
622
675
554
505
532
537
678
510
542
828
807
581
909
524
516
961
654
627
686
826
610
621
838
503
842
639
602
570
831
734
843
613
858
687
608
676
674
615
812
801
583
547
832
559
797
606
720
602
797
531
560
578
618
660
748
630
752
519
567
760
507
519
900
563
852
814
528
541
509
770
779
663
544
585
882
719
704
707
522
713
539
502
653
558
629
504
536
627
756
517
729
733
647
607
543
665
870
918
748
587
699
883
506
635
525
739
674
516
588
553
530
525
651
561
506
580
701
864
695
520
708
842
672
581
514
513
783
594
737
753
777
655
800
596
659
538
776
927
537
837
656
670
522
859
757
830
782
590
617
826
554
649
715
695
512
751
735
637
618
815
615
619
860
673
549
919
740
557
657
628
667
866
726
815
534
809
568
762
623
699
576
603
589
710
587
729
665
580
775
862
914
899
616
740
575
574
933
548
782
560
728
692
657
643
724
661
678
535
658
700
677
816
511
571
517
722
757
626
515
988
785
523
793
503
530
808
956
996
686
529
664
860
597
744
865
562
716
638
880
520
750
598
645
691
645
577
582
634
608
807
682
579
595
556
778
813
677
909
541
873
760
784
654
707
701
908
799
597
775
761
823
668
640
810
655
624
968
709
570
646
566
641
876
576
890
593
628
668
822
689
571
638
887
868
871
663
593
692
681
630
640
641
960
624
671
783
703
885
611
660
643
609
821
806
632
794
658
620
819
604
633
742
601
888
884
789
834
847
830
681
622
705
721
774
746
744
650
758
916
972
741
767
895
794
950
684
652
682
820
696
799
857
644
731
788
684
745
827
785
813
683
900
867
708
727
676
888
741
861
882
789
835
700
845
670
924
868
697
675
786
690
864
796
693
735
763
896
901
856
853
705
790
986
709
706
878
711
697
863
680
749
720
833
912
710
772
803
751
772
752
731
732
875
759
704
702
792
728
793
711
791
712
895
739
910
821
713
719
723
754
894
924
817
773
769
776
780
716
825
725
737
930
828
798
730
762
765
734
865
876
781
848
878
915
764
738
736
742
795
747
824
846
892
948
753
844
980
792
891
825
907
904
766
781
862
863
818
774
768
832
795
809
814
834
768
858
822
790
829
806
872
940
773
992
804
887
818
805
929
935
879
855
802
817
839
800
877
833
787
904
823
804
881
829
802
954
851
985
855
919
853
840
915
843
836
943
854
838
819
812
810
820
839
880
893
866
906
841
937
883
827
852
875
932
854
879
857
925
930
951
884
923
831
840
906
939
921
920
836
921
846
849
903
927
841
874
881
911
931
902
869
847
850
849
937
870
897
954
877
931
867
886
861
949
908
945
874
963
898
981
896
891
869
886
936
872
907
940
944
910
943
939
933
918
974
942
929
897
922
892
905
941
894
901
902
926
903
920
905
938
935
913
922
965
970
952
911
947
934
926
951
913
928
957
934
917
912
952
958
916
957
928
963
959
964
967
948
949
966
973
972
941
932
945
942
953
946
938
944
975
967
950
968
955
965
947
976
946
955
976
970
953
971
958
966
961
981
962
960
971
978
959
969
974
984
985
962
975
990
987
993
977
982
969
994
973
983
979
983
978
977
979
980
982
987
986
984
989
993
990
989
988
991
992
997
991
995
995
994
997
996
998
998
-1
