774
585
849
520
539
611
694
633
610
568
531
774
557
786
788
504
560
667
512
517
754
906
509
602
961
731
767
666
781
854
514
612
736
569
822
577
923
691
577
568
572
538
528
804
609
582
649
500
552
506
580
932
672
724
686
594
576
706
736
866
535
677
662
590
573
666
692
532
633
683
692
687
671
873
820
637
639
755
506
760
502
676
675
733
686
525
544
522
698
652
507
594
738
752
550
614
515
701
965
631
658
607
520
723
832
544
765
808
592
653
786
646
946
559
872
589
727
722
712
546
747
625
647
740
882
620
693
535
732
554
790
726
502
763
942
536
600
753
918
702
501
593
509
537
650
632
664
675
846
696
540
914
800
602
703
828
634
901
570
542
760
642
964
578
684
636
883
620
777
591
798
501
565
740
578
894
530
573
628
553
547
791
775
583
575
889
610
865
588
586
523
524
745
654
689
647
603
747
625
772
585
615
563
665
532
669
553
505
791
507
579
778
728
663
630
635
701
804
835
835
518
680
789
567
563
669
551
590
595
903
681
719
623
569
660
763
758
783
755
534
887
802
600
783
616
850
518
766
601
702
637
744
555
570
598
656
586
608
571
681
787
728
751
617
599
743
551
549
670
784
697
737
587
767
711
527
688
636
958
811
503
793
652
725
603
748
519
685
526
622
619
554
737
503
837
739
581
595
705
644
513
556
581
649
529
505
672
684
696
726
621
629
694
561
744
548
531
596
618
764
539
511
715
572
815
589
793
555
548
517
511
654
670
819
634
530
605
699
565
564
659
613
645
868
514
691
874
710
765
690
659
562
713
801
731
853
836
508
797
500
614
700
823
515
865
522
541
510
571
527
646
714
742
534
936
939
561
779
680
533
787
562
525
616
629
839
650
543
826
643
674
912
733
811
690
504
689
617
679
536
796
516
558
626
756
574
523
566
836
510
512
833
833
601
627
533
584
549
735
683
771
597
707
542
720
574
677
526
860
613
661
566
746
641
748
579
513
732
771
854
695
682
557
843
708
591
818
624
638
863
909
521
638
730
814
584
892
606
735
508
812
664
867
848
543
821
621
657
668
519
717
624
901
907
656
541
605
558
580
564
714
559
529
545
631
528
604
805
537
516
880
951
540
741
919
622
550
598
644
706
538
612
711
521
932
546
583
707
708
640
667
623
606
524
547
668
844
710
556
850
545
597
643
888
858
575
829
806
560
678
703
759
567
810
657
815
639
576
749
717
794
640
832
746
762
757
596
587
552
825
808
718
608
635
720
645
951
831
582
619
673
725
723
693
750
827
663
626
627
593
777
588
618
750
651
761
742
655
704
730
964
819
869
709
628
957
599
842
630
592
607
817
687
676
604
780
743
679
698
653
695
749
709
611
609
871
662
699
615
799
840
700
655
770
642
651
796
688
773
888
713
752
648
764
834
641
810
758
848
661
632
818
822
806
795
877
674
846
868
648
966
678
845
697
705
671
937
751
773
660
762
852
745
658
673
893
782
941
792
807
855
715
665
861
734
816
816
685
798
724
753
704
790
886
721
682
862
881
825
890
859
842
734
877
769
716
729
843
788
712
761
759
719
881
722
837
930
813
716
768
809
947
721
785
775
869
934
902
904
789
801
718
826
799
851
757
805
738
907
739
754
729
784
727
792
857
864
807
847
780
922
741
827
844
812
824
940
875
904
878
891
873
934
887
802
768
803
781
839
756
776
899
794
776
918
813
986
800
823
785
803
766
769
878
795
824
880
779
770
980
905
772
852
782
778
830
938
809
913
886
870
828
797
867
885
830
814
959
821
817
905
906
930
841
861
917
912
855
908
983
820
884
920
851
863
916
859
927
829
856
883
838
847
898
879
941
902
831
856
919
864
875
874
913
841
895
838
924
955
840
834
879
889
929
972
900
862
908
845
897
989
976
890
898
870
911
849
943
979
872
860
853
927
857
894
858
876
960
920
866
882
910
895
871
897
896
885
933
884
876
926
896
954
900
924
925
922
970
891
950
928
892
957
935
899
923
909
961
915
948
915
893
917
956
945
953
925
929
947
943
903
952
936
926
955
956
949
933
921
910
911
940
928
914
921
916
931
965
968
935
937
981
945
946
973
967
931
939
948
962
958
942
959
949
974
944
962
938
969
963
968
953
944
975
952
966
971
980
950
960
976
985
970
954
967
977
974
973
978
985
979
963
984
988
982
969
972
981
971
982
988
978
975
977
984
995
995
986
990
983
991
996
987
991
987
992
989
993
993
990
994
992
994
997
996
998
997
998
-1
