595
612
694
624
612
805
568
673
583
684
513
741
525
545
617
839
690
567
614
674
871
643
570
543
554
922
634
731
939
819
529
609
508
795
646
663
533
517
577
712
759
602
529
702
819
903
713
668
637
776
547
627
582
769
616
837
896
766
520
695
722
611
822
632
556
605
507
804
686
645
651
738
532
623
509
753
618
664
808
727
685
510
610
665
689
856
670
698
734
502
533
773
671
739
560
674
688
555
524
752
511
628
618
561
651
636
735
665
607
677
812
501
895
641
733
590
541
741
639
524
635
729
592
910
592
527
644
601
732
820
558
775
532
807
852
646
619
534
827
768
552
523
562
551
766
536
550
560
510
548
823
586
645
879
505
599
635
563
637
546
909
851
621
654
621
595
715
772
712
557
649
757
914
912
696
676
526
522
662
622
515
514
545
522
787
509
799
956
748
517
566
752
518
611
853
623
781
554
503
746
690
743
516
504
528
603
887
929
574
647
508
558
573
507
677
702
720
678
573
812
738
655
667
648
593
913
601
751
797
527
949
891
642
505
719
500
585
679
821
561
549
567
693
732
606
687
574
620
653
672
915
587
828
553
747
594
535
606
867
865
756
521
575
539
740
694
520
786
642
620
746
857
591
579
641
750
780
845
572
804
698
737
696
594
600
523
544
761
593
855
924
502
538
790
578
630
540
516
753
633
513
920
600
580
503
553
580
608
585
655
500
511
582
868
744
550
541
832
828
577
805
870
644
730
587
810
615
578
814
540
613
779
604
506
638
880
575
658
842
799
767
530
557
701
565
675
584
728
599
679
563
566
692
564
745
808
683
687
904
901
775
846
717
584
504
810
659
647
778
706
734
894
555
572
608
512
596
872
864
707
667
638
664
596
581
700
666
717
549
539
656
797
643
590
830
631
521
514
598
614
831
686
681
588
616
556
902
860
640
773
754
571
619
526
883
755
898
552
528
858
691
602
538
658
632
714
884
548
506
836
542
564
705
515
537
764
501
889
571
604
879
562
547
660
631
597
624
559
747
754
565
544
626
546
874
518
928
653
657
703
576
559
719
519
763
783
723
605
903
670
758
684
820
568
711
656
716
657
530
809
525
699
661
536
654
764
774
519
811
633
948
597
512
586
743
722
579
762
603
613
673
629
630
542
706
627
626
615
793
897
952
569
589
531
534
907
537
569
576
917
691
649
640
636
728
731
800
531
535
543
965
864
892
921
688
912
723
777
682
829
725
662
701
704
551
856
650
609
751
974
588
757
816
681
591
826
650
692
735
622
740
570
583
786
598
748
774
589
699
795
972
648
796
628
730
893
850
581
680
770
837
817
625
793
836
882
848
759
675
610
724
697
634
652
894
802
736
727
668
791
607
689
663
833
629
671
859
685
840
825
916
666
682
683
763
700
617
891
672
625
714
785
869
941
709
742
718
800
713
861
818
639
652
711
798
709
661
762
707
736
680
716
676
704
693
710
725
703
826
678
705
924
669
768
726
660
659
669
866
791
938
845
878
745
708
761
770
769
946
817
788
758
831
721
724
708
969
739
780
850
815
796
765
839
718
778
749
782
695
816
919
733
825
776
784
821
697
822
792
729
750
813
781
765
715
721
756
742
710
720
771
785
911
876
838
959
923
918
749
744
849
726
832
755
792
737
844
881
906
885
806
835
881
782
862
783
858
760
818
772
801
833
813
789
823
760
827
794
802
875
958
790
779
866
840
853
767
890
789
784
824
876
777
834
927
771
848
829
931
811
905
961
841
901
835
843
794
803
801
788
888
830
787
814
841
877
809
916
838
803
860
846
798
895
878
807
844
892
943
911
962
855
862
873
806
958
861
963
863
930
925
854
824
815
867
883
859
843
834
934
936
854
886
868
899
931
904
890
900
851
874
947
852
978
917
908
887
870
849
960
842
882
910
847
872
847
884
865
857
871
986
888
863
902
951
955
946
985
898
966
907
923
949
877
880
869
889
873
936
906
875
908
905
925
920
900
935
919
953
899
896
950
886
944
885
926
893
909
922
897
959
913
930
970
943
969
921
956
951
937
933
939
941
918
927
940
914
942
915
926
979
973
933
932
937
932
953
945
992
934
938
928
950
948
975
993
929
962
947
942
940
954
957
976
935
971
967
954
977
952
963
961
944
945
972
980
975
981
986
964
964
955
957
974
960
987
971
967
965
982
968
983
968
970
966
990
976
978
984
973
993
988
979
982
984
977
983
991
980
981
987
990
988
985
992
989
989
998
994
994
991
996
995
995
996
997
997
998
-1
