927
815
500
548
506
555
539
510
643
526
796
704
658
766
880
518
870
661
560
623
536
665
656
597
762
634
603
606
608
509
632
686
504
716
670
550
541
583
609
885
638
777
524
719
750
909
546
600
619
580
817
531
679
788
512
846
539
601
757
575
835
523
687
517
594
812
578
503
651
694
892
945
681
622
627
528
595
939
819
602
688
565
599
884
575
649
704
618
586
603
567
903
849
684
630
529
710
588
742
790
674
553
520
589
685
515
636
741
607
503
513
780
711
729
726
584
693
626
523
651
760
814
536
713
642
622
560
527
620
637
757
581
771
500
855
882
543
531
778
629
781
588
730
738
833
776
553
552
698
520
889
884
547
524
505
537
527
672
895
864
652
725
554
678
569
789
561
583
605
966
733
793
837
600
797
869
660
624
754
574
509
580
858
738
577
614
511
564
525
663
853
514
785
537
549
656
538
564
745
618
617
770
875
642
599
516
587
516
904
669
521
727
769
501
598
641
559
743
662
576
856
713
720
576
763
697
616
692
662
978
566
759
561
626
841
653
540
502
700
557
872
945
506
517
584
717
871
747
809
808
658
508
714
646
607
691
511
619
671
501
624
592
774
502
831
843
749
950
655
508
577
773
532
791
712
593
746
831
631
611
936
677
582
679
515
657
507
908
666
684
911
792
565
534
922
518
731
589
788
858
818
838
834
570
907
541
740
522
596
905
707
578
549
613
609
635
792
689
737
612
570
639
649
712
672
535
636
714
909
590
719
562
558
910
519
612
688
743
548
546
573
633
540
673
707
513
567
532
507
680
706
510
525
735
535
571
594
683
512
581
774
519
562
695
864
748
767
645
768
965
638
816
690
677
568
521
542
635
798
573
605
852
806
767
811
530
554
572
543
563
900
725
893
579
876
534
587
770
671
505
545
542
901
644
722
766
771
874
528
639
647
574
879
685
716
758
654
579
629
522
621
608
820
675
703
678
736
571
643
596
655
691
772
667
673
786
693
690
544
526
795
604
728
784
563
823
748
886
821
617
504
895
598
613
659
637
850
724
641
733
591
533
790
557
689
590
830
545
585
529
742
824
715
687
846
746
616
556
593
701
552
711
559
623
646
826
615
676
558
551
705
827
779
664
538
682
701
606
628
556
648
586
514
621
530
726
727
761
670
763
597
627
625
675
696
929
628
802
550
569
633
533
844
610
544
877
665
601
796
718
676
934
614
566
867
591
740
595
547
582
551
668
760
933
880
630
663
572
802
924
765
731
697
555
826
568
644
787
718
871
592
739
604
734
631
762
772
620
845
832
682
804
700
657
781
902
640
652
632
723
861
952
654
836
585
674
698
615
750
878
611
783
810
625
927
708
702
959
602
823
648
706
610
650
653
723
709
715
933
822
736
780
724
873
640
896
667
827
650
759
755
773
795
669
929
692
708
664
822
745
634
702
645
668
854
816
851
853
703
710
647
830
666
659
721
728
775
699
906
784
661
660
847
883
803
828
787
722
686
756
699
844
913
751
819
768
694
799
753
800
683
752
681
732
837
764
749
680
761
785
758
847
956
777
739
705
732
891
737
807
735
717
695
848
951
696
839
814
786
797
805
798
729
804
709
752
934
789
754
800
890
720
769
803
753
793
744
721
937
809
842
863
856
756
903
815
755
794
782
730
741
992
734
776
841
775
747
744
805
850
806
873
833
801
857
783
751
838
962
852
861
782
881
825
869
928
791
765
848
778
825
813
857
764
863
896
836
813
828
834
821
904
922
898
794
923
779
894
961
808
891
799
811
892
840
920
890
845
801
868
807
812
888
817
915
986
905
855
862
824
842
926
818
870
887
810
921
854
887
875
829
899
876
829
860
865
862
849
957
820
888
894
911
881
912
878
885
832
899
865
987
967
840
860
835
843
971
839
879
867
886
859
889
918
935
908
916
859
957
917
851
926
902
877
866
931
968
872
866
939
918
921
932
944
981
868
874
979
930
990
949
882
883
947
973
935
917
914
913
925
893
958
900
898
916
924
960
901
920
910
942
897
915
897
907
940
912
906
936
937
928
938
949
914
969
980
956
955
946
970
925
919
919
948
955
950
961
930
963
946
923
953
931
962
938
975
944
932
943
973
942
941
954
952
947
941
976
943
940
972
963
954
989
948
978
958
951
964
953
974
976
960
966
997
987
982
979
972
959
971
964
970
988
981
965
983
967
968
969
977
975
988
984
974
985
991
977
982
980
983
985
989
991
984
986
993
990
995
993
994
992
996
998
994
995
996
997
998
-1
