527
652
658
727
582
528
521
632
699
679
750
572
595
769
620
602
795
705
504
889
623
695
716
860
533
682
718
641
916
581
575
686
591
887
516
659
684
731
590
651
846
505
573
681
523
807
521
587
646
553
668
884
555
709
621
706
672
513
637
502
562
707
613
571
513
545
511
580
700
836
530
636
676
788
607
638
772
945
870
644
878
511
649
688
524
654
565
653
882
620
604
903
610
557
545
577
543
820
528
698
708
837
749
905
701
565
574
532
631
767
599
629
531
903
726
525
510
509
583
627
781
515
661
688
773
595
619
657
693
740
775
651
571
737
676
584
822
644
568
585
613
789
715
704
694
563
671
507
737
765
857
506
678
728
568
520
894
724
608
567
634
811
586
655
842
818
542
557
609
856
696
768
539
738
740
831
603
517
580
532
704
617
539
574
791
566
826
714
612
538
675
669
697
576
502
535
524
538
664
561
736
739
584
578
854
673
556
691
778
556
508
648
570
518
598
642
582
520
758
559
590
892
675
876
518
628
774
515
630
594
577
861
880
558
529
614
525
605
766
806
549
656
534
881
706
592
536
622
696
611
815
796
739
881
537
531
938
838
522
552
585
741
743
526
537
599
576
612
649
670
685
719
624
836
622
687
891
723
667
730
790
702
519
782
519
759
778
636
671
771
617
561
633
560
677
821
526
839
611
646
758
630
753
747
581
744
540
961
714
572
801
500
628
639
616
560
633
527
544
690
610
583
643
606
514
687
578
563
802
632
691
549
501
597
690
512
609
877
653
523
569
988
535
760
639
543
787
664
792
905
641
786
558
614
554
692
510
602
751
834
678
692
761
791
781
763
541
648
845
825
640
546
658
579
551
788
507
940
726
626
660
548
514
806
603
764
594
600
570
589
782
680
729
554
908
500
593
823
501
546
541
504
635
832
517
533
623
598
681
895
659
625
555
559
663
833
665
569
619
725
505
597
503
770
586
551
713
647
503
534
741
805
851
694
799
604
540
547
752
733
717
509
844
621
588
662
650
600
803
542
587
634
713
811
755
804
698
616
591
814
783
760
865
654
660
746
512
717
795
529
547
686
522
655
506
508
677
721
738
564
780
624
567
536
826
607
530
975
757
862
647
847
770
645
618
869
873
596
588
550
645
697
615
833
593
864
552
720
516
562
689
674
766
699
573
638
742
734
705
807
544
601
608
564
753
592
879
627
643
666
693
777
938
925
831
776
589
596
553
786
672
757
566
703
550
679
708
548
575
798
640
642
606
843
710
784
775
765
749
650
601
774
823
615
689
631
780
618
886
579
711
674
818
812
684
670
820
771
777
748
745
626
605
652
629
732
913
710
736
637
799
625
859
707
756
933
767
840
719
921
869
864
663
847
725
683
747
872
673
800
815
755
668
827
863
662
798
635
712
931
787
666
723
715
908
724
761
796
661
825
665
883
718
656
874
727
921
878
657
729
669
685
865
683
779
883
682
915
751
716
902
754
863
834
812
876
764
667
680
735
893
828
844
824
712
722
695
804
702
701
730
733
722
734
894
879
763
731
914
746
846
759
896
703
742
711
756
773
721
752
934
794
875
700
809
709
808
776
728
754
824
809
769
793
762
792
862
867
927
732
816
743
735
762
849
987
720
803
750
793
896
790
829
802
872
789
853
911
843
899
842
800
745
888
748
851
830
850
817
857
861
744
830
797
801
871
845
904
850
768
870
810
785
949
935
784
901
814
890
816
794
858
817
954
827
848
779
889
858
852
914
772
797
822
953
917
941
892
783
855
906
785
855
996
882
948
875
808
841
835
866
819
924
821
837
868
805
813
910
950
935
813
975
937
810
966
918
839
832
887
962
819
928
906
838
897
969
849
835
877
922
888
828
829
943
853
871
848
900
841
885
852
859
928
886
885
910
840
924
866
873
964
973
949
920
912
890
932
860
916
932
931
854
856
973
893
956
953
884
867
907
969
880
977
917
904
868
901
874
961
960
955
909
926
923
902
918
926
895
898
936
958
936
913
943
912
920
950
964
899
891
947
898
900
934
963
897
966
946
925
907
919
909
939
939
911
947
940
954
952
933
945
930
915
968
919
972
927
965
971
922
929
923
983
929
937
930
944
941
985
967
951
963
971
951
974
956
978
972
942
942
946
944
989
959
948
982
968
955
959
952
967
958
978
993
957
957
962
986
960
976
970
965
981
984
979
980
989
974
970
988
976
979
987
977
996
982
984
981
980
985
986
983
992
990
998
990
991
992
995
991
994
993
994
995
997
997
998
-1
