126
108
193
187
173
112
192
102
132
138
165
103
178
104
107
175
139
188
182
143
192
158
171
125
147
114
178
123
175
117
154
172
176
183
100
142
149
116
186
174
105
121
153
111
185
157
110
162
134
132
156
143
188
171
103
185
163
124
108
130
149
123
144
159
133
116
137
168
164
101
168
158
190
115
176
140
113
109
139
155
193
137
100
155
181
144
122
106
113
162
170
118
163
153
167
109
128
187
127
135
101
102
152
104
105
106
107
151
131
110
111
112
120
114
115
119
117
118
119
120
121
122
129
124
125
126
127
128
129
130
131
136
133
134
135
136
148
138
141
140
141
142
146
145
145
146
147
148
150
150
151
152
198
154
161
156
157
160
159
160
161
197
166
164
165
166
167
169
169
170
184
172
173
174
180
177
177
179
179
180
181
182
183
184
196
186
191
189
189
190
191
195
194
194
195
196
197
198
-1
