176
139
184
156
155
112
168
123
178
190
121
173
108
112
111
162
120
110
145
183
113
155
150
167
103
108
100
126
172
179
121
137
182
188
149
139
177
152
106
142
122
184
169
133
174
102
138
111
165
102
120
183
156
119
171
130
153
185
193
161
100
135
122
148
117
134
119
149
107
157
176
133
190
191
189
175
165
134
162
101
141
126
127
141
101
163
107
167
135
131
188
160
178
172
127
154
197
151
117
164
105
104
103
104
105
106
116
109
109
110
115
114
113
114
115
116
118
118
147
132
125
124
123
124
125
129
128
128
129
130
131
132
146
144
136
136
137
138
140
140
143
142
143
144
145
146
147
148
198
150
151
152
153
154
159
158
157
158
159
160
161
196
163
164
166
166
170
168
169
170
171
195
173
174
175
181
177
180
179
180
181
182
187
186
185
186
187
194
189
192
191
192
193
194
195
196
197
198
-1
