147
161
161
114
160
143
176
163
182
137
114
149
163
177
132
100
134
176
133
121
117
145
164
149
170
166
135
146
172
110
171
175
141
184
179
119
131
122
193
108
100
175
118
108
140
134
117
150
104
192
184
118
105
107
104
113
119
191
147
146
156
109
142
151
132
105
185
182
129
166
190
111
144
183
153
128
125
159
180
102
171
150
101
160
125
167
136
128
127
186
180
168
129
140
167
159
190
191
101
141
103
102
103
116
106
106
107
112
109
110
111
112
113
115
115
116
124
123
120
120
121
122
123
124
126
126
127
196
130
130
131
139
133
138
135
136
137
138
139
157
156
142
143
144
145
155
148
148
154
152
151
152
153
154
155
158
157
158
197
195
162
162
165
164
165
174
169
168
169
170
173
172
173
174
189
178
177
178
179
181
181
188
183
187
185
186
187
188
189
196
194
192
193
194
195
198
197
198
-1
