116
110
126
129
132
141
168
131
186
172
176
115
163
171
187
108
124
181
157
187
152
173
102
135
144
195
155
170
132
167
100
164
136
108
125
167
111
156
151
128
117
176
100
140
180
101
160
112
130
191
169
190
125
166
138
105
156
145
153
128
182
133
150
129
151
143
180
163
181
155
153
143
183
103
179
186
183
118
109
116
160
188
103
118
110
141
169
172
107
115
119
106
140
191
104
150
106
170
134
185
101
102
149
104
105
123
107
114
109
113
111
112
113
114
122
121
117
120
119
120
121
122
123
124
127
126
127
148
139
130
131
137
133
134
135
136
137
138
139
147
142
142
146
144
145
146
147
148
149
198
162
152
154
154
159
158
157
158
159
161
161
162
165
164
165
166
197
168
178
175
171
174
173
174
175
177
177
178
179
196
192
182
184
184
185
193
189
188
189
190
192
194
193
194
195
196
197
198
-1
