187
149
133
122
158
125
110
169
162
165
140
113
128
162
189
150
115
182
178
104
113
173
172
178
180
187
166
120
123
177
176
161
183
107
146
189
134
126
124
146
100
177
131
154
156
138
161
190
102
103
160
108
134
111
107
100
188
191
125
155
122
147
132
128
129
163
118
123
190
114
157
159
130
159
101
174
140
176
135
167
136
171
184
111
132
103
117
115
169
172
120
154
139
139
138
150
106
165
179
148
101
102
105
104
105
106
109
108
109
110
112
112
119
114
116
116
117
118
119
121
121
196
153
124
127
126
127
145
129
130
131
144
133
137
135
136
137
143
141
142
141
142
143
144
145
152
147
148
149
151
151
152
153
197
155
156
157
158
196
160
195
164
163
164
168
166
167
168
170
170
171
175
173
174
175
186
185
181
179
180
181
182
183
184
185
186
194
188
193
192
191
192
193
194
195
198
197
198
-1
