184
158
135
109
193
101
130
176
123
143
117
124
148
176
144
142
115
166
150
122
191
133
191
112
186
187
116
192
181
132
163
160
130
112
108
164
114
168
151
171
129
119
119
136
149
116
159
171
164
155
129
157
154
105
110
114
108
190
136
145
183
124
101
153
188
185
169
100
106
103
173
100
162
154
133
121
109
178
102
104
184
172
144
163
122
134
174
153
120
103
173
156
140
145
182
148
167
166
142
181
196
102
107
104
105
106
107
141
111
110
111
113
113
128
115
118
117
118
127
120
121
126
123
125
125
126
127
128
139
131
131
132
138
134
135
137
137
138
139
140
141
197
143
147
146
146
147
152
149
150
151
152
195
161
155
156
157
158
159
160
161
162
180
165
165
170
167
168
169
170
179
172
175
174
175
177
177
178
179
180
196
182
183
188
185
186
187
189
189
190
194
192
193
194
195
198
197
198
-1
