133
158
185
112
120
182
167
140
179
154
160
148
159
123
143
171
177
137
141
133
126
150
146
149
160
116
101
195
176
161
147
154
179
181
174
115
159
138
107
144
143
102
105
145
134
165
181
123
101
145
117
139
190
125
146
124
121
180
173
131
131
174
169
100
167
185
153
110
116
111
137
189
115
120
184
104
168
109
172
157
162
106
169
113
175
109
103
192
126
157
184
187
188
100
125
149
190
114
132
195
108
102
103
104
105
106
107
108
130
110
111
112
113
114
119
118
117
118
119
122
121
122
127
124
128
127
129
128
129
130
136
132
135
134
135
136
142
138
139
140
141
142
198
144
156
152
147
148
151
150
151
152
153
155
155
156
166
158
164
163
161
162
163
164
165
166
197
168
170
170
171
172
173
178
175
176
177
178
194
180
183
182
183
191
186
186
187
188
189
191
193
192
193
194
196
196
197
198
-1
