167
107
136
190
171
111
130
104
170
128
156
186
124
137
172
181
165
143
176
152
150
116
134
153
145
106
182
115
138
121
183
108
102
189
183
145
185
119
158
152
189
184
172
111
171
154
119
155
120
118
100
168
169
181
159
164
142
156
133
164
103
167
179
131
113
173
137
109
188
163
113
179
142
195
100
196
112
135
131
130
188
151
150
144
122
143
107
170
124
190
144
114
127
101
101
194
134
154
117
161
105
102
103
104
105
106
110
108
109
110
129
112
126
114
115
116
117
118
123
120
121
122
123
125
125
126
127
128
129
141
132
132
133
140
135
136
139
138
139
140
141
149
148
147
146
146
147
148
149
198
151
160
153
160
155
157
157
158
159
162
161
162
163
166
165
166
176
168
169
177
175
174
173
174
175
178
177
178
180
180
197
182
187
184
185
186
187
193
192
191
191
192
193
194
195
196
197
198
-1
