105
167
111
147
110
177
194
146
140
100
192
157
164
175
111
162
172
120
106
163
148
147
120
186
189
152
184
103
124
126
151
100
117
105
156
119
167
142
174
151
123
176
128
123
143
180
139
185
146
125
101
149
114
113
170
150
119
122
135
178
193
159
109
189
187
112
102
134
126
190
187
121
163
140
161
128
169
132
169
186
175
155
137
137
160
156
190
106
161
118
115
171
136
134
171
102
157
178
109
184
101
104
103
104
108
107
107
108
145
110
116
112
113
114
115
116
117
118
133
131
121
122
130
124
125
127
127
129
129
130
131
132
133
144
135
136
138
138
139
141
141
142
143
144
145
198
154
148
149
150
153
152
153
154
155
183
158
158
159
160
166
162
165
164
165
166
168
168
182
170
173
172
173
174
181
176
177
179
179
180
181
182
183
197
185
194
188
188
195
191
191
192
193
196
195
196
197
198
-1
