156
187
188
155
105
123
122
166
135
183
125
159
144
155
177
172
125
159
161
112
114
170
185
171
186
190
112
161
140
121
123
101
106
129
137
100
190
144
189
109
158
166
149
192
181
137
143
141
136
133
191
117
107
150
113
121
101
127
150
171
126
180
173
168
185
132
157
193
115
176
151
124
103
154
106
167
176
132
116
177
128
105
110
138
109
145
189
169
192
139
102
156
158
162
100
136
163
118
152
153
104
102
103
104
119
108
107
108
111
110
111
118
113
114
115
116
117
120
119
120
148
122
131
124
130
126
127
128
129
130
131
134
133
134
135
147
142
138
139
140
141
142
143
146
145
146
147
148
149
198
151
152
153
154
184
182
157
165
160
160
164
162
163
164
165
175
167
168
169
170
174
172
173
174
175
179
178
178
179
180
181
182
183
184
197
186
187
188
196
195
191
194
193
194
195
196
197
198
-1
