106
134
152
179
130
173
150
143
140
107
163
122
129
146
186
130
165
172
110
170
166
105
159
121
192
114
148
125
109
131
140
139
157
154
149
119
102
185
177
126
154
108
176
108
127
152
129
192
133
122
178
151
101
136
144
142
169
168
189
175
184
166
160
114
100
141
118
188
193
182
100
185
142
169
127
115
101
159
136
163
156
173
112
165
148
153
172
137
110
183
125
156
183
112
119
103
196
187
188
118
104
102
103
104
105
106
107
116
109
111
111
113
113
115
117
116
117
124
120
120
121
123
123
124
196
126
128
128
135
132
131
132
133
134
135
138
137
138
139
147
141
145
143
144
145
146
147
197
149
150
151
162
153
155
155
158
157
158
161
160
161
162
164
164
181
167
167
168
171
170
171
180
174
174
175
176
177
178
179
180
181
182
195
184
191
186
187
190
189
190
191
194
193
194
195
198
197
198
-1
