158
177
119
166
188
136
115
165
177
141
168
141
120
107
195
155
110
190
179
145
143
104
168
151
178
101
127
143
101
157
100
175
185
127
123
114
135
106
147
142
118
153
124
181
176
133
134
163
103
124
137
118
175
153
157
189
102
183
151
144
128
111
130
171
110
169
195
104
100
105
126
114
156
185
155
125
164
135
121
152
112
163
138
162
186
130
123
164
169
182
181
120
167
173
170
112
125
158
170
188
109
102
103
108
105
106
107
108
109
117
111
113
113
116
115
116
117
150
119
122
121
122
149
140
132
126
129
128
129
131
131
132
133
134
139
136
137
138
139
140
148
142
146
144
145
146
147
148
149
150
198
152
154
154
161
156
160
159
159
160
161
162
197
194
165
166
167
193
174
172
171
172
173
174
192
176
180
178
179
180
184
182
183
184
187
186
187
191
189
190
191
192
193
194
196
196
197
198
-1
