160
157
163
171
146
106
172
126
111
192
102
194
130
150
142
161
103
184
117
154
139
180
181
191
188
179
168
145
179
113
162
159
193
108
107
150
177
131
116
151
171
130
119
136
192
187
178
142
101
159
186
162
154
131
100
172
113
121
118
147
183
166
100
147
132
144
106
173
132
127
104
173
178
110
153
105
135
176
148
111
186
143
109
116
180
153
114
120
166
191
139
112
157
169
134
126
105
133
158
119
101
102
103
104
129
125
107
108
109
110
124
112
115
114
115
123
117
118
122
120
121
122
123
124
125
128
127
128
129
141
138
137
133
134
135
136
137
138
140
140
141
196
143
144
145
146
149
148
149
152
151
152
156
155
155
156
170
158
165
160
161
164
163
164
165
167
167
168
169
170
197
175
174
174
175
176
177
190
185
182
181
182
183
184
185
189
187
188
189
190
196
195
193
194
195
198
197
198
-1
