120
113
115
136
108
104
169
112
119
110
137
128
125
160
112
143
108
102
166
139
119
115
100
175
109
158
142
184
110
146
161
114
127
113
111
121
106
144
166
105
128
170
104
106
103
107
111
152
140
144
191
174
103
138
168
134
101
139
126
156
131
172
164
150
133
116
102
117
167
123
151
117
124
143
177
137
154
147
118
165
129
114
116
109
145
107
151
174
124
100
121
135
125
132
132
101
105
130
118
160
123
172
181
140
142
122
148
148
149
141
146
153
126
159
183
129
178
131
120
133
122
147
130
127
156
150
145
158
180
141
155
135
134
190
154
136
159
138
168
161
149
163
157
164
183
157
173
184
163
153
155
152
171
171
162
169
170
187
197
179
162
187
165
167
181
173
177
194
185
185
176
182
175
191
176
178
189
195
179
180
192
182
193
186
186
188
188
196
189
190
193
192
195
194
196
197
198
198
-1
