112
150
110
131
175
163
112
109
153
107
125
141
111
108
124
160
100
110
119
135
106
146
117
118
137
156
134
155
123
144
115
120
144
175
116
130
139
126
154
192
149
104
104
108
162
101
120
100
122
155
118
151
119
121
129
170
122
130
103
128
186
107
106
116
159
111
140
114
146
109
105
102
168
135
101
131
185
134
171
114
180
177
117
147
164
105
128
102
141
165
169
158
179
140
162
127
132
113
138
138
148
121
103
149
113
133
133
125
139
136
142
123
156
164
115
168
124
145
136
127
126
142
129
143
152
176
160
176
171
132
188
137
158
150
154
151
148
147
152
167
143
145
161
157
166
183
153
157
166
174
163
165
187
167
159
178
184
189
188
161
173
169
190
173
172
172
174
170
178
184
179
180
193
182
191
181
177
196
181
182
183
190
186
185
195
187
192
189
191
195
193
194
196
194
197
197
198
198
-1
