148
106
123
108
117
151
121
142
146
143
102
130
161
153
106
167
157
145
117
125
161
164
113
132
127
111
169
166
122
155
113
104
120
162
116
158
105
119
143
110
115
112
124
118
100
118
104
173
114
139
136
160
134
103
136
157
115
156
167
129
148
108
109
102
168
138
107
158
109
132
140
177
147
125
134
119
172
163
162
152
120
101
110
129
135
126
140
139
133
101
105
149
100
178
103
116
144
124
131
192
112
107
122
114
111
128
121
159
182
137
171
131
138
133
123
135
146
154
151
147
130
128
127
126
183
165
149
137
168
141
179
180
141
145
153
164
150
160
150
169
187
142
174
144
154
185
171
152
156
182
155
170
188
165
181
190
159
166
170
181
179
163
195
180
172
193
173
176
174
183
176
177
175
175
194
178
191
188
187
184
184
185
196
190
186
186
193
189
189
197
191
192
195
194
197
196
198
198
-1
