104
119
122
131
174
134
160
120
132
124
113
160
172
139
157
179
133
166
183
158
135
103
108
130
136
152
117
195
114
165
113
110
128
121
112
126
100
102
127
173
102
126
105
129
171
129
136
141
148
134
146
133
106
137
127
118
116
101
103
147
145
109
108
137
155
115
140
104
123
111
141
107
123
110
105
106
119
109
115
162
165
101
121
150
143
142
142
131
107
111
138
138
135
128
114
163
100
156
112
122
117
116
143
130
176
140
170
184
167
178
125
171
164
124
154
139
120
118
132
158
125
151
148
167
153
159
169
180
157
152
151
170
155
168
144
153
144
162
150
161
145
147
156
159
146
163
149
149
193
190
173
169
182
154
187
164
166
175
176
181
161
175
168
181
186
172
191
183
186
174
177
177
185
188
180
178
179
184
194
189
185
182
187
190
188
196
195
191
189
194
192
192
193
197
198
196
197
198
-1
