115
104
141
151
116
109
125
172
127
178
107
165
124
139
130
122
152
109
147
113
106
117
189
161
128
132
151
138
114
137
102
126
120
121
123
108
138
170
110
165
103
103
164
148
135
158
123
137
144
108
119
112
116
154
129
142
100
131
152
146
122
134
128
120
104
111
156
110
105
136
162
156
190
107
105
115
148
113
140
157
135
140
163
100
121
144
102
139
119
101
141
166
132
183
167
118
101
187
117
175
131
124
155
111
160
106
169
159
133
112
171
134
118
114
149
127
136
160
188
145
129
147
125
185
126
130
162
150
146
153
154
193
133
176
143
142
172
170
149
192
159
143
168
164
145
174
177
176
150
166
169
153
161
177
155
157
158
183
167
168
187
163
179
184
180
179
173
171
180
174
175
181
173
184
178
182
182
188
189
195
181
196
185
186
186
193
190
197
191
192
191
194
197
194
195
196
198
198
-1
