165
103
130
111
105
126
138
122
114
128
146
113
165
162
153
113
112
162
101
106
150
104
102
176
132
108
150
137
116
136
145
108
106
119
104
111
155
137
121
140
123
136
141
148
101
171
146
107
103
131
144
134
102
100
115
143
119
120
125
114
110
134
118
147
170
160
154
158
183
117
100
161
141
139
129
142
133
153
115
156
148
127
147
109
151
131
192
112
124
105
186
167
107
117
123
188
157
132
116
110
159
172
135
122
124
170
118
109
187
121
144
125
120
166
180
135
149
161
133
127
126
173
138
128
157
151
129
152
130
142
193
149
145
169
177
139
140
169
166
143
159
155
160
164
152
175
156
185
168
177
179
154
179
193
158
190
173
167
163
164
182
172
163
184
180
174
184
168
174
191
171
176
186
196
175
178
181
178
183
181
182
187
191
185
189
195
188
189
190
192
194
196
194
195
197
198
197
198
-1
