146
118
118
148
111
112
111
119
124
125
129
154
132
158
133
117
148
170
104
131
164
181
144
106
181
137
100
136
142
100
136
176
103
122
130
175
116
115
123
114
125
106
114
102
160
116
109
131
122
103
128
152
124
117
102
182
126
113
143
168
108
161
139
138
120
151
115
119
156
140
144
141
164
145
108
132
107
126
120
155
153
101
128
112
146
113
145
127
104
107
172
135
155
121
121
101
166
105
123
105
171
127
153
110
162
133
110
147
109
139
135
147
134
137
174
154
140
193
162
157
150
129
178
180
142
130
175
159
156
134
168
150
165
149
159
138
172
141
191
176
163
183
143
165
149
192
151
158
157
152
171
179
167
160
179
195
173
169
189
161
163
166
184
190
167
169
170
174
188
187
177
177
173
180
184
178
185
194
182
186
188
183
185
191
186
189
187
194
190
192
197
196
193
196
195
197
198
198
-1
