106
177
108
111
175
151
155
167
118
168
193
169
150
163
104
184
146
117
119
131
157
113
118
159
146
123
141
138
154
110
105
145
140
116
148
176
140
102
170
157
120
153
134
129
106
112
133
109
114
108
127
125
132
101
132
139
136
102
121
169
155
122
110
105
115
117
144
190
185
124
168
120
114
126
134
109
125
131
137
103
112
121
107
100
171
133
129
104
147
142
130
103
119
101
113
164
100
143
158
160
188
107
126
141
128
149
152
122
115
162
111
116
124
145
123
135
178
137
183
160
130
153
128
152
136
127
181
143
176
147
135
175
142
138
148
139
151
156
196
167
166
173
144
150
172
174
149
164
158
165
161
154
165
159
156
163
179
161
162
179
173
191
166
178
177
172
170
174
182
171
195
180
180
183
188
181
191
187
192
184
185
182
186
186
187
189
189
194
190
193
192
195
198
194
197
196
197
198
-1
