109
135
107
144
108
109
116
100
118
150
119
110
157
159
187
104
130
108
133
148
128
115
128
157
103
127
189
153
126
111
155
167
125
117
105
127
112
118
121
102
163
134
137
103
147
119
170
115
147
114
137
148
144
122
141
141
114
106
145
161
172
101
170
105
116
131
138
101
179
133
151
132
129
102
121
124
175
172
110
112
176
113
117
126
156
132
134
104
111
140
149
113
107
150
140
120
136
100
153
106
139
130
155
167
136
152
120
168
166
156
183
164
123
158
161
123
124
125
131
139
122
184
143
145
138
135
158
146
129
149
162
174
142
143
193
171
142
168
163
152
173
165
151
166
154
146
169
159
162
178
154
177
192
171
160
160
185
165
176
179
173
164
178
181
169
175
174
180
180
188
183
184
191
177
182
198
182
185
187
181
186
194
190
190
188
186
189
192
195
193
191
194
196
197
195
196
197
198
-1
