165
168
102
175
117
167
110
127
165
115
101
117
144
155
114
105
156
143
116
107
118
146
144
103
121
118
138
126
130
111
134
161
106
105
123
138
150
106
159
131
129
109
175
153
113
145
104
109
102
170
131
137
128
101
156
108
113
143
160
111
116
163
148
120
184
141
133
140
142
171
128
119
145
100
103
122
133
121
110
100
119
140
135
132
161
125
155
122
108
137
112
154
164
107
157
157
125
154
135
152
129
120
104
171
183
112
127
172
130
115
124
179
132
114
162
141
177
126
139
136
123
124
180
166
149
181
158
149
188
180
151
168
134
139
148
136
160
151
158
142
159
147
178
150
147
146
190
164
152
153
174
195
170
169
162
188
172
167
173
181
174
163
178
184
166
176
169
179
186
176
187
173
191
194
198
177
190
182
187
183
185
182
191
185
192
186
189
189
193
195
192
196
193
194
196
197
197
198
-1
