143
157
163
181
131
108
138
108
110
107
101
104
136
171
109
172
135
123
102
106
146
142
159
130
111
156
176
112
120
148
168
150
141
137
103
125
116
166
143
129
147
136
119
112
165
121
167
105
163
173
109
113
110
139
134
135
158
130
113
120
159
164
115
127
157
107
114
117
142
128
100
105
140
137
129
125
161
167
100
104
114
174
111
150
149
103
145
188
187
102
106
140
124
132
119
151
101
116
127
118
133
153
121
117
144
132
138
178
122
124
131
126
179
122
115
118
126
123
144
149
162
151
128
139
185
186
145
133
134
165
146
180
148
170
141
161
158
147
169
156
185
154
154
152
162
166
189
153
152
155
160
173
155
168
198
183
186
160
174
171
178
176
172
164
169
177
179
170
182
175
177
184
175
191
181
180
193
184
183
187
195
182
194
190
189
192
188
193
197
190
191
192
194
195
196
196
197
198
-1
