142
159
126
174
113
181
154
163
122
129
138
112
149
107
175
140
131
140
107
120
115
129
113
121
111
122
114
171
123
156
116
182
117
173
108
148
114
132
106
130
104
110
119
111
106
172
146
126
110
134
124
145
109
109
162
100
141
105
161
161
165
150
123
100
152
160
147
139
133
104
181
151
108
158
186
105
121
125
137
103
147
135
144
128
101
144
118
124
119
101
136
103
143
164
102
112
102
132
120
116
155
118
177
136
117
154
115
128
135
159
131
145
127
143
125
138
173
150
146
151
152
127
153
166
148
183
130
158
142
176
134
163
133
139
137
156
171
182
190
157
141
167
169
153
164
170
149
155
166
157
170
183
175
187
168
160
185
162
180
179
176
165
168
180
169
172
167
188
189
186
195
174
179
177
184
178
191
178
188
189
185
195
184
192
196
187
190
194
193
191
192
193
194
196
197
197
198
198
-1
