141
118
152
145
163
190
140
171
112
138
128
134
108
105
127
114
104
120
101
116
131
120
110
126
129
102
129
101
119
121
126
100
111
131
167
104
153
142
160
128
117
134
175
102
158
100
143
105
174
107
106
157
124
149
137
136
145
103
115
139
123
159
161
133
103
124
144
189
109
147
107
164
174
169
168
149
141
127
166
138
156
166
140
125
139
162
164
116
175
146
136
173
113
108
119
150
137
112
106
157
121
113
130
115
114
168
111
109
118
110
117
122
132
130
123
125
122
135
160
151
132
146
147
133
142
177
156
135
186
184
143
152
148
180
180
154
148
177
154
163
191
155
153
144
191
162
150
190
172
151
165
176
182
155
159
161
176
158
165
188
178
195
167
169
171
170
179
172
182
170
179
173
178
183
181
193
184
181
185
188
186
185
183
187
196
189
187
192
193
197
194
192
194
196
195
197
198
198
-1
