108
101
120
116
129
133
162
139
110
128
144
160
112
100
154
116
122
134
115
144
138
112
111
101
189
159
126
100
113
173
102
109
153
149
120
125
111
132
163
121
119
104
108
128
117
124
114
126
127
171
180
105
119
184
115
154
125
106
131
164
122
177
136
140
127
130
159
107
145
106
186
135
107
131
102
143
141
171
117
114
167
186
110
153
109
103
132
152
146
170
149
140
124
129
103
105
151
148
104
168
134
174
151
142
123
161
113
118
150
156
147
123
118
147
139
170
181
152
133
145
121
138
136
137
150
168
155
130
135
158
142
162
167
137
146
141
176
188
143
165
148
158
165
166
155
156
182
164
169
160
183
192
157
157
161
163
183
177
182
184
169
166
172
191
175
175
173
172
187
178
178
174
176
195
179
179
191
180
181
196
188
190
185
190
185
187
193
189
193
192
194
198
195
194
196
197
197
198
-1
