120
100
123
127
111
125
146
124
124
108
102
137
101
134
104
103
129
102
129
150
113
136
133
128
118
131
140
191
109
141
173
147
114
142
183
173
130
122
164
132
149
119
153
115
161
143
171
138
167
190
151
106
161
117
149
169
110
135
137
178
107
125
139
176
112
132
108
128
101
135
111
100
105
110
126
131
136
141
122
112
114
106
145
138
127
105
116
187
154
157
104
164
121
133
115
121
107
109
142
103
153
144
147
143
165
117
118
120
163
126
139
140
113
148
166
116
123
119
154
155
166
156
130
165
134
180
162
167
156
158
185
191
172
160
150
174
144
152
146
148
151
145
168
171
178
198
160
152
162
155
168
170
180
157
159
159
158
185
170
195
188
163
175
177
174
187
172
184
169
193
175
184
179
181
176
182
177
181
179
183
182
186
186
193
189
188
189
192
194
190
194
192
195
196
197
196
197
198
-1
