186
150
133
122
105
179
129
119
100
103
105
153
104
140
134
129
106
132
131
102
114
150
113
178
143
158
124
122
138
138
128
116
110
101
160
151
104
109
117
115
137
112
108
157
135
198
130
121
119
140
151
102
115
133
132
156
118
139
180
171
127
191
125
118
166
174
113
155
137
136
107
146
141
185
130
100
106
142
112
127
126
110
181
131
117
101
103
170
154
108
120
123
125
135
156
152
175
116
152
111
107
128
163
121
109
114
134
187
111
144
142
124
161
163
162
139
143
123
120
173
126
146
160
149
149
155
136
183
159
141
145
147
147
161
188
167
175
145
168
159
148
153
144
173
165
158
148
165
171
154
172
170
164
164
157
172
176
162
167
168
166
180
184
192
169
169
182
177
179
186
174
177
187
195
176
178
181
182
197
193
185
184
183
194
189
190
189
188
191
190
193
192
195
194
196
196
197
198
-1
