4 14 5 1 0 1 3 0 0 0 10 1 8 2 4 3 6 6 0 4 2 5 4 7 7 5 2 0 0 3 2 1 9 5 0 5 4 16 3 0 5 0 2 4 7 11 4 5 6 6
32 27 9 3 25 0 1 5 16 16 2 10 1 13 4 14 10 6 2 11 5 1 7 5 15 6 1 1 25 28 15 0 14 19 3 6 3 5 4 7 0 15 5 2 4 2 19 5 3 0
0 7 0 6 3 0 9 7 1 0 15 10 12 8 5 9 21 11 0 29 8 3 7 10 11 22 5 6 9 26 0 1 1 9 11 18 11 4 8 3 2 3 9 8 7 8 33 2 4 1
1 12 6 1 1 10 15 16 2 0 1 0 3 0 0 1 1 8 27 1 0 0 2 10 9 6 18 14 7 0 4 14 5 1 1 8 0 5 16 1 1 6 1 2 4 0 1 6 3 4
2 0 1 2 1 0 1 0 0 1 0 0 1 3 0 1 0 0 0 0 0 0 0 7 0 0 2 0 0 2 0 0 0 0 0 1 1 0 5 0 0 0 0 1 1 0 0 0 1 0
0 0 0 0 0 0 1 1 0 0 0 6 0 0 1 0 0 0 0 0 0 1 1 1 0 1 0 0 0 1 0 2 0 0 3 0 0 2 2 0 0 1 0 0 0 0 0 0 0 1
8 2 10 2 4 11 13 2 14 11 16 37 1 5 2 2 14 3 16 13 7 3 15 15 10 1 11 7 3 4 19 5 1 6 1 18 10 10 2 13 13 9 18 20 7 2 12 34 1 2
7 0 5 14 4 5 0 3 1 12 2 3 0 5 0 11 1 4 4 6 5 10 10 1 7 0 5 0 2 2 2 4 5 1 9 2 5 7 2 4 3 4 3 9 0 0 6 2 8 5
4 0 15 7 6 19 6 0 1 1 0 0 9 4 8 3 0 3 21 9 29 7 2 5 3 4 0 0 26 10 1 5 10 18 19 5 5 5 3 27 19 1 2 1 9 6 14 7 8 2
3 2 10 4 8 2 5 5 2 1 2 0 5 19 2 10 1 15 9 0 1 3 1 3 2 0 4 12 2 5 16 6 2 2 1 0 1 3 1 2 0 7 1 3 2 22 2 1 6 6
0 0 0 0 0 0 1 2 1 0 0 0 1 0 0 1 1 0 0 0 1 0 0 0 0 0 0 0 0 0 0 1 4 1 0 0 0 1 1 0 11 0 0 0 1 0 0 0 1 1
0 2 9 28 4 6 16 39 0 5 8 6 1 4 7 2 1 31 1 4 3 7 12 19 1 1 8 7 5 2 28 17 0 1 3 16 0 4 8 1 5 8 6 10 9 19 4 1 4 0
3 2 0 0 1 8 0 2 13 6 0 2 5 0 5 0 5 1 1 1 2 6 0 0 9 2 2 0 3 10 20 7 2 0 7 3 0 2 0 2 2 3 2 0 0 12 1 0 0 3
8 3 3 3 0 19 1 7 8 3 7 3 11 0 9 0 7 0 3 2 2 8 6 1 1 7 7 14 3 0 11 28 5 6 34 9 6 2 2 14 3 0 13 8 12 5 9 14 10 15
0 1 1 0 1 0 1 0 0 3 0 0 0 4 0 0 0 0 0 0 6 0 4 1 0 0 2 1 15 3 1 0 0 1 0 0 0 1 0 0 0 0 1 0 0 0 4 1 0 0
5 9 1 1 0 1 9 4 2 10 7 0 3 21 3 1 0 0 0 3 0 5 0 1 3 0 3 0 2 1 4 3 2 1 1 2 12 3 0 4 2 0 0 7 0 2 4 0 15 9
2 0 1 0 0 0 0 1 0 0 0 0 0 0 1 0 0 1 0 2 0 1 0 0 0 1 0 0 1 0 1 1 0 0 2 1 0 4 0 0 0 5 1 0 0 1 0 1 0 0
10 9 7 3 3 3 1 9 9 5 15 1 7 9 9 4 10 11 20 1 11 22 0 8 2 16 17 8 0 7 10 0 9 13 14 12 11 5 30 14 8 6 5 3 5 5 1 20 6 0
2 3 6 2 9 0 11 30 3 0 9 24 3 7 3 1 15 7 2 0 16 6 5 7 12 15 4 12 1 8 11 11 12 9 19 11 7 7 7 32 3 14 0 11 0 1 8 11 4 15
8 1 1 5 5 1 0 3 1 7 9 0 12 3 3 1 0 7 23 3 17 1 12 0 9 6 4 5 35 0 0 6 1 11 2 6 6 1 5 0 1 3 6 1 3 8 9 4 0 0
8 3 15 1 19 0 30 7 4 3 12 5 14 0 8 1 4 2 7 20 3 2 2 0 0 18 3 12 8 10 14 11 1 38 2 3 0 4 15 4 4 5 8 9 6 14 7 10 2 2
4 2 7 10 1 4 1 3 0 1 5 1 56 17 12 5 2 6 9 10 3 4 26 12 2 0 5 12 0 17 0 4 1 4 7 3 6 2 22 3 10 5 3 3 24 0 2 13 8 5
28 4 0 1 38 6 6 1 21 8 6 0 3 3 15 10 12 1 9 30 12 18 10 5 6 0 10 0 32 9 4 6 3 1 7 10 7 1 0 11 1 4 4 2 4 1 0 12 3 29
12 1 6 1 1 2 3 3 0 0 1 0 1 0 6 0 2 7 5 3 6 2 4 2 0 3 7 1 4 13 1 5 0 2 7 0 11 13 9 2 1 0 0 5 1 0 2 9 6 3
5 1 1 3 5 6 10 6 2 31 19 10 7 0 2 10 4 4 19 35 9 8 5 8 7 12 3 1 18 15 28 7 3 0 14 8 2 17 12 6 13 5 8 5 13 1 17 18 11 17
3 0 1 0 12 2 2 1 3 9 6 5 31 20 16 4 4 19 9 1 11 0 6 0 2 1 7 0 0 1 16 4 0 12 8 20 2 5 5 15 9 7 4 0 6 6 20 3 5 1
14 0 7 6 4 18 1 1 4 7 1 0 16 0 3 0 0 2 4 4 6 5 1 4 0 1 1 2 14 5 0 0 1 1 4 5 0 10 0 7 1 7 5 3 12 2 2 6 5 11
1 7 16 8 1 0 0 0 2 6 3 13 20 6 7 0 4 4 22 7 2 8 13 11 40 5 6 0 7 2 3 2 0 14 16 0 0 1 1 12 0 0 3 17 7 5 24 11 18 0
1 0 2 8 2 1 9 6 2 4 1 14 11 5 2 4 1 1 0 7 3 7 0 5 0 17 7 0 4 3 8 0 0 0 3 12 7 6 3 1 2 2 3 6 1 3 0 0 11 0
0 12 7 12 1 8 4 1 14 4 6 6 0 6 13 38 20 2 2 2 8 11 1 7 7 1 3 28 3 9 5 0 17 0 16 5 7 16 2 20 0 25 2 13 26 10 2 4 0 12
4 19 1 0 2 4 2 8 0 5 6 0 0 22 1 8 5 11 0 1 15 1 5 0 0 2 3 0 4 3 1 6 15 0 6 0 0 9 0 2 16 6 1 6 0 17 12 1 0 2
0 0 0 0 0 1 0 0 0 0 0 12 0 0 0 0 0 0 0 1 1 0 1 0 0 0 0 2 2 0 1 2 2 0 1 2 1 0 0 0 0 0 0 0 0 2 0 0 2 4
0 0 0 0 0 0 1 0 1 2 0 0 0 6 0 0 0 1 0 1 1 0 7 0 0 0 0 3 4 0 0 1 0 0 1 0 0 0 0 0 0 0 0 1 0 0 1 0 0 0
1 5 10 10 16 12 5 3 4 6 3 6 8 0 0 0 7 2 1 1 2 0 1 14 40 4 2 11 3 0 15 1 3 7 20 2 3 2 3 0 0 3 6 0 11 15 0 0 2 3
6 0 1 15 4 11 4 0 5 1 2 0 0 27 5 0 2 0 18 1 17 1 0 0 0 7 14 0 11 3 1 0 2 0 0 14 12 4 12 0 3 1 1 6 11 2 3 7 3 0
0 1 0 0 0 0 0 0 0 0 0 0 1 0 1 0 1 0 1 1 0 3 1 0 0 1 0 0 0 0 2 0 1 0 0 3 0 3 0 0 0 0 0 0 0 0 0 0 0 0
0 2 0 0 0 0 1 1 0 0 0 0 0 0 1 1 0 0 0 1 0 0 3 0 0 0 1 0 5 0 0 0 0 1 0 2 0 0 0 1 0 1 1 0 0 0 0 0 0 0
0 9 1 5 6 7 9 0 1 11 20 6 16 3 7 8 44 0 1 2 0 25 4 1 5 3 8 2 5 13 6 6 1 7 5 4 2 1 1 6 1 0 3 0 13 9 6 14 16 13
0 7 3 2 5 12 2 6 3 0 2 1 1 3 8 5 10 0 0 3 0 6 2 5 0 0 19 1 6 3 0 13 22 2 11 6 4 0 1 2 0 1 2 5 3 1 0 6 5 2
0 0 0 4 1 0 0 0 2 0 0 0 2 0 1 0 0 0 1 1 0 0 0 15 0 1 1 0 1 0 0 0 0 0 0 0 0 0 7 0 0 0 0 1 2 0 1 1 0 0
0 25 6 0 6 2 18 1 8 9 17 8 3 8 1 11 0 2 0 2 7 2 0 2 9 25 24 2 4 1 5 5 5 21 2 11 0 0 0 7 8 8 7 34 5 26 17 36 2 4
0 27 16 1 21 0 9 7 15 2 0 1 5 15 11 4 8 2 33 6 8 0 7 13 11 1 28 2 3 0 2 2 3 5 6 44 26 6 23 2 11 5 3 2 4 6 5 6 15 7
3 5 1 0 0 1 1 6 0 2 2 4 3 2 14 13 2 1 8 3 1 3 3 0 4 8 0 1 3 5 0 10 2 11 5 3 2 0 5 3 25 1 4 0 10 7 2 3 0 7
0 0 0 3 0 0 0 0 0 0 0 2 0 0 0 0 0 0 0 0 0 0 0 3 1 0 0 1 0 0 0 0 0 0 0 0 0 0 2 0 0 1 0 4 2 1 2 0 4 0
17 4 14 8 0 7 16 3 1 5 0 6 3 8 1 3 7 21 4 26 4 34 11 10 38 15 6 6 3 15 0 31 11 0 5 11 1 9 4 2 5 6 14 47 4 3 2 17 5 11
10 9 16 0 27 2 16 9 4 22 7 19 14 4 8 9 0 5 0 5 9 4 9 2 3 5 6 2 22 0 19 8 9 3 0 3 4 12 2 13 2 4 16 5 11 4 2 4 1 4
0 0 0 1 0 0 1 0 2 0 1 1 0 1 2 0 0 1 8 3 0 2 0 7 0 0 3 0 0 1 1 1 1 0 0 3 0 0 14 2 1 0 0 1 2 1 0 2 0 0
0 3 2 12 2 0 0 0 0 0 0 0 1 0 0 0 0 0 0 0 2 2 3 1 0 0 0 1 0 0 0 0 0 2 0 0 0 0 7 0 0 0 0 0 8 0 0 0 0 0
0 0 0 1 0 1 0 0 0 0 1 0 0 0 0 0 0 0 0 0 2 1 3 0 0 14 0 0 0 0 0 0 0 0 1 0 1 0 1 0 6 0 1 0 0 5 0 0 0 0
0 10 8 0 0 5 2 9 1 11 8 3 1 2 15 4 3 1 2 1 10 0 6 0 4 4 6 0 11 3 4 0 0 1 3 5 13 11 0 0 4 0 3 0 2 0 1 9 5 1
1 2 1 0 1 3 4 4 1 6 1 4 6 0 4 1 0 0 6 3 2 2 0 3 1 0 1 1 22 2 10 2 4 1 5 0 0 4 5 8 1 0 5 9 2 9 0 0 5 6
4 0 1 0 6 0 5 1 1 0 18 1 9 10 3 0 0 1 0 0 0 4 3 1 5 2 2 0 0 0 0 0 0 0 6 1 5 2 18 5 8 2 7 11 8 0 1 5 9 1
0 0 0 0 0 0 0 0 0 0 0 1 0 1 0 1 0 0 0 0 8 0 0 0 0 0 0 0 8 1 1 0 1 0 2 2 0 1 0 3 0 0 0 1 0 2 1 2 0 0
1 3 19 2 2 11 4 2 3 0 0 7 6 10 7 0 1 2 4 8 1 4 0 0 0 1 0 14 0 0 1 3 9 14 7 6 2 1 2 3 4 6 9 2 1 5 3 10 2 0
1 9 2 2 1 4 4 0 1 3 0 10 0 6 1 6 2 15 14 0 0 3 0 1 2 5 0 1 0 3 0 1 0 39 3 1 9 1 8 2 2 2 23 16 6 0 1 3 3 2
12 3 11 1 4 6 4 9 14 8 3 5 3 0 5 0 1 14 1 1 4 1 0 0 1 3 7 2 0 2 3 3 3 3 3 12 0 6 2 3 12 3 3 4 3 7 0 2 0 5
0 0 0 0 1 0 1 0 0 0 0 0 0 1 0 0 0 0 0 1 0 0 1 1 0 2 3 1 0 1 0 0 0 0 0 0 1 0 2 1 0 0 0 0 0 0 1 0 0 0
3 3 2 7 5 1 27 4 12 0 0 0 11 6 8 3 8 1 1 20 0 7 18 3 25 6 2 1 3 4 4 2 4 10 1 16 1 2 15 4 1 16 5 4 6 1 14 1 6 6
1 0 1 0 1 2 0 0 0 0 0 0 1 0 0 0 1 1 0 0 0 0 7 0 2 1 1 2 3 1 0 1 0 0 0 0 0 1 1 0 2 0 1 0 1 0 0 0 0 0
1 0 0 3 0 0 1 1 0 1 0 0 0 0 0 0 0 0 11 0 0 0 0 11 1 0 0 0 0 0 0 0 0 1 1 0 0 3 1 0 2 0 1 0 1 2 2 0 0 0
0 0 11 13 7 7 3 22 6 0 0 2 6 16 23 5 12 4 0 2 4 1 13 1 10 6 4 0 6 22 6 4 4 3 1 4 18 23 2 0 2 9 10 1 1 1 7 3 11 5
0 0 0 1 1 0 3 0 1 0 0 7 0 0 0 0 0 0 0 1 2 0 0 0 0 0 0 0 0 0 0 1 0 0 0 3 0 0 1 0 0 0 1 0 1 0 1 0 1 1
1 0 0 0 2 0 0 0 0 1 0 0 0 0 0 0 0 0 1 0 10 0 3 0 0 0 0 0 0 1 2 0 0 0 0 0 1 0 1 0 0 0 1 0 0 0 0 0 1 0
1 9 7 20 2 3 2 2 9 4 28 0 2 4 10 9 15 0 0 3 1 0 3 16 9 8 7 2 4 4 26 13 2 4 4 3 32 6 31 4 10 9 4 16 15 0 0 0 24 0
43 26 6 0 0 3 4 10 5 2 3 8 2 3 3 1 3 38 0 23 5 0 5 0 1 1 2 13 4 1 4 0 1 9 12 0 26 17 3 33 2 22 3 11 2 5 24 8 13 4
1 13 0 11 3 1 11 11 18 1 16 3 10 5 2 4 5 0 10 0 14 0 15 2 4 1 4 4 4 14 41 1 11 47 0 2 2 2 6 17 5 4 7 2 17 9 7 5 0 10
1 3 0 12 0 2 0 10 4 13 29 6 8 0 10 0 7 10 2 3 2 2 4 5 6 4 6 2 1 38 17 21 13 20 2 11 2 8 32 46 2 2 32 9 12 3 1 29 2 9
0 0 0 0 0 0 1 1 0 0 0 0 0 1 0 0 0 0 1 0 1 0 0 3 1 2 0 2 0 0 0 3 0 0 0 0 0 0 1 0 5 0 1 0 0 11 5 0 0 0
0 8 4 3 3 0 2 8 4 3 1 5 0 5 2 0 5 5 0 7 0 1 4 2 2 0 2 1 8 4 0 1 0 1 0 21 6 0 10 0 2 17 2 0 5 4 3 4 14 4
0 0 1 0 0 0 0 0 0 1 2 0 0 1 0 0 0 0 0 1 0 0 0 0 0 0 0 0 0 0 0 0 4 1 0 1 1 0 0 0 0 0 0 0 2 0 0 1 0 0
0 0 0 2 0 0 1 0 1 0 0 1 2 0 0 0 0 2 0 1 12 2 6 0 0 0 2 1 8 1 0 0 0 0 0 0 1 0 0 0 0 0 0 0 0 0 0 0 2 0
1 17 1 4 10 1 3 6 9 13 7 9 2 9 2 0 2 3 0 3 8 3 20 10 7 1 17 0 2 24 0 2 3 8 7 19 51 13 5 6 7 2 11 13 4 2 8 0 1 1
10 8 0 4 8 27 11 3 4 1 4 2 15 8 10 8 15 2 0 14 2 14 3 1 7 0 10 6 0 14 5 10 2 22 0 0 9 1 14 5 0 9 1 2 3 9 8 3 3 13
10 2 8 5 13 9 0 5 4 2 7 0 4 4 4 6 11 1 7 6 10 7 0 4 7 3 5 14 5 19 0 2 1 4 3 0 1 18 5 8 6 25 11 0 0 14 8 1 5 0
3 5 5 5 0 2 11 5 8 13 15 8 2 9 12 9 1 1 16 8 12 10 2 16 7 7 5 12 9 6 1 17 0 14 12 0 2 4 0 28 1 4 9 5 25 4 5 26 5 15
0 0 2 3 5 1 5 2 5 1 0 2 11 0 6 6 0 1 2 9 0 11 2 5 2 8 6 43 3 2 0 2 14 5 5 14 8 4 0 9 7 12 3 1 0 1 7 3 0 9
0 0 0 0 0 0 0 0 0 0 0 2 1 0 0 0 0 0 1 0 5 0 1 0 0 0 0 0 4 0 0 0 0 0 0 0 0 2 2 1 0 0 0 0 0 0 1 0 1 0
0 0 0 0 0 0 1 0 0 0 0 0 0 0 0 0 0 0 0 0 10 1 0 0 0 0 0 0 0 3 0 0 0 0 0 3 1 2 0 0 1 0 1 0 3 0 2 0 2 0
10 5 15 1 6 4 32 0 8 13 32 4 1 4 18 6 4 1 17 0 9 0 1 9 7 1 16 8 2 3 28 39 23 26 2 26 50 15 11 19 8 4 9 5 17 2 0 0 1 3
13 9 6 1 6 1 11 0 0 0 2 6 2 6 1 12 0 6 4 4 2 14 3 12 6 7 1 11 0 2 5 21 2 0 15 14 40 14 14 2 17 5 0 3 10 2 11 1 4 0
3 3 16 0 6 10 7 12 4 2 4 1 6 2 33 9 11 0 1 1 25 3 4 3 11 3 2 7 0 2 31 5 8 26 1 14 1 3 4 19 26 2 0 3 0 2 21 2 15 4
3 7 2 2 3 2 1 2 10 0 15 0 21 4 0 2 2 8 0 15 1 1 11 1 5 3 5 3 1 4 1 1 0 3 0 2 6 3 0 1 9 0 4 2 0 5 1 11 3 0
8 2 7 4 20 2 2 0 0 3 13 9 0 13 3 37 1 3 12 7 8 6 0 14 2 6 2 4 1 38 5 0 3 3 23 2 8 4 5 2 23 0 17 0 0 9 22 36 4 0
0 0 0 0 0 1 4 3 0 0 0 5 0 0 0 1 1 0 1 1 0 0 0 0 0 0 0 0 0 0 0 0 2 0 0 2 0 0 0 0 0 1 0 0 1 1 0 0 0 0
10 0 15 1 6 10 4 7 3 3 0 1 13 13 12 18 2 0 3 0 21 14 5 26 17 1 0 14 6 2 1 40 18 0 5 3 8 0 20 0 8 0 17 26 15 23 1 14 26 5
0 0 0 0 0 0 0 0 1 3 0 1 0 0 0 0 1 1 1 1 0 1 0 0 0 1 0 0 1 1 2 0 0 0 0 1 0 0 0 2 1 0 0 0 0 1 0 0 1 0
0 0 2 0 2 0 3 0 0 0 1 2 1 0 0 0 0 0 0 0 3 0 5 0 0 0 0 0 0 1 0 0 0 0 0 0 2 0 0 1 0 2 1 0 0 0 0 0 0 1
4 0 4 0 5 6 4 4 3 3 1 0 0 6 3 0 8 3 3 14 6 5 1 4 0 1 0 2 8 0 0 0 0 6 6 0 0 0 0 4 0 3 2 1 0 1 4 1 4 4
0 2 9 2 5 11 2 1 0 5 2 13 5 6 0 9 2 0 1 1 5 14 3 27 2 2 11 4 0 9 4 2 13 2 0 0 12 1 4 5 2 4 1 3 19 2 4 4 3 4
1 2 1 1 1 5 0 4 11 3 0 0 7 6 1 6 15 4 13 0 0 1 7 5 6 5 5 0 6 3 3 0 0 2 4 0 2 3 10 0 1 5 3 0 1 9 6 0 0 0
0 1 0 1 0 1 2 0 0 0 1 10 0 0 0 2 0 1 0 0 0 0 0 1 0 1 2 0 1 0 1 0 1 0 0 0 0 1 0 0 0 0 0 0 0 2 1 0 1 0
4 1 0 0 14 2 4 1 0 1 3 1 7 1 0 13 0 6 1 1 5 3 0 5 11 2 3 4 4 19 0 0 17 1 2 0 16 3 2 1 7 5 2 2 3 0 2 9 9 1
0 0 0 0 0 0 2 0 0 1 0 0 1 1 0 0 0 0 0 2 8 0 4 3 0 0 0 1 4 0 0 0 0 3 0 0 0 0 2 0 0 0 0 1 0 0 0 0 0 2
0 6 4 0 2 7 2 0 1 0 5 4 1 1 4 3 8 19 0 1 5 0 5 7 10 9 4 4 4 7 5 2 2 2 7 4 1 1 14 0 3 1 0 7 0 23 4 0 16 2
2 0 0 0 0 0 2 4 1 2 0 0 1 0 0 0 0 1 0 4 0 0 0 0 0 8 0 0 2 0 0 0 1 0 0 0 0 0 0 0 5 1 0 0 1 6 1 0 1 0
5 4 8 1 13 6 1 1 3 0 1 9 8 2 2 0 19 1 11 1 0 5 1 4 0 0 16 3 11 3 0 10 18 1 0 6 10 3 1 8 0 0 6 11 0 0 2 2 0 4
11 6 0 0 5 4 1 14 3 2 1 1 1 0 4 4 5 7 2 6 2 13 0 3 9 0 0 6 0 2 2 0 2 3 15 2 3 15 12 0 0 3 1 7 9 2 0 12 4 4
0 1 0 3 0 1 0 0 0 0 1 0 0 0 2 0 0 0 0 0 0 0 0 0 0 0 0 0 0 0 0 0 1 1 0 11 0 0 0 0 0 1 0 0 0 0 0 0 0 0
8 2 3 0 5 9 9 6 9 7 25 8 0 0 4 0 0 8 9 1 1 2 1 0 0 3 3 3 1 1 1 0 2 2 0 2 7 11 3 0 0 0 2 2 7 11 2 6 0 3
4 0 9 5 0 2 14 5 4 8 7 2 7 3 13 9 31 17 8 13 8 1 15 8 3 4 17 9 5 4 5 8 5 16 3 7 8 14 0 2 15 10 13 14 7 6 21 0 9 0
