0 8 0 2 5 1 5 0 13 5 2 8 2 1 0 1 8 7 0 5 4 0 0 0 1 2 4 0 0 0 1 8 4 4 3 0 1 0 3 0 12 10 3 13 2 5 6 5 3 4
0 1 2 0 0 0 3 0 0 0 1 0 0 0 0 0 0 0 0 0 1 0 0 0 0 0 1 0 0 0 3 0 0 0 0 0 0 1 6 0 0 0 0 0 0 0 0 0 0 0
0 0 3 1 0 1 0 0 0 1 2 0 0 0 0 0 2 3 0 1 0 0 3 0 0 1 1 1 0 0 0 0 1 1 1 0 0 0 1 0 0 0 0 1 1 0 0 0 0 0
1 1 0 0 0 0 0 0 0 0 2 0 1 0 1 0 0 0 0 1 0 1 0 1 0 0 8 0 0 0 0 0 0 0 0 0 0 0 3 0 2 0 1 0 0 1 0 1 2 0
13 3 1 4 5 2 8 7 2 3 11 10 13 5 4 5 9 0 19 7 8 2 25 1 0 5 4 12 9 5 0 1 2 11 1 5 5 5 5 2 10 12 3 0 0 7 3 0 0 9
0 2 0 0 0 0 0 0 0 0 1 0 1 10 0 0 1 24 0 0 2 0 0 0 1 0 0 0 1 0 0 1 0 0 8 1 0 0 2 0 0 1 0 7 2 0 0 0 0 0
0 1 1 7 0 0 1 0 0 0 2 0 0 0 0 0 0 0 0 3 0 6 6 7 0 0 0 0 3 2 1 0 14 1 0 0 1 0 1 0 0 0 0 2 0 1 2 4 1 0
2 0 0 0 0 1 0 0 0 1 0 0 0 1 1 0 1 3 0 2 0 0 0 0 0 1 1 1 0 0 0 2 0 0 0 0 0 0 6 1 0 0 0 0 0 0 0 0 0 1
6 0 0 0 2 4 9 0 10 6 9 2 5 1 0 2 16 2 2 0 0 0 0 0 1 0 1 1 0 10 0 1 1 10 5 1 0 15 2 19 4 0 2 2 0 0 2 1 2 0
3 1 0 0 0 0 1 1 0 1 1 0 0 1 0 3 1 0 0 12 0 8 2 0 1 2 0 1 9 0 0 1 0 1 0 0 1 0 0 1 0 0 0 2 2 0 0 0 1 0
0 0 0 0 0 0 0 4 1 0 0 0 0 2 0 1 1 0 1 0 0 0 0 0 1 0 0 0 0 0 0 0 3 0 1 0 2 0 0 1 0 0 0 1 0 0 0 3 1 0
1 3 7 0 4 10 0 0 8 6 5 14 5 1 3 0 12 0 3 1 0 0 1 6 5 6 3 2 0 3 1 1 2 6 0 0 5 0 4 1 8 3 5 0 2 5 17 4 8 7
7 5 10 3 15 0 8 2 8 0 6 27 6 0 1 19 2 10 2 0 4 9 0 1 3 0 7 14 13 0 1 1 7 0 10 2 4 15 2 5 1 23 44 0 8 1 0 3 19 11
3 0 4 0 0 1 0 2 0 0 0 0 0 0 3 2 0 0 0 1 0 3 2 0 0 0 0 1 5 0 0 2 6 0 0 0 0 0 0 0 4 0 0 1 1 0 0 4 0 0
4 0 5 3 7 3 1 2 4 0 8 4 7 1 3 4 9 0 1 2 5 1 8 1 5 2 4 3 2 0 4 1 7 14 1 5 6 2 3 0 0 18 0 0 0 6 3 0 0 1
0 0 0 1 0 0 0 0 0 0 0 0 0 2 0 0 0 0 0 0 1 0 0 0 0 0 7 0 0 4 6 1 0 0 0 0 0 0 22 0 1 3 0 0 0 2 0 2 1 0
2 6 3 3 0 0 1 0 0 0 0 0 0 0 2 2 1 0 1 3 0 4 11 6 0 0 0 0 1 0 1 0 2 0 1 0 0 0 1 0 1 0 0 0 0 1 0 1 0 0
4 22 5 3 1 1 7 35 0 2 1 5 4 0 10 6 5 0 2 0 2 1 0 0 10 1 18 0 0 0 1 3 3 1 0 0 0 23 0 22 3 12 4 0 9 0 3 7 6 1
12 8 1 4 6 9 28 1 10 0 4 4 3 5 7 1 40 2 18 0 5 6 0 9 16 35 32 5 7 3 0 0 7 11 10 20 5 10 13 3 0 7 11 29 15 1 0 5 13 5
5 5 7 2 0 13 3 22 7 4 4 12 0 0 20 3 11 3 10 0 13 7 0 0 18 16 6 5 0 9 3 36 24 0 4 12 2 3 1 19 14 0 27 3 24 0 5 0 11 6
5 0 0 3 2 3 2 5 5 10 2 3 1 0 1 4 2 0 2 0 0 6 0 1 3 0 7 4 3 0 0 0 3 9 1 1 5 3 0 0 5 15 2 0 4 11 9 1 2 6
0 1 1 0 0 0 0 0 1 5 0 0 1 0 0 0 0 0 0 0 0 0 0 0 0 0 0 0 1 0 1 0 0 0 6 0 0 1 0 1 0 0 0 2 0 0 0 0 0 1
1 0 0 0 1 1 0 0 1 1 0 0 0 0 0 1 0 0 0 0 1 4 2 0 0 1 0 0 1 0 0 0 1 0 0 1 0 0 0 0 0 0 0 1 2 0 0 0 0 0
0 5 3 0 2 11 5 0 0 8 0 4 1 5 9 13 5 5 8 13 0 3 9 2 6 9 0 19 0 4 3 1 9 7 2 6 0 0 0 8 0 6 2 4 1 3 2 0 5 1
1 0 0 2 0 0 0 0 1 0 0 0 0 0 0 0 0 0 0 0 0 1 0 0 0 0 1 3 0 0 1 0 1 0 0 3 0 0 19 1 1 0 0 0 1 0 0 2 0 0
0 1 0 1 0 0 1 0 0 1 1 0 0 0 0 0 0 0 0 0 0 3 2 6 0 0 0 0 0 0 0 1 0 1 0 0 0 0 0 2 0 0 0 0 0 0 0 0 0 2
2 2 3 0 5 1 3 0 7 7 0 0 9 4 3 5 4 7 2 1 4 3 0 1 5 8 10 4 5 1 4 2 6 3 7 0 4 10 1 1 3 2 1 13 2 3 3 1 3 1
0 0 4 2 0 0 0 0 0 0 0 0 0 0 0 0 0 3 0 0 0 1 1 2 1 0 0 2 1 0 0 0 1 1 1 0 0 0 1 1 0 0 0 0 0 0 0 0 1 1
0 10 0 3 3 5 9 9 14 2 1 2 3 0 0 4 0 6 1 15 1 0 0 0 0 6 0 0 0 0 0 4 21 9 2 1 7 6 1 16 2 3 9 3 4 10 2 4 4 1
1 1 9 4 4 11 4 16 5 12 4 7 13 0 3 1 4 0 5 1 1 13 5 12 10 3 4 7 3 20 8 2 9 17 34 1 6 7 2 5 15 4 7 5 17 5 2 2 0 0
6 18 11 0 3 21 10 34 8 5 10 0 1 4 5 11 1 5 3 0 3 5 2 4 4 1 1 3 3 1 20 2 1 4 16 7 0 3 3 0 4 3 8 8 1 4 9 15 12 3
0 10 0 18 0 0 1 0 0 0 0 0 0 0 0 2 0 0 0 13 0 2 2 15 0 1 2 0 2 0 2 4 2 2 2 0 0 0 1 1 0 0 0 0 1 0 1 1 0 0
1 0 4 2 0 0 0 1 1 0 0 1 1 0 1 1 0 0 2 0 0 15 5 3 0 0 0 1 3 1 1 0 0 0 0 0 0 0 0 0 0 0 0 0 0 0 1 0 1 0
3 0 4 27 2 0 8 6 4 0 4 2 1 1 3 6 6 5 11 1 9 11 3 16 0 0 10 4 0 11 6 43 13 0 7 0 1 3 17 3 10 3 1 2 16 0 3 2 12 7
1 0 3 0 0 0 0 0 1 0 1 2 0 1 0 1 1 0 0 0 0 0 0 1 0 0 2 0 3 2 1 1 0 0 0 0 0 0 12 0 2 0 0 0 1 0 0 0 1 2
9 16 4 0 0 4 0 1 2 7 13 0 6 4 3 0 8 2 1 2 12 7 0 0 11 4 3 1 0 1 3 0 2 3 10 4 3 1 18 3 3 5 0 8 4 11 1 4 5 14
0 16 3 1 0 0 0 0 1 0 0 0 0 1 0 0 0 3 1 4 0 12 4 1 2 0 0 0 2 0 1 0 4 0 3 1 1 1 0 3 0 0 0 1 0 0 2 15 0 2
36 42 1 0 9 0 4 1 5 2 5 3 19 0 1 2 13 1 2 2 5 1 30 14 0 8 3 2 15 3 0 3 22 8 13 2 0 7 7 0 11 12 4 0 8 9 5 0 6 0
1 7 2 2 7 14 2 6 1 9 7 6 0 3 14 0 2 3 24 0 2 3 5 12 2 3 0 6 0 6 0 12 0 3 1 44 21 5 4 7 0 15 3 0 10 31 1 5 6 2
1 5 1 2 0 10 1 5 0 0 5 8 25 2 16 9 2 7 2 9 0 2 8 0 3 17 0 0 4 1 0 7 0 1 3 0 0 0 0 2 1 1 3 9 1 0 0 9 0 1
5 4 9 2 6 2 6 2 5 1 1 12 12 3 4 0 0 7 10 4 1 2 0 2 4 19 0 3 4 1 0 0 0 8 19 7 0 14 1 7 1 4 3 2 2 2 7 5 4 6
23 3 3 8 20 1 0 4 20 9 4 6 14 5 23 0 5 3 11 9 9 8 2 1 3 7 2 3 6 6 0 5 8 4 2 9 5 6 0 14 6 3 23 3 1 2 0 20 8 5
0 4 9 1 0 0 0 0 0 0 2 1 0 0 0 1 0 0 0 24 0 8 5 2 1 0 1 0 2 0 0 1 1 0 0 1 2 1 0 1 0 0 0 0 0 0 0 2 1 1
0 1 1 0 1 1 0 0 1 0 0 0 0 0 0 0 1 0 0 1 1 0 0 0 0 0 0 0 0 0 5 0 0 0 0 1 0 0 8 0 0 0 0 2 0 0 0 0 0 0
0 0 3 0 0 0 1 0 0 0 0 3 0 2 0 0 0 3 1 0 1 0 0 1 0 0 0 1 2 0 0 0 2 0 3 0 0 0 0 1 0 0 1 1 1 0 0 1 0 0
0 0 0 0 0 1 0 0 0 0 1 1 1 0 1 3 1 1 0 0 0 0 2 2 0 1 0 0 0 3 1 1 0 1 5 1 0 0 0 0 0 0 0 2 0 0 0 0 0 0
3 22 3 1 0 4 0 5 2 0 8 0 16 4 1 0 0 1 3 9 3 20 0 13 3 1 3 1 8 1 3 0 2 4 7 12 4 1 2 0 6 3 8 8 3 0 8 16 3 3
0 0 7 3 10 19 9 19 15 5 18 5 2 13 5 1 18 3 6 0 0 0 24 6 3 1 6 4 8 0 18 1 4 6 0 7 8 10 0 3 11 6 20 10 0 26 2 19 2 2
8 2 3 3 1 4 2 0 1 1 3 18 3 5 18 9 26 7 11 0 0 6 2 3 6 18 1 1 0 1 2 4 3 8 8 11 9 4 4 3 8 0 9 12 0 4 1 1 0 1
0 7 3 1 0 0 0 0 3 0 0 0 0 0 0 1 0 0 2 0 0 7 0 3 0 0 0 0 12 1 0 5 5 0 0 0 0 0 1 0 0 0 0 0 7 0 0 13 1 0
4 6 1 2 10 0 26 28 5 1 2 16 7 22 12 9 10 2 8 4 13 15 4 13 11 8 3 19 13 15 0 4 12 5 12 3 20 2 3 1 7 1 4 3 2 1 27 1 14 10
2 5 0 6 1 0 2 0 1 0 0 22 4 1 2 4 3 1 2 2 0 1 1 0 8 0 2 1 2 4 5 2 10 0 5 0 0 0 3 1 12 2 5 3 5 2 5 7 2 0
0 0 0 0 0 0 0 2 0 1 0 0 1 0 0 1 0 0 0 0 0 0 0 0 2 1 15 1 0 0 11 0 0 0 2 0 0 0 8 1 1 0 0 0 0 1 0 0 0 0
0 0 2 0 0 0 0 0 0 0 0 0 0 0 1 0 0 0 0 5 0 4 0 0 0 0 1 0 0 0 0 2 22 0 1 0 0 0 1 0 9 0 0 0 1 0 1 11 0 0
13 0 0 1 1 1 1 4 1 7 6 3 0 2 0 2 1 3 1 0 4 0 0 1 4 4 20 3 0 1 1 1 2 0 7 18 3 7 6 8 0 4 1 13 0 0 0 1 2 1
0 3 1 0 0 0 1 0 0 0 0 0 0 0 0 0 0 1 0 0 0 0 0 0 0 0 0 0 0 1 31 0 0 2 0 3 0 0 8 0 0 1 0 0 0 0 0 0 1 0
6 0 21 2 10 4 43 4 11 4 26 6 26 16 0 2 1 1 5 25 2 10 25 7 3 5 5 9 17 0 0 17 25 7 6 0 1 5 1 2 0 32 3 1 7 0 7 17 1 6
0 0 1 1 1 0 0 0 0 0 0 0 0 2 0 0 2 5 0 0 0 0 0 0 0 0 0 1 1 0 0 0 0 0 13 2 0 0 0 0 0 0 0 2 0 0 0 0 0 0
5 0 0 0 2 1 17 0 1 3 1 8 0 4 7 3 0 6 4 0 4 1 1 0 0 0 4 6 0 6 3 5 0 4 0 8 1 2 3 5 13 7 4 0 1 3 3 0 22 13
0 0 0 1 0 0 0 0 0 1 0 0 2 9 0 0 0 3 0 0 1 1 1 0 0 1 0 1 0 0 0 0 1 0 1 0 0 0 0 1 0 0 0 0 0 0 1 0 0 5
0 0 3 11 0 1 0 0 2 0 0 0 0 3 3 1 0 2 0 3 0 0 1 11 1 0 0 0 8 0 0 1 0 1 0 0 0 0 0 1 4 0 0 0 1 1 0 17 1 0
2 3 0 2 2 4 11 4 2 6 8 4 1 9 11 4 2 2 3 5 1 3 0 0 8 2 4 1 2 2 12 3 1 0 25 4 1 0 7 2 6 16 0 12 1 6 9 8 3 5
3 2 1 0 17 15 5 4 3 2 3 0 1 15 4 3 1 0 0 2 0 2 0 0 0 4 4 5 0 6 0 1 1 2 5 9 4 0 0 9 1 0 5 2 4 7 0 0 4 0
0 0 0 1 4 2 4 12 3 0 2 6 6 4 2 6 0 2 3 0 1 0 0 0 2 3 2 11 1 0 2 0 0 1 4 5 0 0 7 3 0 1 0 0 3 8 2 0 7 0
11 2 21 11 4 1 0 19 2 4 7 7 18 5 7 11 7 5 0 4 1 11 0 13 7 2 10 4 3 6 0 20 13 1 20 12 1 11 11 12 8 8 9 4 2 3 1 9 9 8
0 0 11 0 0 0 4 0 0 0 1 1 0 0 0 0 2 0 2 0 0 4 0 1 0 0 0 0 1 0 0 1 0 0 1 0 0 1 0 1 0 0 0 1 0 0 1 0 1 1
8 0 0 3 7 3 0 17 0 3 21 6 1 6 13 11 4 3 1 11 3 1 13 2 8 0 2 5 0 7 0 8 0 10 5 2 28 0 10 2 4 9 0 3 1 0 4 6 1 7
6 3 0 3 2 1 7 0 9 7 4 0 1 0 1 0 0 3 2 3 4 0 1 0 1 1 0 3 0 1 4 4 6 0 4 5 9 10 4 7 1 2 1 3 0 2 8 5 13 1
27 3 0 7 8 2 17 4 8 9 0 2 0 11 2 5 0 9 4 7 20 14 0 17 20 0 0 8 11 7 17 4 1 2 0 6 8 0 1 5 4 13 0 1 9 8 5 18 0 5
0 0 1 1 0 1 0 1 0 0 0 0 0 1 0 0 1 0 0 1 0 2 0 21 0 3 0 0 1 0 1 0 0 1 1 0 0 2 0 0 0 1 0 0 1 0 0 0 0 0
1 3 2 3 9 12 0 12 0 0 2 3 1 12 6 15 9 6 5 13 10 0 10 9 2 1 16 4 0 1 12 22 9 0 2 5 3 4 14 12 0 6 5 43 2 0 0 7 16 27
1 1 2 10 1 0 19 7 1 14 8 4 4 32 2 7 0 0 4 9 15 0 4 12 7 1 16 0 1 1 1 0 2 17 11 0 1 0 10 9 4 0 1 4 1 18 24 8 5 8
0 0 2 0 0 0 0 0 0 0 2 0 0 0 1 0 0 0 0 0 1 2 10 1 0 0 0 0 2 0 4 0 0 0 0 0 1 0 0 0 0 0 2 1 1 2 0 0 1 2
16 4 0 19 0 6 3 4 9 3 0 0 8 0 3 0 0 0 12 2 2 0 1 1 11 6 1 1 3 3 3 3 10 3 1 1 10 1 6 3 8 3 0 0 2 2 9 1 2 1
1 9 8 16 23 0 12 8 1 14 9 22 1 1 0 17 3 7 6 14 36 1 5 4 2 7 7 7 10 15 6 5 7 2 15 9 26 2 30 9 6 4 2 19 0 23 7 3 1 1
6 6 2 4 10 3 26 0 4 13 3 9 45 3 0 0 31 6 29 0 0 3 0 13 4 10 12 0 0 1 6 5 9 0 7 1 3 0 0 7 2 6 8 6 24 0 1 3 10 4
10 3 7 5 3 0 3 1 1 6 8 4 6 17 2 8 0 1 0 0 4 2 0 0 4 4 1 2 7 2 30 16 9 4 4 3 1 0 14 0 3 0 0 3 16 1 0 3 0 9
1 0 0 0 0 0 0 0 1 0 1 0 0 11 0 0 1 4 0 0 0 0 0 0 0 0 0 0 0 0 0 0 0 0 7 0 0 0 0 1 0 3 2 5 0 0 0 1 1 0
0 1 15 0 0 1 0 0 1 0 2 1 1 0 2 0 0 2 1 1 1 3 1 0 0 0 0 1 0 0 0 2 11 0 0 1 0 0 0 0 4 0 0 2 0 1 1 5 0 1
3 1 7 5 5 2 0 5 0 15 0 3 1 16 12 5 6 0 2 2 4 0 2 1 10 4 2 0 3 2 1 0 0 0 7 2 11 8 4 1 3 1 3 2 6 0 0 2 1 1
0 8 0 1 0 0 0 1 1 0 0 1 0 0 1 0 1 0 1 0 0 9 3 1 0 1 1 1 2 0 0 1 4 6 0 0 0 0 0 0 2 0 0 0 1 0 0 5 0 0
0 2 0 0 0 0 4 0 0 1 2 0 0 10 1 0 0 0 1 1 0 1 0 0 0 0 0 1 0 0 1 1 0 1 3 0 0 0 0 0 0 0 1 6 0 2 0 0 0 0
0 4 3 18 4 1 1 3 7 3 0 6 0 2 0 0 1 6 11 3 0 5 4 3 0 22 0 1 18 12 7 15 19 4 8 0 13 8 0 13 29 9 1 0 4 4 3 12 0 1
0 3 1 0 0 1 1 0 0 0 0 0 1 12 0 0 0 0 0 0 1 0 0 0 2 0 1 0 2 2 0 0 0 1 1 0 0 0 0 1 1 0 1 2 1 1 0 0 0 0
0 0 2 0 2 1 1 0 0 0 0 0 0 0 1 0 1 0 0 0 0 0 0 0 0 0 6 0 0 0 0 0 0 0 0 0 0 0 8 1 0 0 1 1 1 0 0 0 0 1
1 13 13 5 5 8 1 4 2 1 4 13 5 0 1 3 0 0 1 4 4 7 6 2 1 2 2 3 7 2 1 0 6 4 7 3 9 2 1 19 21 0 9 8 10 3 0 0 4 4
4 6 10 0 5 2 4 3 1 2 0 0 2 7 6 0 3 1 6 10 0 25 22 0 8 5 5 18 2 6 11 14 5 5 7 13 1 31 0 17 6 2 8 7 3 1 0 4 0 1
19 21 13 2 5 1 1 3 4 0 1 0 1 6 8 10 9 1 7 2 2 13 1 2 1 17 2 5 0 7 0 7 9 1 0 0 0 6 5 14 0 5 16 6 8 3 7 5 4 2
0 0 1 0 0 0 1 0 1 0 3 0 0 1 1 0 0 0 0 1 1 0 0 0 0 0 0 0 1 1 4 0 3 2 1 0 2 0 0 0 0 0 0 1 2 1 2 0 5 0
19 2 6 9 1 2 24 5 8 34 10 10 2 0 24 10 0 12 14 4 2 4 0 4 23 15 3 2 1 10 1 1 6 0 23 32 1 2 20 13 5 4 3 9 0 1 8 5 5 3
2 5 3 3 0 5 3 0 23 3 1 2 25 5 4 7 18 6 10 3 3 0 2 4 6 19 15 2 0 12 0 1 1 16 4 13 4 23 9 7 26 8 3 20 17 0 5 5 8 6
7 3 3 6 6 1 8 1 19 0 0 9 0 1 0 0 3 8 10 18 6 9 1 2 9 2 0 1 1 6 0 0 0 3 5 0 3 17 8 0 3 21 9 1 1 4 12 4 0 5
3 3 20 3 3 8 0 2 5 2 8 2 26 0 7 5 3 3 11 4 1 1 3 3 3 3 3 9 15 11 10 1 26 1 1 14 13 5 31 0 17 6 7 5 10 7 1 8 1 0
21 0 2 2 1 7 0 2 1 15 0 14 1 4 3 1 1 5 3 3 29 4 1 1 0 7 8 1 2 8 12 5 2 23 62 10 9 5 2 14 2 8 0 7 11 0 11 1 5 14
12 13 5 3 22 9 13 1 0 4 0 1 0 1 4 4 8 0 10 2 0 3 4 9 0 10 0 2 0 1 8 3 0 4 0 4 0 6 4 2 1 0 0 0 9 9 4 0 3 2
1 0 0 2 1 4 2 14 5 10 7 4 0 0 4 1 0 6 2 0 2 3 1 1 2 4 0 0 5 30 1 0 3 0 29 1 1 6 0 6 1 0 2 1 6 3 4 1 2 1
9 2 7 7 9 16 9 4 2 5 15 0 7 10 2 3 10 7 7 2 8 2 1 0 1 5 1 1 2 2 2 0 3 32 1 1 6 4 2 3 1 8 7 3 9 3 16 0 1 19
0 2 3 10 11 3 1 8 5 6 0 1 0 8 0 1 1 4 9 5 17 0 7 3 1 3 10 0 7 16 10 11 9 1 2 3 10 3 55 0 5 11 4 1 10 9 8 6 2 19
6 6 4 4 0 4 1 1 1 4 3 3 1 9 1 3 2 7 0 0 5 8 11 17 1 12 10 1 0 0 0 5 3 9 2 2 3 23 0 0 0 3 14 0 4 1 1 1 2 9
6 4 0 1 0 6 4 2 2 11 21 19 3 1 5 2 2 4 4 1 7 3 0 4 19 0 0 11 12 17 10 7 4 12 0 8 1 9 16 28 9 1 15 10 6 1 16 6 7 21
