0 0 2 0 0 0 3 0 0 0 0 0 0 0 2 0 0 3 0 0 0 0 0 0 0 0 0 0 0 0 0 0 0 0 1 0 0 0 0 0 1 0 0 0 1 1 0 0 0 0
0 0 0 0 4 0 3 0 6 2 0 1 0 0 0 0 1 0 1 0 0 1 3 0 0 1 0 0 0 0 0 2 0 1 1 1 1 0 0 0 0 1 1 1 2 1 0 0 0 3
0 0 0 1 0 0 1 0 1 0 0 1 0 0 0 0 1 1 0 1 1 0 1 0 1 1 0 2 0 0 2 1 0 1 2 1 0 0 0 0 0 1 0 0 0 2 0 0 0 5
0 11 0 1 12 4 12 12 12 5 28 3 3 5 2 14 3 16 7 3 3 20 11 9 4 1 2 0 21 4 1 5 1 4 30 0 0 14 11 5 12 10 1 1 1 1 0 38 7 0
2 0 0 0 1 0 1 0 0 0 0 1 1 1 0 0 0 1 0 0 1 0 1 0 0 0 0 0 0 1 0 0 0 0 2 2 0 0 0 0 1 0 0 0 0 1 0 0 0 0
0 4 1 16 7 0 5 1 3 0 5 2 8 15 13 1 1 2 3 0 7 1 4 1 6 1 0 0 3 1 0 9 8 3 4 8 0 6 0 1 30 0 4 2 12 15 8 16 0 0
35 6 0 13 0 1 0 2 6 33 11 36 1 14 3 0 9 3 2 0 1 6 4 0 10 7 7 1 1 3 3 1 1 5 0 0 2 0 6 2 5 6 0 1 19 4 7 3 8 4
1 2 0 9 4 8 0 1 2 20 0 0 1 2 0 8 4 2 0 0 8 10 14 26 3 5 13 1 2 2 1 1 5 0 2 2 4 0 2 5 0 1 1 0 0 5 1 1 3 6
5 0 0 0 0 4 0 0 11 1 1 2 0 0 0 0 0 0 0 4 2 0 0 0 0 0 1 0 5 0 0 0 0 0 1 0 0 0 0 0 2 0 5 0 1 0 0 0 1 2
4 4 16 4 1 0 4 6 12 1 2 22 5 23 3 50 3 7 4 9 3 1 2 4 21 0 6 11 0 1 6 0 0 0 2 4 6 8 6 0 3 7 2 1 12 21 4 3 3 26
0 4 0 0 7 0 0 4 4 0 3 0 3 3 0 8 0 0 1 0 3 0 0 0 2 2 0 1 0 4 0 5 0 0 8 1 8 1 0 1 3 0 1 0 0 0 0 0 0 0
1 2 0 0 0 7 2 0 2 6 0 3 1 0 1 0 2 3 3 9 0 8 6 0 0 0 7 0 2 1 0 0 0 15 0 1 0 0 2 0 0 2 0 1 3 4 0 2 0 0
3 2 4 12 7 15 7 6 5 46 18 3 8 0 1 12 9 18 5 12 10 0 19 2 3 7 4 8 1 21 15 5 17 11 7 5 12 1 8 4 17 7 2 15 1 1 1 1 11 8
8 2 15 3 1 2 1 12 0 3 0 2 3 10 6 0 12 6 17 0 2 9 0 0 5 7 2 2 5 13 4 0 1 8 4 7 6 4 4 19 0 4 5 0 1 3 9 1 4 0
0 0 0 0 0 0 2 0 0 11 0 0 0 0 1 1 0 0 1 1 0 0 0 0 0 0 0 1 0 0 0 0 1 1 4 0 1 4 0 0 0 0 0 0 1 1 2 0 0 1
1 2 10 6 2 6 0 0 4 14 0 3 7 2 8 6 0 0 10 0 28 3 1 9 16 7 3 4 2 14 1 6 4 2 33 20 4 2 7 1 16 3 0 6 0 4 2 1 1 4
2 2 1 0 0 0 0 0 0 3 0 0 0 0 1 1 0 0 0 1 0 1 0 1 0 0 0 0 0 1 1 0 0 2 0 0 0 0 0 0 2 0 0 1 0 3 2 2 0 0
0 1 2 4 2 0 4 5 8 2 4 3 12 1 1 0 13 31 2 1 7 0 3 1 1 6 10 5 4 2 0 3 6 4 0 3 0 2 1 4 0 8 9 0 0 14 11 0 0 15
2 3 4 2 3 1 6 10 5 5 0 1 5 13 15 3 7 1 3 1 6 5 1 32 4 8 1 0 10 10 2 4 2 0 2 0 0 4 1 1 2 0 3 0 1 2 2 4 11 9
4 1 1 0 0 1 1 8 0 1 6 10 8 3 1 13 21 2 6 1 4 11 1 1 0 2 4 3 7 1 6 1 1 3 1 6 0 4 19 8 14 20 3 4 2 0 3 5 2 3
0 0 10 1 0 1 20 3 1 15 2 18 4 3 9 2 0 0 4 0 12 1 1 1 0 10 5 11 4 2 13 6 23 5 1 17 1 9 3 7 3 7 0 9 3 7 1 0 9 2
7 4 1 2 6 4 1 1 6 1 2 6 1 1 27 3 3 17 10 1 1 7 0 6 2 3 0 4 0 2 1 0 1 0 3 11 6 11 5 0 1 6 0 13 0 1 3 6 3 2
0 0 9 23 0 9 1 2 2 0 7 5 2 3 8 4 3 0 5 2 1 1 5 16 6 11 9 9 0 0 4 2 1 0 3 1 2 6 8 3 1 1 0 6 1 0 0 2 4 2
10 11 7 3 2 5 35 11 0 8 5 2 3 1 7 5 20 3 10 16 2 6 10 2 0 8 2 4 12 17 7 1 1 0 5 37 4 2 6 5 15 4 1 15 9 3 6 1 17 0
0 0 0 0 0 1 0 0 1 0 1 0 0 0 0 2 0 0 0 0 1 0 0 0 1 0 1 1 0 1 0 2 0 0 0 2 2 0 0 2 1 1 0 0 0 6 0 3 2 0
0 0 5 0 1 0 2 1 0 1 0 0 1 0 1 0 0 0 1 0 0 0 3 0 0 2 0 0 4 0 0 0 0 0 1 0 0 0 0 1 0 1 9 0 0 0 0 0 0 1
0 0 0 3 1 0 0 0 2 0 0 0 0 1 3 0 0 0 0 1 2 0 1 0 0 0 0 0 0 2 0 1 0 0 0 0 0 1 0 0 0 1 0 0 0 3 0 0 1 0
32 0 0 1 2 7 33 8 4 5 0 4 3 2 2 18 1 10 6 28 5 8 3 14 13 7 29 6 5 46 0 3 7 11 6 0 7 21 3 2 3 20 1 10 1 7 1 6 12 9
0 13 4 3 1 10 14 15 4 10 2 1 8 1 0 1 15 2 5 4 3 2 27 2 5 1 7 7 5 2 4 1 10 7 4 1 0 6 8 12 1 27 1 2 0 0 4 4 6 2
0 2 1 0 1 0 4 1 0 0 2 3 0 0 0 0 0 0 0 1 0 0 0 4 1 0 0 0 0 0 0 0 0 0 0 0 0 0 1 1 0 2 0 0 0 0 1 1 0 0
0 0 0 0 1 3 1 0 1 1 0 1 0 0 25 1 0 1 0 0 0 0 1 1 0 0 0 0 1 0 0 0 0 0 2 0 0 0 0 0 0 1 0 0 4 1 1 0 1 1
2 8 0 5 1 5 2 0 7 7 4 3 0 22 3 4 0 5 21 3 7 7 7 15 0 6 43 4 4 0 1 5 1 2 1 8 3 2 1 0 4 2 0 9 3 8 0 12 3 7
3 0 10 19 10 8 1 5 4 3 23 0 23 7 7 9 2 19 0 13 9 1 0 4 21 5 13 15 3 5 0 12 2 31 1 0 3 2 11 20 1 10 11 14 0 3 6 17 4 4
27 17 4 6 12 13 15 5 5 5 41 2 3 1 3 1 27 17 0 10 8 0 3 3 5 1 0 6 4 13 30 11 19 0 2 0 2 3 4 1 0 1 0 3 10 1 11 1 0 7
7 3 1 5 0 0 5 0 0 1 0 2 0 0 8 0 0 3 1 2 2 1 9 1 0 1 15 0 0 0 1 1 7 3 0 2 0 1 1 1 0 6 1 7 0 3 0 1 3 1
18 4 1 10 10 5 5 1 1 2 3 11 4 2 0 2 3 4 7 5 1 8 37 2 7 4 0 1 1 4 14 4 3 4 1 3 0 4 11 5 3 0 0 14 9 3 6 12 7 7
9 0 14 5 4 15 5 9 6 31 4 4 0 14 1 0 21 10 11 13 0 17 2 2 0 9 17 6 3 5 2 0 2 10 10 5 0 22 10 5 1 9 3 21 8 9 2 1 0 2
5 4 7 0 2 21 0 2 0 0 4 4 7 5 0 0 4 6 0 2 6 1 6 8 3 1 4 4 3 3 0 7 1 0 9 2 6 10 11 1 0 1 4 2 8 0 6 1 0 4
2 0 13 3 16 6 0 3 10 18 0 15 12 4 6 1 9 28 15 3 18 3 10 14 9 2 0 22 5 2 14 3 4 6 6 4 11 3 1 5 16 6 4 7 14 4 11 0 0 53
1 1 0 1 0 0 18 0 1 0 0 0 1 0 3 0 0 3 0 1 0 0 0 0 0 0 0 0 4 0 0 0 1 0 0 0 1 0 0 0 1 0 0 1 0 0 0 0 0 0
6 2 8 4 3 4 0 5 4 7 10 4 7 0 7 9 0 2 0 11 4 0 3 2 0 14 5 6 2 6 1 1 0 3 0 14 0 0 1 0 5 1 18 3 3 3 1 4 3 14
3 3 5 2 2 3 0 3 4 4 17 1 3 0 0 0 32 0 2 3 4 11 0 0 4 4 7 1 3 4 1 0 1 14 0 1 4 2 1 9 6 0 4 1 0 5 2 1 2 5
7 2 3 7 13 28 7 0 1 11 6 2 6 12 8 1 2 0 34 0 1 22 5 7 7 18 1 6 2 2 8 6 6 7 3 4 17 0 3 0 14 0 1 18 4 4 8 0 14 5
3 3 18 17 23 4 0 7 14 1 19 0 4 23 0 0 2 13 8 4 2 2 18 5 0 23 1 5 1 13 1 0 0 22 18 10 1 1 10 10 7 0 11 6 7 17 2 1 0 6
18 13 11 23 8 29 0 11 0 0 5 11 16 7 2 28 2 10 6 5 7 3 3 20 5 1 17 21 8 3 15 4 7 12 4 1 5 1 8 0 7 1 10 20 14 17 4 6 12 13
0 0 1 0 1 0 0 1 0 0 1 0 2 0 3 0 0 0 0 1 1 1 0 1 0 4 2 0 0 0 1 0 0 0 0 0 0 0 1 0 0 0 0 0 0 0 0 0 0 0
0 0 0 0 0 0 0 0 2 9 2 0 0 1 0 0 0 0 1 0 0 0 0 0 0 2 2 0 1 1 0 0 1 0 1 1 0 0 1 0 0 0 0 0 1 7 0 0 0 1
11 21 8 9 0 11 19 12 1 5 11 3 4 3 16 7 10 3 6 15 0 0 20 19 21 16 12 18 2 4 5 12 4 10 7 8 5 3 1 20 1 22 0 5 1 0 8 7 7 9
6 3 3 5 11 3 4 7 7 1 12 3 36 2 1 6 2 0 0 3 7 2 3 11 10 1 4 1 22 5 1 5 3 7 0 22 29 4 0 1 1 4 5 1 7 5 0 0 2 4
6 16 19 15 2 14 6 5 0 1 5 5 0 1 14 3 1 8 6 0 16 3 9 7 2 23 1 17 21 10 1 5 12 4 2 0 7 2 2 9 19 10 0 4 10 29 2 2 13 6
22 0 8 22 2 9 16 26 14 0 3 9 4 4 2 13 15 1 7 7 33 23 5 9 1 2 12 15 3 5 2 3 4 2 16 0 3 21 7 11 30 6 0 14 15 2 17 14 17 3
14 3 5 6 1 4 4 3 13 1 0 0 0 18 1 13 0 3 2 3 5 3 0 5 4 0 6 2 1 0 1 1 0 18 13 4 0 0 2 3 0 0 5 3 10 1 2 0 5 30
3 0 0 1 10 0 2 3 9 1 0 1 3 0 0 1 0 0 0 0 9 1 0 2 11 1 1 1 3 0 0 1 0 1 10 0 1 5 0 3 0 1 1 0 6 0 0 1 0 0
0 0 0 0 1 1 1 0 7 0 0 1 0 0 1 0 1 0 0 0 0 0 0 1 2 1 0 1 1 0 0 3 1 1 2 0 0 2 1 0 0 0 0 0 0 0 0 0 0 0
5 0 9 7 11 2 0 18 8 0 5 10 6 11 1 2 32 18 3 5 0 13 19 3 8 1 5 23 13 0 10 6 4 1 5 0 40 8 5 9 25 2 5 3 5 2 2 6 1 3
0 0 0 0 0 0 1 1 20 0 0 0 0 0 3 2 0 1 0 0 0 1 0 0 0 0 2 0 0 0 0 0 0 0 0 1 0 0 0 0 0 1 0 0 0 0 0 0 0 1
16 2 6 3 3 11 10 41 6 16 8 26 5 6 1 3 1 1 2 19 1 11 6 4 0 6 28 2 10 9 8 0 6 6 12 6 42 0 2 5 11 14 7 1 6 0 14 5 1 7
3 2 1 0 1 0 2 0 0 2 0 0 0 0 3 0 0 0 0 0 1 0 0 1 0 0 2 1 0 0 1 1 1 1 0 1 3 1 0 1 1 1 3 2 0 11 0 0 0 0
10 0 2 4 4 7 8 2 6 0 4 0 14 7 0 7 17 38 3 13 3 0 2 1 2 3 3 5 14 0 1 6 7 3 3 17 15 18 14 8 0 4 2 23 14 3 4 4 13 0
0 1 0 0 1 0 2 0 0 0 0 1 0 0 3 0 0 0 0 0 0 0 0 2 1 0 0 0 0 0 2 0 0 0 0 0 0 1 0 0 0 0 3 0 1 1 0 0 1 1
1 0 0 0 2 0 1 5 7 1 1 1 0 0 0 1 1 0 3 0 2 1 1 7 3 0 0 0 2 2 0 3 1 0 5 4 3 0 0 1 1 1 2 0 2 0 18 0 1 4
0 0 0 0 4 0 0 3 3 0 20 0 2 0 0 3 1 2 0 0 0 0 0 2 0 4 0 0 0 6 0 1 0 0 16 2 0 17 0 2 7 3 1 0 7 7 1 0 1 0
0 1 0 1 0 1 0 0 0 0 0 0 0 0 1 0 0 0 0 0 0 0 0 0 0 1 1 0 0 0 0 0 0 0 0 0 0 0 0 0 0 0 1 0 0 0 0 1 0 1
1 1 13 0 1 3 0 0 0 1 0 0 0 2 0 0 1 0 1 2 7 2 0 13 6 4 1 1 0 8 5 5 0 8 0 2 6 1 1 4 7 5 6 3 7 15 0 3 13 7
0 1 0 0 1 2 0 0 0 2 0 0 2 0 1 2 0 1 0 1 0 0 0 0 0 0 0 0 1 0 1 0 1 0 0 1 0 0 0 0 2 3 0 0 0 6 0 0 0 2
7 4 9 2 1 0 1 6 2 1 9 1 2 1 2 8 1 3 1 2 4 1 2 1 2 9 19 4 2 3 6 0 1 4 0 7 15 4 6 1 10 1 2 2 8 1 4 6 5 0
5 3 1 0 7 2 17 10 8 12 14 1 4 0 7 5 1 9 3 5 0 8 2 1 0 0 11 1 0 1 3 3 26 7 11 6 3 5 6 4 1 4 2 3 2 3 2 4 14 1
13 11 4 17 8 6 1 16 6 4 4 7 4 2 3 25 17 10 2 5 19 20 1 27 7 8 1 1 6 2 8 1 4 3 6 0 3 3 0 31 27 2 2 1 3 0 10 1 12 9
0 0 0 0 15 1 0 9 5 0 2 0 0 0 0 4 0 0 1 0 2 0 3 13 2 0 1 0 2 1 0 1 0 0 3 2 5 5 0 3 23 1 25 1 1 0 2 0 0 6
1 0 1 0 3 0 6 0 0 0 0 0 2 2 1 0 1 1 4 0 0 2 1 0 0 2 2 0 0 0 0 0 0 0 0 0 0 2 0 1 1 0 0 1 0 0 1 0 0 0
0 0 0 1 13 0 1 0 0 0 6 0 12 3 1 2 0 1 0 0 6 1 0 1 0 1 1 1 2 1 0 2 0 0 3 1 0 5 1 10 3 0 2 1 10 0 1 0 0 1
0 0 3 0 0 0 0 0 1 4 0 1 2 1 0 0 3 1 0 0 0 0 0 0 2 0 0 0 0 0 0 0 0 1 1 0 3 1 1 1 1 1 1 0 0 0 1 1 1 3
19 6 6 0 6 3 6 1 2 2 6 1 3 5 0 11 3 1 1 1 20 1 2 2 15 21 4 0 9 9 8 8 6 7 1 7 7 5 1 13 1 0 5 2 2 3 5 1 5 8
0 7 2 2 0 14 18 0 0 0 2 1 0 1 5 0 15 1 1 2 0 1 9 0 1 0 1 1 0 1 3 0 1 0 1 0 0 0 18 0 0 8 0 8 0 5 0 12 1 0
1 0 0 0 2 0 0 0 0 1 0 0 0 1 0 1 0 0 1 0 1 0 0 3 1 0 2 0 0 1 0 0 0 0 0 0 1 0 0 0 0 0 1 0 0 2 0 0 0 1
1 0 2 0 0 0 4 0 1 1 0 3 0 0 4 0 0 0 2 0 1 1 1 0 0 0 0 0 0 0 0 2 0 0 0 0 0 0 0 0 2 0 0 0 0 1 0 0 0 0
1 5 0 0 2 1 3 6 1 20 0 0 5 6 9 5 22 11 3 7 4 4 0 3 1 2 0 6 1 13 4 9 2 7 1 0 0 5 0 2 1 8 0 0 6 10 6 0 3 0
5 3 0 2 2 0 4 1 0 2 0 3 5 2 4 1 1 0 3 5 1 0 1 3 8 1 0 0 6 3 6 9 1 1 0 2 0 4 6 0 14 8 0 4 0 1 3 0 2 0
0 0 0 1 0 1 0 0 0 0 3 3 0 0 0 0 0 0 1 0 1 0 0 0 0 0 0 0 0 0 1 1 0 0 2 0 0 2 2 0 1 0 0 0 0 0 0 0 0 0
1 0 9 1 1 2 0 9 1 0 2 3 4 2 20 4 2 16 3 3 8 3 16 2 1 0 8 2 2 4 6 1 3 0 5 0 2 0 5 0 1 1 10 6 3 0 0 7 5 10
1 6 10 0 11 2 4 0 0 11 23 0 5 33 3 2 5 1 0 2 4 3 1 12 4 6 3 0 8 4 0 13 8 0 6 10 5 3 3 10 8 9 13 2 27 5 7 0 4 3
0 2 0 0 1 0 0 0 1 12 0 0 3 2 0 1 0 0 0 2 1 1 0 0 3 1 0 1 2 0 1 0 0 0 0 1 0 0 1 0 0 0 1 0 1 4 0 4 0 0
1 14 0 15 12 18 3 16 23 1 5 2 8 0 1 14 12 5 4 8 0 2 11 17 19 7 2 17 6 2 21 10 7 11 3 20 18 0 0 2 15 15 18 5 4 9 5 5 4 4
10 0 1 4 13 5 2 0 7 1 3 6 0 9 2 0 1 8 17 0 1 4 4 0 4 0 2 11 3 0 2 2 1 4 0 0 1 7 0 1 8 1 3 4 0 4 10 1 7 2
0 0 4 0 17 0 0 11 4 1 8 0 1 7 7 11 0 0 2 0 1 0 0 9 4 2 1 0 2 4 0 2 0 0 3 8 2 5 0 3 8 0 1 2 2 0 5 0 0 1
2 3 6 8 0 0 3 0 0 4 0 0 0 0 0 0 3 3 7 9 1 0 1 0 1 2 0 3 0 0 4 1 1 5 0 0 0 0 3 0 0 11 1 2 0 1 1 7 4 0
9 3 9 11 3 1 2 3 6 2 3 2 16 2 0 1 0 1 4 1 0 11 1 10 3 7 0 3 1 7 5 6 10 0 6 3 6 3 7 2 4 0 6 1 4 3 3 0 2 6
0 0 0 1 0 0 1 1 3 0 0 0 0 2 0 1 0 0 1 0 2 0 0 0 1 0 0 0 1 0 0 0 0 0 0 1 1 0 0 0 0 0 0 0 0 2 0 0 0 5
19 12 7 19 0 16 1 2 14 2 0 23 5 6 3 8 11 3 0 7 4 2 1 2 1 1 2 6 0 6 1 4 5 20 3 1 0 5 1 1 3 15 15 6 13 0 8 3 11 9
7 4 6 8 4 3 1 5 0 6 2 17 3 5 2 0 3 6 0 1 1 8 1 4 1 0 7 1 4 8 4 1 0 7 6 4 6 1 2 1 1 6 0 10 10 2 7 7 0 0
2 0 0 1 0 0 0 0 0 1 0 0 0 0 0 1 0 3 1 0 0 0 2 0 1 0 1 0 0 0 0 2 0 0 0 0 2 0 0 1 1 0 0 0 0 0 1 0 1 0
0 0 0 0 0 0 11 0 0 1 1 0 0 0 3 0 1 1 1 0 0 0 0 0 0 0 0 0 0 0 1 0 0 0 2 0 0 1 0 0 0 0 0 0 0 0 1 1 0 2
0 3 14 8 1 19 6 3 2 0 1 2 0 6 2 9 10 0 2 1 10 9 13 2 8 8 1 7 23 3 5 9 2 1 7 1 11 9 11 0 4 16 14 2 4 38 9 0 2 9
0 4 3 6 0 6 4 23 0 0 6 1 0 4 1 4 3 4 4 8 4 7 7 0 6 1 3 2 1 4 0 10 0 31 3 0 0 7 6 13 0 0 0 3 4 1 3 0 3 0
12 14 8 5 3 12 6 6 0 25 9 13 36 0 3 7 7 20 12 8 2 0 24 4 13 1 6 1 3 9 0 3 0 0 2 8 7 9 8 7 3 17 3 0 4 8 2 24 12 4
1 0 1 0 1 1 0 2 0 3 0 0 1 0 2 0 0 0 0 0 0 0 0 0 0 2 1 1 0 1 0 0 0 0 0 0 0 1 0 1 0 4 0 0 0 0 0 2 0 0
1 2 5 0 1 0 2 4 0 4 16 12 7 2 1 3 1 2 3 1 5 2 5 6 10 5 4 14 0 5 1 14 4 4 1 0 3 1 0 9 0 3 1 3 3 12 6 0 5 4
1 8 3 12 13 2 4 2 2 19 3 5 1 1 2 16 6 10 2 13 14 8 12 25 0 0 10 11 0 3 3 0 5 15 2 21 2 22 6 20 3 12 10 15 0 3 4 7 16 15
1 0 3 0 0 0 0 0 0 11 0 3 1 0 0 1 0 0 0 0 5 2 1 0 0 0 0 3 2 0 0 1 0 1 0 0 0 0 0 2 0 0 2 0 0 6 1 0 0 1
0 0 0 0 0 0 0 0 3 15 0 2 1 0 2 0 0 2 0 0 0 0 0 0 0 1 1 4 0 1 1 0 0 2 0 2 0 1 0 0 0 1 0 0 0 0 1 0 0 2
