19 5 1 0 2 16 7 25 31 0 2 21 0 8 6 3 2 12 8 0 2 3 15 10 1 5 20 1 8 8 3 17 9 6 17 0 6 13 2 19 2 11 5 1 7 5 0 2 3 0
2 1 8 3 16 5 1 13 0 4 0 6 8 3 5 1 0 11 4 4 0 1 9 2 7 16 1 19 0 8 19 4 7 3 9 7 0 5 4 5 0 0 1 14 0 9 6 0 1 3
2 1 0 7 1 0 2 0 6 2 0 3 6 18 10 1 8 1 6 3 7 3 1 7 1 0 3 1 6 1 0 0 0 3 4 6 6 17 1 1 10 4 3 3 5 2 5 14 5 9
1 8 8 1 1 0 5 6 16 0 3 0 3 9 13 11 7 8 21 13 1 9 4 2 12 10 2 5 5 1 0 2 2 15 5 7 7 26 7 6 3 5 1 1 11 22 15 5 28 3
2 1 3 5 0 4 5 2 0 4 4 3 2 7 5 14 2 1 1 4 1 0 1 0 2 0 2 22 2 0 5 7 3 4 17 2 0 0 0 4 0 0 5 1 0 7 7 1 0 4
4 18 13 8 10 5 6 14 1 0 5 5 0 6 0 19 17 18 1 9 6 12 7 2 14 5 13 9 4 1 19 0 0 3 5 1 20 20 20 10 2 2 7 0 3 7 10 0 7 5
0 0 0 4 4 0 1 0 0 2 1 0 0 0 1 1 0 0 1 0 0 0 0 7 0 0 0 2 0 1 0 0 0 1 1 0 0 0 12 1 0 1 2 0 1 0 0 0 0 0
1 0 8 2 1 0 0 5 0 6 2 1 1 0 6 12 1 17 8 1 3 4 1 1 3 8 7 2 3 10 8 4 7 2 13 3 2 12 3 14 1 4 3 5 2 2 2 0 5 7
1 6 0 8 0 1 9 5 19 9 8 3 0 3 0 4 6 0 6 1 2 14 2 9 3 13 0 35 4 4 0 4 11 5 10 0 0 0 4 1 17 1 14 12 7 8 0 0 2 0
0 1 0 0 1 1 0 2 1 0 4 1 0 0 1 1 0 1 0 0 0 0 1 0 0 0 0 1 0 3 0 0 0 0 1 0 0 0 0 0 0 1 0 1 0 1 0 1 0 1
6 1 0 3 0 7 0 4 2 2 0 6 9 4 2 0 18 0 5 11 6 0 0 4 3 2 0 5 2 0 2 0 12 9 0 0 23 0 1 0 0 5 6 2 2 5 4 2 0 0
0 1 0 0 1 0 2 0 0 2 10 0 2 1 0 0 0 0 1 0 0 0 0 0 2 0 0 0 0 19 1 0 0 0 0 0 0 2 0 0 0 2 1 0 0 1 2 0 0 0
3 9 0 9 5 9 13 2 4 2 12 4 26 11 1 11 14 3 3 23 2 2 6 4 9 3 1 1 44 6 21 5 2 0 18 7 11 12 2 15 5 4 10 21 24 0 6 8 4 27
0 0 0 1 3 0 0 0 0 0 1 2 0 0 0 0 1 0 1 0 0 0 2 4 0 0 0 0 0 0 1 0 1 0 0 0 1 0 0 0 17 0 1 1 0 2 1 0 0 0
10 0 6 6 0 3 9 9 3 11 2 8 17 2 1 0 2 17 9 12 23 16 19 0 13 5 7 5 26 2 2 9 16 10 12 31 1 2 8 9 4 14 5 6 10 6 4 0 10 1
5 1 0 40 8 10 1 5 19 13 1 5 12 3 5 6 2 5 10 3 2 19 5 8 1 5 7 2 6 7 2 0 2 7 0 1 36 4 40 4 0 21 0 6 11 10 10 3 0 4
1 0 1 0 0 0 0 0 1 1 6 0 1 0 0 1 1 1 1 0 1 0 1 0 0 1 0 0 1 1 0 1 0 0 0 0 0 0 1 4 0 1 1 1 0 0 1 0 0 0
6 0 0 48 8 7 3 0 1 0 0 4 5 2 0 5 1 2 4 13 0 2 3 0 1 0 0 5 21 0 5 2 3 2 1 10 1 0 1 0 0 5 3 4 4 13 14 0 4 1
2 11 10 1 2 1 9 5 2 0 17 1 9 2 2 1 0 3 3 0 1 2 15 1 3 4 1 0 5 4 2 3 7 1 10 11 3 18 1 0 1 2 1 17 5 12 7 5 2 6
0 0 2 0 17 5 1 14 5 0 2 0 27 2 3 1 6 2 1 9 3 9 5 19 1 22 8 2 2 4 3 0 16 0 2 3 6 0 2 2 6 1 9 29 2 0 13 8 12 1
1 1 0 2 0 1 0 0 3 0 2 0 0 0 0 0 0 0 0 0 0 0 1 1 0 0 2 5 0 0 2 1 1 0 0 0 0 0 9 1 1 1 0 0 0 0 0 0 1 0
0 1 0 3 10 0 0 2 1 2 0 0 2 1 0 0 0 0 0 0 0 2 1 3 0 0 24 1 0 0 0 0 0 0 0 0 0 1 0 0 0 0 3 1 2 0 0 0 0 1
1 0 16 0 1 3 4 0 9 1 5 0 5 4 2 5 11 1 0 3 5 4 5 0 5 3 2 0 5 0 2 20 5 1 0 6 2 1 2 13 6 10 0 3 14 6 0 8 0 3
5 1 1 7 0 10 2 7 15 1 5 0 16 1 2 10 7 2 8 0 5 19 15 11 12 15 15 5 16 8 1 25 4 3 2 21 0 3 8 1 22 13 5 14 5 26 4 10 9 0
0 2 2 0 0 1 0 0 0 2 4 0 0 1 1 2 1 0 1 0 0 2 0 1 0 1 0 0 0 0 4 0 0 0 2 2 0 1 2 5 1 1 0 0 0 0 0 0 0 8
4 0 1 0 1 0 2 2 3 1 3 0 1 0 5 7 2 6 6 0 3 0 2 0 0 10 2 6 1 8 11 3 0 0 0 1 4 6 5 1 9 14 10 1 0 3 0 2 0 14
7 2 0 6 2 27 46 0 3 0 13 4 1 6 15 5 3 11 0 1 3 5 4 4 4 11 4 1 0 0 0 1 5 0 0 1 2 6 0 0 8 3 2 9 1 16 0 11 0 15
9 5 10 1 0 2 11 0 0 0 1 16 2 2 2 1 1 0 1 5 6 3 0 1 9 16 1 0 0 8 1 14 1 3 0 0 2 6 0 11 0 0 1 15 3 0 2 6 2 0
2 7 0 5 3 1 5 2 5 2 3 2 0 1 6 0 4 3 1 1 3 1 3 4 8 23 1 8 1 2 1 2 1 4 1 9 0 2 2 0 2 0 0 0 1 11 0 1 4 6
9 2 3 0 0 3 4 6 4 2 1 5 3 4 0 1 6 1 3 4 1 9 3 17 1 9 6 11 2 14 2 2 0 5 6 3 13 7 9 12 21 0 2 2 10 3 2 4 1 31
0 0 0 3 3 0 1 0 0 0 0 3 1 2 0 1 0 0 0 0 0 2 0 11 2 0 8 2 0 0 0 0 0 0 0 1 0 0 2 3 3 0 1 2 0 0 0 0 2 0
1 1 0 3 7 2 2 0 0 0 0 0 0 0 0 0 0 1 1 2 2 1 0 0 0 0 1 7 0 0 0 2 0 1 0 2 2 0 2 1 0 0 12 0 0 0 0 0 0 1
0 21 5 17 28 0 5 4 9 6 4 6 1 0 5 14 1 5 2 6 10 4 1 7 5 12 0 20 4 5 6 2 5 0 7 5 9 0 14 11 13 5 60 17 5 2 3 34 5 0
0 0 0 0 0 1 1 0 0 0 3 0 0 3 1 0 1 0 0 0 0 4 1 0 1 0 2 0 0 0 0 0 0 0 1 0 0 0 1 1 10 2 0 0 0 1 0 0 0 1
18 11 23 8 0 3 11 11 1 0 6 19 2 17 2 5 15 8 11 11 2 5 3 3 17 3 6 8 41 17 8 5 2 2 5 29 6 25 2 7 21 2 3 8 22 5 2 6 9 0
0 1 0 0 3 0 1 0 0 0 0 0 1 0 1 0 4 0 0 0 1 0 0 15 0 0 3 6 2 2 0 0 0 0 0 0 0 0 0 0 0 0 2 0 0 0 0 0 0 0
6 20 13 4 3 7 10 13 4 3 9 5 18 32 4 2 5 10 1 1 10 14 2 0 3 1 11 6 10 6 2 24 3 0 0 26 6 0 1 0 3 6 14 14 6 10 0 10 2 14
8 9 8 6 43 17 2 0 4 4 8 1 19 9 0 8 2 16 8 18 4 2 9 3 7 7 5 6 8 11 11 6 9 3 1 1 3 10 3 4 0 13 4 7 0 1 0 7 9 8
13 17 5 0 0 29 10 15 2 1 3 19 9 3 0 2 0 0 0 18 16 13 2 7 0 23 2 10 40 3 6 11 7 35 3 1 14 2 0 13 8 9 0 1 20 12 9 11 22 5
12 7 5 3 6 0 18 6 18 2 2 10 2 10 6 0 6 0 2 9 1 9 15 3 2 4 7 22 7 1 8 5 3 0 0 10 3 2 0 1 3 0 20 26 11 17 0 9 26 9
15 2 2 5 6 5 4 11 4 2 8 2 3 1 1 3 7 2 2 1 3 1 0 5 7 3 17 1 0 6 0 4 8 1 0 2 5 1 1 10 14 1 1 2 2 1 2 2 0 0
0 6 2 1 0 0 10 0 6 1 0 3 2 5 7 0 10 0 4 7 8 10 0 0 2 0 4 8 4 1 1 2 2 2 4 6 3 12 0 0 1 3 2 5 15 6 0 13 1 1
3 0 15 3 39 20 2 3 1 3 2 26 6 6 10 2 1 15 3 0 4 1 5 0 21 0 0 2 9 19 0 9 5 9 9 0 2 1 9 0 9 1 10 10 1 6 4 2 14 11
4 7 7 6 15 4 3 3 0 1 1 0 12 5 0 0 0 5 2 4 2 9 0 20 2 2 0 8 12 4 12 12 3 4 6 12 2 7 1 0 3 2 2 2 0 3 1 2 8 4
1 1 0 0 3 0 9 4 3 2 2 0 1 2 0 2 7 0 0 2 0 0 2 0 6 1 2 4 3 0 4 3 4 5 1 0 5 0 3 1 0 6 3 3 4 0 7 2 1 0
4 5 4 3 3 0 0 3 12 1 3 1 0 8 0 0 4 0 25 4 14 0 0 0 17 3 9 5 1 9 7 7 2 1 3 11 1 1 3 19 20 1 18 10 1 4 2 4 6 0
1 1 0 0 5 1 1 3 1 6 2 4 2 2 2 7 0 2 3 15 4 3 10 2 8 3 2 7 0 19 4 0 3 9 2 0 8 3 15 4 0 0 3 0 1 0 6 2 6 7
3 8 1 0 0 3 0 1 0 2 0 0 0 0 0 0 0 13 0 0 0 0 0 0 1 0 0 1 2 0 0 1 2 0 3 2 0 1 0 5 1 0 0 0 2 1 0 0 1 2
1 11 0 6 7 8 1 10 0 13 10 1 2 2 27 1 8 18 0 0 2 1 26 4 14 2 5 5 1 7 11 3 5 4 0 1 0 27 0 2 0 7 5 10 4 2 0 2 13 2
0 3 17 3 6 0 3 16 19 7 0 9 10 6 19 8 5 20 3 2 36 0 17 10 5 4 13 0 0 11 0 4 1 9 2 3 13 19 18 16 12 29 2 4 2 1 29 4 2 0
14 0 4 1 1 6 9 8 3 8 3 1 1 4 5 4 2 13 12 4 1 9 1 4 14 5 10 7 13 5 3 6 7 6 1 6 20 3 10 7 32 5 4 34 0 15 17 1 3 5
4 2 10 5 3 0 36 2 1 5 5 10 16 6 0 13 1 19 1 4 9 2 0 1 4 9 1 1 2 11 1 11 6 20 0 4 0 1 0 19 0 14 13 1 4 12 17 2 2 9
11 6 44 1 2 6 4 0 11 0 3 10 12 10 6 1 24 4 1 10 12 2 1 3 0 2 23 3 3 0 0 3 5 0 24 5 4 15 3 1 3 0 22 3 2 1 8 0 18 0
0 1 17 5 0 13 12 0 9 23 0 2 2 2 0 16 12 0 0 4 3 6 1 2 2 1 1 0 4 3 1 0 4 4 1 6 9 6 2 22 3 2 6 11 3 7 16 14 0 11
8 0 0 1 4 8 6 0 20 1 0 0 1 11 0 1 5 1 0 5 4 14 2 5 1 2 15 5 8 0 0 10 4 6 1 2 1 0 0 1 2 0 4 10 6 15 2 0 0 0
3 6 1 0 0 4 0 3 1 3 1 4 1 5 0 3 6 0 1 1 2 3 2 6 3 3 2 5 3 0 3 4 3 8 3 12 0 2 0 0 0 7 9 5 11 13 2 0 10 0
7 9 5 1 0 32 9 6 21 0 18 0 3 55 8 9 17 15 4 3 1 14 9 13 19 3 8 3 1 0 2 8 13 3 3 1 7 20 21 8 6 10 1 1 2 7 1 1 2 3
14 0 19 1 2 4 3 7 1 5 12 6 1 0 8 0 2 2 0 33 18 0 9 6 3 2 2 24 6 1 0 2 11 2 0 4 25 2 36 0 9 17 2 3 5 7 3 3 29 3
4 1 0 4 1 4 4 1 1 0 4 3 6 14 5 3 2 1 13 3 3 1 1 18 6 14 9 2 5 8 1 1 1 2 5 1 0 6 5 3 4 1 3 10 4 2 1 5 6 8
10 11 1 4 5 2 14 6 1 7 5 4 4 1 3 3 12 10 9 2 11 9 1 2 21 6 8 0 8 2 11 2 3 1 37 7 1 3 13 1 2 1 2 0 0 0 1 0 3 0
0 1 0 0 0 0 0 1 2 0 0 1 1 0 0 0 0 1 0 0 2 1 0 2 0 1 0 0 0 1 0 0 0 0 1 0 0 0 0 1 1 0 0 0 0 0 1 1 3 0
0 1 4 2 2 2 0 1 17 5 7 11 3 5 0 1 2 1 4 0 1 0 1 1 11 8 6 0 2 1 12 3 2 5 2 1 3 4 1 0 1 3 0 0 3 0 0 7 5 0
1 1 1 0 1 0 0 1 0 1 0 1 1 0 3 0 0 5 0 1 0 0 3 0 0 0 0 0 1 0 0 0 0 0 1 0 0 3 0 0 0 1 0 0 1 0 1 0 0 17
5 3 5 2 0 3 2 7 5 1 7 1 6 1 10 1 10 0 1 4 5 3 2 6 25 21 4 14 11 18 0 3 6 3 1 0 3 0 7 3 0 10 1 4 1 1 1 9 12 6
0 1 1 3 0 1 2 1 0 0 1 0 1 0 0 0 2 0 0 0 0 0 2 3 0 1 4 1 3 0 0 0 0 0 0 0 0 0 18 0 0 1 0 1 0 0 0 1 0 0
0 1 0 0 0 0 2 0 0 0 0 0 0 0 0 0 0 0 0 0 0 13 0 0 0 0 0 0 0 14 0 1 1 1 0 0 0 0 0 0 1 0 0 0 0 1 1 0 2 0
14 8 7 22 6 10 0 2 13 1 2 17 5 0 3 13 0 0 13 0 5 0 19 1 2 19 0 7 23 0 2 13 17 1 0 17 0 6 0 21 4 12 0 9 29 24 2 11 27 10
0 0 0 0 3 0 1 1 0 0 1 0 4 0 0 1 0 0 1 0 0 0 0 2 1 0 2 5 0 0 0 3 0 1 1 0 1 0 0 0 0 0 2 2 0 0 0 0 0 0
3 53 1 3 0 9 4 11 20 0 22 11 8 0 5 6 3 1 6 24 3 3 32 7 1 0 13 3 5 7 1 0 1 12 3 7 8 12 3 0 0 14 2 10 10 21 3 1 0 13
17 13 0 3 12 6 6 0 11 0 11 3 0 3 9 7 8 7 3 23 13 11 12 1 6 1 14 3 3 0 10 10 0 31 14 3 2 14 5 0 1 6 10 8 9 14 5 31 21 1
0 9 3 1 0 1 0 0 2 5 0 0 4 0 0 0 2 5 0 1 0 0 0 0 1 4 0 0 0 4 0 0 1 0 2 1 1 1 1 3 0 0 0 1 0 0 1 1 0 7
3 0 0 0 0 0 2 3 0 0 0 0 0 0 0 0 0 0 0 0 0 0 1 1 0 0 0 0 0 1 0 0 0 0 0 0 0 0 0 1 0 0 2 0 0 0 0 0 0 0
0 5 18 3 0 0 7 1 8 9 11 3 0 12 2 3 2 2 4 1 2 0 1 0 0 2 1 3 1 18 1 0 6 5 0 0 2 2 0 0 0 8 7 6 0 2 3 0 0 1
0 0 0 0 0 0 0 0 0 0 0 1 1 0 0 0 0 0 0 1 0 2 0 0 0 0 0 1 0 0 0 0 0 0 0 1 1 1 0 2 8 1 0 0 0 1 1 0 0 0
0 1 0 17 12 0 0 0 0 3 0 0 0 0 0 3 0 1 1 1 0 0 0 4 1 0 0 3 1 0 0 1 1 1 0 0 0 0 4 0 0 0 5 1 0 3 0 0 1 2
0 0 0 0 0 0 0 0 0 0 0 0 3 2 0 0 0 0 0 4 1 1 0 1 2 0 0 0 2 16 1 0 0 0 0 0 0 0 0 2 1 0 0 0 0 0 0 0 0 0
0 0 0 0 0 1 0 0 1 0 7 0 1 0 0 1 0 0 1 0 0 0 2 0 1 2 1 0 2 0 1 1 0 0 3 0 0 0 0 2 1 1 0 0 0 1 0 1 0 0
4 14 7 7 2 4 0 2 21 17 30 6 3 14 1 14 20 0 3 9 22 15 3 3 15 6 2 3 14 4 11 3 5 7 3 23 3 1 2 32 8 16 6 10 3 2 13 14 0 5
17 2 1 9 3 13 8 4 9 12 2 8 15 4 7 2 0 4 23 0 2 0 7 2 21 7 2 0 0 1 4 4 14 8 0 0 12 8 4 8 5 7 6 10 18 7 22 17 5 5
0 9 0 3 7 6 8 3 7 0 4 0 12 8 14 4 0 2 6 4 18 9 6 1 15 30 37 3 1 10 6 0 14 0 10 5 20 6 1 8 5 27 8 3 16 5 14 0 8 20
0 0 0 1 0 0 0 1 0 0 3 3 0 0 0 0 0 0 0 3 0 0 0 0 1 0 0 2 1 0 1 0 0 1 0 0 0 1 4 1 12 1 0 1 0 0 0 0 0 2
11 2 1 4 0 0 10 1 5 3 0 5 0 0 3 1 1 1 7 6 8 0 0 0 16 5 4 1 0 1 6 5 2 0 8 0 7 7 0 3 0 0 0 2 5 4 0 1 7 0
2 6 3 1 5 1 8 10 1 0 10 3 1 6 2 1 2 1 2 4 1 13 6 1 7 2 4 15 6 13 0 2 0 0 0 7 0 6 0 1 2 5 20 7 1 2 7 6 6 18
4 1 0 0 0 1 0 1 1 0 1 0 2 1 0 0 1 1 1 0 0 6 0 0 0 0 0 0 0 3 0 0 3 0 1 1 2 0 0 0 5 0 0 1 2 0 1 0 0 0
8 4 16 14 4 1 6 2 0 5 0 0 2 6 3 8 7 30 4 30 5 20 0 6 21 1 0 30 5 15 22 0 1 5 10 12 14 10 5 2 3 1 1 4 28 0 2 8 8 3
0 0 14 0 0 0 0 0 1 9 4 1 0 3 12 0 3 0 1 0 0 0 11 0 2 0 0 0 1 10 0 0 1 1 4 0 0 2 0 1 0 0 0 0 5 0 0 0 2 1
5 0 0 4 8 27 4 1 0 0 0 1 4 4 0 12 1 1 7 11 0 0 0 0 0 13 1 0 4 0 3 1 0 2 0 2 12 0 1 1 1 2 4 2 2 0 1 1 9 1
0 0 0 1 0 0 0 1 0 0 1 0 0 0 0 0 1 2 0 0 0 0 1 1 0 1 0 1 1 3 0 1 0 0 2 0 0 0 0 9 2 0 0 0 0 1 1 0 2 1
0 0 12 4 4 0 5 3 7 5 3 1 0 4 0 0 0 2 18 3 3 2 1 1 0 5 6 7 1 8 1 0 5 6 1 3 8 5 2 4 14 2 3 1 2 19 0 6 1 1
1 0 0 2 4 0 0 0 0 2 1 0 1 0 0 0 0 0 0 0 0 0 0 5 0 0 2 7 0 0 2 0 0 0 0 0 0 1 4 0 2 0 4 0 0 1 0 0 1 0
0 0 0 9 9 9 9 6 0 1 0 0 0 0 17 0 0 0 4 8 4 4 1 3 7 5 6 2 20 0 2 0 2 3 2 2 2 3 9 0 3 7 1 11 1 0 0 0 0 0
0 0 0 0 0 3 0 0 0 0 0 0 0 0 0 0 0 1 0 1 1 0 0 0 2 0 0 0 3 5 0 0 0 0 0 0 0 0 0 3 0 0 1 0 0 0 0 1 0 5
1 6 25 3 0 1 1 1 8 5 6 2 3 2 14 5 7 2 7 6 15 6 18 5 1 2 4 1 5 3 2 5 0 4 0 1 4 2 3 2 1 11 2 1 1 1 4 3 8 7
12 4 1 29 0 11 0 4 2 4 4 2 5 5 29 3 4 1 4 11 0 10 8 12 1 1 5 0 3 0 1 5 1 2 5 1 2 1 15 8 0 9 0 2 7 8 2 5 2 1
41 5 0 2 26 4 1 7 9 4 6 33 4 2 10 2 4 1 5 4 0 0 6 7 10 0 3 0 50 11 1 7 22 17 30 11 0 17 0 31 16 12 2 5 1 6 23 3 0 12
0 0 0 19 4 1 3 0 1 0 1 0 0 1 0 1 0 2 2 0 1 4 0 2 1 1 0 0 6 1 0 0 1 0 0 3 0 1 3 0 0 0 3 3 0 1 0 0 0 0
8 0 8 1 10 2 1 2 6 0 0 4 2 4 28 6 0 5 13 17 2 1 14 0 2 0 1 2 3 0 1 4 1 2 1 1 0 37 8 2 9 8 5 15 1 2 1 11 1 0
0 3 1 7 0 0 1 1 0 1 0 0 0 0 0 0 0 1 0 0 0 0 1 5 0 0 2 11 0 0 0 3 0 0 0 0 2 1 6 1 0 0 0 0 0 0 0 0 0 1
0 5 1 0 0 1 0 1 0 4 0 0 0 0 1 1 0 20 0 0 2 2 0 0 0 0 0 0 0 0 1 2 0 0 1 0 0 7 0 3 2 1 1 0 0 0 0 1 0 11
0 0 1 0 3 2 0 2 0 1 1 1 0 0 0 0 0 1 0 0 0 8 0 0 0 0 0 0 0 0 5 1 2 0 0 0 0 0 1 0 0 0 1 0 0 0 0 0 1 0
