0 1 0 0 0 1 0 0 0 0 0 2 0 4 0 0 0 0 3 0 0 0 2 0 0 0 2 0 0 0 1 0 1 1 0 0 2 1 0 0 0 0 0 0 0 1 2 0 0 0
0 3 0 0 0 1 8 0 0 0 0 0 6 1 2 2 0 0 0 0 1 1 0 0 2 0 0 2 3 0 0 4 0 0 0 1 2 5 0 0 2 0 0 0 0 0 2 0 0 5
0 3 10 13 1 21 4 3 7 3 0 4 3 0 13 0 8 15 20 0 8 4 2 4 9 0 11 7 24 11 14 9 3 8 4 18 5 9 23 1 3 10 4 2 8 0 4 17 8 3
0 11 1 18 5 10 4 1 0 0 3 2 9 4 1 16 2 4 0 3 11 2 8 0 3 1 6 1 1 6 3 3 1 1 4 4 5 10 5 0 1 12 8 1 7 1 3 5 1 6
0 3 21 8 0 17 0 1 7 3 14 7 3 23 4 8 3 2 4 2 0 3 4 0 1 8 17 7 1 0 6 0 7 0 1 26 0 10 3 1 2 15 2 9 0 0 3 7 10 2
2 3 4 3 0 9 1 0 15 0 25 8 1 11 3 1 0 0 4 2 5 5 1 0 1 0 1 3 1 1 7 9 1 3 5 3 1 12 23 5 2 0 3 0 0 2 9 0 45 8
0 0 0 3 2 0 0 0 4 0 2 0 0 1 1 0 1 1 1 0 1 0 0 0 1 0 0 0 0 0 4 0 0 0 4 0 0 0 2 0 0 1 0 2 0 1 0 0 7 0
4 4 1 2 5 4 4 1 4 1 16 11 4 17 9 0 2 2 1 11 7 4 2 1 5 21 0 1 0 7 0 4 3 15 5 1 4 0 1 1 1 1 5 3 5 1 0 13 1 9
2 2 0 4 0 2 2 3 10 0 12 1 1 0 14 8 7 1 3 17 1 8 1 7 2 2 0 0 2 0 9 1 1 3 0 2 0 6 3 13 0 0 0 1 0 1 2 5 1 7
9 0 5 5 3 4 19 6 0 1 5 0 1 10 0 2 1 0 2 6 3 2 4 2 2 14 6 12 11 7 0 1 4 4 1 13 1 9 4 4 7 6 14 11 6 1 0 10 1 1
0 10 10 3 0 7 5 4 10 0 0 16 6 11 1 1 11 0 6 1 0 4 1 0 3 3 12 0 2 0 13 2 2 5 2 1 3 2 2 0 0 4 0 0 0 0 0 1 0 8
9 30 3 1 0 28 8 1 11 4 0 2 3 9 3 5 5 1 10 5 19 12 33 0 2 1 4 1 8 1 0 9 2 17 3 18 7 2 3 5 18 5 9 13 9 6 6 15 0 7
5 4 5 2 4 10 21 0 7 17 0 1 0 2 6 15 1 1 5 6 4 5 16 3 14 10 1 16 15 3 2 4 3 3 8 5 10 15 15 4 2 4 4 1 15 1 13 4 3 5
1 6 1 2 34 7 2 4 4 8 2 1 4 3 8 2 0 9 15 1 1 6 3 0 5 11 5 3 1 11 4 12 0 4 2 10 7 3 7 5 2 6 6 2 0 7 3 4 8 9
1 3 17 0 3 2 10 1 5 5 1 0 41 4 3 2 14 4 3 4 1 8 3 4 0 3 2 25 14 1 2 4 1 2 3 3 1 4 0 8 12 4 1 0 2 4 22 3 1 2
22 17 8 9 10 1 4 4 4 4 4 14 0 4 3 1 0 4 3 5 4 8 21 18 7 10 0 0 2 0 12 4 2 21 20 2 6 0 6 0 12 27 34 7 2 25 8 5 4 9
3 11 35 26 12 3 6 5 0 14 0 8 1 2 2 1 8 14 3 12 18 5 1 0 8 10 4 19 47 8 21 1 3 0 20 5 5 4 13 2 2 23 17 3 7 4 7 5 0 6
2 3 14 6 32 6 5 11 24 20 32 1 0 1 0 1 0 22 6 5 9 3 0 13 1 3 11 0 15 6 2 3 8 0 14 3 20 5 0 14 1 0 1 2 6 4 0 10 12 2
3 1 0 0 5 2 7 1 0 0 7 6 0 4 0 0 8 6 8 6 0 7 0 3 0 3 1 2 17 1 7 0 1 2 0 3 9 27 10 1 3 4 14 0 0 6 3 4 1 0
8 8 3 15 0 5 2 2 1 3 13 6 23 2 1 2 4 0 5 5 6 1 6 2 5 0 0 1 13 2 0 10 7 4 9 3 1 0 0 3 1 5 0 0 4 1 9 8 2 1
1 2 8 48 17 18 20 8 4 12 4 3 1 6 1 6 2 9 26 25 6 19 0 3 2 8 4 17 2 21 4 0 3 4 7 0 1 11 2 3 0 3 5 7 13 4 8 0 23 14
10 3 2 20 0 2 26 5 1 14 2 10 44 5 1 8 7 0 1 4 4 11 0 2 5 1 3 1 10 13 1 4 5 1 3 4 16 1 18 7 29 2 0 1 10 44 11 5 0 10
1 0 0 0 0 0 4 0 1 0 1 6 0 11 1 0 0 0 0 1 0 0 0 0 1 0 0 0 0 0 1 1 0 0 1 0 0 0 0 0 2 0 1 1 0 1 0 1 0 0
1 3 8 11 2 6 21 17 10 8 3 6 13 12 2 19 13 4 14 13 9 5 8 12 2 0 0 19 25 15 5 4 3 4 6 2 0 7 5 29 0 4 6 5 1 18 10 15 0 5
2 0 3 8 35 4 1 7 2 1 16 0 42 5 6 2 3 0 16 1 6 11 0 0 12 20 2 23 3 7 3 5 2 3 2 25 0 5 2 6 12 1 1 31 14 13 14 20 6 12
8 5 1 11 5 4 0 3 0 4 6 0 6 0 1 4 2 5 1 14 1 0 0 0 5 5 1 3 0 2 12 5 7 0 2 4 1 0 1 6 1 2 1 4 0 16 1 4 2 0
5 1 8 2 0 3 1 0 6 0 5 0 0 1 1 0 1 9 1 6 7 8 1 3 0 7 1 2 4 7 0 4 5 0 23 2 1 8 3 9 0 0 0 4 8 5 4 0 1 4
0 0 0 2 0 0 0 0 0 2 1 0 1 1 0 1 0 0 0 0 0 0 0 0 0 0 1 1 0 1 0 0 0 1 1 0 1 0 1 1 0 1 0 0 0 1 0 1 0 1
1 18 4 31 1 13 38 4 3 20 6 2 4 7 13 1 23 0 12 4 14 5 0 2 1 2 2 5 1 26 4 8 0 4 4 5 0 26 49 2 1 8 1 32 16 5 23 3 1 2
0 0 0 0 0 1 4 0 0 0 1 0 10 0 0 0 0 1 2 2 0 0 1 0 0 0 0 17 3 0 1 0 0 0 0 0 0 2 0 0 4 0 3 0 0 0 1 1 0 0
1 4 0 8 15 0 1 3 2 5 3 0 9 0 9 5 0 6 11 3 1 1 1 2 1 6 6 13 3 2 7 0 0 3 0 1 1 6 2 2 1 10 1 1 3 6 7 4 2 0
0 0 0 18 4 0 0 1 4 6 3 0 0 3 0 1 5 1 1 2 0 0 1 0 1 0 4 1 0 0 3 0 1 0 5 0 0 0 2 0 0 0 0 1 0 1 0 1 2 0
2 1 15 3 1 2 6 8 3 0 3 15 0 7 8 1 10 1 12 2 0 1 1 1 3 7 22 4 3 12 1 14 3 0 0 3 12 1 3 0 20 5 4 8 20 2 19 9 2 15
11 4 3 3 6 1 3 11 9 9 0 6 3 4 1 1 8 0 0 3 1 4 6 1 1 0 0 6 0 3 20 11 0 7 3 11 9 10 13 1 4 10 5 4 12 1 1 8 0 5
15 0 5 0 0 0 0 1 12 7 5 4 0 5 1 0 0 0 0 3 4 6 4 4 11 0 2 0 0 0 31 0 4 1 7 5 5 0 2 0 0 0 4 1 3 1 4 0 3 0
2 30 0 0 5 9 8 7 0 2 1 4 5 8 3 9 13 23 1 0 1 6 4 11 5 0 4 20 7 1 7 4 8 11 29 4 6 8 1 2 9 10 6 2 8 1 1 12 2 5
6 1 4 6 0 4 13 5 0 6 0 0 3 7 1 2 1 6 7 2 16 0 5 0 0 0 0 11 0 0 1 9 2 7 3 3 4 7 0 5 2 0 3 6 5 4 5 7 1 32
7 3 0 13 0 2 4 0 1 1 4 8 8 0 0 8 3 1 0 1 0 1 13 4 0 2 1 1 0 4 2 2 5 6 0 2 6 3 5 0 0 7 13 0 1 2 10 5 0 2
0 17 4 3 0 2 0 0 7 9 5 1 1 0 4 6 4 1 3 7 9 5 4 3 3 0 0 3 8 11 1 2 0 0 16 18 1 1 11 0 1 3 5 1 2 2 3 1 0 3
1 11 4 16 1 8 3 1 8 2 3 0 5 1 8 0 2 0 16 10 0 9 0 0 0 4 7 10 0 0 0 11 5 32 0 5 6 0 7 7 0 7 0 9 6 10 1 20 0 8
3 8 0 5 0 0 2 6 7 0 6 0 1 0 5 5 1 1 0 0 1 12 3 3 7 1 6 12 7 7 3 3 2 0 2 7 0 3 3 3 0 12 1 2 8 8 4 7 17 3
1 2 6 13 0 1 4 4 4 8 3 9 7 1 3 0 8 8 2 9 5 2 7 2 10 0 0 0 8 3 8 2 15 10 5 3 0 1 0 4 11 3 2 11 1 0 0 1 5 0
6 0 11 4 1 1 2 15 5 0 2 12 14 3 1 6 6 10 13 2 4 10 6 17 0 8 1 17 11 1 30 7 4 3 1 1 3 12 1 3 13 3 4 43 21 13 14 34 0 11
0 2 1 0 5 0 12 7 1 0 2 6 5 1 0 10 16 4 0 2 3 5 1 4 6 0 2 10 4 0 6 7 0 0 0 4 3 6 0 2 13 16 2 10 0 1 1 5 0 1
0 7 1 3 0 0 0 11 0 3 5 12 0 1 2 0 1 6 14 0 5 5 4 7 6 0 0 4 8 0 1 5 0 0 3 13 20 0 1 4 5 5 4 14 7 1 7 2 2 5
6 5 12 2 14 2 14 1 0 0 15 3 1 0 0 1 5 12 33 1 4 1 14 5 3 10 12 15 4 46 11 17 6 6 12 0 11 1 21 0 3 18 2 7 13 1 6 6 1 3
5 5 1 1 6 6 10 14 12 3 2 5 11 6 1 1 1 2 0 18 6 14 5 7 3 8 13 0 0 17 27 1 2 2 5 6 34 0 1 7 10 6 21 3 38 1 0 0 0 5
0 0 0 1 0 0 0 0 5 1 2 0 0 1 0 0 0 5 0 0 0 0 0 0 1 0 3 0 0 0 0 0 3 1 1 0 0 0 4 2 0 2 0 1 0 0 2 0 3 1
1 0 5 6 11 0 2 6 3 2 2 0 1 0 9 1 0 0 2 9 5 5 1 6 4 2 11 4 8 0 0 2 1 3 0 6 3 4 3 2 5 0 4 16 5 1 2 0 2 0
0 2 6 0 4 4 1 7 1 1 0 0 2 0 2 2 0 0 4 1 2 4 2 4 3 4 2 10 1 5 1 1 3 5 9 2 0 2 10 0 0 0 0 1 3 4 2 5 3 5
2 1 0 1 14 11 1 1 5 2 7 0 3 1 3 5 10 4 4 17 8 1 5 6 4 10 0 2 2 1 0 2 3 5 3 0 3 8 3 3 8 7 4 1 1 2 9 0 6 1
11 0 0 0 0 0 0 0 0 0 1 0 0 0 2 1 0 0 0 0 0 0 1 1 2 1 0 0 1 3 2 0 6 19 1 2 0 0 0 0 0 0 2 2 0 1 2 0 0 2
0 0 1 0 1 0 0 0 0 1 0 2 0 2 0 0 1 3 0 1 0 0 0 0 0 0 1 0 0 0 1 0 0 0 0 4 2 0 0 3 0 2 5 0 2 0 0 0 1 0
0 0 4 12 3 0 2 2 3 8 3 0 0 3 4 0 6 1 4 10 1 6 9 9 7 7 3 4 0 1 7 5 2 2 4 0 6 0 8 3 0 2 12 0 0 0 7 20 1 3
19 1 2 11 2 4 8 0 5 7 0 1 0 2 0 2 13 1 6 1 3 3 4 6 0 8 2 1 4 0 0 1 4 11 3 5 2 3 1 0 9 2 3 1 4 5 0 4 1 6
2 0 0 0 0 2 0 0 2 0 1 0 0 1 1 1 2 0 0 1 0 0 0 0 0 0 0 0 0 0 0 0 9 0 1 0 0 1 0 0 0 0 0 0 0 2 0 0 0 0
2 2 3 4 9 0 2 8 1 2 12 6 2 8 1 3 1 1 10 1 3 0 2 5 10 8 1 7 12 8 19 8 0 6 6 0 5 4 4 3 8 15 2 9 1 2 1 1 0 0
2 1 5 2 0 8 0 6 1 7 6 3 0 7 6 0 1 5 13 5 3 8 0 11 3 6 1 2 3 4 4 2 1 11 1 0 1 3 7 4 0 0 0 0 13 2 4 1 2 3
0 1 4 2 7 0 14 2 2 0 1 10 0 1 0 0 0 1 0 6 13 2 0 1 5 2 4 9 0 9 0 0 1 2 1 3 0 20 3 2 13 2 2 0 6 3 3 1 5 10
1 1 0 10 1 9 6 4 3 8 2 5 0 5 4 10 2 17 0 4 1 0 3 13 8 3 2 13 5 17 1 3 4 2 1 2 6 1 1 14 11 1 22 0 10 0 5 11 4 4
0 0 0 0 0 0 0 0 0 0 2 3 0 6 0 0 0 0 1 0 0 0 1 0 0 0 0 1 0 0 0 1 0 1 0 0 1 1 0 2 0 0 4 0 0 0 0 0 0 0
1 0 0 1 1 1 0 0 0 11 5 1 0 0 4 0 0 3 1 0 4 1 0 1 0 1 0 1 0 1 6 1 0 1 0 0 2 1 0 2 0 1 0 0 1 0 0 2 1 0
8 0 0 3 4 0 2 10 1 6 10 16 0 4 4 3 1 3 4 6 1 2 2 0 0 9 0 0 5 9 8 5 1 8 6 10 0 7 1 0 2 0 0 4 2 2 2 3 4 4
12 21 6 3 1 10 4 14 0 2 10 1 3 2 7 20 4 11 2 0 1 22 23 1 4 10 4 9 2 62 0 18 13 1 5 4 3 10 0 0 0 12 1 1 3 7 11 0 1 9
12 0 0 1 36 0 1 2 13 3 0 2 0 0 4 0 9 5 0 0 2 3 3 2 1 6 0 1 0 1 3 0 3 7 10 5 8 0 11 0 0 1 2 17 6 4 1 0 2 0
5 1 33 4 2 4 5 4 4 2 2 21 3 0 1 1 10 4 10 14 10 10 3 5 2 4 21 1 3 6 11 14 21 26 1 11 13 2 0 28 0 3 24 14 14 1 2 2 5 0
23 6 1 8 8 0 2 1 1 0 6 1 6 18 21 6 3 7 10 4 1 2 0 0 1 4 2 7 5 1 6 3 7 1 6 13 3 2 4 4 5 1 1 6 7 0 14 1 1 2
0 0 0 5 3 0 0 0 0 1 18 0 2 2 0 1 0 0 1 1 0 0 0 1 0 0 0 0 0 0 6 0 0 0 2 0 0 0 0 0 0 0 0 0 0 0 0 0 7 0
5 4 0 3 4 15 0 2 34 2 10 3 1 2 10 0 12 0 2 0 6 1 2 1 0 0 2 0 8 10 0 1 2 0 4 0 7 0 0 4 2 8 1 1 1 2 1 4 0 1
4 0 0 0 5 17 28 7 18 1 6 5 5 1 14 1 31 9 7 4 4 13 0 15 0 7 21 9 0 2 38 4 0 6 26 11 6 29 11 20 9 6 2 7 7 42 1 5 4 23
0 1 0 0 0 0 0 0 0 0 0 9 1 1 0 2 1 0 1 0 1 0 0 0 1 0 0 0 1 1 1 0 0 1 0 0 1 0 0 0 0 0 8 0 0 1 0 0 1 1
0 0 0 1 2 0 0 0 0 5 0 0 1 1 0 0 1 4 0 0 0 0 2 0 0 0 1 1 0 0 6 0 0 2 18 0 0 1 2 1 2 0 0 0 1 0 0 1 0 0
14 24 5 6 3 6 10 1 0 15 8 4 8 1 23 39 8 2 11 30 6 8 15 3 16 15 9 4 5 11 1 1 2 0 38 13 1 6 10 5 3 1 0 11 2 0 11 3 4 5
0 0 2 2 1 1 2 6 0 0 5 0 1 7 16 12 4 0 3 7 2 9 5 5 0 4 3 4 1 0 5 7 3 0 1 15 22 1 3 2 5 1 7 1 2 12 5 3 1 21
1 4 3 1 0 0 6 0 1 5 1 2 0 3 0 2 1 3 2 4 5 10 4 4 1 0 2 3 0 0 3 0 0 0 9 0 2 4 9 1 0 0 4 5 2 3 0 0 5 11
8 0 0 0 18 1 0 10 7 12 0 5 4 0 4 13 6 6 3 2 7 8 1 4 3 5 2 1 4 3 5 7 3 13 3 0 0 16 5 28 3 5 1 1 12 0 0 11 1 5
19 21 2 4 1 0 0 0 11 0 2 15 11 1 8 2 5 1 10 7 3 13 10 10 23 5 2 11 17 7 3 8 5 2 0 10 4 9 1 13 2 3 3 5 0 0 4 4 10 0
4 14 13 7 5 11 14 1 7 2 3 2 0 10 10 6 0 8 2 2 16 1 10 7 6 1 2 7 10 0 0 10 12 9 13 6 19 0 0 5 10 7 4 7 1 8 10 5 0 0
5 5 1 0 0 7 14 13 0 0 1 0 2 2 1 3 4 0 3 0 7 3 12 2 3 1 1 8 14 11 1 1 0 0 1 1 26 0 0 4 1 8 6 1 0 6 4 0 0 0
0 5 0 2 3 2 1 6 7 3 11 4 4 8 8 9 0 0 4 6 6 9 3 1 2 3 3 0 9 11 0 3 1 12 1 9 1 2 9 14 0 29 2 2 1 0 8 12 13 1
0 4 6 1 7 5 1 3 8 5 8 1 9 1 6 4 13 1 7 3 0 9 0 4 16 2 3 6 7 4 8 15 2 24 8 11 0 3 10 1 1 14 4 3 5 2 5 4 5 1
1 4 0 0 4 2 2 0 0 0 0 0 1 1 0 1 0 2 0 0 0 1 1 1 0 0 3 3 2 0 0 2 0 0 0 1 0 0 0 1 2 1 0 1 0 0 0 0 1 5
1 0 4 2 8 0 1 0 2 0 4 20 0 3 1 3 1 10 6 1 10 4 10 0 1 0 14 0 0 9 0 0 2 1 2 7 0 0 13 2 0 22 2 5 2 1 3 0 6 0
1 0 2 0 1 0 0 0 1 0 0 1 0 9 0 0 0 0 0 0 0 0 1 0 1 0 1 1 0 1 0 2 0 1 1 1 8 2 0 0 0 0 1 1 0 0 0 0 0 2
0 3 0 2 0 0 3 0 0 1 0 0 4 0 0 0 0 0 0 0 1 2 1 0 0 0 0 9 0 0 1 1 0 1 0 0 0 0 0 0 17 3 0 0 0 0 1 1 0 4
1 0 0 6 4 2 3 0 4 12 1 0 15 3 0 11 0 7 1 2 3 11 10 0 0 2 7 6 9 1 4 2 9 5 0 0 13 3 3 7 1 3 6 1 3 2 17 4 20 2
0 8 25 8 3 3 3 0 10 14 5 1 0 14 1 1 4 1 26 1 5 0 5 0 0 2 12 4 19 11 3 2 2 0 12 11 0 4 8 10 1 0 1 2 8 18 0 8 31 5
1 0 4 3 0 0 0 0 8 5 0 8 1 7 0 0 2 3 4 1 0 6 0 4 1 0 5 0 0 0 9 0 1 3 2 9 7 1 1 1 0 1 7 14 2 7 1 1 4 0
1 0 3 2 5 0 0 12 6 2 1 6 0 2 2 7 1 1 19 1 0 2 0 11 17 2 0 0 0 9 3 1 1 5 3 7 3 0 0 0 0 0 3 8 0 0 4 2 11 0
0 1 1 0 2 0 0 0 0 0 0 0 1 0 0 0 1 0 0 1 0 0 0 0 0 1 0 0 0 2 0 0 2 0 0 0 0 1 0 0 0 0 0 0 0 0 0 1 3 0
0 0 0 0 0 2 0 0 0 0 1 1 1 0 0 0 0 0 0 0 0 0 0 1 1 0 0 5 2 1 0 10 0 2 0 0 3 3 0 1 6 0 0 1 1 1 0 1 0 1
6 24 1 6 14 18 3 2 11 9 0 1 6 4 33 1 3 10 8 30 0 2 4 15 23 3 1 26 11 9 11 7 8 3 0 11 4 2 6 1 0 3 1 0 1 6 4 37 3 2
2 6 4 3 15 3 1 8 0 0 1 16 10 6 0 3 9 1 12 1 10 0 4 1 1 15 12 37 2 14 6 0 8 22 12 15 2 0 3 0 23 15 1 4 2 2 7 0 9 14
0 3 2 4 0 3 8 6 1 3 6 0 1 4 4 9 5 12 5 11 9 1 3 7 0 1 5 20 0 14 2 9 0 0 1 7 0 0 2 0 0 2 12 0 11 2 4 6 0 3
10 5 1 0 1 0 1 9 0 0 0 13 1 7 1 2 3 0 1 0 6 6 0 0 0 3 8 1 4 8 1 14 3 0 0 1 0 3 0 7 3 11 0 9 0 10 11 3 0 2
1 0 0 2 0 1 0 0 0 2 0 2 0 1 1 1 0 0 1 0 0 1 0 0 0 0 0 0 0 0 0 0 1 0 0 0 11 0 0 0 0 0 3 0 1 1 0 2 0 0
32 0 1 5 2 14 3 0 4 3 8 3 1 4 1 7 7 0 1 12 0 2 19 4 0 0 2 1 4 5 6 2 1 38 0 0 1 1 0 7 0 6 3 1 5 7 5 2 0 4
0 0 2 2 0 0 0 1 0 0 0 2 1 2 0 0 1 0 0 0 2 0 1 1 1 2 1 1 0 0 1 0 0 0 1 0 6 0 0 0 0 0 15 0 3 0 0 0 1 0
3 0 20 5 0 9 0 11 3 3 0 2 4 0 9 7 0 5 0 1 3 0 1 5 1 0 3 6 1 10 1 2 0 1 18 3 2 1 4 9 0 9 5 1 3 1 4 0 11 5
2 4 1 11 2 2 2 8 0 0 11 1 2 0 1 8 4 0 2 0 0 1 2 12 14 2 0 4 4 7 1 5 3 16 1 2 4 4 0 14 0 0 21 2 6 5 3 7 3 5
