5 8 13 6 30 5 7 3 14 6 2 6 6 3 14 1 3 8 1 14 5 6 4 3 6 0 1 3 0 6 2 14 13 1 17 1 3 5 16 10 9 18 8 32 9 27 10 25 6 5
0 3 0 1 0 0 0 0 0 0 0 0 2 0 0 0 0 0 0 0 1 0 0 0 0 7 0 0 0 0 1 0 2 1 0 0 2 0 1 0 0 1 0 0 0 0 0 0 0 2
5 22 8 2 5 8 13 1 2 4 0 2 0 4 6 15 10 3 0 24 5 2 6 6 0 4 4 8 2 2 11 7 12 10 9 9 5 19 0 1 0 5 0 15 1 14 1 10 4 12
5 4 2 2 9 14 13 1 5 1 1 2 13 0 4 13 1 0 2 0 2 0 3 0 0 13 0 3 1 15 1 0 3 4 0 0 1 3 0 12 7 8 5 4 0 1 3 2 1 0
0 1 0 11 3 11 0 0 6 0 1 1 0 1 0 0 0 0 0 0 0 4 2 6 1 3 0 1 11 8 7 0 0 7 4 1 2 0 0 8 0 0 7 4 0 1 1 0 4 6
1 3 0 2 0 1 1 0 0 1 0 0 0 0 2 0 0 0 0 1 0 2 1 1 0 7 1 0 0 0 0 0 0 0 2 0 0 0 0 0 0 0 0 0 0 0 0 2 0 0
0 0 2 0 0 0 0 0 1 3 0 0 0 0 0 0 1 6 9 0 0 0 0 0 1 0 1 1 0 1 0 1 0 0 0 5 1 0 8 1 0 0 0 1 0 1 0 0 1 1
0 1 0 0 2 2 0 0 7 0 0 0 1 0 0 0 0 0 0 0 1 3 0 2 3 1 0 1 1 0 2 0 0 17 6 0 3 0 0 2 0 1 4 4 1 0 0 1 0 8
0 3 0 0 0 0 0 0 0 0 0 0 1 0 3 0 0 1 0 0 0 0 1 1 0 6 2 0 0 0 0 2 0 0 0 0 2 0 1 0 0 0 0 2 0 0 4 1 0 1
0 7 0 1 15 13 1 0 3 0 14 5 4 1 0 1 0 3 0 1 0 1 3 11 3 2 0 0 0 1 1 0 2 0 1 0 0 0 0 6 0 0 2 6 0 1 0 0 4 10
8 4 3 7 3 10 1 8 4 3 10 2 5 6 5 1 1 0 0 2 2 6 1 1 0 14 0 5 1 3 2 2 4 7 1 20 1 8 1 20 7 1 6 7 3 10 3 25 4 1
5 2 7 34 2 21 11 5 8 1 6 5 3 6 13 0 11 3 1 3 4 3 1 6 8 0 1 1 1 1 1 14 6 10 13 5 12 20 1 14 30 11 0 25 2 1 11 27 20 3
1 2 0 0 0 0 0 0 0 0 0 0 0 2 1 3 1 0 0 1 2 0 1 0 0 3 1 0 2 0 1 0 0 0 0 0 0 4 0 1 0 1 0 0 0 0 0 1 0 0
4 16 27 1 0 0 1 0 52 5 5 1 11 2 40 5 8 20 10 23 3 0 1 0 5 11 3 0 26 5 5 8 0 2 2 0 2 16 5 4 18 4 2 6 10 0 0 20 1 17
1 6 7 9 1 4 9 0 3 6 4 12 9 10 5 0 3 4 0 1 7 2 1 1 0 6 4 3 6 4 1 1 2 0 4 2 4 0 3 13 9 5 2 2 1 0 4 0 0 1
35 2 13 7 1 30 5 4 10 0 0 20 6 0 1 0 14 5 5 20 5 3 10 1 41 9 0 6 21 0 13 0 9 9 0 5 6 0 1 10 1 0 0 0 22 2 7 4 10 10
3 12 7 5 0 13 2 0 2 20 1 0 3 3 3 2 7 2 14 3 4 9 6 0 6 1 8 2 4 11 2 1 14 7 0 8 9 0 8 3 4 19 3 0 0 14 3 17 2 1
1 4 8 1 1 61 7 2 6 6 0 0 8 3 6 1 5 8 6 2 8 17 2 10 1 13 0 1 6 0 3 2 31 2 5 0 7 4 3 0 6 0 9 5 5 5 1 10 1 5
2 7 6 4 4 5 0 2 4 0 2 30 1 0 11 1 7 3 0 4 10 4 3 1 2 9 19 9 13 4 5 15 0 5 1 5 5 0 9 9 0 3 32 1 4 2 0 10 0 9
1 0 3 0 0 2 6 12 0 0 0 0 0 2 0 12 0 7 2 8 12 0 0 2 0 1 1 0 0 1 0 0 1 0 0 3 0 16 3 0 2 2 0 0 4 0 9 0 2 0
17 3 0 15 0 0 7 13 3 8 16 0 8 2 1 1 0 1 2 3 1 19 0 1 2 4 1 14 2 0 0 0 2 2 5 10 2 2 20 1 14 1 2 3 6 5 0 0 0 2
10 17 8 3 3 6 3 11 8 4 8 13 0 19 1 18 7 7 3 7 12 6 23 11 1 4 0 13 4 5 4 11 2 10 0 25 0 11 14 15 8 6 5 9 3 1 3 2 0 1
0 0 1 0 2 0 1 0 0 0 0 0 0 2 0 1 1 0 0 3 0 3 0 0 0 0 0 0 2 0 0 15 0 0 0 2 0 0 3 0 1 0 1 1 0 1 2 0 0 0
0 0 0 0 0 0 0 0 0 4 0 0 1 2 0 0 0 0 21 0 0 2 0 0 0 0 5 0 0 1 0 26 0 0 0 2 0 0 6 0 0 0 1 0 0 0 0 0 0 0
0 0 2 1 0 2 0 0 0 4 1 1 0 3 0 3 0 0 3 0 0 2 1 0 0 0 6 0 0 1 0 5 0 1 0 1 1 0 8 1 0 0 0 0 1 0 1 0 0 0
0 6 31 16 16 3 8 4 0 3 2 4 3 2 1 39 24 13 4 3 12 3 11 4 16 4 1 10 27 4 1 27 34 2 1 1 12 2 5 3 5 10 4 3 8 19 5 12 13 2
0 19 0 3 4 3 18 11 9 0 11 9 3 1 0 16 10 0 18 7 5 15 4 2 0 8 4 5 0 16 2 2 7 0 2 1 10 3 3 1 2 21 2 6 15 8 10 1 0 4
1 0 9 0 9 6 14 1 6 0 1 1 0 1 0 8 4 3 1 0 0 26 0 0 0 0 4 1 9 6 1 2 5 4 10 0 0 3 0 1 0 4 3 3 1 0 0 0 0 6
9 1 3 0 2 29 0 9 5 7 1 5 4 6 5 0 0 3 24 0 10 0 17 2 0 1 10 3 26 9 6 2 2 3 4 4 6 1 1 23 17 8 1 0 28 3 6 20 5 10
13 0 0 3 13 8 1 1 2 4 0 2 2 4 1 2 0 1 11 4 1 1 0 4 1 0 9 5 0 11 0 5 1 2 10 1 8 1 0 4 2 16 20 9 7 1 3 5 1 1
0 0 0 0 0 2 1 1 0 4 0 0 0 7 0 1 1 0 2 0 0 0 0 0 3 0 2 1 0 0 0 2 0 0 0 1 1 1 0 1 0 0 0 0 0 0 2 0 0 0
0 1 0 0 0 0 0 1 0 3 0 0 2 1 0 0 0 1 10 0 0 0 1 2 0 0 11 1 0 1 0 5 0 1 0 32 0 1 5 0 0 0 0 0 1 2 0 0 0 0
4 0 15 0 1 0 9 10 0 2 1 0 0 8 7 4 31 11 1 5 6 0 0 0 0 2 16 1 0 0 1 9 0 0 0 1 0 0 1 0 3 30 0 0 2 0 1 2 0 1
0 0 0 0 1 0 0 0 0 0 0 0 0 5 0 0 0 1 1 1 0 0 0 0 3 0 1 0 1 0 0 0 1 0 0 0 0 0 0 1 2 0 0 0 0 3 0 0 0 1
3 2 4 1 2 1 11 2 0 12 9 1 12 30 13 2 4 0 6 1 2 13 1 1 11 3 4 0 5 4 10 3 0 4 1 27 1 0 1 10 5 2 1 6 13 9 8 7 0 6
1 4 1 2 11 12 0 0 3 0 9 0 7 11 1 1 2 0 26 1 2 0 1 5 0 0 1 5 6 2 1 2 1 7 8 6 8 4 7 2 0 3 0 11 4 1 0 9 1 1
3 2 9 12 7 1 2 15 13 0 7 4 0 0 0 0 2 1 0 0 2 0 6 5 4 0 0 0 1 14 3 0 4 1 8 0 0 1 0 1 5 5 8 1 0 4 14 4 1 4
30 7 5 20 23 5 16 12 4 1 19 6 0 10 1 13 9 2 1 0 4 6 3 0 2 12 5 9 3 8 10 0 2 5 3 7 7 7 10 10 10 15 2 5 1 20 1 1 0 1
6 0 0 4 4 1 5 0 3 0 19 1 1 0 1 4 4 3 0 14 2 8 3 0 10 0 0 1 4 3 2 0 7 3 1 0 5 5 0 2 7 2 7 4 2 2 2 0 2 4
4 0 15 2 4 4 8 9 1 1 4 2 12 5 3 3 1 26 12 6 10 6 3 0 15 7 1 8 5 1 20 16 14 3 0 12 3 1 9 13 29 2 44 17 1 14 11 8 2 0
2 3 11 1 0 5 1 8 7 11 16 3 3 0 0 0 4 2 0 8 4 5 17 1 3 0 14 5 5 1 8 12 0 13 15 4 3 2 13 5 6 1 2 17 0 2 2 11 0 0
6 14 24 3 6 4 8 0 2 3 1 2 7 0 6 3 1 0 3 0 3 11 0 3 0 2 0 17 2 0 1 0 0 8 5 1 2 2 3 3 4 3 0 5 2 5 6 6 8 0
1 18 0 3 7 15 0 1 0 2 4 3 6 0 0 2 0 0 2 1 4 1 0 1 6 1 0 3 1 11 0 1 3 11 0 2 0 6 0 1 0 5 0 0 8 4 4 4 4 1
0 4 15 7 2 5 16 6 2 7 3 0 0 7 13 8 3 4 0 14 0 6 4 10 0 0 2 8 0 1 4 0 8 3 2 4 2 21 4 1 8 3 7 2 11 7 17 2 5 1
0 0 0 0 0 0 0 0 0 12 0 0 0 1 0 1 0 0 0 0 0 0 0 0 0 4 1 0 1 3 0 5 0 0 0 11 0 0 4 0 1 0 0 0 0 0 0 0 2 0
2 3 0 0 0 0 4 0 0 1 0 0 0 0 0 0 0 2 0 0 0 0 0 0 0 1 0 1 0 0 1 0 0 1 1 0 2 0 1 0 1 1 0 0 0 0 1 0 0 0
1 4 11 6 11 1 0 34 8 14 2 9 12 0 0 1 10 14 9 1 6 15 3 23 10 14 10 1 1 2 3 2 3 6 7 3 9 14 6 8 20 1 9 24 13 1 11 9 2 0
28 8 1 1 0 3 5 9 17 0 10 3 16 2 22 2 2 0 3 4 17 11 10 22 7 13 20 3 19 26 14 10 11 1 1 9 0 5 4 23 0 8 5 3 15 1 9 1 5 6
1 10 4 18 14 9 19 6 6 2 10 3 7 0 5 4 0 3 4 4 23 7 12 5 0 10 1 24 14 8 1 0 4 6 5 3 15 2 10 7 3 12 1 2 6 1 4 5 3 13
0 0 5 0 1 5 3 0 0 26 3 3 1 0 5 4 1 0 7 17 10 12 3 1 3 7 1 1 1 9 0 1 19 2 5 6 8 7 0 4 0 2 6 21 2 1 2 2 2 0
0 0 0 0 0 0 0 1 0 0 0 0 0 1 0 1 1 1 0 0 0 0 1 1 0 1 7 0 0 0 2 0 0 0 0 0 2 0 0 0 0 0 0 1 0 0 0 0 0 3
1 1 1 6 5 3 0 0 13 0 1 2 4 2 3 0 0 0 0 0 1 1 10 1 4 2 0 4 5 0 8 0 1 4 3 0 2 0 0 4 0 0 0 3 1 0 2 0 0 3
5 3 16 5 1 6 11 11 15 33 4 1 0 0 0 1 2 9 5 15 0 14 16 5 35 0 1 2 17 7 8 0 7 42 0 6 25 1 13 0 1 1 30 4 2 14 0 3 9 19
0 1 1 0 0 0 0 0 0 0 1 0 2 11 1 0 0 0 0 0 2 0 0 0 0 2 7 0 0 1 0 0 0 0 0 1 0 0 0 0 0 0 0 0 0 0 0 0 0 1
0 0 0 0 1 0 0 0 0 0 1 0 0 3 0 2 0 0 0 0 0 0 0 0 1 0 0 1 0 0 0 0 0 2 0 0 0 0 0 0 0 0 0 0 0 0 0 0 3 0
1 3 5 3 9 13 17 0 3 3 5 6 5 23 24 12 24 1 9 9 0 6 6 24 8 5 0 13 0 6 17 10 1 6 5 6 30 3 10 1 6 6 0 5 1 5 6 2 0 2
8 6 13 25 1 3 6 17 0 3 7 1 4 12 2 5 4 3 1 4 2 41 2 6 0 20 1 20 1 2 3 5 22 1 0 9 5 9 1 3 5 16 7 7 5 26 9 2 10 18
0 1 12 11 4 4 2 8 0 2 0 3 2 0 2 16 0 3 10 3 9 0 2 1 3 6 0 3 0 6 6 3 4 2 9 6 12 2 1 0 0 15 2 6 11 0 0 2 1 2
11 0 2 2 0 0 1 10 0 4 0 0 1 5 11 1 2 0 0 0 7 0 0 0 0 0 5 0 0 0 1 0 7 0 0 7 1 8 2 0 0 0 1 2 0 0 0 5 0 0
0 2 2 0 3 2 0 0 3 0 0 9 0 1 2 4 5 3 0 1 11 0 3 0 2 2 0 2 2 3 9 0 6 0 2 1 2 4 0 3 3 0 3 0 1 0 13 4 3 1
3 1 2 0 0 0 0 1 0 4 0 2 0 5 1 3 0 0 0 1 0 1 0 0 0 0 3 1 0 0 0 0 0 1 0 3 0 0 0 0 1 0 0 0 2 0 0 1 0 0
2 0 0 8 6 0 2 1 2 0 0 1 1 1 6 0 2 4 0 0 8 2 0 1 7 3 0 0 4 1 4 0 1 3 2 0 0 1 0 1 2 6 0 0 0 14 1 0 4 2
13 7 11 0 5 0 8 21 12 32 1 4 4 4 0 3 4 6 5 9 13 26 13 6 4 1 11 8 3 3 6 1 7 4 0 1 3 10 7 5 7 3 0 7 21 0 8 0 9 6
9 1 8 3 0 1 4 2 8 10 2 0 2 2 20 2 3 9 2 4 3 0 0 18 1 4 2 15 0 3 0 13 16 7 0 5 0 1 12 2 2 8 0 1 0 1 3 1 5 0
0 0 0 0 1 0 0 0 0 9 0 0 0 3 1 0 0 0 4 0 0 0 0 0 1 1 13 1 2 0 0 0 0 0 0 1 1 1 0 2 0 2 0 0 0 0 0 0 0 1
0 0 0 0 1 0 1 0 0 0 0 0 0 3 0 1 0 0 0 0 0 0 0 0 2 0 2 2 0 0 1 0 1 0 0 0 0 0 0 1 0 0 1 0 0 0 0 1 1 0
2 0 0 5 0 3 0 0 3 0 5 10 1 0 0 0 0 0 0 0 0 1 5 11 0 1 0 15 2 12 8 0 0 6 7 0 10 0 0 0 2 0 8 5 0 0 0 2 4 0
1 4 3 2 5 19 0 1 0 4 0 10 2 1 12 0 3 0 0 1 3 12 6 2 7 3 0 1 1 11 5 1 6 19 3 3 2 6 0 6 2 3 28 7 1 3 1 3 0 13
1 0 3 3 2 1 2 1 0 18 1 5 1 0 1 4 3 0 0 0 0 0 15 4 0 1 11 3 8 13 9 17 0 12 9 5 4 0 0 0 2 0 2 1 1 1 3 8 1 3
5 9 3 0 12 1 3 3 6 0 5 7 5 4 4 0 0 4 0 2 1 1 1 1 12 0 0 3 7 42 2 5 2 11 11 1 7 6 0 6 4 0 8 1 4 6 1 1 1 7
1 8 8 16 1 5 3 0 2 8 11 4 16 0 4 2 0 17 4 1 1 20 15 0 2 1 0 8 1 1 2 0 4 8 6 6 8 0 1 1 12 17 0 10 27 5 0 3 3 9
0 0 1 4 2 1 0 0 0 1 4 2 0 2 0 0 1 0 0 1 2 0 1 2 6 1 0 0 21 6 8 0 0 13 0 0 2 2 2 5 0 0 3 1 1 3 2 0 9 1
11 2 1 41 3 0 6 0 6 23 0 0 1 5 18 2 6 6 4 3 2 5 15 1 22 1 1 0 6 19 1 0 6 4 3 3 29 18 0 1 12 1 4 5 1 2 14 8 3 9
11 41 20 8 3 0 3 17 28 3 0 17 1 13 0 4 4 6 3 0 2 1 0 19 2 6 14 18 13 0 4 26 7 1 3 2 27 20 10 7 2 3 24 4 2 34 3 8 4 2
0 0 0 2 0 0 4 2 2 4 2 0 9 3 22 2 0 3 5 8 0 2 0 2 1 0 1 1 2 1 2 1 1 2 3 3 4 2 5 2 3 1 0 0 21 2 3 1 2 1
1 2 0 0 2 9 16 6 7 18 3 1 1 9 0 5 2 1 2 1 9 13 2 0 0 0 5 2 6 3 2 0 0 3 2 1 0 8 3 2 14 1 1 1 0 2 1 2 4 1
0 1 0 25 3 0 0 0 6 1 0 6 4 0 0 1 0 1 0 0 2 1 0 6 4 1 1 3 0 3 1 1 0 3 1 0 6 0 1 0 1 1 2 8 0 0 0 0 6 0
1 0 0 0 1 1 0 0 0 3 0 1 0 1 0 1 2 0 2 0 0 0 0 0 1 0 2 0 0 1 0 2 0 1 1 3 0 0 2 0 0 0 0 0 0 0 1 0 0 0
2 7 0 1 0 15 12 0 0 0 9 0 19 0 2 2 1 0 26 3 28 6 0 0 12 2 13 5 4 8 4 6 13 5 1 10 0 20 13 0 5 1 13 1 0 2 2 0 4 6
1 0 4 0 6 16 6 0 0 9 2 33 17 5 0 9 1 4 0 1 0 3 6 6 6 36 2 25 0 7 7 1 4 15 8 4 7 3 2 4 12 1 6 0 1 36 0 1 10 61
20 0 4 0 2 7 1 0 4 2 1 4 10 5 5 0 12 22 7 8 12 1 7 4 2 1 9 4 2 0 1 27 3 6 11 1 5 13 0 10 1 0 13 1 12 11 0 3 3 2
0 24 0 3 21 13 0 0 1 0 4 4 3 0 0 0 0 1 0 0 1 3 3 7 0 8 0 4 6 17 1 0 0 5 10 0 8 0 0 11 0 0 0 0 0 5 0 2 7 7
6 8 5 3 0 9 13 1 3 1 10 3 2 0 17 0 2 1 3 9 4 4 7 47 5 4 13 2 1 26 12 1 12 0 5 14 2 8 5 4 3 1 5 9 14 7 5 19 0 28
2 0 2 11 5 1 20 0 2 35 2 1 2 9 2 9 0 4 0 0 0 11 19 2 0 0 0 2 1 1 17 5 3 3 3 5 5 1 1 0 6 1 5 3 1 6 10 12 3 6
8 4 0 10 4 2 0 3 5 8 2 0 6 5 3 2 0 4 3 2 5 1 0 2 0 0 16 2 6 5 6 0 1 12 9 13 9 0 3 1 1 11 1 3 5 3 16 0 0 16
8 2 0 1 7 3 0 2 9 8 36 8 4 0 0 0 1 2 3 1 5 10 5 21 1 2 2 7 4 0 9 0 2 3 0 2 7 2 1 9 4 9 0 2 1 39 0 3 5 12
4 24 14 13 12 8 21 8 1 3 1 5 12 3 5 8 16 2 1 4 5 0 24 7 8 3 0 5 8 6 4 1 4 15 16 19 6 0 2 4 4 5 1 0 9 5 5 13 6 38
0 2 0 0 0 2 1 0 0 0 1 0 0 0 0 0 0 0 0 0 1 1 0 0 0 13 0 0 0 0 1 0 0 2 1 0 1 0 1 1 0 0 2 1 0 0 2 0 1 1
0 3 0 0 0 0 1 2 0 0 0 0 0 6 0 0 0 0 0 4 0 0 0 0 0 1 1 0 1 1 0 0 0 0 0 0 0 0 0 0 0 1 1 1 0 0 1 2 0 0
1 0 0 0 3 0 1 0 0 0 3 0 0 9 0 0 0 2 0 0 0 1 0 1 2 1 7 0 0 0 0 2 0 0 0 1 0 0 0 0 1 4 1 1 0 0 0 1 0 1
7 4 1 10 0 2 16 9 5 1 13 6 2 6 1 1 2 3 2 0 0 8 9 0 1 12 6 1 1 3 7 1 10 3 3 1 1 0 0 2 0 3 13 4 6 1 1 1 7 0
1 0 1 0 2 35 0 0 9 3 1 7 10 4 9 3 4 0 4 5 5 5 6 6 5 6 2 0 2 10 46 6 6 0 4 0 3 2 0 4 5 2 4 14 0 3 1 1 6 5
0 1 0 1 3 0 0 0 0 2 0 2 0 11 0 1 0 8 1 1 1 0 0 1 0 1 1 1 0 0 0 0 0 0 0 1 0 1 0 0 0 0 4 0 0 2 0 0 1 0
0 2 0 4 5 1 0 3 4 0 0 0 5 0 0 0 0 0 0 1 0 5 16 2 1 3 1 0 0 8 2 0 0 6 0 0 0 0 4 1 2 0 0 3 2 0 0 0 9 6
3 1 12 0 1 1 0 0 0 1 2 1 0 3 2 13 1 0 3 3 1 0 0 0 0 0 1 1 0 0 1 1 0 0 2 5 0 3 4 0 5 0 0 0 1 0 5 2 0 0
0 3 0 1 0 11 2 6 1 1 4 0 0 4 2 2 16 0 3 22 3 3 1 9 3 1 7 3 0 22 6 0 5 2 4 2 1 5 1 0 0 13 2 2 2 3 2 2 2 19
7 0 1 1 29 19 1 1 3 4 0 10 17 4 6 1 0 3 10 0 0 13 14 3 9 3 2 3 0 1 7 4 14 16 16 5 4 4 2 10 1 10 7 4 4 1 9 1 4 2
3 0 21 0 9 4 4 1 6 12 2 5 2 4 0 22 11 4 2 0 1 2 2 1 7 0 5 1 4 7 0 1 2 12 0 0 0 3 0 7 11 7 0 2 5 3 0 1 4 2
0 3 0 9 0 5 0 0 12 0 0 12 2 0 0 0 0 1 1 1 0 1 3 18 10 7 0 0 6 5 0 1 0 7 1 0 0 0 1 7 0 0 5 0 0 2 0 0 2 5
0 1 0 1 0 0 1 0 0 12 0 0 2 2 1 0 1 0 2 0 0 1 0 1 0 0 0 0 1 0 0 3 0 0 0 6 0 0 3 1 0 0 1 0 2 0 0 0 0 0
