2 0 3 3 4 7 7 1 28 11 3 1 1 1 2 1 6 7 2 0 2 6 1 3 8 1 0 21 15 7 0 2 3 5 1 0 14 3 0 3 12 1 0 0 3 0 7 9 1 1
7 26 3 9 0 2 2 4 0 2 21 4 2 7 0 4 2 3 7 4 4 2 5 4 0 19 16 3 3 3 0 8 4 3 0 1 0 3 2 0 5 0 3 17 2 4 6 0 5 2
0 1 0 0 0 1 0 0 0 0 0 0 0 0 0 0 0 0 0 0 0 0 0 0 1 2 1 0 0 0 0 1 0 1 0 0 0 0 0 2 0 1 1 0 1 1 0 5 0 0
0 0 0 4 1 0 0 0 1 2 0 1 0 0 1 1 0 0 2 0 1 3 0 0 0 0 0 1 0 1 1 1 0 2 1 1 0 2 0 0 0 1 0 0 1 0 0 0 1 1
71 19 3 6 15 9 15 0 7 0 36 5 3 10 4 26 2 3 15 3 23 9 9 6 3 2 0 20 33 2 5 9 17 4 2 15 4 8 3 4 15 13 6 1 1 0 6 2 0 6
0 0 0 1 0 1 2 0 15 0 0 0 0 0 11 0 0 0 2 0 0 0 0 0 0 0 1 0 1 0 0 0 0 1 1 0 0 1 0 0 0 0 0 0 1 0 3 2 1 0
16 6 2 1 13 33 1 2 3 20 0 4 1 2 0 1 11 14 3 1 1 1 8 13 0 3 0 7 15 10 8 27 13 44 0 1 0 4 3 7 3 2 2 12 15 23 0 3 7 5
20 8 2 7 13 9 0 0 1 3 3 6 10 27 4 0 2 3 2 1 0 2 3 8 0 2 1 0 5 0 0 3 3 3 8 5 3 0 2 0 0 0 0 3 0 0 12 4 0 2
9 15 18 0 3 0 8 1 5 4 8 5 10 12 3 6 8 5 2 24 2 8 1 0 10 6 2 1 8 0 30 15 25 0 1 6 0 17 11 7 4 8 6 8 8 1 6 6 32 0
15 11 28 11 1 2 44 9 13 4 36 4 11 15 1 9 4 2 8 12 18 5 15 3 2 38 0 2 2 6 5 4 9 4 16 7 1 6 0 2 0 3 3 5 7 3 5 13 19 1
1 1 2 13 0 1 17 7 15 12 1 15 0 10 4 2 4 9 2 1 24 22 1 1 13 19 1 33 13 5 6 25 0 1 10 12 0 8 14 0 11 12 49 25 3 2 3 5 7 0
0 0 1 0 0 0 0 0 8 7 0 1 3 0 1 0 0 5 0 0 3 16 0 1 0 0 0 0 1 0 1 0 0 0 0 0 1 2 0 1 0 0 2 0 0 0 0 1 0 0
0 0 2 0 0 0 1 0 0 0 1 1 0 0 1 0 1 0 0 0 0 0 0 0 6 2 0 0 0 0 0 0 1 0 0 0 0 0 1 0 0 0 0 1 0 0 2 0 0 0
0 1 4 0 2 0 0 3 0 0 0 1 0 1 1 0 1 0 0 0 0 1 1 0 2 1 0 1 0 1 0 0 0 0 0 0 0 1 0 0 0 0 2 3 0 1 0 1 1 3
1 0 0 0 0 0 0 4 2 0 2 1 6 0 10 1 0 11 0 0 0 1 0 0 0 0 3 1 0 1 0 0 1 0 0 0 8 1 0 1 0 0 0 0 0 0 0 1 0 0
14 5 0 7 2 8 1 4 0 1 4 0 0 1 3 10 7 6 16 1 10 3 28 1 5 2 7 11 1 0 10 1 3 11 8 2 3 16 17 3 6 1 3 13 15 0 25 5 14 5
1 1 0 2 2 0 12 4 2 6 2 12 8 2 0 1 4 0 4 2 6 0 4 0 0 0 10 2 2 0 0 19 13 4 1 5 5 5 1 1 0 10 0 0 1 5 6 4 9 6
1 2 0 0 0 0 0 0 8 0 0 0 0 0 2 0 0 2 1 1 1 4 0 0 1 0 0 0 0 0 1 0 2 0 0 0 3 0 0 0 0 1 0 1 0 0 1 0 0 0
0 0 0 1 0 1 0 0 1 0 0 0 1 0 7 0 0 0 0 0 3 0 0 0 1 0 0 2 0 1 2 0 9 0 1 0 1 0 1 1 0 1 0 0 0 0 0 1 0 0
0 4 0 4 7 0 5 3 1 13 2 2 0 5 5 1 6 5 1 1 7 1 0 5 4 6 1 1 2 7 15 13 3 7 5 1 1 1 2 1 0 0 2 9 2 0 2 7 0 5
0 1 10 2 14 2 4 3 1 0 4 13 0 5 0 2 3 0 1 4 12 0 1 1 13 1 2 1 8 4 0 2 0 1 2 1 0 6 8 2 0 2 0 5 2 4 5 2 5 3
20 4 0 18 22 0 0 0 0 18 3 7 6 4 2 6 4 5 11 0 1 5 2 18 24 17 3 41 9 8 0 13 24 10 0 13 1 4 11 2 2 0 4 40 5 1 16 0 20 1
1 3 0 2 0 1 0 0 0 0 0 0 2 0 0 0 1 0 0 1 0 1 0 0 4 1 0 0 0 0 0 0 0 0 0 0 1 0 1 0 0 0 0 0 0 0 1 0 0 0
4 10 3 1 6 4 4 17 7 21 2 1 33 0 26 7 9 0 0 5 9 11 6 1 2 5 10 14 18 3 5 5 10 7 1 12 3 1 3 9 1 5 2 9 3 0 21 1 1 6
0 2 0 1 0 1 7 0 1 1 0 0 0 1 0 0 1 0 0 2 0 0 0 0 1 0 1 5 2 0 0 0 0 0 1 0 0 0 0 0 0 0 0 0 0 1 2 2 0 0
6 0 4 6 6 0 10 1 7 10 8 3 17 0 3 10 12 1 11 3 7 3 0 15 4 4 14 7 2 8 17 0 10 14 12 21 5 6 1 0 2 9 10 4 0 11 15 2 25 18
2 0 1 2 2 3 1 0 0 16 10 1 6 1 0 2 9 0 10 1 4 11 7 1 4 0 2 2 16 8 4 8 5 0 1 1 0 4 0 9 5 1 2 2 1 1 12 4 5 5
0 0 0 0 0 0 0 0 13 1 0 0 0 1 1 0 0 0 0 0 0 0 1 0 0 0 0 2 0 1 0 0 0 0 0 0 0 0 0 0 0 0 0 0 0 0 0 0 0 0
1 9 0 3 10 0 1 3 1 0 3 2 6 4 11 2 2 0 0 3 5 4 6 6 2 6 3 1 1 2 12 2 3 0 5 0 4 5 4 5 13 2 2 8 7 0 12 0 9 9
20 0 1 4 3 7 9 1 0 13 9 0 0 4 1 5 7 3 5 14 4 21 3 10 2 0 7 4 5 9 0 5 0 16 9 0 3 3 9 8 12 3 9 0 1 6 8 1 9 10
3 0 1 5 5 6 5 5 19 0 4 0 9 0 2 2 6 7 5 10 4 0 2 0 3 14 5 1 4 2 3 5 0 0 2 1 0 0 7 3 3 5 3 1 0 15 3 7 6 2
8 2 2 0 3 11 15 1 5 0 11 0 8 5 5 26 5 14 30 11 10 1 9 0 16 11 2 12 20 16 45 14 9 4 17 4 0 0 0 4 0 5 0 33 16 9 0 6 5 20
5 12 26 8 2 14 3 32 0 13 1 8 1 3 5 2 3 8 11 13 3 2 3 1 3 2 16 6 2 35 30 5 10 28 3 11 1 7 4 3 0 0 13 3 18 13 5 16 4 1
3 13 1 10 0 7 0 6 0 0 11 0 0 0 0 11 1 0 5 1 3 0 7 0 1 8 1 1 1 3 3 6 0 2 1 3 1 22 3 6 7 1 0 0 3 9 3 10 2 4
2 4 2 1 0 1 1 1 0 3 0 0 4 4 1 1 6 1 5 0 0 2 7 0 9 3 13 1 2 10 19 1 0 7 0 1 11 8 7 3 0 11 16 7 13 3 3 6 3 4
1 10 4 0 2 1 0 0 0 2 11 3 8 15 8 6 16 8 2 2 5 0 3 4 11 1 21 10 0 1 0 0 1 11 22 5 6 9 21 3 13 1 19 14 12 6 6 19 5 13
2 0 0 2 1 4 1 8 0 0 12 0 1 0 0 2 4 0 1 3 0 0 3 1 0 2 9 0 4 0 1 0 1 0 7 3 0 0 0 6 4 6 5 3 0 2 2 3 2 1
0 1 1 1 0 0 2 0 1 0 0 0 0 0 0 0 0 0 0 13 0 0 0 0 0 0 1 0 2 1 1 0 0 0 0 0 0 1 1 0 0 1 0 0 1 0 0 0 0 0
8 12 1 2 12 4 0 0 1 0 5 0 6 1 0 2 0 2 0 0 4 0 9 4 7 26 0 5 4 0 3 4 3 9 1 2 6 1 20 5 3 0 3 6 7 2 6 0 1 3
7 16 0 10 0 3 8 4 11 10 2 39 3 0 4 4 11 1 15 6 0 5 4 6 19 1 8 3 10 16 18 5 2 3 11 0 10 11 10 8 27 9 1 10 14 1 0 4 11 23
0 0 0 0 0 0 3 0 0 1 0 0 0 1 1 0 0 0 2 7 0 0 3 0 0 1 0 0 1 0 0 0 0 0 0 0 0 1 0 0 1 0 2 1 2 2 0 0 1 2
0 0 0 0 3 0 0 0 0 0 1 0 0 0 0 0 1 2 1 0 0 1 0 0 0 0 0 2 0 0 2 0 0 1 0 1 0 0 0 0 0 0 0 0 0 0 0 0 0 1
0 0 0 0 0 0 1 3 0 1 0 0 0 0 1 0 0 0 0 0 0 0 0 0 0 0 0 0 0 2 0 0 1 0 4 0 2 1 0 1 1 1 3 0 1 0 2 4 0 1
4 0 14 5 0 1 15 3 3 4 0 0 2 18 15 7 12 23 2 4 8 15 4 2 9 0 2 6 1 0 5 0 1 16 12 2 8 22 3 9 29 6 2 4 14 4 43 14 9 16
2 1 0 0 2 0 0 0 0 0 0 0 1 1 1 0 1 0 0 0 0 0 0 2 6 0 0 1 0 0 0 1 0 0 0 0 0 0 0 0 0 0 1 1 0 0 0 8 1 3
1 1 2 1 0 0 2 0 0 1 0 0 0 2 0 0 0 0 1 10 0 0 0 0 1 2 0 0 0 0 0 0 0 0 0 1 0 0 0 0 0 0 0 0 0 0 0 1 4 0
0 5 7 12 10 1 12 2 3 3 2 2 2 8 3 1 32 6 2 16 11 5 15 17 2 5 2 18 2 0 8 1 3 0 11 2 2 0 1 3 18 2 11 7 1 7 4 1 3 4
3 4 2 7 17 4 4 15 0 21 13 2 25 24 6 4 13 1 7 6 11 8 25 19 6 7 2 6 3 2 5 5 2 2 2 24 4 7 2 4 23 11 6 12 12 1 1 1 6 7
0 0 0 0 3 0 0 0 6 0 1 0 8 0 0 1 0 0 0 0 0 7 0 0 0 1 0 0 0 0 0 0 13 1 0 0 3 0 1 0 0 2 0 0 1 0 0 0 0 0
8 0 0 11 0 2 2 2 0 2 1 1 2 0 5 1 0 3 6 4 4 0 1 1 2 8 5 7 6 2 2 1 0 2 0 3 0 0 2 2 0 6 6 0 3 3 0 1 2 5
1 1 21 2 11 3 22 37 7 5 17 2 9 3 0 3 6 0 1 11 21 1 5 21 3 0 0 4 9 8 9 5 1 11 5 0 0 2 2 11 4 10 5 2 0 0 12 5 44 1
0 0 0 0 0 0 1 2 0 0 0 0 0 0 1 0 0 0 0 0 0 0 0 0 5 0 2 2 0 0 0 0 0 1 0 2 0 0 1 0 1 2 0 0 2 2 0 15 1 0
0 0 2 0 0 0 0 2 0 0 1 0 0 0 0 2 1 0 0 1 2 0 0 0 6 0 4 1 0 4 0 2 0 0 0 1 0 1 0 0 0 0 0 0 1 0 0 2 0 0
7 0 1 1 4 4 2 0 0 8 2 3 0 0 0 2 1 0 1 0 3 6 6 22 1 7 11 13 14 10 1 2 1 1 5 4 8 3 0 1 2 0 4 2 1 0 0 0 13 1
0 6 0 1 1 0 0 3 1 0 2 20 5 11 5 0 0 9 4 0 0 3 6 1 9 2 7 5 10 6 17 1 1 6 13 7 0 3 5 2 2 12 5 5 3 7 9 5 5 0
0 0 1 0 0 0 3 0 0 1 0 0 0 1 0 0 1 0 0 0 2 0 0 1 3 0 0 1 0 0 0 0 1 1 1 0 0 2 0 0 0 0 1 0 0 0 1 3 1 0
1 0 3 0 4 5 13 4 11 10 5 4 24 5 4 6 6 9 0 2 2 9 1 6 0 0 1 0 0 11 4 2 26 2 5 5 8 0 6 4 2 2 8 0 4 4 2 13 8 2
0 0 0 1 1 1 0 0 1 0 0 2 0 0 0 0 0 1 0 0 0 0 0 0 2 0 0 1 0 0 2 1 0 0 0 0 0 0 0 0 0 0 1 1 3 0 0 1 0 0
0 3 2 1 9 0 7 5 8 4 5 5 0 1 22 1 0 1 1 2 4 2 0 6 2 2 8 0 0 11 10 6 8 4 6 5 26 1 0 1 3 16 6 10 0 2 4 2 3 6
26 1 2 8 11 1 0 26 0 3 4 1 0 1 1 8 2 7 20 2 1 19 1 23 5 13 0 0 16 13 7 0 22 6 30 0 4 4 0 0 8 0 3 0 10 1 6 13 0 4
6 3 16 0 2 5 0 3 1 14 1 2 2 8 1 5 7 5 7 0 1 0 2 1 0 6 1 5 6 4 2 4 2 6 7 10 1 11 1 4 0 3 11 4 0 3 12 1 1 0
1 1 0 1 0 0 0 0 9 0 0 0 20 0 1 0 1 2 0 0 0 1 0 0 0 0 2 0 0 1 0 0 0 0 0 0 17 0 0 0 0 0 1 0 1 0 0 3 0 0
0 0 0 0 1 2 0 0 0 0 0 0 0 0 0 0 1 0 1 1 0 1 3 0 0 2 0 1 0 0 0 0 0 0 0 0 0 0 0 0 0 0 0 1 0 0 0 10 0 0
1 0 8 9 0 1 0 10 3 8 0 12 7 1 6 2 0 4 0 3 12 2 4 3 2 8 0 0 0 2 1 1 6 2 0 3 2 0 4 0 2 10 10 0 0 6 0 1 0 3
14 14 1 7 4 9 18 6 0 5 10 16 0 8 5 7 4 12 7 2 9 2 2 5 0 72 7 27 3 20 3 2 5 17 12 5 3 5 9 0 2 18 8 1 0 5 3 10 13 15
2 0 13 0 0 0 2 0 1 1 2 0 0 0 1 0 0 0 0 1 0 0 0 0 1 0 0 0 0 0 0 0 0 0 1 1 3 0 2 1 1 0 0 0 0 1 0 0 0 0
0 0 7 0 1 2 3 0 0 0 2 0 0 0 3 0 0 0 0 0 0 0 0 0 0 0 0 0 1 0 0 0 1 0 0 0 0 0 0 1 1 0 1 0 0 0 0 0 0 1
20 8 0 22 3 2 11 1 1 4 4 3 3 4 0 18 0 5 3 6 6 5 19 15 10 1 8 14 2 11 28 0 0 12 3 5 0 5 0 5 0 1 13 20 1 12 6 19 6 6
4 0 3 2 0 9 0 4 3 0 10 8 11 23 1 8 1 2 1 1 0 8 0 1 7 0 6 7 2 15 4 7 3 0 2 4 0 0 8 3 3 11 5 0 5 2 10 3 4 0
3 2 1 15 2 12 0 7 12 4 3 4 11 23 0 2 2 5 17 0 14 0 15 3 4 2 10 2 7 8 3 3 2 7 4 2 1 1 9 7 1 0 13 0 15 22 13 21 1 39
3 2 2 2 1 0 6 0 0 4 35 10 1 8 9 1 14 8 16 21 7 4 2 3 5 9 2 1 20 2 7 1 3 7 15 0 22 5 13 8 0 7 0 3 8 15 0 9 3 5
7 4 2 11 0 0 2 2 4 0 10 13 0 2 0 0 10 0 4 17 3 2 0 7 1 6 3 1 0 4 4 3 0 1 4 10 0 3 12 5 0 4 9 0 0 14 7 0 3 3
6 9 2 6 0 1 9 5 4 1 0 36 3 6 5 26 14 13 2 22 9 2 4 6 3 5 10 2 5 35 4 5 4 8 4 7 4 0 1 4 4 10 1 12 39 2 7 7 19 5
1 0 5 1 0 1 8 1 0 4 0 0 0 1 0 0 3 0 1 3 0 0 0 0 0 0 0 0 0 1 0 0 1 0 1 1 0 0 0 0 2 1 2 0 0 0 0 1 0 0
4 36 10 6 5 1 15 0 12 6 2 3 6 4 9 10 2 10 7 4 0 4 9 16 3 2 0 3 8 5 3 0 10 0 18 16 8 3 3 1 1 0 3 0 5 6 1 2 11 2
9 10 0 1 0 0 12 6 0 0 4 12 0 0 5 4 1 7 6 7 0 0 6 1 3 19 5 1 2 5 4 18 7 1 0 3 3 2 10 42 15 8 3 5 2 3 4 1 2 3
0 0 1 0 0 0 0 1 1 0 0 0 0 0 3 1 1 3 0 3 1 3 0 0 0 0 2 0 0 0 0 1 0 0 0 0 0 0 0 1 0 0 0 0 0 0 0 1 1 0
18 5 0 0 0 2 12 3 1 0 0 1 1 11 1 1 0 2 15 0 3 2 6 2 4 4 3 4 6 1 8 4 0 12 34 9 0 7 6 2 7 6 3 14 18 0 1 12 23 5
1 13 4 0 3 1 0 9 5 19 8 2 10 4 3 0 2 10 0 1 1 0 3 6 9 2 6 0 0 1 0 6 5 1 5 1 12 1 16 0 1 3 3 3 17 1 1 2 3 15
7 6 4 0 12 2 3 17 9 5 3 18 0 2 10 0 0 21 19 0 12 6 0 23 12 7 2 5 13 1 1 12 1 1 37 8 6 11 4 4 1 3 6 5 0 9 0 4 1 80
0 4 0 0 0 1 0 0 0 0 0 0 2 1 5 1 0 3 0 0 1 0 0 0 0 1 1 0 0 0 0 0 0 0 0 0 0 1 0 0 0 0 1 0 0 0 0 0 0 0
1 4 37 2 3 0 8 5 24 2 47 3 9 2 5 3 3 7 6 12 19 29 4 2 0 9 9 0 1 2 0 6 11 0 4 0 8 9 4 2 0 6 13 3 11 16 14 0 10 17
4 0 0 0 0 1 0 0 2 1 1 0 0 1 6 1 0 2 0 0 1 11 0 0 2 0 1 0 0 1 0 4 2 1 0 0 21 0 1 0 0 0 0 0 0 0 0 5 0 0
5 1 0 9 2 0 3 1 0 0 2 4 3 0 1 3 0 1 0 0 0 0 2 3 7 1 0 0 1 0 2 6 2 1 1 10 0 5 4 9 6 0 4 1 3 5 1 2 3 8
2 1 7 7 1 7 2 1 2 7 10 7 4 1 0 6 1 14 40 2 11 5 2 5 13 5 0 5 0 8 0 4 5 2 1 4 2 8 9 6 2 7 6 0 1 3 2 2 4 0
2 23 2 9 3 5 15 2 0 0 1 12 3 3 10 4 3 2 9 6 1 1 3 35 4 2 10 15 1 16 2 8 9 16 2 8 3 0 1 0 2 13 14 5 0 10 2 6 8 26
4 0 0 2 0 2 2 1 12 0 1 3 0 0 0 6 0 3 3 0 2 8 2 12 2 6 4 0 0 0 7 0 18 0 7 1 2 0 6 1 2 2 2 9 1 1 6 9 0 1
0 0 0 7 7 5 6 0 0 0 6 1 0 18 2 2 1 3 0 2 1 2 4 3 0 1 6 10 12 4 2 10 0 2 6 3 5 0 0 12 2 3 1 2 0 1 3 0 5 3
10 8 3 32 10 2 2 2 0 40 9 6 5 26 8 15 0 6 15 2 3 0 27 6 12 15 4 24 13 6 15 4 15 10 4 7 0 0 17 9 1 4 0 5 4 3 25 0 20 0
2 6 3 5 0 8 0 0 15 5 2 5 1 2 1 0 1 9 4 0 2 5 3 4 1 9 0 2 7 0 0 0 0 0 2 0 6 6 0 0 6 1 0 7 2 0 3 4 0 2
2 0 0 0 0 1 0 1 12 1 0 2 2 0 3 0 0 0 1 0 0 0 2 2 0 0 1 0 1 1 0 0 1 0 0 1 0 2 0 0 0 1 0 0 0 0 0 0 0 0
13 15 4 5 14 10 14 10 22 2 7 0 1 16 1 0 4 0 9 5 45 1 35 0 23 5 14 3 5 2 12 2 0 7 34 9 2 20 1 0 0 1 1 0 12 7 10 0 6 11
0 0 0 0 0 1 0 0 1 13 2 1 2 0 2 0 1 11 0 3 0 13 0 0 2 0 1 0 0 0 0 0 1 2 1 0 7 0 0 0 0 0 1 0 0 0 0 2 0 0
2 10 5 7 2 3 6 1 0 0 0 17 0 9 0 0 2 0 9 14 3 0 13 6 1 4 3 0 0 5 17 9 0 4 1 15 0 3 0 1 3 1 0 3 8 0 7 10 3 7
2 3 2 2 7 1 5 3 7 1 4 4 1 0 2 2 2 5 13 2 2 8 4 0 8 1 10 11 5 0 2 7 2 0 0 2 0 8 4 1 13 1 10 0 1 4 2 2 10 0
0 2 7 18 3 13 1 13 3 4 8 3 10 15 16 0 9 8 14 9 22 3 9 9 15 4 8 1 5 4 6 3 0 14 12 10 4 2 1 3 0 28 14 0 5 4 33 2 1 1
7 3 0 9 11 4 2 13 13 13 7 15 4 1 3 13 2 6 1 6 3 4 26 0 2 7 12 13 1 0 7 2 6 2 7 1 4 5 5 16 2 10 1 1 12 4 0 0 8 24
0 0 0 0 2 0 0 3 1 0 0 0 0 1 0 0 0 0 1 1 0 0 1 1 9 0 0 0 0 0 0 0 1 0 1 0 0 0 1 0 0 0 1 0 0 0 1 1 0 0
4 19 0 2 6 7 3 16 4 15 3 6 0 14 4 0 0 9 27 31 12 20 4 2 0 0 9 6 0 28 6 1 13 0 16 13 13 5 7 0 2 4 2 8 1 37 8 1 9 6
6 0 2 5 1 0 8 5 2 12 5 6 2 0 1 8 2 6 2 7 3 19 0 7 0 8 9 0 14 5 3 0 2 4 3 4 1 1 1 14 12 13 2 12 0 4 1 0 11 15
