0 3 0 15 23 4 3 7 15 17 4 4 4 12 3 6 3 2 1 11 12 23 14 8 5 0 21 9 1 15 4 6 24 4 0 14 10 2 14 6 0 3 0 12 3 0 1 5 5 19
13 2 1 6 5 17 2 1 4 0 13 16 2 1 0 1 0 3 0 6 2 8 3 12 3 3 15 4 0 16 0 23 0 0 0 1 5 1 1 16 1 4 1 0 10 10 1 2 0 0
0 0 0 1 2 0 0 0 0 0 1 1 1 1 2 1 0 0 0 0 0 0 0 0 0 1 0 0 0 0 0 1 1 2 0 0 0 0 0 0 10 0 1 0 0 0 0 0 1 0
3 30 4 5 6 1 0 9 9 0 23 7 0 9 12 4 0 3 0 7 2 4 4 1 5 13 13 16 8 5 1 12 9 2 1 4 3 3 6 3 7 1 15 0 3 24 3 7 10 4
31 6 2 4 29 4 6 3 15 12 2 6 4 7 2 28 0 13 2 1 10 2 26 0 11 13 7 0 7 19 4 3 2 15 24 0 5 0 7 0 0 8 7 13 5 0 2 0 0 8
6 7 0 2 1 9 2 0 0 0 2 4 8 0 2 3 0 4 0 5 1 0 7 2 9 6 9 0 9 2 1 0 2 17 6 0 5 1 7 2 1 0 1 3 0 0 2 5 0 1
2 0 4 7 1 2 1 14 5 3 5 6 0 2 10 7 7 3 1 5 6 0 0 5 6 0 2 5 1 7 1 4 1 0 1 13 3 18 11 5 10 5 2 0 2 11 5 1 5 0
1 0 0 0 0 0 0 0 1 0 0 1 0 0 15 1 0 0 1 0 0 0 0 0 0 1 0 0 1 0 0 0 2 0 0 0 1 1 1 1 1 0 2 2 1 0 3 2 1 0
1 1 11 14 9 5 1 1 14 3 8 2 9 3 4 15 13 1 1 11 38 3 3 3 2 7 2 21 2 15 5 3 7 8 1 9 6 8 3 5 1 2 12 27 1 0 14 34 8 16
2 0 0 0 1 1 2 0 0 3 9 0 2 1 4 0 1 13 0 8 4 6 2 1 20 1 5 0 5 2 2 37 0 0 4 0 1 0 1 4 5 0 0 0 2 0 2 15 0 0
5 7 8 1 4 11 1 12 3 1 6 1 0 1 0 6 11 2 1 0 0 3 5 2 0 1 3 4 14 0 2 3 0 3 6 0 3 2 6 2 3 3 3 2 1 0 0 4 1 0
3 0 0 0 0 0 1 3 1 0 0 0 6 0 0 0 0 1 0 0 3 0 13 0 1 0 0 0 0 0 0 0 1 1 0 0 0 0 1 0 2 0 2 0 0 0 0 4 0 0
2 10 2 1 7 11 4 5 2 1 14 13 4 2 2 1 1 0 3 1 2 3 1 5 4 2 6 7 0 1 2 0 2 0 0 7 1 3 2 0 9 1 0 2 0 4 4 8 2 2
0 0 0 1 1 1 0 0 0 0 0 0 0 1 1 0 1 0 0 0 0 1 1 1 0 0 0 0 1 6 0 0 0 0 0 1 0 2 0 0 0 1 3 0 2 0 4 0 2 1
6 2 0 4 1 3 2 0 5 3 2 17 0 0 0 2 0 3 0 2 2 1 1 6 0 7 5 0 10 1 3 0 10 0 11 0 3 7 0 4 11 1 1 4 4 3 4 0 0 7
0 0 8 0 0 0 0 2 0 0 2 0 2 2 3 1 5 0 7 0 0 1 0 0 2 0 0 0 0 0 0 0 0 0 1 2 1 0 0 0 0 6 2 1 0 4 0 0 3 0
0 1 3 0 0 6 6 2 0 2 18 9 8 3 7 4 4 0 2 9 1 5 1 0 9 0 2 1 1 1 0 2 1 13 10 1 10 0 2 13 6 9 2 1 2 4 0 10 2 11
7 22 0 0 1 0 10 19 5 1 0 2 2 6 3 1 0 1 4 4 8 10 12 8 9 18 5 15 13 11 13 3 15 10 6 0 20 23 0 13 3 0 10 3 1 1 11 6 11 21
18 1 4 3 1 16 15 4 5 8 3 12 18 18 6 7 1 1 7 17 0 6 8 9 7 6 6 2 8 2 0 17 6 5 2 4 11 7 0 2 22 34 1 2 20 2 4 0 0 6
0 0 1 0 0 0 2 0 0 2 1 0 0 2 0 0 0 0 0 0 1 0 1 0 0 0 0 1 0 5 0 0 0 0 0 1 1 0 0 0 6 3 0 1 1 0 1 0 0 0
5 10 0 13 2 4 4 4 10 1 2 5 0 4 1 0 0 13 6 30 0 6 7 2 19 0 4 1 0 0 11 1 2 10 13 2 0 9 0 3 5 6 2 1 11 8 1 5 0 11
1 4 6 1 2 5 1 0 0 9 10 6 7 0 2 1 11 3 1 1 7 0 8 23 0 7 4 4 7 2 5 2 3 4 0 2 2 8 1 13 11 5 3 2 5 0 2 1 3 0
10 3 0 7 0 4 3 1 10 3 4 8 2 7 2 11 0 5 0 3 0 1 14 0 1 5 0 2 1 3 0 2 4 3 2 1 5 6 4 0 1 1 0 3 6 0 1 0 0 0
16 4 16 7 12 0 1 6 9 11 2 8 20 0 5 1 1 1 9 1 3 12 4 0 0 1 0 6 5 0 0 3 4 6 28 9 9 7 0 0 0 2 7 6 1 9 19 0 2 4
0 1 1 0 0 0 1 4 0 1 1 0 0 0 0 0 8 0 2 0 0 0 0 0 0 0 0 1 0 2 1 1 0 0 0 1 0 0 1 4 0 4 5 1 2 13 0 1 18 0
4 1 0 0 2 1 4 0 1 0 1 7 0 5 3 3 0 1 0 1 0 3 0 2 1 3 2 0 0 3 3 1 2 6 0 2 2 0 7 0 2 0 1 1 7 1 2 8 0 1
5 7 6 2 35 20 13 2 0 4 0 26 7 7 7 15 2 2 7 5 16 10 5 7 11 12 11 8 0 14 9 1 22 4 6 1 1 2 2 0 6 13 1 3 1 0 1 4 0 6
2 1 7 8 0 1 0 6 0 0 0 0 0 5 8 1 12 7 0 6 5 0 1 7 2 0 0 3 0 0 2 4 23 2 0 0 1 6 3 3 9 7 3 3 8 0 9 0 4 0
13 2 1 1 3 1 0 15 9 8 30 6 0 2 6 5 0 6 8 0 7 9 3 19 2 2 1 8 2 21 0 2 2 6 5 10 11 3 8 2 0 23 4 25 11 19 26 0 2 0
13 5 0 4 23 7 11 0 6 29 0 10 21 9 0 6 5 6 1 13 6 4 13 16 5 2 36 0 0 18 0 1 18 10 2 8 6 13 6 5 22 0 1 17 13 9 12 6 1 1
0 0 0 0 0 0 0 0 1 1 0 0 0 0 1 2 0 0 17 0 0 0 0 2 0 0 1 0 0 0 0 0 0 1 1 0 0 0 0 0 1 0 0 0 0 0 0 0 0 0
0 1 3 2 0 0 1 3 1 0 0 0 0 2 0 0 0 0 25 0 0 0 0 1 0 0 0 0 2 0 0 0 0 0 1 1 0 3 0 0 0 0 0 1 0 1 0 0 0 0
0 0 0 0 1 0 0 1 0 0 0 1 5 0 0 1 0 0 0 2 0 1 1 0 0 0 0 0 2 0 0 0 0 0 9 0 0 0 0 0 0 0 0 0 0 0 0 2 0 0
0 0 0 0 0 0 0 1 0 0 2 2 0 0 0 6 0 0 15 0 0 0 0 2 1 0 0 0 1 0 3 0 0 0 1 0 0 0 0 0 0 0 2 0 1 0 1 0 0 0
6 0 0 9 8 5 10 1 4 28 3 0 4 4 1 9 1 1 2 2 11 0 7 0 6 7 5 1 12 1 0 11 4 4 0 2 0 2 2 8 1 0 0 0 16 0 5 0 0 6
0 0 0 1 0 0 0 0 0 0 0 0 4 0 2 8 0 1 0 1 0 0 0 0 0 2 2 0 1 4 0 1 2 0 2 0 0 0 0 2 0 0 0 2 1 0 0 2 0 0
0 0 1 0 0 1 2 2 0 0 0 0 0 0 0 1 0 0 18 1 0 0 0 0 2 2 2 0 0 0 0 1 0 0 0 0 0 0 0 0 0 0 2 1 0 0 2 0 0 0
0 5 5 0 0 0 0 8 0 0 1 0 0 0 0 0 3 1 3 0 0 1 0 1 1 0 0 3 0 0 0 0 0 0 0 5 0 1 0 0 0 9 8 2 0 1 1 0 0 2
7 6 1 29 6 20 22 0 5 27 8 1 8 29 11 1 8 6 4 0 2 7 10 23 0 0 3 1 17 1 8 13 18 3 3 4 0 5 18 11 12 2 1 2 4 6 10 8 23 4
1 2 8 3 0 19 0 0 14 0 0 1 2 2 4 1 0 10 26 2 1 0 12 3 0 6 1 1 15 14 0 0 0 3 13 2 7 2 9 0 4 1 1 0 2 2 10 5 8 0
16 8 1 5 9 0 1 3 2 0 0 3 2 11 2 1 14 1 1 16 33 10 3 2 4 14 13 6 4 4 8 25 31 19 13 4 17 5 1 1 9 12 2 1 5 8 2 0 3 10
4 64 6 2 3 12 16 9 6 9 2 3 1 7 1 5 9 1 4 9 3 10 0 23 6 9 8 0 2 3 14 5 8 3 6 4 8 0 2 22 4 19 8 11 2 2 4 6 4 6
1 1 2 3 5 2 3 2 3 10 15 0 3 5 9 0 1 1 2 12 0 0 2 3 1 1 6 0 0 0 4 1 13 7 6 6 3 0 3 2 0 0 3 3 14 2 1 2 1 1
0 0 0 0 0 0 0 20 0 0 0 1 0 0 0 0 0 0 1 0 0 1 1 0 0 0 4 0 0 0 0 0 0 0 0 0 0 0 0 0 0 0 1 0 0 0 0 0 1 1
0 0 0 0 1 0 0 0 0 3 0 2 2 0 0 0 3 0 4 0 0 0 1 1 0 0 0 0 2 1 0 0 0 0 2 0 0 1 0 0 0 3 9 0 0 1 0 0 4 0
0 0 1 0 1 1 1 6 1 1 0 1 0 0 0 0 2 0 2 0 0 0 0 0 0 0 0 0 0 0 0 0 0 0 0 1 1 0 3 0 1 0 0 0 1 0 1 0 0 0
14 0 3 4 13 16 3 3 4 7 4 16 2 8 8 0 5 2 11 34 3 5 3 15 25 5 0 0 33 2 3 15 7 3 3 5 5 20 2 5 8 2 2 16 6 5 0 1 2 12
0 1 2 0 0 1 0 5 1 1 0 0 0 1 0 0 8 0 4 0 0 0 1 1 0 0 1 5 2 0 0 0 2 0 0 0 1 0 3 2 0 5 6 0 0 0 3 0 3 0
8 6 7 12 0 1 17 0 11 9 14 0 9 2 5 18 24 8 8 18 12 1 11 0 5 13 3 0 2 4 7 7 4 3 11 4 2 5 0 1 0 1 3 20 1 0 3 7 9 3
12 3 6 0 10 0 14 1 4 14 11 33 12 15 11 7 19 9 9 0 7 26 8 5 2 0 1 4 23 12 2 19 10 8 4 0 7 1 2 12 1 4 7 0 10 5 7 3 1 8
0 0 1 0 0 0 0 2 0 0 0 0 0 0 0 0 0 0 6 0 1 0 0 0 1 0 1 1 1 0 0 0 2 0 0 0 2 1 0 1 1 0 0 1 1 0 0 0 0 0
1 0 0 0 0 0 0 1 1 0 0 0 0 1 0 0 0 0 1 0 0 0 0 0 0 0 0 0 0 0 1 1 0 0 0 1 0 0 0 0 0 1 4 1 0 0 0 1 0 0
3 2 9 4 0 14 2 8 9 5 1 1 1 0 0 10 4 8 3 5 1 0 1 0 4 0 4 14 7 1 5 0 2 2 3 10 3 3 4 0 0 8 2 2 2 6 0 1 15 3
0 3 0 0 0 1 1 1 0 2 0 0 0 0 3 0 0 0 0 0 0 0 2 1 0 0 0 0 0 0 0 0 2 0 0 0 0 0 0 0 2 0 0 2 1 1 8 0 0 0
0 0 0 0 0 0 0 13 5 0 2 0 0 7 0 1 0 0 1 0 2 0 0 0 0 1 0 1 0 3 0 0 1 1 0 0 1 0 0 0 0 0 1 0 0 0 0 0 0 0
13 1 1 4 2 1 5 0 0 2 15 3 9 4 7 7 1 3 0 0 7 32 0 0 1 8 4 1 2 13 0 4 4 0 0 1 0 0 2 8 11 0 2 6 5 3 10 2 0 0
0 0 0 0 0 0 0 1 1 0 1 0 0 0 12 0 0 0 0 1 1 1 0 0 0 0 0 0 0 4 0 1 0 0 0 1 0 0 0 0 4 0 0 0 0 0 1 0 0 0
1 0 0 0 0 0 0 0 0 1 1 1 0 1 1 0 0 0 5 0 1 0 0 0 0 1 1 0 1 0 0 0 0 0 0 0 1 0 0 0 1 0 6 3 0 0 0 1 1 0
0 1 12 4 1 0 5 2 9 1 1 0 6 1 4 0 9 1 4 7 7 5 11 2 2 0 5 7 1 5 0 3 20 3 0 16 4 2 4 0 13 4 5 1 2 3 6 1 1 4
0 1 2 7 11 1 7 0 10 6 6 2 8 5 0 0 1 7 0 3 4 10 8 1 3 11 1 3 0 15 0 4 5 4 1 2 0 6 1 2 17 4 0 1 2 2 11 5 3 9
8 0 1 3 3 13 4 0 1 9 9 2 0 3 9 1 0 0 2 5 2 8 5 1 8 0 12 0 5 3 8 1 3 3 3 3 3 1 3 6 0 0 0 0 2 0 3 7 0 2
0 2 3 8 23 11 2 4 21 10 4 1 3 5 4 22 0 13 2 7 10 4 10 1 1 21 6 7 9 10 2 9 3 17 11 12 14 6 19 14 3 2 2 29 10 4 6 0 13 9
3 1 1 0 0 0 1 1 2 0 1 0 1 0 1 0 0 0 0 0 0 0 3 0 2 0 0 0 0 5 0 0 0 1 0 1 0 4 0 0 4 0 0 0 0 0 5 1 0 0
2 4 12 8 35 11 18 0 1 25 4 12 15 5 7 17 6 8 3 11 5 2 18 16 1 6 5 8 20 6 2 5 1 17 14 3 13 1 1 0 7 0 15 20 2 6 1 5 15 17
0 1 0 0 0 0 2 9 0 2 0 0 0 1 0 0 1 0 7 0 0 0 0 0 0 1 0 1 1 0 0 1 0 0 1 0 1 0 0 0 0 1 2 0 0 1 0 1 0 0
1 2 21 0 2 2 9 0 1 0 4 3 4 1 0 2 7 9 10 17 3 7 2 1 3 2 7 1 9 0 7 0 3 2 0 2 19 5 5 0 0 0 2 25 0 8 0 0 4 5
4 0 8 0 5 0 3 2 3 0 6 2 1 1 3 1 7 3 5 2 0 0 5 6 1 1 14 34 4 5 11 0 0 2 3 6 1 1 4 4 3 17 5 1 2 21 0 7 2 7
3 15 7 3 2 2 2 18 7 5 2 0 1 2 0 0 2 3 22 0 4 2 19 2 4 0 8 7 6 2 19 5 1 2 1 1 3 2 3 2 3 1 11 0 2 1 4 4 6 2
1 1 0 14 5 4 5 0 2 16 2 3 7 19 32 19 30 6 1 13 3 12 10 2 4 1 0 0 3 6 4 4 6 1 9 1 10 4 6 2 8 21 0 17 4 20 7 6 3 2
12 30 0 0 28 9 2 0 5 16 11 8 0 5 18 12 5 0 1 0 6 1 0 12 12 0 24 5 0 3 1 0 6 1 5 9 0 2 6 3 7 0 1 13 2 5 0 0 7 3
6 4 9 0 0 7 0 5 0 0 22 0 1 6 2 0 2 1 1 4 0 1 0 13 2 0 0 8 0 4 9 1 4 10 0 8 2 2 15 1 5 4 2 2 2 3 12 1 12 1
1 0 0 0 0 0 0 6 1 0 0 0 0 0 0 0 7 1 1 0 0 3 0 0 1 0 1 4 1 1 0 0 1 0 0 6 0 0 1 1 0 3 7 1 1 0 0 0 2 0
3 4 0 4 1 3 1 7 5 3 4 4 11 8 5 3 0 8 5 1 6 0 3 2 11 4 6 0 0 0 3 10 0 6 3 2 4 6 20 1 0 0 1 19 5 3 4 2 2 7
0 1 1 0 0 0 0 0 0 0 1 0 0 0 0 10 0 0 0 0 1 0 2 1 0 0 0 0 0 1 0 0 0 1 2 0 1 2 0 0 1 0 0 0 0 0 0 3 1 0
7 12 20 2 5 14 15 5 1 5 6 0 3 18 4 19 9 12 0 1 7 6 24 19 12 10 14 3 2 4 11 7 0 10 5 11 7 0 25 8 10 5 22 12 13 36 2 14 11 12
1 3 3 5 4 7 1 16 7 2 5 18 8 1 5 3 1 2 0 13 0 2 0 0 16 1 1 25 6 3 6 20 2 17 1 25 0 0 2 14 0 12 4 1 4 3 8 3 23 7
0 0 0 0 8 1 0 0 0 1 0 0 5 1 0 2 0 0 1 1 0 0 6 0 1 1 0 0 0 0 1 0 1 0 6 0 0 0 0 0 0 0 0 0 0 1 2 12 0 0
1 2 2 0 7 14 0 0 4 2 10 11 4 4 4 9 0 24 0 0 27 20 1 19 5 2 6 17 6 8 22 4 16 1 10 0 16 3 5 0 4 1 0 6 11 2 0 3 1 23
0 2 0 1 0 0 6 4 4 3 11 4 2 3 0 1 1 0 1 1 2 2 8 6 4 6 4 7 2 4 4 3 2 3 0 3 3 9 4 3 6 8 3 2 11 1 3 6 0 14
7 14 4 0 11 2 0 1 6 8 1 0 12 0 0 1 1 5 17 3 4 11 13 2 4 12 7 0 1 1 0 1 0 0 2 0 6 1 0 1 1 1 19 1 2 22 1 0 6 1
1 0 1 1 1 0 2 0 0 1 0 0 0 0 0 0 2 0 2 0 0 0 0 0 0 0 0 0 2 3 0 0 0 0 0 0 1 0 0 1 1 1 0 0 0 0 4 1 0 1
0 7 6 4 3 8 34 0 15 5 8 3 8 5 24 0 4 1 6 1 4 11 10 4 6 5 3 11 0 7 5 8 1 7 1 7 2 12 3 15 4 2 3 11 7 5 4 2 6 1
0 0 5 5 5 20 3 0 0 0 2 1 0 4 2 2 5 6 1 3 3 0 4 8 8 0 10 3 4 4 1 16 1 9 5 0 1 3 1 1 6 1 0 1 0 10 7 8 6 7
3 1 0 18 3 5 0 2 1 5 1 0 9 6 0 18 2 10 0 4 4 3 1 6 1 2 0 1 1 6 17 3 1 3 0 21 0 0 12 19 1 1 4 9 9 1 0 0 6 6
7 2 10 15 0 2 16 0 18 11 5 10 0 4 3 0 4 22 0 1 1 26 4 1 1 8 14 7 13 6 0 10 4 11 5 1 4 9 15 7 11 1 7 1 12 20 6 3 18 19
0 1 11 10 5 2 7 6 2 5 0 0 1 3 2 0 3 11 2 3 7 6 5 0 10 6 0 5 23 3 6 1 0 0 5 1 5 0 11 1 2 2 1 1 1 4 2 4 4 1
1 0 24 1 6 7 1 13 4 18 4 11 4 4 0 8 4 1 5 9 19 12 0 0 6 8 10 6 16 4 0 3 9 19 0 8 15 1 6 8 3 12 3 3 27 0 0 22 4 4
0 20 4 2 2 7 35 8 0 0 4 1 13 3 13 5 1 3 3 15 1 12 8 7 0 2 15 3 5 0 3 7 11 1 8 7 6 1 1 6 29 9 2 0 6 6 0 8 2 2
0 0 12 0 0 0 2 2 0 0 1 0 0 0 1 0 3 0 3 0 0 0 0 1 0 1 2 4 0 0 0 0 0 0 1 0 0 0 0 0 2 1 1 0 2 5 0 0 7 0
12 5 1 4 11 6 2 2 2 22 2 0 20 15 1 0 20 0 21 1 15 16 5 15 6 5 27 5 14 4 1 17 11 4 7 6 3 10 0 4 16 7 1 6 1 37 4 3 1 1
0 0 1 0 0 0 0 0 0 0 0 1 0 1 4 0 0 0 0 0 1 0 0 0 0 0 0 4 0 0 0 0 1 1 0 1 0 0 0 0 0 0 1 0 2 0 8 0 0 0
1 1 2 0 16 0 0 0 0 0 0 0 1 0 0 0 0 0 0 0 0 0 13 0 0 0 0 0 0 0 0 0 0 0 2 0 0 0 0 0 0 0 0 0 1 0 0 8 0 0
2 0 6 7 6 19 1 0 16 7 9 1 19 1 15 0 0 8 7 12 13 6 22 3 0 4 7 0 18 21 13 2 12 7 21 2 6 5 3 1 9 2 8 3 0 6 26 3 0 16
18 5 7 0 7 3 7 0 44 2 12 2 8 0 9 7 9 7 0 3 14 10 4 1 1 6 13 0 0 1 6 0 7 7 1 33 4 5 0 3 14 17 5 12 6 0 16 21 0 0
4 6 0 12 1 13 1 11 0 7 12 4 4 11 17 8 4 0 7 4 12 5 3 1 6 2 6 1 27 7 12 42 18 5 0 3 18 3 9 2 4 2 16 5 11 3 16 2 17 1
6 4 7 5 5 10 6 2 8 28 11 9 1 3 1 9 1 37 18 1 0 24 1 5 5 5 2 14 17 0 0 2 0 3 9 6 10 0 2 0 0 5 13 4 0 12 3 0 29 3
0 0 0 1 0 0 0 0 0 0 1 0 0 0 0 0 0 0 5 0 1 0 0 1 0 0 0 0 0 0 0 2 0 1 0 0 0 0 1 0 0 0 2 1 0 0 0 0 0 0
8 3 0 2 0 2 0 0 6 2 1 0 12 2 0 4 0 2 1 5 1 16 3 9 8 3 0 0 0 0 21 4 4 4 2 0 0 1 11 1 13 0 1 9 5 0 6 1 1 0
0 0 0 1 8 0 0 0 0 0 0 0 0 0 2 11 1 1 0 0 0 0 1 0 0 2 1 7 1 0 2 0 3 2 2 0 0 0 0 0 0 2 1 0 2 0 3 1 0 0
3 18 2 8 8 2 11 6 0 9 0 23 6 11 3 9 11 15 2 4 8 9 3 0 14 1 13 1 1 9 5 8 5 12 6 0 8 14 0 1 11 16 2 10 11 0 4 12 0 12
