0 0 0 7 0 1 1 5 0 5 2 20 19 0 1 3 13 1 5 2 9 0 1 0 3 1 5 4 4 0 2 3 1 2 7 11 0 15 5 0 8 3 6 6 1 7 13 15 2 0
5 2 3 7 5 2 0 3 2 8 0 1 2 1 10 2 1 7 4 7 2 3 0 7 2 4 5 3 0 1 4 3 3 0 0 4 5 14 3 7 1 3 4 4 7 0 2 7 0 1
1 5 0 1 4 3 0 2 27 4 8 0 11 5 1 15 3 4 1 18 10 14 5 0 0 1 11 1 0 7 17 1 0 3 5 2 6 0 23 0 6 4 21 36 5 0 0 17 16 1
6 6 3 6 3 6 4 0 0 1 4 13 2 4 12 3 1 1 6 7 1 10 1 0 5 11 0 9 1 5 19 6 2 1 1 1 10 3 0 6 0 1 5 1 1 14 7 6 18 4
0 0 0 2 2 0 1 1 0 2 0 0 0 1 2 0 0 0 0 0 0 1 0 0 0 1 0 0 3 0 1 1 0 0 0 1 0 5 0 0 0 0 0 0 0 0 0 0 0 1
5 3 4 0 2 5 5 2 4 1 1 0 5 0 9 2 1 5 0 5 4 2 6 8 3 11 0 6 4 13 8 11 3 2 4 0 0 1 4 10 1 2 24 0 1 0 6 0 1 1
38 22 7 4 8 2 7 20 0 20 10 19 0 5 4 0 10 1 3 4 12 14 1 2 4 13 9 7 0 12 7 4 9 11 15 0 1 1 6 9 1 0 4 2 17 2 10 7 8 9
0 0 1 0 0 0 2 0 4 0 1 0 1 1 0 0 0 0 0 0 0 0 0 0 0 2 1 0 0 0 0 0 0 0 0 1 1 1 0 0 0 0 0 0 1 0 0 1 4 0
17 14 15 3 4 6 17 5 5 4 2 4 25 32 3 2 0 12 0 1 0 10 16 6 14 6 12 14 5 8 3 0 3 3 0 1 3 0 19 4 0 0 2 17 1 7 6 75 2 9
5 17 4 7 4 4 5 5 6 3 0 2 4 11 0 0 4 0 1 10 1 4 2 0 6 10 8 0 1 5 5 0 0 18 3 0 11 5 5 3 0 0 0 5 1 0 4 2 3 5
1 0 1 0 0 2 2 0 6 0 2 0 0 0 0 2 0 0 0 0 1 0 0 1 0 0 1 0 5 0 0 0 0 1 0 0 0 3 0 0 0 0 0 0 0 0 0 0 0 0
4 0 11 3 0 0 0 0 0 2 3 1 0 1 1 0 2 0 1 0 5 1 0 0 0 4 0 0 4 1 0 0 0 1 0 0 3 0 0 0 3 0 0 1 0 0 0 0 2 0
1 0 2 13 6 9 7 1 5 0 4 7 1 1 0 0 0 13 0 3 3 1 10 1 1 8 0 11 3 3 5 6 3 3 9 2 0 0 12 3 0 2 5 6 2 11 0 3 5 0
0 1 4 1 4 5 1 6 4 0 0 15 0 0 10 2 0 5 2 2 2 5 3 5 3 8 8 0 1 0 4 3 1 20 2 0 0 9 6 0 1 0 6 1 0 3 2 1 1 1
8 1 7 1 0 9 0 4 10 4 0 3 6 2 0 27 1 1 3 1 6 8 1 2 1 1 0 4 4 0 5 0 3 0 0 1 7 2 1 3 8 6 1 1 7 2 6 9 6 6
5 6 0 4 1 16 2 3 8 13 23 1 0 0 3 2 11 0 4 8 4 3 10 9 18 11 14 5 17 14 0 3 9 1 10 2 3 22 1 9 1 1 1 1 21 15 3 9 29 7
1 3 0 0 0 0 2 7 0 0 0 0 1 0 0 0 2 1 0 8 0 2 0 0 1 1 1 0 1 0 0 0 0 0 0 0 1 0 5 1 0 0 1 1 0 0 0 0 1 1
1 9 0 2 6 17 18 2 4 12 1 3 7 6 4 8 0 7 9 12 1 2 24 10 6 11 10 2 7 29 4 0 9 10 0 0 16 20 0 0 3 9 2 4 8 23 1 0 4 12
3 3 0 0 0 2 11 9 17 5 3 6 5 1 4 21 3 23 2 36 1 4 7 15 1 0 2 6 2 14 19 2 10 11 9 11 4 8 11 0 12 15 0 7 3 2 4 7 1 4
2 12 25 12 17 9 14 1 5 6 1 15 12 10 3 13 5 7 4 5 1 4 4 6 7 0 9 8 11 2 2 1 6 17 7 6 2 5 2 21 4 5 0 10 0 11 4 7 6 10
0 0 0 0 0 2 0 1 0 1 1 0 0 0 0 0 0 0 0 1 0 0 0 0 1 0 0 0 9 0 0 1 0 0 0 0 0 0 3 0 1 0 0 0 0 1 1 7 0 0
0 0 1 0 0 0 0 1 0 0 0 1 0 1 0 1 0 0 1 2 0 0 0 1 1 0 1 0 0 1 0 0 0 0 0 1 1 1 0 0 0 1 0 0 0 1 0 0 2 0
37 10 13 11 1 1 10 1 0 1 3 9 2 16 11 11 8 5 3 5 23 1 9 6 28 1 0 5 18 0 1 3 19 19 3 6 4 9 9 4 6 11 2 1 8 1 3 1 1 2
0 0 0 0 0 0 0 0 0 2 0 1 0 0 0 0 7 0 0 0 0 0 1 5 0 1 0 3 1 0 1 0 0 0 1 1 0 0 1 0 1 1 1 0 1 0 1 0 2 0
32 8 2 9 4 13 2 2 33 6 3 12 4 0 9 10 26 4 6 5 2 4 1 4 0 6 11 6 1 2 2 2 1 0 4 14 2 13 3 24 2 15 15 1 2 8 18 12 9 8
14 0 1 2 0 0 8 1 0 1 0 1 0 2 1 0 1 0 0 0 0 0 1 3 5 4 0 0 3 0 1 0 3 5 6 0 1 11 2 0 0 0 1 0 0 0 0 0 3 1
1 0 0 0 0 0 0 0 1 0 1 0 0 0 0 0 1 3 0 1 1 0 0 0 0 0 0 4 0 1 0 1 0 0 0 2 0 0 0 0 0 0 0 0 0 0 0 0 0 0
1 3 1 4 4 7 0 0 7 2 13 2 2 0 2 0 7 13 17 4 4 1 3 3 2 6 7 15 0 0 1 18 15 3 9 8 4 0 6 2 3 0 2 12 0 14 0 6 0 0
7 5 13 24 0 11 1 5 6 7 6 0 2 7 1 7 2 5 5 14 5 3 0 1 0 12 2 22 3 7 18 34 12 15 6 4 8 3 0 12 2 2 10 0 1 14 12 11 2 2
7 17 7 0 1 9 4 9 23 1 10 23 1 10 9 14 17 19 11 1 3 1 1 14 5 15 27 5 0 2 11 17 0 21 7 1 5 6 5 0 13 3 7 2 0 0 3 8 7 1
1 6 1 4 1 0 15 0 13 1 1 3 2 5 3 8 0 0 5 4 10 0 11 13 3 6 10 7 6 2 4 2 3 4 6 3 1 19 0 0 4 3 0 2 13 8 3 4 0 4
0 4 0 0 2 0 0 3 0 0 0 2 1 0 0 0 0 1 2 0 0 22 1 1 0 2 0 0 1 0 1 0 0 0 0 0 1 0 1 0 0 2 3 3 1 0 0 0 0 0
0 1 2 0 0 0 2 5 0 0 0 0 1 1 0 0 1 0 2 0 0 3 4 0 3 0 1 0 1 1 1 2 1 0 2 0 2 0 0 0 1 0 11 1 0 1 2 0 1 0
0 14 23 1 4 0 0 3 16 28 0 0 3 23 30 8 3 3 20 0 2 7 8 5 4 4 16 7 0 8 0 9 17 17 8 2 5 0 0 25 5 0 0 4 7 1 14 31 0 23
1 15 6 0 1 22 3 4 5 1 0 1 0 3 5 9 5 25 0 11 0 13 0 16 2 3 16 0 1 0 14 0 6 2 7 3 0 13 1 13 0 6 12 1 2 1 9 13 2 13
0 0 1 1 0 1 1 0 0 0 1 0 3 0 1 1 0 0 0 0 1 0 0 0 1 1 0 0 2 0 2 1 1 0 1 0 1 0 0 1 0 0 0 2 0 0 0 0 1 0
0 1 0 0 0 0 2 0 1 2 0 0 0 1 1 0 0 0 2 0 0 2 0 0 0 0 0 0 0 0 1 0 0 0 3 0 1 0 0 0 0 2 1 2 0 0 0 1 0 1
1 0 0 1 12 0 0 0 0 0 1 0 1 0 0 0 0 0 0 0 0 0 0 1 1 0 0 0 1 2 0 0 0 0 0 0 2 0 0 1 1 0 0 0 1 0 0 1 0 0
0 0 1 0 0 1 1 0 0 0 0 0 1 0 3 2 0 0 1 0 0 2 0 0 0 0 1 0 3 0 0 0 0 0 0 0 1 0 0 0 1 0 0 0 1 0 2 0 1 0
0 0 0 0 1 0 0 0 0 17 0 0 0 0 0 0 0 0 0 0 0 1 0 0 1 0 1 2 0 0 0 1 0 0 1 0 2 0 2 0 0 1 0 0 2 0 2 0 0 0
9 10 3 2 3 16 1 11 13 0 3 6 20 19 1 1 6 8 1 1 0 9 5 1 17 0 4 4 3 12 11 2 1 2 7 9 19 2 23 10 3 7 4 1 9 0 1 3 1 18
1 3 1 18 17 6 0 3 25 9 3 17 8 3 6 0 18 2 8 1 3 3 1 24 9 33 5 9 6 13 10 13 4 3 9 1 1 3 5 10 1 3 7 0 9 4 20 2 0 4
5 6 3 0 3 6 8 11 2 1 9 0 1 1 0 0 1 3 5 1 5 0 9 1 0 6 6 11 0 2 5 1 2 7 3 4 8 2 0 1 3 6 0 1 0 3 2 0 11 7
0 1 2 0 0 0 1 12 0 0 0 0 1 0 0 2 2 0 0 3 0 4 0 0 0 1 5 0 0 0 1 2 0 1 0 0 0 0 7 0 0 0 4 1 1 0 0 0 1 0
11 5 7 1 1 9 7 1 5 8 4 1 0 2 0 7 0 5 8 7 0 3 1 10 2 0 5 1 3 0 2 4 5 2 0 1 1 3 0 0 1 1 2 1 2 2 0 4 4 0
27 36 13 0 0 3 0 0 3 24 3 3 11 2 2 4 3 8 1 10 1 4 10 0 40 1 2 2 11 9 0 2 7 2 3 0 1 5 0 6 0 0 9 3 14 1 1 1 6 1
1 0 9 1 1 9 5 0 5 5 1 0 13 6 1 6 1 0 1 0 0 1 3 3 2 9 1 2 2 0 1 6 4 6 6 8 2 4 0 0 5 1 0 0 8 0 1 5 4 2
0 1 0 0 0 1 0 0 0 0 1 0 0 0 0 0 2 0 0 2 0 0 0 0 0 0 0 0 0 1 0 3 0 0 0 1 2 0 0 0 0 0 0 0 0 0 1 0 2 0
14 4 10 0 10 3 2 7 8 4 4 2 0 0 3 5 6 2 0 1 1 4 0 9 0 3 1 7 0 2 1 2 16 7 6 2 1 1 5 0 1 0 21 4 6 5 1 1 12 8
1 10 0 2 13 13 0 14 0 30 5 0 7 0 2 2 6 4 1 0 5 3 9 2 4 6 4 2 0 2 10 5 0 0 8 4 0 0 4 1 0 7 4 8 13 12 0 11 4 2
2 28 1 7 1 8 0 11 15 6 0 1 4 24 1 6 5 5 1 4 9 0 8 15 21 2 9 2 1 4 0 3 6 0 0 4 1 2 0 3 7 7 3 8 11 11 0 9 5 12
0 1 1 0 0 1 0 8 0 0 0 0 0 0 1 0 0 0 0 10 5 2 0 0 0 2 0 0 0 0 0 0 0 2 1 0 0 0 2 0 1 0 2 4 0 1 0 0 0 0
1 4 3 0 10 1 1 3 9 17 9 0 0 3 3 0 14 5 0 1 8 6 1 3 2 2 9 0 12 4 8 16 2 9 0 18 1 4 3 0 0 0 2 6 3 0 0 8 2 2
14 2 2 9 2 2 2 3 9 1 11 31 2 6 12 2 3 5 8 3 13 1 1 1 1 5 0 4 8 0 3 1 0 5 43 0 3 0 2 8 6 6 2 11 6 7 1 28 7 6
0 2 0 0 7 1 0 1 0 0 1 0 1 0 1 0 1 0 0 1 0 4 0 1 1 0 0 0 0 1 1 15 2 2 0 0 1 0 0 0 1 0 0 0 1 0 1 0 0 0
0 8 2 1 12 32 4 4 2 1 7 5 4 1 5 3 3 6 4 10 3 0 0 7 0 10 13 7 0 1 29 1 10 4 2 13 3 4 11 3 0 2 0 11 2 22 8 14 3 9
1 0 2 0 1 0 0 0 0 0 0 0 0 0 0 0 0 0 0 1 0 0 0 0 0 2 2 0 0 1 0 0 0 0 1 0 0 1 0 0 0 0 1 2 0 1 0 0 0 0
4 10 0 3 9 20 0 3 5 1 5 20 14 6 9 38 0 30 2 11 15 7 6 1 1 2 2 0 2 2 4 0 4 0 0 0 7 2 10 9 12 16 4 4 15 1 11 11 3 1
2 1 0 0 1 0 0 0 0 0 1 1 0 0 0 1 0 0 0 0 0 4 0 0 0 0 0 0 5 0 1 0 0 0 0 0 0 3 0 0 1 1 1 0 1 0 0 1 0 0
45 11 0 0 12 0 7 11 21 16 0 10 2 7 2 10 3 0 1 10 0 2 3 5 1 2 35 0 9 10 0 12 9 6 2 6 1 7 0 7 3 13 16 27 4 0 13 1 4 3
8 2 1 18 1 11 1 5 1 1 0 1 4 0 13 2 2 2 1 0 0 1 8 1 0 12 9 2 3 2 2 0 0 5 10 6 0 7 3 1 4 10 0 14 27 4 0 4 3 13
0 1 0 2 0 0 0 1 0 0 0 0 0 0 0 0 0 1 0 1 0 1 0 0 1 0 0 1 0 0 0 0 0 0 4 0 2 0 0 1 0 1 0 1 0 1 0 0 2 0
2 0 0 0 5 1 0 4 8 0 0 0 0 7 1 4 0 4 0 0 0 1 7 2 0 0 0 2 0 2 2 0 3 1 0 0 0 0 13 4 0 1 2 12 2 2 8 11 3 5
4 3 3 3 0 4 3 0 3 9 4 2 0 0 1 2 13 10 2 0 2 3 0 10 2 4 15 3 7 4 2 0 0 8 2 0 5 7 2 1 8 1 2 0 4 14 9 1 3 7
5 7 20 6 1 11 24 9 6 0 10 1 9 6 3 4 2 2 0 20 20 1 0 8 12 3 28 6 11 1 8 6 14 4 4 2 14 11 5 9 1 13 2 12 0 16 8 6 3 4
0 5 0 0 1 0 0 5 0 0 0 0 0 0 0 3 0 0 0 0 1 6 0 0 0 0 2 0 1 0 2 0 1 0 0 0 0 0 2 1 0 0 0 8 0 1 1 0 0 1
3 4 0 8 6 19 1 0 5 0 1 0 1 5 4 4 8 15 1 11 0 12 0 4 3 0 2 2 2 1 12 3 13 2 19 1 6 3 3 10 1 1 0 4 5 0 0 0 0 1
0 1 0 0 1 0 0 0 1 0 0 0 1 2 0 0 0 0 0 0 0 0 0 1 0 1 1 1 5 0 1 1 3 0 0 0 3 2 0 0 1 2 1 0 1 0 1 0 0 5
10 20 6 7 11 14 5 30 1 8 4 9 14 5 9 7 11 5 10 18 17 2 7 15 6 10 3 18 0 1 2 5 14 4 12 3 1 7 15 0 9 1 11 13 24 1 2 27 6 1
2 6 4 5 8 4 10 3 5 1 6 3 0 4 3 5 2 0 1 4 5 3 3 8 1 0 0 0 5 7 6 0 3 4 6 8 1 4 1 2 16 15 0 3 0 0 0 1 1 4
0 0 1 0 0 0 0 0 10 3 0 0 0 0 0 0 0 0 0 0 1 0 0 0 0 0 0 0 0 1 1 0 1 0 3 0 3 0 0 1 1 2 0 0 1 0 0 0 0 1
0 1 0 1 1 0 1 1 0 0 0 0 0 0 1 2 0 3 0 2 1 0 0 0 0 2 0 0 0 0 0 0 1 0 1 2 0 0 0 2 0 0 0 0 0 1 0 0 0 2
8 25 5 4 0 4 2 5 2 7 7 3 0 3 4 0 3 4 1 6 1 3 9 0 17 12 1 2 8 0 1 4 7 0 9 0 9 1 11 3 0 1 5 0 1 0 3 3 0 2
0 0 1 0 0 0 0 0 0 12 17 0 1 0 0 1 0 0 9 3 2 0 0 0 2 2 2 0 4 0 0 1 1 0 24 0 2 0 0 0 1 0 3 0 0 2 0 0 7 1
0 0 0 0 0 0 18 0 0 0 0 1 0 0 0 0 1 0 3 0 0 0 0 1 0 0 0 1 25 0 0 0 0 0 1 0 2 0 0 0 0 0 0 0 0 0 1 1 0 0
0 3 4 0 1 9 9 13 1 0 3 10 16 23 4 0 20 15 2 10 16 23 2 3 11 0 0 14 24 3 4 7 2 4 0 8 4 8 0 7 3 11 8 3 8 20 8 3 2 5
0 0 0 0 0 0 8 2 0 0 1 0 0 0 1 0 0 0 0 1 0 0 0 0 0 0 1 0 1 0 1 0 3 1 1 0 0 1 0 0 2 1 0 0 0 0 0 1 0 0
6 19 5 5 0 0 0 0 0 0 22 9 1 1 6 1 3 1 0 3 0 18 1 14 0 0 1 1 0 5 2 1 1 10 1 1 3 0 4 3 2 0 0 9 4 0 1 1 2 1
3 4 0 2 3 0 0 1 1 4 1 9 3 2 0 4 2 14 4 3 0 7 3 3 1 0 4 0 2 4 1 16 1 2 1 1 0 3 8 0 1 4 9 9 1 0 5 0 0 1
0 0 0 2 3 0 0 0 0 0 2 0 1 0 0 2 0 0 0 1 2 1 0 1 1 1 0 0 0 2 0 9 2 0 1 0 1 1 0 0 0 0 0 0 0 0 0 1 0 0
1 5 13 10 10 0 2 0 3 6 1 8 5 0 0 1 3 1 0 6 2 2 5 0 2 8 2 2 6 5 4 15 4 4 4 5 2 1 11 1 3 2 8 4 13 1 2 3 11 0
2 0 23 0 1 1 9 1 12 1 17 5 3 0 4 3 0 5 2 0 2 0 0 6 22 5 0 0 3 0 4 4 1 7 16 0 3 1 0 15 5 7 0 0 6 4 0 7 0 6
1 0 13 3 1 3 0 1 0 2 3 5 3 5 1 0 0 2 3 1 11 0 5 1 4 0 5 7 1 8 5 1 15 8 4 4 6 1 0 0 1 6 12 1 1 1 1 6 2 0
4 0 1 8 6 6 5 0 5 1 1 9 2 5 7 0 1 5 6 0 0 19 11 2 0 0 0 1 1 4 0 7 5 0 0 3 7 2 1 23 1 4 2 1 2 2 0 1 2 3
6 0 0 3 1 6 9 1 8 13 8 7 1 1 2 12 0 7 5 8 13 24 29 5 7 2 1 25 4 3 0 5 4 4 7 0 3 3 11 0 4 0 4 5 4 2 1 14 22 0
3 4 9 0 0 1 8 2 0 1 2 7 12 2 1 1 3 5 5 0 4 0 1 5 13 1 17 1 3 1 2 0 2 10 0 0 2 2 3 5 18 1 1 3 5 9 5 0 1 12
3 2 11 5 4 2 7 0 1 20 8 0 2 1 8 1 0 5 3 2 1 5 9 1 4 28 2 16 6 7 0 2 7 4 22 2 4 5 1 20 13 1 8 2 2 1 7 4 30 0
0 1 0 1 0 1 0 0 0 0 0 0 1 0 1 1 0 1 0 1 0 0 0 1 4 0 1 0 6 0 0 0 0 0 0 2 0 0 0 0 0 0 2 3 0 0 1 1 2 1
0 1 2 1 4 0 2 5 3 3 0 7 3 7 0 1 0 0 6 3 1 16 1 3 13 0 5 0 0 0 0 0 0 3 4 1 2 2 5 2 15 1 3 9 3 0 0 1 7 5
4 1 1 5 9 0 0 4 32 2 4 1 0 1 0 3 3 1 1 4 8 1 8 2 8 0 5 1 3 7 0 1 5 1 4 0 5 2 5 3 3 5 9 7 1 3 0 10 15 2
1 0 1 1 0 0 2 1 0 2 0 0 0 0 0 0 0 0 0 0 0 0 2 0 3 0 0 0 0 1 1 1 0 0 0 0 1 0 0 0 1 0 1 1 2 0 1 0 0 0
21 6 18 8 0 0 10 8 17 10 1 12 19 9 5 3 0 13 20 2 21 13 3 4 2 10 11 12 0 5 1 14 5 0 10 6 2 0 2 8 2 11 6 2 0 2 19 13 2 13
26 0 1 5 0 0 1 0 0 0 3 0 0 0 7 1 0 0 2 0 2 1 0 0 2 1 0 0 2 0 3 0 0 7 5 0 0 5 1 0 3 2 0 0 0 1 0 0 6 1
3 0 0 0 1 0 0 0 11 0 0 0 0 0 0 0 0 0 0 1 0 0 0 0 1 0 0 0 0 0 1 1 2 0 1 0 1 0 0 1 1 4 0 0 1 0 2 0 0 0
0 0 1 0 1 1 0 2 0 0 0 0 0 0 2 1 8 0 0 0 0 0 2 1 2 0 0 2 0 1 0 0 0 0 0 0 0 2 1 2 0 0 0 0 1 0 0 0 3 0
0 0 0 2 6 0 0 0 0 0 0 0 0 0 0 0 0 0 0 1 1 0 0 0 2 0 0 0 0 3 0 0 1 0 0 0 0 0 0 1 2 0 1 0 1 0 3 0 2 0
15 2 3 5 1 1 7 4 9 12 6 7 9 0 14 17 9 9 7 28 0 4 5 14 3 4 7 10 19 10 1 2 3 4 3 42 28 3 5 19 9 18 1 13 1 1 14 5 4 0
1 4 0 1 2 6 7 2 7 2 1 2 1 1 2 1 0 9 4 0 0 8 10 10 3 0 0 4 3 0 6 0 1 2 15 10 1 0 8 1 3 0 2 5 2 0 3 14 0 6
3 0 11 0 0 0 8 3 0 4 0 1 0 0 0 1 0 1 5 2 6 0 0 0 1 3 0 0 4 1 0 0 1 5 5 1 0 4 0 0 2 1 0 1 0 0 0 7 1 0
6 0 1 4 15 16 0 2 2 2 1 1 11 8 7 3 22 0 0 9 8 0 6 0 8 3 4 3 4 4 12 0 1 2 8 2 0 0 1 2 12 5 0 1 2 0 8 2 3 2
