1 1 4 0 1 0 4 0 0 0 3 12 1 9 5 0 1 0 8 0 19 3 15 7 1 5 1 0 14 0 8 3 0 8 2 5 1 0 0 0 3 4 0 4 6 0 11 2 5 0
14 10 1 1 0 3 0 0 5 15 14 2 2 6 6 2 5 0 2 5 1 3 0 0 8 0 6 5 5 20 1 8 0 17 0 1 0 2 0 0 3 0 0 4 7 12 19 16 8 0
0 0 0 2 1 0 0 2 1 0 0 0 0 0 0 0 0 0 5 0 0 1 1 0 0 3 0 0 1 0 0 0 0 1 1 1 0 0 1 0 1 0 0 0 3 0 0 1 0 0
3 0 5 3 2 2 2 7 0 3 6 10 11 1 9 4 7 7 0 0 36 10 11 6 2 13 21 2 0 2 6 0 0 0 0 3 1 1 0 1 0 0 2 0 14 0 3 0 0 9
7 3 12 11 6 2 2 9 0 1 1 4 10 3 6 4 7 2 7 8 1 2 2 0 3 0 7 2 7 4 10 6 2 5 5 3 2 0 35 6 38 2 1 4 0 0 3 4 0 1
0 0 15 3 1 9 17 4 10 9 5 5 18 2 2 4 5 20 4 3 10 3 1 0 11 23 3 1 1 2 0 12 4 15 22 8 19 12 0 8 4 8 9 0 0 2 1 3 9 2
3 2 7 6 22 3 16 0 0 3 6 0 11 3 4 3 0 6 3 6 6 2 9 1 3 2 6 0 1 6 9 2 1 15 3 0 4 11 2 12 4 7 2 5 2 2 4 5 3 0
2 7 19 1 10 1 4 0 3 6 2 1 0 9 3 11 25 0 5 3 6 0 1 10 1 7 10 0 0 9 0 6 3 7 5 1 5 9 7 0 37 4 0 3 2 15 1 3 1 0
12 0 1 2 0 0 0 1 0 1 0 7 0 25 1 0 1 1 0 2 0 0 35 0 11 1 1 0 0 0 1 3 1 0 0 1 1 0 0 1 2 0 0 0 5 0 0 1 1 19
4 2 0 1 0 0 0 4 0 1 3 0 0 1 1 0 2 1 2 4 0 0 13 8 2 0 0 0 10 0 6 2 8 0 0 1 3 0 0 2 0 4 1 2 10 0 0 2 0 0
0 0 0 1 0 0 0 0 0 2 0 0 0 0 1 0 0 0 1 1 0 0 0 0 0 0 0 0 0 2 2 5 1 0 2 2 1 0 1 1 0 1 0 0 1 0 0 0 0 3
11 2 0 0 0 0 0 5 0 10 19 12 1 2 9 1 0 1 0 6 6 0 6 1 2 1 0 3 10 1 5 13 26 4 4 20 22 9 0 7 0 10 10 0 3 6 4 5 9 27
1 29 3 9 1 2 0 0 5 1 0 5 3 6 29 22 0 3 0 1 0 0 4 1 1 3 1 1 17 3 19 2 20 6 1 4 6 12 13 3 6 2 11 1 1 1 2 9 5 6
0 3 15 4 9 1 9 8 3 1 3 1 1 0 1 7 3 21 3 4 12 0 1 14 1 0 0 17 4 1 10 1 5 5 0 6 2 3 6 10 4 3 1 2 0 31 9 9 1 0
0 1 1 2 1 0 3 0 1 0 0 1 3 0 0 1 0 0 0 0 4 15 0 1 0 4 0 2 0 0 1 0 0 1 0 0 0 1 6 1 3 0 0 0 0 0 3 0 0 0
1 7 0 1 0 0 0 1 1 0 2 0 2 1 0 0 0 0 1 0 0 2 0 0 0 0 0 0 1 0 1 0 0 0 0 0 1 0 0 0 0 0 0 0 0 0 0 1 0 2
1 4 3 0 12 3 6 2 9 2 5 0 1 2 10 3 6 2 15 7 0 6 1 8 10 1 1 6 1 1 1 4 0 1 1 5 0 0 1 23 3 6 1 5 0 11 1 3 2 2
13 1 1 2 2 9 1 2 0 1 4 0 1 17 2 6 1 16 9 7 1 0 0 6 2 7 0 13 3 1 5 0 1 0 1 2 3 1 2 20 11 8 1 5 6 9 1 1 2 7
5 2 4 1 9 5 2 5 2 0 0 0 23 7 10 3 0 3 3 3 0 1 4 14 3 15 12 5 6 26 10 8 0 3 7 1 2 2 16 14 11 11 8 1 46 3 21 1 1 10
24 2 10 5 0 1 16 2 1 2 2 0 22 5 2 9 8 9 10 0 0 13 13 11 8 8 2 1 5 3 9 17 6 13 8 7 11 0 1 17 6 6 2 10 6 11 0 0 3 5
1 3 5 5 8 2 6 0 2 4 1 0 1 5 2 5 3 3 64 2 2 0 21 5 1 16 5 1 4 19 7 9 0 10 5 1 0 1 3 3 4 2 1 0 7 8 3 3 5 2
1 1 0 0 0 0 0 0 0 0 0 2 1 0 0 2 0 0 0 0 0 0 0 0 0 1 2 0 4 0 0 0 0 0 0 2 0 0 0 0 0 0 4 2 0 0 0 2 1 0
15 17 8 9 21 1 45 3 23 1 0 1 15 6 7 4 8 9 18 14 4 13 11 0 7 2 22 1 18 16 8 7 20 7 4 6 7 9 1 4 3 1 5 4 3 34 8 7 8 19
6 5 3 2 1 0 1 0 12 0 2 7 4 2 10 2 2 8 1 0 0 19 6 5 0 14 1 4 0 10 3 1 3 4 2 0 0 5 2 9 13 15 2 21 3 1 13 67 14 6
2 0 4 21 1 10 14 12 6 12 2 10 0 3 1 9 7 0 22 2 18 0 1 1 11 12 10 10 6 27 6 1 18 19 5 3 4 4 4 21 6 9 13 18 0 6 36 24 1 1
3 5 0 0 0 0 15 3 0 19 0 2 3 5 15 0 3 5 4 2 3 0 6 0 3 0 1 0 5 0 3 3 4 4 8 6 2 2 3 0 13 2 5 10 1 0 10 0 0 3
3 1 3 4 0 0 1 0 0 0 0 0 3 1 0 3 13 0 0 0 3 0 0 1 0 1 1 4 0 2 0 0 1 0 2 0 0 4 3 4 11 0 0 0 0 0 1 3 6 1
26 1 3 1 17 19 1 8 2 27 14 6 8 4 2 1 0 18 5 2 0 11 1 8 1 8 8 8 7 16 1 12 1 0 2 0 4 4 3 13 2 24 0 21 7 7 27 1 12 0
2 12 1 20 5 6 0 5 9 19 6 9 1 6 3 3 1 0 2 3 2 16 8 2 7 0 15 1 19 0 3 7 6 1 1 3 2 5 0 7 0 1 1 14 16 2 0 4 0 6
4 0 1 0 0 3 0 0 3 0 0 1 0 0 8 5 0 2 3 3 0 1 5 1 4 1 0 8 1 1 1 4 2 8 0 5 0 0 0 0 0 5 12 5 1 2 0 3 0 0
0 0 18 1 1 0 1 0 2 1 0 1 6 0 0 3 0 0 1 0 7 0 0 0 1 6 16 0 0 4 0 1 1 11 2 0 1 0 0 1 6 0 0 1 0 14 0 0 4 0
0 0 7 8 2 0 7 0 2 0 1 0 6 0 0 3 0 1 0 1 2 5 0 0 0 12 1 0 0 0 1 0 0 5 0 0 2 2 0 3 16 2 0 1 0 1 10 0 2 0
0 22 1 1 0 4 2 12 0 2 1 10 2 1 31 0 0 10 23 6 19 12 9 4 15 0 10 11 1 1 4 0 15 13 0 0 0 1 0 5 4 1 3 11 11 20 3 5 5 33
2 0 0 0 5 4 1 0 3 8 0 0 10 7 14 17 4 5 3 0 2 2 3 2 11 36 3 6 0 0 0 0 5 0 3 13 1 12 6 1 3 21 10 17 6 2 3 0 3 1
21 0 11 10 0 4 1 4 4 15 1 6 2 6 20 16 0 20 34 1 7 4 11 3 6 10 8 0 1 2 28 4 4 0 16 7 5 2 21 24 3 5 17 0 1 1 0 8 0 12
6 0 7 1 2 1 6 9 1 6 2 1 0 8 0 7 4 2 9 2 12 0 5 2 11 5 2 5 8 0 2 5 14 8 0 3 4 3 1 5 0 9 0 3 14 0 1 1 0 4
0 0 0 0 0 0 0 0 0 0 2 0 0 0 1 0 2 0 0 1 0 0 0 0 2 0 3 0 1 0 0 1 1 0 0 0 4 0 0 0 0 0 0 0 0 0 1 1 1 3
0 0 0 0 0 1 0 0 0 0 0 0 0 0 0 0 2 0 0 0 0 0 0 11 4 0 0 0 0 1 2 6 0 0 0 11 0 1 0 1 0 1 1 0 1 0 0 0 0 0
0 0 0 0 0 0 3 2 0 0 0 0 0 1 0 0 0 1 0 1 0 0 2 1 1 0 0 0 0 0 0 0 0 0 0 1 0 1 0 0 0 1 0 0 0 1 2 0 0 0
2 17 10 3 13 5 5 7 3 5 25 0 7 6 0 31 16 2 0 3 1 15 0 0 7 3 17 1 6 6 16 1 0 2 9 0 3 3 1 2 8 1 2 15 2 12 17 3 2 5
0 0 0 0 0 1 1 1 0 0 0 0 1 0 0 2 0 0 1 1 0 0 1 1 0 0 0 0 1 0 0 0 0 0 1 2 1 0 0 0 0 1 0 0 0 1 0 0 0 1
0 0 0 1 2 0 1 0 1 7 0 0 0 0 0 0 0 0 0 0 0 0 0 0 0 0 0 4 0 0 0 0 0 0 0 0 0 4 0 1 0 0 0 0 1 6 3 0 1 0
1 1 2 0 1 0 0 0 2 1 0 0 0 0 1 0 1 0 0 0 0 1 2 1 3 0 0 2 1 0 0 0 0 0 0 0 0 2 0 0 0 1 0 0 1 0 0 1 0 2
4 3 0 1 2 0 2 7 4 1 2 0 3 1 0 3 0 8 3 1 20 12 1 9 12 0 0 10 4 2 6 0 9 3 1 2 3 2 1 10 2 2 0 5 5 8 4 2 4 9
0 0 0 0 0 0 0 0 0 0 0 0 1 2 1 0 0 0 0 0 0 2 0 0 0 0 0 0 5 1 1 1 0 0 0 4 0 0 0 0 0 0 0 0 2 0 0 0 1 2
3 24 3 0 4 3 3 3 7 2 7 8 1 3 1 6 6 25 16 7 1 7 1 0 5 1 0 4 0 1 19 5 2 8 3 9 10 11 9 0 8 23 2 5 2 0 2 0 2 11
0 0 0 1 0 1 0 0 0 1 1 1 0 0 0 0 0 0 0 0 0 0 15 0 0 0 0 0 0 0 0 0 0 0 0 0 0 1 0 1 0 3 1 0 0 1 0 1 0 1
1 4 11 4 14 6 8 5 2 6 11 1 18 4 2 0 1 0 0 8 1 9 2 4 2 2 23 9 14 4 2 3 4 0 15 3 2 4 3 41 7 5 11 1 5 0 11 3 9 42
0 0 0 0 0 1 1 0 0 4 0 1 1 0 0 0 0 0 1 0 0 0 1 0 0 0 0 12 1 8 2 0 0 0 0 0 0 9 0 9 0 1 3 1 0 6 0 0 0 0
2 0 17 7 6 0 9 33 4 1 9 1 20 4 9 7 11 15 7 9 2 3 4 18 15 28 13 16 13 11 15 0 3 0 3 21 5 3 3 0 0 6 6 7 16 1 13 2 4 12
0 3 1 0 0 1 0 0 2 0 1 0 0 1 1 2 0 0 0 0 0 1 1 0 0 0 0 1 1 0 0 0 0 0 0 0 0 0 0 0 0 0 1 0 0 0 2 1 0 1
0 0 0 1 0 4 2 3 0 0 2 5 0 7 7 2 0 2 0 3 0 0 1 6 4 0 0 0 6 0 2 1 5 1 0 12 6 0 0 1 0 2 1 24 12 0 0 4 0 5
16 0 5 2 2 12 7 19 4 1 9 6 3 18 16 1 7 4 8 2 2 10 0 5 12 8 1 11 3 1 3 1 6 4 0 1 16 1 2 22 0 0 2 0 3 14 1 3 3 18
8 17 1 17 7 6 17 6 3 4 12 6 2 0 9 9 6 1 4 4 9 2 6 22 5 3 2 1 16 4 17 4 1 1 4 18 2 9 3 1 0 8 15 3 7 3 20 0 1 16
4 2 9 1 4 7 1 1 9 11 0 15 6 2 7 1 8 0 2 2 22 8 0 1 1 6 0 4 0 1 3 1 2 4 3 0 2 29 8 1 1 4 0 17 9 0 4 0 0 0
10 6 0 1 1 0 2 1 1 3 16 4 0 1 2 3 0 1 1 0 0 0 2 4 20 1 0 5 4 3 6 1 12 2 0 9 6 0 0 4 1 1 1 6 3 5 3 1 0 2
2 1 11 7 0 7 30 26 4 9 0 3 2 6 5 9 9 8 16 21 22 0 2 4 6 5 31 17 5 32 14 6 0 9 15 6 2 4 1 1 0 1 1 5 0 0 3 9 3 12
8 27 1 1 0 12 3 14 2 0 11 6 0 12 0 0 0 7 4 7 3 5 17 45 4 0 2 6 4 8 0 0 15 6 0 31 11 2 0 4 6 6 17 16 1 2 1 4 10 3
8 1 0 5 1 4 0 1 0 0 0 2 0 3 2 0 0 0 4 1 3 1 7 0 1 0 0 0 0 0 6 0 1 0 0 0 3 0 0 1 2 5 0 0 1 0 1 0 0 16
2 5 10 1 4 2 26 7 9 11 7 0 12 2 5 7 3 1 2 0 9 10 5 2 2 8 31 6 1 7 0 8 0 6 7 13 4 9 0 3 0 0 21 20 1 14 6 12 8 3
18 3 15 7 0 2 24 1 4 7 0 11 6 9 3 5 23 4 0 1 7 26 0 11 7 4 8 16 0 0 6 14 21 4 9 6 18 14 3 1 2 3 2 4 8 32 14 9 9 4
2 2 2 11 7 2 1 3 4 3 1 2 2 22 6 10 2 3 2 0 12 10 0 7 2 1 1 3 6 3 3 0 10 0 0 1 1 1 0 4 0 4 4 1 12 2 7 0 2 2
10 0 0 0 0 1 2 2 0 0 0 10 0 1 0 0 0 2 2 8 1 0 0 0 8 3 1 0 0 0 8 1 5 0 1 0 16 0 1 0 0 10 3 0 12 0 0 0 0 3
1 3 6 7 29 6 4 2 23 13 13 6 3 1 2 6 2 12 0 3 9 5 12 7 5 10 1 0 7 7 3 24 2 0 0 1 0 0 3 45 2 1 13 17 4 0 4 17 6 4
1 1 10 6 3 1 3 0 2 0 3 0 3 1 0 0 26 0 2 0 1 0 2 0 0 2 0 0 1 1 0 0 0 0 0 2 1 0 3 0 1 0 0 0 0 0 0 0 6 0
7 0 9 6 3 5 1 0 2 0 11 5 2 1 4 3 0 8 13 9 1 1 1 1 0 3 0 3 3 0 28 12 2 1 5 5 6 3 1 2 1 20 1 20 4 3 1 0 4 1
15 5 0 0 1 1 2 7 0 0 5 1 1 4 2 1 0 4 0 6 0 0 7 2 0 0 0 1 3 0 11 2 6 0 0 11 0 5 0 0 0 9 9 7 10 0 1 3 0 0
1 5 1 26 6 2 2 2 0 3 3 2 0 9 5 3 0 1 2 4 9 2 1 1 1 2 6 3 1 5 0 1 10 0 9 10 9 1 12 10 2 3 0 15 3 1 15 0 22 10
0 4 0 0 3 5 1 2 2 5 12 8 10 1 17 2 1 0 0 5 0 3 0 19 4 1 3 15 1 6 1 1 10 1 1 7 1 1 4 5 9 5 1 0 3 0 4 3 0 4
2 1 31 16 0 13 1 5 9 0 5 5 10 18 20 1 28 23 2 0 12 18 9 0 7 0 5 5 1 0 11 4 4 10 1 18 1 7 0 0 4 2 0 32 0 6 12 12 5 10
2 0 0 0 0 0 0 0 0 0 1 3 0 2 2 0 0 8 3 6 1 0 7 0 1 1 0 0 0 0 13 0 0 0 2 0 3 0 0 0 0 0 3 0 1 2 1 0 0 0
3 0 11 4 1 1 2 5 1 3 1 0 6 2 7 0 4 0 0 4 3 0 1 4 1 0 9 0 2 22 4 6 0 1 1 2 3 3 0 14 5 21 28 0 0 0 3 2 4 12
0 0 0 5 10 2 0 1 0 0 2 0 4 0 1 1 2 0 1 0 3 2 0 0 0 1 0 0 0 0 0 0 1 0 10 1 0 5 0 1 8 0 0 1 0 1 0 1 4 1
2 1 0 1 0 7 0 1 3 3 4 0 1 8 5 3 0 6 4 4 0 0 7 3 3 0 1 3 4 1 1 2 0 0 2 0 2 5 0 0 0 2 2 6 0 1 0 4 0 4
6 5 3 0 3 2 17 1 18 5 1 4 11 8 3 10 12 7 2 2 17 3 7 5 1 1 1 0 12 15 24 4 1 2 4 0 1 3 2 1 7 0 4 16 18 3 1 1 4 11
0 6 9 0 7 6 14 1 0 5 11 0 1 15 1 12 1 5 18 12 3 3 8 0 1 2 58 5 2 0 16 2 18 5 14 2 3 24 21 9 6 5 11 7 0 2 3 5 14 0
26 16 5 8 2 6 4 8 5 12 0 18 1 0 4 8 9 6 19 35 2 14 5 2 3 7 13 0 0 11 12 0 0 25 4 14 4 1 5 12 21 13 0 10 15 9 1 18 2 14
0 1 0 0 0 0 0 1 1 2 1 0 2 0 0 1 1 0 9 0 1 0 21 0 0 3 0 1 0 0 2 0 0 0 0 1 0 0 0 0 1 0 0 0 0 0 0 0 0 0
1 13 22 12 8 3 0 8 1 6 3 1 3 1 1 2 20 0 2 14 14 6 15 5 8 6 1 0 2 3 5 7 1 0 0 1 10 4 18 12 2 1 1 0 3 1 0 11 5 0
1 0 3 0 0 10 6 0 5 8 0 10 5 3 7 0 1 8 1 0 3 10 2 11 1 10 0 17 0 1 8 0 4 7 3 1 9 0 1 0 1 0 4 4 8 1 4 0 2 0
11 0 0 0 1 3 0 1 1 1 0 2 0 0 0 8 0 0 1 1 0 0 3 0 4 0 1 3 5 10 7 5 2 4 0 6 12 0 0 8 1 1 1 2 24 2 0 7 1 4
6 4 2 2 0 10 11 2 0 4 0 7 3 17 6 0 0 4 5 4 9 0 0 17 10 2 6 0 0 0 3 1 7 1 7 2 8 6 7 7 10 4 20 3 2 2 13 0 0 0
0 0 0 0 1 0 0 0 1 2 0 0 0 3 0 0 0 0 1 0 0 0 0 0 0 0 2 23 0 11 0 0 0 0 0 0 0 11 0 4 0 0 0 0 0 2 1 0 1 1
0 0 0 1 0 1 0 2 0 0 0 1 0 0 0 0 0 0 1 0 0 2 6 0 1 2 3 0 0 0 0 0 0 0 0 1 2 1 0 2 0 0 1 0 0 1 0 0 0 1
0 3 11 16 13 4 0 6 0 3 2 3 1 3 0 4 3 0 0 9 0 2 1 4 0 1 1 0 10 13 8 3 24 14 0 0 3 2 2 29 2 9 2 5 1 3 6 1 4 0
3 3 0 0 4 0 6 0 0 6 1 9 19 32 2 1 1 1 1 0 3 12 10 10 0 7 0 0 0 11 3 20 0 5 5 1 2 11 8 1 0 1 15 8 1 0 3 0 0 1
0 1 5 0 1 10 0 5 1 16 3 4 0 0 0 0 0 1 11 3 8 3 13 2 2 13 8 4 5 0 5 4 4 2 1 2 2 10 1 8 1 1 1 1 3 0 1 2 3 1
3 1 3 2 3 20 7 2 10 3 11 2 2 2 5 8 2 19 1 4 1 0 17 4 11 3 4 0 0 1 1 9 8 4 31 1 0 7 5 11 5 2 21 4 19 8 15 0 3 0
3 1 17 1 13 7 11 0 5 2 26 6 5 6 21 12 4 2 5 9 6 4 8 0 5 10 5 19 1 11 1 8 0 22 4 2 1 6 0 2 2 15 3 2 21 9 4 17 2 6
0 0 0 1 2 2 0 3 2 0 0 8 0 7 1 1 0 14 3 0 0 1 5 0 0 1 0 0 1 0 6 0 0 2 2 1 2 0 0 0 0 0 0 1 0 1 0 0 0 0
9 3 6 1 1 3 6 2 1 7 3 4 4 1 7 3 6 34 8 2 21 6 7 4 6 11 8 0 13 4 0 5 4 3 2 14 1 2 7 0 4 27 1 1 5 6 1 3 6 9
8 1 1 3 5 1 18 1 1 1 5 13 7 6 5 2 2 4 0 5 14 7 7 3 1 9 18 5 2 5 4 0 0 7 2 8 4 1 2 7 12 6 3 2 9 0 2 4 7 10
0 1 0 0 2 0 0 2 1 0 0 0 1 0 1 0 1 0 0 1 4 0 0 0 0 1 0 1 0 0 0 0 0 0 0 0 1 1 0 1 0 0 0 1 0 0 1 0 0 0
11 5 15 1 3 11 2 2 3 8 14 3 25 4 2 3 2 0 0 4 2 1 7 3 0 1 5 6 0 0 2 6 0 0 0 19 4 10 1 0 1 2 0 9 1 9 0 0 1 3
0 0 0 0 1 0 1 0 3 1 0 0 0 0 0 0 0 0 1 0 0 2 0 0 0 0 0 2 0 3 0 0 0 1 0 2 2 3 1 6 1 0 0 0 0 7 0 0 2 1
2 0 0 0 2 1 1 1 7 9 0 6 2 3 0 9 1 2 1 9 0 0 0 2 14 1 0 8 10 0 3 2 25 1 0 0 4 2 0 4 1 7 2 2 6 1 0 0 0 1
18 11 0 0 3 0 2 0 2 1 9 2 1 5 3 14 19 0 4 5 4 6 1 14 1 4 4 2 4 4 0 8 23 5 3 7 8 19 9 4 30 9 10 2 1 12 22 4 10 4
0 0 0 0 1 2 0 0 0 7 0 0 1 1 1 1 0 0 0 0 0 0 0 0 0 0 1 0 0 7 0 1 0 0 0 0 0 3 1 0 0 0 0 1 4 0 0 0 0 0
0 0 0 0 1 0 0 1 1 3 0 0 1 0 0 0 0 0 2 1 0 0 0 9 0 0 0 0 3 0 0 13 4 2 0 9 0 0 0 0 0 0 0 0 0 0 0 0 3 2
3 2 2 8 10 1 0 1 3 7 1 6 8 4 2 17 5 0 8 1 0 3 2 15 0 1 1 3 4 0 10 4 1 1 3 14 0 6 2 25 10 5 6 2 2 3 2 3 6 2
