0 1 5 0 2 5 4 7 3 6 11 3 7 11 1 0 1 1 2 6 1 0 0 5 14 0 8 3 1 5 7 8 1 2 0 12 2 11 2 2 6 7 11 3 12 0 2 3 2 13
0 0 0 0 0 0 0 1 1 1 1 0 0 0 1 0 0 1 0 0 0 0 1 2 1 0 0 2 3 0 0 1 0 2 1 0 0 0 0 0 0 0 1 1 0 0 0 0 1 0
2 3 0 4 2 1 2 0 7 4 0 1 6 1 1 0 2 0 1 7 4 8 2 4 5 8 0 1 0 1 8 2 3 0 6 2 1 7 7 0 1 9 0 0 0 0 3 9 2 6
1 11 2 1 0 0 3 7 0 7 1 1 5 4 2 3 4 7 2 2 0 2 1 8 6 2 15 6 5 8 0 9 0 1 0 1 5 0 1 12 1 0 2 3 2 3 10 2 0 4
7 5 2 7 4 6 24 24 3 2 8 11 0 20 1 1 13 1 3 7 9 10 9 12 6 7 3 0 1 3 9 5 14 4 14 1 0 4 0 19 1 2 2 11 15 7 9 2 5 3
5 5 11 3 2 1 0 3 5 2 13 2 3 4 6 5 7 0 6 3 0 7 3 18 2 3 2 6 15 6 1 4 2 6 10 38 9 17 1 3 8 3 0 0 3 8 6 9 0 7
0 0 0 1 5 0 0 0 0 1 0 0 0 0 0 0 1 1 0 0 1 0 0 0 1 1 0 1 0 0 1 0 0 1 0 7 0 3 0 0 0 1 0 0 0 0 0 1 0 0
9 1 4 5 4 0 0 2 20 4 0 24 2 0 1 8 3 5 2 8 0 0 20 2 2 7 2 13 7 3 3 9 10 4 3 2 10 1 1 1 7 9 6 0 9 7 1 11 1 9
1 1 1 1 0 0 0 0 0 0 0 0 1 1 0 0 0 1 0 1 0 1 0 3 0 1 1 0 0 0 0 4 1 7 0 0 0 0 1 1 1 0 0 0 2 0 0 1 0 0
2 0 0 6 0 0 0 9 18 1 6 0 0 0 1 1 1 0 1 11 3 7 6 0 0 0 0 0 1 1 4 1 6 0 0 1 1 4 5 0 0 2 7 1 0 0 1 0 1 3
1 1 16 5 25 6 20 3 4 5 8 14 6 1 11 13 14 5 11 5 5 9 14 1 0 3 2 0 14 12 4 0 1 16 6 1 19 8 1 3 6 10 0 1 23 4 0 5 3 16
0 1 0 0 0 0 0 0 1 0 0 6 2 0 0 1 0 3 0 0 0 1 1 1 0 7 5 3 1 9 0 0 0 7 0 1 3 2 0 0 0 0 0 0 6 0 1 4 1 0
6 4 6 11 20 6 6 4 3 2 4 3 4 5 9 0 38 0 2 1 4 0 0 4 2 19 14 18 7 31 2 8 1 2 14 1 1 16 3 10 13 13 11 5 4 2 8 17 6 15
1 6 7 0 4 1 9 1 1 9 2 1 12 0 6 5 6 4 0 1 1 1 1 0 7 0 0 2 5 15 9 7 1 10 24 18 14 9 3 5 1 1 0 6 0 9 2 3 3 3
0 1 19 4 3 14 5 13 4 1 3 5 4 8 26 3 4 28 0 13 2 2 4 4 0 0 13 12 29 18 10 5 5 0 6 4 3 11 1 2 8 14 7 4 15 3 4 15 9 1
5 4 19 2 0 10 3 0 2 1 4 9 2 3 7 0 0 6 19 0 3 16 14 16 11 0 1 17 18 15 2 1 0 7 4 4 0 1 2 4 4 3 7 3 13 1 15 3 12 14
8 8 0 2 4 5 1 10 5 9 8 0 17 15 2 1 3 9 3 2 1 2 5 11 30 14 5 2 0 2 0 1 26 7 17 6 0 1 2 9 2 4 0 13 4 4 8 2 5 4
0 2 0 0 1 13 4 1 11 1 0 2 16 13 5 0 6 3 1 7 1 1 0 12 10 6 1 1 8 1 3 3 2 10 0 7 7 6 4 1 18 8 1 2 11 0 10 2 5 1
1 0 0 0 0 0 0 0 0 0 0 1 1 1 0 0 0 1 0 2 0 0 3 0 0 0 0 1 1 0 0 0 1 2 0 0 1 0 0 0 0 0 0 3 0 0 0 0 0 0
0 0 1 14 0 10 3 4 11 19 3 3 3 10 1 0 2 1 3 3 5 3 9 0 18 2 0 1 6 7 3 5 2 0 1 2 7 1 5 11 0 11 28 7 1 13 3 6 7 15
10 1 3 17 6 2 4 19 13 1 2 0 7 0 4 2 10 6 2 9 12 0 0 3 16 4 9 2 7 1 7 0 0 0 0 11 6 2 1 0 1 11 1 5 5 2 8 1 4 1
3 1 5 0 4 2 5 1 0 0 2 11 4 0 3 3 2 7 5 0 3 7 7 4 0 12 6 2 0 12 0 11 0 2 0 1 3 6 1 2 3 3 4 0 6 8 0 1 7 1
0 0 0 1 0 0 0 0 0 0 0 0 0 1 0 0 1 0 0 0 3 0 0 0 0 0 0 1 0 0 0 0 1 1 0 0 1 1 0 0 0 0 0 2 0 3 0 0 0 1
0 0 0 0 0 0 0 0 2 0 0 0 0 0 0 0 2 0 0 0 1 0 2 0 0 0 1 0 0 0 0 0 0 0 0 0 1 1 0 0 0 0 0 3 0 0 0 0 0 1
2 0 0 3 13 4 6 1 10 1 0 22 4 12 24 4 0 0 2 1 7 3 4 0 4 26 4 14 15 3 8 2 2 1 9 0 17 0 10 28 11 2 1 6 6 0 2 4 3 3
1 1 1 0 2 0 0 0 0 4 0 0 2 0 2 0 2 0 0 0 0 1 1 1 0 0 0 0 0 4 2 0 0 0 0 6 6 2 0 0 0 0 0 0 0 1 3 0 0 0
0 6 20 4 0 10 12 1 3 4 9 2 22 3 8 7 9 2 0 2 14 7 2 4 36 9 7 1 20 8 1 0 0 0 16 5 2 6 0 25 0 22 10 7 1 8 2 6 29 12
7 9 14 10 6 18 0 15 2 8 16 12 19 4 0 5 4 12 13 4 2 2 0 3 13 5 14 6 1 6 5 1 5 7 9 21 6 4 0 12 0 10 4 3 2 8 17 7 0 0
0 2 0 5 1 1 12 2 10 4 2 0 0 1 0 0 0 1 3 2 2 0 10 0 3 1 0 0 1 0 8 0 1 1 8 0 0 0 3 0 0 2 1 9 1 4 4 0 13 2
8 0 5 22 2 2 1 7 25 3 1 5 1 0 3 1 1 1 3 1 7 2 10 48 12 15 10 7 11 4 11 1 2 8 13 6 40 22 8 3 8 6 6 6 2 5 0 11 18 8
3 0 1 2 0 8 4 5 2 4 2 3 17 9 4 4 1 3 2 4 1 4 9 1 9 3 16 8 9 7 4 0 2 16 4 1 0 2 3 12 5 15 2 2 13 22 7 12 12 1
1 0 2 0 0 0 5 1 0 0 1 2 4 0 0 3 0 0 0 0 0 0 0 0 0 0 0 0 1 0 0 2 0 2 0 0 0 1 0 1 2 0 1 1 0 0 2 0 0 0
2 0 5 0 0 2 0 0 0 0 1 2 3 0 6 0 0 0 0 0 1 0 2 0 0 0 2 2 1 1 0 14 1 11 0 0 0 0 0 0 5 0 0 0 1 0 0 9 2 1
9 9 3 8 5 2 4 4 16 3 13 5 16 8 3 2 7 2 6 0 3 1 10 7 0 5 25 1 32 4 15 0 3 1 20 13 7 23 0 8 0 10 7 5 1 1 3 0 0 6
2 0 2 1 0 0 1 0 1 0 2 0 0 2 0 0 2 0 1 0 2 0 0 1 1 0 0 1 1 0 0 0 0 0 0 2 1 4 0 11 0 4 0 10 0 0 2 1 0 0
7 24 6 5 0 4 7 27 10 5 14 8 3 11 0 15 13 5 9 24 1 0 11 4 23 1 5 5 3 31 3 0 0 29 2 13 5 15 0 2 0 4 0 0 1 3 5 0 1 2
0 3 14 5 15 0 2 2 1 24 18 2 27 16 22 7 3 17 0 6 1 15 21 0 4 0 3 7 2 7 2 3 26 0 0 10 3 1 21 12 3 0 4 3 4 4 3 3 1 21
11 6 2 21 4 5 1 1 1 0 0 0 1 4 11 4 0 3 5 6 2 2 0 5 30 5 23 3 12 0 3 8 6 17 8 12 2 1 8 14 2 5 5 21 0 4 8 0 19 8
5 5 9 4 1 1 9 1 2 4 1 0 1 5 20 1 11 0 2 13 2 1 10 8 5 1 8 20 6 1 0 1 6 1 7 0 3 0 4 2 7 0 10 8 5 0 0 13 0 7
0 0 0 1 1 0 2 1 0 0 0 1 0 0 1 0 1 0 0 0 3 0 0 0 0 0 0 0 0 2 0 0 0 0 3 1 0 0 0 0 3 0 1 0 0 0 0 2 0 1
3 1 1 10 14 25 25 31 10 7 1 10 9 1 3 20 2 30 6 10 6 10 6 4 8 11 0 5 1 3 0 2 0 24 15 6 13 5 12 10 10 7 1 4 2 3 0 0 0 6
2 6 3 0 15 3 1 7 4 0 3 10 37 8 3 6 12 8 11 1 7 4 8 4 0 15 1 1 2 5 0 6 5 4 12 15 6 27 5 1 11 1 19 6 16 12 3 6 3 3
21 2 4 19 2 1 1 24 9 11 2 9 1 0 5 0 7 4 20 7 14 1 9 13 2 5 4 5 0 17 1 9 5 0 20 4 7 1 5 2 17 7 0 6 1 3 3 8 24 2
0 0 0 0 3 0 2 0 0 1 6 0 0 1 0 0 1 0 0 0 2 0 0 1 1 0 0 0 0 0 0 0 0 0 1 0 2 0 0 1 0 0 0 0 0 0 0 2 0 0
0 0 20 1 0 0 2 0 1 1 0 7 0 0 2 8 1 0 0 0 0 0 0 2 0 0 3 1 1 2 0 2 1 10 0 0 0 0 0 0 0 0 1 0 0 0 0 2 0 2
7 4 0 4 0 1 0 0 7 6 5 0 0 1 0 0 1 12 2 3 1 6 6 5 1 1 0 3 0 0 9 0 0 0 0 8 5 1 1 2 0 4 13 5 0 6 7 0 5 2
1 6 10 10 10 1 1 5 3 3 11 8 5 1 7 15 1 0 14 1 12 6 2 2 1 2 4 4 4 6 7 11 0 1 8 0 5 31 3 2 7 6 6 2 5 0 0 3 8 7
3 4 2 5 7 11 0 0 1 1 3 9 8 1 2 4 0 7 2 3 5 0 1 15 14 2 3 0 5 2 6 13 5 0 1 1 3 13 3 0 11 1 1 2 13 0 10 1 12 13
13 7 2 13 0 0 10 1 3 0 24 6 12 1 5 6 3 3 6 1 3 4 3 9 0 15 6 0 5 1 16 0 2 1 5 0 4 0 20 4 11 8 11 6 1 35 0 0 33 0
0 2 0 17 0 4 2 3 9 5 18 0 3 12 0 0 0 0 3 2 3 15 0 0 3 0 0 0 0 0 3 2 0 1 7 0 0 1 12 9 2 8 9 2 2 4 2 0 5 1
8 8 1 7 0 1 5 9 0 5 1 1 5 3 2 1 5 3 13 0 2 4 6 5 1 1 4 3 0 0 0 3 3 5 10 0 7 1 4 0 5 6 4 0 0 2 1 0 1 1
0 0 1 0 1 0 0 2 0 1 4 1 0 1 1 1 2 1 1 0 11 1 0 0 0 0 0 0 0 0 0 0 1 1 0 0 2 0 0 1 0 0 0 0 0 0 0 0 0 1
3 3 22 15 0 1 12 7 2 3 3 1 4 37 8 25 36 0 8 8 6 5 14 5 7 17 52 30 0 12 0 4 13 11 13 4 3 17 3 13 4 13 0 7 13 9 8 6 10 4
1 2 1 0 1 6 1 0 2 20 0 0 0 0 0 0 0 1 9 2 3 11 2 0 1 0 0 1 0 1 2 0 3 0 2 0 2 3 0 5 0 0 13 7 2 1 5 0 4 0
0 0 0 0 4 0 0 0 3 0 0 19 13 0 2 4 1 15 0 0 0 0 0 1 0 3 0 15 6 3 0 7 1 11 0 2 2 0 1 0 10 0 0 0 11 0 1 14 0 0
11 0 0 4 6 4 1 5 23 0 0 0 0 3 1 2 1 6 0 1 1 9 7 0 0 2 0 1 0 0 0 0 2 1 0 6 3 10 1 10 1 1 8 1 0 25 1 0 0 2
3 2 15 2 8 3 3 5 5 4 4 21 7 0 9 12 4 20 5 3 0 4 2 1 5 19 8 11 0 9 2 7 0 2 0 9 2 1 4 2 1 1 2 12 3 19 4 3 6 10
23 4 0 13 9 3 8 4 8 2 3 1 0 9 5 13 32 14 11 9 6 16 24 23 11 4 22 2 6 3 3 1 15 7 2 1 2 2 0 1 1 0 10 1 3 11 6 2 5 3
0 4 0 1 1 6 2 0 0 0 4 0 3 9 0 1 0 0 0 1 1 1 1 1 0 0 0 0 0 0 1 0 9 0 0 0 0 1 6 4 0 8 1 4 5 4 0 0 0 2
10 7 8 13 5 5 7 0 3 0 5 0 3 0 10 1 4 4 10 8 0 6 6 3 1 0 3 3 2 1 0 26 3 2 20 1 18 0 3 5 0 0 14 4 11 0 5 7 0 4
1 0 1 0 2 0 0 1 0 0 0 7 13 1 0 0 1 2 0 0 0 2 0 0 0 0 3 0 0 15 0 10 0 3 0 0 1 0 0 0 1 0 0 0 1 0 0 4 0 0
3 10 23 7 2 1 3 18 7 7 4 13 5 5 23 3 39 25 5 1 3 23 13 7 18 2 0 0 0 0 4 3 1 0 2 1 5 1 3 5 0 1 0 1 1 18 11 1 12 12
13 10 1 8 13 8 18 2 0 10 14 11 8 0 14 7 35 2 1 0 5 7 16 4 28 12 3 3 7 0 6 8 28 4 6 16 7 2 3 2 10 0 8 2 5 12 1 11 0 5
0 3 8 0 5 0 4 2 13 0 0 1 0 1 1 3 4 2 0 16 2 2 3 4 0 0 7 0 0 5 2 1 2 5 5 19 1 5 0 3 5 1 1 4 0 2 2 7 0 12
5 13 0 3 1 1 2 25 1 9 6 17 5 1 6 0 6 1 22 20 18 6 10 9 3 24 2 24 1 0 2 0 10 0 10 5 18 0 6 1 1 2 2 4 2 4 1 15 5 0
4 4 0 4 0 0 2 3 1 13 10 0 0 1 1 1 0 0 8 6 0 12 2 1 0 1 0 0 0 0 4 0 8 1 3 1 0 0 2 10 2 3 0 0 2 3 2 1 3 3
0 0 0 0 0 0 0 0 0 2 0 1 0 0 0 0 9 0 0 1 0 0 0 2 0 0 0 0 1 1 0 0 0 0 0 1 5 4 0 0 1 0 0 0 0 0 0 0 0 2
2 0 2 16 10 14 9 5 1 0 0 0 1 1 8 1 5 0 6 2 3 5 4 1 1 3 7 8 8 9 9 1 1 2 9 12 7 0 14 5 3 2 10 0 2 21 15 5 13 6
13 0 16 13 1 3 6 8 4 20 1 16 3 18 0 25 7 7 1 18 9 6 4 3 0 7 10 3 2 6 5 26 24 2 1 20 0 6 7 1 15 27 6 4 9 6 2 6 13 14
6 7 7 1 2 18 1 0 4 2 7 5 0 1 1 3 13 0 0 4 12 1 0 4 5 2 5 7 5 5 5 1 2 12 0 1 0 1 1 25 0 2 2 2 1 2 4 8 2 9
6 0 1 6 13 11 3 0 0 1 6 0 3 0 1 0 0 5 6 1 17 0 6 5 0 3 2 1 2 1 14 5 7 0 15 9 3 2 8 1 2 3 3 2 0 0 13 5 1 2
3 1 1 2 0 4 3 4 4 0 0 2 1 1 13 4 0 13 2 0 0 18 0 3 5 2 0 0 3 3 5 1 2 2 2 10 1 8 4 8 4 1 5 12 5 1 3 9 3 5
0 1 0 0 0 2 2 1 0 2 2 0 0 0 0 0 0 0 0 8 1 0 0 1 2 0 1 0 0 0 0 0 0 0 0 0 0 1 0 8 0 0 0 3 0 0 0 0 0 0
0 0 3 0 5 0 0 0 0 0 1 9 7 0 15 0 2 0 0 0 0 0 0 0 0 2 0 1 7 14 1 8 0 0 0 1 2 0 2 0 10 0 0 1 1 0 0 0 1 0
0 0 1 0 1 1 0 0 0 3 0 0 0 0 0 1 0 2 0 1 1 1 0 0 0 0 0 0 0 1 0 1 0 0 1 2 1 5 0 1 1 0 0 0 1 1 0 0 2 0
0 0 0 0 0 0 0 1 0 0 1 0 0 0 0 0 0 1 0 4 2 0 0 0 1 0 0 1 0 0 0 0 0 0 1 0 1 0 0 6 0 1 0 1 0 2 0 0 1 1
12 0 7 3 3 6 8 1 1 0 11 1 16 0 11 0 3 2 1 1 0 0 3 1 2 1 4 0 12 0 4 3 7 5 10 5 1 0 3 9 0 0 5 4 3 16 4 0 4 2
2 1 4 3 4 3 2 1 4 7 6 1 3 0 12 1 0 6 2 0 5 2 3 2 0 0 9 2 0 3 5 3 0 0 8 0 0 12 2 0 4 1 2 0 2 2 1 7 1 1
1 2 0 0 0 1 0 0 0 0 0 1 1 0 0 1 0 0 0 2 1 1 0 0 1 0 0 0 2 0 0 0 0 0 0 0 1 0 0 4 0 2 0 0 1 0 0 0 0 0
1 8 14 6 0 0 5 2 5 2 2 13 4 7 6 1 11 9 1 0 1 18 1 3 11 16 10 8 5 6 6 0 2 31 1 3 1 0 10 3 3 3 14 12 6 2 2 1 1 1
0 28 2 40 10 7 10 29 7 15 1 2 0 3 2 1 1 0 4 0 0 2 1 1 2 3 0 1 3 0 8 4 19 0 4 0 1 1 0 0 1 3 3 6 4 4 5 0 3 10
2 2 1 0 6 1 1 0 0 0 0 0 2 0 6 0 17 0 2 0 0 0 0 2 0 9 5 2 0 2 0 9 1 6 0 1 4 0 0 0 1 0 0 0 4 0 0 8 1 0
4 7 13 3 18 2 5 2 4 6 4 3 2 1 2 3 2 0 3 3 0 0 3 1 1 0 6 0 9 1 6 0 5 16 0 7 1 5 8 0 4 0 5 0 7 2 5 5 14 5
0 0 0 0 0 0 0 1 0 1 2 1 0 0 0 1 0 2 0 1 0 0 3 1 0 1 0 0 0 0 0 2 1 0 0 0 1 0 0 22 0 1 0 7 0 0 0 1 0 0
0 0 0 0 1 0 0 0 0 4 0 1 1 0 0 0 0 0 2 0 0 4 0 4 0 0 0 0 0 0 0 0 0 1 2 1 0 2 1 0 0 1 1 0 0 1 0 0 1 0
0 0 0 0 2 1 0 0 0 0 0 5 4 1 1 1 14 3 0 1 0 1 2 1 0 19 5 2 0 3 0 9 0 1 0 8 0 1 1 0 2 0 0 0 4 0 0 0 0 0
14 12 3 10 7 3 4 5 1 3 8 1 14 2 4 29 1 15 20 5 9 8 5 5 21 16 6 5 2 5 0 1 2 13 0 8 6 15 3 4 3 4 13 14 14 28 14 0 14 15
1 5 11 14 11 4 4 16 8 7 7 0 3 3 14 10 16 3 2 5 0 5 3 2 5 3 6 0 6 5 17 3 2 1 5 4 4 9 2 7 1 3 2 1 3 2 3 0 4 0
0 4 1 0 5 4 17 3 4 4 0 0 7 8 2 17 2 3 2 6 2 9 0 0 8 1 6 3 12 0 5 10 5 4 7 7 0 1 8 7 4 0 7 3 1 4 0 0 1 0
0 0 1 0 0 1 0 0 1 0 0 2 0 0 2 3 0 5 0 0 0 0 1 0 0 1 0 0 6 0 0 0 0 0 0 0 0 2 0 0 1 0 0 2 4 0 0 0 1 0
14 0 6 5 0 11 1 4 0 2 5 17 1 2 4 5 1 3 7 12 0 11 20 5 6 14 4 12 15 0 16 7 1 10 2 1 17 5 8 5 1 5 5 8 5 19 4 15 25 0
3 1 1 2 0 15 2 2 0 3 0 0 0 0 0 1 0 0 6 4 3 4 1 1 2 0 0 0 0 0 0 1 1 0 8 0 0 0 2 4 2 6 3 10 0 5 2 0 4 7
0 1 1 0 0 1 0 0 0 1 0 1 0 0 0 0 0 0 1 1 6 0 0 0 1 0 1 1 0 0 3 0 0 1 0 0 0 2 1 0 0 0 0 0 0 1 1 0 0 0
1 2 2 9 2 4 17 16 0 4 6 8 9 1 3 0 1 0 1 15 2 2 0 4 0 2 5 6 1 9 5 3 0 0 11 4 0 0 3 1 0 5 0 0 2 4 4 1 2 5
3 1 2 0 0 0 0 0 0 2 6 2 3 9 0 3 0 7 1 2 8 3 2 1 3 2 0 4 0 0 18 3 2 2 0 0 0 0 1 4 0 6 1 3 0 0 4 3 9 4
6 3 7 14 2 0 6 1 5 2 1 8 10 3 20 5 8 3 22 9 7 11 3 2 6 4 5 19 3 13 0 1 15 1 5 6 6 1 14 10 0 17 6 5 21 4 5 0 1 1
0 1 1 1 1 1 1 1 1 0 0 0 1 0 0 1 2 0 0 7 0 0 0 1 1 0 2 0 0 0 3 0 0 0 0 0 0 5 1 6 0 0 0 0 0 0 3 1 1 0
7 8 14 15 1 7 24 22 11 5 5 7 4 3 0 0 2 3 2 32 16 13 7 1 58 0 5 1 3 2 2 0 21 0 12 2 8 16 17 5 6 0 10 12 0 6 2 0 2 6
4 3 3 4 0 16 0 2 0 14 31 1 0 10 3 9 2 13 3 1 0 6 13 17 0 4 1 4 7 1 0 0 20 13 2 8 7 1 4 4 5 6 0 0 3 6 7 1 2 1
29 1 1 0 3 9 1 1 18 4 2 2 3 0 9 10 26 14 13 2 13 1 28 7 10 4 22 4 2 18 0 0 9 2 10 8 7 4 3 0 3 4 1 3 5 3 4 0 22 26
