4 5 6 2 3 0 0 0 1 0 2 11 4 18 10 0 0 0 0 4 0 16 7 2 1 3 4 1 0 16 0 1 2 1 4 12 1 4 1 0 0 3 2 6 3 1 0 3 0 0
1 0 0 0 2 0 0 0 1 0 2 0 0 0 0 0 0 1 0 0 0 1 1 0 0 0 1 2 1 2 1 0 0 0 0 0 0 0 2 1 0 0 0 0 0 0 2 0 0 2
0 6 10 24 18 2 2 12 10 7 2 11 11 2 1 5 0 5 2 9 7 6 3 20 9 8 1 6 2 24 10 2 8 0 15 12 7 2 6 4 11 30 0 0 0 1 5 3 2 0
0 0 0 0 1 2 1 0 0 0 0 1 0 0 0 0 0 0 0 0 0 1 0 0 0 1 0 1 0 0 2 0 0 0 1 0 0 0 1 0 0 1 0 0 0 0 0 5 0 0
18 1 6 2 5 1 2 11 3 11 5 6 12 14 11 7 19 4 10 1 3 0 16 0 1 9 4 2 1 0 1 0 2 20 1 17 15 22 11 26 2 12 3 34 5 0 7 0 0 6
0 4 9 6 1 11 6 14 13 2 16 0 23 1 1 8 10 11 14 7 5 10 1 0 23 0 3 8 9 2 3 2 10 3 3 3 2 4 7 8 0 1 0 2 5 1 0 5 10 3
0 0 2 0 0 0 0 0 0 0 1 3 0 0 0 0 0 0 0 1 0 3 0 0 0 0 0 0 0 1 1 1 0 1 0 0 3 0 0 0 1 1 1 0 0 0 0 0 0 5
0 0 0 0 0 0 1 3 0 0 0 0 0 0 0 1 0 0 1 0 0 0 1 1 1 1 0 0 0 0 6 0 0 0 1 0 1 0 3 0 0 0 0 0 8 1 1 1 0 0
0 1 0 0 2 6 1 0 1 1 0 0 0 1 0 0 0 0 2 0 2 0 0 0 0 0 2 1 0 2 0 0 0 1 8 0 0 1 0 0 1 0 0 0 0 0 0 0 0 0
33 4 3 5 0 1 6 0 20 6 0 0 11 0 1 2 19 18 2 12 3 8 1 3 13 0 10 10 49 12 10 21 4 1 1 3 4 4 5 1 2 5 18 0 7 15 12 16 7 12
12 4 2 8 8 11 0 2 15 0 10 16 0 13 1 0 4 14 14 11 19 15 6 34 2 1 9 8 5 6 4 11 2 12 0 4 10 5 3 22 25 1 23 1 1 3 10 6 3 3
1 9 0 5 1 0 0 6 4 0 15 22 13 13 0 16 6 6 23 2 0 9 10 7 21 0 4 1 27 4 3 15 8 4 18 1 3 0 2 3 3 4 0 7 9 0 16 20 23 0
1 17 0 1 9 0 14 0 0 0 0 1 0 5 3 0 0 6 0 0 3 0 1 1 0 8 4 12 1 0 1 0 0 12 1 1 0 8 0 0 0 1 0 0 0 7 1 1 0 3
3 1 15 9 6 2 2 9 9 0 18 7 16 2 9 37 0 17 9 23 0 10 11 6 3 4 2 8 12 0 3 27 10 5 12 1 4 19 1 11 0 3 1 0 5 2 13 18 1 2
7 1 1 10 2 3 12 5 0 1 23 12 3 0 11 5 39 5 5 10 0 9 5 4 20 0 7 4 1 3 8 4 2 1 3 21 2 5 16 0 1 9 6 4 11 6 2 5 3 5
0 0 0 0 0 1 0 0 1 1 2 0 0 4 0 6 0 0 0 0 0 0 0 0 0 0 0 0 0 0 3 0 0 0 0 0 2 0 1 0 0 1 1 0 16 0 0 5 21 1
1 4 0 8 3 1 0 9 0 0 3 15 2 7 4 7 0 0 1 2 1 4 4 8 4 0 0 1 4 9 8 11 3 4 2 1 1 1 3 12 14 1 2 0 0 6 3 10 1 0
1 0 0 5 0 9 2 0 17 0 12 1 4 0 1 1 1 0 7 0 2 3 4 4 13 2 0 0 10 0 0 0 3 2 6 0 0 1 5 9 2 1 1 0 1 0 2 2 4 0
0 7 3 0 6 19 8 9 5 0 5 0 23 3 2 0 1 2 1 0 13 8 23 5 3 4 13 6 28 21 9 0 1 45 7 4 3 8 9 0 4 7 6 27 2 10 11 11 6 26
7 0 4 4 1 7 3 6 3 8 10 9 8 2 0 16 1 7 1 8 18 4 4 4 16 0 10 15 21 20 11 16 7 1 17 7 1 19 5 12 2 1 6 22 10 13 1 2 0 23
1 7 12 3 8 0 2 15 8 0 2 1 3 1 4 0 1 4 0 1 1 0 1 0 2 1 0 9 2 7 9 0 3 20 0 1 1 2 6 3 2 3 17 0 0 9 8 2 2 3
3 0 2 14 6 2 15 3 1 1 3 18 1 15 5 0 2 4 0 2 2 4 2 3 1 1 4 1 0 1 0 3 7 5 0 13 13 3 5 12 0 3 15 0 0 4 1 0 1 11
10 19 5 5 6 5 0 16 3 1 6 0 0 0 1 4 13 3 9 19 5 13 7 21 23 10 12 19 6 1 23 13 0 1 2 31 5 7 3 8 2 12 0 9 4 3 18 3 5 0
0 0 0 0 3 0 0 0 0 0 0 0 0 0 0 0 0 0 1 0 0 0 0 0 2 0 1 0 0 0 0 0 0 1 2 0 1 0 0 0 4 0 1 0 2 0 0 0 3 0
1 1 0 4 1 1 1 1 2 1 2 0 6 0 0 0 2 0 10 2 1 9 6 3 0 1 0 0 2 0 16 0 2 0 16 1 0 0 19 6 0 0 2 1 1 0 0 0 0 1
14 15 5 0 0 1 0 3 0 19 12 0 3 6 1 9 4 8 20 3 0 4 6 4 1 1 4 3 4 0 0 2 1 6 0 6 5 7 8 3 4 2 1 0 9 3 1 10 8 10
0 0 0 0 0 0 0 0 0 9 0 0 0 1 0 1 0 0 0 0 1 0 0 0 3 0 2 0 6 0 5 0 0 2 1 2 0 2 1 0 0 0 0 0 3 0 12 6 0 0
0 1 0 1 2 0 2 1 6 0 3 4 3 25 2 1 1 4 0 0 2 14 0 2 4 17 3 7 0 3 1 2 6 8 1 2 3 10 4 8 0 2 1 3 1 2 0 0 0 0
13 0 0 2 0 5 0 0 3 2 26 7 13 15 2 0 1 15 5 3 12 1 1 5 7 6 4 2 3 7 0 1 18 5 9 6 16 3 6 8 5 1 17 0 0 0 1 0 6 0
1 1 0 0 3 1 1 4 0 12 0 0 1 2 0 5 0 0 6 0 1 1 0 1 1 2 0 1 3 1 3 0 0 0 0 0 0 0 0 2 2 0 0 0 0 0 3 4 4 0
0 0 0 0 0 2 0 0 0 0 0 0 1 0 0 0 0 0 0 0 2 0 0 1 4 1 1 0 0 0 0 0 0 0 0 0 1 2 0 0 3 1 0 0 0 1 0 0 1 0
4 1 8 5 0 0 0 0 11 9 0 11 1 7 7 2 8 0 4 12 1 1 1 2 0 5 4 5 12 4 5 4 3 6 49 0 2 5 21 8 1 18 12 0 14 3 6 6 33 37
1 0 0 1 0 0 0 0 0 0 0 0 0 3 2 0 0 0 0 0 0 0 0 0 1 1 1 0 1 0 1 0 0 0 0 0 0 0 0 3 4 3 0 1 0 0 0 2 8 0
0 1 1 4 0 1 1 5 1 0 0 0 2 1 6 0 0 1 0 2 0 0 0 0 0 1 2 4 1 3 1 1 1 6 6 7 19 2 0 0 0 0 0 1 1 0 0 3 0 1
2 0 1 2 0 0 1 1 0 1 0 0 0 0 1 1 0 0 0 0 0 0 0 0 0 3 1 1 0 1 0 0 2 0 1 0 0 0 0 1 0 0 2 0 3 1 0 0 0 1
1 0 1 0 0 0 1 0 0 5 4 0 0 2 0 3 0 0 2 0 1 0 0 1 0 0 0 0 3 1 11 0 0 1 0 0 1 0 0 0 0 3 0 0 4 1 22 1 2 0
20 19 9 12 3 0 11 24 10 6 3 6 1 15 2 3 3 0 14 9 11 2 14 0 10 15 3 4 7 23 6 20 6 2 4 7 7 5 12 6 4 1 8 6 6 1 11 3 4 10
0 1 2 0 0 0 1 11 1 2 2 1 7 1 20 16 13 2 0 1 0 1 11 5 5 3 0 2 3 6 9 7 3 4 1 12 0 11 1 0 1 4 3 2 7 3 10 9 0 22
15 10 5 0 0 9 2 1 0 6 3 0 0 4 5 3 0 6 5 4 0 0 0 2 5 7 2 0 4 3 0 0 3 4 0 6 0 10 0 1 1 4 4 14 1 0 8 4 5 4
0 2 0 11 5 4 1 24 0 0 0 1 0 2 4 0 0 0 1 0 6 0 2 1 2 1 6 1 1 6 1 3 0 8 3 10 2 0 0 0 0 0 1 0 0 2 0 0 0 11
3 4 10 0 11 0 5 1 0 0 0 0 0 14 8 1 0 2 3 0 3 0 0 0 2 6 11 1 1 6 0 7 0 18 1 0 3 16 1 0 0 1 1 0 0 6 0 0 1 0
0 0 1 1 0 0 0 0 0 0 0 1 0 0 0 0 1 0 5 2 0 0 1 0 0 0 0 0 0 0 0 0 0 0 0 0 0 0 1 1 0 0 0 0 1 1 0 3 1 0
0 16 0 1 27 8 0 5 7 9 2 0 0 3 0 31 10 19 4 1 4 4 18 5 28 0 1 2 4 33 2 2 0 1 19 2 3 4 0 2 4 5 10 3 2 1 15 15 4 15
8 0 2 0 4 0 0 2 0 0 1 0 0 15 6 0 0 0 5 0 11 0 0 0 0 8 0 16 0 3 0 5 0 0 0 3 0 1 0 1 0 6 0 5 0 6 0 0 0 6
1 0 0 1 0 0 0 1 0 0 1 0 0 0 0 0 0 0 4 2 1 0 0 0 0 1 0 0 0 2 0 0 3 1 0 1 2 0 0 0 3 0 0 0 0 0 0 0 0 0
0 0 0 0 0 0 2 1 0 4 0 0 1 0 1 8 0 1 2 2 1 0 0 0 0 0 1 0 0 0 5 0 0 0 1 0 2 0 1 0 5 0 1 0 7 0 7 1 14 0
4 12 4 10 3 6 1 17 9 3 7 7 0 10 26 6 2 9 0 3 16 2 1 5 17 14 0 7 0 18 1 4 4 22 25 14 8 5 1 11 7 1 11 5 10 3 1 3 8 3
0 1 0 2 0 0 0 0 1 8 1 0 0 0 0 1 0 2 0 2 1 0 0 0 0 1 0 0 12 0 9 0 0 0 0 1 1 0 2 2 0 0 0 1 3 1 10 13 5 0
0 0 0 7 5 3 1 1 0 1 0 1 0 1 1 0 0 2 3 0 0 0 0 0 0 0 0 0 0 1 1 0 1 0 0 0 3 1 0 1 0 1 2 0 0 0 0 0 0 0
2 3 0 11 1 0 5 1 5 11 0 1 3 5 1 1 2 16 3 1 8 0 2 4 3 11 2 0 4 7 5 6 3 7 1 1 3 0 6 2 0 3 4 7 2 0 6 14 3 0
0 1 0 0 0 0 0 2 0 0 0 0 0 2 0 0 0 0 1 0 0 0 0 0 0 2 1 0 0 0 3 0 0 2 5 1 0 0 0 1 2 0 0 2 0 0 0 0 0 1
1 28 8 1 8 3 1 4 3 1 8 0 4 9 13 3 5 11 5 8 10 0 1 8 10 12 3 7 3 5 6 0 3 6 4 3 15 26 0 4 10 16 0 8 6 1 2 12 4 1
7 2 20 0 2 0 6 4 0 9 9 0 0 0 0 5 10 7 9 0 0 0 2 1 10 0 0 2 18 9 2 2 2 0 6 2 13 5 3 6 9 1 1 6 8 9 0 2 1 0
7 1 12 1 0 0 1 0 0 0 0 0 0 1 1 0 0 3 0 0 0 2 0 3 3 4 6 1 0 11 1 1 0 2 0 0 6 3 1 0 0 20 1 2 1 6 0 0 1 2
0 0 1 0 0 0 0 0 0 1 8 0 1 3 0 0 0 2 0 0 0 1 1 0 1 0 1 0 0 1 2 0 0 0 0 0 1 0 0 1 0 0 0 0 0 0 0 0 0 0
1 2 4 4 0 8 4 0 0 31 3 2 8 13 21 4 10 10 3 3 2 9 1 6 4 3 1 3 3 0 14 3 2 0 0 6 12 7 2 0 2 9 9 7 3 1 13 27 1 3
0 2 0 0 0 1 0 0 1 0 0 0 0 0 0 1 0 0 0 0 0 0 0 1 1 0 0 0 1 1 0 2 0 1 0 1 0 0 0 0 2 0 0 1 0 1 0 11 0 3
1 1 9 15 5 3 3 0 13 15 5 7 7 3 19 14 14 4 1 1 3 1 1 8 3 2 1 6 7 3 0 1 7 2 2 1 4 0 5 11 5 0 25 0 13 7 14 18 1 1
1 0 0 0 0 2 0 0 0 1 0 1 0 0 0 0 2 1 0 0 0 0 0 0 0 0 0 0 2 1 0 0 0 1 0 0 0 0 0 0 1 0 1 0 0 0 1 10 0 0
3 6 0 0 3 6 0 5 5 0 6 8 5 14 0 0 0 0 0 0 5 8 1 2 0 11 13 2 0 0 0 3 2 0 4 6 0 4 11 10 1 1 3 1 1 2 8 2 1 10
4 4 0 2 6 5 2 23 9 10 0 0 8 7 3 3 3 0 3 5 9 15 4 5 2 20 8 3 6 16 1 10 4 1 4 6 31 0 23 14 0 5 2 2 56 1 0 8 6 7
1 2 0 3 4 1 17 13 8 6 3 2 22 3 16 0 5 3 4 19 6 0 3 0 3 0 1 0 2 4 2 4 0 2 0 1 8 3 7 5 4 1 0 0 0 2 0 5 4 4
1 0 1 9 0 2 0 4 1 1 4 6 5 0 1 4 4 1 7 0 0 1 0 4 0 0 0 0 1 0 6 0 27 0 5 0 2 0 5 3 7 1 6 0 2 0 4 4 6 0
0 0 0 0 0 0 0 0 0 0 0 0 0 0 0 0 0 1 0 0 0 0 0 0 1 1 2 0 0 0 1 0 1 0 6 0 0 0 0 0 0 0 0 0 2 0 1 0 0 0
4 3 5 0 5 1 0 3 0 9 4 2 5 0 0 15 0 0 4 9 3 0 15 6 13 1 2 14 5 0 24 16 1 16 1 13 3 1 22 7 8 0 14 1 4 1 0 2 5 0
2 5 10 21 0 11 6 3 5 10 0 1 4 10 4 0 3 0 1 2 7 11 14 8 0 1 1 11 6 1 8 17 9 24 2 10 17 18 5 0 2 12 6 40 0 9 2 3 1 1
4 13 4 7 1 1 3 12 2 1 3 8 8 15 0 0 1 3 3 1 3 1 6 1 2 0 6 0 8 3 15 21 4 7 0 27 8 0 14 5 24 12 9 8 9 2 4 12 2 0
2 1 4 4 0 0 5 7 0 7 2 6 7 16 2 21 1 15 3 13 0 18 4 2 0 13 4 5 1 6 2 5 3 2 9 0 1 31 7 1 3 2 1 1 10 0 11 7 0 1
0 0 0 0 0 0 0 0 0 1 2 1 0 0 1 5 0 0 7 0 0 0 0 1 0 1 0 0 0 0 16 0 0 0 1 0 0 0 1 0 0 0 0 0 1 0 0 3 6 0
0 15 0 17 0 4 0 2 0 3 0 1 1 3 0 0 0 9 1 2 5 1 0 0 1 11 8 2 0 3 0 2 0 4 28 2 3 5 0 0 2 0 1 3 0 0 0 0 0 7
0 0 0 0 0 0 0 0 0 9 0 2 0 0 0 6 1 0 1 0 1 0 0 0 1 0 0 0 1 0 0 0 0 0 0 0 2 0 0 0 1 0 0 1 3 0 0 0 2 0
0 8 0 3 3 0 4 6 4 0 1 0 0 1 6 0 8 1 0 2 2 0 2 1 2 12 15 10 0 0 0 9 2 0 2 0 3 0 0 2 0 7 2 0 0 0 0 0 0 5
0 0 1 0 1 2 0 3 0 0 0 0 0 1 1 1 0 0 0 0 0 0 0 0 0 0 0 0 0 0 6 0 0 0 0 0 2 2 0 0 0 0 2 0 0 0 1 4 0 1
7 7 2 0 0 1 1 7 4 0 0 3 0 10 13 0 20 5 8 16 9 5 14 9 9 12 11 0 4 5 8 19 0 1 3 8 4 8 14 1 6 2 4 4 5 3 6 4 1 2
11 4 9 25 12 5 4 0 9 0 1 19 3 5 37 0 3 5 38 0 5 3 1 6 9 14 2 2 5 8 22 6 5 0 10 6 0 2 11 4 25 0 2 26 9 3 29 9 12 5
0 0 1 0 1 1 0 0 2 0 0 0 0 0 1 4 1 0 4 1 0 0 1 1 0 2 0 0 2 0 1 1 0 0 0 0 0 0 0 2 8 0 0 0 7 1 0 3 1 1
0 0 0 2 0 0 0 0 1 1 0 0 1 0 0 5 0 3 37 2 0 0 0 1 0 0 0 0 2 0 1 0 0 0 1 0 1 0 1 0 4 0 0 0 7 0 1 5 0 0
3 0 4 2 3 2 0 2 3 4 15 11 8 1 0 3 3 2 13 9 1 0 0 1 1 0 2 9 2 7 7 5 5 3 1 5 1 6 1 3 0 3 4 6 0 2 7 9 21 2
2 7 7 10 5 1 2 0 0 0 14 0 0 8 0 1 5 0 0 0 0 5 5 2 4 2 0 0 0 13 1 0 5 1 3 7 0 0 2 1 1 6 9 1 0 0 0 2 0 1
57 0 13 14 21 5 3 4 4 2 18 4 0 7 0 0 5 18 2 16 6 0 0 5 2 5 6 3 3 1 2 25 1 11 7 10 4 7 29 3 4 1 12 5 5 8 4 3 4 5
2 1 2 8 1 6 9 0 2 0 8 0 1 8 0 6 3 3 2 4 9 3 3 5 23 7 3 2 2 3 0 0 2 1 10 2 14 6 15 0 0 3 4 0 7 0 23 18 4 2
5 3 4 5 5 5 1 12 2 19 0 0 8 6 2 1 5 0 1 1 3 0 2 12 0 7 3 3 2 6 16 2 3 8 9 1 6 6 4 20 9 0 6 5 14 16 15 15 10 7
1 1 0 1 0 4 0 0 1 0 0 0 1 0 0 0 1 0 2 0 1 0 0 1 0 0 0 0 0 0 0 0 1 0 3 0 1 1 0 0 0 0 1 1 0 0 1 0 0 0
7 0 10 3 1 31 0 0 9 3 3 1 6 7 6 0 1 4 5 11 13 22 9 1 1 10 5 26 1 6 15 17 5 31 3 9 7 35 21 3 6 19 9 10 0 0 3 5 0 0
0 2 1 1 0 0 3 8 3 14 0 0 14 3 2 4 9 1 4 6 2 0 3 6 1 5 2 6 1 9 1 10 7 8 4 10 0 4 0 4 18 0 0 1 7 8 9 2 0 1
8 2 8 11 26 0 0 1 0 7 5 0 1 7 3 14 0 4 2 9 5 5 0 1 0 0 5 0 0 12 7 6 2 3 0 4 0 1 15 7 4 1 5 13 18 0 0 14 3 3
19 2 1 0 4 23 2 17 0 7 7 3 0 3 1 13 6 0 3 1 5 9 11 9 18 5 3 0 2 4 0 3 5 0 0 7 0 6 1 3 2 15 21 1 4 1 15 7 7 2
3 3 1 5 18 0 1 1 9 1 0 12 0 5 4 7 0 0 20 5 1 6 11 8 0 14 5 8 0 5 11 2 4 2 1 0 1 1 3 11 2 6 4 0 0 4 1 3 0 1
3 14 11 3 10 0 0 11 21 3 6 7 6 4 0 2 6 11 1 4 29 7 18 17 0 0 2 4 6 8 5 20 11 20 5 11 3 0 3 6 0 2 2 7 1 1 0 3 4 2
11 2 3 8 4 2 13 4 4 9 1 6 0 54 23 4 0 0 1 2 8 14 7 7 0 1 0 1 9 25 2 0 8 5 21 2 10 6 0 4 1 3 0 0 0 3 6 4 6 6
2 21 9 0 4 4 4 7 6 0 6 9 10 7 9 8 10 39 1 2 1 6 13 0 3 12 19 5 0 0 0 2 4 16 7 29 0 1 4 8 0 5 10 1 9 1 4 3 3 13
0 0 0 0 0 1 0 0 0 2 1 0 3 0 0 0 0 0 1 0 0 0 0 0 0 0 0 0 0 4 1 1 0 2 0 1 3 0 0 0 1 0 0 0 0 1 1 1 3 0
24 0 4 3 0 1 7 2 4 8 0 6 1 2 0 3 1 2 1 17 1 13 5 4 3 3 4 6 9 4 0 11 1 6 1 0 9 0 5 9 5 0 2 11 4 4 3 1 4 4
3 4 8 16 0 6 0 2 0 9 12 9 6 0 10 9 6 7 2 11 1 2 15 5 2 3 15 1 0 1 0 1 3 3 12 7 3 0 5 3 7 0 5 3 10 2 2 0 3 5
28 0 4 18 3 4 3 14 13 26 15 7 1 18 8 21 8 1 2 1 1 2 27 5 21 5 7 1 11 15 6 15 2 5 9 7 31 4 1 7 0 9 9 7 0 29 16 1 2 5
1 1 7 0 3 1 7 1 0 2 4 9 4 1 2 15 1 3 13 4 0 2 4 12 0 3 0 2 2 5 13 11 8 8 3 4 0 0 0 1 19 3 27 2 7 1 36 11 5 1
1 0 2 0 0 0 2 2 1 14 1 0 0 1 0 5 0 0 1 3 0 0 1 1 0 1 0 1 0 0 3 1 0 0 0 1 1 0 0 0 1 0 3 1 5 1 0 0 0 0
4 15 3 7 3 14 12 15 6 8 0 1 0 8 0 4 4 2 3 4 11 6 7 0 2 12 8 12 2 4 1 1 0 5 0 9 0 2 11 1 0 4 10 2 2 0 8 0 8 0
3 2 12 3 1 6 2 5 8 6 0 11 0 0 0 7 0 2 18 1 6 2 0 4 3 1 2 1 2 1 3 5 8 7 23 1 0 0 1 1 0 2 0 4 23 3 3 8 3 1
1 0 4 26 12 1 1 0 4 3 3 8 28 9 5 9 9 1 1 1 17 3 5 9 0 2 1 0 15 2 11 7 18 0 0 3 1 5 7 4 9 6 19 0 1 8 17 20 5 1
