5 1 2 4 0 2 3 1 5 5 4 0 1 2 5 4 3 2 2 8 12 5 0 2 0 0 4 10 6 2 3 4 2 9 9 2 10 4 0 4 0 1 7 6 18 7 9 3 0 16
3 0 6 1 7 4 1 3 6 0 4 6 1 0 2 22 1 3 0 0 1 14 2 15 3 18 3 2 24 15 5 0 17 3 1 6 6 0 3 11 0 0 10 6 2 4 1 2 1 7
13 2 11 1 1 14 0 0 0 7 8 4 1 7 3 5 6 2 2 6 8 1 6 15 2 1 3 0 10 0 0 11 2 17 2 1 1 0 0 0 3 0 1 22 0 2 14 7 0 9
3 22 2 0 11 1 0 4 32 4 1 12 7 0 23 3 6 0 1 21 1 5 5 4 8 3 0 3 4 9 21 2 13 18 1 20 5 13 19 8 0 6 4 0 20 14 17 23 0 21
3 8 18 1 4 5 0 1 0 9 1 3 5 0 5 7 4 0 4 33 0 2 8 0 3 1 2 10 3 3 1 1 3 9 1 5 1 7 0 2 0 4 2 8 1 0 0 4 1 14
23 19 2 7 23 5 6 1 33 4 4 4 2 3 7 0 3 10 24 9 1 1 3 1 0 7 4 16 0 14 1 4 1 1 22 1 18 2 19 13 22 19 15 2 17 11 20 2 1 2
0 0 0 0 2 0 0 0 0 0 0 2 5 0 0 0 0 0 3 0 0 1 0 0 0 0 1 0 0 0 0 3 0 1 0 0 0 0 0 0 0 1 4 0 1 0 0 6 0 1
0 0 3 0 3 3 16 3 3 2 2 5 8 0 6 3 3 1 7 9 0 3 0 2 1 1 0 1 1 2 11 0 0 0 2 4 3 0 1 3 4 0 6 3 0 1 0 2 1 1
0 1 0 8 0 4 5 10 2 0 4 19 7 5 8 20 3 5 1 3 0 3 3 8 6 2 2 1 4 4 1 0 0 0 0 0 1 2 4 8 0 6 4 0 2 3 2 0 1 7
2 0 2 9 0 7 11 2 6 1 17 17 0 14 3 11 2 0 22 5 1 3 4 2 4 1 21 7 8 8 10 0 3 1 4 0 2 3 8 9 8 1 0 0 17 5 2 0 4 0
0 0 0 1 0 0 10 0 0 0 2 0 1 0 1 1 1 0 0 1 1 3 0 0 0 0 0 0 3 0 0 6 0 2 0 0 0 0 0 0 0 3 1 0 0 0 0 24 0 0
4 3 6 6 2 3 0 2 7 1 0 5 2 9 18 6 2 7 18 1 3 5 8 8 1 0 4 1 10 4 14 2 2 1 0 3 2 1 1 12 1 5 0 9 10 7 5 19 4 5
8 0 7 7 2 2 2 1 6 5 1 1 3 2 1 8 4 2 4 3 1 5 1 6 0 3 12 5 9 4 6 3 15 1 0 5 2 4 4 2 4 1 0 11 0 0 0 3 11 17
0 0 1 0 1 0 0 0 0 1 0 1 0 0 1 1 0 1 0 0 0 0 0 0 4 0 0 3 1 0 0 0 1 1 3 0 0 2 0 1 0 12 0 1 0 0 1 0 0 1
13 7 8 3 3 1 1 9 0 4 7 5 4 0 0 5 0 1 3 1 0 8 5 2 0 0 1 4 6 12 4 0 3 0 4 3 7 8 2 2 0 4 6 2 3 5 4 1 8 4
22 0 1 0 0 2 5 0 4 1 5 18 0 6 4 6 8 1 1 24 1 6 3 0 16 5 18 29 4 2 9 4 0 0 2 0 0 21 2 3 0 6 0 5 5 8 7 2 3 2
12 7 43 9 1 3 5 9 5 1 7 2 8 10 8 0 1 27 3 3 5 5 4 1 0 5 3 7 9 14 1 6 6 7 2 8 5 24 7 4 3 2 4 0 1 14 8 11 2 1
4 0 3 8 0 5 2 3 2 3 0 16 0 11 1 4 2 0 0 3 3 0 5 0 8 0 0 0 0 0 0 3 2 2 5 0 6 4 1 0 0 1 5 3 1 6 0 1 7 0
1 0 3 1 7 30 6 4 5 3 11 16 6 3 12 3 0 6 2 3 5 1 23 14 8 5 3 7 0 11 2 0 2 4 13 8 3 0 10 0 13 0 1 2 0 0 0 12 3 8
5 3 5 0 10 3 2 2 6 4 1 2 0 13 19 1 5 6 1 0 13 11 0 1 7 4 6 2 0 0 1 2 0 0 5 1 5 0 6 4 3 1 2 1 3 0 4 8 1 1
0 1 5 1 9 2 1 1 2 0 11 4 6 5 0 2 2 13 8 1 5 0 0 13 9 0 21 24 4 0 3 4 2 3 0 18 5 0 1 17 1 7 1 3 3 0 1 1 3 3
3 2 5 2 11 1 11 4 3 4 1 1 7 5 9 12 4 6 11 1 3 3 0 1 0 3 2 7 7 1 0 5 0 1 0 17 3 1 2 1 0 1 6 1 4 0 2 4 7 13
2 4 7 1 2 2 8 2 0 1 0 1 1 3 0 17 8 1 0 17 4 43 1 6 2 3 11 0 31 4 2 2 5 3 20 0 1 3 8 4 4 1 3 13 1 25 10 0 6 9
2 0 2 1 0 4 5 5 0 10 22 5 1 13 1 4 2 3 14 0 10 2 2 2 4 5 1 5 4 1 17 6 4 5 4 1 0 1 0 6 2 11 1 18 7 6 12 0 11 2
2 11 0 1 7 3 7 1 3 18 8 2 10 3 17 4 10 0 10 8 0 7 13 7 15 6 8 3 2 0 0 1 6 8 9 1 2 17 9 0 6 3 3 10 0 13 0 9 8 5
5 4 4 4 8 6 1 1 0 5 3 3 2 4 2 4 3 4 8 1 2 2 1 5 3 0 12 7 1 2 7 8 11 5 0 8 11 0 9 8 12 0 0 14 5 1 10 20 1 4
7 0 1 16 2 2 2 0 1 2 7 19 0 4 1 0 3 0 1 3 1 3 13 7 15 0 7 0 4 0 1 7 0 16 3 0 3 0 2 8 1 3 19 1 3 0 1 0 1 17
6 6 0 12 1 8 10 25 2 2 7 6 11 4 3 23 14 2 1 5 10 21 9 5 10 0 1 14 1 19 3 5 0 34 0 6 8 20 2 4 3 0 0 2 1 1 0 13 0 6
0 0 0 0 3 0 0 1 0 1 4 2 0 0 3 0 0 0 0 0 0 0 0 0 5 0 0 0 0 1 4 5 0 1 21 1 0 0 0 0 1 17 0 0 0 0 2 0 0 1
9 9 2 0 4 0 7 3 5 2 0 18 9 7 11 0 2 20 5 2 7 13 3 2 16 1 5 2 5 9 0 12 0 2 3 6 17 1 1 3 20 2 5 4 0 1 7 0 0 7
4 0 1 9 2 9 0 0 2 3 2 0 8 1 4 2 10 3 11 1 2 5 2 16 4 10 0 4 3 4 2 3 0 5 2 1 34 1 2 4 3 1 0 5 14 2 0 7 0 1
0 0 0 0 0 0 1 0 0 0 0 0 0 0 0 0 1 3 3 0 3 1 2 0 0 0 0 6 14 0 0 1 0 0 0 2 0 0 0 0 0 0 1 0 0 0 0 0 0 0
0 0 0 0 0 0 0 0 0 0 1 1 0 1 0 10 1 0 0 0 0 0 0 1 0 0 0 1 0 1 0 1 2 0 0 0 0 1 0 0 2 0 0 0 0 0 0 0 1 0
16 16 1 2 4 3 10 0 15 11 5 2 11 8 0 9 7 0 1 1 30 17 5 2 6 33 0 2 15 0 6 4 4 6 6 3 13 5 4 6 5 2 1 5 6 44 9 2 1 0
17 2 6 0 35 8 26 9 1 0 0 8 0 29 22 3 16 2 4 4 2 10 1 4 0 24 11 0 2 9 7 2 0 2 1 9 8 5 3 3 1 3 0 7 12 1 0 4 14 3
0 0 1 2 0 0 2 2 0 1 0 1 0 0 0 0 1 4 1 0 0 0 0 3 0 0 0 2 19 0 0 1 0 2 0 0 1 3 0 0 1 0 0 3 0 0 1 0 0 1
3 0 9 0 8 4 2 2 1 4 13 1 18 8 1 11 1 2 5 9 1 13 9 2 1 0 15 7 20 3 14 5 2 0 9 1 3 4 35 2 5 3 1 10 16 20 1 0 2 3
0 0 0 0 1 0 0 0 0 1 1 0 0 0 1 1 1 1 0 1 2 1 0 0 2 0 0 0 0 2 0 0 0 0 0 0 0 0 0 2 1 0 0 1 2 3 0 0 0 0
0 1 1 2 0 1 0 0 0 0 0 0 1 0 1 7 1 1 0 0 0 0 1 0 1 0 1 0 0 0 0 1 1 1 0 0 0 3 0 0 0 2 0 0 0 2 0 0 0 0
0 0 1 0 0 0 2 0 0 1 2 0 0 2 0 0 2 0 0 1 0 0 1 0 0 1 0 1 0 0 1 0 0 0 3 0 0 0 0 0 0 9 2 0 0 0 0 0 0 0
6 1 0 6 0 19 0 1 0 18 3 1 8 11 11 7 3 1 0 4 3 3 3 8 0 6 0 2 4 6 3 0 24 24 8 14 5 1 0 10 15 13 9 3 7 5 5 38 29 11
0 0 4 3 0 0 2 30 0 3 0 1 0 2 0 0 0 1 0 0 0 0 2 0 1 0 2 0 0 2 0 0 0 0 2 0 0 0 1 0 1 0 1 0 0 1 0 1 0 0
9 5 2 11 2 1 6 5 0 0 7 0 5 3 1 6 2 4 0 1 9 8 3 1 2 1 0 1 1 3 0 4 1 2 1 0 0 2 5 1 1 4 3 0 0 2 25 4 7 2
5 8 0 0 3 4 2 0 0 0 1 0 0 1 1 2 0 0 0 5 0 1 2 2 1 4 3 1 1 4 0 1 2 3 1 0 7 8 9 4 0 1 1 1 0 1 9 0 6 1
13 3 23 8 7 1 9 10 1 1 1 3 2 5 2 1 1 17 5 2 3 2 8 32 0 2 0 3 2 3 14 0 14 1 0 10 1 1 0 0 5 0 0 1 6 3 4 0 9 2
0 4 4 0 8 2 4 11 3 11 4 0 0 0 8 0 1 8 4 2 3 0 0 3 5 2 8 10 4 0 0 4 0 6 3 3 0 0 5 0 12 1 0 4 0 0 0 0 0 8
1 0 1 0 1 0 13 1 0 0 0 0 0 0 2 0 6 0 0 0 0 0 0 2 0 0 0 1 0 0 1 0 2 1 1 0 1 0 0 0 0 0 0 0 0 1 0 4 2 0
0 2 1 0 1 0 0 9 0 0 1 0 0 0 2 0 2 0 0 1 0 0 0 0 0 0 0 0 0 0 1 1 0 0 0 0 0 2 3 1 0 2 0 0 0 0 1 0 0 0
3 0 5 2 1 2 0 2 9 1 0 0 0 0 9 1 0 1 1 7 1 1 0 1 0 0 1 0 8 0 1 4 1 2 0 5 4 0 1 4 4 1 2 5 1 5 15 2 7 0
1 5 1 14 1 4 9 12 5 3 9 1 9 2 5 0 2 0 1 0 9 2 8 7 0 27 8 1 1 19 3 26 4 0 12 11 4 6 21 0 2 1 10 0 1 6 1 1 16 1
1 0 1 8 18 2 1 2 13 0 9 1 1 2 11 14 6 13 3 0 20 2 1 4 3 3 6 5 11 12 10 1 0 0 18 5 7 6 4 15 10 18 6 10 17 2 21 0 5 9
0 1 19 10 6 1 5 1 6 9 9 11 11 1 10 8 0 21 8 8 1 8 10 0 7 36 1 3 10 2 20 12 2 8 1 5 6 4 0 19 5 4 8 3 17 16 1 8 4 6
0 0 1 1 0 0 0 2 0 0 0 0 0 0 0 2 0 0 2 0 0 1 1 0 0 0 0 0 0 1 1 0 0 0 2 0 0 0 1 1 0 0 0 1 0 1 0 1 0 3
2 1 17 2 0 5 8 0 0 7 9 2 3 3 3 0 2 0 0 1 3 1 15 3 4 1 3 1 7 9 0 2 1 7 2 0 16 0 0 3 2 3 3 0 2 1 2 8 2 32
0 4 4 0 7 3 9 0 6 1 4 4 0 9 0 9 1 1 1 6 5 2 8 2 0 0 0 46 2 2 1 2 14 3 15 2 3 2 3 0 0 2 1 7 1 1 0 15 1 1
0 0 0 0 1 0 2 0 1 0 0 2 1 1 3 1 0 1 1 0 0 0 1 2 0 0 0 0 0 0 1 0 0 0 3 0 0 1 0 1 1 2 0 0 0 0 0 5 0 0
0 6 3 2 4 21 5 10 3 3 0 0 4 16 0 7 9 5 5 0 3 0 3 4 0 1 0 1 4 3 0 8 2 5 1 6 3 2 6 3 0 1 1 8 2 6 2 5 7 8
1 2 0 5 7 11 2 6 5 1 3 2 7 7 3 6 12 2 1 2 13 2 2 11 1 1 2 5 6 1 10 0 7 6 14 1 1 1 7 1 1 24 2 4 0 0 0 5 2 5
0 2 3 0 0 0 1 0 0 2 4 1 1 0 0 0 0 5 8 0 3 9 1 2 0 0 0 2 5 0 0 4 0 2 0 1 0 0 0 0 0 0 1 0 0 1 0 3 0 0
23 10 5 21 11 3 5 6 2 3 4 2 7 6 21 12 1 22 0 2 2 0 1 13 4 4 0 0 21 9 21 7 40 0 7 8 1 4 1 2 8 5 15 7 14 9 0 0 12 6
3 8 0 17 9 9 3 4 8 5 0 6 9 6 20 3 6 4 6 13 8 4 3 2 1 0 0 4 6 4 0 2 1 1 2 1 11 0 12 2 1 5 1 1 11 4 6 9 1 1
0 0 1 0 0 1 0 0 3 0 0 0 0 1 1 0 0 0 2 1 0 0 0 0 5 0 1 0 0 0 1 0 0 0 0 1 2 0 0 0 0 0 0 1 0 0 1 0 0 1
1 1 0 0 0 0 0 1 0 2 0 0 0 1 0 2 0 1 0 0 1 1 0 0 1 0 0 0 2 0 1 1 0 1 2 1 0 0 0 0 0 3 0 0 0 0 0 0 2 0
9 7 1 5 3 1 1 3 2 5 3 11 19 16 6 1 13 11 20 5 4 11 0 1 2 6 0 4 5 10 0 17 0 12 6 1 8 1 34 10 5 3 9 5 7 2 0 1 1 7
0 0 0 3 0 0 6 1 0 1 1 0 0 1 6 0 3 0 1 0 0 0 0 0 0 0 0 0 0 1 0 1 0 3 0 0 0 1 0 0 0 0 0 0 0 0 0 11 0 1
9 3 0 0 2 2 3 0 0 0 1 1 2 8 5 4 17 0 0 5 0 0 11 0 0 1 7 0 0 1 2 5 9 0 0 0 17 1 0 1 0 1 1 5 1 0 1 8 0 2
7 3 40 3 4 0 1 1 0 2 2 3 3 2 3 2 7 11 27 4 18 13 0 51 1 7 6 3 5 4 16 1 12 37 34 8 3 0 16 14 10 19 2 2 6 14 32 10 1 2
1 0 3 0 2 0 0 7 0 0 1 0 1 0 0 0 0 0 0 0 0 1 0 1 0 1 0 1 2 0 1 0 1 0 0 0 0 2 0 0 0 0 1 0 0 0 0 0 0 0
7 2 0 2 3 5 0 3 7 27 28 2 1 13 0 10 4 2 1 3 1 2 8 0 7 3 18 28 1 0 17 1 1 0 2 3 2 2 4 3 1 2 11 4 0 1 4 2 2 5
9 7 17 5 5 5 5 6 0 7 5 10 23 1 5 19 1 2 15 3 5 10 24 9 8 2 9 1 4 9 8 4 2 19 2 6 6 0 10 4 10 1 6 12 8 0 1 2 4 3
1 0 2 0 0 0 2 0 0 0 3 3 1 3 1 0 2 0 0 0 2 2 0 2 0 0 0 1 0 0 0 3 0 3 0 1 0 3 0 1 0 0 0 0 0 0 2 4 0 0
6 8 9 2 0 5 1 9 11 16 1 4 4 13 11 0 0 13 7 4 5 1 5 4 15 3 10 1 11 1 6 22 3 1 12 10 0 8 6 8 3 1 0 3 1 2 13 16 4 0
1 0 0 0 0 4 0 0 0 0 3 1 1 0 1 0 4 0 0 0 0 1 0 0 0 0 1 0 0 0 0 4 0 3 1 1 0 0 0 2 0 0 0 0 2 0 1 0 0 2
2 7 0 1 4 0 4 0 0 1 0 4 0 0 0 9 16 0 2 1 0 0 6 0 0 0 1 0 0 7 1 5 2 0 1 0 1 1 24 3 0 0 2 0 0 2 1 13 8 1
4 3 4 5 1 4 0 3 0 7 17 1 4 0 2 0 2 6 3 1 3 12 8 3 1 1 0 4 9 20 25 0 4 12 11 2 5 9 2 3 8 20 11 5 10 1 12 0 4 1
3 4 0 1 12 1 3 7 0 1 4 6 5 2 5 2 11 11 3 0 3 3 6 2 4 5 1 6 8 0 0 1 4 0 2 2 10 8 16 0 4 5 1 1 4 0 2 8 12 0
4 3 0 1 0 2 0 4 1 1 12 1 0 4 0 11 0 5 5 0 2 15 7 4 0 4 1 0 0 0 2 0 1 0 4 0 1 4 1 5 4 0 16 8 1 12 1 0 0 2
3 10 15 9 4 4 8 29 5 0 17 8 26 0 0 2 2 4 0 3 12 9 8 0 10 1 0 3 26 0 0 6 10 5 0 1 20 26 0 4 7 0 4 7 1 0 4 0 7 1
3 3 1 2 5 7 12 0 1 8 19 2 2 5 1 14 5 2 4 3 16 0 5 7 0 0 23 5 1 8 7 1 10 0 7 1 13 4 4 11 2 4 1 10 3 4 15 0 3 0
1 19 1 3 6 24 3 27 0 7 26 0 1 0 0 12 0 2 1 0 0 0 8 1 0 5 0 1 0 7 3 3 4 7 0 7 3 1 1 1 10 0 0 7 0 15 3 1 4 2
4 3 3 1 0 16 3 7 1 6 3 6 3 1 1 4 7 24 8 17 9 5 5 2 3 3 8 7 2 7 3 3 0 1 3 4 3 2 8 3 0 0 1 0 11 0 2 1 0 6
0 1 3 9 3 3 5 2 19 0 0 1 4 3 2 1 10 3 4 6 1 8 1 0 3 10 7 8 3 0 15 0 1 1 5 4 0 1 3 10 4 5 1 9 5 1 7 9 11 0
6 4 6 3 13 19 23 10 3 4 6 5 8 2 8 3 0 19 8 0 10 11 21 0 5 12 0 2 1 1 30 11 0 9 22 0 14 0 10 2 5 1 0 0 0 9 6 7 44 6
0 10 2 5 8 7 0 2 0 1 0 0 4 3 0 3 3 4 2 1 1 8 4 1 1 12 2 9 0 0 1 9 3 5 1 0 8 3 2 0 2 1 0 11 0 14 0 17 0 0
0 2 0 5 2 6 7 1 0 5 4 2 0 24 9 8 3 4 2 0 0 0 1 4 0 3 0 5 0 0 1 1 1 2 3 2 0 6 0 2 2 9 1 0 10 5 1 5 17 0
1 0 4 5 0 0 0 2 9 9 7 1 0 1 0 1 1 13 0 0 13 6 0 2 18 3 1 3 4 0 5 0 1 0 8 4 7 0 0 1 6 2 3 0 0 0 2 0 0 2
0 5 5 12 6 3 2 6 18 0 9 13 10 9 1 4 0 0 3 1 5 0 6 1 7 1 10 0 1 11 3 1 3 0 10 5 1 2 15 0 0 0 3 0 0 5 13 7 0 10
18 0 1 0 5 0 2 1 2 5 0 29 7 4 1 0 1 0 0 3 0 0 6 1 0 4 1 1 0 8 7 9 9 1 1 2 1 1 1 5 5 10 2 0 6 10 0 6 0 0
0 0 0 0 1 3 0 0 0 0 0 0 0 0 7 2 0 1 1 1 0 0 0 0 0 2 0 0 2 0 0 0 0 3 0 0 0 0 0 0 0 0 1 0 0 1 0 1 2 0
0 0 2 0 1 0 0 0 1 0 0 0 1 2 0 1 0 0 0 2 1 1 0 0 0 0 0 0 0 4 0 3 2 1 0 0 1 0 1 0 0 0 0 0 0 3 2 1 0 0
0 7 2 6 5 8 8 3 9 4 5 10 5 18 2 0 24 0 5 0 5 1 1 0 8 1 1 7 1 21 2 22 20 16 22 13 21 14 14 10 6 11 1 16 12 1 1 15 13 15
5 3 10 1 1 8 0 3 1 1 1 1 0 8 0 0 11 7 0 5 7 0 4 4 1 4 0 6 1 3 8 6 1 9 4 6 5 4 5 1 5 10 1 9 1 4 0 4 3 0
3 2 4 1 0 10 2 0 5 2 6 2 0 1 2 5 0 12 1 5 2 5 3 3 1 6 13 0 10 0 22 0 1 0 1 6 1 5 3 6 0 6 0 2 6 2 4 1 18 6
7 8 0 0 3 2 4 2 13 1 7 0 5 3 8 0 4 7 3 1 14 9 0 0 13 0 4 14 1 1 1 1 2 4 19 1 0 0 11 13 1 2 0 2 9 0 4 1 1 0
20 9 12 8 7 28 6 0 1 33 2 18 5 3 10 28 13 3 7 5 0 15 2 11 12 2 6 15 4 9 6 7 5 11 2 3 6 24 2 2 5 3 12 0 12 10 0 1 2 9
0 0 0 0 0 0 0 0 0 0 0 0 0 0 3 8 0 0 0 0 0 0 0 0 1 0 0 0 1 3 0 0 0 0 0 0 1 0 0 0 0 2 0 0 0 2 0 0 0 1
9 17 4 3 8 2 3 1 0 0 0 0 1 4 6 1 0 0 4 0 0 10 5 11 0 2 4 10 2 0 5 5 20 5 2 0 0 2 0 9 0 11 3 8 2 3 2 1 10 3
0 3 0 0 0 4 0 0 1 0 0 4 0 0 0 0 1 0 2 0 0 0 0 0 0 0 4 0 0 0 0 0 0 0 0 0 0 0 6 0 0 0 0 0 0 0 0 0 0 4
3 4 1 0 2 0 9 1 1 6 0 4 17 7 7 0 15 0 0 1 0 5 2 14 0 4 0 9 4 0 3 4 0 1 0 0 1 1 3 1 0 7 9 18 1 0 7 8 9 0
10 1 0 23 37 13 1 0 2 3 2 6 1 18 11 0 8 2 3 1 2 0 1 9 19 5 3 27 8 0 16 0 8 11 21 8 27 10 11 17 6 1 5 2 1 18 3 0 2 8
