0 7 1 10 11 5 0 8 17 6 5 2 12 7 1 2 14 9 5 6 3 11 2 7 2 4 10 1 1 7 0 3 1 15 0 22 2 2 3 22 6 4 11 5 3 14 7 11 2 8
1 2 5 22 14 0 0 14 8 10 1 46 2 2 8 0 3 5 0 13 3 25 10 42 0 7 5 7 2 14 17 0 0 0 2 31 3 2 16 6 17 16 16 2 6 4 2 5 13 4
0 0 0 1 0 0 1 0 0 1 0 0 0 0 0 0 1 0 1 5 7 0 3 0 0 1 0 1 0 0 0 0 0 0 0 0 4 1 0 0 0 0 0 1 2 0 0 0 0 0
2 0 1 7 4 4 5 1 1 0 0 1 5 0 3 5 8 1 3 3 1 3 0 1 13 2 9 6 2 2 3 2 5 4 0 0 15 3 1 15 6 4 1 4 3 4 6 6 4 18
1 1 1 0 11 4 10 1 7 0 24 6 10 2 0 9 0 8 11 6 8 2 1 5 2 1 1 0 2 3 1 2 4 1 1 14 1 0 4 5 0 8 20 0 4 2 1 5 3 2
0 0 0 0 0 0 0 0 2 3 0 0 0 26 0 0 0 3 0 0 1 0 4 1 4 0 1 0 0 0 2 0 0 1 8 0 0 0 0 0 2 2 0 0 0 0 0 0 0 0
0 0 0 0 0 1 3 1 0 2 1 0 0 0 1 0 0 0 4 3 0 1 0 0 0 0 0 0 0 0 0 0 0 0 0 0 0 0 1 1 0 2 0 0 0 0 0 1 0 0
7 0 4 5 1 1 4 0 0 0 2 2 1 0 0 0 5 1 1 3 21 3 0 5 4 0 1 1 11 0 1 0 0 8 0 1 5 0 1 0 0 0 0 2 0 13 3 5 1 0
0 15 4 0 0 41 0 8 24 48 1 16 5 7 9 2 16 4 1 1 4 2 13 3 3 4 3 0 1 9 2 5 12 7 12 0 0 4 3 0 15 14 6 1 0 3 0 1 0 4
1 1 5 27 6 12 1 5 1 6 12 0 0 1 3 7 7 25 0 0 2 3 0 0 7 0 1 7 8 10 1 3 2 0 0 1 3 0 28 1 5 1 12 23 0 2 30 1 8 7
0 0 3 8 2 0 2 0 0 0 50 4 3 1 1 3 9 2 4 0 0 9 2 4 6 21 3 1 3 18 1 0 2 13 1 5 11 1 2 0 0 0 9 4 1 1 6 8 2 8
3 0 6 4 7 0 2 0 6 0 4 3 7 1 1 3 2 4 5 0 8 0 17 17 5 4 15 0 2 1 0 4 3 3 0 6 6 16 0 1 8 2 4 18 0 2 5 0 3 0
0 1 0 0 0 1 0 1 0 0 0 0 0 1 0 1 0 0 1 0 0 0 0 0 0 2 0 0 0 1 0 0 0 0 0 0 1 0 3 0 0 0 2 1 1 1 0 2 0 3
0 1 0 0 0 0 0 1 2 2 2 0 0 1 0 1 2 0 3 0 0 0 0 0 1 0 0 0 0 0 0 0 0 0 0 0 1 0 4 2 0 0 0 0 0 5 0 0 2 2
4 5 0 0 1 0 1 1 21 1 0 1 5 4 6 2 1 0 2 13 8 0 11 4 0 7 0 2 0 5 7 0 0 1 1 1 9 4 0 2 4 0 0 0 4 6 0 6 0 0
0 15 15 5 0 0 0 2 3 6 13 0 13 11 1 1 4 3 8 3 0 1 23 4 4 1 1 3 2 1 26 5 5 12 9 3 18 0 0 1 6 12 2 0 1 6 2 52 6 2
0 0 3 0 0 0 1 1 3 0 4 0 8 3 0 15 5 0 6 12 0 6 0 5 3 0 6 0 1 5 15 9 1 28 19 1 1 2 4 0 2 0 8 1 5 2 1 5 0 0
0 0 0 0 0 0 0 0 2 0 1 0 0 0 0 0 0 0 1 0 1 1 1 0 1 1 1 0 1 0 1 0 0 2 0 1 3 0 0 6 0 0 5 0 0 4 0 3 0 0
11 1 1 20 5 8 4 8 3 11 4 4 3 2 3 1 1 16 1 1 20 7 0 13 11 9 12 26 8 7 5 5 5 0 9 1 1 60 3 0 11 3 1 7 3 15 4 3 7 5
2 0 0 0 0 3 0 1 0 2 0 1 6 0 2 1 0 2 3 0 2 0 0 0 2 0 0 0 0 0 0 2 0 4 0 0 0 0 2 2 0 0 0 0 1 0 0 2 2 1
1 11 26 5 4 6 2 2 5 3 2 2 5 7 1 32 11 5 6 5 12 8 2 3 3 4 8 1 16 7 0 4 20 8 17 13 17 0 10 11 8 4 1 11 4 3 27 1 1 9
0 0 2 13 0 0 1 0 0 0 22 13 2 1 0 5 3 0 2 0 0 4 0 1 10 1 4 0 11 0 0 1 4 2 0 1 0 0 7 0 1 0 0 0 2 0 3 1 0 6
1 0 0 3 0 1 0 0 0 0 0 0 0 4 1 0 0 0 1 0 0 0 0 0 1 0 2 0 0 0 0 0 0 0 2 0 0 2 0 3 0 1 0 0 0 0 0 1 0 1
0 0 2 2 3 0 0 0 0 0 2 1 1 0 1 1 1 0 2 0 0 2 1 0 2 0 4 1 4 2 0 0 12 0 0 4 0 0 2 0 0 2 0 3 9 0 13 0 1 0
0 7 3 3 3 1 9 9 1 2 6 18 13 16 0 10 3 5 1 5 3 2 4 4 2 0 7 2 0 4 0 0 5 3 3 6 0 3 10 12 3 7 13 1 15 6 1 3 4 3
8 0 1 0 1 20 0 12 4 0 1 0 1 0 3 0 19 8 0 9 1 6 1 5 9 4 4 7 0 0 8 9 0 15 1 3 2 16 5 0 6 18 4 7 0 7 3 9 0 1
0 0 0 3 1 0 0 0 0 0 2 1 1 0 0 1 1 0 0 0 0 1 0 0 1 0 1 0 0 0 0 1 0 0 2 0 3 0 0 1 2 0 0 1 0 1 2 4 1 1
0 0 3 1 0 5 1 0 0 0 0 0 0 0 2 0 0 1 1 0 0 0 0 0 0 0 0 0 1 0 0 0 0 0 0 0 0 0 0 0 1 1 1 0 0 0 1 0 0 4
1 18 1 1 0 8 3 6 7 0 0 15 2 25 4 21 5 1 0 4 7 3 0 3 8 2 9 7 1 4 23 0 4 0 24 0 0 3 4 0 3 0 2 14 1 6 9 10 10 4
3 20 4 9 10 2 8 11 5 0 5 4 2 3 0 2 13 1 1 1 0 0 4 0 4 2 5 5 2 1 0 0 0 3 3 3 0 0 2 0 6 20 0 1 0 0 0 8 6 3
9 27 36 6 2 10 4 10 10 0 22 3 6 12 1 1 4 1 2 11 4 22 13 14 1 6 1 8 14 11 8 0 7 4 11 0 0 1 17 15 1 3 1 6 4 0 10 0 11 14
0 1 2 9 0 0 0 0 0 2 1 2 0 0 0 5 0 1 0 0 0 0 1 0 1 0 2 3 1 0 0 0 3 1 0 9 0 1 0 0 1 1 0 12 2 0 0 0 7 0
3 4 2 9 0 8 0 0 0 1 0 22 5 1 2 6 2 3 40 4 0 3 18 4 12 3 18 0 7 7 10 1 6 0 8 5 13 22 11 6 3 13 1 0 11 0 22 4 1 19
6 1 16 31 2 3 1 6 2 2 1 1 1 15 5 20 8 2 0 6 5 6 0 16 4 3 14 10 19 0 9 3 4 6 5 7 1 7 4 11 7 17 11 29 13 3 3 2 1 11
29 25 7 23 0 1 9 15 2 12 0 5 8 12 4 3 0 0 3 1 1 2 0 48 9 3 0 1 3 0 9 8 9 17 1 7 2 14 3 2 10 6 16 1 9 8 7 9 0 0
10 2 7 13 0 0 2 10 1 1 7 9 1 3 5 14 3 1 2 2 3 7 2 2 9 2 3 3 4 11 3 3 7 16 0 8 0 5 18 0 6 4 0 0 7 2 10 12 4 5
2 1 20 11 3 12 19 19 13 17 5 1 0 10 0 5 1 8 1 5 3 1 18 0 5 16 4 1 0 4 3 5 0 0 1 19 6 1 2 3 13 1 1 0 3 5 5 3 21 7
1 0 1 3 1 0 10 14 5 0 1 0 0 11 7 12 0 7 2 0 2 8 9 5 1 0 1 10 5 0 0 4 5 8 2 0 1 9 1 1 3 12 1 0 2 3 3 4 8 9
0 5 4 0 0 6 5 2 6 4 25 4 3 4 1 4 5 3 3 0 14 9 1 2 7 7 20 0 37 1 10 12 0 22 4 0 11 6 13 0 2 24 0 0 0 6 8 20 0 11
16 13 0 0 7 5 3 8 19 4 14 0 13 4 1 0 14 12 4 7 1 2 6 4 1 2 1 3 7 0 5 5 15 1 5 0 0 2 2 0 6 23 1 9 2 8 18 5 1 8
38 0 6 5 11 2 3 8 8 6 4 5 14 4 17 21 4 5 12 9 2 4 6 3 7 6 6 3 1 0 7 1 11 7 9 6 2 3 1 2 3 12 2 1 28 8 5 23 14 1
1 3 2 3 7 2 1 1 4 4 1 2 1 3 4 9 1 11 12 17 3 0 8 1 11 5 3 8 39 6 0 0 0 0 2 1 0 1 1 3 2 10 5 0 11 0 20 4 6 7
4 0 5 0 4 0 0 2 0 0 8 0 1 0 0 11 1 1 0 1 2 1 0 1 5 0 10 2 3 0 1 1 1 2 0 1 0 0 12 2 0 0 0 0 6 0 3 0 6 9
1 0 0 2 1 0 0 0 1 1 0 0 0 0 0 0 0 2 2 0 1 1 0 0 3 1 0 0 1 1 0 0 0 1 0 2 10 0 0 2 3 1 1 1 0 4 1 4 0 0
0 0 0 0 1 0 0 0 0 0 0 0 0 6 0 1 1 0 0 2 1 2 28 0 0 0 0 4 0 0 0 5 0 0 1 0 0 0 0 0 6 0 1 0 0 0 0 0 0 2
13 5 1 0 1 1 21 27 9 3 11 1 0 1 14 1 2 1 1 2 0 2 1 10 14 5 4 9 0 11 2 12 4 7 13 8 9 19 3 4 7 9 10 3 5 11 3 10 9 17
6 4 0 7 10 5 0 4 1 1 12 2 3 3 15 2 4 2 9 0 0 2 4 4 7 26 10 15 1 24 0 0 0 22 2 1 2 45 6 4 11 7 2 18 1 0 1 2 1 4
1 9 0 3 2 2 0 0 7 0 4 8 0 0 0 18 2 16 0 0 0 0 2 5 5 1 0 0 3 0 3 4 0 0 1 0 0 13 6 2 4 11 2 0 0 8 0 2 5 15
0 0 0 1 1 1 0 0 1 0 0 1 0 0 1 0 0 0 1 0 1 0 0 1 0 1 1 0 7 0 0 0 0 2 1 0 3 0 0 8 0 0 0 0 0 6 0 2 0 3
2 6 18 9 7 0 0 2 1 0 0 0 0 37 1 1 1 24 8 0 13 1 4 0 4 0 7 11 1 0 1 7 4 1 17 3 6 3 0 4 11 6 11 1 3 3 4 7 3 5
1 0 1 0 0 1 0 0 0 0 1 0 0 0 0 0 1 3 2 0 0 0 0 0 1 3 0 0 2 0 0 3 0 0 0 0 0 1 0 0 2 2 0 0 1 0 0 1 1 0
2 12 1 0 3 2 0 4 6 0 3 4 4 8 0 1 0 3 4 0 2 6 12 4 10 1 0 0 5 6 0 0 4 4 2 0 5 1 1 0 4 1 8 2 3 5 17 3 8 1
0 28 2 30 1 21 10 2 2 10 2 0 16 4 5 12 2 3 2 8 20 1 30 10 9 3 7 6 9 1 38 0 2 0 1 1 4 3 5 1 0 7 1 0 12 1 20 2 2 10
10 2 1 0 3 5 0 8 9 0 2 0 0 2 2 9 11 15 3 1 0 1 8 8 2 0 4 2 1 5 5 4 2 2 17 0 0 2 10 0 19 0 1 1 6 0 6 0 13 0
1 2 4 7 0 1 6 2 1 70 2 5 30 15 3 1 3 68 16 4 1 3 1 0 3 6 1 18 3 1 4 7 6 6 5 17 16 0 1 15 2 4 21 3 6 11 7 0 8 4
1 0 0 0 0 1 0 0 0 0 0 0 0 0 1 0 0 0 1 0 1 0 0 0 1 1 0 0 0 0 1 0 1 0 0 0 0 0 0 3 1 0 3 0 0 1 0 0 0 0
3 0 1 9 10 3 1 3 4 22 4 1 1 15 26 12 5 26 1 7 4 11 13 26 5 1 10 1 6 21 19 0 11 6 4 13 1 16 8 1 10 7 13 15 9 0 10 21 2 2
0 14 0 22 10 9 15 14 13 23 7 7 2 11 4 5 7 2 0 0 2 2 12 0 9 0 12 2 11 7 0 0 7 5 2 22 6 16 16 3 12 1 0 2 3 21 18 9 22 2
0 3 12 8 1 3 1 7 6 1 9 1 0 5 3 3 9 3 12 8 2 5 0 10 2 9 2 10 3 2 7 1 4 12 1 0 3 1 0 0 2 2 1 1 0 5 1 2 10 1
0 8 2 3 0 1 18 2 2 3 12 4 1 0 0 1 2 1 0 0 0 2 5 4 1 1 7 4 1 1 2 17 0 1 9 0 4 1 1 4 4 6 0 0 0 10 2 15 6 10
0 1 1 0 0 0 1 0 0 0 0 0 0 0 0 1 0 1 1 1 0 3 0 0 0 0 0 1 0 0 2 1 0 0 1 0 6 1 0 12 0 0 0 0 0 0 0 0 0 0
0 1 1 13 6 9 1 0 1 3 0 15 0 1 1 17 2 0 4 0 5 0 0 2 4 0 8 0 15 1 5 0 7 0 11 4 4 0 0 13 8 3 5 4 8 20 7 2 18 3
6 3 0 5 0 0 0 9 6 1 12 1 8 13 0 2 1 2 3 6 6 0 2 6 4 8 3 1 3 1 4 1 6 13 1 1 2 4 1 2 3 1 7 6 1 7 0 4 5 3
1 6 0 1 0 14 3 20 25 5 2 1 0 2 3 0 0 2 0 0 0 0 2 3 1 0 0 12 0 0 1 11 0 2 1 0 2 4 1 2 11 5 5 0 0 26 0 2 1 0
4 0 4 11 0 0 1 0 0 0 3 5 0 0 0 1 1 0 11 7 43 1 0 0 5 3 14 0 14 0 1 0 1 0 0 3 0 0 4 0 0 0 0 2 4 0 0 0 0 6
1 5 6 2 8 0 4 1 17 17 11 1 8 1 3 3 6 21 3 5 7 1 16 4 0 1 0 0 1 1 0 2 2 1 2 4 9 1 14 4 7 1 3 1 2 4 3 8 2 0
0 8 0 3 2 2 35 0 1 15 4 9 35 10 3 1 6 14 4 0 2 4 26 14 9 5 16 7 0 3 1 8 3 4 8 4 8 4 2 14 13 36 0 4 18 4 8 0 19 10
3 0 0 1 0 0 0 1 2 0 12 11 0 0 0 1 0 0 4 3 9 12 0 3 0 1 4 0 5 0 1 1 1 0 0 6 0 0 10 0 0 1 1 0 2 0 10 1 10 1
1 6 16 3 0 2 7 0 10 12 4 1 3 6 0 7 5 3 12 2 7 1 8 5 6 1 4 0 3 9 6 0 6 1 4 0 26 6 4 6 0 1 3 0 1 0 12 19 6 9
0 0 3 0 7 10 1 1 2 0 5 0 1 12 4 6 7 25 4 1 0 22 5 8 1 0 2 26 11 2 1 10 8 11 3 4 8 10 0 0 2 11 10 3 12 42 3 0 15 3
2 1 2 9 2 5 7 3 0 4 6 2 0 1 3 1 4 1 1 3 6 12 2 1 4 0 0 1 5 1 0 0 1 0 3 1 2 1 8 4 2 7 1 1 5 0 3 0 0 6
0 5 2 1 8 11 5 0 2 8 5 9 1 11 0 1 2 0 1 0 0 13 4 5 1 2 16 8 6 15 1 17 2 3 1 1 1 0 2 2 16 3 12 20 2 4 0 0 3 1
0 0 0 1 4 0 1 0 1 1 0 2 0 0 0 0 1 0 0 2 0 0 0 0 1 1 0 0 0 0 0 0 0 0 0 0 6 6 3 7 1 0 5 0 0 0 0 1 0 0
2 6 3 6 0 3 2 0 6 2 1 1 6 10 4 2 1 1 5 2 2 4 10 4 5 13 2 50 2 2 7 1 4 3 6 8 18 3 11 2 3 14 14 0 4 27 4 9 7 0
7 3 16 0 2 3 7 1 3 8 0 5 0 16 6 6 8 2 6 2 0 4 0 12 0 1 3 11 3 1 3 1 0 2 9 2 5 0 2 0 10 3 4 2 10 7 2 2 4 1
12 0 12 7 10 5 4 1 1 4 30 12 4 3 1 1 5 6 27 0 5 4 3 2 12 8 11 13 2 8 16 4 4 0 3 5 16 1 0 7 1 0 12 5 14 2 15 3 18 2
2 2 5 2 8 0 2 0 19 1 2 1 15 6 0 6 0 3 2 6 0 7 2 2 0 6 6 6 5 2 2 8 0 3 2 4 1 1 6 0 9 19 5 7 1 12 7 5 0 2
4 1 0 2 10 3 19 0 5 3 7 5 4 7 1 0 3 1 1 4 2 11 2 14 20 7 2 10 0 8 1 5 3 1 3 8 8 23 2 0 18 0 0 3 1 1 3 11 0 1
17 1 19 7 7 9 1 0 0 1 3 6 18 16 7 1 9 6 3 2 0 10 1 6 13 6 33 5 12 4 12 0 1 17 5 7 4 5 7 0 0 0 21 26 8 16 2 5 2 1
0 0 1 0 0 0 3 0 0 0 0 0 0 1 0 0 0 0 4 8 9 0 0 0 0 1 0 4 0 0 2 0 0 2 0 1 0 0 0 0 0 2 1 0 0 1 0 0 0 0
3 11 3 0 0 21 2 10 19 2 2 5 2 15 6 10 0 1 5 16 9 3 3 4 2 14 15 1 14 34 2 0 0 1 1 3 5 2 12 3 11 43 0 12 4 6 2 16 8 5
10 0 10 0 4 2 8 0 0 8 24 1 1 3 0 0 6 0 2 2 3 2 1 0 1 0 20 0 10 0 1 4 2 3 8 8 0 2 8 0 8 3 0 8 2 0 2 5 1 3
4 0 1 0 15 0 1 0 1 1 1 0 2 0 1 6 2 1 0 3 4 5 7 3 1 2 0 2 2 0 1 12 5 5 2 1 2 0 7 1 4 6 7 13 3 5 0 3 2 1
11 1 7 22 8 10 1 24 6 21 0 2 8 0 9 3 2 2 3 7 9 1 21 1 0 4 3 5 1 6 5 4 21 1 14 4 11 2 2 8 9 5 4 11 2 6 6 6 6 7
0 2 1 0 0 0 0 2 14 6 1 0 0 9 0 0 0 8 1 0 0 0 0 0 0 0 0 2 1 1 0 8 0 0 3 1 0 0 1 0 5 0 1 1 2 0 0 0 1 0
3 20 3 0 3 2 5 1 1 0 1 0 7 3 29 0 3 1 29 6 2 0 4 11 1 1 4 0 3 1 7 16 9 1 1 2 9 4 1 10 1 11 3 2 3 24 25 11 3 2
3 4 14 0 1 0 0 0 0 0 16 21 0 2 0 3 3 0 2 0 0 4 2 4 0 8 7 1 6 0 15 6 6 15 1 2 2 14 10 6 11 0 2 7 1 4 4 0 13 14
2 0 8 1 21 6 0 0 6 0 28 26 9 4 14 16 2 9 1 4 2 20 1 2 11 2 6 2 24 8 0 1 17 0 0 2 9 3 9 2 8 17 18 30 6 3 7 14 6 2
1 1 0 0 0 0 0 0 0 0 0 0 0 0 1 1 0 0 2 0 0 2 0 0 0 0 1 0 1 0 0 1 1 1 0 1 5 0 0 2 0 3 8 0 4 0 0 2 0 0
29 8 19 8 21 16 15 2 0 2 11 25 2 15 1 3 3 4 3 20 7 10 10 9 10 7 22 16 36 24 1 5 0 6 1 9 7 5 5 11 20 3 4 10 0 0 23 4 10 3
7 7 7 9 3 0 8 15 0 14 9 11 0 11 15 9 1 0 0 17 2 24 2 1 2 0 3 2 5 4 1 0 20 17 1 10 12 2 23 11 8 5 3 2 6 4 14 19 11 0
0 8 4 1 0 4 1 16 10 11 1 9 2 16 16 3 25 12 19 9 6 9 16 19 1 10 4 3 4 8 0 10 0 1 14 16 3 2 1 5 10 3 6 4 3 0 5 3 4 0
0 1 0 1 0 0 0 8 2 6 0 0 2 17 0 2 0 0 0 1 0 1 5 0 3 1 2 0 0 0 0 3 0 1 4 2 0 0 1 1 1 5 2 1 1 0 0 2 1 0
0 1 0 6 1 0 1 0 0 0 0 0 0 0 0 0 1 0 0 2 1 2 0 0 0 0 0 1 0 0 0 0 0 0 0 0 2 5 0 0 0 1 2 1 0 0 0 0 0 1
4 0 1 0 0 0 3 0 0 0 0 0 8 0 1 0 0 2 4 4 1 0 0 0 0 0 0 0 0 0 0 0 0 0 0 0 0 0 0 2 1 0 0 0 0 0 1 0 0 1
0 0 4 1 3 0 9 0 0 0 3 3 2 0 2 4 1 0 3 6 1 0 0 0 0 4 5 0 4 9 0 0 7 1 0 0 0 1 2 1 0 1 2 3 3 9 1 10 0 3
21 65 5 12 0 7 4 25 1 4 0 7 3 8 1 2 8 20 7 3 16 6 0 2 24 6 21 0 7 0 4 4 7 12 21 18 8 13 6 3 25 11 4 19 8 11 36 36 6 14
11 0 5 1 2 0 0 2 0 0 2 7 2 1 0 1 0 1 2 1 1 5 0 0 2 0 2 1 3 0 0 0 0 1 5 23 0 1 2 0 0 0 0 1 3 0 2 0 12 0
8 13 12 2 3 2 8 8 0 8 2 5 2 4 0 6 25 4 2 1 0 13 0 7 1 0 15 5 1 15 4 17 4 4 0 2 5 3 0 12 13 0 2 0 5 1 0 7 4 2
2 1 14 4 6 0 6 14 8 4 2 3 1 10 2 0 9 2 15 5 4 7 0 4 3 3 14 9 8 1 13 1 6 3 6 3 4 2 0 5 0 0 0 3 2 6 0 10 1 8
