12 1 27 0 4 2 13 1 0 2 19 0 6 8 6 0 4 23 2 9 16 4 3 2 1 9 8 2 1 7 12 27 1 3 5 2 8 9 0 0 1 26 7 9 28 5 0 9 11 4
0 0 0 0 2 0 2 1 1 0 1 0 0 2 0 0 0 1 0 2 0 1 2 0 0 0 0 0 0 0 0 0 0 0 4 0 0 0 0 1 0 2 1 0 0 0 0 3 0 0
0 16 7 1 1 5 1 2 1 6 13 1 0 1 2 8 0 9 3 13 2 2 2 0 0 10 2 3 3 0 0 4 4 3 0 10 8 4 1 6 0 0 3 0 0 3 18 2 3 5
0 10 0 0 0 0 0 0 3 0 0 0 0 0 0 0 0 0 0 5 0 0 6 4 0 1 1 0 1 0 1 0 2 10 0 0 7 4 2 2 0 0 0 1 0 1 2 0 0 1
0 1 1 0 5 0 0 0 0 3 1 0 0 0 1 0 1 0 0 0 3 0 5 2 0 0 1 0 0 0 1 0 1 1 0 0 0 0 3 0 0 2 1 2 0 0 0 1 0 0
2 9 3 3 45 5 10 0 3 0 32 2 3 9 6 0 1 3 9 0 0 15 7 2 5 5 15 8 0 0 3 0 14 17 1 1 5 9 9 11 13 6 17 2 18 3 29 3 17 8
8 23 7 10 32 0 11 17 12 28 0 0 2 4 3 11 5 7 1 7 21 4 0 2 2 2 24 2 2 12 18 9 4 19 3 8 5 2 5 3 0 2 4 9 7 7 13 12 2 29
0 1 0 0 0 1 0 0 0 1 0 0 0 0 1 1 0 0 1 0 1 1 0 0 0 2 0 0 1 0 0 0 0 0 3 0 0 0 0 0 1 5 1 0 1 2 0 6 0 0
2 3 1 4 9 4 0 1 5 2 3 2 5 0 7 8 4 1 8 4 33 4 19 17 14 0 6 4 4 2 21 1 8 40 1 1 6 0 1 0 1 0 2 6 1 6 2 2 1 1
1 0 0 4 0 0 0 0 2 0 0 0 1 1 0 0 0 1 1 0 0 0 6 0 0 3 0 0 1 1 13 0 3 0 0 0 0 0 2 1 1 1 0 0 0 0 9 0 0 1
10 0 6 2 1 4 6 3 29 8 13 8 1 3 7 0 31 2 11 32 6 4 4 2 5 9 1 1 0 17 9 2 6 4 2 1 2 8 4 0 1 0 28 9 1 3 1 1 13 10
2 14 0 0 0 7 3 1 2 6 6 4 3 7 2 3 8 17 9 4 22 3 1 1 11 1 5 0 5 4 19 0 9 1 7 0 3 4 4 1 8 0 2 20 3 1 6 1 5 2
2 9 12 34 14 12 7 42 15 3 0 1 25 1 16 9 24 18 3 11 6 1 10 3 9 28 1 4 2 4 11 1 8 32 13 0 2 5 26 4 1 11 0 25 2 11 7 3 1 11
1 4 0 4 1 7 3 3 14 3 4 7 16 3 14 2 1 3 5 4 3 1 0 0 0 2 8 0 2 5 1 6 16 6 3 0 4 4 3 9 3 3 1 7 2 4 6 13 7 4
0 1 9 2 5 0 0 1 0 1 3 1 4 0 0 2 1 0 0 0 0 0 1 0 0 0 1 0 2 0 0 0 0 1 1 0 2 1 4 0 0 0 0 0 0 0 0 0 0 0
0 0 0 0 0 0 0 0 1 0 1 0 1 1 0 8 1 0 1 0 0 0 0 0 0 2 0 0 2 0 2 0 1 0 0 1 1 4 0 1 1 0 3 0 0 1 0 0 0 0
19 4 0 3 5 4 1 19 0 5 2 10 0 3 24 0 4 3 3 16 1 1 3 4 14 16 6 4 1 6 8 14 44 13 1 0 11 24 5 13 4 9 13 1 20 16 20 4 26 4
1 0 0 1 1 0 0 0 1 1 0 0 0 0 0 0 0 0 0 0 4 3 0 0 0 0 1 1 0 0 0 0 0 1 2 0 0 0 0 0 0 1 1 1 0 0 0 0 4 1
1 2 0 0 0 0 1 1 0 0 0 0 0 0 1 0 1 0 0 0 0 0 0 0 0 0 0 0 1 0 0 0 1 0 0 0 1 0 7 1 0 3 1 0 1 0 2 0 1 1
0 5 0 1 1 2 1 14 8 19 2 1 1 0 0 1 9 7 6 9 12 10 2 5 4 0 2 10 1 3 0 2 1 4 5 3 12 7 1 6 0 1 7 5 0 1 1 10 0 0
2 3 9 9 1 1 7 9 10 1 8 0 1 5 2 4 1 4 1 0 15 1 0 0 1 5 0 4 6 0 0 1 3 2 2 4 6 2 0 2 3 11 12 1 3 9 0 2 11 5
0 1 0 0 0 0 1 0 4 5 0 0 0 0 1 0 0 0 1 0 0 0 25 1 1 0 0 1 0 0 2 0 0 1 0 0 0 0 2 0 0 0 0 0 2 0 7 0 0 0
3 14 14 7 1 3 20 2 4 1 8 1 3 2 5 5 16 41 9 6 2 2 9 29 0 13 12 11 3 0 2 11 35 8 5 5 5 30 1 18 8 10 1 24 7 0 4 0 14 5
1 0 0 0 2 1 1 0 0 0 0 0 0 0 1 0 0 0 0 1 0 3 0 0 1 0 0 0 3 12 0 0 1 0 1 0 0 0 0 0 10 0 0 1 1 1 0 0 1 1
5 27 26 32 17 3 17 19 6 0 7 5 6 24 0 5 2 2 2 8 4 23 20 27 3 3 10 5 5 9 2 4 7 8 3 5 1 22 8 17 4 1 5 0 1 7 4 3 13 13
17 1 0 0 3 6 3 1 1 6 3 3 9 0 4 5 10 0 1 3 0 0 4 2 1 0 3 2 7 3 4 9 1 1 1 2 0 2 0 3 2 2 3 0 14 5 0 3 8 10
9 0 4 1 5 6 25 2 2 5 16 1 8 5 0 5 1 16 9 1 0 0 6 0 1 1 7 4 1 0 5 0 14 4 18 3 4 12 0 0 2 12 30 6 3 14 4 3 12 9
3 1 4 5 1 0 7 1 6 0 3 0 1 1 10 4 0 2 6 5 9 3 4 2 6 2 1 7 0 0 4 1 4 0 3 0 3 5 16 1 4 0 1 7 0 2 12 4 10 0
2 0 0 0 0 0 0 2 0 0 0 0 1 0 0 1 0 0 0 0 1 0 0 0 0 3 0 1 0 0 0 1 0 0 0 1 6 2 0 0 0 0 1 1 0 4 7 2 0 0
6 5 0 1 1 2 5 2 6 6 14 4 3 1 10 11 1 7 23 7 2 0 15 2 10 3 29 7 19 5 0 11 1 1 17 0 2 3 5 1 3 1 10 6 18 3 21 0 8 2
0 0 8 2 0 0 14 13 0 20 4 1 0 10 3 21 7 5 8 3 19 22 1 14 15 20 14 16 3 2 6 10 5 0 0 7 2 0 5 21 1 11 4 8 15 3 5 10 8 11
1 8 3 0 0 18 18 19 2 11 0 18 0 1 5 3 1 4 1 3 8 20 3 4 19 23 5 7 0 5 22 10 17 1 0 14 1 4 9 8 7 13 2 23 11 2 7 1 8 13
24 30 0 0 8 8 7 8 9 15 8 8 1 0 1 3 4 9 9 1 0 8 5 3 1 4 25 15 12 1 7 2 7 1 3 0 2 31 6 8 10 0 0 5 3 1 1 6 1 21
1 1 9 2 23 17 4 0 6 0 0 2 19 16 14 4 3 0 7 8 2 3 3 2 1 0 2 1 4 6 6 15 2 0 3 7 5 2 0 7 3 19 2 4 3 5 0 5 3 6
0 0 0 2 0 0 0 0 0 0 1 0 8 0 1 3 1 0 1 2 0 0 0 0 0 1 0 0 0 2 0 0 0 0 1 2 0 0 0 0 0 0 0 0 1 0 0 0 1 0
1 0 0 0 0 0 0 0 0 2 1 15 0 0 0 0 4 0 0 0 0 0 2 0 1 0 0 0 0 3 2 0 0 0 0 1 1 0 0 1 0 1 0 0 0 0 2 5 0 0
6 4 0 2 2 2 6 2 6 4 11 6 1 4 3 3 14 0 20 5 0 0 2 0 1 1 9 3 3 11 2 3 0 2 10 1 0 0 0 9 4 3 4 1 7 2 9 1 2 7
2 3 1 17 11 18 1 5 8 7 2 9 12 19 0 10 3 5 15 28 1 7 6 0 3 3 2 30 9 0 1 2 11 22 1 9 30 4 8 10 13 4 3 4 0 44 5 1 17 18
0 2 0 0 0 0 1 0 1 0 0 0 1 0 1 2 0 0 0 0 0 0 0 0 1 1 0 0 6 4 0 0 0 2 0 0 0 2 0 0 0 0 1 0 1 0 0 0 0 0
3 5 1 22 1 7 11 4 0 0 0 0 3 15 4 1 5 5 0 2 0 15 9 10 6 2 4 8 4 5 2 1 8 15 2 0 13 1 5 3 1 0 0 0 0 0 8 13 5 3
0 13 0 5 11 2 3 4 5 1 16 4 1 0 4 3 2 3 7 7 0 16 7 8 2 4 0 0 0 11 1 1 0 0 0 26 2 4 0 12 7 0 2 5 2 6 4 23 9 1
2 3 6 2 5 9 2 0 7 0 0 2 0 0 3 3 2 1 0 6 1 1 1 2 2 7 2 5 8 12 0 0 19 4 11 1 1 8 0 1 4 3 3 1 15 0 0 3 0 2
1 1 0 0 0 0 0 1 1 0 0 0 2 2 0 1 0 0 0 0 0 0 0 0 0 0 0 0 0 0 0 0 0 3 0 4 4 6 1 2 3 1 0 6 0 1 1 0 0 2
9 9 9 10 1 3 19 1 0 1 16 1 2 8 4 0 21 2 2 5 12 2 5 0 0 10 7 3 7 1 2 5 6 0 9 2 1 10 3 10 9 4 2 20 6 4 4 9 2 9
0 0 1 0 0 0 0 0 0 1 0 0 0 0 0 1 0 0 0 0 10 0 0 0 0 0 0 0 0 0 2 0 0 0 0 0 1 0 0 0 0 0 0 0 0 1 0 0 0 0
8 5 1 28 0 8 0 1 12 0 0 2 4 1 6 2 4 1 10 17 4 3 4 0 2 10 1 9 0 0 2 5 0 1 0 7 0 2 2 11 13 2 0 1 1 1 5 0 3 2
3 2 0 10 0 4 0 5 5 3 2 0 3 11 1 2 0 1 7 1 0 4 0 0 1 13 0 0 1 1 1 3 1 7 0 0 1 18 0 8 11 1 1 0 0 1 2 1 4 12
8 8 5 21 5 8 5 1 15 24 4 1 1 34 21 36 7 5 18 3 7 5 3 6 1 15 10 2 2 3 3 6 22 11 10 4 9 10 0 14 9 2 3 9 7 26 1 0 4 4
2 3 8 10 2 5 2 2 1 1 0 11 4 8 4 3 6 1 8 19 23 4 1 1 3 4 4 5 5 2 2 5 1 7 0 0 4 2 0 0 0 3 15 0 2 4 2 0 2 5
0 1 0 0 0 0 0 0 3 7 1 1 0 0 0 1 2 0 1 0 12 0 2 20 1 0 0 0 0 0 7 1 2 0 0 0 1 3 6 0 0 0 0 3 0 0 6 1 0 0
8 13 12 12 2 5 6 10 1 24 3 11 0 3 1 7 9 22 26 23 14 7 8 6 8 10 6 0 8 1 14 39 8 6 14 23 3 3 12 10 3 15 38 9 2 3 2 4 1 1
0 1 0 3 2 11 8 1 5 0 6 9 6 6 2 18 4 1 3 8 2 0 1 4 4 1 0 10 0 0 6 7 0 9 1 2 2 19 4 0 0 0 0 2 4 7 1 0 8 5
1 29 2 3 0 0 9 1 5 2 20 0 2 0 13 0 0 11 6 0 2 8 4 6 5 1 7 1 16 0 13 7 1 0 5 6 6 10 5 4 3 8 16 0 31 0 3 5 11 11
0 2 0 1 0 0 0 0 0 0 1 1 0 0 0 0 3 0 0 0 0 1 0 0 0 1 0 0 0 0 0 0 0 0 0 0 1 1 0 1 0 0 0 0 0 0 0 0 0 0
0 0 0 0 1 0 0 0 2 0 0 0 0 0 2 1 0 0 1 0 5 0 0 0 0 0 1 1 0 1 2 0 1 0 0 0 4 4 0 0 1 0 0 3 0 2 0 0 1 3
6 3 1 0 8 4 4 9 14 10 2 20 0 3 1 11 1 10 8 8 0 0 9 17 26 0 0 2 0 0 17 9 0 8 1 4 4 1 1 4 0 4 14 38 4 4 1 5 0 4
0 0 0 8 0 0 2 0 0 0 0 2 2 0 0 0 0 1 1 0 0 0 1 1 0 0 0 0 0 0 1 0 0 1 0 0 1 0 1 0 0 0 0 2 0 1 2 0 0 1
2 10 4 0 2 0 13 1 8 5 5 3 1 0 0 1 0 0 1 0 7 1 1 0 0 4 14 0 0 2 0 2 13 0 0 1 6 0 0 4 7 0 2 0 3 0 0 0 2 1
9 5 15 1 17 19 0 5 2 7 1 0 22 2 7 0 10 7 5 12 3 7 1 1 18 5 4 0 10 10 1 0 8 13 5 20 1 4 0 10 16 15 7 1 2 1 10 5 10 12
5 0 0 0 3 0 1 2 0 5 10 6 1 1 11 1 1 1 1 6 2 10 4 3 2 0 0 2 0 4 10 4 14 3 2 1 0 0 19 1 22 0 0 3 6 1 8 2 8 3
20 3 0 2 1 4 5 0 3 27 3 16 0 5 19 8 8 1 27 1 2 0 6 11 2 10 21 26 8 0 4 6 7 23 4 13 2 5 3 1 1 2 8 5 15 17 5 7 15 6
0 0 2 1 0 0 1 0 0 1 0 21 0 2 2 1 4 0 0 1 0 0 0 1 0 2 0 0 0 0 0 0 0 0 0 0 0 1 0 0 0 0 0 1 0 0 0 0 0 4
19 0 10 11 9 10 4 6 8 2 5 6 3 20 26 6 16 0 1 3 2 14 1 15 12 1 15 4 6 9 0 3 9 5 2 7 16 3 1 13 3 2 15 2 21 13 15 0 10 9
1 1 0 2 5 5 0 2 5 7 0 1 0 1 13 8 2 1 1 0 5 6 0 0 3 2 1 0 1 0 0 6 4 5 3 2 0 14 17 2 1 3 3 11 1 6 1 2 1 4
1 0 2 1 1 0 1 0 0 1 6 0 0 1 0 0 0 0 0 1 0 1 14 0 0 0 0 0 1 2 2 0 0 0 1 0 0 3 1 0 0 1 0 0 3 0 7 0 0 0
1 0 0 0 0 0 1 0 0 0 1 0 0 2 0 0 0 0 0 0 0 0 2 0 0 0 0 0 1 0 0 0 1 1 17 0 6 0 0 1 0 2 0 0 1 0 0 13 0 0
1 8 4 8 5 4 1 3 8 16 2 7 5 5 2 5 19 8 9 1 22 7 11 4 5 12 1 6 5 10 0 8 3 2 0 3 2 0 3 3 6 7 1 29 1 3 0 12 0 9
0 0 2 0 0 0 1 0 2 0 0 0 2 2 0 4 1 0 0 1 7 0 0 0 0 0 0 1 0 1 0 0 0 1 0 1 1 0 1 0 0 0 0 1 0 0 2 0 0 0
9 4 2 4 2 0 4 7 0 7 1 7 10 2 2 0 0 0 0 1 0 20 19 5 0 3 11 2 3 5 7 2 16 12 7 8 8 1 1 1 9 6 1 4 6 0 1 19 14 29
1 0 0 0 0 1 0 0 2 0 0 0 0 0 4 1 3 0 2 0 1 0 1 0 1 1 2 0 0 0 0 1 0 0 4 0 1 0 0 0 0 0 0 0 0 0 4 2 0 1
3 3 10 11 0 18 23 0 4 41 14 0 13 2 4 26 0 0 6 4 0 14 13 1 2 2 3 7 3 14 3 1 23 4 7 5 5 9 12 2 5 5 1 3 22 2 3 8 4 0
0 0 0 0 0 0 1 0 0 1 0 1 2 0 0 0 0 1 0 0 0 0 0 0 0 0 0 1 0 0 0 0 0 2 5 1 0 0 0 0 0 1 1 8 3 0 1 5 0 0
15 4 15 0 10 6 11 2 2 1 5 20 1 0 2 9 3 0 22 0 7 6 13 13 0 10 1 11 5 34 8 0 7 17 4 0 4 3 0 7 0 9 3 3 24 2 2 10 9 15
0 10 1 5 6 3 7 9 1 7 4 0 19 14 15 7 4 4 0 14 6 5 4 32 22 4 6 1 6 7 11 5 3 4 1 0 1 5 5 4 1 2 20 4 6 2 0 0 10 0
1 7 5 3 5 9 7 3 2 2 19 7 4 49 21 2 0 15 14 7 4 7 6 4 4 0 5 14 5 60 1 18 10 0 4 20 6 5 8 5 10 3 29 26 9 22 5 0 10 7
0 0 1 0 0 2 0 0 0 0 0 0 2 0 0 0 0 1 0 2 0 0 0 1 0 0 0 2 1 1 6 0 0 1 0 0 0 1 22 0 1 0 1 0 0 0 5 1 0 0
12 6 0 16 0 1 5 7 13 4 2 15 3 19 1 10 4 7 27 9 4 3 16 0 6 19 8 32 8 2 4 10 0 4 7 6 9 3 0 0 1 11 9 28 12 1 0 2 11 1
0 0 0 0 0 0 0 0 0 0 0 0 6 1 1 0 0 0 1 1 0 2 0 1 1 0 0 0 0 0 1 1 0 0 0 0 0 0 0 1 0 1 0 0 0 2 0 0 0 1
0 0 1 0 1 1 0 0 0 0 1 0 4 0 0 0 0 0 0 5 0 0 1 0 0 0 0 0 0 0 1 0 0 0 0 1 0 0 0 1 1 0 0 0 0 0 1 0 0 1
0 0 0 0 4 0 0 0 0 4 3 0 0 0 0 0 0 0 0 0 0 1 0 0 0 0 1 0 1 0 0 1 0 0 4 0 0 0 1 0 1 0 0 0 0 0 0 6 0 1
0 0 0 0 0 0 1 0 0 1 1 0 1 0 2 0 1 0 0 2 0 0 0 1 0 0 3 0 0 0 1 0 0 0 0 1 0 0 0 0 2 0 0 0 0 1 1 0 0 1
0 0 1 0 0 0 0 2 1 7 0 0 0 0 0 0 1 1 4 0 0 0 0 18 1 0 0 0 0 1 0 0 0 8 0 0 9 11 3 0 1 0 2 4 0 1 1 0 0 0
0 1 0 1 0 1 0 0 0 0 1 0 1 0 0 0 0 0 3 7 0 0 1 0 0 0 2 0 8 0 0 0 1 0 0 1 0 0 0 0 5 0 1 1 0 0 2 0 0 0
3 1 2 1 1 2 0 13 0 5 4 5 17 2 3 1 11 3 0 8 0 4 1 2 1 5 0 5 0 0 1 0 1 6 1 0 1 3 5 0 1 5 9 1 2 2 14 3 4 8
2 14 7 5 11 11 7 2 2 9 49 3 2 4 12 8 6 7 2 12 3 9 4 1 0 4 1 12 2 34 2 33 2 4 10 4 2 0 4 3 7 6 5 3 3 8 21 4 2 5
10 4 6 1 7 1 11 1 13 1 2 0 0 0 4 3 2 4 0 2 1 12 12 6 16 18 11 3 3 2 30 5 1 6 4 16 3 4 34 11 13 1 9 17 0 9 25 1 4 2
11 8 14 5 16 0 6 0 2 10 3 51 2 20 8 8 20 7 5 25 1 3 6 0 0 3 39 1 13 2 0 14 8 13 2 11 5 8 0 8 0 15 5 17 0 2 1 21 3 5
1 9 3 1 0 3 0 0 4 2 0 0 0 0 0 0 0 1 0 2 2 2 3 6 0 0 0 0 0 0 0 0 0 2 0 1 1 3 1 0 0 1 0 1 0 0 6 1 0 1
2 20 0 9 4 8 12 5 2 0 20 8 12 10 4 4 22 7 7 18 9 10 8 1 32 6 5 14 9 1 1 0 5 7 2 4 0 15 6 1 0 12 4 3 8 11 0 0 4 1
0 1 9 0 0 1 1 0 0 1 1 0 2 3 0 0 0 0 0 0 0 0 2 0 0 0 1 0 0 0 0 0 0 0 1 0 0 0 0 1 0 0 3 0 0 1 0 1 1 0
0 0 13 0 0 0 0 0 1 0 0 1 10 0 0 0 2 0 0 8 0 0 1 2 3 0 0 0 1 2 0 0 1 1 0 0 1 0 0 0 0 0 0 0 0 0 0 2 0 0
1 0 0 2 0 2 3 1 9 3 4 0 5 4 5 1 2 20 9 2 6 6 0 8 1 1 2 0 17 4 1 4 10 0 3 15 0 1 0 2 10 1 0 22 1 9 0 3 0 2
3 1 11 2 2 4 3 8 2 25 4 11 1 2 19 15 8 8 0 10 1 0 15 7 6 21 2 3 0 8 3 18 5 5 5 10 5 5 14 8 5 1 8 0 3 1 11 10 57 10
1 10 8 3 1 8 8 1 3 0 4 0 3 2 1 0 2 2 0 1 20 0 4 1 0 3 10 7 1 6 6 2 7 0 0 1 0 1 19 0 8 0 0 0 6 2 2 12 0 11
0 5 0 4 3 0 1 15 4 0 0 2 0 0 13 5 1 2 4 1 2 2 0 5 1 1 0 5 0 3 0 3 0 3 13 2 1 8 2 8 8 1 0 16 2 1 18 5 5 1
23 0 0 0 7 0 4 0 1 4 1 7 3 1 0 0 5 13 0 1 1 5 10 0 12 1 0 6 4 16 6 0 0 2 4 5 7 2 4 0 5 0 3 5 1 0 4 0 2 4
4 0 2 7 2 0 5 4 3 2 11 15 0 0 0 1 7 3 0 3 1 0 0 0 3 7 4 0 4 2 0 1 2 15 0 4 1 3 0 0 1 5 13 1 14 2 0 0 2 11
5 0 0 0 3 16 6 1 5 13 5 11 0 8 0 6 2 0 11 3 37 1 4 1 0 6 2 2 0 0 10 3 1 1 4 0 0 6 0 2 0 1 9 0 0 8 0 3 7 5
1 3 2 4 0 0 0 0 0 0 1 0 5 0 0 0 0 0 0 2 0 0 0 0 1 0 0 0 2 1 0 1 0 0 0 1 1 0 1 0 0 3 0 1 1 0 0 0 0 0
8 12 26 5 6 2 3 0 11 0 8 5 0 8 24 45 5 4 1 0 8 1 6 26 30 5 6 5 3 3 28 11 6 2 1 9 2 19 11 21 2 13 0 10 5 0 10 17 6 26
