0 0 0 0 0 1 0 0 0 0 0 2 0 2 3 0 0 0 1 0 1 0 0 0 0 0 0 0 0 0 0 1 0 2 0 0 1 0 0 0 0 0 0 0 0 1 0 0 0 4
0 3 11 4 13 11 6 4 4 4 1 2 2 2 0 2 3 9 0 4 4 2 9 8 15 1 5 0 2 1 3 10 6 6 6 14 1 9 8 6 7 9 15 0 0 0 0 6 3 0
0 0 1 2 0 1 1 0 0 1 0 4 4 0 0 0 0 0 0 0 0 0 0 0 1 0 0 0 7 0 0 0 2 1 0 2 0 1 0 0 0 1 1 0 1 0 0 4 0 0
4 10 4 2 0 3 9 8 11 0 0 0 6 6 0 1 2 12 5 5 1 2 8 2 1 1 21 2 3 0 0 1 0 0 4 0 1 2 6 0 1 1 0 0 0 10 0 2 2 8
7 6 8 1 2 2 17 0 0 36 1 2 14 2 1 8 20 18 0 6 18 5 0 7 1 9 10 9 1 0 12 0 13 0 0 4 1 1 10 7 0 4 2 7 15 1 1 0 0 3
0 0 0 0 1 0 0 0 0 0 0 1 0 0 0 0 1 0 0 0 0 0 0 0 0 1 0 0 0 0 0 3 2 1 0 0 0 2 1 0 0 2 1 1 0 0 0 0 0 1
3 5 3 2 5 1 2 13 13 7 5 2 0 20 0 19 5 12 9 1 8 5 4 4 24 0 10 7 17 4 16 0 7 1 15 5 25 4 15 2 1 3 9 4 2 6 9 6 4 3
4 2 3 1 13 14 4 5 3 2 4 0 4 3 2 5 1 17 26 6 7 12 6 5 3 6 4 8 15 3 14 0 3 2 3 5 1 6 1 6 2 0 10 7 1 5 2 6 0 7
1 20 3 7 4 7 0 0 5 4 1 3 4 1 2 1 1 0 3 0 2 14 1 4 0 7 28 1 0 0 2 2 1 4 0 3 20 3 4 11 4 2 7 4 1 1 2 0 2 7
7 8 1 3 1 14 14 5 2 0 29 8 6 0 3 4 2 11 2 10 10 0 0 0 1 0 1 12 3 7 0 3 5 0 2 0 6 10 8 2 2 8 2 1 0 2 8 3 1 0
5 6 2 0 4 10 3 13 14 9 11 1 0 5 4 8 3 11 37 3 2 1 15 3 16 7 2 1 1 4 27 7 9 8 27 10 1 2 8 2 9 0 4 1 17 6 1 3 16 3
11 0 0 5 3 13 4 2 3 21 1 10 11 4 8 5 21 7 1 6 2 8 3 1 1 5 5 4 4 5 1 0 2 2 19 0 7 8 10 0 2 0 0 14 13 16 6 1 1 1
4 7 0 3 1 3 9 0 0 2 0 1 0 2 0 0 0 8 1 1 2 4 1 0 2 0 5 1 3 0 15 1 0 3 0 2 0 0 0 1 0 4 4 3 6 6 1 0 0 1
0 3 0 1 0 3 0 0 0 3 0 0 0 0 0 2 0 0 0 0 0 0 0 0 0 3 0 3 0 0 0 0 1 2 1 6 0 0 0 0 4 0 0 0 1 0 0 1 0 0
5 0 0 0 5 5 3 2 0 0 1 7 6 0 5 0 2 5 3 1 5 1 2 4 0 3 5 5 4 10 0 0 0 0 2 0 5 9 7 15 4 0 1 0 21 1 2 0 1 1
0 1 1 1 0 0 0 0 0 0 0 3 0 0 0 1 1 0 1 0 0 0 2 0 0 0 1 2 1 1 0 0 0 0 1 0 0 2 1 0 1 0 0 0 3 0 1 1 0 3
1 0 0 1 1 0 0 0 0 1 1 1 0 0 1 0 1 1 3 0 0 2 1 0 0 1 0 1 0 0 1 9 0 1 0 0 1 0 0 0 0 0 7 0 0 0 1 0 0 0
0 0 1 3 0 0 0 0 0 1 0 2 0 1 0 0 0 0 0 0 1 0 0 1 0 2 0 0 0 0 0 0 0 1 1 0 0 1 0 0 0 0 0 0 0 0 0 1 0 1
17 4 11 0 5 1 4 5 6 16 3 5 7 9 9 33 7 2 6 1 14 17 36 9 12 2 11 5 7 5 12 1 24 3 18 3 4 5 13 9 5 11 9 1 14 8 1 4 14 1
0 0 2 0 0 0 0 0 0 1 0 0 0 0 0 0 1 0 0 1 0 0 5 1 0 0 0 0 2 1 0 0 0 0 0 0 4 1 0 0 1 0 0 1 0 2 0 0 0 3
14 3 7 1 1 3 8 7 2 2 12 2 12 17 4 4 0 8 2 1 0 2 8 2 2 3 0 8 33 2 1 28 11 19 2 1 3 9 6 3 3 24 16 11 3 8 0 3 6 2
0 12 14 0 1 14 2 1 4 2 4 22 2 32 16 0 11 0 41 15 8 9 2 10 16 3 2 0 7 8 0 6 7 6 5 10 31 3 3 3 5 0 0 7 23 15 3 3 13 0
39 0 17 8 2 5 8 15 9 4 3 22 11 25 1 4 17 1 6 0 4 1 2 8 5 0 5 19 10 2 28 5 0 22 13 0 6 15 5 7 3 13 0 6 5 5 2 1 10 2
2 0 3 0 0 3 6 1 0 2 0 0 9 0 0 0 3 3 2 1 2 0 1 0 2 2 4 0 0 0 24 3 0 0 11 3 5 0 5 0 0 7 0 0 7 1 0 2 1 4
1 0 0 0 0 1 0 1 0 7 0 0 0 0 0 0 0 0 1 0 0 1 0 5 0 0 0 1 1 0 5 3 1 9 0 2 0 0 0 0 0 0 0 1 0 0 3 0 0 0
0 1 0 0 0 12 2 1 0 1 0 0 0 2 2 0 0 0 0 1 0 0 0 0 8 0 2 0 0 0 0 2 20 1 0 1 0 0 0 0 0 0 0 0 0 2 1 0 0 7
0 0 1 1 3 2 0 0 0 1 0 18 0 0 0 0 0 0 0 0 1 0 0 0 1 0 0 0 0 3 0 1 0 0 2 0 0 0 0 3 0 1 0 1 1 0 0 0 0 0
23 1 10 12 1 8 3 8 1 13 4 16 28 11 4 6 0 0 5 20 53 3 29 10 7 4 1 7 1 3 0 7 3 9 5 0 2 12 1 18 3 9 5 28 6 0 4 3 1 3
17 38 3 1 1 0 18 5 1 1 2 6 4 10 18 5 0 4 17 5 1 4 23 4 7 10 33 3 0 7 21 6 1 5 12 3 13 3 26 9 5 3 1 1 11 2 4 0 11 10
2 1 2 0 0 3 0 0 0 0 0 1 0 0 0 0 1 1 0 1 1 0 0 0 0 0 0 2 0 0 0 1 1 0 0 0 0 1 0 1 0 0 0 1 0 1 0 0 0 4
0 1 1 0 0 0 0 2 0 2 1 1 0 1 0 0 0 0 0 1 1 1 0 0 1 5 1 1 1 0 5 10 0 0 0 0 0 1 0 0 0 0 0 4 0 1 0 1 0 0
7 15 3 2 0 20 15 10 5 6 4 0 24 7 0 11 2 13 12 0 20 16 3 0 12 3 6 10 0 22 2 7 7 4 11 4 1 0 5 2 3 1 3 19 0 2 8 9 9 9
0 2 0 6 5 19 0 0 2 0 2 7 1 0 0 7 4 10 4 0 6 0 0 11 0 4 1 8 11 14 5 0 1 3 0 0 0 16 3 1 8 7 7 3 6 0 6 1 5 6
0 2 2 4 4 0 3 10 5 2 2 0 1 0 0 1 0 0 0 8 0 1 0 4 0 1 1 0 8 1 0 0 0 0 0 1 0 3 0 1 1 1 0 1 0 0 7 2 1 0
1 0 1 10 1 0 1 0 0 1 0 3 0 1 3 0 0 3 0 1 0 0 0 1 0 0 1 0 8 0 0 0 0 0 0 0 0 0 0 1 1 0 0 2 0 1 2 0 3 0
3 0 1 5 8 3 6 5 6 20 13 1 8 11 8 2 4 1 1 11 3 14 23 3 0 19 6 7 42 5 17 0 2 11 13 31 4 0 17 4 10 3 3 3 9 1 6 19 10 1
0 2 1 3 0 1 3 7 7 1 1 3 2 8 0 5 5 4 1 13 6 6 2 0 6 7 7 4 0 7 6 1 0 1 1 0 18 0 4 1 3 8 4 8 9 2 9 5 2 0
0 0 0 4 0 0 0 0 0 1 0 0 0 1 0 0 0 0 1 0 0 0 0 0 0 5 0 0 0 0 0 9 0 2 1 4 1 0 1 1 0 0 7 2 1 0 0 1 0 0
0 0 0 0 0 0 0 2 0 2 0 0 0 0 0 0 0 0 0 0 0 1 1 1 0 0 0 0 0 1 3 8 1 0 0 1 0 2 1 2 0 1 0 11 0 0 0 0 1 1
1 2 12 0 3 0 3 8 13 4 2 3 20 4 0 4 4 7 11 7 13 10 1 1 12 18 6 8 7 34 0 1 34 3 5 0 8 0 0 5 3 12 16 0 16 0 0 9 7 17
9 0 1 1 0 6 5 0 0 6 1 0 1 0 3 0 17 1 9 1 1 7 7 0 0 3 8 6 2 0 23 0 2 5 5 6 0 0 4 0 0 5 2 15 12 0 1 0 0 2
0 0 0 6 0 1 1 0 0 0 1 0 0 0 0 0 0 0 3 0 1 11 0 2 0 1 5 0 0 0 0 0 1 0 1 1 2 1 0 0 3 0 0 0 0 3 0 0 0 0
7 2 4 8 1 18 21 10 4 11 3 11 0 5 2 4 30 5 1 4 0 0 35 7 2 12 0 0 4 16 2 14 5 0 4 11 7 14 6 32 24 6 40 2 11 25 1 0 26 0
12 0 4 4 9 14 12 16 10 1 3 5 5 4 2 7 11 12 3 35 1 0 6 0 0 4 4 27 3 14 5 9 2 9 13 6 5 8 0 2 8 4 7 2 3 5 4 4 3 15
0 2 0 1 1 0 1 0 1 0 0 0 0 0 0 1 0 4 0 0 0 0 0 0 0 0 3 1 0 0 0 3 0 0 0 0 0 0 1 0 1 0 0 0 1 1 0 0 0 0
7 3 1 4 7 10 8 6 0 1 10 11 0 0 1 1 4 2 8 5 3 1 10 12 6 5 0 2 5 15 0 14 6 0 3 7 1 1 4 2 0 10 5 8 1 6 1 0 1 1
2 0 0 0 0 1 1 0 0 4 0 0 0 1 1 1 0 0 3 0 0 0 0 1 2 5 1 0 0 0 10 0 0 5 2 8 2 0 0 0 1 0 0 11 0 0 0 0 0 0
0 0 3 4 0 0 0 0 0 0 4 2 1 2 1 0 0 0 0 0 0 0 0 0 0 0 0 2 2 0 3 0 0 0 2 0 0 2 0 6 2 5 0 0 1 0 2 2 3 0
0 0 0 6 0 3 0 4 0 0 0 2 1 1 0 0 2 2 7 2 4 6 4 1 0 0 3 1 3 0 0 0 0 0 7 0 1 2 5 0 9 3 0 0 1 0 2 0 0 0
2 0 0 5 1 14 1 4 1 8 0 1 3 1 4 2 1 0 1 3 6 0 4 3 0 0 3 4 2 10 5 25 9 12 0 4 1 20 1 3 11 3 1 3 12 16 0 0 5 0
8 5 6 2 0 0 3 8 3 1 1 2 3 3 5 2 1 10 4 0 0 16 6 0 4 0 0 5 4 6 1 2 1 0 0 2 1 0 5 6 0 0 0 4 6 6 4 0 8 4
6 5 0 10 0 9 3 3 1 0 9 12 3 1 4 6 0 1 8 6 3 4 0 0 0 5 3 0 19 9 1 11 4 2 3 9 18 1 0 12 3 1 10 3 0 3 5 0 0 4
0 1 0 2 0 0 0 1 1 0 1 7 0 0 1 1 0 0 1 1 0 0 0 1 1 1 1 0 8 0 1 0 1 1 1 0 0 2 0 0 4 0 0 0 1 0 0 0 0 1
0 0 0 4 0 0 0 0 0 1 2 5 2 1 0 0 0 0 1 5 0 0 0 2 5 1 2 0 2 0 0 0 0 0 0 0 1 3 0 0 0 1 0 0 0 1 1 1 0 0
4 3 0 0 9 3 0 1 9 0 16 22 3 6 2 2 5 0 11 1 19 3 2 1 1 4 0 0 3 9 1 0 4 0 5 0 5 13 6 0 4 18 9 1 10 0 3 5 10 13
0 0 0 13 0 0 0 0 0 1 0 3 0 0 0 0 0 2 0 1 0 0 0 0 0 0 0 1 6 0 1 0 0 1 2 0 0 5 4 11 0 1 0 0 1 0 1 1 0 1
1 1 0 0 0 0 0 2 1 0 0 1 3 0 2 0 1 0 3 0 0 0 0 0 0 1 0 2 0 0 0 1 1 0 0 1 0 0 0 0 0 1 0 2 0 0 0 0 0 3
3 4 6 2 1 1 0 9 1 10 1 1 0 0 4 1 8 7 0 3 1 1 2 3 1 1 1 1 6 0 2 1 6 6 9 5 0 3 0 1 10 3 3 15 7 2 7 13 1 0
13 11 0 1 7 38 0 10 0 4 5 8 47 3 0 50 12 4 33 19 3 2 5 1 2 4 12 7 33 1 0 0 4 7 7 3 3 14 14 3 2 0 20 7 6 1 21 9 2 2
1 3 3 0 19 14 4 4 3 5 10 0 1 2 6 11 5 0 1 6 2 5 0 6 11 2 0 2 1 3 6 3 9 0 5 7 1 0 8 0 9 20 0 8 7 0 2 0 1 1
0 0 0 2 0 0 0 0 0 0 0 1 1 0 0 0 0 0 0 0 0 0 1 0 2 1 0 0 6 2 0 1 1 0 0 1 0 12 0 3 0 0 0 0 0 1 5 0 0 0
7 1 3 4 3 5 6 4 12 0 1 7 8 0 10 1 14 3 1 47 4 0 3 6 2 4 3 26 0 3 4 11 7 5 0 7 1 1 5 8 13 8 3 6 2 15 10 6 2 3
3 8 11 1 9 3 0 0 2 9 1 7 2 0 1 10 16 1 0 5 24 3 0 6 4 11 21 2 2 4 1 2 2 1 3 11 0 4 9 3 2 2 1 1 0 0 2 2 4 0
11 1 7 3 0 0 5 1 0 3 0 14 6 4 0 5 13 6 0 6 3 0 3 1 0 0 1 4 0 7 17 1 1 0 8 7 0 1 3 7 1 13 17 20 46 0 1 8 11 0
3 0 0 3 2 0 1 0 0 2 0 2 0 0 0 0 0 0 0 1 0 0 0 0 0 3 0 0 1 0 1 0 0 0 0 0 1 15 0 1 0 0 2 1 0 0 1 0 0 0
0 0 0 11 0 1 0 1 0 1 1 0 0 0 0 0 1 0 1 0 0 0 0 0 2 1 0 0 4 0 4 1 1 1 0 0 0 0 0 0 0 0 0 0 0 0 1 0 0 0
10 3 9 13 9 6 3 3 2 5 8 18 6 9 5 19 8 9 0 0 5 21 4 0 16 12 32 21 6 4 6 10 0 1 1 2 54 3 18 17 6 9 12 1 13 0 12 0 0 0
0 2 0 1 1 0 1 1 0 0 0 7 1 0 1 0 1 0 0 1 0 0 1 0 0 1 0 1 11 0 0 0 0 0 0 0 2 6 0 0 2 0 1 0 4 0 1 0 0 1
3 2 2 1 13 12 20 4 15 5 1 12 13 8 9 0 4 22 3 4 14 1 1 2 5 0 1 10 0 18 0 0 29 0 2 1 7 12 5 2 7 4 6 1 4 1 1 11 13 1
20 0 4 4 2 0 12 1 7 6 3 0 7 9 2 3 8 2 14 0 13 2 19 2 22 9 1 3 0 5 3 2 1 0 4 6 0 0 6 9 0 9 12 6 3 0 5 3 4 2
0 1 2 1 12 20 27 10 23 24 0 6 1 7 4 29 10 16 12 2 29 11 13 11 9 7 0 4 11 8 22 29 6 4 8 1 13 7 1 7 1 4 13 3 0 8 2 4 2 18
0 6 0 0 1 12 2 2 3 16 2 3 1 0 5 5 2 29 1 21 1 2 21 17 9 2 0 0 1 0 1 3 15 8 7 0 1 2 0 0 2 1 1 8 4 7 5 3 11 1
0 0 0 1 0 6 0 1 0 0 0 0 0 1 3 0 0 1 14 0 0 9 0 0 2 0 1 0 0 0 0 0 1 0 0 0 0 0 1 0 0 0 0 1 1 2 0 0 0 13
22 16 5 21 0 22 3 13 2 0 4 5 15 7 1 5 13 2 18 4 0 1 3 13 6 0 4 2 0 7 6 3 3 1 7 1 4 1 2 1 10 1 3 2 6 3 6 7 2 4
1 2 0 13 16 3 1 2 3 12 6 6 4 7 14 3 5 8 9 0 6 1 0 5 2 16 3 0 3 2 5 4 5 3 7 8 5 2 3 8 1 2 7 3 2 10 7 6 6 0
7 13 3 11 18 5 3 28 2 8 12 22 12 78 0 8 50 3 18 4 15 6 7 5 14 14 17 29 0 0 3 6 2 4 8 9 2 2 6 6 0 6 7 1 18 20 4 3 11 13
0 11 3 1 2 16 2 4 4 1 2 1 10 2 33 2 32 4 14 2 1 4 3 5 8 6 14 6 1 27 3 10 4 5 6 3 2 3 5 5 0 8 0 2 4 12 4 1 0 2
3 8 7 22 12 0 7 19 0 5 9 10 5 18 11 34 1 6 3 2 23 18 2 1 5 1 4 2 0 12 8 2 22 0 0 15 4 0 10 13 3 10 9 11 8 10 12 12 9 7
6 1 7 27 2 0 1 1 1 0 4 9 10 0 2 7 4 3 0 1 4 1 9 3 0 5 0 1 5 2 2 8 0 3 4 2 2 5 4 2 5 4 0 6 5 1 0 3 0 0
1 2 0 1 3 1 4 15 0 0 6 3 11 0 5 8 5 1 0 6 4 3 0 0 13 8 0 3 0 5 7 5 1 3 2 1 2 5 3 0 8 0 5 0 12 18 0 0 7 0
26 0 2 5 16 8 2 8 3 8 4 3 1 1 4 0 8 1 7 0 3 12 1 1 12 4 6 9 0 4 7 1 12 7 0 8 3 1 8 5 12 0 0 1 0 7 1 5 10 0
1 7 11 2 6 7 14 6 3 3 12 4 7 16 0 9 4 1 9 2 13 3 2 8 6 13 1 3 14 7 1 1 10 5 3 6 3 12 8 19 12 16 36 2 27 22 3 1 25 7
5 8 9 0 4 2 0 6 1 2 2 3 0 9 0 7 0 6 0 1 4 0 2 3 0 5 1 0 8 1 8 4 0 0 0 4 1 0 5 1 0 9 3 5 1 0 1 2 8 2
1 0 0 0 1 0 0 0 0 4 1 3 0 0 0 0 0 0 0 0 0 1 3 2 0 7 0 2 0 1 13 1 0 0 1 22 0 0 0 0 0 1 14 0 0 0 0 0 3 0
0 0 1 3 0 0 0 0 0 2 1 0 0 0 0 5 0 0 1 1 0 0 0 0 0 0 0 0 0 0 0 0 0 0 0 1 0 2 1 0 0 7 0 0 0 0 0 1 0 8
0 0 2 7 29 4 10 64 0 2 6 1 13 42 5 38 5 5 4 0 1 3 6 22 16 7 23 4 3 11 4 5 33 3 5 17 4 5 24 3 6 1 9 7 2 0 12 4 8 1
7 3 2 23 2 10 0 7 10 6 2 6 12 0 1 0 1 10 1 3 1 2 3 0 7 1 0 9 0 0 0 6 0 7 12 19 1 1 1 0 2 10 14 3 8 1 13 0 5 2
15 0 11 37 17 23 5 1 3 1 26 0 6 2 5 2 4 9 9 1 6 10 2 7 6 6 0 0 7 6 0 9 2 14 9 3 2 5 4 17 12 1 0 1 24 20 19 4 10 2
0 0 0 1 0 0 1 0 0 4 0 3 0 0 0 0 0 0 0 0 0 0 0 1 0 0 0 0 2 0 0 1 0 1 2 2 0 7 0 0 0 0 0 1 0 0 0 0 0 0
3 9 10 0 1 0 2 0 1 1 1 0 17 0 1 0 8 0 7 0 0 13 10 0 5 3 5 4 0 0 0 2 0 2 0 0 2 0 0 0 0 0 8 2 17 3 0 0 2 1
3 3 4 0 0 9 0 1 0 5 2 0 1 2 10 0 5 1 2 0 11 1 4 0 5 3 0 0 0 0 1 1 1 1 22 1 0 4 0 0 1 9 0 3 2 3 0 0 0 1
30 2 6 2 7 5 23 1 3 1 26 0 16 8 3 5 1 5 0 6 0 9 2 1 4 0 1 8 2 10 29 6 1 19 5 7 2 2 7 14 10 28 4 2 3 2 3 10 7 1
0 1 0 0 14 0 0 1 0 1 0 0 0 0 0 1 0 0 0 1 0 0 0 18 0 0 0 0 0 1 4 0 0 4 0 0 0 2 1 3 0 0 0 2 0 0 1 0 1 0
17 1 2 3 6 15 6 8 17 0 4 12 3 0 4 36 8 2 17 5 4 8 1 7 3 2 17 0 5 4 34 2 2 0 26 0 4 1 8 6 7 20 1 1 5 1 7 3 12 8
0 1 1 0 0 0 1 4 0 1 0 0 2 0 0 0 0 0 3 0 1 0 1 3 0 1 0 0 0 3 2 0 0 1 0 10 0 0 0 0 0 1 0 4 0 0 0 0 0 0
0 10 6 3 4 0 4 2 3 1 11 4 3 8 0 0 3 0 0 0 9 0 5 9 2 4 0 1 9 6 7 3 0 7 0 8 0 1 1 1 4 3 12 1 2 0 1 5 0 0
4 5 2 1 12 8 1 3 0 0 4 4 2 3 8 2 5 4 4 0 1 6 9 0 4 6 0 2 1 15 24 18 17 0 3 9 8 10 5 1 2 1 4 26 20 6 0 22 1 5
0 0 0 0 0 1 0 0 0 1 0 0 0 2 1 0 0 0 8 0 0 0 0 1 0 1 1 0 0 0 0 0 0 0 0 0 0 0 1 0 0 0 0 0 0 0 1 0 1 0
0 0 0 1 1 0 1 0 2 5 0 0 1 0 0 1 1 0 1 1 0 0 0 0 2 13 0 0 0 0 2 6 0 2 1 7 0 0 0 0 0 0 0 1 0 1 0 0 0 0
9 3 7 10 9 1 12 26 11 8 1 2 0 3 9 11 0 15 1 15 15 7 0 3 7 2 11 5 20 4 18 12 0 3 14 3 0 9 6 8 1 16 8 4 12 9 5 1 0 4
