6 2 12 0 22 9 10 3 1 5 4 9 32 13 11 7 27 8 0 0 6 0 1 11 3 6 2 1 1 7 7 31 3 1 7 17 13 2 5 16 9 3 2 4 4 9 11 30 4 1
2 5 3 8 2 0 4 5 6 5 3 4 7 12 1 1 3 3 13 0 0 2 3 0 3 1 0 0 5 7 3 0 8 1 1 10 1 1 3 5 4 1 13 4 1 1 3 1 1 0
0 0 11 1 1 0 0 3 2 0 1 0 0 0 0 0 0 0 0 1 0 0 0 1 0 0 0 0 0 3 2 3 0 0 1 0 9 0 0 0 1 0 0 0 2 1 0 2 0 1
0 0 1 0 4 0 1 0 0 0 0 0 0 1 0 3 0 0 0 0 0 0 1 0 2 0 1 0 2 0 0 0 0 2 1 2 0 1 0 2 1 4 0 3 0 0 1 0 0 1
0 1 0 0 0 0 0 0 0 1 0 0 0 2 0 1 0 1 0 0 1 1 0 1 0 1 0 0 0 1 1 0 13 0 0 0 0 0 1 0 0 0 0 0 1 0 2 0 4 2
5 0 3 0 3 0 1 0 4 2 4 1 5 1 1 4 2 8 1 3 2 3 11 0 2 0 3 8 1 11 3 6 3 3 1 0 17 2 2 3 2 1 4 1 1 14 2 3 0 6
4 5 0 6 3 1 2 1 5 23 14 0 4 2 1 3 1 34 10 3 3 4 2 12 8 5 5 3 16 5 9 2 1 7 7 0 0 6 2 13 2 14 7 12 0 3 1 9 2 0
2 0 1 0 0 1 1 0 0 0 0 0 0 0 1 1 0 0 0 0 0 1 0 0 0 0 0 0 0 1 0 1 0 3 0 2 1 0 0 3 3 0 2 1 3 0 0 0 1 0
3 7 11 1 2 15 10 0 28 2 6 3 31 17 4 0 7 1 0 15 9 4 8 7 11 1 1 0 14 8 10 2 6 6 12 1 4 1 4 2 34 0 20 1 0 6 0 3 7 4
14 9 6 0 24 2 16 6 2 5 5 4 4 1 4 3 11 6 1 1 19 12 0 11 24 4 0 15 17 3 30 0 1 5 8 3 3 2 18 20 8 6 0 5 2 1 2 4 3 2
0 3 0 1 9 5 2 6 12 0 0 10 9 1 2 3 0 3 7 2 10 0 8 0 4 1 0 7 1 0 1 0 2 5 0 4 0 12 1 4 0 12 5 0 0 1 1 0 0 2
1 0 2 11 2 8 10 1 1 10 1 2 3 17 3 1 7 4 0 0 11 0 1 5 4 8 1 9 0 1 1 0 1 16 0 5 3 0 2 3 10 5 3 0 14 0 1 20 7 6
1 1 0 0 4 1 0 2 0 32 1 1 16 17 3 9 5 0 5 1 1 12 5 2 22 0 8 5 4 2 9 12 1 10 10 5 1 5 4 35 1 18 1 4 8 27 2 2 0 5
0 0 5 2 3 2 2 0 0 0 0 0 2 0 0 0 0 1 0 5 6 0 1 1 0 0 1 0 1 11 5 0 4 7 0 5 1 1 3 14 1 11 5 0 0 0 5 0 0 15
2 5 12 14 1 2 0 2 6 5 2 24 5 5 2 3 2 3 3 18 7 0 0 1 5 9 2 0 0 1 1 0 10 5 3 5 1 6 32 0 11 1 4 0 3 0 3 1 26 2
0 0 1 0 1 1 0 2 0 0 0 0 1 0 0 0 0 0 0 1 0 0 2 0 0 0 0 1 1 5 0 0 0 1 1 0 3 0 0 0 0 1 0 0 3 0 0 4 3 3
1 5 0 1 0 8 1 7 10 9 0 0 3 2 1 3 5 6 2 2 4 3 0 12 5 7 6 5 3 21 0 0 18 5 1 9 10 3 0 4 11 7 1 2 13 2 14 15 20 17
6 0 0 7 0 19 4 6 6 10 1 2 1 4 7 1 4 0 1 0 7 4 1 4 2 12 4 6 0 3 2 0 1 3 5 4 4 23 0 0 6 0 0 2 1 4 0 7 1 0
9 0 12 5 11 21 0 0 3 2 6 6 5 0 6 2 3 15 3 8 7 4 0 7 0 4 2 5 12 0 9 5 0 4 0 6 0 3 2 6 1 20 3 3 0 2 1 4 0 1
4 30 3 0 1 5 2 9 13 4 0 1 9 0 2 9 21 7 3 5 16 6 0 1 2 3 3 9 0 1 1 6 1 12 19 3 8 15 7 1 6 4 0 33 3 50 4 2 3 2
0 8 2 16 8 0 2 0 4 12 11 10 0 11 0 6 3 0 4 25 0 2 6 13 4 4 8 0 0 4 2 2 2 0 13 6 27 0 24 6 1 1 3 0 22 8 4 6 3 9
1 0 0 0 0 0 2 0 0 0 0 0 0 0 3 1 0 4 0 0 0 0 0 0 1 0 0 0 0 0 0 7 2 1 0 0 1 0 1 0 0 1 0 1 0 2 0 0 0 0
17 7 2 14 10 7 4 0 6 8 0 5 2 46 13 7 12 6 1 12 6 3 16 4 11 9 16 7 6 7 4 6 5 0 6 27 5 8 1 0 6 1 7 2 25 4 3 7 6 3
5 0 0 5 5 0 3 7 20 8 8 3 9 0 9 1 2 7 14 0 1 3 1 9 1 4 1 1 0 0 1 2 4 1 8 3 2 5 0 0 0 0 4 0 2 1 1 19 1 5
2 0 24 1 2 1 0 0 0 9 17 3 1 0 2 9 10 3 2 0 12 8 0 0 10 5 2 2 10 1 3 1 7 5 4 2 0 8 4 2 4 4 2 4 1 1 8 3 2 6
1 3 1 0 3 1 1 1 1 0 0 1 0 0 0 2 1 0 1 0 0 0 2 2 1 2 0 0 3 0 0 2 0 0 0 0 1 0 1 0 1 0 0 2 0 0 0 0 1 1
2 6 2 0 1 5 2 0 3 0 2 1 2 1 4 11 5 5 2 9 6 1 2 4 2 15 0 10 2 1 11 0 19 2 0 2 0 0 7 1 4 1 0 0 4 0 0 3 7 2
1 2 29 14 13 1 3 0 0 3 3 7 9 1 4 1 16 1 3 2 2 0 0 5 1 25 3 1 7 1 10 0 2 7 2 8 6 9 6 1 1 0 2 4 13 4 1 3 2 4
3 8 0 22 1 13 6 30 4 9 19 22 8 6 4 0 9 5 2 4 8 2 5 6 2 5 1 23 29 2 0 24 1 7 6 1 6 14 5 8 17 6 0 1 12 16 1 17 1 2
0 0 2 0 0 0 1 0 3 2 1 0 0 0 0 0 0 0 0 0 3 9 0 0 0 0 6 0 1 0 0 1 0 0 3 0 0 1 0 0 0 0 0 1 0 3 0 0 0 0
1 26 1 2 10 0 1 1 8 0 6 6 0 24 0 0 0 0 3 0 1 1 2 0 2 4 7 4 11 0 4 5 0 1 0 5 0 0 0 2 11 5 1 5 0 0 12 0 0 1
2 0 7 12 1 3 0 10 9 11 2 4 0 23 7 0 0 0 1 5 4 2 0 1 15 0 6 3 3 8 7 0 0 0 0 3 2 0 0 0 1 8 0 0 0 3 2 1 4 0
11 2 28 1 1 6 4 6 5 18 4 9 0 25 11 4 10 31 0 15 12 9 25 12 5 1 20 4 1 10 3 8 10 22 6 9 1 14 8 8 1 4 11 1 13 10 2 7 8 18
3 12 1 2 4 4 7 0 0 5 1 5 2 3 6 1 6 16 1 0 18 0 7 4 3 0 1 14 0 1 0 1 2 3 5 5 6 7 5 6 9 6 1 0 11 7 0 0 5 2
1 3 10 2 9 2 3 0 6 0 3 1 6 4 1 0 2 2 3 0 1 1 0 2 3 0 3 2 10 3 22 1 8 12 1 1 2 1 1 3 6 7 6 10 5 0 9 4 3 7
0 2 22 10 10 3 0 0 1 27 11 15 2 10 33 2 28 5 5 12 2 14 0 6 1 14 22 4 1 2 15 37 13 1 10 2 0 14 0 2 9 5 1 1 1 18 32 3 0 2
2 6 0 1 1 0 0 0 0 1 0 0 1 1 0 0 0 0 2 1 0 2 9 0 0 1 0 0 0 2 1 1 0 0 0 0 1 0 0 0 0 0 1 0 0 0 0 0 0 0
0 14 0 1 0 0 0 0 0 0 0 1 1 0 0 0 1 0 1 0 0 0 6 0 1 0 0 0 0 0 0 0 1 4 0 0 0 1 0 0 1 2 0 0 1 0 1 0 0 0
1 0 0 0 0 0 0 0 0 0 0 1 3 2 1 4 0 0 0 0 1 0 0 1 0 0 3 1 1 0 0 0 3 0 0 0 0 0 0 3 0 0 0 0 0 0 0 1 0 3
0 3 0 5 4 0 10 6 0 0 0 5 10 0 0 5 24 5 9 8 4 20 4 5 6 7 1 3 0 4 12 32 2 2 1 2 4 20 2 2 5 2 17 8 10 24 5 21 13 23
6 0 1 0 8 1 1 1 0 25 6 0 3 4 13 4 8 1 7 0 9 5 1 0 1 3 2 6 0 0 3 0 0 9 15 3 0 3 6 0 11 0 2 2 0 3 0 0 0 2
25 1 11 2 7 10 4 12 16 6 6 10 0 2 6 6 4 24 7 29 6 8 6 2 10 3 8 17 5 10 2 0 0 4 39 5 5 3 2 8 1 10 2 5 4 9 10 0 3 0
0 7 2 2 0 0 0 0 1 0 0 0 0 0 0 0 0 0 0 0 0 1 3 0 0 0 0 0 0 1 0 1 0 0 0 0 0 0 1 0 1 0 1 0 1 0 0 0 0 0
10 22 6 14 12 5 2 1 2 0 3 1 9 2 14 4 12 16 6 9 0 4 7 5 4 20 8 0 1 16 18 1 11 0 2 1 1 18 5 5 22 18 14 5 8 4 11 6 1 40
5 12 16 2 16 24 0 0 2 0 5 4 1 5 1 5 1 0 16 6 11 15 15 4 11 11 7 18 5 6 7 0 4 17 3 5 11 2 4 7 2 19 5 1 22 8 11 10 1 20
0 0 0 4 0 0 0 0 0 2 0 3 1 1 0 0 0 0 1 0 0 4 3 0 0 0 0 0 0 2 2 5 0 0 6 0 1 0 0 0 0 0 1 6 0 3 0 0 0 1
0 1 0 2 0 0 0 2 2 0 0 0 3 0 0 0 0 0 1 1 1 1 2 0 0 0 0 0 0 1 0 0 1 0 1 0 0 0 0 0 0 0 2 0 0 0 1 0 0 2
0 2 0 0 1 3 4 8 1 4 15 2 3 9 2 9 6 9 0 0 1 2 5 0 10 1 0 4 0 0 10 0 0 1 1 6 0 0 15 5 1 0 17 3 0 14 2 0 1 1
1 18 1 3 0 2 2 8 6 1 5 0 0 0 0 1 5 2 7 16 0 4 9 11 3 3 10 9 5 7 3 8 5 3 0 1 4 8 2 6 0 0 5 1 3 0 10 4 3 3
1 0 0 3 0 1 0 0 0 0 0 9 3 0 1 0 4 0 0 6 0 0 0 0 0 0 1 0 0 3 0 1 0 0 0 1 1 0 1 0 1 1 0 0 3 0 2 2 7 0
1 26 0 4 0 0 29 10 0 6 2 1 2 33 0 0 4 0 6 0 0 5 0 2 32 0 3 2 0 4 2 0 5 16 5 13 3 1 1 3 1 13 10 0 1 1 0 0 3 3
8 17 5 2 9 1 7 0 8 8 3 7 5 3 1 2 7 1 0 11 0 1 2 1 3 2 2 3 0 3 3 6 3 9 9 0 10 10 0 0 3 4 0 3 0 1 7 10 2 0
1 2 13 0 6 4 1 1 0 0 5 7 1 1 13 9 6 6 13 4 1 2 1 3 0 5 0 4 0 5 18 1 3 2 11 0 0 13 0 0 1 0 0 3 5 0 3 1 1 0
5 4 13 0 6 3 5 11 2 32 6 7 20 16 23 13 5 3 0 17 12 3 25 16 2 10 0 0 0 2 2 1 11 5 7 4 0 1 10 5 3 0 24 7 10 11 4 5 17 5
0 1 2 14 0 0 0 2 1 0 0 3 2 1 2 12 8 12 3 0 4 0 3 9 1 15 5 18 0 2 1 2 2 6 4 11 3 12 1 1 3 0 1 6 4 0 11 1 5 3
0 0 3 2 0 0 0 0 0 2 1 2 1 0 1 0 0 1 1 0 0 1 1 9 0 0 0 2 0 0 0 0 0 0 0 0 11 0 0 0 0 0 0 0 0 0 0 11 15 1
3 0 2 1 0 3 1 0 7 1 0 5 5 3 3 0 16 3 9 0 3 0 13 10 7 3 0 4 0 4 2 1 0 0 0 2 0 1 1 1 1 5 4 0 9 0 9 8 2 0
0 0 0 0 0 0 1 0 0 0 3 0 0 8 0 0 0 0 0 0 2 5 0 1 1 4 0 0 0 0 0 2 0 0 1 0 1 0 0 0 0 0 2 14 0 2 1 0 0 0
16 13 3 6 7 35 0 8 2 1 5 2 5 16 0 9 4 7 6 17 19 5 3 2 4 1 4 2 3 0 9 8 11 11 8 6 5 4 0 36 3 1 9 4 7 7 9 4 1 4
1 0 0 0 0 1 0 0 0 0 0 1 0 0 1 0 0 1 1 0 0 0 3 1 0 0 0 0 4 0 1 1 0 0 0 0 1 2 2 3 0 0 0 0 0 2 0 0 0 0
2 1 0 0 2 1 2 3 5 1 4 0 1 1 10 4 1 5 2 0 2 0 4 0 0 2 6 0 6 0 6 14 0 0 3 3 1 14 2 22 2 2 4 5 0 5 4 0 1 0
2 0 1 1 1 0 1 1 0 0 0 0 0 0 0 0 0 0 1 1 0 0 0 0 0 4 0 0 0 1 2 1 0 0 0 0 0 4 3 1 0 0 2 0 2 0 2 0 0 3
4 0 2 1 6 1 16 1 1 0 10 5 7 0 2 3 4 4 0 1 7 4 1 4 2 1 0 3 1 13 4 16 4 6 2 1 1 2 0 0 9 0 1 10 0 12 9 2 6 17
0 1 1 0 1 6 8 2 7 12 0 2 1 2 0 6 2 5 13 1 15 9 0 0 4 2 2 1 5 0 5 3 2 1 2 5 0 0 0 5 7 10 0 2 0 2 14 0 0 0
0 0 6 10 3 1 19 0 3 6 9 1 4 9 0 6 2 0 4 10 5 0 0 3 36 9 6 0 1 2 2 4 2 0 0 4 2 1 2 0 0 0 8 5 2 4 1 0 2 4
0 0 1 0 2 2 0 0 9 0 1 0 0 0 0 0 0 0 0 1 0 0 0 0 0 0 0 3 1 2 0 0 3 8 0 0 0 0 0 0 0 0 0 0 0 0 3 0 1 0
2 2 0 0 4 0 2 15 5 5 2 0 0 3 3 13 1 1 4 0 2 0 2 1 0 4 2 0 1 1 9 0 1 0 3 1 0 0 6 5 8 5 2 1 0 9 3 0 0 0
0 0 3 5 2 0 1 1 0 0 0 2 3 0 0 0 0 0 0 1 0 0 1 1 0 0 1 0 1 4 0 0 5 1 0 0 5 0 0 0 0 2 0 0 3 0 0 6 10 1
0 3 0 0 1 0 1 1 0 0 0 1 1 0 0 1 0 1 0 0 0 0 0 0 0 0 0 0 2 0 0 1 0 0 0 2 1 0 1 0 0 0 0 1 0 1 1 0 2 1
0 2 1 1 0 0 0 0 1 4 4 0 1 0 0 0 0 0 0 2 0 2 0 1 1 0 2 1 0 0 0 1 0 0 13 0 1 0 1 0 0 0 0 7 0 7 0 2 0 1
36 6 1 5 11 17 10 3 4 2 6 13 15 13 5 23 4 1 11 1 3 12 14 0 4 2 0 5 1 10 2 6 3 6 16 3 2 4 2 19 22 2 0 23 1 0 7 3 1 1
2 0 0 1 0 0 2 0 0 5 1 2 0 0 0 0 2 0 2 0 0 0 1 0 0 0 4 0 0 5 0 4 0 6 1 2 0 0 0 0 0 0 1 15 0 22 0 0 1 1
0 0 0 1 0 0 0 0 0 0 1 0 2 0 0 0 0 0 0 0 1 3 0 0 1 0 2 0 3 1 0 1 1 0 0 0 0 1 2 0 0 0 0 2 0 10 2 0 4 0
38 40 11 23 3 6 0 2 8 4 4 10 2 5 4 2 9 6 1 7 5 10 3 4 3 1 4 1 1 1 0 0 0 0 6 0 12 1 1 2 1 16 17 4 0 0 0 6 0 7
0 2 3 1 5 6 1 1 1 3 0 5 12 2 13 3 8 0 1 6 6 8 2 2 2 11 23 7 1 2 2 1 1 17 3 1 4 2 14 6 3 2 1 2 4 6 3 3 11 1
5 4 6 8 0 2 4 9 1 0 0 1 30 4 0 9 0 3 14 0 11 9 4 16 6 19 19 0 13 3 9 8 3 24 4 6 2 10 7 13 16 23 3 13 33 1 21 0 0 1
1 0 2 10 4 6 10 11 1 4 6 0 2 5 0 5 4 0 2 15 6 3 4 8 0 2 0 2 0 2 7 6 5 3 4 6 4 5 7 9 1 1 1 2 8 5 1 28 17 0
3 0 6 1 4 2 0 3 3 0 7 9 3 8 5 4 10 0 5 16 3 2 0 0 0 1 5 5 9 1 4 0 1 0 1 3 4 1 0 2 0 1 8 1 0 16 1 0 1 0
0 0 3 0 1 0 0 0 0 1 1 0 1 0 1 1 0 0 0 1 0 2 0 0 0 0 5 2 0 0 0 0 0 0 12 0 0 0 0 1 0 0 0 5 0 1 0 0 0 0
2 0 10 5 0 1 0 1 1 0 0 0 0 0 1 0 1 0 0 10 0 0 0 11 0 0 0 0 1 0 1 0 3 1 0 1 3 0 0 1 0 0 0 1 0 0 1 0 0 0
2 7 5 10 0 0 2 6 0 1 0 7 15 9 0 0 6 0 9 8 2 0 34 0 3 17 13 8 19 32 16 6 0 46 3 3 0 11 3 25 4 30 9 10 7 7 8 2 9 4
1 13 7 0 1 0 12 3 2 2 8 2 4 3 0 4 2 16 0 0 10 3 14 20 15 1 1 0 5 1 0 0 12 1 6 0 6 0 2 20 10 10 5 4 4 0 1 2 5 1
0 1 0 0 0 0 0 0 0 0 0 0 1 0 0 0 1 0 0 0 0 0 0 0 0 1 0 1 0 0 0 3 0 1 0 2 2 1 0 1 3 0 0 6 1 0 1 0 0 1
1 0 0 2 0 0 0 1 0 0 1 1 0 1 0 0 1 0 0 1 0 0 0 2 1 0 1 0 1 13 2 1 2 1 0 0 2 1 0 0 0 0 2 1 1 4 0 0 0 2
0 0 0 0 0 0 0 2 0 0 5 0 0 0 0 0 1 0 1 0 2 1 2 0 0 0 0 1 0 0 0 0 2 0 1 1 3 0 0 0 1 0 0 0 0 2 0 0 1 0
3 26 2 1 55 6 1 12 14 15 0 4 0 6 3 22 6 12 0 8 4 19 1 14 6 16 1 1 13 2 0 5 2 4 1 1 0 3 8 2 33 13 2 2 4 2 21 2 2 0
2 0 3 1 4 1 1 2 2 2 3 1 2 6 20 0 5 3 0 13 1 9 0 2 0 33 2 17 1 1 2 3 6 0 1 2 1 18 2 6 5 0 0 1 2 6 12 0 7 1
0 3 3 0 13 0 1 4 1 7 1 4 2 0 2 2 0 9 3 6 5 3 5 0 0 0 0 2 10 0 3 1 3 5 2 9 0 13 8 11 0 8 5 3 6 5 7 9 2 5
1 1 6 5 0 0 2 0 0 1 0 0 1 0 0 0 4 0 2 4 0 0 0 6 0 0 0 0 1 5 0 0 7 0 1 0 3 0 1 0 0 1 0 0 0 1 0 10 3 0
25 1 29 1 16 24 1 8 4 0 25 9 7 13 10 4 4 18 10 5 5 4 3 24 4 3 15 8 29 1 11 1 3 1 0 14 3 6 4 19 1 14 29 1 4 13 9 0 3 3
0 0 0 0 3 0 0 0 0 1 0 1 0 0 1 0 0 2 0 0 0 1 1 1 0 0 0 0 0 2 0 0 1 1 0 0 0 1 0 0 1 1 0 0 0 0 0 0 0 0
9 0 0 4 26 1 1 2 12 4 19 6 1 0 8 10 20 24 10 0 15 7 19 0 0 3 0 2 0 5 8 3 0 28 9 3 0 7 15 7 24 11 9 1 3 7 15 12 17 2
0 1 0 0 0 0 0 1 1 0 1 0 0 0 0 0 1 0 0 1 0 1 1 0 0 0 1 4 0 0 0 6 0 0 0 0 0 0 0 2 0 0 0 0 0 0 0 1 0 3
13 8 1 0 2 4 2 4 0 2 2 36 5 20 20 1 4 4 12 7 4 15 16 2 11 1 6 2 0 0 0 9 3 10 1 0 8 1 6 1 3 3 0 12 1 51 16 0 0 2
4 1 14 6 26 3 1 8 1 5 35 1 7 4 5 3 4 46 6 0 12 1 0 0 6 6 2 14 30 6 5 3 1 0 14 0 8 2 9 0 5 3 8 3 7 0 0 1 0 10
2 1 5 5 11 3 3 4 0 0 1 0 2 12 11 0 3 18 7 2 0 1 23 2 1 1 0 1 4 3 1 0 3 1 0 0 0 1 4 1 10 1 5 0 4 2 3 13 6 0
3 3 0 1 2 1 0 6 2 5 1 0 2 4 3 1 0 1 2 19 1 5 2 4 2 0 10 7 0 1 1 0 7 6 0 2 5 18 0 0 4 0 6 0 8 5 5 5 24 2
0 0 0 0 2 1 8 6 6 2 1 2 9 1 18 5 5 0 0 0 0 4 1 0 0 0 6 8 10 0 13 2 0 1 0 6 0 9 2 6 1 6 5 1 2 1 7 0 0 0
1 5 0 2 1 0 8 0 4 10 8 17 17 2 60 3 13 4 6 0 6 10 5 5 7 2 4 18 4 1 3 0 7 1 27 5 0 17 1 5 0 7 4 3 3 23 2 0 12 25
22 5 2 3 1 3 6 5 2 7 6 10 4 0 1 4 2 12 15 10 7 1 33 2 1 3 12 3 1 11 2 5 2 3 17 9 3 5 0 12 1 4 7 10 22 9 4 6 4 0
