0 0 3 2 3 1 2 1 6 0 1 4 6 6 5 0 3 1 6 2 5 0 26 21 6 5 6 4 7 13 1 20 5 7 7 2 2 1 6 6 0 0 8 6 5 19 9 6 21 0
4 7 6 0 13 10 1 0 3 4 4 4 2 19 4 1 6 12 1 7 4 9 7 4 12 8 0 5 14 7 12 10 4 20 24 11 8 13 0 9 10 18 8 0 15 15 15 20 2 13
0 4 0 1 0 2 0 0 7 0 0 2 0 0 2 4 1 0 1 4 0 1 0 2 1 2 21 0 2 15 0 0 25 0 4 0 0 0 0 0 0 5 0 0 2 0 0 1 0 2
0 6 1 4 2 6 11 0 4 15 0 1 1 1 0 7 0 9 0 10 22 0 13 3 3 0 2 7 2 6 13 11 4 8 1 5 10 1 0 13 11 1 11 14 0 5 3 1 16 0
3 0 4 5 6 5 3 16 3 7 8 0 8 3 10 0 0 0 2 11 7 25 1 0 15 17 5 8 13 2 6 3 0 6 6 5 21 1 4 1 23 4 18 5 6 0 11 30 9 14
0 0 0 0 0 0 0 7 0 1 0 0 1 1 0 0 0 13 0 1 0 0 0 1 19 3 0 0 0 3 3 0 2 0 1 0 1 0 0 0 0 1 0 0 6 0 0 0 1 0
0 0 2 1 0 0 1 1 0 0 0 1 0 1 1 0 2 0 0 0 5 1 0 1 1 0 0 1 0 0 1 0 0 0 0 0 0 3 0 0 0 2 0 0 0 0 0 0 0 0
0 1 0 0 5 0 0 0 0 0 0 1 0 0 0 0 2 0 0 0 0 1 0 0 0 0 0 0 1 0 0 0 2 0 0 0 0 0 0 0 1 0 5 1 0 0 0 0 0 0
1 0 0 1 0 3 0 6 1 0 2 0 2 1 0 0 0 2 0 0 0 0 0 0 0 1 2 3 3 1 4 0 1 0 0 1 0 0 0 0 0 2 0 3 7 1 0 0 0 0
14 13 17 47 7 14 9 6 5 9 16 3 4 21 4 41 11 3 6 0 3 5 40 0 11 39 4 12 18 2 13 10 0 2 2 3 0 11 0 6 5 3 3 3 17 4 4 19 2 5
0 0 1 1 0 0 0 0 1 0 0 0 1 10 2 1 0 0 0 0 0 0 1 0 0 0 0 1 3 1 0 0 0 1 1 0 0 0 0 1 0 0 1 0 0 0 4 0 0 1
0 1 11 11 19 6 1 2 1 7 5 4 5 3 12 20 2 29 4 8 2 0 5 1 7 8 32 8 25 9 8 12 1 17 2 1 5 1 27 3 1 1 0 10 0 27 0 2 8 22
8 1 0 3 0 5 4 1 0 7 0 3 1 3 0 2 0 0 0 0 0 0 0 1 3 0 0 0 3 0 0 4 0 9 0 0 11 0 2 3 7 1 1 2 0 0 7 0 4 0
5 5 1 2 0 41 1 4 12 8 2 21 2 2 22 11 3 14 3 5 15 0 6 15 4 8 11 3 2 8 0 9 0 7 11 4 2 5 5 2 4 13 3 13 3 21 13 1 10 0
4 0 0 18 1 0 10 2 0 7 1 8 7 9 0 1 27 1 3 12 3 1 12 2 0 11 0 15 10 8 11 16 16 12 18 14 0 6 3 6 0 16 0 4 3 13 5 19 17 7
0 1 2 1 0 0 0 0 0 0 0 0 4 9 1 0 0 0 2 0 0 0 7 1 0 0 1 1 2 0 1 0 0 5 0 0 0 1 2 1 1 1 0 0 2 0 5 0 0 1
19 0 2 0 0 0 0 0 2 4 2 1 2 3 0 12 7 2 5 0 0 1 1 0 1 1 8 5 0 4 0 2 10 2 0 1 10 0 1 2 0 0 1 6 13 0 1 0 0 3
9 6 16 10 17 7 10 18 0 30 9 3 35 14 15 13 5 2 22 1 33 11 10 30 4 28 3 2 4 18 5 1 0 0 6 1 20 2 2 0 3 5 25 0 1 2 9 9 3 10
10 10 0 3 0 1 4 10 14 3 5 1 3 4 5 0 6 6 17 3 6 2 1 12 12 3 11 1 1 17 0 6 32 0 4 1 1 13 0 0 12 8 4 1 3 7 1 3 0 2
0 0 4 2 2 0 4 2 2 11 0 4 4 2 0 0 0 0 2 0 0 5 1 0 0 6 3 0 13 2 1 1 0 5 0 2 10 0 3 4 1 0 0 8 0 2 0 0 19 0
4 28 2 3 4 1 17 2 33 3 0 10 18 4 8 1 4 4 11 1 5 27 5 2 8 0 8 6 0 3 2 1 2 7 15 8 1 7 19 18 0 6 0 8 8 4 2 1 0 2
0 4 1 8 0 0 3 1 0 2 2 2 2 0 5 0 5 4 2 0 8 0 0 6 0 0 8 3 0 1 5 7 0 7 0 4 10 0 6 2 5 5 11 0 20 10 0 2 4 0
1 4 12 11 13 3 4 3 1 1 25 17 37 4 7 2 16 1 14 0 5 0 11 0 1 4 0 0 19 4 6 23 4 3 3 0 1 3 7 1 3 6 4 1 0 1 0 2 32 0
10 23 0 3 2 2 2 1 18 14 1 1 11 3 0 9 0 2 9 19 5 0 0 0 13 26 1 6 17 16 22 10 0 1 0 6 4 0 0 8 9 0 2 0 2 0 7 3 0 20
3 12 24 5 15 6 4 9 0 7 3 10 21 6 13 8 7 17 17 1 14 6 6 6 0 0 2 0 19 7 4 0 1 22 0 30 14 1 19 7 3 0 15 7 1 0 4 1 1 6
2 0 0 1 0 0 0 0 0 0 0 0 0 1 1 0 0 1 0 0 2 0 2 1 1 0 0 0 1 0 0 0 0 0 0 0 0 2 1 0 0 5 0 0 0 0 1 0 0 0
35 12 4 29 8 1 2 8 5 0 1 1 8 4 0 9 3 0 0 2 9 8 9 9 2 1 2 15 5 32 6 10 7 3 5 1 0 11 3 8 5 3 5 4 19 1 0 3 5 11
5 6 14 1 2 2 3 20 3 10 5 2 5 8 0 2 7 1 2 15 7 2 0 5 2 1 10 0 22 38 25 7 2 2 0 7 6 6 8 0 1 13 0 3 1 3 4 2 4 17
2 14 1 6 3 1 21 7 1 5 9 49 33 2 37 2 2 3 3 6 0 8 6 10 6 2 3 2 9 12 5 6 2 25 0 1 25 1 1 0 4 0 26 4 0 2 10 7 18 9
6 0 4 9 0 1 9 1 3 6 10 0 1 0 2 2 1 6 0 1 1 7 1 3 1 2 3 1 8 0 4 5 2 4 10 0 10 2 0 0 4 2 6 2 1 4 0 2 2 1
6 1 11 1 0 22 6 19 6 2 0 14 13 10 13 5 12 0 6 2 7 0 0 2 0 3 0 0 2 42 1 5 0 9 20 11 8 1 8 3 2 2 6 4 9 4 6 0 7 1
11 1 6 4 13 6 1 1 1 3 7 11 14 6 3 1 5 27 17 7 1 6 6 40 4 40 4 2 0 1 1 5 17 1 2 11 5 4 8 14 10 6 12 0 14 7 1 2 2 38
4 0 0 1 0 1 1 0 0 5 4 2 5 1 1 5 9 6 12 11 2 2 4 0 3 0 0 2 2 6 0 3 3 0 0 0 1 16 13 2 4 6 4 3 8 5 11 7 1 0
2 13 3 3 7 18 0 4 0 0 22 3 6 0 0 29 8 1 5 0 15 3 2 7 1 3 11 1 0 13 0 9 6 7 5 5 4 1 3 5 1 2 0 1 0 0 0 17 0 4
1 0 0 2 16 0 0 2 0 1 0 0 1 2 2 0 1 0 0 1 0 1 1 2 1 0 0 0 0 0 0 0 0 0 2 1 0 0 0 0 2 0 2 0 1 0 0 0 0 0
0 4 11 7 2 9 44 19 0 3 13 2 8 8 17 1 0 5 3 4 21 1 20 1 4 15 1 4 2 1 13 1 1 9 15 4 17 0 4 4 5 2 3 2 3 3 3 2 2 2
5 0 0 0 0 0 0 0 3 0 1 1 0 1 0 0 0 0 1 0 0 0 0 0 0 0 0 3 1 0 1 1 0 1 0 0 0 0 0 0 3 0 0 0 0 2 2 0 0 0
5 0 1 6 1 6 1 0 2 1 0 0 2 13 4 6 0 1 14 2 1 0 0 0 0 2 1 0 1 3 2 11 2 10 2 0 0 13 12 3 1 11 1 2 2 2 2 4 9 1
1 0 1 5 0 1 4 1 0 2 0 10 2 9 0 0 1 0 0 0 2 0 16 0 3 3 0 11 10 0 1 3 0 3 2 3 0 0 5 1 12 0 1 3 0 0 2 3 9 0
3 0 0 3 0 0 1 0 1 0 0 0 0 1 2 0 0 1 0 0 0 0 1 0 1 0 0 0 1 0 1 0 0 2 1 0 0 1 0 4 1 1 0 0 0 0 0 0 0 0
0 0 3 0 1 0 0 4 0 0 0 0 0 0 0 0 1 5 0 0 1 0 0 0 8 0 0 1 0 0 0 0 0 0 0 0 0 0 0 0 0 3 0 0 5 0 0 0 0 0
4 4 3 2 0 0 8 5 7 2 1 0 3 19 10 4 3 1 0 1 0 0 0 8 2 7 5 1 1 0 0 0 0 10 1 9 9 7 0 0 5 13 0 3 1 10 4 0 3 3
5 4 8 2 12 16 0 3 2 4 5 7 16 1 0 1 1 5 20 8 9 8 16 11 24 2 0 2 9 0 7 15 20 25 21 5 0 9 23 16 0 9 6 0 5 11 9 5 1 44
0 3 0 0 3 3 0 0 3 1 0 20 8 4 28 14 2 0 6 2 4 3 0 2 1 0 0 0 20 0 6 1 9 16 2 12 2 12 9 9 8 18 12 21 0 2 1 0 2 0
6 1 0 4 2 1 10 3 0 0 4 11 22 27 0 0 0 0 0 1 1 1 1 0 7 6 0 3 2 0 2 0 0 0 1 7 2 0 3 5 4 0 4 5 1 1 7 6 4 0
0 0 0 0 0 0 1 2 0 0 1 0 0 0 1 1 1 0 0 0 1 0 1 1 1 0 2 0 0 0 0 0 0 3 0 0 0 0 0 2 0 0 0 0 0 0 0 1 0 0
0 1 0 0 0 0 0 2 0 1 0 0 0 1 0 0 0 1 1 0 0 1 0 1 0 0 0 1 0 0 0 2 0 4 0 0 0 0 0 1 0 0 2 0 0 0 0 0 0 0
5 18 6 3 11 13 0 1 8 5 19 3 0 6 0 0 2 0 0 7 0 8 4 18 6 19 0 2 41 4 10 15 2 4 3 6 0 8 2 7 0 13 11 10 2 2 14 0 7 4
2 3 1 17 3 9 7 8 10 22 23 0 5 10 0 2 4 4 0 9 7 4 0 9 3 14 21 9 2 6 4 27 3 2 10 0 2 6 1 2 2 0 1 14 1 1 0 5 14 11
0 3 1 4 0 0 0 0 0 1 0 0 0 1 1 1 0 0 0 0 30 4 0 3 0 0 0 0 1 0 0 0 0 0 0 1 0 3 1 0 0 2 0 0 0 0 0 0 0 2
1 15 33 4 0 3 32 13 12 2 36 16 3 8 7 6 0 15 4 24 0 3 11 1 2 20 14 4 3 1 3 1 0 3 4 6 10 1 6 4 15 0 1 1 2 15 0 5 0 4
0 12 8 1 2 0 6 0 2 3 0 1 6 4 10 1 7 0 4 0 5 5 3 6 0 3 7 1 11 1 3 1 2 2 6 0 6 2 23 3 0 3 14 10 1 7 2 0 0 12
0 3 11 2 0 1 2 2 0 1 1 0 2 0 2 12 0 0 0 2 1 7 1 18 0 1 20 0 2 9 22 1 0 8 0 4 0 1 2 19 7 2 0 7 9 2 0 2 0 13
1 4 3 2 11 1 3 2 3 0 3 8 9 11 2 12 17 0 2 11 8 8 3 0 2 3 0 9 1 1 7 11 11 1 10 7 3 17 9 2 3 1 3 0 4 6 14 8 2 9
0 0 0 0 0 0 0 0 0 2 1 1 0 3 0 1 1 0 1 1 0 0 0 1 0 2 1 0 0 0 0 0 0 0 1 1 0 22 0 0 0 11 0 0 0 0 0 0 0 8
3 4 9 3 8 0 17 14 1 3 25 11 2 12 32 1 27 7 3 3 1 2 20 1 14 2 9 1 14 7 6 7 26 27 5 8 8 0 6 2 2 0 1 13 16 6 9 0 11 0
1 0 4 2 2 12 5 0 56 0 5 1 12 3 4 3 1 8 12 6 18 3 12 10 21 3 32 4 2 5 2 9 2 1 13 4 17 4 0 4 10 22 5 1 28 8 8 16 1 0
1 0 0 0 0 8 0 0 4 0 1 0 0 0 2 0 2 0 1 8 10 1 2 4 0 0 13 1 0 9 0 3 6 1 1 0 0 3 0 0 0 1 0 0 1 0 3 0 0 3
0 4 0 0 1 13 4 29 29 2 3 5 7 1 10 7 6 2 4 18 20 8 12 8 13 13 3 0 6 1 1 2 3 2 10 4 1 7 17 7 0 1 3 2 10 0 17 3 2 6
0 0 0 0 14 0 0 0 1 0 0 2 0 0 0 1 0 1 2 3 1 0 0 0 1 0 0 0 0 0 1 1 0 0 0 0 0 0 0 0 0 1 5 0 0 1 0 0 0 0
4 5 0 0 0 0 0 2 12 0 0 0 1 0 1 0 0 0 10 12 4 0 1 2 1 0 1 1 1 4 2 1 2 0 10 1 1 0 0 1 0 1 0 0 0 3 0 0 0 0
8 14 14 3 2 3 9 0 6 20 1 36 7 1 14 1 11 38 6 2 4 3 8 0 2 1 5 32 3 26 17 6 0 1 3 6 22 1 11 0 3 1 6 25 8 0 7 3 5 2
0 0 1 0 1 0 0 0 0 1 1 2 1 1 0 1 0 0 0 1 2 1 0 0 1 1 0 1 8 0 0 0 0 2 2 2 0 0 0 0 0 0 0 0 3 0 0 0 0 0
6 2 26 2 2 12 4 2 8 3 2 19 5 4 8 0 3 5 11 11 18 4 22 26 8 3 5 12 9 9 15 0 10 10 1 3 4 1 4 21 13 7 9 4 0 6 15 1 26 5
0 0 2 1 3 1 2 1 11 2 1 1 1 2 10 2 1 3 15 1 22 20 0 12 7 4 10 4 0 6 2 5 1 2 2 10 0 0 14 1 10 12 0 1 11 4 8 3 12 2
1 0 0 9 3 2 1 1 1 3 0 2 2 7 0 0 0 1 2 1 0 1 3 0 0 4 0 1 2 1 8 1 0 0 0 1 7 0 1 4 0 0 0 0 2 1 0 0 1 0
0 3 0 2 0 2 1 0 1 1 0 1 1 0 3 0 1 0 1 2 0 4 0 20 3 0 0 1 0 15 2 0 0 0 1 0 0 5 1 0 0 0 0 3 3 7 0 5 0 2
0 10 6 3 14 4 1 2 18 3 4 7 0 3 4 4 25 5 8 16 17 0 0 6 1 0 3 0 6 16 1 8 1 0 6 1 0 8 6 5 0 11 1 5 2 9 0 14 1 11
9 16 2 2 0 9 0 2 1 2 4 1 3 1 17 2 8 0 5 5 0 6 6 0 20 1 1 9 2 22 27 4 3 0 2 1 11 5 3 3 1 5 3 3 2 7 4 11 2 1
0 0 0 0 0 0 2 0 1 0 0 0 0 1 0 1 0 0 0 0 2 0 0 0 0 1 0 0 0 0 0 0 0 0 0 0 0 0 0 0 0 5 0 1 0 1 0 0 1 0
2 0 0 0 0 0 0 6 0 0 6 0 0 0 0 1 1 2 0 0 2 0 0 0 0 1 0 0 0 1 0 1 1 0 0 0 0 0 1 0 1 0 0 0 1 1 0 1 1 0
0 0 3 1 1 8 2 3 0 1 2 0 0 0 10 1 9 3 2 0 2 3 0 3 3 0 2 0 1 1 0 0 1 0 11 2 0 6 0 1 0 7 0 0 1 1 1 0 1 9
3 3 4 2 15 5 3 7 8 8 6 7 13 33 4 0 1 10 0 7 4 7 0 6 12 3 6 25 14 0 1 6 0 4 5 4 17 0 11 4 7 11 0 0 4 17 0 1 16 1
4 17 11 11 9 3 13 0 2 22 13 4 4 2 11 16 0 0 15 3 6 6 3 0 4 2 15 0 16 2 12 23 6 2 1 9 4 3 2 0 1 2 5 6 20 3 5 5 1 24
0 0 2 2 0 5 1 0 0 1 0 3 0 4 2 7 1 1 14 9 2 3 3 3 0 4 5 0 5 5 3 0 3 1 0 3 3 6 3 2 4 2 0 2 2 5 6 3 0 4
0 0 1 0 1 0 0 1 0 0 0 0 0 0 1 0 0 0 2 0 2 0 2 0 0 0 0 0 10 0 0 0 0 1 0 2 2 0 0 1 2 0 0 0 1 0 0 1 0 0
0 0 0 0 2 3 0 0 0 0 0 0 0 0 0 0 1 0 3 0 2 0 1 0 1 0 0 0 0 0 2 0 0 1 0 0 0 4 1 3 0 17 0 1 1 0 1 0 2 0
0 3 17 0 8 3 3 0 5 6 0 22 13 0 1 3 0 0 10 7 14 1 5 15 5 2 4 0 0 0 2 1 0 1 7 1 6 1 1 1 0 0 8 0 5 4 5 1 1 12
0 0 0 3 0 0 1 1 1 0 1 0 1 0 0 0 0 0 0 0 0 0 0 3 0 0 1 3 0 0 0 0 0 1 0 0 0 0 2 0 0 0 0 0 0 0 1 0 0 0
7 4 29 7 4 3 4 4 4 7 6 1 0 5 1 5 4 6 3 0 0 15 4 2 15 6 12 13 7 18 11 6 0 9 13 4 15 12 7 6 6 0 2 17 0 13 8 0 3 13
0 0 1 2 0 1 1 0 1 0 1 0 0 1 0 0 0 0 1 0 0 1 1 1 0 0 4 1 6 1 0 0 1 1 0 0 0 0 1 2 3 0 2 0 1 0 0 0 0 0
0 1 0 0 0 0 1 0 0 3 0 0 0 1 3 0 1 0 0 0 0 1 0 2 1 0 0 0 2 0 0 0 1 0 1 0 0 1 1 2 0 0 0 0 0 0 0 0 0 0
0 1 0 1 1 0 0 1 0 0 0 0 0 0 1 2 0 1 0 0 0 1 0 4 0 0 3 1 0 2 0 0 2 0 0 0 1 8 0 0 0 5 0 2 0 1 1 1 0 1
2 28 0 3 13 8 9 2 2 3 1 6 1 6 7 0 2 1 1 1 12 6 1 1 0 0 4 1 16 0 0 7 1 2 1 1 4 1 1 0 4 4 10 0 1 6 4 1 2 0
10 4 1 3 2 6 8 53 22 6 13 4 8 6 22 5 14 1 4 6 5 17 0 1 0 3 15 0 0 46 25 6 3 0 2 8 17 0 10 3 2 6 3 7 1 6 0 4 4 21
1 0 3 0 0 0 1 1 1 0 0 1 0 5 0 0 0 5 1 0 0 0 0 0 1 2 2 1 4 1 0 0 1 24 0 1 0 0 0 2 1 0 0 0 0 0 3 1 1 2
1 8 12 1 1 11 0 8 3 2 0 2 5 1 1 0 3 9 4 6 7 5 2 0 4 1 0 27 4 0 15 10 0 0 4 0 6 1 1 11 3 1 3 5 0 7 14 6 1 5
0 2 13 1 0 3 0 2 5 0 0 3 0 15 7 1 4 1 4 1 1 0 18 6 0 4 0 4 6 0 4 2 13 2 0 1 4 5 5 0 3 2 0 3 13 9 4 4 6 2
0 9 5 0 1 17 10 1 5 1 0 0 0 21 1 1 3 0 9 4 3 5 4 3 8 3 4 4 7 6 0 0 6 0 3 9 7 12 17 16 2 4 4 3 1 0 0 3 16 3
0 4 20 4 3 0 8 0 2 4 14 21 11 7 14 11 11 1 1 9 7 1 4 6 5 26 13 1 12 20 11 5 4 5 17 17 5 0 0 5 2 1 0 12 0 0 11 9 19 10
0 11 0 4 2 2 1 3 5 9 3 1 3 5 2 5 0 4 1 5 4 2 4 15 2 5 0 2 3 2 6 1 2 2 0 0 6 0 3 5 4 1 4 4 0 5 2 4 2 3
1 0 0 6 10 15 4 0 2 18 13 4 0 8 3 2 18 14 8 8 4 1 6 0 1 2 9 5 11 7 10 2 0 0 1 5 3 8 8 30 2 10 0 13 10 6 5 1 15 3
0 0 4 3 11 0 1 10 0 0 0 5 1 2 0 0 7 5 5 3 3 2 6 0 0 1 1 5 15 5 4 5 3 1 9 6 4 4 2 4 11 3 0 0 2 2 3 2 1 0
13 7 4 5 13 18 11 3 7 5 1 8 13 5 14 0 1 6 9 7 1 1 4 4 8 5 24 2 8 30 18 7 20 23 1 6 8 0 1 19 4 1 25 0 22 1 15 49 10 8
0 1 1 0 0 0 0 0 0 0 0 0 6 0 0 0 1 0 0 1 0 0 7 0 0 0 2 2 16 0 0 0 0 14 1 0 0 0 1 2 0 1 0 0 0 0 0 1 0 0
6 6 3 2 4 5 2 0 3 9 0 7 3 0 3 17 0 4 2 0 5 1 3 0 1 3 2 4 2 0 10 11 5 0 0 1 3 3 1 11 12 2 8 6 4 13 8 1 2 7
10 9 10 3 7 5 25 0 0 8 9 3 23 18 0 7 4 22 1 0 2 6 4 0 17 4 19 13 0 6 7 5 5 8 5 7 6 4 2 2 14 8 0 9 3 0 5 1 10 3
0 0 0 1 0 2 0 9 1 0 0 0 0 0 0 1 0 8 0 0 0 1 0 1 5 1 0 1 0 0 1 3 0 0 0 0 2 1 0 0 0 1 0 0 0 1 1 0 1 1
3 10 5 1 15 4 2 7 3 10 5 13 1 8 2 19 7 1 11 4 0 1 0 5 5 1 8 1 0 5 3 3 19 1 11 8 0 5 10 3 13 5 5 4 41 1 11 5 1 5
1 0 0 0 10 0 0 0 0 1 0 1 0 0 0 0 0 0 0 0 0 0 0 1 0 0 0 13 1 0 1 0 4 0 1 2 0 0 1 0 0 2 7 0 0 1 0 0 0 2
