0 0 0 0 0 0 0 0 3 0 0 0 11 1 0 1 1 0 1 0 0 1 0 2 0 0 0 0 0 0 0 0 0 1 0 0 0 1 0 0 0 1 0 0 1 0 0 0 0 0 1 1 2 0 0 0 0 0 0 0 0 0 0 1 0 0 0 5 2 2 0 0 2 0 1 0 1 0 0 0 0 0 0 0 0 1 0 2 0 0 0 0 1 1 0 0 0 0 0 2
27 5 7 6 11 4 4 1 5 2 7 6 3 4 8 17 15 5 2 22 0 32 1 1 8 1 6 26 12 5 1 7 3 4 8 8 4 28 12 11 2 2 5 1 10 3 5 12 11 22 0 4 4 3 20 13 9 6 11 13 10 5 0 4 1 11 13 2 1 0 12 1 4 13 1 6 4 2 11 2 0 12 16 6 5 0 7 6 5 5 5 2 7 18 5 1 4 4 11 19
1 2 2 0 0 0 0 0 0 0 0 0 0 0 0 2 0 0 0 0 0 0 1 0 0 1 0 2 0 4 0 1 1 0 0 0 0 0 0 0 0 0 0 0 0 0 1 0 0 1 0 0 0 2 0 0 0 0 0 1 0 0 0 2 1 0 0 0 0 1 0 0 0 1 2 1 0 0 0 0 0 1 0 1 0 0 1 1 1 1 0 0 0 0 1 2 0 0 2 0
0 4 4 3 0 4 0 11 2 2 4 8 9 1 2 11 3 4 4 1 19 0 5 0 0 13 1 5 3 3 8 2 1 0 6 0 1 6 5 11 2 0 3 2 4 16 1 5 5 0 4 0 6 0 2 9 0 0 4 0 4 1 5 3 1 2 3 14 7 13 13 3 4 20 12 6 1 0 0 1 0 0 22 3 16 1 0 5 0 7 4 2 1 6 0 6 3 0 4 8
1 1 5 1 2 6 0 16 4 4 4 0 7 6 0 1 7 5 14 2 0 9 7 0 2 0 1 2 1 5 1 3 3 7 0 2 6 5 6 10 0 3 11 1 0 4 3 3 1 3 2 9 3 3 1 5 13 2 0 2 2 0 2 1 13 0 2 12 7 4 3 2 23 4 6 0 1 0 11 5 0 0 3 6 4 0 4 0 2 6 2 1 5 2 9 3 5 0 3 2
1 0 13 1 1 0 0 1 2 0 0 2 2 1 0 0 0 1 0 1 2 1 1 0 0 1 0 0 0 0 0 0 0 0 0 0 0 0 2 0 0 0 0 0 1 1 0 1 2 1 1 0 0 0 1 0 0 1 0 3 1 0 0 0 0 0 0 0 0 0 1 0 1 1 2 0 0 2 2 0 0 0 0 0 0 3 0 0 2 0 2 0 0 0 0 1 1 0 0 0
4 6 0 2 3 14 19 15 17 10 6 14 8 16 3 4 14 4 3 9 2 5 5 13 8 0 12 0 2 14 5 23 7 0 8 9 2 0 2 13 3 5 49 9 6 2 5 9 16 7 2 0 3 13 6 4 12 9 1 9 4 1 6 6 4 6 9 9 8 2 7 3 0 4 0 8 4 15 1 0 1 4 30 2 15 11 9 8 6 2 2 1 6 8 10 0 3 2 1 7
1 4 4 0 0 13 3 0 2 1 1 11 0 10 1 10 1 6 13 1 1 4 11 0 4 7 3 1 2 0 5 2 3 0 2 0 12 5 5 4 2 3 13 4 14 3 0 0 1 0 1 0 3 0 1 2 7 2 4 0 0 7 2 1 1 0 0 5 2 6 3 2 8 11 1 1 1 0 0 0 0 0 4 9 7 14 0 2 1 2 7 7 0 1 0 3 9 3 0 1
0 0 0 0 0 0 0 0 0 0 3 0 0 2 1 0 1 3 1 0 0 0 0 1 0 0 0 0 0 0 2 2 3 0 0 1 0 1 3 2 0 0 0 0 1 1 0 1 1 0 1 0 0 0 0 1 3 0 0 0 1 0 0 0 0 0 0 0 0 0 0 0 0 0 0 0 1 0 0 0 0 0 0 0 0 0 0 0 0 0 0 0 0 0 1 0 1 0 0 0
3 7 6 3 0 1 2 28 2 5 0 3 3 0 14 0 8 6 13 0 1 3 13 1 7 0 9 5 3 7 5 13 17 3 6 1 3 1 1 1 3 0 13 6 4 1 1 8 11 2 0 1 6 3 5 4 2 3 19 20 7 10 5 6 0 8 33 8 13 0 4 1 3 3 4 3 12 0 6 8 1 0 3 16 4 0 6 7 5 2 3 1 3 3 1 22 2 7 5 0
0 0 0 0 0 0 1 0 0 0 2 0 0 0 2 0 0 1 0 1 0 7 0 0 3 0 0 0 0 0 1 0 1 0 0 1 0 0 0 6 5 0 1 3 0 0 0 0 1 0 0 1 0 0 2 0 0 0 1 0 2 0 5 0 0 2 0 0 0 0 0 2 0 1 0 0 2 0 0 2 1 1 3 0 0 0 0 0 0 1 0 0 0 0 0 1 0 0 1 1
4 0 0 0 8 0 3 6 3 1 2 2 2 2 3 0 6 0 8 2 1 0 0 3 8 1 0 2 4 6 2 4 2 3 0 4 2 0 9 4 1 0 0 1 22 2 1 2 1 0 0 0 26 7 4 3 1 2 2 0 2 6 8 5 0 9 10 6 5 2 0 3 5 1 12 1 5 4 1 1 11 3 5 3 1 2 6 15 12 0 1 1 6 2 0 0 0 2 19 8
0 0 1 0 0 0 0 0 1 0 0 0 0 2 0 1 0 0 0 0 0 0 0 0 2 1 0 0 1 0 1 0 0 1 0 0 0 0 1 0 0 0 0 0 1 3 0 0 0 0 1 1 0 0 0 0 0 0 1 0 0 0 1 0 0 1 1 1 1 0 0 1 0 0 0 2 0 0 0 0 0 0 0 0 0 0 0 0 0 0 0 3 0 1 0 1 0 4 0 0
28 4 6 6 11 1 1 0 10 3 10 23 5 12 1 0 0 11 0 37 1 1 9 4 4 2 10 9 6 4 12 0 6 0 3 5 10 0 0 36 0 5 8 5 22 11 0 0 6 23 5 11 5 0 20 3 1 5 25 8 19 3 17 1 4 2 1 2 1 4 5 7 12 31 3 0 3 1 9 11 4 0 20 2 6 0 5 4 17 19 3 5 2 9 12 2 11 1 6 17
12 4 0 8 1 2 0 9 4 5 0 25 9 14 2 1 3 1 3 1 8 3 5 2 7 7 0 2 1 2 2 0 3 5 0 0 3 34 3 0 6 3 4 4 17 0 4 0 1 0 0 0 2 2 0 1 10 3 4 7 7 21 3 2 2 3 4 3 2 1 0 3 1 2 0 4 2 3 0 13 3 1 2 3 7 1 0 5 3 4 10 1 0 7 3 2 3 2 7 4
0 0 2 1 0 0 7 0 2 0 0 0 0 9 0 0 0 0 0 0 0 4 0 0 0 0 4 0 0 0 1 0 0 5 0 0 2 1 0 2 1 0 0 0 0 0 0 0 1 0 1 0 0 0 0 2 0 0 1 0 0 0 0 0 0 0 0 0 0 0 0 2 0 0 1 0 0 0 0 0 0 1 0 0 0 1 0 0 0 0 0 0 1 0 0 0 0 2 0 0
0 0 1 0 0 4 0 0 1 7 0 0 0 1 0 1 0 1 0 0 0 0 0 0 0 1 0 1 0 1 0 1 0 0 1 0 6 1 0 1 1 1 1 0 1 0 0 0 0 0 2 0 0 0 0 0 1 2 1 2 0 0 0 0 0 0 0 0 0 1 0 0 8 5 0 0 0 0 0 0 1 0 0 0 2 6 0 0 0 0 0 2 1 0 0 0 0 2 1 2
12 18 2 8 4 0 18 24 6 7 14 6 5 13 0 2 0 4 8 2 34 10 4 6 16 0 6 2 1 6 22 8 12 9 4 6 1 0 0 4 0 33 10 0 3 1 6 0 10 0 9 1 5 11 10 0 2 2 7 7 1 15 3 0 6 52 5 15 4 12 10 3 5 0 0 14 16 5 0 1 13 28 3 25 6 2 6 12 3 0 4 0 7 10 6 5 8 0 12 1
0 0 0 2 0 0 1 0 0 0 0 0 1 1 0 0 0 0 0 1 0 0 3 1 1 0 0 0 0 9 0 0 0 1 0 0 0 0 0 1 0 0 0 0 0 0 0 0 0 19 0 1 0 0 0 0 0 0 0 0 0 0 2 0 8 0 0 0 0 0 1 0 0 0 0 1 0 4 1 3 0 1 0 2 0 1 1 1 2 0 0 0 0 1 1 1 0 0 0 1
10 7 2 1 0 0 1 0 3 10 0 1 1 11 5 5 1 1 0 2 4 8 6 1 7 1 7 3 5 5 17 2 4 0 2 5 0 1 1 0 0 0 9 5 1 1 0 8 5 4 2 1 2 1 0 0 3 16 5 3 3 5 1 7 6 1 2 1 4 0 0 3 1 0 0 0 9 0 3 0 3 14 1 15 6 11 1 2 1 0 12 8 5 2 9 2 11 3 5 2
12 31 1 7 5 2 29 3 1 3 27 2 2 3 2 1 26 19 5 16 2 0 14 11 3 0 22 1 4 27 14 4 5 0 15 4 8 5 28 1 1 1 4 4 4 13 5 4 4 43 7 21 3 3 31 8 2 4 7 42 0 13 12 9 10 4 14 3 2 0 17 35 9 0 1 15 0 13 11 9 3 16 2 7 0 2 0 22 10 2 0 4 14 3 30 8 24 0 1 3
30 4 0 18 13 13 7 4 3 2 7 6 2 10 5 1 3 23 14 1 1 4 5 1 16 0 10 20 5 0 12 10 19 14 12 0 5 11 8 38 2 4 1 18 1 1 0 31 3 0 2 38 1 0 9 4 7 15 6 1 0 7 10 15 12 2 27 4 2 13 2 4 0 6 1 26 5 0 0 1 3 3 15 17 10 0 2 14 11 3 1 6 10 2 0 1 2 7 13 7
1 4 7 4 11 1 0 20 1 6 0 8 1 6 0 5 6 14 0 6 5 1 7 10 0 4 3 0 5 2 0 1 4 3 13 0 0 6 0 6 9 0 15 1 3 2 0 2 8 0 0 2 1 3 4 0 5 8 0 0 0 2 1 1 7 5 2 6 2 11 3 7 1 0 3 0 1 5 0 5 1 6 4 5 4 6 9 2 0 5 7 3 0 0 1 0 2 6 0 0
5 6 5 15 5 5 2 0 11 2 2 0 9 5 3 1 2 0 3 2 0 6 2 20 0 1 3 4 3 1 2 4 3 9 13 1 1 7 3 9 9 14 2 2 2 7 3 0 10 4 0 0 11 1 2 3 4 8 2 5 10 0 1 11 4 3 2 0 4 3 2 0 3 1 9 3 6 5 2 5 0 6 3 0 2 5 1 10 7 10 4 13 5 22 10 1 5 1 9 7
15 3 0 0 3 0 0 0 1 0 3 0 0 0 3 2 1 2 1 1 1 0 0 0 0 0 8 0 0 0 0 2 0 0 0 0 0 0 0 0 0 0 0 0 0 0 1 0 0 0 0 0 1 5 1 0 0 0 0 0 0 0 0 0 2 1 3 0 0 0 0 2 1 3 1 0 0 0 5 1 0 0 0 0 0 1 0 0 0 8 0 0 0 0 0 0 3 1 1 0
5 0 5 5 0 4 0 23 2 16 3 11 18 0 0 6 1 19 1 0 10 0 2 4 0 4 17 1 15 5 12 10 1 8 9 2 13 1 17 7 0 8 6 19 2 2 3 9 7 2 1 8 38 10 1 3 2 13 0 0 1 4 10 3 5 2 5 1 5 6 22 34 3 0 2 2 29 9 8 7 18 4 4 4 0 4 24 0 16 1 23 0 17 8 20 3 0 2 1 1
0 0 1 2 3 5 3 1 2 2 1 13 6 6 6 8 4 0 2 25 2 14 8 5 11 0 0 0 6 8 0 6 4 2 3 0 4 6 0 6 2 4 0 0 17 4 20 7 19 12 0 4 2 2 2 2 2 4 14 21 6 17 0 10 10 5 13 8 2 10 9 5 0 4 1 2 0 2 1 6 9 8 6 11 7 12 19 1 8 15 37 10 0 2 7 15 1 5 4 12
0 0 0 0 0 0 1 1 3 0 0 0 0 0 0 0 0 0 0 0 0 1 0 3 1 0 4 0 0 0 1 0 0 0 0 0 0 0 0 1 0 0 0 0 0 1 1 0 0 0 0 1 0 0 2 1 0 0 0 0 0 0 0 0 1 1 0 0 0 1 0 0 0 0 0 1 0 1 0 0 2 3 0 1 1 0 2 0 0 5 0 1 0 3 0 0 0 1 0 0
9 7 30 2 7 9 3 0 2 3 3 4 11 0 5 7 0 1 5 0 2 0 7 0 5 4 2 3 0 3 4 15 0 2 2 1 12 3 17 5 5 36 0 1 3 17 1 1 12 2 1 2 12 0 17 7 10 2 4 16 9 3 0 3 2 0 0 0 0 7 2 4 9 7 1 1 2 0 13 0 2 0 3 8 3 0 3 7 30 0 1 1 0 3 27 0 3 1 3 0
0 1 0 0 0 0 0 1 0 1 0 0 0 2 0 2 0 0 0 2 0 0 0 1 0 0 1 0 0 0 1 0 2 18 0 0 0 1 0 0 0 1 0 0 1 1 1 0 0 0 0 0 2 0 0 0 0 0 1 1 0 0 0 0 3 3 1 0 0 0 1 0 0 0 0 0 1 0 0 0 1 0 1 1 1 0 1 0 0 0 0 0 1 1 1 2 3 1 0 0
2 0 1 5 0 2 15 9 0 4 1 0 0 8 1 0 0 0 0 0 0 0 0 1 0 8 0 2 0 4 1 0 0 3 0 3 0 1 2 3 9 3 0 0 0 1 1 5 2 0 0 4 0 0 1 5 0 0 0 1 0 0 1 4 5 1 0 0 0 4 0 3 2 4 3 28 1 0 0 4 3 9 0 1 0 10 9 1 3 0 30 6 1 0 9 0 0 0 6 0
16 0 14 1 3 5 1 1 6 9 2 4 2 7 4 13 8 7 19 13 2 9 4 27 1 10 10 35 10 0 3 7 13 11 5 5 8 0 18 2 6 2 1 6 1 0 2 7 2 4 0 10 4 8 10 0 1 22 2 0 2 5 20 0 6 9 6 6 0 2 24 27 6 1 7 6 17 1 1 1 0 2 4 1 10 1 12 0 5 7 15 11 17 4 24 3 5 3 6 14
5 4 0 12 4 0 3 6 3 1 8 9 6 2 0 6 6 2 4 2 0 1 3 7 2 3 2 0 5 0 1 3 2 2 0 0 19 10 8 2 6 10 4 3 6 0 2 1 0 6 5 2 2 4 8 2 3 8 10 0 10 2 2 3 3 5 1 8 2 2 3 0 2 12 1 7 0 0 0 5 3 5 1 3 5 9 0 0 4 0 0 1 8 2 0 14 1 0 2 4
6 12 10 2 3 5 3 10 1 0 2 7 1 3 7 1 5 0 4 1 4 3 11 0 11 0 4 14 0 0 1 14 3 0 1 1 11 3 4 4 6 0 8 2 0 0 1 2 0 11 7 9 1 1 1 3 1 8 0 6 0 4 0 5 4 3 3 7 3 4 6 4 0 4 2 7 2 19 0 4 2 5 0 2 3 1 11 4 2 2 0 17 6 3 3 3 0 2 5 13
0 1 0 2 0 0 0 2 4 0 0 1 0 2 1 0 0 0 0 1 2 1 0 0 1 0 0 0 0 1 0 0 2 0 0 0 1 0 0 0 2 1 0 0 0 15 0 0 0 0 0 0 0 0 2 0 0 0 0 0 0 0 1 1 1 1 0 0 0 0 0 1 0 0 0 15 1 0 1 0 1 3 0 4 0 1 1 1 0 0 0 1 0 0 0 1 0 0 1 1
1 1 1 0 0 1 0 1 0 0 2 0 2 1 2 0 0 2 0 0 0 0 0 0 0 0 0 0 0 0 0 0 0 0 0 2 1 0 1 1 1 3 0 1 0 6 0 2 0 0 0 0 0 0 0 0 2 0 0 0 0 0 1 0 1 0 2 0 0 1 1 1 1 4 0 0 1 0 1 0 1 0 1 1 0 1 0 1 0 0 0 1 5 0 0 0 0 5 0 0
0 0 0 0 0 1 0 0 0 0 0 0 4 1 0 0 0 0 0 0 0 2 0 1 0 1 0 0 1 0 0 0 0 0 0 0 0 0 0 1 2 0 0 0 2 0 0 0 0 3 0 2 0 0 0 0 1 0 1 0 0 0 0 0 1 0 0 2 5 0 0 0 0 1 0 7 1 1 0 0 0 2 0 5 0 3 0 0 0 1 1 0 0 0 0 1 3 1 0 0
16 0 0 6 0 5 4 2 11 4 3 21 21 13 10 7 3 0 10 3 4 4 9 9 13 4 9 9 10 4 4 4 0 0 5 14 4 17 0 0 0 9 6 22 11 10 9 6 5 45 1 5 13 3 4 22 5 3 0 1 1 7 0 29 2 6 2 5 1 5 10 2 7 3 14 17 2 0 4 11 15 1 0 3 6 0 8 4 21 19 2 2 7 5 2 1 2 4 1 15
0 0 11 0 0 4 0 0 1 0 0 0 0 0 0 0 0 0 0 0 0 1 0 0 0 1 2 2 0 0 0 1 1 0 2 1 0 0 0 0 0 0 0 0 2 0 0 0 2 0 0 0 0 2 0 0 23 1 0 0 0 1 1 0 0 2 0 1 0 0 1 0 0 0 0 0 0 1 0 0 0 0 2 0 0 0 0 1 0 0 1 0 0 0 0 0 0 0 2 0
5 5 1 1 0 0 12 7 1 2 5 0 9 3 13 17 4 12 18 0 38 11 15 1 3 0 11 8 8 15 4 25 25 16 22 9 10 9 25 3 12 5 4 2 1 15 4 5 0 29 9 2 2 7 4 4 0 3 18 4 14 6 3 16 1 14 0 9 2 2 16 12 12 12 17 16 5 6 2 7 10 12 0 11 6 1 12 5 4 1 13 8 3 14 13 9 3 7 7 6
11 0 13 35 4 9 11 1 4 2 5 6 9 15 5 21 1 6 8 2 3 2 8 5 7 5 1 2 5 16 0 26 1 14 4 10 0 6 1 14 7 2 7 9 1 3 7 6 5 4 8 2 6 3 21 4 13 0 0 0 10 6 11 0 0 2 5 2 3 2 9 3 9 0 1 6 2 12 5 3 2 2 15 3 8 10 3 18 7 3 4 4 15 6 9 10 12 11 25 2
9 1 2 0 37 15 12 30 13 15 21 4 0 7 28 6 7 7 2 1 9 1 11 0 0 4 1 1 11 1 11 11 6 5 11 3 7 1 3 6 4 2 5 4 4 0 0 1 2 16 0 6 13 8 11 5 8 9 3 4 1 4 2 2 3 8 31 7 5 0 16 2 0 1 2 28 9 3 11 15 4 0 3 2 1 2 14 7 0 8 22 19 24 1 3 0 0 18 12 3
7 11 2 6 2 0 14 12 2 5 6 2 4 5 3 8 5 1 1 9 7 6 17 8 12 5 2 2 15 9 0 2 4 4 1 5 1 3 3 2 14 2 4 0 6 0 3 0 3 2 1 1 1 3 14 7 12 16 6 5 16 14 7 20 8 0 1 19 6 0 14 13 3 7 2 0 16 4 29 17 1 4 10 1 14 1 2 4 4 17 15 15 13 6 4 1 4 1 6 14
0 1 0 0 0 0 0 1 12 0 0 0 0 0 1 1 0 0 0 0 1 0 0 1 0 0 0 0 0 1 0 0 1 2 0 0 0 0 0 0 0 0 0 0 2 1 1 0 0 0 1 0 0 2 1 0 0 0 0 0 0 0 0 0 2 0 0 0 0 2 16 0 1 0 0 0 1 1 0 0 0 1 1 0 0 1 0 0 0 1 0 0 0 0 0 1 0 0 1 0
6 3 21 4 3 7 5 17 25 0 1 3 3 13 2 11 14 3 2 17 12 7 3 6 0 1 3 4 13 24 1 13 14 0 5 5 10 4 25 7 4 30 5 0 0 2 11 6 3 8 15 0 3 20 4 14 2 2 18 0 22 2 3 17 7 1 0 4 18 0 4 14 2 5 13 7 7 0 21 5 7 15 26 3 5 11 3 7 0 0 7 3 0 11 24 22 0 16 12 29
8 6 2 6 2 3 1 28 18 8 12 0 2 7 9 5 1 9 6 8 1 12 0 1 5 0 0 16 4 10 29 0 18 12 0 6 14 9 18 9 4 31 2 6 17 3 3 3 5 9 1 18 6 7 2 0 8 29 2 3 8 3 6 21 4 2 2 8 0 5 20 2 7 3 6 8 16 8 7 2 16 19 7 1 29 2 4 2 12 20 1 7 2 5 9 6 0 6 1 16
0 1 0 0 0 0 0 0 1 0 1 0 0 0 0 2 2 0 0 0 1 1 10 0 0 0 0 0 0 0 0 3 0 0 0 0 1 1 0 1 2 1 0 1 0 2 0 0 1 0 0 0 0 0 0 0 0 0 1 0 1 0 0 1 0 1 0 0 0 0 1 0 0 0 0 0 0 1 0 1 0 0 0 0 0 0 1 1 1 0 0 0 0 0 0 3 1 0 1 0
1 0 5 10 1 2 4 4 1 0 0 3 1 34 0 0 1 3 3 4 3 1 1 11 1 0 7 3 0 1 5 3 1 3 1 0 0 3 3 2 8 7 1 3 1 0 1 9 4 6 0 1 0 2 2 16 2 0 3 5 8 5 5 0 2 5 2 0 3 0 8 12 4 6 6 3 1 7 0 6 14 1 4 2 6 0 2 1 9 15 0 10 0 7 17 9 12 1 5 3
9 3 2 16 6 9 0 2 6 1 11 7 9 1 1 7 0 18 33 2 4 7 9 0 0 3 0 0 13 6 19 13 1 6 2 5 4 6 0 35 0 12 6 0 14 3 4 8 14 2 19 7 5 1 0 17 2 15 4 4 3 4 0 11 3 0 7 6 7 4 4 6 8 2 6 8 4 7 24 11 21 8 6 1 2 9 4 8 8 11 2 5 3 0 6 19 9 6 1 2
0 3 9 8 3 0 2 0 1 16 4 0 0 12 4 21 17 9 4 9 2 4 6 4 33 18 1 6 4 4 1 3 16 5 14 5 12 1 8 3 2 28 11 1 1 4 1 6 7 10 2 10 12 46 39 2 6 2 6 7 8 0 1 9 2 17 2 10 0 2 0 2 0 5 5 11 6 2 6 17 4 3 5 1 13 8 8 5 2 5 6 1 0 40 3 0 0 6 6 38
0 0 0 4 0 0 0 0 0 3 0 0 0 1 1 1 0 0 0 0 0 1 1 0 0 0 0 0 0 0 0 0 1 1 1 0 0 1 0 0 0 0 2 0 0 1 0 1 2 0 1 1 0 0 1 0 3 2 1 0 0 0 0 2 0 0 0 0 5 1 0 1 0 1 0 0 2 0 0 0 3 1 1 0 2 2 0 1 0 1 1 2 0 0 0 0 0 2 0 0
5 0 22 6 3 17 5 1 2 4 3 8 4 0 14 4 23 0 0 0 5 0 2 2 2 1 8 12 9 1 3 4 3 1 1 1 1 2 2 10 0 0 2 5 1 0 1 4 1 0 3 0 1 1 3 0 12 1 2 12 8 1 6 6 15 1 1 3 3 2 1 3 2 3 5 1 0 13 2 2 6 1 1 3 9 5 0 3 1 0 8 13 4 3 3 1 26 3 1 5
0 0 0 0 0 0 1 1 0 0 3 0 0 1 2 0 0 0 1 0 2 0 0 0 0 1 0 3 0 2 0 0 1 2 0 1 0 0 4 0 0 1 0 0 1 0 0 0 1 1 0 3 1 0 0 0 0 0 0 0 0 0 0 1 0 0 0 0 1 0 2 0 0 0 0 0 0 0 0 0 1 0 0 0 2 0 0 0 0 0 0 2 0 0 0 2 0 2 1 0
1 28 0 0 8 18 0 0 0 2 0 8 1 1 15 1 2 1 23 16 2 4 24 13 15 72 7 0 0 4 11 0 3 2 15 0 6 5 21 2 13 2 1 7 5 19 13 11 7 4 7 0 4 8 14 4 1 12 17 8 11 1 6 2 7 1 12 13 3 4 0 14 5 3 1 11 11 3 0 7 7 22 14 5 8 8 8 3 11 40 10 2 5 14 2 9 3 21 0 0
6 4 2 23 6 0 1 3 29 9 0 1 13 10 9 7 4 2 3 16 7 8 25 0 9 0 1 2 7 9 4 5 3 1 5 0 1 7 23 1 8 1 0 13 4 18 16 36 11 14 2 4 7 14 0 14 1 7 6 1 8 3 1 22 1 0 5 7 5 2 8 3 26 4 2 7 6 7 16 27 9 2 2 17 18 0 10 3 7 25 9 7 2 2 8 2 0 2 2 0
0 0 11 4 0 0 7 3 1 4 10 1 1 4 10 2 0 10 2 1 4 2 9 45 5 1 5 4 1 2 5 0 0 3 0 0 2 0 1 0 0 1 0 2 6 3 0 3 6 6 1 5 2 6 1 3 0 4 0 1 3 2 7 14 2 4 1 5 1 1 2 0 2 3 10 1 0 16 0 1 1 5 2 2 2 5 4 0 2 1 2 7 2 4 11 4 3 1 1 0
3 17 1 0 14 6 51 4 10 0 13 4 1 9 3 2 16 2 16 2 5 2 10 2 6 8 0 45 34 14 3 2 8 0 8 3 19 3 0 12 5 9 2 6 1 4 1 8 10 9 5 8 4 7 15 28 2 8 3 1 3 18 11 0 4 3 4 4 33 16 20 9 6 1 10 1 19 6 15 0 2 0 8 1 2 14 2 6 3 12 0 1 4 7 22 3 8 1 25 13
6 0 7 1 1 9 6 4 0 3 2 4 4 8 5 6 0 7 4 9 13 0 7 7 5 4 7 5 1 0 18 10 1 1 1 1 4 9 10 0 2 0 1 0 0 1 4 2 0 17 1 7 4 0 4 8 0 15 2 3 4 3 7 20 3 2 0 0 4 4 9 1 2 7 0 6 5 2 0 3 2 0 1 7 1 8 1 1 0 8 1 25 7 8 4 1 9 5 4 5
1 0 0 0 0 0 0 3 1 1 0 0 0 0 3 1 0 1 0 2 0 0 1 1 0 0 1 0 0 1 3 0 0 0 2 0 0 0 0 0 1 1 0 1 1 0 0 0 0 0 2 0 0 0 0 0 1 1 0 1 0 0 0 0 0 0 0 2 0 0 1 5 0 1 0 1 1 0 0 0 0 0 0 1 0 0 1 1 0 0 0 1 1 0 0 1 2 0 0 0
0 0 0 0 0 0 0 1 2 0 0 0 2 0 0 0 0 1 2 0 1 1 0 1 0 0 0 0 0 1 2 0 0 0 0 0 0 0 0 1 1 0 0 3 0 1 0 1 0 0 0 0 0 1 2 1 0 0 0 13 0 0 0 0 0 1 1 0 0 0 0 4 2 0 0 0 0 0 4 0 4 0 0 0 0 1 0 0 1 2 0 0 0 0 0 0 0 0 0 0
41 3 1 1 3 16 0 4 1 6 1 9 1 4 20 11 7 3 3 11 5 6 4 10 19 2 6 0 2 0 3 12 26 4 3 2 27 0 45 11 8 3 2 1 12 24 35 0 17 0 24 1 4 12 10 21 10 6 11 3 0 2 17 0 0 12 14 5 10 15 0 0 5 1 16 1 5 0 8 5 14 0 18 1 12 2 2 6 20 14 11 0 10 9 10 16 3 14 25 4
8 7 2 0 0 2 7 11 0 1 5 0 0 6 4 0 1 5 0 0 5 6 5 4 4 3 0 0 7 3 2 2 0 4 2 0 21 1 4 16 13 1 0 4 6 7 5 3 3 2 14 0 12 29 5 3 8 0 4 3 1 1 21 0 2 7 5 2 1 4 1 1 3 0 7 3 2 3 3 0 1 1 14 2 6 4 2 1 5 7 2 2 6 1 7 0 0 18 3 6
1 1 5 2 0 21 13 1 4 0 0 0 1 6 2 12 1 1 0 4 2 10 1 0 5 9 12 2 0 4 0 0 0 4 1 4 10 7 1 2 1 8 6 1 2 14 3 6 7 0 8 1 1 2 2 6 13 6 0 1 1 2 1 5 4 1 0 0 2 0 14 3 2 26 2 0 0 0 1 9 5 0 0 5 0 1 5 2 4 6 1 16 2 1 3 0 3 1 4 4
14 11 2 11 20 2 9 5 4 25 0 21 2 3 1 19 12 3 2 1 11 0 2 3 1 3 0 15 6 5 2 0 9 7 11 5 25 7 12 4 2 11 11 1 7 17 15 3 3 21 11 0 4 1 2 0 3 20 8 3 18 6 0 2 0 10 12 4 4 0 6 9 10 29 27 18 9 11 1 6 0 3 4 2 3 8 20 18 11 2 2 13 5 11 0 4 12 0 0 26
0 0 1 3 1 0 0 0 7 0 0 1 0 0 0 0 1 1 0 0 0 1 0 1 0 1 2 0 0 0 0 0 0 3 4 0 0 0 0 0 0 1 0 0 0 0 0 0 0 0 0 0 0 0 0 0 0 0 1 0 0 0 0 0 0 0 0 1 0 1 1 0 0 0 1 1 1 1 0 0 0 1 0 0 0 1 0 0 0 0 3 0 0 1 0 0 3 0 0 2
10 27 3 10 4 29 15 1 4 8 9 6 4 1 10 1 0 18 24 12 14 2 2 4 0 4 3 3 9 0 5 1 1 8 2 18 31 9 8 7 12 2 0 2 1 2 1 9 4 5 25 7 2 19 0 1 0 11 0 7 24 8 7 25 1 7 0 17 7 2 7 0 0 1 1 13 14 0 7 3 2 16 2 10 8 0 28 23 3 6 20 3 4 28 18 4 1 6 4 13
11 0 1 1 4 1 6 20 34 4 31 4 0 7 0 7 1 9 25 0 6 6 18 23 0 7 2 3 11 35 3 11 17 3 17 0 1 0 0 9 11 0 5 6 10 2 0 2 0 2 1 6 13 5 0 5 3 4 0 6 14 4 38 3 3 15 27 8 6 21 3 18 1 1 0 5 35 8 1 7 9 8 3 3 20 5 14 2 6 0 6 1 5 7 3 4 6 8 0 17
1 4 2 0 1 4 4 2 8 5 1 1 9 6 3 1 0 5 4 3 5 0 1 12 1 0 1 6 0 2 19 1 5 2 0 2 1 15 2 2 15 3 3 4 0 10 2 4 19 7 1 3 6 5 1 11 5 4 12 6 0 2 0 0 4 1 0 0 0 2 2 2 1 1 4 2 2 0 15 2 1 2 2 10 1 1 5 2 2 1 6 2 0 18 7 0 2 2 1 0
1 2 6 12 1 5 7 7 2 0 0 15 8 7 0 8 3 0 0 6 3 6 0 1 2 3 0 15 3 8 1 5 8 25 2 16 3 12 7 1 8 8 0 1 4 23 1 6 0 7 1 4 0 6 5 10 8 1 7 3 7 12 12 0 2 18 3 1 17 3 4 0 17 2 9 3 35 2 7 2 2 4 2 1 5 1 6 0 0 0 20 7 0 4 0 5 33 4 5 7
3 6 10 0 2 1 0 2 8 9 6 4 14 8 3 0 13 7 0 1 9 0 0 2 13 5 5 6 1 6 4 12 2 16 21 14 0 13 20 19 17 1 3 22 4 1 6 11 5 5 39 9 0 11 3 13 4 5 0 2 5 2 3 11 3 20 1 4 21 31 7 6 27 12 11 6 10 2 3 18 8 8 3 0 0 1 13 2 4 2 13 4 6 0 7 1 9 1 2 11
3 0 0 2 0 1 0 0 0 0 0 3 1 0 0 0 2 2 0 1 0 0 0 0 0 2 0 7 1 0 0 1 0 0 0 0 0 1 5 2 0 0 0 0 0 0 0 0 0 0 0 0 0 0 1 0 1 0 2 0 0 0 0 0 1 0 0 0 1 0 0 0 0 0 0 0 0 0 1 0 0 0 0 1 0 0 0 1 0 1 0 0 0 1 0 2 1 0 1 0
3 12 3 8 13 3 4 5 0 2 9 6 9 4 2 11 3 2 5 9 7 2 4 0 5 6 0 3 1 1 2 6 0 0 2 1 9 1 0 0 3 11 7 11 0 1 0 3 5 4 4 6 0 6 0 22 4 2 3 0 18 1 1 1 3 1 3 2 0 1 6 0 7 4 13 1 4 13 3 3 1 5 1 0 1 1 1 3 12 2 0 5 3 1 3 2 4 2 11 12
0 0 0 0 0 0 0 2 0 0 0 0 0 0 0 3 0 0 0 0 2 0 0 0 0 0 1 2 0 0 0 0 0 0 0 0 0 0 0 0 0 0 0 0 1 1 0 3 0 0 0 0 0 0 0 0 1 0 0 0 0 0 0 0 0 0 0 1 0 0 0 2 0 0 1 0 1 0 0 0 0 0 1 0 1 0 0 0 1 0 1 0 0 0 0 0 1 0 0 0
9 3 3 10 20 9 7 1 5 12 3 3 12 5 11 8 17 0 4 1 0 4 19 28 6 4 1 1 6 3 0 27 1 1 5 7 3 12 2 9 12 2 2 15 2 4 11 0 2 3 9 1 2 7 2 4 2 18 12 0 1 11 0 9 3 14 0 16 2 0 15 6 1 17 14 7 36 7 8 4 22 13 9 1 1 10 15 2 3 10 3 8 10 4 0 0 3 7 8 15
7 5 0 2 24 7 3 2 4 1 0 0 0 3 3 5 9 23 0 5 9 4 5 9 2 3 3 10 2 4 3 6 0 1 2 10 0 10 6 2 1 9 7 8 2 6 4 2 1 3 4 3 8 3 6 5 4 8 0 1 2 0 0 1 10 3 5 1 2 5 0 14 0 3 0 0 2 2 5 1 2 0 2 12 9 1 3 1 14 2 3 2 6 1 5 3 3 7 5 0
7 4 0 25 9 1 9 14 7 29 4 2 10 31 11 2 26 6 6 2 4 12 9 8 2 7 13 18 1 27 14 0 8 8 5 29 9 3 2 8 10 3 1 0 21 4 4 5 4 12 4 1 3 1 9 0 4 0 6 2 4 4 13 16 0 3 10 11 8 8 0 3 1 16 5 20 19 35 1 16 12 1 12 5 7 0 5 3 8 4 7 4 3 19 15 3 3 10 2 4
4 0 1 2 3 1 1 8 2 2 13 6 0 0 0 0 5 3 7 0 0 0 0 0 2 1 12 4 0 5 2 9 2 4 4 5 1 3 7 1 1 7 5 2 1 0 1 4 1 0 1 2 1 0 3 3 7 0 12 1 7 4 18 4 5 3 0 6 4 0 1 0 6 0 5 0 0 3 1 4 7 2 1 2 0 12 2 2 1 7 0 1 0 9 0 6 3 0 8 1
1 13 1 2 4 15 12 5 2 1 18 23 2 15 22 6 0 19 3 9 12 6 6 5 3 6 0 10 34 14 2 3 1 2 5 2 4 15 6 22 26 9 8 18 3 1 10 0 11 3 10 0 21 13 22 4 1 11 14 52 8 2 7 9 6 1 17 3 1 9 11 23 2 4 10 7 23 0 13 0 17 16 5 1 1 5 1 2 0 0 2 17 4 8 0 11 5 0 9 1
12 4 6 1 2 10 5 0 2 4 18 7 7 1 6 3 7 31 5 8 10 5 11 27 4 11 7 4 1 0 3 12 11 7 5 4 22 20 2 14 8 8 6 4 9 12 0 4 1 3 9 4 2 4 4 6 3 14 15 0 1 5 0 11 5 9 28 2 3 3 1 14 11 3 1 20 15 11 0 3 9 13 11 17 0 4 9 3 2 1 10 15 3 5 6 5 3 8 2 10
1 2 8 0 7 13 5 9 13 0 16 2 8 13 2 8 7 4 4 2 1 2 0 3 0 1 1 0 1 4 7 2 1 6 0 6 1 21 2 4 23 0 6 34 8 0 5 0 2 6 16 5 1 5 1 6 0 2 3 5 0 7 4 0 7 1 0 2 4 1 4 3 3 5 1 0 1 30 0 2 7 0 9 25 0 0 6 2 14 1 7 3 8 2 4 3 0 8 9 1
4 0 0 2 1 0 0 0 0 0 1 0 0 0 0 2 0 0 0 0 1 0 0 0 1 0 1 0 0 0 0 0 0 0 1 1 0 0 0 1 0 0 1 1 0 0 0 1 0 0 0 0 2 0 0 0 0 1 1 0 1 3 0 0 1 0 1 0 0 0 0 0 0 0 1 0 0 0 0 2 0 0 0 0 0 1 0 0 0 0 2 0 3 0 0 1 1 2 0 0
1 23 0 18 0 10 8 1 5 52 4 14 6 2 5 1 10 5 3 1 25 1 3 1 11 1 16 6 0 8 19 10 5 15 0 0 3 14 20 1 1 0 3 10 15 3 1 15 8 3 0 3 2 8 2 37 0 13 3 7 4 0 12 14 5 1 6 7 19 10 6 0 14 25 4 6 23 8 1 10 0 2 16 17 7 1 7 12 11 6 2 1 0 1 1 2 6 7 2 2
1 1 1 10 0 1 0 0 1 0 0 0 0 1 0 0 0 0 0 0 0 0 0 0 0 0 0 3 1 4 0 0 1 0 2 1 0 1 3 0 0 0 0 0 0 0 2 0 0 0 1 5 0 0 0 1 0 2 0 1 2 0 0 0 0 1 0 0 0 0 1 0 0 0 0 0 0 5 0 4 1 3 1 0 0 0 11 0 0 0 0 0 0 0 0 0 0 0 1 0
24 8 0 5 0 24 2 13 7 12 4 7 0 2 12 2 4 6 0 18 2 1 0 3 0 3 7 1 2 9 4 17 0 0 5 1 10 10 18 14 5 2 13 6 5 1 2 13 28 0 2 9 22 33 12 2 12 0 14 3 7 4 20 2 7 6 7 0 18 2 4 10 11 0 29 23 8 14 7 11 9 8 15 1 1 6 4 10 1 17 3 4 2 10 0 2 23 7 2 4
6 0 0 17 13 3 12 4 33 4 4 3 0 2 0 8 8 8 4 0 25 0 2 3 7 1 0 8 2 3 4 1 2 7 0 17 1 2 19 5 8 1 1 0 0 9 6 11 5 1 11 2 4 4 10 5 2 6 1 1 0 1 26 0 6 3 0 0 3 2 0 7 5 5 21 0 18 5 7 20 1 0 40 5 2 0 1 1 0 23 3 2 0 15 6 3 8 6 1 0
2 1 1 0 6 4 5 0 2 0 12 9 0 1 5 12 0 5 10 9 0 13 1 4 2 1 2 2 2 8 3 7 2 4 7 7 3 0 1 0 0 6 5 0 6 3 11 0 3 0 1 4 3 0 0 0 9 5 0 4 1 1 7 1 8 0 12 10 1 9 2 9 2 0 1 2 0 0 2 4 3 0 1 9 1 10 2 0 4 2 2 0 3 6 3 2 0 1 8 3
0 2 1 3 6 4 0 8 6 4 0 1 3 2 8 1 2 1 8 1 4 10 5 0 0 0 1 1 2 3 1 0 0 3 2 0 4 13 18 17 1 2 1 7 3 2 4 1 0 12 1 4 8 0 0 2 1 1 0 2 3 3 0 6 3 9 1 3 19 7 9 0 4 4 5 1 0 5 2 13 0 6 10 6 0 7 1 5 3 2 0 10 0 0 4 0 2 1 1 9
1 5 4 5 11 0 18 4 8 5 9 12 7 13 25 7 2 6 4 6 4 1 1 10 4 1 5 36 7 18 14 6 7 2 14 15 9 2 2 10 3 0 4 3 11 13 14 8 3 1 0 27 4 0 3 17 0 3 2 2 2 3 14 14 1 13 1 0 6 3 3 10 5 2 17 1 5 6 2 15 25 11 4 7 18 12 5 1 2 23 9 16 2 5 1 7 2 4 13 5
10 2 2 4 17 1 7 14 28 4 12 3 28 2 2 13 4 1 10 17 2 3 20 1 0 0 4 13 15 3 2 2 17 1 1 8 6 1 7 19 0 22 1 12 0 9 9 3 1 18 10 2 0 21 20 11 5 9 46 5 2 1 4 5 1 5 0 8 6 0 6 9 8 1 13 36 5 19 8 4 3 16 2 6 18 13 0 1 1 6 10 0 10 9 3 6 6 14 6 0
1 6 1 0 2 24 1 3 2 6 0 3 8 3 3 11 0 0 6 2 4 1 0 1 3 0 6 7 2 5 0 1 4 0 1 7 3 2 0 0 1 2 8 11 0 4 2 4 0 5 5 1 3 9 3 8 0 12 4 0 9 4 0 3 1 6 0 2 1 2 0 1 0 5 5 5 0 17 6 3 4 4 0 11 0 0 4 9 0 2 3 7 2 0 1 10 0 1 5 1
45 0 22 19 12 15 5 16 9 6 1 3 5 10 0 12 6 8 6 2 24 3 8 2 13 20 5 30 0 1 0 5 0 36 0 7 6 9 1 3 4 24 16 3 4 6 0 2 3 7 9 3 28 0 1 5 2 13 14 4 16 6 14 10 2 15 1 1 0 10 18 17 5 1 4 8 22 11 3 23 1 2 1 3 28 0 12 14 0 17 6 16 11 1 7 10 3 7 0 1
6 12 9 12 8 0 9 11 6 9 1 39 2 11 5 17 1 5 1 3 7 4 9 4 10 8 15 4 0 6 4 5 0 1 8 14 20 9 15 0 3 4 3 10 7 35 7 13 31 0 9 13 4 1 31 45 22 1 39 4 4 2 7 0 0 12 0 19 3 0 2 3 1 7 3 2 5 12 17 4 0 4 6 13 4 15 0 4 3 2 26 4 11 7 1 1 24 0 0 9
0 0 0 0 0 0 1 0 0 0 0 0 0 1 0 1 0 0 0 0 0 0 0 1 0 0 1 0 0 1 0 1 0 0 0 0 0 0 0 0 0 0 0 0 0 0 0 1 0 0 0 0 6 0 0 3 0 0 0 0 0 0 1 1 0 3 3 0 1 0 0 1 0 0 0 1 1 3 0 0 0 3 0 0 0 0 1 0 1 0 0 0 1 0 1 6 2 1 0 2
2 0 3 5 2 1 0 0 3 14 4 5 7 7 2 3 0 4 5 2 16 1 0 0 2 1 3 0 1 3 0 6 0 10 5 22 2 0 0 0 0 4 0 9 2 1 1 1 0 7 1 0 1 14 10 2 2 2 2 5 4 3 16 7 1 0 19 1 0 25 3 1 8 0 4 4 3 2 1 0 4 0 2 2 8 8 2 2 0 2 19 23 6 7 0 4 2 0 1 5
1 6 6 1 0 3 3 0 5 12 2 2 1 13 26 0 5 9 1 0 1 2 2 5 7 1 6 8 0 6 1 1 5 5 7 5 1 4 1 4 4 0 0 2 10 2 9 10 0 9 3 0 22 2 2 1 0 0 1 0 4 11 2 2 3 4 1 8 0 0 5 0 1 1 1 0 6 2 1 6 8 16 0 2 1 8 2 19 0 0 4 0 2 3 0 4 5 2 3 9
20 1 3 10 11 6 19 0 0 15 3 0 31 0 28 0 10 26 2 14 16 1 13 21 5 9 12 2 0 3 12 6 6 0 0 7 5 4 10 2 7 0 34 17 3 10 0 2 2 16 0 2 25 2 8 28 4 5 1 1 14 52 8 11 10 13 2 3 9 7 6 7 10 6 22 30 0 19 9 0 0 1 0 8 41 1 5 0 8 9 8 18 2 4 0 0 9 2 1 1
1 12 6 9 3 2 1 1 6 0 2 29 2 2 22 8 4 7 1 8 0 1 6 8 4 3 1 0 2 0 5 0 9 2 4 3 10 2 2 3 9 3 6 0 0 2 11 4 69 1 19 8 2 20 5 2 13 5 30 7 0 8 11 7 8 5 16 2 4 5 1 7 11 8 3 6 3 5 5 6 4 0 8 10 0 21 5 0 3 17 2 7 2 0 21 19 0 3 2 22
5 1 1 2 3 5 6 17 7 14 2 10 13 4 1 2 7 14 1 7 0 6 7 9 7 8 0 3 10 2 3 9 2 4 5 0 10 4 1 13 2 31 25 1 12 10 2 7 5 6 1 4 4 2 24 8 6 0 11 4 0 18 8 23 6 5 5 8 0 14 0 1 1 6 3 5 52 0 5 8 0 20 10 2 13 21 9 18 5 0 23 4 3 2 0 35 0 8 21 20
14 4 0 1 0 0 1 8 1 0 0 22 0 2 10 1 1 2 4 0 10 6 14 5 13 2 6 2 0 0 1 1 2 0 15 4 1 2 3 0 0 0 5 12 1 0 9 0 4 2 5 19 0 0 1 12 11 0 6 2 0 20 3 0 7 4 1 8 6 1 3 2 2 6 5 10 0 2 4 0 1 18 6 2 0 2 22 1 4 10 1 0 0 0 4 7 1 2 7 0
3 21 20 0 11 0 4 10 5 2 1 18 1 4 8 5 2 6 0 14 7 7 19 15 10 12 25 8 5 5 3 2 31 2 4 3 18 1 12 1 1 0 2 3 0 3 4 11 1 15 0 13 17 7 3 7 8 4 7 6 15 2 1 8 1 8 5 14 5 0 1 6 2 8 9 0 0 1 9 2 26 2 6 8 0 0 8 10 18 4 1 2 11 23 5 0 2 1 10 9
