11 2 7 16 19 11 2 9 7 21 3 0 13 3 8 3 27 6 9 6 5 1 30 0 3 5 4 0 16 0 2 10 6 5 11 11 21 25 0 4 1 2 11 4 3 8 5 12 7 9 3 0 6 5 2 4 7 4 1 2 8 5 0 5 4 5 5 13 21 20 4 8 22 3 2 9 22 0 14 2 22 1 15 11 3 2 2 1 3 4 7 11 1 0 6 9 2 6 7 13
6 6 1 2 8 7 9 4 10 11 4 1 9 6 10 1 3 4 4 14 0 10 10 10 32 18 5 32 3 3 13 0 1 5 14 0 19 9 1 24 5 6 18 9 1 0 14 9 1 31 2 5 3 23 22 4 20 14 5 3 4 17 0 2 0 11 1 2 3 4 26 10 1 27 6 23 13 5 11 21 0 5 2 3 22 0 13 38 8 9 0 18 3 7 5 3 1 27 3 3
3 1 13 3 0 0 0 1 2 0 2 13 2 1 0 11 0 3 2 2 9 3 2 2 2 0 3 11 5 5 0 1 17 4 0 13 0 3 0 4 6 2 9 3 1 13 8 4 15 3 0 15 4 0 1 3 2 3 4 1 6 29 4 3 5 2 17 2 1 2 3 3 1 2 1 0 1 2 2 4 8 1 6 2 0 2 7 9 1 16 10 0 16 6 8 2 1 0 1 4
0 2 5 6 3 0 17 1 3 0 5 4 10 10 3 1 25 3 0 7 5 6 25 8 7 0 5 0 16 4 10 0 1 2 11 33 14 12 0 0 10 0 5 4 9 7 21 4 9 6 12 2 4 5 2 2 7 0 3 0 8 8 8 17 12 30 1 1 6 0 0 1 19 15 5 21 5 7 2 19 6 3 0 3 0 6 5 6 7 11 12 1 4 26 2 0 10 15 11 0
2 11 4 5 8 8 8 5 7 0 6 25 3 29 13 4 18 4 4 35 1 3 2 3 4 3 0 0 5 6 4 2 10 4 1 33 22 1 3 6 5 10 0 1 5 2 9 4 6 6 15 10 10 13 1 4 1 2 6 8 4 0 8 4 6 3 5 2 1 0 1 6 4 1 10 7 14 19 9 6 7 3 0 0 1 1 2 0 25 14 6 19 6 9 6 8 0 1 0 9
1 0 0 2 0 0 0 0 0 1 1 1 1 0 1 1 1 0 0 0 0 1 0 1 1 5 0 0 0 0 0 1 2 1 0 0 0 0 0 0 0 0 0 0 0 0 0 0 0 0 0 0 0 0 1 0 0 0 0 0 0 0 0 1 0 0 0 0 1 0 0 0 0 2 1 0 0 0 1 0 3 0 0 0 0 0 0 0 0 1 0 0 0 1 0 2 2 0 3 0
1 0 0 0 2 0 0 0 0 4 0 0 0 0 0 0 1 0 0 0 0 0 0 1 0 0 0 0 0 2 0 1 1 0 0 2 5 4 0 0 0 0 0 0 0 0 0 1 0 0 0 0 0 1 0 0 0 1 0 1 0 0 0 1 0 0 0 1 0 0 0 0 0 2 0 2 1 0 0 0 0 0 0 0 0 0 0 0 0 0 0 0 0 1 0 1 0 0 1 1
1 5 0 3 9 0 0 1 4 3 0 18 4 3 11 0 0 0 5 1 0 3 1 0 4 0 10 1 0 4 3 1 5 10 1 7 2 5 7 2 2 2 5 0 7 2 2 6 0 5 5 3 3 1 1 0 5 3 1 0 10 0 1 1 5 7 2 0 5 10 2 0 0 7 3 3 1 0 3 2 2 1 1 2 4 9 8 1 1 0 3 2 0 14 1 2 1 12 3 0
0 2 0 0 1 2 1 2 0 0 0 2 0 0 0 0 0 0 1 0 0 0 0 1 0 1 0 2 0 3 0 1 0 1 0 0 1 1 0 3 0 0 0 1 0 1 0 0 0 0 0 0 0 0 0 0 0 0 0 0 1 0 2 0 0 0 0 0 0 0 1 0 0 1 0 0 0 0 0 2 0 0 1 0 1 2 1 0 0 0 0 0 1 1 0 1 0 1 1 1
1 1 1 0 6 0 4 0 0 0 5 9 6 3 1 17 11 0 0 5 0 6 9 2 4 8 0 7 0 9 0 2 0 5 14 4 7 4 10 11 2 0 8 14 0 7 0 0 0 6 3 6 1 3 4 3 1 4 3 8 8 17 6 4 2 2 0 22 9 10 0 1 2 5 1 13 0 8 5 46 4 0 5 7 5 6 0 0 2 7 3 0 0 0 8 5 3 9 7 8
5 26 3 0 3 11 13 18 12 9 19 1 4 11 1 1 3 4 1 7 2 5 7 7 17 5 0 1 7 1 10 12 2 4 28 9 21 2 9 11 4 1 6 7 3 4 8 20 8 10 1 14 8 6 63 24 3 6 9 10 2 0 1 0 7 4 3 0 1 9 4 5 1 32 5 3 10 7 16 16 2 9 22 3 14 5 10 3 0 9 16 2 10 28 1 0 9 15 2 0
0 0 0 0 0 1 0 0 0 0 0 0 0 1 0 0 0 0 0 0 0 0 0 2 0 0 0 1 0 1 0 0 2 2 0 1 0 0 0 0 1 0 0 1 0 2 1 0 0 0 0 0 0 0 1 0 0 0 0 1 0 2 0 0 2 0 0 0 0 0 0 1 2 7 1 2 0 0 0 0 1 1 1 0 1 0 1 0 0 1 0 1 0 0 0 0 0 0 0 0
0 1 0 4 1 10 5 2 0 0 7 5 1 3 4 5 20 8 3 4 4 4 1 0 6 4 3 8 14 1 13 4 2 4 2 2 2 16 0 1 0 1 2 1 0 6 2 0 0 4 9 1 10 0 3 0 1 0 0 10 7 4 13 5 16 13 0 5 6 6 6 1 2 5 12 3 3 0 4 0 2 0 4 0 1 2 4 5 1 1 0 9 9 5 5 1 3 2 2 0
0 0 25 0 0 7 0 1 0 1 0 1 0 2 0 0 2 0 0 0 0 0 0 0 0 0 0 0 1 0 0 1 1 0 0 3 0 1 0 0 0 0 1 2 0 0 0 1 0 1 0 0 0 0 0 0 0 0 0 1 0 0 0 0 0 0 0 0 0 0 3 0 0 1 0 1 0 0 4 0 0 0 2 0 0 0 0 1 0 0 0 1 0 0 0 0 0 0 1 1
0 2 28 5 1 0 10 11 0 6 1 2 9 7 1 3 1 0 2 6 2 3 4 14 0 1 3 2 4 6 4 1 0 1 0 9 1 12 0 2 4 1 3 2 13 0 2 2 1 3 5 5 4 0 9 1 0 2 0 5 3 14 13 1 0 0 1 24 14 3 4 7 3 7 1 1 0 3 5 4 1 0 0 0 16 6 4 2 11 1 11 0 5 8 0 0 10 1 6 1
0 0 0 3 1 0 0 2 0 0 2 1 0 0 1 6 0 3 0 0 0 0 0 0 0 0 1 0 0 0 1 0 1 0 0 0 0 0 0 0 0 0 0 0 2 0 0 1 1 0 0 1 0 0 2 0 0 0 0 1 0 0 1 0 0 0 2 0 1 0 0 0 0 1 0 0 0 0 1 0 2 1 0 1 0 0 0 0 0 0 0 0 1 0 0 0 0 0 2 0
3 16 3 3 3 4 1 4 2 2 10 4 5 1 11 0 2 2 0 2 9 6 17 1 0 13 5 1 3 5 0 1 3 11 5 0 2 1 0 0 1 0 8 7 0 0 0 4 2 1 1 4 0 1 0 0 6 7 3 3 4 0 4 3 0 4 11 8 1 3 0 1 6 1 5 4 3 20 11 2 1 3 2 5 1 6 6 5 8 0 11 1 1 1 10 0 3 0 5 1
8 0 2 8 1 1 3 9 0 1 33 0 4 32 1 0 2 3 11 5 6 1 14 0 8 21 8 9 2 1 4 0 6 0 2 8 7 10 2 8 4 9 21 1 1 9 0 8 9 15 4 4 2 0 34 3 1 5 17 6 1 0 5 0 0 8 14 2 16 7 8 0 3 3 3 4 1 5 3 12 5 1 3 2 4 4 3 9 9 3 4 15 7 17 8 5 7 13 5 3
2 0 0 0 0 1 1 1 0 2 0 1 1 2 0 0 1 0 1 0 3 1 0 0 1 0 3 0 5 2 1 0 0 1 0 0 0 0 0 0 2 1 0 0 0 0 0 0 1 0 1 0 0 2 0 0 0 0 0 0 0 0 0 5 1 0 3 0 1 1 0 6 0 0 0 0 0 1 0 0 0 0 0 0 2 0 1 0 0 0 2 3 0 0 0 0 0 0 0 2
5 0 3 2 5 4 7 3 0 7 3 6 3 0 0 4 4 2 6 12 4 1 0 4 15 2 13 1 1 4 0 1 9 11 3 0 0 4 4 2 2 3 1 9 4 0 5 6 0 1 0 0 2 0 1 2 0 19 1 20 6 3 5 0 11 7 0 0 9 1 1 0 12 0 16 3 1 8 2 0 1 0 9 3 1 1 1 5 7 1 0 7 0 2 1 10 0 9 1 2
5 0 0 1 7 0 10 3 4 6 7 3 5 9 4 2 7 3 4 1 6 0 2 10 0 4 0 7 1 0 23 0 4 2 8 2 4 2 4 5 3 5 4 12 5 8 1 0 3 9 0 3 3 3 2 4 0 10 0 0 0 0 1 1 4 7 2 11 2 2 3 0 5 0 1 0 4 5 1 1 0 15 0 0 6 3 10 11 4 3 22 0 0 0 2 0 24 0 0 5
1 3 15 1 5 1 1 4 18 14 1 6 10 1 5 4 5 4 4 7 14 23 13 0 1 3 29 2 21 2 0 2 14 0 13 9 6 17 3 14 10 5 2 9 2 3 0 3 3 0 7 0 29 6 0 3 0 3 3 7 13 16 7 8 3 16 3 4 24 15 22 3 0 44 25 8 18 7 2 8 2 12 7 16 15 12 7 2 3 1 1 0 1 5 8 4 1 1 0 2
2 10 2 22 6 13 6 10 1 3 7 15 13 18 12 2 1 2 0 10 0 0 3 30 9 20 6 26 5 35 0 1 5 5 2 16 21 2 1 10 18 4 1 1 2 21 0 10 1 4 6 9 0 2 3 6 4 1 23 25 19 13 3 1 4 8 1 34 26 7 12 1 3 0 8 18 46 1 14 4 1 2 8 11 12 17 20 0 5 36 7 7 18 8 2 25 0 13 5 6
0 2 5 3 5 22 2 0 0 0 4 5 0 4 1 10 8 12 1 4 6 2 2 4 0 0 4 4 2 0 0 0 7 0 15 5 17 6 6 0 4 15 1 23 7 3 7 2 3 8 3 3 1 5 7 0 1 0 3 10 10 0 4 0 0 27 1 5 0 1 2 0 9 2 3 14 4 3 1 2 2 0 11 4 0 0 2 2 3 17 2 0 2 0 3 7 3 10 3 1
15 14 11 6 2 1 2 2 0 3 2 0 0 5 7 1 9 0 1 2 9 5 6 13 10 3 15 0 15 6 5 3 0 8 14 6 6 9 2 1 0 3 14 10 2 2 10 28 2 2 6 1 2 0 4 1 5 7 7 0 4 0 13 0 18 2 3 1 7 10 1 2 4 0 17 14 5 0 2 8 8 9 6 0 0 5 1 0 1 18 12 1 0 3 4 5 2 1 0 4
11 7 5 34 1 3 1 14 2 0 31 45 3 4 0 2 1 1 6 2 6 1 9 0 11 1 10 21 5 1 6 3 9 0 5 15 0 0 17 7 8 16 1 2 12 8 0 0 3 13 10 12 1 14 5 18 2 7 22 2 0 1 1 3 0 6 0 6 0 1 16 2 16 0 26 9 7 5 7 1 8 2 2 0 6 1 38 0 7 7 1 1 27 0 10 5 10 7 27 5
1 0 0 0 0 0 0 0 0 2 0 8 0 0 0 0 0 1 0 0 0 0 0 0 0 0 0 0 0 0 0 1 0 2 0 1 0 0 0 0 0 2 0 0 1 5 0 8 0 0 1 0 0 0 1 0 0 0 5 1 0 2 0 0 1 1 1 0 0 0 2 0 1 1 0 0 0 0 0 0 8 0 0 0 1 0 0 1 0 0 0 0 0 0 0 1 0 0 0 0
0 0 2 2 0 0 1 1 0 0 0 0 0 0 0 0 0 0 0 0 2 2 0 0 0 1 1 1 0 0 0 0 1 0 2 2 1 0 0 0 0 0 0 0 0 0 0 0 1 0 0 0 0 0 0 0 0 0 0 0 0 1 0 1 1 0 1 0 0 0 0 0 0 0 1 0 0 1 0 0 3 0 0 1 0 0 1 1 0 5 0 1 1 1 1 0 1 4 0 0
2 5 5 3 0 5 2 4 0 0 5 2 10 7 0 2 6 4 0 7 2 1 7 7 3 0 5 1 0 11 2 9 1 0 4 0 1 4 0 1 0 5 3 0 0 0 1 1 2 7 6 2 0 1 9 6 1 9 10 5 4 3 10 10 1 9 0 3 2 4 0 7 1 4 9 0 2 2 2 9 17 0 0 1 4 7 6 1 4 0 0 2 0 0 9 2 7 9 9 11
0 0 0 1 1 0 0 0 5 0 0 0 1 0 0 1 0 0 0 2 0 0 2 0 0 0 1 0 0 0 1 0 0 0 0 0 14 0 0 0 0 0 0 1 0 0 3 0 0 0 2 0 0 0 0 0 0 0 2 0 0 0 0 0 0 0 1 0 0 0 0 0 0 1 1 0 1 0 0 0 0 2 0 3 0 1 0 2 0 2 1 2 0 0 0 0 0 0 0 0
2 0 3 0 0 1 0 0 0 0 1 0 2 0 1 1 0 0 0 0 7 0 0 0 0 0 0 0 0 0 0 0 1 0 1 0 0 1 0 2 0 0 0 4 0 1 0 1 0 0 2 0 0 0 1 0 0 0 2 0 1 0 0 0 0 2 0 8 0 0 0 2 4 5 1 2 0 0 4 0 1 0 0 0 4 1 0 0 2 0 0 0 0 0 0 3 0 0 0 0
0 0 0 1 2 0 0 1 0 2 0 0 1 0 0 0 1 0 0 1 0 0 2 1 0 0 0 1 0 0 0 0 0 0 0 3 1 0 0 0 0 1 0 0 0 0 1 0 0 1 0 0 2 0 0 0 1 1 0 1 0 0 0 4 0 0 0 2 0 0 0 1 0 0 0 0 1 1 0 2 0 0 0 0 0 0 0 1 0 1 0 0 0 0 0 0 0 0 0 0
1 10 1 15 1 1 1 7 1 20 4 8 18 3 7 12 0 5 15 6 3 3 16 7 4 6 3 6 1 14 3 4 3 0 2 21 1 6 7 0 0 0 12 2 2 1 3 13 16 9 12 3 29 21 2 5 8 2 5 0 15 19 3 4 9 15 5 6 0 7 1 2 12 4 18 21 2 12 0 1 8 2 32 6 4 17 1 6 3 2 1 18 0 10 21 2 8 1 5 5
7 2 1 1 17 5 8 12 10 24 4 15 11 0 3 9 2 59 6 15 11 5 3 7 17 18 0 20 28 0 1 0 1 0 12 5 2 3 0 6 21 9 0 3 16 4 0 0 11 0 4 0 8 2 11 22 6 2 14 9 6 13 2 4 1 1 7 0 5 17 14 6 11 18 3 4 17 14 13 23 2 1 8 4 0 11 2 9 11 5 5 9 9 11 10 1 4 0 1 21
5 2 3 9 2 5 15 5 13 5 14 0 9 6 12 5 8 26 7 37 23 1 5 5 16 23 18 20 10 0 3 5 8 0 9 7 1 2 6 4 6 11 1 5 23 4 6 1 5 4 14 4 2 0 13 2 0 1 8 24 0 2 29 0 3 10 1 13 8 29 10 2 1 1 0 6 12 26 13 17 3 0 2 13 2 16 0 3 0 2 1 11 8 2 0 4 16 17 5 4
2 6 0 11 4 0 5 3 11 3 24 13 6 5 13 2 17 10 8 12 19 7 23 2 5 9 6 11 9 2 8 0 7 7 6 7 3 20 14 14 7 2 5 12 2 5 4 11 5 7 6 2 4 10 5 2 74 6 8 0 6 4 8 2 4 0 6 49 15 2 4 9 2 9 2 9 3 0 10 4 2 3 1 10 12 17 4 11 3 12 3 1 30 6 7 0 7 3 6 2
0 1 0 0 0 0 1 0 0 0 0 0 1 0 0 0 0 0 0 2 0 1 0 0 0 0 0 0 1 0 0 0 12 0 3 0 0 0 2 0 0 0 0 0 0 0 0 0 1 1 0 0 0 0 0 0 2 3 0 0 0 0 1 0 0 0 0 0 0 1 0 0 0 1 2 1 0 1 0 1 0 1 0 0 0 0 0 1 1 0 1 0 0 1 0 2 2 0 2 0
7 4 2 1 9 5 3 1 4 3 3 0 2 2 1 0 0 0 9 0 1 10 2 5 5 3 4 3 2 5 9 11 1 0 3 19 2 9 1 0 0 1 6 16 0 0 1 3 0 3 0 8 15 4 0 0 11 13 2 1 22 4 0 2 7 11 3 14 0 3 2 0 1 0 4 0 5 18 2 1 3 10 10 2 5 5 1 7 18 4 2 9 5 0 3 1 0 5 7 0
16 1 0 1 0 2 3 0 0 0 0 0 0 1 0 0 1 0 0 0 0 0 2 0 0 0 4 0 1 1 0 0 1 0 0 0 0 0 1 0 0 0 0 0 1 1 4 0 0 0 0 1 2 0 1 5 1 1 0 0 1 0 0 0 0 0 0 0 0 0 0 1 0 1 6 0 0 0 0 0 0 0 0 0 1 1 0 0 0 0 0 1 2 0 0 0 1 0 0 0
2 3 6 4 2 2 10 4 7 2 2 2 0 5 1 6 0 3 1 6 1 15 9 0 1 4 4 2 0 0 6 9 2 11 11 7 11 0 6 3 1 3 3 9 9 2 9 3 16 3 6 0 2 8 14 12 2 1 1 6 4 1 7 2 0 7 4 0 5 1 4 6 8 0 2 23 0 2 9 4 6 1 2 2 2 2 0 1 3 2 0 7 10 8 4 2 8 0 9 0
1 10 28 0 4 4 17 0 2 11 4 2 0 13 10 14 2 0 10 3 5 20 2 3 5 16 4 17 2 7 6 1 11 0 17 32 7 17 9 3 7 0 18 13 3 6 13 3 1 1 2 4 10 6 1 17 0 1 12 25 5 1 0 7 26 6 4 38 21 7 11 25 23 4 2 6 2 12 6 4 2 44 9 5 36 0 0 4 1 15 0 9 0 8 4 8 9 23 8 3
9 3 0 0 0 1 12 0 16 8 11 5 0 3 0 24 17 6 0 3 1 1 7 1 6 6 1 3 2 9 7 3 4 0 0 0 1 2 0 3 5 0 3 3 0 5 0 6 6 5 0 3 6 11 6 1 2 6 8 0 1 0 4 2 4 4 5 1 0 16 1 5 4 1 4 6 2 0 3 1 1 15 1 3 1 1 4 2 7 0 6 7 1 4 0 8 0 0 8 0
41 1 0 12 5 6 3 2 6 3 3 13 12 6 18 12 0 18 12 4 31 0 6 9 0 3 23 19 13 0 17 0 2 0 6 38 7 0 0 9 5 10 5 14 22 4 2 5 1 11 6 18 6 0 0 16 1 6 3 1 2 1 12 4 7 7 1 1 5 2 0 6 10 4 5 5 3 2 6 7 11 4 8 7 10 0 22 14 10 6 1 5 1 2 7 2 7 2 5 0
0 0 0 1 1 1 0 0 0 0 0 0 1 0 0 1 0 0 4 0 2 0 0 0 0 1 1 0 3 0 1 0 0 0 0 0 0 0 0 1 0 0 0 2 0 0 0 0 0 1 0 0 0 0 0 0 1 0 1 0 1 0 0 1 0 1 0 1 0 8 1 0 0 0 1 0 0 0 0 0 0 0 0 0 0 0 1 0 0 0 0 0 0 0 0 0 0 0 2 0
3 40 1 5 5 10 0 8 0 6 3 3 1 4 5 5 14 0 25 5 5 5 2 3 4 4 4 4 18 5 4 8 3 4 33 8 50 9 10 14 32 4 4 0 1 2 2 4 6 4 5 8 0 12 2 4 15 0 11 14 1 3 2 3 0 14 4 3 0 1 13 3 27 0 8 12 2 6 5 4 4 4 12 7 9 11 2 6 2 4 0 1 18 3 3 0 21 2 3 2
1 2 12 1 9 4 4 9 2 4 4 0 16 0 3 6 0 3 9 4 0 2 4 1 7 0 1 4 0 2 5 2 11 16 13 0 43 8 4 2 6 0 13 0 5 9 1 8 4 0 6 5 1 0 0 1 1 8 2 3 1 9 3 0 0 2 5 0 4 7 15 1 1 1 2 13 0 3 6 0 4 3 4 1 0 14 1 2 2 4 3 5 2 5 5 0 0 5 5 3
11 13 5 3 8 0 6 4 12 12 1 15 8 13 2 45 17 6 7 6 40 8 7 2 0 5 16 0 0 1 5 15 9 1 21 3 3 5 6 0 1 4 4 4 6 20 7 0 0 20 7 4 6 12 3 6 4 13 9 8 6 5 3 3 20 50 3 0 5 1 8 2 5 15 25 13 2 26 0 0 7 2 9 7 4 8 8 13 4 2 5 7 34 1 28 0 4 4 12 31
1 2 0 15 16 4 9 6 22 12 4 1 2 0 0 13 3 12 2 1 5 3 4 0 2 2 4 5 4 7 7 3 4 15 7 6 4 10 7 14 1 1 7 1 12 28 3 0 1 1 15 7 2 4 5 17 0 1 3 7 18 5 4 4 1 0 20 16 4 0 1 7 2 5 4 25 6 7 24 1 1 5 8 2 3 1 9 0 6 0 0 2 1 3 2 16 15 24 5 12
1 1 2 9 2 4 2 7 0 9 7 0 12 4 0 1 1 2 7 1 1 0 3 2 3 4 2 9 1 1 3 1 0 1 0 7 0 1 0 7 6 3 0 0 12 8 0 4 6 8 0 1 4 16 15 19 10 0 0 2 8 1 1 3 3 14 2 0 0 7 11 1 5 20 2 5 1 6 3 4 0 1 3 5 0 1 7 4 0 2 12 5 10 8 1 1 3 2 0 1
0 8 8 10 3 5 0 1 5 15 4 2 3 7 6 1 12 3 17 9 10 5 3 1 19 9 22 3 14 1 6 6 5 2 10 1 0 2 2 1 11 2 45 6 3 1 30 9 5 8 9 11 22 3 8 27 8 23 14 0 0 1 3 2 1 2 27 3 24 3 3 2 2 5 15 14 14 9 16 22 1 1 8 10 0 18 33 3 0 19 2 1 0 29 3 7 4 8 3 3
0 0 0 0 0 1 1 0 1 1 0 1 0 0 0 0 0 0 0 0 0 1 0 0 0 0 0 0 1 0 1 0 0 0 1 1 3 1 1 1 0 1 0 0 1 0 1 0 0 0 0 0 1 1 0 1 1 1 0 0 1 0 0 1 0 0 0 0 0 1 0 0 0 0 13 1 0 0 1 1 0 1 3 0 0 1 0 0 0 0 3 0 1 0 0 0 1 0 0 2
6 2 14 10 8 19 6 23 6 3 8 3 4 3 4 7 1 29 0 7 2 4 2 1 12 1 1 17 27 4 0 3 13 26 7 1 5 6 1 7 12 1 8 11 3 1 7 8 0 22 0 0 0 19 0 5 13 14 1 10 8 21 2 14 3 6 4 2 4 39 2 10 11 8 9 12 3 5 10 8 13 1 7 11 7 7 30 1 3 15 2 3 1 14 17 0 0 12 14 33
22 7 1 4 1 2 2 17 17 1 3 6 1 0 4 0 2 1 13 0 1 10 1 1 1 0 1 0 1 0 2 1 6 3 4 7 2 3 17 2 9 0 1 3 0 5 6 0 2 4 3 2 1 16 3 29 3 0 1 0 1 3 10 4 9 1 10 1 3 1 0 2 1 1 5 1 1 2 1 2 3 0 5 5 3 5 12 5 0 3 2 6 8 1 10 9 2 5 0 2
0 0 2 0 6 5 0 8 0 0 4 0 0 0 1 1 2 2 1 0 1 5 4 1 9 1 0 6 7 0 19 3 2 2 13 1 1 0 4 8 0 9 10 1 2 2 2 0 2 4 1 0 7 2 0 2 6 12 3 3 1 7 1 6 10 0 6 0 3 2 5 0 5 2 1 0 0 16 1 7 7 0 0 23 3 0 8 4 21 10 3 1 0 1 0 0 0 21 5 0
0 5 0 4 9 0 9 5 1 1 1 0 4 3 10 0 5 10 1 4 8 4 15 7 4 6 8 8 5 7 9 8 1 3 0 11 5 0 1 16 2 4 1 3 0 3 8 8 1 1 2 0 0 4 19 2 6 1 4 6 7 2 10 0 0 10 3 4 10 0 0 0 1 4 1 11 2 2 12 2 3 0 3 2 3 0 1 0 6 0 1 0 0 0 4 13 8 10 0 9
1 0 1 0 0 0 0 6 1 0 0 0 0 1 2 0 0 0 5 0 0 0 1 0 1 0 0 0 4 1 0 0 0 0 2 0 0 1 0 3 0 7 2 0 0 2 0 0 1 0 0 1 0 1 1 0 0 0 0 0 0 0 0 0 0 0 0 0 0 0 0 0 2 0 0 0 1 0 0 0 1 0 1 1 0 0 0 3 0 1 0 0 0 5 0 0 0 0 0 0
3 1 12 0 2 15 34 0 3 5 5 5 6 0 7 5 0 1 2 5 12 8 0 3 1 3 0 1 0 2 2 1 0 5 4 12 7 4 4 4 11 0 1 3 6 0 10 3 1 6 1 0 0 2 5 2 3 6 2 3 11 3 2 1 9 1 6 0 11 14 9 12 9 0 2 4 2 0 2 6 0 2 1 0 1 1 1 4 20 2 1 4 0 3 11 4 6 0 2 22
8 6 13 2 2 2 16 17 3 4 2 2 1 10 7 26 11 2 1 2 1 4 3 5 32 1 2 9 2 8 2 1 4 2 12 1 2 8 13 49 1 7 35 0 8 6 1 6 4 14 3 9 9 1 16 20 3 3 7 9 5 11 0 10 34 5 26 7 5 27 6 17 7 4 11 2 0 0 3 0 8 13 2 5 12 40 0 3 2 11 6 10 15 0 8 12 5 1 21 12
0 1 0 0 1 0 0 1 0 2 0 0 0 0 1 0 0 0 0 0 0 1 1 0 4 0 0 0 0 0 0 0 2 1 0 0 1 0 0 1 0 0 0 0 0 2 0 0 0 1 0 0 0 0 0 1 0 0 0 0 0 0 0 0 0 0 1 0 0 0 1 0 1 0 0 0 0 0 2 0 0 1 0 0 0 2 2 0 0 0 0 0 0 0 2 0 0 0 0 0
0 0 1 2 17 1 21 8 0 2 15 1 6 0 1 3 2 3 11 2 11 3 0 1 0 4 3 2 5 4 2 0 0 9 3 2 1 1 0 2 0 4 14 3 1 10 0 1 4 2 7 4 2 7 0 2 6 1 1 0 6 12 0 9 4 7 0 15 0 1 4 2 2 4 4 0 12 4 0 12 3 4 5 0 2 2 9 1 0 0 1 4 5 7 1 2 2 0 1 2
0 1 5 3 0 2 3 1 3 9 5 7 2 0 5 2 12 12 0 0 6 14 0 1 1 4 6 27 0 7 0 11 4 3 24 12 3 3 5 5 6 1 7 3 3 2 1 5 0 2 4 0 4 15 1 5 0 4 1 0 23 5 1 4 1 2 10 6 0 2 1 0 7 2 7 0 0 0 2 5 2 0 0 0 1 15 1 0 2 3 1 4 6 0 0 3 3 3 0 11
6 13 3 0 4 5 3 1 1 2 2 2 23 6 3 2 2 14 3 1 4 3 0 3 3 1 4 1 14 7 7 4 7 12 1 0 0 2 1 5 9 5 8 2 2 9 4 4 0 17 6 6 0 3 5 2 2 0 12 2 13 0 2 2 3 2 2 3 8 5 1 2 5 6 1 2 0 12 4 1 1 0 0 8 19 4 1 0 3 0 4 0 23 3 6 1 0 6 1 1
1 6 1 4 13 1 0 2 9 6 3 21 4 3 7 2 12 7 0 2 2 5 54 5 1 7 8 3 7 29 5 2 10 22 6 12 11 1 6 2 0 7 10 6 4 3 35 8 9 2 0 6 3 6 4 4 2 4 12 20 4 14 4 14 11 1 2 20 29 2 1 3 3 4 1 5 40 3 7 21 0 6 16 8 0 11 30 12 1 6 8 1 2 11 2 13 1 5 0 3
2 21 4 11 4 7 10 13 2 22 13 4 8 1 2 4 8 5 10 4 19 2 7 19 0 2 14 12 1 2 2 4 10 7 16 3 1 9 2 0 5 2 1 4 4 10 3 1 28 9 5 20 3 19 9 2 11 7 8 25 2 6 10 16 4 0 9 2 5 36 9 2 2 2 0 0 27 0 19 0 6 19 8 0 3 32 11 12 3 20 3 13 0 29 16 11 5 0 2 4
0 0 0 1 0 0 2 0 0 0 1 1 0 0 4 1 0 0 0 0 1 0 1 0 0 1 1 0 0 0 0 0 0 0 0 0 0 0 0 0 0 0 1 2 1 1 0 0 2 1 0 0 0 0 0 0 0 1 3 0 1 0 2 0 1 1 3 1 1 0 0 0 0 1 0 0 0 2 0 0 0 0 0 0 7 1 0 6 0 0 0 0 0 0 0 0 0 1 0 1
0 0 0 0 1 0 0 3 0 0 0 0 0 0 1 0 1 0 0 0 0 0 0 0 0 0 0 2 0 0 4 1 0 0 0 0 0 1 0 1 0 0 0 0 0 2 0 2 2 0 0 0 0 1 0 0 1 0 1 0 2 0 0 2 0 0 0 0 2 1 0 0 0 0 0 1 0 0 2 0 0 0 0 0 0 0 0 0 0 0 0 1 0 0 1 0 2 0 0 0
11 4 9 9 8 2 0 9 12 1 6 10 1 8 5 0 14 13 21 1 0 5 2 0 0 2 4 1 4 16 19 6 1 1 6 1 1 5 0 0 12 0 8 6 25 21 4 8 16 5 27 11 9 7 4 6 1 0 2 2 0 16 7 11 6 9 2 8 13 2 1 7 6 6 9 10 19 3 22 20 9 23 0 10 7 14 2 8 6 2 1 7 6 3 9 11 21 10 19 0
14 10 1 8 2 5 2 7 13 0 11 19 25 22 6 3 1 1 3 15 4 0 15 1 2 0 3 26 2 0 8 1 20 3 4 5 10 3 21 3 1 5 3 0 4 3 1 0 5 27 7 6 14 2 1 9 2 3 4 6 13 9 0 9 2 2 6 26 6 26 0 3 2 1 10 0 9 7 5 6 5 13 3 7 8 1 0 0 7 5 5 3 0 1 0 14 3 10 20 0
2 4 7 4 0 0 0 0 15 5 0 17 4 0 4 2 10 0 11 0 2 0 2 2 2 17 5 2 9 0 4 2 1 16 1 2 1 4 1 1 5 3 1 3 5 1 11 0 0 8 0 3 0 0 2 2 8 4 10 0 3 0 2 0 8 6 1 2 4 6 6 5 1 0 8 2 6 4 4 7 1 20 4 11 3 5 0 9 9 8 0 2 7 0 10 3 2 0 0 5
5 15 3 1 3 3 7 1 5 0 0 6 0 0 5 0 5 8 1 1 3 2 28 0 6 5 2 0 3 1 5 2 5 14 2 8 0 5 2 1 6 4 1 2 1 4 2 10 16 16 2 5 12 3 3 1 2 9 3 4 1 1 0 11 1 4 0 9 0 2 0 24 16 4 1 5 7 2 1 11 9 3 0 1 4 8 3 0 5 0 0 2 1 0 0 0 2 6 4 9
0 1 0 0 6 0 1 0 1 1 0 0 0 0 0 0 0 0 1 0 0 0 0 1 9 2 0 0 0 0 0 0 0 1 0 0 2 0 0 0 0 0 2 1 0 0 0 2 4 0 0 0 0 0 0 0 0 0 0 0 0 1 0 0 0 0 0 0 0 1 0 0 0 0 2 1 0 0 0 0 0 0 1 0 0 0 0 0 0 2 0 0 1 1 0 0 0 0 0 1
0 1 0 0 0 0 1 0 0 0 0 1 0 0 0 1 0 0 0 0 0 0 0 2 0 0 2 0 0 0 0 0 0 1 2 0 0 2 0 2 1 1 0 1 0 1 1 0 1 1 0 2 0 2 0 0 0 2 0 0 0 0 1 1 0 0 0 0 0 0 3 0 0 0 0 0 0 0 0 4 0 0 0 0 1 0 0 3 0 0 0 0 0 8 1 0 1 0 0 0
3 3 1 3 1 2 4 1 7 0 1 3 3 3 10 5 5 3 9 0 0 1 7 0 0 0 2 1 0 0 4 14 14 1 1 0 0 5 18 3 1 5 0 6 2 9 1 4 6 0 3 3 6 10 4 0 4 2 1 2 3 1 7 0 1 2 3 2 0 1 5 5 1 18 3 1 8 4 4 0 3 4 24 3 1 2 0 3 1 1 4 7 8 3 0 2 8 4 1 8
0 21 1 21 6 5 2 4 7 1 8 22 16 1 5 2 4 10 7 22 11 2 1 12 1 17 3 1 8 8 4 3 9 4 15 3 1 2 16 7 6 3 6 2 7 1 1 2 0 0 6 3 2 1 4 34 6 6 6 3 1 2 1 5 2 13 26 10 14 10 28 5 15 20 4 15 1 16 24 3 12 8 0 10 2 7 1 0 18 6 20 0 3 4 2 30 13 10 26 4
11 6 10 0 2 12 1 18 14 1 1 10 16 0 1 9 4 3 0 16 6 30 4 6 0 4 20 3 26 0 13 6 7 1 16 12 30 0 2 1 5 9 3 5 9 5 2 13 0 2 22 14 10 4 10 17 0 16 4 30 17 14 4 1 6 12 2 1 1 16 8 3 4 17 14 2 5 6 5 7 26 0 8 11 20 6 8 2 6 8 6 14 8 14 6 10 0 17 0 1
3 0 0 0 0 0 0 1 1 0 0 0 0 0 0 1 2 0 0 0 3 0 1 0 0 0 1 0 0 0 0 0 1 0 0 0 0 0 1 1 1 1 1 1 0 0 0 1 0 0 0 0 1 2 0 0 0 1 1 0 1 0 0 0 0 0 0 0 0 0 0 0 0 0 1 0 0 0 0 1 3 0 0 0 0 0 1 1 0 1 1 0 0 0 0 0 1 0 0 0
0 0 0 1 0 0 0 0 0 0 0 0 0 0 0 1 0 0 11 0 0 0 0 0 0 0 1 0 6 0 0 1 0 2 0 3 0 1 2 0 1 1 2 0 0 0 0 2 0 0 0 0 0 1 0 0 0 1 0 0 0 0 0 1 0 0 0 0 1 0 1 0 1 0 5 1 0 0 1 0 0 2 1 0 3 0 0 0 0 0 0 0 0 0 0 0 0 1 0 0
2 13 18 9 13 1 11 5 1 16 2 5 7 14 1 14 22 16 7 7 8 1 12 14 8 0 6 0 8 3 39 10 0 0 4 7 11 4 1 12 17 17 3 3 8 0 12 6 1 22 0 3 2 5 2 2 3 5 3 1 6 5 0 2 2 22 0 4 3 9 1 27 10 1 29 2 2 9 15 13 1 8 2 1 4 19 8 1 16 6 24 26 11 8 13 20 6 0 3 15
0 0 3 0 2 0 4 9 5 15 1 1 6 3 0 0 27 0 4 9 0 2 1 11 8 0 1 13 10 10 4 6 2 9 3 7 1 4 4 5 5 5 0 8 0 14 2 4 3 5 2 1 0 9 3 1 2 0 1 0 3 16 0 2 1 0 10 1 6 10 0 2 3 6 6 5 0 0 8 9 2 0 5 4 21 1 2 7 1 0 9 5 4 6 13 6 8 0 3 3
0 0 3 0 1 0 0 0 0 0 0 0 1 0 0 0 0 2 0 1 0 0 0 0 0 0 1 0 2 0 2 0 0 0 1 2 0 0 0 0 1 1 0 0 0 0 0 3 0 1 0 0 0 2 1 1 1 0 0 1 1 0 1 5 0 0 0 3 0 0 0 0 0 2 0 0 0 0 0 1 0 1 0 0 0 1 0 0 2 1 0 0 0 0 0 0 0 1 2 0
0 0 0 0 1 0 2 0 0 0 0 1 1 0 0 0 0 0 0 0 0 2 1 2 0 1 0 1 1 0 0 0 0 0 0 0 1 0 0 0 0 0 0 0 0 0 0 0 0 0 0 0 6 1 0 0 1 0 0 0 2 1 0 0 0 0 1 0 0 1 1 0 0 0 0 1 0 0 0 0 0 0 0 0 1 1 3 2 0 0 0 0 1 0 0 0 2 3 0 0
0 0 0 0 0 0 0 1 0 0 0 0 1 1 0 0 0 0 0 0 0 0 0 1 0 0 0 1 1 0 0 0 0 2 0 1 1 0 0 0 0 0 0 0 0 0 0 11 1 1 0 0 0 0 0 0 2 0 0 1 0 0 0 1 1 0 0 0 1 1 0 1 0 0 3 0 0 0 0 0 2 3 1 5 0 2 0 0 0 0 1 2 0 0 1 0 0 0 0 0
1 2 7 3 8 3 6 0 0 3 6 7 8 6 0 1 2 0 1 2 5 6 1 0 2 0 0 6 3 0 4 0 0 4 1 2 0 0 3 1 7 4 1 2 5 5 0 8 3 6 8 2 1 2 2 3 6 10 4 9 4 1 7 1 10 5 1 4 9 0 7 4 7 3 0 5 0 3 1 7 0 1 1 0 0 17 0 1 1 0 2 4 9 3 1 2 2 7 3 7
0 0 0 0 1 0 1 0 5 0 0 0 1 0 0 0 0 0 1 0 0 1 0 0 0 0 0 0 0 1 9 0 0 0 1 1 1 0 0 0 0 0 3 0 0 1 1 0 0 0 0 2 0 1 0 0 0 1 0 0 2 0 0 0 1 4 1 0 0 0 1 2 0 0 1 1 5 0 1 0 0 1 1 0 2 0 2 0 1 0 0 0 0 1 2 0 1 0 0 0
2 2 0 11 10 0 7 15 1 6 2 6 9 16 12 6 0 3 4 2 0 0 11 17 0 1 4 20 1 17 1 16 1 3 16 2 3 11 13 0 2 12 6 16 0 18 5 9 8 11 2 32 5 2 22 3 1 0 7 9 0 4 1 5 9 15 9 10 4 20 10 5 24 2 0 6 1 14 6 3 0 0 1 0 2 1 0 0 11 19 3 4 14 17 4 9 2 8 6 3
6 1 21 10 11 1 4 3 3 7 0 5 5 16 4 0 5 4 6 8 6 2 6 17 22 19 11 4 5 0 0 0 4 4 1 4 0 6 0 2 17 3 5 2 17 0 1 1 20 6 0 4 6 3 21 4 0 19 1 7 0 8 0 15 15 22 1 1 7 15 0 6 2 13 0 4 4 3 5 18 0 15 3 1 21 4 45 3 4 0 1 6 6 13 12 0 1 10 0 4
2 2 1 1 0 1 0 0 0 0 1 0 1 1 0 0 0 1 2 8 0 0 0 0 0 0 0 0 0 1 1 0 0 0 1 0 0 0 0 0 0 1 0 0 0 0 0 0 0 0 0 0 2 0 0 0 1 1 0 1 0 0 0 0 0 0 0 0 0 0 0 0 3 1 0 0 2 2 0 0 0 0 0 0 1 0 0 1 0 1 0 0 0 7 0 0 0 1 0 0
4 28 0 12 0 12 9 10 5 7 21 5 35 1 19 4 1 14 20 9 6 10 0 2 11 5 38 1 14 11 18 6 0 2 4 3 8 17 0 0 10 11 32 11 2 2 9 3 5 2 3 1 25 1 0 11 0 10 4 0 1 6 2 7 6 3 10 2 5 1 3 2 3 15 1 1 6 0 6 0 0 9 2 4 6 1 5 4 15 5 17 2 10 6 5 5 4 3 3 13
9 3 3 3 7 3 3 1 5 0 2 3 2 1 21 0 8 2 8 2 9 0 14 30 2 0 6 0 2 0 2 1 4 10 0 2 4 8 7 10 5 8 4 1 1 1 0 2 0 0 1 0 7 7 3 0 1 1 3 1 2 14 0 0 3 1 0 5 2 6 2 5 0 3 12 4 7 0 0 7 4 2 7 4 1 2 5 0 0 0 3 0 8 1 2 2 0 3 2 1
2 3 6 1 0 0 4 3 5 3 3 0 4 2 1 0 14 1 7 7 14 1 13 4 0 12 1 5 0 7 4 0 0 4 6 0 1 3 11 4 6 4 11 1 0 0 5 1 4 7 1 2 0 7 10 6 1 2 1 21 9 4 1 4 0 12 0 32 0 7 3 7 5 0 3 9 16 1 3 0 2 6 2 1 2 5 0 2 4 2 1 1 4 1 1 5 0 3 2 1
0 0 0 0 0 0 0 0 0 0 0 0 0 0 1 0 1 2 1 0 0 1 0 1 0 0 2 0 1 0 0 0 0 1 0 0 1 1 1 0 1 0 0 0 0 11 0 2 0 0 0 0 0 0 2 0 0 1 0 0 0 2 0 0 0 1 0 1 0 0 0 1 19 1 1 1 0 0 0 0 0 1 1 1 1 0 0 0 0 0 0 1 0 0 1 0 0 1 0 0
1 0 1 0 0 3 1 0 0 0 0 1 0 1 0 0 0 3 0 2 0 0 0 0 0 0 0 0 0 1 0 0 0 0 0 0 0 0 1 0 0 0 1 0 0 1 0 0 1 0 3 1 0 0 0 0 0 0 2 0 0 0 0 1 1 0 0 1 0 0 0 0 0 0 0 2 0 0 0 0 1 0 0 0 1 0 0 0 0 0 0 0 1 1 0 0 0 0 0 0
0 6 4 0 1 5 15 19 1 1 0 0 3 8 0 15 1 3 8 2 0 0 0 1 0 5 4 1 2 0 2 7 4 4 0 1 2 1 14 4 1 4 6 0 1 4 2 4 2 1 5 4 3 1 0 6 8 0 3 8 4 1 9 4 6 6 1 4 1 2 3 7 13 2 0 2 2 1 3 11 0 2 0 0 6 16 3 4 1 4 1 0 7 1 5 11 3 1 1 1
0 1 1 1 4 4 2 0 8 0 8 1 17 0 0 3 13 2 0 1 0 3 0 3 3 0 0 1 0 0 0 2 4 0 4 0 9 0 12 2 9 0 0 1 6 6 0 10 1 0 4 0 0 2 2 1 1 1 11 1 14 0 3 0 0 0 5 10 0 2 14 3 1 4 1 1 0 0 22 2 0 0 6 7 1 6 3 0 0 3 5 1 0 0 0 1 3 0 3 0
9 6 5 9 4 1 10 6 17 3 4 11 0 1 5 3 4 0 3 4 13 1 1 11 1 8 5 15 6 2 0 0 3 6 4 3 3 7 0 3 4 7 4 4 15 3 1 8 4 19 0 2 4 6 10 5 3 12 0 2 1 0 3 15 1 5 0 0 1 6 1 8 6 13 7 0 1 0 2 0 4 5 2 1 2 0 1 2 4 0 2 3 7 5 22 1 1 4 0 1
2 1 9 26 3 8 8 1 3 13 13 4 2 9 9 12 13 4 0 2 4 8 2 6 26 4 15 40 5 8 14 4 4 4 13 17 4 0 0 3 2 5 2 6 1 46 5 1 1 18 28 3 14 17 13 4 9 1 11 4 6 4 3 2 13 17 4 3 4 1 14 3 44 8 16 11 3 1 9 7 11 3 5 10 0 24 2 1 12 28 11 13 5 0 53 19 8 0 10 15
0 0 0 0 2 0 1 0 0 0 1 0 0 0 0 0 0 0 0 0 1 0 1 0 0 1 0 0 0 1 0 0 0 0 0 0 0 0 0 0 0 0 0 0 0 1 0 0 2 1 0 0 0 0 0 0 0 0 2 1 6 0 0 0 3 1 0 0 0 0 0 1 0 0 0 0 0 0 0 1 0 0 0 0 0 0 0 1 0 1 0 1 1 0 1 0 1 0 0 2
7 6 9 0 5 14 7 1 19 0 37 3 15 7 17 13 5 8 20 1 2 9 3 6 0 13 2 2 9 15 0 3 3 14 2 8 22 12 14 0 19 8 10 2 0 11 6 24 0 43 2 11 2 0 5 31 0 2 4 23 1 5 11 4 8 12 4 3 6 3 0 5 2 27 0 47 4 5 16 5 4 12 9 17 16 57 8 0 19 4 10 2 6 6 11 16 9 4 10 16
0 1 0 0 0 1 0 0 1 0 1 1 0 0 0 0 0 0 0 0 0 0 0 0 0 1 0 0 0 0 0 0 0 1 0 0 1 0 0 1 0 1 0 0 0 0 0 0 0 0 0 0 1 3 0 0 2 0 0 0 0 0 0 1 0 0 3 0 0 0 0 0 0 0 0 0 0 0 0 0 0 1 0 0 1 1 0 0 1 0 0 0 1 0 1 0 0 0 2 0
0 3 5 1 15 3 1 0 8 2 11 0 7 1 5 0 0 14 7 5 0 4 1 1 2 3 3 5 1 9 3 7 1 0 5 2 1 1 1 4 8 9 1 11 2 4 1 0 7 6 4 0 4 6 0 0 6 0 1 0 5 1 0 5 4 2 2 2 0 12 1 10 0 1 3 7 1 1 1 9 8 5 4 2 12 10 16 1 7 3 0 4 11 1 0 2 16 5 3 5
