2 1 0 3 6 1 0 10 14 7 1 2 2 6 2 10 4 0 1 8 7 0 0 7 5 18 0 0 0 0 1 0 0 0 5 4 3 0 1 3 2 4 0 0 5 2 0 10 3 9 1 0 8 3 4 7 1 0 0 4 0 1 8 2 2 0 0 1 6 3 5 7 0 0 3 2 0 1 3 5 6 9 2 1 5 4 1 0 2 7 1 2 9 0 8 5 20 15 0 0
0 2 9 5 6 8 3 13 23 0 17 17 1 30 5 2 10 1 2 7 10 0 0 5 3 2 10 1 3 6 4 0 2 6 1 2 1 0 1 7 10 8 10 19 1 5 1 9 1 1 2 1 0 6 1 1 11 13 4 15 1 5 5 3 14 12 1 0 15 4 10 15 4 3 10 7 8 15 16 0 11 0 19 5 1 3 0 11 4 0 12 17 6 9 7 3 3 0 8 3
0 0 0 0 0 0 1 0 0 0 3 1 0 1 0 0 0 0 7 0 0 0 1 0 0 0 0 1 0 1 0 0 0 0 0 0 0 0 0 1 1 0 1 1 1 0 0 1 0 0 0 0 1 0 0 0 0 0 0 0 1 1 1 1 0 0 0 0 0 1 0 0 0 0 0 2 2 0 0 0 1 0 0 0 1 2 0 0 0 0 2 0 0 0 1 1 0 0 0 0
8 15 18 2 0 2 0 5 0 1 13 16 0 12 27 0 17 13 5 4 1 9 6 5 5 0 5 2 14 6 1 0 13 1 5 0 25 26 3 14 3 25 28 1 6 2 6 2 3 2 8 14 1 0 20 15 23 9 4 2 16 12 5 4 2 4 21 36 0 14 3 20 10 11 20 9 9 2 8 6 12 13 0 1 5 1 0 1 28 2 9 6 0 13 10 13 9 3 4 1
0 1 1 0 0 1 1 0 1 0 0 0 1 0 0 2 0 2 1 1 1 0 1 0 0 0 1 0 0 0 1 1 0 0 0 2 0 0 0 0 1 1 0 1 0 0 0 0 0 0 0 0 0 0 0 0 0 0 1 0 0 1 0 1 0 0 1 1 1 0 0 1 0 2 0 0 0 0 0 0 0 0 0 0 0 2 0 0 0 1 0 0 0 1 0 1 0 0 0 0
1 1 1 0 0 0 0 0 0 0 1 0 0 5 0 0 0 0 1 1 0 0 0 0 0 1 0 1 0 0 0 2 1 0 0 1 0 1 0 0 0 1 0 0 0 0 0 0 0 0 0 0 0 2 0 0 0 0 1 0 0 0 1 0 0 0 1 3 0 0 13 0 0 2 0 3 0 0 0 0 0 4 0 0 0 0 1 0 1 1 0 2 0 0 0 0 0 0 0 2
1 0 2 1 0 2 0 2 0 0 1 0 0 0 0 0 0 0 0 1 1 0 2 2 0 1 0 0 1 1 0 2 0 0 1 0 0 4 1 0 0 0 0 0 0 0 0 0 0 0 1 1 0 0 0 0 0 0 0 0 0 0 0 1 0 2 2 1 0 1 2 0 3 2 2 1 0 8 1 3 1 0 0 0 2 0 0 1 1 0 13 1 0 0 1 0 0 0 0 1
2 7 9 1 4 2 9 8 0 4 10 0 11 2 1 1 3 1 3 8 14 0 24 1 2 5 0 3 0 5 27 1 4 0 3 1 4 6 8 5 7 6 0 1 5 9 1 2 1 6 0 6 3 3 40 2 0 1 1 0 2 0 3 0 6 1 1 9 0 2 6 4 2 3 4 4 0 1 0 4 3 0 13 6 1 0 3 0 14 10 0 1 5 1 6 4 0 0 0 3
0 0 0 0 0 0 0 0 0 1 0 0 0 0 0 1 0 0 0 0 2 4 0 0 0 2 1 0 0 0 2 0 0 0 2 0 0 1 0 0 1 0 1 0 0 1 0 0 0 1 2 1 0 2 1 0 0 0 0 0 0 1 0 0 1 0 0 1 0 0 0 1 2 0 3 2 0 0 1 0 0 2 3 0 0 1 1 0 0 0 0 0 0 0 0 1 0 2 0 1
15 1 4 7 0 23 10 1 4 2 30 0 1 1 14 35 1 9 9 0 5 1 5 27 0 8 3 6 5 4 9 2 1 2 7 0 7 5 34 3 3 5 26 16 0 14 0 20 1 1 2 8 1 13 10 1 9 6 15 9 6 6 8 1 0 13 2 6 0 2 16 6 6 7 1 4 1 9 0 19 5 2 7 6 4 0 2 4 5 2 1 0 23 0 3 18 4 2 0 3
0 1 1 0 0 0 0 1 0 0 0 0 0 0 0 0 0 1 0 0 0 0 0 0 1 0 0 0 0 0 0 0 0 1 1 0 0 0 1 0 1 0 0 0 2 0 0 0 1 2 0 2 0 2 0 0 0 0 0 0 0 0 9 0 1 1 0 0 0 0 13 0 1 0 0 2 0 0 0 0 1 0 0 0 0 0 0 0 0 0 1 0 0 0 0 0 1 0 0 0
1 1 1 0 0 1 0 0 3 0 0 0 1 1 1 0 0 0 0 0 0 0 0 1 0 0 0 0 1 0 1 1 0 0 0 0 0 0 0 1 0 0 2 0 7 1 0 1 0 0 1 0 0 0 0 0 0 0 2 0 0 0 0 2 0 0 0 1 0 3 2 1 2 0 0 1 1 0 3 1 0 0 1 0 1 0 0 1 0 0 1 1 0 0 0 0 1 0 1 1
7 17 1 0 9 0 5 6 3 12 3 0 7 0 8 1 3 1 0 0 4 1 9 2 0 0 8 3 0 6 0 6 5 1 5 1 12 4 3 0 0 4 16 7 7 15 1 0 0 1 16 2 0 2 9 6 2 2 4 0 2 7 2 5 0 1 8 1 16 6 4 6 8 4 6 7 12 3 6 0 10 1 0 2 4 0 9 0 6 9 0 10 3 3 0 10 10 2 1 6
21 0 0 6 0 4 10 8 20 7 0 0 13 14 13 10 1 9 3 6 11 7 3 5 12 2 4 14 8 26 3 1 2 2 8 4 10 0 12 4 6 3 3 4 3 0 26 11 8 1 2 9 9 2 0 5 8 2 3 21 18 21 1 6 4 14 14 9 15 11 4 18 15 6 1 9 9 0 6 5 1 0 11 8 6 5 0 10 2 22 3 3 17 2 2 2 25 3 1 11
0 0 2 1 0 0 2 0 0 0 0 0 0 6 0 1 9 2 0 0 0 1 0 0 0 1 0 0 0 0 0 19 0 0 1 0 0 1 2 0 0 0 0 0 2 0 0 0 1 1 0 0 1 11 0 0 0 0 0 0 3 0 1 3 1 5 0 1 1 0 0 0 0 0 0 1 2 1 0 3 1 0 1 1 0 1 0 0 1 0 0 4 3 1 0 0 15 0 1 1
6 3 4 5 8 5 5 4 9 4 0 3 32 2 2 3 7 0 10 19 6 1 4 28 15 1 5 1 7 6 9 1 6 6 2 27 0 3 6 4 35 7 13 0 11 2 57 0 13 5 1 1 0 2 23 2 5 18 4 12 1 5 19 3 0 13 0 6 4 9 4 27 4 1 7 4 2 1 3 8 0 2 0 3 6 8 6 21 0 22 7 9 3 0 10 10 8 16 10 0
0 0 0 0 0 6 0 0 2 0 0 0 2 1 0 1 0 0 0 2 1 0 3 0 1 0 0 0 0 1 0 0 1 0 0 0 0 0 0 0 1 0 0 0 1 2 0 0 0 1 0 0 0 0 0 0 1 7 0 0 0 0 2 0 3 0 0 21 0 0 0 1 0 0 0 0 1 0 0 0 0 0 0 0 0 1 0 0 0 0 0 1 0 0 0 0 1 0 1 0
0 0 2 8 0 7 9 0 2 0 7 3 0 1 0 1 5 1 15 4 2 3 2 6 3 12 0 2 5 4 4 5 11 0 0 0 1 3 1 1 2 26 3 7 0 2 13 5 0 1 0 2 1 0 1 0 10 6 2 0 1 0 1 0 14 1 1 0 6 7 20 1 12 13 3 1 0 1 0 5 0 4 6 4 0 1 3 1 8 4 0 3 4 13 0 1 0 2 8 4
1 4 3 2 7 6 1 2 6 1 7 3 17 0 0 3 0 1 0 2 6 12 3 6 0 16 6 9 0 7 0 0 2 2 11 5 3 6 0 0 1 13 6 3 4 5 3 2 1 4 2 2 5 1 2 4 0 5 2 6 6 2 15 1 15 0 3 0 5 1 9 10 2 16 5 8 9 8 7 5 3 2 0 1 4 15 1 2 0 5 0 12 0 6 0 1 3 0 4 0
10 10 1 9 6 5 27 1 6 28 3 18 0 19 10 19 63 4 0 10 17 2 11 0 7 21 3 2 4 4 8 5 2 1 1 2 4 9 1 8 5 20 12 13 3 0 6 5 12 13 0 4 3 1 4 11 7 0 7 1 3 0 3 23 5 21 1 16 4 9 4 24 14 4 4 8 12 8 17 4 0 1 5 9 6 4 17 4 2 6 9 0 1 23 34 4 12 3 2 15
12 3 3 14 6 7 8 12 5 10 13 0 31 9 4 1 6 18 3 1 11 15 0 1 1 11 2 7 3 32 11 6 6 3 26 2 6 6 4 3 3 14 10 8 8 22 14 14 9 0 11 15 20 14 4 7 15 2 1 0 4 6 12 9 11 8 1 25 12 3 2 13 2 19 9 0 2 11 0 17 4 5 33 6 8 10 4 0 1 7 2 3 2 1 6 0 8 3 2 4
0 1 2 3 4 0 3 14 1 7 9 4 1 13 0 2 4 6 4 2 1 4 1 5 0 3 22 1 3 1 2 3 1 3 1 5 6 2 5 1 1 3 2 19 3 3 6 5 7 1 2 11 3 10 3 9 6 2 7 0 1 1 0 0 4 6 1 1 1 5 0 8 0 32 7 4 10 5 0 2 4 1 8 0 1 13 1 2 1 3 0 17 5 0 5 7 3 0 5 0
16 6 13 5 17 6 2 10 0 1 14 5 31 33 12 9 9 2 3 0 3 4 12 5 8 8 1 9 9 4 3 7 4 12 4 20 6 2 1 0 38 5 0 24 1 11 4 11 3 7 13 18 11 2 0 7 14 5 1 7 4 19 20 22 3 5 0 3 5 10 0 8 2 3 8 9 1 15 11 5 18 8 7 1 1 4 8 8 13 4 9 3 14 18 0 4 1 0 3 6
1 1 1 0 0 0 0 0 0 0 1 5 0 0 1 1 0 0 0 0 0 0 0 1 0 1 1 1 0 0 0 1 1 0 0 1 0 0 0 1 0 0 0 0 0 0 0 0 0 1 0 0 0 0 0 0 0 0 2 0 0 11 1 0 0 0 0 2 0 2 0 0 0 0 2 0 0 0 0 1 2 0 1 0 0 0 0 0 0 0 2 1 0 0 0 0 0 0 0 1
8 13 2 2 0 2 11 9 1 3 5 12 4 8 8 8 29 27 7 12 10 0 2 2 6 12 8 7 1 15 9 3 0 0 0 5 4 0 5 10 3 2 23 8 12 16 9 14 0 6 1 0 1 2 10 9 1 2 4 26 0 4 6 0 2 7 6 2 7 3 9 9 13 15 18 25 12 14 40 23 16 0 5 9 11 6 1 15 3 6 62 18 1 8 5 4 7 24 2 4
0 0 0 0 0 0 0 0 0 0 0 0 0 1 0 1 0 1 2 2 0 1 0 0 0 0 0 0 0 0 0 0 0 0 0 0 3 1 0 0 0 3 0 0 0 0 0 0 0 1 0 1 1 0 0 0 0 0 1 1 0 2 0 1 1 0 0 0 1 0 0 2 2 1 0 0 0 0 0 1 0 0 0 1 0 0 0 0 1 1 0 1 0 1 0 1 0 0 1 0
0 9 1 0 13 13 0 0 1 6 8 12 0 4 45 5 2 8 2 0 16 3 0 1 0 1 7 1 0 2 9 15 12 4 5 3 0 1 19 4 1 7 0 1 6 7 12 13 4 3 1 0 3 7 1 5 1 1 5 22 1 0 0 8 1 4 2 3 11 2 4 10 2 1 10 3 3 6 11 2 10 0 4 1 7 7 3 0 3 1 12 3 6 6 13 4 4 7 6 1
0 1 12 13 3 3 1 0 1 4 4 4 4 3 4 3 3 0 8 1 11 6 1 3 0 6 3 0 4 0 8 2 0 13 4 0 0 3 2 2 5 12 3 8 0 0 5 0 6 15 5 3 0 1 5 1 10 0 19 5 1 1 5 3 2 5 1 3 2 2 1 9 1 0 3 7 15 4 1 5 7 4 2 1 7 1 8 16 4 1 6 0 7 1 0 4 1 8 0 2
1 17 3 0 11 2 1 2 1 11 3 8 0 10 6 1 4 6 0 3 0 15 1 17 2 14 19 0 5 3 2 3 1 5 1 1 13 6 0 3 2 8 3 5 1 9 0 5 8 1 0 4 1 8 27 6 3 6 7 7 5 14 11 8 4 6 1 0 5 0 0 0 1 1 2 0 8 3 4 11 2 0 13 5 13 1 13 0 2 11 3 3 3 2 0 1 14 0 1 7
1 1 0 0 1 1 0 1 0 1 0 0 0 0 0 0 1 0 0 0 1 2 0 2 0 0 2 0 0 0 0 0 0 0 0 1 1 1 0 1 0 0 0 1 0 1 0 0 0 0 0 0 1 0 0 0 0 0 0 0 0 1 0 4 0 0 0 1 3 0 0 2 2 1 0 0 0 3 2 0 1 0 0 0 1 2 0 0 0 1 0 0 1 0 3 0 0 0 0 0
1 0 0 0 1 0 1 0 0 0 0 6 0 1 2 0 0 0 0 0 0 1 0 1 0 0 0 3 0 0 0 2 0 0 0 0 0 0 1 0 0 0 0 0 0 1 1 0 0 0 0 0 0 1 0 0 0 3 1 1 0 0 0 0 0 0 1 0 0 0 0 0 2 0 0 1 3 0 0 0 2 0 0 1 0 0 0 1 0 0 0 0 0 0 2 1 0 0 0 0
0 0 0 0 1 3 1 0 0 2 0 2 0 0 0 0 4 0 0 0 0 2 0 1 0 3 0 3 0 3 0 0 0 1 1 0 0 1 0 0 0 1 0 0 0 1 0 1 0 0 3 0 1 0 0 0 0 0 2 1 1 1 0 3 0 0 0 0 0 0 1 0 0 4 0 0 1 0 0 0 0 1 1 0 2 0 0 0 3 1 0 0 2 1 0 0 1 0 3 1
0 0 0 1 0 2 0 0 0 3 0 0 0 0 0 0 0 0 0 1 0 1 0 1 0 0 0 1 1 0 0 2 0 0 1 0 1 2 1 0 0 0 0 1 1 0 0 1 0 1 1 0 0 0 0 0 0 1 0 0 0 0 0 2 1 2 2 0 0 0 0 1 0 0 0 0 0 0 0 0 0 0 0 1 0 0 0 0 1 0 0 0 2 0 1 0 0 1 0 0
0 1 0 0 0 0 0 0 0 0 1 0 0 0 0 2 1 0 0 0 0 0 0 0 0 0 1 0 0 1 0 0 1 0 1 2 0 1 0 1 0 0 0 1 0 2 4 0 0 0 0 0 1 0 0 0 0 0 1 0 0 3 1 1 0 0 2 1 0 0 3 0 0 0 2 2 0 0 0 0 0 3 0 0 0 0 0 2 1 1 0 0 0 0 0 0 0 2 1 0
6 1 0 1 2 1 0 8 1 0 7 0 16 1 5 3 1 2 0 1 2 5 3 4 0 5 0 6 3 4 8 9 1 0 1 4 0 3 6 2 4 0 0 1 2 0 4 0 0 2 15 1 3 1 3 3 8 16 4 0 0 7 3 3 18 9 1 8 8 1 6 0 2 3 1 0 6 6 10 3 0 8 1 3 2 1 0 0 1 11 0 12 4 6 1 1 1 1 10 21
0 1 1 8 1 3 8 5 5 2 3 10 2 3 2 5 0 9 3 2 7 4 15 0 2 5 3 0 0 5 1 8 5 0 2 5 0 0 5 0 0 5 3 3 1 10 4 3 0 2 7 9 0 13 10 3 4 2 2 7 0 0 3 1 8 7 32 3 6 4 0 3 2 1 3 8 3 9 2 1 5 1 6 3 14 10 2 9 4 3 0 6 5 3 2 2 6 0 8 2
18 2 16 2 10 17 4 1 11 3 12 26 5 3 2 16 3 4 10 10 0 10 1 13 12 8 0 19 9 0 10 4 34 31 4 9 1 18 10 2 3 3 2 0 4 6 1 8 6 3 0 19 0 14 0 5 2 1 3 2 13 0 0 20 1 15 2 1 13 2 0 15 18 13 1 0 18 8 3 8 1 3 6 5 22 29 20 1 9 23 3 5 0 0 29 8 11 5 3 0
1 1 1 1 2 0 0 0 0 0 0 0 1 1 1 0 0 0 2 0 0 0 0 1 1 0 1 0 0 0 2 0 2 0 0 0 1 2 4 0 0 0 2 0 0 1 2 0 2 0 0 0 0 1 0 0 0 0 0 0 0 0 0 0 0 0 3 0 0 1 0 0 1 0 1 0 0 1 0 0 0 0 2 0 1 0 0 0 0 0 0 0 0 0 0 0 0 0 0 0
6 0 3 0 3 3 8 1 4 2 0 10 5 1 2 0 10 2 0 5 2 5 4 3 1 9 8 13 1 0 8 0 6 8 5 1 1 4 0 2 6 1 5 0 0 15 1 0 5 0 3 8 4 9 1 3 5 0 1 0 6 5 2 10 3 3 20 1 1 5 0 2 0 4 9 1 3 9 21 3 0 1 10 2 10 1 4 13 3 1 2 0 9 5 1 4 14 0 0 4
4 1 4 5 0 3 3 0 32 0 2 0 1 3 0 1 0 6 9 0 6 0 8 3 1 4 0 3 1 0 11 4 2 4 11 0 0 1 10 8 0 7 10 0 2 6 3 3 10 5 11 0 1 4 3 19 1 7 14 2 4 6 3 0 12 0 1 14 1 1 1 17 2 6 0 1 18 0 10 6 1 4 0 3 0 1 14 0 0 2 0 7 2 7 0 3 0 1 2 5
0 0 0 1 1 3 0 0 0 0 1 3 4 3 0 0 0 0 1 1 1 1 2 0 0 0 1 0 0 0 0 2 1 3 0 0 0 0 0 0 0 0 0 0 0 0 4 1 0 0 0 0 1 0 0 0 0 0 0 1 0 0 0 0 0 0 0 1 0 0 1 0 1 1 1 1 0 0 0 0 0 0 0 0 0 0 0 0 0 0 0 0 0 0 0 0 0 0 0 0
0 4 1 0 6 0 0 0 0 0 0 0 1 0 1 0 0 1 1 1 0 0 2 0 0 1 1 0 0 0 1 1 0 2 1 1 1 0 1 0 0 0 1 0 0 0 1 2 0 0 0 1 0 0 0 0 0 0 2 1 1 0 0 0 1 6 1 0 0 0 28 0 0 0 0 1 0 1 1 2 0 1 0 0 0 0 0 0 0 1 0 0 0 1 0 1 0 2 0 0
14 13 2 0 10 6 3 0 1 2 0 1 5 1 1 5 2 3 2 9 3 9 3 0 7 1 3 6 1 0 4 4 10 0 20 12 1 1 0 2 2 0 4 6 4 2 1 4 1 14 7 2 0 0 3 0 3 5 6 6 0 4 0 8 2 7 0 1 11 12 2 1 1 6 1 18 2 14 10 4 7 5 1 13 1 2 3 5 1 2 3 2 1 0 5 0 8 5 4 4
3 0 10 0 10 12 11 3 3 3 4 23 10 2 1 14 1 0 8 23 1 6 9 7 3 7 3 2 4 2 11 2 0 5 11 38 4 0 1 0 0 5 11 22 41 0 3 12 11 13 2 0 4 9 3 0 20 14 6 0 5 8 22 3 11 4 11 5 2 3 0 12 8 7 7 12 5 0 3 2 2 3 3 18 0 12 8 16 7 2 6 7 4 8 6 1 15 7 16 10
1 18 5 7 1 13 2 0 24 12 7 30 5 0 8 13 9 7 1 9 21 9 6 1 1 0 4 14 4 2 5 8 1 20 19 0 34 1 5 32 5 10 10 1 4 0 0 4 2 11 11 2 6 1 2 13 19 2 2 21 8 2 1 5 7 20 27 1 8 4 1 5 0 18 2 0 4 11 5 0 12 1 7 7 2 4 10 2 14 0 4 8 8 10 0 1 9 3 9 6
0 0 2 1 1 0 0 0 0 0 0 1 0 0 0 1 1 1 0 0 1 0 0 0 1 0 2 0 0 0 1 0 0 0 1 0 0 0 0 2 0 2 1 1 0 0 0 0 1 1 0 0 0 1 0 0 0 0 2 0 7 1 0 1 0 0 1 0 0 0 0 0 0 0 15 0 0 0 1 1 1 1 0 0 0 0 0 0 1 0 0 1 0 1 0 0 1 1 0 1
2 5 1 2 10 2 12 2 2 0 1 8 2 0 3 7 3 4 1 0 1 1 4 2 23 1 1 0 2 4 1 1 1 0 1 2 3 23 3 2 3 4 0 1 5 2 0 2 0 1 6 8 3 9 2 0 1 4 9 1 10 0 6 0 3 1 0 3 1 11 1 2 7 4 1 12 0 7 3 4 0 9 0 4 0 5 7 5 2 4 7 0 11 0 1 7 0 3 1 0
5 0 21 4 0 2 5 0 3 7 1 3 14 1 8 1 12 6 1 2 3 28 3 2 0 7 0 3 3 0 8 0 5 0 1 3 1 4 9 14 13 7 2 8 7 0 3 2 2 6 2 2 0 1 10 17 1 1 5 0 0 2 3 16 7 8 3 1 4 0 4 6 2 0 5 4 3 0 1 3 0 1 7 2 0 0 0 10 0 6 0 2 4 0 10 1 5 3 0 9
1 8 5 1 1 22 3 1 2 1 0 4 6 1 1 12 2 4 6 3 1 10 0 2 0 7 0 11 1 2 0 2 1 10 2 7 12 8 1 7 4 0 15 2 0 2 3 10 7 0 1 5 1 5 3 2 0 10 1 1 14 3 1 0 16 6 0 3 2 2 8 2 2 5 10 3 1 0 3 3 2 1 2 0 3 1 0 6 0 7 0 12 2 2 2 2 9 2 9 3
0 2 1 0 0 0 0 0 1 0 2 0 0 0 0 1 0 0 0 0 2 0 0 1 1 0 0 1 0 0 0 2 0 0 0 0 0 0 1 0 1 0 0 0 1 0 0 3 0 0 0 1 1 0 0 0 0 0 1 1 0 0 0 0 0 0 0 1 0 0 1 0 0 0 1 0 0 0 0 0 0 0 0 0 0 0 0 0 0 0 0 1 1 0 0 0 0 0 0 0
0 0 1 0 0 0 0 1 4 0 1 0 4 0 0 1 0 1 1 0 0 1 0 0 0 1 0 0 11 0 1 0 1 1 0 1 1 0 0 0 0 2 0 0 0 2 1 0 0 0 2 0 1 0 0 0 1 0 0 2 1 0 0 0 0 0 1 0 0 0 0 1 0 3 1 0 0 0 0 0 0 1 0 0 0 0 1 0 0 0 0 6 0 2 0 0 3 2 0 0
19 0 0 18 0 7 5 0 14 15 1 4 4 10 4 16 8 3 11 10 6 25 1 10 10 3 0 8 3 22 3 2 6 19 0 15 7 18 8 24 0 8 14 45 12 1 7 5 5 0 0 3 7 15 21 20 4 0 1 2 1 1 7 5 10 5 12 6 4 6 0 3 7 12 9 7 0 4 4 2 11 32 2 3 4 3 9 0 0 1 18 6 0 0 5 9 1 3 0 2
13 11 2 8 1 10 1 11 3 2 0 9 0 3 0 3 3 5 0 1 10 1 1 4 3 2 4 7 5 5 6 3 1 14 0 5 17 0 0 5 4 1 2 7 0 1 2 0 7 0 1 0 4 4 0 12 0 11 0 1 1 2 22 2 5 8 7 10 8 8 3 21 9 7 7 2 6 1 4 0 1 4 2 4 5 3 11 2 7 10 2 4 2 6 2 0 3 0 9 0
1 5 1 0 9 0 0 2 2 6 4 2 2 9 1 0 0 8 0 4 2 16 7 2 3 0 4 0 2 3 2 9 5 1 1 5 1 1 4 1 3 3 3 3 5 0 0 0 2 0 1 1 4 6 6 7 5 7 3 0 1 0 18 2 10 0 0 1 7 0 2 3 3 3 2 6 8 0 1 0 1 1 3 4 0 2 0 0 3 1 18 3 3 10 1 12 3 16 4 4
0 0 3 1 3 0 2 0 2 2 2 1 13 5 0 10 1 14 13 3 10 9 7 1 9 0 1 17 4 0 2 5 0 1 7 0 9 2 2 2 22 8 9 0 14 3 0 3 9 4 9 2 2 9 4 5 2 2 18 6 1 2 0 4 1 2 5 2 6 11 0 6 1 0 4 2 1 8 5 5 0 1 1 7 1 4 3 1 1 2 7 9 0 1 1 16 0 8 5 4
0 10 3 8 1 2 1 1 0 7 11 8 1 11 51 13 6 11 15 7 1 0 1 6 1 1 10 7 2 16 7 2 36 6 2 3 3 15 3 2 0 5 5 0 2 1 13 5 0 12 8 10 29 0 2 1 9 19 3 0 5 2 10 1 8 0 5 3 7 8 16 11 0 9 5 6 2 24 3 6 2 4 6 4 4 14 7 9 0 27 7 0 13 2 7 17 6 12 4 3
1 0 0 0 2 0 0 0 0 1 0 1 2 0 0 0 0 1 3 0 0 1 0 2 1 1 0 0 2 0 2 0 1 1 0 1 0 0 0 0 0 0 0 1 0 3 0 0 1 1 2 0 1 0 0 0 0 1 0 0 1 0 2 0 0 1 1 0 0 0 0 0 0 0 0 0 1 0 0 0 0 0 0 0 0 0 0 0 0 0 1 1 0 1 0 2 1 0 0 0
0 2 2 1 1 4 0 5 1 1 1 0 5 3 21 9 8 1 1 1 4 6 4 1 4 2 1 4 0 3 7 0 2 0 4 0 2 3 1 0 13 3 1 8 8 1 0 1 3 5 0 12 0 11 2 6 1 5 5 6 6 2 2 0 2 5 10 0 2 1 1 3 10 13 2 0 1 4 12 4 3 3 0 6 6 7 0 12 13 3 1 3 2 3 6 2 4 1 4 9
8 0 21 9 0 12 0 9 13 2 12 7 36 9 5 9 2 22 6 1 1 3 1 9 13 3 5 2 7 4 10 3 5 5 9 2 30 1 1 5 12 1 1 33 4 0 6 6 7 3 18 0 3 5 7 14 0 6 1 5 1 0 2 4 6 2 6 5 1 2 0 10 5 2 2 4 10 21 2 7 4 0 22 3 8 3 7 9 0 2 14 0 3 4 8 10 2 0 1 5
4 8 2 2 3 0 9 0 0 9 8 0 1 2 12 3 2 1 0 3 0 6 1 14 4 1 7 3 19 3 5 1 2 1 2 2 2 1 5 3 6 7 0 1 2 3 7 2 1 3 10 1 0 5 1 5 1 5 11 1 6 22 4 0 0 16 7 2 7 0 2 4 5 1 10 1 8 1 0 5 0 4 1 0 0 8 8 11 15 3 0 0 1 7 11 1 13 3 3 6
1 12 3 1 10 15 0 7 0 8 3 2 8 1 7 2 4 49 0 16 0 12 0 8 0 3 17 9 1 12 9 7 21 6 0 6 12 0 17 4 2 7 16 3 2 3 3 3 2 3 4 4 17 1 6 1 13 17 0 0 3 1 2 4 6 4 6 8 6 8 4 2 8 4 8 1 7 5 20 1 14 4 7 8 23 14 14 6 2 3 21 7 7 2 3 0 10 0 8 0
5 2 0 1 0 3 1 0 4 0 1 0 6 6 0 2 3 0 3 3 3 1 6 15 12 0 8 8 11 4 6 6 2 5 1 0 1 2 1 11 6 1 7 1 4 0 1 4 4 1 0 21 1 0 0 3 4 2 1 7 14 0 7 0 9 3 0 5 9 1 3 0 0 16 4 2 0 1 8 6 1 11 9 0 13 0 2 0 1 13 1 2 1 3 3 12 20 7 2 0
0 0 3 6 23 3 8 8 0 12 0 3 4 1 1 1 11 3 1 2 2 1 0 1 2 0 14 3 7 4 7 0 0 8 0 1 2 0 4 2 2 0 14 1 1 1 11 1 2 0 0 1 0 0 2 6 6 3 10 1 6 2 1 5 4 0 4 5 1 3 6 2 7 7 5 3 3 22 1 0 0 2 6 0 5 7 15 13 7 7 6 0 2 4 0 1 4 0 0 1
1 1 6 0 0 1 0 0 0 0 0 0 0 1 0 1 1 0 0 0 0 1 0 0 1 0 0 0 0 1 1 0 0 0 0 0 0 2 0 2 2 0 0 0 0 0 0 1 0 0 0 0 0 0 0 4 1 1 0 1 0 1 0 0 0 0 1 0 0 2 0 1 0 3 0 0 0 0 0 0 0 0 1 2 4 0 3 1 0 1 0 0 0 0 0 0 0 1 0 4
0 0 0 1 0 0 0 0 0 2 0 0 0 0 15 0 0 0 0 0 1 0 0 1 0 0 1 1 2 0 1 0 0 0 0 0 0 0 2 0 0 0 0 0 0 0 0 0 1 1 1 0 0 0 1 0 1 0 0 0 0 2 1 0 0 1 0 0 0 0 0 0 0 0 1 2 1 1 0 0 0 0 0 0 0 0 0 1 0 0 2 0 1 0 0 0 0 0 0 0
2 14 6 7 1 1 4 2 3 1 1 0 9 7 5 7 0 13 0 11 8 4 2 4 5 1 16 5 0 10 3 2 5 26 3 2 15 0 6 1 7 2 0 6 12 5 3 1 18 1 0 6 1 7 3 1 0 0 6 5 4 23 9 12 4 0 5 0 11 9 0 5 5 2 0 5 4 3 3 0 10 4 5 14 0 14 2 12 7 1 7 22 8 2 2 0 2 0 1 7
1 0 1 0 0 0 1 1 0 1 3 1 0 0 0 0 1 0 0 1 0 0 0 0 0 0 0 0 1 2 1 0 0 0 0 0 0 0 0 0 0 0 1 0 1 0 0 0 5 1 0 1 4 1 0 1 0 0 0 0 0 0 1 0 0 0 1 0 1 1 1 0 0 1 0 1 1 0 0 1 0 0 0 0 0 1 3 1 0 1 0 2 2 1 0 0 0 1 0 0
2 3 0 7 10 4 1 16 12 1 5 2 2 3 4 3 0 1 1 0 3 4 6 1 2 1 0 11 1 11 7 2 0 1 8 5 8 5 0 1 5 3 4 4 1 5 13 4 6 3 0 2 5 1 6 4 0 11 3 0 0 15 3 3 5 2 2 0 4 0 3 9 4 6 0 8 1 6 3 9 2 3 0 9 3 1 10 9 0 4 0 0 9 12 8 6 0 0 2 1
8 3 0 0 2 2 11 6 0 1 3 2 2 17 9 1 8 6 5 4 0 1 3 0 6 1 0 3 0 1 2 2 0 8 3 0 14 3 0 2 1 9 0 0 4 0 5 0 9 2 0 8 5 8 0 2 1 4 1 0 0 7 6 8 17 0 8 9 0 0 2 7 0 0 0 4 2 1 0 3 4 8 2 4 0 4 2 4 14 0 4 0 0 0 17 4 7 0 10 1
4 1 0 13 7 4 2 3 1 3 2 7 0 4 7 4 3 3 1 4 4 1 1 18 1 3 6 0 23 9 3 0 0 0 8 6 5 13 4 4 25 4 4 4 1 8 2 6 1 1 11 5 14 4 7 4 2 0 10 2 1 20 2 0 3 6 11 1 1 5 2 24 4 4 4 0 2 1 2 3 20 4 4 12 22 4 0 8 3 2 10 0 0 0 1 10 11 1 2 5
5 2 1 1 1 1 0 0 4 2 10 35 3 2 3 0 4 8 3 0 13 9 0 2 2 4 10 0 4 12 5 14 1 1 6 6 4 9 19 4 1 0 2 5 13 10 5 6 0 2 0 5 8 8 4 7 4 1 1 2 1 9 40 8 10 26 9 3 2 6 20 0 13 8 5 3 4 19 3 0 2 6 22 17 11 1 19 0 8 0 12 7 6 4 29 3 8 3 0 9
0 4 1 0 1 0 4 5 1 8 0 1 0 1 2 0 0 4 0 7 0 10 1 0 1 1 2 1 0 1 0 0 1 3 1 16 2 0 0 1 2 5 1 0 2 0 0 5 0 2 0 0 11 0 30 2 0 0 0 2 0 2 0 1 0 1 1 3 3 0 0 0 0 0 8 1 7 2 1 0 0 0 0 1 4 0 0 4 1 0 0 0 0 3 1 0 0 3 1 0
0 2 0 1 14 5 1 0 4 0 2 4 1 0 5 3 0 4 9 2 7 6 7 2 9 2 2 1 2 4 7 1 0 6 7 2 4 1 9 7 0 0 0 14 1 1 2 11 1 2 6 4 15 23 0 6 1 3 5 7 5 1 9 1 15 9 5 0 10 26 4 4 1 2 2 2 9 1 0 1 0 4 2 0 3 9 0 23 5 4 4 1 2 2 1 2 0 0 3 3
3 4 9 0 3 1 3 5 16 6 6 1 17 1 3 2 1 12 13 4 9 4 0 3 17 7 1 5 10 15 13 3 3 21 9 18 14 4 21 22 4 3 5 1 2 4 1 2 5 13 3 2 3 10 20 4 2 2 1 1 1 5 1 2 9 12 6 1 2 4 14 3 9 0 16 6 0 0 4 8 4 9 2 15 17 10 0 1 11 0 6 3 74 0 5 0 0 8 4 5
4 7 11 13 8 11 8 5 2 0 42 4 13 2 14 35 5 5 9 7 9 2 12 2 7 25 8 3 5 7 2 1 12 14 3 1 20 2 4 7 7 6 15 1 0 5 4 7 1 11 27 16 0 6 2 2 3 4 53 6 6 9 29 37 2 22 6 7 9 15 0 6 1 6 6 5 3 3 2 1 0 1 6 10 5 25 4 9 6 40 9 2 1 1 3 33 10 22 20 3
20 14 17 0 11 8 12 2 3 23 1 5 1 13 5 2 16 7 8 4 3 5 0 16 9 3 1 12 3 1 21 13 4 6 11 2 2 12 21 12 3 2 4 8 8 5 8 6 0 9 6 5 11 1 0 19 0 6 0 9 10 14 0 0 3 2 6 7 10 1 5 0 45 0 26 4 10 19 6 0 2 3 0 2 4 4 6 22 5 6 9 4 13 0 0 20 5 4 6 3
13 6 26 3 30 0 0 6 18 0 12 2 18 11 16 8 0 9 8 6 1 35 19 4 0 0 9 2 1 4 0 1 3 1 16 7 0 3 18 10 24 3 26 2 6 28 1 9 1 14 5 0 1 6 1 28 1 1 2 3 5 6 0 2 8 25 2 10 1 1 2 5 10 11 0 8 3 14 0 0 7 2 18 1 8 6 5 0 19 0 7 3 2 1 4 0 6 4 0 10
0 0 0 1 0 0 0 0 1 0 1 1 0 0 0 0 0 0 0 0 0 1 0 0 0 0 1 0 0 0 2 2 1 0 0 1 0 0 0 0 0 2 0 0 0 1 4 0 3 0 1 0 0 0 0 0 0 1 2 1 0 0 0 0 0 0 2 0 0 0 2 1 4 0 1 0 0 1 0 0 0 0 0 1 2 0 1 0 0 0 0 0 0 0 0 1 2 0 0 0
2 0 25 1 16 1 0 14 2 11 4 6 0 0 2 2 11 6 1 4 1 4 4 1 3 0 5 5 0 9 12 2 5 10 6 1 2 4 3 5 1 5 14 1 5 0 2 4 1 5 1 3 1 3 4 9 0 7 0 7 5 2 9 2 9 1 7 2 0 5 4 3 0 2 9 11 0 3 1 0 1 13 0 7 4 6 1 0 5 0 15 7 20 3 0 1 0 5 2 2
0 1 0 0 1 0 1 0 1 0 0 1 0 0 3 0 0 0 0 1 0 0 0 11 0 0 0 0 0 0 1 0 0 0 0 0 0 1 2 0 0 0 0 2 0 0 0 0 0 1 2 0 0 0 0 0 0 1 0 2 2 0 0 0 0 0 1 0 0 1 0 4 0 0 1 0 2 0 0 0 2 0 0 1 0 0 2 1 3 1 0 0 0 0 0 0 0 0 0 0
3 18 8 6 0 5 3 1 0 0 0 2 0 6 0 1 0 5 5 4 0 10 2 10 7 0 8 2 0 1 0 1 15 11 3 21 6 2 4 1 0 0 8 0 21 0 0 1 5 4 0 0 1 1 2 9 0 8 0 0 4 6 4 3 1 5 0 0 2 0 4 2 2 0 2 0 4 1 4 6 2 0 3 6 2 0 1 5 10 3 2 2 2 9 8 0 1 1 7 3
12 7 1 3 14 0 13 22 5 0 20 2 5 4 2 0 21 31 0 3 6 1 7 3 56 4 2 8 8 8 10 26 9 7 1 2 0 10 3 13 1 1 5 40 6 9 4 11 9 1 28 4 3 41 0 1 5 1 5 12 13 2 25 4 4 1 8 0 2 5 8 9 29 11 3 19 1 0 1 3 7 2 6 12 3 9 9 0 2 2 0 2 7 2 6 15 6 0 7 5
0 1 0 0 1 0 0 0 0 0 0 0 3 0 1 0 1 2 1 0 0 4 0 1 1 0 0 0 0 0 0 0 0 0 0 0 0 0 0 1 0 0 0 0 1 0 0 2 0 0 1 0 0 0 0 0 0 0 0 1 1 1 0 0 0 0 0 0 0 0 0 0 1 0 2 1 0 0 0 0 0 0 0 0 0 2 0 0 0 0 0 0 0 0 1 0 0 0 0 0
0 2 0 0 0 0 1 0 0 0 1 0 0 0 0 1 0 0 1 0 0 0 0 0 1 0 0 0 0 1 0 2 0 1 0 0 0 0 2 0 0 1 0 2 0 0 1 1 0 1 0 1 0 2 0 0 0 0 0 0 0 0 0 0 0 0 0 0 0 0 0 0 0 0 0 0 0 0 1 0 0 0 0 0 0 0 0 0 0 0 0 0 0 0 1 0 1 0 0 0
0 0 0 1 0 0 0 1 1 0 0 0 1 1 0 0 0 0 2 0 0 0 2 0 1 0 0 0 0 0 0 0 0 0 0 0 0 0 0 0 0 0 0 2 0 0 0 0 1 0 1 0 1 0 0 0 0 1 0 0 0 0 2 10 6 0 0 1 0 0 0 1 0 1 0 0 0 1 0 2 0 0 1 0 0 1 0 3 0 0 0 1 0 0 0 0 0 1 0 0
0 0 0 0 0 2 0 2 0 0 2 0 0 0 0 0 0 0 1 4 0 0 0 0 0 0 1 0 0 0 0 0 1 0 0 0 0 3 0 0 0 1 2 1 0 0 1 0 0 0 0 0 0 2 0 0 1 0 1 0 1 1 1 0 0 0 0 4 1 0 0 0 0 1 0 0 0 1 1 0 0 0 0 1 2 0 0 0 0 0 2 0 0 0 1 0 0 0 0 0
5 3 1 11 7 3 5 0 3 7 4 4 2 1 13 4 10 15 1 1 15 2 12 7 47 35 4 0 34 0 4 10 19 0 3 6 10 1 17 4 3 0 11 9 4 8 14 6 6 6 15 5 3 2 9 11 8 10 4 4 15 6 15 18 0 5 2 8 4 0 7 8 1 2 34 13 0 1 1 7 13 3 14 18 0 9 14 1 23 3 38 3 40 24 9 1 12 3 22 42
1 9 12 0 0 4 0 5 0 4 0 0 0 4 16 0 1 5 0 5 2 6 0 0 2 1 3 0 2 0 3 0 0 2 1 14 4 0 0 0 2 3 1 0 5 0 0 0 0 0 1 0 0 7 9 1 0 0 0 0 0 4 0 3 0 0 3 0 5 0 0 1 5 1 5 0 14 0 6 1 0 0 0 2 6 0 1 1 2 0 0 0 1 0 2 0 0 7 0 1
1 0 0 1 0 1 1 1 0 0 0 3 2 2 0 0 2 1 0 0 0 0 1 0 0 0 0 0 11 0 0 1 0 1 1 0 0 0 0 0 0 1 1 0 0 0 0 0 1 0 0 0 0 1 0 1 0 0 0 0 0 1 0 0 0 0 0 2 0 0 0 0 0 2 0 0 2 0 0 0 0 2 0 0 1 0 1 0 2 0 0 0 0 0 0 0 0 0 0 2
0 2 1 0 0 1 0 1 0 0 0 0 0 1 0 0 0 0 0 0 0 1 1 0 0 1 1 0 1 0 1 0 1 0 1 1 0 1 1 1 0 4 0 0 1 1 0 1 0 0 1 0 0 1 0 0 0 0 0 0 0 0 2 0 0 0 0 0 3 0 0 1 0 1 0 1 0 0 0 0 0 0 0 0 0 0 2 4 0 0 0 0 0 1 0 1 0 0 0 1
0 0 3 1 1 0 3 4 14 0 2 2 1 1 6 15 2 4 1 6 1 3 1 3 10 1 9 2 5 18 2 0 6 1 3 33 1 19 3 12 3 4 1 5 4 0 4 7 0 3 4 6 5 4 0 6 7 1 4 13 0 3 6 4 4 1 7 0 0 4 3 26 0 3 1 10 1 2 4 9 2 22 5 0 0 4 9 1 4 0 2 0 5 3 5 1 8 15 3 2
0 0 0 0 0 1 0 0 0 0 0 0 3 4 0 0 0 0 0 0 1 0 0 1 3 1 0 0 0 0 0 0 0 0 0 0 1 0 1 0 0 0 0 0 2 0 0 0 0 0 0 0 2 0 1 0 0 0 0 0 0 0 1 0 2 0 0 0 0 3 4 1 0 0 0 0 0 2 0 0 0 0 0 0 0 0 0 2 0 0 0 1 1 1 2 0 1 3 0 0
0 1 0 11 18 1 0 0 7 2 11 6 4 7 9 7 1 0 1 7 5 2 0 1 0 0 1 0 1 1 4 15 1 1 0 2 1 1 5 13 3 5 3 4 0 2 10 2 7 2 2 0 26 12 1 14 1 9 3 5 10 2 1 1 5 6 2 0 2 8 1 0 0 2 2 4 0 8 8 10 2 13 1 9 9 0 3 0 6 6 8 3 1 2 2 1 8 4 10 2
1 0 3 3 7 3 1 7 9 7 13 1 4 0 1 12 2 1 1 5 8 6 13 4 9 2 6 6 6 4 2 9 3 3 2 10 3 1 0 5 29 0 8 2 2 2 1 1 14 2 1 0 20 1 12 5 2 4 8 3 7 19 14 8 3 7 3 13 13 39 8 8 3 1 8 5 6 13 13 2 0 7 3 6 1 7 3 15 5 1 11 9 6 1 1 1 0 8 12 3
0 1 16 2 2 0 1 3 2 3 0 2 0 6 1 8 13 2 0 5 1 3 2 15 4 15 2 9 0 3 1 12 0 6 4 1 6 13 0 17 4 1 11 3 0 0 13 9 1 9 1 0 4 3 5 5 0 14 3 1 1 0 5 6 10 4 1 7 7 1 0 1 18 3 2 2 11 3 14 1 3 4 6 0 0 5 1 14 0 12 2 2 3 4 15 3 0 23 0 11
0 1 2 0 0 0 0 2 0 20 0 1 1 4 1 2 0 1 2 4 1 1 0 0 0 2 5 0 4 1 4 0 0 8 5 0 0 0 0 6 18 1 0 0 0 1 0 0 0 7 0 0 1 3 0 3 0 0 0 3 0 0 0 0 0 2 0 0 0 0 1 0 3 0 2 0 1 1 4 1 10 0 0 0 0 2 0 2 0 0 1 0 0 1 6 0 1 4 0 0
4 2 1 1 4 1 0 0 0 0 3 2 4 11 1 1 2 0 2 17 3 2 3 1 0 0 17 0 12 13 1 1 0 1 1 3 0 0 1 4 0 0 17 3 3 1 0 0 1 0 3 4 4 12 0 0 4 20 0 1 15 6 1 1 6 3 3 2 0 6 9 5 9 9 1 1 5 9 5 6 0 11 4 0 25 8 3 25 13 0 3 1 1 4 6 5 15 3 1 0
0 1 3 7 2 0 10 0 3 22 1 3 3 2 2 5 11 3 3 0 2 0 1 1 3 6 1 8 1 0 11 3 0 0 3 0 5 2 0 17 7 2 4 0 1 0 4 14 0 15 2 4 2 3 2 8 3 0 12 19 2 3 4 2 12 5 3 4 0 6 11 6 7 1 2 0 0 7 0 2 6 2 8 1 5 2 1 0 5 1 1 1 3 0 6 12 0 6 2 1
0 0 0 0 2 8 0 1 1 0 0 0 0 0 0 0 0 0 0 1 0 1 0 3 0 0 0 0 0 0 0 2 5 0 2 1 0 0 1 0 2 0 3 1 0 0 1 0 0 0 1 0 0 0 0 0 0 16 0 3 3 0 0 0 1 0 2 0 2 1 0 0 0 0 0 0 1 3 0 11 2 0 0 0 0 0 1 0 0 1 0 2 0 0 0 0 10 1 0 0
1 0 0 2 0 1 1 1 0 0 0 0 0 1 0 0 0 0 0 0 0 0 0 0 0 1 0 0 0 0 0 0 2 0 1 0 2 1 0 2 2 6 0 1 0 1 0 0 0 0 0 1 3 0 0 1 0 0 0 1 0 0 0 0 0 1 0 0 0 2 0 0 9 0 1 0 0 0 0 0 1 0 2 0 0 0 0 0 0 1 0 1 0 0 0 0 3 0 0 0
