13 12 2 5 4 10 16 9 9 1 1 12 0 0 1 2 2 2 2 4 19 14 7 17 33 10 10 4 9 8 4 1 24 3 5 2 15 5 1 4 8 4 8 1 1 2 8 10 4 34 7 13 1 5 5 7 1 10 28 0 3 23 0 4 0 15 4 1 3 4 1 10 34 6 1 2 0 18 2 10 0 0 26 0 6 27 1 8 0 4 8 14 27 12 5 15 10 3 26 8
17 25 2 4 16 3 1 30 13 0 2 23 18 4 3 1 0 14 5 1 10 13 26 0 7 28 4 13 18 17 8 1 5 9 6 16 23 9 1 0 9 5 0 1 10 3 24 2 10 38 6 19 9 1 16 14 3 0 1 2 3 6 3 5 5 1 6 7 13 10 12 1 8 14 7 1 11 7 10 7 10 0 10 12 4 39 10 2 12 43 4 6 0 17 14 2 0 2 25 7
2 1 2 2 0 0 0 0 0 0 0 0 0 0 0 0 0 0 1 1 0 0 0 0 0 0 0 0 0 1 1 1 1 2 0 0 0 0 0 0 0 0 0 0 0 1 0 0 1 0 0 0 1 1 2 0 0 0 3 1 0 1 1 1 0 0 6 0 0 2 0 0 0 0 1 0 0 0 0 2 0 2 0 0 0 0 0 2 0 0 0 0 0 0 0 0 0 0 0 0
0 1 0 0 0 9 0 0 4 1 4 8 0 0 5 1 0 4 1 0 2 1 2 0 0 6 0 0 4 0 3 0 1 0 0 0 2 2 1 10 0 3 0 0 1 8 2 0 5 0 7 0 0 0 0 1 0 0 1 0 1 7 1 0 0 0 0 0 1 0 0 2 0 0 2 4 1 4 0 6 0 8 5 0 0 0 0 10 0 0 10 0 0 1 0 0 0 0 0 0
0 0 8 2 1 0 0 1 0 0 0 0 0 0 0 1 0 0 0 2 0 0 0 0 2 0 0 0 0 0 1 0 0 0 0 2 2 0 0 2 0 1 1 0 0 1 0 0 1 1 1 0 0 0 0 3 0 0 1 0 1 0 1 0 0 0 1 0 10 0 2 0 0 0 0 1 1 0 0 1 2 0 0 0 0 0 0 0 1 2 0 1 0 0 0 0 4 1 0 7
1 8 6 18 1 6 6 0 3 9 5 10 15 0 0 0 4 1 0 11 5 6 16 9 3 7 4 3 7 17 4 21 10 2 5 8 1 21 10 4 9 5 8 2 11 6 10 1 5 5 2 7 8 0 5 2 18 18 2 22 5 5 11 4 6 0 12 8 5 2 4 17 5 3 1 28 2 0 8 0 0 0 3 1 3 3 12 0 2 16 3 0 11 10 11 24 7 4 10 4
18 7 11 4 7 8 2 0 1 1 1 7 15 20 9 5 11 9 5 4 0 2 4 1 10 3 10 1 5 3 2 0 4 3 41 0 1 1 7 9 0 4 1 0 2 0 0 35 4 1 19 8 25 0 27 3 2 0 12 1 2 4 13 1 5 2 2 4 0 1 2 23 31 1 1 7 1 2 4 0 2 0 2 6 3 18 3 7 10 1 1 10 2 3 23 2 2 0 16 10
0 35 0 2 13 2 0 9 4 12 17 14 20 9 1 7 1 9 16 18 3 25 4 14 0 1 3 8 7 5 9 20 13 5 28 27 14 7 0 1 5 3 1 0 7 0 17 23 11 0 3 5 6 6 0 7 8 7 3 2 2 10 11 2 15 4 8 3 2 7 11 0 1 8 11 1 8 18 4 7 9 11 13 10 11 17 0 0 10 15 12 3 4 12 12 9 12 54 15 1
1 0 0 0 0 0 0 0 2 0 1 0 0 0 1 0 1 0 0 0 0 0 0 1 1 0 0 2 0 5 1 0 0 0 0 1 0 0 1 0 0 0 1 0 1 0 1 0 0 0 0 0 2 1 0 1 0 0 0 0 1 3 1 0 0 1 0 0 3 2 0 0 2 0 1 0 1 0 3 1 0 0 2 0 0 0 0 0 0 0 0 0 0 0 0 1 0 2 1 1
2 0 1 1 2 13 7 1 21 4 1 1 11 13 3 3 1 2 4 12 11 3 0 9 11 4 1 4 4 7 13 0 1 4 0 1 0 5 4 4 8 1 1 1 21 0 0 8 8 0 2 0 19 0 2 1 0 4 2 3 5 5 1 6 3 0 0 0 3 0 2 6 1 2 4 1 11 1 8 0 0 0 3 3 0 4 0 4 0 1 1 7 14 0 1 1 5 6 1 15
0 0 1 0 3 0 0 0 0 0 0 0 0 0 0 0 1 0 0 2 0 1 2 0 0 0 0 0 1 7 0 1 0 7 0 1 0 0 1 0 1 0 0 0 0 3 0 0 1 0 0 0 0 1 0 0 0 0 1 0 0 0 1 0 0 0 2 0 0 0 0 0 1 1 3 0 0 1 0 0 0 1 0 0 0 0 0 1 0 0 0 0 1 0 0 0 0 0 0 0
2 26 0 17 2 4 20 0 24 17 7 2 8 15 4 2 26 14 5 5 3 6 1 1 14 4 7 4 41 6 23 10 4 10 7 15 3 15 3 7 8 2 12 2 10 15 4 6 1 15 4 3 10 3 17 4 10 6 4 11 1 16 3 2 2 6 6 11 5 5 20 0 5 1 5 5 1 6 28 9 2 9 16 0 3 6 3 2 0 13 10 2 4 0 8 0 4 6 23 0
3 1 21 1 42 3 2 7 1 6 10 1 3 1 3 9 23 10 2 21 6 0 11 26 1 24 3 1 7 4 15 1 6 8 6 2 1 4 8 1 42 8 6 0 14 17 4 6 3 7 1 10 5 13 5 1 4 3 13 2 9 0 4 11 2 6 8 6 18 10 49 24 3 0 4 4 3 13 20 1 1 5 6 3 0 21 3 0 3 6 4 9 2 0 2 5 4 19 3 3
1 0 2 31 2 0 9 5 0 10 7 0 2 5 4 5 2 0 13 1 0 7 2 10 5 2 3 15 0 4 10 6 14 9 0 2 0 2 7 22 1 0 7 3 0 2 1 3 11 1 9 1 4 5 7 1 1 1 4 0 2 11 0 0 8 0 0 4 2 1 7 1 0 9 8 2 0 7 6 4 7 10 4 0 2 3 7 1 0 6 0 2 3 0 3 9 7 9 0 1
3 2 0 4 0 6 9 6 3 5 25 6 8 4 3 11 0 4 4 5 11 9 9 0 13 2 7 7 10 12 0 20 2 1 2 4 4 10 25 0 2 0 3 17 3 5 22 6 5 6 4 12 4 0 8 13 1 2 7 0 6 13 7 19 30 9 1 3 12 14 3 1 9 2 8 11 0 4 0 1 23 3 10 1 18 9 12 1 2 5 4 8 12 0 3 19 15 4 15 2
0 1 0 0 0 0 0 0 1 0 1 0 0 0 1 0 0 0 0 0 1 2 1 1 0 0 0 0 11 0 2 1 1 0 1 4 0 0 2 1 2 1 1 1 0 0 1 1 0 0 1 0 0 1 0 0 0 0 0 0 1 0 1 2 0 1 0 0 0 0 0 1 0 0 1 0 0 1 2 1 0 2 1 15 1 0 0 0 0 1 3 0 0 0 0 0 0 7 0 1
4 15 1 2 12 6 22 6 1 1 14 0 25 11 0 1 5 11 1 17 5 48 4 7 28 7 5 0 9 5 12 2 17 4 23 12 19 4 15 3 29 12 10 0 19 11 1 3 6 11 21 14 7 3 8 17 3 18 3 5 6 4 0 0 14 0 5 16 3 7 9 10 3 6 2 3 18 10 6 5 5 2 7 5 0 19 0 2 2 9 25 6 3 0 13 13 1 27 9 14
0 4 9 0 1 3 1 7 0 3 13 3 0 3 8 0 2 0 0 16 4 5 0 4 4 11 2 6 2 7 6 3 4 2 6 6 0 1 0 1 8 0 3 1 0 5 0 0 0 1 7 2 7 2 3 1 0 5 3 4 10 2 2 0 2 0 8 13 3 2 3 1 5 12 1 0 3 9 6 7 18 0 4 1 22 2 2 3 2 5 1 4 0 1 6 0 5 4 1 6
0 13 5 2 2 5 12 11 25 0 4 17 9 10 6 2 1 14 31 3 11 3 2 1 8 4 1 0 10 7 5 10 1 6 2 8 7 1 48 0 5 0 0 4 14 12 12 16 16 0 14 14 16 2 5 11 20 16 0 8 0 3 37 0 7 0 5 6 0 0 12 26 2 3 2 1 2 7 14 7 0 0 4 1 18 0 27 9 9 14 6 2 8 2 1 20 0 8 0 5
0 2 2 11 9 1 0 4 12 6 5 2 8 3 22 1 3 2 2 9 1 2 4 4 3 0 0 4 2 7 2 0 2 0 3 2 7 4 1 5 3 0 3 10 4 2 5 6 0 1 5 0 4 0 0 0 0 5 5 1 0 2 7 1 0 2 2 1 1 5 0 7 0 3 1 7 0 3 5 4 1 8 7 16 4 7 2 15 8 1 4 10 0 0 8 0 0 4 18 0
0 3 2 1 4 1 7 4 1 3 0 1 4 1 0 3 1 5 8 5 2 0 2 1 19 3 0 0 7 6 6 3 6 0 0 2 8 3 3 0 25 6 1 3 21 3 2 2 2 6 16 0 6 1 6 2 0 11 7 16 0 0 0 1 0 3 0 5 10 4 3 2 4 3 3 4 1 5 1 3 5 3 1 2 0 4 6 1 1 2 9 2 0 0 2 1 0 2 3 0
2 0 2 14 0 8 4 1 13 3 1 2 9 1 0 1 14 3 2 1 3 7 10 4 13 7 2 7 0 1 2 15 1 2 1 1 0 1 2 1 4 12 0 0 3 8 0 2 0 3 0 5 12 0 5 0 5 0 0 2 22 3 3 31 11 17 0 0 3 25 1 0 10 0 13 1 2 6 4 8 3 3 1 0 1 2 0 11 8 1 5 4 3 9 0 0 0 3 2 21
0 0 0 0 0 0 0 0 1 0 0 0 0 0 0 0 1 1 0 0 0 0 0 0 0 2 0 0 0 0 0 0 2 0 4 9 1 0 0 0 0 2 0 1 2 0 5 0 0 0 0 2 0 0 0 0 1 0 0 0 1 2 0 0 0 1 0 1 0 0 0 1 0 0 0 0 0 0 0 2 2 0 0 0 2 0 1 0 0 0 2 0 0 0 1 0 1 5 0 1
6 0 9 4 1 10 2 2 6 9 0 4 2 14 6 6 0 14 15 17 3 4 0 1 5 1 7 3 7 12 2 0 0 5 3 0 14 3 3 5 4 1 2 2 0 0 11 4 6 0 1 0 0 4 9 6 0 6 0 17 9 7 4 13 4 7 1 1 14 0 5 0 2 10 3 1 3 3 2 5 4 0 2 3 0 0 11 2 0 2 10 2 2 6 0 5 2 0 0 0
0 0 1 0 1 2 1 0 1 0 1 0 0 0 0 0 0 0 0 0 0 0 0 0 1 1 0 0 0 0 2 2 0 0 0 2 1 0 0 5 0 1 0 0 0 0 0 0 0 2 0 0 0 0 0 0 1 5 0 0 0 0 0 1 0 0 1 1 1 0 0 1 1 1 0 0 0 1 0 0 0 1 1 1 1 0 0 0 3 0 1 0 0 0 0 0 1 1 0 0
0 3 4 1 1 3 1 0 4 8 0 0 9 0 2 2 3 0 1 0 8 9 2 9 1 8 0 0 6 4 4 6 12 2 2 5 0 1 2 8 5 13 0 1 10 0 0 12 3 3 2 0 5 2 14 3 1 7 6 3 7 13 7 3 0 0 1 3 7 1 11 3 9 0 6 4 0 0 6 2 1 1 1 2 7 0 0 0 3 3 2 0 0 2 4 2 0 14 4 3
9 12 5 14 23 0 2 8 0 0 1 8 13 1 2 15 13 8 2 9 5 3 0 29 1 4 5 5 1 0 3 2 0 8 6 0 3 18 11 17 0 0 9 7 0 11 16 14 10 0 1 8 4 7 8 3 0 1 5 41 3 9 0 12 5 24 6 11 0 23 0 0 7 3 7 15 6 6 10 11 15 10 0 3 24 0 24 29 0 6 0 1 5 4 0 1 7 7 32 4
5 6 9 3 2 7 4 0 14 8 23 4 6 0 9 24 2 6 23 0 21 6 18 9 13 1 1 8 14 2 0 0 26 21 4 9 3 0 0 2 2 24 21 4 5 10 5 1 0 2 3 1 36 14 4 4 4 7 17 10 1 12 0 27 0 0 24 2 0 13 26 1 2 14 0 3 3 14 25 2 4 1 9 5 2 2 2 5 6 11 5 23 51 3 18 2 0 13 8 0
14 2 0 12 25 26 1 9 26 4 15 22 0 15 4 3 4 2 7 7 5 11 15 22 47 4 6 7 2 0 5 29 4 5 4 6 27 1 45 0 3 2 0 3 2 3 10 0 4 9 3 6 3 10 0 7 0 2 3 2 1 4 6 4 5 4 0 3 17 29 6 2 1 4 5 7 7 11 14 6 3 2 14 2 9 2 7 1 46 0 12 21 6 3 10 3 1 0 12 7
12 2 1 0 14 22 4 3 7 4 0 0 0 14 5 2 10 0 8 2 2 9 11 7 1 3 11 0 1 1 2 11 2 5 3 6 7 3 4 0 8 0 9 13 1 7 2 1 0 0 9 8 4 0 11 5 0 3 3 1 2 2 0 3 5 0 3 3 1 0 2 4 2 2 9 0 1 6 4 3 0 7 2 2 0 1 3 0 2 6 14 4 3 2 0 5 0 6 1 0
0 0 0 0 4 0 0 0 1 0 0 2 1 0 1 0 0 1 0 0 0 0 0 0 0 0 0 0 4 0 1 0 0 0 1 0 1 0 0 3 0 0 0 0 1 0 0 1 0 0 0 3 3 0 0 0 1 1 0 0 0 0 1 0 0 2 0 9 0 0 0 1 0 1 1 0 0 0 0 0 0 1 0 0 0 2 1 0 0 4 0 0 0 0 1 0 0 0 0 2
0 0 2 0 0 0 0 0 0 0 0 0 0 1 1 0 0 0 1 0 0 0 0 1 1 0 0 2 0 1 0 7 0 0 0 0 0 0 0 0 0 0 2 0 0 0 0 0 0 0 0 1 0 0 0 0 0 0 0 1 1 0 0 1 0 0 0 0 2 0 0 5 1 0 0 0 0 0 0 0 0 4 0 0 1 0 2 0 0 4 2 1 1 1 1 0 0 0 0 2
7 6 5 24 18 1 42 13 4 25 4 15 8 3 6 1 0 3 2 27 1 2 0 1 12 2 3 8 6 13 9 0 4 4 11 19 4 1 3 0 0 4 5 30 4 1 8 0 0 33 11 29 0 2 4 13 18 7 2 3 6 7 0 5 5 6 5 2 19 3 10 3 15 3 6 1 3 2 5 7 4 3 7 0 8 9 2 1 1 7 2 6 18 6 7 9 24 18 9 3
0 0 0 0 0 0 2 0 0 1 0 0 0 0 3 0 0 0 0 1 0 0 0 0 0 0 0 0 0 11 0 1 2 1 0 0 0 0 3 0 1 1 0 0 0 1 1 1 0 0 1 0 0 0 0 0 0 0 0 9 0 0 0 0 0 0 0 0 0 0 0 0 0 0 0 4 0 0 4 0 0 0 0 0 3 0 0 0 0 0 1 0 0 0 0 0 0 0 0 0
3 6 1 6 0 5 3 11 3 0 6 1 0 2 0 6 2 4 0 17 0 12 6 0 1 2 1 4 12 1 0 0 4 7 12 1 0 5 3 4 6 1 1 7 2 1 2 2 4 11 2 0 1 13 15 3 0 1 9 6 18 11 0 3 1 0 3 1 5 13 2 3 13 0 6 29 0 5 10 2 0 0 17 2 1 0 0 4 3 6 10 2 6 2 4 1 6 5 4 6
6 0 5 0 13 8 2 19 36 9 13 2 9 7 2 0 2 0 9 14 16 8 8 24 1 0 13 8 14 0 10 6 15 16 0 20 14 8 2 2 6 33 0 2 2 0 1 9 3 5 7 10 11 3 3 2 2 8 1 1 15 1 7 0 1 2 1 4 3 1 4 24 16 1 2 33 26 12 39 0 1 7 2 2 15 20 7 20 14 6 9 7 6 10 2 7 2 5 4 7
0 12 1 6 18 15 0 1 22 1 18 1 3 17 3 5 4 8 2 24 9 0 8 29 18 27 1 3 2 8 0 14 2 2 14 5 13 4 4 6 27 1 3 1 30 30 1 0 0 5 0 4 2 18 1 8 4 3 8 10 0 11 9 22 14 7 39 6 2 16 10 10 7 3 4 12 3 10 2 3 5 3 3 0 13 15 15 17 0 2 5 3 2 3 7 6 2 4 9 2
1 6 7 6 3 4 5 0 22 1 10 15 9 14 0 2 3 4 1 1 2 5 14 0 3 1 4 6 24 3 5 16 5 0 4 5 1 2 2 0 0 14 4 3 1 1 11 2 0 0 0 2 0 2 4 4 1 13 2 7 5 0 3 4 15 5 17 9 0 4 5 9 1 1 6 0 2 1 1 1 0 0 2 3 0 5 2 3 2 2 7 4 4 0 6 4 0 3 4 4
15 14 4 42 1 5 22 6 1 12 13 19 0 10 0 7 22 1 0 1 17 24 7 0 6 2 3 4 5 7 11 49 17 1 7 6 8 1 2 40 4 2 7 9 24 7 1 5 10 3 7 5 3 31 5 3 6 5 9 3 3 16 17 8 4 2 0 16 7 11 16 31 7 4 8 0 22 2 8 3 9 19 7 19 8 18 18 2 3 9 2 10 19 12 3 3 9 30 6 3
6 0 15 5 14 15 11 9 8 0 5 5 7 2 11 2 1 10 0 2 12 2 5 7 3 11 5 17 5 4 37 6 0 1 1 4 0 0 48 9 3 9 10 8 3 16 39 0 7 10 1 2 4 7 5 15 15 6 7 2 7 17 13 6 30 0 2 3 10 12 0 15 18 14 5 19 0 12 14 2 10 3 3 2 8 6 17 1 6 0 1 12 9 7 1 3 9 11 9 5
0 0 0 0 0 0 0 1 2 0 0 0 0 0 0 4 0 0 0 0 0 0 2 0 0 0 0 0 0 0 1 1 0 0 0 0 7 2 0 0 2 0 0 0 2 0 0 1 0 1 0 1 1 0 0 0 1 0 2 0 0 0 0 0 0 0 1 0 0 0 0 1 0 0 1 0 1 0 0 3 1 0 0 1 0 0 1 0 24 0 2 2 0 0 0 0 0 1 0 0
30 14 2 7 20 3 9 6 1 5 14 13 3 9 3 3 2 16 4 0 1 1 9 7 12 10 7 2 10 16 6 0 12 6 0 2 16 1 24 12 10 9 16 1 5 0 6 7 16 14 7 36 7 2 2 3 4 0 27 2 1 8 21 5 13 4 5 9 9 5 10 0 21 13 0 2 1 3 26 3 1 13 2 4 5 3 13 2 2 4 5 3 13 16 3 5 15 1 8 1
2 0 0 1 0 0 3 0 0 1 0 0 0 1 0 0 0 0 0 0 0 0 0 0 0 0 1 1 0 0 0 0 0 0 0 0 2 0 0 0 0 0 0 0 0 0 2 0 0 0 1 2 0 0 0 0 0 0 1 0 0 0 1 0 0 0 0 2 0 0 0 0 2 2 0 0 0 1 0 0 0 0 0 0 1 1 0 0 0 0 1 2 0 0 0 0 0 0 0 1
2 1 0 0 1 1 1 0 0 2 0 0 0 0 0 0 0 0 4 0 0 0 0 1 0 0 0 3 0 0 0 0 2 0 0 0 0 0 1 0 0 0 1 0 0 0 0 1 0 1 0 0 1 0 0 0 0 0 0 2 0 0 1 0 0 1 2 0 0 0 0 4 1 1 0 0 0 0 0 0 0 0 0 0 0 1 0 2 1 1 0 1 0 0 0 1 0 0 0 0
10 3 11 3 0 6 1 7 0 4 9 2 2 2 5 0 3 20 0 0 0 0 15 2 10 5 3 1 1 14 2 13 1 6 2 0 2 1 13 2 2 1 1 9 6 1 0 12 0 1 12 0 1 4 0 0 10 0 4 9 2 0 4 0 3 2 7 0 6 1 0 1 10 5 3 0 3 1 3 1 4 3 2 1 2 7 3 18 3 0 0 4 10 0 6 0 2 0 5 0
14 7 0 11 6 1 2 3 1 2 3 10 0 4 6 3 9 7 7 0 2 1 4 6 6 3 1 4 8 4 4 1 5 1 1 0 11 0 1 5 2 0 6 0 8 0 0 1 0 1 1 0 3 2 1 2 0 0 0 2 1 3 3 6 6 10 1 2 3 2 1 0 0 0 7 1 3 5 0 0 1 4 9 0 3 10 6 4 10 7 3 2 0 6 16 2 4 1 0 1
0 1 1 1 2 0 1 0 0 0 0 0 0 0 0 0 1 0 0 0 2 0 0 0 0 0 0 0 0 0 5 1 0 1 0 0 1 0 1 1 4 0 0 0 0 0 0 0 0 0 0 0 0 0 0 0 1 0 0 1 0 0 3 0 0 1 0 0 0 0 0 0 0 1 3 1 0 1 2 0 0 1 0 1 0 3 1 0 0 0 0 0 1 1 0 0 0 0 1 1
8 23 10 2 5 17 21 4 10 19 2 3 19 9 5 0 7 1 10 0 21 4 3 3 12 0 7 7 18 2 4 1 0 2 5 1 1 0 10 3 7 25 12 9 11 5 0 4 4 10 0 2 28 6 9 16 8 2 16 9 4 29 6 4 1 2 6 11 12 0 23 1 7 2 17 10 2 2 4 1 3 4 1 4 2 15 10 10 1 7 0 37 0 0 7 20 12 19 10 15
0 0 0 0 0 0 0 0 0 0 1 1 0 0 2 1 0 0 1 0 0 2 0 2 1 1 1 0 0 0 3 1 1 0 0 0 1 0 2 0 0 1 0 1 2 0 0 0 0 1 0 0 1 2 1 0 0 1 0 0 1 0 0 0 1 1 1 0 1 0 0 0 0 2 0 0 0 0 0 0 1 0 0 1 0 0 0 0 0 2 0 2 2 0 2 1 0 0 0 0
0 1 13 0 0 2 9 1 2 0 3 5 1 3 1 2 1 17 1 2 8 2 5 17 1 6 15 2 3 2 6 2 5 9 0 7 2 0 4 12 2 1 0 0 1 0 6 0 1 13 3 2 1 0 10 0 1 1 2 14 2 12 10 2 9 9 3 6 0 2 1 2 6 14 1 11 20 5 1 17 13 3 2 5 2 1 17 6 3 3 2 8 2 1 3 13 2 2 2 7
0 2 0 1 0 0 1 0 1 0 0 1 0 1 0 0 0 2 4 1 0 1 0 0 0 0 0 2 3 1 0 0 0 0 0 0 0 2 2 0 1 0 1 0 0 0 1 0 0 1 0 0 4 0 0 0 0 0 0 2 0 1 1 0 0 1 0 1 0 0 0 2 0 2 0 0 0 0 0 1 2 0 1 0 0 0 0 1 0 1 0 0 0 0 0 0 0 2 0 0
5 1 0 1 2 18 18 5 12 14 9 13 5 3 8 6 0 0 3 1 18 3 2 4 5 2 1 0 2 15 5 19 4 3 1 6 12 3 1 4 1 15 6 6 4 33 8 5 3 5 19 1 9 6 8 6 0 12 8 4 10 20 8 5 0 11 23 1 16 18 0 0 3 0 22 3 0 0 1 8 2 8 19 3 0 3 1 13 4 26 26 9 8 4 0 5 18 7 9 30
5 12 1 2 12 17 14 3 32 5 13 5 10 2 1 8 2 0 7 8 6 2 0 5 4 6 28 0 18 5 0 10 7 5 6 5 0 2 8 1 2 8 2 2 0 4 0 9 16 8 3 10 2 12 3 2 4 0 2 17 13 0 3 0 1 0 5 5 2 1 9 2 2 4 21 23 4 1 6 9 2 2 0 3 9 13 1 7 5 8 2 8 3 9 7 1 21 7 24 5
0 0 1 0 0 0 0 0 0 1 1 0 0 0 0 1 0 0 0 1 0 0 0 0 0 1 1 0 2 1 1 0 0 0 1 0 1 0 1 1 0 1 1 1 0 0 1 1 0 0 1 0 0 0 1 0 4 1 0 0 0 0 0 0 0 0 0 0 0 0 0 1 1 2 1 0 0 1 0 1 0 0 0 1 0 0 4 0 1 0 0 0 0 1 0 0 1 0 0 0
0 1 0 0 0 0 0 0 1 1 0 3 1 0 1 0 1 0 0 0 0 0 0 0 1 0 0 3 0 4 0 0 0 0 2 0 1 2 0 0 1 0 3 0 1 1 0 2 1 0 0 0 0 0 3 0 0 0 1 1 0 0 3 1 0 1 0 0 0 8 0 0 0 0 2 0 0 0 0 0 0 0 0 0 6 0 0 0 0 0 3 0 0 1 1 0 0 0 0 0
0 1 0 0 0 0 0 0 1 0 2 0 0 0 0 0 0 0 0 0 0 0 0 2 0 0 1 2 0 0 0 1 0 0 0 0 0 0 0 0 0 1 0 1 0 0 0 0 0 0 0 1 2 0 0 0 0 0 1 1 0 0 0 0 0 0 0 0 0 0 0 1 1 0 8 1 1 0 0 1 0 1 4 0 0 0 3 1 1 0 0 0 0 0 0 1 0 0 1 0
1 0 0 0 0 0 0 0 0 0 0 0 0 1 0 1 4 0 0 0 1 0 0 1 1 1 0 2 1 0 0 1 1 0 2 0 0 0 2 0 2 1 0 0 0 1 0 0 0 5 0 0 0 0 0 0 1 0 1 0 0 0 1 0 0 0 0 0 0 0 0 1 0 0 0 1 0 0 11 0 0 1 0 0 1 0 1 0 4 2 0 0 0 0 1 1 1 1 0 0
4 6 9 4 3 1 17 5 3 11 0 10 2 1 3 2 16 35 1 2 11 0 2 4 6 9 12 5 11 9 6 3 3 0 25 30 14 11 1 3 0 10 7 7 8 6 1 3 10 0 2 5 8 8 5 8 12 6 4 16 26 16 4 10 9 0 0 3 21 11 15 4 1 2 7 1 2 16 20 10 2 0 4 7 5 4 29 21 0 3 27 15 1 49 2 10 2 10 5 12
12 13 7 12 6 0 14 1 4 4 15 26 8 11 44 7 9 22 11 19 2 4 5 17 3 2 8 13 12 1 1 6 6 6 22 6 23 9 31 9 4 3 2 18 9 21 15 31 3 9 7 11 2 2 25 12 2 0 21 11 2 15 4 4 19 1 5 1 3 8 1 7 4 6 1 9 7 13 3 4 1 17 13 14 0 2 1 24 2 10 13 3 2 1 1 7 12 0 19 0
4 4 5 4 2 19 10 6 0 1 10 33 17 1 16 0 0 5 6 25 27 1 9 5 12 2 1 5 4 4 1 9 1 4 1 6 2 0 20 6 4 4 6 0 2 19 9 0 0 7 17 3 1 0 5 25 2 20 1 23 1 7 1 2 16 23 3 12 3 2 14 3 2 14 22 2 3 2 24 17 3 2 0 5 7 19 7 4 2 6 6 2 9 5 1 0 3 11 9 10
17 0 14 7 4 1 2 2 1 1 9 2 1 1 0 0 0 1 0 0 0 3 1 0 4 3 6 2 1 11 9 0 2 4 5 5 0 2 4 1 1 2 1 4 5 4 2 4 4 0 5 6 0 6 2 0 8 0 0 18 3 5 10 7 9 3 0 3 0 2 3 0 0 3 8 1 17 0 1 5 5 2 13 4 9 0 12 5 0 1 12 16 6 9 3 0 6 6 5 1
23 2 13 6 12 26 2 3 14 8 15 6 18 1 0 15 10 12 10 1 1 0 3 0 4 0 4 3 25 0 8 13 7 5 8 7 2 3 16 12 3 8 5 2 1 9 1 15 10 2 16 6 11 5 3 14 6 4 30 12 25 3 4 9 13 6 0 17 14 9 1 6 10 13 0 1 6 13 44 12 6 0 16 4 8 11 0 3 11 11 16 0 9 6 3 5 2 10 27 21
1 2 1 2 2 2 0 10 5 0 2 3 3 0 9 0 1 0 5 0 13 1 0 0 11 6 6 1 4 0 10 0 0 1 6 2 0 2 0 11 0 6 0 4 0 2 2 0 6 2 1 0 0 9 1 1 0 0 0 4 8 0 11 0 20 1 1 2 0 2 0 1 0 0 3 1 5 2 4 0 6 3 1 0 5 0 13 4 0 2 7 12 0 5 0 5 0 4 4 6
2 7 1 1 3 12 24 3 30 0 2 4 1 8 1 13 6 7 4 12 22 2 13 6 8 5 6 11 15 7 1 2 0 3 0 5 17 7 10 40 9 4 0 5 36 0 3 3 20 9 3 0 0 0 1 4 0 20 3 12 7 0 2 29 10 11 16 10 11 12 12 14 1 15 32 0 0 0 4 12 11 23 5 0 6 0 4 7 0 9 6 2 6 1 38 7 8 2 4 0
8 0 8 13 2 5 5 0 4 5 0 4 1 7 15 3 1 8 0 2 3 1 2 5 2 0 3 11 13 9 4 13 0 0 0 13 4 0 1 1 3 4 5 2 3 0 1 0 2 1 3 13 8 5 9 0 9 1 0 2 2 4 4 11 5 3 3 2 4 0 10 1 16 1 10 4 2 2 2 1 1 2 22 6 0 0 3 6 8 7 2 2 0 8 3 1 0 0 9 2
0 0 0 0 0 1 0 2 0 0 0 0 0 2 0 4 0 0 6 0 0 0 0 0 1 0 0 0 0 0 1 12 1 0 0 0 0 0 0 1 1 1 0 0 3 0 0 0 0 0 0 0 0 0 0 3 0 0 0 1 0 0 0 0 0 0 0 0 1 0 0 0 0 0 0 0 0 0 0 3 2 0 0 0 0 0 2 1 1 0 0 0 0 1 0 1 0 2 1 0
0 1 0 1 0 0 2 1 1 0 1 0 0 0 0 0 0 2 0 0 1 2 1 0 0 0 0 1 0 0 4 0 0 0 0 3 0 2 0 0 0 0 0 0 0 0 0 0 0 0 0 1 0 0 0 0 0 1 1 0 0 0 0 0 1 0 1 0 0 2 1 1 0 1 0 0 0 1 0 0 0 1 1 0 0 0 2 0 0 0 1 0 0 2 0 1 2 4 0 0
2 9 3 6 7 3 1 7 2 0 1 5 3 13 2 1 0 10 7 13 3 1 7 6 39 1 14 11 10 4 15 7 4 1 7 7 11 25 0 38 3 13 7 18 3 29 11 0 7 1 21 2 1 1 1 31 2 19 4 6 6 23 1 1 10 6 4 0 5 10 0 2 37 1 6 9 3 10 3 2 13 2 2 2 10 5 11 0 10 6 3 0 14 32 13 10 19 40 19 27
0 2 0 0 1 0 0 0 0 0 1 0 0 1 0 0 0 0 0 0 0 0 1 0 2 0 0 0 0 1 0 1 0 0 0 0 1 0 0 0 1 0 0 0 0 0 0 0 0 0 0 0 0 0 2 1 0 0 1 0 1 1 0 0 0 0 0 1 0 0 0 2 1 0 3 0 0 1 0 0 2 0 0 0 1 1 0 0 0 0 0 0 0 2 1 0 0 0 3 0
3 9 1 0 15 5 4 1 0 0 0 9 3 2 12 8 5 3 2 2 6 3 3 12 0 0 2 1 0 8 8 3 5 5 0 4 0 1 5 6 2 1 2 7 6 0 0 3 0 10 4 4 3 8 0 0 8 0 2 24 5 14 5 4 9 7 10 3 1 1 0 2 4 3 3 5 3 3 3 5 4 8 1 2 1 11 8 3 5 4 1 2 7 24 2 3 8 9 19 1
2 11 0 0 3 15 7 9 9 11 5 21 15 13 12 25 9 12 5 0 6 2 2 6 1 11 13 3 2 6 6 4 8 18 13 10 0 11 3 0 7 18 8 10 6 13 5 3 4 9 30 19 6 9 1 18 0 7 2 2 14 14 16 5 0 7 3 6 7 1 15 17 4 13 7 3 10 11 4 18 1 1 0 4 12 12 11 0 16 10 14 8 0 10 12 12 9 5 29 2
3 14 13 1 3 25 32 16 11 23 24 5 1 8 4 1 0 10 4 6 0 36 10 19 18 22 4 1 28 2 4 6 8 2 17 6 14 2 10 4 1 9 15 2 5 1 1 3 4 12 6 17 0 3 10 29 0 4 22 5 3 8 2 3 26 6 3 13 0 9 2 3 4 5 3 1 0 17 1 6 40 6 30 3 1 6 16 1 12 3 4 5 3 1 3 1 0 3 12 1
0 0 0 0 0 0 1 1 2 1 1 0 0 0 0 1 3 1 0 0 3 0 0 0 0 0 2 0 2 2 0 0 0 0 0 1 0 0 2 1 1 0 0 0 0 0 1 1 1 0 0 2 1 0 0 1 0 2 0 0 0 0 0 2 0 0 0 1 0 0 7 0 1 0 0 0 0 1 0 0 0 0 0 0 2 0 0 0 0 0 0 0 0 0 0 0 0 2 0 0
5 0 10 0 8 2 10 1 3 8 3 6 4 1 3 1 1 5 2 1 1 8 4 0 1 0 3 8 0 5 2 5 0 0 0 3 10 1 2 2 2 2 0 0 2 2 2 5 9 2 1 3 3 0 3 2 3 16 2 7 1 6 8 2 1 3 11 1 2 0 1 24 4 2 1 3 2 5 2 2 2 0 4 6 9 2 1 9 6 5 2 1 0 9 5 0 2 2 6 0
3 19 9 0 3 4 5 2 6 6 1 8 0 19 4 8 3 17 5 4 1 7 0 9 4 1 12 26 1 17 2 10 0 9 1 0 6 7 1 9 2 1 9 4 6 11 28 2 14 0 3 11 5 5 2 5 2 12 0 3 19 6 16 0 1 10 18 2 0 18 5 6 15 7 14 5 0 2 5 0 0 0 7 1 12 34 4 8 6 3 1 5 10 16 0 15 18 2 3 3
10 1 6 1 0 6 2 0 0 1 3 0 0 10 1 2 21 13 0 3 1 4 2 5 6 3 2 12 4 0 15 0 3 1 7 6 5 20 1 9 0 2 12 4 2 4 4 7 1 12 5 0 3 6 7 1 6 2 20 2 0 0 1 2 9 2 0 0 3 2 2 2 1 3 3 1 2 0 1 1 18 2 14 0 2 2 4 1 5 0 12 6 2 16 2 6 5 3 3 8
0 1 10 0 1 2 3 0 3 18 15 0 8 0 1 1 3 6 12 4 2 0 12 7 10 13 14 17 5 2 1 4 4 4 3 1 3 8 1 2 3 2 5 7 0 5 13 1 10 12 15 2 28 2 1 32 2 10 14 9 10 3 2 2 3 0 8 2 6 0 14 10 18 6 2 14 5 9 1 5 13 15 0 21 7 18 1 10 10 4 8 14 37 5 2 3 2 6 1 22
0 0 0 0 0 0 1 0 0 0 0 0 0 0 0 1 0 0 0 0 0 0 0 0 0 0 1 0 0 0 0 0 0 0 0 3 0 0 0 3 0 0 4 0 0 0 2 1 0 0 0 0 0 0 0 0 0 0 3 0 1 0 0 0 0 2 1 0 1 0 2 0 0 0 0 2 0 0 1 0 0 0 0 0 0 1 0 1 0 1 0 0 0 0 0 1 2 7 0 0
0 0 0 0 0 0 0 1 0 0 0 1 0 1 0 1 1 0 0 0 0 1 0 1 0 0 0 0 1 0 0 0 0 0 0 0 0 2 1 2 0 0 1 0 0 0 1 0 0 0 1 0 0 0 0 0 1 0 0 1 1 0 1 1 1 1 0 4 1 0 3 0 0 0 0 2 0 2 0 0 0 0 0 0 1 1 0 0 1 1 0 0 1 0 0 0 0 0 0 2
0 0 1 0 4 0 1 4 1 1 0 1 0 0 0 0 0 0 0 0 0 1 1 0 0 0 2 0 0 0 0 0 0 0 0 0 0 1 0 0 0 0 1 0 0 0 0 1 0 0 0 0 1 0 0 0 0 0 0 0 0 0 0 0 1 1 0 1 0 1 0 0 0 0 1 0 1 3 0 0 0 0 0 0 0 0 0 2 0 9 0 0 0 2 0 0 0 0 0 0
0 1 3 7 1 3 2 1 4 0 2 4 5 4 2 4 7 1 1 0 8 0 1 3 4 1 0 0 2 4 2 0 0 1 2 3 13 1 0 1 4 16 5 0 1 3 0 10 9 2 2 5 3 7 6 0 6 2 0 4 4 6 4 3 0 5 9 0 17 4 1 4 2 8 1 3 4 14 0 2 1 12 2 8 1 7 6 1 0 13 25 18 4 0 8 0 4 6 5 7
0 7 0 17 3 6 4 1 3 10 0 0 2 2 7 11 9 0 2 2 0 1 1 0 9 0 5 3 2 0 0 1 1 14 7 0 6 6 7 2 12 0 1 1 17 0 2 7 0 9 2 3 1 1 0 2 0 1 2 2 0 2 10 1 0 12 0 4 0 18 3 3 1 7 0 2 4 0 1 5 1 0 0 1 2 2 0 2 9 6 1 9 2 2 2 6 23 5 10 3
1 3 15 0 9 10 2 17 3 1 9 10 4 7 6 13 1 13 9 1 4 10 31 20 3 19 22 1 1 8 41 1 24 5 0 0 2 4 6 12 2 4 6 2 1 9 5 7 13 1 3 25 0 0 0 19 4 0 0 17 34 2 0 4 6 2 10 2 26 10 0 5 1 11 3 10 14 11 7 12 13 10 0 0 0 0 13 8 2 0 0 6 3 3 5 4 16 2 5 24
2 6 15 1 0 0 5 0 3 4 7 8 6 0 0 2 0 1 2 1 0 4 0 3 2 1 3 4 5 9 0 0 2 4 2 2 1 3 3 6 1 14 6 2 2 14 22 5 0 3 2 5 4 1 4 1 4 0 32 4 7 3 4 2 0 6 9 4 1 2 3 6 4 12 2 3 0 0 4 3 2 0 7 2 6 6 15 1 4 13 4 0 0 10 3 0 9 3 6 1
0 11 1 0 0 0 1 1 0 0 0 0 0 0 0 0 1 0 1 1 0 0 0 0 0 0 0 0 0 1 0 0 0 0 1 0 0 0 0 0 0 1 0 0 1 2 1 2 2 0 3 0 0 0 0 0 0 0 0 0 0 0 0 2 0 0 0 0 0 0 1 1 0 0 1 0 0 0 1 0 0 0 0 2 0 0 1 0 2 1 0 0 1 1 0 5 0 0 1 0
10 1 2 9 0 0 0 7 3 17 1 2 2 7 2 10 23 0 0 15 1 24 2 4 2 0 1 3 0 2 0 4 1 3 0 0 10 9 0 16 9 2 3 2 0 1 0 3 0 5 0 1 8 4 4 2 2 6 4 13 2 1 3 0 0 2 8 2 3 1 0 0 2 5 3 2 6 2 0 1 0 0 2 1 1 4 1 14 1 4 0 2 0 5 9 3 0 0 1 1
0 1 1 0 0 1 0 0 1 1 0 1 0 0 0 0 1 1 0 0 0 0 2 0 1 0 0 1 0 0 0 0 1 0 0 0 0 0 1 0 0 0 1 0 0 0 0 0 0 1 0 1 0 0 1 0 0 0 1 0 0 0 0 0 1 0 0 0 1 0 0 0 0 0 0 1 1 2 0 0 0 0 0 0 1 4 2 2 2 1 0 0 0 0 0 0 2 0 0 0
0 0 0 1 0 0 0 0 0 0 1 0 0 0 0 0 0 0 0 0 0 2 0 1 0 0 0 0 1 0 0 1 0 0 1 0 1 0 1 0 0 0 0 0 0 0 0 0 0 0 0 1 1 0 0 0 1 0 0 0 0 1 0 2 0 0 0 0 0 3 1 1 0 0 0 1 0 0 3 0 4 0 1 0 0 0 2 0 0 0 3 1 0 0 1 1 2 0 0 0
1 1 1 16 0 0 0 7 0 1 0 1 2 0 0 1 0 0 2 2 0 3 0 0 1 0 4 1 2 1 0 0 0 0 0 0 2 0 0 0 0 1 1 0 0 0 0 3 0 0 3 0 0 0 0 1 1 0 0 1 0 0 0 0 3 0 0 0 0 0 3 3 0 0 1 0 0 0 0 1 0 1 0 1 0 0 0 3 1 0 0 0 2 0 0 0 12 0 2 10
0 0 0 1 0 0 0 1 0 0 0 0 1 2 0 0 0 0 2 0 2 0 0 0 0 0 0 1 0 0 0 0 0 0 1 0 0 0 0 0 1 1 1 0 0 1 1 0 1 0 0 1 0 0 0 0 0 0 2 0 0 0 2 0 0 0 0 0 0 0 0 0 1 0 2 0 0 0 2 0 1 0 0 0 2 0 0 0 0 0 0 0 0 0 0 0 0 0 0 0
3 4 8 7 0 5 0 16 10 3 0 17 8 16 0 3 1 0 14 2 4 0 2 1 1 0 1 2 1 0 2 4 1 3 5 7 2 11 7 0 1 4 1 5 1 1 0 3 6 13 0 0 3 2 5 7 1 1 3 3 2 0 0 6 3 3 6 1 4 0 1 1 1 0 2 7 0 5 10 2 7 21 15 5 12 4 5 2 1 1 5 3 8 0 1 2 0 0 5 13
0 5 12 7 9 12 12 3 11 25 2 3 4 2 9 1 0 1 3 13 1 2 2 1 4 5 0 12 1 1 16 14 31 3 17 16 5 8 20 10 8 2 17 2 3 7 5 1 32 7 6 0 7 17 2 7 3 2 5 0 3 0 2 47 4 1 0 14 15 8 27 18 2 7 20 6 7 9 5 0 10 5 1 0 2 7 1 0 7 1 7 0 1 7 0 0 42 11 7 2
3 1 0 1 0 0 0 0 0 0 0 0 0 0 0 0 0 0 10 0 1 0 0 0 5 2 1 1 0 0 1 0 0 0 0 0 0 1 0 0 0 0 1 3 0 1 0 1 0 0 0 0 0 0 0 0 2 0 0 0 5 0 0 0 1 0 0 0 0 0 0 0 1 0 0 0 0 0 0 0 1 1 3 0 1 0 0 0 0 1 0 0 0 0 0 0 1 0 0 0
4 2 0 1 22 0 1 3 10 3 9 20 3 12 10 22 6 10 8 7 11 13 2 3 7 11 0 0 13 39 6 8 0 2 1 20 0 7 2 0 24 0 6 1 6 11 18 1 4 2 0 1 5 11 4 6 0 3 13 4 6 5 12 0 1 11 11 10 22 15 1 7 11 0 3 0 7 1 1 10 2 10 2 3 8 15 0 28 1 1 3 5 18 1 22 4 1 10 5 20
0 1 2 1 0 0 0 1 0 0 1 0 0 1 1 0 0 0 0 7 0 0 0 1 0 0 0 1 1 0 0 9 0 1 0 0 0 1 0 0 0 0 4 1 0 0 0 0 1 0 1 0 4 2 1 1 0 0 0 0 2 0 1 0 0 0 1 0 0 0 0 0 0 0 0 0 0 0 0 0 1 0 0 0 0 6 0 0 0 0 0 2 0 1 0 0 0 0 1 1
11 7 1 0 2 3 9 14 11 13 11 2 8 6 20 7 11 16 2 17 9 0 0 7 30 4 14 5 4 0 1 4 1 20 38 10 4 8 9 7 0 30 38 10 0 30 3 7 5 4 23 11 2 9 5 5 0 0 4 2 19 3 10 15 6 28 9 3 2 11 7 2 7 5 20 6 5 5 0 12 15 3 9 15 19 3 2 1 1 4 4 20 3 3 0 1 8 1 16 14
2 0 1 0 0 2 0 0 1 0 0 0 0 0 0 0 0 1 1 0 0 0 1 2 0 0 0 0 0 0 0 1 0 1 0 2 0 0 1 0 0 0 0 1 0 5 0 0 0 0 1 0 0 1 0 0 0 0 0 0 0 0 0 1 2 0 0 0 0 0 0 0 0 0 0 0 0 0 2 0 0 0 0 1 0 0 0 0 0 0 0 0 0 0 1 0 0 0 0 0
1 0 0 1 0 2 0 0 0 0 0 0 0 1 0 4 0 0 0 0 0 0 1 1 0 0 0 0 0 0 2 1 0 2 0 0 2 3 0 0 1 0 1 0 0 0 0 0 0 0 0 0 0 0 0 0 1 0 0 0 0 1 0 0 0 0 1 0 0 0 0 0 1 1 0 0 0 0 2 0 0 0 0 0 0 0 3 0 0 3 0 1 0 0 0 0 3 0 2 3
8 1 4 7 1 7 7 2 2 0 1 3 2 8 3 0 0 2 0 0 1 3 1 2 2 0 6 1 4 1 3 0 0 2 3 4 0 1 8 3 0 0 9 12 0 3 1 10 12 4 0 2 3 6 3 11 12 1 8 0 0 3 5 0 2 3 3 4 5 0 6 0 0 2 0 8 0 2 0 5 0 0 1 0 7 9 5 3 2 4 1 3 1 6 5 2 0 6 3 2
1 0 15 1 1 0 3 0 0 0 22 2 0 7 2 0 2 6 1 3 8 6 0 1 3 0 0 2 8 16 0 5 5 1 2 7 1 4 1 2 0 13 3 0 2 4 13 0 1 2 10 5 7 3 3 7 4 4 1 0 1 20 7 5 2 1 0 5 9 5 1 13 11 6 2 19 9 0 2 2 2 6 3 0 7 2 4 5 2 4 0 0 0 1 5 2 0 2 4 2
