5 0 0 3 1 0 0 2 3 1 1 2 33 10 5 0 8 0 2 0 16 15 1 7 3 3 3 6 8 11 4 0 1 3 2 0 0 7 1 3 0 6 4 2 0 3 5 11 0 1 7 5 6 7 0 0 0 0 3 8 0 2 7 1 5 0 0 5 0 5 5 13 0 9 1 1 3 11 6 4 9 9 0 11 8 9 0 9 0 13 1 2 6 6 0 16 7 0 7 0
5 0 9 1 1 7 1 10 9 0 3 2 7 6 0 11 5 14 11 0 1 1 7 19 8 0 0 52 1 9 14 0 1 5 5 2 8 7 0 4 1 14 6 5 0 15 6 5 0 6 1 3 5 3 10 2 11 4 1 0 2 4 9 20 10 18 0 14 2 4 9 6 9 7 2 1 3 3 4 2 9 15 19 0 8 8 28 0 3 1 9 0 0 6 7 3 6 1 4 6
1 7 1 0 14 2 17 10 0 0 0 0 0 9 0 0 1 0 4 4 0 4 3 2 1 17 6 0 1 0 1 1 2 2 0 3 8 0 6 1 2 4 1 1 6 11 1 2 5 9 12 5 1 11 0 5 1 2 4 14 1 2 12 6 6 7 2 4 2 0 0 2 0 3 3 3 4 6 3 10 3 3 8 1 8 1 2 3 0 0 0 6 0 38 6 1 2 0 10 1
7 5 1 2 17 11 1 0 5 3 6 23 4 6 0 2 15 2 1 2 1 0 3 2 0 9 6 2 4 5 6 2 8 7 1 1 7 4 3 4 13 6 3 0 3 4 15 0 3 7 2 0 11 20 0 1 0 2 1 0 0 2 0 8 1 0 2 25 3 3 11 1 3 1 13 1 17 0 2 3 8 5 9 5 0 2 17 2 3 1 2 21 13 6 2 3 1 0 3 2
0 0 0 1 0 1 1 3 0 0 0 1 0 0 0 2 1 0 1 0 0 0 0 1 0 7 0 0 0 0 0 0 9 2 4 3 13 0 1 0 1 2 0 1 0 1 1 1 0 1 0 0 0 1 2 1 0 0 2 2 0 1 1 0 6 0 1 0 0 0 1 0 0 1 1 0 0 0 0 0 0 0 0 1 0 0 0 0 0 1 0 1 4 0 0 2 0 1 0 0
15 10 0 26 25 28 0 6 4 12 39 9 5 2 4 1 10 9 3 14 3 14 0 4 6 3 12 4 4 7 1 14 20 3 1 3 9 28 6 3 14 10 2 5 9 11 6 7 1 17 3 19 2 0 4 7 1 3 0 2 0 1 3 4 0 4 2 4 3 2 3 18 4 2 4 10 1 6 15 12 1 6 3 14 21 12 2 10 2 1 0 0 8 2 7 2 2 6 1 4
3 15 1 4 0 2 0 0 5 21 0 12 0 11 1 0 7 1 5 8 10 2 1 3 5 1 0 0 20 4 0 4 0 3 0 2 1 3 0 1 4 6 17 1 0 1 6 3 0 7 13 5 0 1 6 7 2 1 0 0 0 5 9 5 10 7 7 2 0 0 5 1 2 1 5 1 2 4 0 1 4 3 1 2 5 1 13 0 2 0 1 2 2 0 0 2 0 3 1 5
0 7 1 11 1 1 1 0 1 0 2 0 4 0 0 10 0 1 0 3 1 2 0 0 8 2 0 0 2 0 0 17 0 0 0 0 0 3 5 6 0 2 1 6 0 0 0 0 0 1 2 1 0 5 7 6 0 0 1 0 5 3 0 2 0 0 0 0 9 2 1 1 0 6 2 5 2 1 10 9 2 0 2 1 0 2 0 3 2 3 2 7 9 1 0 0 3 17 2 3
2 9 1 1 4 6 0 2 8 17 2 0 2 3 4 0 4 40 4 1 13 28 5 15 11 1 2 5 13 4 7 18 6 1 28 4 0 15 3 15 0 9 10 1 1 8 15 14 13 11 22 13 3 3 17 4 23 4 5 29 0 13 15 4 17 5 3 4 7 2 1 18 7 7 5 2 13 13 1 1 22 0 4 1 13 0 1 4 2 7 3 15 10 7 11 5 47 7 0 1
13 3 10 39 14 14 1 0 9 2 12 17 5 2 5 16 16 13 2 0 0 1 5 2 13 0 13 1 1 22 17 6 29 17 6 7 30 6 8 3 32 4 0 23 14 11 6 6 6 3 0 3 11 1 7 4 21 4 0 3 18 0 0 0 4 1 2 19 16 6 3 13 21 5 5 2 6 13 8 3 5 52 4 0 0 14 1 0 2 0 7 29 2 1 2 9 6 7 1 1
3 5 0 25 4 0 14 9 3 12 0 0 5 3 4 16 4 8 1 7 1 6 1 21 55 2 36 1 2 16 4 14 0 17 23 4 10 2 6 18 7 18 38 29 22 18 7 18 0 1 14 2 7 0 5 3 3 2 0 1 4 6 7 18 3 1 6 7 0 5 7 14 0 7 3 9 0 17 13 13 3 0 26 0 3 3 3 8 3 29 7 2 4 4 10 5 2 1 0 4
1 0 0 2 1 0 0 0 1 1 0 0 0 0 0 2 0 0 0 0 0 0 0 1 1 0 0 1 0 1 0 0 0 1 0 0 0 0 1 0 0 0 1 0 0 0 2 0 0 2 0 0 0 2 0 0 0 0 0 0 2 0 1 0 2 0 3 2 0 0 0 5 0 0 0 0 0 0 0 2 0 0 0 0 0 0 0 1 0 0 0 0 0 0 0 0 0 0 0 0
0 0 0 0 0 0 0 0 0 0 0 0 0 0 2 3 0 0 0 0 0 0 0 0 0 2 0 0 0 0 1 0 0 0 0 1 0 0 0 1 1 0 0 2 3 0 0 1 0 0 0 0 0 1 1 1 0 0 0 0 6 0 0 0 1 0 0 1 0 0 0 0 0 0 0 0 1 0 8 3 0 6 0 0 2 0 0 0 0 1 3 0 2 0 0 0 1 0 1 0
18 1 1 2 10 0 0 8 3 2 4 5 14 0 0 2 1 1 10 19 2 3 2 18 1 9 20 7 15 3 0 2 2 0 0 10 4 11 28 0 12 4 20 7 33 5 0 3 8 3 7 5 6 0 4 5 0 0 3 15 0 7 2 12 1 4 8 3 5 11 1 5 7 20 8 7 2 12 3 0 2 8 14 0 2 19 3 4 4 6 24 4 4 9 0 15 2 15 8 33
26 1 4 16 2 4 2 1 2 34 7 2 2 17 6 22 5 0 6 0 5 17 2 4 0 9 28 4 15 9 0 12 0 2 0 3 5 5 13 6 2 8 19 6 9 11 9 0 4 5 1 0 15 2 8 15 11 0 4 0 0 6 0 9 2 7 0 18 8 0 0 17 7 3 0 0 1 2 11 4 15 25 9 26 1 3 5 4 2 9 24 14 1 2 1 12 3 2 3 0
0 8 0 5 1 0 0 0 0 0 2 0 0 4 0 4 2 3 0 0 0 0 2 0 0 0 3 0 0 1 2 0 0 0 1 0 0 0 0 0 0 0 0 1 0 0 0 1 0 2 0 0 0 0 0 0 0 0 0 0 0 0 1 0 0 0 1 0 3 0 0 0 0 0 2 0 0 0 0 3 0 6 4 0 0 0 2 0 0 0 0 0 1 0 0 0 0 0 0 0
0 42 4 10 10 0 4 2 0 4 19 7 28 5 0 0 1 2 12 3 0 15 0 2 0 23 0 2 3 0 0 2 7 17 2 6 1 6 1 6 18 4 2 1 3 7 53 15 2 19 3 3 4 2 10 0 15 7 0 0 3 3 3 0 13 0 2 7 5 10 3 12 7 0 1 13 8 5 8 2 3 10 2 10 4 2 0 7 4 5 3 2 14 10 0 17 7 5 6 1
7 0 0 3 0 12 0 6 0 13 14 1 2 0 22 4 18 8 0 4 7 4 1 14 9 0 1 0 4 3 4 3 1 1 1 5 6 16 12 6 4 10 1 2 1 0 4 1 2 9 1 20 14 4 3 8 10 5 3 9 0 14 6 7 4 33 5 9 2 14 27 1 0 9 4 0 0 10 14 9 0 1 28 7 8 5 14 14 5 6 9 2 1 19 7 37 1 12 14 13
0 1 0 0 0 1 0 0 0 0 4 0 0 0 0 1 2 0 0 1 0 0 0 2 0 0 2 0 0 3 0 0 0 4 1 0 1 0 0 0 0 0 0 0 0 0 0 0 0 0 2 0 0 1 2 0 1 0 0 0 0 0 1 0 1 0 1 0 3 0 0 0 0 0 0 0 0 0 0 0 0 1 0 2 1 0 0 2 0 0 0 0 2 0 2 0 0 0 1 2
0 1 0 0 1 0 0 0 0 1 1 0 0 0 0 0 0 0 1 0 0 0 1 0 1 0 0 0 0 0 0 1 1 0 0 1 1 0 0 0 1 1 0 1 4 4 0 0 1 0 1 0 0 0 0 0 0 0 0 0 0 0 2 0 0 0 2 5 2 0 0 0 1 0 1 1 0 0 0 0 0 0 0 1 1 0 0 1 0 0 2 0 0 2 0 0 0 0 0 0
9 2 3 5 2 0 12 10 2 4 1 2 5 0 15 3 3 13 1 12 11 23 1 7 3 12 21 11 3 1 7 1 0 2 2 2 4 6 0 4 5 0 8 9 11 0 14 6 35 0 3 2 8 10 4 7 2 3 2 0 6 1 6 2 29 12 0 7 1 4 0 3 5 2 4 13 2 1 3 5 2 0 1 1 12 2 3 0 4 3 5 2 6 0 0 1 7 4 0 3
3 1 0 0 0 0 0 1 0 0 0 2 0 0 0 0 0 1 0 0 0 1 0 1 0 2 0 0 1 1 0 1 0 0 0 0 0 0 0 0 0 0 1 1 0 0 1 0 0 1 2 1 1 0 1 0 1 1 0 0 0 1 0 0 0 0 0 2 0 1 0 0 0 0 0 6 1 0 1 1 2 0 0 0 0 0 0 0 0 0 0 0 0 0 0 0 2 0 1 1
3 0 4 2 2 8 2 5 6 1 2 0 0 2 4 2 5 1 2 0 0 0 0 0 3 2 11 0 4 10 0 3 1 2 1 11 3 10 0 12 2 3 7 4 1 3 1 2 1 3 2 2 6 9 0 6 0 4 2 2 4 4 1 1 10 1 1 2 8 1 3 2 3 3 0 3 2 6 0 8 0 0 3 10 1 3 15 3 0 2 10 2 5 5 9 0 15 4 1 1
7 4 6 6 12 6 0 2 0 7 13 21 10 11 9 4 3 4 6 2 5 6 11 3 24 5 0 4 0 33 11 1 4 6 7 2 1 11 1 10 14 8 36 34 17 9 9 1 0 25 6 3 1 1 39 0 5 1 5 10 2 2 7 2 2 1 5 6 4 0 5 0 5 3 0 13 0 5 1 5 10 46 1 23 0 11 1 2 25 0 0 0 6 14 11 36 0 7 9 4
4 6 1 0 17 0 25 12 10 15 26 10 29 2 10 2 3 0 12 1 9 4 0 7 4 6 5 7 10 3 4 1 9 2 4 1 26 14 7 11 7 4 7 0 8 4 23 30 0 6 12 0 19 3 7 4 0 0 6 2 20 2 1 0 14 3 0 23 1 4 2 2 4 1 4 21 0 25 0 0 4 34 31 6 0 4 6 3 4 8 3 9 4 22 5 23 2 18 4 11
0 0 10 1 4 0 0 0 1 0 0 0 1 0 0 0 2 5 0 1 0 0 0 1 1 1 0 1 0 0 0 0 0 0 0 0 0 0 0 0 0 0 0 0 0 0 0 0 0 0 0 0 1 0 0 2 2 4 0 4 1 0 1 0 1 2 0 0 1 1 0 1 0 0 1 1 2 0 6 0 0 0 4 1 1 1 0 1 0 0 0 1 0 2 0 0 0 0 1 2
17 7 17 8 3 10 19 1 2 1 2 0 1 5 3 16 4 5 6 0 16 0 7 13 5 3 8 8 29 0 15 1 12 8 6 7 14 3 4 3 0 6 10 2 6 19 9 5 9 12 4 2 0 3 2 6 4 15 5 4 0 1 5 16 11 1 3 0 14 3 5 13 4 3 1 12 0 5 2 25 4 2 2 4 31 2 3 7 7 2 9 0 2 36 2 18 1 11 20 4
0 5 8 4 10 3 4 2 3 2 3 1 36 5 10 0 8 5 4 0 7 20 4 6 3 2 1 8 1 3 14 0 8 8 4 14 3 2 2 14 0 2 7 0 1 1 2 18 4 11 6 6 2 1 10 2 6 24 13 1 8 8 2 44 10 5 3 2 15 1 3 27 14 4 9 8 3 3 5 6 7 4 9 3 0 0 1 3 27 11 20 21 14 2 8 12 7 8 3 9
1 0 0 1 1 0 0 0 0 3 0 1 0 0 0 0 0 0 0 0 1 0 0 0 0 2 1 0 0 0 2 0 0 0 1 0 1 1 1 0 2 0 1 0 0 2 0 0 1 3 0 0 2 0 0 1 2 0 1 0 3 0 0 1 0 0 0 0 4 0 0 0 0 1 1 0 0 2 0 0 0 0 1 2 0 0 0 0 0 1 0 0 0 2 0 0 0 3 0 0
0 0 0 0 0 0 0 1 0 1 0 2 0 1 2 1 0 0 0 1 1 0 0 0 0 0 1 0 0 1 0 0 1 0 1 0 0 0 0 0 0 2 1 0 1 0 0 0 1 0 0 1 0 0 0 0 0 1 0 0 0 0 0 0 1 0 2 3 0 0 2 0 0 0 1 0 0 0 1 0 0 0 0 0 0 0 0 1 1 0 3 0 2 0 1 0 0 0 1 1
16 26 7 0 5 11 8 0 6 23 5 7 4 8 2 3 22 3 7 7 19 4 14 0 11 12 1 7 12 1 0 1 7 0 8 0 4 6 3 0 4 4 1 2 1 20 9 9 19 0 2 15 0 8 1 11 5 2 1 16 1 14 0 8 8 1 16 37 6 3 3 0 0 19 1 8 10 3 7 16 9 4 3 5 5 31 4 3 2 7 13 23 14 9 0 23 5 19 3 3
8 10 8 5 22 4 1 7 6 18 3 0 5 0 13 10 3 7 34 17 5 0 6 4 3 3 15 4 2 2 11 16 5 1 8 24 7 3 6 7 4 0 10 8 1 0 18 2 18 1 9 0 3 12 1 14 3 3 0 16 8 7 1 4 7 20 2 16 5 0 0 3 1 21 9 3 8 1 9 10 3 20 18 5 5 0 5 5 7 23 3 8 6 9 6 22 7 1 7 5
1 3 0 0 0 0 0 0 1 0 0 1 1 0 0 0 0 0 0 0 0 0 0 1 1 2 0 0 0 3 0 0 0 0 1 0 0 1 0 1 0 2 0 0 0 0 0 3 0 0 4 1 0 3 1 0 1 0 0 0 0 0 0 1 0 0 0 0 0 0 0 6 0 0 1 1 0 0 0 0 0 0 0 2 0 0 0 0 1 0 0 2 1 0 2 0 0 0 0 1
3 8 2 19 2 3 4 6 21 1 12 3 9 3 0 0 0 8 3 13 4 0 11 11 8 8 0 0 6 21 13 2 26 4 2 5 7 18 8 4 5 3 7 11 5 3 5 14 0 6 10 9 10 3 0 7 1 26 14 16 8 11 19 23 8 8 0 8 1 2 6 2 0 1 2 16 4 3 2 3 1 3 2 9 29 5 12 43 2 6 4 33 5 15 3 12 1 8 8 14
6 12 8 4 1 13 11 2 3 2 0 4 12 4 15 19 0 5 3 11 7 4 1 0 3 2 1 8 4 1 0 12 17 3 10 6 7 20 0 7 12 17 4 10 2 6 16 9 10 8 7 1 3 3 17 13 3 9 3 9 11 0 27 1 11 1 18 16 1 11 3 3 5 1 15 3 3 2 8 13 1 4 0 3 10 26 0 5 1 18 14 5 7 1 7 2 3 10 3 6
0 0 6 3 6 4 3 0 13 2 1 20 8 3 14 0 1 15 0 0 2 0 4 3 4 2 8 2 36 1 3 1 18 3 0 1 0 2 1 8 0 1 0 1 2 3 5 2 5 4 5 1 3 7 4 0 1 22 2 3 7 3 16 2 25 0 0 1 3 4 1 4 4 0 0 0 4 13 0 1 1 2 1 2 0 3 9 1 2 1 6 0 0 6 1 1 5 0 1 1
0 0 0 2 1 0 0 0 0 2 1 0 0 1 1 0 0 0 0 0 3 0 0 1 1 0 1 0 0 0 2 0 3 0 0 0 0 2 0 0 0 0 0 0 2 0 0 2 0 0 0 1 0 0 0 0 1 0 0 0 0 0 0 0 0 0 0 0 1 0 0 0 1 0 0 0 1 0 1 0 1 0 0 1 0 0 0 0 0 1 2 0 0 0 0 0 2 2 0 0
3 7 7 3 2 3 9 1 1 2 2 6 10 7 18 2 1 12 5 2 0 11 4 1 0 3 1 4 2 13 8 0 9 1 0 13 0 2 3 3 0 12 0 2 0 2 2 5 5 25 6 0 6 1 3 5 5 1 8 1 9 7 5 1 4 12 1 3 4 0 4 1 2 1 2 2 2 1 1 2 2 4 3 1 0 9 3 10 0 10 0 6 7 9 2 1 2 4 4 1
1 0 1 0 0 0 0 0 0 1 2 3 1 0 0 0 0 1 1 0 0 0 0 0 0 2 0 0 0 0 0 0 0 1 0 1 0 1 0 0 0 0 0 0 1 2 1 0 1 0 1 0 0 1 1 0 1 3 0 0 1 1 1 0 0 0 0 0 0 0 3 1 0 0 0 0 0 0 2 0 1 1 0 2 0 2 0 0 0 0 0 0 0 0 0 0 0 0 0 0
0 9 0 7 4 0 2 0 1 5 3 8 0 28 2 5 16 2 2 3 10 0 7 14 17 7 4 1 4 1 7 6 1 5 18 23 1 12 25 3 13 18 0 20 4 2 14 6 4 2 17 26 7 16 21 2 3 16 6 0 12 14 5 9 12 15 7 2 3 2 4 10 3 1 2 6 7 3 0 10 12 7 14 16 31 8 10 4 1 16 5 4 1 3 12 2 30 2 5 4
16 5 0 3 0 20 31 15 15 4 4 4 7 11 15 22 0 1 0 16 25 3 4 4 5 8 0 2 4 0 0 7 1 10 19 7 25 8 3 3 7 9 13 2 2 0 30 14 4 9 12 5 0 7 4 2 1 14 8 2 1 1 4 6 0 8 7 3 22 2 6 2 3 7 10 3 0 4 2 15 7 3 0 3 3 36 1 3 0 7 10 25 2 14 22 1 2 2 9 13
1 0 2 0 0 0 0 0 0 2 1 1 1 0 0 0 0 1 1 0 0 0 0 2 1 4 0 0 0 0 0 1 0 0 0 0 2 1 0 0 0 0 0 0 1 0 0 0 0 0 1 1 2 0 0 0 0 0 0 0 3 0 1 0 1 1 0 1 1 0 0 0 0 0 0 0 1 0 0 1 6 0 0 0 0 3 1 0 0 1 1 0 0 0 1 2 0 0 1 0
10 16 6 12 1 10 18 12 13 23 2 0 0 18 13 5 6 2 4 5 24 11 8 11 4 0 24 2 0 3 15 6 7 8 15 1 0 18 2 4 4 0 14 21 6 3 3 14 1 2 0 1 4 6 3 8 14 3 12 10 4 0 4 0 2 7 16 2 7 1 42 0 5 30 11 7 14 9 20 5 43 22 15 0 0 5 7 0 15 1 0 3 1 6 2 5 5 4 13 9
8 14 9 19 2 0 4 21 3 8 16 1 12 0 2 6 20 3 10 11 0 0 8 2 19 10 1 5 5 3 2 0 10 10 22 4 0 14 14 9 1 13 1 8 17 20 3 7 3 1 13 4 28 4 11 4 1 2 0 7 5 5 0 0 2 3 0 2 2 6 4 5 8 0 4 29 8 12 15 11 15 14 3 6 1 1 2 1 11 13 0 5 3 5 2 9 17 5 3 42
4 1 0 3 6 4 5 7 1 0 9 2 5 0 3 10 1 0 0 6 15 3 2 3 0 0 0 1 6 1 1 1 0 0 3 2 1 15 6 7 2 3 5 9 17 4 1 4 18 8 0 7 2 12 12 1 0 10 3 11 5 2 2 0 1 3 2 1 6 0 3 5 2 6 7 0 0 3 0 12 0 10 2 3 17 1 4 4 5 0 0 13 0 0 1 0 6 1 1 5
0 0 1 0 1 0 1 0 0 0 0 0 0 0 0 0 0 2 0 0 0 0 0 0 0 0 0 0 0 1 1 0 0 0 0 2 0 0 0 0 0 0 0 0 0 0 2 0 1 5 0 0 0 1 0 0 0 0 0 0 0 0 0 0 1 0 0 0 0 0 6 0 0 0 0 0 0 0 0 1 2 0 0 0 2 0 0 0 0 0 0 1 0 0 0 0 3 0 0 2
0 0 0 0 0 0 1 0 0 0 1 1 0 0 0 0 0 0 0 0 0 0 0 0 0 0 0 0 0 0 1 1 0 0 0 0 0 1 0 1 0 0 0 0 0 0 0 0 0 0 0 0 0 0 2 1 0 0 1 0 0 0 1 1 2 0 1 1 0 0 0 0 0 0 2 0 0 0 0 0 0 1 1 0 0 0 0 0 0 0 2 1 0 1 0 0 0 0 0 0
5 10 0 0 5 3 3 2 9 2 6 1 2 3 4 3 0 4 0 10 19 6 0 1 0 4 1 0 4 3 0 6 3 2 3 3 4 0 1 2 1 12 4 21 0 6 1 3 13 2 2 4 1 3 1 1 3 1 3 0 6 4 5 0 3 32 1 2 1 7 2 0 23 1 7 3 5 14 17 7 7 4 9 6 0 1 4 3 0 1 14 5 1 1 4 2 0 4 6 1
5 4 0 2 5 5 9 0 0 5 0 4 0 6 4 1 1 1 7 2 4 5 0 1 1 1 15 0 10 1 1 11 6 0 0 1 2 2 5 3 1 3 3 19 0 2 0 22 6 12 1 3 7 4 3 0 3 0 5 1 0 5 2 1 10 3 2 6 7 0 12 7 19 12 3 9 4 1 11 14 2 1 0 4 6 1 0 2 14 1 3 6 1 0 1 2 7 0 0 5
0 0 1 0 0 1 0 1 0 0 0 0 0 0 0 0 0 1 2 0 0 0 1 2 1 0 4 1 1 1 0 0 0 0 1 0 0 0 0 1 0 1 2 0 2 0 0 1 1 0 0 0 0 0 1 0 0 0 0 0 3 0 0 2 0 1 0 0 0 0 1 0 0 2 0 0 0 1 2 1 0 0 0 0 0 7 0 0 3 1 4 0 3 0 0 1 0 0 0 1
14 0 0 6 21 2 11 1 3 3 1 14 6 10 6 5 5 8 0 2 0 9 3 7 0 4 9 10 18 7 0 20 2 15 7 4 0 8 0 8 11 8 6 3 1 1 0 1 3 2 2 8 1 4 5 10 5 5 16 4 9 0 4 2 2 8 2 1 0 10 1 13 1 3 4 0 5 0 1 0 13 6 0 3 3 3 14 7 6 2 4 14 11 2 1 13 9 8 2 9
4 5 0 14 0 3 5 3 1 17 0 1 6 0 1 0 7 8 0 0 5 0 0 5 16 0 3 1 16 2 0 0 0 13 7 4 6 5 1 2 20 8 1 9 21 0 2 0 2 3 2 1 19 20 0 1 10 8 1 16 2 0 0 2 0 32 18 1 6 1 2 0 15 10 10 2 0 0 3 3 0 0 1 0 3 9 3 6 12 0 11 0 9 3 10 2 1 0 4 9
0 0 0 0 0 0 0 0 0 1 2 0 0 0 0 0 0 0 0 0 2 1 0 0 1 0 3 1 1 0 0 0 0 0 3 2 2 0 1 0 3 0 1 0 0 0 2 0 0 0 1 0 1 0 0 0 0 0 0 2 0 0 0 0 0 1 0 2 0 0 0 0 1 1 0 0 1 0 1 0 1 0 0 1 0 2 0 0 1 0 0 0 1 0 2 0 0 0 0 0
12 0 2 1 6 0 9 23 4 0 4 4 24 4 0 9 6 1 0 1 7 2 0 7 6 2 2 2 0 1 4 2 0 1 25 3 1 1 9 0 7 9 12 2 7 1 9 2 4 9 2 7 3 7 1 1 17 2 4 5 1 1 19 1 6 0 2 9 3 16 20 0 2 6 3 4 8 20 12 0 1 3 9 1 3 4 0 2 7 0 9 16 5 2 7 11 15 2 0 0
0 0 0 0 0 0 0 3 2 3 0 0 0 0 5 1 0 0 0 0 0 0 0 2 0 0 0 1 0 3 0 0 2 2 0 1 0 0 0 0 0 0 0 0 0 0 0 0 0 0 0 3 0 0 0 1 0 0 0 0 0 0 2 0 1 0 0 0 0 0 0 0 0 0 0 0 0 1 0 0 0 2 2 0 0 0 0 0 0 0 0 1 0 1 1 0 1 0 0 0
0 0 0 0 0 0 1 0 0 0 0 0 1 0 1 0 0 0 0 0 0 0 1 0 0 0 7 0 0 0 0 0 0 1 0 0 0 0 0 0 0 0 0 0 2 0 0 0 0 0 0 0 2 1 1 0 0 0 0 0 7 1 0 0 1 0 1 0 0 0 0 0 0 1 2 2 1 1 1 2 0 0 0 0 0 2 1 1 2 0 0 0 0 0 0 0 0 2 4 0
5 0 1 3 5 2 5 1 0 10 20 1 14 1 0 2 34 1 3 24 16 9 3 12 12 2 10 4 3 28 1 19 5 14 2 2 10 5 24 15 1 7 1 1 2 2 1 10 6 5 0 16 25 4 13 2 6 5 2 11 0 4 19 8 11 6 2 0 0 3 7 0 10 0 15 7 0 4 2 8 13 1 1 7 6 6 0 11 3 1 8 0 2 29 22 2 5 3 4 1
28 4 0 13 18 24 2 9 5 7 8 0 3 2 23 3 37 2 3 20 5 13 13 1 2 9 1 1 1 2 21 12 5 0 0 1 0 10 4 3 4 0 3 6 0 5 2 4 0 0 15 3 1 24 11 1 2 1 2 3 12 3 8 2 35 0 8 6 1 2 14 7 9 10 3 13 2 1 3 16 2 15 1 0 1 16 4 6 8 9 5 2 5 0 15 19 1 5 1 10
2 8 7 2 0 5 13 8 11 1 2 0 0 8 5 8 3 1 3 5 3 6 3 0 6 1 3 5 12 3 14 3 7 11 1 1 1 1 1 6 3 2 0 0 5 3 0 6 1 1 6 12 0 0 2 6 4 8 2 3 4 3 5 0 0 7 7 3 0 4 0 10 10 6 0 0 2 5 3 2 1 2 0 2 14 1 0 12 2 1 6 1 16 2 0 2 2 7 1 0
0 0 0 1 0 0 0 2 2 0 0 0 0 0 0 0 0 1 0 2 0 1 0 0 0 0 1 2 1 0 0 0 0 0 0 1 0 0 0 0 0 0 0 0 0 1 0 1 0 1 3 0 0 1 0 0 2 0 0 0 0 1 1 1 0 0 0 0 0 0 0 0 0 0 1 0 0 0 0 0 1 0 0 1 0 0 0 0 3 1 0 0 0 0 0 0 0 0 0 0
3 13 0 0 3 14 20 9 1 15 28 4 1 1 6 14 3 3 5 1 1 8 1 3 24 0 2 22 3 8 0 8 14 27 8 4 13 5 15 18 27 5 1 1 8 12 7 4 1 2 1 8 13 6 14 6 3 15 6 9 1 1 0 8 4 10 5 0 12 1 0 21 1 28 5 5 7 7 13 8 7 5 1 6 3 6 2 17 7 29 12 6 4 6 16 0 2 7 9 6
8 8 0 4 7 8 2 4 3 14 10 1 9 3 4 8 10 3 1 2 4 4 6 12 0 9 9 2 8 10 4 5 29 11 1 4 9 16 5 45 5 2 1 3 15 12 8 11 16 7 2 41 11 11 1 1 5 5 8 7 3 0 8 2 6 2 2 2 7 0 1 12 8 24 7 22 2 13 11 5 2 10 4 6 4 2 10 3 15 10 0 1 2 8 7 11 5 10 4 13
12 5 2 2 15 1 5 7 7 5 0 2 3 3 11 0 0 5 9 15 3 7 0 9 0 7 8 1 5 2 0 2 1 26 3 1 0 8 9 3 1 0 5 3 12 0 4 0 5 0 5 7 1 5 1 2 1 4 12 2 0 0 5 5 0 13 4 0 0 0 4 4 8 15 14 2 3 0 19 0 5 0 0 2 5 0 2 2 0 4 12 3 3 6 7 1 2 3 2 4
10 0 7 0 8 7 9 2 16 10 25 10 19 8 3 1 14 3 9 3 16 9 2 3 3 1 18 7 10 3 2 0 0 5 3 1 6 0 9 8 1 0 38 5 1 2 8 1 4 14 0 28 16 1 12 15 5 17 25 9 0 13 21 4 1 0 0 11 0 9 0 4 5 6 12 1 1 2 6 0 3 32 0 21 3 1 8 12 4 8 5 1 2 13 17 2 17 10 8 12
1 0 0 1 4 2 1 10 1 2 20 5 1 0 4 1 9 1 14 2 29 3 4 6 2 4 1 0 1 11 1 16 0 0 8 1 4 0 6 3 1 0 3 0 2 5 6 3 9 0 9 5 1 0 11 0 3 2 3 6 3 1 1 0 6 1 2 20 0 0 2 7 1 2 1 2 3 3 11 3 28 0 0 0 4 3 2 2 0 8 4 3 2 10 1 11 1 13 6 8
1 3 9 0 3 0 7 32 28 2 2 0 1 0 3 4 10 1 3 4 3 9 3 4 0 2 14 13 2 2 7 7 3 3 1 20 2 17 31 3 37 4 16 7 11 6 32 2 10 0 2 3 19 1 0 6 0 4 4 2 3 3 4 3 1 14 10 2 2 11 2 9 2 0 1 2 3 8 4 15 5 5 36 1 6 1 2 1 1 19 7 0 8 10 11 4 1 20 1 6
0 0 1 1 0 1 0 0 0 1 0 1 0 1 0 0 0 1 0 0 2 2 0 1 0 1 1 0 0 0 0 0 1 0 1 1 0 0 0 0 0 0 2 0 0 0 3 1 0 0 1 1 0 0 0 0 1 1 0 0 1 0 2 0 0 1 0 1 0 2 0 1 0 0 1 2 1 0 1 1 0 0 1 0 0 1 0 0 0 0 0 18 2 1 2 0 0 0 1 0
3 35 9 9 14 5 6 18 0 5 3 3 15 66 10 4 0 5 17 1 27 4 0 4 31 4 1 17 3 11 2 0 5 0 11 5 2 1 20 2 2 18 18 6 12 9 14 0 4 13 3 2 7 5 9 22 11 4 1 1 2 0 21 5 12 3 4 1 3 14 6 7 2 6 0 16 2 0 1 1 0 19 5 7 17 15 4 7 2 2 2 3 9 6 24 2 5 3 17 0
9 6 5 14 7 1 0 1 6 3 1 3 8 0 1 1 4 1 7 9 4 20 13 4 0 0 0 3 2 2 2 3 0 2 2 0 1 5 6 5 0 2 9 0 0 4 0 8 3 2 11 5 5 1 2 1 0 5 6 8 12 1 0 7 0 4 1 0 6 3 3 5 4 5 1 11 4 4 1 0 0 4 6 6 4 0 4 7 2 7 3 2 1 0 3 0 10 8 3 1
0 0 0 0 1 0 4 1 1 1 0 0 0 0 1 0 0 0 0 0 0 1 1 0 0 0 0 0 12 0 2 0 0 0 0 0 2 1 0 0 0 1 0 0 0 2 0 0 1 0 3 0 0 0 0 1 0 4 1 2 1 0 0 0 0 0 1 0 3 1 0 0 0 1 0 0 0 0 0 0 0 0 5 0 0 1 6 0 1 1 1 0 0 0 9 0 0 0 0 0
0 1 1 0 8 5 0 2 1 5 6 1 4 5 2 1 1 12 15 2 0 0 0 0 13 2 6 1 5 0 13 5 3 0 0 4 0 19 3 3 5 1 1 0 3 3 0 1 0 4 4 15 6 1 3 0 1 0 0 8 5 0 5 2 0 3 9 3 14 5 8 2 7 7 15 9 4 0 4 4 1 5 0 1 5 3 1 8 0 6 0 0 2 0 6 1 4 2 4 3
1 0 0 0 0 0 3 0 1 0 1 1 0 0 0 0 0 0 0 0 0 5 0 0 0 0 0 0 0 3 0 1 0 0 0 0 1 2 0 0 0 0 0 1 0 0 0 1 1 0 0 0 0 0 0 0 0 0 0 0 0 0 0 0 0 2 0 0 0 0 2 0 3 0 1 0 0 0 1 4 0 1 1 0 0 0 0 0 2 2 0 1 0 0 2 0 0 1 0 8
1 0 0 1 10 1 6 2 4 3 0 1 12 0 9 1 3 1 7 0 0 3 3 8 10 3 0 0 9 15 8 4 2 2 0 4 0 0 1 9 6 1 10 0 0 6 0 2 16 2 2 7 17 1 14 2 6 1 4 2 2 2 2 12 5 1 4 2 6 2 2 2 0 4 7 13 8 7 0 5 0 9 5 4 1 4 3 0 2 5 6 5 4 0 2 10 3 5 2 9
3 4 2 8 31 9 4 0 2 28 3 2 3 0 29 11 16 0 8 16 12 11 0 16 16 20 3 21 14 0 1 12 10 18 8 0 4 9 2 5 2 19 5 1 6 11 4 15 0 16 5 7 1 15 0 2 6 14 18 3 1 7 4 14 19 0 13 0 8 4 1 9 8 2 4 5 4 7 0 3 7 11 18 25 7 4 2 13 11 1 10 7 3 15 2 8 4 40 11 1
0 0 0 0 0 0 0 0 0 3 0 0 0 0 0 0 0 0 0 0 0 0 0 0 0 0 0 1 0 0 0 5 0 2 0 0 0 0 1 0 0 0 1 1 1 0 0 0 0 0 0 0 0 0 0 1 0 3 0 0 0 1 0 0 0 0 1 1 0 0 0 0 0 1 1 0 0 0 0 1 0 1 1 0 1 0 0 0 0 0 0 6 0 1 0 0 4 0 1 0
5 4 0 1 2 1 1 9 0 2 4 6 3 1 2 4 1 1 11 2 8 3 1 4 11 8 3 2 0 1 0 2 0 4 12 2 8 0 10 2 1 5 1 2 1 1 2 3 0 2 1 4 9 3 6 1 2 2 0 3 12 0 2 13 4 1 10 2 8 2 5 3 14 1 1 0 3 0 1 3 12 5 0 7 2 1 4 5 1 1 2 1 8 16 8 2 8 1 1 0
1 1 1 0 1 0 2 0 1 0 0 0 1 1 0 0 0 0 2 0 0 0 1 3 0 0 0 0 0 0 0 0 0 0 0 0 0 1 0 0 1 0 1 0 0 0 0 0 1 0 0 2 3 3 1 0 0 0 0 0 0 0 0 0 0 2 0 0 0 2 1 0 9 0 0 0 0 0 0 1 0 0 0 0 1 0 0 3 1 1 2 0 0 0 0 0 1 0 0 5
12 0 0 1 0 0 5 1 4 5 7 0 1 0 21 6 6 45 0 1 2 3 23 14 8 9 5 6 3 0 11 8 21 19 15 6 6 1 14 16 10 2 15 2 1 1 16 27 1 13 4 15 4 3 1 1 2 6 9 16 4 12 16 3 7 15 7 7 9 3 2 6 0 4 3 5 5 10 3 3 0 55 2 10 8 1 15 0 16 4 3 3 1 5 11 7 9 14 28 5
3 3 1 0 4 13 1 1 4 1 19 6 2 31 10 17 3 2 14 0 1 7 12 3 0 5 15 3 2 2 39 3 21 1 21 2 3 7 25 9 19 0 3 13 2 2 0 13 1 1 19 7 0 10 1 6 2 56 22 11 11 14 11 12 23 7 17 3 0 3 14 31 22 4 9 0 35 2 18 10 9 24 0 1 7 21 1 4 12 8 0 8 14 18 7 7 0 7 7 26
0 0 3 0 0 0 0 1 0 1 0 0 0 0 0 0 0 0 0 1 1 0 0 0 0 0 0 0 1 1 3 1 0 1 0 0 0 1 0 0 0 1 0 0 2 0 0 0 0 5 1 0 0 0 0 3 6 2 0 1 0 0 0 0 1 0 0 0 0 0 0 1 0 0 0 0 0 1 1 0 0 1 0 1 0 0 2 0 0 0 0 0 1 0 1 2 0 0 0 0
0 0 0 1 1 0 0 0 0 0 2 0 0 0 2 0 0 1 0 0 0 0 1 1 0 4 0 1 1 0 1 0 0 0 4 0 0 1 0 0 1 0 0 0 1 0 0 0 0 1 0 0 0 0 0 1 0 0 0 0 1 0 0 0 0 0 0 1 1 0 1 1 0 0 0 2 0 0 0 0 0 0 0 0 0 1 0 0 1 0 2 0 0 0 0 1 0 0 0 0
0 4 0 2 0 0 0 2 5 3 6 5 0 4 3 1 0 4 3 6 7 0 1 6 22 3 6 1 3 10 5 14 0 0 0 0 11 1 10 0 3 8 1 2 0 2 13 3 30 3 6 8 2 0 7 3 0 4 10 0 2 5 0 1 5 2 2 0 0 2 10 1 0 3 2 0 4 16 0 6 1 5 1 7 8 1 3 3 5 10 12 4 1 8 6 5 1 0 1 12
0 0 1 1 0 0 1 1 1 0 1 0 2 0 0 0 5 0 0 0 0 0 0 0 0 2 1 0 0 2 0 0 0 0 0 0 0 0 1 2 0 1 0 0 0 1 0 0 1 0 0 1 0 0 0 1 0 1 0 0 0 0 0 0 0 1 1 0 0 0 0 2 0 0 0 0 1 0 0 1 0 0 1 0 0 0 1 1 0 0 0 0 1 0 0 1 0 0 2 3
1 0 1 2 11 1 7 0 2 1 0 1 20 0 9 3 2 9 0 8 14 1 0 2 1 4 1 0 0 2 9 12 2 2 5 0 4 0 1 0 4 2 6 10 7 6 1 1 1 4 3 2 8 0 12 0 1 0 0 2 1 19 15 9 0 1 11 8 2 0 6 2 2 1 3 0 5 3 0 5 3 14 6 0 3 5 3 0 3 2 4 17 4 0 4 15 2 18 21 0
0 7 1 4 4 2 10 17 8 19 4 9 20 6 1 11 14 3 3 1 5 8 23 2 15 0 27 21 0 21 7 3 22 14 5 1 1 6 0 4 9 6 19 12 3 5 2 27 31 1 1 18 8 0 0 5 6 14 11 17 5 13 0 2 18 4 0 7 0 25 6 2 11 5 24 0 0 2 1 5 4 3 2 13 16 1 9 5 14 8 11 7 6 3 5 2 6 2 13 5
8 8 0 7 3 9 5 1 1 1 0 3 6 1 12 1 7 5 13 3 0 5 3 1 0 3 2 7 3 4 4 0 0 4 2 4 2 11 2 1 7 7 5 1 2 12 1 5 5 0 0 0 15 2 4 4 1 2 0 2 0 3 2 2 3 19 0 18 8 1 0 0 3 0 12 6 1 2 17 2 2 1 5 2 2 8 8 1 4 2 0 0 0 4 4 1 1 0 3 0
8 6 10 8 10 2 11 8 5 23 1 1 2 2 13 8 3 19 9 6 1 11 7 3 2 13 8 7 9 0 0 8 0 13 0 16 10 7 5 0 8 24 6 0 10 2 0 1 53 11 0 2 14 27 3 5 1 3 5 4 14 6 7 16 3 21 12 27 17 11 2 13 2 17 0 0 12 13 0 3 12 18 9 8 9 4 4 5 1 6 4 9 8 0 3 3 12 0 1 34
1 0 0 0 0 3 2 0 4 1 0 0 0 3 1 0 0 0 0 1 0 0 0 0 1 1 0 0 1 1 0 0 1 0 1 1 1 1 0 0 0 0 0 0 0 0 0 0 0 0 0 0 0 3 0 1 1 3 0 0 0 2 0 0 1 1 0 0 0 0 1 0 1 3 1 1 0 0 0 0 0 0 0 0 0 0 0 0 0 0 0 0 0 2 0 0 0 1 1 0
5 5 16 20 10 4 4 1 3 0 1 5 9 0 4 3 0 6 4 0 4 3 1 1 14 4 2 0 7 5 6 0 3 2 2 0 1 4 0 1 1 1 10 0 1 3 17 0 3 9 2 13 4 2 15 4 2 5 3 0 3 2 6 0 5 5 2 2 18 0 12 7 2 9 2 1 6 1 1 0 17 0 13 2 3 4 7 10 3 3 8 2 3 0 7 0 5 8 1 10
0 0 0 0 1 0 0 0 0 0 0 1 0 0 1 0 0 0 0 0 1 0 0 1 0 0 1 1 0 0 0 1 0 0 0 0 0 0 0 0 0 0 0 0 0 0 1 0 1 3 0 0 0 1 0 0 0 0 0 3 0 0 0 0 0 3 0 0 0 0 1 0 0 0 0 0 1 0 1 1 2 1 1 0 1 0 1 0 0 0 0 0 0 2 0 2 0 3 0 0
0 3 13 10 1 3 1 2 0 1 8 4 1 5 5 4 0 11 6 9 1 4 0 5 3 2 2 2 0 0 0 4 0 8 0 6 3 20 3 5 12 2 11 5 2 4 1 1 1 4 0 10 2 0 0 6 5 4 1 1 1 10 2 8 1 26 3 2 12 3 1 6 0 0 0 1 9 7 5 3 1 1 1 1 0 3 1 2 0 5 1 0 0 1 4 6 14 3 3 8
0 3 15 2 0 4 0 4 1 1 8 10 6 0 3 3 5 0 5 5 4 16 5 3 5 7 2 1 2 28 5 11 13 7 0 7 36 17 0 7 8 3 12 4 9 1 19 0 11 5 1 19 3 15 4 1 11 2 1 12 6 8 6 3 6 49 10 1 8 14 0 5 6 2 0 4 0 4 30 1 0 6 14 0 2 9 0 1 0 32 0 9 4 2 3 0 11 0 16 3
0 2 0 1 2 1 0 0 0 1 1 1 1 1 3 0 0 0 0 0 0 0 0 0 3 0 1 1 0 1 0 0 0 4 0 0 0 1 1 0 1 0 2 0 0 3 0 0 1 0 0 0 0 1 0 0 0 1 0 1 4 0 0 0 1 0 0 0 0 0 0 0 0 0 0 0 0 1 0 2 1 0 0 0 2 0 0 0 2 0 0 0 1 0 0 0 0 1 0 1
27 1 3 1 8 9 1 9 7 11 3 16 0 7 25 12 1 4 0 7 1 0 3 18 3 3 20 2 4 2 5 5 5 5 5 2 5 2 0 5 9 10 9 0 13 1 3 30 0 21 11 13 6 11 16 1 5 13 2 14 42 0 5 4 4 0 5 1 8 33 30 14 3 4 5 0 3 4 25 1 9 10 1 1 9 0 4 0 19 0 1 1 1 0 1 9 9 2 2 1
1 0 2 0 3 2 0 0 1 0 0 0 0 0 0 0 0 0 0 2 0 0 2 0 0 3 1 0 0 0 0 0 0 0 0 0 1 0 0 0 0 1 0 0 1 0 0 0 1 0 1 0 0 1 2 0 0 0 0 0 0 0 0 1 3 0 0 0 0 1 1 0 0 0 1 1 0 1 0 2 1 0 0 0 1 0 0 0 2 0 0 0 1 2 0 0 0 1 0 0
2 2 0 8 15 8 2 8 4 3 0 2 1 1 1 0 5 7 8 6 1 2 8 5 0 6 1 0 0 12 13 1 1 7 2 4 0 0 8 0 7 23 0 6 0 0 5 7 6 0 6 15 2 9 0 4 13 1 0 11 2 3 1 7 16 2 0 1 1 4 1 0 1 1 4 0 16 0 4 9 3 1 0 0 2 7 10 14 0 9 10 5 4 1 2 11 3 0 3 9
0 3 1 1 0 0 0 0 0 0 0 1 0 1 2 0 1 0 2 0 0 0 0 0 2 0 1 0 0 0 2 0 0 0 0 1 0 0 0 0 0 0 0 0 0 0 4 0 0 1 1 0 0 0 0 0 0 0 0 0 0 3 0 0 0 0 0 0 0 0 0 1 1 0 3 0 1 2 0 0 0 0 0 0 0 0 0 0 0 3 0 0 0 4 1 3 0 1 1 0
2 0 1 0 0 2 0 0 1 0 3 1 0 0 1 1 1 0 0 1 2 0 0 3 0 0 0 0 0 1 0 0 0 0 0 2 1 0 0 0 0 0 5 1 0 0 1 0 1 0 0 0 0 0 0 0 1 1 0 0 0 0 0 1 1 0 2 0 0 0 0 1 0 0 0 1 2 1 0 0 0 4 0 2 0 1 2 0 0 1 0 1 0 2 0 0 2 0 1 0
0 16 8 1 3 7 22 9 7 11 3 10 0 0 4 6 3 6 6 3 2 7 0 6 10 11 13 12 0 0 3 12 11 0 12 21 11 3 16 3 4 0 15 2 4 19 2 30 7 16 3 8 8 6 1 1 6 11 40 11 0 8 2 9 22 3 14 31 5 4 8 1 6 9 2 6 3 8 2 1 5 8 1 26 1 4 10 2 7 1 11 7 12 27 26 1 6 1 11 13
0 0 0 0 0 1 0 0 0 0 0 0 0 0 12 0 1 1 0 0 3 0 0 0 0 2 0 0 1 1 0 0 2 0 0 2 0 1 0 0 0 1 0 0 0 0 0 0 0 0 0 5 0 0 2 0 1 0 0 0 0 0 0 0 0 0 0 0 2 0 0 0 0 0 0 0 1 1 4 0 0 1 0 0 1 0 0 1 0 0 0 0 0 0 0 0 0 0 4 0
