0 0 1 2 0 0 0 1 0 0 0 0 0 0 1 0 0 0 0 0 0 0 2 0 0 1 1 0 0 0 0 0 1 0 0 0 0 1 0 0 2 0 0 0 0 4 2 0 1 0 0 0 0 1 0 0 1 0 0 1 0 0 1 0 2 0 0 0 0 0 0 1 0 0 0 0 0 0 0 1 0 0 1 0 0 0 0 4 0 0 0 3 1 0 1 0 0 2 0 0
0 2 0 1 0 0 0 0 0 1 0 1 1 0 0 0 0 0 0 0 0 0 1 0 0 0 1 0 3 0 0 0 2 0 0 0 0 0 0 0 0 0 0 0 0 0 0 0 0 0 1 0 0 0 0 1 1 1 0 2 0 0 1 0 0 0 0 0 0 0 0 0 0 0 0 1 1 0 1 2 0 0 0 0 0 2 1 0 0 0 0 0 1 0 1 1 2 0 0 0
1 0 0 0 0 1 0 0 4 0 0 1 1 0 0 1 3 0 0 0 0 0 0 1 0 0 1 0 0 0 0 0 0 0 6 3 0 1 0 0 0 0 0 0 0 0 0 0 0 2 0 0 0 1 0 0 0 0 0 0 0 1 0 2 0 0 1 1 0 1 2 0 0 0 1 1 0 0 0 2 0 0 0 2 0 1 0 0 0 0 0 0 0 0 0 3 0 0 0 0
49 3 0 2 0 0 4 17 6 9 13 1 2 6 5 13 1 2 4 5 4 1 18 4 5 44 5 17 1 12 3 3 7 12 2 19 28 1 2 12 0 2 0 7 12 0 0 9 13 11 15 5 7 4 14 0 5 5 6 0 5 2 2 2 5 3 11 10 6 10 5 4 2 1 1 5 3 7 2 0 4 8 40 8 14 3 15 1 4 3 9 0 3 6 4 15 2 12 4 7
3 2 11 2 0 0 6 0 0 3 6 6 0 14 1 1 1 3 6 1 1 5 1 1 0 1 7 6 0 13 0 6 2 6 3 0 3 1 5 0 5 6 7 13 11 15 4 1 12 2 3 11 0 6 5 0 0 2 6 8 1 1 0 2 1 1 8 3 4 2 2 1 3 1 2 1 0 2 9 3 6 2 5 4 7 6 0 1 3 4 4 1 1 1 1 1 4 1 10 7
0 0 1 0 1 0 2 0 0 0 5 0 0 0 0 1 1 0 0 2 0 0 0 0 0 1 0 0 0 0 0 1 0 0 1 0 1 1 0 1 0 0 0 0 1 0 1 3 0 0 0 0 0 0 0 1 2 0 0 0 0 2 1 3 0 0 0 0 0 0 1 0 0 1 0 0 0 0 2 0 0 0 0 0 2 2 1 1 0 0 4 0 0 0 0 0 0 0 0 0
4 0 3 5 3 5 1 16 13 8 10 2 4 12 0 3 3 1 11 1 1 1 0 1 4 5 2 3 3 7 6 4 0 3 0 0 1 0 3 1 2 2 3 1 3 3 2 5 3 0 4 4 10 5 3 10 0 2 2 7 8 5 1 8 4 15 3 3 2 2 1 1 5 1 4 2 15 1 22 0 6 1 1 0 2 6 3 0 2 4 7 2 0 5 9 2 0 15 3 6
2 2 6 5 0 36 0 3 3 13 0 4 5 4 2 17 3 2 15 15 13 20 14 14 12 13 8 17 31 0 6 2 5 22 15 19 1 3 3 0 14 2 15 0 0 6 4 33 3 11 9 4 5 1 7 8 24 0 5 1 4 2 7 8 0 1 5 24 2 4 24 12 14 13 10 29 27 0 11 0 1 10 6 0 6 1 14 6 6 0 5 0 6 1 2 2 0 8 1 5
4 0 3 0 2 0 1 13 2 1 2 0 4 1 2 3 5 2 2 3 3 1 2 0 2 3 0 1 0 7 1 2 2 1 0 0 3 8 8 10 2 0 15 7 0 4 6 14 9 2 1 1 1 4 2 2 0 11 4 1 5 2 3 4 6 3 2 4 2 0 2 1 0 0 4 1 1 3 3 0 3 3 1 2 1 3 0 1 2 8 1 3 9 14 11 5 4 13 1 0
3 3 2 2 15 3 7 32 4 50 1 5 11 4 9 0 8 4 1 2 9 1 1 3 12 4 0 4 6 0 6 10 0 5 3 5 3 4 0 0 7 4 4 2 3 1 4 1 0 0 0 0 10 4 2 7 6 2 0 5 3 2 9 2 2 11 9 12 3 3 0 1 3 6 10 4 0 4 0 1 0 8 0 0 13 0 0 4 0 24 3 11 11 0 3 3 10 19 2 7
0 2 0 1 0 3 0 1 2 1 0 6 17 0 1 1 0 1 5 4 2 1 4 1 1 0 7 2 0 1 3 0 0 2 4 5 4 0 0 4 0 0 3 1 4 5 5 0 3 0 15 0 3 1 9 0 6 0 0 0 0 1 1 3 4 2 9 0 0 0 11 8 3 7 0 0 8 0 2 1 0 1 1 3 3 1 4 6 0 1 0 0 0 7 1 0 0 0 3 28
0 0 0 0 0 0 2 1 0 0 0 0 0 0 0 0 0 0 2 0 1 2 0 1 2 0 0 0 0 0 0 1 0 0 0 0 1 0 0 0 0 0 1 0 3 0 0 1 0 1 0 0 1 1 0 0 0 0 0 0 0 0 1 0 0 0 0 0 0 0 0 0 1 0 0 0 0 0 0 0 0 1 0 1 0 0 0 0 2 0 0 0 0 0 0 0 0 0 0 0
0 0 0 0 0 0 1 1 0 0 0 0 1 0 0 1 7 0 2 0 0 0 1 0 1 0 0 0 1 0 3 0 0 2 0 0 0 1 2 1 0 0 0 1 0 1 2 1 0 1 0 0 0 0 0 1 0 0 0 1 0 0 0 0 0 0 0 0 0 0 0 0 0 0 0 0 0 0 0 0 1 0 0 0 1 0 1 4 0 0 1 1 0 0 0 0 0 0 0 1
5 1 15 1 2 6 16 1 4 0 0 2 7 6 6 2 5 1 0 0 28 4 2 3 11 1 0 1 0 10 5 8 0 4 1 3 16 4 6 14 0 1 13 18 2 5 2 1 2 10 6 3 2 0 5 3 9 8 3 0 1 3 1 0 1 3 1 5 0 8 0 1 1 1 3 3 0 15 2 2 9 3 11 1 3 6 2 8 1 2 6 9 0 5 2 0 8 5 4 6
6 1 9 19 32 14 3 17 20 18 17 1 6 0 3 14 32 1 3 55 0 6 0 3 8 6 28 4 13 4 9 17 0 6 2 0 0 13 0 1 4 23 3 4 55 14 10 4 1 24 0 14 6 1 9 5 3 1 0 2 3 2 8 4 11 2 14 0 0 1 0 3 4 1 13 12 7 16 14 8 0 0 6 2 9 2 12 3 2 10 1 35 6 5 6 0 0 10 5 4
4 5 4 10 12 13 6 5 4 12 8 1 3 1 3 0 10 4 7 9 9 6 0 14 5 3 5 14 7 13 2 3 0 9 6 1 9 4 1 12 3 17 18 5 16 15 4 19 0 9 0 2 8 8 0 5 43 9 3 2 10 8 15 2 1 3 3 6 1 12 10 10 16 3 7 3 17 0 4 0 12 30 14 28 21 11 5 1 3 29 33 7 13 2 0 6 0 2 1 12
1 0 0 0 0 0 0 1 0 0 0 2 0 0 1 0 1 0 0 0 0 0 1 0 0 1 0 0 0 2 0 0 0 1 1 0 0 0 0 0 0 0 0 1 0 0 1 0 1 0 1 1 0 0 0 0 0 0 0 0 1 2 0 2 0 0 3 0 0 0 0 0 1 0 0 0 0 0 2 0 0 0 1 0 1 0 0 0 0 2 0 0 0 0 0 0 1 0 1 3
12 7 10 1 25 1 1 0 0 9 9 0 1 15 18 1 26 10 9 5 1 3 1 1 7 13 5 0 14 7 4 9 1 25 3 0 8 3 3 5 0 14 17 19 3 19 7 3 8 3 10 7 48 1 6 6 19 2 17 0 12 0 12 4 9 0 4 4 7 0 7 10 10 3 1 4 3 1 1 32 11 5 6 5 18 5 2 1 2 1 9 8 3 3 2 3 3 7 38 16
19 6 6 2 10 5 1 29 12 29 1 14 2 0 0 5 4 17 8 1 23 3 8 3 2 10 12 6 2 11 13 0 0 0 0 7 1 1 10 1 1 10 3 1 4 24 17 18 30 12 5 10 0 24 9 9 8 0 15 6 35 10 1 2 3 0 8 9 2 0 4 28 3 1 14 7 3 9 7 14 4 7 6 17 6 13 3 3 17 4 4 5 3 0 14 0 15 3 0 3
3 3 11 2 1 1 3 1 5 6 0 8 3 5 8 13 7 1 7 3 1 2 4 1 1 3 3 0 0 5 1 2 16 1 3 1 3 9 9 1 1 1 0 1 1 2 2 3 0 8 1 0 0 2 13 5 4 3 3 6 7 3 3 8 4 3 9 13 0 6 0 2 0 1 0 1 4 8 1 0 1 6 1 1 5 4 3 0 0 1 0 1 2 9 1 1 0 3 0 6
15 4 5 0 12 7 11 17 12 47 2 3 6 0 0 1 14 0 8 1 27 3 13 2 12 1 11 3 7 2 0 12 6 3 28 5 15 5 5 5 11 14 7 3 0 2 22 0 4 1 0 16 14 2 5 15 5 1 1 0 3 0 16 2 15 9 1 6 8 0 2 16 2 11 8 10 1 1 3 39 8 14 0 0 0 6 14 1 4 3 35 15 6 5 14 18 7 6 1 19
0 0 5 0 0 1 0 1 0 0 0 0 0 1 1 0 1 0 1 0 0 0 0 0 8 0 0 1 0 1 0 1 0 0 1 0 4 0 0 0 0 3 2 0 0 0 0 0 0 0 1 2 0 2 0 0 0 5 0 0 0 1 0 0 0 0 0 0 0 3 1 0 0 1 1 1 0 0 1 0 0 1 0 2 0 0 0 0 2 0 0 2 0 2 0 14 0 3 0 1
5 14 7 32 8 2 10 0 2 15 13 3 20 20 5 2 7 1 15 6 11 6 8 1 23 12 19 26 3 5 2 9 2 3 2 6 1 11 6 2 0 0 1 2 4 4 0 1 17 1 9 1 1 3 18 4 15 5 7 6 1 0 2 9 8 0 6 2 5 3 4 1 8 1 7 5 0 2 5 3 3 5 20 11 0 2 2 1 25 0 0 10 0 8 3 0 26 5 2 12
7 6 0 3 0 14 2 5 13 12 8 2 3 5 5 2 31 6 9 3 7 6 2 6 4 7 11 1 5 3 3 1 4 3 28 1 2 2 12 0 2 3 3 30 0 19 25 13 1 1 6 13 4 6 1 20 6 2 6 2 8 6 13 4 0 1 4 14 7 6 42 1 10 11 19 4 0 0 10 9 13 2 1 0 1 2 7 21 2 8 18 0 1 1 7 0 3 1 3 3
0 0 2 0 2 1 0 0 0 1 0 0 0 0 0 0 1 0 0 0 0 0 1 0 1 1 0 0 0 0 0 0 3 0 0 0 1 1 1 0 1 1 0 3 0 1 0 0 0 0 1 1 1 1 0 3 2 0 0 2 0 0 0 0 0 0 0 1 0 0 1 1 1 0 0 1 2 0 0 0 1 0 0 1 1 0 0 0 0 1 0 0 0 0 0 1 1 0 2 1
0 1 0 0 0 0 0 4 0 0 0 0 0 0 0 2 0 0 0 0 0 0 0 1 1 2 0 1 1 0 1 0 0 2 0 0 1 0 1 1 1 0 0 1 0 0 0 0 0 2 0 0 0 0 0 0 0 0 0 0 2 0 0 2 0 0 0 1 0 2 2 0 0 1 1 0 1 0 0 0 0 1 1 0 0 0 1 0 0 0 1 0 1 0 0 0 0 2 0 0
11 4 6 2 0 4 0 2 2 2 0 6 4 0 3 1 2 8 2 6 1 0 3 6 21 2 7 0 9 4 5 0 5 1 0 4 41 8 2 0 2 6 7 3 3 0 0 5 6 6 1 1 4 3 0 0 8 8 1 3 6 2 0 2 5 5 4 0 2 5 2 4 2 3 2 3 0 0 12 7 0 3 6 16 8 2 0 6 10 2 1 0 9 3 6 2 13 3 4 9
4 14 3 1 12 4 20 1 25 6 8 18 4 6 17 5 19 0 7 1 14 12 2 1 2 5 6 4 29 4 6 18 0 5 19 1 7 10 11 1 12 7 0 4 16 6 5 3 2 2 8 3 1 3 35 12 4 5 3 22 0 4 8 65 24 0 4 9 1 3 1 1 7 5 1 3 17 9 5 13 7 25 8 3 11 1 7 5 0 2 1 26 1 1 3 2 20 1 13 1
0 27 1 3 1 2 17 4 4 5 2 1 10 1 2 2 7 7 4 4 11 2 0 1 1 5 2 1 1 14 10 1 1 1 8 9 3 3 0 4 0 2 6 1 12 2 4 1 0 0 3 0 4 16 9 3 0 0 9 0 8 14 12 0 6 3 0 2 3 3 0 2 10 3 4 7 4 0 0 1 4 13 16 0 0 12 12 2 4 0 0 0 1 1 7 1 0 1 17 1
17 13 14 5 2 7 12 11 10 9 7 0 5 12 7 3 58 1 8 13 3 6 2 5 1 4 12 3 22 15 8 2 3 2 1 20 16 6 0 9 4 3 18 4 0 0 4 0 25 1 4 7 16 0 2 5 7 8 1 7 15 8 23 5 8 5 7 7 5 0 2 3 6 5 11 9 9 6 13 5 4 10 3 1 17 6 7 1 5 10 15 2 10 5 6 10 10 2 13 12
1 2 5 6 5 0 1 1 7 1 2 7 12 12 0 1 0 13 3 5 0 0 1 4 2 7 4 4 0 3 3 2 0 0 7 3 6 3 2 3 3 1 4 12 4 3 3 0 4 9 3 4 9 1 2 3 1 6 0 0 9 15 10 2 1 4 14 2 1 7 2 1 10 12 1 2 15 10 2 13 4 0 6 23 2 5 0 0 0 10 0 0 4 2 0 0 3 0 5 1
3 2 7 6 5 7 4 8 1 4 0 1 5 0 3 12 6 0 9 2 0 1 2 0 1 11 3 0 3 1 0 1 17 2 4 0 5 0 1 4 6 2 0 19 11 8 11 1 0 5 5 1 1 2 11 3 9 0 0 4 5 1 16 0 0 12 2 8 0 3 2 0 4 2 1 3 1 5 1 10 1 3 1 8 3 2 1 5 0 3 1 1 6 1 8 14 1 5 1 0
1 3 5 5 4 1 1 0 6 1 2 2 0 3 0 16 3 11 8 0 0 25 4 13 8 1 0 7 2 2 9 1 0 3 2 10 0 0 20 0 7 4 16 1 1 2 11 0 5 3 8 4 1 2 3 1 12 3 0 2 4 2 0 2 2 1 3 1 12 7 0 4 2 0 10 2 8 13 1 7 0 14 9 0 1 4 0 1 4 2 6 2 1 0 0 2 0 3 11 6
22 4 1 3 0 2 17 13 0 11 1 0 5 0 7 5 0 12 0 4 17 1 0 5 14 1 8 4 1 10 11 0 0 2 5 0 2 6 6 1 2 1 5 3 0 5 8 4 0 6 9 7 3 0 11 15 0 3 5 6 0 3 4 3 0 8 2 2 0 2 1 0 5 0 1 5 0 0 7 0 6 2 3 5 5 3 11 2 8 1 1 5 7 9 2 3 2 11 3 5
3 28 10 2 4 4 3 6 3 18 2 0 2 5 12 25 17 4 6 15 3 25 5 9 0 2 0 3 30 15 17 28 0 3 19 14 6 4 12 4 3 0 6 38 14 33 4 1 1 10 29 7 12 1 0 4 15 4 6 0 2 6 14 1 5 8 4 13 14 0 11 0 8 3 4 1 3 0 1 2 1 2 0 1 1 0 1 8 2 3 0 0 7 1 10 7 7 9 0 1
0 0 0 0 0 0 4 3 0 0 0 1 4 0 0 0 0 0 0 1 0 0 0 0 1 0 0 0 0 0 0 1 0 0 0 0 0 0 0 0 0 1 1 1 9 9 0 0 1 1 2 0 0 0 0 0 1 2 0 1 1 0 0 0 2 0 0 1 1 0 0 2 1 0 1 0 0 1 1 0 2 0 1 0 0 0 0 0 0 0 0 0 0 0 1 0 0 0 0 0
5 2 4 15 0 1 16 4 1 3 5 2 1 22 10 5 0 32 13 3 6 4 0 0 1 0 9 1 39 9 5 0 10 46 0 4 0 3 7 0 0 4 6 9 7 6 0 1 16 1 2 9 2 3 10 2 12 7 22 0 3 2 2 2 10 3 19 1 7 18 17 4 3 15 2 43 12 1 3 5 5 12 20 7 1 3 1 26 0 2 6 4 3 10 28 1 0 4 8 1
0 2 0 0 0 0 0 2 0 1 0 0 0 0 0 0 1 0 0 1 0 0 0 0 0 0 0 0 0 1 0 0 0 0 0 0 0 1 0 2 0 0 1 0 1 0 0 0 3 0 0 0 7 0 1 0 0 0 0 0 0 0 4 0 1 0 0 1 0 1 0 0 0 0 2 0 0 0 1 0 0 0 2 0 1 0 0 0 0 0 1 0 0 4 1 0 0 1 0 0
1 0 0 0 1 0 0 0 1 0 0 0 0 2 0 0 1 0 0 1 0 1 2 0 0 0 0 2 0 3 0 0 0 1 0 0 0 0 0 0 0 1 0 3 0 1 0 1 0 1 2 0 0 0 0 0 3 3 0 1 0 0 0 0 1 0 1 0 0 4 0 0 0 0 1 1 1 0 0 4 2 0 1 0 0 1 0 0 1 0 0 0 0 1 0 0 1 0 0 0
13 1 9 1 14 1 1 1 4 2 6 4 1 11 7 10 1 1 2 6 15 7 1 14 3 14 1 3 0 4 0 7 18 14 3 6 5 1 21 19 15 9 1 7 0 2 4 3 1 5 3 0 3 0 7 8 0 3 3 0 9 2 7 11 1 5 4 7 5 15 6 4 3 3 12 2 7 21 18 3 17 7 6 11 5 5 0 16 14 13 1 6 5 3 25 0 3 0 4 2
14 1 3 5 1 30 2 2 7 7 3 0 2 6 2 7 1 4 6 3 1 4 3 4 0 6 1 10 2 1 1 0 11 1 8 0 6 4 3 7 6 0 0 3 1 6 1 8 2 3 2 0 7 3 1 0 2 4 8 7 1 0 5 0 3 6 1 3 12 2 1 0 3 1 1 6 6 3 0 3 2 3 5 5 4 0 0 3 1 0 1 3 4 1 3 1 7 4 1 1
3 13 4 14 11 3 1 6 0 1 5 31 2 4 3 4 2 0 12 6 33 20 1 23 2 1 4 7 7 2 6 5 3 16 0 2 6 14 6 3 1 0 10 2 8 1 3 30 3 8 5 14 2 12 7 0 9 0 0 19 8 32 0 1 0 1 10 4 2 29 9 39 4 0 3 2 3 3 22 5 0 6 2 8 5 4 2 26 0 4 3 8 11 20 5 25 16 9 0 3
0 0 0 0 0 0 0 0 0 0 0 0 0 0 0 1 0 0 0 0 0 2 0 0 1 1 0 0 2 0 0 0 1 0 1 0 0 0 0 0 0 0 1 0 0 0 0 0 1 0 0 0 0 0 1 0 0 0 0 0 0 0 0 0 2 2 0 0 0 1 0 0 0 0 0 0 0 0 2 0 1 1 0 0 0 0 0 0 0 3 1 1 0 0 0 0 0 1 1 0
1 0 0 0 0 0 1 0 4 0 1 0 0 9 2 0 15 1 1 0 0 0 0 4 8 0 0 0 3 1 0 0 3 0 1 1 0 10 0 0 0 0 1 0 1 1 2 0 1 0 0 0 1 0 0 5 1 15 0 2 4 0 9 0 0 0 0 0 0 3 2 2 1 0 0 0 0 1 0 1 2 0 2 0 5 2 0 0 0 0 0 3 0 0 0 0 0 0 0 0
2 6 3 2 2 2 3 0 0 1 4 5 1 2 2 0 2 7 6 5 1 13 0 5 8 4 1 1 0 4 0 3 1 2 3 19 1 5 8 4 2 16 1 1 4 3 7 0 5 2 1 5 10 3 3 3 2 2 6 1 5 2 1 1 8 10 3 3 4 1 3 1 0 0 1 0 4 1 1 0 0 5 1 3 0 9 1 1 12 1 1 1 4 4 0 0 2 0 8 3
0 0 0 1 0 0 0 1 0 16 0 0 2 1 0 2 1 0 1 1 0 1 0 1 0 0 1 0 1 1 0 1 0 0 0 1 0 1 0 1 0 0 1 0 2 10 1 1 1 0 0 2 0 2 1 2 1 1 0 1 0 3 2 0 0 0 0 0 0 0 0 0 1 0 2 0 0 0 0 0 1 0 2 3 0 1 1 1 0 0 0 0 0 0 0 0 0 1 0 0
0 0 0 0 0 1 0 0 0 1 1 1 0 0 0 1 0 2 0 4 1 0 2 0 1 0 0 2 0 1 0 2 1 0 0 0 0 0 13 1 0 0 1 0 1 0 7 0 0 0 1 0 0 2 0 0 0 0 0 0 0 3 0 0 0 0 0 0 0 1 1 0 0 0 0 2 0 0 6 0 0 0 0 0 1 2 0 0 1 0 1 0 0 0 0 0 0 0 0 2
0 2 0 0 0 0 0 0 1 1 0 0 1 0 0 0 0 3 0 0 0 0 0 0 0 3 0 2 0 2 0 0 0 0 0 0 0 0 0 0 0 0 2 0 0 1 2 0 0 4 1 1 0 0 2 0 1 1 0 0 0 1 0 0 0 0 0 0 0 2 0 2 0 0 0 0 0 1 0 0 0 0 0 0 1 1 0 0 1 0 1 0 1 0 0 0 0 2 0 0
5 3 23 6 7 7 2 0 4 0 8 1 1 29 2 4 2 8 0 4 3 0 2 7 7 4 15 25 10 11 3 5 1 2 9 0 2 17 2 3 1 0 16 0 9 14 5 21 3 1 3 3 3 9 8 5 5 3 2 6 0 3 29 8 6 1 0 2 0 22 16 2 19 13 5 0 17 10 2 13 1 4 5 10 0 3 10 5 2 18 3 22 1 2 2 2 0 0 20 12
0 0 0 1 1 0 0 0 0 1 0 0 0 5 0 0 1 2 2 0 0 1 0 0 0 1 0 0 0 0 0 0 1 1 0 0 0 1 0 0 1 0 0 0 0 1 0 0 0 0 1 1 0 0 0 0 0 1 2 0 3 2 1 0 1 2 1 0 5 0 0 0 0 0 0 0 0 1 0 1 2 2 0 1 0 0 1 1 1 0 0 3 1 0 0 0 0 0 1 1
0 0 0 0 0 1 0 0 1 0 0 0 1 0 0 0 0 1 0 0 0 2 0 2 1 1 0 0 0 1 2 0 0 0 0 0 0 0 0 0 0 0 0 0 0 0 0 0 0 0 1 0 0 2 0 0 0 0 0 0 0 0 1 0 0 1 0 1 1 0 0 1 0 0 2 0 2 0 0 0 0 0 0 0 3 1 2 0 0 0 0 0 2 2 0 0 0 0 0 1
2 1 12 4 1 5 1 8 1 5 8 2 3 0 1 3 1 0 3 1 4 4 4 1 5 6 2 1 0 1 4 4 5 5 0 8 0 1 7 2 0 2 5 1 5 3 2 0 1 10 1 1 0 1 8 4 6 8 2 0 0 1 12 4 20 2 2 3 2 4 10 3 13 0 0 2 1 8 0 1 1 1 9 7 2 10 2 0 0 0 1 6 3 9 8 0 13 2 0 0
6 18 25 7 6 3 2 16 2 1 2 14 0 0 5 4 10 14 1 2 16 11 4 4 28 0 1 10 1 0 21 1 13 21 1 11 0 0 0 10 16 0 4 6 7 14 14 1 1 8 36 7 13 13 3 2 3 4 7 4 3 0 12 1 18 0 5 3 2 15 0 30 1 15 36 6 2 7 2 4 11 9 4 9 0 5 7 6 2 13 1 25 10 6 4 13 7 3 39 9
12 8 23 1 1 6 2 8 4 1 3 10 0 6 1 2 0 2 0 1 4 6 4 1 9 0 0 21 4 3 9 2 0 1 0 7 3 9 3 6 4 3 6 0 0 8 4 0 2 3 3 7 1 1 0 0 0 8 4 22 6 7 7 1 1 5 4 4 0 16 1 2 4 1 0 9 1 0 5 7 7 0 2 5 6 7 2 4 0 0 3 5 3 10 8 6 0 3 13 0
0 0 0 14 10 6 0 1 1 0 9 3 4 8 3 0 1 0 1 1 1 29 12 6 3 1 0 3 4 32 0 7 1 3 5 2 9 10 5 0 7 5 18 2 8 0 1 3 0 18 4 2 7 0 7 1 12 0 4 11 0 10 1 6 2 1 6 13 1 5 3 2 4 10 4 0 7 3 0 6 1 11 3 1 0 6 6 1 4 1 1 12 3 2 0 1 0 2 12 1
0 0 0 1 0 0 0 0 0 0 0 0 0 2 4 1 0 0 0 0 0 0 0 0 0 0 0 0 1 0 1 0 0 0 0 2 0 0 0 0 0 0 0 1 0 0 0 0 0 0 1 1 0 0 0 0 0 0 0 2 0 0 0 0 2 0 1 0 3 0 0 0 0 0 0 0 0 0 0 0 1 0 0 0 1 1 0 0 0 0 1 0 0 0 0 0 0 1 0 1
0 2 1 1 0 2 0 0 0 1 0 5 0 0 5 0 0 0 0 2 0 0 1 2 0 3 0 0 0 0 13 0 1 1 0 0 0 1 0 0 1 0 2 1 0 0 0 0 0 0 1 1 0 0 0 0 0 0 0 0 0 1 1 0 1 0 0 1 0 1 0 0 0 0 1 1 0 0 1 1 0 0 0 2 0 1 1 0 0 1 0 0 4 0 2 0 3 0 0 0
0 6 20 5 5 10 2 13 10 2 6 3 14 15 29 39 5 0 25 11 0 3 0 13 1 5 7 9 1 2 2 4 6 3 5 4 1 6 8 3 44 4 6 7 11 5 7 0 20 17 9 27 15 25 34 8 10 2 4 19 6 11 7 2 2 0 0 1 11 6 2 1 1 15 1 6 15 0 12 14 2 4 10 0 1 11 4 0 3 4 13 3 5 7 9 7 9 7 9 0
5 0 11 8 1 9 31 4 4 1 1 1 13 15 1 24 5 0 0 3 5 31 4 3 7 21 10 29 0 1 7 10 24 2 0 0 1 6 5 9 2 0 8 8 33 6 0 8 3 1 8 3 1 4 7 1 5 2 11 20 4 1 7 21 7 12 2 20 8 4 16 1 5 1 5 5 6 11 15 31 3 10 4 10 10 9 13 0 20 0 2 2 9 13 4 7 3 9 2 1
0 4 1 4 1 9 1 0 0 2 5 6 0 5 3 2 9 4 0 0 0 5 1 7 9 0 10 3 7 13 4 1 3 0 5 2 3 3 15 0 0 0 1 4 2 3 3 1 5 5 2 2 6 1 2 0 7 4 11 1 1 2 1 0 0 3 1 3 6 6 17 0 1 2 5 1 5 5 1 4 0 6 3 0 0 17 8 13 12 2 4 0 1 6 1 2 1 7 1 7
5 5 6 7 0 0 3 5 0 2 5 1 1 3 1 3 1 1 5 0 5 1 0 10 2 5 2 1 9 7 16 5 0 5 2 2 7 1 0 0 4 3 0 8 3 1 4 0 2 3 2 0 0 1 0 0 2 8 2 0 0 4 3 8 17 10 0 1 5 5 2 13 9 1 0 0 10 2 0 1 4 1 1 16 3 1 1 4 2 14 0 4 14 1 1 3 3 1 26 0
4 4 19 2 14 0 1 7 1 0 10 6 0 9 5 5 0 0 0 5 2 7 4 0 1 0 14 2 0 0 4 3 1 0 18 12 0 8 6 2 2 2 6 1 8 2 2 18 4 8 2 9 1 9 2 12 3 3 0 1 6 8 13 3 5 7 1 0 2 12 0 0 8 7 3 1 0 0 0 4 7 6 0 1 3 0 3 1 1 0 1 1 0 9 15 1 3 4 7 3
1 0 3 0 5 0 0 0 0 0 0 1 0 0 0 0 0 0 0 0 1 0 1 0 0 0 0 0 0 0 0 0 0 0 0 0 0 0 2 8 0 1 0 2 0 0 0 1 0 0 0 0 0 1 4 3 1 1 0 0 0 0 2 0 0 0 6 1 0 0 0 0 0 0 1 2 0 0 7 0 0 1 1 1 0 0 0 0 0 0 10 1 0 0 0 0 0 0 0 0
9 4 3 14 1 14 4 8 0 4 3 3 0 5 2 1 1 0 9 17 5 1 3 1 0 3 0 10 0 6 5 19 4 9 9 5 5 2 3 2 1 4 5 4 4 2 0 4 2 7 6 4 4 2 2 5 3 2 3 0 1 3 2 6 0 3 4 8 1 1 5 2 0 1 0 14 5 7 0 5 0 5 0 6 3 4 14 2 9 0 2 6 0 3 1 1 1 13 5 4
8 10 4 1 2 9 4 4 0 29 2 10 11 0 1 0 2 3 0 17 23 0 1 10 3 6 7 5 3 0 10 7 25 4 3 9 0 16 6 22 1 8 0 12 13 1 12 2 7 11 10 3 16 13 13 8 0 1 10 15 4 0 2 8 11 4 7 16 25 2 4 6 6 4 9 1 1 2 11 1 9 6 13 2 4 3 0 0 1 4 1 7 24 15 18 5 1 28 17 14
6 17 15 19 1 17 3 0 0 1 0 4 4 4 2 6 7 5 3 1 11 4 1 6 0 0 5 0 0 18 4 0 0 6 1 0 1 2 1 3 0 6 7 8 2 3 10 0 5 4 5 0 1 4 0 7 1 1 0 10 4 15 6 0 1 2 0 15 1 2 2 4 0 4 4 3 3 1 10 0 1 9 0 0 2 0 1 3 3 0 0 11 3 8 1 8 11 1 4 1
1 5 13 1 30 0 13 14 8 6 3 28 8 34 2 22 3 6 10 0 3 5 16 12 17 2 0 8 2 3 2 6 16 16 6 2 8 23 32 44 1 4 5 1 15 2 6 18 8 0 8 10 21 8 0 4 0 7 0 2 19 17 15 3 4 18 1 16 0 5 27 13 5 27 1 3 4 28 8 1 8 9 17 21 0 2 0 22 7 2 21 4 6 19 5 16 1 0 6 3
16 14 20 3 13 22 2 11 5 4 2 13 7 1 11 2 2 11 4 4 10 0 2 12 4 0 3 12 1 0 8 4 4 3 9 19 7 2 3 6 11 0 8 1 1 3 3 3 2 31 7 20 1 2 22 5 2 1 12 7 26 8 1 14 16 1 3 6 35 11 5 5 2 1 11 7 3 3 6 4 20 0 28 3 0 4 18 7 2 1 8 5 10 20 3 3 3 0 10 10
5 10 0 3 3 6 0 9 6 17 10 0 17 6 0 0 1 10 1 3 0 4 34 3 0 2 1 0 10 5 1 1 2 0 3 2 3 1 5 5 13 12 3 16 5 6 8 0 2 15 7 9 6 4 4 2 4 0 3 8 1 9 1 5 16 20 9 13 26 18 0 6 0 9 13 10 3 15 12 29 11 18 14 7 6 20 0 0 24 4 18 2 8 2 7 1 7 1 4 6
13 0 3 1 0 1 2 4 6 0 3 3 4 0 5 1 9 3 4 0 7 0 0 9 3 1 3 0 1 1 3 4 0 4 2 0 1 6 0 0 0 11 4 21 18 5 1 1 0 15 2 7 4 0 1 7 4 5 2 1 6 0 3 3 3 4 6 1 6 3 0 13 4 1 1 4 1 4 2 0 8 1 3 1 1 0 2 1 0 4 0 5 12 0 2 0 3 2 0 0
0 0 0 3 0 0 0 0 1 0 2 1 0 0 0 0 1 0 0 2 1 0 1 1 0 2 1 0 0 1 0 0 1 0 0 1 2 0 0 0 0 0 0 1 0 0 0 0 1 1 0 0 1 0 0 0 0 0 0 1 1 0 0 0 0 1 1 1 1 0 1 1 0 0 7 0 2 0 0 0 0 3 2 2 0 0 0 0 0 0 0 1 0 1 0 0 3 0 0 0
4 1 0 2 0 4 6 2 2 0 10 5 4 1 1 2 1 3 0 18 6 10 4 0 12 4 5 14 0 3 8 1 1 9 1 2 3 2 1 0 9 21 1 1 9 1 1 0 5 3 15 4 3 18 41 3 6 5 3 0 1 5 2 3 6 1 1 0 6 3 0 0 15 7 9 2 0 4 1 7 2 0 1 2 4 4 6 0 0 6 17 1 0 0 0 2 0 4 7 2
0 0 0 1 1 1 1 0 0 1 0 0 1 1 0 0 0 0 0 0 0 0 0 0 0 0 0 1 2 0 0 0 1 1 0 0 0 0 1 0 0 1 0 1 0 1 0 0 0 0 0 1 0 1 1 1 0 0 0 0 0 0 2 0 0 2 0 1 0 0 0 0 0 1 0 0 1 0 2 1 0 0 2 0 0 1 0 2 2 1 0 0 0 0 0 0 0 1 3 0
0 3 0 1 0 2 0 0 0 1 0 0 4 0 7 8 0 2 3 0 0 0 1 0 0 8 1 0 2 1 3 0 0 0 5 3 7 1 0 1 0 1 7 0 1 0 0 15 2 0 0 0 2 0 1 1 8 0 1 0 1 1 2 0 0 0 1 0 0 1 8 0 6 0 0 0 2 0 2 8 1 3 15 0 2 1 2 2 0 0 0 0 10 2 4 0 0 2 0 0
0 0 0 0 0 0 1 1 1 0 2 0 1 0 0 2 2 0 0 0 0 3 0 0 0 27 0 0 1 0 2 0 0 0 0 0 0 0 0 0 0 0 0 1 0 0 0 2 0 0 0 0 0 0 0 0 1 0 1 0 1 1 0 0 0 0 0 1 0 0 0 1 0 0 0 0 1 0 1 0 3 0 0 0 2 0 0 0 0 0 0 0 0 0 2 0 2 0 0 0
2 2 11 4 5 0 0 0 4 4 2 0 1 11 8 1 17 0 5 9 0 7 4 1 5 0 2 7 1 2 0 0 9 3 4 0 0 0 5 3 5 7 5 5 0 1 5 0 2 1 11 4 0 2 0 2 3 0 0 1 0 2 0 6 1 8 0 1 5 5 9 1 0 15 16 7 3 5 12 0 2 0 1 4 22 0 4 1 12 1 1 1 1 1 2 0 1 13 2 5
0 0 0 0 0 0 0 0 0 2 1 0 0 0 0 0 0 0 2 1 1 3 0 2 0 0 0 0 1 0 0 0 0 0 1 0 0 0 0 0 0 0 0 0 0 0 0 2 1 0 1 0 0 0 0 0 2 1 0 0 3 2 0 0 2 1 0 0 0 0 0 0 0 0 0 0 0 0 1 2 0 1 0 0 2 0 1 0 0 0 2 0 0 2 0 0 0 0 1 0
0 4 1 1 0 0 0 0 0 0 0 0 0 0 1 0 3 0 0 3 0 0 0 1 0 0 0 1 2 0 0 0 3 0 0 1 0 0 0 0 0 0 0 1 0 0 1 0 1 1 2 0 0 2 0 0 0 0 0 0 0 0 0 2 0 0 0 0 0 0 0 2 0 2 1 0 0 0 1 0 0 0 0 0 0 0 1 0 0 1 0 0 0 0 0 1 1 2 0 0
7 9 10 2 0 7 1 6 3 1 1 1 0 0 5 3 6 0 0 16 9 2 0 0 0 5 2 1 3 8 33 0 2 0 1 0 5 1 4 7 5 2 1 23 12 9 3 0 6 0 3 9 1 3 4 3 4 8 0 15 3 1 0 1 10 3 1 0 8 2 4 2 0 13 2 7 1 5 4 0 1 0 2 10 2 2 4 3 20 4 0 5 2 10 0 7 3 0 0 3
0 2 1 3 4 1 7 12 0 1 0 4 10 16 31 1 0 2 2 0 5 3 6 4 2 1 2 1 0 3 12 6 24 0 1 3 5 0 2 0 0 1 15 0 0 19 2 4 0 4 0 0 0 4 3 7 4 20 15 0 4 7 9 0 4 4 0 3 3 6 16 7 3 1 2 1 5 0 3 5 8 8 1 3 4 4 0 0 0 7 0 5 0 5 2 6 5 0 4 8
0 0 12 3 4 0 5 4 0 6 8 0 1 9 10 1 1 1 3 2 5 9 5 16 5 0 0 8 12 2 8 0 1 0 15 0 1 2 1 13 0 0 5 6 3 9 1 1 2 0 0 3 5 8 10 3 8 9 2 5 14 0 4 2 7 5 1 1 7 4 18 3 1 2 10 12 7 0 0 2 3 5 10 5 1 3 6 1 12 1 0 11 8 0 7 2 15 1 0 3
0 2 13 18 3 2 21 5 3 3 0 8 3 10 1 1 7 2 5 5 14 2 2 2 8 1 3 11 1 2 3 2 40 5 2 0 0 11 0 2 5 6 4 1 4 3 8 3 19 3 34 4 22 8 13 3 1 8 8 5 2 8 2 7 37 5 9 9 0 10 6 9 16 2 13 7 1 16 6 2 11 20 15 3 11 0 8 0 8 25 1 1 7 7 1 1 2 5 2 3
1 21 0 3 4 3 15 4 3 2 1 4 0 0 3 1 1 17 29 5 6 19 6 18 4 24 1 3 12 5 2 0 0 4 5 34 14 7 16 22 3 2 0 10 20 8 4 0 2 6 1 0 5 14 10 6 9 4 4 2 0 6 16 6 13 11 12 12 19 8 7 1 1 1 2 5 0 11 21 1 2 7 32 2 5 0 10 3 7 3 9 0 12 3 17 6 8 2 12 2
1 6 10 4 0 15 14 2 6 1 0 3 7 4 1 12 3 7 1 15 8 4 1 0 0 3 9 7 0 1 6 6 19 19 6 13 4 5 2 4 7 14 5 0 15 7 22 2 6 5 13 0 1 0 0 10 7 7 3 2 10 0 17 6 9 1 9 13 14 4 2 2 1 2 2 6 15 15 13 20 6 5 0 14 6 1 3 6 9 7 2 6 35 5 9 0 0 0 29 0
8 4 11 6 11 9 10 0 5 7 7 0 2 0 3 8 9 4 5 1 3 7 9 1 4 9 15 0 3 10 0 11 1 0 18 2 1 11 5 10 0 1 4 0 3 9 8 5 39 5 17 7 14 1 0 12 6 6 3 0 3 3 2 30 7 1 4 3 2 8 16 9 2 16 35 0 18 12 6 0 1 0 9 1 4 21 2 2 2 2 5 0 6 17 5 1 18 1 2 3
6 3 0 12 1 0 0 1 0 3 4 2 13 5 1 2 4 1 5 7 1 2 0 0 0 6 17 0 4 1 4 0 3 9 0 0 2 9 0 17 2 2 0 3 0 3 0 2 4 2 0 1 4 3 0 1 2 3 2 14 1 2 5 0 6 1 5 7 0 3 1 5 2 2 1 0 1 12 9 4 9 0 3 1 4 2 0 4 2 4 7 1 3 6 4 0 0 2 7 7
11 52 10 15 12 0 0 8 15 2 40 11 13 0 3 0 4 10 5 0 4 8 5 1 21 22 3 8 6 37 11 6 0 0 20 4 5 2 2 3 8 3 0 6 17 18 0 10 6 13 9 4 5 2 6 0 1 16 6 4 2 2 8 9 18 7 7 4 14 9 1 2 18 0 23 12 11 2 2 1 39 5 3 6 4 9 0 8 2 0 0 1 8 14 7 10 24 3 18 4
2 0 0 0 0 0 0 0 2 0 0 1 0 1 0 0 0 1 0 0 0 0 0 3 0 0 0 0 1 0 0 0 0 1 0 0 0 0 0 0 0 0 0 1 4 0 0 0 0 0 1 0 0 0 2 0 0 0 0 0 1 1 0 0 0 0 0 0 0 0 0 0 0 0 0 0 0 0 0 2 0 1 2 0 0 7 0 1 1 0 0 2 1 0 1 0 1 2 0 2
1 1 3 0 0 0 0 1 0 0 1 0 0 0 0 0 0 0 1 1 2 0 0 1 19 1 0 0 0 0 0 0 0 1 0 0 0 0 1 0 3 0 0 1 0 0 0 0 1 1 0 0 0 0 1 0 0 0 0 0 0 0 0 0 0 1 0 0 0 0 0 0 0 1 0 0 0 1 2 0 0 0 0 1 1 0 0 1 1 1 0 0 1 0 1 0 0 0 0 0
1 0 1 1 1 0 0 1 0 0 0 1 0 1 1 0 1 0 1 0 0 0 1 1 2 0 0 2 0 1 0 0 0 0 1 0 0 0 0 1 0 0 0 0 1 0 0 3 0 0 2 1 1 1 0 0 3 0 0 1 0 0 0 0 0 2 1 0 0 0 0 0 1 0 1 0 1 6 0 0 1 2 0 0 3 1 0 1 0 0 0 0 0 0 0 1 0 1 0 0
16 2 0 33 5 3 8 5 0 4 8 9 35 2 4 9 7 3 9 1 11 7 13 5 22 1 0 0 5 0 0 0 2 1 2 1 6 21 0 13 1 2 0 2 3 1 15 6 1 7 2 10 0 11 4 4 2 2 16 3 6 8 7 1 2 4 3 1 38 4 1 5 2 0 1 10 2 1 3 1 5 2 1 7 4 4 9 1 5 11 18 6 4 0 1 3 8 5 8 0
0 4 7 2 1 2 0 11 7 20 2 5 2 8 1 12 1 15 1 1 2 0 5 2 7 10 16 5 2 10 5 3 3 6 6 0 3 0 2 12 3 0 0 4 3 8 10 16 0 0 3 1 1 1 3 0 0 3 2 1 6 0 0 0 7 1 9 0 1 0 12 0 2 0 2 1 2 3 1 2 4 1 2 2 3 1 0 12 0 5 0 5 1 2 3 3 0 1 0 3
0 0 0 2 0 0 0 1 0 0 0 1 1 1 3 0 1 1 0 0 0 0 0 0 0 1 0 2 1 1 0 0 0 0 1 0 1 4 0 0 0 0 1 0 1 2 2 0 1 0 2 0 0 0 2 0 0 0 1 1 0 0 0 1 0 0 1 0 0 0 0 1 7 0 0 0 0 0 0 0 0 0 0 1 0 0 0 0 0 0 0 0 0 0 4 0 0 0 0 0
6 9 3 0 11 3 2 3 5 2 1 0 2 1 9 9 0 3 2 2 3 7 5 0 0 4 0 0 5 0 6 1 1 8 0 0 5 2 14 1 2 2 5 1 1 8 11 3 20 4 4 0 7 5 5 10 20 2 8 0 7 1 15 1 3 9 2 1 1 2 15 3 4 0 1 2 7 14 0 3 3 0 10 0 6 2 5 2 10 0 0 2 0 5 0 0 7 4 7 4
0 0 0 0 0 0 1 0 0 1 1 0 0 0 1 0 0 4 0 1 3 0 0 0 2 1 0 0 0 2 1 1 0 0 0 0 1 1 0 0 0 0 0 1 0 0 0 0 0 0 0 1 1 0 1 1 0 0 0 1 0 0 0 0 0 0 0 1 0 0 0 0 0 1 0 0 1 0 0 0 0 1 0 0 2 0 1 13 0 0 0 0 0 1 0 0 0 0 0 0
0 1 0 1 0 0 1 0 0 0 0 0 0 1 1 0 2 0 0 0 0 1 0 0 0 1 0 2 0 0 1 0 1 2 0 1 0 0 1 2 0 1 0 0 3 0 0 0 2 1 0 0 1 1 0 0 1 0 1 0 0 1 0 0 1 0 0 0 1 0 0 2 3 1 1 2 0 0 0 0 0 0 2 0 0 0 0 2 0 0 1 1 0 0 0 0 0 2 0 0
19 10 9 0 2 3 5 1 4 5 4 9 18 2 1 0 14 11 2 14 2 2 0 1 19 0 1 14 4 7 4 12 18 2 13 2 2 4 3 10 12 5 12 4 7 5 4 8 0 21 1 3 22 7 6 21 2 16 0 3 0 2 3 8 3 0 1 1 5 0 1 15 32 3 6 3 18 10 8 3 4 0 26 3 1 14 4 5 5 27 28 6 2 11 3 2 11 0 9 3
2 0 7 2 1 0 26 8 0 2 2 12 15 0 3 9 4 1 2 2 0 10 0 5 2 1 3 0 2 5 2 13 2 2 8 3 0 1 2 0 3 0 4 1 3 1 4 1 3 0 0 11 4 5 0 7 3 1 10 0 0 2 2 6 2 0 3 9 11 0 1 3 2 0 4 2 2 5 1 0 4 2 2 1 0 3 8 2 0 0 2 6 0 11 0 1 8 7 3 0
0 3 0 16 3 6 3 15 22 2 2 1 0 2 1 4 13 6 2 23 1 1 17 8 51 8 6 2 2 2 33 6 4 4 0 33 1 0 5 6 16 11 9 4 9 0 0 21 2 19 14 13 5 2 11 17 4 7 6 2 27 2 12 2 8 12 32 2 7 29 7 10 8 14 1 10 0 0 2 13 0 18 4 11 23 4 1 0 2 2 1 0 9 16 7 32 3 26 9 1
26 3 6 7 5 17 15 3 1 14 0 1 2 3 3 1 3 21 10 16 4 2 14 4 6 0 17 4 0 40 1 1 22 1 2 1 0 5 4 1 16 0 1 0 12 0 3 4 2 6 0 3 20 33 1 18 17 4 1 1 1 3 22 1 12 26 20 8 2 6 14 21 6 0 0 6 2 13 11 4 15 8 0 10 3 19 1 3 12 1 11 1 8 8 6 10 3 4 0 1
