0 1 0 1 0 2 0 0 0 0 0 0 0 0 0 0 0 0 0 1 0 2 1 2 0 0 0 0 0 0 1 0 0 1 0 0 0 1 0 0 1 0 0 0 0 0 0 0 1 1 0 0 0 0 0 0 0 0 0 2 2 0 0 1 0 0 1 0 1 1 1 0 0 0 1 2 0 1 0 0 4 1 2 0 0 2 0 0 0 0 0 0 0 0 0 0 0 1 0 0
0 0 0 0 1 1 0 0 0 0 0 1 0 3 1 0 2 1 0 1 1 1 0 0 0 0 0 0 1 0 0 0 1 0 0 0 0 0 0 0 0 0 0 0 0 0 0 1 0 2 0 1 1 1 1 1 0 1 0 0 0 0 0 1 0 2 0 0 0 8 1 1 1 1 0 0 0 0 0 0 0 0 0 1 0 1 4 0 0 0 0 0 1 0 0 0 1 1 0 2
6 11 4 1 0 2 12 1 10 2 5 2 4 5 13 3 2 0 0 3 14 15 1 0 0 0 0 1 4 8 21 4 23 3 5 15 8 0 2 10 0 4 4 6 2 7 0 1 13 6 2 2 5 4 4 0 18 5 7 18 2 24 0 2 8 1 13 13 6 3 4 0 5 3 4 0 0 1 3 3 0 2 0 0 1 16 0 9 1 0 5 0 8 1 6 2 2 5 9 6
4 0 0 8 2 2 3 0 0 0 0 4 6 2 6 2 2 0 0 7 3 0 8 1 11 2 0 1 1 10 2 8 7 3 3 4 17 0 3 3 1 1 2 0 12 0 3 5 2 2 0 8 8 1 2 0 1 8 1 19 1 19 6 2 8 2 0 0 0 2 10 6 0 8 0 1 2 23 10 0 1 11 7 4 1 4 1 9 1 0 8 16 3 1 0 1 0 7 3 20
9 0 6 6 6 0 8 23 0 0 4 13 0 6 18 4 0 14 3 10 10 0 0 0 8 4 3 10 7 8 3 22 2 6 1 20 2 22 21 7 12 8 3 4 1 11 36 0 15 2 0 1 8 4 14 5 2 10 1 14 9 12 7 6 2 19 9 0 3 5 9 11 3 4 1 3 18 3 15 2 24 11 2 32 6 7 3 12 15 1 0 3 3 4 0 4 6 4 5 27
0 1 2 31 2 0 5 5 16 22 14 3 5 1 7 1 9 9 1 17 13 19 47 2 26 6 2 12 4 7 4 4 3 3 1 10 23 11 17 1 8 2 6 3 0 1 9 12 3 0 0 8 17 6 45 0 1 9 15 3 5 15 5 1 3 7 0 0 19 25 7 1 2 17 19 3 0 7 6 10 10 1 1 1 4 1 9 3 9 17 6 5 5 28 0 0 22 11 0 12
0 6 7 9 8 0 9 39 15 2 2 3 15 7 0 14 2 2 21 18 2 2 3 12 0 12 2 6 1 17 17 19 2 28 18 0 12 2 2 0 6 1 0 4 3 22 34 6 11 1 7 19 4 11 10 0 13 2 1 4 0 0 25 0 0 0 11 7 14 8 5 9 0 8 3 22 0 0 20 6 15 11 1 8 9 1 13 3 0 0 1 0 1 4 0 7 1 6 5 6
4 12 5 3 0 2 6 1 3 0 7 3 1 9 2 3 0 0 0 2 6 4 8 0 1 2 19 11 5 1 3 3 0 6 5 5 2 7 0 0 0 10 3 1 2 5 8 3 5 8 5 6 3 1 4 3 2 5 9 8 5 0 1 11 18 0 3 1 0 10 0 2 7 26 9 4 16 13 4 10 1 1 0 3 4 0 1 10 0 4 4 4 7 1 6 1 4 3 1 1
1 0 0 0 0 0 0 0 0 2 0 0 1 0 0 1 0 0 0 0 0 0 2 0 0 1 1 3 1 0 0 0 0 0 0 2 0 0 0 1 1 1 0 0 1 0 0 0 0 2 3 0 1 0 0 0 0 5 0 0 0 0 0 0 0 0 1 0 0 1 15 0 0 0 0 1 1 0 0 2 2 0 0 2 2 0 0 0 1 1 0 0 0 2 0 0 0 2 1 0
1 3 3 10 0 12 0 4 0 4 0 3 14 1 10 0 5 9 10 2 1 2 7 7 5 1 0 10 3 10 0 3 3 0 19 0 9 6 6 0 0 0 2 1 0 1 1 2 0 3 8 0 0 0 3 3 1 2 15 1 5 0 2 2 0 5 0 1 0 7 10 1 1 4 2 2 1 0 0 14 0 12 3 3 3 0 0 4 0 0 0 4 3 5 4 2 5 6 3 1
0 4 2 2 4 3 14 6 19 8 1 2 0 1 4 7 4 7 3 7 4 6 0 23 18 0 2 1 1 12 3 4 4 24 8 6 12 18 6 2 18 2 11 1 3 7 1 0 0 15 0 0 0 27 9 16 5 3 1 11 24 0 20 28 1 14 2 9 21 2 0 10 3 3 20 2 8 8 6 24 6 5 1 14 5 12 15 8 0 2 4 4 4 0 0 6 13 4 4 0
6 3 0 4 0 1 3 2 3 5 2 3 0 9 11 5 4 31 18 4 0 0 3 10 0 11 0 0 0 3 4 9 0 0 1 2 11 1 4 5 11 1 14 8 9 2 0 3 9 3 2 19 5 2 12 28 1 0 2 14 3 3 0 5 6 2 9 6 5 1 7 4 6 8 1 2 3 19 4 0 8 3 0 6 4 0 0 9 18 2 9 3 11 2 1 6 23 5 2 0
11 1 12 1 1 3 15 1 7 7 0 11 0 1 3 31 3 5 0 4 2 0 0 8 10 4 0 20 3 1 3 1 9 2 0 2 1 9 1 4 8 4 1 0 3 1 6 1 1 6 5 6 1 9 2 2 5 5 2 5 4 0 1 5 0 8 4 4 0 0 0 7 2 15 5 0 1 3 1 6 6 1 23 7 4 3 2 13 4 2 8 9 0 2 4 0 3 12 1 1
0 3 8 19 5 7 1 0 3 24 37 0 16 14 9 19 19 9 7 5 3 11 3 40 5 6 9 16 24 17 2 5 7 3 27 4 2 6 23 8 3 1 5 9 10 5 0 1 6 1 0 0 2 25 3 15 4 7 13 0 11 9 12 1 9 11 10 17 15 4 14 2 0 6 9 18 2 22 19 16 0 15 2 5 1 3 0 5 2 31 2 4 8 0 5 8 25 3 8 18
18 9 7 19 25 6 22 0 4 1 1 2 1 4 10 8 10 2 5 0 23 2 1 0 6 4 11 24 1 12 1 12 4 0 11 25 2 6 3 11 8 0 2 3 9 21 4 0 1 5 11 6 7 5 6 3 4 25 2 4 0 8 1 0 27 4 1 23 0 1 11 29 1 11 10 3 10 11 8 12 3 1 3 3 10 43 2 3 10 10 3 3 12 5 0 7 3 16 5 0
1 0 0 0 0 0 0 1 0 1 0 3 0 2 0 0 0 2 0 0 0 0 0 1 0 0 0 2 1 0 1 0 0 0 0 0 0 0 2 0 0 0 0 1 0 1 0 0 1 0 1 0 1 0 1 0 0 0 0 0 1 0 0 0 2 0 0 1 0 0 0 1 2 0 2 0 0 0 0 0 0 0 1 1 0 0 0 0 0 0 1 0 0 0 0 0 0 0 0 1
2 15 0 2 5 1 31 6 3 0 11 4 22 1 5 19 2 7 5 1 12 1 1 19 9 0 1 1 0 13 4 27 13 0 0 2 1 3 2 2 9 2 2 5 13 6 10 12 2 16 3 36 10 5 2 3 2 8 8 3 32 15 6 0 1 17 6 6 19 1 0 23 5 0 6 5 5 7 6 3 4 12 0 13 18 6 11 0 28 4 2 5 9 13 6 0 1 10 2 30
0 2 7 46 0 14 10 9 1 7 0 5 0 5 1 5 5 1 0 7 15 8 6 0 1 1 1 0 6 11 8 5 2 5 3 2 0 2 0 6 7 7 4 3 3 0 15 2 0 7 5 14 4 4 1 10 0 4 0 0 2 1 3 1 10 10 15 8 2 11 1 2 4 5 0 0 3 2 3 2 1 2 0 8 3 1 1 3 3 5 0 4 5 2 1 5 15 1 6 4
8 5 4 9 7 5 2 18 3 17 2 5 5 7 5 4 16 11 7 11 3 2 7 7 2 20 5 19 3 10 12 0 1 34 4 10 23 1 3 20 3 3 0 26 9 26 10 12 0 1 13 0 1 12 12 2 0 28 2 14 18 18 3 0 18 35 6 8 6 1 2 27 4 6 2 7 6 15 5 1 11 5 5 16 15 4 10 9 8 5 3 4 3 7 22 5 2 11 0 2
0 1 6 6 9 12 2 4 9 0 26 0 8 17 2 23 8 5 7 4 2 10 1 0 1 5 1 11 2 1 0 9 36 4 9 12 0 1 2 2 0 7 1 5 2 3 5 1 0 0 4 6 16 2 10 2 12 18 2 3 10 2 2 4 2 7 11 2 10 2 3 8 18 2 5 6 7 5 2 0 7 12 4 20 5 0 6 1 1 15 0 0 8 3 14 13 17 11 2 1
2 1 2 0 0 0 0 0 1 0 1 0 1 1 1 2 1 0 1 0 1 12 0 0 4 1 0 14 0 0 2 0 6 0 0 0 1 0 1 0 2 0 0 0 0 1 2 0 2 0 0 0 1 0 0 2 12 0 0 1 0 2 0 0 1 0 0 10 0 0 0 0 0 0 0 0 1 0 1 2 1 0 1 2 0 0 0 0 3 0 9 0 0 0 1 0 1 0 0 1
0 0 0 2 0 0 1 0 0 0 0 1 1 0 1 0 2 5 0 3 2 0 0 1 1 1 0 1 0 0 0 0 0 0 0 0 0 0 0 0 0 1 0 0 0 1 1 0 0 0 2 0 0 0 0 0 0 0 0 0 0 0 0 0 0 0 0 0 1 0 0 1 0 3 4 0 0 0 2 0 0 4 0 0 0 0 0 0 0 0 0 0 0 4 0 0 1 2 1 0
2 0 3 4 12 2 9 5 0 1 7 0 2 3 7 5 1 8 4 12 2 9 1 4 1 13 1 16 0 1 0 6 4 0 0 10 7 0 8 3 7 12 3 2 9 2 1 1 0 21 3 7 0 1 6 0 2 4 7 8 0 6 15 4 9 4 4 6 11 0 7 9 0 0 11 4 16 1 11 2 1 20 6 1 2 6 4 0 3 4 5 26 0 1 2 6 4 4 1 4
2 7 3 0 2 2 4 0 24 0 8 11 1 3 11 2 8 3 7 9 3 9 2 7 0 7 13 7 7 0 8 6 0 1 3 4 5 1 3 15 5 0 0 2 2 2 1 0 5 0 6 1 11 0 4 0 17 0 6 11 4 9 8 9 7 0 4 9 6 12 17 9 1 4 1 0 5 4 2 11 1 0 2 8 12 11 0 0 6 3 1 1 2 3 0 16 7 1 1 7
6 5 2 0 3 0 24 2 1 2 11 11 13 0 5 0 2 3 11 4 0 1 12 0 4 10 5 12 6 6 2 0 0 4 24 0 4 3 0 3 1 10 0 6 19 2 9 14 8 3 5 5 2 3 1 3 0 3 4 6 0 7 3 4 1 7 6 0 1 17 4 5 17 1 10 53 0 31 4 0 1 1 6 5 6 2 27 0 1 0 5 26 2 11 1 5 2 2 3 2
5 17 0 6 9 11 20 0 5 9 2 21 8 4 0 6 13 5 17 5 0 10 6 6 4 33 5 3 4 3 7 5 3 6 5 39 10 0 6 2 10 17 12 5 0 2 8 10 1 4 2 7 0 20 23 1 9 5 6 1 10 6 4 10 2 0 19 2 8 11 5 3 12 12 12 3 6 17 7 0 8 16 0 12 0 10 5 0 0 19 1 1 13 5 7 5 3 0 11 6
1 0 7 8 6 0 3 0 6 0 4 0 5 3 4 3 3 0 1 1 3 4 2 2 4 2 1 19 20 0 2 0 0 3 5 5 1 1 0 10 5 0 2 0 6 0 2 1 5 6 0 4 0 3 4 2 3 6 0 0 6 0 0 17 0 3 11 9 10 3 0 2 0 15 0 1 0 12 3 0 1 6 5 5 2 3 0 10 5 4 5 3 1 0 5 4 2 2 10 1
10 7 10 13 26 4 1 0 3 8 3 0 2 2 7 0 4 7 18 1 9 10 0 2 7 64 22 24 1 14 22 1 5 7 21 9 5 3 5 1 3 3 3 5 12 2 4 15 7 10 1 14 6 0 3 13 7 3 0 15 12 17 2 23 9 2 8 3 0 19 17 3 6 4 15 2 3 5 18 12 5 5 9 4 7 9 4 18 4 1 7 41 6 9 0 16 3 6 0 0
1 0 1 0 0 3 0 0 0 0 0 0 1 1 1 1 0 0 0 0 1 10 2 0 0 0 2 11 0 0 12 1 0 0 0 0 17 0 1 10 2 0 0 0 0 0 0 0 9 0 0 0 1 0 1 0 0 0 0 0 0 3 0 0 0 1 0 4 2 0 0 0 0 2 1 1 1 0 4 0 0 1 0 0 1 0 0 1 0 3 1 6 5 0 1 0 0 0 0 0
7 5 3 8 11 1 0 27 5 21 10 11 17 25 17 14 0 2 1 1 13 2 9 1 5 0 2 1 3 8 0 1 0 9 2 44 3 11 0 7 7 0 2 0 0 36 0 4 3 5 8 0 4 1 9 6 0 2 8 1 17 9 4 7 3 5 6 3 1 1 2 7 20 4 28 5 4 14 4 3 1 1 7 14 20 1 19 1 3 6 5 21 1 0 4 2 11 8 11 5
17 4 13 0 0 18 23 16 55 7 3 14 6 0 0 0 2 26 17 30 3 8 29 4 7 6 20 8 0 5 1 9 9 16 0 15 14 8 29 12 1 23 21 1 0 11 10 0 3 3 3 2 0 33 16 16 2 3 12 3 7 2 3 15 6 2 2 5 2 6 3 8 10 4 0 8 1 4 17 3 6 3 4 22 2 12 0 0 14 14 4 3 10 1 6 33 11 7 20 6
0 0 0 0 1 0 1 0 1 0 0 0 0 0 1 0 1 0 0 0 0 0 0 0 0 5 0 0 0 0 0 1 1 0 0 0 0 1 2 1 0 0 0 2 0 0 0 0 0 18 1 1 1 4 0 0 1 0 0 2 0 0 1 0 0 0 6 1 0 0 0 0 0 2 0 0 1 3 0 2 0 0 0 0 0 1 2 0 2 2 0 0 0 1 0 0 1 0 0 0
3 0 10 7 2 2 3 14 5 4 8 17 2 3 7 12 0 1 13 0 13 17 4 6 2 11 0 11 16 0 10 2 4 9 4 8 2 7 5 11 19 4 4 4 2 10 4 11 0 10 1 0 5 3 4 9 0 2 35 3 12 2 2 18 2 1 29 0 17 0 22 1 32 28 4 8 3 1 4 4 45 3 0 10 3 2 6 20 0 13 3 0 15 13 3 5 8 1 9 2
0 0 0 1 1 0 3 1 0 1 0 0 1 0 0 1 1 13 0 2 0 1 1 0 0 0 0 0 1 1 2 0 0 0 1 1 0 0 0 0 0 0 0 0 0 1 0 1 0 0 0 0 0 0 0 1 2 0 3 0 1 0 0 0 0 0 0 0 1 0 0 0 0 1 1 0 1 0 0 0 0 0 0 0 4 0 2 1 0 0 0 0 0 0 0 0 0 1 1 0
3 12 7 5 0 0 2 7 23 12 12 15 0 7 6 0 4 0 2 2 2 3 4 31 15 17 2 2 12 4 0 1 3 1 5 0 8 10 7 41 4 6 7 6 8 1 7 2 0 10 8 2 19 4 1 18 0 4 18 9 5 0 0 9 7 1 5 19 16 57 3 17 1 2 0 11 7 8 2 0 4 2 7 10 10 13 2 2 35 7 2 30 14 5 15 7 11 6 11 1
0 0 0 0 2 0 0 2 0 0 0 1 0 1 0 1 0 1 0 2 0 0 1 0 2 5 0 0 1 1 0 0 3 0 0 0 0 0 1 0 0 0 0 0 0 0 0 0 0 2 0 0 0 0 0 0 1 0 0 3 1 0 0 0 0 0 0 0 0 0 0 0 0 3 0 0 0 0 0 0 0 0 0 0 0 1 0 2 1 0 0 0 0 0 0 0 0 0 0 0
1 3 6 17 4 1 8 3 2 8 11 12 7 4 1 3 8 15 4 1 9 1 1 1 4 5 2 3 3 10 0 24 2 2 13 8 1 12 13 0 5 5 2 1 1 7 2 2 4 17 4 0 12 0 6 4 6 13 2 1 10 3 9 0 2 3 19 3 0 5 3 0 20 23 27 20 1 5 1 2 0 5 4 0 6 2 0 1 5 3 0 2 0 10 9 11 4 1 0 0
1 0 0 1 0 1 1 0 0 0 0 0 0 0 0 0 0 3 0 0 0 3 0 0 0 1 1 0 0 0 1 1 1 1 1 1 0 0 1 0 0 0 1 0 0 1 0 0 0 0 2 0 0 0 2 0 0 0 0 0 0 0 0 1 1 0 0 0 0 0 0 1 0 1 2 1 2 0 0 0 1 0 0 0 0 0 0 1 0 0 0 0 1 2 2 0 0 0 0 2
0 0 0 0 0 0 1 2 1 0 1 0 0 1 0 0 0 1 0 0 0 0 0 0 0 0 1 1 1 0 1 0 1 0 0 1 1 0 1 0 0 0 0 0 0 0 1 0 0 0 0 1 0 0 0 0 0 0 0 0 0 1 0 3 1 0 0 1 0 0 0 1 0 23 0 0 0 2 0 0 0 1 3 0 0 0 0 0 0 1 2 0 1 5 0 0 1 0 0 0
1 3 5 0 1 0 5 7 0 1 0 1 1 3 0 2 3 7 6 0 1 0 5 7 0 5 2 0 3 0 1 6 0 3 2 4 0 1 5 0 1 0 0 0 2 5 0 0 0 0 2 7 0 0 0 0 0 4 4 0 12 0 4 6 0 9 4 0 12 0 9 1 3 3 3 1 0 4 0 1 2 1 0 3 2 0 0 0 0 0 0 1 0 13 1 1 6 19 2 4
0 0 0 0 0 0 0 0 0 0 1 1 0 1 0 0 0 0 0 0 0 0 1 0 3 0 0 1 0 1 1 1 1 0 0 0 2 0 0 1 0 0 0 2 0 0 0 0 0 0 2 0 0 2 0 0 0 0 2 0 0 0 0 0 1 0 0 1 3 0 0 0 0 0 0 0 0 0 0 1 0 0 0 1 1 1 1 0 0 0 0 0 0 0 0 0 0 0 0 0
1 10 4 4 1 3 7 7 5 13 6 4 3 10 8 1 0 6 4 2 6 1 0 0 1 2 0 6 0 0 6 12 1 5 0 1 0 9 5 0 12 6 1 6 1 0 0 4 3 3 7 8 3 1 14 6 1 2 2 7 0 1 2 9 3 10 17 8 1 5 0 0 3 20 0 6 5 6 15 5 0 0 8 2 1 3 0 0 4 6 0 1 0 3 0 0 6 7 2 0
6 3 0 11 15 1 1 6 1 1 0 17 2 1 2 27 9 1 10 9 3 15 4 8 2 2 0 4 2 15 0 0 17 1 10 14 16 0 7 0 8 0 9 8 5 10 15 11 3 8 0 4 2 20 9 9 0 11 3 5 24 1 1 7 1 13 26 18 2 7 1 4 0 8 2 18 27 0 2 3 22 4 9 2 0 8 4 0 1 6 8 0 11 8 6 12 17 0 5 3
1 1 1 1 8 6 7 7 0 3 0 4 3 4 14 4 2 4 2 2 3 5 2 0 6 0 10 0 7 8 13 0 4 0 2 4 11 1 2 2 5 2 1 2 0 4 2 2 0 1 1 6 1 4 4 9 0 3 3 10 1 1 0 4 1 3 9 1 0 5 3 1 0 15 3 0 1 1 1 1 2 10 9 12 2 2 3 0 1 2 9 5 19 5 5 0 2 1 1 23
0 0 0 0 0 0 0 0 0 3 5 1 0 1 0 0 0 0 1 0 0 0 0 0 0 9 3 0 0 0 2 0 0 0 20 0 0 6 0 0 3 0 0 0 0 0 0 1 0 0 0 0 0 0 1 0 0 0 0 0 0 1 0 0 1 0 2 0 0 0 1 1 0 2 0 0 0 0 0 1 0 1 2 1 1 0 0 0 0 1 0 1 0 0 0 0 0 0 0 1
0 17 2 8 3 9 2 4 0 10 5 8 3 11 2 37 8 34 12 34 17 2 31 1 0 4 1 4 21 10 9 11 10 3 5 0 15 5 11 23 7 7 0 15 3 4 7 0 1 0 0 14 10 0 1 7 1 20 16 22 14 12 27 2 4 13 5 1 10 2 14 24 1 19 5 10 1 12 0 7 2 0 3 2 12 1 4 2 5 2 5 3 3 5 2 8 20 4 7 3
1 0 0 0 0 0 0 0 0 0 0 0 0 0 0 0 0 0 1 1 1 0 1 0 1 0 3 0 1 0 0 0 0 0 0 1 0 0 0 1 1 0 0 0 0 0 0 1 2 0 0 1 0 0 0 0 0 0 0 0 0 0 0 1 0 0 0 0 0 4 3 0 0 0 0 0 1 4 1 0 0 0 1 0 0 1 0 0 0 0 0 1 0 0 0 0 0 0 1 1
19 0 3 11 7 5 10 2 6 11 5 15 1 6 37 13 1 2 0 5 11 11 7 0 11 0 10 0 2 3 5 27 4 12 0 1 5 23 1 10 15 5 22 1 0 2 0 9 1 0 8 0 3 7 5 19 2 0 7 2 21 0 6 0 54 3 1 2 8 18 8 3 0 0 1 1 40 21 13 6 4 2 10 5 1 3 5 0 18 3 5 4 10 10 7 8 3 5 20 10
0 0 0 1 0 0 2 0 0 0 0 0 0 0 0 1 1 0 1 1 0 0 0 1 0 8 0 0 0 0 0 0 0 2 1 0 1 0 0 3 1 0 1 0 0 0 2 0 0 7 0 1 1 1 1 0 0 0 0 0 1 1 0 2 1 0 0 1 0 0 1 0 0 3 1 0 2 0 0 1 0 1 0 0 0 0 0 3 0 0 0 0 0 1 1 0 0 0 4 0
16 19 29 3 21 9 0 2 11 2 3 4 1 3 9 13 4 17 11 32 18 1 25 28 5 9 4 1 20 0 1 8 4 1 11 13 1 5 22 8 4 6 0 0 1 24 1 40 13 20 15 14 7 13 4 1 6 0 5 12 8 14 2 12 3 3 5 21 5 8 23 8 5 10 5 5 15 13 0 20 12 14 1 5 8 3 10 4 22 13 5 3 17 5 4 13 33 5 17 3
8 4 12 11 9 5 13 6 6 16 17 2 9 11 16 3 6 1 15 5 16 1 4 6 21 6 1 11 7 8 2 1 4 2 5 1 12 3 2 3 7 3 8 4 8 5 4 5 49 7 22 8 3 2 9 1 4 0 9 0 9 1 1 5 6 24 2 3 9 0 4 4 16 28 4 15 1 14 1 1 1 11 9 1 1 1 1 15 1 2 16 2 6 7 4 13 19 5 9 11
0 0 1 0 0 0 0 0 0 0 2 0 0 7 1 0 0 0 0 0 0 0 1 0 1 1 1 0 2 0 0 0 0 0 1 1 1 4 0 1 0 0 1 0 0 0 0 2 0 7 0 0 0 0 0 0 1 0 1 0 1 0 1 1 0 0 0 1 0 0 0 1 0 3 2 0 0 1 0 0 0 0 0 0 0 0 5 0 0 1 0 0 0 2 0 1 1 0 0 0
0 5 6 2 8 9 4 2 6 3 10 15 0 6 4 3 8 0 2 1 1 8 1 13 5 4 1 0 4 1 1 2 1 4 3 1 2 13 5 7 6 21 2 0 10 4 3 0 0 10 4 1 1 1 4 9 1 6 2 12 9 1 5 1 22 3 12 14 3 2 7 0 3 0 3 1 3 0 13 1 14 1 0 5 1 10 3 11 3 0 8 2 5 5 0 1 4 0 3 4
2 1 0 1 4 1 0 1 3 13 0 4 1 0 0 6 0 0 0 0 23 0 4 25 4 3 4 0 7 11 8 9 3 1 7 2 0 3 8 9 0 5 4 2 10 0 4 11 0 1 3 2 0 3 2 1 2 4 9 16 2 3 2 2 1 1 15 4 14 1 1 7 0 1 7 2 9 0 5 2 2 0 2 5 4 5 15 12 3 1 1 1 2 1 1 7 9 18 8 0
1 3 2 1 4 1 0 1 3 12 2 3 10 6 1 1 2 3 7 4 1 0 0 7 0 3 2 9 0 5 4 0 3 0 3 0 1 13 0 0 0 2 0 1 12 3 4 0 6 2 0 17 0 1 4 0 11 3 12 9 1 4 21 11 3 1 1 1 2 2 7 0 7 0 5 5 0 2 0 4 6 11 3 3 7 0 7 10 10 3 1 1 4 0 2 2 2 0 2 2
16 5 7 22 16 0 1 24 0 7 0 4 10 5 2 6 3 14 2 3 5 2 23 5 2 1 2 12 3 8 10 10 10 3 19 6 6 2 8 2 7 10 18 2 9 11 4 4 5 10 42 0 5 1 4 0 3 9 6 0 4 4 21 0 3 10 5 7 4 12 0 0 16 22 24 6 6 4 0 25 9 3 9 7 1 16 9 4 4 3 2 7 0 5 1 9 17 4 1 8
6 0 8 0 4 2 10 1 5 1 8 0 1 5 2 2 3 0 2 1 0 8 4 0 4 4 2 2 11 0 9 2 3 0 1 5 0 10 1 2 0 1 17 1 6 0 4 2 11 7 0 2 3 9 7 0 5 1 2 0 2 2 3 2 7 1 4 7 4 4 12 0 6 9 0 3 7 8 5 4 4 4 18 0 7 2 8 20 6 2 7 2 1 6 6 4 1 2 7 0
0 8 0 3 1 1 10 1 9 8 2 19 1 4 0 1 5 0 13 0 2 2 21 10 9 5 2 0 0 0 8 5 3 2 5 1 0 2 5 0 3 3 8 3 1 28 7 13 11 4 2 1 1 2 1 3 0 0 4 5 5 2 11 2 1 3 1 2 14 4 0 0 3 1 4 10 3 1 8 15 11 1 1 2 2 7 3 5 3 0 2 7 23 2 5 6 12 2 3 6
7 0 10 17 1 3 6 2 21 10 13 0 18 4 2 0 31 4 8 21 3 7 5 13 12 14 0 1 4 1 3 9 1 15 8 2 0 1 5 9 6 38 8 3 7 12 0 10 2 3 2 5 0 12 2 25 9 10 2 16 14 11 9 11 14 5 2 0 3 1 7 0 0 6 11 11 3 9 10 17 6 9 11 24 6 1 32 7 12 0 5 0 1 0 9 5 6 0 1 7
4 4 3 0 1 4 1 4 0 11 0 5 7 9 8 1 4 1 4 6 2 0 8 0 6 8 1 6 0 0 4 2 1 6 6 11 3 4 6 1 5 7 17 1 3 0 3 1 0 3 2 8 5 1 4 3 2 5 1 9 0 7 10 0 3 4 0 1 3 2 5 1 3 1 0 8 17 1 0 2 5 13 12 5 2 1 2 2 3 3 8 0 5 7 2 12 0 2 0 1
0 6 30 3 8 11 22 22 3 4 6 8 21 8 7 0 1 9 5 0 6 3 8 4 9 3 4 0 1 4 11 69 5 2 1 3 17 0 8 7 2 17 2 0 10 13 7 1 7 1 8 30 13 9 5 1 20 5 11 1 29 3 3 0 16 4 0 0 25 5 11 1 12 5 0 7 0 2 4 3 6 0 22 1 11 14 14 5 18 17 5 6 4 13 9 0 8 28 4 6
0 0 1 2 1 0 0 0 0 0 0 0 0 0 1 0 0 0 0 0 3 0 1 0 2 0 0 1 0 1 0 3 0 0 0 1 0 3 1 0 0 1 0 0 0 0 1 0 0 2 0 0 0 0 1 0 0 0 0 0 1 0 0 2 0 0 3 0 0 1 0 0 0 9 1 0 0 1 0 0 0 0 2 0 0 0 0 0 0 0 2 2 0 11 0 2 0 1 1 0
0 0 4 0 1 0 0 0 0 0 1 0 0 0 1 0 0 0 0 0 1 0 0 0 0 7 0 0 0 0 0 1 0 0 1 0 1 6 0 0 0 4 0 0 0 0 0 0 0 4 0 0 0 1 0 1 0 0 0 1 0 0 0 1 1 0 0 0 0 0 0 3 1 0 0 0 2 0 0 1 0 0 0 1 0 0 0 0 0 1 0 1 0 0 0 1 0 0 0 0
1 0 5 3 1 1 6 10 0 1 0 0 7 2 1 6 2 4 0 13 3 0 1 5 0 0 4 1 1 4 0 4 1 8 5 3 0 0 0 1 2 0 0 0 2 3 0 1 0 3 0 6 3 0 0 4 0 0 4 0 0 0 6 1 1 2 0 0 2 2 0 1 0 3 1 1 1 0 0 2 2 1 20 6 22 0 2 4 0 1 1 0 0 3 2 4 0 0 1 8
8 0 6 4 2 0 13 8 12 3 4 3 7 5 5 0 1 15 1 1 24 16 1 0 16 6 4 1 14 0 8 7 2 17 1 3 7 5 7 8 47 2 0 27 0 7 21 2 8 1 1 13 5 19 25 14 15 2 6 7 6 10 14 1 0 6 3 2 5 12 7 11 44 6 28 5 0 17 6 2 4 1 6 2 11 3 7 1 5 10 3 11 2 3 3 6 2 5 19 4
1 0 0 0 0 2 0 0 0 0 0 1 0 0 0 0 2 1 0 0 1 0 0 0 0 1 1 1 1 3 0 0 0 0 1 0 0 1 0 1 0 2 0 0 0 0 0 1 0 2 0 0 0 0 0 1 0 0 0 0 0 0 1 0 0 0 1 0 0 0 0 0 0 0 0 0 0 0 0 0 0 0 0 0 0 0 1 0 0 0 0 1 0 0 0 2 1 0 1 1
0 4 0 0 0 0 0 0 1 0 0 0 0 0 0 1 0 7 3 1 0 0 3 1 0 0 0 0 2 0 0 3 0 1 0 0 0 0 2 0 0 0 0 0 0 8 2 1 0 0 0 0 0 1 0 0 0 0 0 0 0 1 2 0 0 0 0 0 0 1 1 0 0 0 0 0 0 0 0 1 0 0 0 0 2 1 0 1 0 0 3 0 0 0 0 0 8 0 0 0
1 5 1 13 1 6 3 2 1 3 4 1 0 1 0 9 4 1 0 2 7 7 5 0 4 9 5 2 7 0 3 8 1 5 0 4 5 1 1 1 6 5 8 1 0 6 8 1 18 7 12 3 5 0 5 18 8 0 17 1 7 5 2 4 7 7 1 2 6 0 0 12 0 5 0 6 2 1 4 0 7 6 2 4 0 1 3 3 1 3 13 16 1 1 3 3 5 13 5 1
0 2 0 0 0 0 0 0 1 1 0 0 1 1 0 0 1 0 0 0 0 0 0 0 0 1 0 1 0 0 1 1 0 1 1 0 0 1 1 0 0 0 0 2 0 0 0 1 0 3 0 0 5 1 0 0 4 1 0 0 0 0 0 0 0 0 0 0 0 10 1 0 0 1 0 1 0 1 0 1 0 0 0 0 1 0 1 0 0 0 0 0 0 0 0 0 0 2 0 1
0 10 0 1 0 0 0 4 1 0 0 1 0 0 0 0 1 6 2 0 0 0 1 1 0 0 0 0 0 0 0 0 0 0 0 0 1 0 1 0 1 1 0 1 0 8 1 0 0 0 1 0 0 0 1 4 0 0 1 0 0 1 0 0 0 1 0 0 1 0 0 0 0 0 2 2 0 1 0 2 2 1 0 0 1 0 3 0 0 0 0 1 0 0 1 1 4 1 0 0
0 0 0 1 0 0 0 0 1 0 1 0 1 0 0 0 2 3 0 1 0 14 0 2 1 0 1 0 0 0 5 0 0 0 0 0 1 0 1 8 0 3 1 5 0 0 0 0 0 1 0 0 3 0 0 1 2 0 1 4 1 0 1 0 2 0 0 7 1 0 0 1 0 0 0 1 7 0 0 0 1 3 2 0 0 0 0 0 6 0 6 1 1 0 0 1 0 0 1 0
12 11 0 32 18 4 2 0 5 0 10 1 5 12 3 5 4 6 11 2 2 7 0 15 0 8 2 1 4 4 4 1 10 2 7 3 0 0 2 10 11 4 12 7 0 2 1 0 9 1 0 9 15 1 4 4 0 0 19 25 16 8 3 7 5 13 3 11 0 12 21 1 8 18 8 22 28 5 26 1 19 26 13 8 22 4 1 9 3 0 13 1 0 22 28 0 1 4 11 4
0 8 7 0 3 2 0 2 7 5 0 24 9 1 4 10 13 1 3 2 0 1 7 1 2 1 1 1 0 1 2 0 10 4 2 1 11 0 4 0 0 1 6 0 10 16 0 1 1 7 3 1 0 0 11 4 0 4 2 0 2 1 9 1 0 0 0 0 2 0 15 1 0 1 13 4 1 1 0 22 0 7 3 1 1 1 12 0 0 0 0 6 7 6 1 1 0 0 12 0
0 0 1 0 1 0 0 1 0 0 3 0 0 0 0 0 0 0 0 1 0 1 0 0 1 3 0 2 0 0 1 0 0 0 1 0 0 3 1 1 1 0 0 0 1 0 1 0 0 2 0 0 0 0 1 0 0 3 0 0 0 0 0 0 0 0 1 0 0 1 0 0 2 0 1 2 0 1 1 0 1 0 0 1 0 0 0 3 0 1 0 1 0 0 1 1 1 0 0 0
15 14 8 4 5 0 1 4 13 8 1 0 0 7 0 2 2 0 0 8 20 1 1 3 2 0 5 1 4 13 1 0 0 7 1 7 3 0 0 2 6 8 4 9 3 3 0 5 7 0 3 5 3 4 8 1 1 5 19 4 1 4 2 20 1 2 2 0 6 4 2 14 6 1 3 8 3 3 0 1 5 0 0 2 4 5 0 1 4 10 4 0 11 10 2 0 9 3 1 8
1 1 0 1 0 3 1 2 0 1 0 0 0 0 1 0 0 0 0 1 0 2 0 0 5 0 0 5 0 0 3 0 2 0 0 0 0 0 1 0 0 13 0 0 0 0 0 0 0 0 0 0 0 2 0 3 6 0 0 5 0 1 0 2 8 0 0 3 0 0 0 1 0 0 0 0 18 1 3 0 0 0 1 0 1 1 1 1 9 1 15 0 15 0 2 0 0 2 0 0
5 10 10 34 34 0 4 2 50 11 0 13 1 3 9 4 0 5 4 1 4 8 1 22 26 12 4 0 27 2 4 4 23 1 8 10 4 10 9 1 3 3 2 14 1 1 12 8 1 15 1 3 7 5 1 7 0 27 6 5 5 1 5 10 8 1 3 18 32 5 1 16 0 3 10 1 2 29 0 18 29 1 6 2 12 6 9 5 2 22 6 2 6 0 5 4 0 12 0 1
2 2 2 1 13 0 21 9 6 11 2 0 10 0 6 30 0 29 5 2 4 5 2 7 1 1 8 10 0 7 7 25 1 1 0 3 7 1 1 12 16 3 0 11 7 3 4 2 24 6 1 9 18 1 4 6 0 2 2 9 4 1 10 27 19 0 1 1 13 14 7 11 1 2 20 9 4 12 2 9 1 19 5 3 4 3 9 0 5 5 0 5 19 0 0 6 32 0 3 21
15 12 0 14 7 3 4 3 1 1 10 0 0 9 22 0 4 0 9 6 0 0 2 0 0 6 3 17 2 5 0 0 2 1 3 0 3 4 6 3 4 0 1 1 1 3 1 0 6 0 0 0 4 3 1 7 1 0 1 1 0 0 1 3 1 0 4 0 11 1 2 0 2 0 4 3 0 2 0 5 3 4 7 13 4 0 0 1 0 6 1 1 5 2 2 1 2 0 7 6
0 1 2 0 0 0 1 0 1 0 1 0 0 0 0 0 1 6 2 2 0 0 0 1 0 0 0 0 0 0 0 0 0 1 0 2 1 0 0 0 2 0 0 2 1 11 0 1 0 0 0 0 0 0 2 0 1 0 1 0 0 0 0 0 0 2 2 0 0 0 0 0 0 1 13 0 0 1 0 1 0 1 2 0 0 0 0 0 0 0 0 1 0 0 2 0 13 1 0 0
1 0 15 1 0 5 11 0 0 1 4 0 2 11 5 9 7 0 1 2 1 0 4 2 1 3 4 1 1 0 0 2 0 1 4 1 1 4 2 9 6 5 6 1 9 0 0 3 8 6 0 4 0 1 1 0 1 0 10 3 1 2 0 2 8 1 1 4 6 2 4 0 1 5 1 8 1 1 4 0 1 1 2 4 0 2 4 2 3 3 13 2 2 8 2 4 0 11 0 0
25 9 6 2 15 2 20 4 0 1 49 6 3 6 6 6 0 1 19 1 0 0 0 0 23 3 4 8 6 1 6 11 1 1 33 4 3 27 3 1 18 0 0 0 8 10 21 6 3 6 6 13 0 0 17 10 23 1 8 10 26 18 5 6 6 3 13 5 0 8 10 13 4 20 8 13 1 8 4 13 2 27 0 14 8 14 6 4 11 1 6 3 13 5 4 9 11 0 0 0
0 1 0 0 1 1 2 0 0 1 1 1 0 0 0 0 0 0 1 0 2 0 0 0 0 0 0 0 0 0 1 0 0 1 0 0 3 0 2 1 1 0 0 1 0 2 1 0 0 0 0 0 0 1 0 0 0 1 0 1 0 1 0 1 0 0 0 0 0 3 1 1 0 1 1 0 0 4 0 0 0 2 0 1 1 0 0 0 0 0 0 0 0 0 0 0 0 2 1 0
1 0 4 9 3 2 4 3 1 3 0 2 2 6 3 4 5 2 6 4 18 5 7 1 18 2 4 1 3 3 21 9 5 14 11 16 27 2 5 5 0 1 1 3 1 2 3 14 3 5 7 30 15 5 10 21 3 51 1 7 0 5 7 2 4 2 12 18 16 16 2 6 0 5 6 1 5 4 1 12 10 3 1 5 3 2 4 16 5 0 6 3 14 12 5 13 4 26 11 2
1 5 2 3 0 2 1 8 4 1 4 5 8 3 2 2 0 0 6 6 2 15 3 1 18 0 7 9 3 3 19 0 2 12 6 3 1 3 20 0 7 0 1 2 16 0 0 1 12 2 11 1 7 14 4 8 2 6 1 0 11 1 4 2 1 2 2 7 7 0 0 7 8 5 21 2 2 0 2 1 0 4 2 5 8 0 1 1 6 6 4 0 7 2 1 0 3 5 0 1
3 2 18 18 2 2 1 6 7 0 2 0 2 22 3 1 7 7 24 5 1 11 12 6 0 0 23 2 5 0 10 22 2 4 10 0 1 9 0 16 9 8 15 0 5 27 9 6 0 11 0 2 0 9 16 0 1 2 6 0 6 2 4 4 10 6 4 4 4 0 0 4 15 2 11 2 7 7 0 0 6 0 6 0 2 7 1 7 0 0 0 1 0 3 28 21 12 1 2 18
6 8 3 0 1 0 1 3 11 2 9 4 0 13 0 4 4 1 8 0 2 4 11 6 11 4 2 2 9 8 2 2 6 1 8 1 2 5 5 3 0 3 1 0 2 18 2 2 2 1 12 0 0 1 5 27 0 4 1 0 26 0 3 2 0 0 9 9 1 4 2 5 2 3 3 4 6 0 2 8 4 1 3 0 7 0 2 4 7 1 3 6 5 5 3 1 3 13 2 0
1 10 1 1 7 0 0 3 1 10 4 6 2 1 10 1 3 8 11 4 9 7 3 9 1 6 0 5 6 4 7 0 1 1 17 0 1 6 0 6 0 3 4 0 1 0 0 11 2 3 2 5 1 13 0 12 4 0 6 0 3 2 3 2 5 2 4 4 4 4 1 1 1 0 8 0 0 1 0 7 0 0 22 17 7 2 8 3 1 4 0 3 0 1 1 0 16 4 0 0
3 8 24 12 3 1 4 2 26 16 22 0 3 1 3 10 3 7 0 15 13 0 9 10 31 0 4 16 5 4 4 6 0 5 12 26 6 9 9 4 5 2 8 9 1 2 10 0 6 3 1 16 0 33 18 9 8 1 0 7 24 0 4 2 0 4 11 9 0 0 15 0 0 22 7 0 7 29 4 3 5 21 2 1 7 5 35 11 3 5 2 2 9 10 12 2 3 2 6 14
1 23 24 16 3 3 10 0 3 19 3 3 4 3 2 3 9 23 0 18 0 1 10 2 15 4 0 1 1 7 5 5 3 0 9 3 8 18 4 3 0 4 9 3 3 28 30 21 12 6 8 0 1 28 1 5 0 5 1 5 3 2 2 16 1 5 8 0 4 4 18 2 16 6 9 12 9 3 13 6 9 9 1 2 4 3 0 34 20 0 6 0 5 30 13 13 2 1 7 12
1 9 7 16 1 17 2 6 4 5 8 1 2 7 3 4 2 1 12 4 1 15 2 17 5 1 0 31 1 22 0 1 14 2 0 8 13 3 3 12 9 3 7 2 1 2 0 13 20 11 7 18 21 2 12 3 2 1 22 6 6 2 20 14 52 8 0 19 3 23 4 2 6 1 6 8 2 9 8 2 2 4 5 1 4 0 4 12 0 20 0 3 3 10 3 4 14 1 12 7
9 4 4 1 7 11 6 19 1 9 3 2 1 34 16 8 0 0 6 11 39 0 0 5 8 1 1 32 3 4 1 3 1 1 7 0 4 6 11 4 4 6 1 4 52 1 0 11 21 3 20 3 20 5 0 4 5 10 2 18 1 0 22 7 1 6 11 0 11 0 11 2 15 13 1 2 1 3 1 0 3 4 11 5 8 8 3 10 2 2 0 14 7 5 6 27 2 2 11 16
3 9 1 5 14 0 0 8 3 2 0 4 2 0 1 25 4 10 0 9 1 0 3 1 1 1 3 0 5 10 0 2 2 25 13 3 0 3 2 3 6 8 1 17 6 13 3 5 4 8 2 2 4 5 1 10 5 7 14 1 1 8 5 13 0 1 2 1 12 3 20 9 1 3 6 2 3 38 0 4 14 3 12 0 8 6 0 1 2 3 3 1 2 8 5 18 3 0 3 11
6 0 3 2 2 2 0 1 6 0 3 8 0 4 1 6 8 7 10 17 2 0 4 4 0 9 3 5 1 1 0 8 0 0 2 4 0 12 5 0 2 0 2 0 5 5 1 3 1 19 3 9 0 5 0 7 0 5 5 1 2 0 2 0 0 7 0 0 5 24 8 1 0 2 0 1 2 9 1 1 2 5 2 1 6 0 1 2 0 9 0 2 9 1 4 8 2 0 1 1
0 0 0 5 0 0 2 0 1 0 1 1 0 0 2 1 0 0 0 0 0 1 0 0 0 1 0 0 0 0 3 0 0 0 2 0 0 4 0 2 0 0 0 5 1 0 1 0 0 0 0 0 0 1 0 0 8 1 0 6 0 6 0 1 0 0 1 7 0 1 0 0 1 0 1 0 5 1 8 0 0 0 0 0 1 3 0 0 1 0 1 0 0 0 0 0 0 0 0 2
1 3 0 0 1 0 3 0 1 0 23 0 0 0 1 2 0 0 1 0 0 0 0 2 0 22 0 0 1 0 1 0 3 0 0 0 0 7 0 0 0 0 0 0 0 0 1 0 0 1 0 0 0 0 0 0 0 0 0 1 0 0 0 0 0 2 0 0 0 1 0 0 0 0 1 0 0 0 0 1 0 0 0 0 0 0 0 2 0 0 0 0 0 0 1 1 1 2 0 0
0 0 1 0 2 3 0 0 0 1 2 0 0 0 0 0 0 0 1 0 1 0 0 1 0 0 0 0 0 0 0 0 0 0 0 1 1 1 0 0 0 0 0 2 0 0 0 0 0 3 1 0 0 0 0 1 1 0 0 0 0 0 0 0 1 0 0 1 0 0 0 0 0 1 1 0 0 0 2 0 0 0 1 0 0 0 1 2 0 0 1 0 0 0 1 0 1 1 1 0
6 3 3 0 12 1 19 2 1 1 5 33 1 3 13 4 2 33 6 8 41 0 0 4 2 0 6 4 6 11 9 23 11 5 5 1 0 6 13 6 4 0 5 7 3 3 2 5 2 1 15 1 13 15 9 1 0 7 31 0 11 0 3 13 8 2 1 2 2 2 9 12 12 4 5 17 2 7 9 5 12 0 22 0 3 2 3 6 3 2 1 2 1 25 8 18 3 1 29 14
1 0 0 3 0 0 1 0 0 0 0 0 1 0 0 0 3 0 0 0 1 2 0 0 0 0 0 0 3 1 2 0 0 0 0 0 0 0 0 0 0 0 0 0 1 0 0 0 0 0 2 0 1 0 0 0 0 1 0 2 0 0 0 0 0 0 0 0 3 0 0 1 0 0 0 0 1 1 0 0 1 0 3 1 0 2 0 0 0 1 0 0 0 0 0 1 2 0 0 0
3 4 1 3 3 6 10 7 14 0 2 0 1 5 2 0 21 16 12 0 0 2 5 9 15 3 23 9 15 2 0 1 0 1 16 5 0 3 13 0 13 8 0 1 1 2 6 13 29 3 30 1 3 9 11 3 0 5 0 0 5 0 8 11 5 4 11 0 9 8 16 6 3 1 0 4 20 6 2 0 3 10 0 6 1 21 16 11 0 9 1 3 14 3 2 6 16 11 15 0
