17 2 0 0 5 11 3 4 1 5 0 5 0 0 0 0 0 1 3 0 0 3 1 0 28 6 2 6 0 0 1 2 0 0 4 0 1 3 4 1 0 1 5 0 6 1 2 2 0 8 7 4 0 0 9 12 7 12 0 15 0 1 4 11 3 16 2 4 0 5 0 1 0 0 0 1 6 3 0 0 0 1 0 0 1 5 0 1 4 0 0 5 3 2 0 14 1 0 0 2
22 2 0 4 4 8 0 2 0 13 10 22 4 19 17 7 2 1 1 0 19 5 17 2 7 18 9 12 1 11 15 6 3 4 2 12 9 11 1 10 11 0 5 2 2 1 10 0 16 7 12 13 0 0 8 4 5 3 4 7 14 45 8 15 9 11 2 6 15 5 3 13 21 6 2 0 1 12 1 0 1 3 0 17 2 16 0 9 0 4 10 0 1 26 0 1 0 27 5 15
3 2 2 0 7 2 0 1 5 6 0 12 3 2 1 1 2 7 4 0 4 0 10 0 0 3 0 1 2 4 3 8 14 1 0 0 2 0 8 1 4 7 2 6 2 1 0 0 2 7 1 11 0 13 2 2 2 0 4 7 0 9 10 2 1 0 1 10 15 0 4 10 1 1 21 3 8 9 5 3 5 5 10 3 5 1 0 3 3 2 23 2 4 2 0 7 4 2 5 2
21 3 5 2 12 13 8 3 7 8 0 1 3 1 1 0 3 0 5 1 5 1 3 2 3 0 3 6 4 16 1 0 7 3 2 12 5 2 1 3 3 1 5 0 0 1 13 0 6 4 12 1 6 2 2 3 0 2 1 9 2 1 1 7 2 1 4 4 2 2 9 1 0 8 1 3 1 0 2 3 0 5 2 8 2 5 1 7 6 4 10 0 0 9 4 1 4 14 5 0
3 19 16 0 3 0 3 11 16 8 8 1 6 5 1 12 4 2 4 7 13 12 6 0 1 8 4 1 0 10 6 2 0 4 0 0 10 0 1 0 4 13 2 7 3 8 0 1 7 10 2 5 2 9 3 3 5 2 5 0 5 4 8 10 1 2 0 5 17 0 2 1 4 0 0 0 0 1 0 22 0 5 4 12 3 13 2 7 8 7 1 7 2 9 7 3 2 4 27 5
5 11 12 10 6 2 18 4 6 5 5 2 15 35 7 1 5 0 2 2 21 3 9 5 7 4 3 6 7 19 26 11 15 10 3 1 0 5 4 7 3 0 29 1 7 17 5 17 5 11 19 4 4 6 5 12 1 0 20 6 4 5 1 19 0 6 2 2 4 17 23 14 19 1 0 0 0 23 0 14 12 7 22 9 2 4 12 2 2 8 16 8 8 3 7 2 11 1 3 17
0 12 2 54 2 0 20 1 1 24 2 2 3 0 0 7 11 21 0 25 2 3 5 7 36 10 0 6 31 3 6 3 7 19 4 3 8 8 12 10 2 0 1 13 1 1 4 17 3 16 3 28 6 2 27 16 3 8 1 7 3 10 18 4 22 4 18 10 6 2 1 1 0 1 4 1 1 1 5 0 1 1 3 18 3 27 3 2 3 1 38 12 17 0 7 10 3 4 4 17
2 7 0 8 11 1 4 2 1 5 5 7 5 0 20 0 16 2 12 7 14 6 11 15 21 13 7 2 2 7 37 2 3 0 14 2 2 6 3 0 2 1 7 6 3 6 0 6 9 0 11 15 3 12 2 5 13 3 3 15 12 2 3 15 1 13 7 1 7 4 1 1 0 0 12 2 16 2 8 9 0 9 6 7 0 18 6 17 17 2 0 15 11 3 1 2 18 5 0 14
6 0 1 2 1 3 0 0 0 0 6 0 0 0 0 0 1 1 0 0 4 0 0 1 0 2 0 0 0 0 0 0 1 0 0 0 1 0 0 2 2 0 0 1 0 0 1 0 1 1 0 0 0 0 1 0 0 0 0 0 0 2 0 1 3 0 0 2 1 0 0 0 0 1 0 0 0 0 0 1 0 0 1 0 0 3 0 0 0 0 1 0 0 1 0 0 0 1 3 1
3 2 2 0 3 0 0 4 0 0 2 3 0 0 0 0 9 0 1 1 1 0 4 0 1 17 13 2 7 0 0 3 1 0 0 0 4 16 0 2 0 2 17 8 5 0 1 7 1 1 6 2 4 2 9 13 1 1 1 0 3 0 5 6 4 0 4 1 0 1 2 7 11 4 0 8 2 1 1 0 4 0 0 0 6 4 1 2 1 1 3 0 0 2 0 2 0 3 0 1
0 0 0 0 3 0 2 0 0 0 0 0 0 0 0 0 1 0 0 1 1 1 0 0 0 4 1 1 0 0 0 0 0 0 0 3 0 1 0 1 1 1 0 0 0 1 0 0 0 0 0 0 0 1 0 0 0 0 0 0 0 1 0 2 0 0 2 4 2 0 1 0 0 1 0 0 0 1 1 0 0 0 1 1 0 0 2 0 0 0 0 2 6 1 2 0 1 0 1 1
5 2 8 0 13 27 20 1 0 0 0 1 18 2 1 1 4 3 8 2 0 0 0 4 4 4 2 0 1 1 6 3 3 3 0 5 1 0 2 2 1 3 1 1 2 3 1 4 0 6 3 12 13 3 5 4 7 3 7 0 5 1 0 2 3 1 13 3 1 8 3 0 2 4 1 8 9 7 0 2 3 0 2 1 0 0 3 0 0 5 8 1 0 5 4 5 0 0 3 4
0 5 0 1 1 1 1 7 7 1 14 2 3 12 22 1 0 6 12 1 3 3 4 6 1 8 12 2 1 2 0 3 2 1 10 6 6 1 0 0 2 3 0 4 5 0 2 3 1 1 5 2 8 0 1 10 4 0 5 3 4 0 2 1 1 5 13 2 6 2 7 4 3 8 7 11 5 1 5 12 5 1 2 4 6 0 7 5 4 3 10 1 1 3 11 1 7 1 4 16
2 11 13 8 7 24 1 28 2 1 12 2 10 10 9 11 6 0 11 3 13 2 14 85 9 7 11 16 15 0 1 11 13 4 0 2 10 1 6 6 7 4 13 3 6 2 6 4 1 1 7 3 4 5 0 10 9 24 11 7 2 2 2 0 4 9 9 7 2 11 18 6 15 0 7 5 4 8 27 5 9 20 4 6 8 15 28 4 19 14 39 0 6 1 8 4 4 17 13 9
0 0 1 0 0 1 0 0 0 0 1 0 3 0 2 5 1 0 1 0 1 1 0 3 1 0 1 0 0 0 1 1 0 1 0 0 0 0 0 0 3 0 0 0 0 0 0 1 0 0 0 2 1 0 1 0 0 0 0 0 0 0 0 1 1 0 0 0 12 0 0 2 0 0 2 1 0 1 0 1 0 7 0 0 0 3 0 0 1 7 0 1 2 0 0 2 0 1 0 0
0 6 4 6 1 0 2 8 6 0 0 7 12 0 20 8 0 2 35 1 9 6 0 4 2 4 3 3 6 20 6 6 0 5 9 1 3 8 4 11 3 2 0 0 1 0 7 0 0 10 1 18 1 1 4 4 4 6 2 4 10 4 0 10 1 2 0 7 32 0 12 4 6 0 16 13 6 0 6 32 3 2 16 4 3 1 3 1 12 5 18 0 12 7 0 2 3 0 6 6
4 0 3 0 5 24 1 6 13 1 0 9 2 5 0 0 3 2 2 0 4 1 12 1 1 0 6 2 2 2 0 0 4 12 0 0 30 0 0 9 0 7 0 0 3 7 5 3 6 4 11 0 9 9 2 2 6 9 3 11 6 2 5 1 2 3 1 8 0 2 9 0 0 3 0 12 4 6 15 0 11 0 15 1 8 4 8 8 1 0 2 0 0 4 0 0 14 11 0 6
0 0 0 0 0 0 12 2 0 2 0 0 0 1 4 0 0 0 1 0 1 0 1 0 0 0 0 0 0 0 0 0 0 1 0 1 1 0 1 0 0 0 0 0 0 0 0 1 0 0 0 5 0 0 1 0 1 0 0 0 0 2 0 0 0 0 0 0 1 0 0 0 0 2 1 0 1 0 1 0 1 0 0 0 0 0 0 0 0 0 0 1 1 1 2 0 0 0 0 0
1 1 5 3 6 2 18 0 1 19 23 3 0 2 0 7 11 7 12 21 2 2 4 4 4 6 10 1 7 2 9 0 7 28 0 5 2 17 11 0 31 0 19 3 2 0 10 1 1 11 0 0 14 2 7 1 3 14 6 2 22 3 5 11 1 4 17 3 0 11 8 9 5 8 13 7 1 0 3 6 5 0 2 3 0 1 28 0 15 4 2 0 3 6 7 6 10 16 0 43
2 5 8 9 1 0 0 8 7 13 7 19 1 16 4 0 3 3 9 6 17 11 12 21 10 9 12 2 3 0 2 12 10 11 5 1 4 12 0 2 3 4 15 5 1 8 26 4 4 5 10 3 5 0 35 0 1 19 4 14 0 1 2 10 3 0 8 29 0 3 5 2 14 9 0 8 2 9 6 0 1 3 2 2 5 28 1 20 9 2 3 6 1 4 4 1 1 0 0 15
1 0 0 3 0 0 2 4 0 0 1 0 0 5 0 0 0 0 0 0 3 1 0 0 0 0 0 2 1 1 4 0 1 0 0 1 0 0 0 0 0 0 0 0 0 2 0 0 1 0 1 0 0 1 3 2 1 0 1 0 0 6 0 0 0 0 0 1 0 1 0 2 0 1 0 0 0 2 0 2 0 0 0 0 1 1 0 0 0 0 0 1 0 1 0 0 0 0 0 0
0 0 0 0 1 2 1 0 0 0 0 0 0 0 0 0 0 0 0 0 0 0 0 1 0 0 0 0 1 2 0 1 0 0 0 0 2 0 0 0 0 0 0 1 1 0 0 0 0 1 2 1 0 0 0 0 1 2 0 0 0 0 0 1 0 0 0 0 0 0 0 0 0 0 0 3 0 1 0 0 6 0 0 0 1 1 0 0 0 1 0 0 1 0 6 0 2 11 1 0
2 2 4 11 1 0 0 7 0 1 2 1 0 3 0 3 6 9 0 1 0 1 2 0 3 3 4 1 0 0 0 5 0 12 6 2 12 2 1 6 1 5 5 1 1 1 2 3 0 2 0 0 1 0 1 1 5 1 0 5 2 1 21 10 2 13 1 9 0 1 2 1 6 5 0 0 1 19 13 0 1 0 0 1 8 0 0 6 3 0 7 0 0 2 6 2 0 3 0 5
5 1 1 1 3 9 8 3 6 3 18 8 2 5 7 6 5 5 2 1 13 1 16 0 0 4 2 1 12 0 13 4 2 2 15 8 0 0 2 12 5 4 24 11 10 4 5 18 2 20 7 19 4 7 18 1 19 2 1 26 4 2 9 2 3 4 35 4 2 32 11 2 7 10 12 2 4 10 0 0 11 4 1 6 10 1 3 11 4 3 0 26 0 1 0 3 11 5 14 2
0 0 1 0 1 0 0 0 0 0 1 1 0 0 0 1 2 0 0 1 0 0 0 0 1 0 0 1 1 0 0 0 2 0 0 0 0 0 1 0 0 0 1 0 0 0 0 0 0 1 0 0 2 1 1 0 0 0 0 1 1 1 1 0 0 0 0 0 0 0 0 0 3 0 0 0 0 1 0 0 0 0 0 1 2 0 1 1 0 0 0 2 2 1 1 3 0 0 0 1
4 8 0 0 13 5 9 0 0 18 2 6 1 6 0 0 1 5 0 2 0 2 1 0 3 2 0 8 6 0 0 0 1 1 2 0 3 0 1 0 0 18 6 6 18 1 0 1 1 12 1 3 2 0 2 3 2 0 0 15 2 2 2 2 4 0 0 5 0 5 4 9 4 2 0 0 6 1 7 0 0 1 1 0 5 3 7 9 2 0 15 4 2 3 6 1 6 0 0 5
6 0 2 4 1 4 2 2 7 6 2 1 1 17 0 23 2 3 1 4 0 2 5 3 11 10 0 0 1 4 0 24 17 0 14 1 3 1 8 9 2 0 3 7 4 1 4 1 15 0 8 0 6 0 1 1 0 13 3 0 2 0 4 4 1 2 32 1 30 0 1 25 5 10 2 3 1 14 1 4 4 1 1 1 7 1 4 0 0 2 0 0 1 3 10 5 2 0 2 8
6 0 0 0 0 1 1 0 0 0 0 0 0 3 0 1 1 0 1 2 0 0 0 0 1 0 0 2 1 2 0 0 2 0 0 0 0 0 0 0 0 0 0 0 0 0 2 0 0 1 2 0 1 0 1 0 0 0 0 0 0 1 0 0 0 0 2 1 0 1 0 1 0 2 1 0 0 0 1 1 0 2 0 1 0 6 0 0 0 0 0 0 0 0 1 0 0 0 0 0
0 23 8 0 22 11 2 0 7 0 3 0 5 8 9 2 0 1 5 0 2 2 3 1 2 1 7 9 6 6 3 3 0 9 5 1 8 7 1 14 19 0 11 2 0 26 9 10 16 10 1 1 2 5 3 11 0 1 2 11 6 25 2 6 7 2 4 8 2 3 0 4 3 1 7 9 24 3 5 3 15 6 2 13 5 12 3 1 16 4 1 0 0 6 3 3 0 2 18 14
0 0 0 1 2 0 0 0 0 0 0 1 0 0 3 1 0 1 0 0 0 8 0 0 1 0 0 1 1 0 0 0 0 0 1 0 0 0 0 1 1 2 0 0 0 0 0 1 0 0 1 0 0 0 1 0 0 1 0 0 0 0 0 0 1 1 0 0 1 0 0 0 1 0 0 1 1 0 0 1 0 1 0 0 0 0 1 2 0 2 0 1 1 0 0 1 1 0 0 0
7 0 2 2 3 1 10 0 0 1 5 3 1 4 5 9 12 0 2 3 9 1 0 0 0 1 5 5 4 9 12 4 1 1 2 0 4 2 0 4 17 23 4 0 4 1 5 4 15 2 12 3 1 5 3 0 1 0 27 14 13 1 3 0 1 0 0 3 10 2 19 0 5 4 6 1 4 0 8 8 0 10 13 17 7 5 4 6 4 2 0 1 2 12 0 19 5 16 0 0
2 2 0 2 0 0 10 0 0 0 0 0 1 0 0 1 0 3 0 0 0 0 1 2 0 0 2 0 0 0 0 1 0 1 0 0 0 0 2 0 2 0 1 0 0 1 0 0 2 0 2 0 2 0 0 1 0 0 2 0 0 0 1 0 0 0 0 0 3 0 0 0 0 1 0 0 1 0 0 0 0 0 0 0 0 0 0 0 0 0 1 0 0 0 0 2 0 1 0 0
0 0 3 4 4 11 13 5 3 3 6 3 2 2 1 0 8 4 4 0 8 8 1 5 4 1 1 7 2 1 0 5 3 8 0 11 5 6 1 0 4 1 3 0 7 5 5 8 2 9 5 1 4 7 1 3 7 9 0 4 1 5 1 0 2 2 0 3 1 21 18 1 7 2 3 7 0 0 1 1 1 7 3 1 0 4 3 1 8 1 7 2 4 2 2 1 0 10 5 1
4 1 4 6 6 5 1 9 2 11 12 0 3 14 0 20 13 23 3 16 3 6 10 9 0 0 2 11 11 3 3 13 0 17 1 1 9 2 0 4 3 0 0 12 28 5 13 15 10 15 3 1 0 0 22 13 9 1 6 8 10 0 2 5 12 3 5 17 0 28 6 4 4 33 1 0 17 10 1 12 13 4 0 0 7 3 8 6 9 6 8 0 2 11 15 10 0 5 1 0
0 5 5 7 2 5 9 2 0 0 0 2 13 4 6 3 1 1 2 4 3 5 8 0 2 3 0 0 0 1 3 4 1 2 3 6 1 1 2 1 1 10 5 2 5 18 2 5 1 2 19 1 11 1 3 4 0 2 0 1 8 2 7 3 0 8 2 0 3 9 2 2 0 1 1 4 7 1 11 0 0 1 8 0 2 0 0 3 1 9 5 1 6 7 3 3 0 1 2 1
2 5 10 6 2 9 3 0 3 3 0 11 1 1 0 1 5 21 2 4 6 0 3 15 0 7 0 1 8 1 0 4 0 5 0 2 3 4 2 2 0 3 0 4 3 2 2 2 19 0 6 1 17 4 0 8 0 4 3 2 8 1 1 9 5 1 0 2 0 5 4 3 4 5 3 9 1 20 12 0 2 0 1 3 30 0 8 0 1 0 5 5 1 4 1 0 1 1 0 6
0 1 0 0 1 0 1 1 1 0 1 0 0 0 0 0 0 1 2 0 0 0 1 0 2 1 0 0 0 0 0 0 0 0 0 1 0 1 0 0 0 0 0 2 3 1 0 0 0 1 1 0 0 0 0 0 0 0 1 0 0 0 0 0 1 0 1 0 0 1 0 0 0 0 1 0 0 0 0 0 1 0 2 0 0 0 0 0 1 0 0 0 0 0 1 0 2 0 1 0
8 4 14 3 1 7 21 1 6 3 0 9 0 3 8 1 8 2 8 6 3 7 3 3 8 7 19 22 6 12 7 1 9 6 12 1 0 16 1 18 11 6 22 33 0 7 0 20 12 7 13 7 3 4 15 0 2 9 7 28 0 3 13 8 2 3 1 11 2 7 1 23 26 10 8 10 2 10 4 18 9 12 0 0 2 5 7 2 4 2 0 19 8 1 3 2 2 28 0 5
2 16 1 5 5 0 3 8 1 14 14 10 0 19 2 9 0 3 2 7 6 20 2 0 4 5 1 1 19 0 2 1 0 3 2 4 8 21 11 1 5 16 4 4 6 21 0 8 4 4 5 0 11 3 4 4 26 0 2 8 4 0 9 8 4 4 3 0 0 1 13 5 14 2 1 4 6 6 0 7 2 0 1 3 3 0 1 14 5 2 12 3 1 0 2 9 3 1 13 1
0 1 1 0 0 1 0 0 0 0 0 0 0 0 1 0 0 0 0 3 0 0 0 1 0 0 1 2 0 1 0 0 0 0 1 0 0 1 0 0 0 1 0 0 1 0 2 1 0 0 0 0 0 0 0 1 0 2 0 0 0 0 0 0 0 0 2 0 0 0 0 0 0 0 0 1 0 1 0 0 0 0 2 0 0 0 1 0 1 0 0 1 0 0 0 1 0 0 0 0
4 0 0 0 0 2 0 0 0 4 0 0 1 1 0 0 0 0 0 0 1 1 0 0 1 0 1 1 0 0 1 0 0 1 0 0 0 0 1 1 0 1 0 0 0 0 1 0 0 0 0 1 0 0 1 1 2 1 0 0 0 1 0 0 1 0 0 0 2 1 0 0 1 0 0 0 0 1 2 0 0 0 0 1 0 10 0 0 0 3 4 0 0 0 0 2 0 1 0 0
1 2 3 0 0 4 7 4 0 2 4 9 0 10 2 3 2 10 1 0 0 0 0 3 0 10 6 8 1 0 0 5 0 11 1 6 7 2 0 2 0 1 3 1 3 2 0 11 11 9 13 3 2 0 1 1 1 2 0 4 28 2 17 3 1 0 3 0 0 0 2 4 0 0 0 3 1 5 1 0 1 2 0 5 1 6 1 0 1 0 3 3 0 4 1 9 1 1 0 0
1 0 4 6 8 4 4 12 3 0 10 5 5 4 0 5 1 1 2 13 1 0 2 2 4 0 1 7 1 0 0 0 2 8 3 3 1 5 5 4 3 2 0 0 20 2 6 7 1 0 7 1 1 1 2 2 3 0 11 30 12 6 1 15 0 1 8 3 0 4 3 1 2 2 4 10 3 6 2 2 4 0 1 1 3 0 0 1 4 1 2 7 0 7 2 6 4 1 8 7
2 0 1 0 0 0 0 0 0 0 1 0 0 2 0 0 0 1 0 0 1 0 0 0 0 0 0 0 2 0 0 8 0 0 0 0 0 0 0 0 0 0 0 0 0 0 0 0 1 0 0 1 0 0 1 0 0 0 0 0 4 0 1 0 0 0 1 0 0 1 0 0 0 0 0 1 0 0 0 0 2 0 0 0 0 0 0 0 0 4 2 0 0 0 2 0 0 2 0 0
2 4 3 1 1 2 0 2 1 13 0 1 11 5 7 1 4 2 15 9 4 23 4 8 13 1 1 16 3 20 6 1 0 11 0 2 31 1 9 4 5 0 11 3 1 4 0 1 3 0 2 3 16 5 8 6 0 6 1 0 0 16 2 1 4 4 6 5 40 0 5 2 0 5 5 4 1 3 3 1 9 2 26 1 3 2 1 21 0 8 2 0 0 1 0 4 4 0 2 3
0 0 2 6 0 0 3 14 4 3 11 9 18 4 13 4 0 2 1 2 9 14 6 3 7 8 5 3 3 6 32 7 8 0 2 15 1 4 3 46 4 6 0 1 5 1 1 1 1 2 4 0 2 6 1 3 1 13 0 2 5 8 1 0 1 8 2 0 1 0 2 0 10 1 42 3 4 0 0 1 53 9 6 4 2 3 3 2 4 12 7 0 6 3 34 4 1 5 3 5
7 0 1 5 13 11 8 2 9 6 4 0 0 3 6 3 3 10 11 2 2 22 4 15 1 7 0 14 4 1 2 8 17 13 2 4 20 4 17 2 11 8 0 7 7 0 2 17 7 5 0 6 1 0 2 1 7 9 10 0 17 5 17 9 19 6 3 8 5 30 0 1 3 2 6 3 19 9 5 4 1 10 0 8 34 1 5 13 22 1 2 0 5 4 2 18 3 0 7 21
3 4 4 5 2 4 7 6 2 2 6 0 16 4 3 11 2 0 15 21 42 2 35 10 1 0 28 7 1 6 20 1 2 15 17 1 1 2 1 5 1 4 9 11 3 7 1 8 0 0 0 6 13 2 4 9 11 17 1 0 7 33 14 10 2 4 13 18 7 6 5 0 0 3 20 0 11 1 2 15 5 7 2 10 0 4 6 12 9 13 5 10 13 7 2 21 0 0 6 1
0 0 0 0 1 0 0 0 6 0 1 0 9 0 25 4 0 1 0 0 2 0 0 1 1 0 0 0 0 1 14 1 2 1 1 0 0 0 0 1 4 3 0 0 0 0 0 0 0 2 0 1 0 1 0 0 0 0 0 1 0 2 1 0 1 0 0 0 2 2 0 0 0 0 0 0 0 0 0 3 0 4 3 0 0 0 0 0 0 4 0 0 4 0 0 0 0 0 9 0
0 5 0 16 5 0 1 2 0 0 15 0 0 0 0 0 9 1 9 1 1 0 0 4 11 0 2 1 0 0 1 5 1 12 10 0 1 11 0 2 3 5 9 2 0 0 2 0 0 5 0 1 3 10 2 0 2 10 21 0 7 5 2 5 1 5 6 1 0 4 3 1 0 27 0 0 1 13 3 0 5 0 2 5 2 8 1 4 2 1 0 4 0 0 8 2 3 2 5 0
0 2 2 12 2 2 3 19 5 0 5 3 9 0 7 8 3 4 2 7 5 0 8 0 2 9 0 0 1 5 9 2 0 0 2 8 8 26 2 1 8 0 2 1 4 2 9 1 0 7 7 0 4 9 1 2 4 8 3 4 11 0 3 3 5 4 5 9 4 5 11 8 5 5 7 15 6 2 8 3 1 6 1 3 0 0 3 21 6 4 2 7 0 14 3 5 4 18 1 0
0 0 2 1 0 0 0 0 3 0 0 1 12 0 2 1 0 0 0 0 5 2 0 0 1 1 0 1 0 1 3 2 2 3 2 5 0 0 0 7 1 1 0 1 0 1 0 2 0 0 1 0 0 10 0 0 0 1 4 0 6 0 2 0 0 0 0 0 11 0 2 0 0 1 4 1 0 0 0 7 26 0 10 6 0 2 1 0 0 1 1 1 3 0 2 0 0 0 0 0
0 0 7 1 0 0 0 1 2 0 0 1 7 0 14 8 1 0 0 0 6 1 0 0 0 0 0 0 1 1 0 2 1 10 0 3 0 10 2 3 4 0 0 0 0 0 0 0 9 0 1 0 0 0 0 0 0 0 0 3 3 0 0 0 0 0 0 0 4 0 0 0 0 0 0 1 0 0 0 0 3 3 1 0 1 0 1 0 0 2 0 0 1 0 0 1 1 1 2 0
0 5 0 0 2 3 2 6 0 2 11 8 2 0 1 0 1 14 2 8 1 3 4 5 4 0 0 4 3 7 3 2 7 7 4 7 7 2 7 6 1 0 0 3 26 0 0 3 16 18 1 2 5 2 2 0 1 4 0 1 0 3 1 1 4 1 3 4 4 10 0 0 4 4 2 6 0 2 7 0 0 2 2 1 1 3 3 2 0 2 5 0 0 6 12 2 5 1 15 12
0 11 1 1 21 9 8 0 10 1 0 2 5 3 1 15 3 3 2 1 10 9 17 0 13 10 13 10 1 14 2 1 2 9 10 1 0 13 1 4 7 1 13 0 11 7 1 3 3 24 4 0 0 21 24 12 0 9 0 3 9 6 10 48 2 2 5 1 11 7 0 3 19 6 7 0 2 2 2 0 0 28 10 10 0 4 0 4 10 0 1 6 9 2 9 43 10 19 13 31
1 6 4 0 6 0 9 4 11 2 2 0 8 4 10 6 5 26 9 7 3 25 3 2 17 3 8 1 0 22 0 1 36 1 1 12 10 0 1 8 0 0 39 4 3 1 29 0 37 13 3 0 14 13 12 7 13 1 2 4 21 0 3 0 4 7 23 0 32 4 23 20 4 28 6 9 15 4 3 3 21 6 5 2 5 15 11 5 12 2 2 2 1 3 26 11 12 6 0 3
5 5 0 13 11 3 1 7 0 12 2 0 0 5 0 0 7 6 10 2 3 0 4 8 0 5 3 1 0 1 0 0 0 0 1 0 3 7 1 1 0 3 2 0 2 0 6 0 0 0 4 1 1 0 6 5 0 0 0 1 1 0 7 1 4 6 3 5 0 6 0 4 1 6 0 0 7 2 16 2 0 0 1 0 10 4 0 2 1 0 4 4 0 3 0 1 6 0 0 4
0 9 0 4 8 12 6 4 4 3 1 2 0 1 0 0 0 2 4 0 1 0 0 9 8 3 2 29 7 2 0 1 0 2 1 1 3 2 4 4 21 0 0 2 0 2 13 1 13 0 3 11 1 1 10 0 10 1 1 0 8 1 8 1 4 8 4 4 0 10 0 3 2 1 1 8 0 0 1 0 3 0 0 0 1 8 7 0 8 0 0 3 0 3 4 3 1 2 3 4
2 10 11 5 1 0 7 9 3 6 0 1 4 1 28 6 0 2 5 5 7 1 1 13 4 4 7 2 3 12 0 4 7 9 2 7 20 2 3 13 3 17 0 5 10 13 2 1 1 22 0 20 7 0 0 5 1 10 1 7 1 5 0 2 5 37 1 4 0 4 8 2 0 0 2 3 6 4 7 0 3 1 1 4 0 1 9 4 3 3 4 8 1 0 2 15 10 0 3 6
4 0 2 8 16 1 3 0 10 1 1 2 0 0 7 3 0 2 4 1 0 8 6 0 4 3 7 0 1 0 0 4 7 12 1 3 1 7 4 5 4 12 1 2 3 5 2 0 7 2 2 11 0 4 3 2 19 0 1 2 9 0 2 1 11 2 3 0 0 10 0 5 2 1 0 0 13 3 0 0 1 6 2 1 2 4 5 8 5 3 1 4 2 0 3 2 3 4 1 11
7 4 7 2 8 6 3 7 0 1 11 14 0 1 0 0 6 6 6 7 1 0 7 1 4 2 0 5 0 0 0 2 0 0 1 1 23 0 4 1 0 4 5 17 1 2 2 3 2 6 8 0 5 0 13 0 4 0 1 3 6 0 1 1 9 0 22 7 0 1 2 5 2 1 1 4 1 2 7 0 3 0 0 0 0 1 0 0 5 0 3 1 0 2 4 3 7 10 2 1
1 0 1 0 1 2 0 2 0 0 1 0 0 0 0 0 0 0 0 3 1 0 0 2 0 0 0 0 0 0 0 1 1 0 0 1 0 0 0 1 0 0 0 0 0 4 1 2 0 0 0 0 0 0 0 0 0 0 0 0 0 1 0 1 0 0 1 0 0 1 0 0 0 0 1 0 0 0 1 1 0 2 0 0 0 0 0 0 0 0 0 0 0 0 0 0 0 0 0 0
3 12 16 11 16 1 4 5 9 1 1 23 5 1 0 23 9 8 2 7 10 0 4 1 3 1 1 9 12 1 18 5 6 0 4 9 2 9 2 6 5 8 12 0 1 9 28 9 7 8 2 6 6 7 3 11 2 30 9 4 6 0 3 2 9 8 18 31 8 17 2 0 1 3 2 7 0 21 2 6 2 4 1 12 21 0 10 12 3 11 19 11 18 3 5 3 19 5 7 7
0 0 0 1 2 0 0 3 0 2 1 0 0 0 0 0 0 0 0 0 0 0 0 0 0 0 1 0 0 0 1 0 1 0 0 0 1 0 0 1 0 0 0 0 0 0 0 1 4 0 0 0 0 4 0 1 0 0 0 2 0 0 0 0 0 0 0 0 0 0 0 1 0 1 0 1 0 0 0 0 0 0 0 0 0 0 0 0 1 0 1 0 1 0 0 0 0 0 0 1
5 0 10 1 23 3 5 15 3 8 10 8 3 5 5 0 33 0 1 1 10 0 0 1 2 3 11 7 6 9 5 2 3 11 0 0 0 2 7 1 1 27 23 4 8 11 0 1 2 8 5 7 4 17 43 24 13 5 0 14 5 3 10 11 18 15 14 4 0 0 9 18 3 6 3 11 1 5 2 0 6 0 15 7 5 0 1 16 13 2 15 2 1 19 0 15 42 0 1 23
0 0 0 0 0 0 0 3 0 0 0 0 0 0 0 0 0 1 0 0 1 1 0 8 2 0 0 0 0 0 1 0 0 0 1 0 0 0 0 0 0 1 0 0 0 0 0 0 0 0 0 0 1 0 0 0 0 0 0 0 0 1 1 1 0 1 0 0 1 0 4 0 1 5 0 1 1 0 0 1 1 2 0 0 1 0 0 0 0 1 0 0 0 4 0 0 0 0 1 0
0 0 2 0 2 0 1 0 1 2 4 1 5 1 2 4 0 0 0 0 0 1 0 0 0 0 0 0 0 2 0 0 3 0 0 0 0 0 0 0 5 1 0 1 0 0 1 2 0 0 1 0 0 1 0 0 0 1 0 1 0 4 2 1 0 0 3 5 2 0 0 0 0 1 2 1 0 2 0 5 0 2 5 0 0 0 0 0 0 5 0 0 1 0 0 0 0 0 2 1
2 2 0 2 5 6 7 2 1 0 2 1 0 0 2 2 1 5 9 9 0 1 1 10 2 4 0 3 16 0 0 0 0 2 0 0 4 0 2 1 0 0 10 4 0 7 3 0 0 1 13 4 2 1 2 1 5 3 0 3 0 0 1 2 11 1 1 0 1 2 3 0 12 14 0 0 5 4 2 0 0 2 0 0 13 3 0 9 10 0 1 4 0 7 0 6 7 2 0 1
1 2 8 19 2 6 1 7 0 0 9 1 0 21 2 0 0 2 3 5 0 0 3 0 8 0 2 0 0 1 0 9 0 1 0 9 9 3 6 4 0 0 4 6 6 1 2 7 9 5 1 2 0 1 9 1 0 7 1 0 1 0 3 1 1 6 8 3 0 0 1 1 11 5 0 8 2 16 2 0 12 0 0 1 2 1 6 2 1 1 0 5 0 0 3 2 9 2 2 0
6 10 10 6 9 2 1 10 9 15 41 5 11 7 6 5 4 5 32 4 0 2 11 4 5 18 10 11 7 0 7 10 3 17 1 9 4 6 22 0 3 4 12 4 2 4 24 8 7 3 0 8 14 10 7 2 0 2 1 7 5 2 1 13 0 0 6 25 4 7 18 12 9 6 1 2 3 5 2 0 8 6 2 3 5 7 5 1 6 3 8 0 0 1 1 5 2 0 3 6
7 28 2 8 17 14 2 2 1 12 1 1 0 17 0 4 14 3 2 2 32 5 3 5 7 10 1 3 7 9 0 3 0 8 10 0 5 1 3 14 4 6 23 13 1 1 11 0 5 8 17 4 5 6 0 5 6 3 5 17 2 1 15 7 0 7 1 1 19 5 29 0 1 19 1 0 5 0 2 3 1 2 9 7 8 14 6 2 0 0 0 6 2 0 1 4 0 0 8 8
1 11 3 1 2 3 0 5 4 0 11 5 17 9 3 5 4 2 8 2 5 12 10 6 6 10 12 17 0 18 8 2 2 0 4 12 5 18 1 4 6 3 21 4 0 6 5 18 11 13 6 6 0 0 1 0 5 18 28 23 2 5 13 3 0 0 32 0 7 8 4 27 7 7 8 3 43 3 5 1 3 11 3 0 6 3 2 5 0 6 14 0 3 4 3 1 0 1 4 36
2 0 6 1 0 0 1 0 1 0 0 1 3 0 1 4 0 0 0 0 9 1 0 0 2 0 1 0 0 0 1 1 0 3 0 8 1 2 0 3 8 1 0 1 0 0 0 0 8 0 0 0 2 3 2 0 3 0 7 1 5 4 0 0 0 0 0 0 3 0 0 1 1 1 5 2 1 0 0 5 1 8 1 0 0 0 0 0 0 0 0 1 9 0 4 0 0 3 1 0
15 17 0 2 2 7 1 1 5 13 14 1 20 0 8 0 6 9 1 3 3 2 0 0 8 9 0 24 29 4 19 3 1 1 2 1 14 12 17 3 6 7 4 1 1 1 3 16 8 11 0 47 2 3 0 11 10 15 2 3 3 11 2 1 3 19 5 10 0 2 3 1 1 23 20 0 5 2 3 1 0 2 22 0 0 14 16 0 7 12 1 3 0 12 6 4 1 5 3 2
0 0 0 0 2 0 0 0 3 0 0 0 0 0 5 19 0 1 0 0 7 0 1 0 1 0 1 1 0 3 2 0 5 0 1 1 0 0 0 0 1 0 0 0 0 2 0 1 0 0 0 3 0 6 0 0 0 0 23 0 4 7 0 0 0 0 0 0 0 0 0 0 0 0 8 0 2 0 0 9 0 8 4 0 0 0 0 0 0 0 1 0 1 0 1 0 0 0 3 0
0 0 0 3 5 6 1 2 0 3 2 3 3 2 1 0 0 0 0 8 0 0 3 15 5 3 0 16 5 0 0 1 0 0 5 1 3 0 13 0 0 11 0 6 1 6 6 3 3 5 4 0 5 0 0 1 9 6 0 0 0 1 3 10 0 4 3 5 0 14 7 8 5 8 0 0 12 0 0 0 0 1 0 0 1 0 4 13 10 0 1 2 1 5 0 6 0 0 0 0
0 6 0 8 2 3 3 6 3 1 1 0 2 8 4 3 12 3 1 0 1 12 0 4 4 5 3 5 0 0 0 1 1 1 2 1 0 0 5 4 18 24 0 0 8 0 4 0 0 0 4 0 8 2 7 18 4 2 1 0 10 5 0 0 1 3 8 1 6 0 16 20 1 2 0 7 5 4 0 5 8 8 1 0 2 0 3 3 0 2 11 6 7 1 0 3 2 1 0 25
1 0 2 9 1 1 11 0 3 7 0 5 0 9 1 3 0 2 14 2 2 1 22 9 2 4 7 5 5 6 0 1 4 9 3 3 2 11 5 3 1 3 1 7 1 0 18 0 2 0 0 0 3 7 0 0 3 1 0 0 0 8 4 5 0 0 0 2 1 1 9 4 1 4 0 1 9 25 1 3 2 2 1 1 1 2 2 0 2 4 2 11 5 31 0 5 6 2 0 4
0 4 1 0 0 15 2 4 13 20 2 3 15 11 2 11 2 3 11 37 4 9 15 1 5 8 0 0 27 8 24 3 11 1 2 2 20 15 7 1 19 3 0 1 5 2 6 13 11 1 19 2 4 2 16 3 0 3 4 14 14 3 5 8 4 0 3 1 11 1 2 8 1 3 10 6 5 2 4 6 1 2 3 11 9 3 5 0 5 7 14 2 4 2 7 7 7 1 16 2
14 17 13 3 0 3 1 11 14 1 0 23 10 7 4 0 6 2 2 1 7 7 14 2 4 6 8 3 2 1 2 2 14 0 2 3 0 3 5 1 14 9 30 4 1 21 2 9 16 4 1 14 0 1 6 3 0 12 11 1 20 2 19 4 19 2 9 0 2 3 28 7 2 3 1 7 7 2 6 2 3 5 6 0 2 7 4 16 25 16 5 13 9 29 26 10 5 3 1 5
9 0 3 4 9 0 1 2 0 4 6 3 3 1 7 3 30 3 2 0 6 2 1 4 0 0 15 0 8 2 3 4 1 1 2 0 6 1 2 6 3 3 4 1 2 7 6 0 0 1 2 3 8 2 0 0 3 7 0 4 0 20 0 4 0 4 3 11 0 0 0 10 0 6 2 4 13 4 13 10 0 0 6 1 7 5 6 1 13 3 9 3 1 4 6 5 1 5 5 1
1 1 0 2 0 0 1 1 0 0 0 0 0 0 2 0 0 0 0 2 0 0 0 0 0 0 0 0 0 0 0 0 0 0 0 0 0 0 0 0 1 2 0 2 1 0 0 1 0 0 0 1 0 0 0 0 0 0 0 1 1 0 0 0 2 0 0 0 0 0 0 0 0 0 0 0 4 0 1 0 0 1 0 0 0 0 0 0 0 0 0 0 0 0 0 0 0 0 0 2
7 7 11 6 7 6 17 7 0 18 14 5 4 0 0 5 0 14 8 8 7 0 14 4 2 9 6 0 1 6 5 12 5 11 1 0 16 1 10 4 5 10 1 8 3 3 24 0 6 5 10 1 2 1 6 0 13 1 5 10 8 1 28 10 19 4 6 3 4 1 14 2 12 3 4 6 6 12 3 33 8 11 20 17 4 0 0 3 2 1 7 14 0 3 0 13 2 6 0 1
0 13 7 4 0 13 3 5 5 10 0 1 12 5 3 1 1 3 2 6 1 2 1 1 0 1 3 5 1 2 0 22 9 2 0 3 2 2 15 0 4 3 0 5 1 14 0 30 10 6 15 3 2 0 0 4 0 3 6 9 2 1 1 2 3 4 6 3 5 16 1 1 7 8 13 7 8 0 1 0 0 1 0 4 2 3 2 0 0 12 3 0 1 5 1 0 1 4 1 1
0 0 0 1 0 0 1 0 0 1 0 0 1 0 2 1 0 0 0 2 0 0 0 0 0 0 2 1 0 1 0 0 0 0 0 0 0 0 1 0 0 0 0 1 0 0 0 1 2 1 0 0 0 1 1 0 0 1 0 0 0 0 0 0 0 0 0 0 0 0 0 0 0 1 0 0 0 0 1 2 0 0 0 1 1 1 0 0 0 0 0 2 0 0 0 0 0 0 0 0
2 0 0 1 1 2 0 0 0 0 0 2 0 1 0 0 0 0 2 1 1 1 0 0 0 0 0 0 0 0 0 0 1 0 0 0 1 1 0 0 0 0 0 0 0 0 0 0 0 1 0 1 0 0 0 0 0 0 0 0 0 1 1 0 1 0 2 0 0 0 1 1 0 0 1 0 1 2 0 0 0 0 0 1 0 9 0 0 1 1 0 0 0 1 1 2 0 0 0 0
0 0 1 0 0 0 0 0 0 0 0 1 1 0 6 1 0 0 0 0 9 15 0 0 0 3 0 0 1 1 3 2 3 11 1 1 1 3 0 16 0 0 0 0 0 0 3 0 2 0 0 1 1 1 1 0 0 0 1 1 4 1 0 0 0 0 1 0 4 3 0 1 0 3 13 9 0 0 2 4 1 2 4 2 1 0 1 0 0 5 0 2 1 0 1 1 0 7 18 0
0 26 2 4 4 3 0 2 2 0 20 3 4 10 3 0 18 1 3 3 2 0 0 3 3 5 4 0 2 8 1 5 14 11 6 1 3 17 11 19 1 1 4 10 7 6 8 1 9 2 11 15 22 19 3 3 11 3 15 25 0 11 14 28 3 1 0 8 0 9 2 2 4 6 0 0 0 11 10 1 13 0 8 4 0 10 11 3 12 10 9 5 0 7 3 1 6 0 10 2
3 3 1 1 1 3 0 2 0 3 10 4 0 1 0 1 11 0 2 5 0 1 2 7 0 4 0 15 3 0 0 2 0 0 16 0 1 1 1 2 0 1 5 2 3 1 0 0 0 0 2 0 14 0 2 1 9 4 1 13 0 2 0 3 2 1 8 2 0 8 1 0 0 6 2 1 0 10 0 0 0 0 1 1 0 6 10 9 5 1 0 3 0 0 0 7 13 3 0 1
0 1 1 4 0 4 15 2 1 8 0 0 0 6 0 0 13 1 7 0 0 1 0 3 2 1 2 7 0 0 0 0 0 0 0 0 0 0 0 1 0 6 2 3 0 2 4 4 0 2 0 1 0 0 11 4 0 3 0 3 0 0 2 10 6 5 1 1 0 2 1 12 5 11 0 0 4 5 0 0 0 0 0 0 1 5 1 4 5 0 4 0 2 1 0 2 0 0 0 5
0 1 0 1 0 0 0 3 0 0 0 3 0 0 0 0 0 0 1 0 0 1 3 0 3 0 0 0 0 0 0 0 0 2 0 0 0 0 1 1 0 0 0 0 1 0 0 0 1 2 0 0 0 0 0 0 0 1 0 1 2 1 1 0 0 2 0 1 0 0 0 1 1 4 2 1 0 0 0 0 0 0 0 0 0 0 0 3 1 0 3 0 5 0 0 0 0 1 0 0
17 17 4 16 0 0 0 3 0 5 3 6 0 2 0 0 1 3 5 2 0 0 4 5 1 9 1 0 0 3 0 17 0 0 2 2 9 5 6 0 0 3 3 1 0 3 5 0 18 4 3 1 2 0 10 10 1 1 0 3 19 0 0 2 3 1 0 5 0 2 4 3 1 1 0 4 0 4 6 0 3 0 0 0 2 4 2 6 0 0 4 2 0 0 1 13 1 7 1 7
2 11 0 0 12 12 3 0 13 0 1 24 8 11 17 5 19 8 1 11 10 6 6 3 22 8 3 36 5 5 5 29 6 1 10 1 11 0 9 0 4 8 2 29 6 0 8 0 3 3 14 5 9 5 6 10 0 6 9 1 29 2 12 0 5 9 2 16 0 9 2 2 1 0 5 22 0 1 24 0 17 2 2 21 0 0 5 4 1 18 19 17 21 1 1 7 14 22 1 3
8 2 0 2 11 0 0 7 0 5 2 1 0 1 0 0 0 1 6 3 1 0 4 6 0 0 4 9 0 1 0 2 0 1 0 0 4 1 12 0 0 1 0 1 4 1 5 7 0 7 12 1 0 0 6 3 1 1 0 11 1 0 4 7 7 1 8 7 0 2 0 0 2 2 0 0 2 3 3 0 0 0 0 1 1 6 0 3 1 3 3 11 1 0 0 13 2 0 0 1
1 8 5 3 7 0 4 2 4 0 8 14 1 8 9 2 1 2 4 3 0 1 13 1 1 1 0 3 0 9 11 6 4 6 1 0 3 6 4 0 3 7 1 1 3 10 1 1 9 4 8 5 7 7 0 9 3 0 12 0 14 3 1 3 0 0 2 12 0 2 17 0 4 0 6 14 16 10 10 2 7 3 0 25 0 1 1 4 4 2 4 17 0 1 15 0 4 2 28 6
2 4 7 9 2 1 0 14 11 4 0 10 1 4 5 0 36 20 7 1 3 13 0 1 13 17 19 14 0 20 10 9 11 9 4 0 0 1 0 3 43 13 5 3 12 25 4 8 3 1 2 11 7 0 15 11 11 0 42 15 26 3 4 8 4 13 4 10 10 8 9 10 9 15 5 19 5 16 1 15 4 7 0 1 9 13 29 12 3 12 3 7 5 14 6 1 0 0 39 3
0 9 6 9 1 3 5 2 14 4 0 9 0 1 0 5 0 7 0 0 0 2 4 22 1 1 15 2 4 1 13 7 2 3 4 0 0 0 6 4 1 0 1 0 15 0 4 0 1 0 11 0 1 9 0 1 1 4 7 3 0 5 5 8 10 5 2 1 2 4 1 5 1 0 3 12 2 5 0 9 0 10 1 0 7 8 1 3 5 1 0 0 4 4 1 1 3 2 0 1
30 1 6 3 4 2 4 26 13 19 1 10 6 9 3 1 3 14 2 2 2 0 5 31 11 0 7 1 29 0 12 2 5 1 11 9 19 2 1 2 2 4 3 9 5 11 1 15 13 7 6 13 1 6 0 1 2 4 1 10 0 13 20 2 0 12 19 3 1 5 2 13 5 4 0 16 4 5 2 2 0 2 2 5 11 0 7 1 5 9 20 11 13 6 6 16 0 20 5 4
2 0 2 2 0 0 0 0 2 0 0 0 2 0 0 4 0 0 0 0 4 8 0 0 1 0 0 0 2 3 0 0 0 3 2 3 0 0 0 3 2 0 0 0 0 0 0 0 4 2 0 2 0 1 0 1 0 0 2 0 0 2 0 0 0 0 1 0 0 0 0 1 1 0 0 2 0 1 0 3 0 2 5 2 0 0 0 0 2 8 0 0 4 0 2 0 1 0 0 2
1 3 9 6 3 12 0 8 0 4 12 2 1 4 0 1 0 4 4 4 1 4 5 7 8 7 10 3 5 1 0 0 4 0 3 0 5 10 3 6 0 30 3 5 0 0 1 6 6 0 5 7 0 0 0 4 2 6 18 9 1 0 21 3 0 9 6 1 10 6 15 5 4 0 0 7 0 0 3 13 0 1 0 0 10 9 2 0 0 2 7 0 2 27 4 15 3 2 0 2
