1 6 0 6 6 1 12 8 5 2 0 2 0 16 1 2 8 5 12 0 1 4 7 2 1 4 0 8 13 1 2 3 14 11 0 0 2 12 3 4 1 2 2 8 0 3 2 0 0 2 11 19 8 1 1 14 5 0 10 3 4 5 4 7 2 9 4 18 10 6 6 1 7 1 3 2 0 7 0 13 9 8 11 0 3 0 0 0 1 6 2 0 2 1 1 4 0 1 1 0
1 1 0 1 0 0 0 0 0 0 0 0 0 0 1 0 4 0 1 0 0 1 1 1 0 1 0 0 1 0 0 2 0 0 0 0 0 1 5 0 0 0 4 0 0 0 2 4 0 0 1 0 0 1 1 0 1 0 1 1 1 0 3 0 0 0 9 0 0 0 2 0 0 7 2 0 0 0 0 5 0 0 0 0 0 0 1 0 0 1 0 0 0 0 4 0 0 0 1 0
1 1 5 0 14 1 0 0 2 4 2 0 2 4 3 3 0 5 12 1 23 17 2 1 1 7 9 0 0 3 15 0 0 4 0 7 3 1 0 10 2 0 0 1 3 6 0 5 0 1 5 4 2 8 0 7 0 8 5 25 3 9 0 0 0 5 0 1 0 2 1 7 0 4 12 0 12 6 0 6 2 4 4 3 8 7 2 0 6 13 18 3 5 4 0 9 1 0 10 1
13 0 2 3 5 5 0 2 16 1 4 8 3 0 6 14 8 4 15 4 12 0 2 6 3 1 0 2 5 0 0 0 7 2 11 6 6 1 0 9 0 3 6 23 11 4 2 5 3 0 1 10 1 1 4 6 10 1 2 0 4 4 1 7 3 2 3 13 0 0 5 2 3 1 8 3 16 0 5 4 0 3 1 9 0 2 9 10 1 40 2 8 1 3 1 3 2 2 4 7
0 0 0 2 1 0 3 0 0 1 0 1 0 1 0 1 0 0 0 0 0 0 2 0 0 1 2 0 0 0 0 0 0 0 0 1 1 0 0 0 0 0 1 2 1 0 0 0 0 0 1 0 0 0 0 0 0 0 0 0 0 1 1 0 0 0 2 1 0 1 0 0 0 0 1 0 9 0 0 0 3 1 0 0 0 0 0 1 0 2 0 0 0 1 0 1 0 0 0 1
0 0 2 0 0 0 0 0 0 2 1 0 0 0 1 1 1 0 0 0 0 1 0 2 1 0 1 2 0 1 0 1 4 0 0 0 0 0 0 0 0 0 0 0 0 1 0 1 0 0 0 0 2 0 1 3 0 2 0 0 0 0 1 0 1 0 0 1 0 0 0 0 0 0 9 1 0 0 0 0 2 0 0 2 0 0 0 0 0 1 0 0 1 0 0 1 1 1 0 1
2 1 0 1 0 0 0 1 0 0 1 0 0 3 0 0 0 0 0 0 1 0 0 0 0 1 0 0 1 0 0 0 0 1 1 0 1 3 0 0 3 0 1 0 1 1 0 0 0 0 1 0 1 0 0 0 1 3 1 0 1 1 1 1 0 0 5 0 1 1 0 1 1 0 1 0 0 0 1 3 0 1 0 0 0 0 0 0 2 1 1 0 0 2 0 1 0 2 0 0
7 1 20 8 10 9 7 2 3 22 16 8 4 39 0 1 7 3 2 5 5 4 1 4 1 1 1 1 14 13 3 0 0 11 39 22 1 4 1 2 37 7 7 14 1 12 0 32 10 7 1 9 3 20 1 8 1 5 0 8 8 7 7 0 1 7 15 10 0 6 5 0 7 18 2 0 1 4 13 1 1 0 0 0 0 6 33 7 25 21 3 1 0 8 0 12 22 2 13 3
0 0 0 1 0 0 2 2 0 0 0 0 0 0 0 0 0 1 1 1 0 0 1 2 1 1 0 0 0 0 3 1 0 0 1 1 0 0 1 1 0 0 0 2 0 1 0 1 0 0 2 0 2 0 0 2 0 1 6 0 0 0 0 0 0 0 0 1 0 0 0 0 1 0 2 0 0 1 0 0 1 1 0 0 0 0 0 0 0 0 0 1 0 0 0 0 0 1 1 0
0 1 1 0 1 2 0 1 0 1 0 0 0 1 0 2 0 0 0 0 0 1 0 1 0 0 0 0 13 0 0 0 0 0 0 0 1 2 0 0 1 0 0 1 2 0 0 0 1 0 0 1 0 1 0 3 0 0 0 0 0 0 0 0 0 1 0 0 0 0 0 0 0 0 0 0 1 0 0 0 0 0 0 0 0 1 1 0 0 1 0 0 0 1 1 1 2 0 0 2
0 2 2 0 1 0 0 1 1 0 1 0 0 2 1 1 0 0 0 0 1 1 0 2 2 0 0 0 1 0 0 0 0 0 0 6 0 0 0 0 0 0 2 0 1 0 2 1 2 0 0 0 0 7 0 0 0 0 0 0 1 2 0 0 1 0 0 0 0 2 0 0 0 0 0 0 0 0 0 3 0 0 0 10 0 0 0 0 0 0 0 0 0 0 0 1 0 0 0 1
1 0 0 0 1 0 5 0 0 0 1 9 2 0 0 0 0 3 0 0 0 1 2 2 0 0 0 0 3 0 0 0 0 4 0 0 1 0 1 0 0 0 0 2 0 0 1 1 0 0 1 0 0 0 0 0 3 0 0 0 2 1 1 0 1 0 0 2 0 1 0 0 0 0 0 0 0 0 0 0 0 1 0 3 0 2 0 2 0 0 0 0 0 0 2 0 1 0 0 1
0 0 1 0 0 0 1 1 0 0 1 2 1 0 0 0 0 2 0 3 0 0 0 0 0 0 0 2 1 0 1 0 0 8 0 0 0 3 0 0 0 1 0 2 1 0 0 0 1 0 1 0 0 0 2 0 0 1 0 1 0 0 0 0 1 0 0 1 0 0 0 0 0 0 0 0 1 0 0 0 0 0 0 1 0 0 0 1 0 0 0 8 0 1 2 1 0 0 1 1
3 0 0 0 0 0 1 1 1 0 0 0 0 0 0 0 0 1 0 0 0 0 1 2 0 0 0 0 0 0 1 0 1 0 0 0 0 0 0 1 2 0 1 1 1 0 0 0 1 1 0 0 0 1 0 0 2 1 1 0 0 0 1 0 0 1 1 0 0 2 0 0 0 0 1 0 0 10 0 0 0 0 1 0 0 0 0 1 0 2 0 0 0 0 1 0 0 0 1 0
0 4 1 10 13 0 1 0 22 12 0 11 1 15 9 6 20 5 2 3 11 5 12 18 2 3 11 0 1 1 20 2 11 4 11 2 21 4 4 1 0 5 18 4 2 16 6 1 0 3 25 6 1 17 6 15 20 24 5 28 29 5 18 12 0 0 4 28 3 2 4 13 27 6 7 2 45 1 21 15 6 8 0 13 8 1 9 0 2 6 0 19 14 13 44 7 7 1 1 29
5 4 0 3 0 8 6 7 9 2 8 4 0 5 16 17 4 3 14 1 0 10 11 29 16 18 11 1 17 1 3 4 0 23 1 22 1 10 8 2 15 3 0 14 6 7 2 0 5 4 7 7 14 15 5 3 4 13 8 8 19 5 10 9 22 26 17 2 3 3 1 2 5 10 2 4 13 0 4 11 12 0 0 2 1 12 5 0 11 9 14 7 5 15 7 3 10 2 32 6
3 6 6 0 6 4 5 5 1 1 3 1 0 0 8 0 8 3 3 8 5 2 0 4 0 2 3 4 3 9 1 5 4 0 3 2 4 0 3 1 5 3 0 2 0 8 3 3 9 0 7 11 12 6 2 7 15 0 2 2 0 0 2 3 10 1 10 0 9 2 7 4 4 6 0 0 1 1 8 2 1 2 4 5 3 0 4 4 5 0 6 1 7 0 5 1 4 2 0 8
20 0 1 2 14 8 8 0 4 0 1 3 3 0 20 0 10 3 17 0 6 4 2 1 2 12 24 12 0 5 1 4 0 1 4 0 4 1 3 1 3 11 6 10 3 30 1 0 14 1 2 1 1 4 0 21 4 5 6 1 11 4 8 6 1 0 2 3 0 25 2 17 6 1 23 0 7 6 7 6 0 0 2 2 6 0 15 0 14 0 5 10 3 22 14 1 22 2 3 1
1 1 0 3 0 5 9 5 9 4 5 1 5 2 3 1 13 0 5 1 5 9 11 2 6 12 1 4 0 1 2 0 0 1 6 21 0 2 1 0 5 4 1 0 20 6 17 4 1 1 1 3 4 0 2 2 5 2 0 4 2 2 0 0 5 6 5 4 0 3 9 8 2 1 2 2 11 2 7 0 15 0 9 6 1 2 3 9 3 3 1 0 0 12 7 18 4 2 1 17
0 0 0 0 1 5 0 0 0 0 0 0 0 2 0 0 0 0 1 0 0 0 0 1 1 1 2 0 2 1 0 0 0 2 1 0 0 3 0 0 1 1 0 0 0 1 0 0 0 2 3 2 0 0 1 0 0 0 2 1 1 0 0 1 0 2 1 0 1 0 3 1 0 0 0 1 1 0 0 1 0 0 0 0 0 0 0 0 0 1 1 2 2 0 0 3 4 0 5 0
11 1 14 1 5 0 2 1 3 0 13 0 12 2 3 1 18 1 4 2 0 2 2 4 2 0 11 3 9 3 5 13 1 11 0 1 0 3 2 0 5 4 4 6 2 1 0 3 4 0 0 8 9 0 0 0 3 4 4 6 4 7 0 1 2 3 7 2 3 5 2 4 6 2 5 3 7 1 6 3 3 1 2 9 0 8 0 0 14 5 2 2 6 0 0 1 4 4 1 0
0 2 0 0 0 0 0 0 0 0 0 0 1 7 2 0 1 0 0 3 0 0 1 0 0 0 0 2 0 0 0 0 0 0 2 0 7 0 0 0 0 0 0 0 0 1 0 0 0 0 2 1 2 0 1 0 1 0 1 0 0 0 0 0 0 0 0 1 0 0 1 1 0 0 0 2 6 0 0 1 0 0 0 0 2 0 5 0 1 1 0 0 0 0 0 0 5 0 0 0
0 3 2 12 7 8 1 0 1 9 1 7 0 2 4 8 7 9 1 4 11 24 17 3 1 9 0 3 3 5 1 8 6 2 1 3 8 31 4 2 2 7 3 6 1 2 8 4 1 3 11 4 10 0 5 2 1 0 3 14 2 4 8 4 0 15 24 0 2 2 3 2 17 6 0 2 1 12 12 4 11 4 4 1 2 1 1 8 4 3 0 1 1 8 0 1 0 19 3 0
7 3 0 0 4 1 0 0 5 7 6 7 1 0 3 2 0 2 9 6 1 7 4 3 5 26 0 0 3 12 9 0 6 4 4 9 1 7 0 6 0 1 5 0 10 1 3 1 7 10 3 4 3 11 5 12 2 0 2 4 9 4 1 1 2 2 6 0 5 1 1 0 5 5 8 5 6 15 9 6 2 6 5 0 3 1 4 9 4 9 3 1 1 0 1 2 2 1 0 7
3 4 23 6 4 0 2 3 3 10 15 4 18 26 8 3 2 3 14 3 7 0 4 0 17 15 0 2 4 3 7 0 1 6 9 4 7 2 1 13 18 3 1 1 18 1 3 12 11 24 3 5 10 7 9 12 6 19 1 15 5 13 9 2 1 3 2 14 14 1 6 19 0 1 0 1 6 0 26 1 10 5 16 7 4 0 11 17 4 18 9 17 28 2 4 3 8 9 1 10
0 0 1 0 1 0 0 0 1 0 0 0 0 0 0 0 1 0 0 0 0 0 0 0 1 2 0 0 1 1 0 2 0 0 0 0 0 1 0 0 0 0 0 0 0 1 0 0 0 0 0 0 1 2 1 0 2 0 0 2 0 0 4 1 0 0 0 0 0 0 0 0 0 0 6 0 0 2 0 0 0 0 0 0 0 0 0 0 0 2 0 0 0 0 0 0 0 0 0 1
6 2 16 13 1 16 1 5 0 31 27 6 0 6 8 7 11 8 7 3 17 2 23 14 2 4 5 0 13 3 0 2 2 13 28 5 0 0 2 12 5 3 26 2 10 1 31 4 0 12 4 1 0 7 1 20 6 18 13 0 6 3 7 13 7 3 10 7 0 4 0 4 4 23 9 11 3 1 0 6 15 9 3 9 0 22 17 8 11 23 5 0 0 22 4 2 0 6 4 3
0 0 0 1 0 0 0 0 2 1 0 0 0 0 0 0 2 0 2 0 2 0 0 0 0 0 1 0 1 0 0 0 0 0 3 0 0 6 2 0 0 0 0 2 0 0 1 1 0 0 0 0 0 0 1 2 0 0 0 3 0 0 0 0 0 0 3 1 0 0 1 0 0 0 0 0 0 0 0 0 2 0 0 0 0 0 0 1 0 0 0 2 0 1 0 0 0 1 0 1
18 7 6 2 21 3 6 0 1 2 0 4 2 2 0 5 12 1 2 27 15 1 3 4 13 2 9 3 2 8 6 10 3 2 7 2 9 6 0 2 0 3 1 2 0 3 4 0 1 0 1 2 11 1 1 9 1 1 1 2 2 3 0 1 1 0 1 9 5 1 3 2 0 0 10 9 1 5 9 0 0 0 8 4 6 8 9 6 2 2 1 1 8 3 1 0 0 4 1 8
0 13 15 2 1 4 5 13 8 1 3 7 9 0 0 4 0 0 3 0 2 0 2 0 0 7 0 0 0 3 1 0 8 0 1 4 3 0 5 5 19 0 3 2 9 7 0 2 0 1 6 4 4 5 2 3 6 5 2 1 2 0 7 2 2 0 0 11 1 1 5 5 0 0 1 1 3 14 0 12 11 3 4 4 0 0 10 3 0 6 4 1 4 3 7 7 18 6 10 2
5 0 3 7 15 4 0 2 0 8 2 6 5 4 8 23 3 5 5 3 0 7 1 13 1 1 0 14 1 0 1 6 5 9 0 0 7 7 1 0 0 12 2 1 3 1 4 6 4 1 1 2 1 11 1 0 8 0 1 5 2 5 12 0 4 1 0 0 5 0 3 0 9 1 0 1 6 4 1 0 0 5 0 1 6 1 2 15 4 1 18 2 2 2 0 0 4 4 2 3
0 0 7 4 3 0 0 17 3 0 3 5 2 0 1 13 2 8 4 4 2 1 0 3 5 0 0 2 8 2 1 7 5 0 0 3 2 1 4 5 0 0 7 14 0 1 5 29 0 2 1 5 4 0 3 7 12 3 8 0 0 1 1 4 1 8 2 2 1 0 3 5 2 1 2 2 0 1 0 11 6 25 2 7 0 4 0 5 2 0 1 2 13 4 5 0 4 1 4 2
7 8 1 16 4 0 0 0 3 1 6 1 6 2 9 1 0 4 0 0 2 6 1 0 3 1 5 0 5 0 6 6 0 0 5 4 10 0 0 1 2 0 7 6 0 3 3 0 10 2 0 8 5 0 0 5 8 2 0 3 0 0 3 0 3 11 2 0 6 2 4 4 1 1 0 1 8 3 1 5 4 0 0 10 0 3 1 7 24 0 0 2 1 3 0 0 9 12 4 1
13 31 2 0 44 0 2 0 9 5 0 7 2 5 3 0 13 3 33 18 5 1 10 2 1 1 4 0 8 10 6 0 18 7 19 9 2 13 5 0 0 1 16 6 3 11 8 2 24 0 6 2 2 9 0 1 3 0 15 3 0 57 14 9 5 5 3 0 3 4 6 18 19 1 5 1 8 0 1 11 1 8 5 3 2 1 0 12 2 0 13 4 11 9 9 6 1 0 6 15
4 4 0 1 2 2 1 7 6 4 2 0 2 7 7 8 2 0 18 8 3 4 1 16 7 4 0 17 5 3 6 0 6 6 6 5 12 6 16 2 3 1 4 0 2 1 2 0 3 1 3 3 0 33 15 6 17 0 0 0 12 1 4 3 2 5 0 21 4 3 6 2 18 4 4 8 8 2 0 6 1 6 23 1 23 8 7 2 3 3 4 9 10 8 7 10 2 3 0 9
2 0 1 9 2 3 0 1 9 1 6 4 10 2 5 4 11 42 1 0 26 2 4 3 0 2 6 7 5 13 0 5 8 0 0 11 1 5 1 2 9 1 14 9 13 0 8 4 0 13 6 1 10 18 1 18 0 9 40 6 1 0 2 5 6 3 9 3 2 1 6 2 1 0 3 6 6 5 4 0 3 19 8 5 6 2 6 5 2 9 14 3 7 11 14 24 11 32 20 7
1 0 0 0 0 0 0 0 2 1 0 0 0 0 1 0 0 0 0 0 0 1 1 3 0 0 0 0 0 0 0 0 1 0 0 1 12 1 1 1 0 0 0 0 0 0 0 3 0 0 1 1 1 0 0 1 3 0 0 1 0 0 1 0 1 3 0 3 1 1 0 0 0 0 0 0 4 0 0 0 0 0 0 0 2 0 0 0 0 1 0 0 1 0 0 0 0 0 1 0
0 2 8 6 3 6 12 18 1 4 3 0 2 7 1 1 5 1 0 1 6 2 0 1 0 3 10 0 0 1 2 1 2 0 2 1 1 0 3 17 6 14 4 10 3 3 5 8 9 1 1 3 5 4 0 1 4 1 5 1 3 0 0 3 5 0 3 0 1 2 6 0 0 10 0 0 1 4 10 2 8 6 4 7 0 2 0 1 0 23 4 0 2 6 4 0 0 1 14 0
20 6 6 12 3 10 6 3 0 9 33 6 7 0 1 0 15 6 3 0 6 10 18 11 5 3 13 1 2 5 7 8 13 0 13 19 3 2 1 37 11 0 11 14 13 11 10 1 5 15 0 10 0 1 12 2 1 19 2 3 2 4 11 8 2 1 4 0 13 8 16 7 3 2 7 5 6 1 14 7 7 23 6 12 0 1 1 3 5 11 10 21 3 10 11 10 9 1 3 7
0 4 1 0 2 13 2 9 2 2 1 4 7 5 1 0 2 0 2 1 1 5 7 0 12 1 6 2 0 5 9 3 4 5 3 19 8 0 12 1 6 0 1 0 3 2 3 7 2 4 14 3 2 6 2 1 0 1 13 10 0 7 0 5 15 1 0 3 1 0 1 5 4 9 5 8 3 2 0 4 3 10 1 14 2 1 2 4 2 15 0 9 2 4 3 4 7 0 0 12
0 0 1 0 0 0 1 0 0 0 0 0 2 0 0 3 0 0 0 1 1 1 0 0 0 0 0 0 0 0 0 1 0 0 1 1 0 1 0 0 3 0 0 0 1 0 0 0 1 0 1 1 0 2 0 0 0 0 0 0 0 0 1 1 0 0 0 0 0 0 0 0 0 0 0 0 3 0 0 7 1 1 0 4 0 1 0 0 0 0 0 0 0 0 0 1 0 0 0 2
0 0 12 21 1 11 3 1 13 8 3 11 5 3 12 2 1 5 11 0 5 3 5 1 0 5 2 22 2 2 7 9 11 15 3 6 7 25 3 4 5 6 10 3 31 5 7 11 0 11 7 6 1 0 2 21 3 3 2 8 2 2 15 6 3 14 8 11 4 1 0 0 0 8 4 6 20 9 5 2 6 4 7 21 4 17 7 14 3 24 3 5 19 4 1 5 15 2 0 11
2 3 14 5 21 3 28 5 5 6 0 5 4 3 16 7 2 10 1 0 1 0 2 1 1 0 0 1 8 2 0 0 3 3 2 0 0 15 4 0 0 2 2 7 1 4 0 8 3 2 0 3 3 10 0 11 5 6 6 13 3 5 2 2 4 2 2 0 2 0 11 2 0 3 0 0 3 0 4 2 5 4 3 0 12 0 5 7 3 12 16 5 5 0 2 15 3 7 0 1
0 5 4 11 0 1 2 2 2 2 9 7 10 2 3 2 1 0 0 3 0 3 5 0 3 0 1 2 7 0 5 15 8 0 0 2 2 1 1 7 1 3 1 0 0 8 2 0 4 2 0 10 2 3 2 11 2 1 0 7 1 12 0 1 29 6 0 0 1 3 1 4 8 7 0 1 0 2 0 8 5 9 1 2 0 3 1 2 1 4 3 0 0 2 2 4 2 1 8 2
8 0 24 2 2 4 1 0 5 0 0 5 4 5 0 0 1 4 7 0 6 0 4 0 1 8 7 4 2 0 0 7 9 0 3 0 6 2 0 0 1 4 2 8 4 1 1 2 7 1 0 4 0 0 1 2 15 1 6 16 5 3 7 1 1 2 0 16 0 1 4 0 1 1 4 2 15 2 0 12 3 1 0 6 10 0 0 28 0 0 1 1 0 13 1 4 0 8 0 6
5 9 2 2 1 12 4 10 2 8 0 4 15 9 0 23 1 7 1 0 12 1 9 5 11 4 5 2 5 0 15 8 4 4 2 8 1 8 0 5 3 7 4 3 10 0 1 1 1 14 19 5 6 1 1 17 9 11 4 0 6 10 0 17 0 3 0 0 5 24 0 33 2 3 6 0 5 4 4 3 9 18 1 0 7 0 9 6 7 8 5 8 8 11 6 5 6 8 23 13
11 0 7 4 0 2 10 16 11 1 1 6 3 2 2 10 4 4 3 4 2 16 8 3 2 0 37 1 4 7 8 5 2 15 6 2 1 0 5 7 2 9 8 3 17 29 8 17 9 14 28 10 11 5 20 0 5 3 26 5 0 7 14 0 1 2 10 6 1 3 2 9 3 0 2 9 3 7 5 9 10 11 8 0 5 5 1 0 0 0 0 5 15 6 4 3 0 8 3 1
3 6 26 20 4 0 1 5 11 1 0 3 19 9 3 4 14 1 15 5 5 10 12 1 3 3 5 0 0 2 11 0 0 4 0 15 0 20 2 0 12 2 18 0 1 6 14 16 12 16 0 2 4 5 2 7 6 31 6 31 10 23 2 7 7 4 1 10 5 0 7 4 3 52 1 2 26 2 0 20 11 0 0 28 11 1 21 8 7 62 11 17 16 30 15 1 3 24 6 3
3 0 0 0 2 3 9 21 0 5 3 0 1 0 3 2 1 2 1 6 8 5 0 2 7 0 1 1 4 3 0 7 20 5 2 5 23 0 4 1 4 0 1 0 5 5 0 1 1 9 7 4 8 1 0 5 16 0 1 11 7 0 21 1 8 3 14 14 0 1 6 5 0 11 5 5 0 0 0 7 2 6 3 5 5 7 3 1 1 9 0 1 6 10 9 12 3 18 4 1
1 0 1 0 3 4 5 9 0 6 8 3 4 7 18 19 12 0 19 3 61 27 3 1 2 16 13 3 11 1 14 5 5 5 11 5 15 0 31 19 1 14 1 1 0 9 6 1 3 44 1 1 16 3 10 8 2 0 16 2 3 4 19 11 8 2 0 13 1 7 5 5 2 0 20 7 2 7 7 3 26 6 7 6 10 10 0 0 1 4 1 20 26 2 13 2 21 2 38 14
0 8 5 21 0 7 3 4 7 6 2 12 2 16 3 15 1 13 6 6 2 2 5 15 0 12 3 5 8 0 3 3 3 22 7 1 2 12 1 4 3 18 2 1 0 17 6 0 1 1 2 0 6 4 1 0 13 0 16 4 4 3 14 1 5 0 8 12 5 1 3 18 12 5 21 0 0 32 2 10 1 17 2 0 4 1 3 29 10 5 12 3 2 1 9 4 0 1 4 6
0 1 0 1 0 0 0 0 0 0 0 0 1 0 0 2 0 0 0 2 3 0 0 1 1 0 0 1 0 0 0 1 0 0 0 0 0 0 0 0 0 1 1 0 0 0 2 0 1 1 0 0 0 0 0 0 1 0 1 2 0 3 1 0 1 0 1 0 0 1 1 1 0 0 2 1 0 1 0 4 0 0 0 0 0 0 0 0 1 0 0 0 0 0 0 0 0 0 2 0
2 3 2 4 3 9 25 5 1 7 4 4 2 3 22 3 13 5 17 8 6 1 13 9 16 32 6 8 15 0 6 8 13 9 0 52 1 7 6 5 1 3 0 6 3 1 9 12 18 10 13 0 2 6 1 1 6 8 6 19 0 4 7 4 6 3 5 7 2 2 1 8 2 0 1 6 1 3 5 19 5 4 5 7 16 1 2 5 3 2 22 4 5 13 0 3 2 3 0 1
0 0 1 0 2 0 0 0 2 1 0 0 0 0 0 3 0 0 0 1 0 1 2 0 0 0 0 0 1 1 0 1 0 0 0 4 2 2 0 1 0 1 0 0 0 0 0 2 0 0 0 1 0 0 1 0 2 0 0 0 0 0 0 1 0 1 0 0 0 1 1 1 1 0 0 0 5 0 1 0 2 0 2 0 0 0 0 0 3 0 0 0 0 3 2 0 1 0 0 1
1 2 6 0 1 8 0 1 1 5 5 5 0 0 2 4 0 7 3 2 1 0 6 4 9 2 0 2 2 1 3 0 4 2 0 6 1 13 0 6 3 7 13 0 3 5 12 17 6 4 0 2 1 2 0 8 2 4 7 0 1 7 1 4 20 5 2 0 0 1 0 6 2 4 1 1 9 0 2 14 5 3 3 7 0 10 5 6 18 0 2 6 2 4 1 0 14 1 10 0
6 0 2 2 2 1 0 1 7 15 1 0 8 10 11 8 4 0 9 5 4 1 0 4 21 15 4 2 4 2 1 0 2 3 0 13 4 2 4 9 1 1 4 1 6 1 0 2 13 0 1 7 0 10 1 1 1 0 0 10 4 8 1 0 2 3 3 1 9 10 1 2 1 3 1 2 0 1 0 2 6 2 0 7 13 0 3 4 9 0 0 4 1 4 1 2 8 2 8 8
0 0 0 0 0 2 0 0 0 1 0 0 1 12 0 0 0 0 0 0 0 1 1 0 0 0 0 0 1 0 2 0 2 0 0 1 1 0 0 0 0 1 0 1 2 0 0 0 0 0 0 0 0 0 0 0 0 0 0 0 0 0 0 0 0 0 0 1 1 1 0 0 0 1 0 1 2 1 0 0 0 1 0 1 0 2 0 0 0 0 0 0 1 0 4 0 0 0 0 0
0 1 0 5 1 5 1 8 10 3 6 12 2 0 2 8 3 17 1 4 5 5 3 14 10 1 2 0 3 2 6 0 2 4 2 1 3 2 5 0 2 12 0 0 6 0 0 0 5 5 2 8 8 2 5 0 3 2 1 0 7 0 6 2 7 10 13 7 7 3 3 9 8 9 1 16 6 0 10 12 5 2 9 4 4 6 12 2 1 0 1 14 1 4 15 5 1 0 2 9
0 0 0 0 1 0 0 0 0 0 0 0 0 1 0 2 1 2 0 0 0 0 0 0 0 0 0 0 1 0 0 0 0 0 1 0 5 0 0 4 2 0 0 4 0 0 0 0 0 0 1 2 1 0 0 0 0 0 0 1 0 0 1 0 0 1 0 0 0 0 0 0 1 0 0 1 6 0 0 0 0 0 0 1 0 0 1 0 2 1 1 1 0 0 0 0 1 0 1 1
7 0 8 9 4 16 10 13 18 23 0 8 29 0 0 4 18 3 4 6 17 4 17 18 3 2 5 15 1 1 16 2 10 10 25 8 2 1 13 15 10 4 2 11 15 8 7 1 2 4 16 15 9 2 5 4 1 12 4 8 1 2 9 1 5 0 10 8 2 2 3 2 8 5 4 21 16 22 4 0 19 12 5 0 2 1 8 10 3 16 6 36 1 1 15 1 3 11 1 1
5 6 3 0 2 13 4 0 8 1 3 1 1 2 6 4 5 12 0 2 1 14 1 0 0 9 9 1 14 20 3 11 1 14 1 6 2 6 1 6 9 1 13 2 3 4 9 12 5 0 2 0 2 0 2 6 9 2 0 6 0 7 1 0 7 10 0 12 4 0 1 0 6 0 0 2 5 4 2 2 4 2 7 2 0 1 21 3 6 7 2 13 0 0 1 3 4 0 4 0
1 29 7 6 3 6 3 3 1 8 16 2 15 1 0 42 30 18 2 10 1 3 4 1 5 9 1 2 11 10 3 8 22 6 0 0 9 7 5 4 10 23 17 21 8 16 6 0 9 0 6 7 5 18 2 16 12 21 0 9 40 3 18 12 15 6 1 8 2 2 0 2 11 4 3 7 3 0 1 27 1 6 8 1 3 4 17 1 3 0 0 4 1 1 6 0 11 15 14 2
2 0 1 0 0 0 0 0 0 0 2 0 0 0 0 0 0 0 1 2 0 0 0 0 1 0 0 0 0 0 0 0 0 0 0 0 3 0 0 0 0 0 0 0 1 0 0 0 0 1 0 0 0 0 0 0 1 0 0 0 0 1 0 0 2 0 2 0 0 0 0 0 0 0 0 2 1 0 0 1 0 2 1 1 0 0 0 0 0 0 0 0 0 0 0 0 0 0 0 0
0 11 1 4 3 2 18 10 11 15 2 21 28 2 14 11 1 8 11 0 11 20 12 27 10 15 2 2 8 6 2 5 14 5 2 1 3 9 2 3 8 0 1 0 13 1 17 7 16 6 2 1 3 12 20 0 25 8 25 1 9 6 12 2 4 0 21 1 0 7 7 4 6 2 1 7 6 2 1 1 7 11 19 4 2 30 8 5 6 11 11 15 6 0 0 1 8 6 4 0
0 1 0 0 0 0 1 0 0 3 4 0 10 0 0 0 0 1 0 0 0 7 0 0 3 0 0 2 7 10 0 0 1 0 0 1 1 1 0 5 0 0 4 0 0 0 1 7 0 0 0 2 21 0 0 0 0 1 0 6 0 0 0 4 1 2 0 1 1 0 0 1 5 3 2 0 1 0 0 0 1 2 1 0 1 0 1 0 0 1 0 0 3 2 0 0 6 3 0 2
0 0 1 0 0 3 0 0 1 0 0 0 1 0 0 0 0 1 2 0 0 0 0 0 0 1 0 2 0 1 0 3 0 5 0 0 0 1 0 1 0 1 0 0 0 1 0 1 2 0 1 0 0 0 0 1 0 0 3 0 0 0 2 0 1 0 0 4 0 1 0 0 0 2 0 0 0 0 0 0 0 0 0 0 0 0 0 0 0 2 2 0 1 0 0 3 0 0 0 0
17 5 4 2 1 6 2 1 0 0 0 8 1 2 1 1 15 6 8 0 14 11 0 5 5 11 0 0 9 6 2 0 4 2 2 5 0 2 1 4 0 7 1 1 0 0 0 7 1 1 6 4 5 4 2 3 4 2 6 7 2 1 7 5 1 7 1 5 6 6 1 0 1 7 20 0 14 3 3 1 0 16 1 0 0 1 2 3 0 4 1 4 5 0 1 4 1 0 0 4
2 5 1 16 3 7 4 20 1 48 0 0 1 12 2 0 3 3 3 5 2 0 3 4 0 1 4 2 1 10 3 3 7 4 2 2 2 11 4 66 2 11 1 22 6 1 26 0 13 14 13 13 2 0 3 2 10 4 13 11 7 3 4 7 2 2 4 0 9 21 3 6 0 2 22 2 3 2 2 8 12 22 0 3 7 7 5 11 5 1 0 12 13 2 2 1 6 9 26 14
0 0 0 1 0 0 1 0 0 1 0 0 1 2 0 4 0 0 2 0 11 0 0 0 0 0 1 2 0 0 0 0 1 0 0 0 3 0 0 2 0 0 1 2 1 3 0 0 0 0 0 0 0 1 2 1 0 0 0 0 0 0 0 0 0 0 0 0 0 0 0 0 0 2 14 0 2 1 3 3 0 0 1 5 0 0 0 1 1 3 0 1 0 0 1 0 0 0 0 0
1 4 8 0 3 4 4 0 1 4 7 6 0 0 6 1 9 5 8 2 3 6 0 8 3 0 0 2 7 9 6 4 5 0 0 2 8 2 1 0 2 0 10 3 7 5 1 4 1 18 4 0 18 0 0 9 2 6 2 17 9 7 10 0 4 10 3 5 6 4 8 16 11 0 11 0 9 3 3 3 29 2 2 3 0 2 6 0 11 6 13 6 3 6 0 2 5 5 6 3
23 1 5 7 14 2 19 9 5 10 4 7 22 2 2 3 8 3 27 2 3 4 14 0 1 2 12 5 11 14 34 7 8 2 7 9 4 2 17 0 5 0 6 9 4 14 26 7 14 1 1 5 2 28 7 1 6 7 4 5 7 0 1 15 1 1 6 8 3 1 1 22 39 15 3 1 1 19 0 36 0 2 8 11 9 4 11 10 29 5 17 8 2 36 1 0 4 4 9 3
7 4 5 10 0 2 5 18 16 5 2 9 9 10 7 1 6 3 5 2 8 10 11 4 6 4 13 4 1 6 5 1 13 6 2 21 4 3 1 0 10 4 13 1 16 9 0 4 8 1 3 3 6 23 0 4 7 17 7 3 1 2 0 3 5 4 0 1 1 9 3 3 9 5 14 3 1 21 4 8 2 5 13 3 10 4 4 0 10 2 10 0 0 2 3 3 22 19 3 2
8 15 7 1 10 0 3 4 1 8 0 1 3 1 13 4 1 0 13 0 6 2 1 5 1 14 4 3 6 6 2 8 0 10 2 12 8 1 12 7 0 4 2 3 0 6 7 1 3 1 0 0 14 2 11 5 2 13 11 17 1 8 0 0 2 2 10 2 11 3 0 0 15 3 3 3 4 0 4 0 12 3 18 0 4 4 1 1 7 7 1 5 8 1 2 1 19 0 4 0
2 0 0 0 1 0 1 0 0 5 0 1 0 0 0 0 0 1 0 0 0 0 0 0 2 1 1 2 11 2 1 0 1 0 1 0 0 13 0 0 0 1 0 0 1 0 1 2 0 0 3 0 0 0 0 0 0 1 0 0 0 0 0 0 1 3 1 0 1 2 0 0 0 1 0 0 0 2 0 0 1 0 0 1 2 0 1 0 0 1 0 2 0 0 0 0 0 0 1 2
0 0 0 0 1 1 1 0 0 0 0 0 1 2 0 0 1 0 0 0 0 0 0 0 0 0 0 0 0 0 0 0 0 2 0 0 0 4 0 2 5 0 0 0 0 0 0 0 0 0 2 0 1 0 0 2 2 1 0 1 0 0 0 0 0 0 2 0 0 0 0 4 0 0 0 1 6 0 1 1 2 0 0 0 0 0 0 0 2 0 0 0 0 0 0 0 0 1 0 0
1 0 1 0 0 2 0 0 0 0 1 1 0 0 0 1 0 0 1 0 0 0 0 0 0 3 0 0 0 1 0 1 0 0 0 0 1 0 4 1 0 2 0 0 1 0 1 0 0 1 0 0 0 0 0 0 0 1 0 0 0 0 0 0 2 0 1 0 0 0 0 0 3 5 0 2 0 2 9 1 0 0 0 0 0 0 0 0 0 0 0 1 3 1 0 0 0 2 0 0
0 1 1 4 0 1 3 6 7 1 4 20 2 8 0 13 10 1 1 0 6 5 23 0 4 0 1 3 0 12 0 0 5 12 0 8 0 0 17 1 1 4 1 0 3 2 0 0 9 2 0 0 3 0 0 1 3 2 0 5 0 11 8 3 6 13 0 0 6 3 11 0 1 0 0 0 1 1 1 7 1 0 1 11 12 5 2 1 11 29 9 3 1 5 4 0 1 7 1 2
8 3 13 10 0 5 4 3 2 4 5 12 13 23 9 0 2 9 13 4 8 11 18 0 21 12 17 0 3 0 4 18 3 7 0 25 4 16 2 11 10 15 16 3 6 10 3 15 0 0 15 2 1 12 3 12 4 1 5 14 11 3 13 4 3 13 8 8 1 1 11 6 13 10 0 5 3 4 2 0 13 15 0 0 24 20 10 1 3 3 5 0 7 5 1 2 5 28 25 14
0 1 0 0 1 4 14 13 9 0 12 12 2 15 0 19 0 3 21 3 11 2 13 2 1 10 0 2 5 3 8 14 1 1 7 10 1 4 5 1 3 16 2 6 13 3 2 12 2 9 1 6 1 20 10 0 12 19 5 5 3 4 7 1 23 3 1 10 3 44 1 4 1 7 8 18 8 3 6 3 27 4 8 4 18 19 2 9 22 0 5 6 6 5 2 9 0 11 5 4
10 12 17 35 5 5 3 6 4 4 6 0 16 5 3 1 17 12 2 2 21 8 3 10 3 43 3 21 4 8 11 18 11 8 1 7 17 7 3 6 0 0 15 11 6 5 2 13 12 3 8 26 8 13 9 13 6 2 12 6 1 10 10 9 7 5 3 15 1 10 5 0 1 3 3 9 6 1 16 23 12 2 14 7 13 28 4 8 3 6 6 4 5 0 13 0 9 18 4 12
8 7 1 3 2 1 1 10 0 2 1 0 14 1 19 5 12 2 1 2 7 5 0 0 21 2 1 3 0 1 0 7 1 3 3 0 29 2 0 14 2 4 17 1 6 0 1 1 7 0 4 2 0 3 4 2 2 1 11 1 1 10 3 2 1 1 2 0 1 0 2 1 0 0 6 8 3 2 0 1 2 1 7 7 6 0 7 2 1 0 3 6 7 1 1 1 2 0 10 1
0 1 0 0 1 1 0 0 0 0 1 1 0 0 2 1 0 2 1 1 0 0 0 0 1 1 0 0 0 0 0 0 0 1 0 0 0 1 0 0 0 1 0 0 0 0 0 0 0 0 2 0 0 1 2 4 1 1 0 0 0 0 0 0 1 0 0 0 0 0 0 0 2 0 4 0 0 1 0 0 0 0 1 1 2 0 0 0 0 2 0 0 1 0 1 0 0 0 0 2
5 7 0 1 5 1 0 3 0 2 9 4 3 5 0 3 0 0 5 11 4 8 0 2 2 4 2 1 2 0 0 0 7 11 2 2 8 4 1 0 3 5 1 3 0 2 2 2 1 2 26 17 0 17 0 11 1 7 2 0 4 3 0 4 0 0 7 8 2 13 2 10 9 2 0 12 2 6 4 6 5 3 6 0 3 14 1 9 4 0 0 6 11 1 4 2 1 7 2 17
0 0 0 0 0 0 1 1 0 0 0 2 2 9 0 0 1 0 0 0 0 0 0 1 1 1 0 0 1 2 1 0 2 0 0 0 0 0 0 1 2 0 1 0 0 0 2 1 2 0 0 0 1 0 2 0 0 0 0 0 0 0 0 1 0 0 0 0 0 1 0 0 0 0 0 1 0 0 2 0 0 0 0 0 0 1 0 0 1 0 2 0 1 1 1 0 0 1 1 0
3 0 1 0 0 0 0 0 0 0 0 1 0 0 6 0 1 1 0 1 0 0 0 0 0 0 2 0 1 1 0 0 0 0 0 0 0 4 0 0 2 0 2 4 0 0 1 0 0 0 2 0 0 0 0 0 0 1 0 0 0 0 2 0 0 4 0 0 0 0 0 0 0 0 0 0 0 1 0 0 0 0 0 0 0 0 0 0 1 0 0 5 0 0 0 11 0 0 1 0
13 2 6 6 3 0 3 1 6 3 22 9 12 0 10 7 3 8 15 1 0 3 9 3 8 1 5 24 5 1 1 14 0 1 12 3 9 1 1 4 0 3 2 8 0 0 2 14 1 0 5 3 1 0 13 2 3 1 1 0 5 9 7 0 2 0 11 1 6 9 0 13 1 5 1 12 5 0 19 4 2 1 3 1 2 5 1 3 4 0 10 3 12 5 0 0 12 3 12 5
0 4 0 0 1 0 1 0 0 0 0 1 0 1 0 0 0 0 0 0 0 2 1 0 1 1 0 0 1 1 1 0 0 0 0 19 3 0 0 1 1 0 0 1 0 0 0 0 1 1 1 0 2 0 0 0 0 0 2 0 1 2 0 1 0 0 1 1 0 0 1 0 0 0 0 0 1 1 0 0 3 2 0 0 0 0 0 1 1 1 0 0 0 1 2 0 0 0 0 2
0 0 0 5 0 0 0 0 1 9 1 0 5 0 0 4 1 0 0 0 0 1 0 1 0 0 0 12 17 10 2 0 0 0 0 0 0 7 0 2 0 1 2 0 0 1 0 5 1 0 0 0 6 2 1 0 0 0 1 7 1 0 1 8 0 4 0 0 0 5 0 1 7 8 0 0 0 0 1 0 4 3 7 0 0 0 0 4 0 2 0 0 0 0 0 0 1 17 12 0
0 0 3 0 1 0 1 0 0 1 3 2 9 1 0 0 2 0 0 0 0 2 0 0 0 0 0 3 1 9 1 0 0 1 0 0 0 1 1 1 0 0 0 0 0 0 0 3 0 1 0 0 1 0 1 0 1 0 1 1 0 0 2 11 1 1 0 0 5 0 0 0 19 8 0 0 4 1 0 0 0 2 2 0 0 1 0 3 0 0 0 0 0 0 0 0 15 0 9 0
1 0 0 0 0 0 0 0 0 0 0 0 2 3 0 0 0 0 0 0 0 0 0 3 0 0 0 0 0 0 1 0 0 0 0 0 0 3 0 0 1 0 0 0 0 1 0 2 1 0 1 0 2 0 0 0 0 2 2 0 0 0 0 0 0 0 0 0 0 0 0 0 2 0 0 0 0 0 0 0 1 0 0 1 0 0 0 1 0 0 0 0 0 0 3 1 1 2 0 0
0 0 0 1 0 2 1 0 1 1 0 0 0 1 0 3 0 0 0 0 1 1 1 0 0 0 0 1 0 0 0 1 2 1 2 0 0 0 0 1 0 0 0 0 0 1 0 0 0 1 2 0 0 0 1 0 3 0 2 2 0 0 1 0 2 0 0 1 0 0 1 2 1 0 4 0 0 0 0 0 0 0 1 6 0 1 0 0 0 0 0 2 0 0 0 1 0 1 0 0
0 0 0 0 1 1 1 0 0 0 0 3 1 1 0 0 2 0 0 0 1 0 0 0 0 0 0 0 0 1 0 1 1 0 1 0 0 0 1 1 0 1 1 1 0 0 2 2 0 0 0 0 0 0 0 0 0 0 0 0 0 0 0 3 0 0 0 0 0 1 0 1 0 1 0 0 0 0 0 1 0 0 0 2 0 0 0 0 1 1 2 0 1 0 0 0 0 0 0 0
0 5 4 12 0 7 2 8 1 2 0 0 9 2 7 1 7 8 14 0 12 10 1 4 11 0 5 4 7 19 4 1 28 13 11 1 0 22 19 5 7 1 6 27 1 13 13 3 18 16 3 8 0 1 1 20 13 33 13 18 4 9 12 31 0 6 1 2 7 4 28 3 7 4 17 12 0 5 3 12 15 11 3 5 11 8 4 21 7 6 4 2 12 16 19 5 1 15 8 6
0 8 0 4 0 0 17 6 5 15 8 1 4 3 1 1 4 7 0 1 5 3 3 7 1 7 4 0 1 0 1 9 3 0 15 0 11 0 1 1 4 0 3 2 5 2 2 10 6 1 2 2 0 7 0 3 3 0 0 0 5 13 0 9 3 3 1 10 4 0 0 11 3 4 7 4 8 2 9 2 22 3 5 4 0 3 7 3 7 22 2 0 1 6 2 2 1 2 0 1
1 6 0 3 2 16 3 0 0 0 8 2 6 10 3 5 1 4 0 9 9 2 3 17 5 6 1 2 17 0 0 0 8 12 8 26 23 13 10 6 8 2 22 13 2 2 0 16 15 5 4 3 3 13 8 8 30 0 3 1 9 5 14 4 0 5 3 12 1 1 2 3 9 12 5 10 15 7 7 13 47 3 8 3 3 0 0 2 15 0 4 0 4 0 11 3 6 6 11 20
2 2 7 1 10 15 0 0 6 6 3 6 7 0 0 2 0 3 5 2 4 5 8 0 2 3 4 9 1 2 1 1 1 7 0 0 1 0 1 5 1 2 1 2 11 1 11 6 3 11 6 5 3 5 2 1 3 8 3 2 2 0 1 0 16 12 1 6 0 9 0 1 1 7 0 14 4 2 2 5 0 3 8 0 10 0 3 4 7 6 11 2 0 5 1 0 7 2 2 4
0 1 0 1 1 1 2 0 0 0 0 1 0 0 1 0 1 0 0 0 1 0 0 0 0 0 0 3 0 0 0 0 1 4 2 0 2 0 0 0 0 0 0 0 0 0 1 2 1 0 0 0 0 0 1 0 0 0 1 0 0 0 2 0 0 0 1 0 1 0 0 0 0 0 0 0 8 0 0 1 1 0 0 2 0 0 1 1 0 1 1 0 0 0 1 0 0 0 1 0
2 3 0 5 0 19 12 3 0 1 1 0 12 0 1 2 2 4 2 1 4 2 1 1 3 1 6 2 1 4 0 1 9 7 6 1 5 7 1 7 1 1 4 4 0 1 5 6 2 5 1 0 1 2 1 16 1 0 0 1 15 1 3 6 1 5 0 5 13 2 0 15 3 36 8 4 14 1 6 10 7 2 1 1 4 0 8 13 6 14 0 1 0 11 0 2 4 2 0 0
4 19 0 0 14 5 10 3 7 3 4 11 1 1 2 7 6 12 1 5 9 4 9 0 5 6 3 12 5 5 0 0 6 5 0 3 12 1 0 3 3 21 0 2 11 3 0 0 12 2 10 0 5 3 0 7 3 0 0 0 4 0 1 2 0 3 21 0 1 5 0 1 2 1 0 2 1 3 0 4 0 12 15 1 0 2 5 0 3 1 2 1 0 1 4 15 7 4 19 6
4 5 10 5 14 11 34 31 6 13 22 7 0 1 6 30 3 0 12 9 12 7 3 9 4 18 15 1 0 9 0 1 4 0 1 11 6 1 2 0 5 0 16 35 40 28 20 22 1 4 3 1 9 8 17 6 1 3 4 4 12 6 0 30 13 4 3 7 10 28 10 3 2 12 19 11 26 0 4 9 6 1 20 2 0 2 8 26 8 6 8 9 1 2 10 1 3 3 16 0
