8 5 4 0 2 10 0 3 0 5 0 8 4 12 3 15 1 0 0 5 0 4 3 1 6 3 4 0 3 2 28 0 1 0 1 0 6 13 5 2 2 5 8 0 3 1 2 0 1 10 7 0 7 3 1 3 0 6 10 2 2 2 5 3 0 5 2 12 0 2 2 3 2 1 13 5 1 0 1 0 13 12 5 2 1 10 8 2 2 0 5 1 12 2 5 3 8 5 1 1
0 0 2 1 0 0 0 0 0 1 0 0 0 0 0 1 0 0 0 1 0 1 0 1 0 1 0 1 1 0 0 1 0 1 1 0 0 0 0 2 1 6 0 1 1 1 1 0 0 0 0 0 0 0 0 1 0 0 0 0 0 0 0 0 4 2 0 1 3 0 1 1 0 1 0 0 1 0 0 0 0 0 0 0 0 1 0 0 0 0 0 0 1 0 7 0 1 1 0 0
0 2 0 4 1 8 5 1 0 3 17 4 0 0 1 5 0 21 25 4 4 0 6 0 7 3 5 2 8 3 4 2 1 1 6 3 6 6 9 9 6 0 0 0 3 0 2 4 8 4 0 3 11 5 3 2 0 8 14 0 1 3 4 4 2 6 0 2 5 0 3 0 3 2 6 1 9 4 3 2 2 2 2 3 6 1 3 11 2 3 0 17 2 2 6 3 3 6 3 1
7 7 10 7 0 11 6 26 21 25 2 0 6 11 1 1 10 1 6 2 1 3 2 0 4 9 8 6 4 14 13 6 7 6 0 9 0 0 1 1 3 2 10 7 10 6 4 2 0 0 0 1 32 19 11 4 1 0 0 15 1 1 4 10 12 18 2 0 16 32 6 20 4 12 0 1 3 0 9 10 8 7 2 16 0 1 27 0 1 14 12 0 2 8 0 1 13 66 15 18
1 0 1 5 0 0 0 1 0 0 0 2 0 3 0 0 0 0 3 3 13 0 0 1 0 2 0 0 0 0 0 0 0 0 3 0 0 1 0 0 0 1 0 1 0 1 0 0 0 1 1 0 0 0 1 0 0 3 0 3 0 0 0 0 0 0 0 0 1 2 1 0 1 7 3 0 0 0 0 1 2 0 0 0 0 0 2 2 0 1 0 0 0 1 0 1 0 2 0 0
5 0 15 11 4 7 11 0 6 3 3 6 0 9 9 2 11 8 0 6 3 1 3 3 4 2 8 10 2 5 4 0 1 1 1 6 6 0 1 2 3 1 1 0 2 1 3 8 3 12 4 4 3 0 2 2 4 2 14 1 0 0 0 1 1 0 8 3 0 7 6 3 2 6 0 2 11 10 4 2 0 0 2 0 3 1 3 3 0 1 15 2 9 1 1 1 7 11 0 12
0 1 0 0 0 0 0 0 0 4 0 0 0 1 3 0 1 0 0 0 0 0 0 0 1 0 0 0 0 0 2 0 0 1 1 0 0 0 0 0 2 0 3 0 0 0 2 2 0 0 2 0 0 0 0 0 1 0 1 0 0 0 1 0 0 0 0 2 0 2 0 0 0 0 0 0 3 0 1 1 0 0 0 0 0 0 0 3 0 0 0 0 0 1 0 1 3 1 0 0
1 0 0 0 1 0 0 0 0 0 1 1 0 0 1 1 1 1 1 0 0 2 0 0 0 0 0 0 0 0 2 0 0 2 1 1 0 0 0 0 1 5 0 0 1 1 0 3 0 1 0 0 0 0 1 0 0 1 0 0 0 0 0 0 11 0 0 0 0 2 0 0 3 0 0 1 1 2 0 0 2 0 0 1 3 0 0 0 3 0 2 14 0 0 2 0 0 1 1 0
0 11 11 0 1 0 1 1 8 4 0 2 7 0 7 1 1 2 1 2 0 1 2 1 0 0 0 6 3 0 13 1 0 0 0 1 6 2 3 0 0 1 0 5 0 1 0 0 1 5 0 0 3 9 0 0 0 0 1 0 2 0 0 0 0 0 0 0 0 3 0 0 1 0 14 1 0 0 6 4 3 0 2 1 0 6 3 2 0 2 1 1 0 0 1 1 0 3 0 0
0 0 0 0 0 0 1 1 0 2 0 0 1 4 0 0 0 0 1 0 0 0 0 0 0 2 0 3 0 0 1 1 0 0 1 0 2 0 0 0 1 0 0 0 0 3 0 0 1 0 0 0 0 1 1 0 2 0 0 1 0 0 0 0 1 0 0 0 0 0 0 0 0 0 0 0 0 0 0 0 3 0 0 1 1 0 0 0 0 0 0 0 0 0 1 0 0 0 0 0
7 7 9 0 0 0 5 6 5 2 1 5 5 6 3 1 10 0 2 0 1 3 9 1 0 2 10 3 5 8 0 2 12 1 3 5 1 0 9 1 14 16 3 5 1 0 3 15 12 0 1 0 0 2 5 3 0 1 5 3 2 0 9 1 11 3 19 2 3 1 1 2 1 0 3 2 2 6 1 3 5 1 3 5 0 1 5 3 10 1 2 5 2 1 11 0 0 6 2 0
0 1 0 1 0 0 0 0 0 0 1 0 0 0 0 1 0 1 0 0 1 0 0 0 0 0 0 0 0 3 0 0 1 1 1 1 1 0 0 1 1 0 0 0 0 0 0 0 0 1 1 0 1 0 0 0 1 1 0 0 0 0 0 0 0 0 0 0 1 3 0 0 0 0 0 0 0 0 0 0 0 0 2 2 0 0 1 0 0 0 0 2 0 0 0 2 0 0 0 1
2 3 1 2 5 6 1 31 7 1 1 31 0 4 2 0 7 1 7 11 1 0 0 0 4 14 10 2 3 0 11 5 1 2 0 16 23 5 1 10 5 3 8 28 2 2 3 5 0 1 5 6 2 0 20 7 1 4 8 7 2 43 0 5 5 5 3 1 4 11 26 7 6 1 2 0 7 0 20 4 0 1 0 3 3 4 0 3 0 0 1 0 0 2 3 8 1 3 1 0
1 1 0 4 0 0 0 1 0 0 0 0 0 0 0 0 1 0 0 0 1 0 1 0 0 0 1 0 1 0 0 1 0 0 0 0 0 2 0 3 0 1 0 1 0 0 0 0 0 0 1 1 0 0 0 0 5 1 2 0 0 0 1 0 0 0 0 0 0 0 2 0 0 1 0 0 0 0 0 0 0 0 0 0 0 0 0 1 0 0 0 0 0 1 0 0 0 0 0 0
1 2 1 0 1 0 0 0 0 0 0 0 2 3 0 0 0 0 0 2 0 2 1 1 0 2 0 1 0 0 0 0 0 2 0 2 2 2 3 0 0 1 0 0 1 0 0 1 0 1 0 0 0 1 2 2 0 0 0 0 0 0 0 0 5 0 0 0 0 0 1 0 0 1 0 0 2 0 0 0 1 1 0 1 0 0 0 2 0 0 1 0 2 0 5 1 0 0 1 1
0 4 0 0 3 0 0 0 0 0 1 0 0 1 0 0 0 0 0 0 0 0 0 0 0 1 2 1 0 0 1 1 0 0 0 0 0 0 0 0 0 0 0 0 0 0 0 0 1 0 1 0 0 1 0 1 1 0 0 0 0 0 1 0 0 0 1 0 6 1 0 3 0 2 0 0 0 0 0 0 0 0 1 0 1 1 1 0 0 1 0 0 0 4 1 0 1 4 0 0
0 0 0 0 1 0 0 0 0 0 1 1 0 2 0 0 0 0 2 0 0 0 0 0 2 0 1 1 1 0 0 2 0 0 0 2 1 0 0 0 1 2 0 0 1 0 0 0 1 0 1 1 0 2 2 2 0 0 1 0 0 1 0 1 1 0 1 0 0 0 0 0 0 0 1 0 0 0 1 0 1 0 0 0 0 1 0 0 0 1 0 0 0 0 2 0 0 0 0 1
38 0 0 0 0 0 0 0 1 0 3 1 1 0 1 0 4 3 0 3 7 4 0 7 0 3 15 0 0 0 0 2 0 0 2 1 0 0 2 3 5 13 1 0 1 0 0 13 0 0 5 0 0 0 1 1 1 1 3 0 0 0 0 1 0 8 2 1 3 0 1 0 13 3 0 1 1 1 0 3 3 1 0 15 7 1 0 1 19 0 7 4 7 0 0 0 0 1 7 4
21 25 4 5 8 2 0 3 0 11 6 2 1 8 24 0 11 1 6 3 8 6 1 6 2 3 2 1 4 10 1 7 3 3 1 3 13 8 4 0 2 1 7 3 2 7 3 14 5 9 3 4 4 5 0 24 0 10 0 1 1 5 13 0 2 6 0 0 21 2 0 7 2 1 1 0 1 15 3 3 1 0 1 0 1 0 2 7 0 0 4 7 5 2 2 8 11 4 10 5
3 7 12 27 9 3 2 6 14 2 16 1 3 3 12 4 17 0 7 8 0 35 12 13 4 2 8 42 0 17 3 28 4 0 12 1 4 21 32 2 0 0 5 20 8 2 10 2 5 0 0 17 16 16 3 4 16 0 3 1 19 13 19 5 0 1 7 26 6 7 5 9 0 7 9 1 12 1 0 6 7 0 0 5 0 9 8 6 3 3 4 5 2 5 4 5 17 2 4 24
7 0 2 0 0 0 0 1 0 0 0 1 0 0 0 0 0 0 0 0 0 0 0 1 1 0 0 0 0 1 1 0 0 1 0 1 1 0 0 2 0 7 0 0 0 0 0 2 1 0 0 0 3 0 0 1 6 7 0 0 0 0 0 1 6 0 0 0 2 0 1 1 0 0 2 1 0 0 3 0 0 1 0 0 1 0 1 0 9 0 0 1 0 0 2 1 0 0 0 0
20 29 4 1 0 5 7 7 5 12 19 5 6 2 2 6 2 3 2 4 6 10 0 1 2 3 50 4 0 12 6 1 6 20 8 0 22 3 3 14 2 3 5 2 9 7 8 12 9 5 3 15 1 0 0 1 5 0 6 0 0 1 6 5 13 22 5 2 34 5 15 1 9 10 3 3 9 2 6 7 0 22 0 1 19 7 10 5 1 1 8 3 12 6 0 6 0 0 6 1
0 2 2 0 0 0 1 0 0 0 1 1 0 2 0 2 0 0 1 0 3 0 2 0 1 0 0 0 2 5 1 0 1 0 0 1 0 0 1 0 0 0 0 0 0 0 0 0 0 0 0 0 0 1 1 0 12 0 1 0 0 0 2 0 1 1 0 0 0 0 0 0 1 0 0 0 1 0 1 1 0 1 1 2 0 0 0 1 0 0 2 0 0 1 0 0 2 0 0 1
1 1 0 0 1 0 0 1 2 0 0 0 0 0 1 0 0 0 0 0 2 0 0 0 0 0 1 0 0 0 0 0 0 2 0 2 0 0 1 0 0 2 0 0 0 1 1 1 0 0 0 0 0 1 0 0 1 0 0 0 1 1 2 2 0 0 1 0 0 2 0 0 0 1 0 0 0 0 1 0 2 0 0 2 0 0 1 0 0 0 0 1 0 0 2 0 0 0 1 0
1 6 7 1 15 4 11 8 10 9 5 14 3 5 21 0 1 5 1 0 0 6 1 9 7 3 1 13 12 1 3 28 0 2 1 7 11 0 7 4 1 1 11 0 4 2 6 1 0 11 11 8 6 3 21 0 9 0 9 20 5 2 13 0 3 12 7 4 12 6 1 26 22 18 15 4 6 5 10 7 3 1 0 13 3 18 5 12 4 1 7 21 8 1 4 1 2 14 10 2
2 0 7 0 3 5 1 4 1 8 1 7 3 1 3 0 0 1 4 8 12 5 9 9 0 16 0 2 6 5 0 1 1 0 0 1 0 1 3 0 1 0 2 0 0 0 15 0 0 0 3 3 14 6 5 6 3 0 9 2 1 2 2 1 0 0 0 8 0 4 3 2 0 0 2 14 4 0 0 2 2 0 8 0 0 2 11 5 0 0 4 0 0 2 3 0 4 0 7 7
1 4 4 4 3 0 0 3 16 0 14 2 8 2 1 3 8 6 5 4 9 12 0 8 2 2 3 0 1 10 0 0 0 4 1 7 1 4 16 4 0 9 0 9 0 2 0 2 9 4 2 1 0 0 1 2 0 18 6 2 1 1 4 7 2 0 0 3 3 0 1 0 3 10 2 3 2 4 5 4 4 6 1 0 4 0 5 4 13 1 3 0 1 6 1 1 1 2 0 3
1 0 6 11 4 5 0 0 0 1 5 2 16 2 10 11 9 4 6 4 12 6 10 2 8 0 23 11 1 2 1 14 24 6 9 1 0 25 7 29 3 0 7 3 10 20 3 5 3 0 1 6 33 3 0 2 3 8 1 4 0 4 5 9 12 5 1 7 0 19 19 22 17 0 13 1 2 17 9 0 2 23 2 2 2 7 4 4 9 3 1 16 3 30 4 18 14 2 18 1
0 2 1 1 1 0 1 0 0 2 0 0 1 0 0 0 0 1 1 2 0 0 1 0 2 2 1 0 3 2 0 0 0 0 0 1 0 0 0 1 0 2 0 0 0 0 0 0 0 3 0 2 0 0 0 0 0 1 0 1 0 0 0 1 0 0 0 0 0 0 1 0 1 0 0 0 0 0 0 0 0 0 0 1 0 0 2 0 0 0 0 0 0 1 4 0 0 0 0 0
17 10 0 8 1 3 7 9 1 1 2 4 1 16 1 0 24 3 11 12 1 2 0 1 13 3 13 7 18 1 11 17 2 8 2 1 0 8 10 8 7 9 0 5 1 0 2 7 7 1 11 23 31 5 8 4 13 2 8 2 0 4 0 4 5 2 0 10 1 31 19 2 5 6 4 1 6 3 0 3 29 5 5 11 1 13 5 4 2 1 3 21 11 13 5 3 24 3 7 7
5 4 17 0 1 2 3 0 0 33 3 12 4 6 12 1 0 3 0 4 4 3 0 4 1 16 15 4 27 7 15 5 0 1 15 13 37 44 15 10 2 0 8 7 11 6 5 14 2 12 5 1 0 3 2 1 3 11 1 5 3 17 1 1 22 3 9 8 17 0 8 21 4 12 3 4 8 39 11 5 1 3 3 1 5 0 1 0 4 8 2 3 10 7 5 14 19 14 15 26
0 0 0 0 0 0 0 0 0 0 0 0 0 1 0 0 1 1 0 0 0 1 0 0 0 0 4 0 0 2 0 2 0 0 1 0 0 0 0 1 0 0 3 0 1 1 1 0 0 1 0 0 0 0 0 1 0 0 0 0 0 0 0 0 2 0 0 0 0 0 0 0 1 0 1 0 1 0 0 0 0 0 4 0 1 0 0 1 0 0 0 0 1 0 0 0 0 2 1 0
1 0 0 0 0 0 1 2 0 0 1 0 0 1 0 1 0 0 0 0 2 0 0 0 0 0 0 0 2 0 0 0 0 1 1 0 0 0 0 0 1 1 0 0 0 2 0 0 0 0 0 0 1 0 0 0 2 1 0 0 0 0 0 2 0 1 0 0 0 0 1 0 0 9 1 0 1 2 0 0 0 0 1 0 0 0 0 0 1 0 1 0 0 0 0 0 0 0 0 1
17 31 15 4 4 2 4 1 6 24 4 8 0 0 2 2 4 2 0 26 0 4 4 15 7 6 6 15 4 27 3 0 37 6 6 2 5 16 1 3 1 0 11 5 0 8 3 0 4 19 16 3 3 5 0 0 2 8 3 17 13 0 8 19 7 9 4 32 8 2 13 9 1 0 4 4 1 7 1 13 9 8 6 3 6 14 1 8 0 4 10 7 21 3 1 2 3 5 5 3
7 3 4 3 2 1 1 2 9 2 12 4 17 5 4 8 1 17 16 5 9 0 19 3 13 1 12 0 10 0 5 11 0 0 14 4 0 14 2 4 1 6 2 36 3 14 6 2 13 1 7 0 7 6 5 0 2 4 5 12 8 5 5 14 17 5 0 7 2 0 6 9 2 0 14 5 14 0 8 8 14 6 17 10 14 3 7 2 2 14 12 18 11 3 9 2 6 24 8 6
3 3 2 4 4 0 0 8 6 4 13 0 2 0 11 1 1 3 2 4 0 8 1 3 3 0 5 2 3 2 3 1 9 2 0 5 0 6 9 0 2 5 3 0 7 4 16 5 18 2 0 2 7 3 15 8 2 2 0 6 1 1 16 3 0 0 1 2 6 4 3 0 0 1 3 1 2 1 2 0 3 6 5 0 4 8 2 2 11 10 6 8 8 3 11 1 4 4 1 5
0 5 2 7 6 8 6 8 2 5 8 0 4 0 2 7 3 3 2 3 17 1 0 0 8 4 0 4 3 1 2 0 5 21 0 0 0 2 2 6 0 0 8 3 1 5 0 0 1 5 3 2 0 0 6 3 6 2 7 4 1 1 2 2 0 0 0 0 3 3 0 3 6 4 1 8 1 6 1 8 5 0 2 1 3 0 2 0 0 1 0 3 6 8 0 0 1 7 1 3
5 0 3 12 10 1 1 5 0 0 6 6 0 2 1 4 0 1 4 0 0 2 0 1 4 5 1 3 1 1 6 18 0 4 9 16 0 3 3 5 3 3 3 2 5 1 1 9 1 2 5 13 1 3 0 9 0 20 3 1 7 10 0 1 0 4 3 11 8 0 6 2 0 0 4 2 9 8 11 4 13 12 4 7 37 10 0 12 14 21 1 3 4 10 13 10 3 1 1 5
0 0 1 0 2 0 3 12 16 1 4 0 17 2 9 7 0 1 2 2 7 5 0 4 5 17 1 0 2 6 0 3 0 0 1 0 5 17 0 0 3 1 6 13 13 0 1 2 12 4 2 6 1 7 1 18 1 1 0 7 1 8 3 10 1 6 0 8 5 0 22 4 2 1 7 1 1 0 8 5 0 3 0 4 10 7 0 2 0 8 13 5 3 3 0 9 3 1 1 1
0 0 1 2 0 0 0 0 0 0 0 0 0 0 0 0 0 0 1 0 0 2 0 0 0 0 1 0 0 0 0 1 4 0 0 3 0 0 0 0 0 5 1 2 0 0 0 0 0 3 0 0 0 1 1 0 0 0 2 0 0 0 1 0 2 1 1 0 0 1 2 2 1 0 2 0 0 1 0 1 0 0 0 0 0 0 0 0 0 0 0 0 2 1 0 0 0 0 0 2
1 0 0 20 1 4 0 1 0 1 0 0 1 0 0 4 15 3 0 0 1 5 5 1 0 1 2 1 1 4 0 0 0 0 2 5 0 6 0 11 7 0 8 0 2 0 0 1 0 0 1 8 0 1 3 1 0 0 1 7 0 1 6 2 3 0 1 7 2 3 3 0 1 5 0 0 7 18 0 1 2 1 1 1 4 0 1 4 0 3 2 11 1 1 12 6 3 0 0 2
2 30 25 9 1 0 3 2 14 4 7 2 12 3 2 1 0 1 0 4 16 0 4 0 52 7 4 14 15 3 3 3 3 2 0 6 7 3 23 7 1 0 2 1 9 19 2 2 2 3 0 0 15 0 6 0 2 0 5 0 11 4 0 9 2 1 1 5 1 11 4 6 6 4 0 2 0 15 9 17 3 5 4 0 4 2 4 1 3 1 5 0 1 3 2 11 8 2 1 8
14 1 13 3 17 7 0 4 22 2 33 19 4 6 18 1 11 5 12 6 6 9 3 1 5 0 3 4 3 3 14 4 11 5 0 0 2 0 14 15 6 4 0 3 0 1 10 14 17 0 3 6 1 1 21 1 1 0 7 14 0 10 2 0 0 5 8 2 12 3 9 6 3 2 2 1 0 40 3 27 8 6 3 7 1 5 4 3 4 13 8 11 3 5 21 25 2 19 22 9
0 0 0 0 2 0 0 0 0 0 0 2 2 0 0 0 0 1 1 0 3 2 0 0 0 0 0 0 1 1 0 0 0 1 0 0 0 0 1 1 0 0 0 1 0 0 2 0 2 1 1 0 0 0 0 0 0 0 1 0 3 0 1 1 0 0 1 0 0 0 0 0 0 2 0 0 1 0 1 2 0 0 0 0 0 1 3 0 0 0 0 0 0 0 0 0 2 1 0 0
3 29 1 13 0 1 19 12 2 0 9 3 0 0 2 1 10 8 12 3 15 8 2 4 8 4 5 0 5 30 11 11 8 26 0 0 0 12 2 1 3 7 17 5 29 0 3 41 5 6 2 0 0 0 5 3 5 2 12 6 0 25 3 19 0 23 4 1 8 11 15 18 13 6 12 2 15 0 4 11 13 1 2 2 5 1 14 4 2 12 0 0 4 4 7 2 2 6 0 25
1 0 0 2 0 1 0 0 3 1 1 0 0 1 0 2 0 1 0 0 0 1 1 0 1 1 2 0 0 1 0 0 0 0 0 0 0 0 0 0 1 0 1 0 1 0 0 0 1 0 1 0 1 0 1 0 0 1 0 1 0 2 0 0 0 1 0 0 0 0 0 0 0 0 0 0 0 0 0 0 1 0 1 0 0 0 2 1 2 0 0 0 0 8 1 0 0 0 2 0
3 1 13 22 6 3 12 26 7 9 10 10 8 8 6 1 7 10 12 21 0 0 2 19 15 8 11 0 7 11 18 4 2 3 16 9 10 11 11 0 5 0 1 4 1 15 4 7 3 4 14 4 2 6 19 13 1 2 13 11 3 11 13 3 2 4 8 15 7 4 6 0 1 15 0 25 2 1 11 3 3 7 3 2 3 5 4 7 1 2 17 2 4 11 10 3 10 4 1 21
1 14 8 2 2 6 10 14 6 6 2 1 14 7 5 12 6 3 5 1 0 1 0 1 0 8 5 15 25 9 24 9 3 1 5 2 2 3 4 0 8 14 3 1 5 5 11 1 1 6 3 4 6 1 3 3 0 25 6 0 29 19 3 0 10 10 11 3 3 1 23 0 11 12 5 9 1 6 17 3 7 10 2 22 6 10 5 10 11 4 8 2 6 26 8 7 1 1 5 1
1 7 6 14 10 2 5 10 0 8 3 12 6 1 9 0 0 9 2 4 0 3 10 7 0 0 2 8 5 8 3 5 1 2 2 6 4 4 4 2 2 19 3 0 5 2 11 2 0 10 3 5 7 0 7 4 0 3 10 1 1 0 67 0 2 4 0 3 6 11 0 11 3 5 4 3 6 0 1 6 5 0 7 26 2 4 8 1 5 4 5 1 2 10 3 0 1 1 3 11
1 10 11 3 16 16 68 6 26 3 15 9 0 2 3 9 25 12 22 3 17 4 2 2 3 5 0 28 8 1 22 0 9 3 18 8 0 26 14 9 6 3 12 11 4 0 3 1 7 0 18 5 1 18 5 4 0 25 2 1 0 2 7 24 12 10 7 23 0 6 0 0 9 3 16 0 25 0 13 2 1 0 6 2 5 9 4 3 15 7 14 14 6 11 0 0 0 8 6 5
1 0 0 3 0 2 0 0 0 0 9 0 0 0 0 1 0 3 0 0 18 6 5 1 0 3 6 0 0 0 1 2 0 1 8 2 0 8 1 4 0 3 2 1 2 0 0 0 0 0 0 3 0 1 0 9 7 0 2 1 0 1 2 2 4 2 0 3 3 0 1 1 0 4 0 8 8 3 0 13 0 1 0 4 0 1 0 4 0 0 15 5 3 9 0 10 0 0 1 1
2 2 4 16 1 0 24 2 2 0 1 1 3 10 4 4 0 5 3 1 1 0 2 0 5 6 1 1 0 1 2 5 1 0 0 2 10 3 0 0 3 10 21 0 30 6 1 0 0 4 12 2 6 4 6 0 2 3 1 3 10 8 0 0 0 2 3 0 0 0 0 6 22 0 2 0 1 2 0 5 16 6 3 1 11 8 6 2 1 1 1 1 0 5 11 4 1 10 5 0
5 11 1 3 2 6 8 5 2 2 1 1 16 3 1 12 1 6 2 6 1 12 2 7 9 1 0 0 6 5 12 4 6 8 4 0 7 2 0 1 1 2 0 1 0 4 16 8 0 5 2 0 3 0 13 1 1 1 0 5 3 2 4 5 2 2 6 1 0 8 2 3 3 0 4 3 4 1 15 1 2 6 2 4 0 13 2 3 9 1 4 1 4 2 3 0 11 10 2 3
0 2 6 1 4 5 11 15 2 2 0 1 6 11 1 1 2 1 8 20 4 1 1 5 12 0 9 7 0 13 1 2 15 4 1 5 6 2 17 2 0 3 0 8 7 4 0 16 8 19 6 3 23 1 4 1 4 0 0 1 1 11 6 1 9 3 2 0 3 0 6 4 15 1 3 3 12 0 0 1 1 2 11 0 2 6 2 0 0 4 6 0 4 0 6 9 11 21 3 0
9 0 1 6 2 1 15 4 4 0 0 13 4 0 0 10 1 22 2 1 3 1 7 0 10 3 2 23 4 4 1 1 0 1 1 2 3 5 2 2 2 0 8 0 8 5 0 12 1 3 1 3 2 6 2 3 2 0 4 2 0 4 0 5 0 0 1 3 1 3 4 3 0 14 8 1 3 1 3 0 1 5 1 4 10 2 5 11 2 1 1 5 1 5 0 1 1 10 0 3
0 3 3 0 6 1 4 4 0 2 1 4 6 0 15 6 0 1 0 0 3 20 12 3 3 2 0 11 10 0 3 3 3 0 3 0 2 3 0 2 2 10 4 2 1 8 2 3 23 1 1 6 0 0 2 2 4 0 1 2 0 0 0 6 6 1 0 6 15 1 1 1 1 1 1 9 4 0 0 13 3 0 15 2 2 0 1 1 0 8 1 1 3 6 3 0 4 3 1 2
9 13 13 10 8 20 3 13 21 7 3 0 6 2 2 16 0 2 8 11 7 13 14 0 3 2 5 8 3 11 6 14 6 9 41 4 0 6 18 15 6 22 0 3 7 15 1 4 14 0 0 8 0 5 8 0 6 21 10 2 5 1 11 0 24 24 3 5 23 19 4 4 4 3 5 4 8 2 1 3 10 1 1 2 29 4 9 2 4 6 5 8 6 39 8 6 6 6 2 11
0 0 0 4 0 0 0 0 0 0 0 0 0 0 0 1 4 3 0 0 0 6 0 8 0 0 10 0 0 6 0 2 0 1 0 0 0 6 0 0 5 2 10 0 6 1 0 1 1 1 3 10 1 1 0 9 4 6 14 3 1 1 6 0 4 4 2 4 0 4 0 0 1 5 0 1 7 6 0 0 1 6 0 10 5 0 0 4 1 0 5 5 0 1 8 0 1 2 2 5
0 1 0 0 0 0 1 1 0 0 0 0 0 1 0 0 0 0 0 1 0 1 0 0 2 1 2 0 0 1 0 0 1 1 3 1 0 0 5 1 1 1 0 1 0 0 0 0 0 1 1 1 0 0 0 3 0 0 0 0 0 0 0 1 3 0 0 1 1 1 0 0 0 0 0 3 0 0 0 2 1 0 0 3 0 0 0 1 2 0 1 0 0 0 7 0 1 0 1 1
0 0 0 2 1 0 0 0 0 0 0 0 1 0 0 0 0 1 0 3 0 0 0 0 0 0 0 0 0 0 0 1 1 0 0 1 0 0 0 1 0 7 3 2 0 0 1 0 1 1 0 0 0 0 0 0 0 0 0 0 0 1 0 0 2 1 2 0 0 0 0 2 1 1 0 0 0 0 0 0 1 0 2 0 0 0 0 1 1 0 0 0 0 1 1 0 1 0 1 0
0 2 4 2 0 0 0 6 1 2 3 0 17 10 2 0 7 1 13 8 1 1 6 5 8 1 5 0 8 4 1 3 2 0 1 0 3 0 3 1 12 1 1 14 0 4 0 0 2 3 0 3 7 7 23 4 7 0 4 0 2 5 2 0 0 3 23 2 3 0 7 0 5 0 5 3 2 12 1 1 2 0 3 8 0 7 12 0 1 8 8 4 7 0 3 3 0 10 0 8
1 0 0 0 0 0 0 1 1 0 4 1 0 2 0 1 0 0 0 0 1 1 0 0 1 0 1 1 0 0 0 1 0 0 0 1 0 1 3 0 0 0 0 0 0 2 0 1 0 0 0 0 0 0 0 0 0 0 2 2 0 0 0 0 1 2 0 0 0 1 0 0 0 0 0 1 0 0 0 0 2 0 0 0 0 1 0 0 2 0 0 1 0 1 0 0 0 0 0 0
1 0 0 0 0 0 0 0 0 0 11 0 0 0 0 1 0 0 0 0 0 0 0 0 1 1 0 0 0 0 1 0 0 0 0 0 0 0 0 0 0 0 0 0 0 1 0 1 1 0 0 0 2 1 0 0 0 0 0 0 0 0 1 0 0 0 3 0 4 0 0 0 0 0 3 0 1 0 1 0 0 0 0 0 0 0 0 0 1 1 0 1 1 6 0 0 1 0 0 0
10 6 4 2 9 26 0 0 9 3 8 28 2 0 10 26 16 3 7 3 17 4 2 11 12 1 3 21 5 0 4 18 9 4 8 12 8 15 0 2 5 19 7 12 4 7 8 6 7 6 3 1 1 6 16 16 1 4 1 0 2 0 21 3 3 11 12 5 5 0 1 11 24 0 11 1 5 0 2 2 12 14 6 1 0 7 4 3 3 2 5 0 2 0 4 3 0 24 2 5
18 2 1 24 5 0 15 5 24 39 10 2 17 7 1 12 5 19 19 1 2 4 6 26 40 9 0 11 7 1 21 17 7 19 4 7 2 20 26 4 0 1 10 1 1 0 0 15 36 0 10 13 1 16 9 0 0 1 3 27 0 26 0 13 2 3 2 0 4 23 15 0 8 5 5 3 3 1 11 5 3 1 15 26 32 12 6 0 0 15 12 2 8 14 0 14 11 8 0 8
8 14 24 20 0 19 7 5 0 4 19 3 1 3 1 6 3 4 4 2 0 1 3 2 27 9 2 12 2 17 3 1 17 1 14 10 26 33 2 5 3 1 9 15 3 1 1 6 2 0 4 3 0 4 20 9 6 3 5 0 0 8 2 7 0 18 32 9 2 8 6 13 23 20 0 2 6 4 12 9 34 1 3 5 3 4 4 21 3 1 10 20 4 28 6 7 0 3 0 0
1 0 0 0 0 0 0 2 0 0 13 0 0 0 0 0 0 0 0 1 4 0 0 0 0 1 0 1 0 1 0 1 0 0 0 0 0 2 0 0 0 0 0 0 1 0 0 1 0 1 0 0 0 0 0 0 0 0 0 0 2 0 0 0 1 0 2 0 0 0 0 1 0 1 0 0 0 0 2 0 0 0 0 0 0 1 1 0 1 0 0 0 2 0 0 0 1 0 0 0
3 1 15 5 3 14 8 0 0 0 8 22 2 0 0 6 0 2 4 1 5 0 2 5 0 4 0 5 15 14 5 7 3 0 1 5 3 3 1 3 4 2 2 2 18 0 0 9 3 0 11 3 2 2 2 1 8 12 0 4 5 1 10 0 1 0 5 1 2 6 2 10 0 4 1 2 0 0 8 6 17 0 1 6 4 4 2 0 3 23 4 1 7 10 4 0 5 6 4 3
1 2 0 0 0 0 0 1 0 0 0 2 0 4 0 0 2 0 0 1 0 1 0 0 0 0 0 1 0 1 1 0 2 1 1 0 0 1 0 1 0 0 0 0 1 3 1 0 0 0 0 1 0 0 0 0 0 0 2 1 2 2 0 0 0 0 5 0 0 2 0 0 0 1 2 1 0 0 2 3 0 0 0 0 0 2 0 0 3 0 1 0 1 0 1 1 0 0 0 0
0 0 1 0 0 0 0 0 1 0 0 0 0 0 3 0 0 0 0 0 0 2 1 2 1 1 0 0 1 2 0 0 0 0 0 0 0 7 0 2 0 0 0 0 0 0 2 0 0 0 0 2 1 1 0 0 0 0 0 1 0 0 0 0 0 1 1 0 0 0 0 0 0 0 0 0 0 0 0 0 1 3 1 1 0 0 0 0 0 0 0 0 1 0 0 0 1 0 0 0
1 14 11 6 2 5 38 8 6 2 26 4 3 9 1 3 18 2 6 3 12 16 4 4 0 1 0 5 4 12 22 1 1 16 4 18 11 13 20 12 3 5 6 5 23 17 20 7 14 8 6 5 2 7 9 8 10 7 0 26 7 5 9 9 6 5 2 7 1 2 11 7 0 0 2 18 22 4 1 14 2 8 3 3 9 14 0 2 4 40 8 0 1 1 29 8 1 6 0 8
4 3 4 8 1 10 2 10 14 2 12 11 2 9 3 1 4 50 27 35 1 5 12 3 5 33 14 16 2 0 0 60 1 0 14 5 7 1 0 11 0 1 13 0 7 14 2 3 1 1 18 0 1 7 1 20 22 3 1 29 3 4 12 7 1 10 7 4 2 22 2 10 35 2 4 9 14 0 5 2 1 1 11 1 5 2 6 13 8 15 1 2 4 27 2 1 0 18 1 5
0 0 1 0 0 1 0 0 0 0 0 0 0 0 0 1 0 0 0 0 0 1 0 0 1 0 0 0 1 0 0 5 0 2 0 13 0 0 1 0 0 0 0 1 0 0 0 0 0 0 2 1 0 1 0 0 0 0 1 0 0 1 0 0 6 1 3 1 0 0 0 0 1 1 0 0 0 0 0 0 1 0 0 0 0 0 0 2 2 0 0 1 0 0 2 0 0 1 0 0
0 1 1 1 6 3 6 11 10 0 14 2 11 19 4 21 17 7 2 9 2 1 6 3 10 3 1 1 3 13 3 2 0 9 0 3 0 3 6 4 18 0 8 4 2 36 4 1 0 1 8 0 0 3 8 3 0 1 9 6 12 3 3 22 0 2 4 4 10 3 0 8 2 12 1 4 6 18 27 8 1 0 2 2 1 1 6 2 0 10 3 2 5 18 1 1 1 4 3 9
0 3 1 21 4 3 1 6 5 0 0 2 0 6 1 2 3 2 13 1 2 1 0 12 2 5 0 10 8 9 4 2 12 1 2 0 0 3 2 2 9 0 1 5 4 6 3 0 3 0 12 9 5 17 4 4 1 0 12 0 1 2 1 0 0 2 0 13 0 0 0 2 3 6 1 0 0 3 2 0 9 22 1 1 1 0 1 8 0 3 0 0 3 0 0 0 2 2 4 5
0 0 0 3 0 0 0 0 0 0 0 3 1 0 1 0 1 0 3 0 5 0 2 0 0 1 0 3 0 0 0 0 6 0 0 0 0 1 0 0 1 18 0 0 0 0 1 0 0 0 0 0 1 0 0 0 0 0 1 0 1 0 1 2 0 0 0 0 0 0 4 0 0 0 0 0 2 0 0 3 0 1 0 0 0 0 0 3 0 2 0 0 0 0 9 0 0 1 0 1
10 8 4 3 1 9 21 13 10 10 0 17 10 20 27 0 2 2 21 11 20 22 18 3 10 15 0 3 12 7 11 1 9 5 2 2 4 6 13 5 2 3 9 16 1 21 0 12 12 9 12 3 4 28 5 5 9 6 4 3 24 2 0 6 4 1 0 10 2 13 0 1 0 2 7 0 2 0 15 2 10 5 8 3 5 3 3 1 8 11 6 2 6 15 5 3 1 5 13 9
0 0 0 0 0 0 0 0 0 0 0 0 0 1 3 0 1 1 3 2 0 0 0 0 0 2 0 0 0 1 0 1 0 0 1 0 1 1 0 1 1 1 0 0 0 0 1 0 0 0 0 1 0 0 0 1 0 2 0 3 5 2 4 1 2 1 1 0 0 0 0 0 0 0 0 0 0 0 0 0 0 1 0 0 2 0 0 0 1 0 0 0 0 0 2 0 4 0 0 0
7 5 0 27 6 4 10 2 27 2 18 2 8 1 5 4 8 7 2 6 12 7 17 3 3 1 3 7 4 2 9 18 3 11 5 0 5 17 2 3 3 11 1 8 11 0 3 8 7 19 45 6 15 12 0 20 5 4 0 14 9 11 9 16 15 2 2 18 0 12 8 25 6 7 5 3 8 5 0 9 10 9 15 2 16 12 2 8 4 13 6 5 2 2 14 4 2 0 5 2
5 22 2 2 0 3 27 3 33 14 0 9 5 0 5 1 3 1 14 35 2 9 6 8 0 1 7 12 0 9 4 3 3 4 22 0 1 0 10 9 3 0 6 6 1 2 15 5 9 0 4 1 20 3 26 9 5 3 13 0 9 6 16 0 3 1 25 23 9 9 19 0 7 14 20 6 3 19 2 21 26 12 0 4 5 3 12 13 5 3 10 11 20 31 3 0 5 1 3 9
15 1 12 5 2 4 2 0 21 3 4 2 2 3 12 37 5 2 17 2 19 3 3 2 0 3 36 1 3 5 12 5 7 15 0 13 0 1 2 4 28 11 1 15 2 1 19 7 0 6 0 4 2 29 6 7 2 2 22 8 1 3 6 9 13 0 1 1 17 3 3 3 8 17 4 15 0 11 4 4 4 6 0 18 15 10 15 1 20 29 8 4 7 2 37 1 1 9 3 5
7 16 7 2 1 7 9 0 1 40 7 4 2 1 1 5 2 14 25 3 17 3 3 5 11 22 6 31 3 18 0 2 0 8 7 5 30 6 19 9 9 28 7 1 2 3 24 1 3 3 10 1 0 9 23 0 5 17 17 0 3 36 1 14 8 4 11 2 12 6 2 0 1 1 12 9 5 17 1 16 16 7 0 0 6 3 11 0 0 8 4 12 1 3 0 1 9 2 1 3
0 0 0 0 0 1 6 0 2 0 0 0 0 0 0 14 0 0 1 0 0 1 0 0 0 1 0 1 0 1 0 0 0 1 0 6 0 0 0 0 0 1 0 0 0 0 4 1 0 0 0 0 0 1 0 0 0 4 0 0 1 0 0 1 1 0 1 0 0 0 0 0 0 0 0 0 0 0 1 0 1 0 1 0 0 2 1 0 1 0 0 0 0 0 1 0 1 1 0 0
21 0 0 0 0 0 1 0 1 1 0 0 1 0 0 0 0 0 0 0 0 1 0 0 1 0 0 1 0 2 0 2 0 3 3 3 2 0 3 0 0 3 0 1 1 0 0 8 0 1 0 0 0 0 0 2 0 15 2 0 0 0 1 1 1 0 0 0 0 0 0 0 0 0 1 2 0 0 1 0 1 0 1 1 3 0 1 0 1 0 0 1 0 0 4 1 0 0 0 1
2 3 0 3 2 4 1 0 3 9 6 0 5 1 11 2 4 8 4 11 9 2 5 1 12 8 8 7 6 1 1 7 0 24 2 12 0 2 11 6 6 6 0 0 3 5 0 6 1 0 1 1 6 0 1 7 5 2 1 1 0 9 3 1 0 0 3 4 6 3 5 2 4 0 11 3 8 2 8 2 3 4 0 5 9 2 3 6 2 0 12 4 4 0 4 0 3 2 2 4
17 0 0 9 5 1 4 2 0 2 1 5 5 0 7 1 5 1 14 3 5 3 2 2 1 3 0 0 4 9 3 13 3 8 3 3 14 0 10 1 2 0 1 2 9 1 1 1 1 1 0 1 0 2 2 4 1 0 18 8 18 5 0 2 0 0 0 12 9 11 5 2 7 1 3 0 8 9 1 15 2 21 1 6 1 0 2 4 0 2 9 3 2 2 5 6 0 10 3 1
0 0 0 0 0 0 2 0 2 0 1 0 0 0 5 0 0 3 0 0 0 1 0 0 0 0 2 0 5 1 0 0 1 0 2 1 3 1 1 1 0 0 0 3 0 2 4 0 0 0 0 0 0 0 0 2 0 2 0 0 0 2 0 0 0 0 0 0 0 1 3 0 0 2 0 4 0 0 0 0 1 0 2 0 1 0 1 0 0 0 1 1 1 0 0 1 1 0 0 2
2 18 3 4 5 9 12 5 5 27 17 0 3 0 10 6 6 4 7 0 3 5 4 9 8 37 10 15 2 6 2 11 2 2 0 3 0 8 25 1 0 13 16 18 3 0 0 3 1 4 16 11 25 19 2 3 4 5 14 0 10 20 16 7 2 1 0 6 0 6 14 8 1 2 1 4 3 6 1 7 4 5 1 22 16 18 1 5 12 1 3 9 7 13 0 6 27 7 24 5
4 1 0 0 0 0 0 0 0 0 0 0 0 2 0 3 0 0 1 1 1 0 0 0 1 0 0 0 2 2 1 0 0 0 0 2 1 0 0 0 0 1 1 1 2 0 1 3 1 1 0 0 0 0 0 0 0 4 1 2 0 0 0 0 3 0 0 3 0 0 0 0 2 0 0 0 0 0 0 1 0 0 0 0 0 1 1 0 2 0 1 1 0 0 1 0 0 0 0 0
11 2 4 4 8 3 3 40 4 17 7 0 4 10 10 4 6 8 2 8 2 4 2 3 30 11 4 1 20 16 2 7 0 2 1 6 0 1 11 7 7 24 11 3 1 0 5 1 0 3 6 7 0 13 0 8 6 0 0 29 1 13 2 2 8 5 24 6 0 18 6 6 0 3 7 5 4 11 0 30 3 38 2 1 7 0 0 0 0 4 3 49 0 19 7 21 12 7 5 36
1 9 6 5 8 1 19 1 3 0 10 6 7 3 2 10 12 1 7 4 0 9 14 9 15 11 14 0 2 2 2 4 4 1 11 1 1 2 2 3 1 1 12 1 4 7 0 1 1 0 5 5 1 3 6 0 0 1 0 1 0 12 3 0 0 4 0 3 4 5 2 4 2 2 2 0 4 4 1 12 3 1 0 0 0 3 0 7 3 2 1 6 1 0 5 0 11 1 13 1
4 19 7 8 10 6 1 33 17 3 2 1 5 12 6 2 2 2 5 10 5 0 0 1 10 10 28 5 2 7 3 0 14 0 0 1 0 7 19 10 0 33 5 0 1 2 4 2 5 1 2 1 7 3 1 1 7 9 5 0 6 2 12 0 0 0 3 1 9 5 1 2 2 3 10 3 1 4 10 0 14 9 3 0 4 0 2 9 1 10 1 2 2 3 3 3 0 8 1 19
2 1 1 0 0 0 5 0 0 0 0 0 0 0 0 1 0 0 2 0 0 1 0 0 0 0 0 1 0 0 1 0 0 0 0 0 0 0 1 28 0 3 0 2 0 0 0 1 0 0 1 0 0 0 0 0 1 10 0 1 0 1 1 1 0 0 0 0 1 1 2 1 0 0 2 1 0 1 0 1 0 0 1 0 9 2 0 1 11 0 0 1 1 1 2 0 1 3 1 0
1 10 14 8 7 8 4 7 1 4 0 15 7 4 7 5 4 13 1 19 5 4 14 3 3 17 0 4 23 9 0 3 6 0 5 0 9 4 4 9 5 1 28 8 2 1 2 6 10 0 2 6 17 9 0 1 9 6 0 3 4 2 2 3 21 1 7 3 17 2 5 19 11 5 6 17 6 0 1 2 5 2 6 1 7 6 0 7 3 1 2 11 1 10 1 21 6 5 3 3
3 4 3 1 1 10 10 8 6 10 6 21 4 8 7 2 10 1 1 23 8 8 8 2 4 4 18 1 3 1 16 12 7 1 4 10 1 5 25 1 7 0 0 8 0 9 51 19 14 7 7 11 5 5 6 3 0 0 3 5 17 1 35 0 1 9 1 0 5 16 11 0 7 4 1 0 4 0 0 2 5 10 9 9 0 2 1 1 0 3 0 0 4 5 1 6 18 4 6 5
11 10 10 4 1 2 10 5 1 8 0 0 2 13 0 3 1 0 4 1 3 5 8 5 8 16 8 3 0 4 2 19 0 10 9 3 11 11 1 0 9 6 0 6 1 3 1 0 11 8 2 0 13 7 1 1 1 0 1 2 8 15 15 3 5 6 0 1 1 3 0 0 4 5 3 1 0 2 1 1 2 9 5 8 4 20 5 1 5 2 4 5 7 0 1 1 2 0 1 1
8 0 1 0 0 2 0 0 0 0 0 0 0 0 0 0 0 0 0 6 0 1 0 1 0 0 0 0 1 0 0 3 1 1 0 10 1 0 0 0 1 6 0 0 0 0 0 3 0 0 0 1 0 0 1 0 0 0 0 0 1 1 3 1 8 0 0 0 1 0 0 0 0 0 1 1 1 0 0 0 1 0 3 0 11 3 0 0 7 0 0 1 0 0 3 0 0 0 0 1
1 2 19 11 0 1 20 1 0 1 2 0 2 13 2 2 9 9 6 18 1 3 0 2 1 1 0 8 16 0 25 0 15 0 1 10 6 3 10 3 5 0 4 1 4 0 4 13 6 35 2 7 12 11 8 0 3 3 0 0 1 2 1 5 0 10 10 3 3 0 2 1 0 3 15 3 0 10 11 1 13 2 7 14 6 4 3 3 1 0 2 7 5 2 6 11 1 1 0 9
0 11 1 2 2 1 20 3 7 5 4 8 1 2 0 0 1 16 3 5 2 3 1 1 0 0 7 7 1 6 1 3 0 2 10 0 0 6 4 0 7 0 3 27 11 1 1 0 3 1 0 2 8 7 5 3 2 0 3 8 0 1 1 1 1 19 5 3 3 4 9 2 9 0 3 2 6 2 11 1 6 11 6 0 1 2 0 1 0 5 3 0 1 1 0 2 7 0 4 1
24 5 11 0 3 2 2 0 26 28 8 43 5 1 13 2 1 16 6 0 0 18 0 2 1 27 2 1 0 7 23 1 9 1 0 5 16 4 17 2 18 34 13 10 11 5 2 1 3 1 6 5 0 5 10 8 2 7 2 8 2 0 5 8 27 4 0 17 8 0 14 0 1 18 4 4 24 12 12 11 4 14 11 7 6 5 11 11 11 5 7 19 0 6 6 9 6 5 8 14
