1 0 0 1 0 0 0 0 0 0 1 1 0 0 1 0 1 0 0 0 0 0 1 8 0 0 0 1 0 0 0 0 0 2 0 0 0 1 0 0 0 2 2 2 0 0 0 0 0 0 0 2 0 0 0 0 0 0 0 0 0 0 0 0 2 0 0 0 1 0 0 1 0 0 0 0 0 0 0 0 0 2 1 0 1 0 0 0 0 0 0 5 2 0 0 0 0 2 1 0
0 20 0 2 12 14 0 3 14 4 16 1 13 8 15 0 4 1 4 18 4 5 6 0 1 3 4 2 4 28 5 1 0 13 6 11 0 16 7 2 17 6 12 0 11 2 1 23 2 2 19 0 6 16 9 13 26 11 2 8 13 18 7 4 7 3 1 3 1 4 13 5 6 6 5 5 0 16 32 1 0 0 5 5 24 5 17 39 20 19 13 1 1 0 1 3 10 1 7 8
6 3 3 2 0 0 1 0 12 13 0 0 11 0 22 7 0 0 4 5 0 15 9 5 10 13 0 8 9 0 1 5 3 6 0 2 3 10 0 6 1 10 1 4 2 3 3 0 1 23 6 7 0 1 4 0 0 6 2 1 0 2 2 9 0 0 3 0 0 0 0 9 13 3 1 12 29 0 5 1 3 3 9 2 3 3 4 15 8 0 0 3 19 4 4 12 3 4 1 6
0 1 0 0 0 2 0 3 0 0 0 1 0 0 3 0 0 1 2 0 0 0 0 1 0 1 1 0 0 1 0 0 0 0 0 0 0 0 1 0 1 0 0 1 2 1 0 0 0 0 0 0 0 0 0 0 1 0 0 0 0 1 1 0 0 8 0 0 0 0 0 0 0 0 0 0 0 0 1 0 1 0 0 1 1 0 0 0 1 0 0 0 1 0 0 0 0 1 0 0
35 5 3 4 9 2 2 7 11 13 8 15 8 7 9 0 1 35 2 37 23 7 21 0 9 0 0 6 1 4 3 9 0 7 1 3 17 4 10 3 10 2 6 10 7 0 24 8 1 6 24 43 0 2 7 8 0 3 3 4 7 17 6 2 8 6 7 6 28 5 6 7 2 4 3 9 7 9 36 38 0 7 9 4 7 12 4 4 3 15 34 2 3 7 2 13 6 4 4 0
4 0 1 5 8 24 7 1 2 8 4 0 1 4 2 13 0 4 2 9 8 16 13 2 5 7 11 7 2 0 9 7 2 6 2 2 5 3 0 1 29 1 1 7 3 4 7 4 0 44 2 29 11 3 6 10 0 10 5 10 1 5 1 11 0 6 19 0 0 5 1 2 37 0 4 2 5 15 8 3 1 1 12 9 14 0 3 1 12 0 3 6 7 0 1 13 3 1 6 2
4 5 6 1 19 3 0 2 31 6 9 9 0 3 2 8 6 3 4 3 32 15 0 11 2 7 0 6 3 4 10 1 0 5 1 14 1 1 10 0 1 3 4 14 10 15 1 6 37 4 6 3 1 11 17 1 13 20 5 4 1 1 5 4 14 32 8 0 2 3 9 5 1 9 0 8 0 4 3 5 4 12 3 6 2 4 2 2 0 0 9 6 32 4 6 5 5 2 2 0
1 2 0 1 4 0 1 6 0 1 7 2 4 2 1 1 1 2 0 6 4 0 7 13 6 2 5 2 27 0 1 3 1 1 9 2 7 6 5 1 0 0 13 7 1 6 7 1 3 7 3 1 13 1 6 0 19 1 19 1 2 0 1 9 4 0 5 2 0 0 2 2 12 1 0 7 5 0 0 1 6 6 0 7 2 8 1 2 11 11 1 12 16 0 1 5 2 0 10 0
3 4 3 8 5 13 8 1 1 3 4 0 5 9 9 38 4 13 4 0 5 5 1 5 2 0 8 1 3 5 14 0 1 16 2 4 0 30 9 25 4 5 0 5 16 15 8 48 26 9 0 5 3 8 5 4 2 0 3 1 3 8 13 17 21 4 9 13 5 19 1 12 14 2 1 16 2 2 0 7 4 3 10 8 0 3 10 9 9 3 6 8 0 0 1 10 2 6 1 19
2 0 0 0 0 0 0 0 0 2 4 0 0 0 1 0 0 0 1 1 0 0 0 0 2 0 0 0 0 0 0 0 0 0 0 0 0 0 0 1 0 1 0 1 0 0 0 0 1 0 0 1 0 1 0 1 0 0 1 0 1 0 0 0 0 0 0 0 0 1 0 0 0 0 0 0 1 0 1 0 0 0 0 0 1 0 1 0 0 0 0 0 0 0 0 0 0 0 0 0
4 13 10 0 5 3 1 1 12 0 19 6 11 16 26 6 14 8 2 3 8 18 4 8 8 2 2 3 7 1 4 16 0 0 12 4 8 5 15 32 24 30 16 4 3 7 5 15 3 1 26 9 0 6 14 8 1 2 1 24 0 10 17 18 4 1 6 4 0 32 0 7 3 19 0 4 7 3 2 5 0 23 8 9 17 3 21 13 11 1 10 4 7 14 5 10 31 9 1 2
0 11 4 5 17 2 0 17 0 0 3 9 2 14 11 1 13 5 19 17 9 13 0 8 0 20 6 5 5 9 1 2 2 3 15 5 5 0 6 0 50 19 1 6 1 19 4 1 2 5 9 8 3 2 0 5 0 6 1 13 1 6 4 15 5 13 10 3 6 25 4 16 6 2 1 0 4 1 11 3 10 7 4 1 4 9 12 8 19 2 4 10 6 7 0 19 0 3 7 12
0 0 0 0 1 0 0 2 0 1 1 0 2 0 2 0 0 0 3 0 0 0 0 3 0 0 0 0 0 0 0 1 0 0 1 0 0 1 2 0 1 0 0 0 1 1 0 0 0 0 0 0 2 0 0 0 2 0 3 0 0 0 0 1 1 0 0 2 0 1 0 0 0 1 0 1 0 0 0 1 1 0 0 0 0 1 0 0 2 0 0 0 1 0 0 3 2 0 0 2
2 8 3 7 2 18 0 9 9 3 0 8 0 12 4 0 3 0 14 8 0 6 1 11 0 0 1 4 2 5 0 22 4 4 3 2 2 8 1 20 1 2 18 0 2 4 0 2 1 14 2 1 0 4 2 4 0 1 9 0 3 6 7 7 6 2 2 3 1 3 8 2 1 0 14 8 9 13 1 7 1 11 0 4 11 0 2 1 2 3 8 0 3 5 4 2 1 4 1 0
1 3 7 5 0 12 8 0 6 0 4 2 0 17 3 0 11 1 8 4 14 13 5 0 0 2 0 3 2 3 9 0 9 0 1 11 2 3 11 0 6 7 7 8 0 0 1 3 8 0 8 7 2 2 2 0 1 6 4 18 0 0 0 10 9 0 1 6 1 3 0 6 3 8 1 0 0 1 0 13 6 20 0 12 0 7 0 0 7 1 15 15 2 1 5 4 1 0 12 5
2 6 15 15 2 8 8 25 2 3 2 16 21 3 9 0 1 3 2 7 0 5 3 5 6 7 6 0 0 1 9 12 2 16 14 7 3 3 29 10 6 2 1 11 4 5 34 4 3 6 8 0 0 27 5 7 6 1 5 2 6 3 6 0 0 1 3 1 4 1 1 1 8 4 35 29 9 3 25 0 2 3 7 27 4 7 5 10 1 9 3 0 4 10 3 1 2 4 6 4
13 39 2 1 0 18 10 14 10 7 0 3 8 4 5 0 8 0 13 1 1 6 11 10 9 1 18 10 3 6 2 7 3 21 3 8 11 6 6 0 2 0 10 0 7 4 2 4 4 5 1 20 23 4 3 9 43 4 23 16 1 2 6 13 8 7 10 3 4 3 19 0 29 5 1 0 11 2 3 4 2 10 8 6 5 5 10 10 6 3 2 0 2 5 10 11 2 2 0 7
2 21 15 0 5 0 4 5 1 5 8 0 2 10 8 5 0 3 16 3 0 4 11 8 8 5 4 15 7 3 6 10 5 0 7 0 4 11 1 0 6 17 21 6 10 16 15 0 7 14 4 5 3 1 2 28 7 8 6 1 13 3 16 0 4 1 40 5 4 10 18 1 21 6 10 5 9 11 11 0 5 2 5 7 1 7 16 14 7 0 5 10 15 2 3 2 22 6 0 9
1 14 6 13 9 0 0 8 1 0 11 5 3 2 6 3 1 8 4 0 3 9 2 7 0 2 0 0 8 3 0 0 3 5 2 7 10 11 2 5 5 2 31 1 2 5 5 4 0 2 12 6 0 0 0 2 3 0 1 9 4 1 5 8 2 10 0 1 5 1 7 2 5 0 4 2 6 5 0 1 1 4 3 3 4 6 1 5 5 2 2 3 9 10 11 1 0 0 11 8
5 27 1 1 26 15 10 1 2 28 5 5 2 14 3 5 4 2 19 0 1 4 3 7 23 4 5 10 0 0 1 19 0 5 2 1 23 8 0 9 6 12 2 3 3 13 8 24 10 7 18 39 4 27 3 5 10 8 4 2 9 5 18 9 2 4 8 2 15 6 2 19 18 1 3 4 7 6 1 8 8 0 2 11 4 9 0 14 20 23 7 0 2 8 7 3 7 10 23 37
0 1 0 1 1 0 0 1 0 7 0 1 3 2 0 0 0 0 0 1 0 0 0 0 0 0 7 0 1 0 0 1 1 0 0 0 0 1 0 0 3 2 0 1 0 0 0 1 0 1 0 0 0 3 0 0 0 0 0 1 2 0 0 0 1 0 1 1 0 0 0 2 0 0 0 5 0 0 0 4 0 0 2 0 1 7 0 1 1 3 0 0 0 1 1 0 0 0 1 0
0 8 0 0 0 1 0 1 1 0 2 0 1 0 0 0 0 1 0 0 0 3 1 0 1 0 0 0 2 0 2 0 0 0 0 3 0 0 0 2 1 0 1 0 1 1 0 0 0 2 0 0 0 0 1 0 0 0 0 0 0 0 0 0 1 0 0 0 0 0 0 0 0 1 0 0 0 0 2 0 0 1 0 1 0 2 3 0 0 0 0 0 0 0 0 0 1 1 0 2
2 4 3 4 10 0 9 1 9 0 2 0 6 0 2 5 5 4 5 0 2 6 33 16 2 24 0 0 2 0 12 7 0 0 10 6 1 7 18 12 0 7 0 0 4 1 0 0 3 12 3 1 11 2 5 20 1 6 1 0 1 5 3 15 4 1 1 6 5 1 0 5 3 2 2 0 1 0 3 10 11 2 5 0 2 13 3 2 3 6 4 19 0 2 0 4 7 4 5 0
6 4 0 3 3 0 6 0 9 0 26 1 3 0 18 7 10 1 0 0 1 12 3 9 2 2 2 2 2 6 0 12 0 7 5 5 4 3 1 10 1 12 0 13 4 0 2 2 26 6 6 6 9 0 1 0 0 3 1 0 3 10 4 2 3 4 2 1 1 1 4 6 0 9 1 2 14 8 1 4 2 4 2 2 10 0 0 0 1 1 1 7 21 1 0 1 0 0 1 1
1 3 13 0 1 0 4 1 9 14 3 9 14 20 5 14 1 2 5 0 3 5 12 1 18 7 5 1 2 42 18 5 1 2 6 15 10 12 6 9 2 9 18 1 0 14 24 5 5 0 6 1 25 2 3 4 13 0 2 16 2 8 12 3 1 2 0 3 3 0 2 2 13 0 4 25 7 12 7 13 0 6 1 1 4 23 9 3 9 27 21 8 4 23 10 5 0 24 15 11
0 1 0 0 1 0 0 0 0 1 0 0 3 0 2 0 0 0 2 0 0 0 1 0 0 0 0 0 0 0 1 0 0 0 2 0 3 0 0 2 17 0 0 0 1 0 0 1 3 2 0 7 0 12 1 2 0 0 0 1 2 0 0 1 0 0 1 0 0 1 0 0 1 0 0 1 0 0 1 9 0 0 0 0 1 4 1 0 4 2 0 0 0 1 0 0 0 0 0 0
1 3 7 3 0 2 0 11 5 27 31 1 8 7 2 4 9 9 0 7 27 9 3 0 8 1 11 27 22 17 5 13 10 9 8 2 2 6 0 0 6 9 7 0 6 2 9 4 11 2 0 3 10 5 14 7 0 1 11 27 1 5 9 2 2 3 25 18 0 2 10 0 1 1 11 1 6 25 10 14 0 2 11 0 7 8 3 5 4 7 6 4 0 11 3 4 4 2 19 1
2 5 2 9 1 7 2 12 5 6 1 4 6 0 1 10 6 0 16 1 7 2 6 3 2 0 11 3 10 4 2 7 3 3 9 15 3 6 0 0 3 4 0 0 8 10 13 0 7 4 5 3 1 4 6 1 6 2 4 1 6 2 5 3 4 5 5 0 3 3 6 3 2 1 1 5 6 2 3 1 0 0 7 1 9 0 3 16 1 3 0 7 0 7 4 2 9 15 5 19
4 4 21 17 3 4 3 37 10 9 4 4 2 0 8 17 1 10 1 18 3 15 0 9 5 3 0 1 1 1 3 0 2 5 6 5 3 18 2 8 26 4 2 1 11 0 0 0 5 2 0 3 3 1 5 2 23 17 8 1 3 1 0 1 0 0 1 1 10 3 6 3 25 4 20 4 3 1 2 30 26 3 19 7 0 7 0 30 8 8 11 0 0 23 5 7 15 3 0 5
0 0 4 0 2 0 0 0 2 0 1 0 0 1 1 4 2 2 0 1 0 1 0 0 0 0 0 0 0 0 2 1 0 0 0 0 0 2 0 0 0 0 0 0 0 4 0 0 0 0 0 0 0 0 0 1 0 1 1 1 0 0 0 0 0 0 0 0 0 0 0 0 0 1 0 0 0 1 0 0 0 0 0 0 1 0 0 0 0 1 0 0 0 1 0 0 0 0 0 2
0 0 0 0 0 0 0 0 0 1 0 0 3 1 2 0 0 1 1 0 0 1 2 0 0 1 0 0 0 0 0 0 0 0 0 3 0 0 1 0 0 0 7 2 3 0 0 27 0 2 1 0 1 0 0 1 1 0 0 2 0 2 0 1 0 1 0 0 12 0 0 0 0 0 1 0 0 0 2 0 0 1 0 1 0 0 1 0 0 1 0 2 0 2 0 2 1 0 0 2
1 4 7 26 0 0 2 18 1 10 1 8 22 0 1 6 0 4 17 7 32 5 0 7 6 16 1 1 10 29 0 3 0 2 6 13 16 1 5 0 32 20 9 2 0 3 7 6 4 4 16 17 5 17 0 13 8 7 25 0 7 7 6 3 0 6 5 2 39 12 15 2 1 8 3 10 4 8 3 1 19 7 0 5 7 2 0 5 5 16 10 1 2 9 18 20 4 0 1 1
0 0 0 2 0 1 0 0 0 0 0 0 0 1 0 3 1 1 1 0 0 0 2 1 0 0 0 0 0 1 0 0 0 5 0 0 0 1 0 0 1 0 0 0 2 0 0 0 1 2 0 2 0 0 0 0 3 0 0 0 0 0 0 1 0 0 0 2 1 1 0 0 0 0 0 0 3 0 1 0 0 0 0 9 0 1 0 0 2 0 1 0 0 2 1 0 0 0 0 0
0 1 1 0 2 0 0 0 0 0 0 0 0 2 0 0 0 1 0 0 1 0 1 1 1 0 0 0 1 1 7 0 1 0 0 0 0 3 1 2 1 1 1 0 0 0 0 0 1 0 3 0 2 0 0 0 0 0 0 0 2 0 0 0 0 1 1 1 2 0 0 2 0 0 1 0 0 0 0 0 0 0 0 0 3 0 0 0 0 1 1 0 0 0 0 0 0 1 0 0
0 1 0 0 1 0 0 0 0 0 0 0 0 0 0 1 0 1 0 0 0 0 0 0 0 0 0 0 0 0 0 1 0 0 1 0 0 0 0 0 0 2 0 0 4 1 0 0 0 0 0 0 2 0 2 0 0 2 0 0 0 0 1 0 0 0 1 0 1 1 0 0 2 0 0 0 0 0 0 1 0 0 0 2 2 1 0 1 0 0 0 0 0 0 0 1 1 0 0 0
5 3 6 16 8 7 6 11 0 2 3 6 37 12 11 4 11 8 3 0 6 14 77 8 0 1 13 16 12 0 0 5 4 4 3 3 11 0 14 1 13 3 4 27 11 19 13 17 12 14 19 1 16 0 4 0 5 4 0 1 5 2 1 0 10 8 4 8 2 13 11 7 31 0 2 7 11 2 0 13 0 3 6 7 1 0 2 3 13 6 1 11 12 2 0 8 11 12 2 0
0 7 1 1 11 9 1 7 7 1 4 1 11 2 6 4 1 18 16 0 0 4 29 7 0 9 6 1 22 10 12 7 13 8 0 19 6 6 56 6 10 8 13 7 8 10 21 20 10 14 1 2 52 1 2 0 34 0 27 18 28 7 6 6 1 15 6 3 1 10 5 1 14 4 15 1 10 4 6 12 6 0 24 0 3 1 2 18 8 10 1 5 4 25 2 8 3 1 3 1
1 2 0 1 0 0 0 0 1 0 0 0 1 0 0 1 0 0 0 0 0 0 0 0 0 0 0 0 0 0 2 1 1 0 0 0 0 0 0 1 1 0 0 0 0 0 0 0 0 0 1 0 0 0 1 2 0 0 0 0 0 0 0 2 1 0 0 1 0 0 0 0 2 0 0 1 3 1 0 1 0 1 0 2 0 0 0 0 0 0 0 0 0 0 0 0 0 0 1 1
5 9 7 15 18 23 0 17 10 14 4 8 2 1 2 5 0 6 11 9 1 0 2 20 25 5 1 6 1 7 11 15 27 4 6 1 1 6 1 2 3 1 6 17 4 5 5 15 2 4 12 4 1 10 4 5 1 9 24 36 5 5 24 2 0 6 4 4 1 3 1 9 21 3 6 15 2 16 8 3 2 5 1 10 17 3 0 9 2 0 4 0 5 0 23 4 3 0 9 10
26 20 1 7 0 0 7 6 0 3 0 15 1 1 1 8 7 3 11 1 6 12 5 1 5 6 1 3 6 0 1 1 9 5 6 6 12 3 1 7 9 1 23 0 3 1 1 0 8 2 2 1 0 5 6 1 2 9 2 5 6 0 17 4 0 0 1 3 5 1 2 8 8 3 1 2 6 0 1 1 3 0 0 5 12 5 7 2 10 6 4 1 2 10 2 1 6 5 9 2
0 0 0 0 0 0 1 0 0 0 0 1 1 1 0 0 0 0 0 0 0 2 0 0 0 0 0 0 0 0 0 0 1 0 2 0 0 0 0 0 0 0 0 0 1 1 0 0 0 0 2 0 0 0 0 0 0 1 0 0 0 2 1 0 0 3 0 0 0 0 0 5 0 1 0 1 0 0 0 0 1 0 0 0 1 0 2 0 0 0 1 2 0 1 0 0 0 1 0 0
15 1 0 2 1 0 12 1 4 1 1 0 0 6 1 9 5 7 0 1 0 4 0 0 7 0 17 0 7 6 0 6 2 6 7 2 1 4 2 3 0 1 3 4 5 1 0 2 7 5 0 1 2 3 1 3 1 0 0 2 4 3 1 8 0 7 6 1 3 12 11 5 16 3 0 1 0 0 7 2 1 3 5 4 2 1 1 2 8 3 2 4 7 0 0 7 4 13 5 0
3 1 0 0 2 5 0 6 0 2 3 2 1 1 3 2 0 1 2 21 3 0 4 4 8 2 2 4 0 2 4 6 4 3 4 7 4 0 0 0 4 0 2 1 7 6 21 1 8 9 0 3 2 0 0 0 6 0 4 3 6 5 1 1 2 2 0 1 0 1 1 1 7 3 0 7 2 3 5 2 3 1 0 0 3 1 5 6 2 10 8 1 5 9 0 6 2 6 2 4
0 1 1 0 0 1 0 0 0 0 0 1 1 0 0 0 0 0 0 0 0 3 0 0 0 0 1 0 0 1 0 0 0 0 0 0 0 1 4 0 0 3 0 0 0 0 0 2 0 0 1 0 0 1 0 1 1 0 1 2 0 1 1 0 0 0 0 0 0 1 0 1 0 2 2 0 2 0 0 0 0 0 0 0 0 1 0 0 0 0 3 1 0 0 0 0 0 2 0 0
0 22 0 0 1 1 1 13 9 1 2 8 8 2 9 0 8 1 1 6 15 2 0 2 13 5 0 1 3 2 5 4 11 6 2 0 1 4 2 0 0 5 4 1 0 0 0 3 7 0 2 10 4 1 2 0 4 13 1 4 4 1 0 6 1 0 0 3 0 17 1 2 0 3 3 1 8 1 3 2 9 1 3 4 16 7 5 7 5 3 3 4 1 9 0 1 3 5 1 1
1 0 2 0 0 1 1 0 0 1 2 0 0 0 0 1 0 0 0 0 0 0 0 1 0 0 0 0 1 0 0 0 0 0 0 0 0 0 0 1 1 0 2 0 0 0 0 0 0 0 0 1 0 0 1 1 0 11 0 0 0 0 0 0 0 1 0 0 0 0 0 2 0 1 3 0 0 1 1 0 0 0 0 0 0 0 1 0 1 0 1 0 0 0 1 0 1 3 2 1
7 3 4 1 19 3 0 13 20 1 11 7 20 10 0 2 1 19 2 3 10 2 10 0 4 12 4 12 16 0 4 6 7 9 10 6 0 8 5 11 2 0 2 8 11 8 0 13 3 14 8 7 13 8 1 0 9 0 15 2 1 1 0 5 0 17 35 11 8 2 2 1 2 32 7 9 2 1 2 0 14 9 16 11 1 3 2 2 0 19 11 26 9 3 10 6 11 5 0 8
0 0 1 1 1 2 0 0 0 0 0 0 0 0 0 0 2 0 0 3 0 0 0 0 0 1 0 0 2 1 1 0 0 0 0 0 1 0 1 0 0 0 1 0 2 0 1 0 0 0 0 0 0 0 1 0 0 2 0 0 0 0 1 0 1 1 0 0 0 0 0 0 0 0 1 1 0 1 0 0 1 0 0 0 0 0 0 6 1 1 0 0 0 0 5 0 1 0 0 2
7 2 3 1 7 3 6 4 0 1 8 4 15 0 5 8 2 2 2 4 1 6 5 16 9 6 0 2 14 2 0 12 8 1 2 6 0 4 13 2 2 11 0 0 0 1 2 2 0 5 0 13 0 8 0 5 2 1 0 6 0 3 1 3 3 1 3 0 0 2 24 1 0 2 0 0 1 3 9 4 5 0 13 2 4 0 1 0 0 0 1 3 12 0 1 5 7 15 0 1
1 8 2 0 0 5 5 7 2 13 0 2 1 2 0 9 0 5 1 0 6 0 2 7 9 16 3 1 0 0 3 0 0 2 5 1 0 0 3 14 0 3 6 3 1 0 3 0 3 8 7 0 1 0 3 0 3 11 2 7 1 14 0 3 1 11 7 1 4 2 7 20 12 3 2 0 0 10 2 1 0 5 3 4 12 13 0 0 6 2 3 7 4 2 0 2 7 0 0 3
