9 9 2 0 4 4 13 3 2 1 4 0 22 0 5 1 0 7 7 3 0 3 0 7 14 5 5 5 1 8 8 3 4 2 1 4 4 1 7 5 11 4 1 1 0 2 2 11 2 8 11 1 15 7 3 20 1 6 3 1 5 8 5 1 7 4 0 5 3 0 4 6 5 4 1 6 1 14 7 1 6 0 3 0 4 1 2 8 0 0 0 1 0 2 6 3 4 8 15 1
5 5 7 37 18 12 2 1 0 7 15 11 5 1 29 6 20 53 8 16 7 19 1 8 11 15 14 0 13 2 3 14 1 27 10 4 10 4 2 4 11 4 34 2 1 1 19 18 0 9 1 1 7 2 22 0 0 8 1 2 0 8 1 4 0 4 5 9 3 9 6 23 4 3 3 0 5 15 4 4 2 0 5 3 11 1 11 9 24 0 30 5 0 34 23 8 0 5 7 32
1 2 2 2 4 10 2 0 2 8 1 21 2 2 5 1 0 20 10 1 11 1 4 8 19 4 1 3 3 0 4 2 6 7 3 1 2 10 9 5 14 0 10 0 12 4 1 2 0 13 4 23 3 12 2 14 4 3 10 10 6 8 9 0 9 2 0 2 0 2 3 3 7 2 0 2 3 4 19 2 4 8 6 0 4 2 4 7 0 8 3 5 2 2 0 1 2 0 0 2
4 23 15 6 4 12 4 0 4 3 2 4 0 1 9 3 4 2 5 2 6 0 0 3 2 0 4 3 0 8 1 1 12 8 4 0 5 4 1 2 0 0 2 0 3 0 0 9 0 1 1 0 2 2 1 2 2 4 4 3 0 8 2 0 2 5 3 2 20 11 0 1 5 5 15 3 2 4 0 14 6 2 2 1 0 0 9 6 2 2 1 0 0 9 0 7 3 4 3 7
2 12 39 10 3 3 2 5 2 0 2 4 7 9 2 0 11 3 1 7 4 18 2 7 5 7 23 17 7 1 3 10 3 0 9 6 6 6 24 16 1 5 8 8 0 30 4 5 1 11 8 15 5 0 13 5 13 1 0 2 1 7 6 2 0 6 12 2 10 0 8 8 10 50 0 20 3 16 4 0 3 6 8 10 0 2 21 13 9 8 15 2 4 2 0 1 4 0 14 1
4 1 0 3 3 3 1 1 1 0 2 3 4 0 6 1 15 0 6 2 4 2 1 3 4 0 0 14 0 7 7 5 3 4 1 5 0 0 1 0 0 2 2 3 6 1 2 1 4 3 6 2 2 2 1 2 1 3 2 4 3 1 5 0 6 1 0 4 2 0 2 2 0 9 11 14 4 6 5 0 2 0 7 2 5 6 5 2 8 1 2 6 11 6 1 6 7 3 2 3
1 0 0 1 1 3 0 0 0 0 0 0 0 0 0 0 0 0 0 1 0 0 0 0 0 0 0 0 0 0 0 0 0 1 0 0 1 0 0 0 0 0 0 0 0 0 0 1 0 0 0 0 0 0 0 2 4 0 0 1 0 1 0 0 0 0 0 0 0 1 0 0 0 0 1 0 0 0 3 1 0 0 0 0 0 1 0 3 0 0 0 5 1 1 0 0 0 0 0 1
3 12 0 0 1 1 0 2 0 2 0 4 0 0 0 2 1 0 0 0 0 0 0 0 0 0 0 0 0 0 0 8 0 1 1 3 0 0 0 1 2 1 0 0 2 0 0 0 1 0 0 2 0 0 0 0 0 0 1 0 0 0 0 1 1 1 0 0 0 1 1 1 0 0 0 0 0 2 0 1 0 1 3 3 0 1 0 1 0 0 0 1 2 1 2 0 0 1 0 0
0 2 0 1 0 3 1 1 0 0 0 0 0 0 0 1 1 0 0 1 0 4 7 1 0 1 0 1 0 0 0 1 0 0 4 1 0 0 0 0 0 0 0 1 0 0 0 0 0 1 1 1 3 0 1 0 2 1 0 0 0 0 0 0 0 0 0 1 2 2 0 0 0 0 1 1 0 0 0 0 0 2 0 1 0 0 0 0 1 1 1 0 0 0 1 0 0 0 0 1
1 3 14 5 8 1 0 6 1 4 6 4 7 0 3 4 1 2 2 2 0 1 4 2 1 1 4 2 5 1 2 0 0 3 10 1 1 3 0 1 1 0 3 5 1 3 1 3 5 5 7 1 2 14 6 8 2 7 11 1 0 1 4 3 4 1 8 1 8 2 1 3 4 2 2 0 0 0 5 1 7 2 1 5 12 5 1 14 0 1 6 5 0 5 3 0 1 3 0 0
2 7 4 0 4 3 1 0 3 5 9 12 26 1 32 2 3 2 0 11 3 0 10 3 14 11 4 24 0 6 0 3 15 21 3 2 0 5 5 15 12 3 6 5 0 2 0 0 11 3 1 3 7 15 0 10 9 2 3 16 6 7 6 1 8 7 3 0 0 7 3 1 16 4 4 5 55 0 2 14 4 1 7 2 26 4 6 3 11 8 5 0 0 4 12 1 3 6 10 1
0 0 0 2 1 0 0 3 0 0 0 2 0 0 0 1 2 1 0 0 0 0 0 0 0 0 0 1 0 1 0 0 1 0 0 0 0 0 0 0 0 0 0 2 0 0 0 0 0 2 0 1 0 1 1 0 1 0 0 2 1 6 1 1 0 0 0 0 0 12 0 0 0 1 0 1 1 1 2 1 0 1 0 0 0 0 0 0 0 0 0 0 0 0 0 1 0 0 0 2
1 0 0 0 2 0 0 0 0 0 1 0 0 0 0 0 0 3 0 0 0 1 0 0 1 1 0 0 2 0 1 0 0 0 0 0 1 0 0 0 1 3 0 0 1 0 0 1 1 1 1 0 0 1 0 0 1 0 1 0 0 0 3 0 0 0 0 5 0 1 0 0 0 0 1 0 0 0 0 0 1 0 0 0 0 0 0 0 1 0 0 0 0 1 0 0 0 1 0 0
3 3 0 2 3 1 2 15 5 3 0 3 16 1 3 3 0 1 4 5 0 3 2 0 3 6 4 4 1 5 0 5 7 2 2 4 3 5 1 0 0 0 2 2 0 0 0 1 3 0 2 9 1 14 2 0 3 0 2 0 4 13 1 3 1 0 7 2 2 3 2 1 0 6 0 4 2 1 0 0 2 0 0 5 1 4 1 5 2 4 7 3 1 0 5 0 1 6 0 0
0 0 3 0 0 1 0 0 5 0 1 0 0 0 1 0 0 1 1 0 2 0 0 0 1 0 0 0 2 6 0 0 0 0 1 0 1 0 10 0 1 2 0 0 0 0 0 0 0 0 0 0 0 2 0 0 0 0 0 0 1 0 0 0 1 0 1 11 0 0 0 0 0 0 0 0 0 0 0 7 0 0 0 0 2 0 0 0 0 0 1 1 0 1 6 0 0 0 0 5
0 0 0 0 1 0 0 0 1 0 1 0 0 1 3 0 1 0 3 0 0 0 1 1 0 0 0 0 0 0 0 0 0 0 1 0 1 0 2 13 0 1 0 0 0 0 3 0 0 0 1 0 0 1 1 0 1 4 1 0 0 0 0 0 0 0 0 4 0 0 1 0 0 0 1 0 5 0 0 0 0 4 0 0 0 0 0 0 3 1 0 0 1 0 1 1 7 0 1 0
1 1 0 0 1 0 0 0 0 2 1 0 0 0 0 1 0 0 1 1 1 0 0 0 0 1 1 0 0 0 2 0 2 0 0 0 1 0 0 0 0 0 0 0 1 1 0 0 1 0 0 1 0 1 0 0 0 0 0 0 2 0 1 0 1 1 3 0 1 2 0 0 0 0 0 0 0 0 0 0 0 0 1 0 0 0 0 0 2 0 2 0 0 0 0 0 0 0 0 0
2 0 2 0 8 0 0 8 4 0 0 6 0 10 1 1 2 13 0 0 1 17 7 5 1 3 5 20 8 10 12 7 0 0 6 3 8 19 4 1 3 0 5 2 1 3 2 1 4 26 10 6 0 1 0 9 1 0 2 6 1 2 1 1 2 0 27 2 2 4 15 3 7 0 16 17 0 4 8 3 3 14 5 7 6 0 1 5 1 2 1 1 5 0 12 0 0 0 5 1
3 11 0 1 8 12 0 4 0 0 0 2 4 7 4 7 0 2 3 1 2 2 1 4 8 12 9 5 4 0 1 1 5 3 4 0 1 0 0 1 0 0 8 8 13 2 2 6 3 7 7 0 1 1 3 12 10 4 3 3 1 2 3 6 0 2 1 0 4 14 3 1 0 11 0 3 2 1 9 0 2 4 2 6 10 0 2 0 3 4 1 0 9 3 2 8 1 1 6 6
0 0 0 0 0 0 0 0 3 0 0 2 0 4 0 0 0 2 0 0 0 0 1 0 0 0 1 0 0 0 2 0 2 1 1 0 0 0 0 0 0 1 1 0 2 0 0 0 0 1 0 1 0 0 0 0 0 0 0 1 1 0 1 0 0 0 0 1 1 0 1 0 0 1 1 0 0 0 1 1 7 0 0 1 2 0 0 2 0 1 0 1 0 0 0 1 0 0 0 0
0 0 0 0 3 4 0 0 0 0 0 2 0 0 1 1 0 1 0 2 0 0 0 0 0 2 3 1 0 1 0 1 0 0 0 0 2 0 0 0 0 0 0 0 1 0 0 0 1 0 0 0 0 0 0 2 0 0 1 0 0 0 1 1 0 1 0 0 0 1 0 1 0 0 0 0 0 0 0 0 1 1 1 1 0 1 1 0 1 0 0 0 0 1 0 0 0 2 1 0
18 4 17 4 6 8 5 4 19 4 0 8 27 2 4 5 23 29 5 0 1 2 28 1 2 15 12 0 0 13 3 12 12 4 0 1 6 39 2 0 1 1 14 13 16 1 4 10 31 18 0 32 22 10 4 10 2 0 3 7 18 1 11 2 6 20 1 7 0 28 2 1 3 5 1 1 8 21 8 5 12 2 5 1 11 4 41 2 11 1 5 1 8 5 11 12 10 4 1 4
5 31 23 9 0 1 2 16 12 3 6 2 11 2 12 17 2 11 33 10 0 3 7 23 1 5 17 19 1 3 5 5 12 21 6 0 23 4 9 6 25 12 3 5 5 5 12 10 1 24 5 17 5 1 9 2 19 16 13 14 5 32 2 0 13 4 9 3 20 2 15 5 9 1 7 16 6 5 1 6 4 9 7 9 5 0 1 2 3 4 5 7 3 0 9 0 2 4 5 12
9 14 6 0 13 0 0 1 3 9 6 0 0 0 3 4 3 7 0 1 0 1 0 11 3 2 3 2 6 7 7 0 4 3 0 1 6 1 3 0 0 12 10 1 2 1 1 10 3 4 0 1 1 3 11 2 0 2 5 12 3 8 3 13 4 0 12 4 8 2 8 6 4 0 2 5 12 0 6 0 3 15 3 2 1 2 11 2 1 0 1 7 2 3 15 1 2 1 6 3
3 1 5 34 0 0 1 2 0 17 11 1 4 1 4 4 24 0 1 9 13 8 2 2 3 7 3 4 12 9 1 0 0 0 3 1 7 2 2 1 3 4 0 2 2 0 8 0 2 1 6 6 0 5 12 1 5 1 1 5 3 0 1 1 3 2 0 3 3 0 0 12 2 3 5 0 2 3 0 1 6 0 9 0 0 5 7 8 5 4 3 0 3 6 1 1 3 1 2 5
25 7 6 10 1 4 14 3 15 0 2 7 0 15 1 1 11 2 4 21 5 0 0 5 17 2 4 8 7 8 0 0 3 2 4 2 4 1 14 5 23 1 1 0 0 10 9 0 8 11 5 3 2 7 0 5 1 10 1 14 12 6 4 2 0 7 1 0 2 25 0 6 1 0 1 8 1 23 0 8 1 0 6 14 4 7 6 4 11 2 6 6 3 0 0 2 4 1 7 7
19 0 0 0 0 8 2 14 2 1 14 1 18 9 13 8 5 2 1 0 0 2 2 1 2 0 2 5 14 1 21 5 2 9 25 1 4 9 7 2 6 2 10 29 0 4 8 10 2 1 1 2 2 1 13 3 6 1 2 4 3 2 3 0 6 6 22 1 33 18 5 0 16 0 23 0 6 3 1 2 0 5 8 0 2 10 7 14 2 1 3 14 8 0 1 9 1 5 2 7
0 1 0 1 0 0 2 0 0 0 0 0 0 0 0 0 1 1 0 0 0 0 0 0 0 0 0 0 0 0 0 0 0 1 2 0 2 0 1 2 1 0 0 0 0 0 0 1 0 0 0 0 2 0 0 0 0 0 0 0 0 4 0 1 0 2 0 0 0 0 0 0 0 0 0 0 0 0 0 1 2 0 0 0 1 0 1 0 0 0 0 0 2 0 1 0 1 1 0 0
0 0 0 0 0 0 0 0 0 1 0 0 0 2 0 2 1 0 10 1 0 0 2 0 1 0 0 0 0 0 0 0 1 0 0 0 0 0 0 0 0 1 0 0 3 0 0 3 2 0 1 0 0 0 0 0 1 0 0 0 0 0 0 0 0 0 0 0 0 0 1 1 1 0 0 0 1 0 1 0 0 1 0 1 0 0 0 0 0 0 0 0 1 0 0 0 0 0 0 0
3 2 5 3 8 4 13 17 20 1 8 1 5 5 0 0 0 1 2 17 10 1 9 3 6 5 7 4 6 14 29 5 0 5 7 2 5 1 5 16 0 8 8 12 12 0 3 3 8 10 6 6 5 1 5 8 5 16 1 0 5 3 18 4 11 2 11 28 3 3 1 2 4 12 5 4 4 1 0 2 0 19 4 2 0 8 11 12 4 5 13 7 12 5 4 25 6 1 5 29
2 1 0 0 5 0 0 0 0 0 0 0 0 0 1 0 0 0 0 1 0 0 0 0 0 0 0 0 1 0 0 1 1 0 0 0 0 0 0 0 0 0 0 0 0 0 1 0 0 0 0 0 0 0 0 0 0 0 0 1 0 0 0 2 4 1 0 0 0 1 0 0 1 0 0 0 0 0 0 0 0 0 0 0 1 0 1 0 0 0 0 0 0 0 0 2 0 1 0 0
0 2 2 14 14 4 0 12 2 10 2 5 0 6 0 11 3 0 1 7 4 2 0 7 1 3 2 0 1 1 25 0 0 5 7 12 2 0 0 1 1 1 5 5 2 0 5 0 2 2 3 1 0 3 9 0 2 4 3 7 5 0 2 4 1 3 3 2 0 6 3 1 16 1 0 0 3 11 1 2 0 5 10 10 2 3 0 11 1 1 2 10 5 7 7 1 2 0 2 3
18 16 28 0 4 16 4 2 2 7 3 6 0 29 19 0 4 5 18 0 5 7 0 1 2 3 6 0 12 1 4 0 24 15 7 26 5 3 8 10 0 11 14 3 5 12 1 6 0 12 18 4 7 3 0 0 1 3 12 9 0 6 27 0 35 1 4 19 1 20 0 3 23 4 2 20 0 1 38 4 36 2 6 1 7 0 1 3 12 2 8 6 0 21 13 0 5 3 8 19
3 3 2 2 0 6 5 4 1 3 3 2 0 3 0 10 0 5 3 5 1 5 0 5 0 1 3 11 0 5 2 10 0 2 6 1 0 0 7 3 0 5 1 13 3 6 0 15 15 4 2 0 6 2 5 3 13 4 0 3 0 0 5 0 3 0 7 0 7 4 6 1 0 7 0 3 0 1 3 0 2 10 0 0 2 7 7 1 1 1 3 4 0 0 1 2 3 0 1 6
1 0 1 0 0 2 1 0 3 0 0 1 1 0 1 2 1 0 0 0 0 1 0 0 1 0 1 0 0 0 0 0 0 0 0 0 1 0 1 1 3 0 0 0 0 0 2 1 1 1 0 0 1 0 0 5 0 0 0 0 0 0 0 0 3 0 2 0 5 0 0 0 0 0 0 0 0 0 0 1 0 0 0 0 0 0 0 0 0 0 0 0 0 0 1 0 0 0 0 0
3 20 8 0 12 3 34 1 20 5 2 8 16 0 19 10 3 3 2 0 24 2 12 4 9 1 0 9 1 0 3 5 23 2 26 9 1 2 9 9 1 6 10 6 2 9 5 3 6 0 12 0 7 1 0 1 0 2 5 3 10 6 11 1 6 2 1 0 2 2 1 1 9 17 0 3 8 2 6 0 1 12 33 20 3 2 1 2 5 4 3 12 1 6 1 0 5 19 12 1
0 0 0 0 1 0 0 2 1 0 2 0 0 0 0 2 3 1 0 0 4 0 1 0 0 2 2 0 0 0 0 1 0 2 0 4 0 1 0 1 0 0 0 0 0 1 0 0 0 0 0 0 0 0 0 0 1 0 0 0 0 1 1 0 0 14 0 0 0 0 1 0 1 0 5 0 0 0 5 0 0 0 0 2 1 0 0 0 1 0 1 0 0 0 0 0 0 1 1 0
0 0 1 0 1 3 0 0 1 2 0 0 1 0 1 3 1 0 0 0 3 0 0 4 0 0 1 0 0 1 3 0 0 0 0 0 0 1 0 0 0 0 1 0 2 16 0 0 0 0 0 1 0 3 0 0 0 0 0 0 0 2 2 0 0 17 0 0 0 0 2 2 1 0 2 0 0 0 1 1 0 2 0 0 0 0 0 0 0 0 0 1 0 0 2 1 0 0 0 0
0 8 4 13 10 37 23 23 12 24 13 0 0 15 0 15 0 3 2 13 4 4 0 7 0 7 5 1 4 2 19 18 1 9 9 3 9 7 8 0 10 3 2 11 6 5 5 2 7 3 1 3 4 0 11 5 1 17 18 30 2 3 22 6 30 29 6 0 1 0 1 21 1 14 6 7 8 0 21 7 1 23 22 11 1 3 0 8 0 4 1 5 4 6 2 0 13 26 0 3
0 2 2 1 0 1 0 0 0 1 0 0 1 0 0 0 0 1 1 0 0 0 0 1 0 0 0 0 0 1 0 0 0 0 1 0 0 1 0 2 0 0 1 0 3 0 1 0 0 0 3 0 0 0 0 0 0 0 0 2 1 0 0 0 0 0 1 0 0 0 0 0 1 0 0 0 0 0 0 0 1 0 2 0 0 0 0 0 0 0 0 0 0 0 0 0 0 0 0 0
1 0 0 0 0 0 0 2 0 0 0 0 2 0 2 2 0 0 0 0 0 0 0 0 1 0 0 0 0 0 2 0 0 2 0 0 0 0 0 0 3 0 1 0 0 0 1 0 0 0 2 0 0 1 0 0 0 0 0 1 0 1 1 0 0 1 0 0 0 1 1 0 0 0 2 0 0 0 0 0 0 0 0 0 0 1 1 0 0 0 0 0 0 1 2 0 1 1 1 0
0 2 5 0 8 0 4 15 7 6 3 11 13 1 8 9 3 31 12 2 14 4 12 2 0 10 1 21 0 2 2 5 0 9 0 2 0 1 17 0 1 3 16 3 0 15 2 0 4 4 0 2 3 1 7 1 26 24 3 5 0 0 7 10 2 4 7 9 1 21 0 12 33 8 0 4 8 10 4 4 35 6 3 36 10 0 6 0 3 15 15 2 4 2 13 8 4 4 8 3
2 2 5 3 1 0 6 5 6 0 0 13 1 0 16 6 2 2 1 11 1 0 9 1 3 5 6 6 5 0 9 7 2 2 2 1 0 3 3 6 0 3 1 7 0 5 0 1 2 4 4 8 0 3 0 2 1 1 0 4 5 3 0 8 2 15 0 1 13 6 2 1 2 0 17 9 0 5 0 1 0 0 2 9 28 5 11 1 0 2 0 6 1 0 5 8 0 4 3 0
2 2 15 4 0 1 3 2 7 5 7 3 0 2 0 2 3 0 8 2 9 10 0 0 3 1 2 1 1 2 1 0 0 3 1 10 16 8 0 4 5 0 0 3 11 11 1 6 4 2 1 10 2 4 0 2 6 6 4 0 1 1 6 0 2 12 2 0 0 2 2 5 0 2 3 2 10 9 1 5 0 0 7 4 3 1 4 10 5 4 4 5 2 9 1 1 2 1 1 13
2 3 1 2 4 5 2 2 7 7 6 0 41 1 13 4 1 19 3 10 8 2 24 16 4 2 17 1 2 12 1 6 18 5 0 4 3 1 17 9 2 3 27 15 1 9 16 19 2 8 7 1 2 0 3 5 2 3 1 1 5 6 4 2 6 0 6 7 12 5 12 2 2 1 0 28 5 2 13 18 0 8 3 3 0 1 6 1 2 0 3 2 0 12 1 19 0 5 1 6
0 2 3 23 2 3 1 0 0 14 6 11 3 20 9 12 25 5 11 0 0 31 1 16 1 7 2 1 13 4 4 10 6 7 1 6 4 12 12 9 7 7 0 4 0 2 1 19 12 7 3 5 1 1 6 4 0 1 2 21 2 0 2 4 0 2 3 15 0 2 25 34 13 20 0 3 3 4 7 13 14 3 13 0 26 4 1 9 1 1 0 3 0 2 2 2 4 6 11 35
8 14 4 7 4 1 3 13 23 1 3 2 3 6 13 3 13 7 6 3 1 6 7 9 3 31 3 2 4 3 5 2 10 9 0 3 2 3 0 8 7 9 9 34 5 3 4 0 0 4 7 5 15 4 6 2 2 7 8 7 37 1 6 8 5 26 15 1 0 1 5 2 18 17 11 3 1 27 1 32 20 17 9 15 23 6 9 11 2 16 1 15 0 21 12 18 12 8 12 1
3 1 1 8 0 5 3 1 20 33 11 0 1 2 1 9 1 3 5 5 1 0 19 4 2 4 1 11 0 2 11 3 2 1 0 4 5 23 3 8 7 7 1 3 0 2 3 10 4 0 5 4 7 5 0 10 2 19 6 0 2 1 0 3 4 2 12 3 4 3 5 17 0 6 1 8 0 5 1 7 2 9 8 1 4 2 1 0 0 0 2 9 2 1 0 3 0 1 6 1
0 1 0 0 2 0 0 0 2 0 0 1 0 0 0 0 1 0 2 0 0 0 3 0 0 0 0 0 0 3 2 0 0 0 1 0 0 0 3 0 0 1 0 0 1 1 0 0 0 0 0 0 1 1 1 0 0 0 0 1 0 0 1 0 0 0 1 0 2 0 0 1 0 0 0 0 1 2 0 0 0 0 0 0 0 0 0 4 0 0 0 1 0 2 0 0 0 0 0 0
0 4 6 9 5 4 2 5 6 40 3 14 5 5 17 7 19 6 17 5 7 7 2 10 2 4 9 1 2 0 1 4 26 6 12 9 4 2 13 1 11 2 14 9 6 5 10 2 20 2 12 20 0 12 6 4 15 1 6 11 8 5 7 5 13 4 2 0 0 11 8 7 20 0 5 1 5 1 6 4 0 0 0 13 2 0 6 27 1 11 6 13 5 4 7 1 3 1 17 0
