0 0 0 1 0 0 0 0 0 0 1 0 0 2 0 8 3 0 0 1 0 0 2 0 0 0 0 0 2 0 0 1 6 1 2 0 1 0 1 1 0 2 0 1 0 0 2 1 0 1 1 0 0 0 0 0 0 1 1 0 0 0 0 0 0 0 1 13 1 0 0 0 0 2 0 0 0 2 0 0 0 1 0 0 0 1 0 0 0 0 0 1 0 0 4 0 0 1 0 0
2 4 1 1 27 3 3 2 5 0 0 1 4 2 1 0 3 0 0 4 12 10 0 3 2 0 0 15 3 5 0 0 4 0 6 13 5 5 5 3 0 12 1 0 1 1 0 3 0 1 0 1 0 3 2 8 1 5 1 5 0 4 1 8 2 2 0 1 0 0 3 0 1 4 3 1 1 0 7 6 7 2 8 0 0 6 0 0 0 1 0 2 9 4 4 0 6 1 4 2
6 2 0 4 3 0 2 6 7 0 9 0 10 6 10 0 7 1 9 6 33 13 4 0 7 2 5 0 11 12 15 10 0 4 0 16 7 18 0 1 4 5 7 12 8 6 23 1 11 13 4 6 5 1 13 3 3 2 5 24 4 1 0 10 5 35 10 9 4 8 5 4 0 2 29 2 3 36 8 10 6 5 6 7 4 8 0 2 3 8 9 5 7 0 1 1 9 5 0 7
16 0 5 3 9 17 9 5 3 5 2 8 9 21 27 0 4 24 4 4 0 31 22 0 18 2 1 7 0 13 25 13 14 0 11 14 8 22 28 4 1 7 10 0 7 23 0 1 2 3 0 38 11 3 1 6 0 11 7 8 1 2 15 1 3 3 4 31 0 18 1 4 8 7 18 13 7 3 8 4 7 1 21 8 30 7 0 1 20 10 21 0 3 4 7 5 15 23 0 3
0 1 0 0 0 2 0 0 0 0 1 0 0 0 0 0 0 0 0 1 0 2 0 0 0 0 0 4 0 0 0 0 0 1 0 0 0 0 0 0 0 0 0 0 0 0 0 0 0 1 0 0 0 0 0 0 0 1 0 0 1 1 2 0 1 0 0 0 0 0 1 0 0 1 0 0 0 0 1 0 0 0 0 0 1 0 2 2 0 2 0 1 0 1 1 1 3 0 0 0
4 8 4 8 1 3 3 3 5 3 9 2 1 1 9 1 1 0 1 2 1 1 3 2 0 0 14 1 5 9 7 2 0 1 2 0 2 3 2 8 1 0 3 0 6 5 2 0 2 0 4 7 10 3 0 2 0 10 6 8 0 1 0 5 0 0 4 0 1 1 5 2 15 2 0 5 2 3 11 3 18 14 4 0 7 9 5 0 6 1 1 2 0 25 6 2 0 3 0 3
1 3 0 1 0 0 0 0 0 1 0 0 2 0 1 0 0 0 0 0 0 0 0 0 0 1 0 0 0 2 0 1 0 0 0 1 0 0 1 3 0 0 1 0 0 1 0 1 0 2 0 0 0 1 1 0 0 0 0 0 0 1 0 0 0 0 0 1 0 0 0 0 0 0 1 0 0 2 0 0 0 0 0 0 0 2 1 0 0 2 0 1 0 0 0 0 0 0 0 0
1 6 18 9 3 5 12 5 15 2 4 8 18 4 0 1 4 1 0 20 3 7 4 2 0 9 0 3 3 1 3 6 14 0 2 1 8 1 8 12 14 0 3 6 7 0 39 11 6 6 12 2 1 26 15 10 3 2 6 4 6 7 13 9 3 5 0 2 0 13 5 4 1 0 3 0 2 5 17 3 14 2 2 4 9 20 3 13 18 8 3 5 6 0 7 1 8 11 10 18
0 0 0 1 0 0 0 0 0 1 0 1 0 1 0 0 0 0 0 1 0 0 0 2 1 1 1 0 0 0 0 0 0 1 0 0 0 0 0 1 0 0 0 1 0 0 0 0 1 0 0 0 0 0 0 0 0 1 1 0 0 1 0 0 1 0 0 1 0 1 1 0 0 2 0 0 0 0 0 0 0 0 0 0 0 0 0 0 0 0 0 0 0 0 0 0 2 1 0 0
3 16 27 22 5 4 7 5 4 12 14 5 0 4 0 13 1 9 3 2 8 12 1 29 4 1 30 0 6 0 3 21 1 3 6 0 0 7 2 17 6 3 2 0 8 0 1 0 1 26 0 0 10 1 6 6 4 1 2 13 3 5 1 4 0 6 25 1 2 8 5 3 21 6 7 4 8 5 7 1 2 26 10 0 1 1 5 18 0 15 8 12 8 4 1 2 8 1 12 6
0 0 5 7 0 6 1 1 5 0 2 2 1 0 1 0 0 1 3 13 4 14 5 0 2 1 21 7 4 13 3 1 7 8 5 2 1 0 0 9 5 0 0 0 9 1 0 0 1 2 3 0 1 0 9 5 6 1 0 1 3 0 1 2 0 2 0 0 0 7 0 1 8 1 0 0 0 0 0 0 0 0 0 0 1 0 21 0 1 0 2 0 0 1 1 1 0 1 4 0
1 0 0 0 0 0 18 0 0 2 0 0 1 1 3 0 0 1 1 1 0 0 0 0 2 1 0 1 1 0 0 0 0 1 0 0 1 0 0 0 0 0 0 1 0 1 0 0 0 7 1 0 0 0 0 0 0 0 0 1 0 0 0 0 0 1 2 0 0 0 2 0 0 0 0 0 0 0 0 0 1 0 0 1 1 0 1 0 0 0 0 0 0 1 0 0 1 0 0 2
0 0 0 0 1 1 0 0 0 0 0 2 0 0 0 0 1 1 0 0 1 0 0 0 0 0 0 0 0 0 0 0 2 0 0 1 0 1 0 0 0 0 0 0 0 0 0 0 0 0 0 1 0 0 1 0 0 1 0 0 0 0 0 0 0 2 0 2 0 0 0 0 0 0 0 1 0 0 0 0 0 0 1 1 0 0 0 0 0 0 0 1 1 0 0 0 1 1 0 1
2 0 0 2 0 0 0 0 0 0 1 0 0 0 0 0 1 2 2 0 0 0 0 1 0 0 0 0 0 0 0 0 1 1 0 1 2 0 0 0 0 0 0 0 0 2 1 0 0 0 0 0 0 0 0 0 0 0 0 0 0 0 0 0 0 1 0 0 0 0 1 0 0 0 1 0 0 0 1 0 1 0 1 0 1 1 0 1 1 0 1 0 0 2 1 0 0 0 0 15
0 0 1 0 0 0 0 0 0 1 0 13 0 0 0 0 3 0 0 0 1 0 0 0 1 0 0 0 0 0 1 0 1 0 1 0 0 3 1 2 2 1 0 0 0 0 0 0 0 0 0 0 0 1 0 0 3 0 1 0 0 0 0 0 0 1 0 0 0 1 1 0 0 0 1 0 0 4 0 2 0 0 0 0 0 3 1 0 0 0 0 0 0 0 0 0 0 0 0 2
8 2 0 0 19 14 4 15 19 1 2 5 12 1 18 12 6 1 3 0 2 1 0 3 8 7 1 0 1 0 2 0 5 15 25 1 5 0 3 3 31 13 7 12 6 5 2 50 30 4 2 12 0 19 5 6 5 7 8 5 5 3 9 9 1 4 0 3 16 0 18 4 13 8 12 2 0 3 4 0 5 3 9 2 21 3 8 20 5 1 0 3 1 20 17 3 5 3 2 5
5 3 5 4 11 1 19 7 8 5 3 5 4 12 19 6 37 8 2 2 1 14 5 6 5 1 13 12 27 8 12 21 14 0 4 3 2 1 4 0 3 1 3 7 3 0 2 9 0 0 13 2 12 15 1 7 7 25 0 3 0 6 13 3 1 0 24 12 10 15 32 2 2 10 4 4 7 2 5 0 0 6 23 0 13 2 14 3 15 2 8 4 0 9 1 0 14 5 1 2
0 0 0 0 3 0 1 0 2 0 0 0 0 0 0 1 0 0 2 0 1 0 0 0 0 4 0 2 0 0 0 0 0 2 0 0 0 0 0 1 1 0 0 1 0 1 0 0 6 0 0 0 0 2 0 0 0 0 0 0 0 2 0 0 0 0 0 0 0 0 0 1 0 0 0 0 1 0 0 0 2 0 0 0 0 1 3 0 0 0 0 1 0 2 0 0 0 0 0 0
5 11 0 8 3 29 4 21 15 1 8 6 10 9 10 3 15 13 1 1 3 2 0 0 0 21 1 0 1 6 9 7 56 0 9 12 12 10 2 4 1 6 7 0 4 5 13 7 5 12 4 2 5 5 9 6 7 7 7 14 6 1 6 19 15 4 2 1 5 9 1 19 5 8 0 22 0 4 1 34 1 3 1 5 8 3 3 2 1 1 5 0 22 3 28 5 9 21 11 2
0 0 0 0 0 2 0 0 1 2 0 0 0 0 0 0 1 2 0 0 0 0 0 2 0 0 0 0 0 6 4 0 1 2 1 0 0 0 0 2 0 0 0 0 3 0 0 0 0 0 0 0 1 0 0 0 0 0 0 1 2 0 0 2 0 0 0 0 0 0 0 0 0 1 0 1 0 1 0 0 0 0 0 0 1 2 0 2 0 0 0 0 0 0 14 0 0 0 0 1
0 1 0 0 0 1 0 0 0 0 0 3 2 0 0 0 0 1 0 0 0 1 1 0 0 0 0 1 0 0 0 0 0 0 1 0 0 0 0 0 0 0 0 0 1 0 0 0 1 3 0 1 0 0 0 1 0 0 2 0 0 1 1 1 1 2 0 1 0 1 0 0 0 3 0 3 0 0 0 1 1 0 0 0 0 0 0 0 0 1 0 0 2 0 0 0 0 0 1 0
23 35 1 14 43 5 7 3 1 9 17 4 1 2 12 6 4 0 22 5 2 5 40 1 36 1 11 6 0 1 7 2 11 20 4 2 6 1 0 3 14 2 3 14 9 4 9 7 8 8 2 14 42 5 2 4 9 3 16 2 6 0 0 1 5 10 1 6 12 6 7 7 9 3 11 0 0 21 5 12 4 2 1 2 5 6 4 11 6 4 10 5 0 1 4 0 2 5 10 9
4 5 9 0 0 6 5 0 2 4 3 0 0 12 14 0 1 4 11 1 4 1 1 0 0 5 7 6 0 0 8 0 16 3 1 1 1 0 9 2 1 9 3 3 18 1 7 5 1 3 4 9 6 7 0 3 7 1 0 7 2 6 5 4 9 9 6 1 0 1 4 1 1 1 2 11 1 4 2 1 8 8 0 2 8 1 0 0 3 0 5 7 3 4 7 3 8 7 6 11
3 0 1 2 18 4 0 4 3 0 5 0 0 0 3 6 2 6 5 10 6 2 4 1 0 3 1 2 0 3 0 0 7 0 2 0 0 1 19 1 3 2 2 0 3 0 7 0 2 1 0 3 2 0 5 0 2 10 11 2 2 11 9 1 11 1 14 4 0 4 1 5 2 4 0 4 0 0 0 3 4 1 0 3 1 9 0 2 4 15 1 4 4 1 7 0 1 28 5 7
4 12 4 3 0 2 11 2 3 7 9 0 2 7 9 7 1 0 16 1 3 39 0 3 4 6 2 0 5 7 9 0 7 34 5 1 0 4 2 7 24 25 12 3 0 36 11 7 4 5 0 9 8 21 12 0 15 1 8 0 6 6 6 13 3 8 7 18 8 2 1 13 2 6 4 4 12 12 1 1 5 29 3 5 18 19 6 13 3 5 7 18 4 12 8 2 0 0 10 4
1 4 1 9 3 0 3 2 6 1 6 1 2 2 0 13 6 4 0 0 2 1 0 1 1 1 1 0 1 1 1 7 5 1 1 9 2 0 0 0 0 4 5 7 0 9 19 0 7 3 20 10 1 3 4 1 0 0 0 2 5 0 5 2 0 0 1 6 0 2 2 3 8 20 0 3 2 1 0 2 13 3 5 1 8 0 4 1 3 0 0 2 0 3 0 1 3 1 17 4
13 0 5 26 2 5 3 0 10 15 8 7 2 10 1 1 7 19 4 1 1 0 6 2 12 6 7 1 2 0 3 1 0 6 0 0 0 1 2 7 2 9 20 0 1 1 6 1 9 4 9 2 8 10 0 0 13 4 0 5 7 2 1 3 1 11 3 2 1 3 1 2 0 4 2 0 7 0 7 8 2 1 0 2 1 0 0 9 0 0 1 0 10 0 1 0 1 4 4 0
13 5 8 5 5 2 2 4 1 6 1 0 2 7 6 2 7 0 2 5 0 11 2 6 5 14 6 0 2 4 1 7 2 9 4 18 10 1 8 2 9 7 1 0 8 25 1 1 11 2 4 3 1 5 0 4 2 13 0 10 9 1 2 2 1 2 3 0 0 1 24 2 15 7 1 0 0 6 3 0 6 1 3 0 5 2 11 2 0 20 1 2 23 0 6 7 0 4 4 2
4 0 3 1 7 2 4 3 2 2 8 0 0 2 2 5 4 3 3 1 1 0 1 9 7 12 4 2 1 5 0 1 0 10 6 1 0 0 0 1 1 7 0 0 3 11 17 14 7 2 3 6 0 9 8 9 7 13 1 10 1 4 2 1 9 1 1 0 7 5 4 4 12 3 1 10 0 4 0 11 3 8 3 0 1 4 0 2 2 16 0 3 0 13 9 3 2 1 8 8
3 13 0 9 8 2 1 12 0 11 1 23 0 1 16 4 7 1 5 12 0 11 10 6 1 4 10 7 12 8 1 14 4 3 0 0 1 3 2 4 11 7 1 30 2 8 7 0 11 0 31 19 25 11 10 0 3 1 14 9 6 9 0 6 10 14 11 12 7 6 2 12 2 7 8 5 20 1 3 3 4 4 7 2 11 3 2 13 3 1 6 10 9 5 1 5 14 5 13 10
5 1 0 2 0 1 11 0 8 8 1 16 2 5 4 2 8 1 0 0 7 4 7 4 3 14 0 2 5 17 0 1 2 12 1 1 0 3 0 5 2 10 6 1 0 8 11 13 5 6 7 7 3 5 7 2 5 14 6 1 9 7 0 11 3 3 18 5 1 1 1 3 0 2 5 2 2 7 2 26 2 1 0 2 12 1 5 6 1 3 0 0 0 2 7 9 6 2 1 2
2 0 13 23 10 2 3 0 2 2 2 14 6 2 1 8 4 3 5 1 3 4 6 0 1 4 2 10 10 10 14 3 0 0 2 1 11 14 13 14 5 0 4 13 1 21 12 4 19 4 27 9 1 8 0 11 13 6 13 1 2 5 9 0 11 0 1 1 9 9 8 14 16 5 1 5 7 1 1 8 4 4 1 4 8 0 21 20 0 11 8 2 5 20 4 2 0 6 2 1
11 1 31 0 4 8 5 3 3 6 19 4 2 15 3 4 28 14 0 6 9 10 15 0 11 1 9 2 5 2 9 12 2 3 2 24 8 13 6 1 7 3 2 6 5 9 0 12 30 1 18 7 5 5 5 3 0 1 6 3 0 4 23 8 2 1 8 1 2 3 0 5 5 4 2 19 30 0 2 2 6 1 1 0 8 13 6 12 1 2 9 7 28 1 11 5 12 0 13 8
11 11 2 13 2 3 1 2 7 21 4 5 3 7 3 6 8 0 30 5 2 2 6 1 11 13 0 41 11 4 1 2 7 2 6 12 1 1 13 13 4 2 3 11 5 0 1 11 2 38 16 1 8 8 3 1 3 8 4 7 0 1 7 13 10 10 10 6 3 2 0 1 9 4 1 1 10 2 6 7 2 4 23 0 14 2 3 1 17 3 1 0 2 5 22 9 4 1 6 0
0 0 1 1 0 0 1 0 0 0 1 2 1 0 3 0 0 2 0 0 0 1 0 0 2 0 0 0 0 0 1 0 0 0 0 3 0 0 0 1 0 0 0 0 0 0 0 0 1 0 0 0 0 0 0 0 0 0 0 0 0 0 1 1 1 1 0 0 1 0 0 0 0 2 0 2 1 1 0 0 0 0 0 2 0 1 1 0 2 0 0 0 1 0 0 1 0 3 0 0
3 4 17 6 2 2 3 3 3 5 5 4 2 5 22 0 8 6 5 4 6 3 0 9 15 4 9 5 0 2 0 5 1 4 3 1 7 0 0 0 10 4 2 1 0 0 3 0 1 0 5 0 2 8 7 3 3 5 17 1 8 9 3 2 1 1 1 16 0 2 19 1 3 1 2 9 2 3 0 8 0 5 0 12 0 0 15 6 5 4 9 6 1 1 4 4 3 8 2 8
0 1 3 9 5 1 5 2 7 5 11 4 22 6 0 2 6 3 6 0 4 2 16 4 13 0 1 0 2 13 10 0 9 3 5 1 3 3 5 2 10 11 2 0 0 2 4 3 19 0 0 0 5 4 5 1 3 0 3 5 6 11 14 6 1 0 6 5 1 3 0 3 10 3 3 9 0 5 3 4 3 0 1 6 6 3 1 2 16 4 1 2 0 2 12 6 5 0 7 5
2 4 3 0 6 0 0 2 0 16 10 10 3 0 0 0 1 5 6 0 1 12 2 9 6 6 0 0 0 7 2 5 0 4 1 0 2 1 2 4 3 0 15 10 6 0 0 0 0 0 2 2 7 3 0 13 11 8 2 3 1 10 6 3 0 2 11 0 4 5 9 9 2 0 4 9 6 0 1 1 3 4 1 2 8 7 1 2 1 0 1 15 0 2 0 0 7 7 3 1
0 1 1 1 0 0 0 0 0 3 4 0 0 1 0 0 1 1 1 0 1 0 0 0 0 4 3 0 0 0 4 3 0 1 0 0 1 0 0 4 1 0 0 1 0 3 0 1 1 0 0 0 2 0 1 0 0 0 0 2 0 0 0 0 0 0 0 4 1 0 0 0 0 1 0 0 1 0 1 0 0 0 1 0 0 0 1 2 0 0 0 0 0 3 1 2 0 1 1 1
4 1 0 3 3 3 1 8 16 7 2 6 1 9 1 11 9 0 0 5 7 0 7 1 8 1 1 1 11 5 1 0 1 2 15 0 2 21 0 0 4 1 0 2 10 6 3 2 1 12 1 5 2 0 7 0 7 4 4 0 9 6 6 0 15 2 2 1 1 0 3 3 1 9 6 1 8 4 8 2 7 6 6 4 2 1 0 2 7 0 3 0 0 0 3 0 4 0 3 4
2 0 5 13 1 4 2 1 2 2 4 0 0 2 1 2 2 13 7 8 3 2 0 6 0 2 6 5 8 0 2 1 5 4 1 4 1 3 8 4 7 6 2 2 5 2 0 1 1 13 6 0 1 4 5 10 3 0 1 0 3 7 0 5 5 2 1 0 4 1 2 26 1 0 4 0 9 4 0 3 2 4 4 2 15 3 5 0 5 4 12 0 2 9 2 2 1 5 2 0
5 14 5 5 15 0 3 8 2 11 5 42 9 8 19 11 17 5 2 10 5 2 9 5 1 5 17 5 0 2 2 7 8 5 25 5 2 5 14 8 10 2 1 4 0 6 7 6 11 0 6 21 2 2 2 3 5 9 0 13 7 0 5 11 6 9 0 9 11 7 4 4 3 0 1 27 5 3 4 17 26 6 4 2 14 4 0 22 12 12 3 3 27 1 1 9 11 3 4 3
2 3 2 8 11 16 4 5 14 1 13 0 9 0 3 3 0 12 11 3 11 1 18 28 22 4 15 1 2 12 17 1 20 5 3 4 27 1 4 3 16 0 0 4 0 6 0 9 0 0 6 2 16 9 0 4 22 7 1 11 11 6 6 44 10 0 1 0 1 4 3 7 12 1 4 0 5 11 3 3 18 22 7 2 19 3 6 2 3 7 4 0 5 7 15 2 1 9 1 2
0 0 4 0 5 1 5 0 9 10 10 0 5 5 1 2 22 12 1 6 0 4 11 2 6 4 14 3 0 2 1 2 0 1 2 0 1 3 4 2 4 1 1 1 5 2 2 14 5 6 9 8 10 9 13 0 15 1 1 6 1 0 0 0 1 4 3 0 3 7 2 7 11 0 0 4 12 13 5 2 1 9 1 0 5 3 1 0 6 3 0 2 0 7 2 0 2 3 7 8
8 0 3 18 7 8 3 16 5 4 6 2 0 13 10 4 4 4 8 1 11 0 2 12 5 26 2 2 0 3 7 2 9 13 3 2 15 0 15 1 2 5 8 7 7 3 2 13 3 7 17 2 5 16 41 0 2 10 6 1 10 2 4 16 7 4 0 17 8 2 2 2 1 24 30 2 10 23 10 2 13 2 14 3 8 7 16 19 19 6 2 10 1 20 25 12 8 12 2 0
22 3 1 5 5 2 4 1 1 1 20 2 9 2 3 6 6 4 1 11 3 11 2 0 6 12 3 0 4 3 1 31 0 2 15 11 18 0 7 2 28 13 8 16 3 7 4 3 3 35 16 8 19 14 7 8 4 6 2 7 6 1 1 8 2 3 21 1 26 0 4 2 7 16 0 6 11 2 17 7 5 4 4 10 12 13 19 5 0 0 26 0 10 4 5 10 7 4 16 7
17 1 1 3 3 1 5 3 2 8 10 0 0 7 4 3 5 2 0 2 0 8 4 1 4 1 1 0 1 6 0 0 11 0 2 7 4 3 5 0 1 2 4 6 1 0 1 7 2 8 1 0 4 4 7 0 10 0 1 4 9 0 15 17 0 16 1 4 0 3 16 16 15 0 2 2 1 4 0 0 3 1 6 2 1 16 12 5 12 8 1 6 5 2 0 11 0 1 1 6
3 4 0 8 0 8 0 9 0 0 4 0 2 2 1 23 16 4 1 7 1 2 2 3 18 0 6 0 0 4 0 4 1 5 2 0 2 11 2 2 1 3 3 1 0 42 4 0 9 1 26 11 7 3 2 2 2 8 1 7 8 3 16 8 4 1 4 8 7 5 0 2 1 0 0 7 14 0 0 6 3 0 1 33 7 2 4 4 2 0 1 7 7 3 0 0 0 0 5 10
2 11 4 16 16 5 1 18 9 4 5 4 3 19 7 3 18 7 2 8 8 8 6 2 30 4 8 5 3 4 3 2 0 4 8 12 9 0 5 8 2 1 7 19 9 3 9 9 18 23 2 1 8 1 7 2 16 35 24 9 2 5 4 1 1 3 0 1 13 2 10 21 6 16 8 4 1 3 4 8 16 9 25 3 6 0 7 14 11 4 24 6 0 2 0 5 1 14 4 3
0 0 0 0 0 0 0 0 2 0 0 0 3 0 0 0 0 0 0 0 1 9 10 3 0 0 3 0 13 0 0 0 0 0 0 0 0 0 0 1 0 0 3 0 0 0 0 0 0 0 0 0 0 1 0 0 1 0 0 1 1 0 0 0 0 0 0 0 0 0 1 3 0 0 1 0 0 1 0 0 0 1 0 0 0 1 0 0 1 0 0 0 0 0 1 3 1 1 0 0
