2 1 10 5 5 4 1 19 6 11 23 7 20 3 17 1 16 9 15 4 0 19 0 2 30 2 2 6 5 5 20 5 0 1 2 0 2 6 27 4 4 5 0 1 40 4 5 4 13 1 0 18 2 18 23 10 2 4 7 0 10 13 7 0 11 0 20 11 0 5 6 7 0 1 0 9 30 0 9 1 14 1 20 2 9 33 12 1 9 0 5 4 3 0 24 1 15 6 21 3
6 11 15 6 5 7 2 12 27 8 26 23 1 1 2 1 1 1 4 25 9 6 12 4 7 4 3 5 3 29 0 0 1 0 0 7 1 10 31 3 15 4 3 6 3 14 15 5 5 11 4 33 7 9 10 0 0 6 17 3 11 19 5 5 3 22 0 0 19 7 4 0 0 7 7 28 0 22 0 3 15 0 4 0 2 15 6 6 1 6 2 7 12 20 7 0 8 5 4 8
3 6 13 1 0 6 11 2 7 7 5 4 2 0 4 0 2 6 15 8 0 1 1 8 1 1 0 1 4 2 10 3 3 0 0 2 0 2 10 9 3 5 1 3 10 15 10 7 8 7 5 0 1 5 3 1 6 0 9 8 3 3 0 3 0 2 3 4 4 13 5 3 5 2 4 5 2 6 7 10 0 0 19 3 0 3 10 1 3 4 2 0 1 4 1 9 17 3 11 1
0 2 0 1 0 0 0 0 0 0 0 0 1 0 1 1 0 2 0 0 0 0 0 0 0 1 0 2 0 0 1 0 0 0 0 0 0 0 0 1 0 0 0 1 0 0 1 1 0 1 0 0 0 2 1 0 1 0 0 0 0 1 1 3 0 0 0 5 0 0 0 0 0 0 3 0 0 0 0 0 0 1 0 0 0 0 1 0 1 1 0 0 0 1 0 0 0 1 0 0
0 2 0 0 0 0 0 0 0 1 0 0 3 1 0 0 1 0 0 0 0 0 2 0 0 1 2 4 0 0 0 0 1 0 0 1 0 0 0 1 2 1 0 0 2 0 0 0 1 0 1 0 0 0 0 0 1 0 0 0 0 1 0 0 0 0 0 0 0 0 0 0 0 0 0 0 0 0 0 0 0 0 0 3 0 0 2 0 2 0 0 0 0 0 0 0 1 0 0 0
9 13 2 3 1 10 0 5 1 0 1 9 0 16 0 1 5 15 4 0 7 11 18 2 3 3 8 9 7 2 17 12 0 9 9 5 4 4 6 3 2 10 6 0 0 3 0 2 1 25 1 3 4 11 5 9 15 13 8 2 0 2 1 0 21 24 2 1 6 0 12 8 0 10 4 2 5 12 16 5 4 5 15 1 1 3 14 5 15 16 2 0 12 4 1 11 8 1 2 23
15 1 5 2 1 1 17 5 5 11 5 6 3 13 14 4 6 2 3 4 6 10 7 0 12 4 3 3 26 2 5 7 33 4 6 3 9 1 20 2 0 8 1 0 24 19 0 0 7 1 18 1 1 12 2 0 15 5 26 1 8 14 28 11 15 2 0 5 5 0 1 7 5 14 18 7 1 6 5 12 8 0 11 17 0 3 5 40 19 2 15 1 19 11 12 8 0 4 1 1
2 1 5 6 2 3 0 0 0 6 5 4 16 17 2 4 11 6 11 7 1 8 5 20 3 8 5 2 2 3 16 8 7 1 2 1 3 0 0 2 3 15 3 2 5 0 0 2 2 0 9 4 1 2 3 2 0 4 3 3 36 2 3 7 13 9 2 18 4 4 14 10 0 3 0 8 0 13 1 9 0 9 0 13 2 1 6 9 2 2 5 3 4 9 0 6 3 1 2 17
5 0 10 8 9 12 1 25 3 3 11 8 14 0 12 2 13 2 13 23 0 0 27 2 8 0 19 5 1 2 0 2 4 3 7 8 0 16 1 0 1 6 0 26 0 0 0 3 3 16 11 15 0 2 6 0 1 13 7 2 3 10 5 0 0 0 5 3 2 0 3 13 20 6 3 25 2 0 4 3 4 2 5 5 10 0 1 3 7 10 3 2 10 7 8 7 13 5 1 0
0 4 2 12 6 5 0 42 4 3 13 12 5 3 0 7 19 15 27 6 16 9 6 7 0 12 13 2 9 5 2 1 13 10 0 1 1 5 5 44 0 0 4 13 12 1 13 3 19 3 9 0 3 2 1 19 3 6 46 0 10 5 3 3 18 2 15 20 16 23 0 0 1 4 0 8 10 10 11 1 4 0 11 25 9 1 3 10 14 13 4 10 2 15 10 3 29 0 25 3
0 0 0 0 1 0 0 0 0 1 0 0 0 0 0 0 1 0 2 0 1 1 0 0 3 0 1 0 0 0 1 1 0 0 0 0 0 1 1 1 1 0 0 1 6 1 0 1 0 0 2 0 1 1 0 0 0 0 0 0 0 1 1 0 1 1 0 0 1 0 0 1 1 1 0 0 0 0 0 0 0 0 0 0 0 0 0 0 0 0 0 0 0 0 0 1 0 2 0 0
0 0 0 0 0 0 2 0 0 0 1 0 0 1 0 0 0 2 0 0 3 0 0 0 1 0 0 0 1 0 0 0 0 1 0 0 0 0 0 2 1 1 0 0 0 0 0 1 2 0 0 0 0 0 2 0 0 0 0 0 0 0 0 0 0 1 2 0 0 0 0 1 0 0 0 0 0 0 2 0 0 1 0 0 1 0 0 0 0 2 0 0 0 0 1 0 1 0 0 0
0 4 1 8 0 0 2 11 11 0 13 0 1 0 1 2 0 3 21 2 4 5 0 16 3 2 4 4 0 4 0 3 1 1 0 13 3 4 0 5 11 4 1 0 9 0 2 10 1 13 0 2 8 11 11 5 14 1 3 1 5 13 11 0 0 5 5 17 4 3 0 8 1 15 3 4 4 0 1 5 2 1 7 1 0 2 4 0 1 1 3 2 1 8 0 0 26 7 1 6
17 4 3 17 0 1 4 7 26 7 1 4 2 2 2 1 7 3 5 18 2 2 6 1 1 10 0 13 1 0 4 2 19 8 3 14 9 3 9 5 13 1 16 4 10 11 2 0 0 3 1 6 4 1 11 2 3 5 0 7 3 1 5 2 5 6 1 9 6 3 4 0 3 15 1 3 27 6 30 11 9 0 10 10 5 23 10 2 0 2 9 1 6 9 4 23 5 0 16 1
0 2 0 0 0 0 0 0 0 0 0 0 0 0 1 0 0 0 0 6 0 0 0 0 1 0 1 0 0 0 0 0 0 0 1 0 1 0 0 0 2 1 0 0 2 0 0 0 0 0 0 0 3 0 1 0 0 0 3 2 0 1 0 0 1 0 1 0 0 0 0 0 4 0 0 0 0 0 0 0 2 0 0 0 4 0 0 1 0 0 0 0 0 0 2 1 5 0 3 0
4 1 7 2 1 1 1 4 1 1 3 5 5 0 1 5 0 8 0 0 1 2 9 2 0 6 4 2 5 16 2 0 0 1 1 9 2 1 3 2 2 3 4 7 0 0 1 2 0 10 0 10 12 7 10 1 3 11 10 15 6 3 5 9 4 6 16 0 7 0 8 1 6 3 0 0 0 0 3 3 6 14 1 2 1 2 6 11 1 11 1 1 39 1 1 1 1 12 2 7
1 1 9 8 4 0 13 8 0 4 3 17 4 2 3 8 9 1 1 2 0 1 8 2 0 3 3 5 2 0 4 2 20 16 1 11 8 3 0 11 10 3 1 9 4 1 5 0 2 0 19 3 0 3 14 5 1 5 5 11 0 1 1 14 7 8 5 1 2 0 3 1 0 5 0 21 2 1 0 9 8 0 0 5 1 15 1 0 4 6 1 3 1 0 3 3 10 1 2 1
0 3 8 2 15 0 0 3 0 11 1 2 5 1 7 0 1 2 3 2 17 0 8 0 5 3 4 2 0 1 8 3 2 3 5 0 0 22 0 3 0 0 4 2 1 7 17 0 1 1 2 0 3 0 3 0 19 5 4 0 0 2 4 26 0 4 1 1 1 3 3 2 5 11 8 5 0 2 4 2 6 3 1 2 2 7 2 2 8 10 5 0 0 3 3 5 11 14 1 1
1 4 2 3 2 3 7 7 15 1 0 2 1 1 1 6 15 3 12 3 11 0 5 0 8 1 1 11 26 4 9 1 1 6 5 0 5 0 5 1 0 0 3 1 2 2 8 0 3 6 4 9 2 22 6 0 4 0 21 1 4 15 3 0 3 4 2 1 1 1 1 1 1 2 1 7 5 0 1 2 2 0 2 19 1 0 1 6 0 61 0 5 1 5 0 8 2 1 13 3
2 8 1 3 1 0 0 8 3 13 4 0 3 1 4 0 3 0 2 7 0 2 20 0 7 6 5 8 3 10 0 0 10 6 0 1 10 0 7 5 0 2 5 3 12 14 1 2 0 0 1 1 0 1 1 0 8 5 4 9 0 0 1 0 3 6 22 6 6 3 11 2 3 6 1 2 4 9 6 11 5 4 3 6 0 6 15 3 2 1 6 5 1 2 5 9 3 11 7 0
0 0 0 1 4 0 1 0 0 1 0 0 0 0 0 1 0 0 0 0 2 0 0 0 0 3 1 0 1 0 0 0 0 1 0 1 1 0 1 2 0 0 0 0 2 1 0 0 2 1 0 0 0 0 0 0 0 0 0 0 2 0 0 0 0 3 0 1 1 1 0 0 2 0 0 1 0 3 0 1 1 1 0 0 0 0 0 4 0 0 0 0 5 0 1 1 0 0 0 1
3 0 0 0 0 0 0 0 2 2 0 1 3 0 0 0 0 0 0 1 3 1 0 1 0 0 0 0 0 2 0 0 0 0 1 1 0 2 0 0 2 0 0 0 0 0 0 0 2 0 0 0 1 0 0 1 1 0 0 1 0 0 1 0 1 0 2 0 0 0 0 1 1 1 1 0 0 1 0 0 0 0 0 0 0 0 0 0 0 1 0 0 1 0 0 0 0 0 0 1
1 2 0 0 0 0 0 0 0 0 0 0 0 0 0 0 0 0 0 0 0 2 1 0 0 0 1 0 1 0 2 0 0 0 0 0 1 1 0 0 1 2 0 0 0 0 0 0 0 0 0 0 0 0 0 0 2 0 0 1 0 1 1 0 2 4 0 1 0 0 0 0 1 1 0 0 0 2 1 0 0 0 0 0 1 0 0 0 0 1 0 0 0 0 13 0 0 1 4 1
2 2 1 2 4 0 2 3 6 2 0 3 4 5 1 1 3 7 15 11 21 2 2 0 5 2 8 3 2 1 7 0 0 1 0 6 4 4 4 1 1 3 11 3 21 0 2 8 1 0 5 10 0 3 8 15 11 15 10 1 9 10 0 6 0 2 10 0 3 11 1 11 1 4 9 0 8 8 8 0 5 1 0 1 6 2 0 3 4 3 3 5 5 2 8 2 7 7 6 0
0 0 0 0 0 0 0 0 0 0 2 0 0 0 2 0 0 0 1 0 0 0 1 0 0 0 0 1 0 0 3 0 1 1 0 0 0 3 2 2 0 0 1 1 0 2 1 0 1 0 0 0 0 0 0 0 0 0 0 0 0 2 0 2 1 0 2 2 0 0 1 0 0 0 0 0 0 0 0 0 0 0 0 0 1 0 1 0 0 0 1 1 0 1 2 0 2 0 0 3
2 6 3 3 17 2 1 1 2 7 16 5 4 7 5 5 2 3 2 1 1 3 1 11 13 3 4 3 1 4 2 1 17 0 2 3 9 5 5 5 7 11 14 8 0 6 20 2 7 2 0 6 6 3 7 6 2 0 2 1 0 2 5 8 5 1 0 2 6 18 3 1 0 3 11 1 4 7 3 1 2 0 0 4 1 2 1 3 6 6 3 1 2 0 10 1 13 0 2 3
1 1 0 1 1 0 0 0 0 1 0 0 0 0 0 0 2 0 0 0 0 0 0 1 0 0 2 0 0 1 2 1 0 0 1 0 1 0 0 0 0 0 0 0 0 0 0 1 0 3 0 0 0 0 0 0 0 0 0 0 0 1 0 0 0 0 0 0 0 1 0 0 0 0 0 1 1 0 0 2 0 0 1 0 0 2 0 0 0 1 0 0 0 0 0 0 0 0 0 1
3 6 1 2 1 1 2 1 7 2 2 3 7 6 2 4 2 2 0 4 3 3 1 0 0 1 6 3 5 1 0 5 6 0 2 0 3 1 12 3 1 0 1 5 1 1 2 1 3 3 4 3 1 14 12 1 0 5 15 4 2 0 3 5 1 6 3 0 2 2 5 0 0 0 0 15 1 0 0 2 1 11 0 3 0 8 1 2 10 2 1 11 7 1 4 4 7 3 9 1
0 0 0 1 0 0 0 4 5 0 0 0 0 2 2 0 0 0 0 0 0 1 0 1 1 2 0 0 0 1 0 0 0 0 0 0 6 0 4 1 0 0 1 0 0 0 0 0 1 0 0 1 3 0 0 0 0 0 1 0 0 3 2 0 0 2 1 1 0 0 0 1 0 1 0 0 0 1 0 0 0 0 0 0 0 0 0 0 0 0 0 2 0 0 0 0 1 0 1 0
0 0 1 0 0 1 2 0 1 0 0 2 0 0 0 2 0 0 0 2 1 0 0 0 0 0 0 0 0 0 0 0 0 1 0 0 0 1 1 2 0 0 1 0 1 0 0 0 0 1 0 0 1 0 0 1 0 0 1 0 0 0 0 2 0 0 0 0 0 0 5 0 0 0 2 0 1 0 1 0 4 1 0 1 0 0 0 0 0 0 0 0 0 1 0 0 0 0 4 0
0 0 2 20 5 0 2 1 8 6 2 1 21 1 1 0 0 9 0 14 2 0 5 0 0 5 9 5 20 2 2 8 5 0 3 7 0 0 1 3 0 4 1 1 1 1 2 1 0 2 2 1 3 1 3 2 6 5 1 1 1 0 4 2 3 1 3 2 0 8 4 14 16 2 1 4 2 12 1 1 0 1 4 10 3 3 11 0 10 0 0 4 7 1 17 2 0 3 13 0
2 1 32 2 0 11 14 3 2 3 1 9 14 6 15 0 5 0 4 2 1 8 0 5 4 0 8 5 1 6 1 4 3 3 18 4 3 3 3 0 3 23 9 0 8 0 0 8 12 8 4 7 0 6 7 0 6 5 7 1 0 7 1 1 10 4 17 0 3 3 3 0 2 4 3 12 0 1 9 5 19 5 5 0 0 3 8 2 3 0 0 12 11 2 2 0 0 9 0 1
27 3 8 9 0 2 3 2 3 4 28 0 2 12 0 11 4 30 4 2 3 1 3 5 9 2 25 1 4 16 3 5 6 1 14 1 3 8 3 36 12 8 10 2 4 2 2 23 8 1 0 6 5 13 20 1 8 11 3 19 6 16 0 5 1 9 4 5 11 6 6 2 11 4 6 6 0 4 9 23 5 1 0 17 20 3 21 5 3 9 2 11 1 2 9 1 10 11 6 4
0 0 0 0 0 0 0 1 2 0 0 1 1 0 1 0 0 0 0 0 0 0 2 0 0 0 0 0 1 0 0 0 1 1 2 0 0 0 2 0 1 1 0 0 2 1 0 0 0 0 0 0 0 0 1 0 0 0 0 0 0 1 0 0 0 2 0 0 1 0 0 0 0 0 2 0 2 2 0 0 0 0 0 0 0 0 2 0 0 0 0 1 0 1 0 0 0 0 0 0
1 3 8 2 17 4 40 15 4 0 3 11 2 17 4 15 12 0 5 7 8 3 0 5 2 6 6 1 1 6 0 1 1 3 0 1 18 3 0 14 16 0 1 3 2 0 1 0 1 2 1 5 2 1 7 2 3 18 0 0 4 17 2 5 3 7 6 2 2 17 2 4 3 4 7 3 11 14 2 2 11 8 6 1 5 1 2 0 13 13 8 0 2 2 5 4 8 13 9 11
1 2 2 0 3 2 3 11 1 12 5 2 2 2 14 1 2 10 2 5 6 0 1 2 2 1 15 2 4 5 0 1 1 3 4 11 1 0 5 0 0 2 1 4 5 0 1 6 1 4 1 0 4 2 2 0 2 2 9 2 3 0 13 19 3 3 3 0 2 6 3 1 0 7 0 1 6 3 2 1 2 2 1 11 3 3 17 8 1 3 4 9 6 2 2 5 6 1 4 6
8 13 5 0 11 2 5 7 1 4 1 3 11 0 5 0 7 23 28 1 2 3 9 2 2 16 6 5 10 1 1 7 0 1 8 3 23 2 2 5 8 0 3 5 14 15 0 10 11 8 0 0 0 2 3 3 2 4 17 3 10 0 17 4 25 3 2 22 3 0 3 2 6 5 2 1 3 7 29 1 5 10 12 5 6 1 16 0 4 5 4 2 14 12 29 6 0 0 3 11
1 4 10 5 3 0 1 6 1 5 0 6 0 0 5 23 2 4 2 4 1 0 0 3 1 1 4 4 7 8 11 0 6 17 2 5 2 1 0 5 9 1 2 13 0 0 5 13 11 13 6 5 5 2 0 0 4 3 10 0 17 5 3 4 4 1 0 7 9 2 1 2 5 7 6 9 0 13 6 0 8 3 0 12 1 11 0 6 3 6 1 0 3 0 1 0 5 8 1 5
0 0 0 0 0 1 0 0 0 13 0 1 0 0 0 0 1 0 0 1 0 2 0 0 1 0 0 2 0 2 0 0 0 0 0 0 0 0 1 0 0 0 0 0 1 0 0 0 6 8 3 0 4 1 0 0 0 1 1 0 0 9 6 0 0 0 1 0 0 0 1 2 0 0 1 0 1 1 0 0 0 0 0 1 0 0 0 2 0 0 0 0 0 0 0 0 1 0 0 0
7 0 0 13 2 4 8 1 2 0 1 4 2 0 0 11 1 1 2 3 0 4 8 4 0 2 4 1 0 0 2 13 12 13 12 4 5 5 0 10 4 1 4 0 7 2 8 7 1 0 2 4 5 0 4 7 8 1 8 5 3 9 5 4 0 1 5 3 9 1 8 7 5 1 2 1 1 1 6 17 1 3 3 0 15 3 7 9 1 4 0 10 1 1 1 3 3 2 2 0
1 0 0 1 3 0 0 1 0 0 0 1 0 0 1 0 1 0 0 0 0 0 0 0 0 0 0 0 0 0 0 0 1 0 0 1 0 0 1 1 1 0 2 1 0 0 0 0 0 0 0 0 0 1 3 0 0 0 0 0 1 0 0 0 1 2 0 0 0 0 0 0 0 0 0 0 0 0 1 2 0 1 1 0 0 1 0 0 0 1 0 1 1 0 0 1 0 0 0 0
0 0 0 0 1 1 0 0 0 1 0 0 1 3 2 0 0 0 0 0 0 0 0 0 0 0 0 0 0 0 0 1 0 1 1 1 1 0 0 1 2 1 1 0 0 0 0 0 1 3 0 0 0 0 1 0 0 1 0 0 0 0 0 0 1 0 0 1 0 0 0 1 0 0 0 0 0 0 0 0 0 1 0 0 0 0 0 0 0 2 1 0 0 0 0 0 0 0 1 0
0 2 0 0 1 1 0 0 0 1 0 0 0 0 0 1 0 0 0 0 0 2 0 0 1 0 0 1 0 0 0 0 0 1 2 0 1 0 0 0 0 1 0 0 0 0 1 4 0 0 0 2 1 4 1 1 0 0 0 1 0 0 1 1 1 0 0 0 0 1 0 0 1 0 2 0 0 0 0 0 0 1 0 0 0 2 0 1 0 0 0 0 1 0 0 0 0 1 0 2
0 0 1 5 0 1 0 1 1 0 2 0 0 0 0 1 0 0 1 2 0 0 1 0 0 2 0 0 0 2 0 0 0 0 1 1 0 1 0 0 0 0 1 0 0 0 0 1 0 0 0 0 1 1 0 0 0 0 0 0 0 0 0 0 1 0 0 0 1 0 0 0 2 0 2 3 0 0 0 0 0 0 2 0 0 1 0 0 0 0 0 0 1 0 0 0 0 1 0 0
2 1 1 0 12 1 4 0 5 1 0 2 14 2 2 1 1 0 1 16 7 0 1 1 10 5 29 7 15 8 6 10 3 6 0 5 2 2 8 5 4 3 3 2 10 23 3 0 7 1 1 6 0 10 2 2 11 3 2 3 6 1 11 1 0 4 2 1 5 0 3 17 7 6 8 4 1 10 4 3 1 2 4 9 7 8 1 2 0 2 0 9 3 9 4 2 8 1 0 5
9 1 2 0 3 20 24 9 0 0 0 9 3 15 18 31 9 4 3 0 0 5 1 7 5 0 23 8 28 5 1 2 0 0 25 0 8 1 26 4 2 4 14 0 2 30 0 14 7 2 3 1 3 3 8 21 22 3 17 6 0 13 1 3 2 1 2 4 15 9 0 10 7 4 5 1 1 3 8 2 2 4 1 23 12 0 0 14 3 6 8 8 2 11 21 2 18 2 21 2
0 20 2 4 10 19 4 5 9 43 0 29 4 0 11 0 2 1 10 5 2 25 1 9 2 14 17 0 7 2 0 4 0 4 8 21 3 4 2 17 1 5 28 18 19 3 7 2 2 3 6 9 1 1 15 2 2 6 6 9 11 6 2 14 1 1 27 16 12 8 5 8 15 6 9 0 8 9 15 22 8 0 7 0 3 11 0 6 10 11 1 1 0 8 23 2 6 1 13 5
1 2 6 5 1 8 11 4 1 1 2 6 1 4 2 2 3 8 0 6 0 6 1 0 4 3 0 7 0 23 8 1 1 0 4 1 16 3 2 2 0 0 1 6 0 10 2 4 2 1 0 16 4 1 1 3 5 1 7 2 4 2 5 5 7 1 0 5 3 15 1 7 7 5 3 4 8 0 3 13 6 5 4 3 4 23 1 0 2 0 4 1 14 0 2 0 4 0 5 2
0 2 0 1 0 0 3 1 2 0 0 16 0 1 0 0 1 0 0 0 0 0 0 2 2 0 0 0 0 0 1 1 1 0 0 7 0 1 0 0 1 1 1 0 0 1 1 1 0 3 1 1 1 0 0 0 1 0 0 0 0 0 0 1 2 0 0 1 0 0 0 0 1 0 1 0 0 0 0 0 0 0 0 0 0 0 0 0 1 0 0 0 1 0 0 2 1 0 0 1
0 0 0 0 0 1 0 0 0 0 0 0 0 1 0 1 0 1 0 0 0 0 0 0 1 0 2 0 1 0 0 1 0 0 0 0 0 1 1 1 0 1 0 1 0 1 0 0 0 0 1 0 0 0 0 0 0 0 0 0 0 0 0 0 0 0 0 1 1 0 0 0 1 2 2 1 0 0 0 1 0 0 0 0 0 1 0 0 0 0 0 0 1 0 0 1 0 0 3 0
