0 31 2 20 16 8 1 0 23 5 1 20 11 15 0 3 30 0 1 9 5 16 9 0 0 0 24 3 3 13 10 12 0 3 0 3 7 1 5 3 14 8 7 3 0 1 10 7 14 0 7 32 0 0 3 7 0 2 0 5 5 0 6 5 1 7 12 2 8 4 24 3 9 2 1 6 3 0 2 15 7 9 4 23 0 4 1 12 9 8 13 14 1 26 3 5 2 9 4 4
0 0 1 0 0 0 0 0 1 0 0 0 1 0 2 0 0 0 0 0 5 0 1 0 2 0 0 0 1 0 0 0 0 0 0 1 0 2 0 3 0 0 0 0 0 0 0 0 0 0 0 0 0 1 0 0 0 0 0 1 0 1 0 0 0 0 1 1 0 0 0 1 0 0 0 0 0 2 2 0 0 0 0 1 0 1 0 0 0 1 0 0 0 0 1 0 0 0 0 0
1 0 2 9 4 2 3 0 0 7 1 1 2 1 4 23 8 1 0 1 4 5 3 4 1 0 3 5 5 5 4 0 3 1 0 7 8 5 1 2 0 24 5 0 4 5 3 0 1 0 8 8 7 0 2 15 11 2 2 0 2 0 0 1 0 5 11 7 1 1 24 3 1 3 7 2 1 0 0 9 0 2 0 0 5 3 7 3 2 6 1 0 4 11 1 0 5 0 3 1
0 0 1 0 0 0 0 0 0 0 0 0 0 0 0 0 1 0 1 0 1 0 0 0 1 0 0 1 0 0 0 0 5 1 0 0 0 0 2 0 0 1 0 1 0 0 0 0 0 2 1 0 0 0 0 0 0 0 0 0 0 0 2 0 0 0 3 0 0 0 0 1 1 0 3 0 0 0 1 0 0 1 0 0 0 0 0 2 1 0 1 4 1 0 0 0 0 0 0 0
3 17 5 0 1 5 3 0 7 3 0 6 5 0 1 10 13 0 7 16 11 28 11 2 6 19 9 4 4 4 3 3 15 10 25 6 23 1 14 5 9 10 6 13 2 5 8 20 2 9 7 2 0 0 14 2 9 20 6 4 10 9 10 3 1 2 4 0 2 1 0 0 6 2 10 7 9 0 4 10 0 0 30 5 25 16 6 0 2 5 11 1 0 29 15 8 2 6 6 5
0 2 4 30 0 4 1 5 0 21 3 6 0 5 21 6 2 11 3 1 0 0 4 3 6 1 2 4 7 6 4 1 2 2 0 2 0 2 1 5 3 15 0 1 0 2 1 3 4 10 0 5 1 6 1 1 2 1 0 2 4 3 1 8 0 4 5 2 5 3 2 2 6 5 0 4 2 2 9 4 0 0 3 0 1 8 10 0 0 1 11 0 2 0 5 11 3 7 1 5
1 7 38 5 2 20 48 0 2 5 0 26 4 1 25 5 0 1 10 12 7 0 8 2 2 0 4 2 2 6 5 16 0 9 5 3 14 4 23 1 1 11 11 9 4 7 5 4 0 4 8 4 6 6 9 3 1 15 0 3 7 13 6 7 4 26 2 7 4 1 1 2 0 17 20 0 9 1 1 8 3 0 3 44 11 7 2 5 12 4 5 16 10 12 11 14 8 16 1 2
8 1 5 1 0 1 1 9 8 1 8 1 9 0 2 1 7 1 10 1 0 5 1 3 2 1 0 1 0 3 2 7 2 0 1 1 2 1 3 3 3 2 0 1 2 0 13 1 9 0 1 1 17 3 0 3 0 6 30 2 0 21 1 1 1 0 4 2 6 0 0 7 3 1 1 4 4 1 0 6 6 2 1 5 5 1 1 4 0 3 0 0 1 3 4 3 0 4 2 0
2 0 0 0 0 0 2 0 0 0 0 0 0 1 0 0 1 7 0 0 0 1 0 0 7 0 6 1 0 0 0 1 1 0 0 0 0 0 0 0 1 0 1 2 2 0 2 1 0 1 0 0 1 0 1 5 0 1 0 0 0 0 1 1 4 1 0 0 0 0 0 0 1 0 0 2 1 1 1 0 0 0 0 1 1 0 1 0 0 1 0 0 0 0 0 0 0 1 0 1
0 0 0 0 2 0 0 1 1 1 0 1 0 0 0 0 0 0 0 0 0 2 0 0 0 1 0 0 1 0 0 0 0 3 0 1 0 1 0 3 0 0 0 0 0 1 0 0 0 0 0 5 0 0 0 0 0 0 1 0 0 0 0 0 0 0 0 0 0 0 0 0 0 0 0 0 4 0 1 1 0 0 0 0 0 1 2 0 0 2 0 1 0 4 0 1 1 2 0 1
0 0 0 0 0 0 1 0 0 0 1 0 0 0 0 1 1 2 0 0 0 1 0 0 0 1 0 0 0 0 1 0 0 0 1 0 0 0 0 1 0 0 0 0 0 0 0 3 3 0 1 2 0 2 0 0 0 1 0 0 1 0 0 0 1 0 1 0 0 0 0 0 0 0 0 0 0 2 0 0 0 0 0 0 1 0 0 3 1 0 0 0 1 0 0 0 0 0 4 0
0 1 2 0 2 0 0 0 0 0 0 0 0 0 0 0 0 1 0 0 0 0 1 3 0 0 0 0 0 0 1 0 0 2 0 0 0 0 0 0 0 1 0 0 0 0 0 2 1 0 0 1 0 0 0 0 0 0 0 0 1 0 0 1 0 2 1 5 1 0 0 0 0 0 0 0 0 1 1 0 0 1 0 0 2 0 0 5 0 0 0 0 1 0 0 0 0 0 0 0
9 4 5 5 7 3 9 10 2 11 1 10 3 0 4 11 11 4 0 11 11 1 2 22 13 3 10 0 9 7 7 2 9 4 15 13 9 2 2 1 4 7 1 43 3 18 0 10 2 7 1 24 0 4 5 4 2 26 4 0 13 9 4 11 2 2 20 0 15 2 17 0 14 24 8 13 9 11 12 2 20 8 9 11 9 1 30 0 0 2 5 6 0 11 8 8 7 13 7 1
20 14 0 0 8 15 1 0 1 0 3 0 0 2 6 3 1 1 2 1 3 2 10 9 17 0 4 1 1 3 4 0 3 2 11 0 0 5 2 2 3 11 1 0 5 6 4 4 0 2 0 1 5 1 3 3 0 2 2 0 1 10 5 0 3 4 6 1 15 0 0 1 1 20 17 3 3 4 9 14 4 4 1 3 0 8 2 3 2 3 7 1 4 2 17 10 9 9 2 4
3 6 1 16 0 6 16 8 7 7 20 21 12 0 5 0 0 6 2 2 2 5 16 4 5 5 1 0 16 0 0 20 2 25 2 3 1 1 0 4 3 4 35 0 2 1 2 21 9 10 6 0 0 4 11 2 7 8 6 1 4 7 0 5 7 0 0 4 3 2 7 17 1 8 29 6 12 8 0 2 12 0 9 4 0 4 5 4 6 1 0 3 0 12 1 2 0 7 2 4
2 4 5 1 1 2 3 3 2 0 1 8 0 12 5 7 3 5 2 0 5 27 0 5 0 7 4 1 1 1 0 12 2 2 0 4 2 3 1 2 7 0 10 1 3 4 0 8 2 18 0 5 5 0 4 0 0 9 1 3 4 25 6 7 1 9 3 0 1 19 2 8 9 0 14 0 0 0 8 0 2 4 6 0 20 0 0 3 3 1 3 2 0 4 0 6 6 4 0 10
0 1 1 0 1 0 0 0 0 0 0 0 1 1 0 1 0 0 0 3 0 0 0 0 0 0 0 0 0 0 2 2 0 0 0 0 2 0 0 0 1 0 0 0 0 0 3 3 0 0 1 0 0 0 1 2 0 0 0 0 0 0 0 0 0 0 5 0 0 1 1 26 1 1 0 1 0 0 0 2 0 0 3 0 0 1 0 0 0 0 0 0 2 0 0 4 2 0 1 0
0 2 4 3 0 12 4 18 16 9 7 5 1 4 0 23 51 0 3 0 26 2 1 8 1 2 2 5 28 7 10 8 2 0 22 0 12 1 7 17 0 4 10 0 0 2 8 2 4 11 12 33 3 8 11 28 8 10 5 9 3 6 37 7 5 17 2 0 2 2 4 1 2 4 0 2 11 39 4 10 3 4 1 12 5 27 6 6 20 1 4 0 0 11 4 12 12 6 2 9
0 0 0 0 0 0 1 0 0 0 0 2 1 1 0 1 1 0 0 0 1 0 0 0 0 0 0 0 0 0 0 1 0 0 0 0 0 0 0 0 1 0 0 0 0 0 0 0 0 4 0 0 3 3 0 0 0 0 0 0 1 0 0 1 0 0 0 0 2 0 1 0 0 1 0 0 0 0 0 1 0 0 0 0 0 1 0 0 0 0 0 0 0 0 0 0 0 0 1 0
2 13 1 3 2 3 4 9 1 14 0 19 6 11 15 16 26 11 1 17 2 1 0 4 6 13 14 2 3 2 3 13 8 7 9 17 22 13 5 11 0 9 0 7 15 4 0 14 17 0 10 2 0 4 0 20 18 3 0 1 1 5 2 9 4 11 1 2 6 10 2 6 2 0 28 11 15 5 8 5 11 2 9 2 2 0 3 0 37 2 2 0 25 14 17 1 3 27 8 26
5 6 6 20 3 38 22 2 4 0 0 2 0 10 12 1 12 17 26 12 7 5 0 4 4 1 14 8 11 1 21 6 0 1 1 1 6 9 3 3 13 15 5 1 0 2 14 1 2 6 2 3 8 0 0 6 2 5 26 12 0 1 8 18 6 13 2 0 5 4 27 8 0 32 11 19 4 6 8 0 8 5 6 3 5 12 11 12 10 3 15 1 25 13 6 1 22 1 7 8
0 0 0 5 1 2 0 0 3 0 0 0 0 11 0 0 1 2 2 9 1 0 2 2 0 0 1 0 1 0 0 4 0 0 1 0 0 1 0 2 3 0 1 0 14 3 1 1 0 1 4 0 0 1 0 0 2 0 4 1 15 0 0 1 3 0 16 0 0 0 0 10 1 0 1 1 1 1 0 0 4 1 0 3 0 0 0 0 1 0 1 0 2 1 0 0 3 0 0 1
4 6 13 7 3 0 0 1 3 1 0 6 7 8 5 4 3 3 9 2 1 2 2 1 1 4 12 12 0 0 11 3 15 0 12 3 7 2 3 18 17 4 5 8 0 6 2 8 3 18 0 6 1 11 0 4 9 10 1 4 9 2 5 14 9 15 13 2 9 2 1 12 1 0 8 8 3 1 15 3 0 5 15 9 3 10 2 4 0 11 5 0 1 1 0 3 3 0 4 3
7 14 4 1 9 6 2 0 6 0 5 0 3 9 8 4 4 16 4 1 0 14 0 4 6 6 1 0 0 3 8 0 1 0 1 24 1 0 12 3 1 5 0 6 6 0 2 7 7 4 7 4 16 3 2 9 0 1 23 3 1 4 10 0 4 4 3 21 19 1 5 13 0 5 9 4 5 0 7 3 2 2 4 1 7 0 0 10 10 0 5 0 1 1 4 1 0 3 2 4
0 1 0 0 1 0 0 0 0 1 1 2 0 0 0 0 0 0 0 0 0 0 0 1 0 0 1 0 0 0 0 0 0 0 0 0 0 0 0 0 1 0 0 2 0 0 0 2 0 0 0 0 0 0 0 0 0 0 1 0 4 0 0 0 1 0 1 0 0 0 0 1 0 0 0 0 0 0 3 0 0 0 2 0 0 0 0 1 0 1 0 0 0 1 0 2 1 0 0 1
0 1 2 14 0 14 10 14 0 50 13 18 9 18 3 1 6 6 1 7 1 17 0 0 1 4 40 2 1 12 8 4 17 19 0 22 13 5 3 4 0 0 2 3 3 10 8 3 1 2 7 21 2 6 9 2 0 6 16 9 11 11 9 13 8 1 11 6 3 2 26 0 4 4 10 32 19 17 0 22 4 2 4 2 3 4 0 0 13 22 3 6 3 1 7 0 3 9 14 0
3 7 2 7 2 1 1 8 2 9 6 9 3 2 4 7 0 19 11 0 26 10 2 16 18 6 3 2 14 13 1 0 9 1 4 5 6 11 0 1 1 5 0 0 1 15 32 8 1 3 5 3 5 13 4 1 7 9 0 1 28 0 0 8 8 10 5 2 0 5 8 1 1 1 3 4 42 0 7 3 2 22 3 4 13 8 3 3 2 10 0 3 1 1 5 9 5 8 10 4
1 0 0 0 0 0 0 0 0 0 0 0 0 0 1 0 1 0 0 1 1 0 0 0 1 0 0 0 0 0 0 0 0 0 2 0 1 0 2 0 0 0 0 0 0 0 0 1 0 1 3 0 0 0 0 0 0 1 0 0 0 1 1 3 5 0 1 0 0 0 0 0 0 0 0 0 0 0 0 0 1 0 0 0 0 1 0 1 1 0 1 0 0 0 1 1 1 0 0 1
1 2 7 3 1 5 1 1 3 9 3 10 3 12 10 1 1 1 2 0 18 11 0 6 11 0 0 1 4 6 12 0 4 4 11 0 0 1 0 5 1 6 5 13 10 15 1 0 0 0 0 0 11 2 0 7 10 5 3 0 7 2 14 14 0 16 6 2 4 0 12 2 2 0 12 0 2 2 2 11 4 2 3 3 0 5 1 1 4 0 0 4 3 2 5 3 2 5 3 1
2 12 4 12 28 1 0 7 0 4 6 5 2 1 20 0 3 14 16 4 9 9 9 20 11 6 2 4 1 26 3 21 25 4 24 9 18 2 8 3 19 13 3 0 26 7 7 5 10 3 2 7 5 8 16 10 26 13 3 1 2 0 21 38 0 0 5 9 0 3 8 17 0 0 6 11 9 19 0 0 0 1 13 5 11 16 4 17 41 0 13 6 6 13 6 3 14 1 11 12
3 11 5 3 1 7 2 1 1 31 1 3 1 12 7 1 1 0 12 7 11 2 17 7 4 16 7 9 3 13 7 7 26 12 2 1 0 9 11 8 2 10 33 2 0 2 1 11 1 7 1 6 4 3 21 1 19 22 0 4 7 23 7 0 1 5 28 10 12 0 1 9 8 3 15 7 8 10 0 0 4 8 2 13 10 1 3 3 0 11 2 5 1 0 1 0 12 3 13 25
0 1 0 0 1 0 1 1 0 0 1 0 9 0 2 0 0 0 3 0 0 1 1 0 0 0 5 0 3 1 1 0 1 3 11 0 0 0 0 3 1 1 0 0 1 0 0 1 0 0 0 0 0 0 0 0 0 0 0 0 0 1 0 0 0 0 1 0 7 3 1 1 1 7 1 0 0 0 1 0 0 0 0 2 0 0 0 1 2 0 1 1 0 1 0 0 0 0 3 1
0 4 0 0 1 0 0 0 0 3 0 1 2 0 0 0 0 0 0 1 1 1 3 0 0 0 1 0 0 0 1 0 0 1 1 0 0 0 0 2 0 0 0 0 0 0 0 1 0 0 0 0 0 0 0 2 1 14 0 0 1 0 1 1 0 0 0 0 0 0 2 0 0 0 1 0 0 0 0 0 0 0 0 0 0 1 0 1 0 0 0 0 1 0 0 1 0 1 1 0
15 3 5 2 3 7 5 0 4 9 2 2 5 5 3 2 1 10 2 4 0 7 6 2 1 2 3 0 2 6 2 1 2 4 9 3 1 2 5 0 0 1 2 6 0 2 0 17 2 1 1 2 3 5 9 5 3 3 0 2 0 1 5 3 1 3 2 6 2 5 0 1 7 9 2 15 1 1 1 3 2 2 4 9 9 0 2 10 1 23 8 3 12 1 6 6 7 13 1 10
0 0 1 22 9 0 0 11 9 6 1 12 9 0 0 2 1 1 4 7 9 2 11 13 0 3 1 14 4 28 4 11 5 0 5 19 2 2 0 14 0 19 11 2 23 16 0 2 1 7 0 0 14 1 2 1 2 8 7 18 1 2 7 14 14 11 15 27 15 20 0 5 4 13 10 8 13 6 14 6 4 0 5 5 2 7 24 19 6 11 0 5 3 24 23 4 2 8 10 39
0 5 4 6 16 7 4 15 14 1 3 22 4 2 1 2 4 3 0 11 8 9 21 0 8 5 7 4 1 7 1 7 2 7 6 35 10 11 4 13 7 12 1 7 25 6 2 5 11 15 3 10 11 6 17 1 1 5 0 2 6 0 17 0 11 1 15 24 5 6 0 22 3 16 24 3 0 6 12 10 6 4 11 4 7 2 2 0 1 1 1 2 1 4 2 1 6 10 2 5
0 0 0 1 0 1 4 0 0 0 1 1 2 0 0 3 1 2 3 0 0 0 1 3 0 1 0 0 0 0 2 1 0 4 3 0 3 0 0 0 1 2 1 0 0 0 1 0 0 0 1 2 0 5 0 1 0 0 1 0 0 1 1 7 5 0 0 0 0 2 2 2 0 0 0 1 0 1 0 0 0 0 1 0 2 1 0 0 0 0 0 0 1 0 0 0 0 0 0 0
0 0 1 0 0 0 3 0 0 0 0 0 1 0 0 0 0 0 0 0 0 0 0 0 0 1 0 0 0 1 1 1 0 0 0 1 0 1 0 0 0 0 1 1 0 0 0 0 0 2 2 1 0 0 0 0 1 1 6 3 0 1 0 0 0 0 0 0 0 0 1 0 1 0 1 1 1 0 0 1 0 1 2 0 0 1 0 0 0 0 0 1 0 0 0 0 0 0 0 0
3 0 0 0 0 0 0 0 0 1 0 0 0 0 0 1 1 1 0 0 0 0 0 1 0 1 1 0 1 0 1 0 0 1 0 0 1 0 3 2 0 0 0 1 0 3 0 0 0 0 0 0 0 0 0 0 1 0 0 0 0 0 0 0 0 0 0 0 0 0 0 0 0 1 0 0 0 0 1 1 0 0 0 0 4 0 0 0 0 0 1 0 0 1 0 1 0 3 1 0
1 0 1 0 1 0 0 0 4 2 0 1 0 1 0 1 0 0 1 3 1 0 0 0 0 0 0 0 1 2 0 0 0 0 1 0 0 0 0 0 1 1 1 0 0 0 0 0 1 2 1 0 0 2 0 1 1 0 6 0 0 0 0 0 1 1 1 0 0 1 0 0 0 1 1 1 2 0 0 0 0 0 0 0 1 0 0 0 0 0 2 1 0 0 0 0 0 0 0 1
0 3 9 1 7 2 2 6 6 2 6 6 7 4 2 1 7 7 6 6 6 9 6 17 7 1 3 10 25 1 2 16 3 2 3 5 10 9 0 2 26 1 20 11 2 20 16 8 0 0 5 2 9 4 5 2 2 0 10 8 14 0 0 7 0 12 17 1 1 30 3 1 2 5 3 0 1 20 5 10 3 1 1 2 5 12 13 10 16 12 1 0 7 21 2 0 8 3 15 1
11 0 4 1 2 4 0 11 0 10 0 8 6 0 4 0 2 0 3 0 3 0 4 10 0 0 2 1 0 7 3 0 0 7 0 2 9 4 18 0 2 6 0 0 4 3 0 1 7 1 1 0 2 10 0 4 0 10 0 0 2 4 6 0 2 3 6 4 10 7 1 4 2 0 2 6 1 0 0 13 2 19 2 17 5 2 0 8 14 1 8 3 3 1 0 8 3 14 5 0
0 0 0 0 0 1 0 0 0 15 0 0 2 0 0 1 0 0 0 0 0 0 1 1 1 1 1 0 1 0 1 0 0 1 1 1 0 1 0 0 1 0 0 0 0 0 0 0 0 0 0 0 1 1 1 0 0 11 1 0 0 0 0 0 1 0 0 0 1 1 1 0 0 0 0 0 0 0 0 0 1 0 0 2 0 1 0 0 0 2 1 1 0 0 0 0 0 1 0 0
6 2 7 4 5 3 1 1 16 50 10 9 3 3 6 4 13 0 8 3 7 2 56 17 12 19 1 2 4 6 7 2 6 10 11 6 3 12 11 9 24 0 0 3 15 17 7 34 16 18 30 3 7 14 1 0 17 4 26 1 6 3 10 1 0 5 4 11 1 13 2 9 5 11 1 7 1 0 4 1 2 2 1 10 0 3 14 0 0 2 0 5 0 3 5 26 2 19 8 8
3 2 4 1 1 2 3 6 2 8 0 1 0 3 3 6 0 3 1 13 0 12 12 3 1 11 0 4 5 5 1 9 5 6 1 11 7 4 1 10 0 1 0 2 0 4 2 0 0 11 0 3 0 2 0 2 3 3 12 0 3 3 7 7 1 4 0 1 6 3 0 1 1 6 0 1 4 4 8 1 3 3 7 2 0 5 31 25 0 8 7 2 0 7 0 4 1 13 13 4
1 1 0 0 0 0 1 1 1 0 0 0 0 0 0 0 2 0 0 0 0 0 1 0 0 2 0 0 0 2 2 1 0 1 0 0 0 2 0 0 0 0 0 0 0 2 0 0 3 2 0 2 0 0 0 0 0 0 0 2 0 2 4 0 1 0 1 0 0 0 0 0 0 0 0 0 0 0 0 2 0 0 0 0 1 0 0 2 1 0 0 0 0 1 3 1 1 0 0 2
2 0 0 0 0 0 0 0 0 2 0 0 0 1 0 0 0 0 0 3 1 1 1 0 0 0 0 1 0 0 0 1 0 1 0 0 0 0 0 0 0 0 0 0 1 0 0 0 0 2 0 0 1 1 1 0 0 0 0 0 0 0 0 0 0 0 1 0 0 0 0 1 0 4 0 0 0 0 0 1 2 0 0 0 0 0 4 2 0 0 0 0 0 0 0 1 1 0 0 1
0 7 12 3 0 1 0 3 3 2 4 8 3 6 12 9 5 0 10 6 20 4 3 1 0 3 1 2 0 3 0 8 1 6 3 3 1 4 0 9 0 4 3 0 9 9 5 2 1 2 0 0 1 5 2 0 9 5 3 11 3 10 2 0 6 0 1 5 3 2 5 6 5 5 11 11 5 0 1 2 1 0 3 19 5 3 2 1 3 1 8 1 2 0 3 0 1 0 2 3
0 6 2 1 6 4 5 4 3 1 14 1 1 7 18 0 0 1 0 1 4 0 0 3 1 15 2 5 2 7 5 0 6 10 4 0 3 5 1 0 2 5 5 3 1 0 0 1 2 5 2 3 4 0 0 2 0 16 5 0 0 5 6 8 2 6 5 13 6 1 2 2 6 12 1 6 2 4 6 1 0 1 2 15 0 2 2 1 0 1 7 8 4 7 9 5 2 4 2 4
0 0 3 0 2 0 1 4 1 2 0 1 2 3 0 9 2 5 16 2 6 2 10 0 2 1 0 3 1 0 5 3 3 0 4 1 0 3 2 4 0 0 1 3 4 0 10 3 17 0 1 6 9 2 1 2 4 5 0 5 0 11 9 5 3 10 0 1 11 1 3 1 0 2 0 0 11 1 4 1 1 2 4 4 7 0 5 2 4 4 10 1 8 1 1 2 4 0 17 4
