6 6 4 6 4 10 0 1 14 3 7 4 12 9 9 10 33 1 0 2 0 2 3 2 3 2 11 9 3 3 0 10 3 26 6 1 18 2 6 7 1 3 4 4 0 1 8 9 1 17 7 9 4 9 12 7 6 10 3 11 26 7 11 16 11 2 12 33 42 2 1 24 6 13 18 6 1 21 6 3 24 3 0 0 1 17 3 1 13 9 2 14 0 1 0 11 3 14 0 1
24 4 2 11 12 4 1 4 3 32 8 17 29 14 12 7 1 0 14 0 4 3 1 8 10 15 8 1 9 15 0 7 5 0 3 4 6 11 7 1 7 4 13 9 9 6 1 3 0 2 6 25 16 5 9 0 1 1 14 5 2 7 7 2 7 10 9 29 1 30 7 6 24 6 0 6 27 32 5 6 10 3 3 21 0 1 0 8 5 8 10 9 2 0 2 3 6 2 8 7
0 2 0 0 0 0 0 0 0 0 2 0 1 0 0 0 0 5 1 0 1 1 1 0 3 0 2 0 0 0 3 2 0 0 0 0 0 0 0 0 0 0 0 1 0 7 0 0 2 0 0 0 0 2 0 0 2 0 0 1 3 0 0 2 1 0 0 3 0 0 0 1 0 0 0 0 1 2 0 0 2 1 0 0 0 1 0 2 0 1 0 0 0 2 1 1 1 0 0 0
6 8 0 0 4 9 7 5 31 7 7 12 1 7 2 5 3 17 1 2 16 15 12 0 1 2 12 16 12 15 0 32 0 5 5 11 6 14 1 17 18 13 2 7 0 10 26 3 1 2 19 3 2 11 2 3 2 15 7 8 1 12 6 0 8 2 0 9 9 8 16 5 11 1 9 1 4 2 5 9 8 5 4 3 0 13 20 2 3 3 0 7 0 2 27 24 3 6 10 9
0 0 0 1 1 0 1 0 0 0 0 0 0 0 0 1 0 0 0 0 0 1 2 0 3 0 0 0 0 0 0 0 1 0 0 1 0 1 0 1 1 2 1 0 0 0 0 0 0 0 0 0 0 1 2 0 1 0 0 0 0 0 0 0 1 0 0 0 2 0 0 2 0 0 0 1 1 1 1 8 0 0 0 0 0 0 0 2 2 0 0 2 0 0 0 0 0 0 0 0
5 1 0 1 1 3 9 0 26 33 10 16 1 39 2 4 7 2 10 19 11 10 5 12 4 3 11 1 4 17 5 30 1 11 9 0 2 7 2 19 11 0 13 2 18 29 14 0 7 1 19 8 0 5 15 15 0 7 2 5 1 0 4 15 14 11 3 16 25 11 16 0 21 0 3 2 22 10 0 1 2 28 14 5 2 12 2 3 8 10 13 33 11 0 1 1 11 2 18 0
4 3 6 0 22 14 1 4 4 5 7 10 17 3 0 19 3 1 32 5 9 8 0 5 4 5 1 7 5 9 10 3 24 3 1 14 2 7 0 3 17 8 0 3 1 4 0 4 9 32 2 8 4 6 7 5 0 5 6 3 1 1 0 13 1 3 1 2 26 1 21 1 1 2 2 5 0 28 0 18 6 2 0 5 3 14 18 0 4 4 6 40 1 6 40 2 18 27 8 18
2 9 18 12 5 4 0 0 7 5 6 1 9 3 1 3 12 1 1 9 0 10 0 6 0 0 30 19 6 3 22 17 8 3 11 5 10 1 13 0 13 10 26 9 10 1 29 9 3 1 2 1 0 3 16 8 7 3 10 18 32 7 3 12 9 13 5 0 5 0 12 2 7 3 1 16 19 10 0 3 4 0 0 5 16 9 0 7 8 8 28 3 6 1 26 29 9 5 7 9
4 6 0 5 8 12 2 3 1 3 0 1 0 2 2 2 4 1 4 26 3 5 1 8 0 8 3 3 1 2 12 6 1 0 7 4 5 2 3 1 10 4 1 10 10 1 17 11 0 3 0 1 3 6 6 0 3 2 0 14 7 1 0 5 27 4 6 6 8 5 0 3 11 3 1 2 2 5 6 1 0 7 1 8 10 9 6 0 4 4 10 9 1 11 6 1 1 1 4 0
1 1 7 2 1 0 2 13 9 12 0 13 5 1 11 1 9 5 10 13 14 11 0 0 6 1 0 3 1 1 5 3 0 5 16 4 0 16 5 0 3 0 7 3 7 3 2 4 5 0 2 3 3 2 1 0 0 2 0 4 11 0 1 6 5 2 3 4 22 1 1 1 0 9 12 1 4 7 0 6 2 0 3 5 7 5 2 1 1 2 3 14 10 3 3 11 0 5 5 6
15 5 44 9 2 1 27 18 13 4 6 18 1 10 20 15 3 7 15 49 9 43 3 13 13 0 5 4 10 12 2 1 3 7 0 8 20 4 13 11 4 6 1 49 17 2 6 2 9 0 3 1 7 10 5 0 3 0 2 6 19 1 2 26 7 0 8 2 5 37 8 4 0 1 2 31 7 7 4 10 3 6 5 2 15 4 3 6 5 11 7 7 1 1 9 3 12 1 11 1
5 5 4 3 1 1 12 4 13 1 15 3 4 2 1 14 1 2 5 1 11 10 11 1 2 8 4 0 1 0 0 0 23 26 7 0 2 0 0 2 3 1 2 17 7 5 5 25 0 1 4 21 4 1 7 21 4 6 21 3 4 4 8 37 20 6 7 0 11 18 3 5 0 2 5 15 8 16 9 6 27 2 4 26 0 5 19 4 5 0 7 0 3 17 6 4 22 1 5 3
3 0 0 5 7 8 5 3 1 15 5 14 6 4 3 4 2 7 15 1 24 7 8 4 5 3 8 10 15 5 7 5 5 1 5 4 5 27 1 12 1 3 3 0 2 1 3 22 4 0 0 12 1 6 0 0 1 8 4 7 12 19 4 15 4 13 2 2 4 10 2 4 4 18 10 8 7 3 18 15 2 5 10 3 0 8 0 6 2 20 16 2 21 0 3 10 0 1 23 8
2 11 0 0 2 4 9 5 4 9 6 2 0 18 9 2 1 4 2 0 7 1 11 4 1 0 3 0 1 1 1 1 1 10 5 4 0 5 7 5 1 1 10 2 4 5 0 5 2 1 5 1 2 0 6 1 0 3 0 4 13 12 0 6 4 12 0 7 10 3 7 8 4 21 12 0 0 1 0 0 0 4 0 2 2 2 4 3 0 0 1 0 1 12 12 2 5 1 1 0
0 3 1 0 0 2 0 0 2 1 1 0 1 0 0 0 0 1 0 1 1 2 2 1 1 1 0 0 0 1 1 1 0 0 2 0 0 0 0 0 0 0 0 0 0 1 1 0 2 9 0 1 0 0 1 0 0 1 0 3 0 0 0 0 1 0 1 0 0 0 0 0 0 0 0 0 0 0 0 0 0 1 0 1 1 0 0 0 0 1 0 0 0 0 0 0 0 1 0 0
4 3 2 8 20 5 3 1 1 3 7 0 7 0 1 0 3 7 4 0 8 0 2 4 5 3 0 2 6 1 0 1 12 11 2 28 0 0 9 6 2 3 0 1 3 0 2 0 8 4 2 1 2 4 8 3 11 1 9 0 2 2 2 0 0 5 0 0 17 1 5 2 7 0 4 2 21 1 4 2 0 5 2 0 12 14 1 2 0 4 12 6 0 3 0 1 0 1 0 6
5 8 13 1 1 7 0 3 5 3 1 1 2 3 4 4 0 3 3 1 0 3 4 6 3 1 2 15 6 3 14 1 1 8 1 2 2 0 8 0 0 1 2 2 0 2 5 0 0 1 5 3 13 5 9 2 0 3 2 13 9 3 6 3 5 8 2 0 11 9 1 5 6 9 1 10 3 28 8 6 2 8 26 2 0 1 3 3 8 12 1 6 4 1 2 0 7 3 4 2
0 6 5 18 0 18 0 5 9 2 3 0 19 31 7 1 3 20 8 0 0 9 11 19 34 4 8 2 5 15 2 5 7 10 11 11 15 6 24 33 3 17 5 1 1 10 0 11 3 10 1 0 14 0 16 2 20 26 9 1 8 0 3 13 13 2 4 10 3 2 1 16 18 9 6 11 25 41 2 42 20 4 4 7 9 32 0 2 6 17 1 6 4 8 6 7 20 10 9 1
17 12 51 8 0 0 2 1 23 7 3 2 3 1 8 6 0 10 1 9 3 4 13 11 2 0 11 2 14 4 4 6 2 11 21 1 17 3 0 4 12 5 3 10 5 6 13 8 7 23 1 0 0 7 5 4 6 1 2 17 12 2 4 3 6 9 4 1 8 0 2 9 8 7 8 9 7 4 25 1 8 26 0 13 6 14 13 3 13 13 8 3 0 25 10 11 2 0 1 0
10 2 0 1 11 12 0 0 8 1 3 20 0 5 14 2 5 1 0 8 8 6 4 4 13 4 2 1 1 1 4 0 4 5 4 0 2 4 0 3 2 1 5 5 5 0 1 18 0 7 2 8 5 3 0 0 1 10 5 0 18 4 3 2 0 0 0 0 0 9 2 9 1 0 1 0 1 9 4 5 5 2 0 8 3 3 1 0 6 0 1 0 1 3 0 1 4 7 3 10
8 3 1 3 4 7 9 4 1 5 9 7 6 4 0 4 15 0 6 9 4 0 1 1 1 3 1 21 6 2 10 3 0 6 3 2 0 3 10 12 6 5 0 2 1 3 4 1 0 1 6 3 0 7 0 1 4 0 1 1 1 0 11 2 7 1 2 1 0 1 1 1 1 6 0 2 6 0 1 0 0 17 5 2 2 6 2 8 0 3 0 11 0 1 1 1 4 4 5 1
0 0 0 0 0 1 1 0 0 0 0 0 0 0 1 0 1 0 0 0 0 0 1 0 0 0 1 0 0 0 0 0 0 4 0 0 1 2 0 0 3 0 1 0 0 0 0 1 0 0 0 0 0 2 1 0 1 3 0 0 0 1 0 2 1 0 0 0 0 1 0 0 0 1 0 0 0 1 0 0 0 0 0 2 3 0 0 0 0 3 0 0 2 0 0 4 0 0 0 0
7 12 20 15 15 1 3 0 0 44 26 5 6 4 12 4 7 6 2 16 3 2 0 3 21 0 3 0 25 1 15 1 2 2 7 12 0 5 3 10 14 15 2 14 6 2 24 3 2 31 2 4 3 13 3 13 17 3 10 5 9 7 1 18 8 19 9 0 3 5 1 8 7 12 0 5 17 0 3 3 2 0 4 1 9 0 0 17 4 32 14 7 6 1 1 23 3 5 10 4
0 0 0 1 1 1 0 0 0 0 0 0 1 0 0 1 0 4 0 0 0 0 1 0 0 0 1 0 0 3 0 2 1 0 0 0 0 0 0 0 0 1 0 0 1 0 0 0 0 0 0 0 1 0 0 1 0 1 0 0 0 2 0 0 0 0 0 2 1 0 1 0 0 0 1 1 2 0 0 0 1 0 0 1 0 0 0 1 0 0 0 0 0 0 0 0 0 1 1 0
0 0 0 0 1 0 0 0 0 0 0 0 0 1 0 0 0 0 2 1 0 1 3 0 1 1 4 0 0 1 0 1 0 0 0 0 0 0 2 0 2 2 0 0 1 0 0 0 0 0 0 0 0 2 0 1 0 0 0 3 1 0 0 0 0 1 0 0 0 2 2 0 0 0 0 0 0 0 0 0 0 0 0 0 0 0 6 1 0 5 0 1 0 0 1 1 1 0 0 0
4 3 7 0 4 1 13 3 2 9 19 6 4 0 16 4 10 8 8 1 9 1 4 5 5 7 9 5 9 1 15 1 2 3 9 8 4 9 10 4 4 4 1 9 12 4 18 7 2 13 11 6 0 7 21 4 2 2 8 1 6 18 53 9 5 8 1 9 0 6 0 8 5 12 1 8 23 6 5 0 2 6 6 3 0 5 13 16 9 0 5 15 18 6 0 1 0 9 10 7
1 0 4 1 4 4 4 0 0 4 5 1 7 1 18 0 3 2 0 0 1 12 0 0 1 0 3 4 2 1 0 5 1 0 0 3 10 1 7 3 1 1 2 0 4 1 0 16 11 3 6 3 8 3 2 11 4 1 5 1 9 5 1 1 3 7 7 0 1 5 0 0 0 0 1 2 7 14 0 6 8 2 0 0 4 0 0 7 20 15 7 3 15 1 0 7 3 3 0 8
0 0 0 2 0 0 2 0 0 0 0 0 0 1 0 3 0 0 1 2 0 1 0 5 1 0 0 1 0 0 0 4 1 0 0 1 0 0 0 0 1 0 0 1 0 0 0 0 0 0 0 0 1 1 0 1 0 1 1 0 0 2 0 0 0 1 0 0 0 0 0 0 1 0 0 0 1 0 2 0 0 1 0 1 0 0 1 0 2 1 0 2 1 0 0 0 0 1 1 0
0 0 0 1 0 0 1 0 1 0 3 0 0 0 0 0 0 0 2 0 0 1 0 2 0 3 0 1 0 0 0 3 0 0 0 0 3 0 1 0 1 0 1 0 2 0 0 0 0 0 1 0 0 0 0 0 0 0 0 0 0 0 0 0 0 0 0 1 0 0 0 0 0 1 0 1 1 0 1 0 1 0 0 1 0 1 0 0 0 0 4 0 0 1 1 0 0 0 0 0
11 2 3 3 3 5 16 0 11 2 20 5 13 1 10 11 4 2 1 3 3 6 4 6 0 1 0 1 0 32 0 0 12 0 31 3 1 12 35 6 12 1 29 3 15 1 3 20 11 1 2 23 10 5 21 3 6 23 1 10 8 6 2 14 5 68 1 9 33 17 0 1 1 0 23 17 5 9 8 7 2 7 1 0 1 21 7 5 0 12 14 10 5 1 12 6 4 0 13 0
8 5 1 7 0 16 2 4 5 6 5 0 1 16 0 5 6 2 8 2 7 14 2 2 0 13 0 19 1 8 0 7 0 13 8 2 1 1 1 4 0 3 13 2 10 11 0 2 0 3 4 2 2 2 8 6 9 2 10 10 0 5 7 3 2 5 10 9 3 4 5 6 8 4 2 9 0 1 3 12 4 0 0 7 5 7 2 19 1 2 1 2 6 1 1 0 0 4 2 0
0 0 0 0 0 0 2 0 0 2 0 2 0 1 0 1 0 0 0 0 0 0 2 0 0 0 0 1 0 0 2 0 0 0 0 1 0 0 1 1 0 1 0 0 0 0 0 0 0 1 3 0 0 0 0 0 0 3 1 0 0 0 1 0 0 0 0 0 0 0 0 0 0 0 0 0 0 0 0 0 0 0 2 4 0 0 2 0 0 0 1 2 0 0 0 3 1 1 2 1
2 1 0 1 3 8 13 2 0 2 3 2 1 4 0 2 1 2 1 0 1 6 3 3 2 1 1 8 8 2 0 0 0 2 7 8 4 5 0 0 5 2 3 1 7 0 0 2 2 22 0 2 1 3 1 1 2 0 8 3 0 0 0 5 8 5 7 8 4 0 10 3 10 0 0 2 3 7 2 1 0 1 0 0 3 5 8 1 0 1 3 2 1 6 4 0 5 5 1 0
0 0 0 0 0 0 1 0 0 0 1 1 0 0 0 1 1 2 2 1 0 0 0 0 1 2 0 3 0 0 2 1 0 1 1 2 0 0 0 0 1 0 0 1 0 1 2 0 0 0 0 0 1 5 0 1 0 1 0 0 0 1 1 0 0 0 1 0 0 0 1 0 0 0 0 0 1 0 0 1 0 2 0 1 0 0 0 1 5 0 1 1 0 1 3 2 0 0 2 2
2 5 3 13 1 3 1 0 4 0 11 3 2 12 3 2 12 0 10 4 10 14 9 5 6 6 13 3 4 0 3 8 4 15 19 29 3 1 8 6 12 4 3 19 11 0 1 12 5 4 12 3 15 6 1 18 5 9 15 1 7 4 2 20 26 6 3 15 29 6 3 9 6 0 15 3 0 6 0 28 3 9 7 12 1 0 14 20 0 0 0 5 3 3 4 1 16 11 6 0
4 2 0 15 16 0 16 11 1 9 6 11 3 7 2 10 10 9 2 0 0 1 2 11 5 0 4 10 5 7 5 4 8 4 5 4 11 21 4 4 2 2 5 0 0 7 11 1 2 2 0 16 3 4 2 0 0 12 1 32 3 5 1 3 27 4 4 1 2 22 3 6 0 1 4 7 2 2 2 3 15 3 4 12 5 0 8 2 2 4 0 5 3 33 6 3 9 1 7 4
0 1 1 1 0 0 0 0 2 0 0 2 1 0 0 0 0 0 0 0 1 0 0 0 0 0 0 0 0 0 2 0 0 0 1 0 1 1 0 1 0 1 0 0 0 0 0 2 0 0 1 1 0 0 0 0 0 0 0 0 0 0 0 0 0 0 1 0 0 0 0 1 0 0 0 0 0 1 1 0 0 0 1 0 0 0 1 1 0 0 0 0 4 0 0 2 0 1 0 0
0 10 7 4 3 8 1 12 0 0 5 4 6 3 6 0 6 2 1 1 6 22 14 2 4 8 0 4 7 5 3 3 0 0 0 0 0 0 0 3 2 1 0 8 0 5 1 0 0 6 12 5 5 1 3 1 3 1 6 3 9 5 0 7 5 4 1 16 3 0 2 14 0 1 2 7 1 1 8 1 5 13 2 0 5 0 2 15 0 3 0 1 4 3 1 0 7 1 2 0
0 3 18 8 1 6 4 2 4 5 0 1 0 3 3 35 3 3 5 7 6 1 17 0 2 4 20 24 10 0 21 6 1 4 4 8 2 14 3 9 7 5 14 0 1 17 8 0 12 5 11 11 10 1 4 8 12 30 1 4 16 1 3 1 7 8 19 21 10 17 4 11 4 0 4 1 11 22 15 5 0 2 4 11 2 1 0 1 0 4 12 5 5 6 1 17 10 4 10 2
3 10 13 6 4 10 7 1 8 4 0 6 4 6 1 11 16 2 1 16 6 4 4 7 0 18 0 6 42 3 2 15 0 2 1 3 4 22 17 1 26 2 1 14 16 21 12 11 1 9 1 14 6 1 6 2 0 2 1 5 6 11 18 13 4 3 2 0 16 23 2 8 18 3 4 9 7 6 0 21 3 8 1 3 1 4 1 3 0 23 3 4 12 4 0 1 0 12 2 0
5 4 9 4 2 35 0 1 4 2 2 3 7 5 5 4 1 2 0 11 0 3 14 19 1 10 4 2 17 12 1 11 4 3 4 0 3 4 1 1 0 8 3 0 1 5 0 1 0 11 2 2 1 0 7 0 2 2 13 0 0 2 9 5 11 5 1 9 5 3 1 0 5 0 8 0 9 0 1 2 8 1 4 2 1 2 11 7 4 5 11 4 19 0 0 4 1 0 0 1
1 6 4 0 21 23 4 3 3 13 20 10 1 22 11 5 10 7 1 2 1 20 15 11 7 5 14 6 10 2 0 13 6 0 5 0 2 3 18 2 3 1 2 10 2 4 33 10 0 20 15 13 2 3 2 4 10 0 5 2 1 0 1 8 2 2 0 7 8 10 13 1 5 7 18 15 3 2 24 7 1 3 4 9 0 6 7 3 0 2 9 3 27 10 5 8 2 7 0 22
0 0 0 1 0 0 1 0 1 0 2 2 0 0 0 0 1 0 0 0 0 0 0 0 1 0 0 2 2 0 0 0 0 1 0 1 0 2 1 1 0 3 0 0 0 0 0 1 1 0 0 2 0 1 0 1 0 1 0 1 0 0 0 0 2 0 0 0 0 1 0 0 0 0 0 0 1 0 0 0 0 3 0 0 0 0 1 0 0 0 0 1 0 0 0 0 0 0 0 0
1 0 4 9 12 9 5 4 1 0 7 0 1 2 0 2 10 8 6 3 0 2 3 2 0 2 11 1 11 0 2 6 9 4 1 43 8 0 3 3 0 2 4 8 9 1 3 2 0 2 5 13 3 4 5 2 1 10 0 8 0 6 0 3 0 1 7 2 0 13 4 1 8 0 3 2 2 14 8 4 1 0 3 0 3 24 11 0 1 6 2 0 1 4 0 4 1 4 4 7
9 12 10 15 3 12 9 4 21 2 1 56 5 13 5 5 16 30 2 13 30 0 15 10 1 2 0 3 3 3 0 5 0 19 23 15 16 32 8 10 0 2 3 9 4 5 5 1 32 12 0 11 4 9 18 2 20 5 0 7 2 9 5 18 12 17 3 8 11 7 1 12 14 0 5 21 1 2 8 3 22 3 31 2 1 2 1 3 1 0 9 0 8 8 2 7 20 11 11 5
0 0 1 8 0 0 0 0 1 0 0 1 1 0 0 0 0 0 0 0 0 0 0 0 0 0 1 1 1 0 0 0 0 0 2 1 1 1 0 1 0 0 0 1 1 0 2 1 0 2 0 0 0 0 0 0 1 0 0 0 2 0 0 0 0 0 0 2 0 2 1 2 0 0 0 0 0 0 2 0 2 0 0 2 0 1 0 0 0 1 0 0 0 0 0 1 0 2 0 0
4 0 7 4 5 9 17 4 0 5 0 2 21 0 3 7 2 1 6 4 1 8 6 0 0 23 14 9 3 3 3 4 0 6 4 3 0 1 6 6 7 10 8 8 4 16 2 1 5 7 1 1 4 12 18 1 3 4 7 2 8 1 1 1 1 10 1 9 0 2 12 8 0 3 0 10 1 0 6 0 0 4 3 5 0 4 3 7 1 1 0 0 4 2 8 0 3 0 2 0
2 9 3 5 1 13 14 13 0 2 5 4 14 0 19 10 0 15 37 3 13 5 24 4 9 4 8 9 2 1 9 2 1 47 3 3 0 9 0 4 5 11 25 6 5 7 4 1 9 0 8 7 13 1 2 6 5 12 5 12 2 3 16 1 2 9 3 23 3 13 13 5 3 32 1 0 6 15 1 11 14 6 11 0 27 0 2 18 18 6 14 20 26 19 0 0 8 7 0 18
0 2 8 0 9 13 10 0 3 11 1 2 3 14 4 0 3 4 2 1 7 3 1 0 12 4 16 3 7 2 6 12 2 5 2 2 5 2 7 10 1 12 12 2 1 3 11 4 13 0 0 2 11 1 5 0 0 18 6 1 0 0 2 8 3 2 0 2 0 0 4 5 0 8 8 1 0 2 4 2 4 10 0 8 0 3 1 0 2 1 2 0 6 0 0 3 2 9 0 6
0 1 0 1 0 0 0 0 0 0 1 0 1 0 0 0 0 0 0 0 1 0 0 0 0 0 1 0 0 1 0 0 1 0 0 0 2 0 0 1 1 1 0 1 0 0 1 1 0 0 0 0 0 0 1 0 0 0 0 0 1 0 0 0 0 0 0 1 0 0 1 0 4 0 0 0 0 0 0 0 0 0 2 0 0 0 1 1 0 0 1 1 0 1 0 3 0 0 0 1
