1 0 0 0 0 0 0 0 0 1 0 0 0 0 1 1 1 0 1 0 0 0 0 3 0 0 1 0 0 0 0 0 1 0 1 0 0 1 1 0 0 1 0 0 0 0 0 0 0 1 1 0 0 0 0 2 0 0 0 0 0 0 0 0 0 0 0 0 2 0 0 0 0 0 0 2 0 0 1 0 0 0 0 0 0 1 0 0 0 1 0 2 1 1 1 1 0 2 0 0
0 0 0 1 0 4 2 14 1 0 2 0 0 0 1 1 1 3 0 0 3 2 4 2 3 0 4 0 0 1 0 1 0 0 0 3 1 0 0 0 5 7 1 0 10 5 0 7 0 0 0 0 0 0 4 0 1 7 3 0 0 0 0 0 0 0 0 1 1 0 1 7 0 0 1 0 0 24 0 0 0 2 1 17 17 0 0 0 3 13 0 0 1 0 0 1 2 0 8 0
0 0 5 0 1 0 0 0 0 0 0 0 0 1 0 1 3 0 3 0 0 0 1 0 2 0 0 0 0 1 0 0 2 0 0 0 1 0 2 0 3 0 2 0 2 0 0 0 1 0 0 1 0 0 0 0 2 0 1 0 0 0 0 0 0 0 1 0 0 0 0 0 1 0 0 1 1 0 0 0 0 0 0 0 0 0 0 1 0 2 0 0 0 0 1 0 0 1 0 0
2 2 3 6 3 0 2 0 0 8 2 0 2 5 4 0 7 0 3 4 3 0 0 5 5 3 1 3 0 0 0 0 6 4 12 4 0 0 11 2 5 0 3 6 27 0 8 6 0 2 2 10 2 2 1 0 3 4 5 6 0 2 2 0 2 17 9 4 0 4 0 10 8 1 0 8 14 1 11 4 4 0 0 0 6 3 0 13 5 2 6 10 1 4 14 1 1 1 3 1
1 3 0 0 0 1 9 0 0 0 1 0 1 0 1 1 0 0 0 1 0 1 0 1 0 6 0 0 0 0 0 1 1 0 0 0 0 0 1 3 0 0 0 0 2 0 0 0 1 0 0 1 0 0 0 0 3 0 11 0 0 0 1 0 3 0 0 1 0 0 6 0 0 1 0 0 0 0 0 0 0 0 0 0 1 1 0 16 0 1 12 0 5 0 2 0 0 0 2 0
6 3 0 24 3 3 19 2 0 4 2 8 12 1 5 1 2 2 0 1 2 0 11 23 1 3 2 2 1 4 5 0 0 9 4 3 5 13 4 1 16 0 5 4 5 2 1 0 7 12 29 5 25 0 4 0 6 4 12 7 2 19 0 5 3 8 8 3 4 3 1 0 4 11 2 2 2 5 6 4 4 4 1 2 21 5 17 2 7 10 9 7 10 3 5 2 10 6 31 0
2 0 1 1 0 0 1 0 0 1 1 0 0 0 0 0 0 0 0 1 1 1 2 1 2 0 1 1 0 0 0 3 0 0 0 0 27 0 0 0 1 0 1 0 0 0 0 2 0 0 3 0 0 0 0 0 3 1 0 0 0 0 0 0 0 0 1 2 0 1 0 0 0 0 0 0 2 0 0 0 0 0 0 0 0 0 0 0 2 0 0 0 0 0 1 1 0 0 0 0
12 24 1 3 0 1 11 8 4 6 18 11 7 1 0 0 2 2 5 6 1 2 7 0 13 10 2 3 9 30 4 15 4 8 20 1 4 1 14 4 4 10 17 14 19 5 3 0 2 15 1 6 29 4 17 1 0 1 2 9 3 17 14 7 4 24 4 3 1 1 8 1 0 7 0 8 7 1 17 14 3 3 1 20 14 0 0 9 6 1 0 8 14 2 11 1 19 8 2 4
4 2 1 9 2 0 2 3 6 3 3 3 11 3 2 3 4 3 1 26 21 3 1 0 3 5 5 0 9 4 1 6 1 4 6 4 8 4 0 4 3 0 1 7 3 1 13 4 14 0 14 0 3 6 0 1 0 2 0 5 5 0 2 3 4 0 11 4 11 12 1 8 2 18 8 2 6 24 7 0 12 4 0 1 0 7 3 27 1 3 3 2 17 1 3 3 23 5 3 9
6 2 3 2 1 2 0 0 14 10 5 13 10 10 2 4 8 7 0 13 0 10 4 5 3 4 0 4 17 1 3 3 0 6 3 5 14 0 4 6 12 0 9 2 10 4 3 7 0 3 7 3 1 2 4 3 2 3 1 1 0 2 2 4 7 0 6 1 0 8 3 4 2 12 3 0 7 0 11 0 2 2 1 0 13 4 10 0 10 0 1 2 0 0 2 1 0 1 1 7
5 10 6 13 4 4 2 1 10 6 1 14 8 6 2 6 4 10 2 0 0 7 2 1 3 6 8 4 5 0 10 2 0 1 0 2 2 6 21 0 3 5 5 2 9 2 3 2 7 4 2 0 8 2 2 1 1 3 1 3 6 4 3 0 29 2 6 2 0 1 3 3 7 9 1 6 0 14 0 5 7 0 16 1 1 0 1 8 3 4 0 1 7 1 13 6 0 7 0 11
2 2 0 4 5 1 3 4 4 7 1 1 10 7 5 2 5 0 4 3 2 13 0 17 9 6 4 5 3 2 2 4 2 1 4 4 2 5 1 8 0 8 5 7 3 1 5 14 2 2 16 0 0 14 9 2 0 4 6 3 4 19 1 5 11 1 6 6 4 1 4 1 7 0 3 4 8 1 2 1 0 8 3 0 4 0 6 4 10 13 6 13 4 0 1 0 17 3 2 7
5 12 2 4 1 0 11 7 3 2 7 14 4 13 0 17 10 10 2 3 1 0 3 1 10 2 4 5 2 13 8 0 10 2 2 12 4 19 12 5 5 7 4 15 2 4 0 1 2 9 9 11 6 4 5 6 2 0 4 2 3 15 11 3 2 9 8 1 1 0 0 1 28 6 7 0 4 8 18 3 5 0 10 2 8 7 3 12 3 8 1 1 7 1 6 23 10 9 2 3
6 2 10 7 1 1 0 7 2 2 4 6 0 0 3 8 2 4 25 41 1 0 1 0 2 0 1 1 0 6 1 6 4 0 2 0 2 0 3 6 1 0 12 13 1 5 1 15 0 0 8 3 4 3 8 0 0 6 14 8 14 3 0 1 0 1 1 23 6 0 19 1 4 3 8 10 0 3 10 4 5 0 0 1 2 2 2 8 18 1 11 2 0 1 2 1 4 1 1 0
3 5 6 2 21 1 17 10 9 2 0 2 4 9 2 2 0 6 1 2 3 6 13 1 0 16 1 3 7 3 15 1 1 3 1 9 0 4 1 0 2 2 12 0 4 3 2 7 0 3 1 7 6 0 13 0 4 0 2 2 0 4 3 0 2 8 1 12 5 0 7 3 13 2 2 3 5 8 0 1 4 2 0 5 4 18 5 2 2 10 11 4 3 0 4 0 10 0 0 1
1 1 1 5 5 9 9 14 15 4 1 2 3 35 0 6 13 35 1 4 7 5 0 10 21 27 2 12 7 4 5 0 4 1 3 5 14 1 4 17 8 14 0 7 6 3 10 1 0 6 4 9 25 14 2 7 7 0 22 1 6 3 0 7 7 5 11 4 7 1 7 3 3 10 40 8 19 2 13 9 0 0 5 1 6 15 5 2 0 0 2 4 12 8 11 12 8 5 4 3
10 0 0 12 0 14 0 7 5 0 8 0 1 3 4 5 6 8 1 5 0 2 0 7 4 6 1 0 5 4 2 2 4 0 4 2 0 8 1 6 3 4 2 0 4 0 0 0 0 3 8 19 3 0 17 7 4 0 4 7 1 4 1 8 1 1 2 1 1 1 6 2 23 2 1 3 6 1 1 4 2 1 0 5 5 1 20 4 5 3 14 4 0 13 9 9 1 9 2 3
0 0 1 0 0 0 0 0 0 3 0 0 0 0 0 0 0 0 1 4 0 0 8 1 1 0 0 0 0 2 0 0 1 0 0 0 0 0 0 3 0 1 0 0 0 0 0 0 0 0 0 0 1 1 2 0 0 0 0 0 1 0 1 0 0 0 1 0 0 2 0 0 0 1 0 1 0 0 2 0 1 1 0 0 2 0 0 0 4 1 2 0 0 0 0 0 0 0 1 0
0 6 8 9 18 5 11 10 1 3 7 6 0 14 10 2 28 2 28 3 11 9 2 16 28 15 6 7 2 5 16 10 7 1 10 2 5 1 3 11 11 1 2 4 43 3 10 4 30 5 0 19 8 9 29 7 1 2 3 6 7 23 10 41 5 8 6 1 5 9 0 4 13 8 0 9 12 5 15 18 33 5 0 6 1 4 24 21 21 0 0 33 1 0 0 1 0 4 9 4
31 2 6 39 1 17 2 20 1 1 2 17 19 0 6 22 9 14 21 5 0 4 2 2 28 8 12 5 20 11 6 14 14 0 2 1 15 0 2 18 4 10 10 7 9 4 0 4 5 12 12 0 6 4 4 2 2 9 3 7 9 1 1 4 13 19 3 2 19 6 43 13 7 2 1 27 2 3 6 0 2 17 0 5 7 1 0 15 7 1 4 2 4 3 2 5 1 7 2 15
0 0 0 0 0 0 0 0 0 3 0 1 0 1 0 0 1 0 0 0 0 0 0 0 0 0 0 0 0 0 1 1 0 0 0 0 0 0 0 0 0 0 0 0 0 0 1 0 0 1 1 0 0 0 0 0 0 1 0 0 0 0 0 0 0 0 0 0 2 0 1 0 0 2 2 0 0 0 0 1 0 0 0 0 0 0 0 0 1 0 0 1 0 0 0 0 0 0 0 1
2 2 0 0 1 1 0 1 0 0 4 0 0 0 2 0 0 1 0 0 1 0 1 0 1 0 0 0 0 0 0 1 0 1 1 0 0 0 0 0 0 0 0 0 1 0 0 2 0 0 0 1 0 0 1 1 0 1 0 0 0 0 0 1 2 0 1 1 0 0 0 2 0 1 1 0 0 0 0 0 1 0 1 0 0 0 0 0 0 0 0 0 0 0 1 0 9 0 0 1
0 1 1 3 0 0 9 5 0 0 19 12 5 1 2 5 1 5 0 0 0 0 0 1 5 3 0 1 5 0 7 2 3 6 13 3 1 1 0 7 1 2 9 1 1 2 2 0 10 3 8 1 4 0 0 2 0 1 4 4 0 0 1 0 2 0 1 3 1 0 4 0 1 1 0 1 0 0 6 1 1 3 4 2 4 0 0 2 5 0 3 0 4 16 1 0 8 14 0 9
0 5 2 26 8 1 7 4 4 20 0 1 0 8 12 1 15 19 3 0 3 7 0 4 2 8 0 7 3 1 25 10 22 3 20 8 17 19 2 18 3 8 3 4 4 18 11 2 9 7 2 15 8 6 10 24 1 12 0 0 8 1 0 6 6 19 13 6 6 13 4 7 5 6 12 10 10 3 33 2 3 4 25 2 9 8 17 19 9 18 14 35 17 25 12 23 0 1 0 7
0 0 1 3 0 0 0 1 0 0 0 0 1 1 0 0 0 0 0 0 0 0 0 0 0 0 0 0 0 0 0 0 1 11 0 1 0 0 0 1 0 0 0 0 0 1 0 1 0 0 0 1 2 0 1 0 0 1 0 1 0 0 0 0 0 1 0 0 0 0 0 0 1 0 1 0 0 1 1 0 1 1 1 0 1 1 0 1 0 1 0 2 2 1 1 4 0 0 1 2
1 1 6 2 2 13 4 2 0 2 8 3 8 0 1 10 1 5 2 1 3 0 4 22 3 1 0 6 0 0 10 4 1 1 10 0 4 0 0 2 9 2 0 6 5 4 6 2 2 2 0 0 9 7 0 7 0 4 2 1 5 0 3 9 0 0 1 5 1 1 13 1 5 0 0 1 1 6 8 3 1 0 1 1 0 3 0 11 3 7 2 6 7 3 6 3 3 5 6 1
0 13 4 0 1 4 4 2 3 1 7 2 6 5 2 4 0 1 1 3 4 12 1 6 11 13 5 10 4 12 0 5 2 19 0 2 4 7 2 7 6 6 5 6 4 7 0 12 2 3 13 7 0 1 2 7 2 0 4 2 7 3 1 17 0 5 2 4 0 2 1 7 3 6 3 0 0 2 7 22 5 2 5 0 0 1 0 0 2 3 8 8 1 25 1 11 1 1 0 5
19 9 5 8 0 6 8 3 14 18 3 1 20 5 26 21 0 11 14 2 9 11 0 0 8 4 6 17 0 13 3 0 20 8 3 3 4 0 17 4 15 22 6 7 1 1 13 0 9 5 4 4 2 5 5 6 3 10 24 4 5 15 16 2 3 3 15 8 0 0 12 2 7 14 16 7 5 3 4 3 3 3 15 9 14 4 12 2 7 3 6 6 26 0 10 2 14 8 4 17
0 13 0 3 2 11 10 0 5 11 3 2 1 8 2 3 0 5 15 2 5 3 8 2 8 3 0 4 14 7 1 2 2 4 10 3 3 4 4 7 5 14 4 5 3 5 16 1 6 4 10 4 5 5 2 10 0 2 25 6 12 2 22 0 6 26 1 33 21 4 4 9 7 9 21 0 19 7 1 5 7 1 8 0 7 2 14 2 10 10 10 13 16 19 1 11 12 2 7 3
1 14 2 2 4 18 4 13 32 1 15 6 5 5 3 24 0 8 5 5 4 7 12 6 14 23 1 6 4 2 6 3 2 2 3 0 21 5 5 1 2 16 6 1 5 5 8 10 11 21 4 13 8 0 9 3 16 9 3 8 4 11 13 6 5 4 15 3 1 12 8 0 20 7 10 6 0 22 0 2 8 20 6 2 4 14 0 34 15 6 1 23 0 8 1 27 9 2 12 15
0 1 0 0 0 0 1 0 0 0 0 0 0 1 0 0 0 1 0 0 0 0 0 0 0 0 0 1 0 1 1 0 0 0 0 16 0 0 0 0 0 1 0 0 2 3 1 0 0 1 1 1 0 0 1 0 0 0 1 1 0 0 0 0 3 0 0 0 0 1 0 0 0 0 3 4 0 0 0 1 2 2 0 0 0 0 0 0 0 0 1 0 0 0 0 0 0 0 0 0
1 18 0 0 2 7 5 0 2 4 15 1 6 3 2 1 0 0 1 7 2 6 2 4 1 5 4 1 3 9 0 0 2 0 8 3 3 4 24 4 2 0 2 5 0 2 11 7 1 5 3 0 1 8 3 1 0 4 8 2 3 5 1 0 4 18 2 8 9 2 0 13 2 2 0 1 1 5 7 6 0 3 8 10 5 14 7 9 1 6 14 12 12 0 0 4 1 0 1 4
0 0 0 1 0 0 0 0 0 0 0 0 1 0 0 0 0 0 0 0 0 0 0 0 0 1 0 0 0 0 2 0 0 0 0 1 1 0 1 1 0 0 0 0 0 0 0 0 0 1 1 1 0 1 1 0 0 0 5 0 1 0 0 0 0 0 0 2 0 0 0 1 1 2 0 0 1 1 0 0 0 1 0 0 0 0 2 0 0 1 0 0 0 0 0 0 0 0 0 1
0 8 1 1 2 1 0 6 1 2 0 1 7 2 3 23 1 0 1 13 1 6 1 2 1 0 5 7 3 1 1 0 0 1 4 1 0 0 0 6 0 12 2 3 5 15 3 6 3 1 0 6 2 0 5 2 2 8 1 7 1 6 9 5 5 0 0 1 6 2 4 1 2 9 3 0 3 0 5 4 1 2 1 6 7 3 13 0 0 0 0 2 3 5 4 5 2 1 5 4
2 0 1 0 0 0 1 1 0 0 0 3 1 0 0 0 0 3 0 2 0 0 0 0 0 0 0 0 0 3 4 0 1 1 0 1 0 3 0 1 0 0 0 0 0 4 1 0 0 0 3 0 0 4 0 0 0 0 0 2 0 1 1 0 0 0 0 0 0 0 0 0 0 0 1 0 0 0 0 0 0 0 0 1 0 1 0 0 0 0 1 0 0 0 1 1 0 0 1 0
0 0 1 0 1 1 0 0 0 0 0 0 0 1 0 1 0 1 0 1 0 0 0 1 0 4 0 0 0 1 1 1 0 1 0 0 0 0 0 0 0 0 0 0 1 0 1 0 0 0 0 0 0 1 0 3 0 1 0 0 0 1 2 1 1 0 0 0 0 0 1 0 2 1 0 0 1 1 1 0 1 0 0 0 0 0 0 0 2 0 0 1 0 0 0 1 0 0 0 0
20 8 0 5 8 9 0 1 10 0 2 0 4 1 5 2 1 3 1 1 3 1 5 2 2 4 2 7 3 12 1 5 4 10 4 6 1 5 7 12 1 2 6 5 2 0 15 1 12 3 6 9 4 5 0 0 4 3 3 2 4 11 0 2 4 8 2 1 0 4 4 8 4 0 6 0 16 1 3 5 2 16 7 0 11 0 3 5 1 17 0 2 12 5 0 0 0 0 0 0
3 1 0 15 6 1 11 3 3 38 8 0 0 10 3 1 16 5 0 0 16 6 0 27 11 2 0 6 6 3 3 0 4 37 22 6 8 2 11 1 2 7 2 6 16 6 5 8 0 4 2 28 1 7 18 4 9 12 9 7 0 28 6 3 10 10 0 5 6 3 10 1 0 15 7 11 22 31 11 8 9 1 3 8 33 14 4 6 16 20 3 4 2 8 15 9 15 3 4 6
8 2 0 1 1 6 0 39 2 11 16 13 9 13 11 0 2 3 1 14 11 5 0 1 7 3 4 0 11 7 2 2 8 2 0 6 5 7 5 0 0 8 3 13 10 0 15 6 9 0 0 2 6 28 3 10 20 12 2 6 18 6 7 10 1 31 7 0 21 5 3 0 4 0 5 11 0 3 1 8 18 4 6 1 7 0 0 18 0 3 0 3 2 18 3 14 5 1 4 3
8 1 3 11 9 9 38 37 11 21 3 1 2 4 11 6 7 0 2 0 1 19 3 12 7 11 11 2 12 4 23 0 8 2 15 1 1 7 16 46 22 16 10 11 4 7 18 18 13 17 11 6 6 24 9 3 1 1 1 3 6 8 28 8 0 7 4 5 3 1 9 30 12 1 1 1 32 0 6 3 6 7 1 0 2 4 10 4 4 2 9 5 6 3 12 8 2 3 7 0
10 12 1 8 4 15 1 0 1 2 0 1 0 0 1 8 2 0 3 0 0 1 2 2 2 4 23 3 0 0 3 3 8 0 1 5 0 3 2 1 1 0 6 0 0 1 43 0 2 8 8 4 8 5 3 6 2 9 1 1 0 0 6 3 7 9 0 1 2 6 9 0 0 7 14 0 0 1 1 6 2 4 6 0 9 4 0 8 3 2 0 6 5 0 0 5 7 0 0 0
0 4 0 0 1 2 0 0 0 0 3 0 0 0 0 0 0 0 1 0 2 0 0 0 1 0 1 0 0 0 0 15 0 1 0 1 2 0 2 0 0 0 0 0 0 0 0 1 0 0 0 0 0 0 1 1 0 0 2 0 0 0 0 2 1 2 0 0 0 0 0 0 0 0 3 1 0 0 0 0 1 0 2 1 0 0 1 1 1 0 0 0 0 0 2 0 0 1 0 1
9 0 6 9 0 11 20 10 4 8 1 36 0 11 7 7 11 7 15 3 0 20 1 2 33 1 6 30 0 5 6 3 5 5 16 9 2 7 17 22 2 3 4 2 5 1 8 0 3 2 1 8 9 2 26 23 0 5 3 10 13 3 0 3 6 8 0 1 13 19 7 10 0 0 19 8 0 4 3 14 0 6 26 0 17 1 2 34 1 2 0 5 8 10 5 4 3 7 22 3
0 0 0 0 0 0 5 1 0 0 0 0 0 0 0 0 0 0 0 1 0 0 0 0 0 0 2 0 0 0 2 0 0 0 0 0 1 0 0 0 0 3 0 0 0 0 1 1 4 0 0 0 1 0 0 0 0 0 0 0 0 0 0 1 0 0 0 0 0 0 0 1 0 0 0 1 0 0 0 0 0 0 0 0 2 0 0 1 0 1 0 2 0 0 0 0 0 0 0 0
0 16 32 4 20 9 16 1 0 1 6 23 15 1 6 24 12 11 2 1 5 9 2 17 4 18 11 8 8 1 2 0 16 5 14 5 15 11 19 3 9 2 39 2 30 12 1 22 2 15 3 5 1 6 20 19 13 1 5 7 0 2 29 4 2 11 10 16 5 13 8 5 34 1 1 6 2 8 2 10 2 0 11 11 12 20 6 10 6 1 35 26 3 2 3 9 56 7 0 19
10 4 18 1 0 2 10 4 0 1 1 15 3 19 11 22 14 2 0 2 1 8 13 2 0 0 3 8 2 0 10 16 1 0 1 4 37 14 1 24 0 1 0 8 13 11 8 15 8 5 15 2 4 15 9 5 6 15 8 0 13 0 0 1 9 4 18 19 0 4 5 5 26 16 11 4 17 3 34 22 5 4 0 2 6 0 6 1 13 10 25 10 0 11 0 10 2 2 1 0
37 14 1 6 3 6 5 1 5 4 6 2 5 1 1 4 1 4 2 1 0 0 3 3 4 0 1 2 23 18 4 6 1 11 3 14 2 2 12 4 1 24 0 1 7 0 6 18 3 10 3 3 3 3 3 4 1 2 0 5 13 1 3 4 9 0 26 10 0 1 12 14 9 12 3 9 3 8 9 4 1 0 6 2 0 9 14 5 0 1 1 33 13 20 2 12 3 7 2 8
3 4 2 13 5 0 1 21 3 2 0 15 21 0 9 5 1 5 0 4 31 0 6 6 5 0 2 3 4 0 4 1 1 0 1 2 0 3 2 5 17 6 7 8 0 0 1 2 0 9 2 1 1 1 4 6 7 7 0 4 18 4 2 3 5 11 0 5 2 4 9 2 3 5 5 0 0 0 4 0 3 1 11 4 10 3 4 5 4 11 3 0 8 5 1 0 5 0 3 7
0 0 1 0 0 0 0 0 0 0 9 0 0 0 0 0 0 0 0 0 1 0 0 0 3 0 6 0 1 0 1 1 1 1 0 1 2 0 0 0 0 0 0 1 0 0 0 0 0 1 0 0 0 1 3 0 0 0 0 0 0 0 0 1 0 0 0 1 2 0 0 0 0 1 0 2 0 1 0 0 0 3 0 0 1 3 0 2 1 1 0 0 2 0 1 0 0 0 2 0
16 1 0 1 5 2 8 0 4 12 0 0 5 3 3 0 8 0 19 1 0 1 3 1 2 2 3 2 2 10 0 0 2 1 13 1 1 10 0 0 4 15 2 0 0 2 5 1 0 0 0 1 2 4 10 8 4 2 0 0 6 5 5 2 1 7 1 11 10 0 3 1 17 3 2 0 6 9 12 1 5 4 19 6 4 5 7 5 0 1 4 6 0 1 5 0 0 2 8 28
