12 1 0 8 3 2 2 0 3 4 4 3 12 4 38 7 2 6 7 9 7 5 3 2 3 4 8 13 12 6 0 3 10 13 24 34 3 1 6 8 5 2 1 0 8 2 18 7 6 16 18 1 2 1 13 29 18 34 1 0 13 3 12 3 11 6 6 13 3 2 16 23 5 17 3 13 15 6 12 1 11 7 15 0 3 8 8 8 4 7 14 9 26 0 5 2 4 1 11 3
0 1 2 2 0 0 0 3 0 0 2 0 1 2 2 0 0 3 0 0 0 1 0 0 3 0 1 0 0 0 0 0 0 0 0 0 0 0 0 0 0 2 4 0 0 0 0 1 0 0 0 0 1 0 0 0 0 0 2 0 0 0 2 2 1 1 0 0 0 0 1 0 1 1 0 0 0 0 0 0 0 0 0 0 0 0 0 0 3 0 1 0 0 0 0 0 0 0 3 0
0 0 1 0 1 0 4 1 0 0 0 2 0 0 0 0 0 0 0 0 0 1 0 0 0 0 0 0 2 1 0 1 0 0 0 1 0 3 0 0 0 0 0 0 0 0 0 0 0 0 0 0 1 0 3 1 1 0 0 0 1 0 0 0 0 0 0 0 1 2 0 0 0 0 0 0 0 0 0 0 2 0 0 2 0 0 0 0 0 0 0 0 0 0 0 0 0 0 3 0
0 1 0 2 0 0 2 0 0 1 0 0 0 0 0 0 0 0 0 0 0 1 0 0 1 0 0 0 0 0 1 1 0 0 2 0 1 0 1 0 1 0 0 0 0 0 0 0 0 0 0 1 0 0 0 0 0 0 0 0 0 0 0 2 0 1 1 0 0 1 0 1 2 0 2 1 0 0 0 0 0 0 0 1 0 0 0 0 0 0 0 2 0 1 0 0 0 0 1 0
5 1 2 0 12 11 15 5 0 7 3 4 14 7 2 2 3 9 5 13 7 40 16 2 6 3 3 8 14 4 7 4 5 10 3 3 2 7 3 66 5 1 5 0 6 2 13 13 8 2 19 0 4 0 1 10 12 7 0 11 11 20 6 0 10 8 2 1 12 28 13 3 11 8 2 5 1 1 1 8 0 6 36 20 5 2 1 1 9 8 6 0 3 12 20 1 9 7 0 1
7 3 6 7 13 5 31 2 1 19 0 10 1 0 1 10 14 1 18 2 38 29 16 2 5 16 1 3 7 10 0 4 5 9 3 1 9 0 11 3 2 23 6 20 15 1 8 2 2 5 2 5 1 40 2 10 29 11 3 5 2 3 1 3 7 0 19 6 63 20 0 2 2 0 4 20 25 4 9 25 9 3 15 4 13 11 12 6 12 18 14 12 1 4 10 12 5 8 6 3
2 9 2 0 0 4 2 16 11 0 2 14 1 1 11 0 1 14 0 2 4 3 5 7 6 13 0 1 8 15 13 15 11 0 8 12 38 11 2 4 2 3 12 6 22 2 28 9 1 13 1 6 9 0 7 10 1 10 0 2 9 0 9 4 4 3 12 4 1 17 1 1 3 4 20 14 3 3 12 12 2 9 10 10 21 1 9 2 6 2 17 6 5 11 0 4 3 12 7 6
8 0 3 14 12 9 2 7 9 18 7 20 5 0 11 5 6 4 5 8 5 4 9 4 9 16 3 39 7 12 0 10 11 0 0 21 1 1 31 15 0 9 17 2 1 11 2 2 0 0 8 8 1 5 2 7 3 6 12 5 8 7 1 5 3 5 23 1 0 13 20 12 5 6 9 15 15 10 1 1 2 3 13 5 27 4 6 0 19 0 2 13 12 10 6 7 0 7 7 2
4 1 7 2 1 4 0 14 1 5 4 3 1 5 9 7 7 4 12 2 0 3 2 4 0 7 1 1 1 4 1 3 5 9 0 2 8 0 4 0 5 1 2 14 0 7 0 4 9 0 2 0 0 2 5 8 0 0 6 1 3 1 4 2 17 0 0 6 9 3 2 3 10 11 3 0 0 1 1 1 6 4 2 3 1 10 2 7 3 0 2 1 3 5 5 0 1 4 1 0
2 0 0 3 0 0 0 0 0 0 0 0 2 0 1 0 0 0 0 1 2 0 0 0 0 1 0 2 0 0 0 0 0 0 1 0 1 4 0 0 1 0 0 1 0 0 0 0 2 0 0 0 0 0 1 0 0 0 1 2 1 0 1 0 0 0 0 0 0 0 0 0 0 0 2 0 1 0 0 0 1 2 0 0 2 0 1 1 0 3 0 0 0 1 0 0 0 0 0 0
0 0 0 1 0 0 0 1 0 2 0 0 0 0 0 1 2 1 0 1 1 2 0 1 1 0 1 3 0 0 0 0 2 2 0 1 2 1 0 0 1 1 0 0 0 1 0 0 0 1 0 0 0 0 0 0 0 0 0 1 0 1 0 0 0 0 0 0 0 0 0 0 0 0 0 0 0 0 0 1 0 0 0 1 0 0 0 1 1 1 0 0 0 1 0 0 0 1 0 0
8 7 2 0 19 4 9 51 13 0 3 1 11 1 6 8 8 14 7 0 5 4 10 9 8 7 8 11 10 0 12 18 2 0 7 7 3 1 7 5 14 1 4 0 1 20 2 2 11 19 3 19 7 8 3 2 0 0 16 6 0 2 9 29 17 51 5 25 6 10 6 1 0 2 4 6 5 0 3 3 0 3 0 1 0 14 23 3 20 17 0 0 3 3 1 13 12 5 60 0
0 1 0 9 0 0 2 1 0 0 0 1 2 0 0 0 0 0 0 1 1 0 0 0 0 0 0 0 0 0 0 1 3 1 0 0 0 0 0 0 1 0 0 0 0 4 0 3 0 0 0 0 1 0 0 0 0 1 0 1 1 2 0 0 0 0 0 1 0 0 0 0 1 0 0 1 0 1 0 0 1 0 1 0 0 3 0 0 0 0 0 0 0 0 2 0 0 0 0 0
0 0 0 1 0 0 1 0 3 0 0 0 1 1 0 0 1 0 0 0 0 0 0 0 0 0 0 0 0 0 0 0 3 0 0 1 0 0 0 0 0 0 1 0 0 1 0 0 0 2 0 0 0 0 2 2 0 0 0 0 0 0 0 0 0 1 0 0 0 0 0 0 1 0 0 0 2 0 0 1 0 2 1 0 1 0 0 1 1 3 0 0 0 0 0 0 0 0 1 0
0 0 3 7 0 0 0 3 2 3 0 0 0 3 2 1 0 1 1 10 1 6 2 1 2 2 0 0 7 1 14 4 1 7 3 3 10 1 15 1 6 20 0 2 2 0 13 16 3 1 1 1 0 4 9 0 0 4 4 12 0 1 5 13 5 17 9 6 2 2 3 2 5 3 1 2 1 6 10 1 4 11 0 0 6 5 3 10 5 4 0 0 3 7 0 10 1 1 2 9
0 23 17 1 8 3 2 2 1 15 14 0 9 21 13 1 4 11 13 8 0 16 11 1 0 9 0 6 9 11 10 18 2 7 0 12 4 29 4 6 9 14 1 10 5 1 13 25 4 1 11 9 3 11 12 7 14 16 11 5 7 16 3 2 0 6 13 0 14 0 0 4 5 3 3 0 13 14 3 0 8 0 1 11 5 17 1 21 12 2 15 1 3 8 0 1 7 3 2 23
1 4 4 1 0 0 0 0 0 0 0 1 1 0 0 0 0 1 0 3 0 0 1 0 1 0 2 1 1 0 0 0 0 0 0 0 0 0 0 1 1 0 0 0 0 0 0 1 0 0 0 0 0 0 0 1 0 0 0 0 0 2 0 1 0 2 0 0 0 2 0 0 0 0 0 0 4 0 0 0 0 0 0 0 0 1 0 0 0 0 0 0 0 0 0 0 0 0 0 3
9 0 4 1 0 2 27 2 3 0 4 1 2 3 14 1 0 0 6 1 1 3 8 1 2 4 3 1 0 2 1 1 0 36 0 1 5 1 0 2 2 0 7 0 0 0 0 0 4 5 1 14 2 2 4 1 2 1 1 8 2 4 6 3 0 0 2 1 5 4 5 4 16 0 10 0 1 4 7 8 19 3 1 10 2 1 4 4 6 0 11 1 10 1 1 0 0 3 1 0
0 1 0 2 0 0 4 0 0 0 0 0 5 0 0 0 0 0 0 0 0 0 1 1 0 0 1 0 0 0 0 1 0 0 0 0 0 1 0 0 0 1 0 0 0 0 0 0 0 0 0 0 0 0 0 0 0 0 0 0 0 1 0 1 7 0 1 3 0 0 0 0 0 0 0 0 0 4 0 1 0 0 0 0 1 0 0 2 0 1 2 1 4 0 1 0 1 0 0 1
0 0 2 3 0 0 1 1 0 2 0 1 0 1 0 0 0 0 0 3 0 0 0 0 1 0 2 0 0 1 1 0 1 0 0 0 0 0 1 0 0 0 0 1 0 0 0 0 0 0 1 2 0 1 0 1 0 0 0 0 0 0 1 0 1 0 0 1 0 0 0 2 5 2 0 1 0 1 4 5 1 1 0 0 0 0 0 0 2 0 0 0 1 1 0 0 1 0 0 0
2 1 1 7 0 1 1 8 1 3 0 2 1 4 2 0 12 1 3 11 6 7 0 1 0 3 7 3 3 8 3 0 0 1 0 1 4 0 0 3 7 0 2 10 1 0 0 0 0 9 12 0 14 0 1 0 0 0 4 7 5 3 9 2 2 24 3 40 1 0 7 0 1 7 0 5 12 4 0 2 1 3 2 1 3 7 3 4 0 0 1 9 4 0 2 1 15 6 1 10
11 0 15 10 4 2 10 10 1 53 6 3 0 16 24 12 3 29 21 7 8 4 0 18 1 44 2 16 1 24 22 9 3 25 6 20 21 12 12 2 2 6 22 2 19 12 5 1 4 2 4 1 2 11 5 8 10 0 2 15 3 1 16 12 2 1 3 0 4 3 12 7 2 4 4 3 0 5 5 7 0 11 4 7 0 0 6 3 8 8 0 0 0 13 4 8 17 1 9 1
0 0 0 0 0 0 0 0 0 1 0 0 0 0 0 1 0 0 0 0 0 0 0 1 0 0 0 0 0 2 1 0 0 0 1 0 0 0 0 0 0 0 0 0 0 0 0 0 0 0 0 1 2 1 0 0 1 0 7 0 0 1 0 0 1 0 0 0 1 0 0 0 0 2 0 0 0 0 0 0 0 0 2 0 1 0 0 2 1 0 0 0 0 0 1 0 0 0 0 0
2 2 13 7 15 16 3 3 26 5 1 5 1 5 25 6 0 23 9 19 6 1 1 3 3 1 1 8 3 34 3 7 6 4 4 3 16 1 3 7 9 3 1 3 0 5 33 7 11 10 9 0 18 6 9 6 1 14 8 5 2 8 1 4 5 2 7 3 7 2 5 5 14 10 7 4 1 29 22 1 5 0 11 16 2 1 5 5 10 0 16 14 2 1 5 9 9 21 1 7
5 2 7 0 1 1 5 2 0 10 0 0 0 2 0 2 3 8 10 1 3 1 2 2 1 1 0 5 4 8 2 0 6 1 2 0 0 10 4 2 4 4 2 0 0 6 0 5 3 1 0 0 5 3 9 3 7 3 5 3 2 0 0 5 2 1 0 3 7 0 5 3 2 4 2 14 0 7 6 0 16 2 1 2 0 1 6 1 0 4 7 14 1 4 2 2 4 3 3 1
5 2 18 1 4 3 3 0 4 4 13 3 8 3 8 10 3 1 5 6 4 9 0 11 2 0 0 0 9 9 0 0 4 0 11 11 0 0 2 8 10 0 1 2 0 4 5 1 0 2 0 1 5 3 2 17 1 7 0 1 4 1 5 0 3 2 2 1 3 2 0 6 2 1 7 0 0 1 2 4 4 1 0 2 3 2 2 2 2 7 3 15 16 3 1 1 1 5 4 5
0 0 0 0 0 0 1 0 0 2 0 0 2 0 0 2 0 0 0 0 0 1 0 0 1 0 6 1 0 0 1 0 0 0 0 1 1 0 0 0 0 0 2 0 0 1 2 0 0 0 0 0 1 0 0 0 1 0 0 1 0 1 1 0 0 1 0 0 0 0 0 0 2 0 0 0 0 0 0 1 3 10 0 1 0 0 2 0 0 2 0 1 0 0 1 1 0 0 1 0
0 2 1 4 6 5 2 4 5 6 12 2 3 4 0 0 7 2 7 1 7 2 0 0 3 1 2 2 3 2 0 1 1 4 3 2 2 7 4 1 2 17 13 6 0 0 2 5 2 0 6 1 2 2 0 0 0 2 15 2 2 2 2 0 1 0 7 6 0 8 9 9 5 1 1 1 0 2 0 3 2 2 3 1 3 6 2 2 5 0 6 2 0 3 3 0 4 0 2 7
1 2 3 3 1 4 4 23 3 8 6 7 5 3 4 3 15 7 10 13 1 11 16 9 10 2 26 7 3 6 6 10 1 2 1 3 2 3 0 3 3 16 3 6 11 5 26 0 15 11 12 1 20 8 0 18 0 26 13 18 1 12 9 7 0 10 2 17 6 14 1 12 11 9 2 14 8 0 1 12 10 10 1 12 12 8 5 29 1 8 12 1 6 3 12 3 3 3 4 2
1 5 3 3 0 3 8 3 5 1 0 3 3 0 2 4 0 8 5 22 1 13 6 1 3 1 3 10 5 3 6 2 0 8 1 1 2 5 0 6 8 18 2 2 0 0 2 0 3 15 5 8 8 0 8 3 2 3 0 3 2 1 4 18 6 1 3 0 1 1 12 5 0 14 0 4 21 6 5 9 3 3 8 1 0 7 2 5 7 0 0 7 6 5 8 0 4 0 10 3
3 6 4 3 2 3 2 6 4 0 4 2 2 0 1 1 3 2 2 2 3 3 13 4 2 3 7 1 6 2 3 5 0 0 4 2 11 0 1 2 15 3 3 12 1 15 0 12 2 0 1 7 1 2 1 5 11 0 2 5 8 0 5 1 0 2 0 8 13 4 1 17 1 3 13 9 1 1 3 4 7 12 8 13 5 6 8 4 2 2 8 14 0 21 2 13 0 13 3 1
1 0 0 0 3 5 7 0 0 1 3 2 1 8 0 2 1 9 5 19 1 8 3 2 0 23 9 6 3 2 7 0 0 3 7 0 2 3 1 0 3 18 4 5 5 3 17 0 5 8 7 3 5 1 1 1 2 1 11 0 7 0 6 3 3 7 4 6 8 1 2 7 21 1 3 1 1 4 2 0 2 6 0 13 0 0 0 2 4 0 11 0 1 1 17 1 0 3 1 0
1 10 0 0 0 1 0 0 0 0 0 0 0 0 0 0 2 4 0 3 0 1 1 1 1 1 0 1 0 1 0 0 0 0 0 4 0 0 6 0 1 1 0 1 0 1 2 0 0 0 0 0 0 0 0 0 0 0 0 0 1 1 0 0 0 3 0 6 2 0 0 0 0 0 0 0 0 9 0 0 3 0 0 0 1 0 0 0 0 0 0 1 0 0 0 0 1 0 1 1
2 15 0 19 26 0 2 3 3 10 0 9 14 2 16 3 15 12 7 11 3 43 4 22 14 9 6 0 3 17 31 5 2 9 1 9 4 2 11 11 16 1 1 3 28 2 9 3 10 23 5 5 3 2 12 12 3 8 9 4 6 9 5 6 0 0 1 28 0 4 19 4 1 0 1 8 8 6 10 0 2 1 4 9 0 6 1 8 2 13 5 4 3 0 4 5 8 6 1 9
1 1 0 0 0 0 6 2 1 0 0 1 1 0 1 3 0 0 0 0 0 0 0 2 1 1 1 0 0 0 1 0 1 0 0 0 0 2 0 0 0 1 1 1 1 0 0 0 0 0 0 0 0 0 1 0 6 0 0 0 0 0 0 0 0 0 0 1 0 0 0 0 0 0 1 0 0 0 0 0 0 2 0 0 1 0 1 0 0 0 0 1 0 1 0 0 0 1 1 0
5 5 9 18 0 4 1 6 23 5 0 7 11 2 7 1 4 13 13 4 17 17 8 11 4 5 0 11 5 0 6 3 27 1 4 24 2 10 7 1 7 1 3 2 3 8 4 3 17 6 3 4 1 9 1 4 4 9 3 7 12 29 0 6 5 4 4 12 0 2 0 2 2 0 5 4 0 5 2 9 1 6 8 1 42 2 15 11 7 5 2 14 3 1 15 3 3 6 0 12
3 3 2 0 0 2 7 8 0 2 0 5 2 8 3 0 2 6 2 0 0 1 1 3 0 0 0 1 5 3 9 0 13 15 3 1 0 9 3 7 1 0 1 20 1 0 3 0 5 6 0 4 0 0 1 5 3 5 1 0 8 5 5 8 8 6 20 2 4 7 5 1 16 10 3 1 0 2 4 0 3 7 1 3 1 9 6 0 1 0 2 2 1 1 7 4 5 0 7 3
0 5 4 23 0 3 1 4 17 6 4 16 3 6 10 1 6 2 4 4 4 7 8 9 1 3 11 3 2 45 18 4 5 4 3 6 0 6 8 20 14 2 27 4 3 5 2 16 0 10 6 8 4 6 0 10 30 5 4 5 9 4 2 0 3 8 10 0 11 2 10 3 26 3 5 1 0 1 14 0 1 19 4 10 5 8 14 12 3 11 5 1 3 4 7 14 15 12 2 8
1 0 0 1 2 0 0 0 0 0 0 0 0 1 0 0 0 0 0 0 0 0 0 0 0 1 1 0 1 0 0 0 1 0 0 0 0 0 0 0 0 0 0 3 0 0 0 0 4 0 0 0 0 0 0 1 1 1 0 0 0 2 0 0 0 0 0 0 1 0 1 0 3 0 0 2 0 0 0 0 0 0 0 0 0 0 1 0 0 0 0 1 0 0 0 0 0 0 1 1
3 11 4 5 4 2 0 9 0 0 6 24 0 11 4 20 2 0 8 4 14 10 6 0 1 6 5 21 5 8 13 5 1 7 5 7 1 0 2 11 0 5 2 1 1 14 6 1 6 0 5 9 3 0 3 5 9 4 4 9 1 1 5 1 2 1 7 14 18 14 13 1 1 3 3 3 0 1 2 13 6 1 1 20 2 2 23 0 4 19 9 23 0 19 4 23 5 0 39 3
1 2 2 4 0 1 5 11 18 0 0 1 2 3 9 0 1 4 11 0 2 20 1 2 1 4 11 5 1 0 1 0 0 17 3 2 0 8 18 0 1 7 1 1 3 6 1 2 6 15 4 0 0 4 6 8 11 1 25 7 3 15 1 0 2 1 1 4 1 4 6 2 14 1 0 14 2 3 12 2 9 32 1 1 9 2 6 2 3 1 5 0 10 4 17 5 3 11 0 1
1 11 0 15 4 0 1 2 0 1 2 1 2 2 7 4 0 1 11 15 5 1 0 2 0 0 10 1 0 12 6 1 2 0 0 7 4 6 5 4 1 1 4 2 3 1 0 3 1 2 3 8 16 5 1 7 0 1 3 2 0 0 2 5 0 6 0 4 3 6 2 26 4 11 0 3 4 0 2 10 0 0 5 1 2 4 13 3 3 13 2 2 2 0 5 9 0 0 7 0
1 0 0 0 0 2 0 1 1 0 0 0 1 0 0 2 0 0 0 0 0 0 0 0 0 0 0 0 0 0 0 1 0 0 0 0 2 0 0 1 0 1 0 0 0 1 0 0 0 0 0 0 0 0 1 0 0 0 1 0 0 0 1 0 0 0 1 0 0 1 0 0 0 0 0 0 1 0 1 0 0 0 0 2 0 0 0 0 0 0 0 0 0 0 0 0 0 0 0 0
29 11 8 25 1 2 0 0 33 14 0 32 9 3 0 2 4 6 21 5 2 0 5 6 2 12 6 21 35 10 13 2 3 3 0 15 37 1 6 7 14 7 1 6 1 18 9 2 15 5 3 3 7 3 2 8 16 9 22 0 0 0 9 1 2 6 31 15 5 1 4 1 3 1 4 1 1 19 1 3 15 5 3 1 1 0 6 2 1 0 8 4 4 11 5 3 11 0 3 1
0 16 0 3 3 5 2 0 0 5 2 2 0 2 3 3 3 2 0 1 9 6 11 0 1 3 2 1 0 7 10 3 10 0 7 4 2 8 2 0 2 1 3 0 1 5 1 0 6 1 0 7 2 6 4 2 1 8 0 7 3 8 1 26 15 0 8 1 2 0 9 12 4 11 11 2 4 2 2 15 0 8 6 4 3 3 2 0 15 2 2 10 1 7 1 0 5 5 3 0
19 6 4 9 2 0 3 4 1 0 1 0 3 1 5 13 1 5 1 1 0 2 0 0 6 2 1 6 5 5 5 1 1 6 0 10 4 2 3 2 1 1 8 0 24 0 3 0 5 6 0 5 1 4 6 1 3 8 0 8 3 0 0 7 14 5 1 4 3 3 0 8 3 0 3 15 1 9 0 2 5 3 4 0 19 2 4 0 0 0 2 0 3 7 0 1 2 3 1 0
1 8 14 1 3 3 10 7 12 13 7 3 3 2 3 4 6 1 15 0 1 4 36 0 1 30 1 3 5 1 0 0 27 1 8 5 24 6 5 7 9 5 10 13 1 6 4 20 2 3 11 6 5 7 0 0 15 21 5 15 2 7 3 0 5 8 8 5 22 0 5 2 4 32 3 2 0 14 6 8 26 8 27 2 0 8 1 7 1 4 30 10 0 0 23 9 3 25 4 1
8 1 0 8 1 5 3 1 0 0 0 2 4 2 0 2 1 0 0 1 2 0 0 6 16 1 3 1 4 6 0 0 3 4 3 0 2 12 0 5 1 1 4 6 3 4 2 0 0 2 2 8 4 23 6 6 1 0 0 1 0 7 4 0 0 4 0 3 3 4 1 8 6 2 7 3 4 11 11 4 10 1 0 7 4 0 0 0 7 4 0 9 0 1 16 0 1 0 0 2
3 5 5 2 1 0 1 5 1 6 9 0 0 4 9 2 2 0 8 4 2 10 0 2 7 5 4 0 6 3 1 1 2 2 1 4 14 0 2 2 7 1 11 4 0 5 3 2 8 14 16 4 4 3 2 7 10 14 2 0 6 5 1 0 0 5 1 8 4 0 0 15 3 0 1 0 0 0 9 2 0 1 0 4 1 2 10 2 5 10 1 6 7 5 0 15 0 4 3 7
0 3 7 1 0 0 0 0 0 1 0 0 2 0 2 1 0 1 1 0 0 2 0 0 0 0 1 1 0 0 0 0 4 0 2 0 0 1 1 1 0 7 0 3 0 0 0 0 10 0 0 0 0 0 0 5 4 0 0 1 0 2 0 0 0 0 1 0 0 0 1 0 0 0 0 6 2 0 1 0 0 0 0 0 1 0 0 0 0 1 4 0 0 1 0 3 0 0 0 9
