1 2 0 0 1 1 0 0 0 2 1 0 0 0 1 0 0 0 1 0 0 0 0 2 0 1 1 0 0 0 0 0 0 0 2 0 0 0 0 0 0 0 0 1 0 0 0 0 0 0 0 0 0 0 0 0 0 0 0 0 2 0 1 0 0 0 0 0 0 1 0 0 0 0 0 0 0 0 0 0 0 1 3 1 0 0 0 0 1 1 0 0 0 0 0 1 1 3 0 1
1 0 0 0 1 0 0 0 1 0 0 0 0 0 1 0 0 1 0 0 0 0 1 0 1 0 1 0 0 0 1 0 0 0 0 4 1 1 0 0 0 0 0 0 0 0 0 1 0 0 0 1 0 0 0 0 0 0 0 0 2 0 0 0 0 4 0 0 0 0 0 1 1 1 0 0 1 0 0 0 0 0 3 0 1 0 0 0 0 0 1 1 0 1 2 0 0 3 0 0
14 5 9 2 1 5 12 9 5 0 2 0 6 10 5 0 3 5 16 2 5 5 0 1 9 6 8 7 50 4 0 11 7 5 4 5 4 8 4 9 2 15 1 13 3 9 10 4 0 5 1 1 6 2 1 18 8 4 3 8 7 7 8 13 8 7 3 11 7 5 1 4 10 5 12 6 24 1 29 5 2 8 1 0 8 0 17 6 24 1 0 4 2 0 16 5 7 8 8 6
0 1 4 4 1 3 8 4 2 17 13 1 17 3 6 5 5 1 15 3 8 2 3 6 13 5 2 5 16 9 1 0 0 7 5 5 0 7 21 9 0 2 9 10 10 10 31 2 15 0 3 10 1 19 7 7 10 16 1 5 16 36 3 7 9 4 13 2 32 2 13 14 2 8 4 2 4 1 6 20 1 6 2 10 18 2 16 29 1 1 1 8 0 0 26 11 12 15 2 13
0 5 2 6 4 11 0 6 1 2 0 1 4 2 0 2 12 9 5 12 4 0 8 7 0 0 19 9 4 3 10 2 12 0 3 7 10 4 3 14 10 15 31 16 0 4 12 3 0 29 9 3 4 25 7 1 3 22 3 5 5 8 1 10 1 6 0 1 10 9 10 0 7 0 2 18 17 7 22 13 8 1 1 2 2 3 0 6 4 2 1 6 0 0 10 2 3 13 1 8
2 0 0 0 0 0 5 0 0 0 1 0 0 1 1 0 0 0 0 0 0 0 0 0 0 2 0 0 0 0 1 0 0 0 0 0 1 0 0 0 0 0 1 0 0 0 1 0 0 0 0 0 0 0 1 0 0 0 0 0 2 0 0 0 0 1 0 2 0 0 0 0 1 1 0 0 0 0 2 1 0 1 1 1 1 0 0 1 0 0 3 0 2 0 0 0 1 0 0 0
0 5 5 6 0 3 1 3 7 0 8 1 2 0 0 2 7 7 0 3 0 5 1 5 4 17 2 3 1 11 2 6 1 3 1 1 4 0 1 15 4 3 0 8 3 8 1 2 9 1 0 8 7 2 0 0 2 2 13 6 2 0 3 1 6 0 11 0 1 0 9 2 1 0 5 2 18 8 1 0 0 0 0 12 0 1 2 4 8 4 0 16 2 8 5 1 7 15 8 2
0 12 6 1 0 2 15 7 2 7 0 4 20 6 1 14 0 7 8 2 3 8 7 8 11 6 1 6 0 32 19 11 9 5 5 10 1 21 0 13 15 20 19 10 0 15 4 0 5 0 13 11 1 19 1 1 3 7 0 21 4 12 2 8 0 5 1 3 8 0 1 8 0 1 1 18 7 15 2 3 21 7 4 4 5 16 2 10 4 0 2 17 4 1 0 0 11 2 6 6
1 0 0 0 0 0 0 2 0 0 6 0 1 0 0 0 0 0 4 1 0 0 1 0 1 0 1 1 1 0 0 0 1 0 0 0 0 0 0 0 1 0 0 1 0 0 0 0 0 0 1 1 1 0 2 0 1 1 1 1 0 2 0 0 1 0 0 0 0 0 1 1 0 0 0 0 0 0 0 0 0 0 0 1 0 0 0 0 0 0 0 0 0 1 3 3 2 0 1 0
0 13 22 3 17 9 6 9 4 10 6 6 30 10 4 9 13 10 2 4 18 25 11 7 11 10 9 13 4 5 3 2 2 10 4 10 1 10 5 16 2 12 1 8 0 0 2 2 13 10 11 4 11 17 4 1 11 14 13 7 1 6 6 0 12 10 4 1 11 7 0 7 13 2 6 0 9 14 14 4 0 8 27 26 0 12 4 1 2 0 28 3 5 0 10 9 15 1 5 23
1 1 5 5 0 3 7 4 3 8 10 2 11 4 23 2 1 3 8 11 1 1 8 0 6 3 3 4 2 1 3 3 0 1 4 0 1 0 2 2 3 0 10 5 1 16 1 4 1 0 0 2 2 10 5 4 7 5 8 8 2 5 1 1 6 18 20 11 3 2 9 0 6 0 5 8 1 0 6 4 1 0 4 5 2 9 4 3 0 0 0 5 7 7 10 0 6 0 4 4
5 2 0 1 21 4 5 6 43 4 10 5 1 14 5 7 8 0 13 4 6 6 1 1 37 13 4 2 2 21 5 12 9 3 4 0 3 3 19 6 22 3 10 12 1 1 1 1 5 0 5 0 14 15 16 9 1 2 25 7 5 1 3 6 2 6 6 18 8 11 19 0 12 10 10 7 9 0 4 12 1 11 3 8 6 0 0 10 10 6 1 29 8 2 1 13 7 2 0 3
2 1 1 1 3 0 2 3 4 1 5 1 1 16 1 0 0 15 4 2 0 21 5 3 3 4 1 2 3 8 5 0 0 4 5 1 8 3 10 3 5 3 1 1 6 1 0 0 9 3 1 3 5 1 3 0 8 9 4 1 0 0 3 5 0 9 0 3 2 2 2 9 6 6 2 0 16 3 2 3 3 7 11 0 0 3 0 0 6 5 7 0 3 2 0 0 0 6 2 2
1 4 1 0 2 0 4 0 9 2 3 7 1 0 1 3 1 8 4 8 0 5 7 12 0 8 5 1 4 1 17 6 6 1 0 1 7 3 3 3 0 8 2 2 5 1 4 8 12 3 3 4 2 4 10 16 8 3 3 5 6 0 4 0 10 1 1 6 5 0 3 2 1 5 1 0 0 7 0 4 1 1 12 5 4 4 2 2 10 2 9 1 4 0 7 6 0 4 3 0
22 11 5 1 17 3 5 9 0 1 0 3 4 12 12 4 10 8 25 6 1 10 9 9 21 5 10 34 5 5 1 1 21 12 3 19 12 1 1 1 18 7 6 0 9 9 2 0 1 2 13 8 31 1 27 40 5 9 17 3 1 11 10 15 0 5 8 7 13 10 0 19 4 1 34 3 1 27 3 16 1 5 2 4 1 21 15 6 11 4 19 11 1 1 7 13 2 21 8 7
1 0 2 5 23 0 0 3 23 6 2 8 8 1 1 3 5 0 4 2 0 1 3 3 8 0 8 1 4 11 3 4 1 4 0 8 0 4 4 5 2 4 4 9 4 3 1 1 0 4 3 4 5 3 4 0 4 8 0 5 4 9 13 3 6 4 7 0 3 1 4 0 8 2 1 1 0 3 3 5 2 0 5 3 1 1 0 1 3 0 11 3 6 5 6 0 0 7 9 0
4 0 1 3 5 9 4 1 0 1 5 9 1 3 1 2 8 8 1 13 5 4 7 0 3 6 8 0 0 2 14 0 3 0 0 6 2 1 4 3 5 7 1 1 11 2 3 0 0 3 12 3 8 15 0 3 1 1 3 3 1 4 0 0 5 8 10 0 1 6 3 7 5 0 0 4 2 4 2 1 5 0 11 2 0 2 5 13 10 1 0 0 2 7 0 2 3 0 5 4
1 11 1 0 2 8 1 6 1 4 0 7 1 0 9 1 0 3 2 17 6 5 9 1 1 0 1 0 4 1 5 0 1 8 15 1 9 0 0 6 3 6 1 2 2 3 5 0 2 2 6 4 11 0 1 3 0 4 0 0 1 0 4 15 11 3 1 16 1 5 1 5 2 9 0 5 3 0 8 3 6 8 3 0 0 0 0 2 4 1 0 2 18 3 18 0 4 2 5 17
30 8 6 0 0 19 1 4 2 11 6 5 16 11 0 37 2 9 7 11 11 5 0 16 7 2 1 17 4 10 1 13 1 9 21 0 4 15 14 1 6 13 0 17 0 14 15 23 1 2 4 3 0 35 17 9 13 4 18 10 1 5 5 3 2 2 11 12 26 7 15 1 1 11 7 1 11 9 15 5 1 1 0 2 2 1 8 11 7 3 17 1 2 3 0 26 1 3 6 20
1 0 0 0 1 0 0 0 0 0 0 0 0 0 1 0 0 0 0 1 1 0 0 0 0 0 0 1 0 0 0 0 0 1 1 1 0 0 0 2 0 2 0 1 0 2 0 4 0 0 0 0 0 0 1 0 5 0 0 0 0 2 0 1 0 0 0 1 0 0 0 2 0 0 0 0 1 1 2 0 1 0 0 2 0 0 0 0 0 1 0 1 0 7 0 3 0 0 0 1
20 3 9 3 3 5 15 13 2 7 6 6 1 1 5 0 13 2 0 0 8 5 9 9 1 6 16 2 27 8 19 6 12 2 0 1 11 10 7 0 3 1 9 24 0 29 1 1 11 6 4 1 20 4 1 3 2 0 8 11 9 24 0 8 13 2 0 1 1 3 1 0 13 17 0 16 19 6 7 7 1 2 5 2 1 12 3 3 4 4 0 8 7 0 2 6 24 2 4 4
2 32 21 8 20 1 4 11 6 7 6 0 15 5 16 5 10 13 0 0 9 1 11 12 0 4 3 3 1 14 0 12 13 58 5 8 0 2 5 0 7 3 0 0 0 6 10 25 9 3 2 3 24 2 5 11 18 3 6 24 0 0 16 13 0 2 13 22 3 12 2 2 6 16 5 4 7 7 0 6 9 5 7 12 17 16 12 1 9 20 9 6 13 12 23 5 0 20 14 1
2 1 10 2 13 17 6 6 1 3 1 5 9 10 12 12 2 0 9 22 5 7 2 2 2 0 19 1 3 21 1 15 0 5 13 8 13 5 6 1 1 0 0 12 3 2 1 17 3 4 3 5 46 13 10 0 1 7 3 7 10 18 16 15 0 2 4 0 1 2 3 9 0 12 10 0 2 13 9 2 5 1 4 6 2 4 7 11 12 3 7 11 11 3 8 3 8 11 22 3
3 15 2 11 1 10 4 8 0 9 9 2 2 5 1 1 5 9 3 0 8 12 7 5 5 1 8 8 11 10 9 1 48 4 9 3 3 2 11 3 8 8 1 6 2 19 0 12 0 8 18 3 11 5 8 0 0 4 0 5 2 0 6 6 6 0 44 0 7 13 4 19 5 41 13 9 13 1 0 7 4 1 0 7 12 6 0 1 11 20 10 4 16 10 5 12 0 1 5 13
5 6 5 5 14 7 3 3 4 0 5 4 0 6 0 3 0 1 7 2 0 4 3 4 3 0 11 5 2 9 1 5 1 5 3 4 1 21 4 1 1 0 5 0 10 0 5 0 3 3 3 3 1 2 5 2 6 3 0 2 15 1 3 7 2 14 5 0 0 3 2 4 7 0 0 2 20 10 8 0 3 3 4 0 2 5 0 6 4 7 0 2 5 4 8 0 0 2 7 5
8 3 6 0 0 9 8 6 0 0 4 0 9 25 15 1 16 24 18 3 5 6 2 7 2 4 19 5 2 5 4 0 1 21 5 0 5 9 4 19 11 0 7 0 8 15 2 4 12 0 19 11 0 2 7 13 3 8 1 4 25 0 12 4 20 9 5 14 14 0 4 1 3 5 9 4 4 4 0 10 5 1 3 2 2 8 5 2 5 16 1 13 1 1 0 5 2 8 7 21
0 0 0 0 1 0 2 0 0 1 0 1 0 0 0 0 0 3 2 0 0 14 0 0 0 0 0 0 0 0 0 0 0 0 0 0 0 0 0 2 0 1 0 1 1 0 0 2 0 0 1 0 0 0 0 0 3 0 0 0 0 0 2 2 3 1 0 1 0 1 0 0 0 0 0 0 0 0 0 0 0 0 0 0 0 0 0 0 0 0 1 0 0 1 0 16 0 0 3 0
4 0 0 0 1 0 0 2 5 3 4 0 0 1 2 0 2 14 4 5 11 1 2 2 1 3 0 0 1 3 2 0 2 2 3 4 1 7 1 0 5 10 0 6 2 1 13 0 1 28 9 3 6 5 3 0 0 5 13 6 1 8 0 0 5 1 12 0 1 2 1 5 7 1 2 11 1 0 3 0 14 3 5 8 15 0 1 9 16 0 12 1 0 0 0 0 2 2 4 1
0 5 1 0 2 3 2 6 3 11 2 4 1 3 10 9 27 4 0 3 6 8 8 4 1 13 10 2 0 0 0 8 0 0 0 5 2 1 4 0 1 1 9 1 4 1 2 3 1 1 4 1 5 8 13 2 5 7 0 2 2 4 1 18 6 3 5 3 2 0 16 7 1 5 5 1 4 2 6 4 0 0 10 3 0 10 3 1 5 3 8 0 5 5 0 0 0 4 0 0
0 1 1 1 3 0 0 0 0 1 0 0 0 0 0 0 1 3 1 0 0 0 0 0 1 2 2 1 0 0 0 0 1 0 0 0 0 0 0 1 4 3 0 3 1 0 0 1 0 0 4 0 0 0 0 0 1 0 0 0 0 0 0 0 0 1 0 0 0 6 0 2 0 0 0 3 1 0 0 0 0 0 0 0 0 1 0 0 0 0 0 0 0 0 0 0 0 0 0 0
6 4 1 5 12 0 1 1 9 3 2 3 4 2 0 1 7 1 0 1 4 1 10 4 0 1 7 1 5 4 2 4 5 4 3 9 4 6 16 3 2 4 1 0 2 2 2 0 3 0 5 5 0 20 7 4 0 8 2 5 1 1 1 0 4 8 4 21 1 4 4 3 2 2 5 6 4 3 11 6 0 2 14 2 4 7 2 1 0 3 15 1 4 2 2 0 0 0 0 23
6 11 8 7 10 1 2 8 3 3 1 2 1 1 1 2 21 0 7 4 9 1 0 2 3 4 4 0 9 27 0 1 3 6 8 7 2 3 18 9 3 12 1 9 3 3 22 1 2 3 2 20 5 0 3 2 3 18 0 9 11 1 4 3 2 0 1 0 0 13 5 0 4 14 2 8 3 5 0 1 12 0 3 7 1 0 7 1 1 0 15 4 2 9 10 0 1 1 0 0
0 0 0 0 3 0 1 0 2 1 1 0 0 0 0 0 0 0 0 0 0 0 0 0 0 0 0 0 2 0 0 0 0 0 0 2 0 2 0 1 0 0 0 0 0 1 1 1 2 0 0 0 0 2 0 2 0 0 0 0 1 0 1 0 2 0 1 2 0 4 0 1 0 0 0 2 0 1 0 0 1 0 2 0 0 0 0 1 1 0 2 0 4 0 0 0 1 0 0 0
1 5 2 0 4 8 6 3 20 12 2 0 6 4 12 8 3 0 2 0 11 3 6 18 1 0 9 1 4 2 0 7 18 1 2 8 2 9 0 1 8 1 18 1 4 3 2 0 0 5 1 7 1 3 0 2 0 10 1 0 6 0 4 1 2 2 3 7 3 2 5 3 1 7 2 2 11 7 9 1 8 0 0 9 1 22 2 1 0 5 2 1 3 9 6 10 20 2 3 6
0 1 0 0 2 0 1 0 0 0 0 0 1 0 0 0 0 0 0 0 0 0 3 0 0 0 1 0 2 0 0 0 2 1 3 0 0 0 0 1 1 0 0 0 2 0 0 0 1 0 7 0 0 0 0 1 0 0 0 0 0 0 1 0 0 2 0 0 0 6 0 1 1 1 0 0 0 0 0 2 1 0 0 0 2 1 0 0 1 0 0 2 0 1 1 0 1 0 0 0
0 0 2 2 5 0 0 2 0 0 3 0 0 0 1 2 0 0 2 0 0 0 0 1 0 0 0 0 2 0 0 1 0 0 0 0 0 1 0 1 0 0 0 0 1 2 0 0 2 0 9 0 1 0 0 0 2 0 1 0 2 0 1 0 1 2 0 0 1 12 0 1 0 0 1 0 4 0 0 0 0 0 1 1 0 0 0 0 0 0 0 2 0 0 0 0 0 0 0 0
7 6 1 6 8 9 3 8 1 8 12 3 7 4 1 3 4 24 4 7 7 1 4 1 13 19 1 1 7 7 4 1 4 1 9 2 5 15 22 4 3 5 3 7 9 20 11 3 2 25 18 2 6 1 8 5 6 1 1 15 12 8 12 20 4 8 14 3 19 1 7 12 4 7 1 1 27 1 4 29 3 0 1 13 8 14 1 10 0 1 1 5 4 35 2 13 2 0 3 0
0 2 0 0 1 8 29 2 1 5 1 0 6 1 7 6 0 2 2 6 0 7 4 7 2 8 6 1 14 12 11 5 5 1 7 4 7 1 0 1 2 14 4 7 15 5 2 0 11 5 1 2 3 6 4 7 0 0 14 3 33 8 0 16 0 1 0 2 7 3 3 5 16 2 0 5 7 1 3 6 1 15 4 0 0 2 0 3 0 7 1 1 2 6 5 0 10 0 7 5
0 0 1 0 0 2 2 1 0 0 0 0 1 0 0 0 0 0 0 0 0 6 1 1 1 0 0 1 0 0 1 0 0 0 0 0 1 0 0 0 0 1 0 1 0 0 0 0 0 2 1 0 0 0 0 0 2 1 0 1 1 1 0 1 0 1 0 0 2 0 0 2 0 0 0 0 0 0 0 0 1 0 1 0 0 0 0 0 1 0 0 0 0 3 0 11 1 0 1 3
5 0 0 0 0 2 0 1 2 0 1 0 0 0 0 0 0 1 2 0 1 0 0 1 0 0 0 0 1 0 0 0 1 1 0 1 0 0 0 0 1 0 1 0 0 0 1 1 1 0 1 0 0 0 0 0 0 0 1 0 1 0 0 0 0 2 0 3 1 0 0 0 1 0 3 0 0 0 0 0 1 0 0 0 2 0 0 0 0 1 0 0 0 0 0 0 1 1 0 3
0 0 0 0 0 0 0 0 2 0 1 0 0 0 0 0 0 1 0 1 1 0 2 1 1 0 0 0 0 1 0 0 0 0 1 0 0 0 0 0 0 0 0 0 1 0 0 1 0 0 0 0 0 3 2 0 1 0 0 0 0 0 1 1 0 0 0 0 0 0 0 1 0 0 0 1 0 0 0 0 0 0 0 0 0 0 0 0 2 0 0 0 0 14 0 0 1 1 1 0
13 4 6 10 12 5 7 7 3 6 6 22 3 0 5 4 8 8 0 9 1 2 3 7 6 8 1 2 4 13 4 10 21 0 7 30 6 9 8 0 11 38 7 1 2 17 6 11 11 0 1 7 1 27 8 4 2 1 21 1 0 8 8 8 0 17 7 2 21 3 3 3 12 3 13 7 8 2 6 0 2 13 0 6 15 5 12 5 0 17 3 7 15 3 4 26 3 2 8 6
7 5 0 2 3 3 17 0 8 6 1 5 1 14 2 3 18 1 1 2 6 1 6 6 1 8 1 1 0 3 11 4 11 4 12 7 0 5 12 6 13 0 0 0 0 1 0 9 6 3 2 0 1 7 11 1 4 1 4 0 6 3 2 0 3 0 3 0 8 16 6 9 1 2 2 10 2 0 3 1 3 3 0 5 4 5 2 15 1 0 0 2 9 2 4 2 2 3 1 9
0 2 0 0 0 0 0 2 0 0 0 0 0 0 4 0 0 1 0 1 1 2 3 0 1 0 1 0 0 0 0 0 0 1 0 0 0 0 1 1 1 1 0 0 0 1 1 0 0 0 6 0 0 4 1 1 0 1 0 0 0 0 0 0 0 1 0 0 1 9 2 0 0 0 0 0 1 0 0 1 0 0 2 0 0 0 2 0 1 0 0 0 0 0 3 0 0 0 2 0
0 0 4 1 5 0 3 1 0 5 10 7 0 10 0 2 4 0 0 16 4 1 1 11 3 2 2 2 5 5 1 1 1 3 2 7 8 0 2 18 7 4 5 0 2 4 8 3 17 1 8 4 7 10 1 0 6 1 1 0 3 2 1 3 0 0 10 4 5 0 0 8 0 1 7 12 16 1 1 2 9 2 1 3 0 17 9 4 1 4 2 0 0 4 3 11 1 2 0 5
3 9 4 0 12 0 1 13 3 28 0 2 1 16 18 2 6 24 0 16 23 4 3 4 0 3 9 0 14 8 2 4 11 9 3 6 50 5 0 10 2 1 6 13 6 20 15 1 0 0 2 1 0 4 0 29 5 6 1 5 6 4 5 18 27 5 14 1 4 10 0 7 8 2 11 17 4 7 5 14 4 1 0 7 2 2 14 8 1 4 6 18 7 1 2 15 5 2 0 1
5 4 6 1 14 2 2 2 1 8 2 4 2 3 4 3 2 3 1 3 2 0 5 2 0 8 0 5 8 2 2 1 2 0 6 0 0 1 2 8 23 3 0 1 2 10 6 1 14 2 12 5 10 2 10 3 11 8 0 7 7 2 4 0 2 3 1 2 2 0 8 1 1 2 9 5 1 0 3 3 0 8 21 3 4 1 5 2 1 0 3 1 14 1 1 5 4 9 4 8
3 0 2 1 30 11 3 0 3 1 2 2 1 10 1 0 10 1 0 11 2 8 1 3 0 2 0 9 1 0 4 11 2 12 0 0 1 2 1 0 1 3 13 5 9 1 1 3 0 6 2 4 2 0 2 18 4 0 3 3 6 12 4 1 0 3 0 10 0 0 8 2 9 3 4 5 2 1 1 5 5 2 3 6 0 4 5 0 2 1 2 0 0 1 9 1 5 1 13 1
4 2 13 4 12 3 6 7 5 10 5 0 2 2 7 1 3 1 1 1 2 0 6 9 7 14 1 2 20 19 4 2 2 12 1 1 1 0 0 12 1 3 0 6 0 1 2 0 0 0 16 1 1 13 0 3 2 0 0 0 3 5 3 5 11 9 1 8 0 0 5 6 2 5 1 1 1 1 0 2 4 5 0 2 0 10 11 0 11 5 0 8 27 1 2 1 3 3 17 3
0 10 21 2 0 1 6 5 1 7 0 5 6 1 0 7 6 9 0 6 5 9 0 4 2 7 7 4 2 1 4 3 3 13 6 1 3 2 5 0 2 4 1 0 6 0 17 4 2 2 1 8 1 23 0 1 0 1 18 3 0 6 1 9 6 2 3 2 1 0 4 0 0 6 10 4 1 7 3 0 7 0 3 1 1 7 9 0 8 0 5 0 4 0 1 6 1 0 1 7
