24 7 2 5 2 5 7 2 20 4 22 5 21 7 1 0 4 1 18 0 7 0 17 8 15 8 5 2 1 6 6 7 1 5 10 15 6 9 9 1 22 7 4 10 2 11 0 14 3 26 2 6 2 1 2 6 0 2 14 0 14 9 10 12 14 1 3 2 10 24 5 1 1 33 2 2 0 3 18 12 3 1 0 1 2 3 1 1 5 3 0 32 15 10 11 2 13 1 4 2
3 2 3 12 18 2 2 10 0 2 5 28 2 18 10 10 6 5 2 0 10 1 2 3 0 2 5 8 6 15 23 17 17 0 4 8 5 36 3 3 1 27 6 1 3 23 16 8 5 1 7 18 14 7 42 2 0 6 9 1 8 13 0 3 0 12 0 0 7 4 1 1 1 3 5 0 2 3 3 5 17 6 0 1 2 3 2 2 18 5 3 1 7 13 3 0 4 4 5 18
14 0 1 11 4 2 24 2 0 2 0 12 3 5 3 1 12 4 2 0 2 6 4 4 0 1 9 2 5 11 3 0 4 2 5 1 7 6 0 4 0 1 10 3 7 1 4 3 2 0 4 10 21 1 0 1 5 8 2 5 6 5 0 0 17 0 2 8 5 13 3 0 6 1 3 16 2 5 0 5 0 6 13 10 2 9 6 4 0 10 11 0 3 1 1 2 3 2 1 2
3 4 0 3 0 15 0 4 8 0 17 4 9 12 5 6 3 0 5 0 3 1 1 1 3 1 4 5 2 1 10 13 6 3 7 3 0 10 1 10 3 1 4 0 0 0 17 1 6 2 3 6 9 1 0 4 0 13 3 17 11 12 1 2 6 21 2 2 2 3 0 0 1 9 3 2 8 8 4 2 5 2 2 0 10 4 3 9 10 0 3 0 2 0 16 8 3 5 1 1
2 21 34 0 13 15 1 2 10 0 21 12 7 3 9 4 11 2 4 9 7 3 7 14 3 2 6 1 2 16 5 1 14 0 18 6 0 6 3 40 12 7 6 0 9 18 4 20 4 9 11 16 6 17 1 11 1 3 0 1 8 15 3 3 1 17 57 14 8 8 1 1 0 6 34 9 0 7 1 3 1 7 4 5 6 7 8 1 6 3 7 3 20 13 10 9 9 0 1 24
0 0 0 0 0 0 0 0 0 0 0 0 0 0 0 0 0 0 0 7 0 0 0 2 0 0 0 0 1 0 0 0 0 0 0 1 0 0 1 1 0 0 0 0 0 0 0 0 0 0 0 0 0 0 1 0 0 1 0 0 0 4 0 0 1 0 1 0 0 0 0 0 0 0 0 1 0 0 0 0 0 1 0 0 0 1 0 1 2 1 0 0 1 0 0 2 1 0 1 2
3 12 6 5 4 0 4 5 15 3 6 1 0 0 10 0 2 1 2 0 1 1 7 1 0 7 7 15 0 5 13 0 7 8 0 2 0 3 6 0 5 20 17 0 9 5 11 4 8 5 4 1 0 3 1 7 0 8 0 7 3 4 13 3 0 2 0 3 3 2 2 1 5 0 0 5 1 13 0 6 1 17 0 0 3 2 4 5 3 2 0 2 0 2 4 7 0 4 5 4
7 10 0 0 3 1 2 6 1 17 0 0 3 0 6 1 12 4 0 1 10 10 3 0 8 2 3 10 2 10 7 1 3 2 0 2 5 1 3 3 1 1 0 3 3 6 9 2 0 6 0 0 0 8 5 10 16 2 0 1 8 6 0 0 0 19 1 4 2 2 6 9 3 2 0 7 9 0 0 1 1 2 3 0 1 0 4 1 14 14 5 4 6 0 2 5 29 2 5 4
0 4 0 4 0 0 8 1 0 0 0 0 0 0 1 0 0 1 0 0 0 0 9 0 0 6 0 0 1 0 0 0 0 0 1 1 0 0 13 0 1 0 13 1 0 0 0 0 0 1 0 1 0 0 0 2 0 0 0 1 1 0 0 1 16 0 0 0 1 1 0 0 0 0 0 0 2 0 6 0 0 0 0 0 0 0 4 0 0 0 0 0 0 0 1 0 0 14 0 0
1 0 0 0 3 0 0 0 2 0 1 0 0 0 2 0 0 0 0 0 0 0 2 1 2 0 1 1 0 0 0 1 2 0 16 1 0 0 0 0 0 0 0 1 0 1 0 0 0 0 1 1 0 1 0 0 1 0 0 1 0 0 0 0 3 0 4 0 0 0 0 0 0 0 0 0 0 0 1 0 0 0 0 3 1 0 0 1 0 1 1 0 0 1 1 1 0 0 0 0
0 2 0 0 0 0 0 0 1 1 2 0 0 1 0 0 0 0 0 0 1 0 0 0 0 0 0 0 0 0 0 0 0 0 6 0 2 2 0 1 0 0 0 0 0 0 0 1 0 0 1 1 0 2 1 0 1 0 1 0 2 0 0 1 1 0 25 0 0 0 0 0 0 1 0 0 0 0 0 0 0 0 0 1 0 0 0 0 1 0 0 0 1 1 0 0 0 0 0 1
0 1 0 0 0 2 0 0 0 0 0 2 0 0 0 0 1 1 0 1 1 3 0 0 7 0 0 0 1 1 2 0 0 1 1 0 0 1 0 0 0 0 1 0 0 1 0 0 0 0 0 0 0 0 0 1 0 1 0 0 0 0 0 0 0 0 14 1 0 1 1 0 0 0 0 2 0 1 1 0 0 0 0 0 6 2 0 0 0 0 0 0 0 1 0 1 0 2 0 0
3 0 8 0 2 2 1 0 0 0 5 3 10 0 4 3 3 2 0 1 5 0 0 5 17 1 1 7 1 1 5 0 0 0 5 1 0 19 0 1 4 0 1 0 1 10 2 4 0 3 4 2 0 3 6 0 0 14 2 10 4 0 5 0 0 3 9 1 1 7 8 21 1 0 8 11 2 18 0 1 5 7 3 0 4 0 0 1 7 0 2 8 1 0 0 0 1 0 0 1
0 3 0 1 0 3 1 0 1 0 0 0 1 3 3 0 1 1 0 0 0 1 4 1 0 0 0 0 0 1 0 0 0 1 1 0 0 0 4 2 0 0 0 1 1 1 0 0 0 1 0 0 0 0 0 1 0 1 1 0 4 0 0 0 1 3 0 1 2 0 0 2 0 0 0 1 0 1 3 0 0 0 0 14 0 1 10 0 0 0 0 0 0 0 1 0 0 0 4 1
6 5 0 2 4 2 11 1 11 1 4 0 7 14 4 4 0 3 7 9 4 2 5 3 1 0 1 1 4 1 1 24 1 7 7 0 30 5 5 1 5 14 1 14 11 25 10 13 2 1 3 4 0 8 1 24 2 1 4 14 11 11 37 2 1 1 1 6 19 2 0 1 0 13 13 6 0 0 9 2 0 1 16 0 3 21 1 10 18 8 5 3 0 26 5 3 4 11 16 3
8 0 0 0 0 0 1 7 0 3 3 15 3 2 3 2 16 8 0 3 13 6 1 4 3 0 17 12 0 13 3 0 4 9 3 1 0 10 0 12 0 0 1 0 2 6 3 1 0 2 2 1 8 0 9 0 11 0 4 2 11 0 6 4 0 2 0 0 9 6 4 2 4 2 2 9 5 1 1 8 6 14 8 0 2 0 0 1 12 0 4 0 0 0 0 0 7 0 2 2
0 2 0 2 1 0 2 0 4 0 0 0 0 2 0 2 2 1 3 1 0 2 6 1 0 1 3 2 0 1 1 18 0 0 0 1 0 1 3 0 0 0 5 0 0 0 0 0 2 0 0 0 0 0 2 0 0 0 0 0 0 0 2 0 4 0 2 1 0 1 0 2 0 1 0 0 1 0 3 0 0 0 1 4 3 0 2 1 1 1 0 0 0 0 0 0 0 2 0 2
0 1 0 0 0 0 2 0 0 1 1 0 0 0 1 0 2 1 0 0 0 0 0 0 3 0 0 0 0 0 0 0 0 4 3 0 0 1 0 0 0 0 0 0 0 0 0 0 0 0 0 0 2 0 0 1 1 0 0 1 3 0 0 0 1 0 6 0 0 0 0 1 0 0 0 0 0 1 0 0 2 0 3 0 0 0 0 2 0 0 0 0 1 0 0 0 0 0 0 0
0 1 1 0 0 2 1 0 0 0 0 1 0 0 2 0 0 0 0 1 1 0 0 0 0 0 0 1 0 0 0 0 0 0 0 0 0 0 0 0 1 0 1 0 0 0 2 0 0 0 0 0 0 0 0 0 1 1 0 0 2 0 2 0 0 1 0 1 0 0 0 0 0 3 0 0 1 0 0 2 1 1 3 0 0 1 0 0 0 0 0 0 0 1 0 0 1 1 2 0
4 4 7 8 0 15 35 8 0 3 6 2 0 0 6 7 0 3 4 2 11 10 80 9 3 6 1 8 5 1 1 5 0 9 2 3 3 11 22 1 13 1 2 9 3 1 3 2 32 1 3 1 1 5 0 0 6 1 3 2 0 1 3 3 6 1 8 1 1 1 4 0 0 2 0 4 4 4 1 5 2 13 0 10 11 4 6 1 4 4 3 0 4 1 0 4 0 28 4 1
7 0 7 15 16 2 19 6 0 13 11 27 2 6 21 3 10 14 9 2 7 7 9 2 13 0 8 11 5 1 1 6 2 3 15 0 8 25 5 12 0 7 10 1 1 4 3 0 8 11 0 4 7 1 15 9 0 1 1 21 22 0 1 6 3 3 7 1 2 12 10 4 7 0 7 10 5 6 7 11 22 1 1 0 7 8 7 0 0 8 1 10 2 1 7 11 9 4 9 22
0 1 2 5 5 0 2 3 3 9 1 9 0 5 11 7 3 0 1 0 8 7 0 2 0 31 7 0 9 2 7 3 4 0 1 1 1 5 0 24 1 18 2 0 4 6 2 6 10 0 1 4 7 0 6 7 0 0 18 1 0 2 5 1 0 1 3 4 1 3 12 0 1 3 12 1 2 3 2 3 9 3 2 0 6 15 21 6 2 0 11 0 0 6 9 3 1 3 1 1
10 2 13 4 4 0 1 23 1 16 13 5 11 10 0 2 1 6 1 5 1 12 0 0 2 6 12 12 2 10 0 13 22 1 0 3 12 3 6 2 5 24 8 0 2 5 0 8 9 0 0 2 19 3 1 1 0 3 2 4 2 8 1 2 4 2 4 10 0 7 4 5 0 5 17 46 34 6 3 9 0 5 3 4 3 3 35 62 3 8 2 14 14 1 11 0 2 29 0 17
2 5 6 1 2 0 3 17 3 2 0 0 11 5 2 1 3 6 4 23 11 1 11 0 7 2 3 2 11 1 2 1 4 2 6 4 2 6 0 1 22 0 4 5 8 0 10 0 17 17 15 3 2 9 1 7 7 7 0 11 8 19 4 1 6 0 20 2 8 1 28 0 23 7 1 9 1 0 9 5 18 12 4 8 2 1 4 4 5 1 0 4 15 3 15 5 13 12 8 17
0 0 0 1 2 0 0 0 1 0 1 0 0 2 0 0 1 0 0 0 0 5 0 0 3 0 0 0 1 0 0 1 0 0 0 0 0 0 0 0 2 0 1 0 1 0 0 0 1 1 1 0 1 0 0 0 0 0 0 0 0 0 0 0 3 1 2 0 0 1 0 0 2 0 0 0 1 2 0 0 0 0 0 5 0 0 0 0 0 0 0 0 1 1 0 0 0 1 0 0
8 0 8 7 3 9 4 18 1 6 0 2 19 0 7 20 21 7 1 8 0 7 14 5 0 1 1 4 12 9 24 18 4 2 4 3 3 25 3 0 4 5 1 14 0 11 2 9 10 3 1 6 6 14 3 4 11 2 13 16 1 0 0 1 8 3 7 6 9 7 7 5 19 1 29 1 2 9 9 3 18 10 3 7 3 6 4 1 5 9 1 11 1 21 7 6 1 0 1 7
0 1 0 1 0 0 0 0 0 1 0 0 0 0 0 0 0 1 1 1 0 0 0 0 1 0 0 0 0 0 0 0 0 0 2 0 1 0 1 0 0 1 0 1 0 0 0 3 0 0 2 0 0 0 2 0 1 0 0 0 4 1 0 0 2 0 0 0 0 1 2 0 0 2 0 0 1 0 2 0 2 0 0 4 0 0 0 0 0 0 1 4 1 0 0 0 0 2 0 2
6 1 9 6 0 9 1 0 2 3 2 1 18 8 0 10 0 1 4 7 4 13 0 4 0 0 4 1 0 9 6 17 0 3 6 2 3 2 3 0 3 0 0 1 18 7 1 6 3 8 12 3 1 6 1 15 1 8 8 10 0 1 4 0 0 2 1 5 6 8 0 3 1 11 0 4 7 2 9 0 1 3 13 0 6 0 1 1 2 0 13 1 4 4 1 5 16 6 5 2
1 0 0 0 2 0 0 1 0 0 0 0 0 0 2 0 1 1 0 1 0 0 0 0 1 0 1 1 0 0 0 0 0 0 0 3 5 0 0 1 1 0 12 1 2 0 0 0 1 1 0 0 0 0 0 1 0 0 0 1 0 0 0 0 4 0 1 0 0 0 0 0 0 0 0 1 0 0 2 0 1 0 0 0 0 1 0 0 1 0 1 0 0 0 2 0 0 0 0 0
3 11 0 10 0 12 4 14 20 13 0 9 0 12 39 1 1 2 2 10 6 3 3 18 1 2 0 5 4 20 5 3 0 12 3 23 0 15 3 7 1 0 7 16 12 19 18 17 5 14 2 0 0 4 3 9 3 4 1 1 0 1 0 1 4 4 2 2 3 8 10 0 0 2 16 0 15 0 7 4 2 5 2 1 2 17 6 2 10 8 3 13 4 5 10 11 11 1 2 4
2 0 1 0 4 9 0 1 0 10 13 5 10 0 11 2 0 5 3 9 7 6 0 1 5 0 2 0 13 3 7 0 3 5 5 0 10 0 0 4 5 3 2 10 1 2 10 2 10 6 0 4 1 6 2 2 3 17 1 16 2 0 5 5 0 0 11 4 0 7 2 0 10 0 1 0 1 1 0 2 9 8 2 1 9 1 0 9 0 0 16 0 1 18 0 3 4 1 4 2
0 1 0 1 1 0 0 0 0 0 0 0 1 0 0 1 0 1 1 0 0 0 0 0 21 0 2 0 0 1 0 0 0 0 1 0 0 0 1 0 0 0 0 1 0 1 0 0 0 0 0 0 0 0 0 0 0 0 0 0 0 1 0 0 1 0 5 0 0 0 0 0 0 0 0 0 0 0 0 0 0 0 1 0 0 0 0 0 0 0 0 0 1 0 0 2 0 0 0 0
0 3 4 0 0 8 7 0 0 1 3 3 0 3 0 1 3 1 6 0 1 0 4 0 9 12 6 0 2 9 12 0 3 2 1 7 2 3 10 0 2 3 4 0 5 18 2 2 3 1 2 6 5 15 0 0 5 8 1 0 8 0 16 1 8 0 19 4 5 3 9 4 5 7 1 2 3 1 5 12 5 6 20 7 1 1 3 13 7 0 3 0 5 10 0 9 11 1 1 1
12 2 1 27 0 3 3 2 5 0 7 0 3 1 3 4 4 2 5 2 3 0 13 1 8 10 2 7 9 1 1 11 1 1 2 3 5 9 16 11 1 0 2 6 9 9 11 1 24 5 5 1 0 0 3 9 0 2 4 3 2 13 1 3 1 6 0 13 0 1 0 0 14 2 0 1 12 29 6 1 0 8 6 2 6 1 3 2 9 13 3 2 3 0 0 0 1 1 0 2
0 0 1 4 4 0 2 6 0 0 9 0 0 3 3 14 3 3 11 11 1 4 1 1 1 1 3 3 4 10 0 0 2 3 0 1 0 8 2 2 0 0 2 1 2 3 5 4 8 7 12 5 2 3 1 6 0 9 13 1 6 2 8 3 1 2 0 2 2 0 2 4 3 8 3 4 1 10 4 26 7 4 4 7 1 17 0 1 1 3 4 1 12 5 0 2 6 1 0 0
0 2 4 1 0 8 12 3 4 1 2 3 11 0 1 0 6 3 7 33 0 8 0 18 0 0 13 15 2 8 5 2 0 10 3 0 9 14 3 14 0 17 7 25 20 23 3 2 0 19 2 1 2 5 8 12 0 16 18 3 14 8 3 6 2 3 0 13 15 7 20 10 4 3 16 8 4 18 14 1 15 4 0 20 2 4 4 15 2 25 0 2 0 3 1 34 1 4 2 0
4 13 7 5 4 23 5 30 7 13 9 10 5 5 16 11 11 2 6 8 27 10 4 1 4 13 2 9 0 2 3 2 27 15 47 11 6 13 1 12 8 4 0 4 21 6 1 3 21 4 13 2 13 6 9 1 0 10 3 13 10 0 1 7 5 4 4 1 9 1 1 11 2 15 0 16 4 10 2 1 2 20 2 0 5 17 6 3 2 4 5 3 3 1 11 2 6 24 7 4
2 3 7 6 5 2 7 14 1 3 13 0 8 0 9 8 16 4 0 6 0 8 1 6 1 1 30 14 9 6 8 12 25 1 1 30 9 8 0 0 15 13 0 3 6 3 0 21 5 4 2 10 3 5 7 26 2 1 7 4 0 5 7 1 9 1 5 14 20 11 6 2 2 28 4 2 2 3 5 15 11 18 0 0 0 18 7 9 11 2 0 17 5 2 1 8 9 7 1 11
3 3 0 6 3 1 5 10 1 1 4 1 5 3 11 1 0 19 6 32 2 8 12 5 6 11 14 3 9 6 15 1 0 2 8 6 4 9 6 40 14 7 0 5 6 7 5 6 1 2 8 23 3 3 12 19 9 3 15 7 4 3 4 9 2 12 0 7 11 3 15 9 1 29 0 3 18 5 4 6 5 1 9 6 4 10 5 0 6 6 3 3 5 12 5 1 10 2 10 10
10 6 9 1 5 0 9 3 2 1 4 14 4 4 4 1 1 16 4 0 2 7 3 0 0 0 12 27 6 0 3 1 1 0 20 2 3 21 13 0 3 1 13 5 1 23 9 0 2 5 0 15 26 7 1 37 36 2 7 3 20 19 5 2 3 7 25 1 15 7 19 15 5 0 2 0 5 17 9 0 22 1 3 2 1 7 1 4 4 3 16 9 15 0 7 1 1 3 10 10
22 8 2 2 2 17 1 1 4 1 4 9 0 5 0 4 1 1 2 0 4 0 3 2 6 0 0 6 4 4 1 7 1 5 2 3 2 0 1 6 0 0 1 0 0 4 5 0 0 2 4 4 6 0 7 10 1 0 7 1 0 3 8 0 0 15 0 0 2 1 1 0 3 4 0 1 4 1 2 0 22 3 3 1 0 0 0 3 2 3 4 1 0 6 1 0 0 1 0 2
0 1 0 1 1 1 0 3 0 0 0 0 0 0 1 0 1 1 0 1 0 0 0 0 0 2 0 0 3 1 1 0 0 3 1 3 0 0 0 0 0 1 0 0 1 0 0 0 0 0 1 0 0 0 0 1 0 0 1 0 0 0 0 0 0 0 0 0 0 0 0 0 0 0 1 0 0 0 0 0 0 0 0 0 1 0 0 0 1 1 0 0 0 0 0 1 0 0 0 0
24 16 3 8 1 19 8 8 23 26 10 5 0 3 20 6 3 2 0 5 2 4 12 3 4 10 0 1 12 30 14 1 2 16 4 2 42 6 0 3 2 11 6 15 19 6 2 5 35 31 6 11 1 10 0 2 7 11 8 0 26 10 13 1 0 5 2 0 14 6 2 3 0 0 14 5 8 16 9 20 6 14 15 26 2 2 27 2 1 1 4 1 5 4 2 16 1 2 2 9
6 1 2 1 0 6 0 8 0 11 0 6 0 0 2 4 4 9 1 0 1 2 0 0 0 0 1 4 1 4 1 0 4 5 1 3 0 0 0 11 0 1 0 0 0 1 1 3 5 1 4 1 5 9 2 12 4 0 13 0 13 2 1 0 1 2 2 11 5 4 0 3 3 8 10 7 0 3 2 1 1 19 4 0 8 1 0 3 2 0 7 0 8 4 2 2 2 0 5 14
0 0 0 9 0 2 1 1 9 0 0 0 0 3 1 0 1 0 0 0 0 0 2 0 0 3 0 0 2 0 0 3 0 0 0 2 0 1 1 0 0 0 2 0 0 0 0 0 0 0 3 1 0 0 0 0 0 2 1 0 2 0 1 0 3 0 0 0 0 0 0 1 2 2 0 0 0 0 5 1 0 0 4 7 0 0 3 1 1 5 0 0 2 0 1 0 0 0 1 0
0 0 1 0 0 0 1 0 1 0 0 2 0 1 2 3 2 0 0 2 0 0 0 0 0 0 2 0 0 0 0 0 0 0 1 0 0 0 0 0 9 0 0 0 0 0 0 0 0 0 3 0 0 2 0 0 0 0 0 1 0 0 2 0 0 0 0 0 0 0 0 0 0 0 0 0 1 2 3 0 0 0 0 0 0 2 0 0 0 0 0 0 1 2 0 0 0 0 0 0
7 7 2 0 4 21 0 6 2 3 9 19 6 0 14 1 2 4 8 5 9 16 7 4 4 0 7 19 0 11 5 0 13 10 12 4 9 1 2 7 0 10 3 12 2 1 10 1 2 9 10 0 0 11 11 19 15 1 4 4 14 1 22 5 0 19 1 7 24 1 8 8 15 3 1 3 2 6 3 15 0 5 5 11 2 33 0 3 5 0 8 4 1 9 2 0 1 0 1 6
28 3 6 0 6 5 4 17 2 2 12 4 10 3 4 2 23 1 12 0 3 3 16 1 1 3 23 15 3 4 2 0 1 0 1 8 6 2 3 11 24 8 1 2 14 0 1 15 11 5 6 6 12 5 3 12 1 5 0 3 7 0 5 5 15 1 0 7 11 29 10 8 0 25 0 16 2 11 0 5 14 0 0 7 1 1 11 0 0 23 0 1 32 6 8 10 4 3 5 6
1 6 24 7 2 0 25 18 5 3 16 8 6 2 22 8 10 0 0 3 7 3 11 4 20 2 1 7 12 8 0 3 5 7 5 10 43 0 0 8 4 12 23 8 2 5 5 19 9 6 0 0 8 3 10 5 3 22 0 36 4 8 8 20 0 6 29 10 5 3 1 3 0 6 0 1 11 22 0 6 21 2 37 1 3 13 6 2 3 10 2 1 11 1 12 3 4 1 3 4
6 2 5 0 1 5 3 5 2 1 5 2 0 4 5 0 14 2 4 3 4 4 0 1 11 3 1 16 2 8 0 0 7 1 7 0 0 2 11 0 7 5 0 0 5 5 12 1 17 3 1 0 4 10 9 3 1 7 10 4 0 0 0 1 0 5 4 6 2 2 2 2 10 15 9 0 5 0 6 11 1 3 6 0 0 6 2 1 3 2 3 4 1 4 4 4 0 0 13 0
