7 12 6 0 1 3 2 3 1 1 1 8 0 1 3 2 3 7 4 0 1 5 1 6 2 4 1 1 0 5 0 0 5 2 7 3 2 5 0 3 3 0 5 0 5 0 4 0 2 9 3 0 2 0 8 0 2 12 0 5 13 3 4 3 2 0 2 2 9 2 0 0 4 0 12 1 0 5 1 0 9 10 2 5 1 2 4 3 4 9 5 8 2 0 4 0 5 6 0 7
2 5 2 30 1 7 2 3 26 0 4 6 1 2 8 2 1 8 8 2 19 15 0 8 4 7 0 1 0 3 0 2 9 7 17 11 5 2 6 6 9 5 9 0 32 3 2 0 19 1 2 3 2 14 10 12 2 0 2 5 15 0 11 2 10 30 18 0 13 4 5 3 8 12 0 1 0 9 9 24 5 11 3 3 12 7 7 5 19 6 2 0 11 7 9 0 31 7 4 10
12 7 23 2 0 3 2 6 3 36 3 9 33 6 12 3 9 3 2 4 6 0 2 8 24 14 12 0 11 2 0 7 14 1 8 14 12 9 2 9 5 9 1 11 1 1 0 0 5 0 2 14 0 4 8 9 6 8 1 18 1 37 11 0 8 3 13 10 9 0 0 17 6 1 14 5 2 0 1 0 4 6 9 10 17 1 6 7 2 0 4 4 4 1 5 0 10 14 23 8
1 10 13 3 9 14 1 9 4 14 1 0 1 5 4 10 16 1 12 7 1 0 4 1 2 2 0 4 13 1 14 15 5 18 6 1 20 21 3 4 2 0 1 10 5 7 25 11 7 1 6 0 1 0 2 2 15 0 2 6 1 6 0 14 3 11 7 2 5 5 14 14 1 2 2 4 15 6 2 1 5 25 1 2 13 1 10 5 13 6 10 5 6 3 3 1 3 1 7 6
0 0 1 0 0 2 0 0 1 0 0 1 1 0 1 0 0 0 0 0 0 0 0 1 0 1 0 0 1 0 0 0 0 0 0 0 2 0 1 1 0 0 1 0 1 0 1 2 0 0 1 1 5 0 0 0 0 1 3 0 2 0 0 1 2 0 0 0 1 0 2 0 0 1 0 0 3 0 0 0 0 0 0 0 0 3 0 0 0 1 0 0 2 0 1 0 0 0 0 0
0 0 1 0 1 0 0 0 0 0 0 0 5 0 0 3 0 2 0 1 1 0 0 0 1 0 0 0 0 0 11 0 1 0 0 0 0 2 0 0 0 1 5 0 0 0 0 0 1 0 0 0 0 4 0 0 0 0 7 0 2 0 0 1 2 1 0 0 0 0 1 2 1 0 0 1 4 1 0 1 0 0 0 0 0 0 0 1 1 3 0 2 0 0 1 1 0 0 0 0
7 11 6 2 7 0 4 7 3 2 0 1 1 2 8 3 1 2 18 10 0 6 1 1 5 1 5 8 4 1 1 1 2 26 11 2 5 1 4 4 20 5 5 0 0 2 4 3 0 6 0 3 4 5 3 6 4 4 8 17 13 2 1 2 4 1 1 5 0 0 0 0 3 3 0 1 6 1 0 6 0 0 0 2 3 5 1 3 7 1 0 0 0 0 1 1 3 18 7 1
1 4 0 0 0 0 0 1 0 1 0 0 0 1 1 0 0 0 0 0 0 0 0 3 0 0 1 0 1 1 8 0 1 0 0 1 1 0 2 2 0 0 1 0 0 0 0 0 4 0 0 0 36 0 0 0 0 1 9 0 2 0 0 0 0 0 1 0 3 2 0 0 2 0 0 0 2 2 2 1 0 0 0 1 0 0 0 0 0 10 0 1 3 0 0 0 0 0 1 0
47 8 0 0 7 0 11 3 3 2 4 0 12 10 27 6 1 14 14 2 25 7 5 11 3 1 1 8 21 4 3 5 0 4 6 8 1 6 8 2 7 4 0 1 10 12 2 16 33 3 2 2 2 22 0 5 7 4 5 1 11 22 2 7 8 12 0 7 4 1 12 23 1 2 0 17 4 29 7 1 4 12 4 34 6 7 0 1 11 16 0 2 7 8 0 7 1 3 19 4
0 0 0 0 0 2 0 0 0 2 0 0 0 0 3 0 2 1 0 0 0 0 0 0 1 0 0 1 0 0 0 0 0 0 1 0 1 0 0 1 0 0 1 0 0 0 0 0 0 4 0 0 1 0 0 1 1 0 0 0 1 1 0 0 1 0 0 0 0 0 1 0 0 0 0 1 0 1 0 1 1 0 0 0 1 0 1 0 0 0 0 0 0 0 2 0 8 0 0 0
8 0 4 62 14 6 11 26 6 6 44 1 2 6 1 15 0 9 9 2 2 17 3 3 13 0 6 5 4 4 2 4 23 4 1 0 1 0 7 10 28 6 3 25 1 3 3 2 5 6 2 0 6 19 15 6 1 38 3 10 11 7 2 3 15 19 13 2 0 15 5 1 0 18 1 2 9 0 3 6 1 13 10 5 4 6 3 5 1 7 26 3 9 1 1 3 2 1 23 2
2 4 8 10 9 19 3 2 18 15 1 5 1 0 0 5 1 0 16 2 0 2 0 2 16 10 10 9 2 2 5 5 0 1 0 4 4 5 1 0 0 4 5 3 0 9 1 5 19 4 9 2 3 3 1 0 2 6 4 1 0 2 0 1 0 4 3 13 2 10 10 2 2 15 3 4 3 1 11 5 0 2 2 2 1 4 2 2 0 1 5 13 2 4 2 3 1 31 1 12
2 0 2 9 4 5 6 1 1 1 12 2 0 1 1 1 1 0 6 6 6 2 3 14 4 16 1 2 0 13 1 4 7 0 6 1 3 0 4 0 2 1 1 3 1 0 3 12 13 1 0 0 2 3 5 1 5 6 6 8 0 4 0 1 5 1 1 1 3 6 12 7 2 9 0 0 2 1 9 14 6 7 0 7 0 3 7 2 5 11 1 13 1 17 3 0 3 9 3 1
0 0 0 0 3 0 0 0 0 0 0 0 0 1 1 0 0 3 0 0 0 0 0 0 0 1 0 1 1 0 0 1 2 0 7 0 0 0 1 1 0 0 0 0 1 1 0 0 0 0 0 0 0 0 0 0 0 0 1 0 2 0 0 1 0 0 0 0 1 0 1 0 1 0 0 0 2 0 1 1 0 1 0 0 0 0 0 0 0 0 0 0 0 0 1 0 1 0 4 0
0 0 0 0 0 0 0 0 0 1 1 0 1 0 0 2 2 0 0 0 0 0 1 0 0 0 0 2 2 0 0 0 0 0 0 0 1 0 1 0 1 0 0 0 0 0 0 0 1 1 0 0 1 3 3 0 0 1 0 0 0 0 0 0 2 0 0 0 1 1 1 0 0 0 0 0 0 0 0 0 0 2 1 0 0 0 0 0 0 0 0 1 0 0 1 0 1 0 1 1
0 0 0 0 2 3 0 0 0 0 0 0 0 0 3 2 0 0 2 0 0 0 0 0 0 0 0 0 0 0 0 0 2 0 0 0 0 0 0 0 0 1 0 0 0 0 1 1 0 0 0 0 1 1 0 0 0 0 0 0 0 1 0 0 1 0 1 0 3 0 0 0 0 0 1 0 1 0 0 0 1 0 0 0 0 0 0 0 0 0 1 0 0 0 0 1 0 1 0 0
0 2 0 0 0 0 0 0 0 0 0 2 1 0 0 0 1 2 0 0 0 1 0 0 0 0 0 1 1 1 0 0 0 0 0 1 2 1 0 0 0 0 0 0 0 0 1 0 0 0 0 0 1 0 0 7 0 0 0 0 0 0 0 0 0 3 0 0 1 0 0 0 0 1 1 0 0 0 0 0 0 1 0 0 1 0 0 0 0 0 0 2 0 0 0 1 0 0 1 0
9 10 7 8 10 3 10 4 2 4 13 0 1 0 1 0 1 2 1 4 5 8 12 11 14 7 1 6 6 2 1 1 5 0 6 2 4 6 0 4 1 18 1 4 6 2 2 0 2 1 1 2 1 23 1 14 9 5 2 0 10 7 4 2 8 0 2 3 2 9 0 2 2 0 3 3 5 1 2 10 1 0 6 0 5 3 2 5 1 1 1 1 4 4 1 2 0 4 20 4
1 0 4 0 1 8 2 7 2 0 8 6 12 0 4 14 10 1 1 0 4 4 3 0 3 16 2 4 6 2 0 1 3 15 2 0 1 0 8 8 6 14 3 3 0 3 1 21 13 2 0 6 4 12 0 0 0 0 11 4 5 3 3 1 1 6 1 2 0 2 6 1 1 0 8 0 2 1 2 4 5 1 0 3 11 2 3 6 0 1 0 5 8 0 1 4 6 0 2 2
8 6 6 4 14 13 4 0 6 8 17 0 1 19 8 12 11 3 17 10 20 1 3 0 11 25 12 2 3 4 2 2 8 5 12 10 6 0 0 0 2 37 0 5 5 3 4 0 6 30 4 7 33 6 2 2 2 6 1 7 2 0 8 8 9 9 4 9 12 15 1 11 9 5 21 0 2 11 10 18 13 33 3 2 16 1 4 3 23 6 15 1 1 4 1 8 32 3 23 0
1 5 14 4 9 12 5 5 13 11 5 2 26 3 2 5 20 7 3 5 20 0 25 2 3 11 2 1 9 1 9 2 22 3 5 3 13 1 46 7 2 16 5 6 11 2 3 19 4 5 12 0 2 8 0 16 22 2 17 20 5 20 12 0 9 10 2 1 14 8 1 6 2 21 2 2 1 1 11 2 6 4 13 0 10 0 36 0 19 13 1 29 7 7 12 7 4 5 1 9
3 0 1 0 0 1 0 0 1 0 0 1 1 0 0 2 0 1 0 0 0 1 0 1 0 0 1 0 0 0 8 0 0 0 1 0 0 1 2 0 0 0 1 0 0 0 0 0 0 0 2 0 8 2 1 0 0 2 0 0 0 0 0 0 0 0 0 0 0 1 1 0 0 2 0 0 0 0 0 1 0 0 0 1 0 0 0 0 1 0 2 1 1 0 0 0 0 1 0 0
2 0 9 0 8 2 0 4 0 0 0 2 2 0 3 12 1 0 0 12 11 3 15 4 0 2 1 0 3 0 9 2 3 0 1 4 4 3 5 6 0 0 0 2 2 1 0 0 0 21 2 0 7 1 3 1 3 7 0 6 0 6 2 14 2 2 1 1 4 15 5 4 1 5 0 1 1 2 3 2 2 9 1 7 2 10 0 4 6 14 3 5 2 14 3 0 16 1 1 0
0 1 0 0 1 0 0 1 0 0 0 0 2 1 0 0 1 8 0 0 0 0 1 0 0 3 0 0 0 0 0 0 0 0 1 0 0 0 0 2 0 0 2 0 3 1 0 2 2 0 3 0 0 0 3 0 0 0 1 1 1 0 0 0 0 0 0 2 0 0 2 0 0 0 0 0 1 2 1 1 0 0 0 0 0 0 0 0 0 0 1 0 0 0 2 1 2 0 3 0
0 1 5 0 4 4 6 5 2 7 8 0 6 8 3 13 4 7 4 1 4 0 3 0 1 1 16 0 2 1 0 7 6 10 3 2 8 0 1 0 0 10 4 3 0 1 5 8 0 0 3 0 3 0 7 3 0 9 1 4 0 33 2 0 1 2 3 4 0 12 2 6 0 2 4 0 1 0 6 8 4 13 1 7 4 0 5 3 8 9 5 4 6 0 0 10 15 0 3 3
5 3 1 1 3 2 3 11 4 1 5 15 3 2 12 24 6 1 26 2 4 0 18 23 14 2 1 2 5 14 4 33 27 24 8 7 4 24 6 3 2 19 1 2 3 15 0 5 17 12 6 1 5 4 2 33 8 7 4 11 3 0 2 2 1 0 3 4 4 4 22 10 24 0 5 12 4 2 17 10 0 2 0 0 17 49 22 3 8 1 8 4 5 8 4 18 10 4 12 5
0 0 0 0 1 0 0 1 0 0 0 0 0 1 0 0 0 16 0 0 1 0 0 0 0 1 0 0 1 0 1 0 0 0 0 1 0 0 0 0 4 0 0 1 0 0 0 0 0 0 0 1 1 0 0 0 1 0 2 0 1 0 0 0 1 0 0 0 0 1 0 1 0 0 1 1 1 1 0 0 0 0 0 0 0 3 0 1 0 2 0 0 1 0 1 0 2 0 6 1
0 0 1 0 0 0 0 1 1 0 1 1 0 1 0 0 0 2 0 0 0 0 0 1 0 0 0 1 0 1 0 1 0 0 1 0 0 1 1 0 0 0 0 1 1 0 0 0 0 0 1 0 7 0 1 0 1 0 11 0 1 0 0 0 0 0 1 0 0 0 1 0 0 0 0 0 4 0 1 0 0 1 0 0 0 0 0 0 0 0 1 0 0 0 1 0 0 0 0 0
0 1 0 0 0 0 0 1 0 0 0 1 0 2 0 0 0 2 0 0 2 0 1 0 1 0 0 0 0 0 1 4 3 1 2 0 0 0 1 0 0 0 1 0 0 0 1 0 0 0 0 0 2 0 0 1 0 2 0 0 0 0 0 0 0 1 0 0 0 0 0 0 0 0 0 1 1 0 0 0 0 1 1 0 0 1 0 0 1 1 0 0 0 0 0 0 0 2 0 1
9 2 11 14 18 40 0 7 2 2 2 16 9 5 2 23 1 7 18 1 0 6 8 7 9 17 6 8 6 9 14 7 7 0 13 20 59 18 0 11 18 0 0 7 3 12 6 12 0 13 1 4 3 7 0 0 20 8 7 1 0 9 6 23 1 1 7 12 10 2 0 27 2 8 0 0 4 1 20 7 11 4 6 2 36 0 22 14 15 2 4 4 2 4 18 6 1 19 5 2
8 18 17 0 2 5 9 3 2 5 4 0 10 2 4 2 12 5 1 12 28 7 8 3 31 7 10 3 0 9 6 9 0 0 1 6 0 23 1 5 0 3 3 16 7 2 4 4 4 13 4 6 2 13 3 4 11 4 2 14 0 6 2 22 8 1 17 0 1 11 21 0 7 28 12 10 1 1 3 20 13 1 8 14 15 3 13 9 29 5 2 6 8 7 1 4 1 5 22 5
12 1 5 9 6 0 1 12 10 4 15 2 1 2 4 10 2 17 41 8 11 8 9 4 3 0 4 40 8 1 1 4 15 4 2 7 2 0 5 8 0 7 22 0 6 7 12 4 4 10 1 8 0 21 0 3 9 8 17 0 7 10 24 40 1 9 0 11 16 5 8 8 0 8 20 11 2 1 4 1 1 10 3 0 1 4 2 6 5 9 11 3 4 0 3 8 5 8 4 13
3 0 0 4 32 14 9 5 2 5 10 0 24 8 4 7 18 10 0 0 3 24 6 10 6 9 22 0 19 7 1 1 17 10 17 1 4 1 9 4 11 0 7 0 7 17 10 0 11 5 9 4 12 1 41 4 4 7 2 4 6 0 2 5 20 5 7 0 9 1 0 21 2 2 11 3 4 4 5 8 4 21 20 5 0 8 0 2 5 3 5 3 1 3 12 0 5 3 1 1
0 5 0 14 8 8 0 9 14 3 1 3 1 3 1 2 0 1 4 7 3 4 10 7 10 1 1 15 0 20 6 2 1 3 3 0 0 2 6 4 9 5 3 8 0 4 0 4 9 1 2 2 1 3 7 4 6 5 0 1 0 1 0 1 2 0 2 0 1 9 3 0 3 0 6 0 2 5 2 6 1 0 4 3 3 1 1 4 7 1 9 8 2 9 6 2 4 4 13 1
2 0 0 0 0 0 0 0 0 0 0 0 0 0 0 0 1 15 0 0 0 0 1 0 0 0 1 1 0 0 0 3 0 1 0 2 0 1 0 0 0 2 0 0 0 1 0 1 0 1 0 0 0 0 0 0 3 0 0 1 0 0 0 1 1 0 0 2 0 0 1 0 2 0 0 1 0 0 0 2 3 0 1 0 0 0 0 0 0 0 1 1 1 0 1 0 0 1 5 1
1 10 4 4 18 0 24 11 1 5 6 7 10 2 2 4 11 6 6 9 0 9 3 20 16 11 29 13 3 0 5 1 9 0 2 8 7 13 19 4 2 6 12 3 29 15 6 21 27 2 5 17 3 2 15 5 2 3 1 24 3 7 14 12 16 21 16 0 12 0 5 9 2 12 19 22 10 5 6 4 6 14 0 8 4 8 10 16 13 23 7 1 7 1 8 9 7 0 0 6
5 0 0 1 1 2 4 1 4 2 3 2 3 5 0 1 2 4 0 13 2 0 8 13 2 10 2 5 7 2 1 4 1 8 2 6 5 8 6 1 1 1 5 4 0 7 10 2 0 2 16 10 4 3 1 0 2 0 1 10 2 0 0 6 0 0 6 1 3 3 0 5 5 4 10 8 3 1 14 0 1 1 2 5 7 1 0 6 1 0 9 0 6 1 0 0 0 6 0 5
11 0 3 0 11 1 0 11 0 2 0 4 0 5 2 2 23 0 0 0 3 2 1 2 12 3 2 1 30 0 6 5 3 7 4 6 8 2 1 2 4 2 4 3 7 1 27 0 1 0 0 0 2 1 0 3 1 6 2 1 8 14 16 3 6 6 1 7 1 2 5 1 0 5 1 3 2 0 2 0 0 11 1 0 1 0 0 1 3 15 2 4 8 1 7 6 0 1 0 0
1 0 0 0 0 0 1 1 0 1 0 1 2 3 0 0 0 1 0 0 0 1 0 0 0 1 1 0 0 1 2 0 1 0 0 0 1 0 0 0 2 0 0 3 1 0 1 0 0 0 0 0 1 1 0 0 0 0 2 0 1 0 0 0 1 1 1 0 0 0 1 0 0 0 1 0 0 4 0 1 2 0 0 0 0 1 1 0 0 1 0 3 0 0 0 0 3 0 0 0
0 2 4 12 3 0 0 0 5 0 1 3 1 2 11 9 2 14 0 1 0 3 2 9 7 7 0 2 1 3 19 2 6 2 7 4 11 8 3 6 2 3 0 4 0 6 0 3 0 0 2 6 0 0 6 0 2 0 1 8 4 1 0 6 0 23 8 0 2 2 6 2 2 3 2 6 6 1 10 0 20 0 6 0 0 9 8 2 2 10 5 0 6 0 5 6 8 2 1 5
0 0 0 0 0 0 0 1 1 0 0 0 0 1 0 0 0 0 0 1 0 0 0 0 0 0 0 0 3 1 0 2 2 0 0 1 0 0 0 1 0 0 0 1 1 2 0 0 0 1 0 0 0 0 0 0 0 0 1 0 1 1 0 0 1 2 0 0 0 0 0 1 0 1 0 0 1 2 1 0 0 0 0 0 0 0 0 0 2 0 0 0 0 0 2 0 1 0 1 0
1 0 1 2 0 0 1 0 0 0 0 0 0 1 0 0 0 1 0 0 0 0 1 0 0 0 0 0 0 0 0 0 0 0 0 0 1 1 1 2 0 1 0 1 0 0 0 0 0 1 0 0 2 0 0 0 0 2 2 0 1 0 0 0 0 0 2 0 0 2 0 0 0 1 0 0 0 0 0 0 0 0 0 0 0 0 2 0 0 1 1 5 2 0 0 0 5 3 0 5
2 0 0 0 0 1 2 0 0 1 0 0 0 1 0 0 0 0 0 0 2 0 0 0 1 0 0 0 0 1 3 1 0 2 2 1 0 1 2 1 0 0 0 0 0 0 0 1 0 1 0 0 3 1 0 0 3 0 9 0 0 0 0 0 0 1 0 0 0 0 0 1 1 0 0 3 2 0 0 0 0 0 0 0 0 3 0 0 0 0 0 0 1 0 0 0 0 0 0 2
0 1 0 5 0 0 0 0 0 2 0 0 1 0 3 0 0 1 0 0 0 2 1 0 0 0 0 0 0 0 0 4 1 1 0 0 0 0 0 0 1 0 0 0 0 1 0 0 1 0 0 0 7 0 2 0 1 0 3 0 0 0 2 0 0 0 0 0 0 0 0 1 0 0 1 0 9 1 0 0 2 0 7 1 2 0 0 0 0 1 1 0 0 0 0 1 1 0 0 2
14 2 9 22 3 18 3 4 0 9 2 0 3 1 4 0 5 20 2 0 1 20 5 21 8 2 0 2 13 21 0 3 0 5 5 0 1 21 1 2 11 13 5 1 8 30 20 15 11 0 10 3 6 0 1 12 9 21 5 3 9 4 1 4 4 3 9 3 0 12 3 1 2 33 6 7 4 7 9 18 8 7 49 5 3 1 7 0 1 3 17 11 11 7 10 4 8 6 2 4
10 18 0 3 5 1 12 3 4 0 0 4 0 26 0 6 1 0 1 2 3 0 0 2 6 1 7 2 2 2 0 0 0 10 2 0 0 4 12 2 3 0 4 0 3 10 10 2 3 4 0 0 5 0 2 4 0 4 1 0 2 3 0 5 1 0 2 5 1 3 4 1 1 0 3 5 0 7 2 1 3 5 2 2 6 1 4 5 6 2 0 1 2 1 7 0 0 10 16 0
2 7 1 3 3 2 6 12 9 1 5 3 1 1 2 6 1 27 2 3 1 2 1 1 5 0 20 13 4 0 0 12 1 2 1 2 4 2 1 1 2 3 0 0 0 6 0 5 3 15 3 6 4 2 15 5 5 0 2 5 3 1 7 2 0 13 1 1 1 5 0 1 2 1 2 2 6 9 8 5 5 0 6 27 17 1 3 1 6 3 2 3 5 3 0 1 3 0 0 1
0 3 4 7 7 3 0 5 0 5 5 2 19 0 1 1 2 3 1 4 10 1 10 0 1 4 8 4 3 0 2 0 0 0 0 0 0 0 0 0 2 5 3 3 3 4 5 2 1 15 3 22 15 0 2 0 4 1 5 2 0 6 2 0 0 11 6 1 5 5 3 3 0 2 0 0 0 24 1 9 9 3 0 1 0 4 8 12 1 0 7 0 12 1 6 1 5 0 1 5
0 7 5 4 3 4 2 2 1 4 1 9 9 0 4 4 0 1 2 10 4 17 1 3 5 2 5 0 3 1 0 3 4 0 17 0 2 3 2 3 2 9 0 0 15 0 8 5 1 0 1 0 0 1 2 1 0 2 0 6 5 7 4 5 14 1 3 0 18 4 3 1 1 15 6 2 0 6 12 2 4 0 5 11 2 4 3 7 2 3 1 4 3 2 1 1 0 10 4 11
0 0 0 2 0 0 0 0 1 0 5 0 1 0 0 1 1 0 3 1 2 0 1 0 0 0 1 0 0 1 23 0 2 1 1 1 1 2 1 0 0 0 1 0 0 0 0 1 0 0 0 2 4 0 1 0 0 0 0 2 0 1 0 0 2 0 0 0 0 0 0 0 0 0 0 0 6 0 0 0 0 0 0 0 0 5 0 0 1 0 0 0 0 1 0 1 0 0 1 1
