7 6 8 6 5 4 6 1 0 8 3 5 0 0 0 1 22 0 1 1 6 0 1 1 2 9 1 4 1 13 0 4 4 0 10 2 2 2 1 4 14 1 2 0 6 3 3 1 5 2 0 1 0 0 2 1 0 2 2 1 5 0 11 12 3 2 4 13 1 0 1 1 2 2 5 3 5 10 0 5 0 1 0 7 2 0 2 0 0 6 6 2 3 0 12 0 1 10 1 0
0 1 1 0 1 0 0 0 0 2 0 2 0 0 0 0 0 0 0 0 0 0 3 2 0 7 0 0 1 0 1 2 2 0 0 0 2 0 0 0 1 2 0 0 0 0 1 0 0 1 0 0 0 1 1 0 1 1 1 0 0 0 1 0 0 0 0 1 1 0 0 0 1 0 1 0 0 0 0 0 0 1 1 0 0 0 0 1 0 0 0 0 0 0 1 6 0 0 0 0
1 13 8 9 5 4 9 2 25 2 2 5 21 10 5 5 16 21 2 30 15 2 6 7 2 18 0 4 5 3 6 6 1 0 4 11 2 6 16 10 0 0 7 16 2 0 20 6 11 5 15 5 2 26 7 25 7 5 0 5 3 26 5 5 14 2 5 4 7 15 0 1 13 25 13 14 10 2 24 6 4 6 8 0 8 8 13 2 4 16 0 1 0 4 1 3 9 1 7 4
0 1 6 7 8 5 1 0 1 2 6 8 2 0 1 2 1 9 4 0 14 2 10 10 1 7 0 3 1 10 3 7 4 1 2 3 0 0 2 5 0 5 1 4 2 2 12 9 2 1 2 1 2 15 0 0 0 7 2 0 3 5 1 11 1 0 3 6 3 1 0 0 2 3 1 1 1 2 2 4 0 1 3 1 9 3 9 2 0 7 2 8 1 5 4 1 1 0 1 3
3 1 5 16 1 1 5 7 15 5 8 1 2 24 2 3 2 3 12 9 24 1 1 48 1 0 1 6 8 0 11 16 11 2 16 4 5 9 9 1 2 25 3 1 4 24 10 4 0 6 10 1 3 0 24 4 3 1 1 1 4 0 1 1 6 2 1 6 3 1 11 3 20 4 4 0 3 12 20 18 2 11 1 5 16 0 9 15 14 5 0 6 2 19 2 1 25 13 3 6
2 0 0 1 2 0 0 0 1 0 1 0 0 0 0 1 0 0 1 0 6 0 1 0 0 0 1 0 0 0 0 0 0 0 0 0 0 0 0 2 0 1 0 0 1 0 0 0 0 0 1 0 5 4 1 1 0 0 0 0 0 0 0 1 0 0 0 0 0 1 0 1 0 0 0 0 0 0 0 0 1 0 0 0 0 0 0 0 5 2 0 0 0 0 0 1 0 0 2 1
0 1 0 10 9 1 5 17 4 0 1 1 7 0 10 6 2 13 17 11 7 2 3 18 7 2 1 6 8 6 4 7 6 6 4 0 6 5 19 3 1 24 0 6 1 31 8 2 9 4 1 0 3 18 2 19 26 0 8 5 0 13 2 0 3 3 16 2 3 0 3 2 25 13 6 14 4 3 19 0 0 0 19 12 4 7 0 8 3 8 10 31 7 35 8 5 2 9 0 1
3 0 1 7 5 0 1 7 9 12 14 6 4 0 0 3 2 1 1 17 4 3 8 18 0 0 2 1 1 9 4 2 0 6 3 2 2 11 3 16 1 6 0 10 11 4 3 0 5 2 9 0 14 0 1 1 0 6 4 1 1 3 4 1 3 8 5 3 1 1 0 1 0 0 0 1 2 1 10 2 1 13 1 8 0 5 2 3 7 6 0 8 5 1 5 13 9 0 7 4
1 6 4 7 3 12 5 10 9 4 13 21 30 5 9 18 22 9 8 11 0 13 8 6 6 5 7 5 0 5 4 6 4 11 5 8 6 3 6 9 16 3 5 6 7 1 15 8 9 11 16 7 2 2 21 8 8 2 19 4 10 5 1 12 1 0 2 2 7 7 2 8 0 4 6 7 5 15 2 5 7 17 9 11 5 17 8 0 16 15 11 39 0 10 4 1 7 5 4 1
5 10 0 12 2 0 1 3 0 5 2 3 3 4 0 6 2 1 2 1 6 0 1 4 0 0 0 4 16 3 0 3 2 2 2 0 11 1 2 2 7 1 0 1 2 8 12 6 0 6 1 0 1 5 1 5 10 1 9 0 0 6 11 0 21 1 3 2 5 8 0 2 3 15 6 0 1 0 12 7 1 3 1 0 0 4 4 3 0 9 0 0 0 10 2 0 0 0 1 4
0 1 0 1 0 0 3 0 0 0 0 0 3 0 1 3 0 4 0 1 0 0 1 1 0 0 0 0 1 0 3 0 0 0 0 1 0 0 0 1 0 11 0 0 0 0 0 0 0 0 1 0 0 0 0 2 0 0 0 1 0 0 0 2 0 0 0 0 1 0 0 0 0 0 0 0 2 0 3 1 0 0 2 1 2 0 0 0 0 0 0 0 0 0 0 0 0 0 0 0
0 0 0 0 0 1 1 0 0 2 0 1 0 0 0 0 0 0 1 4 0 1 0 2 0 0 0 0 0 0 0 0 0 6 0 0 1 0 1 1 4 0 0 1 1 0 0 0 0 0 0 1 0 1 1 1 2 0 0 0 2 0 0 0 1 3 0 1 0 0 0 1 0 0 0 0 0 0 0 0 0 4 0 0 0 1 0 0 0 0 0 0 1 2 1 0 1 2 0 0
0 0 0 0 2 0 0 0 0 0 0 2 0 1 0 2 2 2 0 0 0 3 0 0 0 0 1 1 0 0 1 0 0 0 0 0 1 0 0 0 2 1 0 0 0 0 0 2 1 0 2 0 2 0 1 0 0 0 1 0 0 0 0 6 0 1 0 1 1 0 2 0 0 2 1 0 0 1 1 0 1 0 0 0 1 0 0 0 1 0 0 1 3 0 1 0 0 0 0 0
0 0 6 0 1 0 0 1 13 1 0 0 0 0 0 0 0 0 0 0 0 0 0 0 8 1 0 0 0 1 0 0 0 1 1 1 0 1 0 0 2 1 1 0 4 0 0 1 0 1 0 0 0 0 0 0 0 3 0 1 1 0 0 0 0 0 1 1 0 2 1 0 0 3 0 1 2 0 0 1 0 2 0 1 1 0 0 0 0 0 1 1 0 1 1 0 0 1 1 1
0 1 0 0 3 0 1 0 0 2 3 0 0 0 0 3 0 0 0 2 0 0 0 0 0 1 0 0 0 1 2 1 1 1 0 0 2 0 0 0 2 15 1 1 0 2 0 0 1 2 0 0 0 0 0 1 0 0 0 0 0 2 0 11 0 1 2 0 1 0 0 0 0 0 0 0 0 0 0 0 0 0 0 3 1 0 0 0 1 2 1 0 2 0 1 1 0 0 0 1
6 3 0 17 5 2 3 11 1 9 0 0 5 1 15 0 6 6 2 9 10 3 0 15 9 3 0 0 0 0 1 6 2 1 8 4 4 9 4 9 8 0 18 0 4 2 3 5 2 2 2 1 1 5 0 9 12 0 10 4 35 2 4 2 0 0 17 4 1 0 0 11 0 2 6 1 1 11 10 4 5 0 3 3 8 12 16 2 6 0 10 6 0 6 7 0 5 2 1 1
3 9 1 7 7 14 22 6 22 4 0 14 0 0 5 6 1 29 2 7 6 2 8 9 10 22 2 4 4 27 2 0 2 2 5 11 6 2 11 3 11 5 3 3 22 1 4 14 4 0 4 9 11 6 4 6 3 31 14 6 4 13 12 9 0 6 15 0 1 8 2 0 3 0 2 12 22 4 7 4 0 21 15 4 3 1 4 18 16 5 2 25 10 16 0 1 5 8 3 1
5 0 0 1 0 0 0 0 0 0 0 0 0 0 2 0 0 0 1 0 0 0 10 4 0 1 0 0 0 0 0 2 0 0 0 0 0 0 0 0 0 0 2 0 0 0 4 0 0 0 1 0 0 0 0 0 0 0 0 0 0 0 0 0 0 1 0 0 0 0 1 0 0 0 0 0 0 0 0 0 0 1 0 0 0 1 2 0 0 0 0 0 0 1 0 1 0 0 1 0
14 6 0 13 10 1 2 5 1 7 0 6 6 31 16 8 9 2 2 1 4 3 3 13 2 8 1 16 9 2 11 24 25 1 2 1 1 17 6 0 2 15 7 3 11 7 24 8 1 11 10 6 13 4 3 10 9 0 19 11 3 1 18 9 4 3 13 2 1 6 7 42 22 0 6 6 1 8 0 12 7 3 0 2 3 5 29 9 13 7 1 4 5 4 3 2 3 3 6 7
1 0 15 3 9 0 2 0 3 4 2 2 2 3 4 0 5 0 2 0 7 2 0 1 8 9 1 5 7 2 9 1 2 0 3 1 2 8 4 2 1 0 6 5 15 5 8 1 2 5 5 3 0 7 5 1 1 0 0 1 4 2 4 3 1 3 0 3 5 0 0 4 4 0 4 0 20 1 19 0 4 4 6 4 5 0 2 1 4 6 3 2 5 0 5 16 5 4 1 2
0 8 1 10 2 2 2 4 3 1 10 0 5 2 6 2 1 4 4 0 6 2 1 2 1 4 3 1 0 6 3 1 3 0 0 2 0 5 4 9 0 3 1 1 5 3 19 6 0 1 5 0 1 6 1 2 8 1 10 8 0 2 0 7 1 2 0 2 6 2 2 1 0 0 19 16 8 4 7 14 26 1 0 2 0 1 4 6 8 0 0 1 0 1 0 17 0 3 2 10
6 6 42 6 3 3 8 11 11 4 19 4 7 14 16 6 13 27 4 8 2 9 7 0 11 6 10 7 2 7 7 10 23 0 16 6 3 5 8 2 7 21 2 6 0 14 0 1 8 1 6 1 9 23 2 4 0 13 10 3 3 0 3 2 14 1 1 10 14 2 10 0 5 4 5 0 3 5 4 11 2 0 8 14 1 0 3 11 2 9 19 8 2 10 14 15 31 5 1 16
17 19 0 2 5 2 8 1 5 4 3 2 0 9 0 3 0 16 0 11 2 4 8 2 0 36 2 9 10 5 12 12 7 7 8 3 13 2 29 1 6 0 7 10 0 18 12 2 5 1 2 10 1 0 13 4 0 12 3 0 16 0 14 1 0 8 9 1 9 0 4 0 4 22 18 2 24 5 8 1 8 1 8 3 7 6 7 7 17 17 27 4 0 17 3 7 1 1 16 10
5 1 0 3 2 11 4 5 2 0 1 6 5 4 0 3 2 14 12 0 4 11 4 26 19 0 1 10 7 14 2 4 0 2 2 15 13 8 17 4 5 1 3 2 35 22 5 1 9 3 6 0 5 21 4 10 22 5 12 33 4 6 2 8 7 1 0 3 20 7 2 2 15 4 2 3 12 2 12 3 2 10 10 2 2 18 0 8 12 6 2 0 1 1 5 2 14 5 11 19
0 0 0 0 0 0 0 0 1 1 0 0 0 0 1 3 0 0 0 0 11 0 0 0 0 0 0 0 1 1 0 0 0 2 0 0 0 0 1 0 0 3 0 0 0 0 0 0 0 1 0 0 1 0 0 1 1 0 1 0 0 0 1 0 1 0 0 0 0 0 0 3 0 1 0 1 0 1 0 0 0 0 1 0 0 1 0 0 0 0 0 2 12 0 0 0 0 0 1 1
7 0 0 5 1 6 2 0 0 4 0 2 2 2 6 0 9 0 7 3 2 9 3 0 5 3 10 17 3 3 7 6 0 8 3 11 3 5 0 0 2 0 2 0 3 5 1 4 2 4 10 7 3 8 0 10 2 0 3 6 10 0 2 1 6 7 7 4 3 9 3 6 0 4 0 2 3 1 8 0 22 2 0 2 5 1 4 0 3 7 6 0 0 11 2 0 1 0 9 5
2 0 4 6 7 7 6 6 1 6 2 13 0 1 0 41 9 1 8 6 5 1 2 2 4 5 0 0 19 3 4 1 12 3 5 6 8 2 3 4 6 2 2 0 0 0 10 1 4 0 3 2 15 0 3 7 7 2 2 6 4 3 9 13 1 2 0 4 16 1 1 0 0 0 11 4 0 17 1 0 0 6 1 17 6 0 7 0 0 2 10 7 0 0 0 0 19 3 9 0
3 5 3 4 0 6 4 10 23 10 4 17 4 1 9 3 7 18 1 8 2 4 1 16 2 6 9 5 2 13 3 1 6 5 0 1 2 14 7 15 8 9 25 7 2 9 13 24 4 0 7 8 1 12 0 36 11 1 5 7 0 0 6 1 17 0 10 9 2 5 5 0 6 4 2 18 3 2 3 0 6 0 1 5 1 5 28 4 27 4 11 10 0 7 2 0 2 0 3 2
1 0 0 2 0 0 0 1 0 0 0 0 0 0 0 5 0 0 1 2 0 0 1 1 0 1 0 0 0 0 2 0 1 7 0 1 0 0 0 1 1 2 0 0 0 0 1 1 0 0 0 0 0 0 0 0 1 0 0 0 1 0 2 0 1 0 0 0 0 2 0 1 0 0 0 0 1 0 0 0 0 0 0 3 0 2 1 1 1 0 3 0 1 0 0 0 0 0 1 0
0 0 1 0 4 0 0 0 0 0 0 0 0 0 1 6 0 0 0 0 4 0 1 2 0 0 0 4 2 1 1 0 0 1 0 1 0 0 0 1 1 0 0 0 0 0 0 0 0 0 0 0 3 0 0 0 1 0 0 0 1 0 0 4 0 1 0 0 0 1 0 2 0 0 0 0 0 0 0 0 0 0 0 2 1 0 0 0 1 0 0 0 0 0 1 0 0 0 1 1
6 0 3 5 14 1 0 1 7 3 24 4 1 4 6 0 13 19 2 1 4 1 2 0 1 3 14 0 7 2 4 5 1 21 0 3 1 2 0 3 3 1 13 0 5 17 1 2 6 14 11 30 49 9 20 2 3 14 2 2 10 0 4 2 1 11 0 8 0 5 1 5 3 9 4 1 0 26 15 4 5 7 0 28 11 11 11 15 0 1 10 3 1 8 5 3 3 3 15 4
0 0 0 1 0 0 0 0 0 0 0 0 1 1 0 0 2 1 0 0 0 0 0 0 0 0 0 0 0 0 0 0 0 0 0 0 0 1 0 0 0 0 0 2 0 0 0 4 0 0 3 1 0 0 1 0 0 0 0 0 1 0 0 0 1 2 2 0 1 0 0 2 0 0 0 1 0 0 0 0 0 0 0 1 0 0 0 1 0 0 0 0 0 0 0 4 0 1 0 0
0 0 0 0 1 4 9 0 0 1 0 0 3 0 0 0 0 0 0 0 0 1 0 1 8 0 1 0 0 0 0 0 0 2 0 0 0 0 0 5 3 2 2 0 1 0 0 0 4 0 0 0 0 1 0 0 0 1 1 7 6 0 1 0 0 0 0 0 0 0 0 0 0 2 0 10 0 0 1 0 0 0 1 2 1 0 2 1 7 1 0 0 0 1 1 0 0 8 1 1
16 6 5 2 15 0 0 10 0 1 3 19 3 33 1 2 4 11 5 2 9 4 8 6 10 12 14 17 5 0 4 12 2 0 10 6 1 5 16 0 2 0 14 5 13 8 0 8 2 0 9 1 5 13 0 8 1 14 16 7 1 2 0 21 0 13 2 0 2 6 0 10 24 3 2 7 1 9 6 8 15 11 7 0 9 10 5 10 2 5 0 0 26 5 11 37 0 2 0 7
1 6 16 1 3 7 4 6 1 8 5 11 7 48 16 10 3 1 9 4 5 5 9 0 24 0 28 1 6 12 8 20 2 6 6 12 9 6 20 5 8 17 2 0 2 4 3 3 1 16 1 0 25 5 4 19 17 1 26 13 0 2 23 10 24 8 10 3 15 1 15 21 1 0 9 18 0 1 1 17 0 8 2 3 3 14 12 8 15 3 6 2 19 8 10 0 27 4 24 1
0 0 1 0 0 7 2 0 3 0 0 0 0 2 1 0 1 1 0 0 0 0 0 0 2 0 0 0 1 0 0 0 0 0 0 0 0 0 0 2 0 0 0 0 0 0 0 0 3 2 0 0 0 0 0 0 0 7 0 7 1 2 1 0 0 0 0 0 0 0 0 0 1 0 0 4 1 0 0 0 0 0 0 0 1 0 0 0 1 0 7 2 3 0 1 1 1 0 1 1
2 0 1 13 5 0 32 1 0 10 1 0 0 1 0 0 0 5 5 0 2 1 1 2 3 1 7 0 2 8 0 1 15 1 4 2 0 1 0 3 0 7 4 2 2 11 4 5 7 4 1 3 4 2 0 1 3 13 17 9 3 1 3 15 6 2 0 1 2 1 6 1 1 0 1 18 3 3 11 7 2 8 0 0 4 0 3 2 5 3 10 1 7 4 0 4 1 1 4 5
0 9 0 4 6 0 0 0 0 1 3 0 3 4 3 8 1 0 13 0 1 1 2 1 1 6 0 5 2 5 8 7 3 0 0 2 0 14 4 1 6 0 0 1 0 10 3 2 0 27 3 2 2 7 4 1 1 0 4 0 2 4 0 1 3 3 0 0 8 4 11 10 2 2 13 1 8 5 0 5 0 0 1 1 8 7 3 2 1 12 0 17 3 3 6 0 1 0 0 10
0 1 0 0 0 1 3 0 0 0 0 0 0 0 0 0 1 0 0 14 0 0 0 1 0 2 1 0 3 0 0 1 0 1 0 0 0 0 1 0 0 0 0 0 1 0 0 1 1 0 0 0 0 0 2 0 0 0 0 0 0 0 0 1 0 0 1 1 1 0 0 0 1 1 0 0 0 0 0 0 0 1 0 0 0 0 0 0 0 1 0 2 0 0 0 1 0 0 0 2
12 6 2 3 1 0 1 0 1 2 0 6 0 1 2 8 2 6 9 3 12 0 0 5 2 5 3 0 9 4 0 0 9 0 3 0 1 1 1 11 4 7 6 3 3 0 1 9 10 1 1 4 6 2 0 3 3 4 1 5 10 1 0 1 0 4 0 6 7 12 6 1 0 11 6 2 3 1 0 0 7 0 1 1 1 2 1 7 0 6 8 9 3 15 0 0 15 1 2 1
1 0 9 1 0 4 2 0 1 1 0 0 4 0 0 0 0 2 0 1 5 0 0 0 1 0 0 0 0 0 0 1 1 0 0 1 0 1 0 2 0 0 0 0 0 0 0 2 7 0 0 1 1 1 0 1 0 0 0 1 1 3 5 0 0 1 0 0 0 0 0 0 0 0 3 1 0 0 0 0 0 0 0 12 0 0 1 0 0 1 1 1 1 0 1 0 1 1 0 0
0 0 0 0 0 0 0 0 0 0 0 1 1 1 0 0 0 0 1 0 2 0 1 0 0 0 1 0 1 0 0 0 0 1 0 1 0 1 1 0 0 1 0 0 0 0 3 0 0 1 0 3 1 0 1 0 0 0 0 1 2 0 0 0 1 0 1 0 0 1 2 0 1 0 0 2 0 0 0 0 0 0 0 3 1 0 0 0 0 0 1 0 1 0 0 1 0 0 0 0
2 0 0 0 5 7 2 2 2 1 0 4 8 0 3 0 3 15 4 0 1 1 0 5 3 9 0 0 1 9 4 1 14 0 3 10 0 4 4 0 9 4 0 5 1 8 2 2 5 14 2 1 0 1 4 0 16 4 0 8 18 11 15 2 7 0 3 19 4 0 0 3 4 3 2 0 11 23 0 0 1 4 4 2 0 8 6 23 1 4 6 2 7 0 3 1 2 0 0 0
20 3 1 12 0 6 1 10 3 0 3 2 1 7 7 1 0 9 0 0 29 4 3 8 3 0 7 1 0 6 2 5 8 0 9 1 7 4 11 1 1 1 1 6 9 35 1 0 1 3 5 1 0 1 2 10 7 5 2 9 6 2 2 1 5 5 6 3 2 1 13 3 6 1 2 10 10 3 1 3 1 3 2 0 4 0 3 1 7 0 3 4 9 11 1 0 0 31 7 0
4 1 16 2 0 0 2 6 1 1 6 32 3 0 0 2 3 4 9 2 2 8 15 15 2 6 4 15 5 1 1 18 0 3 2 3 22 6 57 3 3 38 2 21 18 17 1 2 5 11 0 1 16 4 0 15 5 1 6 11 2 23 4 7 2 15 5 0 1 1 1 6 5 2 0 5 10 0 1 7 28 2 2 6 4 0 1 4 14 9 5 2 11 16 13 1 10 27 3 28
0 0 12 11 0 4 5 5 5 0 0 11 1 1 1 5 5 0 7 0 12 0 3 7 7 3 7 8 3 0 4 10 10 0 1 8 18 0 0 0 1 7 0 1 9 14 3 8 1 1 0 3 2 4 5 7 2 6 11 13 2 3 5 5 0 4 6 0 1 5 4 12 1 5 1 1 1 1 0 2 0 3 5 10 0 2 2 5 6 1 4 7 69 2 1 1 3 11 22 3
0 0 0 0 0 0 0 1 0 0 1 0 0 0 1 0 1 0 1 8 0 0 2 0 0 0 0 0 0 0 0 2 0 2 1 1 1 0 0 0 0 0 1 0 0 0 0 1 0 0 0 0 0 0 0 0 0 2 0 0 0 0 2 0 0 1 1 0 0 0 0 0 1 1 0 1 0 0 3 0 0 0 0 1 0 0 1 1 1 2 0 0 0 0 0 1 1 0 2 0
0 0 8 1 0 0 0 1 9 0 0 0 0 1 0 1 0 1 0 0 0 0 0 1 4 0 0 0 0 0 2 0 0 1 0 0 0 0 1 0 1 0 0 0 1 1 0 5 8 0 1 0 0 2 0 0 0 3 0 1 2 0 0 0 0 0 1 0 0 0 0 0 2 0 2 3 2 1 1 0 2 0 0 0 0 0 0 3 8 0 2 0 0 0 0 0 0 2 0 0
0 1 3 1 0 35 3 0 0 0 0 0 0 0 1 0 0 1 0 1 0 0 0 0 0 0 0 0 0 0 0 0 0 0 0 1 1 0 0 4 0 0 6 0 3 0 0 0 1 0 0 0 0 0 0 1 0 1 0 5 0 0 0 0 0 0 0 0 0 0 0 0 2 0 3 0 0 1 2 0 1 0 0 3 0 0 0 0 11 3 13 0 1 0 0 0 0 3 0 0
0 6 3 3 4 2 2 12 2 5 4 4 4 3 1 1 1 0 1 1 2 2 1 8 3 3 0 9 0 3 0 0 2 8 2 0 2 0 1 1 2 0 4 5 13 4 0 4 3 3 3 1 14 4 0 10 4 3 0 0 16 2 2 3 4 3 0 4 0 0 3 1 3 4 4 1 2 19 0 2 7 0 3 0 1 2 0 1 0 0 6 2 3 2 2 16 0 0 0 6
