7 6 2 0 0 0 12 9 20 8 15 3 1 5 6 0 1 4 3 3 0 3 0 10 1 5 9 0 1 11 8 13 0 8 17 7 16 15 0 2 2 9 2 4 0 2 1 8 7 3 3 2 1 10 14 2 0 6 2 0 2 2 3 0 1 3 2 14 11 0 0 4 2 2 2 0 0 3 3 0 5 1 0 1 3 2 1 0 0 0 1 1 1 0 0 6 1 1 2 6
6 9 2 15 1 6 8 1 3 10 4 1 5 0 8 17 1 1 2 2 11 0 13 9 8 36 2 1 34 6 2 1 12 7 1 4 20 4 0 5 19 5 3 4 5 0 7 33 9 0 11 7 18 3 2 1 0 2 4 4 23 0 15 11 0 7 16 5 4 2 7 6 51 1 2 3 9 1 4 12 0 20 3 13 12 1 4 2 14 8 35 2 8 5 8 1 3 2 6 3
0 0 1 1 0 0 0 0 0 0 0 2 3 1 0 1 0 0 0 0 0 0 0 1 0 3 1 0 1 0 0 0 0 0 0 1 2 0 0 0 1 0 0 0 0 0 1 0 0 3 0 0 0 1 0 0 0 0 1 0 1 1 0 0 0 0 0 1 0 0 0 0 0 0 0 0 0 0 0 0 0 0 0 1 1 1 0 0 0 1 2 0 0 0 0 1 0 1 0 0
0 0 1 0 0 0 1 1 0 1 0 0 2 1 0 0 1 0 0 0 0 0 0 0 2 1 0 3 0 0 1 0 1 0 1 0 0 0 0 7 0 1 0 0 0 0 1 1 1 0 0 0 0 0 0 0 0 0 0 2 0 4 0 0 0 0 0 2 0 1 0 0 0 0 0 0 1 0 0 0 3 0 0 5 1 1 1 1 0 0 0 0 0 1 0 0 2 0 0 0
2 0 1 0 0 0 0 0 1 0 0 1 1 0 1 0 0 0 0 0 0 0 0 0 2 0 3 0 1 0 0 0 0 0 0 0 0 0 0 1 2 0 0 0 1 0 3 0 0 0 1 0 0 0 0 0 0 0 2 2 0 0 0 0 0 0 0 1 0 0 0 1 0 2 1 0 0 2 1 0 0 0 2 0 1 0 1 2 2 0 0 0 1 0 0 0 0 2 0 0
1 0 1 0 0 0 0 0 0 1 1 0 0 0 0 0 0 2 0 0 6 1 2 1 0 2 0 0 0 0 1 0 0 0 0 0 2 0 0 15 2 0 1 0 0 1 0 0 0 0 0 0 0 0 0 0 0 0 2 0 0 0 0 1 0 0 0 8 0 0 0 0 0 2 0 0 0 0 0 0 1 1 3 0 1 0 0 7 0 3 0 0 0 2 0 0 0 0 0 3
0 0 0 0 0 0 0 1 0 0 2 2 0 0 0 0 0 0 1 0 1 0 0 3 0 0 0 0 1 8 1 0 0 0 0 0 0 0 0 0 0 0 0 2 0 0 0 0 0 0 0 3 0 0 0 0 1 0 0 1 1 1 1 0 0 0 0 0 0 0 0 0 0 1 0 0 1 0 0 0 0 1 0 0 0 0 0 0 1 0 1 1 0 0 2 0 0 0 0 1
0 0 1 0 0 0 0 0 0 0 0 0 0 2 0 0 0 0 0 2 0 0 0 0 1 3 2 0 0 0 0 0 0 0 4 0 2 0 0 0 1 0 3 1 0 1 2 0 0 0 0 0 0 0 0 0 0 0 0 0 0 0 0 0 0 1 0 4 0 0 7 2 0 1 0 0 0 0 0 0 1 0 0 2 0 0 0 1 0 0 0 1 0 0 0 0 0 0 0 0
11 11 8 1 5 2 1 12 2 4 2 15 23 5 5 5 21 18 12 0 7 3 7 0 27 2 9 0 6 17 7 4 3 2 0 1 13 3 8 30 4 9 4 22 1 4 0 3 1 0 3 3 1 3 0 1 27 4 1 14 0 47 0 17 6 0 2 3 0 22 3 0 14 1 22 11 2 10 5 18 1 18 1 3 6 0 26 12 1 0 20 9 0 2 22 1 0 1 14 1
0 10 4 0 6 9 23 1 1 3 6 2 50 20 6 27 0 2 9 8 6 17 1 4 0 3 5 3 1 6 7 4 8 1 1 2 13 3 1 1 2 16 1 6 9 3 1 10 8 0 11 2 8 16 2 2 3 3 29 0 2 2 2 10 8 8 9 6 8 12 7 1 0 6 7 18 12 1 1 3 13 3 10 0 7 1 7 4 8 13 2 0 2 5 13 2 7 3 18 4
0 35 1 2 47 10 6 0 5 13 1 2 8 5 6 5 7 10 1 25 11 1 5 1 0 21 24 13 0 0 6 5 14 4 3 3 1 8 3 0 9 25 14 0 1 0 6 4 0 7 1 2 23 7 17 12 1 5 3 7 4 13 0 2 7 1 13 0 1 5 18 1 1 1 0 1 11 0 7 4 4 5 9 8 1 1 0 5 2 0 0 11 5 9 0 33 2 15 9 18
10 3 0 1 7 9 10 0 1 0 0 5 0 4 0 2 1 10 4 6 6 4 6 3 0 1 4 1 0 0 2 5 4 13 9 3 0 2 1 0 2 13 2 1 8 9 4 4 4 2 2 10 0 1 1 3 0 16 7 5 2 13 5 0 0 1 0 0 3 3 0 0 4 1 1 5 10 3 1 0 3 2 1 5 3 0 2 2 1 5 3 2 8 3 1 1 7 29 0 0
0 1 1 0 1 0 0 0 1 0 1 1 1 2 0 2 1 0 0 0 0 0 0 0 0 0 1 0 0 1 0 0 0 0 0 4 0 0 0 1 0 0 0 0 0 0 0 0 0 1 0 0 1 0 0 1 0 0 1 1 0 0 0 1 0 0 0 0 0 1 0 0 0 0 0 0 0 0 0 0 0 0 0 0 0 0 0 9 1 1 0 0 0 0 0 0 0 1 0 0
0 18 14 6 10 10 1 11 0 9 31 1 3 1 11 9 0 9 1 9 25 2 10 2 6 7 13 11 4 4 1 11 2 1 3 23 34 14 6 9 13 2 2 4 1 5 10 0 0 1 1 1 26 1 13 11 1 15 5 9 25 16 9 13 9 2 0 12 6 34 1 0 5 16 4 5 2 11 8 9 3 0 0 3 13 0 3 8 4 8 4 20 0 14 14 19 4 2 21 1
8 5 18 3 4 0 3 0 5 0 8 5 5 3 4 1 9 7 5 1 21 12 4 4 3 7 0 15 1 4 15 12 4 2 20 12 0 15 3 3 3 0 6 0 2 2 4 7 8 2 0 9 1 3 12 6 2 29 1 1 0 23 0 7 3 18 14 0 25 4 8 11 7 1 17 0 15 12 4 2 2 10 5 11 6 8 11 8 2 23 21 7 24 22 14 1 1 6 2 10
8 0 19 0 2 2 20 0 7 18 4 2 2 0 0 15 2 21 1 8 5 6 6 2 15 0 10 1 6 6 13 14 4 2 0 1 4 3 1 21 4 8 3 12 12 2 14 1 6 6 1 2 4 0 7 23 8 0 1 0 6 4 3 6 7 15 62 10 8 13 22 12 4 2 6 3 15 11 16 0 1 3 3 11 3 39 1 7 6 3 0 17 0 3 0 4 8 2 19 11
14 6 1 3 0 9 0 11 3 6 3 1 2 10 9 6 6 3 0 3 0 2 6 3 7 4 1 29 3 6 16 19 1 0 4 19 11 10 0 0 16 0 32 10 1 13 6 0 1 7 4 8 0 9 8 8 6 35 4 5 1 12 1 1 5 17 2 0 30 6 1 14 12 3 15 13 28 0 6 6 4 0 3 0 2 3 2 8 10 9 3 2 5 6 8 5 6 6 15 0
1 3 5 15 34 0 6 1 0 13 7 0 31 0 7 21 20 0 12 13 2 7 5 11 1 5 12 15 20 23 17 9 17 13 1 0 0 1 6 13 8 0 2 19 0 17 7 2 9 1 2 22 3 0 1 16 13 11 10 4 2 3 15 16 37 2 2 1 4 3 2 2 1 3 2 5 33 4 11 16 9 25 17 0 23 3 19 23 0 13 22 1 10 2 0 13 2 6 26 14
7 9 2 3 7 1 3 12 3 26 14 1 13 9 18 7 7 2 0 5 5 0 4 5 2 3 8 2 4 7 4 9 0 9 9 7 9 2 13 2 5 13 0 5 1 2 2 9 7 4 10 1 0 1 4 0 4 12 0 3 3 11 7 3 1 0 37 5 1 3 2 1 5 7 3 13 10 3 0 0 5 8 11 17 11 5 13 8 22 8 6 12 8 7 6 1 18 1 23 9
13 12 4 34 11 4 1 4 1 11 23 3 1 1 13 1 3 3 4 11 10 3 0 17 1 12 3 19 0 4 0 2 0 8 1 8 3 15 0 4 19 13 1 21 7 5 16 11 3 29 2 5 7 2 6 13 1 14 4 10 1 1 1 3 18 3 4 0 7 4 15 5 8 5 9 12 6 1 7 19 1 3 0 0 1 7 0 5 8 16 0 8 0 18 3 0 30 25 16 5
2 0 1 7 4 6 1 4 0 0 1 0 3 6 3 1 1 0 0 1 5 3 0 13 2 0 1 2 0 0 13 1 3 6 6 4 6 3 1 2 3 1 1 0 9 9 0 0 2 1 0 2 17 3 5 0 7 2 26 10 0 4 6 0 0 4 4 0 1 1 2 11 0 21 3 10 2 0 2 0 0 3 10 11 3 4 10 7 6 21 7 2 1 0 2 3 2 0 8 11
0 0 2 1 2 1 1 0 2 0 0 1 1 1 3 0 0 0 0 2 0 0 0 0 0 2 0 0 0 2 0 1 1 0 1 0 0 0 0 0 1 0 1 1 1 0 0 1 1 0 0 0 2 0 0 1 0 0 0 3 1 1 0 1 1 0 0 0 1 0 13 0 0 0 0 0 1 1 0 0 0 0 0 0 1 0 1 0 1 0 0 0 0 0 0 0 0 1 0 0
0 1 0 1 1 0 0 1 8 0 2 1 0 0 0 0 0 1 0 1 0 0 0 1 0 1 0 0 0 0 0 0 0 0 9 0 1 0 0 0 1 6 0 1 0 0 1 0 0 0 0 0 0 0 0 0 2 0 1 3 0 1 0 0 0 2 2 0 0 0 6 0 0 0 2 0 0 1 0 0 0 1 0 0 0 0 0 0 0 0 0 0 0 0 0 0 0 1 0 1
2 0 2 1 0 2 0 0 2 0 1 0 0 0 0 2 0 2 0 1 2 0 0 5 0 0 1 0 0 0 1 0 1 0 0 0 1 0 0 0 0 1 0 1 0 1 0 1 0 0 0 0 0 0 0 0 1 3 0 0 1 0 0 2 1 0 0 0 0 0 0 0 2 0 0 0 0 0 1 2 0 0 1 3 3 0 0 0 0 0 1 0 2 0 0 0 2 0 0 0
1 1 2 6 4 0 17 0 1 2 8 11 8 6 1 5 6 0 2 9 11 1 13 2 2 0 9 3 7 0 4 0 2 4 6 1 10 1 9 3 2 6 2 4 6 2 4 5 1 1 0 8 5 9 0 2 7 6 7 4 1 2 7 3 1 0 5 2 8 7 3 9 3 10 1 5 0 3 0 17 12 7 2 2 14 2 10 5 2 7 1 9 0 7 11 1 10 5 3 0
0 0 0 3 0 0 0 0 0 2 1 0 0 0 0 1 0 3 1 0 0 0 1 2 1 0 0 2 4 6 1 2 0 0 0 0 0 0 0 0 0 3 0 0 0 1 0 1 0 4 0 0 3 0 0 0 0 1 0 0 0 1 0 2 0 0 0 0 0 0 0 0 0 0 0 0 0 1 0 3 0 0 2 0 0 0 0 0 1 0 1 0 1 0 0 0 0 0 0 2
5 4 1 2 6 1 0 11 8 4 10 1 0 4 5 13 2 1 0 11 0 6 2 0 17 2 2 1 0 5 5 9 8 1 2 0 1 2 2 13 2 2 0 1 2 1 0 1 3 0 1 0 1 0 1 5 18 18 2 4 19 0 9 5 8 2 9 24 17 5 5 2 8 6 0 6 2 2 6 6 8 2 8 1 0 0 5 0 1 2 8 2 5 1 2 9 1 1 3 5
1 0 3 0 0 1 0 0 0 0 0 1 1 1 0 0 0 0 0 0 0 4 1 1 0 0 1 0 0 0 1 3 0 0 0 2 0 0 0 0 0 0 0 0 1 0 0 0 0 0 2 0 1 1 1 2 0 0 0 0 0 0 0 0 0 0 0 1 0 0 0 0 1 0 0 0 0 0 0 1 1 0 1 1 0 1 0 0 0 1 2 0 0 0 2 1 0 0 0 0
4 5 12 0 2 6 3 18 1 23 0 3 5 5 0 5 5 5 1 3 0 0 0 4 26 2 1 1 0 7 0 2 1 7 1 2 0 1 0 5 5 1 2 1 1 0 0 3 0 0 1 6 2 2 3 7 0 2 2 5 1 5 0 3 3 0 3 1 0 21 0 5 9 1 0 2 1 0 13 10 1 1 3 0 3 0 7 0 3 0 8 1 3 7 8 0 7 6 1 8
9 7 4 10 13 2 9 8 0 6 2 1 9 20 9 8 2 2 2 5 3 7 11 24 5 9 11 1 13 6 14 0 0 5 6 0 17 20 28 10 4 20 2 0 8 6 10 1 10 12 11 0 2 6 0 2 0 2 2 3 6 2 0 22 6 10 2 3 8 4 7 3 23 6 5 15 14 10 4 2 7 0 1 8 2 1 24 2 2 14 0 16 3 3 5 11 11 7 1 3
1 0 1 1 1 0 0 0 0 0 1 0 0 0 0 0 0 0 0 0 0 1 0 6 0 0 0 1 0 0 0 0 1 0 0 0 0 1 0 0 1 0 0 0 0 0 0 2 0 1 0 0 0 0 0 1 0 0 2 0 0 0 0 3 0 4 0 1 0 1 0 0 0 0 0 1 0 0 0 2 0 2 0 0 1 0 0 0 0 1 6 0 0 0 0 0 0 0 1 0
11 0 1 21 12 10 2 5 7 12 1 12 3 18 3 30 10 13 12 0 2 4 0 16 14 3 0 9 6 0 2 14 2 13 7 3 1 17 15 12 8 10 6 35 7 8 1 4 18 8 2 6 6 0 14 7 4 2 0 1 0 5 3 13 0 13 6 1 5 1 9 1 2 13 13 9 12 8 2 4 7 1 2 12 7 1 9 28 3 0 2 2 19 4 11 22 2 32 25 15
4 4 15 2 0 4 1 4 2 1 2 4 0 0 12 7 4 0 9 2 4 7 0 2 3 8 15 3 0 0 5 7 1 5 3 14 3 3 2 0 14 12 0 5 0 8 5 1 0 5 0 7 4 6 1 1 0 9 3 1 1 0 2 3 5 1 9 0 5 3 10 4 3 1 6 6 1 2 0 0 0 9 3 1 1 2 5 0 3 0 12 3 12 1 4 0 3 3 3 9
0 5 9 2 0 2 0 1 10 3 0 10 6 1 7 6 12 1 1 2 0 9 2 0 19 3 7 5 0 23 2 3 2 4 6 0 8 5 0 1 2 4 0 0 0 0 1 3 1 15 0 3 3 1 7 1 2 2 1 3 6 5 6 0 1 7 2 1 14 4 5 0 3 0 6 14 0 4 21 0 20 2 0 1 4 2 3 1 5 10 0 9 26 0 4 2 1 1 7 5
5 0 0 0 0 0 1 0 5 0 0 0 0 0 0 1 0 0 0 0 0 0 0 0 1 0 0 0 0 0 0 1 0 0 1 0 0 2 0 0 0 1 1 0 0 0 0 0 0 0 0 0 0 1 0 0 0 0 1 1 1 0 0 0 0 0 0 0 1 0 3 1 0 0 0 0 1 0 0 1 0 0 0 1 0 1 0 0 2 0 0 0 1 1 1 0 1 0 0 0
16 10 7 1 1 9 1 12 3 1 11 0 0 0 2 4 0 2 0 11 3 16 1 9 1 2 2 1 8 0 0 6 0 0 0 0 4 1 2 0 1 1 6 2 0 3 2 4 2 4 3 0 2 5 7 3 9 0 2 13 11 2 1 0 0 0 6 0 9 1 2 4 0 2 3 1 2 3 8 0 5 13 4 0 1 11 5 0 4 10 2 1 1 1 2 13 0 2 0 2
0 1 0 0 0 0 1 0 1 0 0 0 0 0 0 2 0 0 0 0 0 0 2 0 1 0 0 1 0 0 0 1 1 0 4 0 0 1 0 0 0 1 0 0 0 0 0 1 1 0 0 0 1 0 0 1 1 0 0 0 0 0 0 0 0 0 0 2 0 1 0 1 0 0 0 1 1 0 1 0 0 2 0 0 0 0 0 0 1 1 0 2 1 1 0 0 1 0 1 1
0 3 1 7 5 12 2 7 10 30 3 15 10 2 4 1 10 0 3 0 3 3 35 1 18 8 3 6 4 3 1 12 8 4 8 4 3 3 14 2 25 2 6 23 3 3 6 22 0 7 6 0 3 43 4 2 21 7 5 4 0 0 1 5 6 3 8 3 10 12 6 7 6 22 2 34 3 0 1 2 9 12 4 5 14 5 36 1 7 2 5 10 15 4 8 5 0 3 2 1
1 0 0 0 0 0 0 0 1 0 0 0 0 0 0 0 0 0 0 0 0 1 0 0 3 1 0 0 0 0 1 2 0 0 2 0 2 0 0 0 1 0 1 0 0 0 1 0 1 0 0 0 0 1 0 0 0 0 1 0 0 0 0 0 0 0 0 0 0 0 0 1 0 0 1 0 1 0 1 0 0 0 1 0 0 2 0 0 0 0 0 0 0 0 1 1 0 0 0 0
0 0 0 1 0 0 0 1 0 0 0 2 0 0 0 0 1 0 0 0 0 0 0 5 0 0 1 0 0 1 0 0 0 0 0 1 0 0 1 1 0 0 0 0 1 1 0 0 0 1 0 0 1 0 0 0 0 0 0 0 0 0 0 1 0 0 0 0 0 1 0 0 1 1 0 0 0 0 1 0 2 0 0 0 0 0 0 0 1 1 6 1 0 1 1 0 2 0 0 1
1 1 1 1 5 2 7 18 0 0 2 6 3 5 4 9 4 0 1 2 1 0 2 5 7 5 0 18 1 1 0 2 1 4 8 6 0 20 8 3 8 1 1 6 1 11 3 2 1 3 0 10 2 1 0 20 1 7 4 0 2 0 1 3 0 19 0 2 3 9 4 2 2 1 4 4 1 2 2 3 14 3 3 1 4 2 1 1 0 0 9 3 6 1 11 3 21 9 1 5
8 6 13 1 0 11 1 5 8 15 2 2 22 2 22 13 11 3 0 10 16 12 4 3 1 1 11 1 8 0 1 6 22 7 16 21 0 3 10 7 1 5 5 0 0 5 6 0 2 5 9 15 0 0 1 2 12 10 17 5 1 8 4 6 4 5 6 9 13 6 2 0 0 1 2 17 0 7 2 5 3 4 23 22 15 5 2 15 5 3 4 6 1 12 2 32 6 0 9 4
0 2 0 0 1 0 0 0 9 0 0 0 0 0 0 1 1 0 0 1 2 0 0 0 0 0 1 1 0 0 0 4 2 1 1 0 0 0 0 1 0 0 0 1 0 0 0 0 1 0 1 0 0 1 0 0 0 1 0 0 0 0 0 0 0 0 0 0 0 2 16 2 0 0 0 1 1 1 1 0 0 0 1 0 0 0 0 0 0 0 0 0 0 0 2 0 0 0 3 1
1 6 29 3 1 25 9 4 0 0 3 9 7 16 14 9 9 4 4 0 3 34 1 8 7 1 7 6 1 20 7 16 3 9 0 1 29 1 0 11 10 5 3 6 1 1 0 1 6 6 2 3 4 2 3 4 12 4 3 1 8 16 1 2 0 3 7 4 15 8 29 10 5 17 10 0 21 9 3 0 24 8 1 3 1 0 4 7 2 4 21 0 1 12 5 7 7 0 0 15
1 0 1 0 0 0 0 0 0 0 6 0 2 0 0 0 0 0 1 0 1 0 0 0 0 1 0 0 1 1 0 0 0 0 0 2 0 0 0 1 0 0 0 0 0 0 2 3 0 0 0 0 0 0 0 0 0 0 0 0 0 0 0 1 0 0 0 0 0 0 0 3 1 0 1 0 0 0 0 3 0 0 1 0 0 0 0 0 0 0 1 0 0 1 0 0 0 0 0 1
17 16 1 0 2 2 11 18 2 4 1 0 3 14 2 8 1 0 3 2 3 0 1 0 6 4 3 6 10 0 8 11 11 2 0 3 1 14 10 0 10 2 0 0 1 2 0 11 2 1 14 1 2 2 7 3 0 4 5 2 3 0 19 3 0 2 2 0 1 6 3 0 2 0 3 5 0 5 1 2 2 0 13 1 20 12 4 0 14 4 7 3 1 4 1 6 1 1 0 4
1 2 6 0 8 21 1 2 0 0 0 1 0 1 6 4 3 1 1 0 1 2 1 1 3 0 0 0 5 1 5 5 9 3 1 11 0 1 1 3 3 20 0 6 0 5 20 4 5 0 0 0 5 4 1 0 0 2 3 3 1 0 2 5 4 4 3 1 4 5 5 0 3 4 3 2 2 16 0 5 1 3 1 12 1 12 4 0 8 11 0 4 5 0 2 10 3 15 3 3
0 0 0 2 0 0 5 0 0 0 1 0 1 0 2 0 0 0 0 0 1 0 0 0 0 0 3 0 2 0 1 0 0 0 0 2 1 0 0 2 0 0 4 1 1 1 1 0 0 1 0 0 2 1 0 0 2 0 0 0 0 3 1 1 0 0 1 6 1 0 0 0 1 0 0 1 1 0 0 0 0 0 0 1 0 0 0 2 0 0 1 0 0 0 0 0 0 0 0 0
5 15 19 1 1 12 20 27 3 2 8 4 15 5 2 10 1 8 8 28 4 2 4 8 5 8 5 1 4 3 7 8 11 1 13 16 11 6 17 15 11 10 3 6 0 0 5 5 0 8 16 3 8 2 1 0 0 3 9 15 20 48 9 5 1 6 1 1 0 1 7 1 20 16 16 2 5 7 4 2 4 0 9 2 2 2 8 0 1 8 1 5 2 25 26 21 15 2 15 6
0 0 0 0 1 0 2 0 3 2 0 1 0 0 0 1 1 0 0 0 0 0 1 0 1 0 0 0 0 1 1 0 0 3 2 1 0 0 0 1 0 0 0 0 2 0 0 1 0 0 0 0 0 0 0 0 0 0 0 7 0 1 0 0 1 1 2 0 0 1 4 0 0 0 0 0 0 2 0 1 0 0 2 0 0 2 0 0 1 0 1 0 1 0 1 2 1 0 0 0
