0 0 1 1 0 0 1 0 0 0 0 0 2 0 0 0 0 0 0 0 0 0 0 0 0 0 0 3 0 0 2 0 0 0 12 0 0 0 0 1 0 0 0 0 0 0 0 0 0 0 2 0 0 0 0 0 1 0 1 0 0 0 0 0 0 0 1 0 1 0 0 3 0 0 1 0 0 0 0 1 3 0 1 0 1 0 0 0 0 0 0 0 0 0 0 0 0 1 1 6
0 0 0 1 3 1 6 4 1 0 1 0 2 0 0 1 1 3 0 1 0 0 0 0 0 0 0 0 0 0 0 0 0 1 0 0 1 0 0 0 3 0 0 3 0 0 6 0 0 1 0 1 0 0 2 2 0 0 0 0 0 0 0 0 0 0 0 0 0 0 0 0 0 0 0 2 0 0 1 0 1 0 0 2 1 0 8 2 2 2 0 0 1 0 1 1 1 0 0 0
0 1 0 0 0 0 10 4 1 0 0 0 0 2 0 0 1 1 0 2 1 1 0 0 2 0 0 0 0 1 0 6 1 0 0 0 0 0 1 0 4 0 0 0 1 8 1 0 0 2 0 19 0 0 0 0 0 1 0 0 0 1 0 0 0 2 0 0 2 0 0 0 0 0 0 1 2 1 1 2 0 0 1 0 0 1 6 0 3 0 1 0 0 0 0 2 0 0 0 0
0 20 0 4 3 5 0 15 3 0 1 2 0 0 3 0 4 1 2 2 13 1 10 2 1 14 1 2 2 5 3 1 0 3 4 26 0 5 1 1 4 6 2 2 0 9 0 1 1 3 1 1 2 1 0 2 0 4 0 2 2 2 0 6 9 1 0 2 12 10 7 5 0 3 1 0 10 5 6 0 1 5 0 1 11 1 13 1 2 3 3 0 1 1 17 2 4 1 3 2
0 1 0 2 0 0 0 1 0 0 0 0 0 0 0 3 0 0 1 4 0 1 0 0 0 0 0 0 0 0 1 6 0 0 0 0 0 1 0 3 0 0 0 0 0 7 5 5 0 0 0 1 0 0 0 0 0 0 0 0 1 0 0 0 0 1 0 0 0 1 0 0 1 0 0 2 0 0 0 0 0 0 0 1 1 0 1 0 12 0 0 0 0 0 0 0 0 1 0 0
0 1 2 7 0 1 1 2 7 0 0 4 2 11 3 2 2 3 14 0 0 0 1 1 2 2 0 1 10 7 3 0 0 1 2 5 4 3 1 7 4 3 0 0 1 0 1 16 2 3 5 1 2 6 0 2 5 9 3 2 2 6 5 1 0 4 4 2 18 22 1 0 0 5 4 0 1 0 0 22 1 1 4 15 12 1 0 0 0 2 4 1 7 0 1 2 0 1 1 2
19 20 12 2 25 1 4 3 3 8 1 9 4 8 0 9 7 12 7 15 7 3 14 8 5 4 0 6 20 4 7 3 3 13 0 0 0 5 4 5 11 7 32 8 9 9 0 3 14 14 10 4 5 0 2 15 10 1 7 30 6 13 2 20 7 2 8 1 3 4 23 7 4 4 3 1 15 9 0 2 0 15 16 8 4 0 4 0 12 0 2 1 19 0 18 0 4 7 7 8
1 5 2 6 4 6 1 2 0 13 2 0 0 3 16 0 0 4 3 5 4 7 4 14 0 8 3 3 7 1 1 2 5 15 5 2 0 6 2 0 0 1 1 2 5 0 8 5 6 2 4 3 7 1 0 5 0 0 5 0 7 3 1 6 0 1 4 7 0 18 1 1 5 0 2 2 3 4 2 7 0 19 7 1 11 1 2 1 5 1 13 1 4 4 0 4 7 1 3 0
4 5 2 3 0 9 0 7 8 0 3 0 1 0 0 5 9 9 6 3 9 6 2 4 18 2 6 2 0 4 0 14 0 23 1 2 3 0 0 3 0 9 8 2 2 9 18 7 5 2 3 3 10 1 1 0 0 7 2 0 1 2 1 5 1 0 6 2 1 4 1 0 1 2 2 1 3 9 18 4 2 1 6 5 0 1 3 3 0 2 5 0 1 15 5 4 1 1 4 1
4 5 2 1 20 11 2 0 6 21 18 34 7 22 10 0 8 9 19 3 2 1 1 0 16 1 16 1 12 4 1 2 0 18 1 1 24 1 2 28 11 0 1 8 24 8 4 1 6 3 18 2 5 8 0 3 0 0 10 7 2 3 1 7 9 8 4 5 1 24 14 26 33 7 2 1 2 1 6 1 4 8 14 42 16 14 5 2 1 3 8 5 3 2 2 12 2 21 5 0
1 3 2 2 9 3 2 4 2 1 1 0 0 1 0 1 8 1 3 1 4 2 6 2 24 1 5 0 15 0 6 1 2 2 0 8 1 5 5 12 1 1 1 5 11 0 3 14 5 10 2 0 9 3 2 4 1 2 2 2 2 0 0 1 15 7 0 17 11 4 8 4 0 0 0 3 0 1 1 3 3 7 0 0 4 8 0 0 7 2 0 8 5 3 1 3 1 3 4 0
6 0 4 5 2 15 6 1 7 11 18 15 2 9 0 0 9 1 2 8 1 4 1 13 10 5 11 1 5 4 0 1 1 5 19 0 24 6 6 5 5 13 4 5 5 1 4 3 3 7 0 9 1 18 1 12 4 5 17 5 2 6 2 0 3 1 15 1 20 1 0 1 2 6 0 5 5 12 5 1 3 0 0 2 2 4 0 16 3 4 3 1 0 2 5 4 3 1 7 3
2 15 10 5 2 1 8 0 5 2 0 9 1 7 0 5 0 1 0 1 3 0 4 3 8 6 4 1 5 0 2 7 4 15 7 0 2 6 10 1 2 3 1 0 0 0 5 7 2 1 0 0 11 0 22 8 12 1 17 0 2 0 3 3 0 0 7 6 0 7 10 11 13 6 0 1 10 10 4 6 0 2 7 5 1 3 12 0 0 1 1 3 1 1 9 0 4 5 22 8
0 1 1 0 0 0 8 0 0 0 1 1 0 0 0 1 0 1 0 2 1 1 0 1 0 0 1 1 2 0 2 0 0 1 1 0 0 0 0 2 1 0 0 0 0 6 1 0 2 0 0 1 1 1 0 0 0 1 0 1 0 1 1 2 0 0 0 1 0 1 0 1 1 0 0 10 3 0 1 0 0 1 0 0 0 1 7 1 3 0 1 2 0 0 0 0 1 0 0 0
2 0 2 0 0 0 1 0 0 0 0 3 0 0 0 0 2 1 0 0 0 1 0 0 0 0 0 0 0 1 0 0 3 0 1 0 0 1 0 0 0 0 0 2 0 1 1 2 0 1 1 7 1 0 10 2 2 0 0 0 0 1 6 0 1 0 0 1 0 1 0 0 0 0 0 0 0 0 1 0 1 0 0 0 0 0 0 0 0 0 1 3 1 0 1 1 2 0 1 0
2 1 3 2 3 2 6 3 7 4 1 0 2 3 7 3 2 1 2 0 1 1 1 5 5 0 0 0 0 8 2 12 0 21 0 0 1 2 5 1 15 0 1 0 4 13 0 2 6 13 3 2 9 2 4 0 10 0 0 2 12 1 0 18 3 3 5 1 1 0 3 1 8 6 1 6 25 2 0 0 11 11 0 1 0 5 0 4 5 17 9 1 11 1 1 3 8 2 4 0
14 3 2 7 6 0 1 5 1 7 3 12 1 4 8 14 9 2 11 2 3 7 0 0 5 1 5 7 27 7 1 5 0 11 0 23 8 9 15 8 1 1 2 0 3 8 12 12 21 7 1 2 0 4 5 16 2 3 16 0 10 9 3 6 9 32 30 12 10 15 2 0 1 4 1 8 0 3 1 2 22 10 3 0 7 3 8 5 0 21 3 5 5 8 11 2 18 1 7 1
17 4 6 8 0 31 1 3 4 10 0 0 0 2 6 5 34 3 4 3 15 4 18 5 7 3 2 3 1 2 9 12 10 5 12 1 3 9 1 21 1 3 4 15 4 5 14 2 2 6 21 4 13 0 23 0 8 8 4 15 1 0 2 3 2 0 1 2 15 0 4 1 4 4 6 3 15 1 12 8 9 0 0 1 1 66 2 3 0 35 4 0 0 13 0 2 19 1 4 6
0 0 0 0 0 0 11 10 1 0 0 0 1 0 0 0 0 0 0 1 0 0 0 0 0 0 0 1 1 0 1 4 1 1 0 0 2 0 0 1 1 0 0 0 0 1 3 0 0 0 0 2 0 1 0 0 0 1 0 1 1 1 0 0 1 0 0 0 0 0 0 0 0 1 0 3 0 0 0 0 0 0 1 2 0 0 4 0 4 0 1 0 0 0 0 1 1 0 0 4
2 13 1 12 2 1 1 1 4 1 2 5 4 24 1 5 10 2 0 3 15 1 2 0 4 0 0 0 5 1 0 2 7 16 1 6 3 12 0 10 9 12 1 7 0 0 0 2 5 1 4 1 2 7 3 1 16 1 5 0 4 7 13 2 13 3 5 7 4 0 3 7 1 4 11 3 3 17 2 1 2 0 0 4 3 12 3 3 3 1 13 8 2 6 8 4 0 0 3 1
6 2 18 9 1 1 0 3 1 14 47 1 14 5 1 0 8 9 17 1 3 8 17 3 6 3 10 2 8 19 17 4 9 4 4 0 0 7 4 6 2 1 3 9 3 11 1 1 12 0 14 9 21 3 0 4 1 28 4 14 14 1 4 4 8 0 14 14 2 0 6 9 2 0 5 7 19 1 23 22 2 5 19 8 26 3 1 1 3 16 8 4 2 5 0 21 9 5 0 0
2 0 2 2 5 0 3 0 0 1 0 1 0 0 1 0 0 0 1 0 1 0 0 1 1 0 0 1 0 0 0 0 0 0 10 0 1 0 0 0 1 0 0 0 0 0 1 0 1 0 1 0 0 0 2 0 0 0 2 0 2 0 0 0 0 0 1 1 0 2 1 0 0 0 2 0 0 0 0 0 2 1 0 1 0 1 2 0 0 0 0 0 1 0 0 0 0 1 1 3
8 5 4 9 2 1 0 1 1 23 1 8 0 11 1 35 5 4 8 3 4 2 8 0 13 13 21 1 6 4 0 1 0 0 5 0 4 1 5 1 3 7 10 2 7 4 2 0 5 10 3 2 3 18 10 14 3 12 2 1 6 0 1 6 16 1 13 7 11 8 12 7 4 2 3 1 1 5 9 18 7 18 2 41 0 29 0 2 1 6 13 1 4 2 6 11 13 3 0 5
0 0 0 0 0 0 2 0 0 2 2 0 0 0 0 0 0 0 0 1 2 0 0 0 0 0 0 1 0 0 1 0 2 1 0 2 0 0 0 1 0 0 0 0 0 0 0 2 0 1 0 1 0 0 1 1 0 0 0 0 0 2 5 0 1 0 2 0 1 0 0 1 0 1 0 0 0 0 0 0 0 0 1 1 2 0 1 0 0 0 0 7 0 1 0 2 0 1 0 0
5 20 9 2 3 3 2 2 1 20 2 3 11 3 6 5 0 6 16 0 23 7 4 9 2 20 2 19 1 0 13 12 1 2 3 17 12 7 10 10 20 0 6 13 35 3 7 22 10 18 11 8 2 0 7 2 2 7 13 1 7 3 6 1 5 1 8 0 10 3 13 19 20 18 4 7 15 0 1 11 1 1 0 2 2 6 24 6 6 20 7 6 9 7 9 16 2 2 2 2
0 2 8 10 1 0 0 7 7 10 10 4 15 2 1 12 1 3 8 3 25 10 12 2 1 0 19 27 1 15 3 1 3 27 1 12 3 5 8 14 17 1 7 1 6 0 1 56 4 3 5 1 7 8 3 3 9 2 4 29 5 2 3 1 0 21 9 3 10 6 0 1 7 4 1 9 1 8 0 15 30 7 22 0 2 4 15 1 7 2 9 2 7 4 7 28 9 11 3 5
0 1 0 1 0 2 0 0 2 1 0 0 1 0 0 1 0 0 0 0 0 1 0 1 0 0 1 2 0 0 0 0 1 2 0 0 0 0 0 0 0 0 0 4 0 0 0 0 0 1 2 0 0 1 0 0 0 0 3 0 0 0 0 0 0 0 1 0 0 1 0 2 1 0 2 0 0 0 0 1 0 0 0 0 0 0 1 0 0 1 1 0 1 0 0 0 0 0 0 2
0 0 1 0 3 0 0 0 0 1 1 0 2 2 1 0 0 1 1 0 0 0 4 0 0 0 0 0 0 0 0 2 4 0 1 0 0 0 0 0 1 0 0 0 2 1 0 0 1 0 0 1 0 0 5 0 1 0 2 0 1 0 1 2 1 2 0 0 0 0 0 0 0 0 0 4 1 0 0 0 0 0 0 0 0 0 0 0 1 0 0 6 0 0 0 0 0 1 0 0
1 1 0 1 0 3 0 0 1 0 0 1 0 1 0 0 0 0 0 0 0 1 0 0 0 0 0 6 0 0 0 0 0 0 1 2 0 1 1 0 0 0 0 1 0 1 2 1 2 0 1 0 1 2 0 0 0 1 0 1 3 0 0 0 0 1 0 0 0 0 0 0 0 1 1 2 0 1 0 0 0 0 0 0 1 0 0 0 0 3 1 1 0 0 2 2 1 1 1 1
6 4 2 3 1 1 7 1 7 5 8 4 12 0 7 14 16 8 10 0 1 8 5 10 7 4 22 4 2 4 3 6 3 9 1 16 42 10 0 6 10 31 2 3 9 3 4 3 1 1 10 0 5 25 3 6 3 0 14 17 5 12 5 0 8 1 0 2 3 2 24 4 0 3 12 0 3 1 0 0 0 16 3 6 2 0 27 0 0 0 12 33 14 23 32 6 6 1 8 5
0 1 0 1 0 1 2 0 0 0 0 0 1 0 0 0 0 0 0 0 0 0 3 0 1 1 0 3 0 0 5 0 0 0 0 0 0 0 0 5 0 1 0 0 0 2 1 0 1 0 0 1 0 0 0 0 0 0 0 0 0 0 0 0 0 0 0 0 2 1 0 0 1 0 1 0 0 0 0 1 0 0 0 1 0 0 0 1 0 0 0 0 1 0 0 0 3 1 0 0
9 6 5 3 25 5 1 1 12 11 4 5 11 1 4 3 1 19 7 0 9 15 0 0 15 0 13 4 1 2 5 7 3 9 6 16 14 18 0 8 7 1 14 0 11 4 0 15 12 8 13 3 13 8 13 0 1 1 8 11 8 9 5 0 51 3 2 1 2 0 6 7 2 38 3 6 0 9 5 16 21 25 3 4 8 0 2 37 1 38 6 23 1 5 3 13 15 3 11 9
4 2 7 2 7 5 13 6 31 7 14 4 9 1 6 2 8 7 3 0 0 5 5 2 5 29 1 20 18 3 3 0 9 2 3 1 5 0 0 3 6 2 17 17 18 7 0 11 2 3 43 2 6 0 1 8 1 2 1 1 4 8 6 4 4 7 17 9 7 0 1 17 3 8 6 1 3 8 5 29 6 3 8 1 2 11 8 3 11 11 3 9 1 0 11 15 4 39 25 7
0 3 2 4 3 4 2 4 3 0 3 1 10 4 1 4 6 5 6 1 4 2 8 12 0 9 1 14 9 2 1 4 2 0 3 6 5 1 1 5 7 2 9 9 3 1 0 9 7 0 6 7 8 2 3 10 4 14 6 0 6 2 9 4 0 2 1 6 0 4 2 2 8 7 5 0 5 1 7 7 7 0 5 2 4 1 4 0 0 0 14 2 2 3 5 2 0 7 9 4
1 0 0 0 0 0 1 0 0 0 0 0 0 0 0 0 0 0 0 0 0 1 1 0 0 1 0 5 0 0 0 0 1 0 1 0 0 0 0 0 0 0 0 0 0 2 2 0 0 0 0 0 0 0 2 0 0 1 0 1 1 0 0 0 1 0 0 0 1 2 0 2 0 0 9 0 0 0 0 0 0 2 0 2 0 0 0 1 0 0 0 0 0 0 0 1 3 0 0 6
2 5 1 5 9 1 0 3 6 0 7 5 0 13 3 9 16 9 18 1 0 1 0 15 2 12 6 2 1 3 9 1 2 1 0 8 19 19 13 2 8 2 0 2 2 0 7 15 6 4 0 0 3 7 7 22 4 26 17 5 5 4 3 19 0 7 9 0 15 18 0 5 0 4 21 1 6 2 11 0 1 1 8 1 3 17 0 25 2 35 3 3 4 3 0 25 17 4 1 1
0 0 0 2 0 0 1 3 1 0 0 0 0 0 1 0 0 0 1 0 1 1 0 0 0 0 0 0 0 1 0 0 1 1 0 0 1 1 0 0 1 1 0 0 0 0 0 0 0 0 2 0 1 0 4 0 1 0 4 1 0 1 1 0 2 0 1 0 0 0 0 1 2 0 0 0 0 0 0 0 1 0 0 1 0 0 0 1 2 2 0 4 0 0 1 0 0 1 0 0
2 14 3 11 12 4 7 7 4 2 3 12 3 23 7 5 5 2 3 9 12 8 13 1 1 2 12 13 5 20 10 0 1 2 7 1 4 4 5 16 6 3 11 32 3 5 2 15 4 6 12 0 5 20 5 6 0 3 31 0 6 4 0 13 9 10 3 0 11 0 0 1 4 0 3 3 5 1 6 0 6 0 4 6 12 2 0 1 5 6 2 12 13 1 2 44 52 6 2 13
1 12 9 3 5 17 3 5 9 0 2 17 0 5 8 28 7 7 2 2 0 9 11 0 16 9 0 11 0 5 22 5 11 4 14 7 8 0 2 9 10 11 11 5 3 1 0 5 6 2 17 1 0 6 7 14 1 8 2 6 9 10 2 4 3 10 2 6 5 3 0 3 6 4 0 2 31 2 1 1 35 6 40 4 5 3 1 1 2 4 0 2 6 7 0 31 10 8 8 20
0 1 1 0 1 2 0 1 0 1 0 0 0 1 1 0 0 0 0 0 2 0 2 0 0 0 0 3 1 0 1 0 0 0 19 1 0 0 0 0 0 0 1 0 0 2 1 0 0 3 1 0 0 0 0 0 0 0 0 0 0 0 0 0 0 2 0 0 0 2 0 0 0 0 5 1 0 1 0 2 1 1 2 1 0 2 0 0 0 0 2 1 0 0 0 0 0 2 0 1
3 11 6 14 0 6 1 5 6 3 0 0 4 2 22 19 0 1 1 5 1 3 2 6 0 5 1 3 4 2 0 12 0 10 1 0 1 3 1 10 1 4 0 15 9 2 6 1 3 12 2 9 1 5 4 4 0 13 2 7 3 0 4 0 4 7 7 12 4 2 4 1 1 16 1 2 3 0 0 4 9 1 0 10 10 5 3 1 5 9 3 0 4 6 4 2 1 4 6 16
1 25 16 40 6 11 12 3 6 0 3 0 8 0 5 0 6 2 16 0 2 15 11 23 10 10 23 9 2 0 0 31 4 11 24 16 0 1 2 5 1 1 0 12 5 21 15 1 4 1 0 37 15 1 4 2 3 5 1 0 5 3 5 4 4 20 4 11 2 3 7 5 6 11 1 5 6 4 4 11 13 0 1 2 0 0 2 1 4 2 6 4 0 3 31 4 3 1 1 5
25 2 7 29 2 10 21 13 1 3 11 1 6 7 8 31 6 4 44 7 11 2 13 6 11 0 19 2 0 3 1 0 5 2 3 6 4 11 4 0 17 17 8 3 2 22 3 0 9 5 2 3 0 0 9 2 16 0 6 18 2 11 1 1 7 88 1 3 29 24 10 0 11 1 2 10 17 15 1 4 2 22 1 15 31 7 1 4 21 8 5 3 7 9 0 10 7 2 1 9
2 0 1 0 1 1 0 0 0 0 0 0 0 4 0 1 0 2 0 0 0 0 0 0 2 0 0 0 0 0 0 0 2 0 0 1 0 1 0 0 2 0 0 1 1 0 1 1 0 0 0 2 2 0 1 1 0 0 1 0 1 0 8 1 0 0 0 0 0 2 0 1 0 0 1 1 0 2 0 0 0 0 1 0 0 1 0 0 0 0 0 14 0 0 0 1 0 0 0 1
4 1 2 6 9 4 2 12 0 5 4 0 3 0 2 2 0 3 10 5 7 1 0 6 2 0 2 5 1 4 0 0 0 2 0 1 3 1 3 5 1 1 1 4 2 0 0 1 0 2 7 1 1 5 7 14 1 1 11 11 4 10 0 0 0 0 7 6 11 5 3 3 7 4 6 11 3 1 2 0 0 1 7 12 0 2 10 2 4 0 0 2 9 1 0 0 3 12 4 10
2 4 4 0 2 0 1 3 4 1 6 0 0 3 1 6 4 0 7 1 2 3 2 10 10 0 4 10 0 1 1 4 8 6 1 2 0 0 2 1 5 2 2 14 18 4 2 15 2 16 4 7 4 1 0 1 4 5 1 2 7 8 3 0 0 3 7 1 2 1 1 0 6 8 1 1 19 1 2 4 3 0 2 5 6 1 21 5 1 4 7 8 4 7 18 2 4 0 0 4
2 10 12 3 14 0 0 0 0 3 0 0 20 2 0 4 4 8 0 6 8 0 0 10 0 0 8 6 4 3 25 11 2 8 2 0 0 5 0 3 2 0 0 1 8 1 4 1 3 2 6 1 8 2 1 0 2 0 2 9 0 3 11 1 0 0 0 0 2 1 1 0 6 2 1 0 12 3 28 0 6 24 11 0 0 6 4 3 0 0 9 3 4 0 3 0 1 2 3 2
4 18 2 1 1 3 16 3 6 5 1 1 3 3 4 10 3 11 40 16 6 3 3 0 1 8 2 9 5 3 12 5 1 8 6 4 26 2 0 3 1 9 20 9 4 0 13 18 13 8 1 0 13 0 5 1 10 0 2 45 1 0 0 5 8 0 17 45 8 7 13 9 12 5 1 5 32 0 4 4 5 5 18 13 8 4 5 15 4 14 6 3 13 3 0 1 11 3 9 3
5 19 3 13 14 2 19 0 0 0 3 1 12 5 5 4 7 2 0 39 4 6 2 12 4 12 13 9 11 7 16 2 13 2 0 2 5 1 22 1 13 3 27 35 0 12 0 1 31 4 8 28 3 0 11 14 2 2 0 4 2 18 4 0 2 14 4 9 6 3 29 5 8 2 16 4 4 2 17 14 1 0 8 5 3 13 1 2 3 1 15 0 1 4 2 2 2 19 6 2
3 8 0 22 7 8 1 7 0 7 19 2 4 3 3 12 4 19 9 10 5 13 9 9 0 26 3 2 0 13 15 0 0 9 4 6 1 8 7 8 6 2 2 0 2 0 1 7 0 2 4 8 1 8 13 0 5 0 7 7 2 0 3 26 13 8 0 6 5 1 35 1 3 6 1 7 9 0 10 9 3 2 2 35 5 3 12 9 0 13 5 24 0 5 7 3 12 2 6 5
