4 0 16 6 2 2 9 6 33 0 27 16 1 11 1 6 0 2 5 10 10 2 7 10 3 5 9 3 14 2 8 3 23 6 46 1 5 12 15 7 1 7 34 2 1 1 5 0 4 0 0 0 0 2 19 5 2 1 18 1 3 14 50 12 5 2 1 48 5 30 4 12 1 2 4 4 1 4 33 4 6 40 7 3 0 5 4 12 6 2 0 10 0 15 11 5 7 0 4 3
0 0 1 0 0 0 0 0 0 0 0 0 0 2 0 0 0 0 1 1 1 1 0 0 0 1 0 0 1 0 2 0 0 0 0 0 13 0 3 0 2 0 0 1 0 0 0 0 2 0 0 3 1 0 0 0 0 0 0 0 0 1 0 1 2 1 1 0 0 0 0 0 0 0 0 0 0 0 0 0 0 0 1 1 0 1 0 1 1 0 1 0 0 1 0 0 0 0 0 0
11 14 3 3 8 3 34 1 7 9 8 0 12 4 11 4 4 0 25 6 0 17 1 1 0 35 2 19 1 6 7 11 37 2 14 4 1 4 5 2 8 2 1 2 0 4 2 8 14 6 9 0 6 2 6 11 0 1 9 4 2 12 33 0 0 1 49 9 1 0 9 37 0 7 13 18 7 14 5 5 3 11 16 1 7 0 27 6 11 4 8 0 0 3 1 1 14 4 6 9
0 0 0 2 1 0 0 0 0 0 3 0 0 0 1 3 0 0 0 0 3 0 0 1 9 3 0 1 0 0 0 1 1 0 2 0 0 1 1 0 0 0 2 0 0 0 1 3 0 0 0 0 1 0 0 0 0 0 0 3 0 0 0 1 0 0 0 0 0 0 0 0 0 1 0 1 0 0 0 0 2 1 1 0 0 0 0 0 0 0 0 0 0 0 0 1 0 2 0 0
37 1 1 16 0 3 4 0 18 6 7 12 3 1 8 7 2 6 3 4 0 1 2 0 12 0 3 1 3 17 7 0 0 2 2 0 8 1 3 26 1 4 32 0 3 8 1 20 13 6 17 7 2 2 5 1 1 4 31 8 10 13 2 16 14 14 1 20 3 14 29 0 9 4 2 17 2 8 13 2 6 2 9 35 5 5 13 1 3 6 0 4 13 3 6 3 9 14 0 2
5 2 4 8 2 12 2 7 0 5 18 1 1 0 5 4 5 0 3 10 0 2 5 5 1 14 1 0 1 2 1 4 2 1 0 7 4 8 0 2 5 9 0 4 4 2 1 6 2 1 1 2 1 0 2 0 2 6 0 10 2 0 2 1 7 1 3 3 0 21 4 6 3 5 4 2 0 4 0 0 3 6 6 5 0 1 1 2 2 2 23 8 4 0 5 1 6 0 0 5
1 2 5 1 4 3 10 0 8 14 15 1 3 7 7 0 3 8 2 1 0 8 1 2 8 5 0 2 15 7 1 1 0 5 5 6 1 0 18 1 1 0 9 0 11 5 10 0 10 0 7 0 1 5 0 3 2 2 1 1 3 3 3 4 2 16 7 3 7 9 1 5 1 2 5 6 4 0 6 6 1 1 0 11 3 9 2 8 5 7 12 7 1 5 10 4 0 1 5 0
0 0 0 1 0 0 0 0 0 0 0 1 0 0 0 2 0 0 0 0 0 0 0 0 8 0 0 0 3 0 0 0 1 0 0 0 0 0 0 1 0 0 0 0 0 1 0 0 0 1 0 1 0 2 0 0 0 0 0 1 0 0 0 0 2 0 0 1 16 1 1 2 0 0 0 0 0 0 0 1 0 1 0 3 0 0 0 0 0 0 1 0 1 0 0 0 0 0 0 3
0 0 0 1 1 1 0 0 2 0 0 1 0 0 0 0 0 1 1 0 1 0 0 1 24 0 1 0 1 0 0 0 0 0 0 0 0 0 0 0 0 0 1 0 0 1 0 1 0 0 0 0 0 1 0 0 0 1 0 0 1 0 0 0 1 0 0 0 7 1 0 0 0 1 0 1 2 0 0 0 0 1 0 0 0 0 0 0 2 0 1 6 0 0 1 0 0 1 1 0
7 5 13 5 3 6 12 0 2 0 2 2 0 8 7 20 16 13 26 3 6 1 19 4 1 6 14 4 4 5 1 33 2 17 1 3 8 7 6 5 4 7 10 2 4 2 9 0 17 5 3 21 4 15 11 7 0 0 6 2 3 1 2 11 1 9 6 2 13 25 13 3 0 20 27 3 2 9 12 22 0 13 2 11 9 3 6 3 0 1 0 0 5 3 2 2 7 16 1 14
0 0 3 2 11 24 4 3 4 5 15 1 0 5 0 1 3 5 5 0 0 8 7 4 0 1 1 12 3 0 3 2 7 6 0 17 2 10 19 23 3 1 1 0 3 1 2 2 11 3 3 3 10 7 0 0 2 14 0 2 0 4 10 0 2 1 7 7 0 13 1 0 6 3 2 3 9 1 1 0 1 3 0 7 11 0 0 8 3 3 1 1 0 2 10 3 11 0 14 7
0 0 3 0 1 2 1 1 0 1 1 0 0 0 1 1 1 1 0 0 2 0 0 0 11 0 0 0 2 0 0 0 0 1 0 0 0 0 0 0 0 2 0 0 1 0 0 0 0 1 0 0 3 0 0 0 0 2 0 0 0 0 0 0 0 0 0 1 10 1 1 0 0 0 1 2 0 0 0 2 0 0 0 0 0 0 0 1 0 0 0 0 1 0 0 0 2 0 0 0
1 3 8 2 0 6 18 0 2 1 4 0 4 10 2 1 2 7 1 0 7 0 10 8 51 3 0 0 3 0 4 19 4 7 4 15 2 3 1 19 3 4 11 3 0 5 3 5 0 7 0 0 0 5 4 0 0 7 0 12 11 0 4 23 7 3 8 3 37 2 1 0 0 2 0 1 2 1 8 13 2 2 5 0 5 3 0 2 7 0 2 1 1 3 6 6 1 2 2 1
2 2 7 6 1 3 4 0 11 0 9 4 10 1 8 2 16 5 12 6 2 8 1 4 11 7 1 0 23 2 4 2 7 11 12 3 0 14 0 10 8 11 4 1 6 1 28 10 8 10 11 7 14 4 4 0 7 14 6 1 0 1 21 5 1 2 13 0 0 6 3 3 6 9 3 0 13 0 0 3 36 6 1 3 7 3 9 3 5 2 9 1 5 2 0 4 2 0 10 2
0 0 0 0 2 2 0 1 0 0 0 1 1 3 0 1 2 0 0 0 0 0 0 0 0 0 2 2 2 3 0 0 0 0 1 0 0 1 0 1 1 1 0 1 0 1 0 0 0 0 0 0 0 0 0 0 1 0 0 0 1 0 0 2 0 1 0 0 1 0 0 0 0 0 1 0 1 0 0 0 0 0 0 2 0 0 0 1 2 1 0 0 0 0 3 0 0 0 0 3
12 3 16 10 6 0 12 16 6 8 17 12 19 0 4 7 11 3 9 6 1 3 1 12 8 0 6 2 9 6 8 5 4 1 6 17 10 0 0 0 12 1 10 9 7 16 6 3 16 24 5 7 1 2 13 14 1 7 7 5 1 1 0 3 1 19 1 5 3 3 6 0 1 5 28 13 3 1 6 1 39 8 0 10 15 9 3 14 4 5 3 0 2 1 2 1 32 0 0 2
5 3 4 1 11 0 0 8 7 13 4 0 4 1 2 5 2 13 2 0 2 2 3 4 8 0 0 4 9 17 1 1 2 0 4 8 7 0 0 0 11 1 2 1 5 3 1 3 0 3 6 0 22 5 5 0 12 0 7 1 0 0 0 2 5 0 5 1 2 10 5 5 9 3 3 7 0 3 3 1 0 6 0 1 2 1 9 2 3 0 10 14 3 1 5 2 0 0 7 1
1 2 0 0 0 0 0 0 2 0 0 0 0 0 0 3 0 0 0 0 0 0 0 0 0 4 0 0 0 1 0 1 0 0 0 0 3 0 0 0 0 0 0 6 1 1 0 1 0 1 0 0 0 0 0 0 0 0 0 0 3 0 3 1 0 0 0 0 0 0 0 1 0 1 0 0 0 0 0 1 0 0 0 1 2 1 1 1 0 0 0 0 0 0 0 0 0 0 0 0
0 0 0 1 1 0 0 0 0 3 0 0 3 0 0 0 0 0 1 0 14 0 0 0 10 0 0 0 0 0 0 0 1 0 0 0 0 2 15 1 0 0 0 0 0 0 0 3 0 0 0 0 0 0 0 0 0 0 0 2 0 0 0 1 2 0 0 0 0 0 1 0 0 0 1 0 4 0 1 0 0 0 0 0 19 0 0 2 0 1 0 0 0 0 1 0 0 0 0 0
4 21 2 0 4 10 4 6 2 9 2 1 5 1 2 9 8 39 0 16 0 6 16 2 1 20 12 1 5 16 1 3 3 8 19 9 8 0 0 11 9 1 7 2 1 11 0 11 12 12 11 2 5 1 50 7 9 17 4 0 12 2 14 2 0 13 0 0 2 4 11 4 1 11 11 7 2 17 0 4 6 11 1 10 2 24 45 5 2 4 4 9 6 0 8 2 2 3 1 6
0 0 0 1 0 1 1 0 0 0 0 0 0 0 0 0 0 0 0 5 12 0 2 0 2 1 0 1 0 0 0 0 0 0 2 1 0 0 1 0 1 1 1 1 0 0 0 0 0 0 0 0 0 0 0 0 0 1 1 0 0 0 0 0 0 0 0 0 6 0 0 0 1 1 0 0 0 0 1 0 1 0 0 0 10 1 0 0 0 0 1 0 1 0 0 1 2 0 0 0
3 15 4 4 1 20 5 5 2 7 10 0 5 0 5 13 10 5 13 0 4 2 5 15 9 3 13 12 0 6 3 3 7 4 4 5 2 29 1 5 5 6 20 7 13 0 1 11 30 8 1 3 0 0 0 2 24 8 1 9 0 6 0 0 2 3 12 0 15 17 10 2 12 0 8 7 7 28 2 0 0 4 11 2 11 11 4 10 2 0 2 15 25 13 9 0 20 5 1 4
0 3 3 0 2 4 6 2 1 0 9 8 8 3 2 1 2 0 0 1 1 0 2 0 0 0 0 4 1 3 6 0 3 1 0 9 4 7 0 1 0 2 3 0 9 12 4 1 1 9 13 8 11 1 7 11 7 0 3 0 0 1 6 10 14 0 0 1 1 3 2 1 2 10 0 1 4 1 24 6 27 6 6 0 0 5 13 2 0 1 8 4 3 0 2 0 0 0 0 11
10 2 1 5 6 7 8 0 1 19 3 0 1 1 9 3 0 6 7 0 11 0 1 10 0 0 7 8 6 0 0 2 1 1 0 8 0 0 0 3 4 5 1 7 7 3 1 3 2 0 0 4 1 15 2 0 3 4 4 0 9 7 3 5 4 5 8 8 5 1 4 7 6 0 16 0 5 1 4 4 1 0 9 7 4 1 6 0 18 7 9 6 3 1 2 4 3 2 2 2
0 0 0 2 0 3 3 0 0 0 0 0 0 0 0 0 0 1 1 0 2 0 0 0 5 0 0 0 0 0 0 0 1 4 1 0 0 0 0 0 2 0 0 0 0 1 0 0 0 0 0 0 1 0 0 1 0 3 0 0 1 0 1 0 0 0 0 1 1 0 3 2 0 0 0 0 1 0 2 0 1 0 0 0 1 0 0 0 0 2 0 1 0 0 0 0 0 0 1 0
0 0 13 4 1 1 1 5 14 17 0 1 10 12 0 4 11 3 19 6 2 5 7 4 3 6 13 6 0 1 1 0 1 17 2 16 7 3 0 1 11 15 3 0 2 12 0 1 0 9 5 11 6 15 2 2 3 0 2 10 12 2 7 2 2 9 6 0 13 0 19 23 1 42 1 4 16 28 8 12 19 13 20 8 6 2 1 15 11 16 13 0 7 10 6 5 0 0 4 2
0 11 3 8 9 12 7 1 4 10 0 7 0 1 2 17 0 14 0 13 1 8 12 0 17 8 0 17 2 11 17 1 1 17 1 9 5 2 39 12 6 10 1 9 6 10 6 9 1 21 1 6 5 7 4 12 0 3 13 12 8 4 5 2 6 4 18 9 8 22 2 4 2 0 9 5 6 2 12 5 3 13 4 5 7 3 10 4 4 3 6 9 26 4 1 7 3 11 1 0
21 4 1 2 12 1 2 8 0 2 3 5 0 3 2 5 8 8 1 3 0 4 7 4 0 2 21 0 15 0 0 4 6 8 5 4 10 5 1 8 3 4 2 0 4 8 9 3 1 3 1 10 1 1 1 0 9 1 3 8 7 0 2 10 6 0 7 21 0 5 6 11 1 2 9 6 0 0 14 3 3 8 1 1 1 14 18 3 6 1 3 2 2 3 10 1 5 0 0 10
12 6 11 3 12 18 8 0 12 1 4 2 2 2 4 2 9 5 25 1 0 0 2 1 10 11 3 3 0 20 4 5 14 5 4 0 1 26 25 0 1 13 5 4 2 2 3 3 1 1 2 2 0 9 6 2 6 1 0 3 2 3 2 5 3 5 11 3 19 6 4 24 1 1 4 2 5 5 2 0 1 2 0 9 2 30 9 9 0 1 10 9 9 23 16 10 17 2 3 5
0 0 0 0 1 0 2 0 1 1 1 1 0 0 0 1 0 0 0 0 0 2 0 1 0 6 0 0 0 0 0 0 3 0 0 1 0 1 0 0 0 2 0 11 1 0 1 0 0 1 0 0 0 1 0 2 0 2 1 0 5 0 2 2 0 0 0 0 1 0 0 0 0 1 0 1 0 1 0 0 0 0 0 1 0 0 1 0 1 1 0 0 0 0 0 0 1 0 0 2
0 0 1 1 2 0 0 0 0 0 0 0 0 0 0 0 0 0 0 0 0 3 1 1 9 0 0 1 0 0 0 2 0 0 0 0 0 0 0 1 0 0 0 1 0 1 0 0 0 0 0 0 0 0 1 0 0 0 2 3 0 0 1 0 0 1 0 0 6 0 0 0 0 0 0 2 0 0 0 0 0 0 0 1 1 0 0 1 0 3 0 1 0 2 0 0 0 1 0 1
2 37 1 4 0 3 4 3 0 3 1 3 4 0 5 4 9 6 1 3 3 0 0 0 0 5 4 0 1 9 4 1 0 1 0 5 0 10 7 2 3 6 1 3 6 3 0 0 6 3 0 2 4 2 1 6 0 3 0 8 2 1 3 1 7 0 3 3 11 1 2 0 3 7 2 1 1 5 5 10 5 3 11 2 19 1 0 3 0 3 5 1 0 0 7 4 3 0 0 3
1 1 1 0 1 0 1 1 0 0 0 0 0 2 0 0 0 0 1 0 0 1 0 0 0 0 1 0 0 0 0 0 0 0 2 0 2 0 1 0 2 0 0 0 1 0 1 0 0 0 1 1 0 0 1 0 0 0 0 0 13 0 0 0 0 1 0 0 0 0 0 0 1 0 0 0 0 0 2 1 0 0 0 0 0 0 0 0 1 2 0 0 1 0 0 0 0 0 0 0
10 1 1 1 2 4 1 4 8 4 19 0 0 1 5 5 19 6 12 3 0 2 1 0 5 2 4 12 4 0 1 7 2 4 2 5 2 5 3 1 1 12 2 7 5 0 3 3 0 0 4 2 5 1 5 0 0 16 3 1 0 1 4 1 5 0 0 2 3 1 2 8 10 1 6 3 2 7 1 0 3 5 1 4 0 7 0 1 0 0 0 2 0 2 3 3 12 0 0 1
13 2 10 6 8 31 4 2 11 4 14 15 42 5 12 4 3 7 17 15 0 1 26 8 1 7 18 2 0 3 11 0 5 0 7 7 3 12 0 1 2 20 2 2 2 3 19 0 4 3 2 2 2 15 0 5 8 17 17 0 12 5 17 2 1 1 2 8 8 2 3 4 3 4 3 5 1 21 4 14 3 0 16 1 5 11 18 3 2 21 17 0 3 4 29 28 38 5 2 3
5 1 8 12 2 1 21 1 8 1 0 20 9 18 0 23 8 14 5 8 3 0 4 8 0 16 1 10 6 4 0 14 7 2 3 0 3 5 0 4 12 3 18 26 8 26 1 12 15 8 11 4 6 4 2 18 7 23 8 12 7 18 9 0 0 4 66 1 5 18 11 4 5 23 7 16 0 7 5 8 4 29 2 14 22 5 16 8 24 3 22 0 6 14 12 8 6 41 3 1
1 0 0 0 0 0 0 0 1 0 0 0 0 0 1 0 0 0 0 0 4 1 0 0 7 1 0 0 0 0 0 1 0 0 0 1 1 0 0 0 0 1 1 0 1 0 0 1 0 0 0 0 0 0 0 0 0 0 1 0 1 1 0 0 4 3 0 1 2 0 0 0 0 0 2 0 0 0 5 0 0 1 0 0 0 0 0 0 0 0 0 0 1 0 2 0 0 1 0 1
0 0 0 0 1 0 1 0 0 0 0 2 0 1 0 1 0 0 0 0 0 0 0 1 0 0 1 0 0 0 0 2 1 0 1 1 7 0 0 1 0 0 0 1 2 1 2 0 0 0 0 1 2 1 0 0 0 0 1 0 0 1 0 0 1 0 2 1 0 2 0 2 1 1 0 0 1 0 0 0 0 0 0 3 0 0 0 0 0 0 0 1 0 0 1 0 0 0 0 1
0 13 6 8 0 4 1 2 6 6 4 1 0 2 1 43 3 29 10 0 7 0 11 19 4 20 5 16 5 8 7 5 0 2 6 12 4 7 0 3 8 27 4 8 16 4 0 61 5 2 3 8 1 1 0 0 1 18 12 0 5 7 17 3 4 0 3 2 2 24 4 6 17 1 11 1 0 7 1 27 3 22 2 16 16 4 5 6 3 4 10 1 5 8 7 2 0 0 4 1
28 1 9 4 3 19 5 0 1 8 5 1 18 5 16 6 2 7 5 1 12 6 0 12 10 8 5 0 0 5 11 15 0 1 22 1 2 30 10 0 6 15 1 4 0 1 17 1 1 11 37 7 36 11 2 24 1 3 4 17 2 4 4 9 13 9 1 8 2 4 18 13 0 41 5 7 4 2 4 0 3 8 4 5 5 1 7 2 11 33 0 3 15 4 37 1 0 2 2 5
2 2 1 0 0 0 0 0 1 0 1 0 0 1 0 0 0 0 0 0 0 1 0 0 0 0 1 0 0 0 3 4 1 0 0 3 1 0 5 0 1 0 0 2 0 0 0 0 1 0 1 1 0 1 0 0 0 1 0 0 0 1 0 0 1 1 0 1 7 0 0 1 0 1 0 2 0 1 0 0 0 0 0 0 8 0 0 3 1 0 6 0 0 0 0 1 0 1 2 0
1 1 0 0 0 0 0 0 1 0 0 0 0 1 1 1 0 1 1 0 0 0 0 0 0 0 1 0 0 0 0 1 7 0 0 0 0 0 0 0 0 0 1 2 0 0 0 0 0 0 1 0 0 0 2 0 0 0 0 0 0 2 0 0 1 2 0 0 0 0 0 0 0 1 1 0 0 0 0 0 0 0 0 0 1 1 0 0 0 0 1 0 1 1 0 0 0 0 0 0
1 0 0 0 0 0 0 0 1 0 1 0 0 0 0 2 0 0 0 0 1 0 2 0 0 0 1 0 1 0 0 0 0 0 0 0 0 0 2 1 0 0 0 1 0 1 0 1 0 0 0 0 1 2 0 0 2 0 0 2 0 0 0 0 0 0 0 1 1 1 0 1 0 0 0 0 0 0 0 0 0 0 0 0 0 0 0 0 2 2 1 0 0 0 1 0 0 0 1 2
4 0 1 3 1 3 14 33 2 3 7 1 8 46 1 7 18 5 1 17 2 9 23 5 2 5 8 16 0 7 7 12 7 0 4 2 7 4 12 4 3 19 6 2 7 6 3 7 0 24 5 8 2 11 8 12 4 2 18 17 1 4 3 6 0 4 9 8 1 5 30 0 1 4 2 7 3 24 5 0 3 9 7 0 22 4 5 24 14 16 1 1 2 6 5 1 4 2 3 5
0 0 13 0 1 30 7 0 0 3 1 7 1 1 4 11 1 0 3 14 13 0 1 0 1 0 0 3 0 19 0 2 2 1 0 0 1 0 0 4 1 0 0 0 5 10 2 1 15 11 9 1 8 1 1 0 2 11 18 2 0 1 1 18 6 6 1 10 3 1 10 5 9 2 0 2 13 7 3 14 0 0 1 1 1 4 0 20 27 2 7 1 0 0 2 5 2 1 9 3
9 10 6 0 35 12 20 4 1 5 2 3 8 12 12 6 6 10 3 0 2 0 0 6 3 1 6 0 19 2 6 2 0 0 4 8 13 0 0 2 5 10 2 22 19 2 15 2 5 9 18 2 5 2 5 4 1 4 5 4 2 3 8 11 11 13 8 1 5 8 22 0 0 4 3 3 2 8 0 0 6 11 3 2 4 7 2 25 15 12 2 5 11 11 15 0 5 6 38 0
1 0 0 0 1 0 2 0 0 2 0 1 2 0 0 0 0 0 3 1 0 1 0 1 0 6 0 0 1 1 1 2 0 0 0 0 0 0 0 0 1 0 0 5 0 0 0 1 1 1 0 1 0 0 1 0 0 0 0 0 5 6 1 0 0 0 1 0 0 1 0 1 1 0 0 1 0 0 0 1 0 0 0 1 0 0 0 0 0 2 0 1 0 1 0 0 0 0 0 2
1 0 0 0 0 0 1 0 1 0 0 0 0 0 1 1 1 0 1 0 0 0 3 1 0 0 0 1 2 0 0 0 1 0 0 0 4 0 0 0 0 0 0 10 0 1 0 0 0 1 0 1 0 2 1 0 0 0 1 0 0 0 0 0 0 1 2 0 0 0 0 0 1 2 1 1 0 0 0 0 0 1 0 0 0 0 2 0 0 0 0 0 1 0 0 1 0 0 0 1
6 11 18 0 13 14 1 32 21 1 0 4 8 0 4 0 20 15 4 1 0 1 2 1 6 20 6 2 23 0 0 7 10 2 5 15 0 3 6 0 2 0 16 4 1 6 14 0 8 2 3 4 0 12 7 0 2 32 0 18 12 13 0 7 8 25 4 23 2 15 17 10 7 28 1 7 1 0 2 3 14 8 15 3 4 1 9 0 4 11 0 2 8 6 1 1 7 3 0 13
3 4 7 6 1 5 2 1 10 2 5 11 4 2 0 5 1 1 1 8 0 6 11 3 0 9 9 1 8 5 5 2 8 9 0 0 6 1 0 0 5 7 0 12 0 1 6 2 6 2 2 2 4 5 1 1 2 5 1 0 5 1 0 7 2 11 0 0 1 3 4 6 0 7 6 3 2 0 0 1 3 5 0 0 2 0 3 1 4 1 4 0 9 6 2 0 2 2 5 18
