0 3 1 1 0 0 0 0 0 0 0 0 0 0 1 1 1 0 0 0 1 0 0 0 0 2 0 0 0 0 1 0 0 2 0 1 2 1 1 0 14 0 0 0 0 0 0 0 2 3 1 1 0 0 0 1 0 0 0 0 0 0 0 0 0 2 0 0 0 1 3 0 0 1 1 1 1 1 0 1 0 0 0 2 0 1 0 0 1 0 0 0 0 0 2 1 0 2 0 0
2 5 0 2 7 3 1 1 3 1 2 3 9 2 0 2 25 3 6 4 2 2 2 6 6 1 2 0 13 6 0 5 15 0 3 3 1 1 1 0 12 1 3 0 9 0 4 11 5 3 8 4 3 0 2 5 21 2 9 4 1 4 1 1 3 23 8 1 4 0 3 0 0 0 10 1 4 5 3 16 10 1 1 0 1 17 6 7 3 7 8 7 0 4 3 4 0 2 11 0
1 0 3 0 0 0 2 0 0 0 0 3 0 0 0 2 1 0 0 6 0 0 1 1 2 1 0 0 0 0 0 0 0 0 0 0 0 1 0 0 0 0 0 0 0 1 0 1 0 1 1 1 0 0 0 1 0 1 1 1 1 1 0 3 1 1 0 1 3 2 0 0 0 2 3 0 0 0 0 0 2 1 0 0 1 0 0 1 0 0 0 0 2 0 0 0 0 2 0 0
0 0 2 0 1 0 0 2 0 0 1 0 4 0 0 1 24 0 0 0 1 0 0 0 1 0 0 0 0 1 0 0 0 0 0 0 0 0 0 0 0 1 0 0 0 1 0 2 2 0 0 1 0 0 0 3 0 17 0 0 1 0 1 0 0 0 1 0 1 0 1 0 0 0 2 1 1 0 0 0 1 3 0 1 0 0 0 0 1 0 2 1 0 2 0 0 0 0 1 0
5 1 2 3 4 1 1 10 10 10 2 1 6 11 14 12 1 7 1 0 0 2 1 0 0 7 6 17 1 2 2 2 8 3 1 2 4 0 6 1 2 0 12 2 2 2 7 1 3 0 16 0 0 7 3 1 14 13 13 1 0 3 4 0 1 7 12 1 16 4 12 0 10 0 4 0 1 0 1 9 1 9 2 3 9 12 2 1 3 1 1 3 5 2 1 6 2 2 11 8
8 1 4 4 15 0 23 2 1 10 11 11 1 3 25 1 3 10 1 5 7 0 13 3 1 0 8 1 4 0 8 8 0 9 12 4 0 2 10 2 0 27 2 11 2 11 7 3 0 13 22 11 8 6 1 9 0 0 3 3 6 1 15 2 11 8 2 1 8 0 5 0 13 1 3 0 1 1 6 2 2 4 2 4 7 3 5 7 0 11 12 0 7 0 2 4 7 8 4 3
2 8 15 2 4 2 5 9 18 2 18 0 0 4 2 4 1 7 2 4 0 7 0 10 3 0 0 6 0 3 7 4 0 11 4 8 4 0 7 4 3 3 2 0 2 3 3 0 8 5 0 1 6 0 4 14 15 3 5 9 0 5 0 2 6 7 1 10 9 2 3 25 1 25 0 10 11 2 6 1 2 3 2 2 0 5 0 1 6 2 0 1 6 1 3 4 3 3 5 9
2 1 11 10 0 11 2 3 4 2 1 6 3 2 2 1 17 9 7 0 1 10 8 3 0 0 4 0 6 2 4 10 2 0 7 0 1 2 2 1 0 0 0 0 1 15 1 0 1 3 2 6 0 2 1 6 2 9 7 1 6 9 1 3 2 1 2 0 0 7 1 12 2 3 10 1 13 6 8 3 0 1 10 3 3 11 2 2 8 1 2 1 3 1 2 2 0 4 0 6
1 14 6 24 2 3 3 6 5 6 0 3 22 3 8 0 1 0 0 17 13 5 43 15 11 3 1 27 10 6 1 6 3 18 3 6 0 0 6 4 28 3 5 13 17 0 5 12 0 0 12 1 0 1 13 3 3 26 22 6 11 0 11 0 5 7 2 2 5 6 4 5 1 7 14 6 7 0 4 1 1 4 16 0 8 26 3 10 0 2 4 11 50 5 2 9 10 2 7 6
5 3 2 6 8 5 10 0 0 3 5 3 1 2 0 0 0 8 3 16 10 3 8 5 2 0 10 3 10 1 4 5 4 1 5 0 3 0 5 2 5 2 0 3 7 0 2 1 3 1 13 2 0 5 0 2 6 0 3 7 0 4 3 6 2 3 0 3 8 13 4 8 2 9 2 1 14 11 2 10 0 5 4 4 4 4 13 6 5 5 0 1 2 0 3 2 0 5 4 6
3 1 8 10 2 11 4 4 42 7 10 0 13 7 17 3 2 15 15 2 7 9 3 1 4 5 4 37 20 3 19 1 8 0 0 1 9 5 3 1 11 7 0 6 15 0 17 8 3 10 4 5 7 8 0 16 11 0 22 9 2 1 42 3 3 10 8 1 1 13 9 26 5 6 0 2 9 15 6 11 4 12 1 7 11 3 4 0 2 11 6 0 20 29 1 8 5 3 9 63
3 0 7 11 3 1 9 19 0 2 8 20 1 10 1 1 10 0 2 18 0 5 1 1 21 10 0 4 13 1 6 1 15 5 0 4 15 0 8 8 6 6 5 6 21 0 6 8 2 1 7 9 6 14 0 13 2 3 1 5 3 0 0 1 0 6 5 0 25 9 3 7 5 21 9 12 1 6 2 2 5 1 4 2 10 23 3 10 31 9 4 7 9 29 5 0 7 29 13 6
0 0 0 1 1 1 0 0 0 3 0 0 0 1 2 0 1 2 1 0 0 0 2 2 0 1 0 0 0 0 1 0 0 0 0 0 1 0 0 0 1 0 0 0 0 0 0 1 0 1 0 1 0 0 0 0 0 0 0 0 0 0 0 2 1 1 0 0 0 1 0 1 0 0 0 5 3 0 0 0 1 0 0 0 0 0 1 0 0 0 1 0 0 2 0 1 0 0 0 0
2 8 10 5 1 2 8 12 18 0 3 6 2 9 5 18 2 0 2 2 6 0 11 17 8 1 0 2 14 0 1 2 8 17 3 7 20 3 9 3 0 0 14 10 29 0 13 1 8 6 4 0 4 6 6 2 5 0 10 39 5 3 7 14 4 2 6 6 12 8 6 18 0 5 13 1 5 10 0 10 5 14 5 10 1 5 14 5 5 2 2 21 3 26 4 2 6 4 5 30
1 4 2 2 7 6 5 26 12 16 0 7 1 0 4 4 0 1 8 0 1 4 3 1 1 0 9 1 0 0 4 1 7 5 1 2 3 1 5 5 0 1 2 2 2 1 10 8 0 8 16 0 1 5 1 0 2 3 1 3 1 15 2 1 0 1 12 5 2 2 1 1 0 4 13 0 17 4 3 0 3 1 2 2 7 6 2 6 1 3 2 1 4 6 3 7 0 0 5 2
12 11 3 3 1 2 0 0 6 4 0 3 18 2 1 0 2 3 0 4 7 8 1 2 18 1 2 1 1 2 1 0 2 6 0 2 0 12 0 1 7 4 10 0 5 0 4 3 2 1 3 1 7 1 6 2 1 4 5 5 4 0 10 1 2 9 11 4 3 7 2 4 9 5 3 11 0 6 3 0 8 2 3 8 0 3 2 6 8 9 1 2 14 10 6 2 26 6 4 1
4 6 18 8 13 2 1 4 1 11 3 4 4 10 12 2 19 5 18 0 12 15 5 8 3 2 1 6 13 0 3 1 4 26 28 10 7 1 3 4 0 2 7 3 4 9 6 45 4 1 4 6 6 24 19 7 0 4 16 1 1 5 8 1 47 37 0 22 22 10 16 10 0 8 3 3 11 8 9 3 20 8 3 1 7 0 20 1 11 0 4 1 10 2 0 4 0 15 5 0
1 4 4 1 6 3 2 6 0 18 3 0 0 11 3 7 3 0 3 2 2 2 4 0 2 0 1 7 9 2 0 0 0 8 8 10 0 7 0 0 3 11 5 8 2 0 4 2 19 8 1 27 18 1 8 1 5 1 0 2 1 0 2 10 2 6 33 1 4 3 12 0 3 6 0 11 6 1 4 0 8 0 3 1 3 3 17 7 0 3 1 5 8 2 6 9 36 14 3 0
4 2 25 2 2 18 4 0 6 1 0 0 10 15 13 9 1 1 1 1 2 3 29 31 5 1 0 15 1 0 3 8 6 2 3 47 18 12 2 15 16 28 1 6 12 11 0 4 5 10 0 10 1 1 21 10 10 1 11 7 4 0 25 14 2 5 2 1 9 9 1 0 4 0 1 19 0 1 4 16 1 13 12 10 0 9 16 16 0 0 8 3 5 6 3 25 1 7 18 2
0 2 0 0 0 1 0 1 1 0 0 0 0 0 1 2 0 0 1 1 0 0 0 2 0 0 0 0 0 0 0 0 0 0 0 0 0 1 3 0 0 1 0 0 0 1 1 4 0 0 0 0 1 0 1 0 0 0 0 0 2 0 0 3 0 0 0 0 0 0 0 0 0 0 0 0 0 0 0 0 0 0 0 1 0 0 0 2 0 0 0 0 1 0 0 1 2 0 1 0
0 0 5 1 17 1 0 10 27 9 14 3 13 3 10 2 5 10 5 1 6 8 14 6 10 0 0 12 20 8 14 6 29 3 2 12 3 14 3 2 5 11 5 3 7 0 8 0 25 17 0 12 3 6 18 2 4 0 9 12 13 9 21 0 8 0 4 22 8 8 7 20 4 1 12 17 4 8 3 2 18 17 30 0 1 5 0 1 3 22 16 15 1 5 1 5 3 6 29 5
3 4 1 17 4 0 16 11 0 1 19 7 3 4 9 0 28 26 4 12 0 11 7 11 6 0 3 3 3 0 0 4 4 7 3 1 14 5 1 6 1 1 4 15 13 3 2 3 1 29 4 2 5 6 0 7 0 8 1 2 0 0 4 4 12 10 14 14 1 3 9 12 21 5 7 6 9 8 1 11 5 11 15 11 16 3 1 15 0 5 9 0 17 11 6 13 1 3 9 10
0 0 2 1 0 1 0 0 0 0 0 0 0 5 0 0 0 0 2 1 0 0 0 1 0 0 1 1 0 1 0 1 0 3 0 0 0 0 0 0 1 0 3 0 0 0 0 5 0 0 0 0 0 1 0 0 0 0 1 0 0 2 1 0 1 2 0 0 0 0 0 0 0 0 0 1 0 0 0 0 0 0 0 0 2 0 1 0 0 0 0 0 0 1 1 0 1 0 0 0
1 0 3 3 4 3 3 9 0 9 9 2 0 8 3 7 3 0 1 3 3 2 3 9 0 0 1 0 0 0 10 4 1 2 3 18 0 16 18 7 0 17 3 0 3 1 2 0 4 7 1 15 1 1 6 6 3 5 0 22 1 0 3 11 5 1 2 1 11 18 0 0 7 0 0 0 1 1 0 1 0 22 0 2 3 0 0 4 5 1 0 6 0 5 2 0 8 0 2 7
10 0 18 3 18 6 0 0 9 11 7 2 5 5 1 17 0 6 0 18 1 6 4 13 6 1 0 1 0 4 1 9 1 6 10 1 12 2 15 10 16 5 8 8 8 0 26 3 5 22 5 0 4 3 7 3 4 21 2 0 15 1 9 6 4 16 4 21 5 3 0 10 11 4 17 3 11 12 2 20 5 5 8 2 0 11 12 22 3 0 6 2 2 2 4 1 3 19 2 11
0 0 1 2 1 0 0 0 1 1 2 0 0 0 0 0 1 0 0 1 0 1 1 0 0 0 0 1 2 0 0 1 0 0 0 0 1 0 0 0 0 0 0 0 0 0 0 1 0 0 0 0 0 0 2 0 0 2 0 0 0 1 1 0 0 0 1 1 1 0 0 0 0 0 1 0 1 0 0 0 0 0 1 2 0 0 0 0 0 0 0 12 0 2 0 0 0 0 0 0
0 0 0 4 10 0 2 1 3 4 0 4 6 2 5 8 0 4 2 4 4 0 2 8 0 7 0 2 1 1 3 2 5 0 3 13 1 10 2 7 4 0 1 3 2 12 1 8 10 4 0 10 9 1 1 5 1 0 4 0 0 5 3 1 13 9 7 2 9 14 5 0 12 0 0 3 1 3 0 0 7 8 3 10 2 3 2 11 11 3 1 1 5 6 3 4 16 0 1 1
2 1 18 3 1 2 3 9 1 4 7 0 12 3 3 4 8 0 4 8 6 1 1 0 3 4 10 4 0 0 11 3 3 4 5 7 0 2 6 2 0 4 2 0 7 3 3 7 1 8 13 1 2 11 6 3 22 4 18 4 3 1 0 0 5 0 4 1 16 0 0 0 2 6 5 1 4 1 25 0 12 3 30 0 1 1 6 8 1 7 2 2 0 0 0 1 1 0 3 1
0 0 2 0 0 0 0 0 0 0 0 0 0 0 0 1 0 0 2 0 0 0 0 1 1 0 0 0 3 0 0 0 0 0 1 3 0 0 0 0 1 1 6 0 0 0 0 1 0 0 0 0 0 0 2 0 0 0 1 3 0 0 0 0 0 0 0 2 0 0 0 0 0 0 1 1 0 1 0 1 2 0 0 1 3 0 0 0 2 0 0 0 0 0 0 1 0 0 0 0
0 6 2 0 0 6 10 8 6 6 0 0 5 3 0 11 0 8 0 3 1 7 14 6 0 5 2 2 8 2 2 0 20 4 5 0 8 7 4 2 7 1 2 2 0 8 0 3 1 0 1 0 0 0 0 9 2 2 3 6 2 2 4 5 0 1 2 13 4 5 15 1 1 3 3 8 0 1 2 3 1 4 3 4 7 0 4 10 0 9 1 30 7 3 4 0 1 12 17 0
16 7 9 2 26 27 3 8 20 4 8 11 14 17 8 18 4 3 14 4 1 13 5 1 16 15 15 3 4 10 9 1 6 2 11 5 2 11 1 6 5 0 1 14 4 3 2 17 6 0 18 7 3 3 18 0 0 0 18 6 4 7 5 9 20 4 10 13 7 1 8 11 28 2 2 6 24 4 6 6 9 11 26 19 34 9 5 6 7 12 4 3 26 1 0 0 3 1 1 20
1 8 0 5 22 0 17 19 11 13 5 7 0 4 3 2 6 27 3 4 14 10 13 9 1 4 1 14 0 14 5 2 6 13 5 3 8 19 12 0 2 17 16 9 10 32 7 5 12 9 14 5 4 49 6 1 10 4 7 7 7 6 3 13 2 8 12 2 4 1 2 21 15 31 12 10 8 6 3 12 20 5 3 2 24 1 33 6 2 6 0 5 1 5 2 9 5 5 8 37
4 2 6 2 3 11 4 15 1 0 0 4 3 7 4 17 2 18 3 4 6 4 1 6 3 14 22 9 17 9 11 0 0 42 6 2 0 0 5 0 7 20 6 0 0 12 9 1 0 4 0 3 38 1 1 3 1 3 1 5 8 5 1 1 11 3 38 52 5 1 2 10 0 6 3 2 13 1 1 43 11 8 0 16 4 10 1 18 0 1 54 12 19 9 15 0 2 5 0 1
1 13 2 0 14 15 8 7 1 3 3 0 16 16 0 6 23 9 5 14 10 1 16 2 2 10 16 7 4 5 10 11 10 5 9 4 3 2 13 3 3 8 9 3 3 20 3 3 1 0 14 3 9 5 12 5 0 22 7 8 14 1 2 3 7 10 22 16 3 1 17 11 8 20 7 23 11 1 2 0 36 17 20 4 5 2 1 24 22 12 2 6 11 0 0 1 14 17 12 6
0 1 0 1 10 0 0 0 0 1 1 0 0 0 0 0 0 0 0 3 0 0 3 1 0 1 0 0 0 1 0 0 1 0 0 0 0 0 0 1 0 0 0 0 1 1 0 0 0 0 1 0 1 0 1 0 0 0 0 0 0 0 0 0 2 1 0 1 1 2 1 0 0 1 0 1 0 0 0 0 0 2 0 0 0 1 1 0 0 0 0 0 1 0 0 0 0 0 0 0
4 2 14 10 14 1 8 13 1 0 19 6 2 1 13 13 31 4 3 8 10 1 6 0 5 10 2 4 5 3 2 1 1 6 1 5 7 2 2 5 2 7 26 1 26 7 18 13 3 1 26 5 19 43 3 18 4 9 1 6 1 2 2 19 13 1 3 2 22 16 12 12 13 4 5 10 3 4 1 36 4 4 6 8 0 6 21 8 3 4 5 1 6 2 28 9 0 3 27 12
2 10 2 1 8 15 2 1 5 2 6 0 4 42 9 2 12 2 4 15 11 0 3 13 3 2 14 14 6 4 10 15 24 1 0 0 25 3 9 35 15 12 23 17 7 5 15 1 0 0 2 5 6 12 11 10 4 0 4 2 0 27 2 2 2 3 4 1 10 0 1 10 1 4 2 1 3 13 4 31 0 14 5 2 4 20 11 1 9 23 9 27 10 0 3 28 7 1 0 2
4 4 1 16 2 23 5 14 2 22 1 3 2 10 40 4 6 2 15 0 6 7 1 8 6 0 5 0 0 2 4 2 2 9 18 5 9 2 8 2 3 9 4 0 8 2 12 15 0 0 19 8 8 4 3 38 14 23 28 0 3 14 4 3 1 7 3 2 4 5 28 16 3 0 3 9 7 8 8 9 23 3 7 0 20 32 6 0 5 11 15 28 20 12 4 0 3 3 10 8
15 18 11 30 20 5 2 7 1 2 7 9 2 4 8 0 16 14 4 4 1 3 2 0 7 17 10 0 16 0 24 5 10 16 8 10 23 2 6 3 6 52 3 11 12 60 3 0 0 5 4 9 2 7 0 9 37 7 2 4 26 2 1 0 14 10 8 6 1 1 8 7 5 3 15 3 1 0 1 39 5 20 0 0 2 4 1 2 0 7 13 6 8 7 2 3 28 6 1 25
1 4 5 0 3 4 1 1 6 4 1 0 3 0 4 9 0 6 7 5 0 6 0 0 3 13 11 2 0 6 0 4 3 4 0 6 2 4 0 0 5 9 5 5 3 3 1 1 0 0 7 1 5 2 4 10 0 0 3 0 1 12 6 0 1 2 0 5 0 10 15 0 2 2 3 4 14 10 2 3 1 1 8 0 6 0 4 5 0 28 7 5 6 11 1 10 1 1 2 2
0 0 0 1 0 1 0 0 1 0 0 1 0 0 0 0 2 0 0 0 0 0 0 1 0 0 0 0 0 1 0 0 0 0 1 0 0 0 0 1 0 0 0 0 1 0 1 1 0 0 0 0 0 0 0 1 1 2 0 2 0 1 0 0 0 0 0 1 0 0 1 1 0 2 1 1 0 0 2 0 0 0 0 0 1 1 0 0 0 0 1 1 1 0 0 1 0 1 3 0
0 7 4 2 0 4 1 3 9 9 0 0 0 6 11 5 2 0 3 5 1 7 2 2 0 2 3 0 5 4 2 2 0 0 2 3 0 4 0 9 0 1 3 6 3 3 4 3 0 3 0 6 0 3 19 0 2 2 3 0 1 15 5 4 0 2 0 0 1 1 4 2 5 18 5 1 3 5 1 9 1 3 6 2 6 6 12 0 0 0 6 4 11 2 4 2 1 17 1 2
0 0 1 0 0 0 0 2 0 0 0 0 0 0 1 1 0 0 0 8 0 3 0 0 0 0 0 1 0 0 1 0 0 1 2 0 0 0 2 1 0 0 2 1 0 0 2 2 1 0 0 0 0 0 0 2 0 0 0 0 0 1 1 1 2 0 1 0 0 0 0 3 0 0 3 0 0 0 0 0 0 0 1 2 1 1 0 0 0 0 1 1 0 0 1 0 0 1 1 0
0 0 0 0 0 0 0 0 1 3 0 0 0 0 1 0 0 0 0 0 0 0 1 1 0 0 0 0 0 0 0 0 0 0 0 0 0 0 0 0 2 0 6 1 3 0 0 0 1 0 0 0 2 3 0 1 0 0 0 0 1 1 0 1 0 0 0 0 0 1 0 0 0 1 2 1 0 1 0 0 0 0 0 0 0 0 0 1 1 0 0 10 0 1 0 1 0 0 0 0
0 1 0 0 0 0 0 2 0 2 0 1 1 0 1 0 0 0 0 0 0 0 0 0 0 0 0 1 0 0 0 0 0 0 0 1 0 0 0 1 0 1 0 1 0 0 0 1 0 0 0 0 0 1 0 1 0 0 1 0 0 0 0 0 1 0 0 2 0 1 0 1 0 0 0 0 0 0 0 0 0 1 0 0 1 0 0 0 0 0 0 0 1 1 0 1 2 0 1 0
0 1 2 19 5 5 2 1 0 0 0 10 11 7 1 1 0 1 0 11 0 4 5 2 2 1 4 0 0 5 0 0 0 16 2 0 0 2 1 1 7 7 0 0 1 1 4 6 2 6 0 0 0 1 0 0 2 4 2 1 0 3 4 6 10 4 0 0 3 0 9 2 9 0 1 6 3 4 0 1 4 0 15 7 1 1 0 0 0 0 0 14 2 2 0 1 0 0 0 3
0 1 0 0 2 0 0 0 0 0 0 0 0 0 0 2 0 1 0 6 1 0 0 1 2 0 0 1 0 0 2 1 0 1 0 0 0 0 0 1 0 0 0 0 0 0 0 4 1 1 0 0 0 1 0 0 0 2 0 1 0 0 1 1 0 0 0 0 0 0 0 0 1 0 0 0 0 0 0 0 0 1 0 1 0 0 0 0 1 1 0 0 0 0 0 0 0 0 0 3
6 5 4 8 1 5 0 0 7 4 9 1 2 1 1 4 0 1 2 2 16 5 3 1 0 4 5 6 1 0 0 0 10 0 3 2 2 5 21 8 0 5 0 12 5 2 10 12 5 6 2 2 2 5 1 3 0 2 0 4 0 0 2 1 7 0 12 6 2 7 3 3 3 3 12 5 10 1 6 7 0 1 0 2 2 0 7 5 0 2 3 0 0 3 1 2 3 6 2 2
5 12 21 2 3 8 9 15 3 1 3 13 0 1 13 6 7 7 9 7 8 4 5 0 21 6 1 2 0 6 3 3 0 3 2 5 6 3 6 22 11 6 5 3 4 17 2 3 0 3 8 7 9 10 14 0 14 1 17 0 18 1 4 19 2 2 18 19 27 2 5 2 0 4 3 0 27 8 1 0 5 3 8 14 51 13 3 2 4 6 7 19 3 1 7 8 0 13 16 0
6 2 0 2 6 3 0 3 5 11 1 1 4 3 17 2 1 17 1 1 1 0 6 11 5 0 5 1 2 1 0 4 7 10 1 0 3 11 19 6 16 4 0 12 18 7 5 2 11 7 1 1 5 5 3 2 13 11 3 0 0 6 2 11 5 7 2 3 9 3 2 1 14 14 1 0 2 1 1 2 3 1 3 5 3 1 7 0 3 1 12 2 0 13 0 0 8 2 0 2
