1 1 0 2 1 8 7 5 2 0 0 4 1 4 5 3 8 1 8 0 2 3 0 6 3 2 12 10 4 5 0 2 0 0 13 13 1 3 5 11 2 0 3 5 0 2 2 6 1 2 0 4 3 8 0 3 3 1 1 3 4 5 0 3 4 3 16 2 1 3 3 0 14 2 5 10 2 3 2 5 6 15 8 5 0 22 1 1 6 11 12 5 0 5 0 14 3 0 2 4
0 0 0 0 1 0 2 0 0 0 0 0 8 0 0 1 0 0 0 1 0 0 0 1 1 1 0 0 0 0 0 0 1 0 10 0 0 1 0 0 0 0 0 0 0 1 0 2 0 1 2 0 0 2 1 2 0 0 0 0 0 0 2 2 0 0 0 0 0 0 2 1 0 0 0 0 0 0 0 0 0 0 0 3 1 0 3 3 0 0 0 0 0 0 0 2 0 0 0 0
0 0 0 0 0 1 1 0 1 0 0 1 0 0 0 0 0 2 0 0 0 0 0 1 0 0 1 1 1 0 0 0 0 0 0 0 3 2 0 0 0 0 0 0 2 0 0 1 0 0 0 3 0 0 0 0 0 0 0 0 0 0 0 0 0 0 0 0 1 0 1 2 1 3 0 0 1 0 0 0 0 0 0 0 1 0 0 0 0 2 0 0 0 0 0 0 0 1 1 0
1 20 13 5 11 3 4 2 2 4 5 17 13 28 8 9 2 11 0 6 0 5 5 10 13 11 23 0 2 8 7 19 4 3 8 2 1 0 2 2 0 4 18 8 0 4 14 9 2 0 12 9 2 2 10 10 2 18 8 7 1 1 0 6 16 4 1 10 7 3 14 0 17 5 6 0 14 0 0 2 8 0 10 9 4 14 1 4 20 13 6 6 7 5 2 3 2 7 0 3
1 1 0 0 3 0 4 3 0 0 0 0 9 0 0 0 0 0 0 0 0 0 1 0 0 0 0 0 0 1 0 0 2 0 5 0 0 0 0 0 2 0 0 0 0 1 0 0 1 0 0 1 0 0 0 0 1 0 3 10 0 0 2 0 4 0 1 0 0 0 0 0 1 0 0 2 1 0 0 0 0 0 0 0 0 0 0 0 3 0 1 0 1 0 2 0 0 0 0 0
0 0 1 1 0 1 0 1 0 1 0 0 2 0 0 0 2 0 0 0 0 0 0 0 1 1 0 0 0 1 0 1 0 1 1 2 1 0 0 1 0 0 0 0 0 1 0 0 1 0 0 0 0 0 1 2 0 0 2 0 0 1 0 0 0 1 0 0 0 0 0 0 1 1 0 0 0 1 0 1 1 0 0 5 0 2 0 0 1 0 0 1 0 0 0 0 0 0 0 0
6 4 17 2 4 2 2 6 9 7 4 4 0 2 1 4 9 1 3 1 0 0 1 2 0 7 1 1 7 1 9 6 15 4 1 1 0 2 0 1 3 3 13 2 9 2 0 2 3 2 9 5 6 9 0 1 0 5 0 1 0 1 5 10 3 7 0 2 1 3 0 4 1 4 0 3 0 4 3 12 3 0 3 8 1 2 3 2 11 15 7 1 0 0 3 0 1 0 0 7
4 9 0 7 2 0 0 7 2 1 2 1 2 13 6 1 4 2 1 10 1 3 16 2 1 0 4 14 2 1 3 0 3 1 3 0 1 0 0 0 5 6 22 2 1 3 2 0 0 1 8 5 7 4 10 6 7 1 19 4 13 5 1 2 0 1 10 2 2 0 1 0 11 3 2 1 1 0 2 8 6 0 5 3 3 12 4 2 4 6 9 1 6 4 2 0 1 3 11 6
6 0 5 0 2 8 0 3 0 11 5 2 5 6 2 0 5 0 12 4 0 2 1 5 11 2 17 3 2 1 1 0 4 1 1 1 2 7 6 0 17 0 3 5 2 1 3 0 9 18 1 6 0 0 2 1 5 1 11 11 15 1 0 0 0 1 22 3 1 1 8 1 0 0 2 2 3 4 3 12 0 8 4 4 1 4 3 10 5 5 3 2 11 13 0 3 0 2 8 1
1 9 17 0 1 15 6 2 12 1 6 0 15 12 8 3 9 2 0 3 18 9 10 5 14 1 6 2 15 9 11 1 5 6 7 1 1 5 11 1 0 11 6 3 4 14 3 10 13 0 0 1 13 5 6 4 11 4 3 0 0 3 3 1 6 2 3 14 1 3 3 5 14 21 13 4 8 0 3 8 5 5 3 22 14 36 6 20 2 6 2 20 6 0 0 7 15 6 1 20
0 0 0 1 0 0 0 0 0 0 3 0 0 0 0 0 0 0 0 0 0 0 1 1 0 0 0 0 0 0 0 0 0 26 0 2 0 0 1 0 0 0 0 0 0 0 0 0 1 0 0 0 0 0 2 0 0 0 0 0 8 0 0 0 0 1 0 0 0 1 0 1 0 0 0 4 0 16 0 0 0 1 0 8 1 0 0 0 1 0 0 1 2 0 2 0 1 0 7 0
0 7 1 0 23 16 1 4 4 1 5 0 0 0 0 7 7 14 12 0 1 2 2 14 3 5 2 4 2 1 3 2 3 5 0 6 5 4 1 9 1 0 3 5 5 2 20 1 13 3 7 0 7 21 3 7 3 5 12 33 0 2 8 11 1 1 3 0 1 0 1 4 5 7 2 2 3 2 0 6 3 1 7 0 0 4 7 20 7 5 6 0 1 7 0 2 0 8 16 3
0 0 1 0 0 1 0 0 1 0 0 0 0 0 0 2 0 0 0 0 0 0 0 0 0 0 0 2 1 0 0 0 0 0 1 1 1 0 0 1 0 0 1 0 5 0 0 4 1 0 0 0 0 1 1 1 0 1 0 0 1 0 0 0 0 0 0 0 0 1 1 0 1 0 0 0 1 2 0 2 1 0 0 0 1 0 0 0 0 0 1 0 0 0 0 1 1 0 0 0
4 0 13 10 2 0 14 2 6 3 2 0 0 2 0 8 0 9 5 4 6 0 1 10 10 5 7 1 4 1 9 11 13 2 6 2 1 4 0 7 16 4 19 3 6 17 1 3 0 0 0 0 33 2 15 3 0 3 6 3 10 1 8 5 2 6 3 15 9 4 11 0 0 1 0 2 2 7 9 3 1 0 2 0 4 2 1 9 0 23 4 12 1 1 5 6 1 4 1 0
7 3 4 5 3 3 2 1 4 7 4 0 10 5 9 9 19 1 0 5 6 3 0 6 3 0 3 2 10 12 3 7 3 1 1 5 0 2 0 2 3 4 0 5 10 3 0 3 1 1 0 0 1 0 8 6 2 1 2 2 1 1 0 3 2 0 0 14 3 16 5 0 4 0 5 5 2 5 1 1 4 3 3 0 12 4 15 0 2 6 3 19 9 1 4 2 3 0 5 3
2 46 4 2 50 6 1 20 30 4 0 0 3 1 6 5 3 9 7 6 0 1 8 1 23 6 0 12 4 24 5 16 2 0 5 2 1 6 0 0 11 3 9 8 6 42 1 1 7 10 9 21 3 19 10 13 27 9 18 16 10 10 7 29 17 10 1 7 11 19 1 16 2 5 0 2 5 2 4 28 2 40 6 0 14 5 0 1 2 31 11 6 10 1 11 2 27 1 5 0
10 2 0 6 3 8 0 29 15 0 1 7 0 1 14 10 3 10 5 2 1 3 6 1 3 11 5 1 0 2 4 1 12 0 5 2 0 1 2 2 0 9 1 7 5 6 4 17 5 7 5 6 4 2 6 1 6 1 4 4 4 1 0 2 1 2 0 2 5 4 1 9 2 3 0 4 9 1 1 1 2 1 5 9 4 0 0 1 6 2 6 1 12 2 10 1 4 1 0 2
1 2 0 14 3 2 1 7 2 9 28 1 0 12 4 0 10 7 0 4 4 2 6 1 8 10 2 1 17 0 0 0 1 28 0 26 0 0 21 1 1 26 2 7 4 0 0 0 4 2 1 2 0 14 5 0 0 1 10 1 29 1 12 1 2 10 3 1 5 12 2 4 0 0 4 5 11 15 5 2 1 6 1 44 0 11 4 3 2 6 3 5 11 2 4 3 5 3 1 11
2 0 0 0 0 0 0 0 1 0 0 0 0 0 0 1 0 1 1 0 0 1 2 0 0 0 0 1 0 1 0 0 1 1 0 1 3 0 0 0 1 0 0 2 23 0 0 2 0 0 0 0 1 1 0 0 0 1 0 0 0 0 0 0 0 0 0 0 2 0 1 2 1 0 1 0 1 0 0 0 0 1 0 0 0 0 0 0 0 1 1 1 1 0 0 0 0 1 0 0
0 1 6 30 1 23 0 6 31 8 10 8 4 7 17 1 3 0 1 2 12 8 4 3 4 3 6 0 9 8 1 5 0 3 4 2 3 6 12 2 14 11 1 2 1 3 1 3 3 12 9 8 17 15 0 5 2 23 2 22 1 3 7 0 4 3 0 1 40 11 15 2 3 6 1 9 9 4 2 6 36 9 34 3 6 17 19 10 2 2 16 8 0 7 6 3 0 7 1 7
1 8 17 4 7 4 4 3 8 0 0 1 2 3 6 0 3 0 0 0 10 9 7 3 0 1 14 1 0 7 3 2 8 2 3 2 9 4 0 0 4 21 10 7 3 4 0 7 0 9 2 0 8 5 2 1 10 0 10 4 12 11 4 1 3 4 2 0 14 5 0 0 14 2 1 11 1 4 2 2 4 9 6 1 4 3 3 3 14 1 0 0 0 7 1 4 3 9 13 22
3 3 1 6 14 10 6 17 3 9 9 21 15 6 8 6 0 0 5 12 7 4 6 7 11 8 21 14 1 33 6 15 15 4 6 2 9 22 1 0 23 2 0 1 7 6 9 5 14 8 0 21 0 15 5 6 5 3 1 6 0 2 0 0 11 0 2 5 2 2 19 1 8 22 0 2 15 34 28 7 17 5 8 11 12 22 3 13 13 39 2 13 28 5 14 6 7 10 0 2
1 22 1 4 2 12 0 5 1 2 8 1 0 4 7 0 12 8 3 9 0 19 17 1 6 6 5 0 3 9 1 1 0 4 1 3 1 0 3 2 0 3 0 0 8 1 1 5 1 1 24 2 7 0 1 1 2 0 0 0 5 4 1 0 0 0 3 0 12 1 0 7 2 2 0 11 14 2 4 5 2 8 11 13 0 9 4 1 0 13 15 1 0 3 3 0 10 3 1 3
0 0 0 0 2 2 1 1 0 3 2 0 14 0 0 2 1 2 0 0 1 0 0 0 0 0 0 0 0 2 0 0 0 1 2 0 0 0 0 0 0 0 1 1 0 0 1 0 1 0 1 0 0 0 1 0 0 0 0 0 0 0 0 0 0 0 0 1 1 0 0 0 0 0 0 0 0 0 0 0 1 0 1 0 0 0 5 0 1 0 1 1 0 2 0 0 1 0 0 0
0 0 0 0 0 0 1 0 0 0 1 1 0 0 0 0 0 0 0 0 1 0 0 1 0 1 0 0 0 2 0 0 0 19 0 0 0 0 0 0 0 3 0 1 0 1 1 0 1 0 0 0 0 0 0 0 0 0 0 0 6 0 0 0 1 0 0 0 0 3 0 0 2 0 0 13 0 2 0 0 1 0 0 5 1 0 0 1 0 0 0 0 0 1 1 0 0 2 1 0
13 1 4 8 13 20 2 13 3 9 4 1 1 5 5 7 3 3 6 0 13 2 5 1 5 3 0 2 2 3 2 13 4 8 3 11 0 0 0 4 1 9 2 1 2 3 1 15 2 3 1 1 7 4 5 2 0 9 6 10 2 1 12 7 1 6 1 2 2 1 1 0 4 16 4 1 2 13 0 5 7 5 2 0 6 0 0 7 3 2 1 5 2 0 0 7 3 2 2 14
1 0 2 2 1 0 0 1 0 0 0 0 0 1 2 0 3 0 0 0 0 0 0 0 0 2 3 0 0 3 0 0 0 1 0 0 3 0 0 0 0 1 1 0 0 0 0 0 0 1 0 0 0 0 0 0 0 2 0 0 2 0 0 0 0 2 7 0 0 1 2 0 0 0 0 0 0 0 0 0 0 1 1 0 0 0 1 0 0 0 0 0 0 2 0 0 3 1 0 0
5 0 1 2 0 2 0 3 3 4 3 0 0 1 3 0 0 0 5 6 3 7 10 10 26 9 9 1 6 1 1 2 9 0 0 2 3 13 0 12 2 3 1 0 2 0 6 1 4 2 3 1 1 5 2 3 2 0 4 1 0 5 8 1 0 9 2 2 5 2 3 9 1 3 0 3 3 1 0 0 0 10 4 0 1 4 13 0 7 9 6 1 1 1 8 5 2 0 7 1
2 2 0 0 5 2 5 3 8 6 3 6 0 1 0 4 4 5 3 3 1 3 6 9 1 0 1 4 3 0 0 6 0 9 0 1 1 5 0 5 5 8 0 0 3 0 6 5 2 0 1 3 0 1 0 2 5 2 8 2 3 3 5 0 4 6 10 0 7 6 1 1 28 4 4 0 1 0 17 13 4 2 9 1 0 4 1 4 0 2 15 0 0 2 7 1 1 16 0 9
0 5 11 1 0 5 7 0 1 0 5 9 3 3 3 0 3 0 6 0 1 2 5 3 6 2 1 2 2 13 1 11 0 0 2 3 1 8 17 4 3 2 10 2 0 9 0 11 12 1 0 5 0 0 2 0 2 3 0 1 6 6 0 4 11 4 20 14 4 9 1 1 8 3 1 7 0 20 2 0 0 5 4 3 2 1 0 0 0 2 5 5 0 1 0 3 0 0 0 10
13 7 9 15 6 6 5 38 0 2 21 5 4 17 10 11 3 4 2 5 0 5 17 13 13 4 13 2 18 6 10 0 2 8 1 19 19 7 9 3 11 4 8 2 11 0 5 0 13 3 8 7 2 9 5 1 13 3 2 10 15 14 1 13 5 0 3 5 5 5 27 15 0 1 15 17 0 1 6 5 1 5 7 2 1 25 3 4 11 15 15 7 1 30 27 35 8 2 18 7
2 11 2 6 11 3 1 0 4 3 38 1 15 5 9 14 5 2 2 2 0 8 10 2 0 2 5 1 21 9 1 12 7 1 7 12 5 9 1 1 5 0 10 15 7 7 1 2 5 0 3 1 8 0 17 4 2 10 2 1 6 18 1 2 6 3 11 5 12 5 5 0 4 7 3 3 0 1 0 1 8 4 18 11 2 0 1 1 8 1 12 0 7 1 2 8 35 13 1 8
2 5 0 0 2 0 0 2 5 6 3 2 0 16 0 16 6 3 8 3 0 6 3 7 3 0 5 5 5 3 2 9 0 3 9 2 1 1 25 5 2 0 4 0 0 1 0 6 1 4 5 3 0 5 1 6 1 0 0 3 0 3 6 7 1 7 1 0 8 5 3 4 0 6 9 6 11 9 9 2 0 4 2 1 3 3 1 2 12 1 16 3 5 0 1 0 2 5 5 1
4 4 6 12 0 1 11 4 5 1 7 12 1 3 2 0 9 5 3 1 1 2 12 0 12 17 10 5 53 3 11 3 11 0 7 10 18 6 11 2 21 2 0 1 0 4 32 12 7 11 11 9 8 3 0 4 0 0 20 8 6 1 4 8 1 21 12 1 9 5 5 0 0 3 12 19 1 0 11 1 5 0 9 1 14 8 1 6 5 24 7 38 2 3 5 0 0 5 0 2
3 3 6 1 2 6 0 15 0 7 3 4 0 12 0 1 4 0 1 3 6 1 0 9 10 4 3 1 0 3 7 0 7 1 0 0 0 0 0 1 6 0 0 0 0 4 3 9 3 10 1 0 6 3 4 3 1 1 7 17 3 3 3 3 2 8 0 0 2 0 10 12 1 0 12 0 1 0 2 4 3 1 0 1 5 2 0 5 2 0 5 1 4 3 6 8 2 15 5 0
3 4 2 8 2 5 8 1 4 1 2 0 0 2 0 2 5 3 7 16 3 22 1 20 3 6 11 35 6 0 0 10 0 3 0 4 0 2 2 1 2 4 10 1 9 5 1 1 1 6 3 0 5 0 6 13 12 2 4 15 1 11 24 9 12 4 8 0 6 4 2 2 15 2 5 9 3 5 10 14 12 13 0 3 2 1 13 10 0 5 12 1 0 1 7 22 6 7 11 6
7 8 7 1 6 1 2 9 1 0 2 1 3 3 3 9 2 0 9 0 8 8 0 1 3 2 1 3 12 1 5 0 1 4 2 3 2 4 7 2 2 0 2 12 1 6 1 12 1 4 0 2 5 3 0 0 5 9 18 3 0 3 4 6 0 0 0 3 0 8 20 28 15 11 0 7 9 1 2 4 6 4 0 2 3 4 5 9 7 0 2 0 1 2 1 2 0 5 3 3
25 1 3 13 4 18 13 2 29 2 4 2 7 17 0 2 12 8 26 10 7 0 11 2 5 13 18 2 5 10 16 5 5 0 2 17 13 0 10 0 7 0 16 6 11 3 0 16 21 2 11 3 17 3 2 8 10 0 1 10 0 0 14 12 11 15 3 17 7 2 2 3 1 4 2 0 7 5 17 9 3 10 5 1 4 1 3 3 5 1 2 13 7 3 2 6 2 12 4 12
25 8 35 2 13 11 13 1 10 1 6 1 9 19 0 6 11 7 2 3 0 0 11 4 3 6 0 0 3 5 0 0 1 0 1 11 26 6 7 19 25 4 0 12 1 12 12 2 2 3 6 1 2 16 1 10 15 0 11 3 10 1 8 3 3 1 3 12 0 6 7 3 2 2 10 1 9 0 1 6 6 6 5 1 26 26 21 10 33 5 17 8 10 29 6 0 18 2 3 1
1 0 0 0 0 0 0 1 0 1 2 0 7 0 1 0 0 0 0 1 0 0 0 2 0 1 0 0 0 0 1 0 0 0 3 1 0 1 0 1 2 0 0 0 0 0 3 1 0 2 0 0 0 0 0 0 0 0 0 0 1 0 0 0 0 0 1 0 0 0 0 0 0 0 0 1 0 0 0 1 0 1 0 0 0 0 0 0 0 0 0 0 0 1 0 0 2 0 0 0
17 10 27 7 0 0 16 10 5 11 0 16 21 25 3 0 2 3 10 4 12 15 4 0 5 19 8 3 3 11 4 8 1 21 1 13 19 0 14 4 1 4 3 4 1 6 9 3 10 2 0 14 5 1 3 0 14 2 2 13 3 7 4 1 8 2 6 15 4 17 10 11 0 31 32 17 11 19 8 13 0 15 0 1 2 26 10 5 0 11 9 0 2 2 8 1 17 2 1 5
1 0 0 0 0 0 0 1 1 0 0 0 0 1 0 0 0 0 1 0 0 0 0 0 0 3 0 1 0 1 0 0 0 3 0 0 1 1 0 1 0 1 2 0 1 0 0 0 1 0 0 1 0 0 0 1 0 0 0 0 0 0 0 0 0 1 2 0 0 1 0 0 0 1 0 1 1 1 0 0 1 0 1 0 0 1 0 0 0 0 5 0 0 3 0 0 0 0 0 0
0 0 0 0 0 0 0 1 1 0 0 0 0 2 1 1 0 1 1 0 0 0 0 0 0 0 0 1 0 0 1 0 0 6 0 2 0 0 0 0 1 0 1 1 2 3 0 0 0 0 0 0 0 1 0 1 0 1 1 0 7 0 1 0 0 0 2 1 0 0 0 0 0 0 0 0 0 1 0 0 1 1 0 8 2 0 0 0 0 0 1 0 1 1 1 1 0 0 1 0
7 0 2 2 3 1 4 4 1 16 1 8 0 3 1 8 2 2 1 0 9 2 5 18 0 0 29 3 3 3 18 6 2 29 1 0 5 8 5 5 3 8 2 2 7 1 2 2 6 1 14 4 19 7 13 18 0 2 3 5 25 5 0 7 2 0 2 2 2 3 3 7 7 0 6 14 5 15 0 0 0 9 0 4 3 1 18 6 1 8 0 3 2 0 4 8 0 2 6 1
0 0 0 1 0 0 0 0 3 0 1 0 1 1 0 0 0 0 0 0 0 0 2 2 2 0 1 0 1 0 0 0 0 0 0 0 0 0 2 0 0 1 0 0 0 0 0 0 0 0 0 1 0 0 0 0 1 1 0 2 0 1 0 1 0 0 0 0 2 0 0 1 1 0 0 0 1 0 0 0 0 0 0 0 2 0 0 0 0 0 0 1 0 5 0 1 0 1 0 2
6 11 4 2 1 1 5 6 1 0 1 1 1 10 11 12 5 1 1 33 15 3 0 11 3 10 5 7 8 13 19 26 2 8 6 1 16 5 20 8 5 8 3 1 5 1 7 11 4 28 2 14 4 18 7 3 1 18 26 2 0 3 2 4 0 8 3 1 3 8 2 1 33 14 3 15 5 4 1 7 17 3 19 3 8 16 10 14 2 8 8 10 3 28 2 1 4 7 0 12
7 0 0 0 18 13 5 19 11 21 14 24 2 12 7 1 0 0 0 6 6 3 3 12 15 27 9 7 0 3 1 0 0 2 10 1 7 4 4 2 2 2 7 11 3 8 5 3 5 3 13 8 4 6 6 5 18 3 20 0 15 7 11 14 0 5 6 0 2 6 6 9 5 3 2 1 16 18 20 5 5 31 24 0 3 2 15 4 10 6 6 2 4 7 27 23 9 4 17 8
0 0 0 3 0 0 0 0 0 0 0 0 1 0 0 0 1 0 0 0 0 0 1 0 0 1 1 0 0 0 0 1 0 0 1 1 0 0 0 2 0 3 0 1 2 2 0 0 0 0 1 0 0 1 0 0 0 0 0 3 0 2 0 1 0 2 3 0 0 0 0 2 1 0 0 0 0 0 0 0 0 0 0 0 0 0 0 0 1 3 0 1 1 0 2 0 2 0 0 0
6 8 6 7 4 20 2 12 12 0 0 1 2 0 13 17 0 2 10 3 5 23 3 8 18 6 5 3 3 0 1 12 0 1 5 2 5 2 6 13 9 6 4 2 7 9 13 9 0 2 2 10 7 1 14 5 2 4 1 1 4 8 19 1 1 13 8 0 4 18 0 7 3 2 7 1 10 0 0 4 14 6 25 8 0 1 1 9 5 6 2 2 6 7 6 16 5 22 0 22
4 6 9 3 1 0 5 24 2 11 12 47 2 9 33 2 0 4 10 3 1 16 14 9 4 2 2 40 8 17 13 9 5 6 3 2 5 1 8 0 4 4 8 9 3 4 31 16 0 3 2 18 2 0 12 3 11 5 3 9 0 7 1 12 8 0 11 5 1 0 5 1 3 5 13 2 5 2 10 2 6 15 14 4 9 0 18 3 3 3 2 12 0 0 5 6 1 0 5 0
