11 5 5 5 15 2 3 0 4 21 12 0 1 3 14 11 5 40 8 0 3 17 21 1 4 17 10 7 0 1 0 4 3 7 0 21 0 0 1 1 0 0 18 13 6 9 6 0 9 23 1 8 1 7 3 7 8 3 5 3 2 15 4 0 12 0 13 1 16 3 11 16 7 16 8 2 2 2 30 0 3 3 2 4 1 0 31 6 8 11 1 16 8 1 4 8 20 14 10 1
3 5 2 5 0 8 0 0 16 3 0 1 1 0 5 0 1 3 0 0 0 1 8 5 1 0 4 6 3 4 0 0 2 4 2 3 2 7 0 5 2 3 4 5 9 5 0 10 4 0 4 0 1 0 1 0 0 0 3 4 13 19 0 2 0 9 6 5 1 2 8 0 8 0 0 4 5 3 5 5 0 0 15 3 4 0 9 0 0 1 0 2 4 1 5 5 1 5 1 0
6 2 0 1 0 0 2 1 2 2 8 6 3 4 5 6 4 7 2 0 3 1 7 1 2 0 0 2 1 3 3 7 3 7 1 13 7 0 2 6 4 7 12 7 1 1 1 13 6 14 5 14 16 1 3 1 5 7 1 5 0 16 2 11 1 2 1 11 7 0 5 3 4 2 10 1 4 4 6 1 7 10 22 4 5 7 0 2 2 3 3 1 3 8 0 2 0 3 7 35
6 8 3 8 1 0 0 7 3 4 18 8 2 18 0 19 4 0 3 16 0 7 2 4 16 1 4 4 0 3 3 5 1 12 2 0 1 4 4 1 14 0 9 11 9 4 13 24 7 3 8 26 5 0 7 12 7 8 0 4 7 0 2 12 1 10 11 7 5 1 0 16 6 15 11 3 11 12 5 0 6 7 7 17 22 4 19 2 2 2 3 2 9 2 5 8 3 6 2 2
1 1 17 0 9 8 18 12 3 27 0 4 2 2 2 4 0 21 1 14 36 4 4 2 3 19 0 0 4 8 0 3 4 2 4 0 21 30 2 1 6 1 6 4 14 0 1 9 3 5 3 9 4 18 0 1 0 8 0 3 13 2 14 27 3 6 30 7 33 3 10 6 10 2 17 2 7 11 40 3 5 6 3 3 11 3 6 5 5 1 6 6 8 13 17 6 23 1 5 6
14 1 8 5 4 0 3 12 0 3 9 6 7 0 3 10 0 2 19 13 6 0 10 23 11 5 6 2 3 2 0 3 35 0 7 0 0 2 17 0 2 0 2 1 5 1 8 8 1 3 3 8 2 12 0 10 17 3 10 12 6 10 1 11 41 10 0 12 3 2 4 10 2 6 0 32 1 5 5 3 0 10 3 6 4 9 9 11 3 2 22 7 7 0 3 23 25 2 0 5
3 14 1 24 11 10 29 2 5 9 0 0 0 1 22 7 7 21 3 3 1 8 5 6 0 9 3 7 3 9 20 15 6 12 0 6 16 0 0 14 21 27 4 2 8 2 3 3 13 14 11 15 7 42 12 2 5 13 1 5 7 17 34 1 0 9 0 10 5 0 2 8 6 11 12 24 10 27 6 9 18 6 4 0 12 18 13 5 6 0 11 8 4 6 4 5 7 11 0 7
0 0 0 4 1 1 0 0 1 2 0 0 5 0 1 0 0 0 0 1 0 0 3 2 2 0 0 2 1 0 2 0 0 0 1 3 0 3 14 0 0 3 0 1 0 0 0 1 0 5 0 0 0 1 2 0 0 0 8 1 0 13 0 0 0 0 1 0 0 4 8 0 0 1 1 0 1 0 0 1 0 0 0 11 0 2 0 3 1 2 0 0 1 1 0 0 0 0 0 8
1 0 1 2 0 2 8 2 3 2 0 0 0 0 2 0 0 1 0 13 3 3 4 6 2 5 7 1 1 0 9 6 0 1 2 0 2 4 3 2 0 0 1 3 2 1 22 2 2 2 2 1 6 3 1 9 1 1 1 1 7 3 1 6 2 8 6 3 4 2 2 0 0 3 3 5 1 7 3 13 2 5 8 0 12 7 2 11 1 0 13 7 0 4 3 2 1 0 8 2
0 0 1 2 0 3 0 0 0 0 0 0 0 0 0 0 0 0 1 0 1 0 0 0 0 1 0 0 0 0 1 0 1 0 0 0 0 0 0 0 0 0 0 0 0 7 0 1 0 0 1 1 0 0 0 0 0 0 0 1 0 0 0 0 0 0 0 0 0 1 0 0 0 0 2 0 0 0 0 2 0 0 0 0 1 0 0 2 1 0 0 1 0 0 0 0 0 0 0 0
1 0 0 0 1 0 0 0 3 1 0 3 2 0 3 0 16 0 3 1 0 0 1 0 0 0 0 0 0 0 2 0 0 0 0 0 0 0 14 0 0 0 0 0 1 0 0 0 1 2 0 0 2 1 2 0 0 1 4 6 2 6 0 0 0 0 0 0 1 7 7 0 0 0 0 1 2 1 0 0 0 1 2 5 0 0 1 0 2 3 1 2 1 2 1 0 0 0 1 6
0 0 3 1 13 4 1 8 3 4 8 5 17 1 7 2 1 1 3 1 0 0 0 16 1 0 10 0 7 14 1 6 1 5 4 1 1 15 4 7 2 0 14 3 0 0 1 8 4 2 10 4 2 10 1 2 3 7 6 1 1 4 20 4 3 1 7 0 0 3 2 0 3 7 13 11 1 0 0 4 2 2 9 2 4 3 1 9 12 3 7 6 5 0 4 5 2 1 0 2
24 2 2 0 1 10 4 1 0 8 3 2 2 10 2 0 1 3 5 37 4 24 7 0 3 0 3 9 0 0 1 19 29 1 8 8 1 0 9 12 11 5 1 21 16 23 1 21 2 3 0 1 0 0 2 2 10 15 13 0 7 5 5 3 2 5 7 6 9 15 5 0 1 2 3 6 13 8 12 8 0 9 0 0 9 0 1 25 2 7 0 18 9 4 1 9 3 4 19 12
1 0 0 3 0 0 0 2 0 0 1 1 0 0 0 0 0 0 0 0 0 0 0 0 1 0 1 1 0 0 0 0 1 0 0 1 0 0 0 0 3 0 0 3 0 0 0 0 0 0 1 0 0 0 0 0 1 0 1 2 0 0 1 0 0 0 1 0 0 0 3 0 0 0 0 0 0 2 0 0 0 0 0 0 1 0 3 0 0 1 0 0 0 0 0 1 2 1 0 1
0 0 1 0 1 0 0 1 0 0 0 0 2 1 1 0 0 0 0 1 0 0 0 1 2 0 0 1 2 0 5 3 0 0 0 41 0 0 5 0 0 0 0 0 0 1 0 2 0 0 0 1 0 0 1 0 1 2 4 0 15 10 1 0 0 1 0 1 0 1 2 0 0 0 0 0 0 0 0 0 1 1 15 5 2 2 0 0 0 3 0 0 2 3 2 1 0 0 0 11
0 1 0 0 2 4 0 0 0 1 0 2 0 0 0 0 1 0 1 0 0 0 0 0 0 1 0 0 1 1 0 0 1 0 0 0 0 0 0 0 1 1 0 1 1 2 1 0 0 0 0 1 1 0 1 0 0 0 0 0 0 0 0 0 0 0 0 0 2 0 1 1 0 3 0 0 0 0 0 0 0 0 0 0 0 0 1 0 1 0 0 0 0 1 0 0 0 0 0 2
4 0 0 0 2 1 2 0 1 0 0 0 19 0 1 2 0 1 0 1 0 0 1 0 0 0 0 1 1 0 4 0 0 2 0 2 0 1 4 0 0 3 1 0 1 1 0 1 8 1 1 0 0 2 8 0 1 4 3 1 6 11 1 3 0 0 0 0 0 0 1 1 0 1 0 0 0 0 0 1 0 0 3 3 1 0 0 0 7 1 1 0 5 7 0 0 0 0 0 7
0 0 0 1 0 2 1 0 1 0 0 0 1 0 0 1 0 0 0 0 2 0 0 1 5 4 0 1 1 0 0 1 0 0 0 1 0 0 1 2 0 0 3 1 1 0 1 1 1 0 0 1 0 0 0 0 1 0 1 1 0 0 0 1 0 1 0 0 1 1 1 0 0 1 0 0 1 1 0 0 0 0 0 0 0 0 2 0 1 0 0 0 0 0 0 0 0 0 0 0
5 2 1 0 3 1 12 0 0 4 0 5 2 4 2 10 8 7 15 19 0 20 2 2 4 0 4 2 2 21 29 60 4 4 1 3 2 12 1 23 2 9 5 5 4 3 19 7 1 14 5 7 21 6 4 8 14 6 8 2 4 11 0 2 9 15 8 3 9 3 0 10 1 16 5 17 21 1 8 4 0 0 14 10 1 1 6 1 3 3 3 6 2 1 17 2 8 6 0 4
2 0 0 6 4 0 3 24 0 0 3 3 8 13 7 3 17 2 1 2 9 1 12 1 3 3 6 2 3 8 13 8 1 3 11 1 4 6 1 5 4 0 0 0 3 9 6 6 0 10 0 8 2 2 3 1 6 2 2 0 1 6 1 3 2 19 1 2 17 1 12 11 11 0 10 4 6 0 0 0 2 11 2 1 1 1 3 0 6 6 9 1 3 0 6 2 5 3 15 7
0 0 0 0 0 1 0 0 1 0 0 1 0 1 0 0 0 0 1 0 0 0 0 0 0 1 0 1 0 2 0 1 1 0 0 0 0 2 0 0 0 0 3 0 0 0 0 0 1 2 1 1 0 0 0 0 0 0 1 1 0 1 2 2 0 2 0 1 1 0 1 0 0 0 0 0 0 0 0 0 0 0 0 0 1 0 1 0 0 0 0 0 0 1 0 0 0 0 0 0
0 0 0 0 0 7 2 0 1 0 0 2 0 3 0 1 2 0 0 0 1 0 0 0 9 7 1 0 0 2 1 0 0 0 1 0 0 0 0 0 0 0 1 0 1 0 2 0 0 0 2 0 0 3 0 0 1 0 0 0 0 0 2 0 0 1 0 0 0 0 0 0 0 0 0 0 0 1 0 0 0 1 1 0 3 1 0 0 0 1 0 0 0 0 0 4 0 1 0 0
7 1 2 13 3 0 1 4 2 5 7 0 12 7 4 1 6 4 3 1 2 10 3 8 0 2 2 0 3 0 0 22 12 1 2 22 1 4 9 0 7 2 11 0 1 0 2 4 3 23 3 0 3 1 9 6 5 27 3 3 17 5 2 2 1 5 12 5 9 0 2 3 3 2 5 7 2 9 1 0 1 7 2 1 12 9 1 0 0 4 0 4 1 9 0 2 2 10 6 22
0 1 4 14 0 6 2 0 6 2 6 0 8 0 0 3 0 10 3 1 4 1 6 4 1 17 4 4 4 1 2 0 4 1 5 0 2 7 0 0 5 4 0 3 0 3 1 0 2 2 4 1 0 5 5 6 10 6 33 2 2 5 0 2 2 11 0 1 2 4 8 0 3 1 9 0 3 2 2 10 2 1 13 0 11 3 0 4 1 0 12 11 0 2 3 12 4 0 2 2
4 1 4 0 24 9 1 1 17 4 16 5 10 6 5 1 1 6 7 1 19 9 4 2 7 3 13 1 2 40 0 1 3 0 6 1 5 6 2 0 5 0 5 8 2 12 1 0 3 17 15 16 0 14 3 19 12 20 10 2 0 12 3 1 3 9 2 0 11 5 0 15 9 12 9 6 27 0 8 0 12 9 22 18 5 1 5 2 26 3 4 7 9 8 12 8 0 13 6 11
0 0 0 0 0 0 0 0 0 0 0 0 0 3 0 1 0 0 0 0 0 0 0 0 1 0 1 0 1 0 0 0 0 1 0 0 0 1 0 0 0 2 0 0 0 0 1 0 0 1 0 0 0 2 0 0 0 2 1 0 0 0 8 0 0 0 0 2 0 0 1 0 0 0 0 0 1 1 1 0 0 0 0 2 0 0 2 0 0 1 0 1 1 1 0 1 0 0 2 1
2 1 0 0 0 0 0 0 2 0 0 0 0 1 0 1 0 0 1 1 0 0 0 0 0 0 0 0 0 0 1 0 0 1 0 0 0 0 3 1 0 0 0 0 0 19 1 0 0 0 0 0 0 0 0 0 1 0 0 0 0 0 0 0 0 0 0 0 0 0 0 0 0 1 2 0 1 0 0 1 0 0 0 0 0 0 1 1 2 0 0 1 0 0 1 0 2 0 0 0
4 0 1 0 4 1 3 7 8 7 4 11 5 0 1 16 0 13 0 2 10 0 11 10 0 2 4 14 0 3 0 9 5 8 0 3 2 2 1 8 2 4 1 3 10 10 6 24 4 0 17 18 0 0 0 2 0 8 4 1 6 3 1 7 1 8 0 1 0 6 0 0 4 1 4 6 0 4 0 0 0 0 2 1 21 4 10 1 4 0 9 11 2 6 7 24 12 5 5 1
0 0 0 0 0 6 0 1 3 2 0 1 0 6 0 4 0 5 7 5 0 3 0 3 2 4 6 1 4 3 2 0 0 3 9 0 0 11 0 0 1 0 0 0 0 5 9 0 1 0 10 4 8 1 0 11 1 0 0 0 1 0 2 1 3 1 15 3 0 0 0 2 2 2 0 2 1 18 6 0 11 3 0 0 1 6 1 2 0 0 0 0 1 0 6 27 1 3 3 0
0 0 0 0 0 0 0 1 0 1 0 0 5 0 0 0 0 0 0 0 1 0 1 0 0 2 0 1 0 3 0 1 0 1 0 0 0 0 0 0 3 2 0 0 1 1 0 2 2 1 0 0 1 1 1 0 0 0 3 1 0 0 0 1 0 3 0 0 0 0 0 0 1 1 0 0 0 2 0 0 0 0 0 1 0 1 2 0 0 1 1 0 3 0 0 0 0 0 1 2
2 0 1 3 2 0 1 0 0 0 0 2 8 1 7 0 9 0 0 0 1 0 16 0 0 0 0 0 0 0 0 1 0 0 0 2 0 0 2 0 0 0 0 0 0 0 0 1 0 9 0 0 0 1 2 0 0 1 5 3 2 20 0 0 1 2 1 2 1 0 2 0 0 0 0 0 0 0 0 0 0 0 1 20 0 0 0 3 2 15 0 0 1 1 0 0 1 0 1 4
6 26 7 0 22 5 2 31 7 0 8 18 1 10 2 1 9 2 12 7 15 16 0 4 5 2 13 5 2 3 7 5 13 13 15 10 10 13 18 3 17 12 5 5 2 2 0 0 10 9 14 15 17 1 2 0 6 9 4 12 18 1 1 10 1 11 3 0 10 6 1 3 6 45 3 5 11 12 0 0 2 2 24 45 3 1 25 0 6 10 1 4 4 16 10 16 3 2 17 4
5 5 0 0 9 7 37 1 5 10 0 8 12 4 1 3 2 5 1 6 7 1 26 4 0 0 6 8 7 3 2 2 12 1 4 16 5 0 9 58 17 14 10 3 6 12 6 4 10 8 16 0 2 3 5 2 3 0 4 5 0 10 7 10 1 3 11 3 14 2 7 0 3 22 7 6 2 13 7 2 10 7 3 11 5 4 5 9 3 12 21 14 5 1 5 5 12 7 16 2
11 15 3 0 2 4 3 0 1 3 13 0 1 3 17 1 2 3 2 2 0 3 9 0 1 2 2 12 0 2 3 12 5 0 2 2 1 2 0 2 0 8 1 0 0 0 1 2 1 19 0 0 5 0 5 0 1 6 5 0 4 21 0 2 0 7 0 0 0 3 6 2 1 0 4 1 0 1 5 4 4 4 1 2 7 2 7 0 19 0 3 0 18 8 5 1 3 1 11 21
7 4 2 4 4 15 12 0 8 5 1 1 2 16 3 6 10 14 11 2 23 9 9 6 2 5 1 6 8 6 2 14 11 3 1 26 28 6 4 0 10 1 5 2 0 34 10 6 5 17 1 2 8 10 6 7 1 0 5 0 0 6 2 0 1 9 8 8 8 1 0 10 8 12 5 0 2 0 7 0 0 14 0 24 3 47 3 16 5 1 0 7 6 1 14 8 8 12 0 3
1 1 2 0 1 2 0 2 0 1 0 1 0 0 0 0 0 0 0 0 0 0 0 0 0 0 0 0 3 0 0 1 0 0 0 2 0 1 0 0 0 0 0 1 0 0 0 0 0 0 1 4 0 1 0 0 0 0 0 0 0 2 0 0 0 0 0 0 0 0 2 1 2 1 1 0 1 1 1 1 0 0 0 1 3 0 0 0 1 0 0 2 0 1 1 0 0 0 0 0
9 4 7 7 15 12 4 0 6 4 0 1 15 2 5 3 1 12 5 5 0 10 20 3 6 1 7 9 2 6 5 3 14 10 7 3 25 2 5 6 1 5 2 15 2 1 36 6 9 2 19 0 4 6 0 3 2 4 1 5 1 3 3 7 6 29 17 15 15 14 0 5 1 4 5 6 0 5 1 5 7 10 9 10 9 4 0 2 18 1 1 7 2 23 13 7 10 1 6 13
0 0 1 8 47 1 2 12 7 0 17 23 6 10 2 6 3 2 5 5 29 10 9 8 3 16 1 1 2 3 4 11 14 7 3 1 1 0 0 5 10 0 16 23 7 2 18 0 3 10 19 4 1 18 7 6 1 1 18 4 6 0 2 3 3 28 10 1 0 5 6 4 16 23 25 17 6 12 10 1 2 4 5 0 12 17 6 7 14 15 8 1 7 1 4 6 6 0 6 1
0 0 2 0 0 0 0 0 1 0 0 0 1 0 3 0 2 0 0 0 0 0 2 0 4 4 2 0 1 0 0 0 0 1 2 0 0 0 1 0 0 1 0 2 2 0 0 0 0 0 0 0 0 0 1 0 2 0 0 0 0 1 16 0 0 0 0 0 0 0 0 0 0 0 1 2 1 0 0 1 0 2 0 0 0 0 1 1 1 0 0 0 0 0 0 0 0 0 6 0
3 9 0 1 11 16 12 0 8 3 0 5 6 5 3 0 0 3 10 0 0 3 5 10 1 5 1 6 2 1 10 4 0 3 3 2 6 15 8 6 1 7 4 7 10 1 7 4 22 19 2 2 3 3 7 1 0 16 2 1 4 11 1 2 19 0 1 0 9 7 3 6 8 6 1 1 2 8 4 4 12 6 3 0 1 8 4 0 3 4 6 2 13 1 0 2 5 0 3 7
6 0 0 4 4 0 2 1 0 1 1 1 10 0 2 0 0 1 0 2 0 0 10 0 0 0 0 0 0 0 3 0 0 0 0 1 0 4 0 0 0 1 0 3 0 0 0 0 0 1 0 0 0 0 1 0 0 3 4 2 0 26 0 0 0 0 0 1 1 12 0 0 0 0 2 1 3 0 3 0 0 0 4 0 0 3 0 1 2 0 0 2 0 0 2 0 0 0 0 3
2 1 0 1 0 3 0 3 0 1 0 0 0 1 1 1 0 0 0 2 0 0 0 0 0 1 0 0 0 0 0 0 0 0 2 1 0 1 1 0 0 0 0 1 0 0 0 0 0 0 0 1 0 0 1 0 0 1 0 1 1 0 0 1 1 0 0 0 1 0 0 0 1 0 0 2 0 1 1 0 0 0 1 0 3 0 0 1 1 0 1 0 0 0 0 0 1 1 0 0
0 0 0 0 0 3 1 1 0 1 1 0 0 1 0 1 1 0 0 0 2 0 0 0 2 0 0 1 9 0 3 0 0 1 1 0 1 0 0 0 1 0 3 0 0 1 0 2 0 0 2 0 0 0 0 0 0 1 0 0 0 0 2 1 3 0 1 0 0 0 0 0 0 0 0 0 0 0 2 0 0 0 0 0 0 1 0 0 0 0 0 0 0 0 0 0 0 0 3 0
0 0 1 0 1 0 0 0 0 0 0 12 1 0 1 0 0 0 0 0 0 0 0 0 0 0 0 0 0 1 1 0 0 0 0 0 0 0 0 1 0 0 2 1 0 0 1 0 0 2 0 0 0 0 0 0 0 0 0 0 0 0 0 0 1 0 0 0 1 0 0 1 0 0 1 0 2 0 0 1 3 0 0 1 0 0 0 1 3 0 1 0 0 0 0 0 0 0 0 1
0 12 6 0 4 13 6 0 0 0 1 7 1 2 2 5 2 8 3 6 7 3 12 0 3 11 12 1 1 2 1 0 0 0 0 1 1 1 12 0 4 8 10 1 1 9 0 0 2 10 2 0 1 2 1 6 2 6 2 11 0 1 2 2 5 0 6 0 1 5 0 0 9 0 2 0 0 1 3 6 1 5 1 2 10 0 0 4 1 1 8 2 3 1 4 0 0 1 11 12
2 0 3 5 1 12 4 16 0 10 2 0 19 0 1 6 5 2 1 6 0 4 4 4 5 5 0 2 0 13 3 1 1 0 5 4 0 3 5 2 3 3 4 11 12 5 5 2 6 4 0 1 2 2 2 2 0 0 3 4 0 11 8 0 1 0 0 0 14 2 4 2 0 10 0 3 2 0 21 4 2 3 1 1 0 16 13 5 3 2 5 0 5 0 7 8 5 0 0 3
6 0 5 2 0 4 6 15 2 1 1 0 1 20 2 0 1 8 28 6 0 10 0 27 2 2 24 21 6 10 3 12 1 1 2 4 2 6 0 2 8 5 1 8 14 1 2 7 3 2 6 6 0 14 0 9 7 0 0 10 18 6 2 3 10 2 3 15 3 2 6 6 0 0 5 10 2 60 5 1 19 0 1 0 23 25 11 3 2 7 0 10 5 2 8 7 5 3 3 3
3 5 9 4 3 0 2 0 0 0 2 1 3 0 3 13 0 1 8 7 5 2 16 2 5 1 3 6 2 2 0 4 5 21 9 1 0 0 3 3 0 0 1 10 1 1 0 4 0 7 1 1 15 2 3 2 0 4 1 2 7 10 4 0 4 4 12 2 4 12 9 5 8 0 11 1 0 0 5 3 0 2 8 6 5 5 8 1 7 13 13 0 2 4 4 2 4 1 3 1
0 1 1 1 0 14 0 0 0 0 0 0 0 1 0 0 1 0 0 0 0 1 0 0 3 0 1 0 0 1 0 0 0 0 1 0 0 0 0 1 0 0 1 0 5 1 0 0 0 0 0 1 0 0 1 0 1 0 0 0 0 3 5 0 0 0 0 0 0 0 0 0 0 0 0 0 0 0 0 1 0 2 0 0 1 0 0 0 0 0 1 0 0 0 0 0 0 0 1 0
0 0 0 0 0 0 0 0 1 0 0 2 1 0 0 1 0 0 0 0 0 0 0 0 0 0 0 0 0 0 1 0 0 0 0 0 0 0 0 1 0 1 0 0 1 0 0 0 1 0 0 0 0 0 0 0 0 0 1 0 1 0 0 0 1 0 0 0 2 0 0 0 0 0 0 0 0 0 2 2 2 0 0 1 2 1 4 0 0 0 0 0 0 0 0 0 0 0 1 1
