171
138
147
118
109
182
116
186
163
122
128
140
119
164
190
103
177
134
104
168
117
157
160
131
186
124
163
175
108
169
156
104
173
190
110
188
136
123
160
152
108
130
129
135
191
132
157
185
162
158
168
153
162
144
152
125
106
120
183
101
112
150
126
189
105
138
100
134
130
147
172
111
155
159
140
164
175
174
113
100
118
181
185
153
122
181
141
124
179
139
171
169
116
136
111
102
148
176
144
191
101
102
103
107
105
106
107
115
109
110
114
112
113
114
115
198
117
121
119
120
121
151
123
127
125
126
127
128
133
131
129
132
133
146
135
137
137
143
139
142
141
142
143
145
145
146
149
148
149
150
151
197
154
154
155
156
194
158
159
161
161
167
166
165
165
166
167
195
170
170
180
172
173
174
178
176
177
178
179
180
184
182
183
184
196
187
187
188
189
193
192
192
193
196
197
194
195
198
-1
