169
164
161
130
107
142
170
120
155
105
193
141
161
166
106
192
186
192
111
114
184
135
101
176
187
152
141
119
139
134
159
155
118
154
121
103
178
131
127
178
149
190
131
153
152
146
164
139
188
125
113
111
129
174
123
100
176
150
181
147
160
124
136
142
189
130
194
117
160
184
134
181
115
117
122
120
149
168
129
102
173
162
185
143
108
190
109
144
165
177
168
104
180
146
173
107
100
114
143
196
101
102
103
104
105
106
110
108
109
110
112
112
113
116
116
128
115
118
119
127
121
122
123
124
125
126
128
126
138
133
132
132
133
137
135
136
137
138
140
140
198
158
145
144
145
148
147
148
151
151
157
150
153
154
156
156
157
158
159
172
163
162
163
167
165
166
167
171
169
170
171
172
175
174
175
183
177
179
179
180
182
182
183
197
185
186
187
188
189
191
191
195
193
194
195
196
198
-1
197
