104
125
107
126
169
113
123
163
170
192
116
100
174
184
138
160
174
125
147
168
108
169
159
173
149
170
101
115
117
130
130
155
188
156
135
134
137
166
137
142
119
151
112
159
119
106
184
120
193
181
105
136
189
120
177
186
168
189
180
146
162
164
181
161
144
156
150
131
109
128
138
186
103
146
147
102
132
127
116
187
141
165
149
134
100
173
114
183
117
142
141
102
103
179
112
179
194
129
161
129
101
111
110
104
105
106
107
109
110
108
111
196
113
115
124
114
118
118
122
121
121
122
123
124
198
126
127
128
158
133
131
132
133
154
135
136
140
139
139
140
145
143
143
144
145
153
148
148
152
150
151
152
153
154
155
157
157
158
197
160
167
162
163
164
165
166
167
178
172
171
171
172
176
175
175
176
177
178
195
180
182
182
183
185
185
191
187
188
190
190
191
192
193
194
195
198
-1
196
197
