141
144
185
188
164
127
187
102
120
111
176
103
170
104
107
167
109
190
169
116
186
155
162
139
119
129
170
138
167
132
154
163
166
184
100
113
108
131
193
165
105
145
153
126
192
157
125
178
121
120
156
116
189
162
103
192
174
137
144
136
108
137
115
158
122
131
112
180
175
101
181
158
191
130
166
109
128
124
110
157
185
111
100
155
172
115
146
106
128
176
181
133
174
153
179
124
142
188
140
123
101
102
152
104
105
106
107
152
150
110
114
112
113
114
118
117
117
118
119
149
121
122
123
148
125
126
127
135
129
130
134
132
133
134
135
136
143
138
139
140
141
142
143
147
145
146
147
148
149
150
151
198
151
154
161
156
160
159
159
160
161
197
163
164
165
173
168
168
169
171
171
173
183
172
175
177
177
178
179
180
182
182
183
184
196
186
187
195
189
190
191
194
193
194
196
197
195
198
-1
