119
139
189
110
152
185
189
160
151
155
132
190
137
151
163
138
191
170
163
149
177
113
122
165
117
106
177
180
139
172
182
174
121
154
155
153
104
115
121
119
102
180
164
160
105
100
115
128
126
100
156
131
186
148
143
179
118
108
168
112
112
172
117
190
164
147
148
130
127
168
182
128
136
136
146
192
196
138
142
108
114
154
133
103
103
185
109
174
150
101
161
184
131
186
169
178
132
165
192
126
101
102
107
104
105
107
111
106
109
110
111
125
113
114
116
116
124
118
120
120
123
122
123
124
125
145
127
129
129
130
135
134
133
134
135
144
137
141
140
140
141
142
143
144
145
146
147
198
149
150
159
152
153
158
157
156
157
158
159
162
161
162
176
167
166
166
167
171
169
170
171
173
173
175
175
176
197
178
179
181
181
183
183
184
188
187
187
188
195
194
191
193
193
194
195
196
197
198
-1
