135
164
180
121
118
189
171
103
186
155
160
150
159
114
153
176
170
100
142
135
117
145
146
144
161
127
106
195
169
160
147
155
186
188
167
125
159
101
105
152
152
107
110
149
136
157
188
113
106
149
126
102
184
115
146
113
119
187
176
137
137
167
174
104
171
180
151
122
127
124
100
185
125
118
179
109
172
120
173
158
162
105
174
130
168
120
108
185
117
157
179
182
183
104
115
144
184
122
138
195
101
102
103
141
112
111
107
108
109
110
111
112
134
114
116
116
133
132
119
130
123
123
121
124
129
128
128
126
129
131
131
133
134
132
140
136
139
138
139
140
141
142
198
150
145
148
147
148
143
143
151
154
153
154
156
156
166
158
165
163
161
162
163
164
165
166
198
168
169
170
178
172
173
175
175
177
177
178
194
181
181
182
183
192
193
191
187
190
189
190
191
192
193
194
196
196
197
-1
197
