142
176
105
169
107
189
170
183
121
126
134
145
160
149
183
153
185
158
115
156
141
103
116
146
188
194
156
100
126
158
106
174
151
149
130
119
147
138
192
151
108
119
166
113
127
191
142
114
178
110
118
155
102
178
166
130
150
188
120
127
139
108
181
179
168
139
132
146
102
167
144
132
184
190
101
159
179
117
107
180
120
174
133
155
143
186
162
168
189
117
192
100
131
153
113
170
122
175
138
111
101
105
103
104
106
104
112
109
109
110
111
112
137
114
116
125
115
118
124
123
121
122
123
124
125
128
129
128
129
136
131
135
133
134
135
136
137
198
140
140
141
165
143
144
145
148
147
148
164
150
152
152
154
154
163
157
157
161
159
160
161
162
163
164
165
173
167
172
169
171
171
172
173
177
175
176
177
198
182
180
181
182
187
184
185
186
187
196
195
190
191
193
193
194
195
196
197
-1
197
