108
115
158
190
120
170
127
159
139
111
166
118
183
162
133
171
114
155
136
111
172
157
143
176
156
150
184
152
179
192
141
148
113
161
188
130
153
116
125
112
189
135
178
177
158
148
105
126
120
187
124
173
115
174
190
113
161
124
133
121
140
152
108
128
170
121
173
156
175
182
149
100
182
130
134
167
189
104
166
135
106
103
149
101
129
102
153
179
176
107
174
147
178
118
167
134
104
100
138
175
101
102
103
110
105
106
107
109
109
110
146
112
145
114
117
117
119
116
119
123
122
122
123
132
125
126
127
128
129
131
131
132
144
142
137
136
137
138
139
140
141
142
143
144
145
146
147
198
151
151
165
150
154
154
155
164
157
160
159
160
163
162
163
164
165
169
168
168
169
197
171
172
196
195
194
186
181
180
177
180
181
185
183
184
185
186
187
188
193
191
191
192
193
194
195
196
197
198
-1
