180
109
119
131
115
162
180
125
136
144
186
146
122
181
175
105
121
193
103
190
157
113
160
108
167
163
154
120
163
121
139
117
162
193
159
105
158
183
172
148
127
142
146
186
182
182
136
165
127
184
135
177
117
112
120
173
166
144
145
159
178
175
190
140
130
158
135
111
168
145
108
169
170
118
129
137
132
113
102
170
100
111
147
147
102
123
142
191
137
174
129
154
192
167
174
128
106
101
132
100
101
104
103
104
107
106
107
110
109
110
116
112
114
114
115
116
198
118
119
126
124
122
123
124
125
126
156
128
134
130
131
133
133
134
153
141
138
139
140
138
141
143
143
152
151
150
149
148
149
150
151
152
153
155
155
156
157
198
161
160
161
196
164
164
165
166
189
168
169
171
171
172
173
179
176
176
177
178
179
189
181
185
183
184
185
187
187
188
196
188
191
192
194
194
195
197
195
-1
197
