156
118
169
103
132
170
189
166
171
135
142
151
148
173
137
130
193
138
111
168
121
156
102
182
153
165
179
114
190
101
181
145
174
180
132
145
142
115
100
106
189
166
184
146
128
113
101
170
121
157
136
179
110
168
128
195
110
164
118
135
191
111
141
176
107
113
185
125
193
151
107
149
173
164
158
161
105
141
129
100
124
190
143
186
123
150
125
127
147
172
148
122
106
143
160
127
180
160
117
139
104
102
103
104
105
109
108
108
109
120
112
112
116
114
115
116
117
119
119
120
197
122
123
124
126
126
134
131
129
130
131
133
133
134
140
136
137
139
140
138
197
163
144
144
154
146
147
155
149
150
152
152
155
154
159
153
157
158
159
162
161
162
163
188
165
167
167
178
169
177
171
172
175
174
175
176
177
178
187
184
181
182
183
185
183
186
187
188
196
192
191
192
194
194
195
198
-1
198
196
