111
139
163
162
175
147
194
189
173
121
143
158
140
142
176
108
124
190
105
168
106
138
152
113
129
152
129
162
123
192
111
110
143
108
149
126
130
157
155
100
180
116
144
191
178
128
167
187
101
154
172
178
112
167
180
156
146
135
168
160
139
192
169
187
175
109
112
117
189
102
113
104
123
141
172
171
165
116
148
132
157
174
149
188
154
182
181
132
174
184
146
127
105
126
135
100
153
106
102
124
101
103
103
104
122
107
107
120
109
110
120
115
114
114
115
118
117
118
119
121
119
122
137
125
125
134
127
128
131
130
131
133
133
134
136
136
137
138
196
140
141
142
145
144
145
151
147
148
150
150
151
166
153
161
155
156
159
158
159
160
161
164
163
164
165
166
197
170
169
170
171
186
173
185
177
176
177
179
179
183
181
182
183
184
185
186
198
188
195
190
191
193
193
194
195
198
197
-1
196
