110
130
173
134
164
165
149
172
109
138
103
117
174
115
143
186
155
151
136
129
152
189
105
133
159
115
128
157
119
126
154
125
158
109
162
105
127
113
100
142
146
125
131
106
136
116
124
120
123
151
169
140
126
158
135
101
107
122
122
114
180
118
101
185
143
102
152
108
111
108
171
103
175
127
106
132
112
134
104
112
139
121
119
104
107
100
184
153
121
120
116
114
102
124
135
141
131
149
168
140
111
129
171
118
148
113
110
183
117
123
160
170
144
138
128
187
174
147
130
146
141
145
137
178
154
132
142
133
156
147
137
144
163
167
161
145
150
179
139
156
179
170
157
159
148
176
155
153
181
150
166
161
177
160
166
162
169
163
165
168
184
164
175
178
182
195
167
177
180
185
172
176
173
193
181
186
188
197
182
193
187
183
190
190
188
189
192
194
191
191
195
192
194
196
198
196
197
198
-1
