102
159
115
106
103
129
163
137
116
150
100
157
133
123
139
123
110
133
109
121
102
140
152
113
109
168
112
131
167
159
138
114
100
176
119
136
149
118
160
151
119
122
128
106
141
134
130
166
127
157
145
143
173
105
107
147
113
140
108
186
161
120
132
110
150
122
103
166
108
165
134
135
167
117
141
101
161
107
190
105
116
143
126
104
120
147
138
126
139
125
155
121
118
115
104
111
158
112
131
101
142
148
130
117
125
146
137
142
124
111
156
129
114
174
124
132
187
144
185
128
155
127
172
156
148
135
153
173
172
144
158
136
178
154
162
151
164
146
162
152
171
153
164
180
145
186
169
149
163
174
170
165
154
168
190
160
175
177
176
169
179
194
178
171
181
182
181
170
189
183
183
177
179
180
175
191
189
182
192
184
196
188
184
185
188
195
187
192
191
197
193
194
193
198
195
196
197
198
-1
