136
129
181
136
168
120
109
112
115
134
137
128
132
144
152
105
165
113
129
110
172
123
168
134
116
122
105
114
103
102
120
150
131
159
162
114
109
112
106
160
119
122
104
143
150
180
140
132
107
138
138
174
139
164
143
154
158
100
124
126
124
106
163
110
127
103
123
127
111
111
135
126
101
117
160
104
164
118
102
151
169
161
116
142
128
151
115
140
100
177
141
155
156
113
101
131
118
194
121
139
108
155
107
192
108
117
174
153
145
119
135
137
133
130
170
144
173
176
167
121
125
171
145
125
161
146
130
149
149
158
186
133
162
172
148
148
159
153
156
142
141
147
146
165
179
187
147
157
170
152
167
184
154
188
171
186
157
175
166
169
189
183
163
166
179
173
188
185
175
187
181
182
176
180
178
177
178
196
182
183
184
191
193
197
185
191
192
189
190
190
195
193
194
196
195
198
197
198
-1
