144
109
122
154
137
103
159
166
157
129
133
109
163
156
115
121
136
114
114
158
125
172
153
106
125
138
152
173
131
134
141
151
141
118
144
123
116
135
165
100
126
122
178
116
123
197
111
128
124
115
124
149
136
138
120
104
108
150
146
110
102
119
142
160
117
117
121
143
105
113
162
160
104
158
130
169
126
103
112
107
112
100
169
165
108
107
137
113
182
120
106
152
101
128
164
133
101
102
146
111
105
162
139
119
130
134
153
140
168
110
175
127
154
118
183
132
132
173
168
127
131
143
139
129
166
142
135
148
148
175
145
172
184
145
140
155
151
176
171
147
157
170
150
149
147
178
156
161
189
167
180
163
155
167
181
164
177
159
170
161
194
187
190
187
182
174
192
171
174
179
185
177
181
176
183
184
179
185
188
180
186
191
188
191
186
195
189
192
193
190
193
195
194
196
196
198
197
198
-1
