141
118
130
139
131
164
129
120
107
116
127
153
107
167
133
104
109
108
158
130
114
135
175
102
170
119
139
157
114
142
111
106
154
157
119
128
181
103
105
138
145
144
132
111
121
164
143
162
118
124
173
113
117
101
100
105
163
166
126
133
108
126
147
103
165
116
109
186
194
127
144
149
138
113
112
124
170
140
166
129
123
159
120
112
142
193
102
104
110
168
141
100
101
183
136
125
145
148
131
115
106
161
150
122
136
192
117
110
143
122
156
115
125
169
132
163
146
121
194
137
123
152
175
128
134
134
137
135
165
161
149
154
153
140
174
146
179
160
151
167
155
150
147
148
159
158
178
169
162
151
152
155
156
172
187
160
189
183
187
176
168
176
178
172
190
171
188
177
179
177
171
174
173
190
180
185
184
180
181
182
182
186
184
185
191
196
188
189
197
192
191
195
193
198
195
196
197
198
-1
