133
156
128
145
144
137
119
123
109
101
112
110
173
149
120
116
135
157
142
133
177
106
132
107
164
106
112
135
109
155
141
166
111
100
110
108
154
147
103
102
140
170
139
125
102
130
130
182
127
153
150
141
124
149
167
136
121
160
104
105
129
126
115
111
164
104
116
108
153
118
100
137
184
113
128
101
190
113
138
162
124
117
176
125
134
118
185
151
144
182
103
156
122
114
120
181
117
166
134
138
107
105
123
146
160
121
147
114
157
115
119
163
165
148
127
167
139
122
132
131
126
143
140
136
151
129
143
154
198
142
131
181
158
161
169
145
146
172
165
169
159
187
179
175
148
150
174
159
152
152
172
161
155
173
158
180
188
163
180
162
168
171
170
178
175
171
176
168
177
186
192
174
178
188
183
194
190
184
179
185
183
192
196
194
189
186
187
195
189
191
191
193
193
197
195
196
197
198
-1
