104
137
130
110
137
183
102
174
124
154
130
121
138
181
149
150
114
107
135
110
123
132
118
123
109
149
162
139
143
113
145
111
120
164
136
102
187
134
104
155
121
103
163
128
103
162
139
132
108
134
111
108
116
126
127
120
112
114
122
143
127
166
142
167
109
173
101
126
105
147
100
124
129
158
171
152
169
160
112
119
106
100
146
117
117
140
122
119
176
133
101
106
135
141
131
151
118
107
115
144
115
125
152
190
105
116
129
113
138
141
168
136
131
150
156
153
125
145
140
173
153
164
177
133
148
128
159
148
175
181
151
161
157
161
155
142
174
144
156
160
159
191
147
186
146
172
157
163
179
182
165
185
165
154
172
166
158
171
169
170
175
186
167
177
168
184
178
170
188
179
178
176
185
192
180
180
193
192
182
183
195
187
194
184
195
188
189
189
191
190
197
194
193
198
196
196
197
198
-1
