153
144
184
114
113
146
111
119
127
185
118
100
154
161
174
120
104
176
107
130
129
101
115
175
164
131
166
126
112
106
139
190
169
156
119
136
175
142
122
106
149
109
131
123
114
136
155
133
142
161
111
145
133
117
141
155
160
170
138
101
103
168
129
123
130
115
143
108
172
135
165
124
108
105
110
168
137
188
102
112
103
139
126
100
102
177
140
110
165
121
113
124
107
116
137
104
105
118
120
158
132
170
163
145
190
138
122
109
159
116
121
150
163
117
148
128
134
150
128
125
153
134
125
132
143
135
127
140
185
146
151
152
173
141
160
144
152
182
151
157
180
158
149
181
147
147
148
157
162
164
154
182
167
166
156
174
183
159
178
167
162
172
176
169
197
187
171
171
188
173
178
195
181
180
177
194
187
179
179
194
189
186
183
184
186
191
189
191
192
193
192
193
197
196
195
196
198
198
-1
