167
103
114
134
115
117
127
121
146
150
149
128
126
118
101
158
118
171
153
138
131
143
125
108
116
160
188
154
123
102
142
160
104
165
107
178
127
137
162
114
137
135
109
100
152
173
100
105
109
163
136
104
152
133
159
129
130
126
141
105
122
115
106
166
168
187
102
131
182
103
138
123
177
113
108
172
111
101
124
124
112
145
174
119
112
130
113
120
173
110
134
106
128
142
141
121
164
179
110
177
144
136
132
155
117
107
120
132
116
111
129
158
147
161
139
148
119
151
159
122
135
133
125
166
143
146
182
181
155
140
140
161
156
147
139
174
151
175
156
150
144
179
145
149
165
157
148
176
153
184
168
157
181
154
171
162
163
172
180
175
191
167
164
169
183
170
169
194
196
170
180
176
189
183
196
186
187
178
185
190
185
184
189
190
186
192
191
188
193
195
194
192
193
197
195
198
197
198
-1
