100
124
121
176
180
179
185
180
161
123
125
106
105
171
119
131
109
177
113
145
155
181
132
148
143
103
120
170
102
192
100
190
103
140
110
147
172
101
123
165
183
108
104
105
163
110
165
107
137
173
175
102
142
170
137
144
146
182
169
133
160
184
166
142
131
183
166
143
120
172
188
145
175
146
176
106
129
128
118
147
124
160
127
149
130
116
156
114
162
140
136
132
157
138
128
107
162
104
174
118
101
198
196
193
117
115
111
108
109
112
111
112
113
114
115
116
117
195
119
122
121
122
159
125
126
126
127
158
129
130
134
135
133
134
135
136
139
138
139
141
141
154
153
144
150
151
149
148
150
152
151
152
153
154
155
156
157
158
159
193
161
164
163
164
167
168
167
168
169
196
171
190
173
174
187
178
177
178
179
189
181
182
186
184
185
186
187
188
189
191
191
192
194
194
195
197
197
198
-1
