150
111
141
137
118
105
166
158
156
162
124
108
186
121
125
134
148
142
188
163
168
179
112
139
170
126
184
128
179
129
160
164
118
101
100
187
101
117
112
116
145
178
130
121
120
153
155
174
139
157
146
177
147
180
165
106
166
165
130
152
131
125
183
116
113
161
140
129
100
124
107
163
185
160
190
151
180
110
136
102
109
183
144
171
161
146
156
110
175
105
177
115
140
157
103
132
120
145
122
167
102
104
103
104
192
106
107
108
109
195
111
113
114
114
115
191
117
119
119
197
123
122
123
132
126
127
127
128
135
133
131
135
133
134
136
137
138
138
191
142
141
143
143
144
150
147
149
148
149
151
152
153
154
154
155
193
159
158
159
192
170
162
173
164
169
169
167
168
171
172
172
174
173
175
176
176
196
178
182
181
181
182
188
184
185
186
187
189
189
190
193
194
194
196
195
197
198
198
-1
