121
181
123
128
118
119
148
175
115
173
129
145
110
157
104
119
142
176
127
106
177
112
108
184
149
114
158
100
164
182
186
160
163
111
151
106
101
183
169
116
184
187
109
152
131
107
156
110
154
172
193
174
125
149
153
182
114
164
142
112
166
134
168
103
105
130
162
141
176
186
144
138
146
156
141
157
175
127
144
102
174
143
166
134
147
190
185
100
132
178
104
105
126
165
159
150
111
140
191
126
101
198
103
139
102
135
107
125
109
122
108
113
113
117
116
117
115
118
123
120
122
120
124
121
136
124
136
128
129
131
132
130
133
137
133
137
135
139
196
138
196
195
143
194
145
155
151
146
147
150
148
153
154
152
155
171
161
159
160
158
161
162
170
167
163
171
167
165
172
170
168
169
173
197
179
180
177
178
180
190
181
179
188
189
183
187
185
192
189
192
191
188
193
195
-1
197
198
140
194
