163
187
136
134
117
107
105
182
181
179
170
177
178
189
150
186
153
149
166
191
132
128
125
100
104
157
146
101
145
102
119
174
188
155
172
164
150
159
160
143
130
151
180
110
141
161
152
100
118
133
169
140
166
178
169
116
145
173
115
104
180
111
126
163
158
140
136
110
122
172
112
106
138
109
108
127
123
111
128
177
132
165
152
168
116
129
167
105
131
158
162
102
103
142
127
168
155
144
144
108
101
192
103
195
124
106
107
121
109
113
114
112
113
114
115
120
117
118
119
120
121
122
123
124
125
126
192
139
129
130
131
135
133
134
135
137
137
138
139
193
141
142
143
147
146
147
148
148
149
195
151
154
153
154
156
156
157
197
159
160
161
162
194
164
165
184
167
174
171
170
171
175
173
176
175
176
187
184
179
183
181
182
183
185
185
186
188
189
190
190
191
196
193
194
196
197
198
198
-1
