175
144
185
133
170
162
179
171
136
164
109
176
134
128
151
172
106
175
157
170
134
125
117
158
117
164
115
119
157
114
159
129
177
123
153
163
152
150
166
118
156
169
184
114
125
156
106
190
137
183
173
122
155
165
161
100
183
107
112
126
102
124
182
153
166
105
148
100
123
120
101
152
108
158
127
151
110
149
108
149
118
187
181
126
103
154
135
131
121
102
130
111
148
167
178
128
145
113
171
186
101
104
103
104
146
107
105
138
109
110
112
113
111
146
115
116
144
116
119
121
142
120
142
122
147
124
132
130
129
127
131
132
143
135
133
136
137
140
141
147
139
145
139
141
140
196
143
138
197
198
196
191
193
154
192
195
155
160
159
160
161
162
194
188
163
168
165
169
167
174
168
172
174
179
173
177
180
176
189
180
181
178
186
182
185
189
187
184
190
188
192
195
194
197
191
193
-1
198
150
