182
167
192
187
137
138
135
102
101
106
150
168
161
105
162
164
116
153
118
158
169
156
171
153
149
171
138
133
120
173
174
129
132
100
165
115
115
155
102
181
126
117
160
108
136
107
111
188
147
125
197
155
179
104
131
116
163
162
169
127
122
135
132
151
150
180
117
149
107
166
125
113
160
166
146
151
134
120
189
109
187
121
183
186
139
104
101
139
109
181
180
191
156
189
164
146
147
158
119
100
141
103
103
112
105
106
111
108
110
110
112
114
113
114
142
129
124
118
119
123
121
122
123
124
126
127
128
128
130
130
131
141
133
134
144
136
137
143
140
140
142
143
144
145
145
196
148
148
195
196
152
152
154
154
192
157
157
159
159
178
161
177
163
176
165
175
167
168
170
170
172
172
173
174
175
176
177
178
179
184
185
182
183
184
185
186
193
188
190
190
191
194
193
194
195
198
197
198
-1
