120
149
121
103
125
132
136
100
186
127
187
127
181
161
133
106
180
166
138
155
158
109
153
117
105
108
175
140
104
154
139
130
152
185
195
134
124
186
172
111
135
131
177
101
108
143
170
176
189
123
112
169
128
155
184
163
181
117
107
179
166
164
167
151
194
190
176
153
189
159
177
171
125
110
138
121
133
122
122
102
119
156
178
115
114
107
120
152
137
156
100
172
185
105
179
106
168
134
169
157
101
103
150
104
102
148
118
112
110
111
109
113
113
114
116
118
119
116
145
115
146
146
123
130
131
124
129
128
126
143
129
126
141
132
136
137
135
141
139
140
142
142
144
144
147
147
149
148
150
145
198
165
151
154
161
160
157
158
159
160
162
162
164
197
165
163
174
170
167
168
171
174
173
196
173
193
175
178
183
183
182
180
184
182
191
188
188
192
187
191
193
192
190
195
196
194
197
198
-1
