186
124
109
178
137
144
173
130
164
139
179
168
128
108
134
100
114
153
187
127
167
159
183
101
186
162
134
163
122
182
184
184
128
103
136
177
139
103
131
195
126
123
156
120
137
149
131
106
117
181
154
157
166
143
150
113
112
183
142
170
188
157
163
156
111
106
126
114
149
151
133
162
152
155
102
130
136
109
182
122
161
116
172
100
105
151
152
170
177
104
175
169
120
133
175
174
108
123
113
171
101
102
196
104
105
107
107
117
110
110
111
112
118
115
115
116
119
118
119
121
121
148
125
124
125
147
127
129
129
146
132
132
141
135
135
142
138
138
140
140
141
143
144
145
145
146
147
148
197
150
195
194
153
154
155
159
158
158
160
160
161
193
165
164
165
166
167
168
169
192
171
172
173
174
176
176
179
178
180
180
181
191
190
185
185
189
187
188
189
190
191
192
193
194
196
198
197
198
-1
