142
107
112
137
158
180
106
165
104
129
169
120
126
102
166
166
134
176
132
105
170
154
184
153
115
160
175
182
161
175
164
162
168
162
128
116
146
101
105
145
128
150
109
138
189
155
121
116
135
100
156
143
147
131
104
115
102
109
173
120
139
140
144
141
153
137
101
174
160
165
140
189
135
171
122
108
176
100
188
134
178
113
148
170
157
155
149
113
133
127
114
126
173
130
143
191
141
112
156
177
192
103
103
123
111
106
107
108
110
110
111
124
119
114
117
118
117
118
119
123
121
122
125
124
125
195
127
197
129
130
131
132
133
191
136
136
193
138
139
192
149
142
148
144
145
146
147
151
150
151
152
152
196
154
187
157
159
158
159
186
161
163
163
164
184
167
167
168
169
172
171
172
181
174
183
179
177
178
179
180
181
182
183
185
185
186
187
188
190
190
193
194
194
196
195
197
198
198
-1
