177
128
152
149
147
177
117
135
122
131
143
101
146
118
116
113
158
104
150
143
123
166
127
160
154
188
101
174
164
173
168
105
129
138
149
108
120
156
114
162
176
169
182
153
142
175
147
109
178
144
178
125
139
116
108
129
174
119
127
162
125
126
124
172
104
146
153
189
141
171
161
140
155
124
181
164
171
110
163
107
121
188
156
100
180
148
102
152
113
144
132
100
107
189
121
117
132
139
163
110
103
103
106
102
106
192
105
112
109
111
112
114
111
115
115
192
196
118
120
198
197
122
123
137
134
126
136
128
131
130
133
130
133
135
137
136
134
138
194
140
141
142
191
145
145
195
185
151
150
148
151
186
160
154
158
159
155
159
157
161
157
170
167
166
165
170
167
168
165
187
169
172
173
183
175
184
179
179
176
180
183
184
186
181
182
195
187
185
190
190
191
196
198
197
193
194
193
119
-1
