137
123
164
100
141
145
121
167
103
163
115
149
124
113
156
142
148
163
105
155
152
157
177
176
169
180
101
156
153
173
159
126
123
119
154
147
151
168
114
164
143
155
144
158
170
120
179
172
102
118
182
118
133
174
101
144
125
142
113
178
166
162
143
169
129
105
110
116
109
166
119
181
154
111
162
106
174
139
152
107
131
188
117
109
161
179
122
173
120
178
108
111
186
100
128
124
125
157
138
137
102
103
104
104
192
106
107
108
195
110
112
112
191
114
115
116
117
134
135
133
121
122
130
129
127
126
127
128
130
132
131
132
134
136
135
136
140
138
139
140
141
197
150
146
145
146
147
148
149
150
151
191
153
193
192
196
158
159
160
160
161
190
188
165
165
185
167
168
170
171
171
172
187
175
175
176
177
182
183
180
181
184
183
184
185
186
187
189
189
190
193
194
194
196
195
197
198
198
-1
