133
162
128
173
151
140
140
142
150
115
185
109
156
163
153
143
141
119
147
135
101
170
174
126
164
129
178
106
166
169
193
108
162
125
171
101
143
106
179
102
134
139
103
176
131
105
154
151
100
181
145
110
132
189
181
124
155
126
173
168
165
116
159
167
124
172
184
180
144
142
160
179
164
119
121
114
177
175
125
135
168
180
157
127
165
100
149
155
128
117
150
113
152
127
107
116
118
120
174
115
104
102
104
105
103
108
107
114
111
196
113
110
111
109
112
112
117
118
121
120
122
123
197
122
123
138
137
129
130
130
133
132
134
131
136
136
138
194
137
141
139
148
144
147
146
146
148
145
195
160
149
152
154
159
153
156
158
198
157
161
161
158
163
191
190
167
188
166
170
171
169
172
187
192
175
177
178
176
186
183
182
183
184
182
185
186
192
194
190
187
189
188
191
195
196
-1
197
198
193
