113
166
137
100
164
161
114
157
163
157
123
170
173
105
142
149
135
154
159
149
117
175
169
146
109
138
122
189
128
118
159
162
171
145
103
110
139
130
108
147
152
173
172
144
135
106
141
134
112
190
150
160
148
102
143
162
119
101
116
106
164
133
165
121
154
105
189
114
130
120
125
165
144
167
119
163
134
153
175
129
156
113
186
151
172
169
168
131
178
124
108
133
131
188
100
118
115
126
104
174
103
102
197
101
111
104
107
111
109
107
198
110
191
112
115
117
-1
192
127
121
122
125
124
127
123
120
128
126
195
132
129
132
194
140
137
136
138
136
139
140
194
142
143
145
141
146
147
148
187
150
151
153
155
152
155
156
158
158
186
160
161
184
182
183
181
167
168
166
179
178
176
170
171
174
177
176
180
181
180
177
179
185
183
184
187
182
185
193
190
188
198
196
195
192
197
116
193
196
191
