167
156
140
145
124
148
107
194
120
100
183
153
122
102
101
161
167
111
179
142
126
147
159
118
103
196
114
145
129
125
152
170
134
143
138
117
177
168
118
165
121
100
108
194
172
106
136
152
190
115
188
150
180
178
137
149
148
184
168
128
190
141
135
187
110
114
185
115
186
166
101
159
102
149
174
141
173
138
183
108
179
176
137
177
140
171
124
191
111
156
173
110
185
121
131
109
157
120
154
150
103
104
105
104
105
106
107
127
109
112
113
112
113
130
116
116
117
119
119
127
123
122
123
130
125
126
132
128
129
131
132
133
133
134
135
136
198
139
139
163
144
142
143
144
146
146
147
164
160
151
151
155
153
154
155
158
157
158
160
162
161
162
163
164
165
166
197
169
169
170
171
172
175
174
175
176
180
178
181
182
181
182
191
184
187
186
189
188
189
192
193
192
193
195
195
196
197
198
-1
