114
145
176
132
191
160
141
190
159
179
164
113
109
156
188
105
140
123
143
164
153
178
150
160
130
121
174
130
179
118
161
111
185
120
163
105
129
173
104
118
113
102
128
166
137
127
167
173
132
183
165
138
101
155
145
162
193
153
158
142
124
147
100
157
137
121
107
193
148
139
136
119
147
126
141
127
116
134
103
106
110
149
181
186
152
150
192
182
175
178
117
170
134
100
115
169
146
181
174
107
101
102
103
104
106
108
108
110
109
111
112
112
189
114
115
116
117
124
119
120
122
122
123
125
125
126
186
128
129
131
131
133
133
135
135
136
187
138
139
140
142
143
144
144
188
146
158
148
149
151
151
152
154
154
155
156
157
159
168
163
161
162
172
165
167
166
168
169
170
171
171
172
185
175
177
176
177
189
180
180
182
184
183
184
187
191
190
197
194
192
196
195
194
196
195
197
198
198
-1
