157
117
183
107
103
132
134
178
109
111
123
122
159
145
101
176
180
165
171
149
137
160
173
147
158
130
182
150
155
120
146
109
115
174
116
163
135
142
162
170
140
139
190
102
138
164
190
184
108
128
178
118
152
105
149
119
184
126
131
115
133
124
127
134
103
192
136
173
130
118
175
154
179
152
159
155
174
112
100
148
162
105
167
185
110
143
100
142
158
126
166
124
144
165
151
153
102
119
169
172
101
114
104
104
106
106
107
108
112
110
111
113
113
114
198
116
117
187
121
120
121
122
123
125
125
127
129
128
129
188
131
132
133
137
135
136
138
139
140
141
141
187
143
144
145
146
147
148
183
150
151
188
153
154
156
156
157
185
161
160
161
193
163
164
166
167
168
168
169
170
171
172
189
175
177
176
177
180
179
181
181
182
193
186
186
194
196
189
192
191
191
195
195
194
196
197
197
198
-1
