153
133
115
165
122
170
137
105
183
138
173
177
156
191
120
146
151
169
176
120
171
147
161
110
157
130
101
146
174
106
178
129
131
160
100
144
103
115
190
143
178
132
187
189
188
114
142
112
162
102
160
180
118
156
139
148
154
106
181
118
183
163
123
125
127
153
145
185
124
101
152
165
137
108
107
111
173
175
167
141
176
108
164
117
135
151
149
121
140
162
182
166
126
155
100
169
134
133
184
149
102
103
104
104
105
107
109
109
111
110
112
113
113
114
116
116
117
119
119
122
121
125
123
124
126
127
128
128
129
130
131
132
134
135
136
136
194
138
139
140
141
142
143
144
145
197
147
148
150
150
194
152
157
154
155
158
159
158
159
188
161
187
163
164
166
167
168
168
172
170
171
172
195
174
175
189
177
179
179
180
181
182
184
185
186
186
190
192
192
196
191
193
193
195
196
197
198
198
-1
