104
105
110
122
115
174
167
178
145
186
184
159
173
154
140
179
157
134
110
168
119
112
130
164
178
132
152
185
113
105
161
189
163
130
194
120
127
126
117
147
117
108
161
150
172
111
164
137
138
183
129
126
186
156
114
159
153
121
149
133
124
101
154
102
141
140
148
181
158
123
107
136
167
143
132
174
176
170
172
100
180
128
101
190
169
137
179
113
152
142
168
141
162
122
176
100
183
109
146
136
103
102
103
104
106
106
107
108
109
188
111
112
114
116
115
116
118
118
119
120
121
123
124
125
125
190
127
128
129
131
131
133
135
134
135
188
139
138
139
147
142
143
144
144
145
146
148
149
150
151
151
191
153
155
155
156
157
158
160
160
166
162
163
165
165
166
189
169
170
171
171
193
173
175
175
177
177
192
180
181
182
182
193
184
185
187
187
194
192
191
195
198
196
195
197
196
197
198
-1
