183
126
170
132
133
145
149
158
147
141
149
182
190
117
117
171
123
178
121
151
122
105
192
110
177
115
173
181
150
190
119
153
186
182
156
100
103
173
157
142
101
128
156
180
160
177
157
120
184
126
159
101
116
143
125
108
131
113
112
104
162
136
144
160
164
114
127
118
143
169
151
167
109
165
107
139
106
146
196
124
171
133
134
179
161
137
174
165
139
166
168
161
175
130
140
111
102
108
129
146
103
104
100
105
102
106
107
197
109
110
111
112
113
114
116
188
115
118
119
121
122
120
124
195
123
127
125
128
129
130
135
135
134
132
131
136
138
189
194
140
138
142
144
141
145
148
147
148
154
152
163
152
153
154
193
158
155
159
164
155
163
193
191
162
150
166
167
168
170
176
169
176
197
172
198
174
175
178
179
180
187
194
183
184
181
196
195
185
137
186
185
198
188
189
191
-1
192
187
172
