155
122
144
174
172
188
176
175
107
138
131
159
163
190
105
154
191
111
176
149
112
118
126
151
104
143
150
170
168
177
156
102
110
130
124
143
132
116
183
111
146
141
108
126
186
100
187
127
129
197
139
157
172
148
165
100
190
106
114
149
140
107
127
182
110
135
101
118
115
106
160
189
163
169
177
120
137
104
173
103
119
165
185
153
137
195
183
145
167
168
123
120
134
117
131
133
147
158
170
142
101
102
103
182
105
189
109
108
109
187
113
112
113
114
115
116
117
119
121
121
123
122
124
125
125
184
128
128
129
130
132
133
134
135
136
136
162
138
139
140
141
142
160
144
145
146
147
148
152
150
151
152
153
154
155
156
157
158
159
161
161
162
164
164
166
166
167
171
169
173
171
175
174
178
181
179
178
180
179
180
181
184
186
191
185
193
197
188
193
192
194
192
195
194
196
196
198
198
-1
