178
181
101
108
120
193
139
187
102
131
187
166
171
151
167
168
114
171
166
111
186
168
155
154
132
152
183
119
112
192
144
170
167
179
135
137
141
100
172
125
128
164
122
127
124
174
153
149
123
165
109
163
173
156
150
141
117
144
148
173
140
190
184
143
112
138
181
134
107
139
175
160
176
124
161
152
142
133
147
104
126
109
180
110
182
156
164
105
113
179
106
147
194
103
143
118
191
116
130
102
103
100
101
104
105
106
107
121
127
110
108
113
111
122
125
123
130
114
120
117
129
115
115
128
118
132
133
129
119
121
131
135
134
116
126
136
140
136
198
137
138
185
145
142
145
146
165
148
149
151
159
150
154
155
153
157
157
162
159
172
162
158
161
169
158
163
146
197
169
160
198
195
170
174
175
177
188
178
176
177
183
186
191
188
195
180
189
196
184
185
-1
196
193
182
192
197
190
194
189
