159
168
141
124
155
135
144
190
130
153
174
161
178
180
138
129
148
101
102
162
108
105
186
187
164
140
138
145
128
152
170
169
177
158
117
113
122
151
123
166
121
119
112
189
192
125
154
172
132
178
129
176
117
107
173
193
116
110
163
191
124
114
105
109
104
176
188
151
147
141
145
132
112
133
156
168
184
181
100
115
101
165
171
120
114
108
100
130
196
157
148
155
104
179
146
116
172
160
128
195
103
102
103
184
106
106
107
109
110
111
111
185
113
143
115
125
118
118
119
120
121
122
123
126
127
126
127
131
131
134
133
134
137
135
136
136
137
139
139
140
142
142
143
144
150
146
147
149
149
150
186
152
153
154
161
156
157
158
159
160
164
162
163
165
166
167
167
185
169
170
171
173
175
174
175
183
177
181
179
180
182
182
183
190
194
189
187
188
198
191
193
192
194
195
196
197
197
198
-1
