124
110
159
172
185
154
104
183
174
113
145
136
152
121
110
162
133
122
148
181
111
170
142
193
147
159
155
129
147
172
179
118
140
100
144
150
124
182
113
151
135
133
175
170
178
106
168
149
105
193
139
128
160
100
166
162
126
123
181
167
130
108
115
112
107
180
120
154
149
136
131
141
134
143
117
164
161
106
186
178
163
142
157
168
125
156
103
101
102
192
119
173
131
155
146
166
150
128
114
167
101
102
103
104
105
107
108
109
109
189
111
112
114
115
116
116
117
118
119
120
121
122
123
125
126
127
127
186
129
130
132
132
138
134
135
137
137
138
139
140
141
187
143
144
145
146
188
148
185
151
153
152
153
189
156
157
158
158
187
160
161
163
164
165
165
191
177
169
169
171
171
175
173
174
176
176
177
190
179
180
182
184
183
184
188
191
190
197
194
192
196
195
194
196
195
197
198
198
-1
