4.19053
4.19053
4.19053
3.6158
4.19053
4.19053
4.19053
4.19053
4.19053
5.87813
2.75648
4.19053
4.19053
4.19053
4.19053
4.19053
4.19053
4.19053
4.19053
4.19053
4.19053
4.19053
4.19053
4.19053
4.19053
4.19053
4.19053
8.01938
4.19053
4.19053
4.19053
4.19053
4.19053
4.19053
4.19053
4.19053
4.19053
4.19053
4.19053
4.19053
4.19053
4.19053
4.19053
4.42788
4.19053
4.19053
4.19053
4.19053
4.19053
4.19053
4.19053
6.53421
5.1102
5.92284
4.19053
4.19053
4.19053
3.79159
4.19053
4.19053
4.19053
6.23716
3.63664
3.46613
5.05308
4.61669
3.86202
4.42661
4.19053
3.97769
3.96052
5.56004
4.25729
5.11481
3.8588
3.98731
4.97381
5.09845
4.19053
3.45004
2.93434
4.19053
4.19053
6.86447
5.7605
4.19053
3.04561
4.19053
4.19053
4.19053
7.28142
4.19053
4.96979
6.82067
3.65187
4.19053
4.19053
4.19053
4.19053
3.87181
3.99031
4.19053
4.45332
4.19053
4.19053
7.15994
5.75874
4.19053
4.19053
4.19053
4.19053
5.2652
3.8677
6.90182
4.1308
4.19053
2.98137
10.7915
4.19053
6.49953
3.89797
4.19053
2.52814
5.84911
4.58537
4.64717
4.19053
6.0193
4.71716
5.22481
4.56596
4.87176
6.41559
3.63564
3.75415
3.10034
4.19053
4.19053
5.81495
4.19053
4.19053
4.19053
4.19053
4.19053
4.19053
4.19053
4.19053
4.19053
4.19053
4.19053
4.19053
5.80108
4.19053
4.19053
4.19053
6.30443
4.19053
4.99182
4.19053
4.19053
4.19053
4.19053
4.19053
4.19053
3.48957
4.19053
4.19053
4.19053
4.19053
3.03658
4.19053
7.80493
3.88584
4.19053
4.19053
4.19053
5.50479
4.19053
4.19053
4.19053
4.19053
4.19053
4.19053
4.19053
4.19053
4.19053
2.5
5.19722
3.17039
4.97048
4.19053
4.19053
4.19053
3.69243
4.19053
4.19053
4.19053
4.19053
4.19053
4.19053
4.19053
4.19053
4.19053
4.19053
4.19053
4.19053
4.19053
4.19053
4.19053
4.19053
4.19053
2.85356
3.7956
4.19053
4.19053
4.19053
4.19053
4.19053
4.19053
4.19053
4.19053
4.19053
4.19053
6.15317
7.77194
3.64642
4.19053
4.19053
4.19053
5.03036
4.19053
4.19053
4.19053
5.09085
4.19053
4.19053
4.19053
4.19053
4.19053
3.57428
3.21443
4.19053
4.19053
4.19053
4.19053
4.19053
4.19053
4.19053
4.19053
4.19053
4.19053
4.19053
4.19053
4.19053
4.58459
3.36152
7.78686
4.23366
4.4103
3.92455
5.0887
4.19053
4.19053
7.55876
2.97043
4.19053
4.19053
4.80017
6.04051
5.09242
4.41309
4.19053
4.19053
4.19053
4.19053
4.19053
8.69153
4.19053
4.99033
4.19053
4.19053
4.19053
4.19053
4.19053
4.19053
4.19053
4.19053
3.31009
4.19053
4.19053
4.19053
4.19053
4.19053
4.19053
4.19053
4.19053
3.98262
4.19053
4.19053
4.19053
4.19053
4.19053
4.19053
4.19053
4.19053
4.19053
4.19053
4.19053
4.19053
7.53273
4.19053
4.19053
4.19053
4.19053
4.19053
3.20446
4.19053
4.19053
4.9584
4.19053
4.19053
4.19053
4.19053
2.93012
3.2521
7.19023
4.19053
5.51115
3.39461
4.19053
4.19053
3.08673
4.19053
6.14745
4.19053
4.19053
4.8974
5.71623
4.19053
4.19053
4.19053
4.19053
4.19053
4.19053
3.74594
2.85855
3.00715
3.22167
4.19053
4.19053
7.50626
4.51954
4.19053
4.19053
4.19053
4.19053
4.19053
4.19053
4.19053
4.6428
4.49225
4.19053
3.73163
4.19053
4.19053
4.19053
4.26026
4.19053
4.19053
4.19053
4.37944
4.19053
4.19053
4.19053
4.19053
4.19053
4.19053
4.19053
4.19053
4.19053
4.19053
4.19053
4.19053
4.19053
4.19053
4.19053
4.19053
4.19053
4.19053
3.79924
4.19053
2.77457
7.84172
4.19053
4.19053
6.13668
5.45448
4.19053
7.93447
4.19053
4.19053
4.19053
4.19053
4.19053
4.19053
4.19053
4.19053
4.19053
4.19053
4.19053
4.19053
4.19053
4.19053
4.19053
3.87086
4.19053
4.19053
4.19053
4.19053
4.19053
4.19053
4.19053
4.19053
4.19053
4.19053
4.19053
4.19053
4.19053
4.19053
3.47235
4.19053
4.19053
4.04593
4.19053
4.19053
4.19053
4.19053
4.19053
4.19053
4.19053
4.19053
4.19053
4.19053
4.19053
2.97423
5.93373
4.19053
4.19053
4.19053
4.19053
4.19053
4.19053
4.19053
4.19053
4.19053
4.19053
4.19053
4.19053
4.19053
4.19053
4.19053
4.19053
4.19053
4.19053
4.19053
4.19053
4.19053
4.19053
4.19053
4.19053
4.19053
4.19053
4.19053
4.19053
4.19053
4.19053
4.19053
4.19053
4.19053
4.19053
4.19053
4.19053
4.19053
6.52207
4.19053
4.19053
4.19053
4.19053
4.19053
4.19053
4.19053
4.19053
4.19053
4.19773
4.19053
4.19053
4.19053
4.19053
4.19053
4.19053
4.19053
4.19053
4.19053
4.19053
4.19053
4.19053
4.19053
4.19053
4.19053
4.19053
4.19053
4.19053
4.19053
4.19053
4.19053
4.19053
4.19053
7.52444
4.19053
4.19053
4.19053
4.19053
4.19053
3.09492
2.73597
4.19053
4.7594
4.19053
4.19053
4.19053
4.19053
4.19053
4.19053
4.19053
6.11582
4.19053
4.19053
4.19053
2.92196
6.98194
4.19053
4.19053
4.19053
2.96366
3.05311
2.78601
2.75336
4.19053
2.97087
4.99556
4.19053
4.19053
4.19053
4.19053
4.19053
4.19053
8.85176
4.19053
4.19053
4.19053
4.19053
4.19053
4.19053
4.77115
4.19053
3.03276
4.19053
4.19053
4.0465
2.96712
4.19053
4.19053
4.19053
4.06087
4.19053
3.11576
4.19053
4.19053
4.19053
4.19053
4.19053
4.19053
3.88034
4.19053
4.19053
4.19053
8.49457
6.70912
4.19053
4.19053
5.32687
3.01258
4.22407
4.0553
3.1256
6.12862
4.32442
4.19053
4.5142
4.19053
4.19053
4.19053
4.19053
4.19053
4.94977
4.19053
6.0452
3.28268
4.19053
4.04013
4.19053
5.53174
4.19053
4.19053
4.19053
4.19053
4.19053
4.19053
4.19053
4.19053
4.19053
4.19053
3.59794
4.19053
4.19053
4.19053
4.19053
4.19053
4.19053
3.23853
3.81768
3.49799
4.19053
4.62077
8.11659
4.03415
4.19053
4.19053
4.19053
4.19053
5.67548
4.19053
4.19053
4.19053
4.19053
4.19053
4.19053
4.19053
4.19053
4.19053
4.19053
4.19053
4.19053
4.19053
4.19053
4.19053
4.19053
4.19053
4.19053
4.19053
4.19053
4.19053
4.19053
4.19053
3.7209
3.16915
4.19053
3.36846
4.19053
4.19053
4.19053
4.19053
4.19053
3.45068
3.32915
4.19053
5.56887
4.19053
4.19053
4.19053
3.27317
4.19053
4.19053
4.96746
3.46335
6.5108
5.11867
4.19053
4.72963
6.13928
4.19053
4.19053
4.82028
5.3615
5.00423
4.19053
3.48933
2.92996
4.19053
4.19053
4.19053
4.19053
5.69824
4.19053
4.19053
4.19053
4.19053
3.35024
4.19053
3.84084
4.19053
4.19053
4.19053
4.19053
4.19053
4.19053
4.19053
4.19053
4.19053
3.77187
4.48112
6.2248
5.46593
3.0509
4.19053
4.19053
4.19053
4.19053
4.19053
4.19053
4.19053
6.38722
4.19053
4.19053
4.19053
4.19053
4.19053
4.19053
4.19053
4.19053
4.19053
4.19053
4.19053
3.03771
4.19053
4.19053
4.19053
4.19053
4.19053
4.19053
4.19053
4.19053
4.19053
4.19053
4.19053
4.19053
4.19053
4.19053
4.30385
4.19053
4.19053
4.19053
4.19053
4.19053
4.19053
4.19053
4.19053
4.19053
4.19053
4.19053
4.19053
4.94182
3.71155
4.19053
4.19053
4.19053
4.19053
4.19053
4.19053
3.83138
4.13175
4.32463
2.73967
4.19053
3.65475
4.19053
4.19053
4.19053
4.19053
4.19053
4.19053
2.86831
2.74332
4.19053
4.19053
4.19053
4.19053
6.71672
3.98113
3.68248
4.19053
4.19053
5.54019
3.27725
3.41901
3.76213
4.19741
4.38241
4.19053
3.32481
4.19053
3.75461
4.19053
3.38476
4.19053
3.14852
4.19053
4.19053
4.19053
4.19053
6.51205
4.19053
4.19053
4.19053
4.19053
4.19053
4.19053
4.19053
3.74325
5.17169
4.19053
4.19053
4.19053
4.19053
4.19053
4.19053
4.19053
4.19053
4.19053
4.19053
4.19053
4.19053
4.19053
5.20961
3.04234
3.14586
2.80311
4.16573
5.76676
2.5
4.19053
4.19053
4.19053
4.19053
4.19053
4.19053
4.19053
4.19053
4.19053
4.19053
4.19053
4.19053
7.32575
4.19053
3.47152
4.19053
6.52445
3.72941
4.19053
6.23233
4.19053
4.19053
4.24428
3.21615
3.22338
4.19053
5.27752
7.76757
3.05309
4.19053
4.19053
5.09204
3.96734
4.19053
5.00609
4.19053
4.19053
5.11676
4.19053
4.19053
4.19053
3.28609
4.05059
4.19053
4.19053
6.96161
4.19053
4.19053
4.19053
4.19053
3.10535
4.19053
7.04828
2.97977
3.98948
5.70493
4.62616
4.19053
3.23065
4.19053
4.19053
4.19053
4.19053
4.19053
4.19053
3.58817
4.19053
3.31001
4.87715
3.26292
3.83883
4.19053
4.19053
4.19053
4.19053
4.19053
4.19053
4.19053
4.19053
4.19053
4.19053
4.19053
4.19053
2.88451
4.19053
4.19053
4.19053
3.59756
4.19053
3.34426
4.6008
5.1845
4.19053
4.19053
4.19053
4.19053
4.19053
4.19053
4.19053
4.19053
4.19053
4.19053
7.62733
4.19485
4.19053
3.2625
4.19053
4.19053
3.4726
4.19053
4.19053
4.19053
5.08361
4.19053
4.19053
4.19053
3.44348
4.19053
4.19053
4.19053
4.19053
3.87532
4.19053
4.19053
4.19053
4.19053
4.19053
4.19053
4.19053
4.19053
4.19053
4.19053
3.05418
4.19053
4.19053
4.19053
4.19053
4.19053
4.19053
4.19053
4.19053
4.19053
4.19053
4.19053
4.19053
4.19053
4.19053
4.19053
4.19053
4.19053
4.19053
4.19053
4.19053
4.19053
4.19053
4.19053
4.19053
4.19053
4.19053
4.19053
4.19053
4.19053
4.19053
4.19053
4.19053