0
1
2
7
15
17
23
28
29
35
38
39
40
45
46
48
49
50
53
54
56
57
64
68
70
79
84
91
97
110
112
114
115
116
125
128
131
132
139
142
144
146
149
150
151
154
156
157
158
164
166
170
171
174
175
178
179
181
183
184
189
191
192
193
194
201
204
205
206
208
210
215
216
217
218
220
225
227
228
229
231
233
238
243
248
249
254
257
261
262
263
268
273
274
275
276
277
278
282
288
295
296
298
299
300
304
305
307
309
312
319
328
335
336
338
339
342
346
348
349
352
354
355
356
358
359
360
363
365
366
369
371
372
373
374
376
378
382
383
384
386
387
391
392
397
