1 0 0 0 0 0 0 0 0 0 0 0 2 1 0 1 1 0 0 0 4 0 1 0 0 1 1 2 0 2 0 0 0 0 0 0 2 3 0 0 0 4 0 0 0 1 0 0 0 0 0 1 0 0 0 0 0 1 1 0 0 0 0 0 1 1 0 0 0 3 2 0 0 1 0 1 0 0 0 3 0 0 0 0 0 0 0 0 0 0 2 0 0 1 3 0 1 0 0 1
0 0 0 1 5 2 5 10 0 2 7 4 5 0 1 15 16 15 8 4 0 2 1 4 15 5 5 2 2 6 0 0 1 4 0 9 2 5 0 2 7 2 8 4 0 7 2 3 2 5 13 3 0 0 6 1 3 5 0 5 4 0 2 5 1 2 2 1 3 2 0 0 3 2 3 7 4 1 1 1 0 9 7 7 1 1 1 4 0 0 1 1 2 7 3 1 4 9 3 0
0 0 0 0 0 6 1 0 0 0 7 0 0 0 0 1 0 0 1 0 0 0 0 0 0 0 0 1 0 0 0 0 0 0 0 0 1 0 7 0 0 1 1 1 0 0 2 0 0 2 0 1 0 1 0 1 0 0 0 4 1 0 1 3 0 1 4 0 0 8 0 0 0 0 0 0 0 0 0 0 0 1 0 0 6 2 0 0 1 5 1 1 0 3 1 1 0 0 0 4
1 4 6 2 12 1 2 3 2 4 0 5 7 0 0 6 5 6 1 4 3 0 9 1 7 9 4 2 13 0 11 0 4 4 5 0 6 2 2 0 4 4 4 5 0 1 20 0 4 7 11 3 3 3 2 0 1 7 2 2 7 3 0 1 8 1 5 11 3 3 4 1 0 9 2 1 2 6 1 2 6 4 21 3 5 5 5 2 1 0 10 23 3 0 1 2 1 0 2 2
4 25 8 0 0 1 19 6 1 11 25 0 4 3 3 3 0 2 11 8 3 1 6 5 1 5 17 11 3 1 1 13 10 0 3 5 2 5 6 8 9 4 1 7 7 8 2 3 0 4 1 0 10 5 8 9 0 27 1 19 0 0 2 3 2 13 0 2 12 5 0 9 7 7 2 11 34 2 0 6 52 0 1 2 4 0 37 10 4 0 1 6 0 5 5 1 8 7 13 3
10 5 4 21 2 2 0 3 1 9 3 14 7 4 0 3 0 7 4 5 4 2 3 10 10 4 2 11 14 3 2 2 1 4 29 10 2 18 10 14 8 20 4 2 1 6 28 45 5 1 7 9 3 3 3 22 3 0 2 0 24 1 3 0 9 2 34 3 10 6 8 4 47 4 28 21 5 1 13 15 5 28 15 2 1 2 0 6 2 9 10 44 14 7 0 12 13 9 4 2
10 1 4 0 0 1 1 1 1 3 3 6 0 5 4 0 1 5 1 0 0 0 4 0 0 2 1 0 1 0 2 0 10 1 13 1 0 11 0 4 7 2 12 5 1 0 8 1 1 6 2 1 0 0 2 2 0 0 2 5 1 2 3 3 17 0 0 3 8 2 2 2 3 29 4 6 3 0 7 3 2 5 3 6 0 0 0 5 4 4 0 0 0 15 15 15 3 3 0 1
4 8 9 15 1 14 1 9 1 2 22 10 25 27 2 6 26 0 0 0 4 4 25 13 0 3 1 18 6 2 2 0 4 0 10 33 27 0 22 0 9 2 0 9 29 2 1 9 4 5 35 4 2 14 2 0 3 18 1 7 15 2 1 2 0 7 5 4 1 11 3 3 2 6 10 4 8 13 6 0 23 0 2 4 4 17 3 2 12 1 28 12 4 3 8 19 9 7 0 2
4 3 0 12 1 8 0 0 0 8 7 1 1 0 6 1 1 2 1 2 12 2 8 19 2 11 3 0 1 6 10 0 1 13 0 5 2 6 0 4 2 2 1 7 3 3 8 2 5 6 11 21 4 2 0 7 2 6 2 1 15 2 2 3 0 10 1 3 14 6 1 14 7 0 3 8 1 7 13 7 6 1 4 24 1 2 9 1 1 15 0 10 3 2 1 1 1 17 2 10
0 1 0 0 0 0 0 0 0 1 1 0 2 0 0 0 2 0 0 2 3 1 0 1 0 0 0 0 0 4 0 0 1 0 0 0 0 0 0 0 0 0 0 0 0 0 0 0 0 0 0 2 1 0 1 0 0 0 0 0 1 0 0 1 0 0 0 0 0 0 2 1 0 0 0 1 2 0 1 1 0 2 0 0 1 3 0 1 0 0 1 0 0 0 0 0 0 0 0 2
6 1 15 2 1 3 8 18 0 2 1 1 16 23 4 7 15 15 23 6 13 13 3 1 0 6 12 0 21 1 21 11 15 10 2 11 0 0 5 14 4 31 8 1 2 16 3 5 8 6 22 0 19 4 1 8 3 9 8 16 3 16 1 1 2 31 44 1 3 14 2 6 26 6 4 6 1 0 1 1 3 0 7 6 2 1 18 4 2 4 3 7 1 5 4 2 40 27 22 1
3 2 0 20 4 2 7 3 26 3 15 6 7 10 22 16 5 5 20 9 3 12 8 7 2 0 0 1 11 19 4 5 11 27 25 9 2 7 2 6 22 7 13 0 15 9 8 15 22 3 12 27 2 5 0 7 6 3 0 1 5 1 22 11 20 2 4 42 7 4 18 14 0 7 8 0 4 18 1 0 14 3 2 8 18 24 0 38 18 19 7 1 1 3 6 2 11 3 0 4
22 13 11 6 0 4 1 4 5 14 5 6 0 0 0 17 6 0 0 11 7 2 1 0 4 17 9 7 8 40 5 10 37 3 1 2 1 8 2 5 8 6 12 5 8 6 0 3 4 4 4 1 1 15 1 5 34 3 9 0 8 4 0 1 3 0 3 7 1 3 5 3 3 14 15 4 1 0 8 1 5 22 4 16 8 7 1 3 2 1 8 0 14 9 1 10 16 17 0 13
4 0 2 0 0 9 0 15 0 15 8 7 21 1 9 3 0 2 3 1 4 7 0 0 17 0 4 1 5 4 1 2 0 11 9 15 6 0 17 0 1 0 0 1 5 2 0 1 2 0 1 0 3 2 7 9 2 4 0 12 0 9 3 3 5 0 0 1 0 6 0 8 4 0 9 2 0 6 1 9 5 3 2 2 5 17 3 3 10 5 2 1 1 1 7 3 2 7 4 3
5 0 0 6 0 6 1 1 7 8 6 5 3 5 21 4 5 3 5 2 1 6 4 2 4 2 1 4 0 1 0 0 2 2 1 0 2 2 2 6 8 0 4 6 8 0 1 0 11 3 0 3 0 9 8 0 4 0 9 1 9 3 4 16 4 3 0 3 5 1 1 23 8 6 3 0 0 9 0 0 2 0 6 12 5 3 7 3 3 5 12 1 13 14 3 0 2 0 4 1
0 0 0 0 1 0 0 0 2 0 0 0 0 0 0 2 0 0 0 0 0 0 0 0 0 0 0 0 0 0 0 2 0 1 0 0 0 0 0 0 2 0 0 0 0 3 0 1 1 0 1 2 0 0 0 0 1 0 0 0 2 0 1 0 0 0 0 0 0 0 4 0 0 0 0 0 1 0 0 0 0 0 0 0 0 3 1 0 4 2 1 2 0 0 0 0 1 0 0 0
0 0 0 4 1 6 0 0 0 0 3 0 0 0 1 0 1 0 0 0 1 1 0 0 2 2 1 2 0 0 1 0 0 0 0 0 7 0 1 1 0 0 0 0 0 1 0 0 0 3 0 1 0 0 1 0 2 2 1 5 0 0 0 1 0 0 2 2 0 18 0 0 0 0 3 2 0 0 1 0 1 1 0 1 7 0 0 0 0 1 3 6 1 2 0 0 0 0 0 1
0 4 11 11 40 4 1 1 2 14 4 7 25 4 3 9 8 32 4 7 2 2 15 9 45 1 8 1 3 19 2 8 15 24 2 1 4 21 7 3 5 19 6 4 0 19 3 4 26 7 28 3 4 15 3 9 13 9 6 10 1 0 9 3 19 5 4 1 0 15 0 1 12 5 0 25 3 3 4 31 5 4 25 3 6 0 9 18 0 14 1 13 10 3 31 0 6 9 1 18
0 0 1 0 0 0 1 1 0 1 1 0 0 2 0 1 0 0 0 0 0 0 1 1 0 0 0 0 0 4 0 0 0 0 0 0 0 0 0 2 2 0 1 1 0 1 0 1 0 0 0 0 0 3 1 0 0 1 0 2 1 0 0 1 0 0 1 1 0 0 0 0 0 0 0 0 0 0 0 0 2 1 0 0 0 0 0 0 0 1 0 3 0 0 0 0 5 0 0 4
1 4 8 0 6 1 5 0 1 6 5 0 3 2 1 7 0 0 21 14 12 7 0 0 2 0 10 2 3 0 8 0 0 3 4 0 2 1 7 1 3 8 3 6 1 1 7 0 15 5 9 8 0 14 0 8 3 11 13 5 19 2 3 5 0 12 3 2 1 18 5 9 1 0 2 0 1 1 3 0 8 1 7 3 2 3 1 18 7 8 14 1 5 1 1 7 4 0 2 0
0 0 0 2 0 0 0 0 0 0 1 0 0 0 1 0 0 0 1 4 0 0 0 0 1 2 0 0 0 0 0 0 0 0 0 3 0 5 0 0 0 0 0 0 0 0 0 0 2 1 0 0 1 0 0 0 0 0 0 0 0 0 1 0 0 3 1 0 1 0 1 2 0 0 1 0 0 1 14 0 0 0 4 0 0 0 0 1 0 0 1 1 0 0 2 2 1 0 0 0
0 6 1 12 5 4 2 0 9 1 3 0 8 4 5 0 2 0 16 4 0 2 6 1 4 1 1 5 2 0 0 5 3 2 11 19 0 21 9 5 1 8 9 1 2 10 0 1 0 2 3 5 4 0 8 0 1 0 2 0 3 9 1 11 8 1 4 0 9 3 6 2 5 0 0 0 0 10 0 2 6 1 2 16 5 0 0 6 7 2 18 5 5 2 6 0 8 2 2 2
17 7 2 4 1 4 1 1 0 4 3 0 2 1 0 3 1 1 1 0 14 0 5 0 1 0 1 2 1 3 3 5 5 4 18 11 4 0 10 0 1 18 5 4 5 7 0 0 0 0 9 3 2 0 1 3 0 7 6 0 6 0 11 6 4 0 10 2 5 0 3 2 1 0 2 6 3 3 1 2 0 5 1 7 0 8 0 6 7 7 3 5 1 0 2 1 0 6 6 7
0 3 1 1 11 4 4 3 0 9 11 0 1 0 4 2 4 15 2 5 0 5 7 4 3 3 5 5 8 3 4 0 4 5 5 3 2 22 4 4 9 8 1 2 6 17 0 9 12 4 2 4 9 6 0 1 2 1 3 3 2 0 2 2 1 1 2 0 3 0 2 0 1 15 0 5 12 16 0 3 1 4 12 5 3 0 0 6 1 1 3 0 3 10 0 4 1 5 4 1
1 2 2 1 0 1 2 1 0 0 0 0 0 0 0 1 0 0 0 0 0 1 0 0 0 0 0 0 1 1 0 3 0 0 0 1 0 0 0 0 1 0 0 0 5 0 0 0 1 0 0 8 0 0 0 0 2 0 2 0 2 0 0 0 11 0 0 0 8 0 0 0 1 0 0 9 0 1 0 0 1 0 2 0 0 0 0 6 0 0 0 0 3 10 0 0 0 2 1 3
6 2 29 1 13 1 2 3 21 12 1 4 5 1 2 7 12 5 11 8 10 6 2 5 5 24 11 1 4 6 3 3 23 17 9 7 1 0 0 9 19 1 5 1 5 3 9 5 25 1 1 28 0 0 0 16 3 0 4 14 9 32 9 6 11 1 7 3 6 3 3 4 26 7 0 8 10 2 14 6 2 21 1 13 12 8 36 1 13 1 17 7 29 4 8 4 19 4 5 12
7 9 3 24 2 15 0 2 21 6 1 27 2 23 1 6 5 11 2 2 9 0 8 4 7 21 7 6 2 0 2 2 22 1 0 2 7 2 18 1 8 3 41 1 1 2 2 4 1 11 0 13 10 2 1 3 25 31 5 5 10 1 3 3 4 1 38 2 1 6 0 11 6 6 18 6 1 15 6 3 2 6 11 2 6 2 2 5 2 13 17 15 3 3 21 8 0 8 6 13
0 0 0 1 0 0 0 1 1 0 0 1 0 0 0 0 0 0 0 0 0 0 0 1 0 0 0 0 0 0 0 0 5 0 0 0 0 4 0 0 0 0 0 0 0 1 0 2 0 0 0 1 0 0 0 0 0 1 0 0 0 0 0 0 0 0 2 1 0 0 9 0 4 1 1 0 0 0 0 0 0 0 0 1 3 0 0 0 0 0 0 0 0 0 2 1 2 1 0 1
0 0 0 0 0 1 0 0 2 0 1 1 0 0 0 0 1 0 0 0 1 0 0 0 0 0 0 1 0 0 0 0 2 0 0 1 5 0 0 0 0 0 0 0 0 0 0 0 1 5 0 0 0 0 1 1 0 4 0 0 1 1 0 1 1 0 0 0 0 1 2 1 1 0 0 0 0 2 0 0 2 0 0 0 0 0 0 0 1 1 0 0 0 1 0 0 0 0 0 0
5 2 0 19 8 11 2 2 6 29 6 30 1 27 2 9 16 1 10 1 3 3 4 0 2 2 0 12 3 13 2 7 1 14 8 0 12 14 0 6 0 14 3 23 0 6 1 3 2 10 7 0 1 18 0 4 15 3 5 4 7 1 2 9 12 0 8 2 2 7 1 9 3 23 18 0 8 0 0 0 1 7 1 5 10 2 3 11 6 1 24 2 1 2 1 4 0 7 9 6
6 12 12 22 17 0 11 0 4 3 10 3 4 5 0 12 5 0 6 7 16 19 7 6 2 0 6 0 8 12 10 5 1 3 8 1 5 10 2 14 10 1 18 20 8 4 2 2 2 12 3 4 1 1 11 2 8 2 3 5 0 3 0 0 1 1 11 15 18 3 8 16 38 10 13 0 2 4 8 12 36 8 24 1 3 7 20 0 3 0 15 13 2 24 11 3 15 3 1 3
0 0 0 2 0 1 0 1 0 0 0 0 0 0 0 7 0 0 0 1 0 0 0 0 0 0 0 0 1 1 0 0 2 0 0 0 0 0 2 0 0 1 0 0 0 0 1 1 0 0 0 1 1 0 2 17 1 0 3 1 0 1 3 0 0 0 0 0 0 0 2 1 1 0 0 0 0 0 0 0 0 1 0 0 0 4 0 2 0 1 0 2 0 0 7 0 1 3 0 1
1 0 3 6 9 0 3 0 3 0 0 4 7 1 2 4 7 7 12 5 14 0 0 17 4 5 7 9 1 0 8 14 0 1 0 4 0 0 4 2 3 4 1 0 2 0 1 5 0 6 5 3 1 4 2 3 2 0 7 1 3 5 9 1 3 7 25 0 5 1 2 4 11 0 1 0 9 0 1 3 6 6 3 1 2 6 0 0 5 0 1 0 0 5 6 2 4 3 0 3
3 3 0 0 2 0 0 3 0 3 15 3 6 1 0 3 1 9 2 0 19 5 1 2 28 0 14 0 0 2 3 3 0 0 13 5 7 1 13 0 0 0 1 3 0 13 1 0 1 0 0 0 2 1 17 3 8 3 0 1 0 0 3 8 0 0 1 8 2 2 0 0 0 0 4 0 0 8 0 4 6 7 0 7 0 7 1 0 5 7 12 11 2 2 8 0 0 1 3 4
2 0 15 3 2 0 5 8 1 1 0 4 9 1 11 18 3 1 3 21 1 1 1 1 11 23 2 3 3 11 0 0 3 31 1 3 8 1 3 6 2 8 0 2 13 5 4 17 2 12 6 2 2 3 0 17 1 3 25 1 9 4 22 3 1 3 9 3 3 3 4 15 3 8 1 2 4 2 5 0 3 5 14 8 1 0 2 8 4 3 7 3 2 4 0 2 11 10 1 23
6 1 8 0 0 0 5 1 3 4 0 0 0 2 1 2 3 3 3 13 0 0 1 2 2 18 4 0 6 3 6 0 15 0 2 1 7 2 14 0 13 0 4 4 0 0 1 5 1 2 2 1 0 3 7 0 1 1 5 0 8 7 4 4 16 3 0 16 3 13 1 20 4 2 2 4 10 0 0 2 4 1 24 0 2 11 1 1 2 0 2 0 2 13 17 8 3 29 0 4
0 0 0 0 1 0 2 1 6 1 0 0 0 0 0 0 1 1 0 1 0 1 0 1 2 0 0 1 0 0 0 0 0 0 0 0 0 1 1 0 0 1 0 0 1 0 0 7 0 0 0 0 0 1 0 0 0 1 3 0 0 1 1 0 1 1 0 1 2 0 0 1 0 4 0 0 0 1 0 0 0 0 0 0 0 0 0 0 0 0 1 0 0 0 0 0 2 0 0 0
6 9 0 2 8 1 13 3 7 27 9 12 0 4 12 2 5 0 4 3 28 15 1 2 7 13 6 5 0 1 20 3 1 9 17 5 15 0 18 22 5 3 0 9 5 0 16 3 5 1 2 5 10 5 15 5 2 17 6 3 1 4 11 12 15 10 2 4 2 7 10 15 10 15 3 9 5 0 9 4 1 4 5 3 0 20 9 8 7 2 5 8 39 11 9 4 0 8 5 32
10 3 19 2 10 1 7 1 18 5 8 4 17 2 9 12 6 4 3 2 2 7 0 0 1 0 3 8 9 4 8 0 5 36 16 2 5 4 19 2 8 6 6 5 5 23 1 17 23 1 1 0 1 4 14 3 15 11 16 6 0 0 1 4 28 2 2 8 1 0 0 2 0 20 12 3 13 1 7 9 10 0 1 3 20 7 7 27 6 1 3 7 0 3 11 14 12 7 0 14
5 5 1 5 3 7 6 4 0 1 0 4 4 2 0 5 0 1 13 16 0 5 4 5 5 0 2 13 11 11 3 2 1 20 3 1 16 1 3 0 10 0 3 3 4 0 3 8 9 0 24 0 6 1 0 0 3 1 8 5 1 3 3 4 3 0 5 2 1 9 11 13 9 4 1 6 4 7 2 17 0 0 8 1 9 4 0 1 1 0 3 2 1 8 1 13 0 3 13 0
1 1 3 4 2 1 0 2 1 13 3 1 15 1 0 1 0 1 1 0 1 0 1 0 6 0 0 0 0 2 3 9 3 2 11 1 4 10 11 0 1 0 2 1 0 2 5 1 2 1 17 7 1 1 7 8 3 2 3 3 5 16 1 6 6 9 10 1 0 13 1 1 1 2 7 9 1 4 7 1 1 2 3 2 3 1 1 0 3 9 4 5 3 4 1 9 1 0 6 0
0 13 3 8 1 29 0 32 23 0 16 20 0 15 6 20 0 7 27 4 7 10 24 0 0 9 2 5 4 1 0 9 5 13 6 2 7 10 11 11 1 14 1 3 12 13 0 0 0 5 14 20 4 9 0 6 6 25 2 16 0 4 1 3 3 5 2 28 7 8 1 1 4 0 2 8 16 16 0 23 4 3 10 10 4 37 21 2 14 2 7 5 14 3 5 35 1 11 1 22
0 1 0 0 0 1 0 0 7 0 0 0 1 1 0 1 0 4 2 0 0 0 1 0 1 0 0 0 0 0 0 0 0 0 3 0 0 0 0 0 1 0 0 2 0 0 0 1 0 2 0 0 0 0 0 2 0 1 0 0 0 0 0 1 0 1 0 2 0 1 0 0 0 1 0 1 0 1 0 0 1 0 0 0 0 1 3 1 1 0 0 1 0 0 0 0 0 0 1 0
2 0 0 0 1 2 0 0 0 0 1 1 0 0 1 0 0 1 0 0 5 0 1 1 0 0 0 0 0 1 0 0 0 0 0 0 0 2 0 0 0 0 0 0 0 0 0 0 0 0 0 0 1 0 0 1 0 0 0 0 1 1 0 0 1 0 1 0 1 2 0 0 5 0 0 0 0 0 0 4 0 1 2 1 0 1 0 0 0 2 0 0 0 0 0 1 1 0 1 0
0 2 2 0 0 2 1 1 2 2 0 1 0 0 0 0 2 0 0 2 0 0 0 0 0 0 0 1 0 0 0 0 0 0 0 0 10 0 4 0 0 0 0 0 0 0 0 2 1 1 0 0 0 0 0 0 1 1 1 6 1 1 0 0 0 2 0 3 0 2 0 0 0 1 1 1 3 0 1 0 2 0 0 1 2 0 3 0 1 12 5 0 0 1 1 0 0 2 0 1
1 2 0 0 6 4 0 3 0 3 0 0 0 0 0 0 0 0 0 0 0 1 1 0 0 0 1 0 3 0 0 0 1 2 0 0 2 0 0 2 1 0 0 0 0 0 1 0 1 0 0 0 1 0 4 0 0 1 0 1 0 0 0 2 1 0 0 4 1 3 0 0 0 0 0 0 0 2 0 5 0 0 0 0 1 2 0 4 0 1 12 0 2 0 0 3 1 1 0 8
5 24 17 0 4 8 4 3 0 8 3 13 0 1 15 1 0 9 14 13 14 0 5 0 3 2 16 31 1 16 3 9 0 2 1 4 19 5 3 6 8 2 1 8 4 4 11 34 1 9 7 12 13 1 5 4 1 11 3 2 4 1 8 19 16 3 10 20 19 7 3 17 5 13 0 4 2 11 1 26 0 2 3 23 7 2 3 0 3 13 2 3 6 13 12 1 2 8 2 0
12 11 0 4 1 11 1 4 7 7 0 5 8 3 1 8 6 8 2 23 16 1 2 1 5 31 8 7 9 8 9 7 4 0 22 4 3 7 7 0 0 18 14 26 15 1 3 7 13 2 2 3 0 26 2 6 2 10 15 1 2 6 10 1 10 0 3 1 19 3 4 5 11 0 1 12 26 46 2 4 3 2 1 12 1 9 6 1 5 5 8 4 8 17 10 2 8 14 0 2
3 3 0 2 1 5 4 3 0 4 5 2 5 1 1 0 3 3 2 0 2 0 0 10 3 0 3 12 4 3 3 7 1 3 20 10 0 0 4 4 7 0 8 8 4 5 0 0 5 0 4 12 0 8 3 3 13 0 3 7 1 7 2 3 0 0 5 5 5 1 12 4 2 4 9 1 6 0 0 11 0 8 3 5 3 1 0 0 9 15 1 0 9 0 0 4 11 1 3 9
0 0 1 0 0 0 1 0 0 1 0 0 0 0 2 0 0 0 0 0 0 0 1 0 1 1 0 0 1 7 0 0 0 0 0 1 0 0 0 1 2 0 0 1 0 1 1 0 0 0 0 0 0 1 0 0 0 0 1 0 0 0 1 0 0 0 0 1 1 1 0 0 0 0 0 0 0 0 0 0 0 0 1 2 0 0 0 0 0 2 1 0 1 1 0 1 2 2 1 0
