8 1 3 3 1 3 0 4 4 10 1 1 0 9 7 0 0 4 1 1 8 1 0 1 1 3 0 17 10 3 2 0 4 7 2 0 6 1 3 3 10 0 9 2 0 8 4 0 2 13 6 0 4 1 15 2 0 6 2 6 2 5 0 3 2 4 3 3 6 2 1 0 6 3 10 5 5 5 2 10 1 2 2 1 0 5 5 9 6 1 1 0 1 0 4 2 0 2 4 2
1 0 0 0 0 0 0 2 0 0 0 0 0 0 1 0 0 0 0 0 0 0 0 0 2 0 0 5 0 0 0 0 0 1 1 0 0 0 4 0 1 0 0 2 0 0 1 0 0 0 0 2 1 0 0 0 0 1 0 2 2 0 0 0 0 0 1 0 1 1 0 0 0 0 0 1 0 3 0 0 0 0 0 1 0 0 0 0 1 3 0 0 0 0 0 0 0 1 0 0
2 6 3 0 0 2 0 2 0 1 1 0 0 9 8 3 7 6 8 2 2 1 1 10 7 2 6 2 2 1 0 0 0 0 1 7 0 19 6 3 5 2 1 5 1 9 1 5 0 9 5 1 1 1 1 0 1 16 5 0 0 0 1 2 0 2 20 4 14 7 2 6 2 1 0 1 6 0 3 1 1 6 6 16 1 1 0 1 0 14 3 5 0 0 3 1 0 0 10 1
10 3 6 45 17 13 2 17 1 9 4 6 0 8 11 4 0 4 17 4 15 5 4 14 3 6 14 6 3 5 1 47 4 0 2 1 11 0 18 5 3 5 17 14 6 8 4 18 40 8 3 6 1 1 1 0 8 29 0 22 3 0 11 4 1 2 4 4 2 1 0 0 4 0 12 28 3 1 25 3 5 0 4 4 1 15 1 3 4 7 5 3 9 1 18 2 3 24 14 19
1 5 5 5 10 9 4 5 0 7 34 14 20 14 1 10 0 4 9 5 2 6 0 3 15 0 19 9 0 1 16 22 4 3 0 3 2 11 1 2 9 8 6 1 23 6 4 14 3 15 16 7 0 4 1 5 9 4 2 2 12 1 24 2 35 12 11 4 5 5 3 2 1 7 7 1 1 22 18 0 4 7 0 1 2 4 6 12 1 3 20 21 8 10 0 2 8 0 9 11
6 1 13 1 1 3 2 10 11 4 11 5 6 18 7 4 13 6 5 0 10 0 2 6 19 11 0 18 17 7 0 1 0 16 11 10 4 0 9 4 9 4 19 9 0 1 9 2 1 0 5 3 0 11 7 2 2 1 2 6 12 8 1 7 9 13 6 1 9 13 1 0 5 6 2 11 2 16 3 5 3 15 5 0 4 21 7 0 9 0 11 2 7 2 6 2 6 10 7 3
2 5 4 0 0 6 8 8 0 2 3 5 12 4 15 2 7 1 1 9 1 3 0 4 14 6 5 6 8 9 2 4 3 3 2 5 8 0 5 9 16 25 1 2 5 3 2 7 1 1 5 3 0 3 15 3 0 0 7 3 17 0 2 0 3 26 1 4 2 0 1 2 13 13 8 23 6 4 11 6 0 0 3 12 6 1 2 0 0 0 2 8 17 2 4 3 1 3 0 2
6 15 7 1 3 31 18 1 2 13 38 2 0 0 14 8 1 2 38 33 13 1 13 3 1 0 2 5 0 5 0 11 3 6 4 12 12 8 10 0 6 8 10 1 2 3 2 4 4 4 4 7 21 12 10 1 0 21 40 2 3 0 7 26 8 2 29 18 3 15 2 4 6 8 2 1 6 4 1 1 6 3 6 29 11 1 9 24 2 24 4 6 16 7 1 2 7 2 8 7
2 9 6 0 9 1 2 3 0 0 3 12 3 4 0 0 0 0 11 0 5 1 21 15 4 5 7 3 1 4 0 0 5 1 7 0 0 6 1 11 7 0 3 0 10 5 0 1 3 0 0 4 5 0 4 18 0 5 0 20 12 0 2 7 4 2 3 2 16 0 1 1 2 4 3 1 0 1 5 4 5 0 18 0 8 9 4 2 0 3 1 3 4 0 2 0 9 1 0 4
0 0 0 0 1 0 0 0 0 0 0 0 0 0 0 0 0 0 0 0 0 0 0 0 0 0 0 0 1 0 1 0 0 0 0 0 1 0 0 0 0 0 1 0 0 1 2 0 2 0 1 0 1 1 0 0 0 0 0 0 0 1 0 0 1 0 0 1 1 1 0 0 1 0 0 0 0 0 0 0 0 0 0 0 0 0 0 1 0 1 0 0 0 0 1 0 3 1 0 0
9 13 10 0 11 8 12 17 15 2 15 29 1 1 4 8 3 0 5 1 0 17 2 3 5 1 1 12 2 6 6 3 1 2 9 9 3 4 35 4 49 3 16 6 5 11 7 0 3 0 7 7 9 34 5 18 6 10 0 18 4 0 2 18 15 16 13 4 2 6 0 4 6 6 11 2 15 13 7 1 5 12 2 2 2 3 7 21 11 1 7 8 13 3 6 6 18 25 5 13
2 1 1 12 0 5 14 10 7 1 1 9 5 8 0 4 3 4 7 4 0 7 0 10 3 7 0 4 9 0 2 4 3 1 1 2 2 21 0 2 3 2 1 0 1 1 0 5 7 3 1 0 0 0 2 5 0 3 0 10 2 6 4 15 0 6 0 41 0 14 1 7 3 1 4 7 6 1 0 2 0 2 16 5 0 2 2 3 6 4 1 0 2 2 3 3 1 5 2 6
3 1 22 27 2 9 3 0 5 8 11 1 2 9 4 0 0 4 2 14 1 2 3 15 0 2 20 3 12 0 6 0 16 9 3 4 11 11 4 0 6 3 15 14 2 3 4 1 20 10 9 21 14 17 3 4 9 13 11 1 11 5 1 4 15 6 29 0 2 20 10 7 2 3 8 6 8 10 0 1 1 0 5 18 23 12 4 4 0 1 30 2 2 3 0 9 2 13 0 16
5 7 14 0 9 18 29 10 5 9 0 9 1 24 1 3 2 7 23 5 6 4 6 23 13 1 24 15 0 0 8 20 4 3 13 1 1 1 0 15 17 5 14 13 8 14 2 0 0 4 3 5 1 1 6 2 10 0 12 8 6 0 1 10 0 7 1 1 9 2 2 31 2 3 2 10 9 9 29 5 1 9 0 0 6 16 3 5 4 15 1 0 6 0 5 10 7 20 4 9
5 2 12 9 11 10 6 0 1 0 4 2 2 0 1 7 6 1 1 3 1 3 0 10 0 4 2 7 12 1 15 1 4 3 1 0 1 2 3 1 8 5 0 3 3 2 6 1 2 6 1 3 1 1 6 2 1 1 0 0 10 2 1 6 0 0 1 2 0 21 11 5 8 0 1 6 10 0 4 1 5 5 7 0 0 0 2 6 3 3 10 4 5 0 1 4 3 1 8 2
0 4 0 0 2 0 5 0 0 0 1 1 0 0 3 0 0 0 0 0 1 1 0 1 0 0 0 0 0 1 0 0 4 0 1 0 0 1 1 0 4 2 0 0 2 0 0 0 0 1 0 0 0 0 0 0 0 2 0 0 2 0 0 0 0 0 0 0 0 0 0 0 0 0 0 0 0 0 1 2 1 0 0 0 0 0 0 1 0 0 1 2 0 0 0 0 0 2 0 0
0 0 3 1 0 0 1 4 0 0 0 0 0 0 0 0 1 3 1 0 0 1 1 1 10 2 0 0 0 2 2 1 0 0 2 0 0 0 0 2 1 4 1 0 1 0 0 1 1 1 0 0 6 0 0 0 0 0 1 0 0 0 1 0 0 0 0 0 1 1 0 0 0 0 1 0 0 0 7 0 2 2 0 0 0 0 0 0 1 0 3 18 0 0 0 1 0 0 0 1
0 0 0 0 1 0 4 1 0 0 0 1 0 2 0 0 0 0 2 1 0 0 0 0 2 0 0 2 0 0 0 0 0 0 0 0 0 1 1 1 1 0 0 1 0 0 1 0 0 0 0 1 0 1 0 0 0 1 1 2 0 1 0 1 0 3 0 0 0 4 0 1 0 0 2 1 0 1 0 0 0 0 1 0 1 0 1 0 0 0 0 0 0 1 0 0 1 0 0 0
0 2 3 0 0 1 0 1 0 0 0 0 0 1 0 0 0 0 0 3 0 0 0 0 0 1 0 0 0 1 0 0 2 0 0 3 0 0 0 6 0 0 0 0 0 0 3 0 0 0 0 0 0 1 0 1 1 0 2 0 0 0 1 0 0 0 0 0 2 0 1 1 0 1 0 0 0 0 0 0 0 0 0 1 2 1 0 0 0 0 0 1 0 0 0 0 1 0 0 1
1 0 7 1 1 5 11 0 0 4 1 0 4 1 0 2 3 2 5 3 0 7 8 1 5 20 8 2 10 16 2 15 3 2 0 2 0 12 5 2 7 1 4 4 1 0 4 7 4 0 11 6 2 1 0 0 0 2 1 5 5 0 0 15 0 5 0 1 9 4 7 19 1 0 0 21 3 0 5 0 11 0 1 1 1 0 4 7 4 1 0 3 2 1 6 4 7 5 12 1
3 1 2 4 0 0 1 5 4 0 4 5 0 0 1 0 1 4 1 0 2 7 0 5 2 4 2 4 5 7 16 1 1 0 5 8 7 0 1 11 0 4 4 0 0 0 0 7 0 2 2 9 0 20 10 6 3 6 0 2 2 9 7 1 3 3 1 3 0 2 0 0 0 0 1 3 2 10 0 0 0 2 6 0 0 2 11 3 2 12 3 5 4 1 5 5 6 1 4 0
4 1 18 7 4 1 0 3 8 17 23 6 3 19 5 4 7 2 11 2 0 3 9 9 16 11 3 17 10 12 10 4 11 18 3 12 8 18 1 1 2 4 7 14 4 3 11 16 41 3 0 7 8 0 30 25 21 1 12 22 1 1 10 2 11 4 2 0 7 12 9 1 17 3 4 1 10 24 15 1 0 7 4 4 5 6 0 11 2 0 8 27 0 0 3 16 28 30 9 0
0 0 0 3 0 0 2 0 1 1 1 0 0 0 1 1 0 5 0 0 1 2 0 0 2 1 1 0 0 2 0 0 0 1 0 0 0 1 1 0 0 0 0 1 1 1 0 2 0 0 3 1 0 1 0 0 1 0 1 1 0 0 0 0 0 0 0 0 0 0 0 0 0 1 6 0 0 0 0 3 0 0 0 4 0 0 0 0 0 1 1 1 2 0 0 1 2 0 1 1
4 6 2 0 1 2 11 4 12 4 13 0 2 1 0 7 6 6 1 8 1 9 8 2 0 14 1 6 3 15 8 2 1 2 20 1 0 12 13 4 0 7 6 2 3 19 0 31 11 0 3 22 1 13 16 3 3 8 3 0 4 1 3 39 9 4 7 4 13 13 15 3 1 2 20 0 6 6 12 12 0 5 8 23 1 9 14 0 1 0 12 13 2 9 1 13 5 5 8 14
5 1 1 0 1 11 1 2 1 1 2 5 0 11 1 11 8 9 0 0 0 7 1 0 3 1 1 8 10 6 7 0 5 2 1 2 1 14 4 0 2 1 2 1 3 8 3 1 6 3 1 0 1 3 0 5 1 3 0 4 3 4 7 4 3 5 0 4 1 5 0 19 6 2 5 1 5 6 24 2 6 9 4 2 3 0 0 0 0 11 4 10 3 0 1 7 2 2 3 2
0 1 1 0 0 0 0 0 0 0 1 0 0 2 0 1 0 0 0 0 0 1 2 1 2 0 0 0 0 0 0 0 0 0 0 0 0 0 4 0 0 0 0 0 1 0 0 0 0 0 0 0 0 0 1 0 0 2 0 0 0 0 0 2 0 2 1 0 1 0 2 1 0 1 0 0 0 0 0 1 0 0 0 0 0 0 1 0 0 9 0 0 0 0 0 1 0 1 0 3
1 0 0 0 2 0 1 0 0 0 0 1 0 0 0 0 0 0 0 0 2 0 0 0 1 1 0 1 1 0 0 1 0 0 0 0 0 0 0 0 0 2 0 1 3 0 1 1 5 0 0 0 0 0 0 0 0 0 0 0 0 4 0 1 2 1 0 0 3 0 0 1 0 0 1 0 0 1 0 0 0 0 0 0 0 0 0 0 1 0 0 1 0 0 1 1 0 0 8 0
2 1 1 0 4 3 0 2 6 0 1 4 1 11 7 4 20 0 0 5 2 10 1 14 2 4 0 2 4 0 1 0 2 1 1 4 5 3 1 3 16 6 0 4 1 13 1 4 1 3 1 2 25 8 4 6 1 0 3 4 1 4 0 16 4 3 1 2 0 0 6 3 4 0 5 11 1 5 0 3 0 1 0 1 5 6 2 5 0 3 5 3 11 2 6 6 5 19 0 4
0 1 0 1 0 1 1 2 0 0 0 0 1 0 2 0 0 0 0 0 0 2 0 2 0 2 0 1 0 0 1 0 0 7 0 1 1 0 0 3 0 2 0 1 1 0 0 0 2 1 0 0 1 0 0 1 3 2 0 0 0 0 0 1 0 0 0 0 0 0 0 0 0 1 0 0 0 0 2 0 0 0 0 0 1 0 1 0 0 0 1 2 0 1 0 0 0 0 2 0
6 3 10 17 3 0 0 1 7 6 4 6 10 1 0 2 2 2 1 0 3 0 3 0 0 5 6 2 5 11 1 1 7 1 3 1 3 2 2 6 7 8 0 10 13 10 0 3 0 0 2 4 1 6 11 0 0 7 4 3 15 1 6 1 0 1 0 1 0 1 12 9 4 0 1 7 0 7 1 19 1 6 0 1 2 2 4 2 3 0 1 1 0 7 2 1 2 0 5 8
0 0 2 2 1 0 1 0 0 1 0 0 0 1 0 0 0 0 0 1 0 0 0 0 0 1 0 0 0 0 1 0 1 0 0 0 11 0 2 0 1 5 0 0 0 1 0 2 0 0 0 0 1 0 0 0 2 1 0 0 0 0 0 1 1 0 0 1 0 1 1 0 0 0 2 0 0 0 0 0 0 0 1 0 0 0 0 1 3 1 0 0 1 0 0 0 0 0 0 0
0 0 0 0 0 0 0 0 0 0 2 1 0 0 1 0 1 1 1 0 0 0 1 0 0 0 0 2 0 1 3 0 1 0 1 0 1 0 0 1 0 0 0 0 0 2 0 1 0 0 1 0 0 2 0 0 0 0 0 2 0 0 3 0 1 0 0 0 0 0 0 1 0 2 0 0 0 0 2 0 0 0 0 0 0 0 5 0 1 0 0 1 0 0 0 0 0 0 1 1
0 3 1 0 3 1 0 0 0 1 0 1 0 0 1 0 2 4 0 1 1 0 0 0 0 0 1 0 2 1 3 2 0 0 0 0 0 0 0 0 0 0 1 0 2 0 0 0 0 0 1 1 1 1 0 0 0 0 0 0 0 0 1 1 0 1 0 4 0 0 0 0 0 0 0 0 0 1 0 0 1 1 3 0 0 0 0 0 1 0 0 0 1 1 3 0 0 0 0 0
0 1 0 12 1 4 2 2 1 0 3 0 0 1 0 4 25 1 0 6 1 1 6 10 1 5 4 7 1 5 1 6 10 1 0 6 3 0 5 4 0 0 0 2 5 1 5 11 0 10 0 2 4 4 0 8 1 2 11 13 0 1 5 2 5 3 2 0 7 1 8 8 1 1 4 6 7 2 1 0 7 0 10 1 7 4 4 2 11 3 5 6 20 4 1 3 2 2 12 0
0 3 2 0 1 0 1 13 11 4 1 15 0 0 16 0 8 0 1 4 0 6 0 2 0 5 0 1 0 10 5 0 5 2 1 4 3 9 1 1 5 2 0 2 11 12 1 4 1 3 0 0 0 0 1 1 13 0 1 4 1 1 2 0 2 18 3 2 5 0 1 1 1 0 1 6 9 1 5 4 0 10 0 0 15 5 3 9 1 2 2 1 10 1 2 17 18 3 6 9
4 2 0 1 20 7 9 9 10 15 9 1 10 1 14 0 2 7 1 10 3 6 1 4 1 16 2 0 14 10 2 3 5 5 2 14 24 29 6 0 7 5 1 0 3 3 6 3 1 6 5 8 7 4 10 0 25 1 0 2 5 4 4 29 17 1 3 1 2 5 24 1 3 1 3 15 5 2 18 2 5 9 0 8 2 1 13 18 12 16 6 2 5 13 0 9 1 0 7 3
19 0 16 4 10 2 15 2 11 1 7 4 9 8 13 17 0 25 4 4 5 22 8 15 2 9 8 2 17 16 20 24 8 2 17 1 3 5 6 17 8 0 3 13 1 8 17 3 6 1 50 5 8 0 1 10 1 13 10 2 1 1 12 0 2 4 1 2 6 10 6 7 4 13 16 6 16 6 4 10 11 4 9 3 11 2 18 7 3 1 1 13 5 3 14 2 11 17 2 12
24 1 9 2 11 1 29 5 39 5 5 6 0 2 20 0 0 4 2 1 11 6 1 11 15 0 11 5 3 4 17 11 13 1 5 1 1 16 32 3 17 3 3 16 4 0 1 24 3 6 1 2 10 1 2 1 5 2 0 1 5 0 5 9 2 52 11 0 1 7 10 1 6 7 5 9 4 6 2 10 1 5 14 1 6 0 0 11 5 8 1 9 13 18 29 1 6 2 4 8
0 0 0 0 0 0 0 2 0 0 0 10 1 0 2 0 0 0 0 0 0 1 0 0 0 0 0 1 0 0 0 0 0 0 0 0 9 0 0 0 0 0 1 0 6 0 0 1 0 0 0 0 0 1 1 0 1 0 0 1 1 0 1 0 0 0 0 0 0 1 0 0 3 0 0 0 4 0 1 0 3 1 1 0 0 3 0 3 0 0 0 0 1 0 1 4 0 0 0 7
0 1 2 0 0 0 0 0 1 1 1 0 0 0 1 0 2 2 0 0 0 0 0 0 0 0 0 2 0 1 0 0 0 3 0 0 0 1 0 1 0 0 0 1 0 0 0 0 0 2 0 0 0 0 1 0 0 2 0 0 0 0 1 0 0 0 2 1 0 0 0 2 0 1 0 0 2 1 0 1 0 0 0 0 0 0 0 0 1 0 2 0 2 1 0 2 1 0 1 1
0 1 0 0 0 0 0 1 11 0 1 1 1 0 0 0 0 1 0 2 4 0 1 0 0 0 1 0 0 2 0 2 0 0 2 0 2 0 0 0 1 1 0 1 0 9 0 0 0 4 0 1 0 1 5 0 2 0 0 0 4 3 0 0 0 0 0 0 0 0 0 1 0 0 0 1 0 2 1 1 0 0 1 0 0 0 2 0 0 0 1 3 0 10 0 0 1 0 0 0
5 2 13 19 3 30 0 2 8 6 21 2 1 2 2 4 2 3 30 27 2 7 4 13 20 1 1 1 0 3 11 8 4 8 9 3 3 7 10 1 10 2 11 8 1 7 3 8 0 2 2 1 0 0 2 7 0 2 5 0 1 7 8 1 42 2 2 9 6 2 8 2 0 1 2 12 33 23 3 15 6 0 16 1 7 7 0 23 3 14 5 0 3 3 6 7 4 4 14 14
1 6 8 8 9 8 6 4 9 8 3 7 3 59 3 12 6 7 0 3 4 12 39 14 0 17 1 10 3 10 15 20 17 0 8 7 12 28 3 6 4 13 12 3 2 11 4 6 1 2 0 6 5 1 1 7 7 10 0 2 5 4 7 8 6 19 24 31 11 3 9 4 2 4 0 4 2 3 8 1 0 5 1 1 5 13 35 7 5 7 20 5 4 19 0 4 10 0 2 11
0 1 0 0 0 0 0 0 0 0 0 0 7 0 1 0 0 0 3 0 1 1 1 0 0 0 0 0 0 0 0 18 1 2 0 0 0 2 0 0 14 0 0 1 0 0 0 0 0 1 1 0 1 1 0 1 0 3 0 4 0 0 0 1 0 0 0 0 0 0 1 0 0 1 0 0 0 0 1 0 0 0 0 0 0 0 1 0 8 0 0 0 0 0 1 2 0 0 1 2
11 0 4 10 4 9 3 7 4 4 12 11 0 45 7 1 1 21 4 9 3 5 10 1 4 12 11 8 12 10 0 6 8 23 6 19 18 15 8 0 34 23 18 1 4 11 6 0 5 7 6 0 3 5 6 1 4 1 7 0 3 18 6 2 13 14 3 8 2 5 8 24 5 11 14 9 9 13 0 18 3 7 1 1 3 1 4 9 5 2 10 1 5 3 16 5 12 2 16 0
1 1 0 0 0 0 0 1 2 0 0 1 1 0 1 1 0 0 0 1 0 2 0 0 0 1 0 0 1 0 0 2 1 1 0 0 0 0 0 1 0 0 0 0 0 1 0 1 1 0 0 0 0 0 0 0 0 0 0 0 0 0 0 0 0 7 1 0 0 0 0 0 1 0 1 0 0 1 0 0 0 0 0 0 1 0 0 0 0 1 0 0 0 0 1 0 0 0 0 1
15 0 11 2 7 4 0 14 19 3 2 5 6 14 0 13 27 13 3 11 6 6 7 3 2 16 4 67 13 17 0 0 2 2 9 13 3 3 0 4 3 4 10 3 2 11 1 19 3 4 32 3 15 0 5 8 26 1 0 41 0 1 34 4 21 7 4 7 17 1 13 1 7 12 0 1 0 10 0 8 12 2 9 7 0 1 2 1 2 16 3 1 15 11 8 2 1 9 8 9
1 1 0 0 0 0 0 0 0 0 1 1 1 0 1 0 0 0 1 1 0 0 0 0 1 0 0 0 0 0 0 0 0 0 0 1 0 0 0 3 0 0 0 1 0 1 0 0 0 0 0 1 1 3 0 0 0 0 1 0 1 0 0 0 0 1 0 0 1 0 0 1 0 0 2 0 0 2 1 0 0 0 2 0 0 0 0 1 0 0 0 0 0 0 4 0 0 0 1 0
38 9 5 0 1 8 6 4 1 0 5 2 6 7 6 1 23 16 5 1 6 9 27 0 4 0 10 4 8 11 0 0 14 4 8 0 0 3 0 4 7 3 2 2 3 7 2 20 1 5 0 12 6 16 2 1 4 5 18 4 9 8 2 0 14 0 11 0 6 17 8 0 0 0 0 5 14 3 1 5 6 16 8 2 1 0 23 3 19 26 1 2 12 6 22 1 7 3 9 7
0 2 18 0 32 0 3 4 9 6 14 2 8 0 17 2 9 8 0 0 4 1 3 9 26 0 5 2 9 5 5 7 9 10 5 2 2 3 9 7 2 12 1 9 20 21 11 12 12 9 0 1 20 9 8 2 2 0 2 0 2 19 1 6 11 30 0 9 6 15 8 1 2 2 16 3 12 11 0 3 3 2 13 10 1 5 1 21 8 10 1 2 0 26 5 3 11 9 4 7
