3 0 0 3 0 1 1 1 0 1 0 0 0 0 0 0 0 0 0 0 0 1 2 0 0 2 5 0 0 0 1 0 1 0 0 1 0 0 0 1 0 0 0 3 0 0 0 0 0 0 1 0 0 0 0 1 3 0 0 5 0 2 0 0 0 0 0 1 1 0 1 0 0 0 1 0 0 1 2 2 0 0 0 7 0 0 2 0 1 0 1 0 0 3 0 0 1 0 12 0
19 5 26 36 2 11 16 5 0 2 13 1 9 0 8 2 0 16 2 12 0 5 1 10 1 4 6 0 4 3 2 0 10 1 2 3 3 2 17 31 0 0 4 17 8 22 10 8 0 7 1 11 9 2 5 0 5 4 6 23 1 9 1 0 14 13 1 9 3 7 14 2 14 17 11 15 8 4 1 0 8 1 0 6 5 2 9 3 5 19 5 14 5 1 12 5 0 4 9 1
1 3 7 2 7 15 3 4 1 1 16 4 16 13 0 0 2 11 11 2 4 12 6 5 40 4 3 0 13 1 24 8 19 2 1 17 7 8 29 3 0 2 14 9 43 0 15 0 0 17 3 16 8 0 1 9 4 37 0 0 3 1 4 3 6 0 17 3 6 26 8 6 0 16 9 3 12 19 1 14 2 2 4 7 24 6 8 5 2 1 0 8 11 7 2 5 9 17 9 10
16 3 8 1 2 0 1 0 5 12 3 2 1 1 5 3 9 1 0 4 2 9 2 13 2 8 7 5 1 13 0 1 0 1 4 2 1 0 12 0 0 1 2 3 1 0 0 0 5 0 0 0 1 1 1 5 1 2 1 7 3 0 0 0 0 4 6 1 6 9 4 0 0 3 12 3 0 2 0 4 1 1 3 5 6 9 5 15 0 3 5 1 7 12 1 0 0 0 3 13
0 0 0 0 1 0 0 0 1 0 0 2 0 0 0 1 0 0 0 0 2 0 1 3 0 0 2 0 0 0 0 0 0 0 0 0 0 0 2 0 0 0 1 1 0 1 0 0 0 0 0 0 3 0 0 0 0 1 0 0 1 0 0 0 1 0 0 0 0 1 2 0 0 0 3 0 0 0 2 2 2 0 1 0 0 1 0 0 0 0 0 1 0 0 0 1 0 0 0 0
0 0 14 8 3 0 0 3 7 1 6 6 0 2 6 16 6 0 1 0 14 0 2 6 5 2 12 5 0 4 24 5 2 3 2 6 0 8 7 0 1 3 1 4 2 3 2 6 7 6 4 0 1 11 4 4 8 2 5 2 7 0 2 2 4 9 1 13 2 6 0 16 0 0 1 2 3 3 3 6 0 3 2 7 1 0 3 3 7 20 3 10 3 2 1 1 9 9 1 18
1 0 1 0 0 0 0 1 6 0 1 0 0 0 0 3 0 1 0 0 0 1 4 1 0 0 0 1 1 0 0 0 0 0 0 0 0 0 0 1 0 1 0 0 0 0 0 0 0 0 0 0 0 0 1 0 0 0 1 1 1 0 0 0 1 0 0 0 6 0 1 0 1 0 0 0 0 0 0 1 0 1 0 2 0 0 1 0 0 0 0 0 0 0 0 0 1 0 0 0
8 0 1 3 0 0 10 2 4 0 2 1 8 3 0 1 0 1 0 4 0 4 10 3 1 3 1 1 0 1 0 3 0 1 3 0 0 1 2 5 0 0 10 2 3 0 7 0 2 1 0 0 1 7 0 2 17 15 5 5 0 24 2 8 0 0 8 0 3 5 1 2 3 5 2 8 1 18 4 3 2 12 0 4 0 0 5 4 1 8 6 0 12 0 6 35 0 0 4 4
11 1 10 10 1 12 0 14 1 4 3 12 9 2 7 3 0 11 0 3 17 3 14 0 1 2 12 15 1 21 0 11 13 13 0 0 7 4 0 1 8 9 11 0 14 0 0 0 5 13 1 3 7 7 0 0 17 6 6 23 9 5 7 15 2 8 0 22 0 31 1 1 19 2 22 2 1 6 8 16 5 0 16 1 1 3 0 3 5 1 19 9 8 0 2 2 5 17 6 9
2 9 2 5 0 0 0 0 4 1 2 0 1 1 1 0 9 7 1 0 2 0 2 0 1 1 2 0 2 0 6 0 4 11 1 1 0 0 1 0 0 2 0 0 1 1 3 2 12 3 12 0 1 1 0 5 9 2 5 6 8 0 7 0 0 0 7 4 4 3 0 3 0 0 4 9 4 0 0 2 2 0 0 8 0 0 2 0 0 4 1 2 5 0 0 0 2 3 8 1
0 2 0 3 0 0 5 0 1 1 0 0 0 0 0 0 1 3 1 1 4 2 0 1 0 0 0 0 0 0 3 0 2 0 0 0 0 0 1 0 0 0 0 0 0 0 0 1 1 0 0 3 0 1 1 0 0 1 1 0 0 2 1 0 0 0 0 0 0 1 0 1 0 0 0 0 0 0 0 0 0 1 1 0 0 0 0 0 0 0 0 2 0 0 0 3 9 2 0 2
1 7 8 22 3 12 5 0 2 29 2 36 0 9 11 0 14 0 5 3 6 0 8 4 3 2 2 3 3 3 0 2 1 1 15 3 1 2 0 0 16 2 6 0 10 5 9 0 0 18 11 3 5 6 8 2 10 8 0 1 0 4 1 14 0 24 0 5 7 6 1 10 0 2 4 1 9 0 0 1 4 9 3 0 11 3 2 2 12 6 2 5 7 0 5 1 6 1 2 0
3 10 7 0 14 49 10 21 11 16 1 3 14 8 29 8 3 0 0 2 5 14 15 8 0 5 3 5 0 7 0 4 3 1 25 7 8 0 8 22 4 15 16 11 8 3 8 6 9 4 1 9 5 1 6 27 17 9 9 7 5 6 29 15 9 5 0 12 23 0 0 3 10 1 1 28 10 18 0 3 3 16 8 1 0 19 4 5 3 2 6 2 9 13 0 16 1 17 4 19
3 8 24 2 9 1 0 0 11 10 7 6 5 1 5 4 11 1 0 5 1 5 0 0 3 0 8 6 15 2 0 11 1 8 9 5 2 5 7 7 3 0 3 3 5 8 11 2 2 8 2 9 10 3 10 7 10 0 0 2 16 2 8 1 11 26 7 1 1 3 39 3 2 4 31 19 2 1 7 14 4 3 7 1 5 8 16 23 0 14 5 0 3 0 10 5 1 1 18 16
0 1 2 0 0 0 0 2 1 0 0 1 0 1 1 0 2 1 0 1 5 4 0 2 0 0 0 0 0 1 1 2 2 0 0 0 1 4 0 1 1 0 0 0 1 1 0 0 0 0 0 0 0 0 0 0 0 0 1 0 0 0 0 0 0 0 0 0 0 0 1 0 2 2 0 0 0 1 7 0 1 0 0 0 0 8 1 2 0 0 1 0 1 0 0 0 0 1 1 0
1 7 0 5 44 28 0 2 10 7 20 4 1 6 18 1 5 2 6 5 6 14 15 28 22 15 10 21 11 19 12 11 0 0 9 4 13 10 3 37 2 15 11 1 18 3 3 0 6 13 1 1 1 10 15 6 3 1 2 2 1 5 18 3 4 17 8 1 0 0 2 11 3 2 1 7 0 6 12 5 17 4 4 0 3 3 13 0 4 16 21 0 7 1 9 5 4 15 16 9
8 3 5 0 0 2 6 2 2 11 4 19 9 8 1 1 10 3 0 0 9 4 12 2 0 16 4 2 0 0 6 1 19 0 1 4 2 0 5 0 4 7 5 7 11 1 16 0 1 2 5 3 5 2 1 18 5 1 0 10 6 4 3 4 1 9 0 2 5 1 5 1 17 1 4 4 14 4 8 5 4 5 1 1 6 0 5 0 5 4 0 3 10 7 4 5 3 6 0 1
1 2 4 1 4 6 3 2 0 0 3 12 6 4 6 3 13 2 0 1 0 7 2 0 3 9 1 3 0 3 6 1 6 5 6 9 3 0 2 2 5 13 0 2 5 0 0 1 5 0 1 1 4 8 6 3 1 1 4 0 0 0 0 1 13 10 0 4 1 1 3 5 5 9 10 5 3 10 1 3 0 1 0 1 7 0 6 5 3 3 3 3 2 1 3 1 1 2 3 6
0 0 0 1 0 0 3 0 0 0 1 1 0 1 1 2 0 0 0 1 3 2 1 2 1 0 1 0 0 1 0 2 0 0 5 0 1 0 0 3 0 1 1 0 0 5 0 0 0 0 0 0 0 0 2 0 0 0 0 0 0 0 1 0 0 1 0 0 0 0 3 0 0 2 0 0 0 0 0 0 2 0 0 0 0 0 1 0 0 3 0 0 0 0 1 0 0 0 0 0
1 0 1 0 0 1 0 1 0 0 0 0 4 0 0 0 0 1 0 2 0 0 0 2 0 0 0 0 0 0 0 0 1 1 0 1 0 0 0 0 1 0 0 0 1 1 0 0 1 1 0 1 0 0 0 0 0 0 1 1 0 0 0 1 0 2 1 0 0 1 0 0 1 0 0 0 0 0 0 0 1 0 0 1 1 0 0 0 0 1 0 0 13 1 1 0 0 2 1 0
4 14 13 0 1 12 4 12 3 8 9 1 13 31 13 0 0 1 13 0 0 30 24 4 26 39 15 16 0 5 23 5 37 29 16 0 10 0 0 5 6 9 19 39 0 1 8 1 1 14 10 6 6 0 14 3 25 4 5 0 14 3 6 3 3 8 1 6 4 10 5 4 0 9 0 4 6 1 25 0 2 5 4 9 8 0 2 0 27 9 13 5 7 4 0 6 0 12 1 0
2 1 2 0 0 9 8 0 6 2 4 5 1 5 1 1 1 7 6 8 5 0 3 1 4 10 0 3 4 3 0 11 0 6 1 2 1 1 6 0 0 9 1 1 5 12 0 1 2 15 2 3 3 4 1 4 5 12 1 1 5 8 2 1 4 1 15 16 7 1 0 5 1 0 0 5 2 5 2 2 0 0 8 8 4 0 0 1 0 5 1 1 5 2 3 1 3 0 4 0
6 8 1 0 15 1 29 10 0 17 6 1 3 20 7 3 5 5 5 4 1 12 7 20 31 5 2 3 0 5 4 19 2 14 1 3 10 5 9 5 11 4 3 8 2 2 6 3 5 15 6 16 2 15 4 1 15 4 11 0 2 9 11 10 3 3 0 10 34 23 0 47 8 13 23 6 4 5 0 8 5 37 8 0 45 16 17 5 1 7 5 24 7 5 2 11 15 33 18 3
1 15 2 8 3 5 0 2 0 1 4 9 0 2 27 13 11 3 3 0 5 2 7 0 1 4 7 1 4 0 1 2 2 8 1 3 4 3 15 0 3 1 1 10 6 1 1 4 17 11 10 1 2 0 2 2 4 3 16 13 19 1 9 10 0 0 0 2 23 1 1 15 5 3 9 6 1 0 2 5 11 7 13 10 0 1 13 3 2 17 3 0 20 2 3 2 1 7 24 8
6 5 0 8 37 11 3 2 9 1 2 5 6 7 21 2 14 1 20 1 7 5 3 1 1 4 3 2 1 4 4 4 2 10 1 2 2 2 3 3 1 2 3 0 1 8 4 19 2 21 13 1 3 3 0 1 14 5 1 1 0 4 3 0 7 5 0 7 4 3 15 4 4 9 2 16 1 5 9 18 0 29 10 1 1 10 2 2 11 7 0 5 16 1 0 4 2 10 0 10
10 1 8 17 2 10 2 10 40 6 5 4 4 3 22 4 4 9 0 3 9 5 22 0 18 6 12 0 37 3 2 2 16 14 3 17 0 0 4 10 16 1 5 3 18 4 9 2 8 17 4 11 12 26 1 0 1 5 3 7 6 5 21 0 1 27 20 19 4 34 7 4 2 0 0 1 2 5 4 2 8 0 10 1 0 5 8 3 1 2 0 8 1 4 7 13 5 12 12 16
3 2 3 15 7 0 5 24 1 5 9 6 5 7 29 2 5 4 6 3 2 9 3 9 0 0 1 6 1 11 5 9 14 15 8 1 2 4 2 7 3 3 8 1 4 5 10 0 1 2 1 4 4 5 1 5 1 0 6 1 5 25 6 3 0 55 2 27 3 2 0 1 0 10 3 5 1 0 4 6 24 4 7 17 7 5 11 9 1 7 0 1 19 6 6 3 5 9 24 1
1 0 1 1 1 1 0 1 1 0 0 1 0 0 0 1 0 0 0 0 0 2 0 0 3 0 0 0 0 0 0 0 0 0 0 1 0 0 0 0 0 2 1 0 0 0 1 0 2 1 0 2 1 0 0 0 0 0 1 0 1 0 0 0 0 0 0 1 1 0 1 0 0 1 1 1 1 1 3 1 2 0 0 0 0 9 0 0 2 2 0 0 0 0 1 0 0 0 0 0
0 0 0 0 0 0 4 0 0 0 0 0 1 0 0 0 0 0 1 0 0 0 2 1 0 0 0 0 0 0 0 1 1 2 0 0 0 0 0 1 0 2 0 2 0 0 0 1 1 0 0 0 0 0 1 0 1 1 0 3 0 0 0 3 0 0 0 0 1 1 0 1 1 0 0 0 2 0 0 0 0 1 0 9 0 1 1 0 0 0 0 0 0 0 0 0 0 0 1 0
1 3 4 8 0 14 7 6 0 13 6 4 2 1 16 8 0 11 10 3 11 12 20 14 0 4 14 0 2 12 13 35 4 5 15 10 1 10 24 12 1 24 27 18 4 7 4 10 16 5 17 0 2 7 4 37 3 3 7 0 0 3 21 0 13 4 27 2 2 0 15 13 0 7 3 0 4 1 3 3 1 3 12 0 10 2 1 5 28 3 10 15 3 5 1 6 0 0 4 4
4 2 18 2 8 2 6 2 7 0 0 1 3 0 1 4 6 2 0 4 10 1 3 1 1 1 3 0 3 0 4 5 1 4 9 8 0 0 1 7 4 1 1 2 2 1 0 5 1 0 3 0 2 1 5 0 0 13 2 7 1 3 4 6 1 3 1 3 3 6 5 1 5 0 6 5 2 5 5 0 8 6 0 3 12 1 6 1 0 7 0 1 0 0 3 4 3 14 3 6
0 1 0 0 0 0 0 1 0 1 0 0 0 8 0 0 0 0 0 0 2 0 0 0 0 0 0 0 0 2 0 0 0 0 0 0 0 3 0 0 1 0 0 4 0 0 0 0 1 0 1 0 2 0 2 0 1 0 0 0 0 0 0 2 0 0 0 0 0 0 0 3 0 1 4 0 0 0 0 1 0 0 0 0 2 0 1 0 0 0 0 0 8 0 0 2 1 0 0 1
7 0 0 0 0 2 0 0 1 14 0 1 0 1 0 1 0 0 1 0 1 1 0 0 0 1 0 0 0 2 1 5 0 0 1 0 0 2 1 4 1 0 0 0 2 1 0 0 1 0 0 0 0 1 0 0 0 1 0 1 1 2 1 3 7 10 0 0 0 0 4 0 3 4 1 0 0 0 7 1 0 2 2 0 0 4 1 1 2 0 4 0 0 12 9 0 1 1 0 7
25 5 0 0 2 1 0 8 11 2 17 2 1 0 0 4 7 1 0 13 4 5 3 4 6 2 0 6 21 33 20 9 0 7 0 7 0 17 5 16 3 9 11 4 5 4 0 10 1 1 9 8 3 0 2 5 6 0 10 1 1 9 6 10 24 5 0 26 2 4 1 2 4 33 0 3 4 3 8 9 7 25 10 8 6 10 1 31 8 1 15 8 61 7 7 2 11 32 0 10
0 16 16 0 6 1 4 0 1 0 32 11 2 0 1 4 5 3 3 3 3 4 3 21 8 3 25 19 41 19 1 3 1 0 5 1 13 7 2 2 1 12 1 0 6 4 4 9 0 0 0 0 2 3 8 16 0 4 10 3 10 1 1 33 25 2 12 2 1 18 2 7 1 1 15 8 1 10 7 21 0 51 31 3 1 7 19 9 4 19 14 0 6 1 0 10 0 6 3 0
0 0 1 0 2 0 0 0 0 0 0 0 0 0 0 17 0 0 0 0 0 0 0 0 1 1 1 1 0 0 1 0 0 0 1 0 0 0 0 0 0 0 0 0 1 1 1 1 0 0 0 0 0 0 0 1 1 0 0 3 0 0 0 0 1 0 0 0 5 0 3 0 0 0 0 1 1 0 1 2 1 0 0 0 0 0 0 1 0 0 0 1 0 0 1 0 0 1 2 0
0 0 0 0 0 1 1 0 1 0 1 0 0 0 0 0 1 0 0 0 0 0 2 0 0 0 0 0 0 0 0 0 0 0 0 0 0 0 0 0 0 0 0 2 5 1 0 2 0 0 2 0 0 4 4 0 1 0 0 1 1 0 0 0 0 2 0 0 0 0 0 0 1 0 0 0 0 0 0 0 0 0 0 0 0 2 0 1 0 0 1 0 4 0 1 1 0 0 0 1
0 0 0 0 0 1 2 1 2 0 3 0 0 0 0 19 0 2 0 0 1 1 0 1 0 0 2 0 0 0 0 1 3 0 0 0 0 0 0 2 0 0 1 0 3 1 0 0 0 0 0 0 1 0 0 0 0 1 0 1 0 0 0 0 0 0 2 0 0 0 0 0 0 10 0 0 0 0 0 0 1 0 1 0 0 0 0 0 0 7 0 0 0 0 0 0 1 0 1 7
1 0 1 0 1 0 0 0 0 0 0 0 0 0 0 0 0 1 2 0 0 0 0 2 0 2 0 0 1 0 4 0 3 0 1 1 0 0 2 0 1 0 1 0 0 0 1 0 0 1 1 1 1 0 0 0 0 0 0 0 0 0 0 1 1 1 0 0 0 0 1 0 0 0 0 1 0 0 1 1 1 0 0 0 0 2 0 0 0 0 1 0 1 0 0 3 7 4 0 2
1 2 0 2 6 1 5 3 6 1 8 2 5 0 3 3 1 11 12 5 3 0 1 3 6 18 2 1 2 0 4 9 0 6 5 13 1 6 3 0 1 10 0 1 0 3 0 22 3 6 7 0 5 7 0 10 21 11 10 3 1 18 7 0 5 4 13 1 4 24 1 6 26 1 0 21 15 12 13 1 12 3 0 0 5 2 5 14 1 1 3 21 6 0 3 14 3 9 3 3
1 11 6 8 4 0 14 8 2 2 1 34 0 12 6 9 7 22 1 29 17 2 8 18 6 0 7 1 0 23 0 8 2 8 1 3 22 5 8 14 8 2 11 0 1 4 5 15 9 0 1 4 9 0 0 17 3 4 23 1 0 1 4 16 6 12 6 0 12 6 4 17 9 0 3 2 1 2 12 19 12 8 2 5 3 4 1 0 34 5 8 8 2 13 2 0 3 1 31 27
9 0 0 1 1 1 3 0 1 0 0 2 1 0 0 1 1 0 0 1 1 4 1 0 0 1 0 0 22 0 0 1 0 0 0 0 1 4 0 3 2 0 8 1 0 0 1 2 0 0 0 1 2 0 0 0 0 0 0 0 0 25 0 0 0 2 1 1 0 0 2 0 0 5 0 0 0 8 3 8 1 5 13 1 0 0 0 2 8 0 6 0 0 2 1 3 0 0 0 0
0 0 0 1 1 0 0 1 0 0 0 4 0 0 0 0 0 0 1 0 0 0 0 0 0 1 0 0 1 0 0 0 0 1 0 1 0 0 1 0 0 1 0 0 0 0 0 0 0 0 1 0 0 0 0 0 1 0 0 0 0 0 0 0 2 0 1 0 2 0 0 1 0 0 4 1 0 0 0 1 1 0 0 1 0 2 1 0 0 0 0 2 0 0 0 0 0 0 0 0
5 4 0 34 0 9 11 8 11 33 24 0 6 10 4 40 1 10 10 0 6 2 3 3 12 8 6 5 21 5 1 2 7 4 2 5 10 14 5 11 4 0 22 4 1 0 12 24 7 0 9 12 0 3 4 0 5 4 2 3 0 16 18 11 15 21 9 3 7 8 1 17 4 5 2 19 0 0 6 3 5 7 8 1 4 6 1 7 17 0 4 0 3 1 1 10 2 0 1 2
3 2 4 24 6 9 0 2 3 8 4 18 2 3 21 2 1 7 5 0 21 2 14 6 9 5 2 4 1 27 2 11 3 6 1 7 0 3 4 3 4 2 4 6 14 1 0 4 1 4 0 15 2 0 7 3 0 3 6 14 8 1 10 7 5 2 1 8 1 3 6 4 6 8 0 10 7 20 2 7 15 6 1 5 3 0 0 4 0 1 0 1 0 5 2 7 3 2 3 11
2 1 0 5 6 3 6 3 3 7 1 0 2 4 1 0 6 2 1 0 14 6 2 7 7 0 0 1 6 4 1 11 5 6 5 4 14 9 8 4 3 1 0 2 1 4 1 1 6 2 1 9 2 1 2 16 17 5 1 0 7 2 5 14 1 0 8 0 0 10 20 5 11 3 4 13 2 0 4 5 11 3 6 0 8 2 0 1 0 9 3 2 0 9 10 3 1 9 5 0
3 1 2 0 0 0 2 0 0 0 2 11 0 2 0 1 1 2 1 0 0 0 0 0 0 0 1 0 0 0 0 0 0 0 0 0 0 0 0 0 0 0 0 0 1 1 0 0 1 0 1 1 0 1 2 0 0 0 1 1 1 1 0 2 0 0 1 1 0 1 4 0 0 0 3 0 0 0 0 0 0 2 0 0 3 0 1 0 0 0 0 0 0 0 2 1 0 0 1 0
0 1 0 0 0 1 0 3 0 0 0 0 0 8 0 2 0 1 2 0 0 1 0 2 0 1 0 1 2 0 1 0 0 0 0 0 0 0 0 5 0 1 0 0 0 0 0 0 3 1 2 0 0 0 0 0 3 1 2 0 0 0 0 2 0 0 2 1 0 1 1 1 3 0 0 0 0 0 1 0 0 0 0 1 1 2 0 0 0 0 0 0 17 0 0 1 0 0 0 1
1 0 2 1 0 0 1 0 1 0 0 1 0 1 0 0 0 1 0 0 0 1 3 0 1 1 0 1 0 0 0 0 0 2 0 0 0 1 2 0 0 0 1 0 0 0 0 0 1 1 0 0 0 0 0 0 0 0 0 0 0 0 0 1 2 0 0 0 0 0 0 1 1 0 0 0 0 0 1 0 1 0 0 0 1 0 0 0 2 10 0 0 0 0 0 0 0 2 1 0
1 2 2 0 0 0 3 1 0 0 1 1 0 0 0 0 0 1 0 0 0 0 1 1 0 0 1 2 1 0 0 0 1 0 1 0 2 0 0 0 0 0 0 1 0 0 0 3 0 0 1 0 0 0 0 2 0 1 0 1 0 0 0 2 0 3 2 1 0 1 0 1 0 1 0 0 0 18 0 0 0 0 0 0 2 1 0 0 0 2 1 0 2 1 0 0 0 0 0 0
