10 3 3 6 3 8 0 12 23 2 3 6 0 0 12 1 3 14 0 1 7 10 0 2 3 1 1 4 9 8 12 11 5 17 10 12 7 4 0 11 2 0 0 9 9 2 0 0 9 7 12 4 0 0 2 1 9 12 6 7 3 2 0 11 1 0 8 3 9 0 0 1 5 2 1 2 1 3 9 3 0 1 0 3 1 2 1 0 8 0 14 2 1 9 6 4 0 1 0 4
0 0 0 0 0 0 1 0 1 1 1 0 0 0 0 0 0 4 1 0 0 1 0 1 1 0 0 1 0 0 1 0 0 0 3 0 1 2 0 0 0 1 0 0 0 0 0 0 0 0 0 0 0 0 0 0 0 0 0 0 0 0 1 4 0 2 0 0 0 0 0 2 0 2 0 0 1 1 0 0 0 1 0 0 0 0 0 0 0 0 1 0 0 5 0 0 1 0 0 0
2 8 2 6 0 5 3 0 0 6 6 5 1 7 1 1 7 5 2 1 12 3 3 1 1 0 4 0 13 2 2 0 8 7 2 0 5 0 10 0 0 0 0 0 1 13 2 3 14 2 13 2 9 2 2 0 15 14 0 0 0 0 14 1 3 0 4 5 6 3 2 2 11 1 0 0 12 4 5 0 0 3 5 0 0 0 2 13 10 0 6 0 1 1 0 2 0 2 11 1
0 5 11 15 8 13 7 0 17 23 9 4 29 1 1 0 2 3 1 1 5 1 0 8 19 4 1 20 15 12 3 3 0 8 11 2 19 9 6 6 3 5 10 3 1 2 16 8 1 12 1 0 5 0 2 8 3 13 8 3 10 4 5 2 1 9 9 10 6 0 2 13 4 2 2 6 1 1 4 8 0 3 5 4 3 3 2 5 4 17 4 17 17 6 4 2 1 6 4 1
29 13 0 3 9 0 11 16 0 5 23 6 11 26 2 5 23 20 10 25 6 1 6 5 15 2 6 10 5 19 0 6 1 3 0 1 9 1 13 4 5 19 5 13 6 1 2 4 1 3 5 8 7 6 6 38 19 1 9 0 0 1 9 0 3 6 0 18 3 10 16 9 2 6 0 16 3 0 8 5 37 0 11 7 16 10 18 5 10 9 0 5 1 21 1 0 5 0 10 10
2 0 0 7 12 2 0 0 4 2 4 3 1 7 2 1 0 2 0 4 13 0 0 0 5 0 2 0 9 1 7 6 1 7 7 0 0 0 1 7 8 1 2 0 6 9 5 15 6 0 25 1 3 3 19 1 0 4 10 12 9 0 5 4 3 0 0 6 3 0 0 7 3 0 1 0 2 1 1 9 1 10 6 5 5 7 2 0 0 0 7 1 1 0 2 6 9 0 4 5
1 6 0 7 6 0 3 0 5 0 4 2 0 2 2 19 1 9 3 17 3 0 11 5 5 0 1 8 0 4 6 2 4 3 5 6 1 0 10 1 0 0 2 13 0 9 0 0 6 3 8 7 3 6 7 0 1 1 1 0 0 5 17 3 0 1 3 2 2 0 7 0 4 6 1 2 6 5 0 1 7 6 1 0 0 0 9 7 1 0 2 3 7 7 3 4 5 3 6 5
1 0 11 3 1 0 0 3 3 0 0 0 0 0 0 0 0 0 0 0 0 0 3 0 0 0 0 1 0 2 0 0 0 0 0 0 1 0 0 0 0 0 1 9 0 0 2 1 1 2 0 0 0 0 0 0 1 0 1 0 0 0 0 0 2 0 0 0 0 0 0 0 1 0 0 0 0 0 6 0 0 0 1 0 1 0 0 0 0 0 2 2 1 1 0 0 0 1 0 4
0 0 0 0 0 0 0 0 0 0 2 0 1 1 1 0 0 1 0 0 0 0 0 0 2 0 1 2 0 2 0 1 2 2 0 0 0 0 1 0 0 0 1 0 1 0 0 0 0 0 0 1 1 1 0 0 0 0 0 0 1 0 1 0 0 0 0 0 0 0 0 0 1 0 0 0 2 0 0 0 1 3 1 1 3 0 0 0 0 0 2 0 1 1 1 0 1 0 0 0
0 14 11 0 5 5 6 0 7 20 1 25 0 2 21 4 23 5 12 2 0 12 14 6 5 5 10 13 8 7 2 3 7 5 4 18 8 5 17 20 12 3 17 13 2 0 4 19 2 10 5 43 0 6 4 3 0 4 10 8 16 12 8 7 5 4 5 0 10 3 8 9 6 2 7 31 3 5 4 29 20 5 33 7 3 0 0 2 11 17 14 0 4 12 0 49 28 10 0 2
2 1 6 2 1 14 4 2 4 1 3 0 0 1 2 5 1 5 0 11 6 0 0 10 3 4 0 1 8 2 23 1 6 0 3 3 23 8 10 6 1 2 2 1 0 4 3 6 2 31 33 1 11 0 4 30 3 0 15 1 9 2 6 2 6 0 0 2 0 4 3 2 7 8 3 5 24 3 0 2 5 4 4 8 19 1 3 4 16 18 0 4 2 4 0 3 2 4 2 5
0 7 5 3 0 11 2 28 4 1 11 6 0 8 22 0 3 9 5 2 0 3 19 1 2 10 10 1 14 6 15 25 0 8 14 18 0 13 19 6 2 17 34 1 2 0 18 5 3 5 1 10 6 2 3 1 1 35 0 16 0 1 13 2 13 18 2 8 9 0 0 3 3 11 11 2 8 32 22 2 6 10 8 3 1 6 3 9 6 5 3 3 21 4 4 0 17 0 0 7
19 0 10 5 8 6 1 9 24 6 0 12 0 2 22 15 2 6 7 15 3 3 5 3 0 1 8 1 2 1 5 3 1 1 2 0 3 3 3 7 6 0 1 7 1 0 4 6 2 7 3 4 2 1 2 0 2 4 2 4 0 2 1 2 1 7 48 8 2 0 1 5 1 2 1 0 4 4 1 18 3 10 7 1 6 1 60 9 2 4 3 0 8 4 1 2 2 4 5 2
4 0 4 1 0 2 1 9 9 0 1 5 0 3 0 4 12 5 15 2 4 7 1 12 1 4 1 0 0 2 2 8 5 4 6 2 0 1 4 11 0 3 3 9 1 12 6 2 7 0 4 0 2 2 3 1 4 1 15 3 4 3 10 4 0 2 1 2 0 1 13 1 1 0 0 0 4 0 0 11 0 4 1 0 3 12 0 3 5 2 7 5 1 5 0 0 4 3 5 6
10 1 0 0 0 0 2 4 14 8 5 5 0 2 0 10 6 2 17 5 4 2 0 13 0 6 12 8 0 0 13 0 0 12 0 1 11 0 7 5 1 6 18 6 1 1 2 22 0 0 0 1 0 4 4 0 9 0 12 0 4 2 4 4 2 3 2 6 15 4 2 11 3 0 1 4 0 8 3 7 21 1 12 1 0 9 0 15 0 3 6 8 1 3 2 8 0 0 4 3
1 14 2 3 18 1 41 19 11 14 5 14 9 16 4 7 7 2 15 8 2 5 6 10 31 9 1 6 0 2 1 2 14 1 1 3 2 6 3 11 2 0 3 5 11 4 25 9 5 3 30 7 6 0 4 4 0 3 5 0 2 15 4 6 4 24 4 8 0 4 0 1 1 2 5 6 8 14 6 2 3 0 14 0 2 5 9 1 11 2 0 13 8 18 4 4 2 10 0 24
4 2 5 4 2 0 2 2 2 10 9 0 6 0 6 1 8 2 0 5 0 2 11 0 1 5 0 11 0 7 1 2 6 2 0 0 0 6 3 0 0 18 6 1 9 4 3 1 1 1 7 5 4 3 5 9 2 4 0 3 0 0 2 8 1 14 0 0 2 7 0 0 4 0 6 2 3 6 11 3 8 2 4 0 2 3 0 4 4 0 1 5 3 3 0 13 12 7 2 3
9 5 16 8 9 4 4 1 2 1 6 11 6 3 2 7 0 3 22 5 4 15 2 2 19 27 25 5 0 1 15 6 7 3 1 9 0 4 18 10 12 5 3 2 6 19 0 8 8 0 12 9 2 6 5 9 2 35 6 11 0 13 30 3 13 6 1 0 3 4 1 12 5 0 10 0 4 3 1 15 31 0 24 25 7 0 6 1 5 5 11 1 3 7 9 1 3 0 1 1
7 2 1 0 1 0 0 0 0 0 5 3 12 0 0 1 0 5 0 1 6 1 4 4 7 0 1 0 20 7 1 4 3 9 1 3 1 0 0 9 3 0 10 2 0 9 11 19 1 0 0 3 2 2 9 8 0 0 3 0 3 2 0 2 4 2 1 5 1 3 1 4 9 0 7 3 0 1 2 9 0 16 0 5 5 3 1 2 3 3 1 4 7 3 1 4 3 2 11 0
3 1 6 1 2 4 0 5 11 1 8 1 0 8 0 0 0 14 0 1 3 12 2 1 1 8 6 1 1 9 4 5 6 2 0 10 6 0 0 3 5 10 6 14 0 1 7 28 21 0 3 3 1 3 11 1 3 0 6 0 0 7 7 2 5 0 4 9 7 13 2 8 21 0 12 0 0 5 4 8 10 1 5 30 12 24 2 4 1 8 2 2 2 0 9 3 1 2 4 2
7 3 15 1 10 10 4 2 2 8 11 1 5 14 1 0 9 1 17 8 4 8 9 8 0 6 2 3 15 14 1 18 10 4 3 4 11 2 5 0 1 24 3 0 3 8 12 8 0 10 2 20 6 2 0 2 2 16 7 6 7 3 5 0 16 4 2 5 6 18 3 3 2 15 13 1 2 10 5 1 15 21 0 22 4 41 1 5 0 1 8 16 24 6 6 10 8 7 6 7
14 1 9 6 9 2 13 9 1 22 2 5 0 3 2 11 7 2 2 0 4 10 25 0 2 2 1 0 4 2 0 8 7 10 3 15 4 4 8 0 4 4 2 6 0 0 22 5 9 10 5 2 0 4 9 0 1 10 34 0 1 1 13 11 9 0 5 7 2 3 6 3 8 6 0 9 10 6 1 3 27 7 3 4 0 2 7 0 14 4 4 15 5 4 0 40 10 0 12 0
0 3 12 11 1 7 8 4 20 0 8 4 0 1 15 3 0 1 2 19 4 0 12 17 6 3 18 4 3 1 10 13 6 8 0 5 2 1 11 4 5 4 18 25 4 0 0 6 0 0 1 7 1 2 3 34 4 0 9 2 2 4 5 2 1 44 11 26 7 2 4 0 6 22 4 2 0 1 11 12 5 15 0 0 6 5 4 10 5 4 10 6 8 15 3 15 6 9 2 24
0 0 0 0 3 0 0 0 0 0 5 1 0 0 0 0 0 0 0 0 0 0 0 0 0 1 0 0 8 2 0 0 0 3 0 0 1 0 0 0 0 0 0 0 0 1 1 0 1 0 0 0 1 0 0 1 1 0 0 1 0 7 0 0 0 0 0 0 1 1 0 1 0 0 0 0 0 1 0 1 2 0 8 1 0 0 0 1 1 0 0 2 1 0 0 2 3 0 1 0
4 19 3 3 4 0 3 0 2 3 3 12 19 4 9 4 1 9 0 2 0 0 2 14 3 4 3 6 4 1 2 9 0 1 1 13 5 9 3 4 5 1 0 3 1 6 4 1 6 1 5 1 0 4 4 0 1 18 1 3 8 6 1 5 33 1 7 0 2 3 1 7 1 2 6 2 12 0 3 0 2 2 3 11 9 0 5 0 2 5 3 1 21 6 2 0 2 2 2 1
1 7 1 5 9 1 1 3 2 3 1 18 0 1 3 0 11 0 4 7 0 1 6 0 0 2 1 0 0 8 6 2 11 10 4 6 0 10 1 5 4 16 8 0 0 5 12 9 1 5 2 2 1 6 1 13 31 14 6 12 4 27 5 2 0 1 0 0 0 4 6 9 8 3 1 0 17 4 9 8 9 1 0 2 4 0 5 8 2 0 0 5 0 5 7 4 6 2 1 3
7 1 12 0 2 8 8 1 3 3 6 28 25 2 0 13 6 2 6 3 0 3 10 34 4 3 49 12 25 1 1 3 16 2 9 6 4 14 12 3 2 8 2 0 1 9 15 5 7 6 3 2 18 5 1 10 3 1 9 3 18 1 1 14 4 9 0 4 6 8 20 11 0 0 20 7 15 22 8 8 1 0 0 18 1 0 0 0 14 6 2 8 11 10 2 1 12 3 4 15
4 5 1 30 13 2 6 3 13 1 8 3 17 4 6 17 25 10 24 13 17 6 4 1 0 1 7 0 0 12 3 3 4 10 4 6 3 4 0 0 9 13 1 3 3 16 0 6 22 21 2 6 2 0 4 18 2 0 10 3 6 1 4 12 24 0 10 1 0 2 2 7 16 2 16 10 40 2 2 10 12 13 13 2 6 10 19 1 9 2 6 17 1 3 0 1 2 6 16 17
15 2 6 1 7 21 1 0 1 2 1 5 7 23 5 3 12 1 4 8 6 5 11 9 8 22 15 33 4 12 0 30 2 16 4 17 2 5 0 3 0 5 3 12 6 1 15 20 4 1 1 1 2 2 16 17 9 4 16 0 11 6 0 14 0 5 3 3 0 22 9 12 2 6 30 12 2 1 12 2 7 30 15 3 2 8 1 12 3 7 2 8 6 9 7 3 11 4 1 2
0 0 1 0 0 0 0 0 0 0 0 0 0 1 0 0 1 1 1 0 0 0 2 0 0 0 0 0 0 5 0 2 9 0 1 0 0 0 2 0 0 0 2 0 0 0 2 1 1 0 2 0 3 0 0 0 0 0 0 0 1 0 1 1 0 2 1 14 4 0 0 0 1 0 2 0 0 0 0 0 0 0 2 0 0 2 0 1 0 1 0 1 1 0 0 1 0 0 0 0
4 0 1 0 0 0 0 0 1 1 0 0 0 0 0 1 0 0 2 0 1 0 0 0 0 6 0 0 0 2 0 0 0 0 0 1 0 0 0 0 0 0 0 0 0 1 2 1 0 0 0 0 0 0 0 2 0 1 1 0 0 0 0 1 1 1 0 0 0 0 0 0 0 0 0 0 0 0 0 0 0 0 0 0 0 0 0 0 0 0 0 0 0 1 0 0 0 0 0 0
8 6 0 5 3 4 2 4 5 0 15 6 11 12 3 1 13 3 4 13 4 1 1 5 13 5 13 3 2 2 10 0 9 2 5 1 6 3 8 7 8 2 8 2 11 0 4 2 0 14 4 5 1 9 0 17 6 1 19 5 2 7 7 17 16 2 5 23 5 0 24 0 3 3 20 16 0 5 1 1 3 11 2 7 1 11 7 17 8 10 9 3 1 0 5 1 1 10 27 1
0 4 2 2 2 0 47 1 0 14 1 0 1 1 3 2 1 0 6 3 1 2 15 3 0 0 11 3 9 5 8 0 8 0 1 0 1 0 6 3 1 6 0 0 0 2 4 0 15 0 7 0 6 8 3 1 17 1 5 3 5 3 3 5 1 8 4 4 14 3 0 4 5 1 2 3 0 7 3 4 2 2 9 6 3 1 0 5 6 3 7 1 0 2 2 3 11 0 0 0
9 1 12 0 0 27 3 0 17 6 18 9 1 3 2 0 6 8 0 7 18 9 6 9 5 0 6 2 6 0 7 3 0 2 17 4 11 4 6 6 5 11 9 3 9 7 52 9 8 15 6 6 0 9 0 1 6 10 6 19 1 4 2 4 7 0 1 10 0 5 2 0 7 4 12 0 5 7 12 4 15 12 1 11 5 1 7 1 6 6 0 21 7 1 0 1 0 0 13 5
2 1 2 0 0 6 5 3 3 1 1 3 1 2 1 7 1 11 6 2 19 16 2 3 5 5 12 4 5 3 6 0 2 12 2 4 1 2 0 2 4 6 2 4 4 3 1 3 5 16 11 0 10 0 9 5 0 0 7 1 15 1 20 3 1 5 3 3 3 4 0 3 0 0 0 1 0 11 2 0 13 10 2 3 4 2 9 2 9 11 1 5 4 1 0 0 1 4 1 0
1 0 5 0 0 10 7 3 2 8 1 1 1 8 0 2 1 0 0 10 2 1 17 4 2 5 6 0 8 6 8 0 2 4 5 0 13 3 2 6 5 1 0 3 2 5 25 3 1 6 10 5 2 4 0 7 0 1 1 2 0 4 1 1 2 3 23 1 0 0 1 6 0 5 1 2 0 3 10 3 0 8 3 0 17 4 5 15 3 1 1 2 0 1 0 2 5 1 0 5
0 0 0 3 0 1 1 0 0 1 1 0 0 3 1 0 1 0 0 0 0 0 1 2 1 1 0 2 12 0 0 0 0 0 0 1 0 0 0 0 1 0 0 1 1 0 0 0 0 0 0 0 1 0 0 0 1 2 0 0 0 3 1 0 0 0 0 0 0 1 1 0 1 0 0 1 0 0 0 0 0 0 0 1 0 1 1 1 4 0 0 0 0 1 1 0 3 0 4 1
20 2 4 9 12 17 10 0 2 16 7 1 2 1 1 0 0 0 10 0 0 3 1 10 0 0 1 15 18 3 0 4 1 15 5 12 3 3 5 1 1 0 0 0 14 4 2 3 2 3 11 17 10 0 3 4 16 3 3 5 8 7 3 13 6 9 0 4 5 0 10 1 9 9 1 5 15 2 1 5 13 3 0 4 20 3 11 8 1 1 7 5 7 11 9 14 1 16 14 9
0 0 0 2 0 0 1 1 0 0 0 0 0 0 0 0 0 0 0 0 0 0 0 1 2 0 0 0 1 1 0 0 0 0 0 0 0 0 0 1 1 0 1 0 0 0 0 1 1 0 1 0 0 0 0 0 0 3 1 1 0 0 0 0 1 1 0 0 2 0 1 0 0 0 1 0 0 0 0 0 0 0 0 0 0 0 0 0 0 1 0 0 0 4 0 0 0 1 2 0
0 1 0 0 0 0 0 0 0 0 0 0 1 0 1 1 0 0 1 0 7 0 1 0 6 0 3 0 0 0 0 0 0 0 0 0 6 0 0 0 0 0 2 0 0 0 0 2 0 0 0 1 3 0 0 0 0 1 1 0 0 0 0 0 0 0 8 0 0 0 0 0 0 0 0 0 0 1 0 2 0 2 0 0 2 0 0 0 0 1 0 0 0 0 0 1 0 1 2 0
0 5 2 0 8 0 1 2 4 11 14 8 12 2 4 1 4 8 0 23 11 5 2 6 10 5 18 1 2 8 15 1 12 7 31 13 9 40 5 0 6 6 2 0 24 6 3 0 21 3 0 7 3 4 0 10 8 2 4 0 5 10 4 6 9 2 3 3 0 0 9 2 13 7 2 1 2 6 13 8 14 1 4 6 10 3 0 13 1 13 7 0 3 10 9 1 4 4 17 5
1 24 12 0 7 1 15 9 4 1 12 2 34 30 39 4 0 9 9 0 25 8 12 0 8 0 21 0 2 4 5 14 0 2 1 3 8 6 8 0 1 0 1 1 2 13 0 1 4 3 4 0 4 21 1 0 4 0 13 0 10 4 7 13 7 3 0 0 2 0 19 6 15 4 1 3 2 2 2 1 34 15 20 27 9 11 16 2 9 7 5 0 0 8 2 1 6 6 6 1
5 5 19 13 10 14 7 1 7 5 1 23 4 0 5 3 0 12 3 5 3 3 1 0 6 1 34 6 5 5 5 8 16 4 7 0 7 1 1 3 4 16 10 6 9 11 15 1 3 5 10 7 6 18 24 6 10 1 7 7 12 9 7 5 3 2 4 5 12 0 19 11 11 16 31 8 0 1 2 2 21 17 1 2 15 45 0 8 1 5 37 1 1 0 6 8 12 14 0 0
0 0 2 0 2 0 2 1 0 0 0 3 1 0 0 1 0 2 0 0 1 0 6 0 1 0 0 0 1 0 0 0 0 1 0 0 1 1 1 0 1 1 0 0 1 0 0 0 0 0 3 0 0 0 1 0 0 2 0 0 0 3 0 0 2 0 0 1 3 0 1 1 2 2 0 0 0 1 6 1 0 0 0 0 0 0 0 3 0 0 1 1 0 1 0 2 4 0 0 0
2 0 1 0 0 0 0 2 0 1 0 0 0 0 0 0 0 0 0 1 0 0 0 0 0 0 1 0 0 0 3 0 0 0 0 0 0 0 4 0 0 0 0 0 0 0 2 3 0 0 0 0 0 0 0 0 0 0 0 0 1 0 3 1 0 0 3 0 0 0 0 0 0 1 0 2 0 0 0 0 0 0 0 0 0 0 3 0 0 1 0 1 0 1 1 1 0 2 0 0
4 9 7 0 6 30 2 21 2 1 12 4 4 0 3 8 2 29 4 5 2 1 14 5 2 24 12 11 3 4 7 13 21 11 5 6 1 2 14 21 3 8 16 1 8 13 7 1 10 4 5 5 0 35 0 1 2 4 5 10 1 2 13 4 9 25 5 5 5 0 10 16 13 19 2 0 0 5 11 2 6 7 4 17 3 22 3 16 0 4 0 9 27 9 0 7 9 17 4 6
5 8 1 2 0 1 1 2 8 15 0 11 0 1 0 2 3 16 2 10 20 9 2 0 6 1 1 0 6 7 5 1 9 11 2 0 5 0 2 0 2 3 0 5 1 6 5 2 0 10 0 2 1 5 14 10 5 4 5 2 1 3 0 23 2 25 0 3 2 4 2 8 4 4 1 6 8 8 1 8 2 5 15 0 3 2 0 4 6 1 4 2 0 6 2 0 6 3 0 0
22 5 0 3 30 5 7 8 3 20 8 3 0 2 0 0 4 3 0 20 18 8 4 0 1 0 3 0 0 0 4 7 0 1 1 3 9 6 0 1 0 0 6 1 2 25 14 9 8 3 1 0 1 5 17 8 9 0 0 1 4 2 1 4 8 6 2 6 10 0 1 4 6 2 1 13 3 0 3 0 3 3 2 4 3 1 4 0 26 1 0 9 12 3 9 2 6 1 7 1
9 7 1 4 8 1 4 11 6 3 0 14 1 0 9 1 6 3 14 10 6 11 4 8 2 0 12 2 0 13 16 2 11 8 14 7 14 4 6 10 7 1 0 3 2 11 4 6 1 8 5 3 10 1 1 1 2 13 46 9 5 14 1 5 2 13 13 10 2 38 7 31 23 13 5 4 10 18 2 34 1 8 1 7 14 3 2 7 12 0 2 2 3 9 1 5 7 4 0 18
0 0 0 0 1 0 0 1 0 0 1 0 0 1 0 1 0 0 0 0 0 0 0 0 0 0 0 1 0 3 0 0 0 0 0 0 0 0 0 0 1 0 0 0 1 0 0 2 0 0 0 1 2 0 0 0 1 0 0 0 0 0 0 0 0 0 1 3 15 1 0 0 0 1 0 0 1 1 0 4 3 0 0 1 0 0 1 0 0 0 1 1 0 0 0 0 2 0 0 0
