6 14 3 14 3 29 1 3 2 1 2 14 1 6 3 2 2 11 2 2 5 0 4 2 1 0 1 10 2 2 19 12 2 0 9 1 4 16 0 0 3 5 0 2 12 19 14 0 5 8 1 8 0 2 5 2 3 22 14 0 0 2 4 2 1 18 7 5 4 32 7 29 2 22 11 7 1 3 40 7 23 9 6 2 4 16 19 3 20 24 3 13 3 15 1 3 40 16 27 0
2 12 2 0 8 2 7 11 7 0 0 2 5 2 5 6 10 2 1 1 1 7 0 6 3 2 0 0 1 3 9 0 12 2 8 4 8 1 0 7 1 2 1 1 1 1 10 3 3 0 11 3 1 7 2 1 1 1 2 0 13 6 19 5 5 0 27 1 1 9 4 0 1 13 0 0 14 1 1 5 0 8 9 3 2 6 3 0 5 0 4 3 3 0 0 4 5 8 0 10
14 0 1 2 11 5 5 2 1 4 3 3 1 1 32 0 4 9 1 0 0 2 10 24 0 0 6 5 10 15 2 3 8 4 2 2 5 14 3 0 11 5 0 7 5 0 4 0 9 4 15 6 2 5 3 2 0 14 4 6 9 11 1 1 24 2 10 13 3 11 0 5 6 13 10 0 2 2 13 13 3 3 2 3 4 3 1 7 3 1 8 7 4 6 0 0 1 13 6 1
1 7 5 8 4 5 4 20 3 0 0 0 7 3 3 34 1 16 9 4 5 17 13 0 0 28 5 1 13 7 4 4 2 10 7 5 19 3 0 4 4 3 4 4 1 11 5 3 6 12 2 2 5 5 4 7 7 14 21 5 1 5 6 14 4 6 9 1 10 0 0 12 9 4 4 10 17 3 3 1 0 12 7 2 1 1 1 13 11 3 10 16 15 2 1 0 2 9 0 6
0 0 2 5 5 3 10 2 0 0 8 3 3 3 12 0 0 1 8 1 0 3 3 0 1 12 4 6 8 1 2 7 4 4 1 9 3 0 10 1 9 4 4 22 5 16 0 0 2 5 5 2 4 1 14 6 2 1 2 2 2 4 10 8 3 4 5 9 1 0 8 1 1 0 0 3 3 2 5 11 0 1 5 7 6 2 11 7 1 0 3 0 16 2 2 1 18 1 3 4
26 0 4 10 1 8 0 3 0 6 12 11 17 0 2 0 0 7 4 2 7 8 0 1 4 1 0 3 5 3 0 1 3 1 8 2 1 2 6 1 0 2 5 0 0 4 0 0 5 12 0 0 7 4 7 5 0 0 2 3 4 11 14 4 2 2 0 0 1 14 0 0 9 12 1 0 1 4 2 7 1 0 1 2 0 2 1 5 5 4 4 3 2 3 1 0 6 1 3 2
1 3 3 4 3 10 0 0 2 1 0 2 5 0 11 2 0 1 6 1 11 9 0 3 2 0 2 1 8 7 5 0 0 2 3 1 3 5 1 1 2 4 0 0 1 6 0 4 1 5 1 6 3 5 4 1 0 4 4 0 3 2 2 5 2 4 4 0 1 3 5 1 8 0 2 13 14 8 1 5 6 4 12 1 1 0 0 6 1 4 7 2 1 1 4 0 2 2 7 1
4 6 5 9 0 3 0 1 2 3 0 4 1 0 1 3 2 0 2 11 6 5 2 0 3 0 4 7 5 2 1 6 2 4 4 4 6 1 0 8 4 0 10 0 1 4 9 1 7 3 2 1 2 9 2 7 5 3 3 5 5 5 0 4 0 11 0 1 8 20 2 5 6 9 2 8 3 17 4 1 1 9 0 10 17 0 1 3 0 1 3 0 10 0 1 0 1 12 1 1
1 1 0 0 0 1 2 0 0 1 0 0 1 0 0 1 0 0 1 0 0 2 0 0 1 0 4 0 0 0 1 0 1 0 3 2 3 0 1 0 2 0 0 0 1 1 1 2 1 0 0 0 3 0 0 0 0 1 3 0 1 0 0 1 0 0 0 1 1 0 0 1 0 1 0 1 0 0 1 3 2 0 1 0 0 0 0 1 1 0 2 0 0 0 0 0 5 0 1 0
15 11 2 6 3 3 2 2 1 0 3 6 13 4 7 8 3 4 10 6 14 0 0 1 0 14 7 2 26 5 1 3 1 5 0 2 4 0 6 7 9 23 10 0 0 20 3 6 1 19 1 7 0 2 4 15 3 1 16 6 4 14 0 0 0 1 0 6 2 12 0 18 8 6 5 24 25 5 9 2 1 2 11 4 3 1 8 2 7 5 0 17 7 19 10 8 21 1 2 3
1 0 1 0 0 0 0 0 3 1 0 1 0 1 0 0 0 1 0 0 7 3 0 0 0 0 0 0 0 0 0 0 0 1 0 0 0 0 0 2 0 1 2 0 0 0 1 0 0 0 2 0 1 0 0 0 0 1 0 2 0 0 0 0 1 0 0 0 1 2 3 0 0 0 1 0 0 0 0 2 0 1 0 0 0 3 0 3 0 0 0 0 0 0 0 0 1 0 0 0
1 0 8 14 1 3 6 5 4 3 1 0 14 6 0 0 4 6 1 4 3 1 1 16 9 16 13 6 0 10 6 6 2 0 13 1 0 3 6 0 22 1 8 0 0 0 9 51 4 5 4 0 5 15 2 6 34 0 1 11 2 6 5 11 3 2 8 12 0 9 8 5 12 0 9 3 24 0 1 7 2 12 6 1 20 0 48 1 10 0 14 7 2 12 10 8 0 3 7 2
0 1 2 2 1 2 0 1 0 0 3 3 0 1 14 0 0 1 1 5 4 0 2 3 0 0 12 0 1 8 6 9 6 1 7 1 4 3 0 1 11 1 1 0 1 0 0 3 1 1 0 1 1 0 4 1 3 1 15 1 1 0 1 0 6 2 13 3 6 3 6 20 5 2 10 10 8 2 2 8 2 4 5 6 8 0 3 1 9 13 3 2 5 4 1 3 6 5 6 0
0 1 1 3 0 0 10 0 0 0 0 12 0 0 0 0 1 7 0 4 0 0 0 1 1 1 0 1 0 0 0 0 8 0 0 0 0 1 2 0 6 0 0 3 0 0 1 2 0 0 6 4 0 0 1 0 0 0 1 0 0 0 2 0 0 1 0 0 2 0 1 0 1 0 0 0 0 1 0 0 0 1 0 0 0 0 2 0 0 0 0 0 0 0 0 1 2 0 0 0
0 0 0 0 13 1 1 0 1 0 0 0 0 0 1 0 0 0 0 2 0 0 0 4 0 3 0 0 1 3 1 0 0 0 1 0 0 0 1 0 0 0 0 4 0 0 0 1 0 0 1 1 0 1 0 0 0 0 0 1 0 0 0 0 0 1 0 0 0 0 1 0 0 0 0 0 1 0 0 3 0 0 0 0 0 2 0 0 0 0 0 0 0 0 0 0 1 0 1 1
0 1 0 2 2 0 0 0 0 2 0 3 0 3 0 0 0 0 1 1 4 1 0 0 0 0 0 0 1 0 0 2 0 0 0 0 0 0 2 0 0 1 0 0 0 0 0 0 0 0 0 0 3 0 0 0 0 0 0 0 0 6 0 0 0 0 0 0 5 0 0 1 0 0 0 0 0 0 0 0 0 0 0 1 0 0 1 0 0 1 0 0 0 0 0 2 0 0 0 0
5 0 9 0 0 4 3 3 8 1 19 2 1 1 6 1 3 1 2 8 9 2 2 1 3 0 6 32 9 0 0 0 1 2 2 4 12 1 0 10 13 2 4 2 4 0 16 4 1 0 1 0 0 4 5 7 3 5 5 8 0 1 8 0 1 11 2 0 8 0 1 3 2 3 4 0 1 0 0 6 7 9 10 0 2 2 2 1 6 7 12 6 9 18 1 4 11 3 2 2
3 11 11 2 0 0 2 6 1 10 8 0 1 9 6 2 6 0 2 2 0 6 0 3 5 3 12 2 12 6 4 3 13 0 5 2 3 10 0 4 1 0 9 7 4 9 10 2 4 6 15 4 7 1 10 1 1 3 3 5 1 1 12 25 5 5 13 2 13 11 0 12 1 7 1 2 0 4 1 17 6 11 8 10 3 41 1 2 1 1 0 6 3 0 6 2 10 3 3 5
1 0 1 0 0 0 0 0 2 0 0 0 0 0 0 0 0 0 0 0 1 1 0 0 1 0 0 0 0 1 0 0 2 0 0 0 0 0 0 0 0 3 0 0 1 0 0 0 3 0 1 0 0 0 1 0 0 0 0 0 0 0 0 1 0 0 0 0 0 1 2 1 1 2 0 0 0 0 1 0 0 0 0 0 1 0 1 0 2 1 0 0 0 0 1 0 0 0 0 0
0 0 6 1 3 2 0 1 11 2 5 2 0 4 2 1 1 24 1 7 6 2 6 3 0 6 10 9 5 15 3 11 0 0 1 1 0 1 5 0 5 7 4 2 1 2 7 2 3 1 8 3 3 0 6 2 2 4 2 7 5 6 2 7 3 13 0 2 2 1 3 2 0 3 5 0 17 1 1 6 1 0 1 4 2 7 0 21 3 0 1 2 8 0 8 3 0 1 6 23
0 5 0 1 10 2 1 3 0 1 0 1 0 1 0 0 0 0 0 2 0 14 0 3 0 0 0 2 0 1 3 10 0 2 0 0 0 4 17 0 1 0 0 4 0 12 2 0 0 0 0 0 9 0 0 0 0 1 1 0 1 0 10 2 2 0 0 0 0 0 0 0 1 2 0 0 0 2 0 2 2 0 1 0 0 0 3 3 0 0 0 0 0 0 0 1 3 0 0 0
0 0 0 1 0 1 0 0 0 0 1 0 1 0 0 0 0 0 0 2 1 0 0 1 0 1 0 0 0 0 0 0 0 1 0 0 0 0 0 1 0 0 0 0 0 0 0 0 2 0 0 0 0 0 0 0 0 0 0 1 0 0 0 0 0 0 0 0 0 0 1 0 0 3 0 1 0 1 0 0 9 0 0 0 0 0 0 0 2 0 0 0 0 0 0 0 0 3 0 0
1 0 6 1 5 7 1 3 3 5 15 1 4 3 16 0 21 2 19 0 43 1 4 3 10 0 0 6 12 3 6 1 2 11 3 1 6 0 8 3 9 0 1 38 31 14 0 2 13 14 7 24 7 8 6 24 11 23 0 3 1 3 3 11 1 2 4 5 10 9 34 3 0 9 3 1 1 19 42 2 3 6 2 0 7 7 14 6 18 21 1 18 3 7 3 9 8 8 2 13
0 0 0 0 7 7 0 0 0 3 0 0 1 0 9 0 0 2 0 1 0 1 1 2 0 0 2 8 0 0 2 3 0 4 4 1 0 1 1 0 2 2 0 9 0 5 6 3 3 8 1 2 1 1 8 0 0 2 0 0 0 0 2 7 2 1 3 1 3 5 1 2 0 0 2 0 0 0 0 1 0 2 0 0 0 1 2 0 0 0 0 0 0 0 0 0 2 0 1 0
0 17 0 6 1 7 2 0 3 0 2 0 11 6 4 3 5 8 0 3 1 5 0 6 4 2 5 0 3 0 5 2 6 6 1 1 0 1 2 6 7 4 0 4 9 0 14 0 4 0 4 1 9 9 5 8 3 12 7 3 0 1 3 0 7 5 9 5 1 7 2 8 3 0 0 0 0 1 3 3 4 12 0 1 1 1 5 5 1 1 2 1 2 0 0 2 6 3 0 1
2 8 4 0 2 2 7 0 5 18 2 8 5 5 0 1 1 8 6 16 6 13 3 1 8 2 14 4 0 7 1 0 9 9 9 0 16 4 1 0 5 20 8 4 2 3 34 18 1 0 14 6 27 8 5 2 13 10 5 8 7 5 2 2 4 11 8 10 0 6 37 11 4 24 18 11 0 3 4 7 3 1 7 5 1 0 10 0 1 2 15 8 9 1 29 5 12 33 0 2
10 0 10 12 4 5 2 1 6 7 13 1 18 2 2 10 19 0 7 1 8 1 0 6 21 8 34 0 0 3 11 13 4 18 0 4 10 7 2 2 0 5 0 11 24 1 4 15 2 12 0 3 9 4 3 10 3 1 24 11 5 2 0 11 6 1 7 3 3 8 13 0 18 5 7 1 19 8 2 12 3 3 0 3 4 9 1 16 14 0 0 4 2 11 2 8 0 10 9 5
7 1 0 3 0 1 11 12 0 1 1 2 0 2 13 4 6 2 0 21 2 3 2 4 2 11 2 1 17 1 6 2 0 0 1 15 14 12 5 7 3 2 1 8 2 0 2 0 9 0 4 0 11 4 0 7 5 1 0 8 4 6 0 5 11 3 2 1 5 0 4 5 1 1 0 1 14 2 2 1 0 11 11 7 0 3 0 0 4 3 5 3 6 1 0 1 2 5 0 3
0 9 0 20 9 2 6 12 0 2 2 0 16 1 7 8 6 3 10 9 6 0 9 2 14 6 6 12 18 12 24 1 4 3 12 2 3 4 6 14 12 11 5 2 6 1 4 11 0 7 15 19 4 13 3 0 0 24 4 6 19 4 1 4 1 2 0 4 30 43 7 10 3 0 8 6 5 5 4 1 2 0 2 0 6 1 27 8 2 16 6 2 0 5 26 5 9 8 3 1
4 3 11 1 3 7 5 8 8 3 9 14 2 10 12 7 27 9 2 2 2 0 3 1 9 12 9 3 15 18 3 19 4 4 12 40 4 5 19 1 9 14 1 3 1 0 1 3 0 0 21 42 5 2 1 12 2 6 7 0 20 3 3 3 14 3 8 5 1 7 6 6 0 10 5 2 15 23 3 10 3 7 4 18 15 13 1 3 10 4 0 14 11 5 5 3 23 1 1 5
10 22 13 1 1 17 16 20 25 0 5 19 10 6 2 4 6 1 8 3 1 15 2 15 12 13 5 5 17 1 6 1 4 25 2 3 12 1 8 4 13 9 3 12 2 13 3 11 10 24 24 5 5 6 21 12 16 3 9 7 3 3 0 4 5 2 0 1 4 1 15 13 0 22 9 7 0 5 5 0 15 17 0 31 2 2 2 3 1 1 7 0 13 16 6 10 3 5 15 1
4 7 6 4 1 5 19 1 23 1 39 14 9 0 0 0 0 17 2 13 12 1 16 0 1 0 6 1 1 22 2 3 12 0 4 0 14 5 5 0 7 10 1 1 16 0 2 10 16 1 4 7 1 13 0 5 2 14 13 6 4 0 14 2 0 16 7 7 5 5 1 0 0 0 9 0 0 7 20 0 1 6 34 0 3 3 1 6 17 4 3 1 7 5 6 13 0 5 0 6
0 0 0 3 1 0 0 1 0 0 0 0 0 1 1 12 1 0 0 0 1 0 1 0 0 0 0 0 1 0 0 0 0 0 1 0 0 2 0 0 0 0 0 0 0 0 1 0 3 1 0 0 1 0 0 1 4 0 0 0 0 0 1 0 0 0 0 0 3 2 1 0 0 0 0 0 0 0 0 0 0 0 0 0 0 0 0 0 0 0 0 1 0 0 0 0 0 0 0 0
0 1 0 1 0 0 0 0 0 2 0 0 0 0 0 0 0 0 1 0 1 0 0 0 0 0 0 1 0 0 0 3 0 0 0 0 1 0 0 1 0 0 0 0 0 0 2 0 0 0 0 0 1 0 0 1 1 0 0 0 0 1 1 3 1 0 2 0 0 1 2 0 0 0 0 0 1 2 1 2 0 1 2 0 0 0 1 0 0 0 1 0 0 0 0 0 0 2 2 0
0 0 0 0 0 1 0 0 1 1 0 0 0 0 0 0 0 1 0 0 0 0 0 0 1 3 0 0 0 0 0 0 1 0 0 1 0 0 0 0 0 0 4 0 0 0 0 0 0 0 2 0 0 1 0 0 1 2 0 1 0 1 0 1 0 0 0 2 0 3 0 1 0 0 0 0 0 0 0 2 1 0 0 0 0 0 0 0 0 0 0 0 0 1 4 0 0 0 7 1
4 31 1 0 1 19 2 5 2 44 18 14 0 3 4 3 5 4 14 0 24 10 2 4 3 23 0 2 2 7 4 12 3 0 3 6 1 6 22 11 0 0 4 4 13 5 0 5 5 12 6 34 0 7 0 13 1 7 2 1 0 5 4 13 19 0 3 18 12 6 5 2 5 11 0 6 8 1 1 11 2 3 10 18 18 5 0 6 14 7 7 33 28 8 11 3 1 6 1 1
2 6 1 3 4 0 1 5 4 1 1 0 7 6 13 2 0 0 0 1 5 1 17 0 0 0 5 0 3 4 6 9 8 9 5 0 0 9 2 22 1 2 0 2 4 1 0 9 9 9 5 2 0 0 1 1 0 14 1 4 4 3 3 8 1 0 0 2 3 3 3 1 0 4 1 0 2 9 0 14 4 4 0 4 3 3 4 9 3 3 13 0 0 3 0 13 3 11 5 0
0 0 0 1 0 0 3 0 1 1 0 1 0 0 1 0 0 0 0 0 2 0 0 2 0 0 0 0 0 0 0 0 1 0 0 0 1 0 0 2 0 0 1 1 0 0 0 0 1 1 0 0 2 0 0 0 0 0 0 0 1 0 0 0 0 0 1 2 4 0 0 0 0 0 0 1 2 0 0 0 0 1 0 0 1 1 0 0 0 0 0 1 0 0 0 2 0 0 0 0
0 17 1 9 0 11 0 5 0 0 1 4 0 1 2 2 2 2 2 0 0 0 5 4 8 3 5 2 17 2 1 5 4 10 1 3 7 13 8 0 13 2 5 5 0 4 4 21 5 1 6 7 1 8 12 0 3 1 6 12 0 4 0 8 3 10 13 2 10 8 4 0 3 3 3 11 3 0 2 0 1 0 7 0 2 10 1 20 4 4 1 3 7 9 6 4 2 3 4 1
3 1 7 3 2 1 1 17 9 0 5 2 14 3 2 2 20 4 2 5 1 1 0 0 2 12 2 2 16 7 35 0 2 0 0 5 2 5 2 1 1 7 6 18 9 10 1 9 0 3 0 12 2 2 2 2 9 6 1 0 6 3 13 2 10 3 3 6 1 0 4 0 1 14 1 9 13 2 9 1 7 9 7 0 4 0 6 1 3 6 4 7 8 2 1 15 5 2 8 1
29 4 2 4 27 7 3 9 2 0 3 0 2 8 2 6 2 22 8 2 12 1 1 0 2 3 2 1 7 3 0 13 1 7 3 0 3 0 13 2 7 5 3 1 7 12 19 2 6 1 4 11 12 28 1 10 10 0 4 2 6 27 7 7 0 6 0 1 18 4 3 35 9 8 0 4 16 5 0 6 2 15 2 2 4 0 12 0 25 1 10 8 19 1 12 0 1 26 4 12
4 6 21 1 8 21 16 2 39 1 6 7 2 32 5 8 0 2 2 4 1 7 0 0 15 3 6 3 1 4 4 15 8 19 3 7 2 12 4 1 0 7 30 1 0 4 17 0 27 0 21 26 0 10 12 13 13 2 19 8 1 2 17 0 2 10 16 7 10 5 19 12 10 30 19 4 22 0 5 11 1 19 13 0 4 7 4 4 7 0 2 8 45 4 25 12 4 8 17 1
0 2 0 0 1 1 1 2 0 1 0 0 0 0 1 0 0 1 1 0 2 0 2 1 0 1 2 0 1 0 0 0 0 0 0 1 0 0 0 0 1 1 0 1 0 0 0 0 0 0 0 0 1 1 1 0 0 0 0 0 0 1 0 2 0 0 1 0 1 0 0 1 0 0 1 0 0 0 1 2 0 0 1 2 0 1 0 0 0 0 0 0 0 0 0 0 0 0 0 0
1 4 0 0 0 0 1 0 0 0 0 0 1 0 1 0 0 0 0 0 2 0 0 0 0 2 0 4 0 1 2 2 0 0 2 0 3 0 0 0 0 0 2 2 1 0 0 0 1 0 0 1 1 0 0 1 1 0 0 2 0 1 2 0 0 1 1 0 0 1 0 0 0 0 0 0 1 1 0 0 0 0 0 1 0 1 0 1 1 0 1 0 0 1 0 0 0 2 0 0
1 3 33 12 7 3 4 32 16 0 7 6 2 17 2 17 22 7 0 0 1 1 0 16 0 8 1 5 2 17 1 1 13 0 2 6 5 21 5 17 13 10 8 0 6 3 0 2 27 15 24 18 1 0 1 12 20 3 10 0 0 1 1 6 3 6 2 4 22 1 6 15 27 0 1 3 0 0 3 5 15 14 12 1 11 6 2 6 1 7 6 0 0 1 17 6 4 0 4 7
2 1 0 0 4 0 0 2 0 1 0 0 0 0 1 0 0 1 1 3 0 0 0 0 0 1 0 0 0 2 1 0 1 0 0 0 0 0 3 3 0 0 0 1 0 1 2 4 0 0 1 2 1 7 0 0 0 0 0 1 0 0 0 0 0 2 0 0 0 0 2 0 0 1 0 1 0 0 0 0 0 0 1 0 0 0 0 2 0 0 1 1 0 0 0 1 0 0 1 1
2 0 2 0 0 1 0 0 0 1 0 0 0 2 1 4 0 0 0 0 0 1 0 1 1 0 1 0 0 2 1 1 1 0 0 0 3 1 0 0 3 0 0 0 0 0 0 3 0 0 2 0 1 0 3 0 0 1 0 0 1 0 1 0 0 1 0 0 1 1 2 0 0 1 0 0 0 1 1 0 0 0 0 0 0 1 2 0 0 0 0 0 0 0 2 1 1 0 0 0
1 1 0 0 0 0 0 0 0 2 0 0 0 0 0 2 5 0 1 0 0 0 1 0 0 0 0 0 0 0 1 1 1 2 0 0 0 1 0 2 1 0 0 2 0 0 1 0 0 0 1 0 0 0 0 0 0 0 0 0 1 0 0 0 1 0 0 0 0 0 0 0 1 2 1 0 2 0 0 0 1 0 0 0 0 1 3 0 0 2 0 1 0 0 0 0 0 5 0 0
6 8 19 22 0 0 6 4 2 5 0 5 0 12 2 6 2 21 2 0 1 0 1 10 9 2 8 1 4 5 2 3 3 14 15 11 11 5 0 18 31 3 0 0 2 1 0 4 4 1 1 10 10 0 9 15 0 11 3 1 16 1 14 16 19 3 10 4 14 1 1 9 8 8 2 1 3 2 12 25 3 0 4 4 6 3 0 2 7 0 1 4 0 2 12 1 3 18 4 4
0 0 0 0 0 0 0 0 0 0 1 0 0 0 0 0 1 0 0 1 0 0 0 1 0 0 0 1 1 0 0 0 1 1 0 0 0 1 1 0 0 0 0 0 0 1 0 0 0 0 0 0 0 0 1 0 0 1 0 0 0 0 2 1 0 0 1 0 0 0 0 0 0 0 0 0 0 1 0 0 0 0 0 0 0 0 0 2 0 0 0 0 1 0 0 0 0 2 0 3
