13 7 8 11 1 0 14 7 7 15 0 3 7 2 1 0 0 0 4 3 2 3 2 2 7 3 4 20 1 3 0 2 4 8 6 2 13 0 6 9 8 6 4 2 14 6 13 6 8 5 1 0 2 3 4 5 3 9 2 7 1 12 3 0 0 0 7 4 5 3 11 8 1 3 0 2 0 0 3 9 0 1 22 6 0 0 0 0 1 0 10 3 5 3 2 0 4 7 4 1
0 2 0 0 3 0 0 0 3 0 1 0 1 1 1 0 0 0 0 0 0 0 1 0 0 0 0 1 0 0 2 0 0 3 1 0 1 3 0 2 0 0 0 0 0 0 0 0 0 1 2 2 10 0 0 0 0 0 0 1 0 0 0 1 0 0 1 0 0 0 0 0 2 1 0 0 2 0 0 1 0 1 1 0 0 0 0 0 0 1 0 0 0 0 0 0 0 0 0 4
17 15 1 7 0 12 0 2 3 2 5 1 1 10 10 7 2 0 1 1 3 12 1 3 11 1 4 5 6 5 13 1 11 8 0 15 0 1 1 0 0 5 1 3 7 2 3 3 17 1 2 6 4 4 5 6 18 7 13 7 0 0 0 9 2 1 4 5 4 0 1 1 1 3 0 1 4 3 9 8 6 1 0 1 0 0 1 2 7 3 22 1 0 16 1 8 7 4 2 2
2 0 0 1 1 0 0 0 1 0 1 0 0 0 0 0 1 0 0 1 0 0 0 0 2 0 1 0 0 1 0 0 0 0 0 0 0 0 0 1 0 0 0 0 0 0 0 1 0 0 0 0 1 0 0 0 0 2 1 0 1 0 0 0 0 0 3 0 0 0 0 0 0 1 0 0 0 0 1 0 0 3 0 0 7 2 0 1 0 0 1 0 0 0 2 2 0 0 0 0
0 0 0 1 0 0 1 0 0 0 0 0 0 15 1 2 0 0 2 0 0 2 0 1 1 0 3 0 2 8 0 1 1 4 1 3 1 1 0 1 0 0 0 0 0 1 0 1 0 0 0 0 0 1 0 0 1 0 0 0 0 0 0 1 0 0 0 0 1 0 5 3 0 1 0 0 0 2 1 1 0 0 0 0 3 0 0 1 0 0 1 0 0 2 0 0 0 0 3 0
0 22 1 1 0 4 1 3 3 5 1 4 5 15 14 8 23 4 2 1 8 0 2 4 9 16 13 15 0 5 4 1 8 0 4 37 8 6 0 3 17 0 28 17 0 17 0 3 15 12 10 13 9 13 1 10 8 9 18 6 1 3 6 10 2 33 4 4 11 10 0 2 0 1 1 4 26 9 2 4 2 1 3 1 1 2 1 28 7 0 0 11 3 4 0 0 10 10 2 21
0 0 0 0 2 0 6 1 10 0 1 0 0 1 0 0 0 0 1 0 0 2 2 0 0 11 2 0 0 1 1 0 1 1 11 1 3 0 1 0 0 7 0 0 0 0 1 0 0 1 0 1 0 13 0 3 1 0 3 0 1 3 1 0 1 0 0 4 0 0 1 1 0 1 1 1 9 0 0 0 2 0 0 0 0 7 2 0 0 1 0 0 0 0 0 0 1 0 0 2
17 6 4 1 0 3 0 3 1 0 1 18 1 0 16 5 8 0 2 2 1 2 0 12 1 5 3 0 0 1 2 0 5 22 0 17 3 1 21 0 2 1 4 6 0 1 7 2 13 2 7 1 3 0 4 3 3 2 3 12 0 3 0 11 0 0 3 3 2 0 2 1 4 0 2 1 10 10 4 1 10 4 2 0 6 4 3 0 0 7 13 4 18 0 0 7 1 2 2 3
0 13 9 0 1 3 8 0 2 9 20 2 3 1 9 7 9 1 4 0 9 5 8 11 10 2 2 3 4 6 9 15 12 1 0 20 2 13 11 10 19 1 2 18 0 0 7 8 7 18 6 6 0 11 8 5 10 2 7 0 2 2 10 8 1 1 0 3 0 0 10 10 1 5 8 1 8 4 5 6 1 20 18 1 3 17 6 5 1 22 7 1 13 0 22 2 5 19 16 4
0 8 1 0 0 7 2 4 1 0 4 0 3 1 3 0 2 0 2 14 5 1 2 0 2 21 0 0 7 7 6 1 20 0 0 5 12 0 1 0 0 4 6 6 0 2 0 5 5 0 8 3 26 7 8 7 3 5 0 0 5 1 0 11 2 0 3 18 5 2 3 1 5 6 3 9 8 0 2 0 1 16 0 3 2 9 7 1 16 2 0 13 0 0 2 2 0 12 0 0
3 5 0 1 3 10 2 5 1 1 0 1 1 0 15 2 1 0 2 2 8 1 0 1 5 0 4 1 2 0 6 2 4 2 14 4 2 0 1 3 10 19 3 20 13 1 0 2 15 3 9 2 4 0 1 13 1 3 0 0 1 2 5 0 3 5 4 11 2 0 6 11 3 4 4 1 15 2 3 1 4 1 9 1 6 9 0 10 5 5 2 0 17 5 11 1 4 1 3 5
0 7 6 11 17 7 2 16 0 0 6 2 1 12 3 0 1 0 30 0 19 1 15 9 2 19 1 3 14 1 10 37 0 4 5 12 7 1 14 20 0 3 2 29 5 10 11 21 1 2 0 21 10 6 0 13 25 20 9 2 2 13 14 7 15 10 9 13 14 3 1 6 12 13 2 6 6 1 6 8 2 2 11 18 3 5 4 6 1 2 21 23 5 0 1 18 2 18 2 1
6 4 10 16 3 0 10 19 0 2 1 0 5 8 1 2 1 8 2 6 1 2 0 0 2 8 0 1 3 6 0 3 0 1 2 0 4 2 1 3 5 0 0 6 3 8 3 3 4 9 1 4 1 1 10 5 1 0 14 0 28 3 6 2 3 2 3 9 4 2 3 3 2 5 2 0 1 13 6 1 0 2 0 1 1 5 1 2 2 0 5 0 0 1 2 6 1 9 6 0
0 0 0 0 0 0 1 0 0 0 0 0 0 11 2 0 1 0 0 1 1 2 1 0 0 1 7 1 0 1 0 1 2 0 0 1 5 0 0 0 2 0 0 0 0 0 0 1 0 2 1 1 2 0 2 0 0 0 0 4 0 2 0 3 1 0 0 0 0 0 12 1 0 0 0 2 1 1 1 1 0 2 2 0 0 1 0 0 5 0 0 1 1 1 0 0 0 1 1 1
0 0 2 0 0 1 7 1 1 0 0 2 0 0 6 0 0 0 0 0 1 0 1 0 2 1 0 0 0 0 3 0 1 2 1 0 0 3 0 0 0 0 0 0 1 0 0 1 1 2 3 1 0 0 0 0 0 1 1 0 0 0 0 0 0 0 1 0 0 0 0 0 1 1 1 0 0 0 0 2 0 0 0 2 0 0 0 0 0 4 0 0 0 0 2 0 0 0 2 0
2 0 5 3 3 9 10 2 1 16 0 0 0 4 21 7 13 8 7 2 10 5 4 14 0 11 6 13 35 3 8 12 3 21 3 4 1 2 2 2 10 4 2 11 1 1 3 11 1 2 5 3 0 17 4 1 9 25 9 2 5 14 12 4 0 9 6 3 4 9 4 15 4 0 7 15 4 3 12 9 16 21 9 21 1 4 1 15 14 17 15 2 17 9 0 3 10 7 30 0
0 0 0 0 0 2 0 0 0 0 2 1 1 1 0 0 0 0 0 0 0 0 0 0 0 1 0 0 0 0 0 0 5 0 0 0 2 0 0 0 0 0 0 0 2 0 0 0 0 0 0 0 3 1 2 1 3 0 2 0 0 2 0 2 0 0 0 0 0 0 1 1 1 0 0 0 0 0 2 0 0 0 1 1 0 1 0 0 0 2 1 1 2 0 0 0 0 0 1 7
4 11 4 8 6 7 8 10 7 0 4 4 1 24 1 1 1 8 2 19 51 6 5 9 6 4 16 3 5 0 0 16 3 1 2 3 7 14 21 2 1 7 3 1 11 0 3 24 26 1 1 5 4 0 14 15 1 3 10 2 0 1 0 13 2 14 3 4 16 1 0 35 17 5 1 7 7 2 0 0 5 3 2 5 5 11 1 2 5 3 1 0 1 6 3 3 9 1 5 3
10 1 0 0 1 1 0 0 0 1 2 0 0 3 3 1 0 0 0 1 0 0 1 0 1 1 0 0 0 2 2 0 0 0 0 0 0 0 0 2 0 0 1 0 0 0 3 2 0 0 0 0 0 0 1 0 2 0 1 0 0 0 0 1 0 0 3 0 0 0 1 0 0 2 0 0 2 0 1 0 0 0 0 0 0 0 0 2 0 0 1 1 1 0 0 0 1 0 0 0
11 0 0 5 3 0 4 15 0 3 10 9 27 7 0 12 18 1 7 20 3 0 8 0 16 14 15 13 0 8 0 4 0 7 2 1 4 7 3 1 3 11 3 6 3 0 29 10 1 23 2 1 6 28 1 14 9 5 17 11 8 3 7 3 0 8 5 2 8 0 21 24 7 15 2 1 4 2 5 22 5 1 0 1 1 1 7 1 3 11 0 0 14 2 15 2 2 11 4 6
1 0 0 0 1 0 2 1 0 0 0 1 0 2 0 0 1 1 0 1 0 0 0 0 0 5 0 3 0 3 0 0 0 0 0 0 0 0 0 0 0 2 0 1 0 0 2 1 0 0 0 0 0 1 0 1 0 0 0 0 1 1 0 0 0 0 1 0 0 0 0 3 0 1 0 5 1 0 0 0 0 0 0 0 0 0 0 0 0 0 0 1 0 0 10 0 0 0 0 0
5 0 8 24 1 2 5 10 1 15 5 9 14 21 11 1 19 9 1 5 46 6 14 10 14 0 5 1 1 1 4 5 5 13 1 8 0 0 14 3 6 16 9 0 7 1 1 4 3 7 3 1 2 0 1 15 2 2 0 1 1 6 1 7 10 3 5 4 5 1 21 7 9 1 7 5 6 1 13 1 1 30 1 17 1 2 6 0 14 24 0 6 2 3 11 2 1 0 7 0
0 3 0 1 1 0 0 2 0 0 0 0 0 0 0 1 0 0 0 1 0 0 0 0 1 0 0 0 1 0 0 0 0 0 0 2 1 1 0 0 1 0 0 0 0 0 2 0 1 0 1 0 0 0 1 0 0 0 0 2 0 1 1 2 0 0 0 1 1 5 2 0 0 0 0 0 0 0 0 0 0 0 0 0 0 2 0 1 0 0 1 10 3 0 0 0 0 0 0 0
0 0 19 2 0 0 1 0 0 0 0 0 0 0 0 0 1 0 0 0 0 0 0 0 0 0 0 0 0 0 1 0 0 0 0 0 1 0 1 0 0 0 0 1 1 0 0 0 0 0 0 0 0 1 1 0 0 2 0 2 0 0 0 0 0 0 2 0 0 0 0 0 0 0 0 0 1 0 0 0 1 6 0 3 0 32 0 0 0 0 0 2 0 0 0 0 0 0 1 1
0 0 0 8 1 1 0 0 0 0 0 0 0 0 0 0 0 0 0 0 0 0 1 0 13 0 2 0 2 0 2 0 0 1 0 0 0 0 0 0 0 0 3 1 0 0 2 1 0 0 0 1 0 0 1 0 0 0 1 0 0 1 0 2 0 0 0 0 0 1 0 0 1 0 5 1 0 0 0 0 1 0 3 0 10 0 1 1 0 0 0 0 0 0 3 1 1 0 0 0
8 0 2 0 0 0 0 0 0 0 1 0 0 1 1 2 2 1 0 1 6 0 0 1 0 0 0 0 0 3 0 1 0 1 1 0 0 0 0 2 0 1 0 0 0 1 1 0 1 0 0 0 0 0 0 0 0 0 1 0 0 0 0 0 0 0 0 0 1 0 2 2 0 1 2 0 0 1 0 0 0 0 2 0 0 0 0 0 2 1 0 0 1 0 0 0 1 0 0 0
8 0 1 4 1 0 3 14 6 3 1 18 0 1 0 1 0 1 0 3 1 2 1 3 3 1 0 0 8 2 1 0 3 6 4 0 2 0 11 1 0 5 0 8 7 4 5 5 1 0 0 1 1 3 2 1 4 5 0 0 3 10 1 4 0 8 1 1 2 6 2 0 2 1 0 0 2 5 1 5 13 0 0 0 34 3 1 0 1 2 0 7 4 1 2 23 3 0 6 0
8 4 2 4 8 2 14 4 11 0 9 11 13 7 1 7 2 11 18 9 11 5 4 7 2 7 2 4 14 9 3 15 2 4 5 28 4 1 24 1 13 2 4 2 16 3 7 8 2 2 5 5 8 4 11 10 10 17 4 17 11 0 0 1 5 3 0 7 12 8 4 7 0 34 2 14 25 1 13 8 16 5 1 2 7 8 11 2 1 3 3 32 1 1 20 17 1 0 30 1
10 0 20 26 0 0 6 0 12 9 3 0 1 8 0 0 5 1 3 2 4 1 6 1 2 3 1 0 0 11 0 0 7 1 35 1 2 0 2 2 7 4 1 10 0 12 11 9 5 0 9 0 2 10 2 5 5 2 0 3 1 6 5 10 0 0 1 2 0 11 2 6 1 10 2 1 2 0 0 2 0 3 2 7 2 3 3 0 2 1 4 1 1 1 1 7 1 5 2 3
2 4 7 21 2 2 4 0 2 17 4 20 0 10 5 2 36 5 0 1 16 3 7 3 9 23 1 0 0 1 4 6 7 2 4 8 28 8 3 9 10 4 0 1 20 7 0 2 3 1 5 1 9 5 7 30 18 10 15 17 6 7 17 0 11 14 2 12 1 5 11 0 16 1 0 10 11 8 16 2 4 3 6 6 11 1 5 8 6 0 7 5 2 0 4 2 3 6 40 2
0 1 0 0 0 0 0 0 0 1 1 0 0 0 0 0 0 1 1 0 1 0 0 1 0 0 0 0 0 0 3 0 0 0 1 5 0 0 0 0 0 0 2 0 1 1 0 11 1 0 0 0 7 2 0 0 0 1 0 0 0 0 0 1 0 0 0 0 0 0 0 0 0 1 0 0 0 1 0 0 0 3 0 0 0 0 0 0 1 1 1 0 0 0 0 0 9 0 1 0
11 3 1 4 2 1 2 2 25 3 0 7 2 1 3 10 13 17 0 0 3 1 7 0 1 0 2 1 2 0 1 5 1 0 1 0 2 1 1 8 0 0 2 7 0 0 0 1 0 0 1 4 2 3 1 3 1 0 0 5 0 6 7 3 0 1 0 5 3 9 0 11 3 11 0 4 3 1 9 9 0 0 4 1 4 2 8 10 0 0 5 0 6 10 1 3 2 1 22 4
1 2 0 5 11 4 1 14 0 0 2 2 2 2 7 2 6 16 3 1 2 0 0 2 7 5 15 1 8 18 1 24 3 0 3 12 0 2 7 3 2 5 6 0 6 0 3 0 7 1 10 2 6 2 8 7 5 1 1 1 4 16 2 9 3 1 2 2 0 10 2 0 10 5 4 1 14 3 1 4 10 16 2 3 2 4 8 2 1 4 0 6 1 4 3 0 5 3 2 1
0 1 1 0 0 0 0 0 0 0 1 0 0 0 1 0 0 0 1 0 0 0 2 0 2 2 1 0 0 0 0 0 0 0 3 0 0 0 0 0 1 0 0 2 2 0 0 1 0 1 0 1 0 5 1 2 1 0 2 0 0 0 0 0 0 0 0 0 0 2 0 0 0 1 0 3 0 0 0 0 0 1 0 0 0 9 0 1 0 0 0 0 0 0 0 0 0 0 0 0
17 1 5 16 6 2 9 5 3 1 1 2 9 5 3 4 5 2 0 7 3 24 2 5 5 1 1 1 2 6 3 2 5 8 1 7 9 2 5 13 14 1 4 13 3 1 10 0 8 1 7 1 2 4 9 1 4 0 14 5 21 4 8 1 5 6 6 0 0 5 0 0 1 0 5 3 5 2 7 11 8 0 3 0 1 6 1 4 2 4 0 5 5 10 0 1 3 2 7 1
3 0 0 0 1 0 7 0 1 1 0 0 0 0 0 1 2 1 0 0 0 0 0 0 0 0 0 0 0 2 0 0 0 2 0 0 1 0 0 2 0 1 1 0 0 0 0 0 0 0 0 0 0 0 0 0 1 2 0 0 0 0 0 0 0 0 1 0 0 0 0 0 0 1 0 18 0 2 1 1 0 0 0 0 0 0 0 0 0 2 0 1 1 1 0 0 0 2 0 0
7 4 0 12 5 1 0 3 6 5 23 0 6 12 1 3 17 4 5 1 20 0 24 11 8 4 18 14 8 9 31 4 5 7 0 29 5 6 19 4 0 7 5 8 15 5 10 2 6 8 9 6 3 1 1 6 9 18 17 16 1 14 9 11 1 1 6 4 24 4 7 1 22 1 0 0 1 5 0 3 6 1 2 5 11 12 15 6 13 4 30 4 4 6 4 0 0 3 10 5
0 12 3 0 1 0 0 0 0 1 0 0 7 0 0 1 0 0 1 0 0 1 0 0 1 0 0 13 1 1 0 8 2 2 0 11 0 1 0 0 1 0 2 2 2 1 0 0 0 0 0 5 2 0 0 0 0 0 0 1 0 0 3 0 0 0 1 0 3 0 0 1 1 0 0 0 1 0 1 1 0 0 0 1 0 1 1 0 0 1 1 0 0 0 0 1 1 0 0 1
5 0 5 4 1 6 5 10 7 1 2 5 1 1 0 1 1 0 4 5 1 4 7 0 2 13 1 8 0 1 1 0 10 3 2 2 1 26 0 0 0 1 0 1 3 0 2 9 5 10 9 3 1 10 0 0 7 7 1 2 5 11 12 2 9 6 6 4 0 0 1 0 2 2 2 0 2 5 3 0 13 0 8 2 3 13 0 1 4 9 9 6 2 0 5 0 15 3 0 2
0 2 1 0 0 13 1 2 0 0 0 0 0 0 2 0 6 1 1 0 0 0 1 0 0 1 0 0 15 0 2 0 1 0 0 0 0 1 0 0 1 1 0 4 0 1 0 0 0 0 0 0 1 0 0 0 1 2 2 0 0 0 0 0 0 0 1 6 0 1 2 0 0 0 0 1 4 0 0 0 0 1 3 0 0 0 0 0 0 1 0 0 1 2 0 1 0 3 3 0
0 0 0 0 0 0 3 0 0 0 0 1 0 1 0 1 1 0 0 1 0 0 0 1 0 0 0 0 1 2 1 0 0 0 0 0 0 0 0 1 2 0 0 1 0 0 2 0 0 0 0 4 0 0 2 0 0 0 0 2 0 0 0 0 0 0 0 1 1 1 1 2 0 0 0 1 1 0 0 0 0 0 0 1 0 1 0 0 0 0 0 0 2 1 3 0 1 3 1 0
6 1 0 1 10 10 0 4 12 7 13 3 11 2 1 0 1 0 6 10 0 4 5 8 3 4 6 2 1 6 0 3 3 3 1 3 0 2 2 1 11 3 1 4 0 6 4 2 17 2 0 1 4 7 9 5 0 5 0 3 0 2 0 3 11 11 0 1 0 3 1 0 8 1 6 6 1 8 1 9 2 23 6 1 0 1 1 3 1 11 0 1 2 3 6 0 0 6 5 3
1 4 2 2 12 11 8 1 2 3 4 2 1 5 13 0 1 23 10 41 3 0 16 19 1 23 2 2 1 5 15 1 7 0 5 0 1 1 18 7 10 29 2 3 4 2 2 15 1 22 16 7 10 7 1 1 13 12 1 7 1 0 0 6 0 1 4 1 2 1 3 14 8 0 4 4 1 7 1 9 18 1 2 2 14 3 14 0 7 5 6 9 22 4 9 2 6 7 1 5
4 21 0 1 2 4 1 21 1 12 2 4 15 3 6 0 10 4 22 5 4 0 12 3 3 15 1 4 9 2 4 1 6 9 9 16 16 0 23 11 5 4 4 4 12 14 1 5 5 6 19 8 8 2 4 7 5 38 9 26 7 1 10 2 2 2 13 4 7 10 11 10 2 3 18 1 7 47 6 1 11 5 1 4 4 2 5 13 9 0 6 1 0 2 3 3 17 16 0 1
1 2 6 1 1 12 1 1 6 0 1 4 1 0 0 2 0 3 0 1 2 0 0 2 0 3 5 1 0 8 12 0 0 9 2 0 7 2 4 0 0 1 6 2 24 3 6 1 2 2 0 8 0 0 5 1 1 7 2 1 2 9 6 0 1 0 7 0 4 6 0 6 5 7 2 5 2 2 1 3 3 8 4 1 0 9 4 0 3 1 9 0 17 1 3 9 7 1 2 7
0 0 0 0 0 0 0 0 1 0 0 2 0 0 0 0 0 0 0 0 1 0 4 2 0 0 0 0 1 1 1 0 0 0 0 1 0 1 0 1 0 0 0 0 0 0 0 0 0 0 1 0 0 0 0 0 0 0 0 1 0 0 3 0 2 0 1 2 1 0 1 0 0 0 2 0 0 3 0 0 0 0 0 0 2 0 0 0 0 0 0 0 1 0 0 0 0 0 0 0
0 0 22 0 0 0 0 0 0 0 1 1 0 0 2 1 1 1 0 1 0 0 1 0 0 0 0 0 0 0 2 0 0 1 0 0 0 0 0 0 0 0 0 0 1 1 3 0 0 0 0 0 1 0 0 0 1 0 0 1 0 1 0 0 0 0 0 4 1 2 0 0 0 0 0 0 0 1 0 0 0 0 0 1 0 0 0 1 2 2 0 0 2 0 0 1 0 0 0 2
0 0 0 0 3 0 2 1 0 0 2 1 1 0 0 0 0 0 0 0 0 0 0 0 1 0 0 0 0 0 0 0 0 0 0 1 0 1 0 0 0 0 0 0 0 0 1 1 1 1 0 1 1 0 0 0 0 1 2 0 1 0 0 0 1 0 0 0 0 0 0 0 0 0 1 0 0 1 0 2 0 0 2 0 1 0 2 0 1 1 0 0 1 1 0 0 0 1 1 0
0 1 0 0 1 0 3 0 0 1 0 0 0 0 0 1 4 0 0 0 0 0 0 2 1 5 0 1 1 0 0 0 0 1 0 1 0 0 2 0 1 0 2 0 0 0 0 1 0 0 0 0 0 0 1 0 1 1 2 0 1 0 0 0 1 0 0 4 0 0 0 0 0 0 0 0 0 0 0 0 0 0 0 0 0 0 0 3 1 0 0 1 1 3 11 0 0 0 1 1
0 0 0 5 0 0 1 1 3 0 1 1 0 1 2 0 0 0 0 0 0 0 1 0 5 0 0 0 2 0 0 0 0 0 0 0 0 0 0 0 0 1 1 0 0 1 0 0 0 4 2 0 0 1 0 1 0 0 0 4 0 0 0 0 1 3 0 1 1 0 1 0 2 1 0 0 0 0 0 0 2 0 1 0 3 1 0 2 0 0 0 0 1 0 1 12 0 3 0 0
