0 0 0 0 0 0 0 2 0 1 3 0 0 0 0 0 0 4 0 0 2 0 0 0 0 0 0 0 1 0 0 1 0 7 1 1 0 0 0 1 0 2 0 0 0 5 1 0 0 1 2 0 0 0 1 1 4 0 1 0 0 1 1 0 0 3 0 0 0 1 1 1 0 0 0 0 0 1 0 0 0 6 0 0 1 4 1 0 0 1 0 0 0 0 0 0 0 0 0 0
1 10 0 0 5 2 6 0 6 5 10 7 4 7 4 0 2 4 0 6 2 0 1 7 0 7 3 3 0 4 2 1 9 0 3 5 3 3 3 1 0 0 3 2 9 0 18 1 10 3 10 5 8 3 0 2 2 0 1 11 7 1 2 4 4 3 5 6 0 3 0 2 2 6 4 3 5 3 0 2 9 3 29 7 0 3 0 2 1 2 2 1 0 0 6 5 0 9 2 1
0 0 7 0 2 0 4 0 0 0 0 0 1 0 0 0 1 0 0 3 1 0 0 0 1 0 1 0 0 1 7 0 0 0 0 1 0 0 1 2 0 0 2 0 0 1 0 1 1 0 0 1 0 0 0 0 0 2 0 0 8 0 0 0 0 0 0 2 0 1 0 1 0 0 0 0 0 1 0 0 0 0 0 9 2 3 0 0 0 0 1 0 0 1 2 0 0 0 0 0
1 0 0 3 1 0 1 11 0 0 9 4 6 14 1 1 2 1 5 1 0 20 0 1 1 13 0 0 3 0 6 3 4 0 2 12 1 3 6 1 0 5 0 1 2 2 0 2 2 1 2 1 0 2 0 1 6 3 1 5 1 1 4 0 10 0 3 5 2 0 4 7 10 6 3 2 2 6 16 12 1 0 12 1 11 0 1 1 3 24 2 1 2 3 3 4 7 1 0 7
5 5 21 7 22 10 8 18 1 0 1 1 1 8 3 11 7 1 0 1 1 23 4 12 10 19 3 3 0 3 9 1 0 15 6 10 17 2 4 18 18 3 0 10 1 17 5 44 5 22 1 4 20 1 0 3 1 0 5 9 45 2 1 25 20 0 17 0 6 32 19 4 8 0 7 11 2 32 7 1 9 0 9 1 3 1 2 15 2 0 5 1 2 0 4 5 7 4 12 2
22 10 7 0 7 0 4 2 10 2 1 4 11 4 4 4 2 3 7 17 40 2 1 8 11 6 18 0 5 1 6 2 0 2 9 4 4 5 9 4 2 9 1 6 3 18 0 15 1 0 8 2 16 7 4 2 3 0 2 8 34 9 1 23 4 0 11 0 2 8 1 1 3 7 3 3 1 4 18 3 4 1 11 15 26 8 17 11 4 13 3 1 15 5 1 15 2 4 9 2
4 2 1 14 16 2 3 14 0 0 12 2 6 2 12 4 4 2 2 0 7 3 4 6 2 0 2 1 0 1 1 2 2 12 1 0 1 7 0 0 2 8 6 12 2 12 13 1 25 2 4 3 17 10 4 5 3 2 2 0 1 2 2 1 1 6 7 7 0 25 12 3 37 10 6 13 1 1 0 4 3 2 3 2 3 1 7 3 9 1 3 9 7 8 2 0 2 5 0 1
2 0 0 2 0 0 0 1 0 0 0 4 0 1 0 0 0 1 0 0 0 1 1 3 0 1 0 0 0 0 0 0 0 4 0 0 0 0 0 0 0 1 0 16 0 0 0 0 10 0 0 0 13 0 8 0 0 0 2 0 5 0 0 0 0 0 0 0 0 2 1 3 3 2 0 1 0 1 2 0 1 3 2 0 9 0 0 0 0 0 1 3 0 0 7 0 1 0 0 0
1 1 4 8 0 5 2 5 0 13 0 3 0 0 0 1 0 2 24 2 3 3 9 2 0 0 4 2 9 1 4 3 4 3 1 0 1 2 2 1 2 6 5 1 0 4 1 11 6 17 13 6 0 3 0 1 13 5 5 1 3 0 3 2 15 2 0 5 4 4 2 7 5 12 2 3 0 10 0 8 0 7 6 0 8 4 1 4 0 22 9 1 0 6 8 14 3 2 5 8
4 1 2 10 7 11 22 11 9 27 7 3 16 1 36 1 3 4 2 10 5 3 1 4 2 15 15 5 11 2 13 1 3 2 13 6 4 12 18 50 6 10 6 1 4 12 3 41 14 7 15 16 4 0 0 8 2 2 15 1 6 11 18 0 8 30 1 7 4 0 4 9 6 11 9 7 3 1 9 2 4 10 9 19 3 10 8 4 5 5 36 3 2 3 6 1 6 3 4 9
0 0 0 0 0 1 0 0 2 1 1 0 1 0 0 0 1 0 0 0 1 0 0 0 0 0 0 0 0 2 0 0 2 1 1 0 0 1 0 0 0 0 2 1 0 0 0 0 1 0 1 0 0 0 0 0 0 0 0 0 0 0 0 1 1 1 1 0 0 1 0 0 2 0 0 3 0 0 0 0 0 0 0 0 0 0 0 0 0 0 0 0 1 0 2 0 0 0 1 0
0 0 0 1 0 0 0 0 3 0 0 0 0 0 0 1 6 0 0 0 1 0 3 0 0 0 0 0 1 0 0 0 0 0 1 3 2 0 1 8 0 1 1 1 0 1 1 0 0 0 0 0 0 0 0 0 1 0 0 0 0 1 2 2 0 0 0 1 0 0 0 0 3 0 0 1 1 0 0 0 0 0 3 1 2 1 0 0 0 0 0 0 0 0 0 0 1 0 0 0
0 0 9 0 0 0 2 2 0 1 0 0 0 0 2 1 0 0 0 0 0 0 3 0 0 0 0 1 8 0 3 0 0 0 0 0 0 0 0 0 1 2 0 2 1 0 0 0 0 2 0 0 0 0 0 0 0 2 0 0 7 0 0 0 1 0 2 1 0 0 0 1 0 0 1 1 2 0 2 0 0 0 1 1 0 0 0 0 7 0 0 0 0 0 0 0 13 0 0 3
9 1 4 2 32 2 1 22 5 2 13 4 12 1 0 4 1 11 2 5 2 0 0 2 1 1 2 4 4 0 8 1 1 2 7 4 8 0 5 1 8 2 0 6 4 11 4 4 2 0 3 4 2 7 3 0 6 11 2 0 3 0 5 17 4 0 1 1 2 7 3 2 9 5 6 0 11 4 6 33 3 22 0 0 11 2 1 8 1 0 2 5 2 3 1 1 0 7 1 10
5 2 17 2 2 18 3 10 1 2 1 16 3 19 1 3 1 0 3 7 0 0 2 0 0 0 4 2 3 0 1 2 0 6 2 6 8 1 2 0 0 35 0 2 1 2 7 1 13 2 1 0 1 0 0 8 7 2 2 6 2 4 4 2 4 1 5 0 1 2 0 0 5 5 3 11 6 0 6 0 2 7 2 4 2 10 5 7 0 0 6 0 0 5 2 15 21 5 4 5
0 2 0 0 0 0 0 0 0 3 0 0 0 0 0 1 0 10 0 3 0 0 0 3 8 0 0 5 0 9 0 1 4 0 2 0 0 0 10 0 1 0 0 0 4 0 6 0 1 0 3 1 0 1 1 0 6 6 0 10 0 0 0 1 0 5 0 0 0 0 0 0 0 0 0 0 0 1 0 4 0 4 0 3 0 11 1 0 0 1 0 0 0 1 0 0 3 0 0 1
2 9 6 3 4 4 2 0 3 10 2 0 0 27 0 0 0 5 8 0 2 17 0 8 1 1 11 14 2 0 0 0 11 9 5 0 0 5 7 2 13 7 1 10 7 3 3 1 5 10 1 9 7 1 8 5 2 2 0 0 0 3 0 3 1 9 7 0 4 11 5 1 2 3 1 5 2 2 4 3 4 7 1 17 4 5 3 2 9 2 0 6 4 2 11 17 1 3 2 1
5 7 6 0 0 6 4 15 0 9 2 15 6 7 15 1 1 3 0 3 10 3 1 1 3 1 17 0 24 13 3 4 4 4 0 0 4 3 5 2 0 3 1 3 0 3 2 3 3 2 1 0 0 0 0 5 0 10 14 2 12 3 1 0 0 10 0 10 4 5 0 2 3 20 2 0 23 8 0 5 4 3 1 1 8 4 1 5 1 0 3 4 0 14 6 7 1 6 4 2
0 13 3 10 0 4 0 4 2 0 0 2 1 5 15 9 4 2 6 3 0 2 1 0 0 0 0 11 11 7 8 0 6 0 0 0 2 2 1 2 0 2 4 2 4 4 0 2 0 3 5 7 1 1 8 6 6 2 16 6 1 7 2 11 0 4 0 3 3 2 3 12 4 2 0 0 2 0 1 5 1 2 10 1 0 3 0 2 1 4 3 12 6 0 8 1 14 4 12 7
17 20 17 11 2 8 13 0 7 0 7 2 1 8 9 0 20 2 0 1 0 14 7 7 2 6 2 30 10 5 29 14 8 5 4 2 1 6 2 12 4 0 5 12 3 4 24 0 6 12 21 3 9 4 10 4 11 0 13 3 18 3 5 2 15 1 2 3 7 1 19 30 1 1 10 3 5 12 3 6 0 29 0 5 21 1 1 2 1 3 23 5 1 4 8 12 10 35 2 1
20 8 10 2 0 1 5 23 3 9 1 15 27 24 0 12 21 8 17 2 3 12 6 21 1 4 15 3 16 16 1 50 2 1 11 1 0 21 3 6 2 5 20 18 2 0 9 3 15 1 3 0 4 1 9 7 6 5 2 5 12 4 4 10 0 1 6 4 3 8 14 10 14 3 7 49 0 13 4 4 37 2 7 1 10 4 2 4 9 3 6 17 0 1 1 1 0 11 0 8
1 0 1 2 0 0 0 0 0 0 0 5 2 0 0 2 3 0 1 0 0 0 6 0 0 1 0 1 0 0 0 0 0 13 0 0 3 0 0 1 0 1 1 0 1 0 0 0 6 0 0 0 1 3 4 1 2 2 9 2 0 0 0 0 0 0 0 0 0 0 0 1 4 2 0 0 0 1 0 2 0 3 0 0 1 0 6 0 1 0 0 16 0 0 0 0 4 1 0 1
8 1 0 2 0 2 0 3 1 0 0 3 1 1 14 1 2 3 1 11 0 0 2 5 3 1 5 6 0 2 0 11 11 3 0 0 3 1 11 30 0 2 5 2 6 0 9 0 1 0 0 1 0 14 4 0 1 1 2 8 0 7 0 5 6 10 0 0 6 1 0 0 4 1 6 7 1 1 0 0 0 1 0 1 12 7 12 0 0 1 7 6 2 1 1 1 0 0 2 0
0 1 0 0 0 1 0 0 0 0 0 1 0 0 0 0 0 0 0 0 0 0 0 0 0 0 0 0 0 0 1 0 0 0 0 1 0 0 1 0 0 1 0 0 2 0 1 0 0 0 0 0 0 0 0 1 0 5 2 0 20 1 0 0 0 1 0 0 1 13 0 1 0 1 0 0 0 0 0 1 0 0 0 0 0 0 0 0 2 0 0 0 0 0 0 0 3 1 0 0
0 9 10 1 3 9 0 1 2 1 2 0 9 3 9 6 0 0 0 8 6 6 0 1 4 3 0 8 16 11 0 1 1 0 14 2 0 1 1 12 0 0 5 8 0 0 3 2 3 7 15 1 3 2 4 1 0 0 7 1 0 4 3 1 1 1 6 6 10 6 7 1 7 1 1 1 2 2 8 0 1 4 5 9 10 2 29 16 3 3 7 3 5 1 3 3 8 3 1 9
3 20 3 3 0 28 7 4 0 22 7 4 5 6 0 11 2 1 5 3 13 1 25 1 2 6 4 15 4 0 2 0 15 12 8 5 17 7 8 57 6 4 17 11 0 1 3 0 2 0 14 10 6 14 4 23 3 0 10 0 4 11 4 4 12 9 20 5 15 11 1 8 14 1 5 33 3 14 1 0 1 2 5 0 12 7 2 3 5 2 8 1 0 0 3 4 5 4 3 10
0 1 3 0 4 2 0 8 0 3 24 0 30 6 7 68 4 2 9 21 23 1 0 3 11 12 30 29 3 8 20 4 0 18 17 2 25 11 7 0 33 10 3 3 2 3 15 3 3 9 5 0 31 0 1 11 2 7 0 4 1 0 9 12 38 6 6 0 3 11 5 6 2 18 4 10 7 13 0 3 2 15 17 2 8 3 38 2 3 7 5 14 15 4 2 13 0 7 3 6
19 31 8 2 4 5 13 8 5 0 5 13 8 6 1 6 2 10 4 2 14 18 1 8 12 5 4 5 0 11 19 5 7 1 22 25 1 11 2 2 5 24 0 3 1 1 3 14 7 5 8 2 1 1 17 0 2 3 6 1 8 13 3 5 7 11 3 7 7 16 10 13 0 6 1 2 1 7 6 11 13 21 6 2 18 40 2 2 0 14 5 7 18 17 5 6 3 0 20 0
0 0 3 2 4 6 7 1 2 0 0 10 1 0 5 8 5 0 0 0 1 14 2 1 0 1 1 0 2 3 1 4 0 1 0 2 6 9 0 2 0 14 2 11 4 4 0 0 3 4 1 5 3 0 1 0 0 1 2 0 9 0 0 3 9 0 0 1 0 5 2 17 0 0 1 1 1 3 2 0 7 8 0 1 0 1 3 1 1 0 1 1 9 0 5 17 1 16 2 0
0 0 0 2 0 1 0 3 0 0 0 0 0 0 0 1 1 0 0 0 1 0 3 0 0 0 0 0 0 0 1 0 0 2 0 0 0 0 0 0 0 7 0 0 0 5 0 0 0 0 0 1 0 0 0 0 0 0 0 0 0 0 0 0 1 0 0 0 0 0 0 0 0 0 0 1 1 5 0 1 2 0 0 0 12 0 1 0 0 0 2 0 1 0 0 0 2 0 0 0
3 4 1 0 0 9 0 2 0 1 0 5 1 3 2 0 3 0 13 12 3 12 15 1 6 1 10 3 0 1 0 2 2 0 3 8 1 0 1 0 0 5 5 1 1 6 2 1 2 7 12 3 5 5 0 1 1 1 0 12 0 6 11 2 6 9 5 4 0 0 7 0 11 1 2 2 1 1 0 0 0 12 2 0 2 0 5 7 3 1 6 1 2 2 0 2 0 2 0 1
1 0 0 0 1 0 0 1 0 0 0 0 1 0 0 0 0 1 1 0 0 1 0 0 0 0 0 0 0 1 0 0 0 0 1 1 0 0 0 0 1 0 1 1 0 0 1 0 0 0 0 2 3 0 1 0 0 0 0 0 0 0 0 0 0 0 0 3 0 1 0 0 0 0 0 0 0 2 2 0 0 0 0 1 0 0 0 1 4 0 0 0 0 1 0 0 1 1 0 0
0 0 0 0 14 0 0 0 0 0 8 2 0 1 0 1 0 0 1 1 0 0 0 1 0 2 0 0 0 0 2 2 0 2 0 0 0 0 0 0 0 0 0 1 0 0 0 0 0 0 0 0 0 0 0 0 2 2 1 0 0 0 1 1 1 0 0 0 2 1 0 1 0 0 8 0 0 3 0 3 2 0 0 0 1 0 1 0 3 6 1 0 0 0 0 0 0 0 0 1
12 10 2 3 3 9 13 1 1 1 8 8 9 8 1 2 12 6 1 3 1 2 0 1 6 8 1 0 0 6 1 0 9 7 1 1 1 1 0 13 14 2 10 2 5 2 17 0 0 4 2 7 0 23 2 2 22 0 0 0 1 4 25 1 1 13 2 3 8 3 3 1 0 4 0 5 1 1 2 0 1 5 1 1 0 7 4 0 13 1 0 1 3 21 0 2 4 12 7 24
4 7 10 17 2 3 4 11 18 0 9 9 9 17 13 2 16 2 5 35 5 3 19 3 18 0 28 3 5 2 0 9 9 2 1 16 1 0 4 5 1 12 0 3 4 4 14 23 0 3 5 27 2 2 0 3 18 0 2 1 8 3 11 18 1 6 16 8 1 2 5 18 1 3 14 7 3 17 8 4 0 23 2 14 13 49 8 6 4 15 5 17 4 11 6 0 1 0 1 4
28 8 3 7 2 15 1 6 10 47 1 5 4 0 12 2 3 3 22 13 8 9 5 3 19 12 1 9 0 6 2 11 13 4 6 3 3 2 0 10 0 5 15 4 0 12 7 1 4 3 13 27 2 14 0 21 6 3 1 12 3 0 10 2 11 4 21 2 2 8 5 9 5 11 3 14 7 1 5 1 0 10 12 17 31 0 0 7 2 8 21 4 2 13 5 11 26 1 2 3
14 11 0 11 8 6 9 3 7 6 2 8 15 8 9 7 6 4 5 4 4 6 11 25 24 6 22 11 1 2 2 4 5 7 2 0 1 5 1 3 5 5 3 2 11 4 3 14 9 20 19 13 8 31 3 4 15 5 5 8 12 2 16 4 22 2 14 15 2 1 6 3 1 0 39 0 8 14 6 3 12 2 5 10 0 3 3 2 1 1 14 30 6 2 6 2 12 18 0 6
0 3 5 3 2 4 25 8 1 6 5 3 5 5 8 2 3 0 0 0 7 4 0 4 2 3 1 1 6 2 3 1 30 2 0 9 0 8 4 0 0 16 1 0 15 0 2 10 0 4 14 2 8 9 1 0 7 28 1 3 5 2 8 0 2 0 1 6 3 0 0 3 6 0 7 0 0 4 4 5 2 0 0 10 0 8 3 2 0 1 0 6 4 2 1 4 6 2 9 0
1 11 1 8 9 1 6 1 7 14 27 3 10 26 16 1 10 10 6 4 9 5 0 13 11 0 2 2 2 6 0 4 6 6 14 15 3 10 3 1 0 1 17 0 0 7 9 4 1 4 15 11 14 9 1 3 10 1 6 2 23 5 2 18 0 7 12 12 4 7 2 17 1 22 4 3 39 2 5 4 7 2 2 4 12 16 7 1 5 9 8 0 1 0 0 35 11 3 21 16
0 0 0 0 1 5 0 0 0 1 0 0 1 0 0 0 0 2 5 4 0 0 0 1 1 2 0 0 0 0 0 0 0 0 0 0 0 0 0 0 0 0 0 1 1 0 1 0 0 0 0 0 0 0 0 0 1 0 2 0 0 0 0 0 0 2 1 1 0 0 0 1 1 2 0 0 0 3 0 0 0 0 0 0 0 0 3 1 2 0 1 0 9 0 1 0 0 0 2 1
3 11 6 0 7 8 2 2 8 7 0 21 60 38 14 7 0 22 3 2 6 3 1 14 12 0 0 11 11 5 14 10 7 5 1 1 8 6 3 4 3 10 4 8 12 1 0 7 4 1 7 14 6 1 12 3 20 3 3 24 8 10 3 3 3 6 4 5 26 9 3 1 1 43 0 22 2 9 13 8 7 5 1 8 2 3 13 4 2 5 4 5 9 23 0 15 2 0 4 16
4 9 12 4 3 3 1 0 0 12 0 5 3 0 3 1 5 2 13 11 1 0 1 4 23 1 0 5 13 11 3 0 0 7 3 0 9 0 0 3 1 2 1 4 7 2 0 0 0 1 14 1 1 12 6 4 1 2 1 4 23 3 6 0 1 3 2 1 8 0 4 6 9 3 0 11 8 1 2 0 8 8 4 5 2 6 4 3 5 4 21 0 1 6 1 5 14 2 4 4
0 0 0 1 0 0 1 5 0 1 1 2 0 0 2 0 1 0 0 1 0 2 1 0 3 1 0 0 0 0 3 1 0 2 0 0 0 0 0 0 1 1 0 2 1 4 0 0 2 0 0 1 0 0 0 1 0 0 7 0 0 0 0 0 1 0 0 1 0 0 0 1 6 2 0 0 1 0 0 3 0 4 1 0 6 0 3 2 0 0 0 6 0 0 1 1 0 1 2 0
1 8 24 3 11 0 15 0 7 8 2 8 1 0 7 4 2 0 0 2 7 0 11 0 3 1 2 3 6 4 12 1 6 1 3 3 2 2 3 1 1 15 10 4 1 4 3 13 3 2 22 5 1 4 1 6 1 4 2 5 2 3 2 1 0 12 11 6 0 9 4 10 2 3 2 7 8 1 3 2 1 2 2 15 11 4 1 5 3 2 1 3 3 7 1 6 24 1 5 0
2 2 1 5 1 3 1 16 1 9 5 2 2 0 3 7 19 5 0 5 3 16 4 4 1 3 5 10 0 5 7 6 0 1 5 0 3 0 0 4 5 12 6 5 4 3 6 7 4 7 2 4 0 9 7 3 6 0 0 3 1 5 4 1 0 1 6 0 1 2 3 32 3 11 0 0 4 3 0 9 3 1 3 6 8 1 7 28 9 10 2 8 0 3 0 0 4 2 2 11
2 2 3 0 0 0 0 1 0 0 1 0 0 1 0 0 0 0 0 0 1 0 0 0 0 0 0 0 1 5 0 0 0 0 0 0 0 0 0 0 5 0 0 0 1 1 0 0 0 1 0 0 0 0 0 0 0 1 1 3 1 2 4 0 4 1 0 0 3 0 0 2 0 0 0 0 0 0 1 0 0 2 0 0 0 0 0 0 0 0 0 0 0 0 1 1 0 0 0 1
5 1 3 1 9 6 1 18 1 2 0 5 3 2 9 2 0 1 1 0 3 4 0 14 4 0 21 5 0 2 31 2 2 0 3 12 1 2 4 1 2 2 9 2 7 1 9 1 3 10 0 1 6 5 1 6 0 2 0 6 2 3 2 2 18 3 2 3 1 5 0 0 3 2 3 5 12 0 1 0 0 4 5 3 0 2 1 7 5 1 7 0 9 0 2 1 11 3 0 6
0 6 3 1 1 1 1 3 3 6 7 2 7 5 2 8 3 0 7 2 5 0 0 0 1 8 8 2 1 0 3 16 0 15 1 1 11 0 6 7 9 9 0 8 5 1 5 0 0 3 4 1 2 0 3 2 0 11 6 4 2 9 8 1 1 2 3 12 1 1 6 7 1 6 12 2 11 1 0 4 4 1 2 1 1 1 6 0 1 7 2 5 4 13 6 0 3 1 1 3
0 0 2 0 1 0 0 0 0 0 1 0 2 0 0 3 0 0 0 0 0 0 0 0 0 1 0 0 0 2 0 0 0 2 0 0 0 2 0 1 0 0 0 0 0 1 0 0 2 1 0 0 0 0 2 1 1 0 0 0 0 0 1 6 1 0 1 1 1 0 0 0 1 0 0 7 0 0 0 0 0 0 8 1 1 0 0 0 4 0 0 0 0 0 11 0 0 0 2 0
1 2 17 1 2 6 0 11 6 2 0 3 4 4 9 4 27 8 2 0 3 6 7 9 13 2 2 7 1 3 0 0 0 0 2 0 1 1 10 1 7 11 16 1 0 16 7 2 1 2 0 7 0 4 0 11 3 0 0 6 5 1 6 2 2 1 0 7 13 6 5 0 3 8 0 2 1 0 2 12 7 3 0 18 1 0 6 17 4 5 22 0 0 20 2 1 0 6 3 1
