126
104
124
118
115
163
156
104
117
168
122
120
121
144
129
129
118
144
142
113
145
108
111
167
119
128
181
139
156
106
100
146
178
149
103
136
134
138
116
132
127
177
117
175
113
121
168
139
115
127
100
130
119
102
106
114
123
105
147
140
122
111
158
136
174
154
130
143
171
109
160
135
150
101
163
131
114
110
146
132
110
155
112
182
109
107
137
173
128
135
158
120
107
175
108
160
137
150
165
161
101
102
103
105
123
112
125
140
134
124
116
162
141
133
125
131
164
173
126
143
142
141
148
152
152
162
138
153
159
133
147
145
151
184
172
153
159
149
169
155
166
148
154
165
171
166
157
161
151
167
157
180
164
183
169
170
170
187
190
174
176
172
185
178
180
179
186
179
176
184
177
182
187
188
185
183
192
196
181
191
186
189
192
195
188
191
193
189
190
197
195
193
194
194
196
198
197
198
-1
