169
112
110
161
129
176
170
164
109
127
104
116
100
141
108
117
106
115
159
106
137
110
166
102
150
113
123
147
121
141
124
148
145
112
101
140
126
105
191
154
114
118
103
175
142
181
163
134
147
131
118
155
104
125
111
136
139
115
149
128
181
137
103
122
144
153
101
162
170
157
134
123
117
177
130
159
185
111
139
127
129
143
100
132
160
116
119
126
107
135
148
122
138
109
145
153
140
133
108
113
102
107
105
119
124
120
114
120
125
121
133
146
130
143
146
151
160
144
165
132
128
142
138
158
152
135
168
161
136
154
131
156
167
156
171
158
152
151
173
150
175
163
157
149
180
172
155
162
182
165
177
179
167
185
176
164
169
187
174
171
168
183
173
166
180
172
174
183
190
186
178
184
179
178
193
182
189
192
187
186
184
194
191
188
189
193
188
192
190
195
195
196
194
197
198
196
197
198
-1
