116
139
103
133
179
105
115
100
101
153
151
155
119
168
100
177
176
150
117
141
119
107
137
183
123
111
170
148
129
108
101
110
113
154
108
127
120
125
104
105
149
158
135
160
133
146
172
168
124
146
112
106
141
164
165
102
115
180
120
155
136
135
153
126
181
134
122
170
106
173
123
112
128
118
109
130
144
145
131
109
113
125
161
130
163
140
138
172
148
152
142
160
127
128
126
122
124
102
103
149
104
111
114
116
114
107
118
110
156
129
143
132
121
117
162
167
136
157
121
132
147
157
158
147
134
144
137
138
139
131
140
143
151
145
150
152
142
171
171
178
161
178
156
154
165
166
175
164
159
159
169
162
167
187
166
176
188
181
175
163
173
174
190
179
169
183
174
185
177
182
180
189
182
184
186
193
187
191
185
191
193
186
184
188
194
190
192
192
189
195
196
197
194
195
196
197
198
198
-1
