165
126
111
148
145
118
129
147
127
117
150
119
134
124
105
106
167
159
122
129
110
120
132
108
154
164
103
107
150
189
149
156
142
124
100
143
118
121
140
161
168
135
155
139
117
169
115
132
175
178
116
136
106
153
151
111
127
153
156
114
167
178
142
133
116
155
119
105
141
104
166
149
114
151
125
107
175
112
103
182
154
143
108
110
100
152
177
182
130
101
166
104
146
138
133
137
102
126
115
160
101
102
109
113
109
128
122
128
141
113
112
120
136
123
134
121
138
123
139
131
125
147
131
158
144
130
170
152
165
163
135
137
148
162
158
140
173
159
146
176
144
145
162
160
163
184
157
173
157
171
172
181
164
172
168
161
174
180
179
171
177
181
183
174
176
179
169
170
185
190
193
187
187
186
185
188
183
180
189
184
186
188
192
190
191
195
192
191
196
194
195
193
194
197
197
196
198
198
-1
