164
184
127
127
159
151
172
149
172
169
131
114
112
101
157
125
120
123
125
122
104
101
148
135
102
109
143
122
154
113
145
130
155
137
144
187
164
121
117
100
103
128
152
126
108
123
121
107
117
153
165
105
135
157
134
137
158
146
140
177
113
115
160
112
114
136
108
154
149
171
119
129
109
150
141
104
132
129
147
176
143
103
100
128
132
142
133
161
140
115
142
116
119
110
107
105
178
124
133
111
102
138
106
106
141
110
118
120
111
116
126
130
138
118
153
124
144
134
170
155
136
131
161
151
162
150
145
156
158
148
162
175
147
163
139
159
146
167
139
173
184
171
178
174
170
156
180
165
152
166
163
168
179
160
173
167
183
169
189
176
185
183
166
180
168
188
175
174
181
185
182
177
179
182
181
192
186
188
186
190
191
192
189
195
191
187
190
193
195
193
197
197
194
194
196
196
198
198
-1
