182
162
160
131
132
112
114
131
122
110
101
142
133
177
115
108
101
165
147
103
127
180
108
109
159
140
117
130
145
156
120
161
126
167
135
148
120
179
143
132
150
111
136
139
105
105
106
102
162
138
153
104
124
107
163
153
111
133
123
107
180
129
100
118
116
124
100
141
163
122
103
134
171
106
158
167
142
117
119
144
121
150
109
144
187
125
104
123
169
121
152
158
102
173
114
128
119
116
135
184
110
113
136
118
115
130
137
113
129
125
112
139
137
143
146
126
160
128
145
141
154
127
155
149
138
134
146
151
166
140
168
149
175
156
176
175
157
157
152
154
147
148
155
174
161
164
151
164
185
170
172
171
166
165
172
169
159
173
184
193
182
183
177
170
189
186
168
174
183
178
179
178
181
176
193
181
185
186
197
191
188
189
195
190
187
194
188
192
191
190
194
192
196
196
195
197
198
198
-1
