143
155
132
148
108
111
102
163
138
118
170
119
146
106
157
109
134
134
131
161
140
141
153
159
145
123
117
104
104
162
159
110
149
103
144
156
101
140
175
158
128
129
102
142
132
158
103
154
101
114
142
144
108
123
136
125
107
120
127
106
176
105
116
111
177
137
121
127
152
130
115
113
105
100
128
162
100
124
193
169
179
107
122
147
137
148
113
110
118
141
151
146
188
125
164
129
122
126
138
135
112
120
119
135
133
160
112
109
114
150
116
115
130
133
131
117
126
121
143
136
174
124
161
168
154
139
160
173
139
149
153
151
165
168
186
169
147
152
164
166
155
167
145
150
163
170
156
167
157
182
174
183
171
166
165
185
176
181
184
188
175
171
172
173
172
181
178
178
182
180
180
177
179
195
184
186
183
190
187
198
192
190
185
192
189
189
187
191
193
196
191
195
194
194
197
196
197
198
-1
