108
134
117
125
109
175
133
183
130
117
126
137
161
152
127
114
116
118
177
147
137
102
176
103
171
105
132
147
121
109
116
142
193
101
125
104
129
120
153
158
146
100
143
150
148
121
148
131
102
163
107
135
180
172
112
131
119
145
149
133
157
155
153
124
176
132
150
154
129
107
113
178
168
127
187
155
111
156
113
103
162
104
178
120
101
100
105
136
106
128
126
115
112
166
170
163
106
122
152
154
110
118
111
108
110
123
119
162
114
130
124
123
115
134
139
128
138
122
141
138
140
136
145
160
140
144
135
139
158
156
170
141
142
164
149
159
144
161
143
151
151
169
167
146
165
182
159
160
177
157
166
167
172
165
168
174
179
169
175
173
164
180
174
171
186
182
183
173
181
188
187
185
192
181
184
179
188
189
185
195
190
184
186
191
196
189
190
191
196
193
194
192
194
195
198
197
197
198
-1
