135
100
117
113
145
143
165
171
131
111
139
126
185
137
152
101
134
122
152
141
129
162
114
110
130
149
159
106
154
125
142
147
135
105
105
115
144
142
139
103
148
109
171
130
180
157
102
190
154
162
119
136
108
107
137
122
150
112
123
109
106
160
111
127
163
118
103
176
124
101
141
136
157
160
145
128
107
153
161
151
112
100
132
117
132
115
128
114
120
121
158
146
123
138
164
121
144
168
143
102
104
104
108
116
110
125
116
131
118
119
113
138
127
126
155
140
129
120
133
124
167
167
149
147
134
158
133
148
146
140
156
168
156
175
170
169
153
159
181
173
155
165
151
166
150
166
170
172
179
163
185
164
172
173
161
182
169
174
175
174
176
178
186
177
187
184
182
177
178
180
187
192
181
183
184
179
190
188
183
189
194
189
186
191
194
188
195
193
197
191
192
193
197
195
196
196
198
198
-1
