142
122
145
111
124
103
118
164
105
150
111
100
123
155
104
122
161
182
141
113
101
112
168
114
165
146
133
157
166
119
136
128
108
132
172
147
132
112
127
149
103
131
180
177
102
121
169
142
174
153
104
157
120
129
102
118
137
135
124
164
152
107
155
149
106
177
107
154
171
131
117
116
113
160
121
106
134
141
162
152
153
136
115
128
133
137
135
185
129
138
110
108
127
139
126
146
174
116
100
156
101
105
117
109
115
110
109
120
130
123
114
119
140
144
125
134
126
130
125
143
148
139
156
163
143
159
138
140
158
150
179
161
148
170
151
147
144
145
173
163
160
181
165
183
151
154
171
162
159
166
158
188
169
167
175
176
168
183
186
173
170
167
178
175
172
187
178
186
191
189
184
176
180
179
197
188
182
181
184
190
185
192
189
187
190
194
191
193
192
196
193
194
195
195
196
197
198
198
-1
