178
161
182
109
124
122
104
143
108
154
115
106
169
118
185
121
133
105
153
167
122
110
100
112
123
133
130
129
164
131
137
163
157
134
161
186
168
126
128
118
112
145
175
103
137
124
165
110
129
139
119
126
175
107
102
116
111
125
152
149
120
143
120
115
128
127
142
159
106
144
119
132
167
132
111
136
177
147
160
171
101
104
138
105
147
114
107
130
163
125
149
166
109
100
108
117
140
123
139
117
101
102
103
113
116
141
136
127
113
114
131
148
158
121
165
135
141
150
150
135
146
155
144
146
160
140
148
134
151
153
181
156
156
138
152
145
142
173
180
159
151
155
157
172
169
170
158
172
162
168
164
154
166
162
189
170
174
183
184
178
187
174
176
180
171
179
173
184
190
177
179
176
190
181
191
188
183
182
192
189
186
191
187
185
194
194
188
197
195
193
192
196
193
195
198
196
197
198
-1
