139
129
149
157
138
175
132
154
181
119
114
112
130
106
125
169
145
162
146
128
120
110
127
155
118
169
137
103
112
142
113
166
170
154
145
148
102
103
137
147
150
100
153
166
162
185
147
134
109
121
119
105
116
120
100
148
126
168
116
146
104
141
144
126
135
108
110
101
140
117
105
107
164
122
128
109
156
136
158
101
104
108
121
157
113
179
176
129
164
152
165
130
106
153
131
114
171
115
111
117
111
102
107
127
118
124
123
115
138
144
133
122
124
135
132
123
125
143
160
151
140
133
181
134
131
139
142
143
136
163
159
141
168
161
161
188
159
150
151
182
173
160
172
149
156
152
163
177
167
158
171
174
180
155
190
183
177
167
165
182
172
174
178
176
180
175
170
193
173
178
186
179
184
185
183
188
189
186
191
187
195
190
187
184
189
194
192
197
192
191
196
193
195
194
197
196
198
198
-1
