107
132
117
118
109
115
114
149
131
110
147
128
122
105
142
161
126
139
139
111
151
120
108
106
150
101
168
134
119
111
146
169
128
121
116
105
161
119
173
163
133
150
101
148
122
136
126
113
112
151
127
134
162
137
127
174
172
156
149
140
114
100
104
177
100
116
110
148
129
145
103
160
143
166
164
117
129
158
146
152
123
107
123
109
118
174
162
163
120
135
103
154
102
141
135
137
121
113
171
158
102
106
104
130
124
108
112
144
131
142
125
115
124
157
138
130
145
143
132
125
155
152
141
133
136
167
166
147
167
140
144
138
156
154
159
155
181
153
170
175
164
157
176
168
171
170
165
153
160
175
173
182
187
186
159
169
165
185
192
178
183
189
190
183
177
182
179
188
179
181
172
186
180
178
184
176
180
188
187
190
193
185
194
184
191
191
193
194
189
192
196
198
197
195
195
196
197
198
-1
