121
114
157
134
124
143
100
147
163
112
136
152
133
148
134
127
163
105
142
123
165
122
116
136
154
162
119
130
150
157
128
112
131
158
120
104
108
141
107
118
138
161
169
110
139
115
115
169
103
110
111
103
143
173
167
129
156
176
137
140
141
132
108
147
167
148
131
144
101
106
125
116
121
165
133
146
184
127
171
144
153
111
152
113
106
142
101
126
151
105
107
149
109
122
100
132
124
139
130
102
102
109
104
113
114
118
119
117
129
123
117
125
145
120
138
168
164
155
128
146
126
135
137
135
161
159
170
155
154
149
160
145
156
170
187
140
166
153
151
179
168
164
171
184
159
150
162
160
166
177
173
172
158
185
180
179
176
174
183
174
186
177
172
178
181
178
180
175
175
195
182
183
188
186
188
182
181
190
191
185
189
192
187
190
191
189
194
193
192
197
193
194
196
195
198
196
197
198
-1
