169
119
108
127
152
131
100
142
165
115
111
139
110
146
101
119
123
148
155
113
127
124
136
155
153
125
124
130
104
108
147
118
168
141
150
104
170
123
131
106
120
102
110
166
146
147
114
173
135
117
126
135
144
134
159
162
109
170
109
130
103
105
171
100
153
128
128
174
166
107
121
177
138
113
173
143
141
122
112
118
154
136
103
193
107
161
117
115
148
138
112
116
125
133
177
143
139
142
121
114
101
102
105
106
116
111
122
129
132
156
151
137
120
132
175
137
126
140
160
157
149
150
129
152
158
159
133
145
151
134
149
156
157
163
140
165
161
145
164
158
185
167
144
172
171
163
174
154
169
162
176
175
180
160
183
168
172
164
188
184
179
167
187
181
179
182
176
191
187
178
183
181
180
193
189
186
184
178
196
182
192
185
186
188
190
191
194
189
190
195
195
192
194
196
197
198
197
198
-1
