139
159
125
143
126
103
123
168
130
138
116
153
100
116
139
173
140
110
129
168
118
135
180
149
147
157
136
109
124
151
180
128
111
106
104
136
100
178
105
141
170
119
142
152
117
103
110
177
112
163
119
158
151
141
125
115
130
153
113
121
131
161
109
161
122
120
126
108
132
129
102
107
172
186
120
111
101
152
127
124
155
108
133
134
106
135
107
173
162
114
133
144
128
114
123
154
113
104
112
121
101
102
105
145
132
117
167
118
115
134
137
143
146
145
159
146
122
138
127
142
137
162
131
147
150
149
178
140
169
158
148
160
144
154
176
155
174
156
150
174
177
166
148
164
164
160
156
163
175
167
171
157
166
169
185
165
171
191
172
179
190
165
183
176
170
181
182
182
181
183
189
184
175
187
190
188
185
191
179
184
188
186
192
193
189
187
194
193
194
196
195
192
196
195
198
197
197
198
-1
