103
151
106
165
100
156
166
163
118
127
174
121
131
115
158
139
142
130
122
183
128
142
111
119
135
152
143
109
141
127
114
151
104
113
132
106
136
113
140
167
107
163
133
132
141
137
168
122
108
117
123
111
153
101
110
134
164
119
102
102
125
135
168
109
171
128
162
114
134
101
170
107
124
121
140
108
112
148
148
180
100
162
147
144
133
120
131
191
166
144
143
105
161
155
158
176
136
154
161
150
104
118
103
112
105
110
126
126
172
115
116
120
116
117
124
138
129
152
123
145
125
129
155
159
137
154
138
150
130
149
146
147
139
145
153
157
165
146
157
156
149
169
167
171
160
180
182
179
179
175
172
159
160
164
184
169
176
174
178
170
177
173
181
195
189
173
175
178
187
183
181
185
182
186
186
177
195
188
184
187
190
185
188
189
194
198
190
192
192
193
191
193
194
196
196
197
197
198
-1
