190
144
138
125
103
150
139
118
155
165
172
177
114
140
148
107
148
109
127
146
160
128
131
103
112
177
151
150
134
113
132
108
172
122
141
136
102
147
101
156
106
183
115
164
137
159
176
115
146
106
117
102
153
123
138
136
107
154
100
143
175
155
165
122
123
145
145
128
129
126
116
182
111
104
151
112
179
119
126
100
142
158
111
121
133
105
130
157
130
121
119
170
108
110
116
127
129
117
132
105
101
104
109
114
113
110
120
124
118
120
135
137
125
135
124
139
131
141
147
166
156
134
149
133
152
167
158
173
153
162
143
144
140
142
154
161
169
162
175
160
149
152
164
166
157
163
174
161
171
185
174
169
173
167
171
163
159
168
178
180
184
186
178
176
168
180
170
186
191
183
188
181
195
188
185
184
179
181
187
197
190
182
196
189
193
189
187
191
192
193
192
194
194
195
197
196
198
198
-1
