146
115
108
159
130
146
127
106
166
125
188
111
115
136
111
129
151
139
134
167
138
116
122
129
104
116
141
110
140
163
132
102
156
128
133
105
120
100
150
125
172
154
123
107
134
132
107
148
137
135
149
179
113
175
156
117
142
119
178
145
102
109
159
113
143
126
148
145
127
101
100
161
162
119
124
130
135
137
123
128
138
104
180
152
106
126
120
112
164
112
101
153
131
157
165
151
136
140
171
103
109
105
103
110
121
108
114
121
117
118
133
114
124
153
139
122
118
147
147
143
141
144
165
155
155
131
166
160
157
149
144
154
158
163
169
164
142
168
173
152
174
150
171
160
172
162
179
161
169
170
173
181
158
177
168
191
184
186
187
170
197
176
167
182
178
174
180
175
177
183
184
192
176
187
181
192
182
189
185
185
183
188
186
190
191
193
190
189
194
195
196
193
195
194
198
196
197
198
-1
