108
137
148
111
154
170
101
105
135
126
168
164
139
179
171
148
115
136
142
144
140
104
126
173
114
132
128
109
100
110
160
103
127
134
113
104
131
159
127
118
116
132
158
125
125
141
103
180
153
141
112
166
129
122
157
138
130
134
108
112
160
171
119
106
162
147
157
102
113
146
143
121
106
129
114
123
152
120
133
119
128
111
138
115
117
174
116
107
145
100
121
107
161
149
156
164
158
146
152
102
101
109
105
124
124
110
120
117
145
118
140
143
122
123
133
144
161
151
149
130
155
135
142
136
150
137
139
131
167
169
156
153
151
159
162
179
147
165
186
150
181
154
177
165
163
166
172
185
173
155
167
177
183
172
187
176
175
184
190
163
168
182
183
174
184
170
181
169
178
175
180
191
176
178
189
193
188
182
187
186
192
185
189
192
188
190
191
196
194
194
193
196
198
195
195
197
197
198
-1
