947
933
842
873
915
625
920
746
871
774
974
858
705
970
822
737
734
955
650
945
631
954
785
627
934
966
991
724
717
881
580
637
554
822
920
974
700
528
806
784
842
965
765
758
870
735
892
788
807
724
681
711
737
607
763
926
689
664
673
646
967
504
670
551
972
684
930
560
701
997
967
613
551
516
718
587
781
768
937
725
537
649
579
552
622
780
975
895
533
584
853
662
952
909
906
809
675
658
633
561
679
897
916
926
821
675
696
852
694
749
526
501
884
514
813
978
569
621
624
527
502
735
590
540
902
630
854
568
667
939
803
818
630
726
689
612
535
733
566
589
577
879
642
608
761
517
880
796
935
507
815
594
682
710
708
614
696
769
591
505
864
886
938
919
975
680
771
820
830
747
540
789
830
951
504
754
989
690
552
846
659
617
984
891
764
605
759
816
553
755
652
900
775
692
857
973
976
663
632
994
677
758
621
739
810
773
837
995
911
927
530
940
801
869
671
651
549
644
606
703
711
560
808
686
918
660
896
922
802
716
817
760
643
592
625
891
750
732
793
556
774
957
616
529
653
595
771
829
851
823
981
841
571
520
583
640
522
736
715
786
819
602
546
753
733
802
545
923
705
531
510
575
898
708
832
557
599
844
678
578
714
778
597
892
958
669
866
859
635
523
878
977
510
501
908
569
960
719
850
586
574
982
843
901
619
947
756
615
731
980
519
744
527
682
597
636
818
674
907
924
913
987
793
573
713
804
610
626
593
723
868
568
961
627
943
828
787
955
683
585
541
821
809
882
586
937
539
676
524
911
647
618
655
918
952
875
790
749
507
963
784
928
602
503
714
751
986
721
524
895
904
742
949
643
562
820
661
883
697
778
611
834
603
903
838
596
605
716
899
872
581
756
665
715
509
868
823
935
618
799
969
634
707
977
707
548
953
640
931
956
533
590
846
761
984
532
752
894
609
604
872
525
557
936
722
888
619
929
805
900
743
729
596
538
979
857
637
741
970
547
672
944
647
599
695
874
941
968
515
826
921
777
567
645
949
849
914
676
772
500
624
740
591
942
990
782
580
657
726
864
812
796
542
613
584
638
720
824
917
770
777
890
858
698
814
932
770
980
766
794
636
843
861
779
962
666
887
827
654
633
509
808
893
839
845
741
961
558
773
753
829
658
957
781
813
655
720
963
840
508
993
757
706
880
622
889
909
985
790
508
826
819
964
639
738
894
506
685
674
776
828
701
897
800
934
513
589
879
702
965
693
521
528
572
766
628
832
685
541
719
746
634
702
877
882
996
713
688
536
814
889
725
728
869
794
660
884
815
782
995
853
944
776
985
866
792
780
661
603
998
651
850
644
723
669
834
981
849
691
523
663
558
742
570
946
929
748
601
684
542
997
706
646
535
979
990
992
854
511
571
945
836
679
973
502
760
833
667
638
983
645
732
543
991
845
987
654
641
515
851
576
612
838
559
611
712
936
863
635
779
835
526
692
593
954
905
959
852
913
517
694
544
971
795
859
564
536
734
553
606
989
514
595
604
764
899
962
865
976
563
922
791
598
743
531
943
863
848
582
697
519
825
534
750
831
704
960
700
763
503
632
754
762
639
811
803
704
969
752
885
992
530
867
847
648
688
806
699
844
835
681
847
904
787
730
856
968
817
745
807
996
564
588
678
521
620
545
549
860
898
797
513
816
959
554
570
890
893
653
642
562
614
598
745
765
956
831
548
862
567
917
666
855
511
941
925
518
629
932
948
550
971
727
648
699
788
983
712
690
942
543
623
928
905
873
710
559
565
772
801
906
798
767
757
668
691
875
747
512
709
910
878
886
856
516
575
610
547
680
587
931
855
677
824
607
769
616
759
578
683
631
901
594
615
860
672
887
748
789
592
556
938
620
546
656
687
972
840
933
762
629
626
609
727
518
662
573
811
738
888
566
579
978
623
588
791
728
544
939
881
839
883
581
600
919
532
659
964
550
914
601
837
740
695
825
921
665
767
512
668
930
717
867
539
874
848
729
785
686
876
525
912
628
673
925
865
664
783
744
718
698
833
861
950
577
966
657
671
768
792
988
506
739
986
576
537
912
885
993
650
561
670
538
812
948
641
797
877
775
783
574
736
862
582
994
617
836
923
565
924
871
572
721
730
585
652
656
608
988
958
800
903
896
703
915
951
810
946
555
950
520
583
870
755
709
799
798
841
908
529
751
600
953
795
998
982
805
940
649
902
693
522
505
687
804
910
916
731
-1
534
907
827
876
722
786
555
563
500
927
