643
629
842
912
829
881
690
859
630
987
664
536
773
654
669
730
920
549
645
821
843
693
644
752
797
701
721
839
834
691
638
513
651
863
587
870
681
742
804
706
718
739
754
976
662
858
913
516
612
922
512
878
854
806
849
926
670
617
542
531
836
841
675
768
678
747
791
655
604
600
861
762
927
955
923
680
511
862
918
538
733
525
697
665
636
694
897
947
800
789
641
561
873
756
763
589
627
511
695
500
725
845
905
749
651
533
993
965
942
817
794
541
677
610
983
844
726
568
523
714
899
667
704
964
621
945
932
666
611
784
565
542
756
675
632
891
916
687
579
950
520
928
869
963
761
904
950
694
954
556
835
989
792
936
550
972
809
717
755
541
793
937
799
996
535
699
744
690
810
846
501
748
608
532
753
755
906
592
846
586
961
685
658
689
888
790
724
741
750
591
698
590
794
703
661
639
732
580
743
607
729
911
977
763
525
775
571
795
761
546
509
967
521
781
992
741
550
887
659
633
664
639
867
597
771
569
992
624
985
861
529
688
933
743
901
598
939
728
608
905
896
788
628
534
563
917
940
924
779
510
579
603
713
815
984
671
972
680
634
785
880
709
731
548
888
832
871
719
874
807
673
900
805
776
969
620
964
524
692
889
998
640
613
551
944
971
960
635
626
577
929
662
949
986
814
740
557
570
754
956
607
544
519
994
586
528
969
958
831
636
504
748
970
710
666
919
902
721
559
895
874
780
708
948
823
616
813
767
553
884
866
857
818
848
648
856
747
590
745
539
660
537
594
798
657
778
614
872
642
801
945
965
760
722
564
882
963
746
568
545
949
629
772
612
507
951
658
676
517
862
796
751
739
907
782
515
720
616
677
831
930
921
623
668
518
750
894
840
619
868
593
944
860
770
535
641
688
758
885
993
897
830
847
934
961
759
866
892
663
598
769
707
752
723
798
865
786
886
996
656
915
566
877
916
773
547
952
852
925
667
819
957
522
943
838
801
919
602
632
817
637
904
543
596
764
931
596
841
978
505
908
847
508
735
827
811
516
650
560
614
822
572
691
952
686
578
712
554
785
670
902
588
649
962
900
727
540
625
703
581
857
789
672
828
803
700
768
734
643
973
980
958
554
683
557
552
514
772
730
719
779
812
770
606
665
959
736
890
660
938
718
974
775
908
894
520
948
989
605
580
575
984
893
806
589
682
997
991
815
968
582
740
822
597
500
886
687
509
940
645
745
923
544
778
615
668
959
956
577
503
603
967
759
515
555
508
826
565
869
946
812
601
962
717
623
676
724
584
599
910
671
716
981
595
646
851
647
766
878
562
599
533
526
938
502
787
545
627
553
527
514
615
921
506
503
855
611
868
782
559
792
776
810
970
528
981
715
811
738
855
975
537
781
698
661
712
558
880
679
764
678
941
649
574
929
881
699
734
803
760
602
840
924
626
753
561
683
567
787
707
783
800
705
853
723
885
892
893
624
974
635
901
-1
879
722
986
725
814
882
686
689
606
909
738
937
842
907
625
791
700
870
714
931
942
737
808
788
696
647
990
601
780
637
804
979
502
826
998
562
988
896
711
824
619
856
912
663
883
693
575
818
593
697
705
733
633
578
954
835
849
729
571
746
968
860
582
837
517
609
573
573
980
674
796
560
622
884
820
889
546
744
843
973
706
887
976
527
979
917
930
777
808
934
669
656
997
873
581
622
985
918
659
903
899
569
522
732
638
867
982
604
587
551
809
853
617
513
536
558
936
631
825
594
977
646
774
933
679
771
685
530
512
673
864
975
538
807
802
859
751
726
613
648
552
825
987
605
957
695
823
790
971
762
757
799
877
507
524
805
910
532
563
821
922
891
504
990
518
543
584
701
786
816
567
749
966
774
574
906
777
832
865
704
708
991
540
926
765
720
875
710
872
634
682
681
556
951
654
547
935
828
876
628
839
529
982
531
848
845
834
727
833
838
548
572
592
757
736
621
909
566
652
766
852
797
898
737
928
523
674
895
913
871
850
644
836
672
526
935
802
914
609
851
652
534
898
570
731
995
618
947
692
501
915
863
653
941
702
510
769
793
642
506
994
943
735
585
530
521
927
591
583
711
824
588
742
827
765
655
684
932
960
925
876
758
819
966
795
618
564
955
988
549
813
953
844
875
653
600
784
864
709
585
555
783
978
539
576
920
995
620
630
702
914
830
854
816
903
883
640
767
716
631
519
505
684
939
911
837
715
713
650
946
728
953
657
829
890
610
696
850
879
820
833
595
583
858
576
983
