684
690
979
710
680
942
579
881
949
564
501
784
823
545
770
516
970
845
848
588
739
927
737
552
980
918
890
724
559
838
770
865
805
828
965
843
629
697
861
714
631
948
929
870
966
907
579
804
746
519
727
959
741
574
809
703
688
827
577
517
540
821
879
526
795
685
820
803
880
926
692
636
802
913
734
874
661
524
635
603
590
797
520
683
511
885
702
860
812
553
629
622
602
742
977
767
825
521
948
984
925
816
758
985
519
547
974
798
876
817
775
597
527
864
780
533
609
973
798
731
826
639
641
985
755
589
887
865
680
769
534
561
944
984
829
721
824
673
694
640
793
637
598
855
656
604
858
737
997
525
795
669
853
862
991
814
651
530
876
887
515
877
837
677
894
835
575
838
972
679
566
866
689
832
897
567
794
951
805
525
851
935
830
632
615
612
522
652
501
601
854
895
574
666
661
883
886
818
716
842
986
704
554
939
512
998
670
728
989
610
537
915
801
543
705
842
667
779
751
926
848
669
502
648
940
958
755
885
562
527
840
660
835
713
994
969
550
532
787
772
695
723
558
844
763
839
741
587
620
891
699
657
727
536
588
701
829
831
774
828
699
635
667
834
941
748
765
868
570
736
920
712
771
508
910
572
851
518
762
630
921
693
784
916
955
896
970
729
867
584
623
896
608
654
988
542
507
696
959
735
978
607
696
923
544
932
583
912
624
910
726
792
728
713
952
781
996
570
622
941
625
827
757
704
611
546
813
769
900
760
625
895
738
881
594
852
628
712
590
894
555
513
761
916
585
898
954
907
717
991
830
996
700
987
903
869
733
980
722
720
535
670
900
945
773
813
557
931
641
763
569
569
550
643
649
772
906
687
543
936
600
744
709
664
528
746
627
979
810
556
990
638
749
614
698
788
850
944
677
747
730
504
648
621
693
846
626
811
834
969
942
964
759
790
899
968
571
617
946
547
710
899
723
789
807
599
803
529
604
618
692
878
811
965
666
616
934
708
764
602
647
960
600
806
732
774
605
572
639
932
595
538
514
799
836
901
500
719
744
644
595
924
523
799
615
754
915
949
873
585
591
618
578
653
581
857
768
687
580
892
548
659
679
919
872
628
736
908
560
995
658
694
596
889
676
568
790
510
992
750
675
535
521
672
537
598
508
824
509
554
878
509
611
607
967
681
745
960
963
971
931
733
766
638
729
701
552
524
548
919
961
943
962
782
814
841
831
875
540
875
621
806
860
891
645
901
652
506
683
768
854
563
783
955
649
856
614
698
745
981
925
511
857
982
715
559
947
888
565
663
556
839
529
789
735
911
793
500
691
515
994
767
933
754
732
930
619
771
634
636
711
642
957
788
967
785
997
664
794
647
928
873
586
880
823
939
993
986
743
632
927
816
705
914
909
872
531
950
507
930
983
558
560
582
706
800
893
708
596
780
526
863
668
592
797
815
653
505
565
951
871
904
518
867
719
528
756
582
627
592
776
619
809
522
671
716
739
681
886
594
937
576
561
924
682
610
642
884
709
546
796
617
577
536
938
849
678
567
956
673
817
791
689
575
593
940
956
551
643
748
671
760
819
586
591
557
587
504
756
978
655
725
637
597
516
601
714
976
918
740
753
555
734
505
902
975
922
782
923
606
855
938
512
866
962
858
975
650
665
862
659
630
730
662
544
796
877
821
998
531
777
573
562
993
616
549
935
810
605
826
576
917
945
792
893
503
778
668
541
856
514
952
663
785
820
958
937
553
777
685
656
812
749
883
718
847
778
902
911
822
933
836
752
976
612
603
743
757
781
868
953
961
762
912
620
675
929
909
844
645
634
686
884
725
973
657
882
995
982
609
775
843
753
934
752
861
783
690
954
731
740
906
623
742
846
672
853
750
764
510
879
682
674
822
517
651
533
815
990
779
953
971
655
964
765
551
665
539
538
905
802
974
580
928
702
946
633
660
626
715
833
564
977
691
566
968
695
832
646
759
804
808
898
581
718
-1
624
943
787
908
532
534
539
541
503
706
761
819
720
589
738
987
747
921
658
697
700
530
545
662
807
966
791
869
963
786
874
593
988
859
502
674
686
506
707
920
583
833
897
563
722
646
847
650
917
913
703
726
751
904
608
676
947
845
773
549
631
905
613
707
721
599
972
613
841
766
870
837
717
936
640
523
989
513
800
684
849
914
840
654
688
981
808
711
889
571
724
633
863
606
578
950
520
542
864
983
678
903
850
922
644
957
859
882
573
890
786
568
776
892
852
888
758
871
818
992
825
801
584
