520
924
979
909
636
614
552
630
555
841
804
569
609
512
796
936
902
644
565
890
584
803
594
943
610
513
929
935
550
808
504
792
598
963
601
590
949
823
973
839
607
660
749
848
562
556
652
787
502
534
862
964
685
662
710
766
862
666
681
699
695
608
857
909
621
953
826
525
547
523
526
557
552
761
647
978
867
522
605
727
602
962
853
500
679
754
581
739
528
931
692
546
893
771
759
772
601
586
558
897
788
777
940
951
722
742
541
641
868
805
892
781
634
760
653
569
981
647
871
947
835
580
852
591
855
903
508
595
622
952
668
767
965
758
519
633
762
831
791
850
684
673
878
558
617
939
810
683
905
748
689
520
787
762
665
915
619
637
697
901
567
605
503
753
579
578
938
587
563
858
952
629
738
769
676
543
504
659
681
539
649
889
778
725
852
648
883
639
576
615
773
790
980
737
881
514
780
830
535
809
603
989
920
954
997
703
738
806
926
706
856
774
861
918
585
545
694
704
690
744
786
695
522
712
676
890
666
745
943
543
886
897
888
735
680
687
582
921
718
775
759
557
911
674
536
757
538
882
677
710
975
857
896
902
845
828
631
818
745
996
625
709
533
596
608
864
646
657
904
896
654
614
530
810
583
743
837
728
991
907
566
776
918
755
945
998
877
875
851
583
740
660
800
510
702
729
584
756
863
945
781
774
812
993
731
782
891
741
888
779
927
515
514
963
849
545
669
539
723
815
588
946
593
707
843
715
813
751
832
869
873
998
750
976
934
785
922
878
746
661
640
561
717
919
801
644
650
737
523
990
785
766
773
977
575
959
884
928
667
822
942
827
858
638
506
880
708
900
965
532
882
992
600
894
568
505
846
648
570
620
592
941
908
982
904
837
819
938
658
509
797
995
923
796
624
807
641
725
832
942
506
932
876
900
553
886
898
791
518
790
959
502
767
609
770
979
899
572
939
746
611
560
802
574
797
696
540
656
754
565
809
910
682
814
853
589
944
964
700
525
691
784
537
966
501
593
613
677
726
546
688
803
635
763
807
871
916
507
825
865
519
709
761
798
718
879
613
626
994
645
784
683
972
906
958
840
930
720
713
672
854
698
576
813
617
985
693
716
529
559
733
838
573
612
736
553
551
793
691
732
875
880
624
968
743
708
804
559
969
795
816
793
831
573
936
744
757
747
664
551
524
544
976
926
684
654
507
794
972
669
726
961
621
891
689
919
579
600
927
973
867
560
847
570
794
861
620
598
984
950
719
615
985
663
895
544
887
901
835
727
735
917
884
698
872
957
772
956
903
518
801
969
865
894
986
567
685
811
870
859
562
873
694
585
789
989
763
625
703
739
914
655
571
821
627
948
814
574
711
730
921
953
741
561
640
527
765
651
732
798
550
825
699
508
626
524
571
686
606
868
603
515
788
649
704
806
954
597
885
512
769
521
618
637
960
682
863
860
827
665
555
955
633
928
944
566
950
599
995
642
632
564
678
662
636
755
582
968
925
881
869
531
937
516
-1
933
537
674
822
575
934
887
667
805
723
997
736
604
949
914
850
777
714
932
996
920
554
783
840
815
509
516
962
653
941
758
817
756
623
734
975
872
715
538
521
686
632
967
951
639
877
860
935
925
564
983
874
833
826
937
753
586
898
513
740
554
848
638
533
750
607
834
749
892
748
974
988
642
547
731
548
729
556
988
917
536
911
961
819
838
531
971
820
587
821
817
742
967
808
981
680
705
717
706
984
664
675
992
503
728
812
602
816
655
672
764
721
994
839
915
855
958
789
505
751
670
770
991
590
885
780
591
946
707
905
916
652
611
612
679
844
721
824
643
782
799
802
836
661
851
511
889
616
675
645
792
651
711
534
983
627
866
752
844
597
517
987
752
845
924
970
978
720
526
783
643
578
657
673
977
619
527
820
692
549
671
786
895
588
974
650
768
622
948
906
656
874
630
912
846
986
987
592
760
659
535
511
541
712
693
842
779
716
912
618
528
690
646
623
688
879
800
700
629
876
722
795
549
663
594
697
501
982
542
956
747
847
734
713
913
955
604
883
866
724
922
930
908
833
829
687
799
572
678
824
843
828
870
577
970
933
856
634
705
628
947
923
724
529
768
616
628
931
530
854
548
990
714
730
899
841
913
910
829
540
580
733
631
893
635
701
719
778
702
957
500
993
836
658
532
606
701
849
696
966
830
818
980
940
596
823
811
589
859
671
581
670
929
864
971
510
907
568
960
842
599
834
764
517
542
771
776
563
765
577
775
668
595
610
