516
607
798
970
928
745
669
650
576
556
804
788
716
880
596
700
655
664
848
660
777
788
806
537
781
526
903
884
530
525
933
552
773
892
862
589
539
639
544
749
653
953
728
509
517
541
975
683
546
594
732
659
826
840
751
899
843
538
797
601
502
711
672
533
549
828
743
761
624
755
952
690
852
779
957
927
563
688
967
727
920
548
781
628
679
964
995
776
810
723
857
561
923
590
833
506
921
689
553
650
634
609
780
589
734
783
528
963
627
797
512
798
801
671
864
576
630
531
878
507
932
888
599
557
551
654
898
652
865
670
639
612
568
994
935
929
671
831
647
897
750
839
504
630
996
700
500
791
890
794
534
572
994
689
750
902
818
884
569
580
680
674
838
853
850
714
661
856
702
744
569
706
529
918
567
870
759
832
872
815
871
508
522
893
944
827
735
718
600
724
620
651
913
577
552
617
533
908
904
645
756
635
657
513
588
594
814
707
961
834
675
747
783
816
837
595
912
587
917
984
820
925
655
821
687
931
769
624
699
809
803
894
550
521
598
934
611
993
939
998
511
706
746
766
948
805
795
535
983
505
947
758
757
800
767
515
709
605
853
951
752
681
943
732
667
704
619
565
555
768
536
942
917
816
899
742
959
615
697
786
725
836
733
755
595
962
881
747
918
515
606
662
651
558
699
688
714
637
974
648
919
583
786
506
875
549
881
945
793
625
665
744
739
907
712
658
633
948
646
858
698
995
958
736
902
971
813
826
586
743
982
610
808
694
608
760
628
769
968
785
592
950
775
988
673
511
909
850
644
975
601
932
749
794
774
842
626
693
597
708
754
691
686
666
721
558
960
955
554
519
571
634
841
618
882
532
915
600
860
670
644
748
541
615
944
726
612
703
952
889
807
910
985
991
819
770
855
766
566
966
501
916
796
957
855
924
582
807
702
867
574
735
602
729
833
971
763
758
542
713
730
862
523
868
963
524
847
992
822
825
906
882
588
770
931
854
905
981
789
823
580
683
986
824
736
956
837
915
701
799
729
570
733
535
836
663
572
829
578
983
812
638
560
866
501
969
789
583
805
559
555
632
835
543
621
554
642
896
626
987
564
723
603
812
827
596
885
869
553
982
803
684
922
940
668
817
510
861
643
719
682
876
684
556
968
912
581
672
531
851
545
530
739
538
527
795
877
847
936
532
547
685
717
560
845
900
887
868
774
680
775
636
568
728
642
610
611
665
693
867
579
646
872
825
652
896
566
997
835
678
546
740
846
950
859
570
979
604
806
782
685
754
529
941
821
926
545
502
895
593
799
715
599
669
859
616
969
534
565
954
920
629
927
935
972
751
522
988
846
621
953
845
616
898
854
562
638
564
778
980
614
919
562
656
649
990
767
790
876
717
687
591
930
571
973
721
990
936
808
696
561
761
764
852
879
696
544
617
698
756
557
579
843
819
607
536
722
930
676
603
705
809
858
974
829
629
792
878
870
914
762
831
641
985
848
623
800
704
942
673
527
622
587
849
525
784
759
548
694
949
657
914
598
713
727
537
844
518
503
695
888
710
772
938
514
967
514
738
921
519
965
972
908
895
991
640
955
933
815
692
904
863
718
641
886
946
585
998
510
738
873
586
851
911
947
540
632
810
916
820
708
978
802
905
757
500
768
637
879
625
605
518
674
892
521
793
516
722
979
901
608
705
804
871
513
922
720
910
737
585
697
923
903
946
866
814
668
883
926
984
648
907
823
690
695
679
567
978
849
801
613
709
874
677
958
606
989
960
772
964
712
887
773
667
977
573
844
976
864
901
970
619
873
861
614
886
740
730
791
715
703
925
997
520
839
726
796
938
965
676
731
928
760
822
666
989
790
661
633
906
742
656
986
752
664
860
707
720
943
771
724
678
577
604
900
765
613
719
509
540
701
780
662
711
593
741
817
782
811
838
505
584
874
818
746
590
627
830
710
893
940
924
996
765
582
992
658
834
731
977
856
777
885
737
584
776
504
520
528
840
962
643
649
951
883
681
559
748
897
578
980
753
832
764
981
802
961
869
645
863
841
591
512
976
654
659
913
824
691
631
686
-1
563
620
623
647
890
813
880
889
692
734
987
937
763
771
573
539
622
934
542
524
675
877
618
508
941
778
762
551
929
631
574
741
973
660
636
602
597
954
550
779
745
945
911
894
575
787
891
842
653
526
865
959
891
792
875
640
592
663
949
503
784
909
543
517
857
575
785
753
993
966
811
828
581
956
609
547
682
787
677
716
830
725
635
939
523
937
507
