937
634
842
642
543
584
652
851
627
819
556
764
669
799
510
790
806
906
841
998
637
584
972
636
690
712
673
640
633
594
917
771
635
744
933
846
873
660
654
899
672
722
842
911
818
581
921
629
865
897
638
533
690
751
864
674
637
790
923
798
779
515
914
885
657
851
665
500
683
611
563
669
952
804
760
577
912
621
946
560
624
965
982
511
653
590
705
729
549
522
512
708
553
666
807
828
645
927
797
599
591
595
887
583
664
894
585
743
520
726
627
692
766
671
857
808
755
714
974
978
844
599
698
775
954
679
970
501
592
946
907
733
955
508
632
545
823
676
901
884
780
708
558
926
662
926
754
738
833
925
848
670
659
524
975
539
552
805
944
913
816
700
822
736
886
615
730
517
502
639
902
651
922
747
786
793
944
702
618
961
827
632
703
550
685
633
852
987
644
973
935
739
763
530
663
529
525
604
593
967
803
509
551
575
963
697
668
932
889
891
880
901
741
976
728
888
886
794
607
706
628
948
714
826
769
838
537
643
922
942
736
527
553
703
779
840
697
590
916
788
829
691
818
837
821
985
801
506
814
680
929
587
962
893
663
950
868
923
507
892
753
918
572
706
662
707
603
943
601
685
900
566
953
777
562
691
890
564
958
984
672
965
815
879
515
723
528
903
519
596
647
756
554
675
830
537
598
979
578
858
578
822
675
715
568
920
509
800
957
617
591
829
900
909
803
538
671
622
711
581
733
963
539
641
560
616
875
585
982
500
645
809
967
825
709
857
719
883
608
835
773
924
609
893
992
597
547
718
534
774
988
588
655
740
745
959
855
990
542
765
913
850
874
783
782
628
951
964
906
617
620
630
677
725
710
771
738
529
941
860
866
656
989
512
870
778
651
811
504
792
749
623
981
635
572
612
840
532
611
699
821
831
648
658
934
569
563
680
930
519
847
796
625
925
991
759
933
839
717
540
586
878
704
557
914
608
908
735
939
834
977
758
522
571
940
505
872
996
503
974
888
988
791
966
634
719
701
558
983
752
742
871
802
975
836
817
546
557
659
541
832
595
600
526
768
825
528
861
604
724
555
875
986
579
650
797
991
657
732
688
548
503
548
544
981
744
696
824
907
559
594
534
947
620
910
619
781
630
789
624
950
777
646
676
836
596
978
848
554
694
873
682
748
607
994
667
567
764
614
766
574
694
540
589
652
640
837
791
511
808
686
732
728
517
705
845
862
942
784
642
883
710
521
565
917
957
909
530
568
885
678
704
971
794
698
772
804
508
523
603
787
745
827
613
547
898
879
814
619
673
877
813
853
746
721
876
763
649
618
816
782
606
531
894
687
865
932
730
847
824
582
695
951
521
758
666
613
707
579
938
993
643
621
504
958
565
564
731
969
746
516
649
541
912
869
682
684
532
660
934
762
980
919
823
592
550
902
574
985
831
939
687
959
858
622
531
992
610
566
904
841
631
789
905
567
889
945
667
623
720
577
658
801
915
543
820
864
678
874
866
749
514
961
785
802
919
609
953
770
839
561
638
834
677
597
588
843
996
969
699
796
863
891
868
536
689
795
976
936
535
924
757
717
805
552
767
674
525
625
928
752
654
655
972
718
684
833
773
712
601
720
989
561
686
727
644
862
538
954
918
895
859
679
983
799
648
817
964
689
569
970
899
812
542
760
535
759
876
943
811
582
772
994
742
505
731
576
688
850
949
681
753
853
513
995
629
587
729
664
849
626
921
892
593
774
956
726
665
600
661
696
747
661
693
695
997
589
956
646
990
734
549
887
605
524
896
536
867
562
757
722
792
709
845
715
904
506
636
960
871
955
741
571
941
785
882
846
546
598
903
931
870
507
863
859
616
807
838
576
523
856
762
693
884
602
533
788
977
968
928
938
890
813
670
940
798
828
573
723
735
815
518
809
819
776
896
852
916
514
867
583
826
910
526
713
501
854
734
793
737
929
711
949
905
995
998
844
911
980
812
750
783
740
780
930
765
931
856
787
575
878
898
716
724
881
721
880
806
739
861
727
768
935
580
776
795
555
820
754
832
650
756
520
761
881
737
612
580
830
639
602
810
701
692
966
800
551
915
668
971
997
952
775
570
653
835
895
615
606
786
559
882
962
855
510
626
516
860
897
751
647
908
947
573
702
755
945
872
610
854
979
960
986
761
810
750
570
656
502
781
527
725
614
973
987
544
770
948
993
869
518
716
743
920
545
513
936
778
769
767
713
784
843
849
631
556
877
748
937
641
984
927
586
-1
681
968
605
700
683
