647
520
991
921
700
769
946
709
825
900
541
767
658
715
998
562
721
813
866
907
865
655
642
749
968
701
838
817
727
637
680
665
608
759
905
633
663
683
692
588
882
650
542
535
540
706
515
513
704
673
816
774
737
648
869
559
662
898
792
518
602
676
883
780
552
734
963
549
510
601
656
599
614
657
960
635
680
926
780
958
837
767
957
923
512
753
981
577
670
976
969
507
836
652
775
786
679
511
850
625
847
603
752
824
892
965
896
586
577
962
871
955
793
524
879
556
983
564
594
561
851
683
982
708
939
746
669
502
814
613
672
524
543
905
908
597
605
699
811
809
872
787
630
619
711
703
593
784
894
925
530
514
853
671
839
676
893
950
569
752
620
874
844
898
961
716
596
705
634
754
976
802
918
880
547
624
772
712
617
856
681
867
531
733
722
894
674
678
974
626
920
922
889
618
695
529
867
546
889
783
818
936
814
571
595
610
725
509
929
664
998
661
941
705
740
536
878
901
935
730
751
795
624
886
857
945
567
719
890
592
808
932
970
971
654
928
698
508
552
824
865
788
810
567
699
663
975
846
679
734
632
628
710
902
574
996
807
741
570
659
897
537
757
897
533
775
979
582
754
845
606
903
633
643
823
837
981
997
707
649
649
590
890
657
807
983
648
521
578
594
530
909
750
501
912
531
696
523
541
788
768
929
802
885
736
852
586
505
579
829
602
904
901
995
645
511
840
539
623
519
721
520
690
936
726
597
881
812
638
816
617
574
583
790
812
774
575
891
828
758
615
591
765
658
517
636
667
600
641
961
895
672
820
534
708
707
916
760
732
990
517
527
989
954
778
557
832
779
886
987
545
621
949
927
906
689
980
622
839
934
516
747
871
902
842
822
605
623
584
743
714
877
593
834
827
855
756
532
689
640
584
931
568
980
694
888
612
943
861
585
801
724
800
674
819
731
713
755
835
733
646
773
923
868
885
744
592
722
580
500
833
954
911
947
948
639
739
682
751
856
675
823
855
506
797
735
782
875
550
607
996
836
701
926
627
849
717
668
796
660
651
940
913
771
799
834
565
589
768
746
781
573
533
692
716
635
995
551
544
970
609
523
666
513
621
944
943
562
920
662
744
756
840
718
845
702
549
860
967
720
556
747
851
641
862
797
878
725
742
711
879
859
953
896
643
538
777
522
566
630
971
763
833
697
671
888
993
881
600
819
830
690
673
718
979
691
803
827
599
616
984
958
687
951
986
728
591
917
873
841
503
994
678
994
631
965
741
565
665
629
858
987
670
857
579
514
684
861
735
709
731
650
737
880
589
629
606
631
957
686
781
927
924
914
790
654
537
504
978
848
729
811
777
563
604
972
636
542
882
917
534
739
784
604
543
770
702
595
598
870
601
899
738
559
667
866
555
681
966
804
992
801
789
618
644
522
776
540
576
772
538
766
930
581
884
848
964
795
608
776
740
900
694
868
895
682
909
918
590
554
947
779
566
988
925
598
841
638
912
563
639
693
536
761
677
794
919
985
907
508
763
661
720
587
843
887
500
884
904
726
783
532
939
786
632
997
863
820
821
557
745
891
876
778
796
668
504
753
952
831
585
706
955
704
974
528
764
642
973
684
757
507
544
587
798
572
743
512
862
858
916
928
832
755
548
915
717
714
644
877
948
815
911
669
949
853
805
793
685
518
568
808
616
761
938
876
835
526
826
527
558
828
603
913
687
921
963
736
978
883
688
762
758
611
588
525
646
503
700
818
613
748
677
575
576
782
698
792
956
626
749
759
525
829
750
805
830
838
572
852
962
634
799
798
953
825
860
789
569
738
863
850
506
554
710
937
555
558
910
505
526
560
806
521
509
666
578
724
659
620
766
627
990
637
864
942
984
919
831
809
614
821
651
732
864
842
760
607
625
967
773
908
696
727
873
550
529
985
561
817
991
960
964
972
660
975
571
697
528
993
968
581
519
914
986
940
806
935
946
989
959
875
515
951
510
932
564
583
922
771
924
813
899
719
785
729
570
893
844
966
647
547
685
573
560
969
745
765
854
915
854
804
770
695
551
596
803
942
501
610
742
859
869
910
977
653
675
870
553
791
846
609
688
545
715
810
712
664
645
933
693
502
892
691
945
580
516
548
546
822
628
785
653
874
622
769
843
950
931
730
944
992
686
-1
713
640
612
906
656
791
703
619
849
973
847
652
582
933
723
723
553
872
539
764
815
982
887
937
977
728
934
903
535
787
794
988
956
930
748
800
938
941
611
952
959
655
762
826
615
