820
934
785
998
763
617
713
935
576
964
802
516
876
825
623
542
897
598
895
681
901
866
767
992
719
796
925
504
533
812
649
865
757
507
509
531
991
688
824
975
708
737
613
559
796
578
572
715
639
958
838
768
754
696
592
834
712
658
526
706
617
650
784
911
725
793
764
556
559
779
653
847
597
585
709
815
505
613
521
995
582
565
581
655
615
912
534
510
905
695
878
883
967
735
750
562
857
780
798
611
982
509
936
884
512
977
849
986
659
705
892
855
640
705
538
901
552
507
871
775
512
769
929
627
898
919
799
894
569
532
873
537
821
981
728
803
835
868
544
590
726
638
628
668
765
513
700
949
538
996
856
571
800
524
651
603
511
850
567
921
624
954
519
840
506
852
523
938
852
693
672
753
811
848
864
903
605
926
582
563
568
889
643
543
722
843
892
610
851
558
739
717
629
642
724
967
619
953
814
899
591
751
727
819
542
776
951
583
771
645
508
859
640
761
896
903
556
587
720
703
804
694
740
990
517
997
938
698
957
826
649
792
889
870
797
711
550
822
757
553
528
986
748
774
551
604
787
789
671
502
858
989
701
629
738
734
910
684
699
876
602
729
952
594
739
744
608
749
932
660
723
600
841
677
795
968
690
518
990
839
656
839
814
592
558
500
779
527
598
589
625
937
908
751
956
783
513
588
628
782
934
773
862
930
607
631
619
747
527
623
966
657
529
680
756
893
987
805
636
982
704
672
906
663
608
545
962
923
907
988
667
714
525
543
752
827
816
535
755
970
555
909
743
747
586
842
683
662
506
749
830
710
731
621
540
969
944
601
947
687
579
744
914
637
957
568
561
697
950
832
612
664
584
760
505
974
570
546
732
689
641
976
554
970
813
939
794
836
881
771
807
606
728
635
693
632
837
520
635
819
685
846
530
815
526
748
809
765
859
981
916
829
880
954
562
801
855
655
837
673
501
987
563
869
945
678
803
580
928
634
762
652
522
778
846
515
713
960
772
963
888
917
593
774
874
984
539
742
808
854
925
609
813
661
716
849
698
566
622
606
573
570
831
574
786
745
666
886
591
670
956
877
930
785
761
549
576
616
845
514
997
614
867
766
812
943
915
679
702
959
703
835
818
948
545
976
984
671
694
910
630
941
881
843
992
691
775
871
645
586
799
935
552
638
740
572
616
947
722
733
596
580
939
824
795
533
777
639
729
636
690
589
539
918
689
522
692
919
717
872
808
746
531
732
612
664
681
878
597
609
605
626
502
554
632
980
936
891
778
918
654
607
670
823
541
525
754
564
738
620
932
924
836
931
897
951
798
541
678
521
953
571
714
875
781
927
915
980
675
966
657
661
917
551
514
904
993
577
680
573
682
840
528
868
828
684
920
721
784
998
676
856
845
708
955
817
745
838
884
602
762
758
658
593
529
800
674
725
899
811
743
750
773
890
523
943
633
718
677
926
865
646
900
548
828
537
816
685
920
736
511
618
802
760
994
830
933
696
555
614
566
712
520
924
676
833
687
911
877
973
786
718
633
641
979
985
922
709
547
861
867
683
621
909
781
515
642
790
611
588
782
964
978
864
736
789
822
912
975
809
666
960
950
651
759
861
544
866
969
723
893
569
928
700
726
870
647
787
946
891
968
965
988
929
669
908
962
753
885
949
604
721
914
746
648
603
691
630
933
620
665
860
759
652
724
688
955
594
793
599
733
829
894
807
644
772
853
626
791
805
668
600
575
697
742
995
834
516
896
731
879
854
567
826
764
503
971
973
806
579
577
993
792
692
883
804
679
817
827
574
907
942
752
581
851
974
989
643
937
599
961
783
660
825
842
519
860
880
766
806
821
610
548
913
885
886
902
637
972
763
702
575
850
719
831
524
921
904
961
501
832
682
769
948
977
810
872
737
662
820
706
663
653
946
978
755
862
905
534
869
887
853
952
625
895
536
788
646
686
701
965
615
535
942
777
801
504
590
916
735
659
583
958
665
711
730
941
585
618
741
675
906
931
944
844
715
667
985
557
991
560
879
503
550
756
565
810
923
686
532
595
631
510
546
882
560
622
707
578
922
720
797
776
741
517
734
758
673
536
945
770
857
791
549
875
996
540
596
601
553
768
971
794
848
634
963
888
823
873
898
-1
624
890
788
561
654
900
902
882
584
710
979
500
587
818
972
627
530
699
647
770
557
913
780
994
674
833
730
874
959
547
844
863
983
767
644
656
704
564
595
887
847
858
863
695
983
841
790
707
716
648
650
669
940
927
727
518
508
940
