849
833
823
695
753
729
677
908
866
571
903
515
739
796
505
591
920
730
975
742
887
575
741
604
774
781
644
605
951
803
811
995
657
737
545
708
780
560
838
659
647
885
500
707
950
767
609
807
821
959
566
952
759
726
723
641
716
855
734
994
866
805
631
709
847
697
764
870
778
827
677
722
577
513
852
864
820
882
881
989
986
845
843
715
562
990
514
645
600
876
993
879
998
597
904
966
758
673
745
638
684
794
747
692
905
959
553
584
627
561
792
885
971
665
931
936
975
681
945
506
849
942
777
631
710
555
675
550
527
673
536
654
519
570
818
974
857
614
663
753
964
821
699
841
669
621
873
679
980
627
855
841
706
871
639
624
822
817
694
665
902
695
559
763
901
928
556
810
965
611
672
850
837
572
593
666
702
629
583
747
564
935
684
982
569
568
833
594
531
752
907
634
610
853
956
853
854
719
688
925
576
888
739
590
718
698
977
996
952
921
957
944
519
970
546
920
924
842
854
867
955
856
811
651
816
619
857
649
573
539
587
703
551
503
713
666
814
628
601
868
926
804
501
748
575
725
886
904
969
836
958
928
608
634
689
568
829
527
911
647
540
724
865
626
587
507
961
518
654
803
867
604
619
679
516
616
779
935
788
744
951
862
776
541
814
653
826
831
703
939
521
685
510
818
538
917
844
711
782
720
545
661
807
595
987
542
835
731
581
735
671
907
896
598
632
987
802
607
548
564
804
509
942
918
636
637
502
870
955
899
759
915
832
635
938
597
846
895
592
633
825
830
775
773
757
693
652
557
760
613
560
860
785
964
984
910
768
898
874
563
889
830
653
675
668
733
932
687
837
776
978
697
620
507
669
719
797
762
525
506
789
656
766
845
674
824
552
589
746
893
721
680
826
606
591
946
704
949
612
982
693
663
913
793
555
615
641
670
861
786
912
981
869
583
968
827
543
670
530
805
579
812
924
772
685
969
511
676
518
574
528
859
533
503
916
875
517
810
655
650
578
990
919
912
678
599
622
836
839
900
535
623
563
812
534
779
530
644
930
586
791
973
787
523
690
895
844
749
635
786
899
660
626
847
699
615
879
660
614
740
618
642
834
795
758
872
799
961
949
667
963
513
512
914
676
574
983
538
815
579
921
988
874
588
705
864
816
643
938
725
934
978
636
901
858
744
601
861
573
801
877
771
714
787
720
542
888
565
602
802
569
732
905
992
705
922
947
533
755
941
686
960
972
580
992
582
606
558
806
743
763
711
965
898
696
996
625
777
664
941
832
929
646
894
944
511
638
891
617
554
628
588
501
973
926
875
546
800
891
893
800
603
694
681
566
657
590
808
510
781
815
718
576
726
648
792
922
751
771
931
856
618
683
760
655
541
698
640
997
531
652
561
512
974
602
846
637
983
946
976
549
752
735
923
795
822
980
936
774
991
791
963
572
817
862
586
749
883
605
723
813
997
659
825
754
948
911
610
914
986
977
648
544
658
570
785
957
671
882
706
757
927
865
509
691
981
762
632
900
553
910
558
896
985
548
892
716
902
917
728
878
801
967
704
834
662
828
848
713
756
887
890
736
906
894
954
645
773
933
529
682
985
813
770
595
953
750
877
782
851
892
960
567
691
940
526
798
835
539
639
702
878
504
916
831
629
607
789
562
798
884
668
733
840
979
550
522
608
909
819
689
796
567
-1
767
620
784
731
873
594
863
727
950
686
958
523
712
630
556
765
808
656
780
979
577
611
622
939
824
754
748
863
520
528
737
925
505
727
625
729
650
708
664
683
943
680
741
547
755
710
883
784
532
769
609
707
970
989
954
915
524
537
701
794
557
930
897
598
968
761
897
819
630
923
740
766
769
522
838
500
687
581
765
688
848
790
868
662
994
991
508
696
616
932
571
700
918
775
799
692
988
783
880
869
860
613
793
524
839
998
809
884
535
642
709
764
843
515
646
700
589
971
881
596
820
584
724
770
772
842
543
580
995
596
768
593
913
743
540
929
750
536
908
624
948
552
890
623
850
529
909
937
717
525
722
582
886
517
649
658
603
797
876
612
778
742
514
549
788
756
852
547
534
889
933
690
508
871
516
736
565
783
520
927
721
600
651
840
617
633
715
859
761
828
712
962
730
714
717
701
537
972
746
880
667
976
504
829
937
621
682
851
947
967
732
872
962
578
934
585
940
728
858
956
532
521
544
738
823
790
966
640
678
559
674
502
984
734
738
953
809
585
554
993
903
526
551
945
906
672
806
919
943
745
751
599
643
592
661
