662
513
857
917
893
685
720
652
508
929
657
502
527
987
841
915
920
952
883
639
635
624
641
937
693
965
667
673
738
901
732
671
715
994
968
676
950
734
594
841
647
724
811
587
914
861
811
546
689
686
862
633
858
574
521
997
827
526
868
985
750
617
889
577
884
622
845
534
879
555
833
672
761
785
734
992
648
610
973
880
915
717
887
571
722
692
909
812
736
774
559
668
616
602
759
786
510
958
669
725
942
669
764
989
850
618
735
794
599
642
892
562
682
742
564
682
845
793
855
833
649
757
876
797
972
631
787
703
701
578
561
780
576
711
935
611
797
948
829
623
710
975
688
661
567
863
658
991
925
683
718
746
511
941
679
539
604
966
769
866
547
626
807
718
886
891
901
620
569
800
760
751
506
517
808
513
628
885
944
766
581
549
748
554
571
542
825
907
584
981
907
653
520
803
932
910
899
560
618
809
902
563
596
763
586
684
579
535
798
568
775
903
516
714
954
752
690
918
996
921
745
748
590
551
532
959
817
654
705
609
838
645
924
979
699
758
601
965
990
788
666
864
947
536
727
535
538
895
637
836
982
922
746
526
704
647
801
605
812
935
830
911
873
519
789
930
687
777
585
677
897
820
879
667
997
690
561
518
551
716
964
545
784
708
871
931
536
706
939
638
530
825
739
916
977
676
569
677
721
550
899
872
735
665
853
581
936
608
590
701
665
869
646
767
680
957
625
858
956
743
708
729
630
953
732
702
994
895
834
537
867
944
814
795
632
749
754
650
707
615
603
612
968
655
711
958
598
778
737
567
500
928
960
866
545
527
694
663
575
900
971
749
882
586
946
853
788
614
542
529
905
943
597
865
831
854
840
657
621
670
745
537
558
591
799
768
524
925
867
806
874
821
928
756
923
730
805
723
714
955
655
680
600
515
617
706
856
860
996
741
543
864
906
805
816
719
974
507
791
531
963
662
606
674
952
525
744
580
504
983
813
501
664
565
544
506
602
765
913
546
570
910
696
894
809
698
933
816
673
837
671
912
710
627
967
529
795
626
740
763
731
781
840
977
622
608
700
559
704
587
923
691
620
683
904
880
842
926
770
956
713
644
644
573
556
553
651
964
601
815
995
781
988
848
970
938
540
774
579
868
702
693
532
813
664
772
723
822
528
937
595
742
785
575
889
503
890
881
695
703
697
716
697
902
752
801
509
722
851
525
828
946
862
839
696
966
600
764
887
550
674
588
831
934
953
982
512
883
947
869
985
509
771
885
592
596
850
762
765
648
990
653
516
979
548
528
986
663
577
836
556
987
728
533
892
625
666
614
629
854
783
555
873
557
980
875
675
726
806
934
877
846
700
720
859
747
888
933
568
633
832
539
755
623
715
826
508
870
641
905
624
541
512
919
767
758
594
766
983
949
610
838
790
678
654
872
591
962
917
792
991
615
721
627
607
611
552
875
975
870
824
670
793
865
768
743
695
554
779
502
632
583
747
900
769
523
775
884
773
803
796
914
931
942
585
821
533
799
530
927
918
784
760
849
660
643
835
936
804
888
890
881
684
510
616
589
846
572
786
515
582
791
658
878
989
628
916
548
950
685
820
756
582
896
777
740
504
822
877
607
823
776
961
976
593
804
839
922
637
844
739
511
679
984
852
688
562
543
951
855
691
642
738
603
849
651
634
978
993
659
810
692
945
770
501
921
780
826
945
518
993
974
635
962
678
656
972
645
893
940
980
988
681
992
755
733
638
843
835
649
514
709
847
802
863
771
927
860
761
549
698
597
810
951
757
728
517
606
652
580
668
807
753
814
856
751
552
898
687
778
878
737
818
808
736
744
941
957
557
605
707
819
566
541
699
553
829
834
522
503
519
660
558
500
818
981
675
589
613
871
827
948
830
848
630
970
823
802
727
949
523
621
713
640
595
973
963
792
547
920
505
762
908
911
609
932
852
534
898
564
913
787
955
789
882
639
832
909
540
894
908
686
599
960
844
772
998
876
938
886
943
828
588
986
604
959
891
636
815
782
978
538
837
640
906
672
576
969
705
897
904
741
584
656
790
730
847
971
998
939
719
819
717
689
729
995
842
522
726
796
724
896
759
661
521
650
570
572
874
619
578
954
976
694
593
779
531
924
573
859
-1
619
725
574
798
750
563
712
560
681
505
843
524
731
861
753
643
612
794
926
967
940
851
984
634
733
507
783
903
857
659
646
520
565
566
800
613
776
782
583
824
631
754
592
514
919
636
817
709
629
712
544
929
773
930
912
969
598
961
