923
794
832
519
532
736
550
860
543
783
869
802
800
728
617
782
776
577
804
683
842
717
501
525
688
559
960
609
555
900
753
729
599
657
734
723
794
577
811
639
589
947
829
670
964
878
675
705
842
637
712
677
548
642
560
857
571
958
557
638
806
729
839
745
503
941
924
939
760
598
935
889
757
906
833
513
659
591
744
819
604
648
887
550
695
588
718
845
704
706
873
524
587
807
881
708
678
548
558
897
924
947
879
665
841
766
895
696
819
851
749
834
762
910
989
576
647
594
801
820
890
584
792
925
904
574
980
572
786
801
595
939
917
762
898
806
623
720
542
915
827
951
798
866
861
956
529
689
630
789
787
622
583
541
780
615
982
605
936
765
688
604
759
973
843
770
822
883
509
960
916
981
562
701
539
588
920
614
872
978
617
814
886
640
977
568
774
724
634
660
986
894
757
522
959
699
643
573
537
809
909
536
681
938
933
700
711
500
781
650
882
923
544
593
867
651
556
788
868
703
770
549
902
971
888
945
850
624
833
507
928
595
553
855
760
891
682
603
551
899
823
672
697
667
546
663
644
898
735
831
615
844
861
531
769
535
785
508
658
668
549
737
793
654
858
795
915
580
967
630
979
799
986
978
732
892
535
704
635
852
932
839
724
885
515
578
766
697
867
739
566
864
702
931
563
755
791
784
880
955
904
504
777
949
619
532
865
910
876
982
927
610
901
598
918
796
742
940
590
962
731
585
736
945
565
828
987
695
561
943
775
976
636
963
955
759
860
538
606
612
653
777
502
507
944
683
676
917
863
966
943
675
979
557
903
758
552
674
734
545
518
608
682
687
850
875
523
558
705
673
691
752
788
616
805
859
540
631
950
690
738
692
569
838
516
756
853
716
886
847
506
968
568
514
856
922
575
961
633
512
715
684
712
754
899
844
756
818
853
916
921
740
848
869
685
620
709
908
743
626
564
600
629
884
606
679
995
778
826
808
680
984
656
821
570
880
721
843
616
601
965
523
708
620
847
837
849
871
706
651
613
824
582
530
870
874
521
862
746
607
747
694
811
684
720
645
556
846
744
871
694
934
817
533
864
725
946
874
733
662
645
641
966
647
803
596
517
974
514
628
750
649
732
745
975
968
907
836
877
991
742
612
579
747
665
816
691
912
835
681
889
516
569
972
969
776
627
594
782
666
772
946
797
991
840
542
942
504
962
520
566
964
787
936
773
649
780
971
692
929
990
524
703
707
531
949
815
581
511
868
582
761
530
772
618
931
878
753
798
784
510
567
748
520
827
555
970
993
857
519
957
908
911
783
567
841
893
809
826
775
812
534
680
748
854
930
790
664
927
723
805
906
905
538
771
754
536
659
838
641
961
714
985
646
698
585
693
930
609
622
515
646
751
822
795
587
941
875
983
813
835
611
998
686
663
-1
528
741
632
767
883
977
644
973
596
528
583
987
593
876
546
996
815
823
503
533
810
589
951
750
527
702
909
824
802
526
710
599
900
505
892
992
551
799
698
513
534
725
719
767
601
625
686
670
699
954
755
829
726
722
858
938
830
668
554
652
779
893
701
603
873
662
656
592
912
789
739
527
992
661
586
719
837
803
996
807
765
926
957
817
761
652
552
685
658
937
611
687
575
716
661
888
825
669
948
818
510
763
740
614
605
563
580
800
643
676
897
511
983
940
522
602
733
907
730
654
584
879
669
660
851
714
749
825
933
896
560
911
727
830
994
501
633
710
998
639
877
621
922
689
653
814
913
988
526
690
521
679
559
621
717
903
696
562
570
792
935
831
655
901
926
674
540
952
634
597
836
914
505
718
954
981
984
958
848
623
597
571
928
870
547
752
573
997
636
727
974
891
808
626
821
735
711
693
994
666
952
640
608
845
881
796
884
508
914
607
625
579
613
950
988
812
713
956
518
576
619
896
872
997
502
989
976
771
919
722
866
774
635
967
944
709
813
764
506
959
590
721
963
804
990
673
509
934
849
678
929
786
707
600
918
856
828
591
618
773
972
769
887
895
920
664
894
547
512
632
852
667
726
578
937
810
763
859
921
942
862
713
648
631
854
529
500
840
671
642
517
993
768
602
554
637
628
890
948
743
741
650
975
846
779
738
995
863
970
793
624
565
541
525
657
537
919
545
855
737
932
882
764
985
969
731
781
797
629
677
728
746
965
902
791
751
768
925
820
834
539
913
865
543
627
816
980
564
700
574
610
832
592
655
553
778
638
586
885
953
730
544
790
671
758
561
715
572
785
953
672
581
905
