634
590
616
607
642
952
997
784
652
990
763
918
823
876
824
889
753
782
848
740
748
508
694
749
595
896
959
542
953
982
931
946
657
878
762
589
780
514
547
656
983
566
566
766
825
927
515
654
533
830
553
689
531
528
519
855
671
925
681
785
579
927
899
605
672
629
679
699
855
720
502
786
891
852
928
652
672
979
799
693
539
727
614
568
919
759
700
847
683
536
625
525
551
788
759
635
582
501
770
545
712
967
619
901
796
557
637
577
846
817
664
985
806
789
980
684
808
661
725
890
688
714
874
820
939
811
508
554
951
717
807
776
810
593
551
617
623
848
665
659
595
602
704
986
928
686
892
503
624
896
546
910
735
524
569
772
629
727
621
956
980
761
888
541
957
663
596
925
632
536
825
867
663
822
881
932
586
659
858
664
781
719
649
554
560
952
751
505
650
894
722
590
921
662
947
961
611
849
776
767
563
626
988
510
913
537
775
815
861
920
687
528
636
880
533
984
723
756
911
588
906
622
754
783
769
746
843
805
800
926
866
838
840
711
518
977
808
813
585
892
966
639
746
591
594
871
597
729
885
666
994
782
640
984
870
628
697
921
583
662
684
827
696
573
792
836
571
745
732
872
704
856
778
730
803
865
827
755
526
631
914
822
906
794
706
884
726
527
580
875
734
562
651
574
556
909
818
683
764
880
909
764
644
816
940
516
998
790
604
739
951
558
828
718
962
716
748
579
615
859
963
916
675
773
512
608
717
581
836
737
829
678
584
657
996
802
960
503
969
758
931
537
811
695
985
667
739
531
993
615
859
779
842
597
903
865
538
884
899
504
857
753
791
550
603
823
777
612
548
846
856
867
933
959
944
600
801
948
543
944
799
893
563
978
883
809
651
768
701
506
668
648
624
558
767
742
671
710
575
902
742
988
682
529
838
917
731
765
517
630
513
589
530
510
741
720
535
821
575
974
646
747
523
540
793
744
934
561
511
610
771
787
929
572
708
754
820
992
831
981
707
958
658
507
660
522
774
570
845
953
957
667
763
587
509
935
795
534
644
989
673
760
960
872
761
849
886
737
879
854
694
620
567
804
998
617
987
797
544
747
544
547
607
853
904
730
676
851
658
977
646
592
502
824
653
690
819
638
961
603
777
755
688
648
724
807
709
903
875
877
679
501
890
798
897
920
721
708
559
771
905
529
878
546
812
760
552
669
565
860
736
862
675
774
987
553
693
687
702
691
914
517
700
578
524
853
599
670
605
521
874
929
519
907
721
661
604
541
744
770
685
669
941
889
813
934
660
591
701
891
843
633
796
685
900
983
841
523
945
698
725
940
522
561
815
601
654
705
623
641
634
919
939
762
743
913
902
918
757
543
705
756
964
655
794
766
619
728
723
798
844
653
542
831
699
588
715
691
965
850
788
861
995
514
949
527
636
830
834
949
802
910
585
550
689
594
613
955
787
835
806
740
981
816
534
697
713
703
862
791
586
555
611
549
677
948
975
797
587
512
814
821
857
974
958
707
716
868
871
976
560
500
970
978
968
894
749
876
618
676
972
922
665
765
627
647
954
513
818
790
572
854
941
511
728
937
817
990
640
907
750
734
868
922
628
568
971
997
812
520
835
738
606
733
972
943
681
826
674
600
564
932
620
982
731
614
637
696
576
946
596
881
950
915
530
942
709
500
976
895
898
677
507
864
969
573
569
670
608
593
858
732
535
924
886
613
924
975
898
992
800
645
750
785
525
873
955
908
945
556
609
810
539
516
834
711
567
789
642
680
552
783
557
581
722
852
635
506
706
833
967
775
532
582
650
877
841
956
521
937
819
505
673
719
735
718
989
916
833
643
616
936
845
703
584
887
923
911
947
609
963
936
745
885
626
970
690
655
901
779
991
828
736
633
504
832
801
938
682
837
606
897
520
751
678
645
627
729
870
950
837
562
601
847
962
904
715
851
518
869
864
674
979
965
804
538
917
570
973
565
773
915
515
641
598
577
995
900
632
571
844
768
832
741
873
726
893
829
509
549
680
702
532
656
598
580
578
879
930
986
839
930
882
621
964
912
583
887
923
866
752
668
839
954
602
647
888
559
778
612
968
724
991
592
786
610
935
814
993
793
905
908
666
795
803
686
883
545
733
994
712
-1
692
842
649
863
548
826
564
805
895
643
622
618
869
809
625
772
752
695
599
966
574
713
758
692
638
942
882
743
933
757
792
738
630
863
971
860
710
938
698
850
943
576
784
769
540
780
714
631
639
973
526
926
996
840
555
912
781
