864
993
740
717
966
913
822
757
630
894
696
750
626
931
519
549
645
605
912
820
979
896
930
672
939
815
912
502
942
723
953
776
693
723
852
722
906
707
683
706
806
660
532
539
586
755
750
568
941
620
555
862
542
716
783
898
768
692
698
688
921
875
966
825
875
581
909
894
932
559
531
891
691
513
540
948
843
861
699
799
620
814
887
852
810
895
695
560
780
941
924
673
687
649
518
595
622
587
979
822
989
609
627
775
937
898
764
763
624
817
892
961
994
570
823
664
512
783
604
534
608
830
856
996
505
885
798
533
764
623
937
881
754
805
642
974
623
831
962
882
520
821
838
576
604
603
789
508
586
959
577
806
682
657
748
562
694
782
719
692
963
943
595
945
675
906
730
847
970
969
860
590
911
715
528
819
662
663
921
617
861
731
923
939
809
619
523
926
625
638
747
938
712
964
833
885
657
810
579
835
840
568
672
737
732
635
612
849
761
884
654
677
907
970
634
655
616
903
528
770
920
988
667
509
580
838
560
883
985
500
654
765
545
944
512
643
813
603
613
549
971
540
868
890
569
992
538
551
523
796
990
954
698
629
981
701
583
840
641
674
926
751
886
745
652
681
516
708
570
976
811
850
524
928
815
602
730
552
650
664
788
515
827
638
784
910
612
917
745
985
916
521
760
878
990
614
879
563
584
648
695
785
983
538
693
503
652
958
716
983
866
877
726
671
808
786
527
849
646
858
636
597
535
516
994
572
794
998
642
948
955
597
771
821
706
862
656
575
502
530
566
546
829
796
705
959
778
978
577
915
736
634
851
675
589
797
799
501
776
904
661
613
721
717
972
961
832
545
580
884
715
526
949
827
911
771
524
823
669
902
506
769
641
655
548
609
605
514
922
759
591
648
857
594
724
555
865
519
905
705
868
845
835
942
786
610
653
763
777
765
846
760
537
997
726
679
774
744
630
561
697
677
802
547
974
969
873
788
818
618
899
700
673
559
824
787
727
919
877
644
958
530
607
973
888
671
534
916
728
837
743
546
722
996
659
817
795
865
615
718
971
631
867
991
557
792
893
631
721
670
633
712
757
700
662
748
807
781
544
946
607
836
510
859
850
842
574
950
676
949
553
854
962
681
972
839
590
873
518
755
679
616
629
599
507
598
800
767
704
687
984
537
614
785
910
650
896
956
801
992
987
888
936
637
536
543
536
643
922
963
794
752
908
936
869
624
738
589
632
742
557
533
676
828
574
685
548
834
651
500
914
918
571
953
793
633
918
541
984
663
801
965
855
967
711
804
564
968
709
741
553
766
529
653
734
940
535
525
989
532
544
790
733
543
714
781
521
511
611
903
844
731
703
569
554
732
791
696
752
919
720
710
927
756
819
588
934
793
829
699
685
952
756
982
647
550
751
725
636
791
694
935
778
812
866
950
713
713
709
608
576
954
853
566
998
669
832
505
637
728
789
816
743
588
805
735
558
828
913
982
874
938
522
753
761
515
858
879
874
513
897
658
882
571
872
565
900
749
690
860
826
774
509
522
880
526
506
837
656
826
891
803
684
986
600
517
628
846
578
981
880
564
895
995
691
511
797
573
795
702
878
552
977
573
720
714
531
883
611
876
772
729
988
666
930
688
632
964
995
742
871
585
582
649
804
733
831
626
802
593
740
809
975
739
772
668
618
762
556
792
592
710
956
807
684
867
703
667
800
767
978
935
843
824
678
738
578
508
651
872
923
585
947
864
951
859
711
-1
581
754
746
622
925
547
886
753
839
666
610
960
621
561
955
848
724
739
510
558
965
893
683
871
890
933
811
813
869
915
601
701
987
759
579
741
606
980
599
853
591
621
929
946
647
854
708
940
780
661
727
593
798
592
542
863
991
997
929
527
784
689
615
602
870
665
968
818
659
747
787
851
900
660
845
976
737
697
933
627
986
625
951
980
782
746
825
870
600
668
567
766
594
889
927
551
920
565
758
598
773
744
803
779
909
646
644
678
932
562
639
917
945
541
977
790
975
844
914
582
640
504
779
863
690
702
563
842
943
924
734
812
833
517
889
682
908
947
816
857
606
680
718
892
848
539
596
897
507
575
907
967
856
887
658
735
635
957
769
550
645
902
773
768
934
901
957
504
758
529
777
944
814
736
665
973
719
775
847
952
686
617
905
836
567
587
639
686
619
834
514
841
749
689
808
901
704
501
841
525
596
770
931
820
503
670
554
584
707
876
680
855
960
583
674
881
520
899
601
925
762
729
904
628
725
556
928
640
572
830
993
