702
686
913
902
533
987
895
915
576
784
887
552
805
819
626
901
852
871
836
872
631
980
760
849
500
742
714
668
806
635
698
603
807
811
677
860
965
979
502
907
615
923
707
651
602
556
997
778
640
546
907
550
818
921
589
897
769
698
594
933
511
931
512
739
676
547
785
525
591
608
738
577
965
892
686
682
775
825
514
581
691
723
971
528
923
926
740
974
628
905
826
677
670
518
759
566
922
588
891
575
678
925
830
864
643
691
598
875
839
770
855
888
832
940
823
650
836
862
595
584
893
656
948
898
733
574
959
924
700
616
737
682
777
789
801
590
822
644
591
746
516
832
624
763
806
560
835
901
788
925
850
779
701
865
797
881
914
687
529
596
814
821
735
510
886
675
730
678
983
773
541
810
617
688
975
794
702
789
665
514
713
906
949
972
523
919
795
988
964
516
705
783
605
592
690
885
899
600
843
841
513
905
734
896
934
505
630
792
813
927
652
915
950
809
707
955
582
831
829
554
762
935
571
597
536
583
802
503
782
701
838
957
553
870
544
710
835
869
551
751
793
821
559
857
509
969
538
802
871
776
937
816
505
629
912
716
803
589
903
744
938
541
732
605
659
990
869
714
738
542
611
935
936
996
945
706
664
619
596
970
996
969
722
754
762
613
879
561
930
896
620
573
992
610
772
908
781
808
660
967
958
817
692
674
696
636
723
993
838
692
883
811
726
882
886
565
936
708
556
712
985
809
567
520
887
716
813
626
841
898
799
693
538
756
681
946
561
734
737
544
877
546
594
624
764
998
634
666
552
539
664
530
826
992
751
957
942
772
792
521
945
673
791
717
651
558
747
776
555
731
632
920
944
657
654
867
882
995
704
773
642
968
864
696
667
768
961
747
620
977
510
805
572
658
943
598
940
526
693
683
863
706
955
607
602
786
870
507
834
680
621
606
527
854
986
865
950
606
657
512
515
758
761
549
961
708
962
980
918
567
506
517
569
878
948
922
673
630
970
949
888
508
545
856
752
783
932
640
619
618
890
615
582
631
815
849
795
587
617
644
580
800
523
800
665
646
508
834
884
670
622
511
845
883
597
539
828
571
785
501
534
828
978
543
929
727
636
562
863
752
931
829
688
679
804
674
604
660
840
740
913
735
625
937
685
653
819
767
845
757
890
585
669
700
527
909
586
842
978
911
995
739
655
759
695
524
919
787
618
658
791
562
588
847
754
578
633
812
528
540
878
794
830
599
654
846
733
857
703
557
579
820
573
988
650
851
548
684
633
892
953
629
662
697
625
967
725
721
952
522
812
964
814
839
727
780
684
645
989
750
846
547
724
825
506
632
966
637
568
858
985
916
993
981
790
968
932
947
593
711
711
749
559
709
638
818
906
614
545
554
837
790
645
649
741
963
635
526
748
719
675
840
694
984
503
921
569
519
579
990
580
587
560
699
943
934
680
894
874
638
774
750
643
592
956
648
775
963
973
586
550
728
642
895
574
917
542
549
742
732
758
951
765
532
721
930
872
519
844
593
924
613
842
666
822
771
672
672
622
611
994
777
531
715
531
837
788
981
607
827
661
736
530
916
719
509
534
952
746
817
786
564
697
801
867
565
553
532
851
939
581
663
807
694
831
637
667
894
796
987
912
710
944
959
873
860
876
717
876
745
827
671
927
768
778
745
689
897
570
600
720
601
555
960
844
612
736
958
928
712
843
513
847
749
551
535
866
765
953
816
946
954
595
868
726
537
942
627
504
902
781
904
899
833
655
911
881
884
520
609
641
877
917
522
989
764
725
938
756
918
848
683
507
614
557
920
904
997
639
994
868
641
724
535
763
854
986
960
563
608
540
774
718
761
529
743
859
928
612
609
604
616
661
647
954
947
782
653
971
679
824
797
656
973
500
646
815
796
926
767
804
991
798
951
753
610
663
649
799
521
977
699
566
518
974
755
662
558
601
504
880
689
874
584
502
525
585
722
859
728
628
787
956
648
823
853
709
524
634
659
578
769
669
703
690
879
671
914
861
755
873
599
652
848
833
568
810
515
900
929
909
603
695
668
743
572
903
850
730
982
687
766
908
713
910
866
685
880
543
824
623
875
962
501
770
984
900
517
757
861
681
729
731
941
536
793
575
720
771
576
741
858
853
753
976
856
537
862
583
533
623
627
766
991
893
972
715
760
647
570
983
975
803
729
718
780
808
855
748
704
979
705
548
941
590
885
891
577
784
998
910
820
966
889
779
676
852
639
621
-1
798
933
939
889
564
563
976
982
744
