763
745
794
549
582
786
548
564
713
696
736
843
622
921
967
695
557
825
703
566
624
928
953
663
680
964
913
525
897
941
736
578
538
590
852
589
671
645
689
722
935
874
512
726
711
581
768
926
858
511
540
603
839
585
985
778
618
929
523
951
637
992
873
982
925
503
567
589
952
734
734
878
716
916
929
701
505
841
546
993
919
835
887
528
524
801
642
991
903
822
795
561
766
602
903
649
906
733
725
758
979
775
879
662
818
628
559
563
870
817
939
893
945
826
509
694
718
583
974
816
869
864
684
572
805
580
740
891
951
965
894
668
519
966
756
970
808
914
591
629
770
870
521
722
725
717
631
931
959
777
648
980
853
985
702
902
729
526
595
543
801
943
868
812
534
898
601
863
907
667
714
643
614
688
672
542
702
838
681
823
927
796
694
554
538
614
544
790
559
570
772
689
527
887
697
526
776
529
840
857
890
608
724
855
553
594
539
546
904
981
619
880
767
772
615
691
865
662
647
848
575
819
723
987
518
789
597
911
799
799
878
748
595
794
642
543
866
666
902
826
867
827
603
824
619
921
555
533
670
654
647
872
698
723
604
701
659
610
550
982
861
988
927
833
755
897
918
535
602
765
667
674
629
792
621
569
715
994
639
720
516
569
635
512
728
860
754
862
605
760
972
676
779
946
824
769
704
856
528
681
767
948
615
912
859
899
558
818
905
809
659
996
871
819
884
860
940
844
846
965
596
750
634
516
638
900
774
574
991
510
821
865
829
783
744
760
687
686
906
960
657
590
978
524
761
636
626
851
737
825
883
519
655
764
636
568
552
861
907
648
586
908
889
882
806
709
916
561
766
829
759
684
531
724
679
644
518
922
527
795
987
995
507
696
940
980
653
587
971
658
510
797
751
937
866
671
545
920
686
632
547
924
712
942
707
849
622
515
599
995
574
643
884
831
675
562
557
535
631
869
892
836
955
520
700
552
613
781
783
618
990
664
911
731
547
693
713
756
956
650
790
876
720
625
844
813
881
976
680
555
745
789
582
712
926
571
986
587
578
500
630
958
661
609
862
769
775
692
922
673
832
787
654
763
946
998
534
594
944
747
920
762
748
863
836
954
988
627
591
899
706
918
651
608
562
588
635
810
983
598
656
802
747
563
645
710
652
703
917
560
653
699
638
757
781
847
504
536
953
943
741
917
972
697
575
843
807
515
529
830
537
661
705
532
600
573
611
646
733
820
566
867
548
600
888
609
966
746
714
617
500
762
890
616
846
938
738
827
521
788
896
779
853
735
834
978
683
934
904
889
508
637
989
964
998
620
670
752
773
877
811
814
545
905
885
607
761
974
771
817
841
751
994
971
625
553
749
894
997
613
864
956
570
672
828
901
962
522
782
785
541
556
973
837
688
586
803
886
852
730
732
517
657
896
564
832
682
930
678
924
506
630
882
900
721
571
934
849
542
533
782
651
970
641
784
969
556
822
797
786
707
973
936
690
583
942
910
975
739
740
719
963
784
506
665
749
823
685
984
668
793
669
798
700
649
665
623
525
607
620
989
879
623
551
678
536
791
727
967
954
923
919
952
910
891
692
709
640
644
938
840
683
933
755
505
913
511
933
530
833
660
811
674
731
948
851
617
885
522
883
687
757
959
752
664
666
805
908
780
815
753
501
513
758
743
855
501
660
800
984
541
803
778
931
955
634
981
741
993
606
628
750
950
611
877
932
810
875
565
876
839
771
508
715
992
937
639
777
669
532
520
685
813
616
898
717
895
804
773
554
961
791
593
848
845
690
770
744
834
655
675
711
958
776
831
792
845
871
679
873
947
695
576
947
945
868
610
742
729
857
830
802
599
774
753
850
551
677
804
881
514
957
759
504
727
568
780
793
798
806
932
738
719
560
986
892
627
886
739
737
502
621
961
544
807
842
979
612
507
576
895
579
573
597
579
721
765
854
592
874
612
567
517
705
816
835
944
888
698
673
676
901
728
658
646
950
726
735
854
820
915
990
577
572
650
746
577
539
909
976
814
514
939
960
716
875
764
708
754
859
997
968
565
693
588
796
656
691
598
962
785
652
821
710
949
800
531
812
581
743
969
663
606
909
787
837
930
893
633
718
513
880
632
502
872
949
815
963
530
968
503
975
540
957
699
523
580
935
682
977
914
601
549
592
624
788
730
509
633
856
928
-1
641
593
996
858
558
626
838
584
983
977
915
640
604
537
584
842
706
605
768
828
809
808
847
912
941
850
596
936
925
677
732
585
704
550
708
742
923
