588
651
609
555
894
975
906
531
987
715
926
863
924
848
972
607
870
929
502
683
825
925
985
607
738
996
982
724
576
769
995
828
788
594
939
522
712
747
904
722
854
602
678
819
800
640
689
962
624
643
967
919
545
788
730
814
992
870
515
922
661
803
742
994
516
656
579
564
718
926
852
625
544
862
874
803
854
597
591
770
729
527
940
528
637
679
571
639
642
790
934
759
633
673
558
511
510
786
917
802
772
537
716
765
706
906
908
626
748
714
619
884
593
562
689
836
654
503
627
588
755
730
682
855
833
647
570
937
716
937
834
851
519
981
580
825
959
831
591
667
764
827
878
699
609
958
858
514
872
911
815
860
517
979
971
948
500
759
771
610
837
586
685
845
705
963
893
529
669
938
970
916
738
599
504
621
702
526
939
910
863
644
567
735
902
853
560
537
698
811
740
524
818
536
661
587
604
685
545
602
944
828
804
810
573
756
550
583
970
857
840
921
732
678
896
568
973
605
955
853
892
800
569
750
653
538
577
628
539
799
808
615
511
676
635
757
548
679
601
754
673
557
895
945
866
528
811
643
749
721
680
503
949
795
518
631
515
948
900
927
873
668
749
651
809
765
683
595
696
509
520
763
726
675
869
935
816
772
807
641
839
951
634
692
562
888
508
931
672
802
879
897
745
624
877
792
866
842
763
835
936
952
518
628
818
621
957
887
885
574
888
993
901
969
966
933
896
839
877
930
886
665
530
746
875
544
577
968
851
606
735
826
647
910
778
737
636
830
523
523
702
843
724
912
614
983
614
540
604
990
832
711
876
694
829
616
517
829
901
991
784
842
961
946
806
989
510
684
733
526
912
967
698
998
649
555
819
958
663
950
592
656
744
777
932
944
681
719
751
748
637
589
781
720
682
928
500
791
513
587
817
760
923
501
895
858
501
871
718
953
758
883
886
775
799
590
897
535
568
875
505
551
893
918
845
549
564
986
755
540
693
563
630
761
820
538
769
814
684
674
579
951
986
882
807
708
613
760
558
543
743
593
675
710
962
560
822
504
952
733
808
919
713
934
976
790
709
873
639
768
507
677
533
928
971
711
930
700
914
595
645
552
835
981
924
989
680
561
708
784
956
620
954
791
872
717
549
605
945
975
972
923
741
583
512
632
712
942
513
947
964
786
660
620
827
652
535
690
965
890
695
618
943
957
979
554
826
603
663
848
920
885
596
789
793
785
642
530
752
963
589
690
766
881
582
566
525
531
867
936
638
601
659
985
505
862
867
954
741
792
551
913
878
753
824
561
778
909
717
502
611
590
534
805
662
655
669
887
697
697
984
654
899
666
905
556
943
670
597
731
622
671
787
640
823
626
644
725
731
650
686
747
918
781
855
935
695
507
880
576
941
565
927
889
700
542
646
674
704
841
649
569
915
701
632
782
832
892
821
703
617
714
723
657
932
509
902
837
701
859
830
907
956
840
776
869
960
764
646
612
881
745
650
527
964
611
983
547
659
608
844
754
916
641
556
890
512
982
715
664
572
968
728
787
891
899
882
974
734
806
547
585
571
990
836
743
783
575
-1
980
658
773
687
742
600
911
707
955
949
779
729
773
516
900
903
822
525
861
736
625
838
686
996
997
584
722
520
652
633
865
762
922
704
629
969
838
553
864
846
782
566
521
557
726
612
709
688
762
723
771
891
575
880
737
671
634
997
797
581
908
988
859
572
812
739
707
582
599
978
565
635
977
894
529
578
824
813
630
719
636
728
758
801
648
648
841
751
757
668
921
925
850
559
550
779
660
667
868
770
638
533
740
798
696
615
861
613
546
917
995
692
809
705
777
794
868
796
768
767
622
953
752
596
681
961
988
691
623
619
946
694
703
563
727
514
631
938
929
536
710
991
766
573
879
831
539
884
574
506
798
691
871
864
586
987
541
761
815
810
874
856
976
821
541
522
753
618
734
670
677
780
662
785
767
776
843
736
950
658
554
721
931
676
627
610
789
657
508
920
909
655
603
898
608
532
585
594
653
795
623
617
856
699
980
598
665
993
849
812
616
813
833
984
713
727
817
580
889
578
720
725
553
706
793
672
542
532
915
805
570
847
559
666
942
581
823
959
506
876
645
534
903
847
543
746
592
775
524
687
852
664
913
834
546
973
816
552
804
865
965
977
796
998
693
801
780
907
739
600
905
688
941
966
857
629
947
849
860
992
567
914
933
820
756
844
598
794
521
883
974
732
584
606
797
774
978
994
850
774
898
846
783
750
744
548
519
904
960
940
