708
763
706
852
901
520
791
649
646
503
804
997
862
658
834
630
591
928
739
683
631
698
796
521
727
666
547
810
565
664
673
887
657
870
689
795
994
684
564
706
827
836
891
693
502
500
663
740
704
845
566
814
600
886
551
635
896
766
757
601
748
570
843
792
586
632
785
525
645
748
816
741
667
531
793
747
988
502
762
662
691
746
655
868
572
922
818
633
784
956
683
721
650
740
609
703
952
571
731
514
564
559
576
711
903
959
941
939
648
817
783
980
686
671
830
632
749
583
629
819
729
580
593
951
713
982
508
691
574
646
747
775
660
872
702
582
940
705
619
724
840
568
550
756
962
614
882
833
568
589
869
606
853
524
616
626
887
772
987
807
879
813
701
776
921
602
643
581
932
707
597
511
821
587
504
703
907
848
681
958
660
786
962
679
685
829
637
750
592
622
620
811
943
584
639
665
896
930
700
818
520
849
621
879
575
675
837
589
594
613
537
850
585
630
536
972
866
517
822
639
510
781
957
519
933
726
806
859
647
540
709
560
553
651
861
853
558
994
567
826
902
825
769
885
982
746
880
700
985
781
629
621
871
705
689
921
612
583
754
676
892
880
918
765
534
685
948
518
966
858
970
571
533
920
508
796
699
555
596
802
771
547
513
558
507
942
505
527
668
546
530
662
651
996
778
786
845
590
741
774
951
914
929
821
619
750
778
759
970
989
814
725
901
791
718
595
540
645
779
826
644
996
640
537
809
828
516
543
820
595
554
769
525
596
694
511
774
807
608
758
555
755
981
666
688
674
850
992
727
531
828
839
528
979
904
753
992
659
567
829
526
551
654
831
806
867
594
768
509
886
945
546
949
935
873
779
930
809
543
936
760
719
964
613
730
929
869
716
581
854
749
669
739
614
524
538
644
617
920
894
618
877
545
627
922
631
843
588
517
549
936
925
919
837
915
628
637
602
961
731
776
972
556
868
694
661
931
682
755
802
735
878
690
756
728
514
824
787
816
847
562
969
569
906
863
679
847
663
512
711
535
777
582
857
835
908
529
634
578
874
653
792
696
782
669
620
510
800
677
884
840
924
695
916
997
817
538
544
506
553
618
698
717
859
856
904
986
562
950
576
874
719
823
513
908
528
593
787
591
615
721
993
556
696
565
820
890
955
977
725
833
855
702
914
598
714
813
688
652
522
889
648
526
658
664
598
610
841
775
638
963
604
858
744
680
697
634
516
650
977
738
580
532
957
652
673
863
822
844
838
699
871
672
876
523
500
862
737
505
805
548
692
888
917
797
607
938
611
915
584
515
854
882
979
687
925
900
542
877
934
893
578
757
984
975
872
599
541
625
984
563
873
953
981
743
987
856
939
947
678
563
612
535
670
633
954
841
805
900
924
953
819
680
763
642
657
670
895
507
839
912
737
910
832
519
768
570
823
773
714
965
988
682
752
795
971
881
985
536
758
674
730
742
641
573
967
734
838
961
852
919
937
897
898
622
624
907
722
938
923
586
640
966
842
715
724
717
548
715
521
541
708
534
736
894
780
905
974
624
572
990
601
810
964
654
825
995
713
530
734
785
811
-1
770
625
738
980
743
709
899
523
745
656
672
544
735
842
780
597
659
712
585
720
592
937
788
784
831
911
512
561
893
789
761
794
913
913
686
732
600
933
736
946
745
609
836
522
846
710
606
550
968
552
707
764
799
804
876
916
967
615
799
767
665
906
860
955
801
604
559
718
751
890
927
960
588
898
946
949
655
577
932
848
616
539
834
942
941
704
971
579
934
867
808
552
603
935
844
917
897
573
945
944
928
990
733
569
954
587
846
542
998
878
712
623
764
790
963
557
959
989
574
671
608
723
742
701
794
684
506
790
835
895
777
610
808
611
782
888
545
767
812
975
765
590
722
803
676
577
911
983
772
515
628
605
675
797
627
899
910
647
993
636
771
575
983
617
861
978
766
851
607
579
599
943
892
948
695
912
958
753
518
995
649
726
501
800
566
905
529
760
561
549
978
947
759
527
773
952
909
732
864
557
926
969
973
626
605
532
720
891
503
603
986
903
849
830
931
923
976
752
815
744
693
638
681
661
710
723
716
827
729
697
783
885
857
851
918
692
976
754
973
762
678
770
641
865
998
864
687
623
803
656
824
636
668
832
690
728
884
667
870
940
883
875
733
902
974
509
889
789
643
635
798
909
875
950
927
881
539
866
812
560
501
991
960
926
968
860
751
554
653
677
798
865
855
533
815
793
504
883
801
965
788
956
991
642
761
944
