808
537
578
695
873
831
899
895
576
977
895
581
683
865
626
613
861
717
848
504
887
631
785
866
831
621
676
717
598
724
917
592
807
926
903
663
753
672
578
767
684
659
979
979
533
722
510
611
946
767
798
779
996
607
787
987
702
937
611
620
515
969
760
720
641
576
924
642
580
824
883
642
976
768
881
716
683
615
773
907
617
820
514
702
512
697
534
873
888
701
631
812
840
602
575
798
860
731
584
582
622
506
900
819
818
825
986
775
904
590
682
851
855
671
710
546
568
890
625
920
502
530
700
964
656
580
786
666
691
544
864
564
637
849
632
806
754
646
842
740
681
843
962
750
669
635
921
820
538
591
577
661
900
524
887
560
744
630
699
638
846
800
955
550
542
758
852
739
886
734
807
942
935
842
747
542
765
634
992
968
650
531
865
599
789
942
811
675
875
548
945
749
601
544
935
675
584
763
614
587
585
723
714
879
901
618
970
507
936
519
604
718
758
601
824
608
680
813
914
893
570
511
533
722
916
945
809
922
647
783
719
522
600
944
815
792
996
649
551
770
862
579
746
567
593
799
851
985
644
535
693
849
835
789
637
981
882
559
968
503
830
757
774
745
554
681
728
829
599
721
511
672
624
568
896
929
509
995
872
915
633
525
796
509
690
803
736
564
853
997
530
569
771
993
908
780
628
506
995
504
713
890
814
973
891
855
983
594
925
659
868
944
513
950
627
668
868
989
705
892
628
566
907
981
741
616
847
871
593
653
559
870
771
583
589
799
623
563
505
663
836
744
610
616
657
545
908
837
583
990
914
797
732
958
943
998
545
778
640
615
723
648
982
617
934
514
832
827
972
609
956
680
590
527
673
588
880
883
787
854
503
656
992
833
548
654
605
719
657
879
710
743
775
633
650
725
847
505
664
653
735
971
812
766
665
760
970
537
973
645
661
861
858
909
955
764
699
739
830
859
603
684
518
881
985
547
588
547
557
618
521
522
929
523
811
794
926
810
952
647
867
843
600
526
795
960
870
923
774
837
743
969
897
806
836
500
993
602
963
606
635
931
844
609
563
867
606
927
501
730
698
795
575
982
527
535
780
742
835
660
670
553
893
941
604
902
768
562
983
626
668
519
704
577
645
866
549
781
769
924
655
676
636
963
539
720
501
695
596
839
826
603
686
876
687
826
965
793
818
738
874
817
579
844
804
556
828
582
939
644
857
640
905
790
612
946
884
917
825
967
572
874
886
748
786
552
541
619
977
872
991
910
614
966
543
823
558
959
877
783
726
858
561
698
938
957
690
912
936
662
554
686
726
791
756
655
937
728
805
932
976
871
897
705
734
520
788
518
557
762
860
925
737
532
512
894
-1
899
706
732
966
752
552
703
850
524
859
875
727
838
528
652
822
778
669
949
703
913
840
561
574
974
507
956
991
801
569
674
570
738
852
687
909
856
967
608
933
930
741
894
839
693
607
673
913
526
567
753
727
643
521
539
928
901
953
712
598
904
884
707
709
864
730
801
694
947
878
677
623
777
822
706
500
516
648
961
920
869
649
565
960
540
770
882
952
574
898
949
502
646
903
796
621
878
827
762
516
701
816
625
573
532
667
821
587
959
565
517
784
876
658
816
733
597
692
930
988
773
725
674
620
815
713
980
733
670
689
508
682
708
630
782
748
543
790
863
940
643
965
553
665
613
918
589
845
932
585
622
759
938
764
911
804
667
528
984
629
785
905
571
718
919
792
791
954
877
700
848
953
776
688
651
696
950
639
916
918
529
677
711
688
805
928
951
863
641
862
797
751
810
947
948
634
612
962
586
729
978
566
922
931
971
994
558
939
595
978
678
889
651
697
652
892
704
619
906
984
750
948
529
549
912
885
711
749
974
737
769
958
694
581
934
927
910
772
846
555
921
888
869
746
838
814
731
857
821
777
813
671
854
776
538
800
510
664
627
754
679
779
828
531
809
660
885
833
724
759
662
997
817
550
794
689
896
560
951
595
998
906
915
752
757
829
632
841
834
679
964
629
520
513
562
891
654
755
716
551
919
933
692
853
709
594
534
740
986
597
761
941
802
954
975
782
845
988
742
658
747
763
729
708
546
624
751
523
781
525
536
715
987
586
943
994
685
808
638
902
819
772
756
841
766
555
745
556
605
761
755
636
610
880
735
541
961
957
591
596
571
736
765
788
515
803
823
685
508
923
573
721
889
592
850
802
972
707
696
856
940
712
715
834
639
980
990
911
572
536
714
691
784
678
898
540
989
517
832
793
666
975
