589
642
834
684
806
913
681
761
685
624
533
899
651
872
648
830
871
541
513
849
967
505
940
539
522
942
895
724
531
741
520
796
641
860
675
741
938
748
776
867
784
745
633
850
883
556
688
773
683
629
816
862
889
501
599
926
818
754
627
720
993
598
703
731
890
801
689
808
543
998
745
735
906
811
781
771
526
914
739
599
768
835
887
528
758
828
519
680
566
655
751
561
656
712
759
667
963
549
805
746
841
659
864
946
644
986
865
620
778
545
892
981
590
795
714
567
707
583
725
743
559
832
733
527
868
671
729
777
962
949
982
695
519
813
925
560
679
514
721
968
957
726
558
678
836
544
935
800
912
901
669
504
979
811
547
792
918
927
764
800
983
834
568
882
538
917
730
602
965
771
955
753
673
897
904
795
601
746
608
909
767
594
702
554
659
500
839
777
794
855
706
715
550
768
750
632
516
624
948
642
547
977
611
897
597
847
952
690
943
674
747
997
960
676
875
873
632
587
785
678
783
755
773
663
769
874
980
517
872
882
808
654
504
944
585
831
990
739
930
819
614
638
853
664
554
878
508
663
724
507
637
615
698
993
521
701
879
605
906
673
703
623
661
831
658
825
537
573
830
635
887
634
901
787
841
627
814
802
515
977
664
527
542
876
848
852
682
838
867
862
577
662
959
736
613
658
668
602
566
589
722
971
857
744
562
974
973
958
950
534
908
744
840
557
858
501
677
774
524
734
582
774
710
868
697
616
922
968
807
989
712
822
630
633
756
590
949
764
608
907
541
762
948
546
709
699
614
966
731
603
662
866
942
692
582
643
552
842
580
545
947
776
585
717
857
738
702
960
866
692
569
735
505
544
945
982
540
607
738
637
994
890
683
613
864
691
666
672
565
748
603
757
891
542
757
612
779
958
820
610
593
931
563
780
550
932
515
873
924
539
538
665
860
600
937
671
855
558
652
944
797
980
895
801
512
987
555
572
752
561
584
754
520
571
936
584
985
615
918
650
888
618
798
915
625
813
697
701
714
742
903
540
843
763
672
705
885
653
797
695
630
803
885
920
810
957
941
825
555
600
972
640
675
553
842
574
534
809
779
537
574
790
914
792
850
656
815
645
688
717
750
911
922
636
676
588
917
924
512
575
876
981
928
592
904
822
736
966
577
722
826
549
508
971
997
747
594
580
923
865
601
889
861
732
576
893
646
679
874
782
617
807
961
802
898
586
506
728
565
721
742
959
815
902
761
976
581
616
854
579
927
687
665
936
612
984
844
500
609
591
587
853
647
770
617
994
634
684
943
715
660
884
846
956
583
513
793
844
806
863
530
956
766
645
734
756
503
698
854
552
621
969
733
548
799
524
647
576
716
954
798
877
704
543
532
965
900
837
870
794
641
934
905
946
840
974
666
856
979
859
706
564
644
903
625
809
740
569
753
503
548
821
925
607
657
553
622
523
716
670
556
827
514
775
856
836
687
833
710
953
780
923
820
945
907
938
978
827
685
911
849
759
954
597
509
522
655
939
510
863
851
530
749
762
727
933
992
898
511
758
516
772
646
705
570
531
921
506
763
783
507
592
987
996
964
962
824
621
791
995
963
913
835
755
940
908
916
978
732
909
718
694
743
985
823
711
713
719
626
928
786
861
951
727
726
812
578
525
628
910
846
591
788
964
961
535
740
521
635
707
896
941
858
623
975
791
988
920
639
902
989
535
619
793
804
984
760
930
905
781
880
518
669
950
737
737
653
661
691
893
877
588
919
799
620
518
848
933
650
843
700
651
824
955
881
804
668
640
991
916
967
796
784
819
751
681
636
870
639
711
891
829
803
667
937
713
525
886
648
709
995
628
562
559
996
563
970
789
723
579
939
694
610
951
581
598
869
652
752
765
509
604
986
696
643
888
725
845
686
649
606
931
567
604
564
772
611
502
879
817
760
817
847
700
693
828
629
689
894
649
823
969
766
884
693
952
816
935
975
-1
900
718
899
785
782
622
638
896
595
837
596
970
915
749
573
790
517
572
929
818
881
894
619
910
696
973
631
677
976
883
578
529
596
769
912
789
992
551
852
586
929
609
546
606
657
551
934
511
593
991
728
919
730
532
787
528
770
723
660
536
932
729
654
686
859
851
878
533
523
786
821
719
708
767
871
990
983
810
778
690
880
814
972
845
953
765
826
838
595
775
674
571
570
618
921
631
560
788
680
502
988
536
682
626
947
605
812
526
829
708
832
575
568
529
839
875
699
704
892
805
833
869
720
557
886
510
670
998
926
