120
151
133
136
141
105
101
107
140
190
116
120
125
108
122
112
135
109
101
156
125
106
152
160
138
147
123
153
160
113
185
100
109
129
180
147
107
118
111
118
176
165
137
113
121
173
110
177
151
131
119
130
169
102
105
115
126
152
149
157
103
158
131
144
102
114
130
115
163
106
134
179
116
173
104
144
143
169
143
135
117
126
127
112
134
150
164
121
139
103
110
158
117
141
149
100
114
155
119
132
104
127
111
179
108
185
142
122
129
124
145
148
146
123
171
154
161
181
139
146
124
162
177
138
128
136
132
128
170
145
159
137
133
167
155
142
140
167
172
153
164
148
159
161
150
183
166
163
156
192
180
157
172
154
168
183
165
175
162
168
190
175
186
182
174
166
170
178
171
176
178
187
174
189
181
188
189
184
182
198
194
187
184
186
192
191
188
193
193
194
191
195
195
197
196
196
197
198
-1
