183
121
127
167
128
102
182
113
133
110
123
130
111
169
121
109
157
162
105
162
111
136
115
116
107
153
124
120
165
114
108
113
129
128
112
130
100
139
148
133
132
152
117
153
177
160
109
131
101
144
119
103
137
134
125
183
144
100
141
131
118
126
132
142
102
156
110
147
115
155
106
155
107
137
104
122
117
125
120
148
118
178
158
123
106
124
160
147
146
145
105
101
154
179
173
181
108
141
154
112
164
103
104
140
138
114
119
116
136
176
134
140
122
145
156
127
149
161
159
167
135
151
126
135
129
150
168
146
191
150
186
138
139
173
190
158
152
142
143
171
170
143
175
187
166
149
168
151
165
157
190
159
163
170
169
161
172
179
189
174
163
164
174
180
171
166
176
178
192
189
172
191
175
184
194
177
180
186
184
181
182
196
185
188
185
192
187
188
197
195
193
198
193
194
195
196
197
198
-1
