196
108
154
118
111
109
104
193
106
181
101
140
111
150
149
105
128
173
130
150
107
186
175
110
142
119
170
157
156
160
112
153
113
124
110
138
116
146
154
121
102
117
103
108
144
136
105
161
126
126
104
135
158
112
122
135
145
127
162
182
118
131
133
161
113
172
134
164
120
123
148
116
125
123
140
106
147
138
139
130
137
100
102
127
134
132
107
120
155
132
136
119
101
109
100
115
141
124
103
114
133
144
131
115
117
114
171
167
174
158
122
147
145
159
128
182
166
168
129
121
129
142
164
152
125
139
149
148
160
143
157
146
137
141
143
165
174
162
152
167
155
181
151
178
166
172
151
184
175
153
165
170
156
159
192
176
176
163
168
169
169
183
163
188
178
171
194
179
177
173
183
177
190
179
191
189
180
180
195
186
195
184
185
185
188
187
187
189
190
193
191
192
196
194
197
197
198
198
-1
