135
167
121
139
192
156
156
145
107
105
173
116
150
112
187
115
143
102
164
101
138
113
139
188
149
131
147
134
129
138
104
132
131
165
122
174
140
161
122
128
103
124
137
108
159
151
101
160
110
106
132
121
179
114
109
195
126
119
160
154
105
128
189
118
125
108
111
115
152
117
110
100
106
124
134
104
151
172
114
136
144
137
165
153
109
113
103
116
166
129
102
144
145
176
140
123
119
127
133
100
120
126
162
130
123
107
112
130
148
152
111
157
171
117
148
118
147
120
125
170
127
157
136
182
142
159
169
135
155
149
133
150
141
142
174
181
143
158
141
153
146
163
172
166
163
146
154
161
158
175
168
181
182
155
183
175
176
167
178
170
162
171
168
164
188
178
173
169
184
180
185
179
187
183
177
185
177
180
190
184
194
196
190
186
191
186
193
189
191
193
198
192
196
194
195
197
197
198
-1
