106
154
103
117
110
144
100
177
130
153
112
113
104
107
126
111
179
171
173
105
120
178
131
160
108
108
127
168
101
173
134
161
149
125
125
110
121
147
104
102
122
102
120
154
123
135
109
124
147
152
119
155
119
140
109
150
141
118
172
148
137
116
164
112
130
164
133
113
106
131
101
165
197
139
111
149
133
100
115
118
150
121
162
105
137
128
136
186
129
107
134
146
161
189
114
142
103
169
139
123
116
145
159
115
132
140
138
117
144
114
185
167
122
165
152
145
170
127
146
126
156
138
124
128
136
157
129
169
159
132
135
141
148
143
151
168
143
172
157
171
142
166
175
151
153
156
174
170
160
158
183
180
193
155
182
162
158
190
181
163
166
163
167
175
191
184
183
194
180
174
184
178
176
176
177
181
182
179
187
185
186
192
187
188
190
195
188
193
189
191
196
192
197
194
195
196
198
198
-1
