130
150
136
108
110
112
117
124
124
165
162
105
103
156
129
127
147
115
113
107
160
103
118
177
150
130
125
159
128
121
157
154
161
120
144
143
115
116
134
144
104
139
151
131
166
116
113
109
145
102
159
126
114
132
106
138
101
161
118
122
176
108
111
153
100
140
101
119
121
142
100
172
139
102
155
137
152
123
184
123
140
109
104
173
126
107
158
119
177
114
138
117
122
148
135
105
153
106
128
142
141
134
132
129
133
112
110
120
111
149
125
135
170
163
173
165
193
158
133
146
131
147
127
141
174
143
137
136
164
167
178
181
145
185
162
181
168
172
157
149
154
151
146
152
184
170
148
194
156
186
164
168
180
176
155
183
166
163
169
160
182
175
167
175
171
169
180
174
171
192
179
189
185
178
187
182
183
191
179
186
188
189
191
188
194
193
187
190
197
190
192
195
196
195
197
196
198
198
-1
