111
149
108
125
115
116
154
128
133
141
155
137
114
152
126
165
127
120
105
109
114
156
125
171
107
106
124
159
104
113
145
182
103
191
168
102
108
101
185
178
175
121
167
135
122
109
101
143
134
110
105
138
124
165
106
130
159
141
117
129
100
112
112
132
150
103
134
144
180
102
161
147
147
118
123
146
117
162
137
127
171
179
155
113
189
136
100
151
118
110
153
133
107
139
193
119
104
131
142
129
151
111
138
172
168
170
136
123
130
115
158
116
120
148
176
119
154
126
121
122
128
144
157
132
139
148
142
140
177
131
166
143
140
183
135
152
146
145
162
157
183
150
161
149
156
188
176
160
153
181
164
175
160
163
158
164
163
178
180
173
169
166
167
172
174
182
169
187
170
179
173
174
177
181
184
184
190
187
188
186
186
193
194
185
192
190
191
189
196
192
197
194
195
198
195
196
197
198
-1
