106
117
179
100
101
182
128
119
141
166
152
110
140
101
147
129
169
119
114
140
103
110
134
123
160
124
149
165
182
151
130
149
184
159
121
114
137
171
103
128
138
153
155
102
105
139
113
109
158
143
118
126
168
107
117
104
127
123
141
127
178
120
170
118
137
143
152
115
100
116
112
154
174
159
124
111
125
107
146
126
109
186
185
111
180
115
160
106
133
105
167
162
112
102
172
166
108
142
146
121
104
120
157
108
116
134
113
190
135
144
131
147
164
122
148
131
148
122
135
136
142
138
130
125
129
132
161
132
150
133
156
136
139
155
158
144
156
163
153
164
145
163
150
161
145
195
154
162
172
169
151
175
157
175
176
165
180
168
176
167
177
187
173
174
178
179
171
177
184
170
181
181
173
183
188
193
187
188
191
192
185
186
183
189
195
193
190
189
197
194
191
192
194
196
197
196
198
198
-1
