125
113
161
127
122
105
167
110
138
101
115
165
107
111
149
154
101
143
141
109
128
121
137
100
142
141
120
131
116
178
103
188
107
144
160
122
108
116
133
134
183
155
129
147
113
139
104
131
148
102
123
117
114
106
118
105
150
119
108
149
178
151
159
188
153
103
135
135
194
111
112
120
129
104
145
112
114
133
126
119
163
128
196
109
145
140
171
163
106
137
102
117
161
124
180
123
132
181
171
100
110
148
173
115
152
164
118
121
162
134
142
138
124
151
126
139
127
146
136
154
136
143
125
172
130
130
170
155
187
160
172
132
146
157
147
179
195
140
158
150
162
166
159
144
169
156
186
156
153
167
169
152
157
158
166
164
174
175
185
176
185
175
165
168
173
168
174
177
170
181
182
176
183
179
186
189
177
182
180
187
184
193
190
184
191
197
189
191
190
193
192
192
195
194
196
197
198
198
-1
