789
798
559
640
954
502
968
500
872
826
615
562
909
964
675
542
820
586
600
620
723
660
658
852
747
766
718
769
914
938
761
814
796
936
583
823
661
807
829
694
608
858
787
924
745
833
778
707
538
819
540
864
648
633
852
785
588
867
687
948
839
581
629
863
508
729
543
799
571
635
840
754
706
955
772
692
899
576
622
886
926
797
824
725
670
926
560
724
719
873
539
584
878
887
597
563
792
869
896
545
589
618
736
650
966
578
949
923
815
547
881
767
689
750
743
534
957
860
594
561
788
516
505
668
637
603
638
908
814
854
660
672
773
826
836
961
971
817
856
844
519
953
947
724
529
665
653
827
610
923
697
759
558
732
906
959
526
963
637
523
599
838
682
588
834
680
891
856
760
639
920
565
810
718
625
641
882
960
758
748
875
537
528
801
515
881
506
863
822
580
779
931
970
591
877
691
875
821
643
597
954
781
683
521
948
689
807
695
884
808
714
722
865
590
622
705
794
765
674
892
515
746
845
585
787
921
871
967
836
708
891
527
678
572
578
558
656
564
565
777
973
844
682
644
738
800
747
554
766
608
823
901
611
654
581
801
965
695
770
687
679
872
894
531
589
509
604
802
816
663
623
603
566
672
625
550
524
921
709
528
746
710
797
841
652
898
698
647
756
810
947
556
504
675
593
829
930
788
709
962
544
732
673
780
706
657
629
972
616
893
922
812
671
838
831
505
708
549
966
703
809
903
734
531
853
769
537
523
653
740
864
614
959
615
627
763
772
574
822
833
883
721
631
775
696
619
624
678
951
532
727
906
742
656
750
784
726
517
685
740
550
552
743
847
662
868
575
667
835
649
665
752
595
549
837
546
600
511
700
630
618
892
905
651
751
561
702
762
551
626
516
652
640
555
721
755
571
684
932
925
606
700
634
774
661
579
574
526
720
790
683
910
584
647
802
798
878
504
849
758
501
773
520
828
703
529
525
904
752
593
886
668
811
789
566
513
865
882
951
733
666
963
510
927
692
900
690
573
595
697
707
605
552
517
527
777
871
729
737
733
920
671
876
643
541
642
512
854
598
609
902
889
815
888
614
846
771
604
935
701
849
793
741
790
953
631
971
887
562
830
696
503
781
761
734
500
850
765
840
845
501
502
503
508
507
506
507
511
509
510
512
513
514
514
977
518
518
520
519
521
522
522
983
524
525
991
530
530
533
532
533
536
534
535
535
536
542
538
539
540
541
545
543
544
546
547
548
548
990
551
553
553
555
554
556
557
557
975
559
560
564
563
567
570
568
567
569
568
569
570
981
572
573
575
577
576
577
976
579
580
582
582
583
585
587
586
587
986
590
591
592
592
995
594
596
596
602
598
599
601
601
602
613
605
606
607
607
611
609
610
612
612
613
988
617
616
617
619
621
620
621
975
623
624
626
627
628
628
630
632
632
634
633
635
636
636
985
638
639
644
641
642
645
646
645
646
980
648
649
650
651
989
655
654
655
657
659
658
659
978
662
663
664
664
982
666
667
669
669
670
977
677
673
674
676
676
677
679
681
680
681
982
684
685
686
686
688
688
987
690
691
693
693
694
996
713
699
698
699
716
701
702
704
704
705
713
711
711
715
710
712
712
714
715
716
717
717
985
719
720
723
722
726
727
725
728
730
728
730
731
731
929
735
735
737
736
738
739
739
928
741
742
744
744
745
943
749
748
749
751
753
753
755
754
756
757
757
922
759
760
762
763
764
764
919
768
767
768
942
770
771
780
774
775
776
776
783
778
779
782
782
784
783
785
786
786
940
934
791
791
793
792
794
795
795
796
800
799
803
806
804
803
805
804
805
806
924
808
809
811
812
813
813
946
816
817
818
818
819
820
821
913
825
824
825
903
827
828
830
831
832
832
909
834
835
850
837
841
839
842
843
842
843
851
846
847
848
848
858
851
855
853
857
859
855
862
857
859
861
860
861
862
902
866
866
868
867
869
870
870
899
874
873
874
880
876
877
879
879
880
918
883
884
885
885
912
888
889
890
890
896
893
894
895
895
897
897
898
901
900
905
907
908
904
907
910
915
912
911
911
913
916
915
914
916
917
917
918
919
933
928
925
927
934
937
929
930
931
932
938
941
933
940
937
935
936
939
939
945
942
941
944
943
944
945
946
978
950
949
950
952
952
958
956
955
956
957
958
984
960
961
962
984
964
965
967
969
968
969
970
972
973
974
974
980
976
979
979
986
991
981
983
992
990
987
989
988
993
995
992
993
994
997
994
996
998
997
998
-1
