534
766
633
676
902
578
750
581
782
949
901
757
535
828
555
652
763
714
561
544
607
613
829
886
870
617
755
731
800
818
534
779
620
871
913
819
955
960
608
508
722
824
547
977
825
753
600
517
636
662
730
523
857
610
889
877
525
671
726
920
802
746
624
949
687
504
668
672
860
733
751
500
669
771
798
558
556
588
810
850
633
671
818
748
630
678
642
778
899
523
781
831
643
853
857
805
822
767
915
514
584
970
617
562
546
646
850
732
570
863
545
846
859
663
789
871
565
574
896
806
501
842
903
625
902
967
929
940
653
771
779
869
569
866
607
845
756
648
803
782
549
639
742
542
717
962
526
631
503
660
668
539
642
695
892
971
858
858
911
661
780
524
666
943
568
809
714
685
905
759
851
761
541
604
611
953
689
880
567
727
601
624
834
833
579
916
768
927
599
528
571
808
715
539
627
812
743
889
635
867
904
741
537
940
652
873
951
958
809
536
768
603
568
527
922
823
883
542
742
881
785
540
535
907
805
898
758
507
665
690
634
879
973
723
634
950
721
866
791
618
908
853
601
880
613
801
546
861
969
513
571
915
918
812
722
754
813
855
703
735
924
777
729
745
637
963
615
665
869
599
590
500
896
629
717
957
528
626
657
757
972
810
555
729
843
588
620
777
848
741
501
529
581
699
582
691
820
504
591
674
520
589
833
725
899
690
719
726
636
946
662
917
725
836
604
897
737
612
650
602
796
802
841
516
927
976
560
687
647
593
510
512
959
942
890
852
799
515
872
965
966
892
847
630
842
622
829
926
584
841
957
549
885
550
912
793
560
509
564
911
750
860
592
916
644
593
762
557
868
556
524
752
529
962
831
894
854
954
673
785
931
762
941
619
515
735
508
655
594
667
883
886
808
925
676
525
547
572
921
973
589
801
770
807
965
876
873
795
672
827
824
661
577
569
639
747
682
793
578
746
667
958
910
621
731
969
654
586
682
907
545
787
567
823
891
614
679
677
879
951
763
670
821
835
683
786
941
512
563
711
796
684
738
834
518
659
716
718
749
944
659
689
583
656
609
910
577
923
943
827
594
884
745
683
754
799
517
794
629
721
520
736
585
502
821
790
649
787
964
710
625
846
903
863
590
909
893
655
946
688
506
502
503
505
505
506
507
509
510
511
511
993
513
514
518
516
519
521
519
521
522
522
983
527
526
530
533
531
530
532
531
532
533
989
536
537
538
538
548
540
541
543
543
544
552
548
551
550
551
554
552
553
553
554
982
557
559
558
559
562
561
563
564
565
566
566
979
570
573
572
573
576
574
575
575
576
998
580
579
580
699
582
583
585
586
587
587
700
592
591
595
598
596
595
597
596
597
598
701
600
606
602
603
605
605
606
700
608
609
610
611
612
614
615
616
616
705
618
619
621
622
623
623
705
626
627
628
628
701
632
631
632
645
637
635
638
640
638
640
641
641
648
643
644
645
646
647
649
650
651
651
702
653
654
656
658
657
658
704
660
707
664
663
664
708
666
694
697
669
670
681
673
674
675
675
679
677
678
680
680
681
694
684
686
685
686
688
692
692
696
691
693
693
695
696
697
698
698
706
709
704
702
703
713
706
708
707
709
710
711
712
712
713
992
715
716
718
719
720
720
981
724
723
724
989
728
727
728
740
730
732
733
734
734
738
736
737
739
739
740
994
744
743
744
776
765
747
748
749
766
751
752
753
765
755
756
758
759
760
760
761
764
764
772
774
767
770
769
769
773
773
772
774
775
775
776
979
778
784
780
781
783
783
784
786
788
788
790
789
791
792
792
988
794
795
797
797
798
986
800
981
804
803
804
811
806
807
815
811
814
813
814
817
815
816
816
817
983
819
820
986
822
838
826
825
826
839
828
830
830
832
832
838
835
836
837
837
840
839
840
985
844
843
844
845
847
848
849
849
990
851
852
854
855
856
856
934
861
859
862
864
862
864
865
865
924
867
868
872
870
875
874
874
876
875
877
878
878
930
882
881
882
888
884
885
887
887
888
923
890
891
893
894
895
895
920
897
898
900
900
901
939
904
905
906
906
933
908
909
922
912
914
913
914
930
917
918
919
919
935
921
926
928
929
925
928
931
936
933
932
932
934
937
936
935
937
938
938
939
984
944
942
945
947
945
947
948
948
950
952
952
954
953
955
956
956
980
959
961
960
961
972
963
964
966
968
967
968
975
970
971
974
974
976
975
977
978
978
982
980
985
987
988
984
987
990
995
992
991
991
993
996
995
994
996
997
997
998
-1
