806
812
956
933
651
924
695
844
548
889
809
594
539
775
507
583
641
951
831
748
889
667
671
913
776
807
877
891
857
696
851
535
765
921
670
862
580
746
572
678
631
550
712
560
622
764
852
729
542
661
693
564
795
618
625
940
646
894
708
856
906
731
615
705
565
644
766
707
623
774
879
634
819
901
765
786
722
616
931
511
855
939
551
632
550
908
838
855
500
520
822
591
778
942
508
610
599
563
810
819
645
916
523
534
503
854
688
622
937
893
784
533
941
825
859
700
902
695
587
934
880
756
691
655
749
628
787
743
848
516
763
960
732
618
898
605
544
813
573
944
642
592
724
652
845
771
834
949
604
692
698
862
928
759
878
953
890
515
796
738
586
800
756
948
768
579
828
664
953
668
607
879
835
593
837
570
775
958
905
689
795
596
890
614
882
821
840
967
672
597
820
875
673
734
806
721
917
512
705
640
859
922
956
719
802
830
711
531
940
624
697
943
885
553
687
637
557
674
673
641
949
696
750
556
778
537
714
638
507
665
955
608
635
800
878
815
599
872
858
630
841
930
601
820
847
739
757
509
649
823
528
644
670
620
682
648
591
882
662
772
631
500
559
530
540
874
774
701
942
928
515
738
839
916
543
555
752
575
834
883
767
567
754
759
573
865
792
564
803
751
528
569
872
843
716
936
840
688
655
914
683
793
661
531
870
786
547
518
656
761
901
567
637
780
672
745
899
598
779
713
955
610
536
728
592
718
589
875
612
634
798
667
753
758
919
716
691
570
704
736
538
934
603
682
808
557
763
645
907
576
671
560
539
568
708
910
582
609
918
501
503
797
505
845
524
796
687
801
712
558
580
912
828
685
770
704
741
791
563
600
588
843
897
719
817
924
836
574
664
583
951
555
848
617
523
627
728
792
743
809
626
846
839
926
653
771
666
783
684
502
611
937
534
913
931
814
851
770
639
856
733
885
822
791
789
722
887
746
923
650
912
740
541
954
766
825
603
780
640
706
735
605
526
529
898
683
517
520
744
831
725
510
837
504
663
587
700
896
760
717
614
892
525
873
929
884
544
909
788
524
896
917
723
886
811
581
511
816
730
702
669
579
925
636
857
900
619
730
829
739
552
787
551
510
630
935
905
853
908
651
501
502
504
505
506
506
514
508
509
517
513
512
513
514
518
516
519
521
519
521
522
522
977
525
526
527
527
986
529
530
532
532
533
543
535
536
537
538
546
540
541
542
545
545
547
546
548
549
549
972
552
553
554
554
980
556
562
558
559
561
561
562
976
566
565
566
578
568
569
571
571
572
576
574
575
577
577
578
984
585
581
582
584
584
585
586
588
589
590
590
994
593
595
594
595
596
597
598
600
601
602
602
973
604
606
606
607
608
609
611
612
613
613
979
615
616
617
619
620
621
621
625
623
624
626
627
628
629
629
983
633
632
633
989
635
636
654
638
639
658
643
642
643
653
647
646
647
648
649
650
652
654
657
656
657
660
658
659
659
660
975
662
663
677
665
666
680
668
669
677
675
675
679
674
676
676
678
679
680
681
681
978
684
685
686
686
970
690
689
690
692
694
693
694
980
697
698
699
699
703
701
702
703
974
710
706
707
709
709
710
711
713
714
715
715
727
717
718
720
720
721
725
723
724
726
726
727
979
729
731
734
732
733
735
736
737
737
981
740
741
742
742
749
744
745
747
747
748
752
750
751
753
754
755
755
984
757
758
760
761
762
762
992
764
974
767
768
769
769
982
773
772
773
779
777
776
777
782
781
781
783
782
784
785
785
977
788
789
790
790
976
794
793
794
805
797
798
799
799
803
801
802
804
804
805
971
807
808
812
810
811
815
813
814
816
817
818
818
985
823
821
824
826
824
826
827
827
833
829
830
832
832
833
972
835
836
865
838
867
842
841
842
863
844
850
846
847
849
849
850
864
852
853
854
858
861
863
860
860
861
869
867
864
868
866
866
869
868
871
870
871
970
873
874
876
876
877
971
881
880
881
948
883
884
886
887
888
888
962
891
892
893
894
895
895
961
897
902
899
900
903
904
903
904
946
906
907
909
910
911
911
952
915
914
915
947
918
919
920
920
921
922
923
925
926
927
927
957
929
930
932
932
933
966
935
936
938
938
939
959
941
943
944
945
945
946
947
950
950
957
962
952
954
963
961
958
960
959
964
966
963
964
965
968
965
967
969
968
969
991
975
973
987
982
990
981
978
993
987
988
985
991
983
990
986
989
988
993
996
994
995
992
995
997
996
997
998
998
-1
