808
654
658
759
532
863
812
836
855
591
631
821
807
543
914
916
783
650
665
603
699
572
664
949
564
604
806
679
805
691
850
656
539
938
786
852
809
781
803
794
620
600
696
779
601
603
628
524
513
835
799
590
790
501
830
598
508
776
903
507
509
692
703
636
831
740
782
687
819
875
840
882
942
555
752
644
725
929
820
802
710
871
625
704
682
849
598
747
725
897
800
778
840
960
865
589
528
934
836
720
913
968
946
697
950
615
597
798
837
554
711
776
650
904
917
953
729
766
646
663
652
621
517
910
741
881
514
593
637
731
525
949
599
505
558
569
753
523
718
839
596
732
574
745
831
796
504
740
749
555
856
524
620
678
548
870
604
842
939
508
504
695
570
843
788
782
906
823
943
724
608
632
662
743
761
727
941
558
535
876
684
937
571
868
710
667
544
585
806
873
713
651
605
655
717
759
533
769
869
954
866
551
886
841
880
922
581
559
636
916
894
511
670
772
746
947
690
709
668
970
688
552
575
541
875
960
592
543
751
588
829
817
756
708
872
911
506
582
648
790
757
584
728
935
923
919
672
869
954
660
967
969
517
816
518
535
609
779
595
742
825
864
570
599
918
929
769
551
623
546
607
962
762
934
755
622
639
527
923
712
858
915
645
945
523
716
823
946
817
671
678
672
899
838
868
686
738
904
871
956
945
884
549
502
666
931
925
849
741
602
717
792
853
958
878
659
687
938
577
893
579
860
907
694
767
865
631
576
673
857
506
634
510
545
784
621
680
647
627
770
638
745
799
708
714
642
703
500
927
686
731
826
783
819
544
565
822
772
509
756
515
548
804
809
553
537
830
723
625
578
774
706
529
791
771
532
958
810
765
633
787
501
766
564
851
730
700
852
862
582
567
936
755
834
536
955
773
540
798
951
891
795
550
905
927
881
886
691
641
924
679
719
566
602
888
942
705
726
581
683
513
891
628
765
595
760
890
877
910
716
736
641
588
851
591
824
749
569
500
752
807
912
658
713
651
751
690
859
895
956
846
805
715
864
573
815
792
889
724
556
680
777
833
585
941
668
661
673
885
534
632
845
652
937
626
609
583
876
925
952
527
829
696
565
704
887
815
880
917
862
698
662
784
669
537
554
694
637
531
921
503
502
503
516
505
520
507
515
510
511
512
512
514
516
519
518
519
522
520
521
521
522
992
526
525
526
529
528
530
530
531
974
533
534
536
538
538
540
539
541
542
542
988
545
546
547
547
557
549
550
561
552
553
556
557
560
559
560
563
561
562
562
563
993
566
567
568
568
597
574
571
572
573
577
575
576
578
579
580
580
605
587
583
584
586
586
587
615
589
590
592
593
594
594
613
596
608
614
601
600
606
610
607
613
606
614
611
610
612
612
611
617
617
616
616
618
618
619
619
986
622
623
624
624
630
626
627
629
629
630
976
633
634
635
635
643
638
639
640
640
646
642
643
644
645
647
648
649
649
989
653
653
655
654
656
657
657
980
659
660
661
667
663
664
665
666
669
671
670
674
677
675
674
676
675
676
677
975
681
681
683
682
684
685
685
987
689
688
689
977
693
692
693
702
695
700
697
698
699
701
701
702
973
705
706
707
707
981
709
723
711
712
730
714
715
720
721
718
719
722
721
722
728
727
732
726
734
738
729
734
733
735
733
736
735
737
737
739
739
972
742
743
744
744
746
748
747
748
750
750
980
754
753
754
764
758
757
758
762
760
761
763
763
764
981
768
767
768
974
770
771
773
774
775
775
982
777
778
780
780
781
983
785
785
787
786
788
789
789
791
793
793
795
794
796
797
797
985
801
800
801
802
803
804
986
808
811
810
811
814
812
813
813
814
978
816
818
818
828
820
821
822
826
824
825
827
827
828
979
834
832
832
833
835
844
839
837
838
848
841
843
842
844
845
846
847
847
848
976
850
855
854
853
854
858
856
857
859
860
861
861
977
863
909
867
866
867
898
888
870
872
873
874
874
894
877
878
879
879
887
883
882
883
884
885
890
892
893
889
892
895
900
897
896
896
898
901
900
899
901
902
902
903
907
905
906
908
908
909
982
911
912
913
914
915
921
918
919
920
920
922
926
924
928
930
926
933
928
930
932
931
932
933
975
935
936
965
940
939
940
968
944
943
944
965
948
947
948
952
950
951
953
957
955
959
961
957
964
959
961
963
962
963
964
966
966
967
969
970
971
971
972
973
984
983
984
985
978
979
990
995
987
989
992
988
991
995
990
998
993
991
994
996
994
996
997
997
998
-1
