519
790
560
692
941
968
725
601
515
874
777
552
862
676
767
543
863
768
963
640
561
854
750
684
510
647
951
806
593
812
772
586
529
727
730
702
574
640
886
782
775
933
691
853
757
612
679
816
778
833
735
873
822
754
616
731
783
811
504
619
592
774
935
890
926
924
506
513
549
777
613
905
633
611
500
523
898
869
667
843
807
669
857
885
887
714
687
805
676
862
964
739
677
771
971
737
825
591
577
513
620
741
766
753
511
518
823
836
916
595
524
567
571
942
832
904
797
679
602
912
636
578
582
694
920
810
652
822
655
633
874
762
849
509
728
641
683
608
590
604
782
563
770
562
601
592
949
525
533
710
652
861
819
516
681
693
696
840
647
871
838
507
538
927
832
689
627
595
809
539
740
658
699
553
813
708
538
850
756
849
834
879
875
626
824
845
756
852
913
943
697
867
558
654
730
738
589
534
705
921
963
751
760
638
970
662
942
707
665
735
588
666
533
803
920
634
858
784
536
733
653
962
953
914
524
726
555
515
780
683
517
723
952
785
860
521
759
852
535
663
907
583
894
696
925
698
543
576
622
879
685
779
810
727
562
749
826
923
794
590
851
869
720
551
743
670
898
624
661
684
828
813
906
653
916
711
523
833
860
656
922
797
909
791
799
928
713
628
641
596
678
722
743
705
950
856
931
935
736
662
649
621
643
552
866
688
510
888
947
638
505
570
593
522
961
572
755
830
855
680
717
701
501
655
573
708
758
617
629
820
699
672
534
966
557
520
545
868
798
758
612
645
732
814
940
685
761
847
661
938
674
555
760
767
819
576
558
645
961
541
955
581
945
895
611
895
795
788
876
911
544
506
876
658
548
582
811
870
764
844
837
545
551
630
588
591
790
603
711
720
509
870
540
702
585
918
925
615
572
857
570
904
944
629
718
943
603
940
965
932
770
955
556
827
792
565
773
878
564
717
908
642
723
778
505
616
802
750
500
885
503
606
964
856
948
726
864
821
799
806
923
700
623
567
605
714
969
671
581
712
931
927
787
871
915
587
749
786
889
793
766
742
809
731
706
834
887
889
936
673
805
608
643
794
917
626
865
692
954
897
721
846
719
937
829
628
793
627
503
577
840
502
907
911
539
936
890
639
665
615
501
502
528
504
531
508
507
508
528
512
511
512
514
514
522
516
517
518
519
520
521
526
526
530
525
527
527
529
530
531
532
532
979
535
536
537
537
544
540
541
542
542
547
546
546
548
547
549
550
550
984
554
553
554
561
556
557
559
559
560
564
565
563
566
568
566
568
569
569
985
571
573
575
574
575
578
579
580
579
580
977
584
583
584
585
586
587
973
589
594
598
594
597
596
597
600
598
599
599
600
602
605
606
604
607
609
607
609
610
610
987
614
613
614
619
618
617
618
622
620
621
623
624
625
625
990
631
631
635
630
632
632
634
635
636
637
637
980
639
644
642
646
648
644
651
646
648
650
649
650
651
974
656
654
657
659
657
659
660
660
669
664
663
664
666
668
667
668
672
670
671
673
674
675
675
981
677
678
680
681
682
682
973
686
686
688
687
689
690
690
691
693
694
695
695
982
697
698
704
700
701
703
703
704
976
706
707
709
709
710
716
712
713
715
715
716
985
718
719
739
721
722
724
724
725
736
729
728
729
737
732
733
734
734
738
741
740
747
744
742
746
745
744
746
745
747
748
748
996
752
751
752
753
754
755
987
757
765
759
761
763
762
763
764
765
993
769
768
769
772
771
773
774
775
776
776
978
779
780
781
781
785
783
784
786
787
788
789
789
974
791
792
798
796
795
796
801
800
800
802
801
803
804
804
981
808
807
808
983
812
815
814
815
818
816
817
817
818
842
820
821
825
823
824
828
826
827
829
830
831
831
845
835
835
837
836
838
839
839
841
841
842
843
844
846
847
848
848
975
850
851
903
853
854
855
892
859
858
859
893
861
884
863
864
865
866
867
868
873
872
872
880
882
875
878
877
877
881
881
880
882
883
883
884
892
886
888
893
891
891
899
901
894
897
896
896
900
900
899
901
902
902
903
977
905
906
908
909
910
910
978
912
913
914
915
917
918
919
919
976
921
922
951
924
928
926
929
930
929
930
932
934
933
934
948
937
939
938
939
949
941
950
944
945
946
946
947
953
952
959
956
954
958
957
956
958
957
959
960
960
983
962
968
965
966
967
967
969
970
971
972
972
975
980
988
986
982
979
990
988
998
989
984
986
992
989
995
994
991
991
994
992
993
996
995
997
997
998
-1
