10 6 9 11 4 2 5 6 3 17 19 1 1 5 9 9 11 2 10 38 7 7 3 6 4 19 2 13 12 11 26 0 1 12 2 0 1 7 1 6 2 6 10 2 1 4 0 19 0 0
11 22 0 2 14 4 6 9 7 11 3 0 1 5 3 2 6 8 5 13 15 2 8 22 4 46 13 0 9 1 5 4 2 6 3 2 15 6 17 5 7 1 1 5 6 1 1 4 2 7
5 3 11 4 4 3 3 2 1 7 0 2 0 16 7 2 10 7 18 11 0 3 0 13 0 30 1 1 6 20 2 13 14 0 1 3 11 3 41 4 1 15 7 15 2 13 4 2 13 19
1 0 1 2 1 0 2 0 1 2 1 0 0 0 0 1 1 0 0 0 0 1 1 1 0 2 0 1 1 0 0 0 0 0 0 1 0 1 0 5 0 0 0 0 0 0 2 0 1 0
0 0 0 0 0 0 1 0 0 0 0 0 1 6 1 0 0 0 0 0 0 0 0 0 0 1 0 0 0 2 0 0 0 0 0 0 1 0 4 0 4 0 0 0 0 1 1 0 0 0
0 7 2 1 4 3 3 11 21 1 1 1 0 7 2 2 2 0 8 6 4 62 6 4 8 3 1 4 6 0 11 0 0 5 2 0 2 14 3 1 3 6 1 0 4 2 2 1 1 2
11 3 47 0 10 27 2 5 17 0 8 1 3 12 24 3 17 15 4 28 4 3 2 23 3 20 19 6 13 28 9 5 14 5 1 0 1 0 6 1 19 18 7 3 1 9 3 4 5 8
1 7 0 0 3 19 6 4 2 11 5 3 2 1 0 0 1 0 2 3 19 1 5 23 0 11 3 13 0 15 2 40 22 0 5 0 1 0 0 14 8 0 3 2 32 0 2 16 1 34
7 0 1 5 0 4 0 0 1 1 2 6 4 5 1 24 0 0 0 13 0 0 0 0 1 0 2 1 0 3 13 5 2 0 0 2 4 1 0 1 2 2 5 2 4 2 29 0 0 13
3 2 1 6 7 22 26 0 2 2 2 0 2 5 1 7 4 7 3 2 6 0 6 6 1 1 1 2 0 0 15 3 5 4 16 0 2 3 0 0 10 4 2 7 3 3 3 1 0 0
0 6 0 0 0 0 0 1 0 1 2 1 8 0 0 0 0 0 1 0 0 2 0 0 1 0 0 0 0 0 0 0 0 0 0 2 1 1 0 0 2 0 0 0 1 2 0 0 0 0
0 0 1 3 0 1 0 2 0 0 0 0 0 0 0 2 0 0 1 1 0 15 0 1 1 0 0 1 0 0 0 2 0 1 2 1 1 0 0 4 0 1 1 0 0 0 7 2 0 1
7 3 5 4 0 2 0 10 11 6 2 0 0 1 5 1 2 1 7 2 2 5 4 0 0 1 9 14 0 22 12 3 2 5 5 6 2 6 11 9 1 3 5 0 4 7 6 0 0 2
9 0 6 0 3 0 0 4 1 0 13 0 1 4 0 2 0 2 4 4 1 0 19 5 0 16 2 4 0 7 1 1 0 9 2 0 3 2 6 0 2 6 4 2 5 5 0 3 5 2
9 2 3 6 2 8 3 16 4 7 3 0 6 7 18 4 1 2 1 0 7 8 3 10 4 7 8 10 2 1 0 3 2 6 3 13 2 0 8 0 0 9 2 8 9 4 7 9 2 7
1 0 3 2 1 0 0 0 0 0 1 0 0 6 0 1 3 0 0 0 2 1 1 3 0 0 2 0 0 0 0 0 0 0 0 0 0 0 0 0 0 1 2 0 0 1 0 1 0 0
1 0 1 3 2 0 0 5 0 0 2 1 1 4 2 3 0 0 0 0 0 4 0 1 14 0 0 2 0 1 0 1 2 8 5 2 0 0 1 2 1 1 0 0 0 0 0 0 0 0
11 3 4 21 0 0 6 1 5 3 6 3 5 9 10 0 5 1 1 0 1 4 0 0 7 8 27 9 2 0 7 2 9 9 0 12 5 2 0 3 0 3 2 7 1 7 21 0 5 0
6 2 1 0 5 4 3 0 1 0 1 0 0 4 9 3 3 6 7 5 1 0 6 1 2 8 14 0 2 0 2 1 8 0 2 0 0 1 1 0 5 0 3 5 3 15 0 3 5 2
1 4 0 0 1 6 22 12 0 2 7 0 17 1 6 24 3 8 5 21 0 10 8 3 11 2 4 32 5 0 5 9 1 0 13 1 11 1 1 18 2 13 15 16 6 14 2 3 12 13
4 18 10 8 8 6 5 3 5 0 5 8 1 0 6 15 3 8 13 8 2 7 7 1 5 4 6 0 6 9 0 2 3 11 7 1 4 3 2 9 11 0 3 5 9 0 1 0 0 0
1 1 11 8 7 3 1 1 2 2 4 7 13 1 13 3 0 14 0 1 8 7 1 0 0 3 3 1 9 3 0 8 9 3 5 2 2 9 9 0 13 0 3 0 0 13 0 2 7 18
6 9 9 0 5 6 3 0 0 1 9 3 3 3 14 4 3 1 1 1 1 15 1 2 18 0 6 2 16 3 1 3 4 1 0 4 4 1 3 6 3 4 2 0 0 5 8 2 16 3
3 3 7 0 0 0 3 0 1 4 6 0 1 2 1 2 2 9 6 2 3 1 2 2 1 3 0 5 4 0 0 0 10 1 0 0 8 8 0 0 1 0 0 6 0 2 1 6 1 1
0 6 1 8 4 9 0 9 0 10 0 2 5 9 0 5 6 3 4 2 9 0 4 0 9 1 1 9 3 3 9 3 2 21 20 1 8 3 13 8 9 13 4 6 3 5 7 17 0 13
0 1 0 3 0 0 1 0 0 0 0 2 2 0 0 1 0 1 3 0 0 1 0 0 4 0 0 0 0 0 0 0 0 0 0 1 0 2 0 1 0 0 0 0 0 0 5 0 4 1
13 1 5 1 0 3 0 9 4 20 3 0 2 13 21 2 5 4 4 1 6 1 17 16 2 0 10 18 27 1 10 1 6 7 22 6 20 8 4 5 3 6 0 4 0 7 17 12 10 3
0 1 9 0 0 3 7 1 32 6 9 10 0 7 31 3 4 0 3 4 18 4 0 4 7 2 6 0 12 3 17 38 3 2 20 8 2 30 13 0 0 4 4 0 9 1 0 8 0 6
3 0 4 6 1 8 0 0 6 10 9 0 2 1 0 5 0 0 0 9 5 0 3 6 9 2 4 7 8 6 4 6 6 1 0 4 3 7 0 8 1 8 3 2 0 1 3 1 2 0
2 10 0 0 1 0 0 0 0 3 0 0 0 0 1 0 3 0 1 1 0 0 0 0 0 2 0 0 1 0 0 0 0 0 0 0 0 0 0 0 0 1 0 0 0 1 1 1 1 0
32 2 7 1 10 11 23 5 5 3 4 2 4 0 12 0 8 20 8 13 22 7 0 3 5 23 6 1 30 2 2 3 5 9 7 5 3 16 3 6 0 2 8 16 1 11 14 3 1 0
2 1 2 22 2 2 4 1 5 8 5 3 13 1 5 2 4 6 12 4 0 12 11 0 5 1 0 11 7 1 4 2 1 5 8 6 3 8 8 3 2 0 0 7 3 7 1 8 6 0
0 2 1 0 0 0 0 0 1 1 3 0 1 0 0 0 18 0 1 0 0 0 0 0 0 1 0 0 0 0 2 0 0 0 1 0 0 0 3 0 0 1 1 0 0 5 0 0 1 0
0 2 1 1 0 0 1 6 3 0 5 2 7 1 2 0 0 20 8 0 1 1 1 0 9 1 0 4 0 1 8 0 4 0 7 3 2 2 0 6 7 0 0 2 1 0 1 2 1 7
0 1 6 0 0 0 1 0 0 0 0 0 0 6 1 0 1 4 0 1 0 1 2 0 0 0 0 1 0 0 0 1 0 0 0 0 0 0 1 0 12 0 0 3 0 0 0 0 0 0
2 0 3 0 7 1 4 0 6 0 3 3 2 1 7 2 0 11 8 1 15 6 2 0 7 8 6 2 10 3 0 3 2 3 0 0 0 4 0 9 0 4 0 8 16 11 1 0 1 1
0 0 0 5 0 0 0 1 5 0 0 2 2 1 0 0 2 1 0 0 0 2 0 0 2 0 0 0 0 1 0 0 0 0 0 1 0 0 0 0 0 0 3 1 0 1 1 0 1 0
5 15 0 2 9 3 2 5 4 19 8 1 8 4 1 13 5 12 1 1 6 5 2 8 8 6 3 24 2 0 4 7 8 3 1 16 11 2 10 12 26 6 0 5 2 36 1 3 26 6
1 1 0 1 4 9 4 6 2 0 6 5 3 0 13 0 2 3 1 3 17 0 6 7 8 0 15 0 0 0 7 2 13 7 4 1 1 2 5 5 0 5 2 10 0 5 6 6 1 5
0 0 0 0 0 0 0 1 0 0 0 5 1 0 0 0 1 0 0 0 0 6 0 0 0 0 0 1 0 0 2 4 0 9 4 0 0 1 0 8 0 0 0 0 0 0 0 1 0 0
2 8 4 10 19 1 0 1 8 2 0 7 3 3 2 12 1 3 4 3 5 1 1 5 12 0 6 3 6 0 5 5 4 1 2 6 4 2 8 7 0 1 0 7 7 3 0 0 1 6
6 1 3 2 4 0 2 7 15 0 5 9 4 1 6 5 0 2 2 7 0 5 0 1 1 10 0 5 0 3 0 1 6 5 0 3 3 1 2 0 2 7 7 2 5 0 4 1 0 4
7 7 10 8 5 0 18 5 1 7 7 2 9 4 11 3 1 4 1 1 9 0 1 9 7 7 7 0 5 1 5 10 4 5 1 1 1 7 1 5 1 17 9 0 18 11 15 0 3 4
8 3 2 13 42 1 3 1 5 2 2 20 12 0 8 11 0 14 0 0 6 6 0 21 6 8 16 0 23 11 0 12 0 8 18 2 11 12 0 3 0 47 7 14 0 0 3 2 1 12
5 2 7 5 10 11 0 1 1 0 1 3 6 9 3 4 1 0 4 1 7 1 1 1 3 3 3 0 6 4 0 3 6 3 1 1 5 2 0 3 0 3 1 3 1 8 0 3 6 5
4 2 0 3 2 2 4 1 2 4 2 8 0 1 1 1 0 10 15 1 0 0 8 5 1 8 6 4 8 8 2 3 4 4 6 4 23 1 0 3 0 7 5 0 3 0 2 2 17 6
2 3 2 0 3 1 8 8 9 2 3 0 0 3 0 1 6 5 1 2 0 0 1 7 2 1 3 1 12 3 2 5 0 1 0 1 6 11 11 0 1 0 0 12 0 2 0 6 2 0
4 4 0 3 4 0 6 16 3 3 3 7 4 0 0 1 8 0 1 6 4 12 3 5 5 2 5 0 2 1 2 2 0 0 4 0 7 0 3 3 0 7 6 3 0 0 20 2 2 2
0 11 6 1 0 0 1 0 0 0 0 0 2 4 2 1 23 0 0 6 2 1 2 4 0 5 3 5 0 15 2 6 2 10 0 2 2 9 5 0 18 2 1 13 1 7 4 42 7 9
0 5 9 2 1 12 3 2 5 5 4 3 0 11 4 0 17 35 2 9 9 4 2 10 4 3 3 1 21 5 0 5 8 7 0 19 0 4 0 4 1 7 18 24 6 2 3 12 2 17
9 18 2 0 1 2 4 0 4 5 0 7 1 2 9 0 9 1 13 16 0 1 0 7 0 10 1 15 16 1 2 13 1 0 0 9 2 0 18 2 4 18 5 5 13 11 12 8 8 13
6 3 0 0 4 3 0 6 1 17 0 0 1 3 4 21 6 8 0 0 0 5 1 7 5 5 5 4 1 11 6 3 0 8 1 0 1 0 4 4 0 2 12 13 5 2 2 5 0 1
0 0 0 0 0 0 1 0 0 4 0 0 0 0 0 4 13 2 1 0 0 0 8 5 0 1 0 0 0 0 0 0 0 0 0 1 0 0 16 1 0 0 1 1 0 0 0 2 5 0
3 2 6 5 2 0 3 1 0 4 3 5 12 3 5 3 0 5 0 1 3 0 0 4 1 6 13 0 6 0 5 4 0 10 7 7 4 2 24 1 6 3 3 5 0 11 7 16 1 0
1 8 6 2 4 4 1 8 0 4 2 3 18 16 10 9 2 18 0 11 2 9 1 0 2 3 21 5 4 4 2 16 4 8 0 18 7 11 4 4 14 3 1 1 0 3 1 10 0 11
4 12 7 1 22 14 18 6 4 0 3 12 2 1 10 4 6 17 3 1 0 1 1 13 7 26 48 18 0 16 8 1 6 2 2 22 18 2 10 2 6 4 30 9 6 3 1 0 0 6
24 2 3 5 6 2 9 23 1 6 17 10 3 2 2 18 1 11 2 5 25 2 9 2 2 4 0 11 19 2 3 1 4 7 5 2 12 3 20 0 4 6 6 0 2 14 10 12 10 10
0 2 14 9 2 8 1 1 17 32 4 0 1 1 25 32 5 18 0 1 5 51 0 6 3 0 0 11 18 13 6 20 16 16 5 9 8 4 4 6 1 23 10 26 12 8 3 17 5 19
0 2 0 0 0 0 0 0 3 0 0 5 0 0 1 0 0 3 0 3 0 0 0 1 1 0 0 1 0 0 1 0 0 0 0 2 0 0 0 4 1 1 0 1 0 1 0 1 0 0
4 10 7 5 0 5 2 6 2 5 7 22 7 2 3 0 12 6 7 18 4 5 10 0 25 18 0 7 5 6 19 1 24 3 10 5 9 5 2 6 2 0 2 9 3 4 6 1 0 0
7 0 4 0 0 11 3 1 5 0 4 0 1 15 0 3 8 2 15 23 5 0 1 1 0 0 3 3 9 1 6 1 11 7 6 1 7 8 2 1 0 5 0 1 2 4 0 12 3 0
3 0 2 1 0 1 0 0 0 0 2 4 3 0 0 0 0 0 0 0 2 7 0 0 2 0 0 0 2 0 0 0 0 0 0 15 0 0 0 0 0 0 1 0 0 1 2 1 0 0
0 0 5 9 0 6 0 1 11 9 3 5 0 0 10 4 7 1 5 6 6 8 0 1 2 4 9 2 0 1 0 1 1 1 7 19 3 0 0 22 2 4 14 1 1 10 19 2 0 3
7 12 7 9 7 2 2 4 25 4 9 3 4 29 3 5 17 17 1 24 23 4 1 0 10 3 11 19 25 33 0 11 17 4 17 5 6 8 6 16 4 12 0 3 4 3 2 16 11 5
0 31 1 3 7 2 10 3 7 0 0 3 3 9 4 0 5 7 4 5 9 0 11 10 24 11 14 5 7 9 0 12 5 2 1 4 5 20 9 12 0 1 1 0 0 2 7 1 10 9
0 0 3 0 0 0 1 2 0 0 1 1 0 3 2 0 3 0 0 0 3 0 1 0 1 0 0 1 0 0 0 0 0 2 1 2 0 1 0 0 0 1 0 0 0 0 1 0 0 0
0 0 1 0 0 0 3 0 0 1 1 0 1 4 0 1 0 0 0 0 3 0 1 0 0 0 1 0 1 0 1 0 1 0 0 0 0 0 0 0 0 1 0 0 0 0 0 0 0 0
1 14 0 5 1 0 13 2 0 21 14 6 9 25 19 14 18 1 21 5 4 3 26 5 4 12 5 14 10 4 4 15 9 6 2 1 2 2 1 4 13 6 50 2 4 0 2 9 24 1
1 2 6 0 0 0 0 0 1 5 0 0 2 0 0 0 0 0 1 0 0 0 0 0 0 1 1 0 0 2 1 0 3 1 0 0 0 1 1 1 13 0 0 0 1 0 2 0 1 1
4 2 7 2 0 2 0 0 4 4 6 9 0 1 2 17 1 3 8 1 8 4 4 6 2 8 1 5 7 29 8 9 10 8 0 4 6 3 1 8 7 16 0 10 0 15 7 4 2 16
1 5 5 5 13 22 30 8 0 0 7 21 0 0 2 0 12 9 0 5 13 8 0 9 18 7 2 5 8 27 4 10 16 2 3 9 2 4 10 7 4 2 7 19 1 0 5 1 15 3
1 4 13 3 8 6 0 1 1 4 21 3 7 51 2 3 7 1 6 25 5 1 13 9 2 11 6 0 1 9 4 4 2 4 0 1 7 5 4 0 7 1 0 3 2 2 8 20 7 2
2 4 9 7 3 1 2 0 0 1 7 6 1 0 1 4 16 3 17 1 8 2 7 1 3 2 7 4 0 3 0 7 22 19 2 4 8 0 6 4 8 1 5 2 1 2 0 2 3 1
4 0 1 0 0 0 0 0 1 3 0 0 0 0 0 0 3 3 0 0 0 0 1 3 0 3 2 0 0 0 0 3 0 0 0 0 0 0 3 0 4 0 0 1 1 0 0 0 3 0
0 0 0 0 0 1 0 2 0 1 0 10 0 1 0 0 1 1 0 0 0 0 0 0 9 1 2 0 0 0 1 12 0 4 0 3 0 2 0 0 0 0 1 2 2 0 0 0 0 0
0 2 2 1 0 3 2 1 16 4 2 2 0 8 0 0 3 6 0 4 2 0 8 1 0 3 3 3 5 0 0 0 3 2 1 1 4 4 0 0 1 9 1 0 4 0 1 3 4 15
1 0 0 1 0 0 0 1 0 1 4 0 1 14 0 0 0 0 2 0 0 0 0 0 1 0 0 0 1 0 2 0 3 2 0 0 0 1 0 0 15 1 0 0 0 0 0 0 1 0
7 8 16 3 8 3 5 4 1 4 7 2 1 6 3 0 0 19 8 5 3 5 1 3 0 10 29 0 1 8 3 0 10 0 6 1 1 12 2 2 0 0 1 6 3 4 20 4 5 5
14 0 10 4 3 3 5 11 0 0 4 6 8 0 1 18 1 1 6 5 9 2 0 0 0 0 6 2 0 1 2 5 0 1 2 7 8 1 0 9 0 9 3 0 3 0 6 0 1 5
4 0 13 14 1 2 14 12 0 15 0 9 12 4 4 1 4 0 0 16 13 2 2 12 5 4 13 10 8 9 0 3 6 1 10 8 1 6 1 0 4 6 7 11 7 2 1 4 17 12
11 0 2 3 23 11 1 0 4 6 20 1 2 9 6 4 5 3 4 7 20 14 2 9 8 9 5 3 7 3 17 6 10 14 3 0 6 41 1 0 10 10 5 8 18 17 4 0 1 3
2 2 2 0 0 3 15 8 14 1 4 1 0 1 4 3 1 5 0 3 5 1 2 1 1 19 6 3 9 0 1 4 1 0 0 0 15 0 4 0 2 4 2 0 3 2 1 1 5 1
1 0 0 0 0 0 0 0 0 1 0 9 0 0 0 0 0 0 0 0 0 7 1 0 4 0 0 3 0 0 0 0 1 0 0 2 0 1 0 0 0 0 0 0 2 1 2 0 0 0
0 2 14 0 2 1 1 14 1 2 23 5 8 2 9 14 6 2 7 3 0 10 8 1 13 13 5 0 11 4 4 1 9 21 27 5 1 16 3 0 16 4 12 11 2 22 2 13 1 0
5 5 0 1 2 14 15 4 0 1 12 8 3 3 8 4 11 3 14 15 14 0 1 16 3 11 2 10 22 6 12 3 3 1 1 5 1 3 7 1 1 6 5 4 6 0 0 0 1 0
8 20 9 5 9 2 0 3 23 10 9 7 13 3 10 1 7 10 17 1 3 3 12 3 1 8 11 4 15 5 9 3 5 0 1 10 2 23 4 0 8 9 5 2 3 8 0 0 2 0
0 0 0 18 3 0 0 1 1 0 0 0 3 0 0 0 4 0 1 0 3 1 1 0 1 1 0 0 0 0 0 3 0 4 3 16 0 1 2 1 0 1 0 0 4 0 6 0 2 0
17 20 5 9 2 0 35 4 6 0 2 10 8 1 0 0 9 13 4 0 11 0 4 0 0 3 2 5 3 5 6 10 2 6 4 3 20 14 19 0 6 2 4 9 2 1 1 3 1 3
5 0 0 1 1 13 2 0 0 6 5 0 2 0 7 0 4 1 2 5 3 0 1 0 0 2 1 3 6 1 0 1 5 0 0 2 3 1 1 0 1 3 6 10 9 1 0 1 1 0
3 3 0 0 3 8 5 0 5 3 5 0 0 5 3 1 15 4 2 0 2 4 1 17 1 1 0 5 4 2 16 9 2 0 0 0 0 3 9 1 23 9 6 4 0 3 1 1 0 2
2 4 0 11 17 0 2 1 0 2 11 4 7 10 9 2 6 1 7 2 6 5 5 13 0 8 0 1 4 5 2 7 27 4 10 1 6 13 8 3 6 0 12 4 5 12 7 3 0 5
0 0 1 0 0 0 1 0 0 0 0 3 0 0 0 3 0 1 1 0 0 4 2 0 1 4 0 0 1 0 0 5 0 6 5 1 0 0 0 3 0 1 2 0 0 1 12 1 1 0
0 1 0 1 0 0 1 0 0 0 0 0 0 0 1 0 0 0 0 0 0 0 0 0 0 0 1 0 0 2 0 3 3 0 0 2 0 0 0 1 17 2 2 0 0 1 1 0 1 0
0 0 0 6 0 0 1 0 1 0 2 1 5 0 0 1 1 0 1 0 0 7 0 0 0 1 2 0 0 0 0 1 0 0 2 1 0 1 0 1 0 1 1 1 3 0 1 1 1 0
1 7 0 3 9 8 2 12 32 1 26 3 15 6 25 4 1 3 6 12 2 1 2 2 4 0 12 3 2 1 4 6 18 3 0 8 1 8 1 11 5 3 4 5 3 3 17 9 14 13
13 11 5 5 2 0 3 11 1 10 10 0 2 0 1 0 7 2 2 2 1 3 12 33 0 4 2 0 0 1 3 16 12 10 3 2 5 9 2 5 2 1 2 10 1 0 2 3 5 8
0 0 1 3 1 1 0 3 0 0 0 1 2 0 0 1 0 0 1 0 4 6 0 1 2 0 0 0 1 0 0 5 0 2 5 0 0 1 0 0 0 0 2 0 0 1 7 0 3 2
4 0 0 2 0 2 2 0 0 0 2 0 11 2 4 0 0 13 0 3 2 3 1 2 0 3 3 3 0 3 1 6 1 0 0 2 14 0 1 1 0 4 16 7 0 5 2 2 3 2
3 21 9 3 14 7 2 19 0 4 6 1 7 10 42 0 2 8 13 14 2 0 5 4 2 5 12 24 1 6 4 2 3 1 1 1 1 8 0 1 4 13 4 10 22 22 3 0 1 4
0 3 2 1 5 1 1 0 1 4 3 1 0 3 0 1 3 0 11 0 2 1 1 5 1 5 4 13 3 7 3 0 8 0 3 0 0 13 5 0 2 6 0 0 3 1 0 11 0 3
