1 0 3 10 0 4 1 5 3 8 2 1 3 11 6 2 0 1 7 4 4 3 11 2 3 0 8 0 1 0 6 6 8 0 4 5 1 2 0 1 0 2 0 1 5 0 0 6 13 1
14 0 3 9 1 4 1 1 1 25 3 7 2 1 1 4 4 0 4 0 3 7 0 5 0 1 2 0 0 0 0 0 3 1 2 10 0 6 3 0 2 2 0 0 0 0 3 0 0 2
1 4 0 4 4 2 4 6 8 0 6 7 0 2 4 1 1 3 2 7 1 2 11 27 6 3 1 0 0 26 20 3 5 0 5 7 2 13 2 5 0 10 24 15 12 0 0 6 0 0
8 7 0 1 1 8 7 2 27 0 3 0 4 0 0 3 3 4 2 0 0 4 5 8 10 8 5 4 1 6 0 5 8 2 3 3 1 8 10 3 6 4 0 12 3 3 11 4 4 0
8 0 2 5 0 2 12 1 0 0 8 0 1 0 0 1 4 0 3 0 0 2 2 0 2 10 2 0 1 0 0 0 6 4 7 0 2 0 1 7 11 1 0 0 0 0 1 0 0 2
0 1 0 0 23 0 0 0 0 2 0 0 0 0 12 1 0 0 0 0 4 0 2 0 0 0 0 3 1 1 0 0 0 0 1 3 1 0 1 0 1 4 4 1 0 0 0 0 0 1
0 0 12 8 0 3 6 0 0 4 0 1 1 0 3 0 5 0 2 0 0 2 0 1 0 7 2 0 1 0 0 0 6 0 2 2 1 10 3 1 1 0 4 0 0 2 1 9 1 2
0 0 1 3 0 3 4 0 0 1 15 9 0 0 1 3 3 0 18 0 0 4 0 1 2 6 9 0 1 1 1 2 2 4 5 0 1 4 0 0 6 0 0 1 1 2 1 0 0 0
0 0 0 3 8 4 5 0 7 5 3 1 4 0 1 2 1 1 5 12 4 3 9 5 1 4 7 0 30 2 3 7 0 2 1 9 0 2 3 10 4 9 5 1 4 15 2 10 1 5
1 0 10 8 0 0 6 6 0 3 11 2 0 0 1 13 0 0 0 0 2 15 0 1 5 2 8 1 0 0 2 4 5 3 3 5 1 8 0 0 5 0 0 0 0 0 9 0 14 11
10 3 8 4 4 1 3 5 1 31 25 32 0 5 4 12 1 3 0 1 0 2 6 0 0 1 2 6 0 0 5 3 3 25 6 2 20 1 19 6 13 6 12 20 2 3 4 1 11 21
11 1 6 23 1 0 7 3 5 1 3 3 2 3 0 3 8 3 2 9 3 13 0 3 0 10 7 0 9 6 5 0 1 3 3 2 5 5 0 6 3 1 0 5 0 1 4 2 14 9
19 8 1 4 1 3 0 2 5 2 12 6 5 15 0 16 3 0 0 9 4 1 8 7 3 7 0 7 3 4 0 0 8 1 10 0 0 1 0 2 2 0 14 0 4 0 4 10 6 34
17 1 7 0 1 0 1 3 0 0 2 1 2 0 0 2 0 1 1 1 1 1 1 0 1 1 0 0 0 0 0 4 3 10 2 0 5 3 0 5 0 1 0 0 0 0 6 1 2 5
0 0 3 0 0 1 0 3 1 1 0 0 10 0 0 1 4 1 4 2 0 1 0 0 8 3 2 0 0 0 0 0 1 1 0 3 4 3 0 5 8 0 0 0 0 0 11 0 5 0
6 2 1 11 0 7 38 2 0 0 8 13 11 12 17 14 8 12 4 9 13 6 6 0 3 2 10 3 0 3 6 2 2 4 27 2 0 6 31 1 20 3 0 7 4 0 4 9 0 1
38 6 17 0 6 15 19 0 1 0 4 14 5 1 0 2 31 1 0 1 9 9 2 1 1 13 17 0 8 7 6 2 11 29 18 11 4 12 12 22 0 4 7 12 1 4 21 5 1 1
1 0 9 9 0 1 14 0 0 0 1 6 7 2 0 16 7 2 4 1 0 4 1 0 6 1 2 0 0 0 0 0 3 2 8 3 3 5 0 2 3 1 1 0 0 0 0 0 6 1
0 1 3 3 6 0 0 1 0 1 0 0 2 0 1 0 0 3 0 14 0 1 1 2 1 0 0 0 5 5 8 0 0 4 0 2 0 0 0 0 0 0 0 1 8 0 0 1 0 0
0 1 1 0 10 4 0 1 1 1 0 0 2 0 6 0 0 7 1 1 2 1 8 2 0 0 1 7 4 0 1 5 2 2 0 3 1 0 5 3 0 4 7 17 0 5 1 2 1 2
4 1 2 0 1 0 0 8 5 1 0 11 2 3 2 17 4 16 1 5 2 6 2 5 23 3 2 4 36 3 2 10 2 1 7 34 2 15 5 3 4 0 6 4 6 2 13 3 13 1
3 6 18 5 5 26 1 7 5 3 8 11 6 3 0 0 4 4 34 6 6 5 0 8 6 14 4 0 11 0 2 2 11 11 0 5 3 8 1 7 8 5 0 0 3 11 4 0 7 11
0 0 1 0 1 0 28 4 0 2 4 8 3 1 0 0 0 0 3 0 0 1 0 0 3 0 0 2 0 1 0 0 2 4 1 3 4 2 0 5 12 2 0 1 0 1 9 0 0 3
5 21 6 6 15 0 10 3 8 2 2 8 0 2 9 2 6 1 3 7 3 4 13 5 1 0 1 6 9 3 11 9 8 7 10 0 5 0 18 2 0 9 12 8 6 7 8 2 3 4
4 0 1 6 0 4 2 3 0 1 5 2 2 1 0 1 4 0 0 0 1 15 0 0 15 1 0 0 0 0 0 0 2 0 0 0 3 0 0 12 14 1 0 1 0 0 4 1 9 2
9 8 11 4 11 3 1 10 13 6 0 12 3 7 20 6 0 48 4 2 3 5 5 3 2 3 3 2 13 5 0 2 1 0 3 4 10 4 3 4 6 8 11 1 0 8 14 4 2 6
10 5 26 0 9 0 13 4 2 0 0 2 0 5 2 1 7 3 7 4 1 7 3 1 0 6 1 4 7 4 2 0 5 2 8 5 8 7 1 48 4 5 12 1 2 15 8 0 34 2
0 5 0 0 10 0 2 0 2 0 0 1 0 6 0 1 1 0 0 0 0 0 3 0 0 0 0 5 2 5 4 0 1 0 2 1 0 0 1 0 1 5 0 2 0 1 0 2 1 1
0 1 2 6 5 0 8 0 3 6 23 4 4 14 4 8 4 13 9 1 7 0 2 15 0 0 11 18 2 19 5 7 1 8 0 33 10 0 4 4 0 0 9 5 3 0 28 4 6 7
27 13 11 6 0 10 1 9 2 0 0 1 1 3 2 0 0 0 0 7 7 10 0 0 2 8 8 1 7 3 9 3 14 4 9 0 0 5 1 9 0 0 1 0 1 0 22 4 0 4
19 8 7 0 9 3 7 1 5 46 2 6 12 6 5 18 5 9 18 3 1 1 2 9 9 11 28 1 0 4 4 1 6 0 4 1 11 1 0 12 6 6 0 4 3 4 8 0 8 6
9 0 0 0 0 1 1 1 6 0 1 3 0 0 1 2 4 0 3 1 0 1 2 3 3 0 1 0 2 1 0 0 4 4 3 13 0 4 6 1 2 0 3 0 1 1 3 11 7 0
3 0 1 0 0 2 11 3 0 0 1 23 0 0 0 23 6 1 11 0 1 2 0 1 3 0 2 1 0 0 0 0 7 2 0 0 1 0 0 7 1 0 0 0 0 0 0 0 2 10
2 0 14 9 9 21 14 1 2 27 9 0 1 2 0 1 13 10 4 1 6 1 0 12 19 3 20 2 6 4 13 12 0 13 8 2 2 11 2 14 1 3 0 2 0 0 2 9 4 7
7 6 1 2 1 5 4 1 19 9 4 2 3 0 2 4 1 5 6 1 14 4 7 12 6 5 1 1 13 2 1 4 13 1 11 4 8 1 6 0 16 5 29 1 32 17 0 8 0 4
2 3 9 5 3 0 2 2 1 5 2 2 4 6 6 3 4 1 1 3 3 1 10 3 17 0 4 0 12 2 4 4 2 5 1 7 2 9 0 1 23 1 9 4 1 6 7 5 1 6
0 10 0 0 2 0 1 0 2 1 0 0 0 7 22 1 1 8 0 1 2 0 3 2 0 2 0 2 17 7 8 0 1 0 2 0 0 0 12 0 2 1 3 0 2 2 0 4 1 1
0 0 0 1 0 0 0 0 0 0 0 0 0 0 0 1 0 8 0 0 1 0 0 0 0 1 0 0 0 0 0 2 0 0 0 0 0 2 1 0 0 7 0 0 0 6 0 0 0 0
0 0 7 4 3 2 1 2 4 1 22 0 0 0 0 14 6 1 0 0 0 1 1 1 0 1 2 1 0 0 0 0 0 6 13 0 1 5 0 13 5 0 1 0 0 0 0 4 2 10
5 1 1 2 1 1 0 3 6 6 13 4 0 4 4 0 2 0 5 21 10 2 6 7 17 2 3 10 0 38 3 32 0 0 0 0 4 1 5 7 0 4 6 0 1 30 11 25 6 3
10 8 2 5 7 2 1 2 4 7 19 1 13 8 21 12 0 18 0 6 0 1 0 0 6 1 8 54 0 2 9 10 0 0 2 0 18 3 3 9 6 11 9 7 12 6 17 3 4 0
20 1 2 3 2 15 15 3 4 2 4 21 9 2 5 4 6 0 3 10 15 9 6 13 16 7 0 4 5 15 0 8 6 15 4 9 0 13 3 2 2 1 31 10 6 1 0 3 5 4
8 5 2 0 11 1 0 11 0 5 2 2 8 1 5 7 2 13 1 28 10 1 5 0 8 0 0 12 1 5 1 11 2 24 0 3 4 2 7 8 3 3 3 7 10 1 0 3 3 0
0 0 0 1 1 0 0 0 0 0 0 0 0 0 3 0 2 1 0 0 0 0 0 0 0 0 0 1 2 0 1 0 0 1 0 0 0 0 0 0 0 4 0 1 0 17 0 0 0 0
7 7 3 10 1 3 3 2 1 8 4 0 1 4 29 5 11 2 16 7 2 3 1 1 5 12 2 0 0 0 6 4 5 5 7 13 13 7 7 4 11 2 6 9 6 1 34 5 0 7
0 4 0 0 0 0 0 0 1 0 1 0 0 0 1 0 0 3 0 0 0 0 0 0 0 0 0 0 0 0 0 0 1 2 0 0 0 0 0 0 0 4 1 3 0 1 0 2 0 0
0 0 0 0 1 0 1 0 1 0 0 0 0 0 3 1 0 3 2 0 0 0 0 0 1 0 0 0 0 0 1 0 0 1 0 1 0 0 0 0 0 2 0 12 0 8 0 0 1 1
1 6 11 0 21 1 18 5 10 7 1 1 2 5 2 6 8 0 35 3 3 6 5 0 0 6 1 0 0 12 7 0 14 14 1 0 0 21 0 6 3 0 1 1 7 10 18 5 6 6
10 13 15 0 15 7 1 4 2 0 0 4 1 3 0 3 2 2 0 0 13 7 17 0 8 3 0 1 9 0 1 2 0 15 2 4 1 2 16 1 1 3 2 9 6 7 1 5 0 3
0 1 0 0 9 0 2 0 0 0 0 1 0 0 9 0 0 5 0 0 1 0 1 0 0 1 2 0 1 0 0 0 1 0 0 2 0 0 0 1 0 3 0 1 0 1 0 2 0 1
22 2 0 9 0 2 9 15 17 9 20 14 2 8 6 2 9 1 14 1 1 1 1 20 27 3 9 1 6 3 5 0 15 8 18 21 0 1 3 18 9 1 1 2 6 2 4 11 9 6
0 2 0 2 1 1 0 0 0 2 0 0 2 0 0 2 0 3 0 2 2 0 4 2 0 3 0 4 0 13 1 2 0 0 0 1 1 0 24 0 0 5 5 22 0 2 0 0 0 0
4 5 5 1 1 5 8 9 1 0 10 1 2 2 1 0 2 3 2 1 4 17 3 0 1 6 5 3 1 0 12 2 0 0 4 2 0 0 4 15 0 0 3 2 2 0 5 1 53 9
15 5 4 4 2 15 4 2 6 1 4 3 0 26 16 11 2 4 9 4 2 9 0 1 1 4 0 5 3 2 9 0 0 6 2 4 3 6 3 2 1 34 5 3 1 5 2 7 0 2
3 0 8 1 2 5 0 3 0 3 0 1 2 0 2 14 18 0 14 0 0 0 0 2 4 1 1 2 0 0 0 1 1 6 1 1 0 0 2 9 0 0 0 1 0 0 2 0 2 2
2 7 0 10 6 4 12 2 0 4 3 2 0 16 0 8 4 3 9 32 4 4 10 4 6 10 3 4 2 18 1 22 4 1 10 0 1 5 11 1 8 29 3 5 10 12 0 1 3 1
4 0 1 5 0 3 0 1 3 8 0 0 7 1 0 5 0 1 5 1 2 1 0 3 6 2 1 0 0 0 0 0 8 1 3 3 6 2 4 3 2 0 0 0 0 0 1 4 1 6
5 0 8 2 1 4 0 7 7 0 0 0 1 0 1 7 2 0 0 0 0 8 0 1 1 1 8 0 0 1 0 0 5 9 1 3 0 5 4 0 18 0 3 0 1 0 5 4 4 4
0 0 0 0 3 0 1 0 0 0 0 1 1 0 6 1 0 1 0 0 0 0 1 0 1 0 1 1 0 2 1 1 0 0 0 0 1 0 0 0 0 2 1 0 1 11 0 0 0 1
7 8 0 18 0 5 16 7 2 3 6 7 2 2 1 11 3 15 8 6 1 14 4 14 1 6 3 3 5 1 10 11 1 8 5 6 1 7 8 5 2 10 2 0 6 3 11 3 17 9
9 0 1 0 22 0 1 4 5 2 1 8 7 0 27 2 2 0 13 1 6 2 0 12 3 0 1 0 2 2 2 2 6 1 14 7 11 4 0 6 4 7 2 2 0 0 11 1 2 3
0 5 0 1 6 1 0 2 6 0 0 0 3 2 0 1 0 0 0 0 6 0 14 12 0 0 1 0 7 6 0 5 6 0 1 0 0 1 0 1 1 11 10 0 2 0 0 8 0 1
0 0 0 0 1 3 3 1 2 0 0 0 0 0 0 0 1 0 0 0 0 1 0 0 0 1 0 0 0 1 0 3 1 0 0 0 0 0 0 1 0 4 1 5 0 7 0 0 0 0
18 0 14 9 0 6 2 6 4 1 5 2 2 5 4 8 4 1 13 4 5 15 2 17 0 8 23 2 1 2 0 1 3 8 3 5 7 2 8 4 5 2 1 1 1 4 5 10 3 12
0 0 0 0 2 3 2 0 2 0 0 0 0 0 5 0 0 1 1 1 0 0 1 0 2 0 4 0 0 1 0 0 0 0 1 2 1 1 0 1 0 2 0 6 0 0 0 1 0 0
0 0 0 0 3 0 0 0 0 0 0 0 0 0 3 0 0 2 1 0 1 0 0 0 0 1 0 0 1 1 0 0 0 0 1 0 0 0 0 0 0 0 2 7 0 4 2 0 0 1
9 1 6 1 1 0 1 8 1 0 0 7 8 0 0 7 6 0 2 0 0 0 1 2 0 20 1 0 0 0 0 0 1 6 12 0 5 1 0 3 1 0 3 0 1 1 0 0 1 0
0 16 1 0 13 1 0 0 0 0 0 0 0 2 0 1 0 3 0 2 1 0 11 2 0 0 0 1 2 7 10 2 1 0 0 0 0 0 0 0 0 2 0 0 2 0 0 3 1 1
10 1 0 9 1 1 4 1 4 8 4 0 0 10 0 1 3 12 2 0 8 2 26 2 7 6 2 7 3 1 1 0 3 0 2 5 1 12 0 0 3 0 13 5 9 8 3 3 0 0
0 2 0 0 1 0 0 0 0 0 0 0 0 0 12 0 3 4 0 0 0 0 2 0 0 1 0 1 0 1 0 0 0 0 0 1 1 0 0 1 2 3 0 1 1 3 2 0 1 0
1 0 14 0 0 1 6 12 0 0 5 1 10 0 2 0 2 0 1 0 0 3 0 0 3 5 3 0 3 1 0 1 0 1 6 0 0 0 1 0 5 0 0 0 0 2 2 0 4 0
2 0 9 15 8 5 0 2 1 0 11 5 4 9 8 8 3 4 11 1 3 24 7 2 13 16 24 1 0 2 0 6 27 15 1 4 2 26 0 5 1 2 3 2 5 3 9 3 13 2
6 3 1 12 0 8 4 0 1 1 12 1 3 2 0 1 0 0 3 3 9 2 11 2 3 4 8 0 2 2 22 8 5 4 1 14 10 2 10 1 3 0 2 0 1 1 0 5 5 3
7 0 3 1 1 1 1 6 0 0 1 0 0 0 0 2 0 1 0 0 0 1 0 1 2 7 1 2 4 0 0 0 3 2 5 0 2 9 1 2 6 0 0 1 0 0 1 0 0 0
0 0 0 0 0 0 0 0 0 0 0 6 0 0 1 1 0 0 1 0 3 2 0 0 0 1 2 0 0 0 0 2 0 0 0 0 0 0 0 0 0 14 1 9 1 12 0 0 1 0
3 0 1 7 0 3 0 1 0 1 2 3 5 0 0 10 9 0 7 0 0 4 0 1 0 19 0 0 0 3 0 0 2 8 2 7 0 9 2 1 1 0 0 0 0 0 6 0 2 9
8 0 0 6 6 18 3 9 3 19 24 11 27 5 1 11 47 1 1 8 1 10 0 7 7 3 2 5 3 0 1 7 17 11 8 7 6 3 2 2 1 0 14 3 1 0 20 3 3 7
0 0 2 1 1 2 3 1 3 1 3 2 7 0 0 5 2 1 0 0 0 3 0 0 0 1 7 0 0 0 0 0 5 17 0 0 1 14 1 0 2 3 1 0 0 0 1 0 8 9
1 0 1 4 0 10 0 13 0 0 0 3 6 1 0 0 1 1 2 1 1 5 0 0 1 11 9 1 1 0 0 0 7 1 0 2 3 1 0 0 5 0 0 0 0 0 10 0 0 1
1 8 13 5 0 0 9 14 3 7 0 0 1 0 4 14 3 13 2 15 7 4 1 0 2 0 10 29 15 7 10 1 1 14 5 5 0 1 2 4 0 0 24 1 6 8 1 19 6 0
3 3 17 3 8 17 15 3 5 3 8 8 0 1 5 31 5 8 4 15 19 49 4 10 2 1 4 2 4 6 5 6 13 2 20 7 4 7 1 1 0 2 4 3 0 0 10 8 4 3
0 1 0 0 1 0 2 1 2 0 0 0 0 3 2 0 0 4 2 0 4 0 11 0 1 0 0 2 0 4 0 1 0 0 0 0 0 0 0 1 0 7 0 1 6 5 0 0 0 0
4 0 1 0 0 10 1 3 6 1 12 1 5 1 3 0 2 0 4 0 2 0 0 0 7 5 10 1 0 0 0 1 6 1 0 2 2 1 8 2 5 1 31 0 1 0 2 0 2 4
3 8 3 2 3 1 8 2 1 12 2 8 1 0 0 32 3 1 9 13 5 5 2 0 16 1 10 18 0 6 1 17 1 9 19 0 2 7 2 2 30 9 15 3 19 3 12 2 4 14
7 2 1 6 17 14 9 5 2 4 5 0 4 6 3 27 5 12 8 0 2 1 0 8 6 4 2 22 2 5 14 4 0 14 2 4 3 2 3 2 10 5 4 3 1 2 8 3 0 5
3 1 1 3 1 1 0 3 7 11 1 3 0 0 4 0 4 5 0 0 2 0 5 9 9 11 1 12 5 17 5 25 1 4 5 6 1 4 13 8 3 1 31 0 7 7 3 11 3 1
8 8 3 19 0 27 15 9 1 8 18 24 6 11 3 8 1 14 18 1 5 19 4 3 6 1 7 7 3 2 0 1 5 0 42 1 2 6 0 22 1 11 6 0 0 3 7 1 4 0
0 1 1 0 6 0 0 0 1 1 0 0 0 1 2 0 0 2 1 6 2 0 9 7 0 2 0 4 7 1 0 8 0 0 0 1 0 0 11 0 0 3 2 3 1 11 1 0 0 0
1 3 28 0 6 32 8 27 3 7 1 13 11 12 2 0 15 5 1 9 2 3 3 7 3 3 4 1 1 5 1 0 3 0 25 5 1 0 3 17 19 1 1 7 0 1 3 8 6 0
11 7 0 3 2 5 7 4 1 0 6 1 5 4 1 1 9 5 6 1 12 12 6 2 3 6 0 49 0 9 3 7 8 3 15 0 1 2 8 3 6 14 3 2 6 5 1 0 2 0
7 1 11 1 1 3 3 1 2 9 4 3 14 0 0 10 4 1 7 0 0 0 1 2 1 2 0 0 0 0 0 0 2 5 2 13 1 2 4 3 0 1 1 0 0 0 0 4 0 2
8 3 7 5 11 11 13 0 2 16 1 22 6 22 1 1 6 1 10 10 7 1 15 19 10 1 10 14 3 2 30 15 41 1 0 9 0 12 22 4 2 2 10 9 1 5 6 13 8 5
2 0 7 7 23 6 7 9 4 2 0 1 5 11 2 0 4 22 6 0 1 2 2 21 2 6 2 2 10 0 0 8 3 9 4 12 2 0 12 9 5 3 8 2 13 17 9 0 0 1
5 7 2 6 25 0 9 0 0 0 7 1 5 5 2 3 2 2 4 1 5 3 2 3 4 7 4 6 9 0 0 10 5 1 10 2 4 0 20 0 2 0 0 3 1 3 1 2 11 6
1 0 0 4 2 12 4 12 0 2 8 7 4 0 1 2 1 1 0 1 0 2 0 0 3 28 0 0 0 1 0 0 1 4 0 0 4 0 0 0 2 0 0 0 0 1 3 0 1 8
1 1 0 0 0 0 0 1 1 0 0 0 0 1 4 0 0 0 2 0 0 1 0 0 1 0 0 1 0 0 0 1 0 0 0 0 0 0 1 0 0 1 3 4 1 0 1 0 1 0
13 0 0 4 11 2 1 3 8 0 6 4 5 2 1 1 6 4 17 2 0 23 0 0 5 25 7 1 2 2 6 3 6 4 6 1 1 3 7 1 17 0 10 5 1 1 3 1 8 7
1 20 6 5 10 2 13 4 5 8 3 11 1 7 0 0 1 2 8 0 0 4 1 15 0 12 2 5 1 9 10 42 9 6 2 13 0 4 3 3 9 4 8 0 2 4 42 4 4 27
6 0 2 5 0 5 3 8 0 8 0 3 6 0 0 1 3 0 6 0 1 0 0 0 2 3 15 0 2 1 0 0 1 5 6 3 0 6 0 1 2 0 0 0 0 2 0 1 14 5
16 9 6 1 4 12 15 12 16 1 0 7 3 3 5 7 21 0 1 2 20 1 11 3 1 1 8 12 6 0 7 10 3 15 2 3 0 2 20 2 6 0 7 0 16 0 1 2 3 11
