0 0 0 0 0 0 0 0 0 0 1 0 0 0 0 0 0 0 1 0 0 0 0 2 0 0 2 0 3 1 0 0 0 0 0 4 0 0 0 0 1 0 0 1 2 0 0 0 0 1
0 0 1 0 0 0 0 1 1 0 0 0 1 1 0 0 0 0 1 0 0 0 3 0 0 0 1 0 0 0 0 0 0 0 0 0 3 1 1 1 0 0 11 1 0 0 1 0 1 0
0 7 2 9 2 3 0 1 9 3 1 0 2 0 2 2 1 2 4 10 2 5 0 2 7 1 0 2 26 4 2 9 4 1 6 9 0 4 2 3 4 3 8 12 0 1 0 3 14 3
2 8 7 4 0 3 13 2 7 5 2 1 2 4 7 4 3 9 5 2 0 0 1 6 6 4 2 2 7 13 0 0 0 4 0 1 1 0 1 15 2 4 0 2 13 2 2 0 4 16
2 1 3 1 0 0 0 2 2 10 4 5 0 1 1 4 5 0 2 8 0 3 0 3 8 2 4 8 3 1 0 3 2 0 1 7 4 3 5 6 2 2 0 13 2 0 5 2 6 7
0 0 1 1 2 3 0 0 1 2 1 0 0 0 1 1 0 0 0 0 1 0 0 0 0 0 0 0 0 2 0 0 0 1 0 0 1 0 0 0 0 1 1 0 1 1 0 0 0 0
1 5 6 1 3 0 8 6 4 1 0 0 3 11 3 17 6 1 3 7 10 0 1 2 2 7 5 2 9 0 18 0 1 5 1 9 0 10 5 1 4 6 0 4 0 0 9 0 2 5
1 0 0 1 1 10 5 8 9 7 2 3 6 3 9 1 2 1 2 2 7 2 8 4 3 1 2 3 4 3 1 2 0 1 4 0 4 0 1 1 2 15 3 12 10 19 5 0 0 0
4 0 1 2 4 0 0 0 5 9 0 4 0 8 2 8 3 0 6 1 0 4 0 0 18 0 1 7 5 0 0 1 4 5 0 2 8 8 0 0 6 5 0 2 0 0 18 13 1 2
2 1 7 5 1 0 1 4 0 2 3 4 7 0 2 4 7 9 1 0 0 4 6 2 3 0 4 7 1 0 0 8 1 4 10 1 2 7 1 1 1 4 0 0 8 11 0 8 4 1
2 21 0 3 0 1 8 3 5 3 7 3 2 12 13 25 18 18 9 17 21 1 0 12 9 2 7 3 2 0 28 5 0 23 14 61 4 1 5 7 15 4 9 14 3 0 3 7 9 1
0 1 0 0 0 0 0 0 0 0 0 1 2 0 0 0 0 0 0 2 0 1 0 3 0 0 0 0 0 0 0 0 2 1 0 10 0 2 0 0 0 0 0 0 0 0 1 0 0 1
0 1 9 5 32 8 26 32 0 13 4 13 2 34 5 0 1 6 6 7 10 9 1 9 9 1 28 3 14 12 1 5 2 0 1 17 13 5 19 1 0 6 8 6 3 7 7 1 8 4
4 18 16 6 2 0 13 1 2 6 4 8 2 1 0 17 14 4 18 4 11 6 0 4 24 0 19 0 20 2 1 12 0 5 1 6 8 7 10 11 25 3 0 4 2 2 11 16 2 10
2 0 5 2 0 0 0 7 14 5 3 10 5 1 0 6 1 8 1 0 2 0 19 1 3 0 2 5 8 4 0 16 0 1 1 0 1 0 0 14 8 14 0 1 0 9 4 4 3 1
4 3 3 3 1 2 9 1 6 2 3 4 10 4 10 9 15 11 0 14 4 0 5 1 11 0 0 12 1 10 9 0 0 2 0 1 3 7 0 0 11 2 1 3 0 1 0 0 6 1
8 6 2 0 0 3 18 0 0 17 0 13 2 9 4 18 1 1 6 0 2 18 5 3 0 0 2 11 9 5 3 0 1 2 0 2 0 1 5 2 0 1 23 3 11 2 0 4 10 6
4 0 14 0 14 44 1 3 12 2 3 10 9 29 2 1 5 3 0 1 9 26 2 2 2 10 3 3 1 2 0 3 3 21 7 1 1 44 17 10 2 5 4 0 5 4 1 3 1 0
0 3 0 0 2 0 2 9 0 1 0 0 2 1 0 0 0 1 0 2 0 1 0 0 1 1 0 0 0 0 0 0 0 0 1 10 0 1 0 0 0 4 0 0 0 2 1 0 1 1
0 0 1 1 3 2 3 19 4 4 2 1 4 8 1 0 3 3 0 4 8 0 1 0 4 0 4 0 10 1 8 6 5 6 4 7 4 2 1 2 7 3 6 9 1 7 5 5 9 5
1 0 2 1 2 1 1 0 0 0 1 0 0 0 0 2 0 1 0 0 0 0 0 2 0 0 2 1 0 0 0 0 1 0 0 1 1 0 0 0 1 0 1 1 4 0 1 3 0 0
3 23 0 9 3 3 4 2 4 1 13 23 29 0 6 14 3 24 13 4 2 1 7 1 2 7 15 10 2 16 7 2 13 4 20 7 2 1 7 0 13 0 8 15 6 13 4 29 13 2
1 3 0 5 0 1 0 0 1 0 3 5 0 2 4 4 0 10 4 0 2 3 13 3 1 2 4 1 3 7 6 16 7 3 0 1 0 0 6 1 6 0 2 1 18 1 8 2 1 0
1 4 5 14 0 3 8 11 7 1 1 0 0 4 4 5 2 2 6 0 1 12 6 5 11 2 3 1 2 6 0 6 1 1 1 7 5 0 6 1 16 1 0 0 0 7 2 0 3 3
0 0 2 1 2 0 1 0 0 0 0 1 0 0 0 2 0 1 0 0 2 0 2 0 0 0 0 0 0 0 6 0 0 0 0 1 3 0 2 0 0 0 17 0 0 0 0 0 0 0
7 1 18 7 0 0 2 17 1 2 0 0 7 5 6 0 1 1 9 0 0 8 5 7 4 6 7 9 3 1 20 5 3 4 8 2 1 3 5 5 3 0 1 4 8 3 3 0 6 0
7 1 10 6 2 2 10 3 26 6 10 16 28 3 1 4 2 33 16 8 25 1 0 0 9 1 0 1 11 2 10 6 13 3 10 8 3 3 2 1 5 27 0 3 29 2 7 2 6 10
1 2 14 3 10 18 2 2 4 3 7 2 1 6 0 3 4 1 17 9 3 2 0 1 8 2 1 4 5 1 1 13 15 5 1 11 10 8 14 9 3 6 25 13 6 3 20 5 5 5
3 1 18 0 0 0 5 3 0 2 6 2 0 4 0 1 2 0 7 1 0 9 3 0 3 1 1 0 3 0 1 1 3 13 5 1 0 5 2 0 0 0 6 18 2 3 5 4 6 1
0 6 11 13 15 0 2 7 16 12 5 6 6 2 5 18 0 0 2 20 1 1 0 0 5 13 20 22 2 2 2 6 0 6 2 1 1 7 12 33 4 6 15 0 8 17 29 1 4 1
2 8 11 0 11 4 11 3 3 4 0 3 14 1 0 3 4 0 10 1 5 11 5 1 0 4 18 4 5 14 0 0 1 4 9 3 8 5 5 2 0 1 26 3 23 1 3 9 1 4
0 0 1 0 3 0 0 0 0 0 0 2 0 1 0 0 0 1 0 3 0 0 0 1 0 0 0 0 1 2 0 0 1 0 2 1 0 0 2 0 3 0 0 1 0 1 0 1 1 0
4 10 3 2 9 2 8 6 2 13 0 0 0 1 2 0 0 8 19 4 6 1 9 0 2 6 3 5 2 8 3 5 3 11 1 0 6 5 1 0 12 2 0 8 3 0 6 2 2 20
5 0 4 0 32 2 6 0 2 2 17 8 6 0 6 0 6 0 16 6 3 6 41 36 6 2 1 3 7 2 0 26 14 17 7 1 23 7 0 6 4 12 4 4 11 4 3 2 11 13
24 3 7 6 38 0 1 0 6 21 4 16 2 14 20 4 34 4 5 20 4 0 15 3 4 1 0 0 5 0 10 4 19 9 16 10 2 2 0 25 22 4 10 8 1 9 0 2 1 1
4 3 6 3 2 5 2 8 22 2 40 9 21 4 17 8 1 4 5 7 1 2 1 9 0 12 19 18 1 7 1 30 16 10 29 5 0 20 2 7 1 1 1 6 3 2 7 11 6 2
16 3 10 5 0 10 7 1 1 14 4 0 7 10 0 2 2 1 5 0 3 2 13 4 1 0 9 8 4 1 2 0 0 7 10 2 9 1 1 4 6 14 14 3 14 7 10 1 4 1
1 5 39 1 17 3 2 0 3 1 8 2 8 2 7 16 4 6 5 0 7 2 4 1 4 0 5 30 2 5 1 4 11 8 0 11 2 6 5 6 6 0 0 6 43 2 11 2 3 0
6 2 1 7 6 3 13 0 3 6 3 2 41 0 4 8 0 10 7 16 0 6 27 3 6 26 7 10 20 13 10 2 23 4 24 19 11 19 5 3 4 15 30 7 45 8 3 5 2 13
4 5 9 1 0 2 2 1 11 0 8 0 0 8 9 8 2 17 6 0 0 4 2 1 4 4 0 0 0 0 2 0 2 2 9 2 8 2 9 3 3 3 8 9 0 3 3 4 0 0
4 2 1 25 1 0 4 6 4 0 2 10 4 5 5 11 1 6 21 4 4 10 9 4 1 0 3 6 3 2 7 0 3 0 0 4 8 0 9 0 8 4 6 9 2 7 5 1 2 0
2 19 7 11 3 3 1 9 0 0 8 13 10 3 5 7 11 8 4 0 3 10 3 1 12 28 13 7 4 1 4 12 0 15 1 7 8 1 20 3 4 2 0 2 0 2 2 11 0 1
1 0 0 0 0 0 0 12 0 0 0 1 0 0 3 0 0 0 0 0 1 0 0 0 0 0 0 4 1 3 0 3 0 0 0 2 0 0 1 0 0 0 0 0 0 1 0 0 0 1
0 1 1 10 0 0 0 0 1 0 0 0 0 0 0 0 0 0 0 0 0 2 0 0 0 2 0 1 2 1 0 0 0 0 0 0 0 0 0 2 8 0 0 0 0 0 0 0 0 2
6 6 0 0 6 3 0 1 0 10 1 2 1 8 0 4 1 4 2 5 1 1 2 8 12 3 3 3 1 3 6 1 0 1 0 3 0 1 7 3 0 3 1 8 3 0 1 14 1 1
20 0 2 19 0 8 7 4 5 0 9 11 4 2 5 0 14 5 2 0 7 7 1 5 9 0 7 2 0 5 0 2 2 2 15 21 6 4 3 5 18 2 1 18 14 1 4 1 1 1
22 4 7 2 19 0 21 11 12 13 11 3 8 4 1 2 3 0 9 3 10 14 6 5 4 14 0 0 6 29 13 10 2 1 1 5 1 0 16 5 23 1 6 51 8 3 8 7 3 5
0 1 0 0 1 0 0 11 0 0 2 0 0 0 0 0 2 1 0 0 0 0 0 2 2 0 0 0 0 0 1 1 0 1 0 6 0 1 0 2 0 0 1 0 0 0 0 1 0 0
0 0 1 1 0 1 0 0 0 0 0 0 0 0 2 1 1 0 0 0 0 1 0 2 0 1 1 0 0 1 4 1 0 1 3 3 0 0 1 0 2 0 4 1 0 1 0 1 0 0
4 11 5 0 1 36 0 1 1 1 0 3 6 1 0 1 5 3 1 1 8 3 15 6 2 4 13 18 1 6 0 0 2 3 1 0 17 2 0 0 0 7 1 3 1 3 12 4 3 10
2 2 0 0 0 1 3 1 0 0 0 0 0 0 0 0 0 0 1 0 0 0 0 0 0 0 1 1 1 0 0 1 0 0 0 3 0 0 0 3 1 1 2 1 0 0 1 0 1 0
0 7 7 7 0 7 10 10 0 19 0 1 7 4 8 0 1 4 11 1 4 2 0 0 3 1 8 0 3 23 2 5 4 10 2 0 3 2 0 26 3 0 45 8 24 14 4 1 3 2
0 0 0 1 0 0 0 0 0 1 0 0 0 0 0 0 1 1 0 0 1 1 0 5 0 0 0 0 1 0 0 0 0 0 1 0 0 1 0 2 2 0 3 0 0 0 0 2 0 0
0 0 2 0 3 1 0 1 0 0 1 2 0 2 0 0 0 0 1 6 0 0 0 0 0 0 0 0 0 0 1 1 0 0 0 1 0 0 0 0 0 10 0 0 1 0 0 0 0 0
1 3 0 3 5 2 3 7 2 4 0 9 6 0 12 5 1 0 12 2 5 1 0 1 3 6 0 0 2 0 0 8 1 5 3 3 3 3 5 5 1 1 0 1 1 0 12 7 7 4
12 1 8 1 1 4 16 0 8 0 1 1 3 3 18 8 0 0 3 0 1 1 4 0 0 0 5 1 0 17 0 1 10 0 9 3 4 5 7 0 4 0 1 0 8 0 12 3 9 4
10 1 8 9 4 2 1 8 1 2 1 0 4 3 8 11 0 6 5 14 3 1 0 8 0 0 0 2 7 3 13 7 5 2 3 0 1 4 0 8 2 2 1 7 2 6 9 0 2 0
2 5 0 8 8 2 5 0 2 9 4 27 5 5 12 16 0 9 7 29 3 12 1 1 25 7 17 11 2 5 2 4 1 5 2 20 0 2 8 1 3 6 27 1 2 21 4 12 13 11
28 13 8 1 16 0 1 15 10 6 24 1 1 7 0 3 23 17 11 3 0 5 3 1 1 27 5 8 2 19 4 8 1 0 15 9 3 11 11 2 3 16 2 3 12 3 0 3 15 7
5 0 1 1 4 2 0 0 9 0 17 12 5 0 0 2 3 8 3 0 2 0 7 2 1 2 3 6 5 0 19 6 0 8 0 0 4 5 0 1 4 2 3 1 2 4 0 4 0 2
4 2 33 3 30 1 5 0 6 3 4 4 4 2 7 11 8 8 9 0 14 1 5 11 6 21 4 21 3 6 1 0 2 0 1 8 13 7 28 1 13 2 11 2 1 16 9 27 4 9
7 10 34 8 10 1 0 26 58 1 6 4 2 20 3 22 9 0 4 3 8 4 10 6 0 4 3 14 17 2 0 10 8 17 1 6 4 2 7 6 5 15 9 6 8 1 3 2 4 4
0 1 0 0 0 3 0 5 1 1 0 0 0 0 0 0 0 0 0 0 0 0 0 0 1 0 0 3 0 0 0 1 2 0 0 0 0 1 0 0 1 0 0 0 1 0 0 1 0 0
23 21 17 0 3 2 4 5 0 11 0 1 6 1 4 11 0 1 15 2 15 10 11 0 0 3 7 8 2 0 6 1 0 11 11 0 10 11 4 6 6 2 1 3 0 16 17 3 3 3
2 1 0 7 0 1 3 10 0 5 4 6 2 4 8 21 2 20 3 0 0 0 2 6 1 19 6 8 1 0 0 2 5 10 5 0 1 0 0 1 7 0 0 0 0 7 0 1 4 2
0 1 0 5 0 0 0 0 0 0 0 0 0 0 0 0 1 1 0 0 0 0 0 0 0 0 0 0 1 0 0 0 0 0 0 0 0 0 0 0 1 0 0 1 0 0 0 0 2 0
0 0 0 6 0 0 0 0 0 0 1 0 0 0 0 0 1 0 0 0 0 0 0 2 0 0 0 4 0 1 0 1 0 1 0 0 0 0 0 0 0 0 1 0 0 0 0 2 0 0
0 0 0 0 0 0 1 4 1 0 0 0 0 0 0 4 0 0 0 0 1 0 0 1 1 0 0 0 0 0 0 1 0 0 4 2 1 1 0 0 2 0 0 0 3 3 0 0 0 0
13 9 4 3 3 0 0 2 7 8 11 6 20 0 8 5 11 15 4 2 26 2 9 34 7 3 3 28 6 2 0 10 0 9 1 13 31 3 10 0 3 10 6 20 5 8 3 0 10 6
0 1 2 12 3 0 6 0 11 0 23 3 7 5 7 13 2 0 6 15 37 1 23 9 7 3 8 0 9 26 9 8 18 1 0 19 3 0 11 4 1 1 8 11 4 11 4 3 9 3
8 4 4 14 1 0 1 5 6 28 0 4 0 9 6 1 3 10 7 1 3 14 0 5 6 1 1 6 5 17 26 10 3 4 9 2 10 12 13 0 9 5 0 0 24 0 1 1 9 1
1 1 0 1 1 6 0 14 2 10 4 4 9 1 0 9 6 0 6 0 0 2 5 5 0 7 9 2 5 0 6 3 4 4 7 2 3 2 0 4 2 1 1 7 0 5 9 4 1 0
4 2 8 0 1 4 0 0 1 1 15 1 8 3 1 2 1 12 2 5 8 0 6 0 6 3 1 4 1 0 16 2 5 1 5 0 11 2 2 1 2 5 10 5 0 1 0 6 2 1
5 1 0 7 0 0 4 0 5 6 1 1 0 11 2 0 0 4 9 0 6 4 1 1 3 0 1 6 4 1 2 11 5 0 0 5 9 14 0 4 4 0 10 0 21 2 2 12 4 2
6 9 5 16 3 15 3 4 1 3 26 5 4 17 1 4 6 13 12 2 10 14 1 18 1 0 5 3 9 3 9 3 15 6 6 0 20 3 0 3 0 34 8 5 24 5 1 3 18 2
19 0 6 2 29 10 2 5 0 14 18 2 10 0 13 3 4 3 7 7 1 0 3 3 4 22 2 8 1 1 4 10 0 10 6 4 0 15 3 6 7 1 0 1 5 0 7 6 1 3
1 2 4 6 2 1 0 0 3 3 0 6 4 0 2 7 0 0 1 6 1 7 22 18 0 0 1 0 3 13 2 5 9 8 2 20 0 0 9 3 2 15 8 4 5 0 7 3 3 0
0 0 5 6 9 11 2 9 1 9 0 13 6 0 1 5 1 0 9 6 9 2 13 0 0 2 7 1 11 3 15 3 3 0 1 0 0 9 10 0 26 4 3 3 0 8 4 17 5 0
12 2 20 1 4 3 12 0 1 0 1 6 3 10 0 1 13 1 10 1 4 5 16 6 3 0 1 1 7 13 4 5 7 9 3 4 14 7 1 7 3 10 2 20 20 14 2 14 4 24
9 4 5 5 7 0 4 15 8 4 2 0 1 5 26 0 15 25 17 0 10 2 3 0 2 5 13 4 1 5 5 11 0 13 24 7 3 15 0 10 7 2 0 1 27 3 3 32 16 0
0 0 0 0 9 0 1 0 5 0 2 0 1 0 2 2 0 0 2 0 0 0 0 0 0 1 2 0 1 0 0 1 1 0 0 0 0 1 1 0 0 8 2 0 0 1 0 1 0 0
0 2 0 0 0 0 0 0 0 0 0 0 0 1 2 0 0 1 0 0 1 0 5 0 1 0 0 0 0 1 1 1 0 0 0 0 0 0 0 0 1 0 0 0 0 0 1 0 0 0
1 1 0 0 3 0 1 1 0 0 0 0 0 0 0 0 0 0 2 0 0 0 0 0 0 1 0 3 0 0 0 0 1 1 1 0 0 0 0 0 0 0 1 2 0 2 1 0 0 3
0 0 0 0 1 0 0 0 0 0 2 0 0 0 0 1 0 0 0 1 1 1 0 3 0 0 0 1 0 0 0 0 0 0 0 0 0 0 0 0 0 0 7 2 0 0 0 0 0 0
2 3 2 11 1 1 2 0 4 1 2 2 7 0 1 1 4 4 1 2 1 0 9 4 0 0 2 1 0 2 3 3 0 14 2 0 3 3 8 0 0 3 6 2 6 9 2 1 2 0
4 0 4 0 0 3 3 0 9 4 5 1 2 2 2 14 5 7 1 6 4 9 0 0 3 0 0 6 0 0 6 23 1 0 3 9 1 1 3 5 0 2 10 0 1 0 6 0 1 3
0 0 0 0 0 0 0 10 1 0 0 0 0 0 0 0 1 1 1 0 0 0 0 0 1 1 0 0 0 3 0 0 0 1 0 0 0 0 0 1 0 0 0 0 0 0 0 0 0 0
4 1 0 0 7 3 0 8 13 1 0 11 0 4 1 5 0 4 3 2 2 1 0 5 10 2 1 7 11 2 8 1 4 10 1 1 3 5 3 17 5 4 0 1 7 6 6 5 5 3
6 4 3 19 5 3 6 0 2 6 1 0 5 15 26 4 18 4 1 3 3 1 3 0 1 2 3 0 4 0 0 3 9 3 7 0 0 4 18 4 2 0 4 16 0 0 1 2 3 5
0 0 0 0 0 0 0 1 2 1 0 0 1 0 2 1 0 0 0 1 2 1 3 0 1 0 0 1 0 0 3 0 1 2 0 0 1 1 0 0 0 0 0 0 0 1 1 0 0 2
7 8 11 5 6 4 1 0 11 6 3 5 9 1 28 5 14 4 21 19 2 2 5 18 8 0 4 6 6 6 4 0 0 2 13 0 43 1 11 7 0 6 1 14 1 0 3 11 3 3
0 0 0 0 0 0 0 3 1 0 0 0 0 1 0 1 0 0 0 0 0 1 1 1 0 0 0 4 0 1 4 1 0 0 1 2 0 0 1 1 0 0 4 2 0 0 2 0 0 0
6 9 10 2 0 11 1 0 2 3 10 14 0 3 7 3 4 3 1 4 6 7 2 5 2 0 4 2 4 5 5 10 3 0 3 1 1 5 0 0 9 12 3 2 1 2 5 5 8 1
5 16 2 5 3 3 8 0 8 4 7 9 29 1 2 4 3 7 2 30 3 12 2 25 3 5 4 11 13 17 4 11 4 3 4 1 24 25 2 28 10 3 1 16 6 15 2 48 16 4
11 0 6 8 7 2 7 5 2 5 0 8 11 0 1 1 7 9 0 4 4 3 24 8 21 12 11 17 16 4 1 2 0 0 3 1 26 34 2 11 2 2 8 17 2 2 5 7 15 8
1 0 1 0 5 5 2 5 2 3 1 2 2 0 0 3 1 0 0 3 1 10 10 12 1 0 13 4 3 1 8 1 11 3 2 0 5 7 5 2 2 2 8 0 9 12 1 15 8 0
2 2 1 2 0 6 0 0 2 25 2 0 16 2 0 0 4 24 2 6 3 7 2 0 1 9 11 0 0 4 2 5 0 0 8 0 2 1 12 1 6 3 0 12 12 2 0 10 0 8
2 19 5 1 7 8 0 1 2 11 12 1 5 29 0 2 4 1 6 9 22 3 15 3 2 9 3 20 1 15 16 1 0 0 0 1 2 2 0 1 13 10 13 12 9 4 10 12 2 2
0 0 3 2 0 0 0 0 0 0 1 2 0 0 0 0 0 0 0 1 0 0 0 1 0 0 0 0 1 0 1 0 3 1 1 2 1 0 0 0 0 2 0 0 0 0 0 1 0 0
0 0 0 2 0 2 1 1 0 0 0 0 1 0 0 0 0 0 0 0 0 0 3 0 0 0 0 0 0 0 0 0 0 3 0 0 0 0 0 0 10 0 0 1 6 0 0 0 0 0
