4 13 3 5 11 4 0 3 29 17 7 3 5 9 18 3 8 17 6 4 5 1 8 3 3 15 7 1 11 1 7 2 7 5 5 1 0 7 0 8 3 9 18 4 8 5 0 1 13 12
13 6 0 11 1 13 4 2 4 0 24 4 34 0 1 1 26 2 0 5 2 7 0 3 38 0 3 0 4 5 30 12 2 3 0 2 6 10 31 1 18 5 11 9 0 6 3 22 6 9
3 1 0 0 4 0 1 0 0 0 0 0 0 0 0 1 0 1 7 0 1 1 0 0 0 0 1 0 0 0 0 0 0 0 0 2 1 0 1 0 0 0 0 0 2 0 1 0 0 1
0 0 0 0 0 1 0 0 4 1 2 0 1 0 0 0 0 1 0 0 0 0 12 0 0 0 0 0 0 0 0 1 0 0 0 0 1 6 0 0 0 0 1 0 0 2 0 0 0 1
1 17 4 2 0 0 0 1 1 0 1 2 0 2 2 1 9 2 8 2 1 3 1 2 0 0 9 14 3 4 2 0 8 4 7 0 1 8 12 0 0 1 1 3 0 0 3 0 15 6
1 2 8 1 2 4 13 10 3 10 13 1 4 5 4 2 1 2 1 4 0 3 3 5 5 1 0 11 0 3 7 0 1 11 10 4 3 2 0 3 3 6 3 15 1 0 4 1 2 0
0 1 0 2 0 0 0 1 0 0 0 0 1 1 1 0 1 1 1 0 0 0 18 1 1 1 1 0 0 0 0 0 0 1 0 1 1 7 0 3 1 0 0 0 1 0 0 0 1 0
0 6 6 3 0 1 0 0 12 21 0 5 20 3 0 0 12 2 2 0 7 3 1 1 0 4 0 0 8 23 0 1 6 10 0 7 0 0 5 4 2 7 7 0 1 5 6 1 3 0
4 5 20 25 11 0 0 32 4 5 4 1 4 18 7 6 8 5 0 3 0 3 0 6 0 3 4 7 2 4 10 6 1 7 23 9 16 17 41 14 12 3 0 9 0 60 14 0 10 1
0 0 0 0 0 0 0 0 0 0 0 0 0 0 0 3 0 0 0 2 0 0 0 0 1 0 0 3 0 1 0 2 0 0 1 1 0 0 0 0 0 0 1 0 1 0 0 3 1 2
0 9 10 2 11 26 12 3 3 0 9 8 8 1 5 4 2 2 2 5 9 9 0 29 10 26 15 3 1 10 6 21 4 3 3 17 0 5 4 9 3 13 18 3 1 3 4 13 26 19
7 0 0 0 1 1 1 0 3 0 2 0 0 2 1 1 0 0 1 2 1 0 0 1 0 0 0 0 0 0 0 0 2 0 0 1 0 0 0 0 0 0 0 0 14 0 1 1 0 0
0 14 1 0 4 27 0 21 1 23 1 3 16 2 0 2 4 1 0 11 0 7 0 0 1 1 4 0 14 4 7 6 6 13 0 5 0 2 0 15 12 10 1 2 1 3 4 1 0 4
0 0 0 1 1 0 0 3 1 0 1 0 2 4 1 0 0 0 0 0 0 1 0 1 0 0 0 0 2 0 2 2 0 2 1 0 0 0 0 0 0 1 0 3 4 1 0 0 0 0
0 1 0 2 0 0 0 0 0 0 0 0 0 4 0 0 0 0 1 0 3 0 1 1 0 0 0 0 0 0 0 0 0 0 0 0 0 0 0 0 0 0 1 0 0 0 0 1 0 1
1 11 0 13 1 3 0 1 1 4 3 0 3 2 5 1 1 4 4 4 0 7 1 2 22 0 4 3 0 11 1 6 10 1 2 4 0 6 5 0 7 1 19 4 2 0 1 3 0 0
2 22 8 0 19 1 4 6 3 9 1 2 0 3 33 11 6 3 4 5 6 4 14 3 8 10 6 0 0 3 0 0 2 6 11 2 1 9 7 1 3 2 2 9 2 13 12 0 8 17
2 5 6 1 3 3 1 2 6 1 3 3 2 15 2 6 0 7 0 13 1 3 3 7 0 14 0 2 0 2 4 0 5 0 17 2 3 9 21 2 4 4 0 6 3 11 2 0 6 3
16 1 0 0 0 1 2 0 0 4 0 0 0 0 2 0 0 0 1 0 0 2 0 0 0 1 0 1 1 0 0 0 0 0 0 1 1 2 0 0 0 4 0 2 19 0 1 1 1 0
2 5 4 10 18 11 17 8 1 4 4 1 3 12 10 1 8 12 4 12 0 6 0 16 4 8 4 11 2 0 2 7 9 11 11 0 8 2 11 14 1 15 7 14 7 0 3 2 1 21
0 0 0 4 0 0 0 0 0 5 0 0 0 0 0 0 1 0 0 1 1 1 4 0 1 0 0 1 0 0 0 1 3 2 0 0 0 2 0 0 0 0 1 1 0 4 0 0 4 0
20 6 0 16 0 7 0 2 5 9 5 12 1 12 6 6 0 13 2 5 8 14 1 1 2 0 3 0 3 0 1 3 2 4 5 0 0 1 12 15 6 1 0 3 7 1 2 0 5 6
1 2 25 12 2 26 10 1 7 9 11 17 12 0 13 2 16 9 0 22 5 2 0 6 21 5 14 16 5 29 4 1 6 3 6 4 1 3 12 9 3 9 23 3 5 0 35 17 9 0
0 0 2 0 0 0 0 1 1 0 0 0 0 0 0 0 1 0 0 1 0 0 1 0 1 0 0 3 3 0 0 0 0 0 0 0 0 0 0 0 1 0 0 0 1 0 0 0 1 0
24 5 0 5 1 1 19 2 0 11 17 4 4 9 2 6 0 10 0 3 8 1 0 0 1 2 4 3 4 2 3 10 3 0 5 1 6 0 1 0 4 0 0 0 1 3 0 3 7 1
6 25 30 6 4 7 1 13 26 1 7 0 2 5 0 3 3 3 3 19 1 37 0 11 19 5 11 0 2 3 0 8 1 2 0 0 0 1 13 1 8 0 7 9 3 0 4 0 4 0
4 1 10 7 0 24 6 62 9 5 1 8 4 0 3 18 7 9 16 4 5 2 11 0 3 9 13 0 5 10 1 2 1 18 0 24 0 3 1 7 2 4 18 3 0 1 0 4 3 8
0 35 9 10 2 4 3 1 11 1 14 18 6 5 10 4 0 7 17 13 3 2 1 6 19 0 12 9 5 1 12 1 6 8 2 5 18 20 0 6 10 6 1 3 1 10 6 5 0 0
5 0 3 6 1 30 1 1 31 0 19 2 3 11 1 2 0 0 8 4 34 11 5 4 19 0 0 4 6 28 5 6 4 24 0 2 2 5 20 2 26 8 7 0 12 13 2 2 6 1
1 8 3 0 11 0 1 2 3 4 3 2 5 26 9 10 5 19 7 22 12 7 5 1 1 10 21 7 3 5 25 12 3 0 5 9 12 1 13 12 14 2 3 20 9 0 4 0 0 1
0 0 0 1 1 0 0 0 0 0 1 1 0 2 0 0 0 0 8 1 0 1 0 1 0 0 1 2 1 0 0 0 0 0 0 0 0 0 0 0 0 0 0 0 2 0 1 1 2 1
2 3 12 2 7 4 42 1 1 1 2 10 4 7 0 2 0 2 0 1 0 4 5 5 3 1 0 3 9 8 1 2 2 0 2 6 6 5 0 1 2 0 4 2 3 6 1 1 1 0
6 3 1 3 0 0 0 3 4 3 0 9 1 4 19 0 4 0 9 0 3 6 1 0 5 2 3 0 6 1 1 12 6 7 8 2 0 2 12 14 4 5 2 8 0 7 2 2 0 8
5 5 0 15 18 0 0 3 12 22 23 29 7 12 18 2 3 3 12 16 1 1 17 11 5 0 12 9 1 2 7 11 8 6 9 4 2 6 11 23 0 0 8 6 0 4 12 39 9 9
6 11 14 16 13 3 9 0 10 2 3 0 11 2 0 7 3 2 0 1 5 2 2 32 0 1 3 6 12 12 24 22 2 16 0 1 8 13 2 5 2 5 4 5 2 8 13 2 1 2
1 4 3 9 1 2 5 0 2 2 0 0 1 7 0 12 0 1 1 16 3 5 0 10 6 3 11 4 0 3 5 0 9 2 0 11 3 0 9 3 1 0 5 1 0 1 6 1 5 0
7 2 9 3 2 8 7 6 10 15 1 0 5 4 0 1 3 2 4 0 13 7 2 1 1 3 0 0 0 0 0 4 9 0 9 7 1 13 3 0 3 3 0 7 4 4 0 0 9 8
1 9 6 2 18 10 5 0 6 12 8 2 20 8 39 1 0 1 4 9 3 32 8 3 32 4 1 28 2 1 2 6 7 2 11 1 4 1 0 8 6 3 6 21 3 17 16 1 12 3
3 4 0 1 1 1 0 1 0 0 0 0 1 0 0 0 3 0 2 0 0 0 0 0 0 4 0 1 0 0 0 0 0 1 0 0 0 0 4 1 2 0 0 0 2 1 0 0 0 0
3 3 4 1 3 12 38 12 5 13 1 6 2 5 2 14 10 0 0 0 39 3 13 8 1 15 9 0 4 10 14 2 26 12 1 4 2 1 3 6 12 0 9 17 2 41 3 10 12 0
2 21 7 13 1 0 2 12 0 14 19 7 2 34 0 6 6 2 8 1 0 3 4 32 3 5 1 3 3 15 18 0 7 18 29 1 20 10 2 2 8 14 31 2 4 0 3 3 0 3
1 2 2 3 8 0 0 1 14 4 1 2 3 0 8 3 1 3 10 0 1 1 2 1 6 3 7 9 10 9 0 9 4 1 0 0 16 2 1 11 6 7 2 3 1 1 0 1 1 7
15 3 6 14 0 0 3 18 5 4 15 1 2 5 5 0 10 1 50 0 3 3 8 17 0 2 0 12 6 16 2 39 0 1 3 2 19 10 7 4 3 5 0 3 2 14 10 4 0 0
2 8 0 2 3 14 3 8 9 7 6 4 9 8 9 0 8 5 5 25 3 9 1 9 2 2 36 36 0 7 9 11 30 10 5 1 1 3 3 0 2 0 2 3 9 1 11 7 2 12
5 8 12 3 24 12 12 3 16 6 9 12 17 1 5 12 7 0 18 4 29 3 5 8 18 0 5 10 6 5 10 1 27 8 8 19 9 0 16 13 4 1 0 2 1 14 7 1 21 8
0 0 0 0 2 0 0 0 0 1 0 0 0 0 0 1 0 0 1 0 1 0 1 1 0 0 1 0 3 1 0 0 0 1 2 0 0 0 0 0 0 3 0 0 5 0 0 0 0 0
0 0 0 0 0 0 0 0 0 0 0 0 0 0 0 0 0 1 0 0 0 0 6 0 2 1 0 1 1 0 0 2 0 1 0 0 2 0 0 0 0 0 0 0 0 0 0 12 1 0
3 8 26 2 5 7 14 1 0 26 14 3 3 0 1 12 10 1 3 13 3 6 9 4 12 3 0 1 9 1 4 44 16 2 21 2 11 13 0 6 1 3 6 2 3 14 2 2 3 3
2 1 0 0 1 0 0 0 1 0 0 2 1 0 3 1 0 0 1 1 0 0 1 0 1 0 2 1 4 1 1 4 1 0 0 0 0 1 0 0 1 0 0 0 1 0 0 3 2 0
7 7 6 14 1 0 7 8 20 33 5 8 2 8 10 3 18 10 8 13 14 14 5 9 10 28 1 36 0 1 5 0 15 1 5 4 4 2 3 7 2 1 27 1 2 3 12 9 17 0
0 0 5 0 1 0 1 1 1 0 0 1 0 0 0 2 1 1 0 1 0 0 3 0 1 0 2 0 1 0 0 0 0 0 1 2 0 0 1 0 0 0 0 0 0 0 0 0 0 0
8 1 4 9 18 5 0 8 5 3 8 0 27 12 9 3 1 18 5 2 5 9 2 36 3 35 6 8 3 6 8 1 27 3 3 2 1 5 14 0 16 11 0 12 5 0 0 3 6 2
2 9 5 2 0 2 6 1 3 4 1 1 2 1 5 1 3 3 0 4 7 1 5 6 3 13 4 3 6 2 4 3 2 3 4 0 1 8 2 2 3 2 3 6 13 0 1 5 3 1
2 7 6 4 1 5 0 2 9 0 0 4 0 6 2 6 2 7 1 10 9 16 3 16 4 2 5 11 5 1 0 4 5 4 1 2 4 6 0 1 1 15 0 0 2 1 0 0 5 17
17 10 0 1 5 0 3 4 6 6 7 9 19 26 1 0 30 35 0 8 4 6 30 0 8 0 2 20 3 0 8 1 6 5 6 29 12 16 31 4 1 15 6 28 13 6 5 8 2 4
0 0 0 0 0 0 0 0 0 0 0 0 0 0 1 0 0 1 1 0 1 0 0 0 0 3 0 0 2 0 0 0 0 0 0 1 0 4 0 0 0 0 0 0 0 0 0 0 0 0
3 0 1 0 0 0 0 0 0 0 1 0 0 1 0 0 0 0 1 1 0 0 2 0 0 0 0 0 0 0 1 0 0 1 0 0 1 0 0 0 0 0 2 0 0 1 0 1 0 1
1 2 2 1 7 11 14 7 1 2 0 6 10 3 10 4 0 17 0 10 0 2 6 3 0 6 2 1 1 4 4 0 4 0 16 0 0 4 2 6 7 3 0 6 0 2 2 0 1 6
3 0 3 0 5 0 1 3 2 3 2 1 4 3 2 1 9 2 4 8 2 0 1 2 0 8 8 5 2 4 1 2 3 0 2 16 2 6 1 3 0 8 1 2 7 3 6 0 0 0
0 0 0 1 4 1 0 0 0 0 0 0 1 1 2 0 0 0 0 1 0 0 1 0 1 0 0 0 0 0 1 2 1 0 1 1 0 0 1 0 0 0 1 0 0 0 1 0 0 1
4 1 0 4 7 3 0 35 10 6 3 2 17 28 2 8 2 4 0 7 1 10 28 1 33 0 2 8 0 15 1 12 11 0 5 14 3 2 2 1 4 20 1 26 14 2 1 13 12 0
3 7 2 4 4 2 3 0 0 5 0 5 8 2 5 17 8 8 4 0 9 23 9 0 3 2 6 6 1 4 0 1 7 1 4 1 0 12 2 2 4 10 0 13 8 0 0 6 2 6
0 0 0 0 0 0 3 0 0 0 0 0 0 0 0 0 0 0 0 0 0 0 0 0 0 7 1 0 6 0 1 0 0 3 0 1 1 1 1 0 0 1 0 1 0 0 1 1 1 0
9 0 11 19 21 2 2 2 2 1 16 6 0 12 11 22 0 1 15 2 1 18 9 24 1 9 1 3 4 1 2 1 6 2 23 5 2 8 2 4 1 2 0 8 4 6 9 3 10 1
3 7 6 0 2 6 0 0 3 1 2 9 1 5 7 4 2 7 9 4 1 8 14 0 0 4 0 10 0 2 1 14 13 1 1 2 3 17 1 4 0 3 9 2 0 14 1 7 1 11
13 2 2 9 1 0 9 2 10 0 1 6 1 0 4 5 1 2 3 3 11 0 0 14 0 10 5 0 1 11 0 10 5 0 2 2 4 0 8 1 7 0 1 0 11 0 5 1 4 2
2 38 7 17 1 9 0 2 8 14 5 6 3 0 0 6 23 0 0 4 9 2 1 12 0 19 28 5 2 7 1 28 1 20 4 11 13 5 0 15 15 7 2 12 4 5 2 20 9 4
3 0 5 0 4 7 3 9 2 9 6 3 3 4 3 3 9 0 2 6 9 2 0 3 5 1 2 6 4 2 0 3 4 4 0 0 0 25 2 0 1 1 0 1 5 0 4 2 5 0
4 1 4 4 2 0 1 6 2 0 2 7 2 0 4 0 3 1 6 1 7 6 0 6 7 0 4 2 4 1 2 0 0 2 2 12 5 9 3 0 1 0 11 8 4 6 4 2 1 0
21 5 2 5 0 1 4 7 1 23 2 6 1 15 1 9 7 9 9 3 24 0 4 6 4 13 5 2 22 7 0 20 25 1 0 6 0 2 7 12 1 0 19 9 19 3 16 7 7 19
9 1 7 15 9 1 19 1 8 7 2 0 9 41 4 6 18 4 0 4 6 4 4 9 1 12 18 8 4 18 6 3 7 9 23 5 25 15 6 5 8 2 2 12 2 5 2 0 4 1
13 7 5 3 0 1 7 8 0 6 3 1 2 1 9 0 4 6 1 5 8 0 0 8 2 6 8 11 3 9 3 3 4 4 5 0 0 0 5 2 8 6 5 2 4 0 2 8 1 11
1 5 10 0 23 1 3 3 1 2 0 6 15 2 0 0 3 2 0 17 3 3 4 1 7 5 3 1 0 6 4 5 4 5 1 0 0 6 6 6 0 3 21 10 0 1 5 0 0 4
0 1 5 4 8 1 27 8 8 0 6 1 2 6 0 6 1 4 0 29 0 5 0 13 3 9 0 0 0 6 5 5 2 2 0 13 0 0 3 0 8 0 4 2 0 1 10 1 5 3
10 1 2 0 1 1 0 11 16 0 10 6 2 0 8 1 4 0 5 8 5 3 2 3 7 4 3 5 1 0 3 1 0 1 0 17 7 3 9 2 1 3 15 0 8 0 6 26 5 5
2 3 10 14 21 1 4 0 7 0 2 3 7 21 1 8 1 0 3 6 2 5 19 20 11 0 2 19 11 8 3 7 24 0 4 1 2 15 10 16 3 6 6 6 4 3 28 19 6 6
0 0 0 0 0 0 1 1 0 0 3 0 0 0 0 1 0 0 0 0 0 2 0 0 0 0 0 0 0 1 0 9 2 1 0 0 0 1 1 0 0 0 1 0 0 0 0 1 0 0
1 8 0 0 3 0 2 5 3 2 1 2 3 1 3 1 1 1 0 5 23 3 1 3 14 0 0 2 8 0 0 6 13 0 8 12 7 15 0 6 3 0 0 11 1 0 5 1 1 0
0 2 0 0 3 0 1 0 0 0 2 0 0 1 2 5 0 1 0 1 1 0 2 0 2 0 2 0 0 0 0 1 1 0 0 0 0 0 1 0 0 0 0 0 0 0 0 0 0 0
1 0 16 12 0 4 2 0 9 4 6 6 3 1 0 2 10 2 0 9 1 10 3 3 7 9 2 2 1 4 0 9 0 3 4 12 0 2 4 5 15 1 42 0 0 2 11 1 3 2
5 0 1 24 0 0 0 13 4 42 9 6 1 2 5 5 5 1 1 1 7 0 2 0 17 10 6 7 0 17 5 3 9 1 20 18 12 4 7 10 0 0 1 35 1 1 10 7 30 14
35 1 0 4 0 21 23 11 5 0 10 11 1 3 21 0 10 9 2 0 1 47 10 1 5 0 14 8 0 16 1 0 1 5 12 17 16 8 5 0 1 1 1 12 6 20 10 0 0 13
44 15 10 4 10 20 2 1 1 7 1 4 10 0 4 4 2 15 0 5 16 7 7 2 41 20 40 15 19 6 1 16 8 1 2 6 3 19 5 2 7 12 2 0 1 4 1 17 2 0
1 0 0 0 0 1 2 1 0 1 0 0 0 0 0 2 1 0 2 0 1 3 0 0 0 0 1 0 0 0 0 0 0 0 0 0 2 0 1 0 0 0 0 0 0 0 1 0 0 0
6 4 6 6 12 5 4 4 6 8 35 0 19 1 24 1 8 3 4 5 8 0 8 1 7 1 3 2 13 1 2 0 0 0 2 9 40 4 4 0 14 17 3 17 2 1 6 4 4 10
0 2 0 4 12 6 9 0 15 0 3 1 1 10 3 9 1 12 5 5 12 5 0 8 0 7 9 6 4 15 12 5 28 12 17 1 3 9 8 1 5 3 0 3 1 8 6 6 4 2
0 9 9 13 7 8 0 2 8 1 5 1 3 1 5 0 1 4 13 3 0 2 2 1 3 0 0 15 2 2 36 1 7 1 3 5 1 9 2 3 17 9 2 7 6 1 3 11 6 3
0 3 0 7 0 4 0 6 4 0 3 1 0 0 10 4 10 0 1 1 5 3 2 3 6 4 0 1 2 5 0 3 9 6 3 25 0 1 2 2 0 1 23 0 9 1 5 3 3 2
1 1 0 1 0 0 0 0 1 1 0 0 0 0 0 0 1 0 1 1 0 2 0 4 0 0 1 0 1 1 0 0 0 0 0 1 2 0 1 1 0 0 0 0 3 0 0 0 0 0
13 2 5 12 4 3 12 3 8 1 2 5 6 0 4 9 2 6 1 7 3 2 0 1 5 14 3 0 10 0 3 5 2 0 11 0 7 0 2 2 10 3 3 0 1 3 3 1 0 5
3 6 3 1 14 2 3 8 10 3 13 10 2 2 0 2 7 4 10 1 5 11 16 3 4 0 3 2 1 5 4 1 6 2 2 4 5 2 16 3 8 3 4 2 2 17 1 1 0 0
0 0 0 2 0 0 0 0 0 1 2 0 1 2 0 0 0 0 1 0 0 0 0 0 0 0 0 0 1 1 0 1 0 0 0 0 0 2 0 1 0 1 0 0 0 2 1 0 1 3
6 2 5 7 3 7 24 39 6 31 6 4 26 45 17 1 10 0 9 3 1 1 3 8 4 3 5 4 6 2 0 2 3 8 4 15 11 1 9 3 3 5 0 0 10 0 15 2 0 16
6 12 3 11 6 12 3 7 10 9 2 5 6 2 6 0 0 8 10 8 62 6 2 4 29 0 8 2 8 19 9 4 9 0 6 2 26 3 0 5 3 0 13 0 9 2 1 27 1 0
4 1 1 1 1 4 5 2 10 6 3 0 1 3 0 7 4 4 0 2 1 12 2 0 15 20 1 5 7 1 0 7 1 2 1 10 9 3 2 0 0 3 0 10 0 3 0 8 0 0
1 3 41 5 2 11 0 7 2 11 0 5 7 11 0 6 2 27 12 8 2 1 10 2 1 3 17 8 1 6 7 5 2 35 15 9 18 11 1 15 17 9 9 22 7 19 11 1 2 2
0 0 0 0 0 2 0 0 0 0 2 0 3 0 0 0 1 0 0 0 0 1 0 0 0 2 0 1 0 2 1 0 0 0 0 0 0 0 0 0 0 0 2 1 1 0 2 0 0 1
2 1 4 1 0 1 0 1 0 0 2 1 0 0 0 0 0 0 0 1 6 0 2 0 1 0 0 1 0 0 1 0 0 0 1 0 0 0 1 0 0 0 0 0 1 0 0 0 0 4
4 0 0 0 1 0 0 0 0 1 0 0 0 0 1 3 0 1 0 1 1 0 0 0 5 2 0 0 0 0 0 0 0 1 0 0 0 0 1 0 2 0 0 0 0 0 0 5 0 0
0 6 0 4 21 9 0 2 2 3 1 11 4 1 4 1 9 3 3 3 9 1 1 2 1 1 2 3 0 4 3 10 16 14 1 1 6 9 1 5 5 5 6 3 1 2 0 1 14 2
