1 4 0 3 6 1 3 9 13 3 1 6 4 0 0 0 2 3 2 6 0 8 1 11 11 0 7 4 0 7 0 20 10 0 1 1 0 3 19 10 3 5 0 11 6 3 6 1 2 1
0 0 0 0 1 1 0 0 0 0 0 2 1 1 0 0 2 1 0 0 0 0 0 1 0 0 1 0 0 1 1 0 0 0 0 2 0 1 0 0 0 0 0 0 0 0 1 0 1 0
5 2 2 3 1 5 2 8 2 3 0 3 0 4 0 1 0 5 8 7 7 1 2 6 2 3 4 9 7 3 5 3 4 5 9 15 3 11 7 3 1 4 7 2 12 0 12 7 0 1
0 0 0 2 0 1 0 0 0 2 0 0 1 0 1 0 0 0 0 0 0 0 0 0 0 2 0 2 0 0 0 0 0 0 0 0 1 0 2 0 0 0 1 0 0 0 0 1 0 6
28 1 14 9 0 1 1 1 7 0 15 3 7 7 7 1 1 18 4 2 5 29 8 2 5 4 10 0 0 11 2 3 8 0 13 13 2 26 10 1 6 10 2 10 17 4 3 1 9 5
3 9 5 1 1 0 3 5 12 3 7 6 1 1 6 8 10 4 4 8 1 5 3 6 6 3 5 2 0 6 3 2 4 3 0 2 7 12 2 15 1 10 0 0 1 28 10 0 5 0
26 19 8 7 2 4 8 46 9 5 38 7 3 1 40 8 3 6 1 7 0 10 5 12 0 2 18 5 15 0 2 44 3 4 11 2 30 8 5 1 8 1 8 8 4 15 14 3 12 0
6 7 1 1 1 3 6 1 16 11 14 9 4 0 26 35 26 3 0 34 13 12 1 2 7 3 2 1 5 4 15 16 4 11 4 5 0 9 14 3 5 1 1 0 3 15 22 15 3 16
0 0 1 3 0 1 0 2 0 1 0 0 1 0 0 0 2 1 0 0 0 1 0 2 1 0 0 0 0 0 1 2 0 0 1 2 2 0 0 0 1 1 0 0 1 1 0 0 0 2
6 1 1 0 9 2 15 8 0 1 1 3 13 0 2 4 4 12 8 4 9 0 0 1 1 0 0 13 24 3 2 0 1 17 6 0 1 2 0 0 1 1 14 19 1 1 4 14 0 0
0 2 21 2 14 7 5 3 2 0 2 10 1 23 2 4 8 2 3 8 2 5 10 3 2 8 0 2 3 0 0 14 3 6 0 4 5 1 11 0 5 0 11 1 1 2 1 6 5 3
5 4 7 1 0 1 1 0 0 1 4 4 0 5 1 1 0 11 0 0 0 0 0 9 0 0 1 2 0 1 1 0 1 0 5 2 0 5 1 9 1 2 9 3 7 1 0 1 0 0
2 7 0 0 3 0 15 7 2 3 0 2 5 0 0 0 12 0 4 5 4 4 3 3 3 1 3 21 6 0 2 7 0 1 3 0 1 2 12 9 0 1 1 4 3 9 1 12 3 3
2 1 4 4 1 2 0 0 0 0 3 4 0 6 1 4 0 2 0 0 2 9 0 0 1 0 8 0 0 1 1 0 2 1 0 3 0 5 1 0 0 0 7 3 11 0 1 0 2 0
2 9 3 6 1 3 2 3 1 7 3 1 0 0 4 2 17 1 4 0 1 23 0 8 4 5 3 1 1 0 3 0 4 3 10 4 1 12 6 1 1 8 1 1 1 6 0 1 0 0
11 7 7 6 0 2 13 1 16 14 17 4 0 2 18 13 9 1 8 31 4 23 1 6 1 24 18 1 6 10 14 7 26 26 3 18 25 2 6 21 4 38 3 5 2 8 4 21 2 0
0 0 0 1 6 0 0 11 1 0 0 1 2 0 1 0 3 0 0 0 3 0 0 1 2 0 1 0 0 0 0 0 3 0 0 0 1 0 0 0 0 0 0 0 0 0 0 0 0 0
0 1 0 0 2 0 0 1 0 1 0 0 0 0 0 0 16 0 0 0 0 0 1 6 1 0 0 1 0 0 0 1 3 2 0 0 1 1 0 0 0 1 1 0 0 1 0 1 1 0
4 1 1 9 10 1 1 2 2 3 0 1 0 3 11 5 7 1 4 2 9 5 4 1 8 4 2 0 6 8 0 10 2 0 0 0 6 8 8 0 0 0 5 1 1 1 3 2 1 1
0 2 1 0 0 3 4 0 1 0 0 0 0 0 0 0 0 0 0 0 0 0 0 0 0 0 2 1 0 0 0 1 1 0 0 0 1 1 0 0 1 1 0 0 1 0 0 0 0 0
1 3 9 10 19 6 1 13 12 0 4 1 5 0 8 9 4 22 4 8 23 11 19 7 1 5 26 2 16 1 0 6 8 21 4 15 9 22 13 0 0 14 4 5 2 4 8 3 0 15
5 7 6 1 2 2 2 1 1 12 8 1 18 0 2 1 20 0 3 12 6 7 0 17 1 2 1 0 1 2 1 10 0 0 3 0 1 1 15 1 0 5 5 5 1 3 5 3 1 0
9 6 7 44 4 12 7 2 3 7 3 8 3 2 0 2 3 10 10 13 2 5 4 0 0 5 0 3 4 3 9 19 30 0 15 38 6 5 8 9 12 0 15 12 7 11 3 3 0 6
0 0 0 10 6 0 11 4 5 3 4 11 2 10 9 2 0 8 1 0 5 3 6 0 8 2 2 1 3 0 0 13 2 2 0 15 0 2 3 9 19 0 1 4 5 5 4 8 1 1
4 4 18 4 0 3 24 7 9 8 14 21 4 5 0 9 6 14 9 2 1 6 9 23 15 9 4 41 7 1 5 1 11 0 5 10 7 16 9 5 1 15 14 2 20 0 2 5 3 1
2 2 2 6 8 0 3 0 8 1 2 4 0 1 1 6 6 1 4 0 4 1 4 0 0 2 9 2 6 7 2 6 5 6 0 6 2 7 3 6 1 0 5 2 2 0 4 15 10 10
0 4 0 0 5 25 2 1 9 37 6 5 1 38 9 10 1 4 9 11 5 1 1 1 13 4 5 0 18 2 5 23 9 4 4 13 12 16 6 49 8 4 1 2 25 8 1 2 0 3
0 1 0 3 4 5 16 0 0 5 0 0 1 0 0 0 9 0 8 0 0 0 2 17 0 10 0 5 0 2 0 0 0 9 0 0 8 0 0 1 1 0 1 0 0 0 0 0 0 4
1 0 1 0 0 2 2 0 1 4 0 0 1 0 1 1 7 2 0 4 0 0 0 1 0 7 0 8 1 1 1 0 0 4 0 0 0 0 0 0 0 0 0 0 1 1 0 1 0 0
12 10 4 4 37 6 4 18 6 0 5 0 6 12 0 10 6 8 14 2 4 3 2 7 3 21 8 2 2 9 4 26 2 3 21 0 9 11 30 18 11 2 7 1 21 7 24 0 5 8
0 0 4 0 0 0 1 0 0 0 0 0 1 0 0 0 0 1 0 0 0 1 0 0 0 2 0 13 0 0 1 0 0 3 1 0 0 1 1 0 0 0 0 0 0 0 1 1 0 0
2 8 9 2 3 1 1 1 4 6 2 0 1 6 0 6 6 1 6 4 0 2 1 1 5 0 0 22 0 6 9 10 3 5 3 0 0 8 7 16 3 2 4 2 4 4 2 10 0 1
25 0 2 2 0 9 7 33 7 13 2 8 6 20 1 6 14 14 48 10 7 14 2 7 2 9 1 0 3 5 19 5 2 39 0 3 14 12 0 14 12 9 14 8 10 5 0 10 2 35
10 0 0 28 1 7 2 2 4 4 8 11 1 2 5 4 0 0 0 3 4 12 4 2 5 7 0 1 1 6 0 5 6 3 0 1 2 6 5 8 1 8 2 5 1 12 8 0 4 6
4 0 4 10 0 1 8 3 5 4 0 2 0 2 4 8 0 12 1 1 3 5 3 2 8 3 6 5 3 8 4 13 0 0 0 4 5 3 3 0 8 23 1 4 3 6 5 2 1 3
0 1 6 0 16 12 14 7 1 9 2 4 12 4 4 0 8 1 1 4 1 1 11 0 11 19 1 0 0 2 2 4 0 0 5 3 0 14 0 11 5 2 5 13 1 3 5 13 2 14
1 0 0 0 0 1 0 0 3 0 0 0 1 1 4 0 0 0 0 0 0 0 1 0 1 0 1 0 0 0 0 1 1 0 1 0 0 0 0 0 0 0 0 1 0 0 0 0 0 15
3 2 0 4 1 11 0 1 0 3 3 13 5 6 5 5 0 2 0 0 0 1 0 1 0 1 0 0 1 1 15 1 5 11 6 2 3 8 3 11 5 1 1 0 0 3 1 1 2 4
0 0 2 0 0 0 0 9 0 0 0 0 5 0 2 1 0 0 0 0 0 1 2 0 0 0 1 0 0 9 0 0 1 0 0 0 0 0 0 0 0 0 0 0 0 1 1 0 0 1
5 8 1 1 1 1 27 9 3 0 9 1 9 2 1 3 7 6 1 2 3 3 12 6 7 24 10 3 11 26 2 5 0 28 1 4 19 3 0 1 3 0 0 0 10 0 6 5 2 8
3 6 8 0 1 4 0 0 1 3 2 12 2 0 1 2 11 4 1 1 7 0 0 1 0 0 7 20 10 0 5 6 3 3 3 15 8 4 0 5 1 1 11 0 6 3 0 0 7 4
4 1 11 3 6 8 8 6 2 7 6 9 6 18 12 5 3 2 3 2 1 3 4 1 0 19 5 3 1 7 2 2 10 2 1 7 0 5 0 4 11 11 6 1 5 3 9 1 0 0
1 1 0 0 0 0 0 0 2 0 0 0 0 0 0 1 0 0 0 0 1 0 0 0 1 0 0 3 2 0 0 1 0 1 2 0 1 1 0 2 0 0 0 0 0 0 0 0 0 0
0 8 2 2 3 3 4 2 9 2 5 1 2 0 2 1 5 18 2 2 8 3 12 2 1 10 8 3 4 0 0 6 19 0 3 0 0 1 1 0 2 0 0 0 0 1 17 2 4 1
0 0 3 0 1 0 0 0 2 2 0 0 9 0 1 0 2 0 1 22 0 0 2 7 0 2 0 2 8 3 1 0 0 0 1 0 2 0 1 0 0 0 0 0 0 0 0 2 1 0
6 20 1 2 5 0 2 13 13 5 0 9 3 4 26 9 0 21 10 4 0 4 8 4 13 15 1 3 8 3 2 0 14 2 1 21 5 0 2 2 17 6 2 4 29 2 3 26 2 9
2 2 0 6 0 7 0 0 2 2 0 4 5 0 1 0 0 1 3 0 6 0 3 1 3 0 3 8 7 6 7 3 3 8 2 2 15 0 25 0 1 7 9 4 1 6 2 7 6 3
2 0 8 2 13 0 1 7 0 1 0 12 9 3 6 6 2 1 3 9 16 5 3 1 11 1 2 3 6 0 0 0 5 1 2 0 0 0 0 0 0 1 3 13 3 3 6 4 0 2
0 0 0 1 1 7 4 4 1 2 0 0 9 0 0 0 3 0 6 12 3 0 2 2 1 2 3 4 10 3 2 0 1 4 1 0 1 1 0 0 0 0 0 0 0 0 3 0 0 0
1 1 1 12 2 0 5 6 1 2 6 5 3 7 6 0 7 1 11 0 1 3 4 6 3 3 4 3 12 4 5 3 9 2 0 0 0 8 19 7 3 4 1 4 4 0 4 4 10 0
1 0 2 0 0 5 8 0 15 1 5 6 3 2 0 3 16 4 5 2 0 11 13 12 3 7 5 4 0 3 2 4 10 11 3 6 3 3 3 1 8 0 3 2 0 5 1 4 2 2
1 2 0 0 0 1 12 0 2 1 0 1 0 1 0 0 0 15 13 5 9 3 0 5 4 13 7 2 2 1 5 6 0 8 5 0 4 7 10 0 0 5 6 0 0 7 2 0 2 2
0 0 0 0 10 0 0 26 0 3 2 2 3 1 0 1 0 0 0 0 0 0 2 1 2 0 0 0 0 5 0 0 0 0 0 0 1 0 0 0 0 1 0 0 0 1 0 0 0 0
5 0 9 8 14 0 7 1 14 28 4 6 3 5 3 0 4 2 7 9 1 0 3 3 4 2 0 13 6 9 8 0 3 0 0 5 40 13 9 3 0 1 8 2 2 4 3 0 4 9
5 11 15 9 5 12 4 0 23 3 5 5 0 5 0 5 0 10 16 15 0 3 3 6 9 5 8 2 8 3 1 24 2 8 42 3 1 4 11 4 9 7 0 4 19 4 3 7 11 2
7 7 4 0 10 3 5 7 4 1 4 4 2 25 14 0 9 3 8 4 4 5 5 8 1 10 1 2 10 3 16 24 8 14 10 16 4 3 22 13 6 12 17 32 0 1 2 2 15 0
17 25 47 9 3 2 9 11 0 2 39 8 3 11 1 4 8 6 2 2 3 10 4 4 6 3 13 0 14 8 0 4 2 3 17 1 7 15 5 1 1 1 1 1 1 7 17 8 3 1
0 0 1 0 0 0 0 0 3 1 0 0 0 0 0 0 0 0 0 0 0 0 1 16 0 2 0 1 0 1 0 0 0 0 0 0 0 1 0 0 0 0 0 0 0 0 0 1 1 0
1 0 1 0 3 0 0 1 0 0 0 0 13 0 0 0 0 1 2 0 0 0 0 0 0 0 1 0 0 5 0 0 0 0 0 1 2 0 0 0 0 0 0 0 0 0 1 0 0 1
3 8 0 2 0 8 3 4 1 2 8 3 19 4 2 18 2 3 1 1 2 2 5 1 0 4 0 9 0 1 1 2 6 5 1 3 8 2 4 1 0 5 0 3 0 0 1 2 11 0
22 12 2 2 0 2 4 3 10 6 7 4 0 3 8 26 1 2 3 2 3 14 14 1 5 10 20 30 6 29 6 5 2 3 7 0 0 0 3 0 5 5 7 12 6 0 14 10 5 1
28 11 15 5 7 2 0 1 1 7 1 7 21 0 3 3 0 5 1 12 0 6 2 1 4 0 12 5 15 1 15 22 5 11 3 14 17 6 1 2 1 2 7 4 1 4 0 5 0 3
4 7 4 6 7 2 8 40 0 20 8 6 5 2 8 1 3 21 11 0 3 1 1 3 27 2 4 22 4 2 30 0 8 3 5 4 1 3 1 49 10 5 3 0 0 12 8 3 4 25
0 0 0 2 8 17 2 5 5 5 0 2 4 0 1 0 2 0 3 4 0 2 3 4 1 3 0 5 2 2 0 0 0 1 0 0 14 3 0 0 1 0 0 0 0 0 0 0 3 0
2 10 4 1 0 1 1 1 2 1 5 7 5 10 3 3 0 6 0 0 1 2 1 3 2 15 0 1 8 10 0 6 4 5 2 8 2 9 5 1 4 0 4 1 2 0 14 0 0 2
2 17 3 4 2 0 6 2 1 5 10 2 7 1 14 2 1 2 5 15 1 10 4 1 2 7 2 0 5 0 3 3 3 0 0 0 8 7 0 2 0 7 5 0 1 11 3 4 2 4
0 2 2 2 14 0 7 6 3 17 3 3 24 18 16 13 7 2 10 0 5 2 3 0 1 1 1 4 7 0 1 3 23 9 12 16 1 12 15 9 3 10 3 11 13 1 9 2 16 2
0 1 2 4 0 1 6 4 0 1 5 7 1 6 1 3 0 0 0 2 3 8 11 12 3 7 7 2 1 1 12 7 12 1 6 19 1 18 16 2 12 4 0 3 4 0 3 0 3 5
0 2 0 1 1 0 0 0 0 0 0 0 0 1 1 0 2 1 0 0 0 0 0 7 2 1 0 2 0 0 0 1 0 0 0 0 0 1 0 1 1 0 0 0 0 2 0 1 0 0
0 7 1 9 6 3 2 3 5 2 4 2 0 1 1 6 2 1 9 2 12 4 1 2 0 6 4 0 2 4 1 3 5 7 5 0 3 1 0 4 6 4 10 0 0 1 10 12 4 0
0 16 9 6 21 0 2 4 0 19 3 2 3 24 11 8 13 1 7 0 7 16 2 2 5 1 15 12 13 2 3 26 19 14 17 11 11 0 7 8 13 7 6 18 2 1 7 3 25 31
2 7 5 10 3 0 4 0 9 1 9 7 5 5 2 4 0 3 14 6 1 2 3 4 0 0 3 3 4 0 3 1 1 1 0 1 14 8 0 23 4 1 4 1 14 1 0 0 1 8
1 1 0 6 5 2 4 5 1 3 0 0 0 1 1 3 3 1 1 2 5 8 0 2 0 8 14 2 5 1 8 15 9 8 16 2 3 4 3 4 0 3 1 11 1 4 1 0 8 0
3 11 2 3 5 2 15 3 1 3 11 1 0 2 0 8 1 3 1 0 1 6 2 2 3 7 0 3 0 10 1 0 4 5 0 3 7 13 18 5 0 1 0 9 2 0 9 4 12 10
5 2 9 0 14 0 10 9 14 1 3 2 14 10 2 9 12 2 6 7 7 16 0 27 18 6 16 8 7 1 1 3 7 2 1 14 7 31 19 5 16 11 2 2 3 1 2 0 17 13
2 0 0 0 0 2 0 0 0 0 0 0 0 0 0 0 6 0 0 2 2 0 0 6 0 0 1 1 3 0 1 3 0 0 2 0 0 0 1 0 1 0 1 0 0 3 0 0 0 1
1 3 0 2 5 6 6 2 2 0 7 7 0 1 6 7 4 3 6 3 24 0 1 2 4 2 10 6 5 7 0 2 4 2 1 1 0 0 0 5 0 8 6 2 0 12 4 0 2 9
2 21 16 10 25 15 4 28 6 0 9 7 2 14 30 6 0 6 1 13 6 7 21 4 4 7 3 3 4 14 3 3 6 2 10 1 4 16 3 14 3 0 9 10 6 20 0 17 5 1
0 0 0 0 8 0 2 3 2 0 0 1 4 1 0 0 0 0 0 0 0 0 5 0 0 0 1 0 0 0 0 2 0 0 3 0 0 0 1 0 0 0 0 0 0 0 0 0 0 0
1 0 0 0 1 0 1 0 0 1 1 0 2 2 1 0 0 0 0 0 0 0 0 0 1 3 0 0 1 0 2 1 0 1 0 0 0 1 0 0 0 0 0 3 0 0 0 0 0 1
0 5 0 2 0 0 0 5 1 1 2 1 1 6 11 8 0 5 6 2 6 2 3 11 10 2 6 1 4 1 0 19 0 7 8 0 1 4 1 1 7 1 6 4 0 1 0 3 1 0
11 5 0 10 5 10 59 1 1 22 6 15 16 8 14 0 4 3 4 1 0 3 13 2 3 20 5 7 6 7 3 14 12 16 1 3 5 11 2 5 7 0 23 4 0 13 4 15 22 0
0 1 5 10 0 2 3 0 10 0 1 0 0 6 3 0 18 1 7 3 10 3 0 2 2 9 4 0 7 1 7 1 2 3 0 4 5 5 1 1 0 7 0 5 3 2 1 12 0 6
1 6 35 8 15 1 7 1 0 1 39 16 6 4 2 6 9 0 0 1 3 3 10 3 3 1 1 7 2 9 8 0 0 10 12 13 4 6 7 1 4 18 9 11 3 4 2 1 3 15
0 0 16 4 6 26 3 4 2 8 0 18 3 6 0 1 3 5 8 4 12 0 2 5 0 3 7 14 7 2 31 3 4 20 1 5 39 7 6 8 7 7 4 11 4 3 5 9 7 8
0 0 1 1 0 2 1 0 2 0 0 0 1 1 0 0 1 0 0 0 5 0 3 0 0 0 0 0 0 1 2 1 0 0 0 0 0 0 0 0 0 0 0 1 1 0 0 0 2 10
0 1 0 0 0 0 0 0 0 0 0 2 0 0 4 0 3 1 0 0 1 0 0 8 3 1 1 5 0 0 2 0 0 0 0 0 1 2 1 0 1 0 0 0 2 1 0 0 0 1
21 1 8 2 7 4 8 0 6 2 6 0 1 4 0 11 3 5 0 6 5 14 18 0 6 3 0 5 15 2 39 22 6 1 4 9 2 16 4 18 8 3 6 6 3 8 2 26 3 17
3 2 6 2 10 5 11 6 6 3 8 2 1 1 3 13 0 1 6 5 0 0 1 8 10 7 2 3 4 0 2 6 0 3 1 19 2 7 0 0 0 4 6 0 0 1 1 1 3 8
0 0 0 0 0 1 1 0 0 0 0 0 0 0 0 0 0 0 0 0 0 0 0 0 1 2 0 0 0 0 1 0 0 0 0 0 0 0 0 0 0 1 0 0 0 1 1 2 0 1
3 4 16 4 0 11 5 0 7 7 6 5 0 3 12 0 3 21 11 2 0 0 5 34 7 7 1 0 11 5 5 3 4 11 0 2 4 1 12 0 5 8 5 1 9 39 7 10 18 5
0 0 0 0 0 0 0 6 0 0 0 0 5 0 0 3 0 0 1 2 0 0 0 2 0 2 0 0 0 2 1 0 1 1 0 0 0 1 0 1 0 1 0 0 1 0 0 1 0 0
0 1 1 1 0 0 0 0 0 1 1 0 0 0 0 0 0 0 5 0 0 0 0 0 0 0 3 0 0 0 1 0 2 0 3 1 1 0 1 1 0 0 1 0 0 0 0 0 0 2
0 0 0 1 1 0 1 1 0 1 0 0 0 1 1 0 4 1 0 2 0 0 0 2 0 0 1 0 0 0 1 0 1 0 1 0 0 0 1 0 0 0 0 1 0 0 0 0 0 0
1 0 1 0 0 0 1 0 0 0 3 0 0 0 1 0 0 0 0 4 0 0 0 2 0 0 0 13 0 0 0 0 0 1 0 0 0 1 0 3 2 2 0 1 0 0 1 0 0 1
0 0 11 2 1 13 12 3 5 1 0 5 0 6 2 0 0 3 11 2 3 3 0 0 7 2 1 0 3 11 2 5 1 3 0 0 5 8 2 5 4 0 2 3 4 3 2 1 13 2
6 4 18 1 16 8 3 7 4 4 11 4 3 9 27 7 3 12 6 9 25 6 1 1 0 4 6 2 1 6 15 3 2 3 3 8 11 4 4 1 1 5 16 1 22 2 1 2 1 29
0 2 0 0 1 1 7 1 1 2 0 1 1 0 1 0 4 0 0 4 2 0 0 28 0 0 0 10 0 0 0 0 0 0 0 0 1 0 0 1 0 1 0 0 0 0 0 0 0 1
2 0 4 0 11 4 5 0 4 0 5 0 1 0 0 5 0 18 2 0 0 2 0 0 0 8 1 0 3 6 6 3 2 9 3 4 0 1 0 11 0 0 0 1 2 3 3 9 7 14
3 2 4 6 0 2 1 1 3 1 4 1 0 0 0 0 2 2 8 0 0 1 5 2 1 7 1 2 0 0 0 0 2 3 4 1 1 7 3 0 8 3 0 0 2 2 6 5 10 1
