0 0 1 0 8 0 0 0 6 1 0 0 1 8 0 0 0 0 0 1 0 0 0 0 0 1 0 0 0 0 0 3 0 0 1 0 0 0 2 0 1 0 0 0 0 0 0 0 1 0
1 2 1 1 4 3 8 4 4 2 1 9 3 12 1 2 4 2 0 12 5 7 6 2 3 0 0 4 4 0 2 3 2 11 4 0 0 0 4 1 3 3 4 1 11 0 19 2 3 9
3 10 1 0 0 1 3 0 0 8 0 0 1 0 0 1 6 1 3 1 3 7 3 3 0 0 11 15 5 0 7 2 3 11 0 4 2 6 0 11 2 4 8 0 2 8 0 3 1 11
19 6 1 0 3 8 19 3 11 1 1 13 6 4 31 1 2 6 8 1 8 2 10 0 22 9 5 6 17 2 21 17 10 6 7 2 5 3 1 3 1 4 1 1 8 0 8 4 24 0
0 1 0 1 2 0 0 2 1 0 0 0 0 4 1 0 0 0 0 0 2 2 0 0 0 0 0 0 0 1 2 0 0 0 0 0 0 1 4 0 1 2 4 0 0 4 0 0 0 1
18 12 1 12 5 3 12 2 9 0 5 4 3 0 4 7 0 0 1 0 2 2 20 4 2 4 0 1 0 0 4 0 8 2 4 4 0 10 0 1 2 0 0 0 0 6 5 7 0 1
0 2 0 1 0 0 1 0 0 0 1 0 0 0 1 0 0 0 0 2 0 1 0 0 12 0 0 0 7 0 0 1 0 4 0 0 0 1 0 0 0 1 11 2 0 0 0 2 0 0
1 0 0 0 2 0 0 1 0 0 0 1 0 0 4 0 0 0 0 0 0 0 7 0 2 0 0 1 0 0 0 0 0 2 0 2 1 2 0 1 0 0 0 0 0 1 2 0 0 0
0 0 0 1 4 0 0 3 3 0 0 0 1 2 1 1 0 2 0 5 0 0 0 0 1 0 0 1 0 0 0 1 3 3 0 0 0 0 0 0 0 0 0 0 0 0 0 0 0 0
0 1 0 0 0 0 0 2 0 1 0 0 1 1 0 0 0 0 0 0 0 0 1 2 0 0 0 1 2 1 0 0 0 0 1 1 1 0 4 1 0 0 0 0 0 0 4 0 1 1
0 0 0 0 1 0 0 0 0 0 0 0 0 1 9 0 0 0 5 0 1 0 1 1 1 0 1 0 0 0 0 0 2 0 0 1 0 0 1 2 0 2 0 0 0 0 0 0 0 0
0 4 0 0 0 0 0 0 0 1 0 0 0 0 0 1 0 0 0 0 1 1 0 0 0 1 0 1 0 0 0 2 0 4 3 0 0 0 0 0 0 0 4 1 1 0 0 0 1 0
7 0 6 0 17 10 14 4 7 13 0 5 9 4 1 7 19 23 27 11 16 4 5 37 13 5 14 9 3 1 15 2 2 9 4 0 1 0 1 1 7 1 1 2 2 1 7 0 2 6
1 0 0 0 1 0 0 3 0 3 0 0 0 0 6 0 0 1 1 1 0 0 0 0 0 1 0 0 0 0 0 0 0 0 0 0 1 0 0 0 0 0 0 1 1 0 0 1 1 1
19 2 0 9 7 9 5 8 8 12 9 0 7 9 5 20 7 1 19 1 9 18 2 6 13 6 16 4 2 8 10 6 13 3 4 4 2 8 13 9 2 0 1 1 9 4 8 4 12 3
2 2 9 3 0 5 2 4 1 9 5 1 5 2 1 0 2 1 7 2 8 2 9 5 4 9 4 6 11 2 7 3 2 4 1 2 8 12 2 5 4 0 0 5 2 24 1 11 0 7
1 1 3 2 7 9 10 2 1 8 0 0 0 3 0 1 1 12 0 3 3 0 4 0 5 11 18 0 9 0 4 6 7 1 3 0 4 4 1 2 4 0 2 1 4 0 5 0 4 0
2 13 0 2 0 0 0 0 0 0 0 0 0 0 2 0 0 2 0 0 0 0 0 0 1 1 0 0 1 0 0 2 1 1 0 3 1 0 0 7 0 0 1 2 3 0 0 0 0 0
1 0 0 0 0 0 0 1 1 0 0 0 0 0 1 0 1 0 0 0 0 1 2 0 7 1 0 0 0 0 0 1 0 2 3 0 0 0 0 3 1 0 2 4 0 0 1 0 0 2
8 4 2 11 0 2 4 3 10 2 2 20 18 2 1 3 7 0 12 2 11 25 6 2 9 11 6 5 9 0 54 15 6 11 4 2 11 52 7 0 2 0 7 3 1 0 26 4 30 2
0 3 3 0 0 1 0 1 0 0 0 0 0 0 0 0 0 0 0 1 0 1 0 2 3 0 0 0 0 0 0 0 0 7 2 1 1 0 1 0 0 0 9 6 0 3 0 0 0 1
2 0 10 0 9 9 4 0 2 0 7 2 5 0 0 0 0 4 2 9 5 0 19 0 1 1 3 2 2 3 0 3 5 7 1 6 7 2 10 1 27 4 1 24 10 1 0 5 5 5
0 7 0 14 1 1 6 2 1 1 8 15 3 10 1 5 0 2 4 1 1 3 2 13 1 17 0 4 3 2 2 5 0 9 14 8 1 5 1 28 6 20 9 2 14 8 2 7 5 0
19 0 24 7 1 16 17 3 0 4 0 1 4 2 20 3 11 39 1 0 19 2 0 10 6 11 2 2 0 10 11 0 3 6 4 6 17 15 5 1 3 7 12 0 4 6 1 10 8 0
0 0 0 0 5 0 1 0 2 0 0 0 0 2 0 0 0 2 0 2 0 0 0 0 0 0 3 0 0 0 1 0 1 0 0 0 0 0 3 0 0 0 0 0 0 1 0 0 0 0
24 3 23 3 9 6 30 4 4 0 26 13 0 4 1 17 3 8 3 2 5 0 5 11 2 8 4 8 5 3 3 8 1 13 13 8 17 5 3 54 1 8 1 18 21 18 5 0 3 1
10 1 2 0 4 5 6 0 9 7 0 0 4 7 4 1 7 8 11 4 5 7 13 2 1 2 0 0 5 7 0 0 5 0 0 1 13 4 12 0 1 1 1 2 0 1 19 2 10 2
7 10 46 12 9 2 8 1 10 10 7 0 4 3 17 28 3 1 1 9 7 1 1 9 1 14 12 11 2 6 5 7 1 38 44 0 6 2 1 6 1 16 7 2 10 23 16 6 4 12
7 1 16 13 28 19 3 8 4 20 0 67 11 7 19 1 14 4 5 1 2 8 5 23 0 7 3 2 9 2 4 5 3 3 8 21 6 6 9 1 6 4 0 4 26 0 14 4 2 3
0 2 0 0 0 0 1 0 1 0 0 0 0 0 2 0 0 1 0 0 0 3 8 0 1 0 0 0 2 0 0 1 1 1 0 0 1 1 0 1 1 0 0 0 1 1 0 0 0 0
0 0 0 1 0 0 0 0 0 0 1 1 0 4 0 0 0 0 0 0 1 0 2 0 3 0 0 0 0 1 1 0 1 0 0 2 0 0 2 1 0 1 0 0 0 1 0 0 0 0
0 0 0 1 0 0 1 1 3 0 0 0 0 0 13 0 0 0 1 0 0 1 6 2 0 0 0 0 0 0 0 3 0 1 6 0 2 0 0 1 2 0 0 0 2 2 1 2 0 1
7 0 1 5 3 10 6 0 3 9 1 7 4 0 5 6 22 6 1 17 2 1 0 32 2 1 9 14 5 23 2 0 16 0 8 4 41 20 1 18 5 1 4 9 3 2 12 14 9 19
8 0 1 2 4 2 6 4 4 1 4 0 0 0 0 24 9 1 2 2 2 4 2 14 6 7 2 1 0 0 1 3 8 0 4 1 2 10 0 6 1 2 2 1 0 6 7 5 8 10
0 0 0 2 1 0 0 0 0 0 1 0 0 0 2 1 0 0 0 1 0 0 0 0 0 0 0 1 1 0 3 0 0 1 1 1 0 0 1 0 0 0 0 0 1 0 0 0 0 0
9 10 1 2 0 6 0 0 12 1 6 10 1 1 0 6 6 0 1 11 0 5 0 5 4 4 3 0 8 8 4 1 3 11 0 0 5 16 8 4 0 2 0 0 5 0 7 1 2 18
1 4 2 0 0 0 0 0 0 0 0 1 1 0 1 0 0 0 0 0 0 0 1 0 3 8 1 3 1 0 0 1 0 7 0 0 1 0 0 0 0 0 14 13 0 0 0 0 1 1
27 20 0 5 3 0 11 4 6 20 1 2 1 2 0 6 1 0 7 6 5 2 2 1 8 13 8 3 3 5 3 2 36 27 2 5 1 6 1 0 22 2 3 0 3 0 4 0 11 11
22 12 12 17 4 4 6 0 2 21 7 8 4 5 21 1 14 5 16 15 4 13 1 2 6 5 5 0 1 1 20 6 5 4 18 0 2 12 4 15 6 11 12 7 1 5 3 26 6 16
0 0 2 0 0 0 0 0 0 1 2 1 0 2 0 0 0 1 0 0 0 1 0 0 1 2 3 0 1 0 0 1 1 1 0 1 2 0 3 0 0 0 0 0 0 0 0 0 0 1
7 3 2 3 0 20 2 18 7 14 11 13 6 0 5 1 10 0 14 3 5 5 4 9 6 0 2 2 16 6 5 12 9 0 0 26 4 2 20 2 3 8 2 20 3 2 20 2 0 4
8 3 0 2 8 2 10 24 8 2 7 9 1 12 1 6 3 1 1 9 3 20 0 2 2 1 3 0 0 1 9 0 0 3 2 4 9 3 6 1 3 2 2 6 0 1 1 5 0 11
2 0 0 0 0 1 1 1 0 1 1 1 0 1 0 0 0 1 0 2 0 2 0 0 0 0 0 0 0 1 0 0 0 0 0 0 0 0 0 1 0 0 0 0 0 0 2 0 0 2
4 10 5 3 3 3 15 0 5 7 1 8 2 1 6 9 10 2 21 8 1 2 1 0 22 2 14 32 3 4 14 9 6 17 8 30 3 0 1 5 3 19 37 4 13 0 19 26 19 0
0 0 0 0 0 1 0 3 1 0 0 0 0 1 0 0 1 1 0 0 1 0 2 3 3 0 0 1 0 0 1 1 0 0 0 0 1 0 0 0 1 0 0 2 0 0 0 0 0 0
0 5 5 0 2 2 3 4 9 6 4 6 6 38 12 28 1 19 1 2 15 12 13 12 16 6 0 7 7 8 5 4 6 1 6 14 5 14 7 10 11 1 6 0 17 0 11 6 4 29
0 0 0 0 0 0 1 0 0 0 1 0 0 13 0 0 0 0 0 0 2 0 0 3 0 0 0 0 0 0 1 1 0 0 1 0 0 1 6 0 0 0 2 0 1 1 1 0 0 0
7 4 0 3 5 2 2 3 1 5 15 0 2 2 0 14 3 3 3 3 3 5 0 2 9 2 8 5 10 2 7 7 11 2 0 0 3 1 1 0 4 2 13 6 2 14 12 8 2 0
1 0 0 0 2 0 0 1 0 1 0 0 0 3 0 0 0 2 0 0 1 0 0 0 0 0 0 0 0 0 1 0 0 0 1 0 0 2 6 1 0 2 2 1 1 1 2 0 0 0
0 1 1 0 2 0 0 9 7 0 0 0 1 6 2 0 0 1 0 0 1 1 4 1 0 0 4 0 1 0 0 0 0 0 0 0 1 1 1 0 1 2 3 0 0 0 0 0 0 0
0 0 0 1 1 1 1 1 0 0 0 0 0 8 0 0 0 0 0 0 0 0 0 6 0 0 0 0 2 1 0 0 0 0 0 0 0 2 11 2 0 0 0 1 0 1 0 0 0 0
0 2 3 1 5 4 7 1 2 6 6 2 3 9 12 27 0 0 1 0 11 1 23 5 2 4 6 2 0 2 1 0 1 3 1 8 5 0 11 10 0 3 19 4 1 4 2 0 6 5
1 0 4 0 4 0 0 13 0 0 0 1 1 5 1 0 0 0 0 1 0 0 0 0 1 1 0 0 0 1 0 0 0 0 0 0 0 0 3 0 0 1 1 0 3 1 0 0 0 0
0 0 0 1 0 0 0 0 0 0 0 3 0 1 6 0 1 0 0 1 0 0 0 0 0 2 1 5 0 0 0 0 0 0 0 2 0 0 0 0 0 2 0 0 0 0 1 0 0 0
4 6 0 8 9 1 25 1 11 0 1 49 16 4 22 3 4 1 4 13 4 5 1 3 4 8 14 20 34 28 8 0 6 0 3 1 3 1 2 0 26 0 0 0 0 1 5 13 5 4
3 0 0 0 5 1 1 7 4 0 2 0 0 7 2 0 0 0 0 2 0 0 1 1 3 0 0 0 1 1 0 0 0 1 0 0 0 0 6 1 0 1 0 0 1 0 0 0 0 0
1 2 12 4 10 1 7 0 10 2 0 1 6 2 0 5 3 3 3 1 3 1 0 5 2 0 0 0 5 3 10 7 21 9 8 6 5 8 10 10 2 0 5 7 1 0 1 0 0 6
5 0 0 0 10 7 0 12 0 3 4 2 7 5 8 3 4 0 3 2 9 2 6 3 26 1 6 0 3 10 1 1 0 6 3 3 4 0 0 0 6 4 1 12 1 1 1 3 2 4
3 0 1 0 9 2 0 0 4 1 0 0 0 2 0 0 0 0 0 0 0 0 0 0 0 0 0 0 1 1 0 0 0 1 0 0 0 0 6 0 0 1 0 0 0 0 1 1 0 0
0 0 1 1 2 0 0 0 1 1 0 0 0 1 0 0 0 1 0 0 0 1 0 1 0 1 2 3 0 0 3 0 0 0 0 0 1 0 1 0 1 0 0 1 0 0 0 0 0 0
0 0 0 0 0 0 0 0 0 0 1 2 0 0 0 0 0 0 0 0 0 0 0 0 12 3 0 0 0 0 2 0 0 5 0 1 0 1 0 2 0 1 9 0 0 1 0 0 0 0
6 10 1 1 2 12 7 0 0 1 6 9 0 9 0 26 11 3 9 6 9 7 1 2 10 34 20 24 1 30 4 2 19 2 3 11 2 4 0 1 2 2 1 24 1 10 15 0 32 0
0 0 3 0 0 0 1 0 8 0 1 0 0 5 0 0 0 1 0 0 0 3 0 1 1 0 0 0 0 0 0 1 1 0 0 4 2 0 5 0 1 0 0 0 0 0 0 1 1 1
1 0 0 0 5 0 0 1 10 2 0 0 0 2 0 0 0 0 0 0 2 0 0 0 1 0 0 0 0 0 1 0 1 0 1 0 3 0 2 0 1 0 0 1 0 0 0 1 0 2
30 5 2 4 8 2 3 17 2 0 2 3 8 0 0 5 1 0 4 0 1 1 0 0 6 4 0 1 6 1 1 4 1 2 0 6 0 4 0 16 3 1 2 9 0 2 1 9 3 3
7 41 2 6 7 9 9 2 4 20 1 1 8 5 0 3 1 6 18 21 9 0 4 11 3 3 0 4 22 9 2 3 14 12 26 7 3 4 8 8 8 8 7 22 6 10 12 8 4 1
1 2 0 0 5 14 0 0 1 4 1 10 0 4 0 0 11 2 2 0 6 8 0 6 5 3 0 4 1 2 4 3 2 2 0 0 1 0 2 0 0 0 8 7 0 0 14 5 18 30
0 0 0 0 0 0 0 0 1 0 0 0 0 12 1 0 0 2 2 0 0 0 0 1 0 1 1 0 0 1 0 0 0 4 0 2 0 2 2 0 0 0 0 1 0 0 0 1 1 0
4 10 1 0 3 7 5 0 2 1 11 3 4 1 0 0 0 15 0 0 5 3 0 1 4 3 9 10 2 1 2 0 4 0 1 4 0 3 3 2 13 2 27 12 5 2 3 1 10 2
0 0 0 0 1 0 3 0 0 0 1 0 1 0 0 0 0 1 0 2 0 0 15 0 0 1 0 0 0 0 0 0 0 2 0 0 0 1 0 1 1 0 0 0 0 0 0 0 4 0
10 4 0 1 3 2 0 11 0 3 2 4 8 0 11 10 0 0 1 12 0 6 2 0 5 1 2 0 8 6 7 7 8 0 4 3 2 1 2 9 0 5 3 1 0 4 0 3 0 8
5 21 6 0 8 3 10 11 2 13 5 17 7 3 3 0 1 18 2 11 11 4 15 0 2 14 0 0 8 2 2 0 3 6 5 3 27 0 7 1 2 0 7 9 0 10 6 13 20 24
13 4 2 8 6 1 15 0 1 1 13 7 2 1 2 6 13 3 2 0 10 4 13 56 11 15 0 8 2 1 33 0 20 20 13 3 4 6 19 7 1 7 2 2 9 2 6 2 3 8
6 1 1 2 0 0 4 0 0 2 1 2 1 1 3 2 0 2 13 15 0 0 2 1 6 9 0 8 3 3 0 0 18 1 0 0 7 4 3 2 1 1 3 4 3 1 30 5 8 4
14 4 4 1 0 11 4 0 7 0 11 0 5 1 6 18 2 10 1 5 12 1 3 21 7 1 7 12 0 7 9 1 10 3 0 16 5 8 2 7 6 4 1 4 0 1 7 3 14 6
0 3 0 0 1 0 0 0 0 1 0 0 0 1 5 0 1 0 0 0 0 0 3 0 0 4 0 2 0 0 0 0 0 0 1 1 1 0 0 0 1 0 0 0 1 0 0 0 0 0
0 0 1 4 11 16 0 1 4 7 1 1 0 6 0 3 15 0 4 6 1 1 0 1 1 1 2 0 5 0 0 3 2 1 8 13 4 2 1 0 20 0 2 0 4 5 4 6 3 1
17 0 22 1 4 4 9 7 2 1 30 9 3 1 2 23 9 19 6 23 5 11 11 4 3 10 4 10 9 4 1 5 14 18 0 7 9 5 6 0 4 17 10 7 9 9 8 18 8 4
3 0 0 4 1 4 0 2 2 3 3 3 0 1 6 8 3 2 6 6 5 16 17 3 3 14 2 0 4 1 3 1 0 0 5 0 5 0 7 11 0 2 4 3 3 3 1 2 1 3
1 0 0 1 1 0 2 13 1 0 0 0 1 5 2 0 0 0 1 1 0 0 0 1 3 0 1 0 0 1 0 0 0 3 0 0 0 0 2 0 2 2 0 0 0 1 0 0 1 0
0 7 1 2 1 1 7 13 7 2 2 0 4 8 12 2 2 11 0 3 1 7 4 14 3 3 4 13 1 3 6 2 7 2 10 10 17 11 0 1 10 0 9 3 4 5 21 18 7 3
1 1 0 5 5 5 1 11 9 13 2 8 6 5 1 8 5 3 5 1 2 13 20 6 3 4 13 5 13 6 1 0 5 2 7 3 0 6 27 3 20 10 10 8 5 4 2 11 1 4
0 0 1 1 0 0 0 0 1 0 1 0 1 0 0 0 0 0 0 1 0 0 7 0 0 0 1 0 0 0 0 0 0 0 0 0 0 0 0 1 0 1 0 0 0 0 0 1 2 1
1 8 3 6 3 2 5 0 2 3 1 3 15 7 10 8 9 4 5 7 1 5 6 8 0 1 1 13 3 0 6 4 2 16 5 9 17 10 2 6 19 3 54 13 1 4 5 9 14 24
5 11 0 5 0 11 3 1 20 0 5 4 6 0 18 10 2 0 3 19 12 0 0 0 7 2 0 19 3 6 30 4 9 3 7 11 1 23 2 10 3 6 3 4 7 10 2 0 0 8
10 0 6 12 13 10 1 3 0 7 21 2 0 15 10 6 18 4 1 1 3 11 4 4 0 13 9 13 11 1 0 14 24 6 10 5 0 10 2 5 0 6 9 2 36 3 0 6 1 15
0 0 0 1 0 0 0 6 3 0 0 0 0 6 0 0 0 0 1 0 0 0 0 1 1 1 0 0 0 0 0 0 1 2 3 0 0 0 4 0 0 0 0 2 0 0 0 1 0 0
1 0 0 3 23 7 8 0 4 6 2 7 4 2 5 2 1 4 2 3 4 8 5 12 0 2 7 8 8 9 7 0 5 1 0 4 0 5 0 0 6 0 1 1 1 9 6 2 2 0
1 1 0 2 1 6 1 1 2 3 15 0 10 10 4 0 0 0 7 1 13 2 12 7 1 0 6 3 1 6 1 6 5 14 2 5 5 6 23 5 0 3 4 0 10 1 0 15 0 1
6 2 6 3 2 11 5 1 4 0 2 7 4 0 1 2 11 0 2 8 2 19 6 1 1 0 3 5 11 4 16 2 2 0 7 4 1 6 0 1 4 11 0 0 3 2 0 2 6 0
3 1 5 16 15 0 4 2 9 9 10 3 0 4 9 7 3 6 6 2 3 0 9 0 0 0 12 5 3 1 5 11 3 6 2 3 4 14 1 4 0 0 4 6 3 0 3 1 0 13
9 1 33 5 19 4 2 30 2 25 11 9 12 6 1 6 1 23 18 2 1 4 1 26 5 3 3 3 16 33 21 1 4 5 12 3 4 1 14 3 1 7 0 14 2 6 17 9 7 7
2 0 0 0 0 1 0 1 2 2 0 0 1 0 1 1 0 0 2 1 0 0 8 2 0 0 0 1 0 1 0 0 0 1 2 0 0 0 0 1 0 2 1 0 1 3 0 0 0 0
7 0 3 1 0 5 23 12 1 0 6 2 1 9 2 6 4 18 2 7 3 0 3 0 0 0 1 5 1 5 0 0 6 1 4 2 4 1 11 0 5 8 0 0 1 14 4 4 1 2
0 0 0 1 0 0 0 0 0 1 0 0 1 6 3 2 0 2 0 2 0 0 0 1 0 3 1 0 1 1 0 0 0 1 0 0 0 1 0 1 0 0 0 1 1 1 1 0 0 2
1 4 30 9 10 9 1 41 12 0 4 14 1 0 0 7 6 1 5 5 5 3 43 10 2 9 17 5 14 2 12 0 0 4 3 4 2 11 0 6 1 8 40 3 41 0 4 7 0 0
1 10 4 1 4 3 22 1 8 5 2 17 3 0 11 0 1 0 4 19 1 5 11 2 3 3 1 3 2 2 0 0 7 10 1 2 1 1 0 8 5 2 5 2 12 2 0 1 4 0
0 0 0 0 0 0 0 0 1 0 0 2 0 0 8 1 0 0 0 0 0 0 2 1 0 0 0 0 1 0 0 0 0 0 0 0 0 0 0 0 0 0 1 0 1 0 0 2 0 0
0 0 5 4 19 8 7 6 2 9 3 3 7 5 6 1 0 0 2 39 2 1 0 8 27 14 1 12 6 3 2 1 0 0 4 23 34 12 0 17 26 2 17 23 0 0 4 15 1 5
9 1 3 0 6 2 11 3 6 3 14 1 1 2 5 9 0 0 5 4 4 0 1 0 2 1 2 0 12 6 2 0 1 2 5 7 1 7 0 2 3 1 3 1 2 4 5 0 0 13
