1 0 3 2 1 12 0 1 3 4 0 8 1 12 14 7 5 2 2 7 3 0 1 0 2 3 4 3 0 8 14 1 3 2 0 2 11 0 0 1 0 1 9 2 1 0 11 0 1 2
0 1 0 0 1 1 0 0 0 1 1 0 25 3 3 0 2 0 0 0 0 0 0 0 0 1 0 0 0 1 0 1 0 0 1 0 0 1 0 0 0 0 0 0 4 0 2 0 3 0
11 7 12 6 4 44 13 8 5 13 5 1 4 0 3 2 5 0 0 31 3 1 6 7 5 0 5 11 28 0 61 35 0 0 6 5 33 37 0 0 5 4 38 2 5 12 0 4 23 25
5 21 7 6 16 0 0 7 2 1 17 3 7 0 13 3 7 2 8 17 9 4 1 7 5 2 5 2 11 2 1 1 15 17 8 6 26 6 4 6 1 5 27 6 10 4 3 13 17 7
11 8 0 11 2 2 4 12 5 11 5 5 5 3 2 4 2 2 4 12 4 1 8 26 7 13 0 1 4 1 9 2 18 6 12 1 0 17 0 2 6 4 8 1 1 1 2 0 9 1
3 15 3 4 13 6 9 6 3 0 2 11 5 0 15 0 1 0 17 5 0 16 19 20 0 6 16 7 2 0 3 3 10 1 1 7 10 4 13 2 8 7 30 6 7 5 10 4 17 9
3 0 0 6 1 0 0 6 2 7 2 2 0 2 5 10 0 0 6 1 15 0 0 2 0 2 7 0 0 13 8 3 4 1 0 0 0 0 1 0 1 0 0 3 4 0 2 11 1 0
61 0 6 31 8 1 12 1 18 2 0 0 22 7 12 4 10 4 2 16 17 2 3 7 27 5 1 10 11 13 1 1 4 4 2 8 1 11 5 5 5 8 13 0 3 1 0 4 2 2
6 31 11 9 1 12 4 0 21 16 2 0 0 12 8 2 0 1 22 11 10 0 22 13 1 9 0 4 5 7 8 1 39 2 24 7 24 20 2 0 5 23 2 16 7 38 2 0 18 10
1 1 0 2 0 1 2 0 0 0 0 1 0 0 0 1 0 0 1 1 0 0 0 0 1 0 1 0 2 1 0 0 0 8 0 0 1 0 0 0 1 3 0 1 0 0 1 0 0 0
0 0 0 0 0 0 0 0 0 5 0 0 0 2 0 11 0 0 0 0 0 0 1 4 2 1 0 1 0 0 0 0 0 0 1 1 3 0 0 2 1 0 0 0 0 0 3 0 0 0
0 0 3 5 3 1 3 0 2 2 3 0 5 0 1 2 14 6 1 1 4 13 4 1 3 0 7 2 2 3 9 11 4 1 3 0 0 2 1 0 0 1 2 1 1 1 0 3 1 0
1 5 15 5 0 3 2 23 2 2 23 4 3 0 4 5 0 13 15 1 13 7 8 10 0 3 11 20 2 12 12 7 0 2 0 27 3 1 20 4 6 3 5 16 8 12 2 2 2 8
15 3 0 0 2 3 1 0 1 0 4 0 0 0 0 0 0 0 2 6 3 2 0 8 1 8 1 0 2 0 0 1 1 0 0 1 5 5 0 1 0 8 8 0 0 1 0 0 1 0
2 2 2 5 3 0 2 0 0 4 3 9 6 6 7 9 3 1 4 0 0 2 0 5 2 0 4 8 7 0 13 0 10 1 1 1 6 1 1 0 0 1 1 0 1 19 1 6 1 8
0 0 1 0 0 1 1 0 0 0 0 0 0 0 0 1 0 0 1 0 0 1 1 0 1 0 0 0 1 6 0 1 1 0 2 0 0 0 0 0 0 0 0 1 0 4 0 0 1 0
0 0 0 9 0 0 2 4 4 2 13 0 3 12 2 3 0 11 5 2 6 10 11 1 0 0 7 1 0 7 7 0 2 17 3 10 0 0 3 1 0 0 0 1 4 0 22 2 0 2
7 4 4 5 5 4 1 1 2 11 5 8 0 19 7 5 4 6 8 8 6 6 7 1 5 2 3 19 2 0 3 5 1 0 4 5 5 2 4 16 1 0 4 5 2 5 1 7 0 2
0 0 0 0 0 0 0 0 1 8 1 0 0 4 0 0 0 0 0 0 0 0 0 0 0 2 0 1 0 0 0 1 0 0 0 0 1 0 0 0 0 0 0 1 0 0 3 0 0 2
1 0 0 0 0 0 0 1 0 1 0 0 2 3 2 6 0 0 0 0 0 0 0 0 0 0 0 0 0 0 0 0 0 0 0 1 0 2 0 0 0 1 0 0 0 1 12 1 2 3
4 4 18 10 0 11 3 2 0 4 6 4 0 4 3 5 26 7 2 21 7 1 48 4 15 21 3 15 7 5 6 3 27 11 12 11 4 9 0 0 7 23 4 20 4 2 3 7 5 2
6 6 8 1 3 7 3 9 4 5 1 6 1 11 7 2 6 2 3 9 6 2 3 3 0 1 2 2 17 4 2 2 12 7 0 15 53 1 1 3 6 4 0 0 1 7 2 0 9 14
16 2 8 3 7 7 5 1 15 18 0 2 6 4 3 11 13 5 1 5 2 2 12 0 10 28 6 46 12 0 0 8 10 11 1 1 0 3 15 31 9 5 2 2 10 0 16 3 4 17
0 0 0 0 0 1 2 0 4 0 12 0 3 0 0 1 1 1 0 1 1 0 1 0 0 0 2 0 0 5 0 2 1 0 3 1 0 0 0 0 0 0 0 0 0 0 0 0 1 0
0 0 1 5 1 0 1 2 3 0 3 0 3 0 3 1 1 0 0 3 4 2 4 1 0 0 9 3 1 0 5 6 0 0 5 8 0 2 7 0 0 0 0 0 3 9 0 4 2 1
2 3 6 13 3 0 1 7 0 10 0 7 2 16 6 12 12 4 6 5 7 7 0 2 5 4 2 1 0 0 1 13 13 16 0 2 0 3 11 2 2 7 16 4 15 4 3 2 7 2
7 7 2 4 7 1 1 1 16 11 8 4 2 9 6 5 5 6 0 1 0 2 1 1 2 4 14 2 8 35 0 8 0 4 4 1 0 0 3 0 0 2 7 14 6 7 2 2 3 0
5 2 15 0 3 7 6 4 0 0 6 18 0 0 1 3 1 0 9 1 1 9 7 10 1 0 3 1 12 0 0 2 5 4 6 3 6 0 0 12 0 18 6 0 1 3 18 0 16 6
0 0 1 1 1 0 0 0 0 0 0 0 1 0 0 1 0 0 0 0 1 0 0 1 0 3 1 0 0 0 0 0 0 0 1 3 0 0 0 0 1 1 0 5 0 0 0 0 0 0
5 19 1 4 4 15 26 0 18 0 10 7 6 1 14 11 3 2 6 12 11 8 6 19 11 0 3 3 5 2 2 3 1 1 6 0 28 3 5 5 10 1 2 0 20 34 6 3 13 5
2 1 2 3 3 11 7 0 4 1 1 8 19 1 3 2 10 0 14 3 10 5 5 0 2 2 0 6 30 0 10 2 2 3 0 0 10 2 5 5 0 11 15 0 0 3 2 4 10 9
1 12 3 0 2 5 0 2 17 15 10 9 6 5 5 0 11 12 0 0 4 5 3 19 1 0 8 10 1 3 3 2 8 20 5 25 12 11 17 4 8 6 6 5 1 1 16 4 7 0
0 0 1 0 0 2 1 0 0 0 7 1 0 0 0 1 1 0 0 0 0 0 0 0 0 0 2 1 0 0 0 0 1 0 0 0 0 0 1 0 0 0 0 0 0 2 0 0 0 0
0 0 2 3 2 0 5 9 17 4 1 0 17 11 6 1 0 9 0 1 10 0 0 1 0 0 5 0 0 0 2 2 28 2 1 15 0 0 0 0 4 0 0 1 0 4 0 1 0 6
0 0 2 0 1 1 2 1 0 0 0 0 0 0 0 0 2 1 0 5 0 0 0 2 2 3 0 0 2 1 2 0 0 0 0 0 11 2 2 2 0 3 5 0 0 0 2 0 2 0
0 0 0 0 0 0 0 0 0 6 0 1 1 0 1 9 0 0 0 0 0 0 0 0 0 2 1 0 2 0 0 0 0 0 0 0 0 0 0 0 0 0 1 0 0 0 0 0 0 0
4 5 13 3 2 1 3 4 7 7 2 3 2 1 3 0 4 1 0 43 9 1 1 21 8 6 0 4 22 13 1 4 5 0 17 7 1 14 4 11 1 13 0 14 9 1 0 3 7 1
0 0 1 0 0 0 0 0 0 0 0 0 1 8 0 13 0 0 0 0 0 1 2 0 2 1 0 0 0 1 1 0 0 0 1 0 2 0 0 0 3 0 0 0 0 0 5 0 0 0
4 0 5 3 0 3 6 6 2 0 4 10 1 0 3 0 10 0 10 1 5 3 0 3 18 15 0 4 2 1 0 2 19 3 0 8 5 7 21 2 1 9 0 11 1 3 0 4 0 10
2 3 1 3 1 7 2 3 0 7 4 1 0 7 1 4 1 3 9 23 0 8 3 1 5 0 3 2 4 6 9 0 1 2 4 10 3 2 11 7 0 8 0 1 1 3 7 2 1 0
1 4 1 4 0 4 5 2 2 7 5 10 2 4 11 18 0 7 12 1 3 1 15 4 0 6 24 34 8 2 1 7 14 0 10 9 4 15 3 12 7 0 2 1 0 8 6 3 1 0
10 13 21 8 3 9 3 2 3 8 0 1 2 2 2 1 2 1 7 6 6 6 0 14 5 0 5 8 6 5 12 5 0 7 6 4 0 16 0 15 1 4 5 12 2 0 5 0 7 18
0 0 0 1 0 1 0 0 0 2 0 0 0 7 1 11 0 0 1 0 0 1 1 1 0 1 0 0 0 0 0 0 1 0 1 0 0 1 0 0 0 0 0 2 0 0 0 0 0 0
0 0 0 4 0 1 0 0 1 0 0 0 0 1 0 1 0 1 0 0 0 0 0 1 0 0 1 1 0 5 0 1 5 2 3 0 2 0 0 2 1 0 1 0 0 0 0 0 1 2
0 7 0 0 9 0 4 0 0 2 1 0 0 0 1 0 3 0 1 5 0 3 1 10 0 2 1 0 5 0 0 1 1 2 0 0 1 0 0 0 0 2 3 0 0 1 0 1 0 0
5 10 4 0 0 10 0 1 0 0 4 0 1 8 3 3 0 1 5 5 9 11 1 4 8 4 2 5 6 4 3 4 0 0 26 2 10 2 11 5 1 1 2 5 2 2 2 3 3 7
10 4 8 11 0 0 0 1 28 1 2 17 10 0 22 35 17 8 27 3 1 3 6 5 8 1 5 8 4 8 16 16 0 1 2 3 1 18 13 2 13 9 1 6 5 15 4 26 1 23
12 3 1 6 3 2 1 16 6 0 3 0 1 0 0 1 1 0 6 5 3 5 1 1 2 0 9 2 2 1 9 1 3 2 3 5 2 1 1 4 6 3 1 9 1 3 0 4 0 0
3 28 3 4 6 4 0 6 2 13 7 10 2 1 8 0 5 5 1 0 0 6 9 7 0 1 4 2 13 13 3 4 1 1 5 7 5 1 0 1 0 6 11 1 9 1 1 0 5 0
6 14 1 2 8 5 3 10 0 8 1 3 10 5 2 0 3 7 0 5 17 0 1 10 3 5 4 25 2 4 1 7 0 6 30 6 2 7 4 35 3 20 3 4 7 0 8 17 1 0
1 0 0 0 0 2 0 0 0 0 1 0 3 0 0 0 0 1 1 0 0 0 1 0 2 0 0 0 0 0 1 0 0 3 0 0 0 0 0 0 1 2 1 1 0 0 0 1 0 0
2 1 0 0 1 1 0 2 9 1 3 1 1 17 22 5 0 4 2 1 2 9 2 0 0 0 7 3 0 0 0 0 2 0 3 13 0 0 0 1 6 0 0 1 10 1 3 4 0 1
7 12 7 4 11 3 2 7 1 17 2 4 3 6 12 8 20 2 2 9 4 8 8 3 7 1 0 3 6 3 18 12 2 1 4 4 0 15 2 2 3 3 23 3 2 0 3 0 3 1
0 0 0 1 0 0 1 0 0 0 0 0 0 0 0 0 0 0 0 0 0 0 1 1 0 0 1 0 0 0 0 0 0 0 1 0 0 0 2 0 3 1 0 1 0 1 0 1 1 1
2 0 5 2 0 0 0 2 7 3 0 10 4 4 0 2 0 1 8 1 1 5 6 0 1 0 1 0 0 13 1 4 0 1 1 2 1 0 2 0 1 2 0 1 0 5 4 1 0 9
0 0 0 0 0 1 0 0 2 6 0 0 26 2 0 0 0 0 1 0 0 0 0 0 0 0 1 0 0 1 0 1 0 0 0 0 0 0 0 2 0 1 1 0 1 0 7 0 0 2
10 0 0 11 4 0 4 2 2 1 6 0 11 1 2 2 0 16 2 23 23 4 5 1 44 0 5 9 2 27 3 17 12 13 0 15 3 5 9 15 1 11 4 0 5 3 26 0 3 4
9 3 18 6 15 1 3 5 7 0 16 12 18 11 6 0 15 10 3 3 7 3 1 3 0 0 17 12 7 0 7 4 17 6 5 0 12 5 15 13 1 7 5 2 6 10 7 4 0 0
9 2 12 1 3 3 10 5 3 20 8 3 1 7 1 2 17 2 11 7 4 4 12 2 2 19 1 10 6 18 3 11 7 13 1 4 0 18 7 30 1 6 13 9 3 14 17 2 1 19
1 17 8 20 0 4 2 3 5 1 7 13 0 5 0 2 11 8 1 7 10 3 6 0 3 10 18 1 2 4 1 24 9 10 23 6 0 43 5 8 5 2 2 0 0 4 1 3 19 10
0 0 0 1 0 0 0 8 3 3 2 7 0 1 3 2 1 0 0 0 9 0 2 0 2 1 4 3 0 7 1 4 1 4 0 6 0 1 1 1 3 0 0 7 1 1 6 1 1 5
11 0 6 2 5 5 1 1 2 4 8 1 0 12 6 0 8 6 12 1 0 17 2 4 0 1 14 1 4 9 9 0 1 1 8 0 8 7 2 9 2 2 2 0 2 1 10 5 1 4
0 0 0 0 0 0 3 0 0 4 0 0 16 4 0 10 0 1 0 0 0 1 0 0 1 2 0 0 1 2 1 0 0 0 0 0 0 0 0 1 0 0 2 1 0 0 3 0 2 0
17 0 0 5 18 1 0 1 21 5 2 1 13 4 30 2 8 2 15 5 11 5 4 6 18 5 8 1 1 2 11 9 20 4 1 14 1 26 4 8 2 4 5 9 4 4 0 22 7 14
0 0 12 5 0 0 0 1 0 3 4 2 2 4 3 6 1 10 2 6 5 0 3 5 2 0 2 0 1 0 3 4 4 5 25 1 0 2 2 2 2 15 0 9 3 0 11 4 18 5
0 4 0 1 0 0 0 2 0 6 0 1 4 0 0 4 0 0 0 0 0 0 0 0 0 0 0 0 1 1 0 1 0 1 0 3 0 0 0 0 0 0 0 1 0 1 5 0 0 0
6 5 1 7 5 17 0 16 0 9 4 2 5 3 11 11 0 2 9 2 29 13 0 2 5 9 4 0 0 3 2 4 1 6 9 4 3 8 1 8 14 1 6 1 5 1 6 8 16 8
5 8 27 18 0 9 22 11 15 4 0 5 14 25 11 6 7 4 8 6 0 4 22 2 11 5 1 11 19 11 2 12 4 13 5 7 1 14 0 6 3 1 16 7 12 9 2 25 1 11
11 1 6 5 2 5 0 5 0 3 1 3 4 1 2 1 0 3 3 3 1 6 7 1 5 1 13 0 0 16 3 8 1 3 1 4 0 3 1 0 14 0 3 22 2 0 0 5 13 1
1 0 0 0 1 1 0 0 0 0 3 1 2 5 0 0 0 1 1 3 0 0 0 0 2 0 1 0 1 0 0 0 0 0 13 1 0 1 0 0 0 0 0 0 0 0 0 0 0 1
4 4 2 0 0 0 10 1 2 2 0 0 1 2 8 1 6 3 3 6 0 5 5 3 3 9 11 3 3 3 0 6 0 6 0 2 6 6 8 10 1 4 13 4 13 13 0 2 22 5
0 2 8 2 15 9 2 4 12 21 11 1 15 6 1 20 6 8 7 3 3 11 0 6 5 0 5 11 0 0 5 11 4 0 8 9 9 8 2 8 1 1 5 27 15 0 7 2 8 1
0 5 2 1 0 1 12 3 3 24 0 3 5 0 3 7 3 1 27 2 2 3 3 7 8 3 9 15 1 0 15 3 3 1 0 12 5 0 2 1 1 0 6 3 5 4 0 8 0 1
0 0 2 0 0 1 0 1 0 0 0 1 3 11 1 12 0 0 0 0 2 1 0 0 0 0 0 0 0 0 0 0 0 0 0 0 1 0 1 0 0 0 0 0 1 1 1 0 0 0
3 3 2 0 0 5 5 0 1 0 1 0 0 0 1 0 1 0 0 3 0 0 1 6 5 0 0 1 6 0 0 1 0 0 1 0 3 6 0 0 3 5 4 0 0 1 0 0 0 0
0 0 0 2 0 0 0 11 5 0 0 5 0 0 2 1 1 0 1 0 0 14 7 0 0 0 4 0 0 9 0 4 5 2 4 1 0 1 0 0 0 4 2 0 2 1 0 3 1 2
10 0 3 18 1 17 1 6 4 2 1 7 1 3 4 1 6 2 10 3 5 9 0 13 1 7 7 0 1 6 11 6 8 1 3 3 7 12 10 6 5 2 7 8 15 12 4 4 8 3
7 10 2 0 9 15 3 0 0 1 0 0 0 1 0 0 0 1 0 0 0 0 0 4 1 10 0 0 10 0 4 0 3 0 0 0 1 1 0 2 0 5 0 0 0 0 0 0 6 1
26 12 20 4 2 0 1 7 4 1 16 1 1 1 6 9 3 18 12 2 1 7 16 2 7 2 13 40 0 29 6 8 2 2 14 10 5 3 1 3 14 10 7 0 14 35 5 4 2 0
1 0 0 1 0 0 0 0 0 15 0 0 0 7 3 8 0 0 1 0 0 0 2 0 0 0 0 1 0 0 0 1 0 1 1 0 0 1 0 0 0 0 1 0 1 1 0 0 0 0
0 7 2 52 3 11 4 5 4 10 27 16 0 0 3 5 8 9 8 7 1 13 2 2 3 14 1 30 1 6 4 11 0 2 10 0 23 23 9 15 13 0 6 0 2 2 4 17 4 19
6 1 9 23 5 4 3 4 10 5 10 5 1 26 3 3 31 3 5 34 6 27 3 1 5 12 25 5 5 0 1 1 8 10 6 27 0 8 7 1 8 5 1 2 19 4 3 1 2 0
2 3 4 0 2 4 7 23 8 33 2 12 6 23 5 6 5 16 7 0 2 0 10 1 8 0 0 12 11 16 0 15 1 41 4 5 2 0 1 2 22 7 2 5 8 3 9 2 11 5
7 0 0 0 0 58 7 5 20 7 11 5 0 2 13 6 3 1 2 1 8 16 0 7 11 0 0 0 27 7 7 1 0 0 0 7 8 1 12 2 4 5 1 8 0 14 15 4 6 6
0 1 0 0 0 0 0 0 0 2 0 1 2 0 0 0 0 0 0 0 0 0 1 0 0 1 1 1 1 1 1 0 0 0 0 0 1 0 0 0 2 0 0 0 0 0 2 1 0 1
0 0 0 0 0 0 0 0 0 1 6 1 0 0 0 0 0 0 1 2 0 1 1 1 0 1 0 1 0 1 1 0 0 0 28 0 0 1 0 0 0 2 1 0 3 0 1 1 0 0
0 2 0 0 0 0 0 0 1 1 0 1 1 2 0 9 0 0 0 0 0 0 0 2 0 0 2 0 0 0 0 0 0 0 0 0 0 0 1 0 2 0 0 0 0 0 1 0 0 0
0 2 0 2 0 0 0 6 2 2 2 1 0 6 1 17 1 2 7 0 8 5 13 0 1 1 6 2 0 0 14 0 1 1 4 0 0 0 0 0 7 0 0 3 9 7 10 0 1 10
0 1 1 1 0 0 0 0 0 0 2 0 0 0 1 0 0 2 1 0 1 0 0 1 0 0 1 1 0 0 0 0 0 2 1 0 0 1 0 1 0 1 0 0 0 1 0 0 3 0
15 3 1 9 0 0 2 0 2 4 0 3 2 9 0 6 1 2 1 18 3 1 1 0 5 4 0 0 4 26 15 1 6 1 13 1 7 6 3 1 3 1 3 1 2 11 1 4 5 6
6 8 3 9 9 21 5 2 0 0 5 9 0 13 9 18 1 8 6 8 5 5 0 13 2 8 20 19 32 2 21 17 7 6 1 7 1 5 22 2 0 3 24 3 21 2 8 2 4 3
3 0 1 1 1 2 0 0 0 0 0 0 0 1 0 1 0 0 0 0 0 0 1 0 0 0 0 1 0 1 0 0 0 5 0 1 0 1 0 0 5 0 0 3 0 0 0 0 3 0
2 7 9 7 0 0 3 13 0 10 15 1 1 1 2 0 9 3 1 1 9 4 3 7 3 6 1 6 10 28 3 3 37 14 5 1 5 2 6 3 5 0 6 4 2 4 4 2 2 1
0 0 0 0 7 2 0 1 0 0 0 0 2 1 0 0 0 0 0 1 0 1 0 0 0 0 0 1 0 0 2 0 0 4 0 0 0 0 1 1 0 0 1 7 2 1 0 0 0 2
0 7 1 0 10 0 0 0 0 1 0 0 2 2 0 1 2 0 0 0 0 0 1 3 1 7 0 0 1 0 0 0 0 1 0 0 5 2 0 2 0 0 6 0 0 0 0 0 0 0
0 0 2 0 0 0 0 0 0 2 0 0 0 0 0 0 0 1 0 0 2 0 2 2 1 0 1 0 1 1 0 1 3 1 8 1 0 0 0 0 0 1 1 0 0 1 0 0 1 1
0 0 0 1 1 0 2 11 9 1 2 1 16 5 12 6 0 2 0 0 2 1 5 0 0 0 2 5 0 3 10 5 4 0 2 1 0 0 12 1 1 0 0 0 1 5 7 2 1 4
8 1 5 0 4 1 17 8 1 6 15 0 32 0 1 4 1 4 27 4 9 7 2 13 2 29 7 1 1 3 6 6 1 4 4 1 8 4 0 6 2 5 4 2 17 1 10 2 17 9
9 2 5 1 1 1 5 2 1 3 0 1 0 0 1 0 6 0 1 1 0 1 0 0 15 3 0 0 0 2 0 0 0 0 1 0 0 13 0 8 0 2 3 0 0 3 1 1 11 2
4 1 17 5 4 2 1 10 2 4 2 1 12 12 1 1 13 0 11 5 0 0 4 1 3 10 2 4 0 0 2 2 0 2 2 2 6 0 2 4 7 6 1 1 3 0 11 0 8 6
