3 0 1 0 0 1 11 3 0 2 3 4 9 3 1 2 0 3 7 0 3 0 1 5 3 1 1 0 1 0 23 10 0 5 3 0 4 1 1 6 18 6 7 3 2 0 5 0 2 1
3 2 9 3 17 3 2 0 2 0 0 0 9 1 11 24 10 1 6 3 0 10 2 4 1 3 1 0 9 4 6 12 9 3 9 24 0 4 21 2 12 13 24 12 28 3 1 13 0 16
2 6 18 2 28 20 12 8 5 9 5 1 14 6 6 4 5 2 2 0 22 0 1 4 8 3 0 3 9 0 7 20 2 8 0 14 0 20 12 7 3 3 31 11 16 1 1 2 6 9
5 8 6 1 14 1 13 4 5 1 0 0 10 7 6 9 3 13 3 8 13 4 10 4 0 0 6 29 1 3 0 19 0 2 9 13 9 2 2 7 3 21 2 1 6 4 0 15 2 23
0 0 0 1 5 2 2 1 0 0 1 1 0 0 5 1 0 1 0 0 0 0 0 0 3 3 0 0 0 0 5 0 2 10 1 1 1 0 2 2 0 2 3 2 1 19 0 0 0 0
1 1 0 2 0 1 2 0 1 6 3 0 0 1 0 0 0 1 0 0 0 0 0 2 0 0 2 0 0 0 0 0 9 0 1 0 8 0 1 1 0 1 0 0 2 2 1 1 0 3
7 0 6 8 10 2 6 1 2 3 0 3 0 0 2 1 10 0 0 3 0 1 7 0 0 4 12 12 8 1 0 9 1 7 1 1 1 2 4 14 1 5 2 1 17 14 17 0 2 3
0 1 0 0 1 0 0 0 0 0 8 0 1 0 0 0 0 0 0 0 1 1 0 0 0 0 0 3 0 0 0 0 0 2 0 1 0 2 1 1 0 0 0 0 2 1 3 4 0 0
2 2 1 0 2 19 4 12 6 1 23 14 0 5 1 2 21 5 4 3 8 9 0 0 22 0 4 9 2 2 0 8 7 6 3 0 4 9 11 5 16 19 2 25 0 5 4 10 5 6
0 1 0 0 1 10 2 3 0 0 0 0 0 0 5 1 0 0 0 3 0 1 0 0 16 0 0 1 0 0 0 2 1 0 0 0 0 0 1 0 0 0 3 3 0 0 0 0 0 0
5 7 0 10 9 0 0 1 5 0 0 4 0 15 0 8 3 10 1 3 2 2 5 2 1 2 11 4 0 8 5 3 4 1 1 1 1 2 7 0 5 0 0 16 0 6 7 3 3 2
7 2 4 6 18 14 3 2 2 0 20 0 16 13 12 19 5 2 2 1 2 4 26 11 18 8 8 5 8 4 0 10 6 10 6 3 25 0 0 20 9 7 3 8 31 1 0 9 2 6
3 9 12 8 1 7 2 1 19 0 4 7 5 10 9 14 6 5 13 7 6 4 12 1 6 4 10 1 3 2 6 5 0 2 3 0 5 0 0 11 36 7 1 4 3 1 26 2 5 11
0 3 0 0 1 5 4 1 3 2 0 2 1 1 1 0 1 0 7 0 0 4 3 0 1 1 3 5 3 6 0 1 2 16 7 1 2 16 2 0 7 11 1 1 25 6 3 4 2 2
3 10 2 0 0 2 2 5 1 4 3 3 0 2 6 9 10 1 3 5 1 6 1 5 1 4 0 0 3 1 0 2 0 0 11 0 0 1 2 9 8 1 13 8 2 0 1 14 8 5
0 0 0 0 0 9 0 0 3 1 0 0 0 0 8 0 1 1 1 0 0 0 0 0 0 1 0 0 1 0 0 1 0 0 0 1 0 0 0 0 0 0 3 0 0 0 0 1 0 0
1 1 0 0 0 3 1 0 6 3 2 0 1 0 0 0 0 0 0 0 0 0 0 4 0 0 1 0 0 1 0 1 0 0 1 1 3 1 0 0 0 0 0 0 0 2 0 1 0 1
28 13 1 1 1 10 3 17 14 5 15 14 0 1 23 1 2 3 8 6 1 4 7 9 10 3 13 1 11 7 15 2 3 6 24 7 7 2 0 12 4 6 5 12 2 15 9 0 3 4
1 0 0 0 2 0 0 2 0 0 0 0 2 0 3 1 1 0 0 0 0 1 1 0 4 1 2 1 0 2 0 0 0 4 0 6 1 0 0 0 0 0 1 0 1 2 0 1 1 0
19 10 7 25 6 18 7 0 6 6 1 13 0 5 1 0 4 5 1 2 8 16 2 1 19 7 4 21 0 4 0 7 0 0 0 1 3 5 7 9 3 4 3 0 7 3 1 8 4 4
0 0 0 0 8 15 1 0 0 0 0 0 5 3 0 0 2 0 1 0 0 0 0 1 0 0 2 0 0 0 0 21 1 3 0 0 0 1 0 1 1 0 4 0 0 7 5 0 0 1
0 12 1 13 2 0 1 2 5 2 3 0 0 2 1 0 0 8 7 5 7 1 9 2 0 0 0 2 2 5 1 0 0 2 0 9 4 1 1 0 2 0 0 5 4 1 0 0 1 5
12 12 2 0 2 6 0 3 0 0 6 8 13 5 3 5 6 5 2 3 0 0 1 0 30 4 4 3 15 4 7 22 10 5 5 0 1 0 3 2 2 1 2 3 2 2 5 5 3 0
9 0 0 15 2 5 24 4 11 23 0 15 1 5 9 4 5 24 1 9 10 14 10 5 20 4 17 5 17 7 5 8 7 10 4 19 11 16 0 5 4 0 3 15 8 8 17 1 17 11
0 0 2 0 0 0 0 0 0 0 4 0 1 1 0 0 0 0 0 0 0 1 1 3 0 0 0 0 1 1 0 0 2 0 0 0 2 1 0 1 0 0 1 0 0 1 0 0 0 0
0 0 0 0 16 1 0 0 1 0 0 0 1 1 1 0 0 1 1 4 0 0 0 0 1 3 4 0 0 0 0 0 12 14 1 1 0 0 0 0 1 1 0 0 0 0 0 0 0 1
0 5 7 18 3 6 8 1 15 11 28 12 5 7 6 0 9 14 4 9 0 7 8 19 8 3 28 0 16 2 5 1 4 2 10 0 18 3 21 8 8 1 4 8 3 11 1 5 5 16
0 0 1 0 0 2 0 0 0 2 1 0 0 0 1 0 0 0 0 1 0 0 1 0 7 0 0 1 1 0 0 1 0 1 0 0 1 0 0 0 0 0 2 0 0 1 2 0 0 0
3 0 0 0 8 1 0 0 0 0 0 0 2 1 0 0 1 2 0 0 1 0 0 1 0 1 2 0 0 2 1 0 2 0 0 2 0 0 1 0 0 1 0 0 0 2 1 1 0 0
2 14 3 8 2 3 6 2 4 1 5 21 11 6 10 1 2 12 2 16 10 11 1 5 3 5 19 2 17 2 0 0 12 10 1 1 18 3 5 24 3 32 4 16 4 2 7 10 30 0
0 6 18 12 30 16 0 7 4 17 9 3 4 5 4 11 11 15 8 0 1 22 0 0 7 4 1 23 7 18 9 1 10 1 0 8 11 2 6 1 4 5 3 1 4 5 24 3 7 4
0 1 0 0 1 0 0 0 2 1 1 0 0 0 0 0 4 0 0 0 0 0 0 0 2 2 7 0 0 0 0 0 0 1 0 3 0 0 1 0 3 0 0 1 1 5 0 0 1 0
0 1 0 1 0 5 0 0 2 0 0 0 1 0 1 0 2 1 0 0 1 1 0 1 1 0 0 0 1 0 0 1 0 0 0 1 0 2 0 0 2 1 2 1 0 1 0 0 0 0
6 7 9 0 1 6 2 2 0 22 6 5 3 6 4 2 2 0 8 11 5 0 0 5 2 0 11 1 3 0 6 15 19 4 10 8 0 2 0 5 2 0 10 3 3 1 1 5 11 8
2 1 6 3 0 0 4 5 13 1 2 2 0 1 2 0 7 2 3 0 1 6 10 1 0 8 0 2 9 5 0 2 2 0 6 0 6 1 4 5 8 4 0 3 3 0 1 0 2 0
2 0 3 3 0 0 9 5 8 5 7 0 0 15 3 4 7 1 4 1 5 4 0 6 3 12 0 2 4 1 7 4 0 0 0 0 0 3 3 3 9 0 0 2 0 0 2 3 0 1
13 5 2 6 0 5 2 21 6 0 4 4 1 2 0 3 6 6 1 6 15 2 7 4 4 1 1 1 6 39 9 5 18 3 4 3 3 7 15 8 1 3 6 0 4 20 1 11 8 3
0 0 0 0 1 0 0 0 0 1 0 1 2 1 2 1 0 0 0 0 0 2 1 0 0 0 2 2 0 0 0 0 0 2 1 10 0 0 0 0 1 0 3 0 0 0 1 1 0 1
0 3 4 0 11 5 6 5 0 0 7 1 8 1 4 1 1 6 9 3 0 1 0 0 9 5 8 3 1 0 0 2 4 0 16 6 0 2 1 1 2 1 3 3 13 0 31 2 3 0
2 0 2 1 0 11 1 5 7 4 4 4 0 0 9 4 4 2 0 4 1 0 10 1 17 3 1 1 9 0 1 6 3 0 4 1 11 2 4 1 13 2 6 2 6 3 1 0 14 0
0 0 1 0 7 1 0 0 0 0 2 0 11 2 0 0 0 0 0 0 0 0 0 0 1 0 2 1 0 0 0 1 2 11 2 2 0 0 0 0 0 1 0 0 0 0 0 0 0 1
5 0 3 6 2 9 3 2 1 1 0 0 0 2 2 15 2 0 4 7 16 12 1 0 18 1 1 1 1 0 7 7 1 2 5 0 1 0 0 4 5 3 4 9 0 3 3 0 1 1
2 0 0 0 6 1 0 0 0 1 3 0 5 2 0 1 0 0 1 0 0 0 3 0 1 0 0 0 0 0 0 0 9 3 0 0 1 1 0 1 1 0 0 0 0 8 0 0 0 2
0 1 1 0 0 5 2 0 0 0 0 2 0 0 13 0 0 1 0 0 0 0 0 0 4 0 0 0 0 0 0 8 2 1 0 0 2 0 0 0 0 1 0 3 0 0 0 0 3 0
2 7 8 0 5 1 1 2 9 3 1 5 2 3 3 3 3 3 4 6 1 11 0 7 0 3 1 2 7 3 2 1 11 11 9 0 3 1 7 8 1 7 2 5 4 4 2 19 5 11
9 2 0 0 12 2 2 5 2 5 10 0 0 0 2 0 9 6 3 1 3 5 0 0 16 5 3 8 8 5 4 2 8 3 1 7 4 4 4 11 7 15 10 3 5 1 6 0 12 0
0 0 0 0 0 1 0 0 0 0 1 0 3 1 0 0 0 0 0 0 0 0 0 0 0 0 2 0 0 0 0 0 2 1 0 0 0 1 0 1 0 0 0 0 1 6 0 0 0 1
2 19 8 0 16 5 3 0 0 13 2 1 12 2 6 8 1 0 2 9 10 0 9 52 6 11 6 1 14 1 7 5 2 4 9 3 3 9 7 1 37 3 14 8 4 3 1 4 1 4
7 3 5 11 9 7 15 0 0 0 3 6 0 7 11 5 0 0 1 0 11 2 6 2 9 9 0 10 6 0 7 2 0 9 1 2 1 2 12 9 0 5 5 0 2 2 4 2 24 6
8 3 0 20 1 3 11 13 1 9 10 7 5 3 3 3 4 6 7 4 3 0 1 1 6 20 1 1 0 7 22 0 1 0 5 4 13 0 3 2 5 1 1 3 0 6 0 8 3 9
0 0 1 0 12 7 0 0 1 0 0 0 5 0 0 0 0 0 0 0 1 0 0 0 0 0 11 2 1 0 2 1 1 2 0 4 0 1 3 0 1 0 1 0 0 1 3 0 2 0
0 2 0 0 0 8 0 0 0 0 0 0 0 0 2 1 0 0 0 2 1 1 0 1 1 1 0 0 1 0 0 0 0 1 0 1 2 0 0 1 1 0 0 2 2 0 0 0 1 0
0 2 0 0 1 3 0 0 0 1 0 0 2 0 4 1 2 2 0 1 1 0 0 0 2 1 2 0 2 0 0 4 2 11 0 23 0 0 0 0 0 0 2 0 1 11 1 0 0 0
0 0 1 1 1 9 0 0 2 0 0 0 2 0 1 0 0 0 2 1 0 0 0 0 9 0 9 0 0 0 0 0 1 21 0 0 0 0 1 0 0 0 0 0 0 5 2 1 0 1
1 0 0 0 1 0 0 0 0 0 0 0 0 0 0 1 0 0 0 1 0 1 0 5 0 0 1 0 0 0 0 0 4 0 0 2 0 0 0 0 0 0 0 0 0 0 0 0 1 0
0 0 1 0 4 3 2 0 0 0 0 1 2 0 5 0 0 0 1 1 0 0 1 0 13 0 3 0 0 0 0 0 14 0 0 8 1 0 0 0 0 1 4 0 0 0 1 0 0 0
4 17 0 6 13 3 2 3 5 0 3 11 12 1 0 5 16 47 7 10 0 2 9 6 2 0 2 0 20 9 5 0 4 4 1 9 0 16 1 8 2 2 9 30 5 0 10 5 30 27
0 0 0 0 0 0 0 0 0 14 4 0 0 0 0 0 1 0 1 2 0 0 0 1 0 0 0 0 0 2 0 0 0 0 0 1 0 1 0 0 0 0 0 0 0 0 0 0 4 0
3 0 2 3 6 12 0 9 1 3 2 0 4 2 8 7 6 13 0 0 12 7 5 8 1 1 4 8 8 0 9 1 3 1 2 1 5 3 1 0 0 3 3 8 2 2 2 3 4 3
7 12 5 0 4 6 1 2 10 6 6 0 4 5 3 5 26 4 9 5 18 8 5 4 12 3 2 1 1 9 10 11 2 1 5 3 23 4 31 2 4 0 2 7 2 2 0 10 8 0
0 0 1 0 1 0 0 1 0 2 10 0 0 0 0 0 1 1 0 0 0 0 0 12 0 0 0 0 1 1 1 1 3 1 0 0 7 0 0 0 1 0 0 0 1 1 0 0 0 0
0 0 0 0 0 17 4 0 1 0 1 0 0 0 5 0 0 0 0 0 0 0 0 0 1 0 1 1 0 1 0 2 0 1 0 0 0 0 1 0 1 0 0 0 0 1 0 0 3 0
0 1 1 0 2 0 0 0 1 7 0 3 0 0 0 0 1 0 0 0 0 0 0 0 0 0 0 0 2 0 0 0 0 0 0 0 2 0 0 0 0 0 0 1 0 0 0 0 0 0
1 0 0 0 0 2 0 2 1 0 0 0 1 0 1 0 1 0 0 1 1 0 0 0 0 0 0 0 0 0 0 4 4 12 0 5 0 0 0 1 0 0 6 0 0 0 0 0 0 0
0 3 3 1 9 1 6 0 1 0 0 3 1 5 0 3 1 1 5 1 8 1 4 0 6 16 0 1 0 0 19 16 4 2 10 3 0 1 3 0 11 9 7 0 0 1 3 1 0 11
1 0 0 0 11 0 0 1 0 0 0 0 7 0 0 0 0 0 1 0 0 0 0 1 0 0 11 0 1 1 0 1 5 5 0 0 0 2 0 0 1 0 0 0 0 1 1 1 0 0
6 9 6 3 7 2 4 15 1 0 0 2 2 2 18 2 0 0 14 12 1 4 8 3 1 3 5 0 17 0 1 6 0 1 0 0 0 8 2 1 2 0 3 15 2 7 1 4 2 2
2 8 2 0 0 1 12 1 3 2 2 2 18 24 28 9 1 3 7 4 25 4 3 2 7 0 0 4 4 0 0 5 7 0 10 0 2 5 5 4 5 7 2 4 13 9 30 14 3 18
3 3 0 1 1 1 0 0 1 0 4 1 3 0 3 1 1 0 0 1 0 1 0 0 1 0 0 0 1 0 0 8 31 8 1 2 0 0 0 0 0 0 1 0 0 3 3 0 1 1
1 0 3 0 2 1 1 0 2 1 6 0 0 0 0 0 0 2 0 0 0 0 0 5 0 0 0 3 2 1 0 0 0 0 0 0 0 0 0 0 1 0 0 0 0 0 0 1 0 0
0 0 1 0 1 1 0 0 2 0 0 0 0 0 3 0 0 0 5 0 1 0 0 0 0 0 0 0 0 0 2 0 3 2 0 5 1 0 1 0 2 0 1 0 0 2 0 0 3 0
0 0 0 0 1 4 0 0 1 0 1 0 0 0 0 0 0 0 0 0 2 0 0 0 1 0 1 2 0 2 1 2 3 1 0 4 0 0 1 2 0 0 0 1 0 3 0 1 0 0
3 0 0 2 11 14 0 3 1 5 5 6 8 0 11 3 3 1 1 2 5 1 7 1 61 2 0 6 0 0 0 5 2 0 0 1 1 0 3 0 2 2 0 5 12 0 1 4 8 3
8 0 5 0 2 19 8 10 9 4 7 14 0 0 1 0 3 9 1 17 3 6 8 10 0 4 1 13 4 23 2 15 2 2 1 2 1 19 8 7 16 4 11 5 12 4 25 8 1 16
2 4 5 5 9 14 0 23 23 15 0 3 4 1 4 5 9 0 12 0 7 0 38 27 5 0 12 5 12 4 19 2 0 5 10 1 5 19 14 1 1 4 7 11 13 5 1 10 1 0
7 6 6 1 0 0 6 3 1 2 4 2 0 36 0 0 15 8 2 0 3 0 2 4 0 3 0 6 13 1 1 0 1 0 0 0 1 0 0 1 6 2 0 0 0 0 0 1 12 6
0 0 0 1 17 0 1 1 0 0 0 0 6 0 0 3 0 0 2 0 0 1 0 1 0 0 7 0 1 0 0 0 3 0 0 0 0 0 0 0 0 0 0 1 0 9 0 2 0 0
0 1 0 0 0 0 0 0 0 0 0 0 8 1 2 2 0 0 1 1 0 0 1 1 0 0 2 0 3 0 0 0 3 2 0 8 0 0 0 0 1 0 0 0 0 2 0 0 0 0
0 0 0 1 0 0 0 0 2 0 2 1 5 0 2 0 0 0 0 0 0 0 0 1 3 0 0 0 0 0 2 0 2 0 0 0 0 0 0 0 0 0 2 0 0 0 0 1 0 0
0 0 0 1 0 1 1 0 1 0 1 0 0 0 7 0 0 2 0 0 1 1 0 0 1 0 5 0 0 1 1 2 0 3 0 2 0 0 1 0 0 0 15 0 0 4 4 0 0 1
0 0 8 11 1 7 4 1 2 1 0 0 0 8 2 6 2 3 2 0 1 5 5 3 3 1 1 4 8 2 2 4 1 1 4 0 4 2 2 8 5 0 0 9 3 2 6 1 0 5
0 0 2 0 5 0 2 2 0 1 0 0 7 0 0 0 0 0 0 0 0 0 0 0 1 4 3 1 1 1 0 0 4 5 0 1 0 0 0 0 1 0 1 0 0 0 1 0 0 0
0 10 0 3 12 23 6 2 0 11 2 0 0 11 2 3 0 2 0 9 9 0 4 6 5 0 2 1 7 4 5 4 0 2 2 2 12 0 10 10 10 2 0 0 3 1 17 0 4 11
0 0 0 0 0 0 3 0 0 2 1 0 0 0 0 1 0 0 0 0 0 5 2 1 0 0 0 0 2 1 1 0 1 2 1 0 1 0 2 0 0 0 3 0 0 0 2 1 0 1
3 10 9 0 1 10 2 5 0 2 5 13 4 1 0 23 0 2 2 10 7 6 7 1 8 8 5 3 4 17 6 7 8 18 2 5 1 10 8 5 2 11 8 0 9 0 5 12 11 1
2 2 6 11 9 16 14 18 3 2 2 0 10 3 13 9 0 10 2 10 3 15 7 15 1 2 0 22 6 1 2 9 1 32 3 5 19 30 11 2 1 1 3 2 2 17 3 0 1 32
5 3 7 29 8 1 4 5 0 0 6 4 6 5 0 0 2 0 4 3 10 7 0 11 0 5 3 1 18 1 3 0 13 4 3 1 5 8 0 1 11 0 0 1 2 3 13 0 0 1
0 1 0 2 2 1 0 0 0 0 3 0 0 0 0 0 0 0 0 0 1 0 1 1 0 0 0 0 0 0 0 0 3 1 0 1 0 0 2 0 0 0 0 0 0 8 0 0 0 0
14 6 1 2 0 0 3 2 2 3 2 3 1 13 0 2 0 6 1 4 2 6 1 6 0 14 0 0 1 2 4 0 0 0 8 0 4 2 0 8 4 2 0 8 14 0 0 0 6 3
0 0 1 6 1 0 1 3 15 14 3 7 0 3 1 2 4 3 0 2 9 14 2 1 0 2 0 1 0 8 2 9 0 0 4 0 1 0 2 1 0 19 1 3 0 0 1 0 5 0
9 0 3 0 13 6 3 10 35 3 1 9 12 3 0 6 0 14 0 20 6 1 1 18 0 3 5 2 0 2 2 0 15 2 8 6 15 8 12 15 10 1 0 2 6 5 8 22 18 2
6 0 8 6 1 0 6 3 3 10 1 3 6 3 0 1 8 8 0 4 4 2 4 5 9 5 8 0 1 2 10 1 2 4 1 8 22 2 11 2 10 1 0 1 7 0 0 2 12 2
0 0 0 1 0 0 1 0 0 0 0 0 7 0 0 0 0 0 0 0 0 0 1 0 3 0 0 1 2 0 0 11 6 0 0 3 0 2 1 0 1 0 3 1 0 0 1 0 0 0
1 0 1 0 1 4 0 0 1 0 2 0 0 0 1 0 0 1 0 1 0 0 0 0 2 0 0 0 0 0 2 3 0 0 0 0 1 0 0 0 0 1 5 1 0 0 0 0 0 0
5 1 1 4 1 3 6 0 3 1 0 5 4 0 4 1 0 1 16 0 5 6 4 0 0 2 4 2 5 2 4 1 0 5 2 6 0 22 6 0 0 6 3 1 6 2 0 3 7 7
0 8 0 0 0 0 1 3 0 2 0 0 0 4 0 3 13 1 16 4 2 14 7 5 0 12 0 1 0 1 9 1 0 0 5 0 7 1 2 1 1 3 0 6 2 0 0 7 0 1
15 8 3 1 2 0 4 1 0 2 9 2 0 8 0 4 7 0 0 13 1 9 1 5 0 1 1 1 0 9 5 0 1 0 14 0 1 9 6 11 7 3 0 4 3 0 0 7 9 6
0 0 2 8 1 1 1 0 0 1 9 7 6 1 2 1 29 4 0 5 10 0 8 0 3 8 19 6 1 3 3 4 5 6 0 0 11 7 1 8 3 2 0 2 1 13 0 0 1 1
0 1 2 0 0 1 0 0 0 1 0 0 13 0 1 1 0 0 0 0 0 0 1 1 0 0 11 0 1 0 2 0 8 2 0 2 0 0 0 1 0 0 0 0 0 0 1 0 0 0
1 6 0 1 2 1 8 8 1 7 6 10 7 1 1 0 10 2 5 0 3 13 4 1 6 2 0 6 2 0 3 0 9 2 27 4 10 1 0 0 6 12 2 5 0 0 13 2 14 3
