0 23 4 3 22 16 4 23 3 4 5 23 7 5 0 2 4 4 19 14 6 6 4 6 13 4 6 7 3 20 9 5 5 1 1 12 0 14 9 7 16 4 10 3 1 32 16 18 2 40
14 3 21 21 7 1 2 8 23 29 5 9 3 0 9 37 2 0 2 9 10 10 8 39 3 2 4 2 4 50 7 10 11 2 21 10 2 6 10 1 12 4 4 5 0 6 14 0 7 0
3 0 8 10 8 15 1 1 3 7 6 7 12 2 1 10 7 10 1 8 12 5 10 34 5 13 9 3 1 7 2 15 9 0 2 1 8 2 12 1 0 2 6 3 13 1 2 8 6 8
8 14 2 13 0 3 3 0 1 3 0 3 37 19 5 11 42 2 2 1 8 4 14 12 0 1 5 1 5 9 5 0 13 5 1 1 3 10 6 10 1 2 0 15 0 5 0 0 9 11
4 3 4 5 33 0 1 5 5 3 1 2 1 5 4 2 1 6 8 1 0 1 1 2 11 2 5 1 1 3 4 6 15 8 13 5 1 0 2 2 7 1 7 6 1 4 5 3 4 0
3 0 0 0 1 2 1 1 1 2 1 0 1 0 0 0 0 0 0 0 0 2 0 0 0 0 2 0 0 1 1 0 0 0 0 1 0 2 0 1 0 0 1 0 0 0 0 0 0 1
0 1 0 0 0 0 0 1 1 1 0 0 0 8 0 1 4 0 5 0 0 0 0 0 0 0 0 0 1 0 0 1 0 0 0 0 0 4 0 0 0 10 0 0 0 2 0 0 1 2
0 0 0 0 0 0 2 0 0 1 0 1 2 0 1 0 1 1 2 0 0 0 0 0 0 2 0 0 0 0 0 1 0 1 0 0 1 7 1 6 0 0 1 0 0 0 0 1 1 0
2 6 2 2 8 2 2 4 12 3 2 8 8 4 3 24 2 10 0 13 4 17 14 0 13 1 2 9 5 0 1 0 0 0 3 27 26 4 11 1 5 4 2 2 22 37 22 4 0 2
1 0 0 0 0 0 0 0 0 0 0 0 2 0 1 0 0 0 0 0 0 3 1 0 0 0 5 0 1 0 0 0 0 0 0 1 0 0 2 0 0 0 0 3 0 0 0 0 2 0
14 0 4 4 4 1 5 1 7 8 2 3 4 3 3 0 6 7 25 1 4 0 0 1 3 0 10 3 0 2 7 1 4 0 7 3 0 8 5 4 0 14 7 13 9 2 0 2 2 1
1 1 0 2 1 0 2 0 0 2 0 0 1 0 0 0 1 0 1 0 1 1 0 0 1 0 0 0 0 0 0 0 0 0 0 0 1 4 0 1 0 0 1 3 1 1 1 2 1 0
21 1 36 11 4 0 2 14 0 4 0 11 4 8 2 14 5 6 1 0 17 8 13 1 10 4 0 20 1 2 17 5 17 12 2 2 1 0 0 6 6 6 4 19 5 4 29 1 21 12
1 16 27 12 21 9 2 13 22 6 7 6 1 22 3 1 2 5 9 5 14 7 1 3 14 7 11 1 18 4 19 17 5 15 0 1 16 12 3 1 1 4 4 0 0 0 1 3 2 13
5 2 9 1 12 3 4 5 3 5 4 3 9 6 3 0 1 0 1 0 3 3 10 1 2 12 4 12 15 9 0 1 6 1 5 4 7 4 0 2 0 6 7 5 2 11 2 19 0 1
4 13 7 2 10 0 5 3 17 4 10 2 3 0 5 6 2 11 1 1 6 6 20 22 10 1 0 3 3 8 5 6 26 1 10 7 2 8 3 7 11 2 0 0 13 54 3 9 30 3
6 2 0 1 0 3 2 3 0 4 0 0 5 2 0 3 9 5 0 0 0 6 1 6 0 2 0 7 4 3 7 3 4 4 9 0 0 3 10 4 5 3 0 5 1 5 4 1 1 1
2 2 1 3 0 4 2 2 9 4 5 2 0 0 8 1 0 0 1 1 2 7 0 1 0 2 4 1 5 0 17 2 7 0 0 3 1 0 2 0 9 0 0 9 4 1 5 0 0 0
0 3 16 2 21 0 0 0 7 13 1 13 2 0 0 1 7 3 7 0 0 15 2 2 0 0 0 0 6 13 3 1 3 0 1 0 0 4 6 0 0 0 7 3 1 1 6 0 0 6
0 2 12 3 3 1 2 1 1 0 9 6 2 0 0 0 5 0 29 3 2 0 0 8 0 6 19 5 0 1 7 1 2 2 2 7 1 3 6 1 10 19 3 2 1 2 1 0 6 4
1 0 0 1 0 0 0 13 0 0 0 0 1 0 0 1 0 0 0 0 1 2 1 0 0 0 0 0 1 0 2 3 0 0 0 0 0 3 1 0 1 1 0 0 1 0 2 3 0 1
3 0 0 0 0 0 0 0 0 0 0 0 1 9 0 1 0 0 4 4 0 0 0 0 0 0 0 0 3 1 0 0 1 0 0 0 0 1 1 5 0 4 1 0 0 0 1 0 1 0
2 16 1 5 9 12 2 11 26 2 18 8 4 11 3 2 0 1 4 6 5 4 0 13 1 1 0 10 0 1 5 3 1 29 14 4 3 1 4 1 6 0 5 45 6 5 6 2 0 6
3 2 1 24 53 23 3 2 15 0 9 6 18 6 15 17 6 4 17 6 23 16 2 0 15 3 14 29 10 22 3 23 22 8 0 10 2 1 2 3 14 1 16 3 15 0 8 5 6 1
0 0 0 0 1 0 1 9 0 0 1 0 0 0 0 3 2 0 0 0 0 3 0 0 0 1 0 0 0 0 2 0 0 3 10 0 1 0 6 0 0 1 0 0 0 0 0 0 0 0
0 0 0 1 3 0 1 0 0 0 0 0 12 3 0 0 0 0 0 0 0 1 0 1 0 2 0 1 0 0 0 0 0 0 0 1 0 0 0 1 0 2 0 0 0 0 0 1 0 7
0 0 6 1 13 4 16 3 1 0 5 1 0 0 39 1 1 4 0 6 0 1 2 1 2 0 0 1 1 3 5 14 0 13 7 15 2 0 7 0 1 1 10 0 0 0 7 7 3 1
3 6 2 5 4 27 1 1 2 4 16 1 5 1 4 4 28 0 4 0 2 3 4 0 4 10 0 9 10 1 2 4 14 24 0 12 3 2 10 4 18 5 4 10 3 2 0 2 12 12
21 2 8 6 2 8 3 6 16 30 7 5 5 5 12 0 4 17 0 3 3 5 1 4 1 5 22 16 35 18 8 6 2 4 14 1 1 4 10 3 0 1 3 13 6 4 5 16 1 16
2 3 1 2 0 12 7 4 1 1 0 3 0 7 7 3 4 5 2 2 7 2 7 12 5 4 4 6 0 6 2 16 4 2 1 3 5 3 4 2 6 4 3 6 1 14 10 17 2 4
8 4 0 4 3 1 6 11 6 7 7 2 4 9 3 10 0 1 0 17 2 4 4 8 1 7 2 4 1 1 1 23 26 1 0 5 6 31 8 2 0 5 2 0 27 3 8 6 5 7
0 0 38 2 8 18 1 12 4 4 23 10 26 7 23 1 18 5 2 2 3 7 2 7 2 6 9 8 0 3 5 9 0 8 2 14 17 20 4 6 0 17 25 6 4 1 4 11 4 6
0 0 0 0 1 0 8 1 0 0 0 0 2 0 0 0 0 2 1 0 0 1 0 2 1 1 3 1 0 0 3 0 0 0 0 1 2 0 0 0 0 0 0 0 0 0 0 18 0 0
8 1 3 6 14 4 23 0 5 1 1 3 16 2 5 2 14 5 3 0 6 2 8 8 1 15 11 4 5 5 0 6 4 1 1 20 14 5 1 1 1 20 2 22 4 12 1 3 0 5
36 1 5 0 1 1 6 0 1 1 2 3 13 1 13 8 6 14 0 1 5 20 20 20 2 13 16 2 29 9 46 7 10 5 7 2 13 1 11 0 0 26 3 1 19 7 16 3 4 6
8 4 0 1 3 3 3 0 1 3 3 2 3 2 0 3 5 2 2 0 9 10 3 3 2 1 5 9 1 5 2 1 3 0 0 3 0 0 30 4 5 2 1 0 1 8 26 6 2 8
0 0 0 0 0 0 1 2 0 0 0 1 0 0 1 0 0 0 1 1 1 0 0 0 0 1 2 2 0 2 1 1 0 0 0 3 2 0 0 0 0 0 0 0 0 0 0 0 2 1
0 1 0 0 0 0 0 0 0 1 1 1 4 0 0 2 0 0 0 1 1 2 0 0 1 0 1 0 1 0 1 0 0 0 0 10 0 0 3 0 0 0 0 1 0 0 0 0 6 0
0 0 0 0 0 0 5 1 0 2 0 0 0 0 0 0 0 1 0 0 2 5 1 2 0 0 0 3 0 0 0 1 0 0 0 1 0 0 2 0 1 0 1 0 3 2 2 7 0 0
5 7 0 1 6 6 15 2 11 0 0 5 20 1 1 1 8 2 5 9 1 2 6 20 4 8 3 14 0 1 8 0 1 6 3 3 3 18 8 2 0 6 0 13 8 7 0 6 0 2
4 1 8 5 6 3 3 35 11 2 17 27 39 2 18 1 10 0 13 24 2 1 4 1 2 12 9 21 4 3 0 42 2 8 13 10 10 0 5 5 10 1 1 16 11 4 4 2 4 20
0 0 0 0 0 0 1 1 0 0 1 0 0 0 8 0 0 0 0 1 2 0 0 0 0 0 4 2 1 1 0 0 0 0 0 1 2 0 0 0 1 0 0 0 0 0 0 0 8 0
0 0 1 0 1 0 0 0 0 0 1 0 1 0 0 0 0 0 0 1 0 4 0 0 0 1 1 0 0 0 0 14 0 0 2 0 0 0 20 0 0 0 0 0 2 0 0 3 0 1
13 27 10 2 0 0 2 8 10 0 2 0 5 0 0 9 11 2 18 9 20 9 2 1 0 5 6 4 0 6 5 2 12 4 1 0 13 4 4 6 13 8 4 0 11 0 12 7 18 8
0 3 0 2 0 0 0 0 5 0 0 0 0 1 1 0 0 0 0 0 0 1 1 0 0 0 0 0 0 3 0 0 0 3 10 0 1 0 3 1 0 0 0 0 1 1 2 2 0 1
10 1 1 4 6 1 8 7 0 2 0 5 0 10 3 1 0 3 10 0 2 11 2 16 5 0 3 5 0 0 0 3 4 1 5 0 5 7 0 3 1 20 2 5 2 1 10 0 1 7
0 2 22 2 1 1 3 0 1 11 11 3 3 1 18 2 5 2 3 12 5 12 3 4 3 5 0 4 2 6 4 6 8 0 20 6 0 2 0 1 16 1 26 4 10 0 15 9 1 8
27 19 15 7 1 18 3 7 9 0 0 1 5 8 0 6 1 1 17 2 62 0 1 1 5 6 8 0 4 16 15 2 6 1 5 1 5 0 1 3 5 2 19 6 0 4 3 10 5 17
0 0 3 1 8 0 0 0 2 0 0 0 1 0 0 0 1 0 1 0 1 9 0 0 0 0 0 1 0 0 1 0 0 0 0 0 0 1 0 0 0 0 0 0 1 14 0 0 2 0
0 0 0 0 0 0 1 0 0 1 0 0 1 0 0 0 0 0 1 1 1 13 2 0 2 0 1 1 1 0 0 0 1 1 0 0 0 0 0 1 0 0 1 2 19 0 0 11 0 0
1 13 13 5 0 0 6 37 0 1 0 5 12 2 11 4 5 3 0 1 16 0 1 2 12 0 0 27 8 6 36 5 2 2 21 2 4 1 0 0 6 16 10 14 4 8 10 3 11 3
4 0 0 2 6 7 1 2 2 2 4 0 0 7 0 0 6 0 0 1 0 1 2 2 4 8 1 5 1 0 5 19 3 5 1 0 1 4 20 9 18 9 0 0 0 1 7 2 1 3
0 0 0 1 2 1 3 2 0 5 5 4 1 0 0 1 1 2 1 0 7 0 0 10 1 0 0 3 8 3 0 0 15 9 18 13 4 0 12 0 0 0 4 0 0 4 4 1 0 0
5 10 13 6 2 0 5 2 0 5 4 4 2 8 8 0 3 0 26 7 4 4 23 2 3 21 0 9 6 4 2 5 3 0 0 3 0 3 6 4 1 3 23 0 6 18 3 15 12 2
4 6 2 0 0 4 5 14 2 1 12 23 2 0 9 29 1 4 5 3 1 7 4 15 7 1 10 6 22 3 15 13 4 5 1 3 0 6 0 0 13 0 8 0 6 2 8 0 0 13
1 1 7 3 2 9 1 1 1 2 23 0 6 3 12 13 13 1 14 10 14 19 2 2 0 8 6 1 3 1 15 2 0 0 1 8 3 0 10 13 17 24 0 0 9 7 3 0 7 14
1 0 0 0 0 0 0 0 0 0 0 8 1 0 0 3 0 1 1 0 0 0 0 1 0 0 1 0 1 0 0 3 0 7 4 0 0 1 2 0 1 3 0 1 0 0 0 1 0 1
1 0 0 0 0 0 0 0 2 0 0 0 13 18 2 0 6 1 2 0 1 2 0 0 1 5 0 0 0 0 1 0 0 1 0 1 1 0 0 0 0 3 0 0 0 2 1 0 0 0
5 5 16 7 6 1 2 8 25 7 14 1 0 0 29 7 6 1 6 8 13 0 6 0 6 8 12 9 2 0 1 2 0 16 12 13 6 2 9 4 7 0 5 11 2 2 2 2 10 7
10 1 6 1 6 0 6 1 7 3 3 6 10 14 0 2 0 6 2 0 0 9 2 9 0 1 1 5 1 4 5 4 0 0 0 0 0 8 4 1 0 0 4 8 1 13 4 15 2 12
2 3 0 1 6 2 3 3 4 2 5 1 5 1 3 5 0 5 0 0 0 21 0 1 0 2 2 3 2 6 3 4 4 3 2 3 0 2 4 3 0 2 2 5 3 5 0 14 3 7
12 1 1 6 0 1 0 8 10 4 8 8 0 0 1 5 3 6 3 19 0 2 2 0 13 6 10 20 0 3 11 0 5 9 3 9 0 4 8 33 0 1 7 6 2 0 4 4 5 7
2 0 0 1 17 9 9 14 12 3 2 2 4 4 0 13 0 1 0 1 0 1 0 6 15 0 3 7 12 1 12 0 1 6 10 2 7 0 0 6 1 1 4 13 3 1 21 9 1 1
1 4 22 0 2 1 12 18 0 10 15 30 6 3 0 5 12 1 0 12 13 0 2 2 9 9 4 11 4 0 24 0 16 2 1 0 13 0 1 4 19 8 7 3 2 1 1 5 0 21
2 0 0 0 0 1 2 0 0 0 0 0 1 0 0 0 0 1 0 2 0 5 0 0 0 0 1 0 0 0 2 1 0 1 0 1 1 0 0 0 0 0 1 0 0 4 0 8 0 0
0 1 2 0 0 0 1 1 1 0 0 2 2 0 0 0 0 0 2 1 0 1 0 0 0 1 1 0 1 0 2 2 1 2 0 0 0 1 2 0 0 0 0 0 0 0 1 0 0 0
8 3 5 7 20 14 16 2 8 1 26 1 1 3 3 3 2 6 1 7 21 2 1 9 23 0 11 3 23 1 2 6 6 4 29 1 9 12 2 10 9 3 8 13 4 6 3 4 0 0
3 5 17 2 1 5 0 4 0 6 3 0 2 3 0 8 13 10 3 1 2 0 3 0 4 3 6 9 0 0 13 1 1 5 7 1 6 1 2 2 14 1 1 2 0 0 0 0 1 0
11 1 1 0 1 1 1 6 17 4 0 2 2 0 5 9 9 6 9 15 5 12 1 4 11 9 2 1 0 2 2 8 0 0 9 8 12 7 5 4 1 6 8 4 5 0 2 9 0 14
0 1 2 0 0 3 1 0 0 0 0 0 0 0 1 2 2 0 0 3 19 0 1 0 0 0 28 0 0 0 0 1 1 0 2 0 19 0 0 0 0 0 0 0 0 0 0 2 4 0
1 0 0 3 0 0 1 3 1 0 2 1 0 1 0 0 0 2 0 0 0 0 0 2 0 0 0 0 1 0 1 13 0 0 4 0 1 0 1 1 0 1 0 1 0 0 0 1 0 0
1 4 17 0 1 2 1 1 1 0 2 0 3 5 1 4 3 1 8 0 13 1 0 0 0 3 2 11 0 8 5 3 2 3 25 4 10 9 3 4 10 0 1 9 12 3 3 6 4 6
13 27 1 4 4 6 0 5 1 6 4 1 14 10 1 1 2 2 1 3 10 12 27 30 19 5 47 0 11 14 1 23 9 13 0 3 16 0 28 9 13 3 36 16 2 58 16 0 10 1
9 0 0 18 8 1 9 8 3 5 6 1 1 11 1 13 3 0 1 19 16 2 4 9 16 6 21 19 0 30 18 0 8 9 7 0 2 0 2 0 11 0 3 2 2 2 9 0 11 7
0 1 4 5 2 3 0 9 1 3 13 2 5 5 18 2 1 3 2 3 1 2 8 2 3 7 2 3 0 3 5 0 3 15 11 2 2 2 1 2 7 2 1 3 3 5 0 0 1 3
10 4 1 19 2 1 0 0 2 1 7 3 12 1 0 5 3 4 5 6 6 10 4 4 10 8 2 3 4 4 6 0 5 0 0 1 1 1 2 2 11 2 10 3 0 2 1 0 11 0
0 3 15 7 52 21 1 0 4 4 19 5 8 2 8 5 14 6 8 6 0 7 0 3 0 5 3 3 0 1 1 2 8 36 17 1 3 16 0 4 5 23 17 3 0 1 6 2 3 20
3 3 2 1 14 45 0 1 43 13 11 3 5 5 1 3 0 14 6 7 15 7 2 8 3 2 2 9 16 2 5 0 4 18 9 1 1 1 0 0 1 22 14 5 6 15 22 6 8 27
10 5 2 2 0 9 9 13 4 0 0 1 2 8 25 5 22 1 7 1 10 4 2 6 4 11 7 13 1 3 3 2 3 3 0 5 1 13 2 4 16 4 3 6 5 3 14 6 7 1
4 10 13 4 12 11 9 2 4 2 10 13 1 0 0 0 0 8 0 1 3 2 1 13 1 3 5 2 4 15 11 9 3 11 10 3 1 0 3 1 10 1 5 1 0 1 0 0 14 0
0 4 1 4 13 11 15 8 0 8 3 11 3 0 1 3 2 1 1 7 3 5 0 4 2 0 0 8 0 0 10 6 9 31 6 1 14 5 9 5 0 0 2 13 0 1 0 5 14 0
0 0 1 0 3 0 0 1 0 2 0 0 1 0 1 1 0 3 1 0 1 0 1 0 0 1 0 0 0 0 1 3 1 2 2 0 0 1 8 0 0 0 1 0 0 0 0 1 0 0
0 2 7 14 3 2 7 3 8 0 10 1 0 0 2 0 0 2 0 4 2 0 1 3 0 0 0 2 3 0 0 5 5 7 20 0 0 0 2 1 0 1 10 2 11 2 1 0 5 1
1 0 4 4 7 11 2 0 9 5 8 6 0 4 2 3 0 1 0 3 3 1 0 2 3 4 0 5 2 12 7 1 1 0 2 5 18 0 0 1 0 3 15 13 0 3 1 0 4 6
4 9 6 19 4 14 7 7 13 8 14 11 0 8 6 2 11 3 0 1 2 11 10 20 1 10 8 12 8 2 1 7 2 0 3 6 18 3 3 6 11 1 5 25 5 5 0 2 2 3
0 0 1 1 0 0 0 1 0 0 0 0 8 18 0 0 3 0 0 0 0 0 0 4 0 5 0 2 0 0 2 1 0 0 0 0 1 2 0 19 0 1 0 0 0 0 0 3 0 15
2 0 0 0 1 2 0 3 0 2 0 0 1 1 0 3 0 0 0 0 0 0 0 1 2 0 1 1 0 1 1 4 2 1 0 0 0 0 7 0 0 0 0 0 1 1 0 0 4 0
8 1 6 4 7 7 0 22 11 5 5 22 13 10 11 3 7 7 7 2 10 8 12 4 0 18 7 15 4 17 7 5 8 42 0 19 9 10 12 16 8 2 6 1 1 3 0 0 12 2
2 4 1 0 0 2 0 1 2 9 1 7 4 23 0 8 0 6 3 0 1 1 2 2 9 0 4 0 0 2 2 2 1 0 0 0 8 3 2 6 12 4 5 6 0 1 11 0 3 2
9 17 33 35 4 24 4 6 6 0 14 0 5 2 6 2 0 7 6 9 3 10 1 2 3 3 3 0 12 6 2 6 0 0 5 13 25 3 7 1 3 36 1 4 2 9 9 12 15 2
15 5 1 3 6 4 3 11 3 15 8 0 18 1 2 3 11 1 31 1 11 8 8 0 0 4 2 3 7 0 0 1 0 8 5 5 2 56 2 1 0 3 2 2 7 5 0 6 5 19
0 6 1 9 0 4 29 2 2 2 0 2 6 2 0 2 2 4 11 1 0 1 2 3 0 1 0 21 41 12 9 1 1 1 11 0 0 1 4 1 2 7 4 2 4 3 8 4 2 13
5 1 0 6 6 2 6 12 4 1 0 10 3 1 1 3 2 0 5 2 0 5 2 0 0 2 9 0 5 2 10 4 4 9 24 2 0 5 7 1 4 0 4 0 6 1 3 6 5 7
2 2 6 2 11 16 10 14 4 6 2 1 1 1 1 4 9 6 5 1 0 6 3 0 4 13 2 0 1 13 1 8 0 5 1 7 1 5 4 2 0 4 3 0 13 2 6 10 1 7
10 6 22 13 5 21 16 1 11 23 1 26 4 8 6 5 4 0 3 6 7 6 5 8 16 3 5 5 2 19 11 1 3 6 0 1 6 5 3 2 5 2 0 3 5 16 9 3 0 2
2 2 7 10 0 1 2 2 20 4 1 2 9 4 0 12 16 5 9 3 1 1 3 2 24 16 4 0 3 0 1 5 0 6 0 1 0 1 2 2 0 2 1 10 1 2 1 1 2 11
0 0 0 0 0 0 1 0 0 0 0 1 3 8 2 1 0 0 1 1 0 0 0 0 0 9 0 0 0 0 2 0 0 0 0 1 0 5 0 4 1 1 0 0 0 0 0 0 0 0
5 4 17 2 4 0 1 11 1 5 8 6 12 7 1 6 1 0 5 1 0 2 0 0 2 7 4 10 4 10 1 0 0 1 6 1 0 1 17 8 0 0 1 7 4 0 1 3 0 2
1 0 1 1 0 0 4 1 0 0 1 0 0 0 8 0 0 0 0 2 8 0 0 0 0 0 7 1 0 1 0 0 0 0 1 5 11 0 0 0 0 1 0 0 0 0 0 1 2 0
4 0 0 10 20 2 8 2 0 3 3 3 6 3 1 4 8 2 4 0 4 7 3 3 0 6 6 1 11 0 8 11 0 0 7 0 1 0 6 7 7 1 7 7 26 14 2 7 0 5
