1 0 1 0 0 0 1 3 0 1 1 0 0 0 4 0 3 0 1 2 0 0 0 0 0 0 0 1 1 6 0 0 0 0 0 1 0 1 1 1 16 0 0 0 1 1 0 2 1 0
3 2 13 3 48 12 37 12 1 6 15 1 0 8 3 17 0 5 0 0 10 8 5 5 15 5 12 2 5 4 1 7 10 4 5 26 5 4 7 7 6 18 13 1 0 0 2 3 9 9
0 2 3 3 6 5 1 12 2 5 4 17 3 5 3 14 22 7 21 4 0 3 42 0 17 9 0 4 3 1 1 15 1 0 11 27 22 2 5 38 31 31 11 6 2 21 2 3 11 17
0 1 0 2 0 0 1 0 0 0 0 1 0 0 0 0 0 0 0 0 0 0 0 3 1 1 3 1 1 0 0 0 0 1 0 6 0 0 0 1 6 0 1 1 0 3 0 0 0 6
0 0 1 1 1 0 0 0 3 0 1 0 0 0 1 0 0 3 0 0 0 0 0 1 1 0 0 1 3 6 0 0 1 1 0 0 0 0 0 0 7 0 0 0 0 11 0 0 0 0
9 9 2 2 26 2 1 8 2 3 0 4 19 1 8 7 9 12 2 7 2 4 12 5 0 9 2 15 1 1 6 7 7 1 14 1 3 2 0 6 1 15 10 8 7 21 1 0 20 6
0 0 0 0 0 0 0 0 0 0 0 0 1 0 4 0 0 0 0 0 0 0 0 1 0 0 1 0 1 6 0 0 1 0 0 1 0 1 0 2 0 0 0 0 1 5 4 0 0 0
10 6 23 4 15 18 0 18 1 3 8 1 0 2 2 0 4 2 0 11 13 0 4 11 5 4 10 14 9 0 14 5 10 15 3 26 0 0 14 29 13 10 0 10 18 4 1 3 9 0
7 3 10 7 4 0 6 1 14 5 1 0 20 8 0 8 9 2 4 11 1 2 6 8 18 0 12 7 7 3 6 26 9 4 8 1 3 4 13 23 13 13 3 28 0 12 2 5 23 1
0 1 0 0 0 0 1 2 0 0 0 0 0 2 0 0 0 0 0 2 1 0 0 1 0 0 0 0 1 3 0 0 1 0 0 0 0 0 0 2 3 0 2 0 0 0 0 1 0 0
6 11 0 0 3 2 5 10 8 5 1 0 4 3 7 2 0 22 4 1 0 7 9 1 0 2 18 7 4 0 0 1 21 1 6 7 3 12 0 8 0 9 4 7 19 0 21 3 1 16
0 4 4 0 0 4 0 32 6 8 1 1 3 0 28 11 0 0 4 11 4 1 0 8 5 0 2 14 0 0 4 0 2 2 10 21 1 0 2 2 0 1 14 2 0 0 1 2 8 6
3 0 3 8 0 22 1 2 15 7 10 3 5 10 0 0 15 2 10 21 1 10 6 21 15 1 1 11 2 4 12 18 6 0 11 3 6 17 1 1 4 2 5 0 4 6 1 0 18 13
13 6 2 0 1 19 0 5 7 0 5 12 7 12 7 12 6 23 10 1 20 5 0 8 10 4 4 9 0 33 5 12 0 5 28 0 2 7 1 13 4 1 3 4 13 3 6 6 7 6
0 0 0 1 1 0 0 0 1 0 0 0 0 0 0 0 0 0 0 0 0 0 0 0 1 2 1 0 1 1 0 0 0 1 0 0 0 0 0 0 3 0 0 0 0 0 0 0 0 0
3 0 4 3 4 2 1 3 20 2 0 1 0 27 1 4 8 12 3 0 2 4 9 6 0 2 0 8 10 0 12 3 1 2 4 0 2 3 4 7 3 0 6 9 2 5 5 0 2 4
4 2 1 1 2 1 13 7 1 6 6 2 1 5 9 5 1 19 1 0 4 5 0 1 8 7 4 6 4 0 8 3 0 2 6 1 1 5 3 4 0 0 18 6 0 0 0 4 4 3
4 0 0 0 0 3 0 0 2 0 0 0 0 0 0 1 0 2 0 0 0 3 0 0 0 0 0 0 0 3 0 1 0 0 0 0 0 2 0 0 2 0 1 0 0 0 1 0 0 0
7 3 1 4 0 4 0 9 1 0 2 8 0 0 1 6 11 8 7 23 12 3 4 1 6 8 2 6 5 3 1 1 7 1 0 3 4 1 3 6 10 5 1 0 1 0 0 0 3 6
3 7 3 2 0 2 1 2 3 0 4 7 11 2 6 1 4 3 1 7 2 0 1 3 0 0 0 1 4 2 12 3 8 1 6 0 2 0 9 10 0 9 2 6 0 4 8 2 1 8
4 10 16 3 2 2 0 0 0 14 10 3 2 0 2 0 2 4 2 3 5 2 0 4 1 0 9 6 1 4 2 7 1 1 10 5 1 5 3 10 1 0 5 8 0 1 2 2 2 0
1 0 1 0 0 1 0 0 4 2 1 0 5 3 0 0 0 1 0 0 1 1 0 0 0 0 0 0 0 5 1 0 0 0 0 1 0 0 0 0 0 0 1 0 5 2 0 1 0 0
0 1 0 1 0 0 0 0 0 0 0 3 0 1 0 2 0 1 0 0 0 2 1 0 1 0 1 2 0 0 0 0 0 1 1 0 0 1 0 0 0 3 1 0 0 0 0 0 0 0
15 11 2 5 5 41 0 0 1 0 0 8 0 3 3 17 6 21 7 0 14 26 15 1 1 4 0 0 3 3 0 2 3 4 1 4 0 3 25 22 0 18 14 1 14 5 1 0 1 1
9 11 6 2 2 10 20 5 2 0 0 12 3 8 2 0 2 11 4 2 0 4 0 1 0 8 0 26 9 12 0 3 2 1 2 9 1 0 0 0 6 0 17 0 2 1 7 3 3 3
2 5 0 3 0 3 11 7 5 0 8 1 11 8 9 1 4 6 9 3 4 0 3 4 13 2 3 7 0 4 2 13 2 1 5 7 2 2 2 2 1 0 21 4 0 9 1 2 6 1
0 0 1 0 0 0 1 0 0 1 10 1 0 1 0 1 0 0 0 0 2 0 2 1 1 0 3 0 1 1 1 1 0 0 0 0 0 0 0 0 0 5 0 2 5 0 0 0 1 0
8 4 2 7 6 1 12 29 9 4 0 1 5 6 3 5 1 13 4 4 14 14 3 4 8 13 5 4 18 7 5 14 7 0 0 32 1 2 5 4 1 2 22 8 3 14 0 14 9 3
7 7 5 2 6 3 6 10 1 3 22 8 2 8 20 13 24 0 2 0 2 15 1 0 18 4 0 3 3 5 10 4 1 4 3 8 8 14 30 15 0 17 4 3 0 0 10 21 4 15
8 15 0 35 4 1 3 7 23 7 5 2 4 2 5 8 7 1 11 7 0 8 17 2 3 6 0 11 2 1 2 19 4 3 1 14 17 6 3 35 2 1 0 3 1 3 9 5 28 0
0 0 0 0 0 3 0 0 0 0 0 0 0 2 0 1 0 0 0 0 0 0 0 0 0 0 0 0 2 6 1 0 1 0 0 2 0 1 0 0 4 0 0 0 0 7 0 0 0 1
2 0 1 1 3 0 0 11 5 0 9 13 2 11 5 1 0 0 0 12 0 8 5 5 2 6 15 4 0 0 4 0 0 3 3 0 5 1 26 8 1 0 4 2 1 0 2 15 0 1
9 9 4 1 1 1 4 2 5 5 2 8 0 30 20 0 4 2 1 2 1 8 1 4 2 9 1 4 3 1 5 1 0 6 4 16 7 13 1 2 0 8 0 6 0 0 1 0 5 11
0 4 1 5 5 6 2 0 13 0 0 5 1 11 24 3 2 0 3 5 1 2 2 2 7 10 3 10 0 0 5 7 7 12 1 0 7 0 6 2 1 1 3 8 1 21 0 0 3 9
1 3 0 9 0 4 0 6 1 0 1 0 3 17 27 6 2 2 10 26 5 6 12 46 1 0 1 1 3 6 10 4 10 6 1 12 6 17 5 10 8 1 9 3 8 0 2 15 8 4
1 3 5 26 1 23 8 0 3 1 1 2 11 15 0 20 3 5 10 7 1 10 2 11 1 3 7 4 8 5 10 8 2 5 5 2 16 21 0 15 0 4 0 20 12 2 3 4 2 4
12 11 6 6 21 0 7 25 8 14 14 1 11 1 4 6 5 6 2 35 0 4 1 11 2 11 1 2 15 3 3 0 5 5 28 0 12 4 2 11 2 1 12 0 1 0 2 2 14 9
5 5 22 6 17 0 0 0 7 1 6 8 1 6 10 1 9 2 1 19 7 23 5 6 6 11 4 3 7 7 6 7 7 2 5 10 2 36 15 1 14 4 15 1 14 5 0 7 5 5
12 4 6 1 1 0 3 0 4 15 1 5 0 4 1 1 0 2 5 13 3 0 3 2 0 1 10 1 4 2 5 6 3 6 1 0 2 0 0 0 2 3 0 8 8 0 11 1 0 6
0 1 1 0 1 0 0 0 0 1 0 0 1 0 3 1 0 3 0 1 1 0 1 1 0 0 0 0 1 1 1 0 0 0 0 0 0 0 0 0 0 1 0 0 0 0 0 0 0 0
4 0 2 6 4 3 9 1 1 5 11 3 2 6 8 0 15 0 2 4 4 1 1 2 3 1 5 10 2 4 0 1 6 1 0 13 8 3 0 0 9 0 3 13 0 10 2 0 2 0
0 0 0 0 0 1 1 0 0 0 10 0 0 0 1 0 0 0 0 0 1 1 1 0 0 0 0 0 0 2 0 0 1 2 0 0 0 0 0 0 2 19 0 0 1 1 0 0 0 0
6 1 8 4 2 5 3 2 13 6 3 1 15 7 12 1 5 10 7 12 1 0 12 0 6 16 11 8 9 2 0 0 10 12 31 3 8 16 3 1 3 15 11 2 5 2 7 15 12 23
24 2 3 0 28 3 0 30 14 25 0 20 7 11 1 2 0 14 6 7 8 4 18 12 7 2 4 1 1 10 26 2 0 0 7 17 1 11 3 15 9 2 0 1 2 5 3 0 18 5
17 3 1 5 10 0 7 1 1 4 3 0 0 7 1 0 2 3 2 1 4 0 0 7 1 8 1 0 4 0 0 20 1 5 2 7 1 1 4 5 2 9 3 9 8 2 0 0 11 0
2 15 11 6 6 2 4 0 12 2 12 4 43 0 7 2 1 0 6 0 6 3 13 1 6 28 19 1 17 5 2 5 12 1 13 1 9 10 11 17 21 3 5 1 17 3 4 9 1 3
4 3 8 1 4 0 1 0 8 3 9 2 0 1 0 4 1 24 3 3 5 1 4 3 13 7 2 4 0 8 3 1 0 1 0 4 0 0 14 23 2 18 1 0 14 0 11 3 3 0
3 2 27 43 1 3 16 10 4 0 10 0 2 23 14 10 16 14 18 7 6 2 0 10 0 9 3 19 6 11 38 1 12 2 2 1 12 8 1 5 9 0 2 9 4 0 3 2 8 2
1 8 0 5 34 20 9 17 5 0 6 21 2 11 0 7 20 1 0 0 2 7 2 5 13 11 12 37 1 5 7 32 12 3 1 11 7 2 2 4 11 7 45 3 3 4 36 17 10 1
1 7 0 1 3 1 0 4 7 21 1 10 9 1 2 6 3 7 22 3 3 0 0 4 1 1 2 16 2 1 5 9 0 5 29 0 2 1 0 1 4 3 1 10 6 1 4 5 12 0
2 0 2 31 2 0 0 2 1 9 7 6 4 8 0 6 8 7 3 3 2 3 5 5 19 9 5 0 2 0 0 4 0 2 9 7 1 6 2 1 0 5 1 3 0 0 0 16 0 1
0 8 0 4 5 32 5 4 15 0 0 2 8 0 21 3 0 13 9 1 6 2 3 12 2 3 1 5 6 10 1 4 3 0 11 3 4 9 8 9 3 7 1 2 0 7 4 3 3 0
24 4 17 6 11 0 7 12 57 0 6 6 15 5 6 10 1 9 0 7 11 5 0 7 13 5 3 3 5 1 0 6 1 2 0 3 11 3 1 7 20 29 3 1 8 1 20 7 0 0
0 6 3 10 0 5 2 7 3 8 0 2 44 18 0 5 6 18 3 5 15 4 10 16 0 0 7 20 0 18 4 34 1 2 6 3 0 20 11 10 9 3 0 25 0 2 7 2 1 0
0 0 0 0 0 2 0 0 0 0 0 0 2 1 1 0 0 0 0 1 0 0 0 0 0 0 0 0 0 0 0 0 0 0 1 0 0 2 0 0 5 0 2 0 2 1 0 0 0 0
5 3 0 7 6 0 3 0 8 8 0 2 12 3 23 0 2 0 4 3 1 1 1 1 3 3 1 3 1 6 3 3 11 1 1 7 4 3 0 0 1 15 5 2 0 0 2 5 0 6
2 2 7 2 5 4 17 3 19 7 2 36 14 0 4 2 10 0 4 0 8 17 4 12 12 3 0 0 8 1 0 1 1 13 8 4 0 4 2 5 0 1 0 7 3 0 8 0 6 8
2 4 5 1 4 0 6 4 1 2 11 1 0 0 0 5 1 7 6 1 2 1 3 6 8 3 3 0 0 2 0 0 5 6 0 0 3 3 0 7 2 10 0 0 0 10 8 3 5 0
2 0 1 0 1 0 0 3 0 0 1 0 0 0 0 1 0 0 0 1 0 1 0 1 0 0 0 1 1 4 0 0 0 0 0 0 0 0 0 0 10 0 0 0 0 0 0 2 0 0
1 1 1 2 21 1 0 5 0 0 3 0 21 3 3 8 4 10 11 6 11 10 4 2 12 5 0 1 0 1 0 3 7 1 5 6 4 4 2 4 4 0 7 10 3 3 8 1 2 1
2 9 7 5 29 7 10 12 6 1 5 0 0 8 4 6 10 3 27 17 0 6 4 1 29 4 1 0 1 6 4 17 3 4 9 22 13 6 8 6 3 27 2 9 2 15 5 1 0 1
3 0 1 0 21 15 9 1 13 1 0 2 0 12 6 5 3 7 0 1 0 5 1 5 9 4 2 10 1 17 10 1 1 9 0 3 11 0 15 3 1 0 6 11 20 3 1 9 5 6
8 1 0 0 3 4 7 1 4 1 0 7 2 10 5 3 3 1 5 8 0 4 9 1 2 0 3 15 0 0 2 0 3 0 0 3 6 1 6 0 9 5 3 0 4 4 0 3 3 2
1 0 0 2 9 32 4 0 1 9 1 8 13 3 2 0 7 4 18 5 4 22 27 3 7 6 7 20 10 15 4 1 1 0 4 8 19 12 23 4 8 0 0 2 13 4 2 12 17 5
4 1 4 5 2 3 7 8 0 28 11 4 1 15 15 9 12 3 0 3 0 0 25 14 4 11 7 14 5 1 10 0 5 1 2 4 39 0 5 9 6 14 2 17 0 7 31 2 17 37
6 0 1 8 5 0 2 0 2 5 29 8 6 4 4 3 8 19 1 0 13 0 7 7 5 5 1 2 2 7 5 5 1 2 4 0 11 1 6 2 3 6 2 0 3 3 1 3 5 2
0 1 6 0 2 2 0 1 3 10 4 0 1 6 0 8 0 8 4 0 10 6 0 5 0 25 24 5 17 0 3 8 4 4 1 4 2 10 24 2 1 15 3 1 4 0 3 4 10 4
2 0 8 0 7 28 0 3 0 5 2 6 0 9 3 17 9 3 1 0 12 0 2 4 7 6 12 15 6 16 2 4 1 5 4 1 2 10 1 2 13 5 7 8 0 4 4 4 0 2
1 26 9 5 7 10 3 0 2 2 15 1 4 0 0 0 7 13 2 4 23 2 16 3 0 31 3 5 6 3 15 6 2 13 6 8 7 8 19 3 1 15 0 7 1 6 0 1 4 12
0 0 0 0 1 0 0 1 0 0 0 1 0 1 1 0 0 0 1 0 1 1 1 0 1 0 0 0 1 5 1 0 1 0 0 0 0 0 1 0 1 0 0 0 0 0 0 0 0 0
0 4 14 1 8 4 2 5 4 2 12 10 27 1 3 4 1 14 7 20 21 6 0 2 0 5 0 3 30 7 1 2 3 0 5 15 1 3 8 3 3 19 3 8 8 9 1 24 14 2
12 13 1 0 2 10 6 5 9 40 7 27 2 0 28 25 5 16 27 4 7 1 2 2 3 11 7 0 1 6 1 0 10 8 24 6 1 11 13 2 7 1 13 1 0 14 17 1 1 22
2 4 8 0 1 9 8 9 22 0 4 24 1 4 17 1 2 3 5 36 0 13 6 12 1 0 2 0 22 8 20 2 13 4 12 2 6 7 1 3 7 6 5 10 5 7 4 1 0 26
0 2 0 0 1 0 0 0 1 0 0 0 0 1 0 0 0 0 0 0 3 1 0 1 0 0 0 0 0 0 0 1 0 0 0 0 0 0 2 0 0 3 0 0 0 0 0 0 0 1
5 20 1 11 3 0 1 18 12 0 8 25 7 10 20 8 0 2 5 12 1 0 5 7 8 3 0 8 21 0 3 6 0 51 4 4 1 5 4 13 8 2 0 3 5 3 3 10 0 20
0 0 0 1 0 0 0 0 2 0 1 0 2 0 3 0 2 0 0 0 1 1 0 0 0 0 3 1 0 0 0 0 1 0 0 1 1 0 5 0 0 0 0 1 0 0 2 0 0 0
1 1 1 18 6 8 8 0 5 4 8 2 14 2 4 1 5 8 1 1 24 0 1 17 25 3 0 8 7 3 1 15 7 3 0 13 10 4 0 23 5 14 11 8 0 10 0 1 5 2
4 5 4 0 0 0 4 12 0 4 3 5 1 2 7 3 2 3 9 6 3 6 1 0 6 4 6 1 0 0 0 3 2 1 4 4 2 4 4 4 2 3 8 24 0 0 7 6 9 6
6 7 2 4 15 7 11 11 1 1 2 1 13 0 7 26 6 3 4 27 5 0 1 3 3 0 37 12 12 1 17 2 16 22 4 13 7 0 2 1 2 2 0 4 8 4 1 0 5 3
0 2 0 0 0 8 0 1 1 0 2 0 1 0 0 0 0 0 0 2 0 0 1 0 0 0 0 1 1 2 0 0 0 1 0 0 0 0 2 0 0 1 0 0 1 0 1 0 0 0
0 0 0 0 2 0 1 0 0 1 1 0 0 0 0 0 0 0 0 1 0 1 1 1 0 0 1 0 0 0 0 1 0 1 1 0 0 1 0 0 0 5 0 1 0 0 2 0 0 0
4 1 4 1 1 5 0 0 16 4 0 8 2 4 5 0 4 3 0 2 2 1 2 6 11 8 11 11 1 7 1 8 1 2 8 5 8 12 4 11 0 0 5 4 15 7 11 3 0 4
0 0 0 0 0 0 0 1 0 0 4 0 1 0 0 0 0 0 0 0 0 0 1 0 1 0 0 0 0 0 2 0 0 0 0 0 0 0 1 0 1 0 0 0 0 0 0 1 0 0
6 2 30 2 10 4 17 10 7 19 29 7 8 2 10 1 10 1 2 3 7 2 3 3 4 6 3 2 1 1 0 20 4 19 3 18 2 18 1 4 2 6 7 2 10 16 6 2 28 0
4 5 1 1 14 1 4 10 0 8 6 16 1 21 1 8 4 2 1 0 26 0 5 0 2 1 11 3 7 0 2 3 3 1 2 0 10 0 14 6 0 2 7 4 0 0 0 15 3 1
3 0 1 0 0 0 0 0 1 0 0 0 1 0 0 1 0 0 0 0 0 0 2 1 0 2 1 0 0 1 0 0 0 0 0 0 0 0 0 0 0 15 0 0 0 0 1 0 1 1
3 40 15 1 1 3 1 4 2 1 0 3 0 0 5 5 4 0 9 0 3 2 22 0 5 1 0 7 0 8 2 8 0 14 1 9 3 2 1 7 3 16 3 0 1 1 0 0 0 4
0 0 0 1 0 0 0 0 1 1 1 1 0 0 0 0 0 0 2 0 0 0 1 0 0 0 0 0 0 5 0 1 0 0 0 0 0 0 0 0 3 0 1 0 8 2 0 2 0 0
15 4 2 11 7 5 1 0 2 3 1 5 39 16 10 19 4 22 9 4 7 3 8 18 31 2 5 2 0 6 32 2 30 20 16 7 7 7 1 8 1 3 2 1 16 2 45 11 12 5
4 14 5 1 18 25 3 7 9 1 1 22 15 1 3 14 25 0 1 6 0 1 8 8 8 4 4 0 4 4 6 4 3 13 3 18 9 3 39 26 9 7 5 5 10 4 0 11 0 8
0 1 11 5 8 14 6 8 20 9 4 5 10 19 14 13 4 27 1 1 17 1 1 2 17 17 1 18 1 4 2 12 25 22 5 12 0 2 4 1 4 4 4 1 0 7 1 3 2 9
0 3 28 22 10 2 10 2 7 0 0 7 8 14 6 24 35 22 3 19 28 2 7 37 0 1 21 0 3 25 4 17 2 19 13 3 10 2 8 7 11 10 14 0 21 16 3 9 7 6
4 2 2 4 24 0 0 3 3 2 2 0 2 0 4 19 0 9 11 6 1 0 7 12 0 3 2 16 4 0 0 2 1 3 1 9 2 22 0 5 35 5 5 5 1 0 0 2 1 2
0 0 0 0 0 0 0 2 0 0 1 0 3 0 1 1 1 1 0 1 1 0 2 0 3 1 0 0 0 5 0 0 0 0 0 0 0 1 0 1 5 0 1 0 3 1 1 0 0 0
17 4 8 15 32 11 20 1 3 3 3 11 13 2 6 7 20 0 6 1 10 5 38 12 0 3 6 1 4 4 1 10 0 18 5 1 1 37 4 14 8 0 2 2 0 2 5 4 0 13
10 10 16 19 0 5 1 14 0 19 0 3 21 2 7 2 0 8 5 7 9 5 16 25 0 3 3 1 2 0 4 1 2 4 1 10 6 12 5 8 9 1 11 13 0 3 3 12 0 17
0 1 2 2 12 1 1 2 0 0 14 1 0 4 6 3 4 0 3 3 4 1 7 1 11 5 0 7 5 4 9 15 14 2 8 8 2 2 1 3 2 8 0 1 3 3 6 0 2 1
0 0 0 0 0 0 1 0 0 1 0 0 0 0 0 0 0 0 1 1 0 0 0 0 0 0 1 1 0 0 0 1 0 0 1 0 0 1 1 0 4 0 0 1 1 5 0 0 2 0
2 3 1 2 0 1 1 0 8 1 2 0 0 5 0 8 0 0 1 3 1 9 11 1 1 2 6 9 2 2 2 4 6 1 4 4 3 10 1 14 13 0 3 19 7 1 0 6 0 3
0 10 12 6 3 1 2 0 1 2 12 0 1 1 7 4 4 6 1 1 3 1 2 0 5 2 16 0 7 1 1 0 1 8 1 1 3 0 21 0 8 4 16 2 2 10 1 3 0 2
