0 0 0 0 0 1 0 0 0 3 0 0 0 0 1 1 0 0 0 0 2 1 0 0 1 0 0 0 0 0 1 0 0 0 0 2 1 0 0 1 0 0 0 0 0 0 0 9 0 1
27 4 2 7 2 6 3 17 0 2 5 0 3 0 4 1 4 0 17 32 10 11 0 17 0 0 0 9 0 3 13 5 5 1 3 2 12 4 3 12 6 8 7 1 4 2 8 3 0 0
2 7 13 4 4 5 2 3 10 2 5 5 9 8 7 5 4 5 5 12 5 3 9 4 1 6 0 4 1 7 0 11 9 3 4 27 0 0 8 4 12 4 0 1 8 0 0 1 1 25
1 6 1 11 7 0 0 8 0 1 6 7 4 1 0 7 13 2 1 6 2 1 3 18 0 0 0 5 1 11 3 2 8 2 9 7 1 1 1 4 5 17 17 7 2 1 11 2 3 0
5 31 5 3 14 3 6 0 0 0 3 0 0 8 1 0 3 1 6 10 1 0 0 6 3 2 14 0 6 18 7 1 0 5 3 4 1 0 2 17 7 3 15 1 6 12 0 3 3 0
0 0 0 1 0 1 0 5 0 0 0 0 0 1 0 1 0 0 0 1 1 3 0 1 0 0 0 0 1 1 0 0 1 0 0 0 1 0 0 1 0 1 1 0 1 0 0 2 0 0
0 0 3 11 0 7 0 14 2 4 5 0 11 17 0 3 3 4 12 0 2 0 6 8 0 8 3 9 1 7 0 0 14 4 15 1 1 6 6 3 2 2 0 23 6 2 9 10 6 11
0 0 1 0 0 0 0 1 0 0 0 0 0 0 8 3 0 0 0 0 0 0 0 2 0 1 0 0 0 0 0 1 0 0 0 9 0 0 0 0 0 0 1 0 0 0 0 25 0 1
0 11 0 1 1 0 0 1 0 2 1 1 0 4 0 0 1 2 0 0 0 0 0 0 0 0 1 2 1 0 1 0 0 1 0 0 0 0 1 0 0 0 4 5 0 0 0 0 0 0
2 0 0 0 0 3 0 2 0 3 1 0 1 0 1 0 1 0 1 0 1 1 0 0 1 0 0 1 0 0 0 1 0 2 0 0 0 0 0 0 0 0 0 0 0 1 0 2 0 0
3 4 0 4 2 11 6 11 1 1 7 0 6 18 0 0 6 10 8 8 2 0 0 0 2 0 2 3 6 6 9 4 3 6 1 7 2 1 0 6 6 0 2 3 5 5 0 0 9 1
5 1 4 7 5 0 15 2 4 10 1 5 1 0 2 2 3 3 3 8 2 2 2 9 1 3 0 1 1 1 5 0 8 7 12 3 3 8 4 3 7 10 3 0 6 1 7 0 9 3
0 0 14 0 16 4 9 1 3 2 2 3 3 0 9 0 1 0 7 0 5 12 14 1 6 1 0 0 0 0 0 2 6 6 4 4 3 1 6 4 2 5 25 4 5 0 2 0 5 1
0 0 1 0 0 1 0 2 0 0 0 0 0 0 4 0 0 0 0 0 1 8 0 0 0 0 0 1 0 0 0 0 0 0 0 0 0 0 0 0 1 1 0 0 0 0 0 3 2 0
1 1 0 0 0 0 1 0 0 0 0 0 0 0 3 0 1 0 0 1 0 10 0 0 0 0 0 0 0 0 0 0 0 0 2 0 0 0 0 0 2 0 0 1 2 1 0 3 0 0
15 3 2 0 4 11 2 6 0 1 6 0 2 3 5 0 2 7 9 6 0 3 1 10 9 2 1 3 4 0 0 6 2 0 3 0 4 1 0 1 7 3 13 1 0 1 2 0 1 0
8 11 0 4 0 1 1 3 0 4 12 0 0 4 1 7 0 1 2 2 10 3 1 4 4 19 2 9 0 4 1 3 1 0 2 0 5 1 0 0 0 5 1 0 0 7 5 1 2 6
0 3 4 1 12 0 1 3 9 0 5 21 5 19 1 10 11 16 1 1 5 0 2 7 15 8 4 8 0 0 10 6 2 6 4 11 0 0 2 0 2 6 5 3 3 0 9 1 4 6
14 1 2 9 16 9 1 0 1 5 4 8 7 23 1 0 0 5 13 58 10 12 1 1 3 2 10 0 15 6 0 26 0 3 8 8 5 11 1 11 5 14 27 6 8 3 8 3 9 1
2 1 1 1 2 0 0 0 1 0 0 0 0 0 13 0 0 0 0 0 0 2 1 0 0 0 0 0 0 0 0 0 0 0 2 0 1 1 0 0 0 1 0 0 0 0 0 10 0 0
0 0 3 0 0 0 0 1 0 0 0 0 0 0 2 1 1 0 1 0 0 1 0 0 1 0 0 1 0 0 0 0 0 2 0 0 0 0 0 0 0 0 0 0 0 0 6 0 1 0
0 0 0 0 0 0 0 0 1 0 0 0 0 0 0 0 1 0 2 0 0 3 1 0 1 0 3 0 0 0 0 0 0 0 0 4 1 0 0 0 0 1 0 0 0 0 1 3 2 0
10 4 6 25 0 1 4 13 4 3 5 15 17 2 2 16 12 22 0 1 5 6 1 17 1 1 5 16 7 0 1 0 12 3 14 1 4 3 2 13 14 10 1 14 8 3 1 6 0 12
9 1 6 10 26 1 11 4 3 2 19 5 11 0 3 3 1 22 2 9 6 0 6 0 0 7 5 13 2 5 21 8 3 11 6 2 4 6 5 2 7 0 7 3 40 3 11 1 2 4
11 8 8 8 22 1 5 16 17 9 4 0 14 18 8 29 3 1 3 1 0 1 10 0 1 24 7 1 0 5 0 5 6 6 14 3 1 3 2 11 17 0 27 5 1 7 1 2 7 12
6 0 5 16 1 5 5 1 11 12 2 2 4 5 1 11 4 1 1 1 36 13 4 2 3 10 19 26 6 2 24 8 12 6 0 2 0 15 1 1 7 10 12 1 0 0 0 2 11 9
0 0 0 0 0 2 0 0 1 0 0 0 0 2 0 0 0 2 1 0 2 0 0 0 2 0 0 0 2 10 0 3 0 1 0 0 0 0 1 0 0 0 1 14 0 1 2 2 0 0
13 11 4 10 10 8 2 2 12 0 4 11 18 11 0 8 23 6 3 6 1 0 1 16 18 18 1 4 14 4 8 6 1 19 8 0 19 3 8 26 7 1 0 10 0 3 2 11 3 0
0 0 0 1 0 0 0 0 3 0 0 2 0 0 1 5 0 0 1 2 0 0 2 0 3 2 0 0 0 0 0 0 1 2 0 1 1 1 2 0 1 1 0 0 0 0 0 0 0 1
0 1 1 4 4 1 3 27 1 0 1 9 9 5 10 2 15 2 0 1 0 3 11 22 0 9 2 3 4 1 6 9 1 15 6 1 8 1 4 18 4 0 5 2 8 16 4 6 12 5
0 0 2 2 0 0 0 0 0 1 0 0 1 1 0 0 1 0 3 0 0 0 0 0 2 0 0 1 0 2 0 12 0 0 0 0 0 0 0 0 1 1 1 2 0 0 0 0 1 0
0 0 1 0 0 1 0 0 0 0 0 0 0 0 0 0 1 0 0 0 0 2 1 1 0 0 0 1 0 1 2 0 1 0 1 2 1 1 0 0 0 1 0 0 1 0 0 6 0 0
1 0 0 1 0 0 0 3 0 0 2 0 0 0 5 0 0 0 0 0 0 2 1 0 0 0 0 0 0 0 2 4 3 2 0 1 0 1 0 1 0 0 0 0 0 0 0 1 0 0
1 0 0 1 4 0 1 0 13 0 0 6 0 1 0 3 0 0 1 0 1 0 10 0 0 2 0 0 1 0 2 0 1 1 0 1 0 0 1 0 0 2 0 0 0 0 0 2 1 0
0 0 0 2 0 7 8 1 7 1 2 8 6 0 5 6 0 12 5 0 9 7 8 7 0 1 9 5 0 1 0 1 16 1 1 1 5 0 3 9 14 6 0 1 6 15 0 2 6 1
0 0 1 1 1 0 2 0 0 0 1 0 0 1 15 1 1 0 0 0 0 6 1 0 0 1 0 0 0 0 0 0 0 0 0 3 0 0 0 0 1 0 0 0 0 0 0 5 1 1
24 38 12 47 5 0 1 2 14 0 8 12 6 3 2 0 2 35 2 22 16 7 13 2 2 7 3 6 17 10 3 11 1 7 0 1 3 13 0 11 1 6 1 17 13 14 4 0 0 14
1 8 0 4 0 4 1 10 13 0 7 23 11 1 0 8 2 9 1 10 0 3 1 1 3 14 5 2 7 1 4 2 2 5 1 10 1 4 11 1 0 0 0 0 7 10 1 1 0 7
4 1 5 0 2 4 4 2 2 0 4 5 0 3 18 8 7 3 22 4 1 15 5 5 3 1 2 1 14 0 4 1 5 4 4 19 0 0 2 21 11 5 0 11 1 5 7 3 5 0
6 1 5 0 7 1 0 21 0 30 7 6 9 4 9 8 0 19 4 2 2 1 1 3 2 8 18 8 18 3 5 15 0 5 6 5 1 11 9 8 4 17 18 12 21 1 2 0 1 20
3 1 2 7 3 0 1 2 4 1 2 2 2 0 2 2 3 3 0 2 8 1 7 2 4 12 4 0 5 0 5 0 0 1 3 2 19 1 5 0 0 0 1 0 12 2 0 2 0 8
17 1 10 2 5 7 4 0 0 5 7 0 1 5 0 0 6 4 5 4 3 22 0 0 1 8 14 0 9 3 0 0 0 0 1 7 1 2 0 14 0 13 0 0 0 6 0 6 2 0
4 1 16 5 1 2 10 32 0 0 1 2 0 2 5 0 1 3 4 11 2 4 0 8 15 19 10 14 8 5 4 1 2 1 1 7 2 8 0 7 8 0 0 3 5 10 1 4 14 3
0 0 2 1 0 0 0 0 0 0 0 1 0 0 3 0 2 0 0 0 0 0 0 0 2 0 0 1 0 0 1 0 0 1 0 0 0 0 3 0 0 0 0 0 0 0 0 1 6 1
2 1 5 0 0 7 0 16 4 9 3 2 0 5 7 1 0 1 0 0 9 5 7 2 1 1 0 5 6 14 4 0 1 5 0 3 1 2 9 1 1 0 1 0 5 16 0 10 0 4
0 1 2 0 0 0 2 5 0 0 0 0 0 1 0 0 0 1 1 2 0 3 0 0 0 0 0 0 2 0 0 0 0 2 0 1 1 0 0 0 3 0 0 0 0 1 0 10 3 0
8 5 7 3 13 48 11 0 11 7 0 0 5 4 6 5 5 23 14 2 1 5 9 6 0 13 13 5 13 0 3 11 21 9 7 2 7 17 6 19 11 2 0 1 0 8 11 6 3 2
14 0 8 7 9 2 4 0 14 3 7 1 2 4 0 7 1 0 4 0 3 11 16 1 1 4 0 16 2 2 0 0 0 6 9 16 4 5 1 5 0 10 1 0 0 11 0 5 1 11
0 1 0 0 0 1 0 1 2 0 0 2 0 1 0 4 0 2 0 0 0 0 3 0 0 0 0 1 1 0 0 0 0 0 0 1 0 0 11 0 2 0 0 0 0 0 3 2 1 0
1 1 1 0 8 1 2 2 2 2 0 0 0 1 10 19 11 0 0 1 0 1 1 1 5 2 1 2 9 0 3 0 6 6 19 3 0 1 0 0 2 0 8 2 8 0 4 3 1 1
2 4 0 5 15 3 16 9 12 0 6 9 0 3 17 4 7 6 1 4 1 1 7 0 1 2 4 2 3 4 16 0 0 10 6 18 4 3 0 0 17 4 3 9 0 11 2 9 2 4
0 1 1 0 0 0 0 0 0 0 0 0 0 0 7 1 0 0 0 0 0 0 1 2 0 0 2 0 1 1 1 1 0 1 0 0 1 0 0 1 0 0 1 0 4 0 2 0 0 2
0 0 0 3 1 1 0 1 2 0 0 4 0 0 0 8 0 0 0 1 0 0 12 0 1 0 1 0 1 0 3 0 0 1 0 0 0 0 1 0 0 0 0 0 0 0 31 1 0 2
3 0 0 0 2 8 6 1 8 0 2 1 1 0 19 13 8 2 0 2 3 3 9 1 12 3 28 2 8 12 5 16 7 4 0 0 5 4 1 2 0 1 13 28 11 0 0 4 5 8
16 0 4 0 4 10 0 21 15 7 0 1 0 1 0 4 7 6 3 4 1 3 1 1 2 1 7 0 4 0 5 1 2 16 4 0 0 10 4 0 1 1 4 0 0 2 0 2 7 1
5 14 0 0 5 0 6 6 11 17 0 1 10 4 7 19 7 2 1 18 6 22 2 7 0 6 1 8 14 1 0 2 1 1 2 2 0 7 0 0 1 3 3 1 5 0 16 11 1 6
2 2 2 11 19 5 2 0 3 1 26 7 13 3 5 7 3 3 4 9 15 8 0 26 9 11 0 3 7 0 3 2 3 0 1 0 0 8 3 2 10 4 6 5 2 7 28 13 3 0
0 0 0 2 0 0 0 0 6 0 0 6 0 0 0 0 0 0 0 0 1 0 1 2 1 0 0 0 0 0 2 0 0 0 0 0 0 0 4 0 1 0 0 1 0 0 8 0 0 0
3 0 1 7 1 7 6 0 1 1 20 1 91 4 12 2 5 20 9 1 10 0 1 3 27 4 11 13 24 2 9 16 0 7 22 13 0 0 3 1 10 7 12 30 0 2 9 4 16 2
16 3 2 11 1 7 42 2 5 31 3 6 1 0 0 17 5 15 7 0 1 0 12 10 37 0 3 7 13 2 5 8 17 3 16 0 9 21 13 21 5 1 12 6 20 10 2 1 3 5
18 3 9 21 4 14 19 2 5 17 9 31 2 6 1 15 6 9 4 26 3 4 8 3 15 7 28 5 4 4 0 0 12 12 1 13 1 0 2 4 3 14 2 5 3 2 0 3 21 24
2 0 2 4 3 1 7 0 2 3 4 4 3 4 4 1 2 2 0 0 7 0 10 5 8 0 2 17 3 3 2 0 21 6 7 4 19 4 25 5 1 1 0 4 0 3 1 0 4 33
1 0 0 0 0 1 0 0 0 1 0 0 0 0 5 2 0 0 0 0 0 9 0 0 1 0 0 0 0 1 0 0 0 1 0 0 3 1 2 1 0 1 0 0 0 0 0 9 0 1
3 11 11 3 3 3 1 1 6 0 9 1 0 3 18 9 5 16 14 0 12 1 3 8 8 4 1 11 1 2 4 0 2 1 7 1 3 1 0 0 2 2 2 0 0 8 0 6 11 11
6 2 7 15 0 11 2 4 4 4 3 5 4 30 12 1 29 24 6 11 2 2 34 6 2 5 3 2 1 19 10 0 1 14 11 5 10 3 7 7 31 4 13 23 2 9 30 13 11 9
2 0 4 1 5 1 10 2 3 2 5 1 3 0 3 4 0 1 2 1 9 10 0 0 1 9 6 1 9 0 3 0 1 5 0 3 1 0 2 0 6 6 2 0 11 3 21 7 1 1
0 1 0 2 0 0 0 0 0 1 0 0 0 2 0 0 0 0 1 0 0 0 0 0 0 0 0 0 2 10 1 2 0 0 0 0 2 0 0 2 1 0 0 4 0 0 0 1 4 0
12 16 21 0 33 2 23 7 1 12 1 1 0 0 8 10 0 18 2 1 1 1 0 20 3 7 5 14 3 10 2 10 7 2 2 8 5 0 10 12 2 1 5 1 16 23 6 23 11 7
1 2 0 0 0 0 0 0 0 0 0 0 0 12 0 2 1 1 0 0 1 0 0 1 0 0 0 0 0 1 0 15 1 0 0 2 0 0 0 0 0 0 0 1 0 0 0 0 2 0
12 7 0 15 5 5 2 4 1 13 1 11 8 3 0 13 4 0 9 33 10 1 8 0 4 3 6 4 20 1 0 1 3 16 10 1 6 1 8 32 4 0 2 3 4 43 6 11 15 3
0 1 0 0 0 1 0 2 5 0 1 3 0 2 1 1 0 2 0 1 1 2 0 2 0 0 0 0 0 0 0 0 0 1 0 0 0 0 1 0 1 0 0 0 0 0 1 0 0 2
12 4 2 4 18 4 17 2 4 12 4 12 7 2 4 27 4 0 0 0 5 6 5 0 2 20 12 0 9 6 24 0 16 23 15 0 9 8 13 2 1 14 4 15 12 4 1 1 1 8
2 0 0 0 0 0 5 0 0 1 1 0 0 0 0 4 0 0 0 0 2 0 0 0 0 0 0 0 0 0 0 0 2 0 0 1 0 0 0 0 0 0 0 0 1 2 1 0 1 0
0 2 0 1 0 1 1 0 1 0 4 0 2 3 0 0 0 0 2 0 1 1 0 1 0 0 0 1 0 16 1 8 0 3 1 0 0 0 0 0 0 0 0 0 0 0 1 0 1 0
3 2 7 0 19 17 1 0 4 6 29 3 10 15 15 2 3 29 15 2 6 13 2 5 11 2 0 3 34 10 27 23 1 0 35 18 0 3 3 7 3 2 2 4 6 0 5 21 6 0
0 32 0 0 32 3 9 3 0 20 11 0 24 37 4 1 1 0 2 5 5 0 1 5 2 1 7 10 9 5 14 2 14 3 0 0 6 11 2 1 12 1 3 0 5 5 10 9 15 5
0 3 0 0 0 0 0 0 4 1 0 2 1 1 0 1 0 1 0 1 0 0 10 0 0 0 0 0 2 0 2 0 0 1 0 0 0 0 1 0 0 0 0 0 1 0 7 2 1 1
0 0 0 0 1 0 0 0 2 0 0 6 0 1 2 9 0 0 0 1 1 0 0 0 0 0 1 0 0 1 1 0 3 0 1 0 0 0 2 0 1 0 0 4 0 2 5 1 1 1
8 32 6 10 15 17 6 47 4 23 17 3 0 0 10 20 0 2 3 9 9 1 6 0 23 3 10 1 13 14 31 1 3 22 5 5 22 13 9 27 4 7 22 0 1 5 4 14 1 1
0 7 19 20 16 4 5 0 0 0 5 7 7 0 0 3 1 11 3 9 1 7 3 1 2 7 19 3 4 7 3 4 16 12 1 16 4 3 3 8 11 0 4 0 10 25 1 1 13 5
0 3 1 7 1 14 5 1 0 5 3 13 2 4 4 0 7 8 1 0 4 0 0 4 6 0 9 2 1 0 1 8 2 15 1 1 7 10 3 11 3 4 0 1 0 4 1 33 7 9
0 4 1 3 6 0 1 0 0 5 0 0 8 3 7 0 1 0 3 1 3 2 0 6 5 8 12 3 3 2 0 2 3 0 1 0 0 2 1 1 11 5 3 7 3 8 0 2 0 0
5 27 3 9 2 2 31 0 3 25 19 4 2 2 7 2 1 12 1 2 0 0 7 3 6 7 2 32 0 11 3 26 27 4 11 0 4 2 1 8 9 6 34 0 6 8 6 16 1 7
0 1 0 1 0 0 0 0 0 1 0 1 0 12 1 0 1 1 0 0 2 0 2 2 0 0 0 0 0 2 1 4 0 0 0 0 0 0 1 0 0 0 1 9 0 0 0 0 0 0
17 2 21 7 9 13 4 25 2 7 9 4 8 4 4 11 24 2 33 4 15 7 6 2 0 18 5 4 2 1 6 5 3 8 10 2 11 1 7 7 11 9 7 0 10 5 1 13 10 16
0 0 0 0 0 0 0 0 1 0 0 1 1 0 6 0 0 0 0 1 1 2 0 0 0 0 1 0 0 0 0 0 0 0 0 0 0 0 1 0 0 1 1 1 0 0 0 4 0 1
8 0 3 28 10 1 18 3 15 16 31 15 3 4 1 27 3 10 16 2 11 1 15 20 0 13 8 1 11 9 10 3 3 5 23 2 4 13 1 4 16 22 11 6 42 10 8 7 2 4
0 6 5 0 2 0 0 4 18 0 14 1 3 6 1 1 1 5 1 0 15 0 1 0 5 3 6 9 5 6 2 1 1 0 3 5 2 5 2 1 14 0 1 2 2 7 19 6 4 12
0 0 6 7 1 4 2 6 0 1 17 0 0 0 0 4 3 1 2 3 0 9 11 3 0 10 1 5 12 0 2 1 20 5 3 12 4 2 0 1 4 3 0 0 1 4 0 2 2 9
2 1 0 15 2 5 21 0 5 5 0 44 3 6 0 14 22 3 4 39 1 2 5 11 1 0 18 5 0 1 3 2 14 3 6 7 2 3 9 7 2 11 6 5 5 31 11 0 8 14
0 2 1 1 0 1 0 0 0 0 0 2 0 4 0 0 0 0 0 0 0 0 0 4 4 0 0 0 0 1 0 20 1 0 0 0 0 0 0 0 0 0 0 9 0 1 0 0 0 0
0 6 11 1 2 1 2 2 6 0 1 4 11 1 1 38 0 0 1 6 1 0 13 1 2 0 5 3 0 8 3 0 5 20 4 0 9 4 1 0 25 0 2 13 1 0 12 0 0 24
2 2 6 1 14 0 0 1 2 0 2 6 3 0 33 15 3 1 0 0 4 14 2 10 4 4 7 4 5 12 3 4 3 4 0 7 4 6 0 0 19 7 1 3 4 3 13 3 0 1
3 45 6 1 9 5 5 7 30 3 4 19 5 0 2 0 8 8 1 34 3 0 0 2 10 0 5 3 7 16 3 3 1 6 6 2 5 12 3 4 3 1 32 2 0 16 12 1 4 12
1 25 3 1 0 14 12 2 1 0 5 1 3 1 4 7 3 14 10 0 12 1 4 9 2 0 1 0 1 0 18 15 8 7 0 12 7 3 4 4 2 3 0 5 0 4 6 3 7 20
3 3 8 16 1 15 0 11 7 2 2 0 5 3 4 11 2 4 17 16 7 1 1 1 4 1 1 0 2 0 3 5 12 0 4 2 2 1 7 6 0 0 15 2 4 1 3 4 0 26
1 6 15 0 7 9 2 0 5 5 7 2 0 9 0 3 4 2 12 2 1 0 25 3 4 6 2 1 2 11 3 1 2 2 26 0 1 3 6 0 1 16 0 7 0 4 10 14 7 5
0 0 2 6 0 2 2 2 10 1 4 0 0 1 7 2 1 6 41 12 3 5 6 8 0 4 1 5 0 10 1 2 0 5 0 0 6 0 2 4 3 10 8 2 3 4 2 0 1 3
0 2 1 0 0 0 0 1 1 2 0 2 0 0 1 12 0 1 0 0 2 0 2 0 0 0 0 0 1 0 0 0 1 0 0 0 0 0 1 3 0 0 2 0 0 0 11 0 0 4
0 0 0 0 2 1 0 0 0 1 0 2 2 0 4 0 3 0 0 0 0 6 2 0 1 2 0 1 0 0 0 0 0 2 0 8 0 2 0 0 0 0 1 0 0 2 0 5 0 0
