170
125
114
113
149
101
139
101
110
130
171
115
141
181
134
177
134
171
133
109
107
100
150
173
129
132
153
148
129
159
142
149
145
163
107
125
135
155
136
138
140
118
118
146
132
167
137
121
137
158
172
100
103
104
144
191
111
102
126
119
126
108
120
133
117
124
170
119
112
112
152
123
150
122
104
156
177
121
120
164
128
140
162
106
163
105
164
130
110
114
127
179
106
159
115
122
128
141
185
103
102
109
105
116
108
111
113
142
123
116
117
124
147
136
139
127
143
131
144
135
156
174
138
131
143
146
162
168
145
169
157
157
147
166
148
154
152
158
151
153
154
155
160
151
186
176
165
167
161
191
178
160
161
166
168
169
165
173
183
187
174
175
179
181
186
180
172
184
180
175
197
185
183
178
176
182
182
193
190
189
188
187
184
193
188
190
189
196
192
194
192
197
195
194
195
196
198
198
-1
