129
122
114
148
153
127
125
112
130
159
151
154
104
149
121
113
127
157
166
166
165
137
124
115
100
116
186
187
135
142
140
133
149
175
107
145
111
124
104
136
102
151
188
117
106
119
138
108
123
113
153
154
101
178
108
100
171
156
129
105
109
112
131
128
161
134
152
182
141
132
144
135
136
167
105
155
161
117
152
163
163
107
132
172
103
101
102
160
110
122
125
150
131
114
138
121
111
123
145
116
106
103
109
119
118
118
115
110
130
120
134
128
139
173
157
120
146
148
126
126
160
147
155
141
133
140
143
137
139
158
143
147
142
162
168
144
171
159
165
146
150
162
167
169
173
179
183
156
170
174
164
172
182
183
158
169
176
174
180
186
164
176
168
178
170
191
179
189
181
177
177
175
180
195
185
181
190
189
185
187
192
184
188
184
194
192
196
198
196
190
191
193
193
194
195
197
197
198
-1
