135
153
119
161
168
167
124
142
108
115
168
110
100
120
139
172
129
101
132
113
123
159
142
126
100
131
104
150
106
171
154
137
113
104
109
101
147
121
114
183
112
119
136
144
115
129
165
194
170
156
118
138
105
154
123
137
147
151
148
160
103
111
155
157
111
120
143
127
105
103
155
134
128
118
112
117
124
114
107
126
166
122
158
152
109
116
116
145
133
108
136
102
127
180
125
141
110
131
152
145
117
102
107
106
128
122
130
132
121
158
169
125
134
173
146
149
139
151
140
138
163
130
133
135
149
144
157
161
146
148
141
143
162
163
153
150
167
160
156
140
174
164
171
174
169
190
162
173
176
175
170
159
165
177
172
177
164
182
179
185
187
166
178
181
175
183
191
176
180
198
182
186
185
190
179
178
184
181
186
184
197
188
189
187
188
196
189
192
191
192
195
193
193
194
195
196
197
198
-1
