117
155
113
143
138
141
127
124
174
186
116
119
103
104
100
176
162
148
111
182
115
141
128
162
139
127
123
130
163
136
106
155
114
144
134
146
144
120
186
145
126
108
170
112
184
131
132
149
102
158
135
160
126
154
147
134
103
136
107
152
142
135
132
124
105
122
118
148
115
130
152
105
175
101
119
117
175
129
110
125
192
166
108
159
100
167
123
166
151
120
111
121
101
121
109
150
128
140
142
107
102
106
104
116
112
156
109
113
110
118
125
114
133
122
143
167
131
137
133
139
137
138
145
150
168
165
129
156
140
149
154
153
161
153
157
157
170
172
147
173
173
151
163
159
146
164
178
158
174
165
164
176
171
169
160
184
169
178
172
161
194
177
168
179
183
171
185
177
182
180
179
180
187
181
185
192
183
190
189
193
181
191
187
188
196
188
194
190
189
195
191
193
196
195
198
197
197
198
-1
