118
109
170
103
157
132
160
106
160
110
147
125
165
116
138
136
102
159
137
162
177
142
152
161
149
100
148
150
120
118
103
149
137
129
140
100
127
116
127
146
148
107
181
147
112
155
119
113
117
125
111
130
139
105
145
158
133
134
133
117
120
113
153
135
167
107
114
142
124
132
168
175
104
157
128
105
124
177
162
143
110
122
150
101
126
155
115
122
134
101
164
131
108
178
156
135
109
195
104
119
102
114
106
121
115
108
111
129
121
131
112
126
176
130
123
144
138
136
128
151
144
123
151
141
156
153
141
145
154
152
140
154
180
178
139
164
163
143
166
146
175
163
165
161
158
159
173
167
170
181
174
182
191
182
176
168
171
171
166
179
172
169
174
169
172
173
179
194
186
180
183
184
184
183
185
197
186
192
187
185
188
198
190
189
187
191
193
188
189
190
193
192
195
194
196
196
197
198
-1
