117
111
150
102
159
105
111
129
178
156
143
155
140
106
115
177
139
161
183
121
144
121
150
145
137
173
160
157
107
134
124
158
119
118
109
130
149
116
127
126
174
151
117
123
100
118
106
158
101
102
126
120
120
100
104
155
152
129
148
110
167
107
108
143
101
177
140
174
113
125
113
175
168
135
157
136
166
167
108
147
165
164
114
138
134
114
103
152
160
145
162
105
136
112
109
110
125
186
115
104
103
127
112
119
122
122
116
131
141
124
128
132
123
138
131
144
132
133
147
128
163
159
130
133
175
153
135
141
137
149
142
146
163
146
142
148
170
139
153
168
166
154
151
165
164
171
154
182
156
176
193
189
172
170
169
162
173
161
182
171
193
172
176
169
181
190
180
194
179
184
181
180
187
179
185
178
188
183
198
184
185
189
186
190
188
187
192
192
191
191
194
195
195
196
197
196
197
198
-1
