110
131
102
117
157
166
100
123
133
148
119
109
106
149
136
156
130
118
116
122
103
176
180
126
139
150
156
185
103
142
166
171
149
153
125
122
100
116
111
105
113
178
134
110
117
132
173
123
129
174
114
135
157
132
127
128
106
115
150
141
113
115
107
126
155
142
140
107
172
135
154
168
104
181
153
169
120
155
158
175
125
109
121
137
108
165
112
114
101
159
152
128
137
105
101
163
139
118
102
143
108
104
124
138
111
120
131
119
112
144
133
124
129
127
140
121
138
145
159
136
130
151
148
141
145
168
162
167
161
134
147
165
147
151
160
167
146
173
144
163
143
146
158
152
170
164
184
160
154
179
178
164
174
169
162
161
196
177
181
171
170
182
185
187
187
175
177
172
186
179
186
184
191
176
180
183
192
188
183
182
188
193
191
189
190
197
189
190
192
195
194
193
198
194
195
196
197
198
-1
