100
143
172
139
163
114
142
141
169
132
147
124
137
152
116
148
110
126
103
131
153
116
125
134
156
102
159
156
144
158
101
163
108
133
114
168
136
151
123
161
160
112
131
136
119
112
139
162
157
120
150
113
155
137
115
175
105
192
127
130
160
170
171
122
118
145
148
144
125
134
109
129
159
106
101
149
100
143
146
109
102
107
133
128
110
104
132
106
140
117
115
108
167
145
103
158
104
142
147
105
113
107
111
122
117
126
111
118
121
119
120
124
127
123
121
177
130
138
146
153
135
154
128
150
129
161
138
141
167
149
166
135
154
178
140
176
162
151
164
157
174
173
181
174
165
173
152
189
170
179
166
155
177
182
164
171
165
180
186
176
169
175
168
178
184
188
179
172
188
186
190
185
180
184
187
189
190
182
181
183
198
185
183
192
191
187
197
191
194
196
193
194
193
195
195
196
197
198
-1
