110
175
127
184
167
101
106
104
140
178
124
100
134
138
169
100
156
124
131
132
103
148
109
146
109
118
127
155
145
116
103
114
176
136
108
155
119
122
179
102
121
137
144
129
106
190
105
139
111
165
112
123
167
114
134
107
161
166
165
133
147
153
137
159
147
135
122
120
118
123
145
142
115
144
121
162
139
140
163
141
102
119
154
125
152
104
150
117
174
174
101
154
107
130
168
113
161
163
126
117
120
105
108
112
110
116
125
111
115
129
113
126
128
128
160
149
130
131
143
133
132
149
153
136
135
168
143
146
150
142
151
138
148
152
151
157
141
160
166
173
158
158
157
170
159
186
194
181
164
170
164
177
156
179
175
171
172
176
171
162
173
177
185
172
169
178
180
183
194
189
181
182
180
188
182
185
187
188
190
183
186
187
189
184
198
192
192
191
193
191
196
193
195
195
197
196
197
198
-1
