125
130
101
120
146
154
147
126
129
119
114
135
128
105
167
183
164
110
118
139
127
148
117
142
100
162
173
141
104
125
123
183
151
102
130
101
152
164
141
102
114
100
122
142
162
109
116
120
172
163
109
122
105
124
147
112
124
129
116
103
110
126
161
153
144
150
137
119
113
156
138
107
135
160
145
108
192
163
134
132
181
112
157
161
134
115
113
106
149
123
131
139
146
194
140
165
127
140
108
156
103
104
107
106
111
132
115
111
128
121
117
133
118
158
152
121
160
138
133
153
151
143
144
149
136
131
157
155
186
136
175
165
148
137
170
145
159
143
150
154
177
182
182
169
172
166
155
168
168
171
159
171
176
174
180
184
158
169
181
184
166
175
179
167
176
174
170
173
179
178
187
178
189
196
177
180
188
185
186
188
189
190
187
192
185
190
191
193
198
193
191
194
197
195
195
196
197
198
-1
