177
112
108
162
116
111
168
147
106
105
172
152
118
176
162
126
133
114
158
164
134
140
111
147
148
170
103
127
182
174
138
146
154
102
129
139
158
128
129
167
122
104
109
101
145
151
131
119
182
185
146
107
110
107
138
150
116
131
117
112
118
106
117
161
159
166
135
100
113
151
133
143
121
123
101
143
142
103
122
113
125
155
102
100
145
120
174
105
167
169
144
124
124
154
170
130
135
126
130
110
109
104
125
165
108
114
115
115
119
137
120
127
164
132
157
128
144
148
140
121
123
132
141
153
149
137
142
134
136
139
149
153
136
166
156
161
150
165
156
179
141
173
155
160
171
172
176
159
185
163
152
178
160
157
184
163
175
171
169
178
175
179
173
168
187
186
197
187
177
191
183
180
181
184
181
180
192
192
190
183
186
188
189
198
188
189
191
190
193
196
195
193
194
194
195
196
197
198
-1
