122
141
144
121
116
163
126
114
169
153
125
118
115
119
130
152
128
105
137
108
104
134
107
162
152
153
101
148
114
124
142
136
106
147
102
143
156
127
149
117
112
147
174
151
119
125
144
105
150
101
103
132
104
166
127
117
121
106
113
111
108
129
112
158
113
175
189
169
159
140
142
129
100
140
137
180
143
185
120
176
131
159
148
179
165
128
157
120
155
109
110
141
107
175
145
100
115
176
103
151
102
109
111
110
116
123
118
135
133
133
123
131
145
122
134
146
136
130
132
126
124
154
139
139
158
146
157
135
167
171
150
138
170
149
138
164
160
155
173
154
178
165
174
161
161
177
180
171
156
163
160
187
187
162
164
168
172
167
168
184
179
166
184
172
183
170
182
177
181
181
173
178
190
186
196
185
190
182
183
191
186
191
188
192
193
189
188
197
192
198
194
193
195
194
195
196
197
198
-1
