166
179
142
123
122
135
145
188
145
133
180
153
131
132
164
137
105
157
161
110
101
108
123
117
154
110
114
102
162
100
112
146
113
127
181
111
100
191
107
134
140
174
115
116
139
121
119
119
137
171
151
129
151
105
118
125
117
179
120
132
113
129
157
116
134
160
118
106
164
136
115
158
183
156
130
150
111
147
109
131
153
139
128
126
109
101
154
149
177
166
149
103
135
104
114
172
127
112
148
146
103
102
106
104
107
108
121
122
126
133
124
120
144
150
125
162
144
130
175
136
143
124
128
147
143
138
141
178
141
152
159
138
140
142
155
176
172
169
182
158
156
152
171
167
148
155
163
163
170
170
174
165
159
169
160
167
168
165
168
161
173
173
182
175
177
185
181
176
184
186
180
178
183
192
197
190
186
187
189
188
193
185
184
192
189
187
190
191
195
194
193
196
197
194
195
196
198
198
-1
