150
112
161
144
102
122
114
155
125
107
127
169
120
134
168
111
114
177
146
184
115
119
146
117
112
157
176
147
108
145
148
128
170
104
147
137
177
151
138
111
115
120
123
119
139
103
141
103
107
171
113
117
140
154
172
142
144
156
134
123
152
131
110
130
136
135
108
100
104
135
116
110
184
136
122
166
121
118
141
157
159
149
128
138
137
125
100
101
113
105
127
124
118
156
105
106
180
124
102
152
101
109
126
106
121
129
109
140
132
116
131
154
126
129
130
161
143
132
153
167
133
150
151
143
148
173
162
145
133
139
169
164
165
181
142
158
166
163
159
160
179
178
149
153
172
170
163
158
162
175
165
173
155
160
180
176
171
183
167
164
181
168
174
189
188
186
192
179
187
174
175
197
178
182
185
191
183
187
186
191
182
185
198
188
192
190
189
193
190
196
193
194
195
194
195
196
197
198
-1
