139
118
112
141
186
121
106
158
141
103
146
123
147
161
120
112
107
187
100
154
115
164
125
187
165
148
173
132
132
122
176
101
126
171
197
116
137
107
130
104
120
143
102
109
172
118
173
150
108
155
144
172
140
158
131
146
123
119
162
111
161
128
108
110
168
125
140
117
114
103
153
116
166
150
127
113
155
100
170
139
129
119
154
127
130
145
114
163
135
138
121
157
135
117
105
102
105
134
109
137
101
104
110
113
106
136
122
142
111
124
149
126
115
133
124
129
153
128
133
147
131
159
134
142
136
151
138
145
144
160
167
156
152
152
149
169
176
163
143
177
157
151
148
159
162
169
167
160
174
156
170
180
178
164
165
177
175
168
166
175
180
184
171
184
174
179
189
190
183
178
186
183
179
192
181
182
185
182
185
194
181
192
188
189
193
188
190
198
191
191
196
193
194
195
195
196
197
198
-1
