0 2 0 2 0 4 6 0 0 2 5 5 0 4 2 16 0 0 5 0 1 0 3 9 8 10 2 0 2 16 8 0 1 0 0 0 1 3 17 20 4 26 15 0 2 17 1 5 4 4
0 0 0 1 1 1 0 1 1 0 0 0 1 10 0 0 1 1 0 1 0 1 0 1 2 0 0 0 0 0 1 2 1 1 0 0 0 0 1 0 1 0 0 0 1 0 1 0 0 0
10 0 1 3 0 5 12 0 0 8 15 1 8 5 3 11 7 0 20 4 2 9 3 2 0 2 0 2 6 1 13 5 8 0 0 10 1 2 12 5 1 0 1 0 0 1 1 8 1 6
4 1 16 0 3 2 0 0 7 0 48 4 12 14 0 0 0 4 11 2 1 9 23 10 3 7 15 4 2 21 6 2 7 0 12 4 14 17 0 19 15 6 4 3 2 2 11 5 2 8
9 15 12 13 16 2 3 5 30 12 0 5 35 16 2 24 0 1 0 3 4 0 0 1 4 10 0 7 5 1 7 0 5 4 4 5 6 13 2 13 3 3 9 11 2 0 0 10 2 0
3 1 3 1 3 4 7 9 2 1 1 0 19 14 0 3 3 0 9 5 1 4 7 4 1 2 0 4 2 4 4 0 0 4 12 5 0 1 1 5 3 1 0 15 3 9 1 1 4 10
20 3 13 4 14 19 7 1 0 2 0 0 0 19 0 14 6 14 16 2 0 12 3 6 2 10 2 2 2 5 2 13 1 13 7 4 1 2 16 13 6 7 2 1 6 5 31 2 7 14
2 30 4 27 10 1 5 4 4 0 0 0 4 5 17 2 2 14 0 4 1 0 4 4 8 3 11 5 5 7 0 0 1 8 45 36 3 2 7 15 13 7 7 13 4 10 2 10 1 0
0 1 1 0 0 0 0 1 3 3 1 12 0 0 4 0 0 0 2 0 0 0 0 6 0 1 4 5 2 2 0 0 0 0 0 1 1 22 1 0 0 0 4 4 1 2 9 0 1 0
0 0 0 0 0 0 0 1 0 0 0 1 0 0 0 0 0 0 2 1 1 0 0 0 0 0 0 0 4 2 2 0 6 1 1 0 0 0 0 0 0 0 0 0 0 0 0 0 0 0
2 1 5 7 1 2 0 12 10 8 4 4 0 3 10 1 3 3 0 8 9 0 3 3 0 2 4 2 0 1 1 2 0 0 4 1 4 7 0 1 0 0 7 0 23 1 0 5 6 2
2 0 3 3 2 4 2 5 3 0 1 0 14 0 3 1 0 0 1 0 3 1 0 4 1 0 1 4 1 9 4 1 8 2 8 1 2 6 0 0 0 8 0 0 0 17 12 7 9 1
5 41 8 1 1 0 10 3 7 7 11 5 13 13 0 7 4 0 2 9 5 6 39 3 5 0 7 14 0 3 3 0 3 4 6 0 1 0 3 0 6 7 6 11 2 0 0 16 1 6
0 1 0 12 1 2 2 0 1 0 5 1 3 0 5 2 4 6 0 0 23 5 0 5 8 4 8 11 9 2 2 3 1 0 2 6 6 4 1 6 19 4 1 6 0 1 8 1 2 1
0 6 17 1 5 0 0 2 12 7 4 1 15 0 0 13 11 3 5 4 2 6 3 1 3 8 0 8 0 3 2 9 9 0 7 1 9 4 2 3 0 12 0 11 3 2 2 7 0 3
0 1 0 0 0 1 0 0 0 3 0 0 1 0 15 0 0 2 0 0 1 1 0 3 0 0 1 1 1 1 1 0 1 0 0 1 1 3 3 0 1 2 5 0 0 0 5 1 1 0
3 0 2 22 0 3 3 3 9 1 0 0 0 7 18 3 3 6 0 5 2 15 1 4 0 5 5 0 0 24 0 3 0 0 2 6 12 7 5 2 6 0 4 1 1 3 2 0 0 2
0 4 19 13 0 23 4 13 39 5 9 2 2 0 3 16 10 1 2 7 3 1 0 17 0 8 2 25 5 13 1 2 12 0 10 1 13 11 45 6 11 13 6 3 0 3 5 14 6 2
11 1 0 3 4 6 2 4 10 7 18 9 16 1 10 1 19 4 32 2 12 39 29 8 0 0 2 23 15 1 1 1 8 5 1 6 1 2 13 7 0 15 0 1 2 17 3 12 8 7
2 9 0 9 17 9 1 2 15 0 8 3 6 5 1 5 6 2 8 20 3 0 16 0 6 9 1 10 7 1 11 5 13 11 11 4 6 10 0 7 17 3 17 11 4 16 3 12 3 3
3 5 2 1 7 13 3 19 22 2 24 9 0 5 0 0 5 3 37 4 0 1 26 4 8 6 10 6 1 6 45 14 9 9 9 6 1 13 3 12 1 3 2 0 12 10 4 7 14 2
5 4 0 1 0 1 5 9 2 1 0 12 10 11 17 9 0 0 2 0 1 1 6 4 16 30 6 1 8 7 3 5 5 1 1 1 5 0 15 0 7 3 21 1 5 14 2 0 30 8
2 0 0 0 1 0 0 1 1 0 3 0 0 0 0 0 1 0 0 1 0 0 0 1 1 0 2 1 1 0 0 0 0 0 0 0 0 1 0 0 1 2 2 0 0 1 1 0 0 6
0 14 1 5 3 2 6 20 0 2 2 0 0 9 1 12 1 8 4 1 15 8 11 1 0 1 0 0 1 1 3 18 1 17 1 7 0 4 0 1 4 5 13 3 3 9 0 5 6 0
3 1 2 2 3 1 1 6 4 5 1 13 2 0 16 1 1 0 2 1 0 1 5 0 9 1 0 4 2 4 0 14 2 0 0 6 0 11 3 5 0 1 0 0 5 8 4 6 2 1
0 4 7 0 4 0 3 11 1 2 6 7 5 0 9 0 0 4 15 4 0 8 1 3 3 0 2 12 9 3 5 0 9 0 0 13 2 2 4 1 3 0 5 0 8 3 23 12 5 0
0 9 0 0 4 0 12 0 6 11 15 6 3 27 0 0 3 1 5 10 4 3 0 6 0 2 5 0 1 4 0 4 3 1 9 0 3 0 0 1 0 1 1 0 5 1 1 15 8 0
0 0 0 0 2 0 0 5 0 1 1 3 0 5 0 0 1 1 0 0 2 0 0 0 0 0 0 0 0 0 1 2 6 0 0 1 0 0 0 0 0 0 0 0 1 0 0 0 0 0
0 0 3 0 1 3 0 4 0 0 0 2 0 0 0 0 1 1 0 0 3 0 0 1 0 0 1 0 0 1 0 0 19 0 0 0 0 0 0 0 0 1 0 2 1 0 0 0 0 0
0 2 9 0 1 0 19 6 0 5 1 2 2 0 12 1 2 7 0 8 0 0 2 7 0 0 4 1 2 2 0 5 4 11 0 1 9 1 1 0 16 3 20 4 2 2 0 11 3 0
2 17 0 4 22 3 10 0 20 0 0 3 22 4 6 0 17 6 5 3 11 2 9 2 4 2 36 5 11 17 0 6 3 0 2 19 3 5 1 4 9 0 5 0 8 8 2 10 33 21
9 10 0 2 7 4 0 0 3 0 0 5 4 0 0 0 5 0 3 0 5 14 0 0 4 0 4 3 0 4 16 3 5 8 0 14 1 1 1 4 7 2 5 1 21 3 5 7 1 5
3 0 0 4 0 4 16 5 1 0 0 1 12 6 20 1 8 6 0 21 2 29 14 0 7 7 0 1 4 1 7 20 6 13 0 9 31 8 10 21 17 10 6 1 5 6 3 14 7 2
7 8 0 7 8 3 4 3 1 17 2 0 5 9 6 0 4 4 1 11 0 1 0 0 13 5 6 1 17 0 4 4 21 0 0 5 1 2 8 4 0 2 0 3 9 2 15 0 2 0
5 0 0 5 4 10 6 0 0 0 4 3 3 0 0 4 1 1 3 0 3 1 4 0 3 0 2 1 0 5 0 4 0 13 7 0 3 0 0 2 0 0 0 7 2 0 0 0 0 0
1 6 11 7 5 2 25 16 27 25 25 5 0 11 0 1 18 1 1 4 8 12 73 5 0 21 10 15 14 0 7 1 3 7 0 1 2 13 8 2 9 5 1 1 1 11 7 0 3 0
1 3 1 0 0 1 0 2 0 0 0 1 0 0 0 0 0 0 0 1 1 0 0 4 0 2 0 0 0 0 1 0 0 0 0 0 1 0 0 0 0 0 2 3 0 5 0 0 5 1
2 5 0 0 0 0 0 0 0 2 1 2 0 0 18 0 0 0 1 1 0 1 1 2 0 12 1 0 0 0 0 0 0 0 0 1 0 1 2 0 1 0 1 0 0 1 11 0 5 0
6 14 20 7 6 9 4 19 20 5 2 3 5 3 2 9 8 1 4 13 5 3 48 5 0 8 21 1 1 14 0 15 12 3 0 0 0 6 10 6 5 1 0 29 7 18 11 13 31 37
1 9 4 0 7 0 6 0 9 0 0 2 1 1 3 4 3 6 10 3 2 8 13 41 29 22 6 1 4 1 1 4 4 19 0 7 0 13 16 3 3 8 7 5 20 1 1 3 0 8
8 15 1 1 1 0 5 2 7 5 3 7 9 8 8 9 1 4 2 8 4 2 1 32 3 5 7 0 0 9 0 9 0 0 8 2 4 1 19 8 0 0 7 2 3 11 13 5 11 1
8 0 12 0 10 5 6 9 9 0 0 3 0 2 7 37 5 8 9 10 1 2 0 9 22 0 12 20 0 1 1 12 14 1 8 6 0 7 8 12 2 4 13 1 4 7 32 1 0 20
6 6 3 0 4 0 6 1 15 8 5 7 2 2 0 0 0 1 0 0 1 5 1 4 19 0 0 3 2 2 3 13 2 0 2 5 9 0 7 2 9 4 13 3 4 8 6 1 6 6
0 21 2 2 18 8 3 0 8 2 14 7 5 1 8 6 1 3 2 0 1 6 3 1 0 1 12 7 5 0 1 0 4 0 3 1 2 0 0 1 9 4 9 0 1 0 1 9 6 1
0 0 0 0 0 0 1 0 0 2 0 3 1 0 15 0 0 2 0 8 0 0 1 1 0 6 0 0 0 0 2 0 0 2 1 0 0 1 4 0 0 0 5 0 1 7 0 0 10 0
3 3 13 12 18 11 4 1 3 10 6 8 2 11 5 0 24 5 8 14 1 8 5 1 0 0 1 19 14 8 5 30 5 2 5 0 0 27 8 0 4 6 2 4 6 6 5 5 11 12
6 2 0 2 26 3 17 5 8 1 2 7 1 3 4 0 5 0 0 1 0 1 8 2 1 3 23 4 7 4 11 2 5 6 6 11 9 0 6 0 11 1 6 18 3 0 9 4 10 16
0 0 0 2 3 2 0 3 0 1 1 1 0 2 1 0 0 0 1 1 2 9 0 0 1 0 1 0 0 0 0 0 0 0 14 0 4 1 1 0 0 0 1 0 0 0 0 0 0 1
4 2 8 4 4 8 0 2 1 1 0 1 0 8 0 3 5 3 0 3 0 2 4 0 1 6 1 0 2 0 0 1 1 1 0 0 6 1 0 6 0 3 5 3 4 1 1 3 0 2
0 6 0 2 2 0 1 2 15 6 2 0 0 6 1 1 6 15 2 3 7 1 0 1 0 0 3 1 0 1 0 1 1 5 0 0 12 1 1 1 0 4 2 2 5 4 3 0 8 0
1 4 6 30 6 16 8 1 19 6 0 3 13 2 0 1 2 0 13 0 3 3 6 5 7 31 11 14 6 10 12 2 0 2 23 15 7 0 11 2 5 3 3 11 2 3 21 9 8 66
10 0 0 2 1 3 7 6 2 2 9 4 4 2 0 6 6 20 14 12 6 11 1 14 4 5 3 1 16 0 2 5 6 7 10 6 16 0 4 19 15 23 10 4 6 1 5 7 4 1
0 0 0 0 0 0 0 1 0 1 1 1 0 0 1 0 0 0 0 0 0 0 0 0 0 1 0 0 0 0 0 1 0 0 0 0 0 0 1 0 0 0 2 1 0 0 5 0 4 1
0 2 1 1 2 11 3 3 6 0 0 0 6 9 10 0 3 1 8 1 8 3 1 11 3 23 2 8 2 5 2 0 2 1 5 3 8 2 7 5 4 1 6 3 4 0 5 0 1 4
8 9 24 6 3 2 2 6 3 5 2 0 10 8 5 3 1 12 2 1 6 5 23 1 0 1 1 8 4 13 4 3 0 1 0 15 8 2 4 4 12 19 0 5 7 2 10 23 5 0
12 7 13 7 7 5 0 0 1 3 5 5 32 1 7 6 7 2 4 1 0 3 1 3 3 15 8 3 4 1 2 0 9 0 4 7 11 1 5 6 9 1 9 2 9 11 2 2 1 7
18 32 7 1 23 2 4 11 18 3 4 32 22 8 4 17 3 45 8 3 7 9 3 6 4 2 8 15 19 4 0 1 5 5 13 2 10 0 8 4 6 4 12 0 16 12 12 14 38 0
1 1 7 9 5 19 0 10 0 4 1 1 0 4 3 0 3 3 0 4 14 5 13 0 2 7 8 0 9 1 5 0 33 9 8 12 1 1 1 0 7 7 4 2 12 2 0 0 0 14
1 2 0 12 9 1 1 1 2 5 10 4 2 1 4 4 7 8 0 4 0 4 4 15 4 2 5 1 8 18 2 1 3 4 1 2 20 12 4 4 1 1 3 3 3 1 9 1 1 1
4 5 3 1 0 4 9 2 17 6 6 4 0 0 1 0 0 1 5 3 5 4 7 0 4 2 8 2 0 4 16 4 0 0 0 1 6 12 8 10 5 3 0 4 5 0 3 2 1 14
0 9 0 0 0 0 0 0 0 2 2 17 0 0 0 1 0 0 0 3 0 0 1 0 0 5 1 0 0 0 0 1 0 1 0 1 0 0 0 0 1 0 3 2 1 8 0 2 5 0
6 0 1 7 4 2 17 5 4 0 0 2 1 7 1 11 19 1 11 0 11 6 3 5 6 0 5 6 1 1 6 2 9 2 14 6 1 1 33 33 1 2 0 2 6 2 6 10 10 4
0 0 0 0 0 2 0 14 0 0 2 2 1 4 0 0 0 4 0 1 0 0 0 0 0 0 1 0 0 0 0 3 10 0 0 1 0 0 1 1 0 0 0 0 0 1 0 0 1 0
14 0 4 20 4 3 1 13 7 4 4 23 2 17 0 8 1 1 5 3 0 4 5 11 3 12 5 6 1 7 26 15 0 2 0 16 3 3 7 16 0 28 0 0 9 1 14 15 11 3
0 7 3 3 10 2 0 0 21 11 2 2 6 3 0 0 2 3 2 0 12 0 6 1 0 2 3 2 4 12 4 11 2 5 10 2 7 3 5 0 5 5 0 5 2 2 19 13 0 3
1 2 1 0 1 0 4 1 0 0 1 2 0 3 1 5 0 10 10 10 2 2 24 9 1 0 3 0 1 2 0 0 0 2 0 0 3 15 8 4 0 0 3 17 3 6 1 11 10 2
2 0 10 0 1 0 2 0 0 0 1 0 0 0 0 0 0 1 0 0 0 0 2 0 0 0 0 0 3 2 0 2 0 1 0 0 0 0 0 0 1 1 0 0 0 1 0 0 0 2
2 0 20 2 8 0 3 1 5 3 0 11 10 4 16 0 1 1 0 1 0 0 1 2 3 6 0 0 13 1 0 0 4 0 1 0 1 7 4 3 0 1 0 1 0 10 5 4 11 4
14 9 37 3 3 3 8 6 3 1 20 1 2 8 13 4 1 8 2 7 7 23 3 5 3 11 2 2 0 2 13 4 4 20 11 3 8 6 14 26 5 54 4 2 10 6 18 3 4 4
24 13 3 13 13 2 1 2 1 7 2 7 9 0 13 6 5 11 10 0 15 4 0 3 22 0 1 3 9 1 0 0 0 38 2 3 10 33 4 8 2 7 25 1 7 9 5 21 1 1
5 2 1 0 1 7 4 5 2 0 6 1 2 18 15 5 1 0 1 12 1 1 1 11 6 5 3 1 1 5 11 2 0 7 0 0 1 21 4 17 1 0 1 0 4 0 6 8 5 17
2 3 2 3 3 3 4 3 0 9 6 3 0 1 12 2 3 10 3 7 0 0 13 1 0 1 1 3 4 15 6 0 0 6 14 0 5 1 1 3 2 2 0 4 0 5 3 5 0 0
0 1 0 0 0 0 0 0 0 1 0 0 0 0 3 1 2 0 2 9 0 0 0 4 0 0 1 0 0 1 0 0 0 0 1 3 0 7 31 1 1 0 0 0 0 0 1 0 0 0
0 1 0 6 0 0 2 5 0 0 0 22 3 2 9 3 0 0 0 7 5 1 1 2 0 9 0 17 1 1 0 6 11 6 4 0 0 2 0 0 0 4 3 5 4 0 0 0 4 2
7 6 4 1 5 16 12 2 12 1 0 18 2 3 8 16 1 15 11 6 0 11 0 0 0 17 12 7 10 0 12 7 2 5 7 4 5 0 1 8 6 0 2 0 13 10 1 15 13 1
4 7 2 1 4 6 15 6 3 15 11 3 5 17 3 3 0 9 14 13 27 13 5 14 4 1 2 14 7 0 14 8 5 7 6 1 5 1 1 4 16 24 20 9 1 19 5 15 2 14
0 2 12 0 3 4 1 0 6 20 4 2 0 3 3 3 1 5 1 0 2 5 1 7 0 2 1 3 1 0 2 0 4 2 15 3 11 6 5 1 0 2 2 11 5 3 2 4 0 5
1 1 4 11 3 15 2 3 22 11 11 14 4 1 3 2 26 2 8 0 9 0 1 4 4 11 2 7 0 2 11 3 0 3 0 4 7 1 3 6 7 1 3 4 10 2 4 0 2 3
0 12 1 8 9 8 0 1 12 0 34 5 4 6 1 11 0 35 2 5 7 0 5 19 2 24 5 8 8 0 6 0 6 4 7 7 3 4 7 4 10 14 8 2 0 10 4 2 2 5
10 3 0 4 0 4 1 0 0 0 0 1 1 0 0 2 0 0 0 0 0 0 1 0 0 2 0 3 4 1 2 0 2 3 0 0 1 0 0 0 0 0 1 0 0 0 0 0 0 0
0 0 0 0 10 2 3 0 3 7 6 0 0 0 5 2 1 8 5 5 5 0 1 7 1 0 7 2 1 0 1 5 1 9 9 2 0 0 0 1 0 1 8 11 4 3 4 0 12 2
3 0 0 9 2 2 1 8 2 2 0 2 0 5 5 23 4 6 1 3 9 4 7 9 0 5 0 9 10 1 0 5 3 4 0 1 0 1 20 3 3 6 1 14 4 0 4 2 0 0
1 2 3 0 6 4 0 2 8 0 0 0 1 0 12 13 1 4 0 12 5 0 4 0 8 6 2 12 1 1 0 1 5 1 1 11 10 10 4 4 1 17 2 2 4 1 2 3 0 3
10 0 2 1 15 1 1 0 0 3 2 1 2 8 3 5 7 2 3 10 5 0 1 5 16 11 6 1 0 9 0 1 4 3 13 9 7 0 7 0 5 10 11 0 2 5 3 0 1 1
0 1 3 0 0 0 0 0 1 8 0 5 0 1 7 0 0 0 0 2 2 0 0 0 3 9 0 0 0 2 0 1 0 1 0 0 0 3 2 2 2 0 1 1 0 3 1 1 0 0
4 1 2 0 0 22 9 19 10 7 10 18 4 2 3 0 25 8 29 20 4 16 19 0 15 0 3 9 2 0 5 2 6 4 9 2 3 12 3 8 13 3 0 6 17 3 6 6 14 10
0 0 0 0 0 2 0 1 1 0 0 0 0 1 2 2 1 1 0 6 0 0 0 7 1 0 0 1 0 0 0 0 0 0 0 0 0 1 4 0 0 0 0 0 0 0 0 0 0 0
3 0 0 3 0 0 0 0 1 0 0 1 0 1 0 0 1 2 2 0 0 0 0 1 1 0 1 1 0 1 0 0 0 0 2 0 0 0 0 1 1 0 0 0 0 1 0 3 0 2
7 4 0 5 0 2 3 7 2 6 0 0 1 0 13 4 0 11 1 2 7 2 1 0 4 0 2 3 1 4 1 3 1 4 27 1 1 0 7 0 0 2 1 2 1 1 5 5 1 5
1 0 8 5 2 5 11 24 6 5 4 7 2 18 7 1 3 7 5 3 7 0 4 9 6 0 1 5 8 8 3 12 24 9 9 9 4 0 1 3 6 7 14 0 14 0 5 0 4 2
1 2 22 6 0 1 16 2 0 4 3 2 7 2 16 8 7 1 1 1 9 3 15 0 1 4 7 1 2 0 0 0 0 16 4 19 17 5 7 10 20 0 16 1 4 12 8 4 5 24
8 1 0 2 0 7 5 5 0 0 4 0 1 10 0 2 1 0 6 0 0 10 1 0 0 0 12 0 8 2 10 3 1 3 0 5 1 1 2 3 0 1 2 2 5 1 0 1 0 10
5 26 0 5 4 5 4 8 20 18 0 7 5 1 16 5 9 1 4 1 3 2 0 13 15 9 1 3 11 3 3 4 1 3 8 1 1 7 4 3 1 1 2 0 0 0 2 0 1 3
0 0 1 0 0 0 0 1 1 1 0 0 0 0 2 0 0 0 0 0 1 0 1 0 0 0 0 0 4 0 0 0 1 0 0 0 0 0 0 0 1 0 0 1 1 0 0 0 1 0
4 5 15 9 10 3 8 1 24 1 1 2 0 0 3 28 5 0 1 16 8 5 1 1 2 3 1 11 10 3 16 14 5 0 4 39 2 19 4 3 17 4 8 0 7 2 9 6 14 8
2 0 0 13 0 0 0 0 0 0 0 0 0 0 0 2 0 0 2 0 0 0 0 0 0 1 0 0 0 0 5 0 1 0 0 0 0 0 1 0 0 0 1 2 0 1 0 0 1 0
0 0 2 2 0 0 0 1 1 0 0 0 0 3 0 0 1 0 0 1 0 2 1 0 0 3 0 0 0 0 0 3 0 1 0 0 0 0 0 1 2 1 3 0 0 0 0 0 2 0
8 8 1 5 23 9 9 4 3 0 1 4 2 0 0 1 0 11 0 1 1 0 13 18 7 0 7 3 21 3 3 16 9 6 9 20 6 3 4 4 0 0 2 54 8 5 1 4 8 0
1 24 2 5 5 10 18 8 4 1 6 13 2 14 8 6 9 40 1 8 3 5 14 3 1 6 30 0 16 6 3 0 4 8 3 14 2 10 2 4 3 2 14 3 12 0 6 12 1 3
9 0 3 3 0 0 3 0 0 3 1 1 1 4 1 1 1 10 5 3 4 8 0 3 5 0 0 1 2 6 4 0 10 0 0 2 14 12 0 3 6 3 2 1 1 2 4 3 1 3
