15 10 19 2 7 7 11 2 6 11 0 10 7 0 10 2 10 32 2 3 15 4 8 9 13 19 4 2 7 4 1 1 18 2 16 2 5 0 6 1 5 4 0 3 2 5 1 5 9 2
1 0 1 1 0 0 0 0 0 0 1 1 0 0 0 0 0 1 0 3 2 0 1 0 1 1 1 0 1 0 0 0 1 0 0 0 0 0 0 0 0 5 0 0 0 0 0 4 2 1
6 0 16 2 8 4 6 0 4 36 5 3 14 9 0 0 6 8 4 2 4 9 0 17 2 13 0 3 12 1 1 1 2 5 0 1 3 19 2 0 0 4 0 4 2 0 12 1 5 6
0 0 9 6 0 1 0 0 3 0 3 0 1 0 1 1 3 0 4 1 1 2 1 0 0 3 0 1 1 8 0 0 0 0 0 0 1 0 0 0 0 0 0 2 2 13 2 0 2 2
2 4 10 9 5 1 16 2 3 5 3 0 15 10 0 2 2 6 16 0 1 6 1 5 8 5 3 2 2 11 9 0 1 0 8 4 3 0 4 0 3 0 6 0 0 5 0 3 9 2
14 6 4 0 3 1 0 1 1 8 2 3 6 11 2 1 15 5 1 3 2 3 8 1 2 4 2 1 47 5 1 9 23 10 1 0 9 10 8 10 0 1 2 9 5 0 1 3 6 4
1 1 0 0 0 0 0 0 0 1 6 0 1 1 0 0 1 1 1 0 0 0 0 0 0 0 0 0 0 0 1 11 0 0 0 0 0 0 0 0 0 0 0 0 1 0 0 0 0 0
2 4 9 18 10 6 0 5 6 15 1 11 1 1 17 0 3 4 8 2 8 13 0 3 13 3 23 2 1 8 16 10 11 27 13 0 1 3 14 31 3 6 5 7 8 4 11 5 17 10
7 2 6 19 1 5 3 8 7 6 12 13 2 8 15 7 6 8 21 5 29 0 1 3 12 0 23 4 2 0 14 5 2 12 15 6 3 3 4 5 2 3 4 3 14 20 1 12 4 7
0 1 0 0 0 1 0 2 0 0 0 0 0 0 0 0 1 0 0 1 0 7 1 0 0 0 1 0 0 0 0 0 1 1 0 0 0 0 2 1 0 13 16 2 2 0 0 2 1 0
3 7 1 0 4 1 2 1 1 3 0 0 0 1 1 1 0 0 7 26 1 4 2 0 0 33 10 0 2 3 6 3 5 2 2 4 11 2 4 12 3 8 0 0 3 10 1 1 0 2
0 0 4 1 0 1 0 0 3 1 0 8 1 4 0 1 9 1 4 0 17 6 14 9 16 8 1 3 0 2 1 1 4 1 1 0 7 2 19 31 1 6 27 7 12 4 4 2 7 2
3 11 12 12 5 3 0 4 9 3 1 2 0 0 3 4 7 5 1 2 2 1 0 3 9 7 8 1 6 2 3 0 0 3 1 1 0 0 2 4 0 0 0 5 3 1 0 0 1 0
4 7 0 1 2 22 0 0 0 0 3 0 0 3 2 4 2 17 0 3 11 5 0 1 5 1 0 1 11 5 7 0 2 3 9 2 0 3 2 7 2 9 1 1 7 5 0 5 7 0
0 25 0 2 0 0 0 0 0 0 0 0 1 0 0 1 0 0 0 5 1 1 2 0 1 1 0 0 0 0 0 0 1 0 0 0 2 2 5 6 1 14 7 1 0 0 0 0 3 0
0 1 0 0 1 0 0 0 2 0 0 0 1 0 0 2 2 0 0 0 0 2 1 0 0 0 0 1 1 0 0 0 0 0 1 1 0 0 0 0 0 1 1 0 0 1 0 0 0 0
0 0 0 0 3 0 1 2 0 1 0 3 3 0 7 2 0 2 0 5 6 12 10 12 0 11 2 4 13 1 0 2 1 7 3 0 9 5 7 4 0 2 11 0 0 0 0 1 0 2
4 2 6 11 16 1 1 0 13 0 6 3 3 1 10 7 2 29 0 10 2 0 8 14 2 12 4 2 0 11 3 2 1 6 12 8 0 0 1 5 0 0 4 2 0 1 31 6 15 7
1 0 0 1 5 1 0 0 0 2 0 0 0 0 0 1 0 0 1 0 0 0 1 0 1 2 3 2 1 0 5 5 0 0 0 4 0 0 1 0 0 1 0 0 0 0 2 0 0 1
6 4 2 2 0 1 0 2 0 0 15 2 4 1 0 2 9 3 4 2 1 1 1 16 1 1 3 0 0 0 3 1 0 6 2 2 1 1 0 2 0 13 0 0 5 0 1 0 2 7
26 9 11 5 2 14 0 2 15 14 5 23 2 1 2 5 1 34 15 0 6 10 11 15 5 3 20 6 5 0 1 9 4 12 2 1 2 7 12 8 31 9 9 0 5 7 33 5 30 9
1 0 1 1 0 1 1 0 3 0 0 1 0 0 0 0 2 3 4 0 0 0 0 0 1 0 1 0 0 4 2 1 0 1 0 2 0 0 0 0 1 0 0 3 0 10 2 0 0 0
24 2 14 1 0 1 4 6 2 16 6 5 1 8 3 1 2 1 1 0 1 2 11 1 9 2 15 0 6 10 0 2 3 1 0 2 5 3 1 2 0 0 11 0 2 5 6 0 1 17
9 8 1 0 3 2 3 8 12 1 0 19 4 14 0 0 16 1 10 1 4 0 9 0 1 1 0 2 14 0 4 0 4 0 0 5 10 4 1 0 0 0 1 8 0 15 4 12 5 15
2 1 1 9 2 1 4 11 2 2 0 11 24 7 12 0 9 6 1 0 8 8 3 4 3 1 4 3 0 11 2 8 0 6 3 2 9 11 2 0 14 0 11 6 17 0 16 2 5 0
1 0 1 0 0 1 0 0 2 0 0 1 3 0 0 0 1 1 0 0 0 0 1 0 0 1 0 0 0 0 0 0 0 0 0 1 0 4 0 1 1 0 0 0 1 1 1 1 0 1
0 7 0 1 1 8 6 6 5 4 5 21 6 2 1 4 1 5 2 3 5 4 1 2 1 6 5 4 1 3 1 8 2 0 3 1 1 1 0 2 4 2 5 21 1 0 5 0 0 7
2 1 13 2 0 0 13 10 1 2 2 10 0 5 12 1 15 0 15 9 0 2 4 15 3 3 1 2 0 19 4 3 4 4 1 3 15 11 4 0 3 12 6 1 1 11 2 15 7 6
8 1 2 5 0 2 3 0 0 4 15 0 0 0 0 0 2 11 0 0 3 3 4 4 2 1 1 8 4 6 0 13 1 4 13 3 1 10 0 0 15 2 0 1 9 6 4 0 9 0
1 0 2 0 2 0 11 5 2 2 1 10 3 23 0 3 11 1 5 1 0 1 1 0 3 14 2 5 17 2 3 9 25 3 4 4 10 6 8 2 3 9 0 5 3 7 6 0 2 8
5 19 6 3 15 5 7 2 5 41 4 4 10 45 3 15 0 6 0 1 22 19 2 9 2 6 7 12 1 3 6 5 4 4 0 13 1 5 1 6 0 1 14 4 6 0 11 1 24 2
1 0 0 2 27 1 8 5 1 7 3 2 7 5 6 5 1 21 0 0 5 1 5 11 18 9 23 0 12 3 7 7 2 6 3 9 12 1 0 2 4 15 7 27 4 1 0 25 0 21
6 1 8 36 5 1 1 7 14 1 20 9 3 1 8 19 8 2 8 11 4 34 18 7 5 1 2 1 3 11 3 35 16 5 4 12 4 2 10 5 0 8 3 2 5 9 1 4 12 24
11 5 10 8 0 1 17 5 5 27 4 2 13 1 0 20 2 22 13 3 1 14 2 14 17 11 6 9 20 31 10 0 27 4 0 13 3 6 12 1 9 11 5 1 14 10 8 11 6 19
2 0 12 21 1 0 8 2 1 12 0 4 28 1 4 0 3 0 1 1 9 2 1 0 4 1 3 7 1 0 5 3 4 1 8 4 0 4 0 2 4 0 10 1 4 6 4 2 2 0
9 9 27 10 1 9 3 7 14 19 14 7 1 15 0 7 1 1 1 8 1 8 3 1 4 1 11 2 3 4 2 4 0 4 1 7 0 5 0 24 2 8 12 5 1 14 2 0 2 12
7 1 3 0 3 0 4 4 0 0 0 6 2 1 4 20 12 1 3 1 2 5 7 6 20 8 1 0 2 7 1 0 1 2 1 6 2 2 4 5 6 2 1 0 5 6 31 0 5 5
0 0 0 0 1 1 2 0 1 0 0 0 0 0 2 0 0 4 0 5 0 0 0 0 0 1 0 0 2 0 0 0 0 0 0 0 0 1 1 0 0 2 0 0 0 1 0 2 2 0
1 2 2 4 6 1 14 7 5 2 0 15 1 0 2 2 2 1 11 2 2 10 2 1 4 8 3 0 0 13 7 0 0 5 0 4 3 1 4 3 0 1 8 14 0 5 4 11 9 1
2 3 2 19 1 3 1 5 1 2 10 9 0 5 1 1 4 0 0 33 0 1 7 8 0 0 2 2 0 1 0 0 9 4 4 0 0 0 5 7 1 6 1 6 0 5 3 1 4 3
1 1 0 4 0 7 5 3 4 0 9 1 9 6 6 3 1 22 9 0 6 2 2 1 10 15 1 14 2 10 2 2 2 6 10 14 4 4 0 0 11 0 3 7 4 2 0 14 0 1
4 26 0 0 3 10 1 1 0 6 1 0 11 8 2 12 1 2 0 2 0 3 0 7 3 17 2 1 3 0 0 0 2 6 3 5 2 2 0 16 0 1 3 0 7 0 1 4 0 0
0 0 1 0 0 1 0 1 0 0 0 10 0 0 0 0 0 0 0 0 0 0 0 1 0 0 1 0 0 0 0 2 0 0 0 0 0 0 1 1 2 0 0 2 0 0 0 2 1 0
19 5 2 3 16 9 12 16 3 8 19 0 4 5 2 13 5 3 15 5 6 11 0 4 6 3 30 2 10 0 34 4 2 3 3 1 0 0 0 12 7 2 9 0 4 21 14 7 12 13
1 2 3 1 5 28 4 1 9 5 79 7 0 2 8 5 14 2 8 16 4 17 18 3 7 12 0 3 1 16 2 12 10 6 0 3 10 15 0 4 10 11 23 2 19 5 13 0 4 12
0 0 1 5 8 9 3 0 2 6 2 4 4 0 22 3 2 5 4 29 5 4 3 4 0 0 1 0 0 1 11 6 2 4 4 8 4 8 4 0 2 4 2 6 1 6 0 2 2 0
0 0 0 0 0 1 5 2 0 0 0 0 0 2 0 0 0 0 0 0 0 2 0 0 0 0 0 0 0 1 1 1 2 1 4 0 0 1 0 1 5 0 1 0 1 0 1 0 0 0
0 0 1 0 0 2 0 0 0 0 2 0 12 1 0 0 0 2 3 0 0 0 0 0 0 0 1 0 2 1 0 2 0 1 1 0 0 1 0 0 0 0 2 0 0 0 0 0 0 0
0 2 0 2 0 0 0 1 0 0 0 0 0 3 4 0 0 0 0 6 0 4 1 0 9 1 0 0 0 1 0 0 0 0 2 0 0 3 4 13 5 0 0 0 3 0 1 0 3 0
3 5 5 1 11 0 0 7 5 1 1 1 15 13 15 1 1 4 8 26 8 10 8 10 2 6 2 16 1 12 3 5 4 29 3 6 6 2 15 6 9 0 7 6 1 9 1 4 1 4
0 0 1 0 1 1 1 1 1 1 0 0 0 0 0 0 0 0 1 2 2 0 0 0 0 1 0 0 2 0 0 0 0 0 0 2 0 0 0 0 16 0 1 7 0 0 1 1 0 0
0 4 2 0 1 0 1 0 0 2 1 0 2 0 2 0 0 1 1 0 0 0 0 0 2 0 1 0 0 0 3 1 1 0 1 2 0 1 0 0 4 1 0 0 0 0 1 0 0 0
1 8 15 4 3 0 0 6 4 0 28 9 7 6 0 19 4 1 18 4 2 10 0 0 51 3 5 3 6 6 11 4 10 11 7 9 20 3 1 7 4 6 9 20 8 10 12 19 2 1
0 3 1 1 11 14 2 1 0 5 10 3 13 1 1 0 1 0 2 2 4 9 0 3 5 2 0 14 4 0 0 8 2 4 1 3 1 7 21 0 1 0 8 2 10 1 0 3 7 4
3 14 0 0 2 1 1 0 0 2 1 6 0 0 5 1 0 1 5 0 3 20 2 1 6 0 5 4 3 6 2 2 6 0 2 1 18 0 2 1 7 6 0 3 10 3 3 4 17 4
4 25 2 18 24 9 0 5 0 3 11 1 1 0 11 2 2 7 6 13 1 0 1 1 6 12 1 7 3 5 0 2 0 2 10 8 10 5 1 11 6 14 5 5 7 27 3 5 2 11
2 0 0 0 0 0 0 2 0 0 0 0 0 1 0 0 0 2 0 0 0 0 0 1 0 3 2 0 0 1 0 0 0 2 0 0 0 1 0 0 0 0 3 0 0 0 0 0 0 1
2 10 17 1 16 0 0 5 2 1 3 0 17 3 1 6 2 2 1 3 9 5 0 13 1 4 8 0 0 6 1 19 0 4 2 5 1 29 4 5 3 4 1 6 4 9 5 4 1 5
1 1 1 7 10 22 3 5 2 0 1 0 6 8 2 0 4 1 26 3 6 2 0 0 0 2 0 8 9 0 0 0 7 11 7 5 1 1 2 0 4 2 1 0 0 5 2 0 0 8
1 0 0 0 1 0 2 0 1 0 0 0 1 1 1 0 0 0 0 0 0 0 0 2 0 2 0 0 0 0 0 0 1 0 0 0 0 2 0 0 2 0 0 4 0 0 0 0 1 1
0 1 1 0 0 0 0 1 3 2 1 0 0 0 0 0 0 0 1 0 0 0 0 0 2 0 0 0 0 0 1 0 1 2 0 0 0 0 0 0 0 1 0 0 1 0 0 0 0 0
0 0 2 0 1 0 2 0 0 0 5 1 1 0 0 0 0 0 1 2 0 0 0 1 0 0 0 0 0 0 0 3 0 0 0 0 0 0 0 0 1 1 1 0 0 0 0 1 0 1
5 11 7 15 1 6 6 6 2 4 14 2 1 14 2 3 4 2 37 2 2 8 11 28 1 0 14 0 1 15 0 2 1 0 5 7 29 1 5 3 0 2 6 0 9 5 1 2 0 20
9 1 4 3 8 6 2 5 5 4 0 0 1 0 11 3 13 4 0 0 4 2 2 5 4 1 0 0 1 9 2 0 10 5 0 3 5 3 5 1 3 4 3 11 0 14 1 6 3 4
3 0 1 0 1 0 0 0 2 1 2 0 2 0 1 0 1 0 6 1 0 1 1 0 1 0 1 0 0 0 0 1 1 1 0 1 0 3 1 0 0 1 0 0 1 10 1 0 0 1
0 0 0 0 3 0 1 2 0 0 0 21 3 2 0 0 0 0 0 1 0 0 0 0 1 0 1 0 0 1 4 0 0 0 1 0 0 0 1 0 4 1 0 2 0 0 2 1 0 0
18 0 21 5 12 0 8 9 8 2 6 15 1 10 1 4 7 7 1 13 8 6 7 2 1 32 18 7 2 27 2 3 8 3 3 1 3 19 3 7 5 9 7 5 5 2 0 9 3 7
1 2 0 0 0 0 3 1 1 0 0 2 0 0 0 1 0 4 1 1 0 1 0 0 1 0 0 0 0 0 0 0 0 0 1 0 3 0 0 0 0 1 0 0 0 0 0 0 4 0
19 1 0 6 4 3 1 9 5 4 0 29 1 3 20 10 8 4 4 4 0 0 4 5 17 2 4 23 3 4 1 11 2 3 0 0 8 24 0 3 1 2 3 11 0 1 4 9 5 7
0 0 0 0 0 0 6 1 0 0 0 0 0 0 0 0 1 0 1 1 0 0 0 0 0 0 0 0 0 0 0 0 0 0 1 0 0 1 0 1 2 2 0 0 1 0 0 0 0 1
3 1 11 4 6 3 1 6 0 2 0 0 0 4 1 1 2 12 24 1 16 18 8 5 3 0 24 5 4 5 0 9 18 6 1 1 8 2 1 1 3 16 3 1 14 4 8 6 4 0
0 2 15 0 1 0 10 4 3 9 0 2 1 8 3 0 0 0 0 1 0 27 3 0 1 3 10 0 1 1 1 8 7 0 1 24 7 31 12 0 2 10 0 6 2 1 3 13 18 7
0 7 0 7 0 0 0 3 17 4 2 1 12 0 0 0 1 0 8 1 1 7 2 6 0 7 0 1 6 4 0 2 6 1 5 1 6 2 3 0 2 5 1 6 1 12 9 0 7 2
0 0 0 0 0 0 3 1 0 0 0 0 0 0 0 0 0 0 0 0 0 0 0 1 0 0 0 0 0 0 0 3 0 0 0 0 2 0 0 0 16 0 0 0 0 1 0 1 0 0
6 9 4 11 10 19 12 6 11 3 8 7 0 12 16 16 21 12 12 1 10 7 23 17 10 0 3 12 10 3 0 3 9 5 0 14 16 0 1 3 19 1 17 2 0 6 6 11 6 6
3 2 3 3 5 1 4 8 5 6 11 4 8 12 2 13 0 0 1 6 13 3 0 4 4 3 1 1 13 6 0 7 8 0 4 2 0 1 11 0 3 3 1 0 4 8 4 2 0 2
0 0 0 0 0 0 1 0 2 1 0 0 3 0 0 0 2 0 1 0 0 1 0 0 6 0 0 0 0 0 0 0 0 0 0 0 0 1 2 1 0 0 0 0 0 0 1 1 2 0
1 1 0 3 0 1 1 0 0 0 1 0 1 0 0 0 1 0 0 18 2 0 0 1 0 0 0 0 0 0 0 1 0 0 0 2 0 0 0 0 0 2 3 1 1 0 0 0 0 0
1 0 10 0 0 0 1 0 1 1 1 0 0 0 1 1 0 0 0 1 0 3 0 0 0 0 0 0 0 1 0 2 1 0 0 0 0 0 0 1 1 0 0 3 0 0 1 0 0 0
0 0 2 0 1 0 20 0 0 2 0 0 19 9 0 9 0 1 0 1 1 0 0 1 3 0 0 0 0 0 0 0 2 0 2 0 2 0 0 2 3 1 0 0 0 0 0 7 1 0
2 4 4 13 5 6 0 1 0 5 20 4 6 11 8 4 0 6 5 0 7 13 5 0 1 0 17 5 6 0 3 4 14 0 10 0 3 0 3 1 8 2 1 7 12 7 5 3 10 2
0 1 6 0 0 1 0 0 0 4 6 0 0 0 0 0 1 0 2 2 0 0 1 1 0 1 0 0 0 0 0 5 3 0 0 1 2 0 0 1 0 2 0 1 0 1 1 2 0 7
0 0 1 1 0 0 8 0 2 0 0 4 2 3 1 2 0 1 1 0 0 3 0 0 0 0 0 0 0 0 0 1 5 0 0 0 0 0 0 3 0 0 1 0 0 0 0 1 0 0
0 0 0 0 7 19 1 0 0 0 0 0 0 0 0 0 0 1 0 0 0 0 0 1 1 7 0 0 0 0 0 0 0 0 0 4 1 0 0 0 0 0 0 0 0 0 0 3 0 1
0 5 7 6 9 6 0 5 14 4 6 0 0 3 11 22 7 2 9 0 7 0 16 0 14 2 6 8 1 11 35 12 12 14 11 0 13 3 0 3 8 0 2 10 5 13 4 4 2 2
9 17 4 19 1 3 32 28 7 9 5 8 2 4 6 9 26 2 18 10 0 3 5 8 14 7 1 3 2 2 0 5 1 14 1 41 9 3 8 6 11 2 1 18 3 10 0 7 16 2
3 2 1 22 8 0 9 0 0 5 12 0 6 4 9 7 8 1 3 4 15 1 17 1 3 7 2 1 22 1 15 16 0 0 1 5 9 6 1 4 3 2 3 0 16 12 7 0 10 1
0 0 2 3 0 0 0 2 2 1 3 8 16 1 2 0 6 2 6 10 4 7 2 1 5 4 1 11 0 0 12 18 0 0 2 0 0 0 0 6 9 5 1 16 3 0 1 7 1 0
6 0 1 0 0 9 9 0 4 4 14 1 0 7 0 1 0 1 0 0 3 0 5 4 3 3 7 3 7 2 5 6 1 5 1 0 2 4 25 1 1 5 1 1 5 7 0 0 4 4
3 3 4 9 9 4 12 13 0 5 11 1 0 0 5 2 1 1 0 0 2 11 1 5 0 20 0 10 13 0 2 3 6 3 2 11 1 2 32 8 0 1 2 11 1 10 3 2 1 8
7 10 8 3 1 1 1 7 7 6 1 2 4 5 18 3 1 7 13 0 2 7 10 3 6 7 8 6 0 12 2 17 4 23 2 0 6 5 0 13 0 19 1 6 0 0 20 2 34 32
3 8 3 2 1 1 1 3 1 2 14 0 23 10 11 2 6 8 2 0 3 10 2 0 9 10 11 12 1 6 1 8 0 4 1 0 1 7 1 9 0 2 13 2 2 1 7 0 2 0
1 0 16 9 7 5 16 7 13 7 0 0 2 1 0 3 8 9 19 6 12 16 3 7 1 27 3 2 14 2 8 7 9 5 1 8 10 5 0 15 1 0 18 5 23 15 1 10 2 5
0 3 3 3 0 0 0 0 4 0 6 0 0 0 0 0 5 1 9 0 2 1 1 0 4 2 1 0 0 2 13 1 1 0 0 0 0 2 0 0 0 0 0 2 0 2 0 1 0 0
0 0 0 0 3 0 0 1 0 0 1 0 0 0 3 0 3 0 1 0 0 0 0 0 3 0 1 0 0 0 0 0 0 1 0 0 0 0 1 1 0 6 0 0 1 0 0 0 3 0
3 2 0 5 1 11 0 0 2 2 0 2 2 0 11 0 31 0 23 2 4 6 0 2 0 4 7 4 3 2 1 5 14 2 5 4 0 7 5 2 7 2 0 2 15 4 3 0 0 1
0 2 48 0 30 20 2 6 2 0 8 7 0 2 4 2 0 0 1 4 3 0 17 31 2 2 2 20 0 17 2 8 15 7 20 6 8 3 0 3 8 2 12 8 0 2 13 6 2 2
1 1 0 0 1 0 0 0 1 3 0 0 0 1 0 0 0 0 0 3 0 2 1 0 2 0 0 1 0 0 1 2 0 0 1 0 0 0 3 0 0 0 1 0 8 0 1 1 1 0
13 13 16 10 3 0 1 14 18 6 5 2 11 0 0 0 2 2 3 3 6 0 13 17 1 8 6 1 3 3 32 3 9 1 3 1 1 0 8 2 0 1 6 6 12 7 4 20 4 1
11 2 2 0 1 0 8 10 6 1 4 2 2 2 17 4 8 2 2 9 5 8 3 3 3 0 9 1 3 1 0 3 2 4 2 5 1 0 2 0 4 1 13 1 5 2 1 3 0 2
