0 0 0 0 4 0 0 3 0 0 0 0 0 0 5 0 0 0 0 0 0 0 0 0 0 0 0 0 2 0 1 0 6 1 7 0 1 0 0 0 2 0 2 0 1 0 0 1 0 0
0 0 2 0 0 0 0 0 0 0 0 1 0 0 1 1 0 0 0 1 0 0 0 0 0 1 0 0 0 0 0 0 0 1 0 1 1 0 0 0 0 1 2 0 0 0 0 0 9 0
0 3 1 0 0 0 0 0 2 0 1 9 0 0 0 5 1 0 0 0 0 1 0 0 0 0 0 0 4 0 0 0 0 0 0 1 0 4 0 0 0 1 0 0 0 2 7 0 0 1
3 6 4 1 0 1 2 6 3 2 3 1 1 10 2 5 0 8 4 20 1 0 2 0 4 8 1 5 1 0 19 4 24 12 9 6 0 31 0 0 3 3 6 3 0 1 0 1 2 8
1 1 1 1 0 0 0 0 0 0 1 0 11 0 0 0 0 2 4 0 0 0 0 1 1 0 0 0 0 3 6 0 0 0 4 0 0 0 0 1 1 0 1 5 1 1 0 0 0 0
14 3 2 6 7 3 7 7 2 11 3 7 7 2 9 0 16 16 14 4 9 2 0 0 1 3 16 3 1 1 8 22 7 8 3 3 12 1 1 15 4 6 4 1 13 3 1 6 21 9
4 0 0 1 4 0 1 2 9 9 11 1 0 2 17 4 2 0 2 1 10 12 0 2 3 5 0 3 0 1 1 5 4 1 1 0 3 0 20 7 1 28 0 4 2 0 1 3 3 4
0 8 5 2 0 0 1 0 9 0 4 2 0 0 1 0 3 0 8 2 1 8 0 13 1 0 0 4 5 1 3 22 1 1 5 2 2 0 1 1 2 0 16 0 3 2 0 0 12 5
0 0 1 8 12 1 5 7 14 18 5 1 15 12 8 2 10 10 4 2 0 5 4 10 12 12 47 2 11 1 11 4 7 10 24 19 3 0 5 2 1 16 9 16 17 0 2 10 4 12
0 1 0 0 1 0 0 0 0 0 0 0 0 2 0 0 0 0 0 0 0 0 7 0 0 1 0 0 0 1 0 0 0 0 0 0 1 0 0 0 0 1 0 0 0 2 0 0 0 0
0 0 1 0 1 1 2 0 0 0 2 0 0 0 0 0 2 0 0 0 0 0 0 0 0 0 0 0 0 0 0 2 0 1 0 0 0 0 0 0 0 0 1 0 0 0 0 0 0 1
0 0 0 0 0 0 2 0 0 0 0 2 0 1 0 5 1 0 2 1 0 0 1 0 1 0 0 0 13 0 0 0 0 1 0 0 0 1 1 0 2 3 0 0 2 1 0 0 1 2
0 1 0 0 3 3 0 0 0 0 0 1 1 0 0 0 0 0 0 1 0 0 0 0 0 0 0 0 1 0 0 0 0 0 0 0 1 1 0 1 0 0 2 0 0 0 1 0 0 0
12 0 6 1 0 0 1 1 5 3 1 3 9 0 3 15 2 5 0 6 6 10 0 4 13 3 1 4 2 1 9 6 2 2 25 0 1 3 0 1 0 0 2 0 6 1 2 3 0 12
0 0 1 0 0 0 1 0 2 0 2 1 3 2 0 0 0 0 2 1 2 1 4 0 1 0 0 0 0 1 0 0 2 1 0 0 1 0 1 0 0 0 0 5 0 0 0 0 4 0
0 0 1 0 1 1 0 1 0 0 0 0 1 0 0 0 1 1 1 0 0 0 0 0 1 3 0 1 0 0 5 0 0 0 2 0 1 0 0 0 1 0 0 0 6 0 0 0 0 0
2 5 12 1 2 10 0 4 0 0 20 1 3 19 0 1 20 10 6 7 2 11 7 1 11 8 4 6 7 16 2 0 9 9 5 1 5 3 5 6 7 4 4 5 6 1 15 3 6 9
0 0 0 0 0 0 0 0 0 1 0 0 18 0 2 0 0 0 0 0 0 0 0 0 1 0 0 0 0 0 0 1 2 0 0 0 0 0 1 0 0 0 0 10 0 1 0 0 1 0
14 5 3 8 2 15 7 22 4 18 1 2 1 1 10 2 6 5 14 12 2 31 7 2 2 62 3 4 3 5 3 2 6 16 2 3 18 0 6 4 10 19 6 0 22 4 0 1 7 13
0 0 0 0 0 0 0 0 1 1 1 0 1 0 0 0 0 0 0 2 0 0 0 0 1 0 3 0 0 0 0 1 0 0 1 0 2 0 0 0 0 0 0 1 0 0 1 4 0 0
2 0 0 0 0 0 0 0 1 0 0 0 1 0 0 3 1 0 1 0 4 1 0 0 0 1 6 2 0 0 1 0 0 1 0 1 0 0 0 0 0 0 0 2 0 1 1 0 2 0
0 0 1 1 0 1 0 0 1 0 0 3 4 0 0 0 0 1 7 0 0 1 9 3 1 2 0 0 0 4 0 1 1 0 1 1 0 0 1 0 1 1 0 2 0 2 0 0 1 1
3 1 3 0 2 5 7 11 1 3 4 1 3 0 3 4 1 0 0 6 13 0 0 0 1 5 0 5 1 5 0 8 5 6 2 19 0 2 10 0 0 3 2 6 7 0 10 2 18 0
13 3 13 9 7 0 5 1 4 4 10 2 2 2 1 8 0 4 7 6 11 6 1 12 2 3 1 13 12 4 10 8 5 0 4 2 3 0 7 3 12 26 5 6 9 6 4 4 0 6
5 2 1 0 6 1 4 3 7 5 0 1 3 1 8 5 1 4 7 11 0 2 1 4 1 1 1 2 10 10 6 0 0 12 1 1 4 2 1 1 1 1 3 3 9 5 6 0 4 11
19 1 2 1 5 0 10 2 4 2 3 2 3 10 7 17 16 7 0 5 1 0 9 3 0 0 0 0 6 2 9 6 0 38 1 18 8 31 5 6 22 4 13 5 18 0 0 7 2 9
5 3 0 4 6 2 5 6 15 0 2 4 0 0 17 7 3 15 0 0 2 6 2 0 5 1 1 1 0 2 9 7 6 4 9 3 1 0 11 7 3 1 3 3 2 23 2 2 4 5
0 14 10 7 7 7 9 5 11 4 3 2 5 7 1 18 2 2 4 4 5 0 2 2 3 1 8 0 5 3 5 3 2 1 0 3 0 1 16 0 4 0 4 10 6 2 4 0 0 9
2 24 5 2 1 0 0 1 1 3 5 1 3 2 0 0 4 0 1 2 0 2 1 2 11 10 4 2 1 10 1 11 6 14 6 2 4 5 13 2 7 6 0 3 0 1 1 1 1 1
8 8 19 9 4 4 26 18 1 40 1 5 3 2 1 0 8 7 3 9 1 2 7 0 23 1 4 5 8 10 0 16 13 6 7 5 1 1 20 4 15 12 0 2 5 6 0 3 7 10
2 8 11 1 2 2 7 0 3 3 9 0 2 11 7 0 7 2 1 8 4 1 2 5 0 7 1 1 9 0 4 3 0 16 0 9 4 4 9 12 3 5 18 6 22 1 1 1 16 39
5 1 0 4 17 20 27 3 11 11 22 3 3 14 3 2 6 4 0 6 6 5 3 8 1 1 12 22 1 1 0 4 5 7 10 1 41 37 13 6 16 20 11 19 0 6 11 9 6 5
0 0 1 2 0 0 2 0 1 0 0 0 0 1 1 0 1 0 0 0 0 1 0 0 2 1 0 0 0 0 0 0 4 1 8 0 0 2 0 0 1 0 0 0 0 0 0 1 1 3
0 2 6 6 6 0 2 3 5 7 11 2 3 3 1 2 1 2 13 1 3 1 11 2 4 17 1 1 1 3 0 0 0 1 0 5 6 7 9 3 5 3 4 0 0 0 1 13 0 2
0 0 0 0 2 0 0 0 1 0 2 0 0 0 0 1 1 0 0 0 1 0 0 0 0 0 0 0 2 1 0 0 0 0 0 0 0 0 0 0 0 0 0 0 0 0 0 0 0 0
2 25 3 2 4 13 0 20 16 6 4 6 3 2 3 17 11 1 6 10 5 0 10 8 20 3 0 1 1 0 2 0 0 6 19 0 0 16 0 4 7 2 2 11 13 2 19 1 5 5
0 1 1 0 0 1 0 0 0 0 1 0 0 0 0 0 0 0 0 0 2 0 0 1 1 0 0 0 0 1 0 1 0 0 0 5 0 0 0 3 0 0 0 1 0 0 0 0 4 0
0 0 2 0 0 3 1 2 0 10 2 1 0 5 0 0 0 0 0 0 3 4 0 3 6 4 5 4 1 1 0 0 0 7 0 0 28 1 6 10 0 3 7 0 0 0 1 4 1 5
3 2 4 4 1 5 0 3 2 0 2 0 10 5 3 11 2 3 15 5 6 2 6 4 1 1 11 10 4 2 6 0 8 0 1 1 5 1 5 0 4 1 10 1 5 1 2 0 2 2
0 0 0 0 0 3 1 0 1 0 0 1 1 0 0 0 0 0 0 0 0 1 0 0 0 1 1 1 3 0 0 0 0 0 1 1 1 1 0 0 11 3 0 0 1 0 2 0 0 0
16 12 22 2 3 7 4 0 3 7 0 1 3 8 8 6 3 6 1 3 0 22 6 3 1 4 18 8 7 6 13 5 1 1 30 2 45 5 0 1 10 9 13 13 8 0 10 14 18 3
0 5 3 3 19 0 8 2 10 2 2 2 0 1 0 5 4 15 17 6 2 12 15 2 5 3 17 8 10 2 18 0 23 22 4 6 0 9 1 17 48 2 26 12 7 3 6 10 7 9
11 5 5 3 2 9 0 2 21 4 1 2 6 8 1 1 1 7 6 2 7 1 3 0 4 33 12 4 7 8 6 3 8 29 1 1 3 7 4 11 1 15 2 6 8 8 7 4 40 4
2 0 15 1 0 1 3 8 21 2 6 3 1 0 11 16 0 1 8 7 0 1 4 1 5 5 0 4 1 7 2 7 4 2 5 0 5 0 4 1 2 0 1 8 0 2 2 9 0 1
8 10 0 1 0 1 15 3 8 7 2 6 1 1 10 12 0 7 2 1 0 0 2 8 11 2 6 15 33 19 11 0 1 15 1 3 2 9 5 0 1 1 0 9 6 2 2 8 3 1
1 4 1 0 0 1 0 2 0 0 0 2 1 1 3 2 9 0 15 0 0 0 6 0 0 1 1 0 3 3 0 0 3 2 0 1 0 0 0 0 0 0 0 3 0 0 0 0 0 0
1 1 0 0 0 1 1 2 8 0 0 9 1 0 0 0 0 0 0 0 1 0 0 0 0 4 0 1 8 0 1 0 0 0 0 0 0 1 0 3 0 0 2 0 0 2 0 0 0 0
6 11 2 9 1 3 7 6 6 0 1 1 2 0 4 3 0 7 6 2 4 3 0 5 0 0 8 1 2 0 0 1 3 12 1 1 3 4 0 7 0 1 2 2 14 0 2 0 3 3
18 3 1 0 10 11 3 15 3 1 25 14 3 12 26 8 0 17 3 2 8 2 16 16 20 0 9 2 4 0 0 28 3 23 4 16 9 1 2 16 13 12 2 4 12 5 30 4 3 2
0 7 3 1 0 0 6 5 7 0 11 2 0 0 11 5 23 10 14 3 11 6 12 0 3 5 6 9 10 6 4 7 3 7 13 3 10 20 18 2 3 2 9 10 9 0 5 1 12 8
5 1 11 2 5 7 0 12 0 1 0 0 3 1 2 4 7 12 5 10 13 0 1 0 2 10 2 7 0 15 1 1 16 7 17 18 6 6 30 2 5 1 2 1 5 10 2 5 6 0
0 5 8 6 1 5 6 4 2 1 5 0 3 6 11 0 2 2 3 0 4 3 2 6 17 6 3 1 0 1 5 0 3 1 4 2 1 1 2 3 4 0 4 3 0 5 3 3 0 0
0 2 0 0 0 0 0 0 0 0 0 1 2 0 2 2 0 0 0 1 0 0 0 2 0 0 2 1 4 0 2 1 0 0 0 0 1 0 0 0 0 0 0 2 0 0 2 0 0 1
1 0 0 0 0 1 0 1 0 0 0 0 1 1 0 0 0 0 0 1 2 0 0 0 1 0 0 0 1 0 0 0 0 1 0 0 0 0 0 0 0 0 0 3 0 0 1 0 12 0
1 7 1 2 3 0 4 16 2 11 2 1 3 0 8 8 9 8 20 5 4 3 21 12 4 13 4 10 6 6 10 12 7 5 17 1 2 2 2 2 0 10 1 9 3 0 1 6 5 4
0 12 0 2 0 0 0 1 2 0 0 8 2 0 8 0 5 0 3 2 1 2 1 0 2 0 0 0 0 0 0 0 1 1 4 3 0 6 1 1 1 0 0 2 0 8 2 0 2 0
8 1 9 7 2 13 1 1 0 29 4 3 19 1 4 0 5 7 6 3 8 3 10 5 0 0 14 1 0 8 2 5 4 11 11 19 4 1 2 1 11 2 7 0 9 1 5 1 24 2
0 0 0 0 1 0 0 0 0 0 1 0 0 0 0 1 2 0 0 0 0 2 0 0 2 0 0 0 0 0 0 0 0 1 3 0 0 0 1 1 0 0 0 0 2 5 0 0 0 0
0 1 6 5 4 3 0 12 7 1 5 0 5 1 53 4 0 0 3 0 5 1 1 0 3 6 15 1 6 4 11 11 25 3 13 2 6 1 1 4 5 4 2 2 0 0 1 15 0 1
0 1 0 1 0 0 0 0 1 0 0 0 0 2 0 0 1 0 0 1 0 0 0 0 0 0 0 0 0 0 5 0 1 12 0 0 2 0 1 0 0 0 0 0 2 0 0 0 1 0
1 1 20 2 3 1 14 5 4 7 0 3 3 5 6 1 4 7 0 9 6 5 8 12 25 13 14 5 0 10 16 5 6 10 4 1 0 0 3 11 12 2 5 11 24 6 3 0 5 10
6 4 0 8 5 1 15 3 7 5 7 2 4 6 4 1 10 4 20 4 12 16 6 1 10 1 5 5 2 10 2 5 15 34 4 5 0 9 8 7 15 0 0 14 13 9 0 2 0 24
1 0 0 1 1 0 1 0 0 1 0 0 2 0 0 0 0 0 9 4 0 0 1 0 0 0 0 0 0 4 0 0 0 0 0 1 0 1 0 0 0 0 0 5 1 0 0 0 0 0
3 4 1 6 3 13 2 6 2 7 12 10 10 10 0 2 2 0 0 12 0 2 10 5 3 2 11 3 8 0 0 1 1 0 1 23 4 0 3 0 0 1 2 0 3 4 2 4 5 11
0 0 15 0 4 2 0 0 0 3 7 1 0 1 4 0 1 0 1 1 3 7 7 25 5 2 1 3 0 1 5 0 3 1 1 1 1 0 1 3 2 21 4 2 0 1 8 0 8 7
10 0 4 3 2 0 1 0 12 29 0 0 12 1 10 1 5 11 1 7 3 4 5 13 1 4 4 16 9 1 3 3 5 6 1 0 0 7 6 5 1 4 0 3 0 0 7 1 14 16
0 2 0 0 0 0 0 1 0 0 0 0 0 0 0 9 2 0 0 0 0 0 0 0 0 0 0 0 2 0 0 0 0 0 2 2 1 1 0 0 0 0 0 1 0 11 1 0 1 2
3 2 19 0 3 19 6 7 0 5 0 8 4 5 3 4 3 0 22 4 15 33 1 0 7 12 0 14 11 0 0 2 0 13 8 4 1 3 7 1 3 1 4 14 8 23 11 33 11 2
2 12 7 0 0 1 10 2 11 2 0 1 6 0 6 6 10 2 10 0 2 2 9 0 9 0 9 5 8 3 5 0 1 3 16 4 7 1 1 3 0 0 10 0 26 2 0 5 9 2
12 9 15 1 4 4 19 0 1 8 0 0 3 9 1 0 0 40 1 13 1 6 6 1 1 10 2 5 7 32 11 16 1 2 9 3 10 4 9 3 7 11 16 7 11 8 20 9 6 14
2 6 4 6 9 2 6 16 7 3 9 2 4 3 1 6 5 1 0 8 19 1 0 3 18 0 0 0 4 2 9 11 0 8 0 3 6 6 3 0 1 6 7 3 4 0 1 0 1 1
1 31 1 2 0 6 0 10 4 7 13 1 17 1 0 8 12 2 4 6 17 3 1 0 3 6 14 3 1 7 27 5 1 1 2 2 20 1 2 8 3 8 8 0 0 0 1 4 2 4
11 0 16 1 2 7 1 14 29 1 3 12 12 3 17 1 11 38 1 12 23 1 14 8 10 0 11 17 0 0 3 3 3 1 2 2 1 5 13 2 0 12 2 12 4 12 4 0 8 5
3 1 1 12 8 7 4 3 0 3 25 0 0 0 1 1 6 0 8 1 10 0 2 13 1 4 15 6 4 1 29 1 0 4 0 7 2 4 2 9 4 2 16 0 1 1 0 3 2 0
1 3 2 2 11 6 8 8 0 3 2 3 15 3 5 1 0 0 1 0 7 16 5 0 7 0 8 5 22 1 4 0 1 1 18 0 6 0 0 1 4 4 1 3 0 2 2 1 1 6
6 0 5 9 5 12 10 5 3 15 3 1 9 1 15 5 4 6 13 8 2 21 2 1 1 0 9 7 10 4 3 5 0 3 27 0 5 15 18 0 6 6 2 9 11 0 2 3 6 0
9 9 3 1 3 12 5 12 12 6 0 1 5 2 8 53 2 4 1 7 15 1 7 0 0 0 13 1 7 7 9 0 15 21 19 8 2 4 0 5 3 7 17 1 6 16 17 6 0 0
4 1 1 14 22 17 22 4 4 15 1 26 6 3 14 5 5 2 4 0 1 10 8 6 11 0 2 0 2 7 1 9 2 2 15 3 2 0 15 2 0 17 4 2 1 3 3 1 24 1
4 1 1 1 3 41 0 7 3 3 8 0 32 8 19 2 0 15 0 1 25 13 0 4 7 1 1 7 8 13 2 15 2 6 25 1 11 5 8 4 1 16 0 35 4 1 9 0 13 0
0 33 7 7 3 8 5 2 6 3 14 9 16 6 0 24 3 40 1 2 15 4 17 6 5 22 10 12 11 2 8 11 15 1 19 5 1 2 4 6 16 4 5 16 14 6 3 37 2 2
9 0 4 0 1 5 11 14 0 0 5 9 5 1 2 2 0 1 12 14 12 10 32 2 0 0 5 1 0 0 8 8 8 15 1 2 1 3 9 1 1 1 3 15 2 4 2 1 8 4
5 0 2 0 7 10 1 0 3 0 1 1 11 15 3 3 0 3 0 3 9 13 5 0 6 1 1 3 2 2 1 0 0 11 0 4 2 1 1 3 2 3 7 0 0 0 1 4 20 5
8 3 3 10 0 5 1 17 9 1 9 1 9 2 0 4 3 7 15 0 5 0 0 3 3 10 8 2 8 18 2 5 5 0 7 3 0 0 8 6 1 1 3 1 0 0 2 0 1 5
5 3 3 14 6 1 5 14 4 3 4 2 0 3 6 4 2 10 5 10 1 1 4 3 4 6 0 2 6 3 1 3 1 1 2 20 6 17 18 0 4 20 13 16 1 2 1 4 14 1
1 0 10 0 8 6 3 10 3 25 1 1 1 13 2 5 0 32 2 1 0 7 6 0 18 2 13 6 5 6 2 12 3 6 2 32 1 1 10 12 2 0 1 7 13 27 0 2 18 1
5 15 3 5 10 5 6 3 2 10 10 0 4 3 20 2 18 14 7 3 3 0 4 18 0 16 0 12 5 19 0 2 3 1 8 19 0 0 4 2 1 4 11 6 5 6 2 3 5 17
13 34 1 15 33 1 13 1 2 6 49 12 7 1 13 0 7 9 1 2 9 22 3 6 8 6 2 19 15 0 1 7 2 2 1 5 9 23 7 11 16 1 5 6 3 2 17 5 1 28
0 1 0 1 0 0 0 0 3 0 0 0 0 0 0 1 0 0 0 0 0 1 0 0 0 0 1 0 5 0 0 0 2 0 0 0 0 10 0 0 0 1 0 0 0 13 7 1 0 0
8 3 5 0 3 1 0 4 3 2 2 0 2 3 0 0 0 7 0 11 3 3 0 6 1 0 4 30 0 1 2 13 5 2 1 1 0 0 1 7 1 0 11 0 15 1 0 17 5 13
0 14 0 13 0 0 0 0 0 1 6 4 5 0 1 7 0 0 4 2 0 0 0 0 0 2 1 0 2 13 2 1 9 1 0 5 0 6 0 0 1 0 2 9 0 2 0 1 0 0
0 0 0 0 1 0 0 0 0 0 0 0 0 0 0 1 1 0 0 2 1 0 0 0 2 0 0 0 1 0 0 0 0 0 0 0 0 0 0 0 0 1 0 1 1 4 1 0 0 5
16 10 5 9 0 9 13 7 31 10 16 6 6 2 17 2 10 3 10 14 28 19 19 1 2 1 1 3 4 2 3 8 10 13 7 1 14 15 4 2 12 0 9 39 0 11 8 4 19 25
2 12 0 3 1 1 3 0 8 8 8 0 0 6 7 1 0 0 0 5 1 1 4 4 1 1 4 5 1 1 1 12 4 0 10 11 7 12 7 11 5 10 4 9 15 2 6 4 0 5
0 17 4 5 0 6 2 1 6 2 4 6 1 1 5 2 3 13 1 6 7 4 0 0 5 7 3 10 8 3 1 3 2 2 1 8 0 2 0 0 6 7 1 0 4 5 1 1 4 2
6 8 0 9 4 7 21 2 6 4 8 3 24 9 19 6 5 15 1 0 7 7 0 0 5 13 12 1 10 7 11 1 6 15 0 8 1 13 17 1 1 2 13 7 19 1 0 5 13 8
3 3 2 0 2 9 6 8 3 1 4 4 1 5 0 1 25 7 2 0 3 6 0 3 5 1 7 7 12 2 2 4 2 3 2 0 3 14 0 0 2 3 7 1 4 1 4 3 0 4
11 30 17 3 2 5 4 2 6 1 24 3 17 4 10 5 2 8 0 13 8 0 9 16 0 6 19 1 0 1 3 4 5 11 8 2 2 24 9 15 27 4 7 2 6 11 4 12 9 5
0 0 1 0 0 0 0 0 0 0 1 0 0 1 0 5 0 0 0 0 0 0 0 0 1 0 0 0 0 0 0 1 0 0 0 0 0 1 0 0 0 0 0 15 3 2 0 0 0 0
0 0 0 0 3 1 0 0 0 0 1 1 8 0 0 0 0 1 0 0 1 0 17 0 0 0 0 1 0 0 0 0 1 1 0 0 0 1 0 0 0 0 0 9 0 0 0 0 0 0
0 2 1 0 1 0 0 1 0 1 0 0 1 1 0 0 0 0 0 0 0 1 2 1 0 1 0 0 0 0 2 15 0 0 0 0 0 0 0 0 0 2 2 2 1 0 0 4 0 0
