6 0 1 2 4 6 0 5 7 1 8 9 6 5 1 0 26 5 4 6 2 4 3 0 0 4 6 0 6 1 2 11 0 0 16 7 8 14 1 6 6 2 2 5 11 0 3 13 0 0
0 0 0 1 1 2 0 1 0 0 0 3 0 0 8 0 0 0 0 0 0 0 0 0 1 1 0 0 0 0 0 0 0 0 0 1 0 4 2 0 0 0 3 1 2 0 0 2 0 0
8 5 7 2 0 0 13 1 11 4 5 5 10 0 1 0 29 0 26 6 6 2 5 0 1 10 1 16 12 4 17 5 15 13 3 21 2 3 2 8 6 8 18 2 8 0 1 14 1 18
1 0 1 0 0 0 0 0 0 1 1 0 1 1 0 0 0 0 0 0 2 1 0 0 0 0 2 0 0 0 0 0 0 2 0 0 0 0 1 0 1 0 0 1 0 0 0 1 0 2
0 5 1 1 7 4 9 1 7 1 0 20 9 9 1 6 2 13 1 10 7 24 18 7 12 15 6 19 5 10 4 2 1 4 2 0 3 41 4 0 1 2 0 3 0 14 3 1 11 7
1 0 0 0 0 0 1 0 2 10 0 2 0 0 2 2 2 1 0 2 0 2 0 1 3 1 0 0 0 1 0 0 0 0 0 0 0 0 0 1 0 0 1 1 0 0 2 0 0 7
0 0 0 1 1 0 0 1 0 0 4 0 0 0 0 0 0 0 1 1 2 0 2 0 0 0 0 0 0 1 0 0 0 1 0 1 0 2 0 1 0 2 0 0 0 0 1 0 0 2
1 1 8 14 13 14 4 0 3 0 0 2 1 8 3 5 1 1 2 7 10 1 0 3 14 0 2 12 3 8 3 4 11 3 3 9 18 9 2 2 7 4 3 4 4 2 11 2 2 2
0 2 1 0 1 0 0 1 1 0 0 1 0 0 1 0 0 4 0 1 1 1 0 1 0 0 1 1 9 0 0 0 1 0 0 1 1 0 0 0 2 0 1 0 1 0 0 0 3 0
0 8 1 3 0 3 2 5 8 0 2 4 0 9 3 1 7 3 3 2 7 2 2 11 1 1 8 3 6 0 11 13 0 6 7 2 4 0 6 11 14 11 3 1 0 9 1 5 1 4
3 7 6 0 2 6 10 2 1 0 1 3 9 4 1 10 0 0 6 0 1 0 4 4 13 2 2 2 3 6 4 3 2 0 2 4 1 1 0 2 2 11 4 0 2 1 3 1 1 0
7 0 0 4 3 10 0 0 3 9 12 9 4 5 7 5 2 4 2 11 0 1 7 11 22 6 1 1 12 0 0 3 0 1 5 1 0 7 7 0 7 1 13 1 2 4 3 3 0 3
11 0 0 4 21 3 9 2 3 0 10 3 2 14 0 4 0 11 4 4 15 15 4 1 1 32 1 5 23 4 8 1 2 5 10 5 14 3 1 6 1 9 4 12 8 13 4 5 9 0
2 2 3 1 3 3 1 6 1 2 0 5 8 9 6 0 1 7 10 0 1 0 2 2 1 18 1 6 0 11 1 1 2 6 7 1 0 6 3 7 1 0 5 4 0 1 0 0 1 1
7 4 2 7 1 0 4 1 1 1 3 6 1 1 0 0 2 3 4 1 1 1 4 1 2 4 19 2 6 6 1 7 2 8 1 1 2 4 0 4 1 2 5 23 1 1 25 1 8 1
19 9 7 5 5 2 5 8 15 23 19 12 4 4 14 13 0 8 19 10 7 26 3 30 2 2 13 6 8 0 12 4 6 2 20 7 4 3 1 7 2 5 0 18 11 3 5 11 0 25
21 2 3 2 0 12 0 6 2 0 0 2 0 0 10 0 2 13 0 1 2 6 9 19 1 2 0 1 0 5 0 1 4 4 6 0 0 8 0 23 0 2 6 1 3 0 0 6 3 2
6 2 5 6 3 30 13 2 4 1 9 2 5 0 17 0 7 0 4 2 7 20 1 0 0 2 9 21 1 4 3 6 12 1 3 2 6 9 5 10 1 10 9 1 12 1 1 1 2 24
7 2 5 20 8 0 32 10 1 5 1 7 5 2 3 4 0 3 1 14 6 32 0 0 10 3 4 0 5 5 16 3 0 4 6 0 4 5 7 2 2 5 0 0 2 0 2 5 0 0
14 3 12 3 0 1 11 10 9 4 13 1 9 5 2 5 14 15 2 2 0 46 4 17 11 78 3 7 5 7 7 2 1 1 27 1 13 2 10 1 4 2 1 1 0 2 0 5 1 5
1 8 13 5 7 0 0 5 0 5 5 6 20 3 4 3 7 7 7 14 2 1 16 0 8 1 2 5 0 6 4 0 33 17 6 7 16 4 5 9 4 1 0 0 7 17 0 1 3 4
2 3 13 10 6 0 6 16 30 8 11 2 0 9 3 1 0 0 1 7 58 11 11 3 8 15 6 3 8 2 19 61 11 35 2 8 1 6 0 5 0 7 19 10 4 4 6 25 5 2
0 0 0 0 0 0 1 0 0 2 0 0 1 0 2 3 2 0 2 12 0 0 0 0 0 0 3 0 1 14 2 0 3 1 3 10 0 0 0 0 16 0 0 0 0 1 0 0 0 3
12 2 7 0 5 1 1 5 1 5 7 0 1 6 0 0 9 6 14 4 8 1 2 2 0 0 1 5 0 1 1 7 24 4 4 11 4 0 5 2 0 4 3 3 0 23 1 4 7 0
4 5 5 6 2 5 2 17 1 8 13 1 34 18 8 11 21 9 12 9 4 4 2 0 0 9 4 4 2 2 0 6 1 4 2 1 11 0 1 19 0 6 0 8 2 1 0 3 6 1
5 6 3 6 31 14 3 14 14 0 2 10 2 0 15 0 12 3 1 1 1 0 1 16 1 12 18 14 2 2 4 2 5 1 11 7 16 2 1 2 1 4 5 7 9 1 19 1 6 21
0 4 0 0 0 0 0 0 0 1 1 0 0 1 1 2 0 1 0 1 0 1 0 1 0 1 0 0 0 0 0 0 2 0 1 0 0 3 0 0 0 2 3 1 4 0 0 0 1 0
1 0 2 0 0 1 0 0 0 1 0 1 0 0 0 2 0 0 0 1 0 0 0 0 1 0 0 1 0 1 0 0 0 0 6 1 0 0 1 1 0 0 0 1 4 0 0 0 1 2
12 0 2 4 4 0 4 5 3 13 5 0 0 0 0 1 4 4 8 12 18 9 2 0 1 1 4 3 0 8 1 2 3 3 2 1 1 0 7 6 0 2 0 2 1 1 2 1 5 2
0 0 0 0 2 0 0 2 3 0 1 7 0 0 0 1 0 0 0 0 1 0 0 8 0 0 0 0 3 0 1 0 0 0 0 2 0 1 2 0 1 0 0 1 0 0 0 0 0 5
9 6 14 6 9 3 6 11 11 14 0 6 1 6 0 2 8 2 0 1 6 5 0 3 21 10 7 10 2 2 16 3 1 0 5 11 10 3 2 16 3 9 7 45 3 8 0 9 25 5
23 10 0 2 19 12 4 3 17 9 12 1 1 13 6 3 2 17 4 3 5 7 5 3 1 0 4 1 0 12 1 11 1 5 9 4 12 9 3 6 15 37 0 9 7 0 1 9 1 0
0 0 0 0 0 0 0 0 0 0 0 4 0 0 3 0 0 0 1 0 0 0 0 5 1 1 0 0 3 0 1 1 0 0 0 0 0 0 0 0 0 0 7 0 0 1 2 0 0 2
13 0 1 5 1 9 22 8 5 0 8 1 4 5 3 9 11 0 7 0 8 7 3 1 2 3 0 0 1 9 0 0 0 12 2 2 2 1 5 1 0 12 3 0 5 6 5 2 8 0
1 6 9 3 5 4 1 2 72 6 3 0 6 1 6 2 0 11 7 10 5 7 2 0 6 3 16 3 3 0 3 24 0 3 4 1 1 8 3 0 6 1 6 0 2 7 0 3 3 3
0 13 1 0 0 0 0 0 1 0 0 0 0 0 0 0 5 2 0 0 14 1 0 0 0 1 0 1 0 1 0 0 1 0 2 0 0 0 9 0 2 0 1 0 1 0 0 0 3 0
10 0 17 14 3 14 6 1 25 26 2 24 2 2 7 1 6 2 1 8 2 5 7 2 1 13 5 18 1 4 10 2 3 3 8 2 23 1 10 22 4 3 3 2 13 20 6 1 22 6
3 11 0 0 33 0 0 3 6 5 8 0 0 13 11 2 7 0 1 1 7 1 2 15 4 1 2 1 4 2 3 3 6 0 1 4 15 14 6 3 4 14 14 6 15 6 5 0 1 1
6 0 1 8 0 1 0 1 1 0 3 0 4 0 0 1 1 7 0 0 2 6 4 4 13 1 1 1 1 0 2 2 1 1 0 0 1 4 1 2 0 5 5 8 0 5 11 11 2 0
1 0 0 0 1 0 0 0 0 0 0 5 0 0 0 1 0 1 0 0 0 0 1 4 0 1 0 0 1 0 0 0 1 0 1 0 0 0 0 0 0 0 0 0 0 0 2 0 0 0
4 4 1 1 2 10 24 1 7 6 0 20 1 1 6 2 13 1 15 3 6 8 23 7 9 1 2 8 11 5 2 19 15 3 2 3 14 9 11 4 2 0 2 4 7 4 6 6 38 17
0 0 0 0 1 2 6 0 0 3 0 0 0 0 0 4 1 0 0 1 0 0 0 1 0 3 1 1 1 1 0 0 8 2 4 5 0 0 1 0 0 0 1 0 0 1 0 0 3 5
0 34 14 1 3 3 9 5 6 9 11 1 14 1 7 1 22 4 5 20 1 5 3 6 5 22 3 7 1 9 20 26 1 4 28 1 10 0 1 19 1 1 6 1 8 3 5 5 10 13
3 0 1 22 1 3 18 17 14 19 5 2 2 20 10 1 13 1 7 0 2 25 4 3 5 13 3 25 1 6 18 0 1 3 1 6 2 3 13 8 9 1 6 2 31 4 15 15 4 9
1 10 1 1 1 20 7 23 10 7 2 6 7 1 31 34 2 5 0 19 10 10 14 0 6 1 6 2 1 6 6 23 9 1 3 2 1 2 9 13 2 14 2 0 7 8 6 5 1 8
3 0 1 6 9 24 5 13 42 0 3 2 0 4 1 15 4 3 11 0 32 6 5 13 10 7 2 17 20 2 3 4 6 23 9 0 2 22 10 3 4 5 13 10 3 6 9 7 10 0
0 1 1 0 1 3 0 12 10 2 0 1 4 0 6 10 3 0 1 6 0 1 2 16 0 13 0 2 0 7 4 1 6 3 0 11 34 4 0 0 0 0 4 4 7 1 0 1 4 11
5 0 0 2 18 5 14 7 5 9 7 0 0 7 2 2 7 5 4 7 2 2 1 10 2 5 2 1 0 3 3 0 1 0 3 6 2 3 1 4 9 0 2 5 4 1 4 0 0 2
0 0 0 0 1 1 0 0 1 1 0 0 0 0 1 0 0 0 0 0 0 1 2 0 0 1 8 1 1 1 0 0 1 0 0 0 3 0 2 1 0 0 0 0 0 3 0 0 0 1
5 0 2 12 0 9 11 3 0 3 14 16 3 3 4 53 12 1 16 1 0 4 0 6 2 7 3 6 0 15 9 8 1 22 5 22 12 19 15 1 2 5 15 3 9 6 4 11 7 2
3 6 0 4 11 7 10 25 1 16 12 3 7 5 9 15 4 12 3 15 7 23 1 4 14 19 2 3 10 16 3 6 0 7 14 7 1 9 1 1 7 0 8 7 5 7 28 7 7 2
0 0 0 0 0 0 1 0 0 1 0 16 0 1 0 0 0 0 0 0 0 0 0 2 1 0 1 0 0 0 0 0 0 0 0 2 0 0 0 0 0 0 0 0 0 0 0 0 0 0
2 1 0 13 1 10 4 0 16 7 28 9 13 1 0 10 3 3 3 1 5 1 2 20 0 2 2 7 8 0 0 4 10 1 1 1 5 14 19 2 4 9 2 0 1 6 7 6 0 2
0 0 1 0 0 0 0 1 0 1 1 2 0 0 0 0 0 0 0 0 0 0 0 0 0 6 0 0 0 0 2 1 3 9 1 0 0 0 12 0 0 0 0 0 0 0 1 0 4 3
0 0 6 4 1 9 0 2 5 13 3 6 13 2 8 4 12 0 3 1 10 3 5 1 8 3 2 0 0 4 1 2 9 0 3 2 1 1 0 0 0 12 11 0 4 1 3 0 0 5
5 6 11 1 6 0 29 1 33 0 11 5 3 8 2 1 7 1 9 3 0 18 2 0 8 4 0 10 1 1 1 6 6 2 1 5 12 18 13 8 0 1 14 23 15 6 0 2 2 32
13 9 0 9 7 10 2 3 8 1 3 15 0 4 3 2 9 2 0 16 14 11 3 1 5 1 0 35 8 0 11 0 4 3 0 2 0 8 9 6 19 20 12 8 18 43 9 11 3 8
0 14 5 17 2 4 5 8 1 9 10 12 20 3 0 12 4 6 13 24 8 30 7 9 3 13 6 3 6 33 8 8 31 12 2 5 1 0 18 19 21 25 18 16 10 1 1 1 0 33
8 4 0 1 5 1 1 4 20 1 3 8 2 3 1 2 2 7 3 0 7 2 1 3 0 0 3 0 5 7 1 2 18 5 1 19 2 0 1 7 1 0 0 2 4 3 0 3 0 0
4 2 7 6 23 1 3 23 1 0 3 5 21 13 7 1 26 7 11 0 11 1 5 6 0 3 11 3 15 5 16 11 2 11 18 6 1 5 2 0 13 14 7 2 1 5 6 10 19 5
6 7 16 54 3 6 1 2 16 18 8 3 9 0 0 7 7 5 0 17 13 1 28 4 5 4 0 8 0 7 2 2 0 7 13 2 5 3 7 2 2 9 0 5 8 2 7 21 8 2
1 0 2 4 6 0 2 2 5 8 6 1 12 7 1 3 0 8 2 7 0 3 8 4 4 14 20 2 4 8 5 4 6 4 9 2 0 1 0 6 2 5 3 9 2 0 22 1 3 3
8 20 3 20 11 0 1 7 0 1 3 4 25 5 3 9 28 1 2 0 9 5 12 1 5 71 1 1 5 9 3 0 5 9 4 8 6 3 18 40 5 15 1 11 3 1 5 0 2 3
1 0 0 1 1 0 0 2 0 0 2 0 1 0 3 0 2 0 0 0 0 0 0 2 1 0 0 0 0 0 0 0 1 0 0 0 0 0 0 0 0 0 0 15 0 0 2 0 0 0
0 0 0 0 0 2 0 0 0 0 0 0 0 0 0 0 0 0 2 0 0 2 1 4 0 0 0 1 0 0 1 2 3 0 4 1 1 0 1 0 0 0 2 0 0 1 1 1 0 0
0 0 6 0 2 0 1 0 1 5 0 0 1 0 1 1 0 0 0 0 0 0 1 0 0 0 0 0 0 0 0 0 0 0 0 1 0 1 0 0 0 0 1 0 3 0 0 2 0 1
0 0 0 0 2 0 0 0 0 1 0 2 0 1 1 0 0 1 0 0 0 0 0 1 0 0 3 0 6 1 0 1 0 1 0 0 0 1 2 0 0 1 0 0 0 0 2 0 1 1
2 0 1 3 8 10 2 1 21 1 4 0 13 1 0 6 4 3 7 5 24 11 0 18 8 5 7 4 4 2 14 9 6 5 9 1 6 30 15 11 0 3 0 0 15 1 2 10 23 0
2 5 9 3 9 1 5 2 6 1 2 0 1 0 0 2 2 7 1 2 1 2 1 16 1 0 5 0 2 21 7 3 6 5 4 9 17 5 8 5 24 2 7 2 3 4 9 2 0 1
0 1 9 2 6 0 8 1 5 0 9 3 2 15 4 16 0 5 33 0 6 1 4 5 1 4 13 20 15 1 0 1 0 6 6 5 0 0 0 3 2 2 0 0 1 3 0 2 1 1
5 0 34 4 14 8 1 12 12 0 5 8 1 0 5 18 1 6 4 18 0 2 2 5 0 0 5 1 0 12 4 0 9 5 9 18 27 8 12 0 4 7 2 11 0 3 14 1 3 0
8 4 1 0 4 3 0 18 2 9 6 7 10 3 0 4 0 0 2 4 3 1 0 16 3 3 12 3 12 11 1 0 1 3 1 2 1 0 11 1 10 4 11 0 3 1 2 2 1 7
4 0 8 0 10 0 34 17 1 23 12 4 5 3 2 7 13 4 4 9 0 2 21 11 1 5 13 10 8 2 9 16 4 3 0 18 3 10 0 2 16 6 19 7 0 0 11 2 5 1
0 0 0 0 0 0 0 0 0 0 3 0 0 0 4 0 0 0 0 0 0 1 2 0 0 0 1 0 0 0 0 1 1 1 0 1 0 1 1 0 2 0 3 0 0 0 0 0 0 0
5 3 5 1 9 0 0 7 1 5 7 14 1 0 11 1 11 0 15 36 1 7 1 7 19 4 4 29 20 1 1 4 3 1 0 9 1 12 22 13 4 13 6 6 1 2 4 0 11 9
1 5 9 5 13 1 3 0 2 0 6 0 10 0 10 42 3 8 23 3 0 8 7 1 3 12 1 4 15 10 5 12 3 0 4 0 5 2 6 2 1 11 0 9 3 3 5 1 1 6
0 4 11 0 0 1 8 13 4 5 0 0 5 19 0 10 4 4 16 8 1 3 15 0 56 11 2 1 0 0 2 9 7 3 15 18 2 10 15 1 2 1 1 31 3 8 1 29 7 1
2 4 4 1 3 5 1 2 4 3 0 13 0 0 3 1 3 9 12 5 0 6 0 0 0 3 0 5 8 0 9 6 8 8 7 1 1 1 6 1 3 3 0 2 0 10 7 5 13 5
0 0 0 2 0 3 0 0 0 0 0 3 0 1 1 2 0 4 1 2 1 0 0 4 0 0 0 0 7 0 0 0 0 1 0 1 0 0 0 1 1 1 0 0 0 0 0 0 0 0
1 0 3 0 0 15 2 1 5 4 10 0 1 3 0 3 8 0 1 2 0 0 9 0 0 0 1 0 0 8 0 5 2 4 4 1 0 9 11 1 7 0 0 14 0 2 0 1 10 0
1 0 0 1 0 0 1 0 0 0 0 0 0 0 0 0 0 0 1 0 0 0 0 0 11 0 0 0 0 0 1 2 0 0 0 3 2 0 0 1 0 2 0 0 0 0 5 0 0 0
2 2 0 1 5 4 3 2 0 3 8 15 0 1 3 4 3 9 7 5 2 2 6 5 0 11 6 6 21 1 3 4 1 3 9 1 3 12 6 3 3 5 0 0 5 2 2 1 8 4
1 0 0 0 1 1 0 0 0 0 0 0 0 0 3 1 1 0 0 0 0 0 1 0 0 0 0 0 1 0 0 0 0 0 0 0 1 0 2 0 1 1 1 0 8 1 2 2 0 1
1 0 0 1 1 0 0 0 0 0 0 5 1 0 0 0 1 0 2 0 0 0 0 3 0 0 0 1 1 0 0 0 0 0 1 0 0 0 0 0 0 0 2 1 0 0 0 0 0 1
0 0 0 0 0 0 2 0 1 0 0 3 1 0 0 1 0 0 0 0 0 1 1 9 0 0 1 0 1 1 0 0 0 0 0 1 0 1 1 0 0 0 0 0 1 0 1 0 2 0
0 4 5 0 4 5 11 9 0 1 3 1 4 1 1 2 4 0 6 2 6 3 3 3 21 12 3 2 5 16 7 8 2 1 0 4 1 0 4 2 1 9 4 0 6 0 1 2 3 1
0 1 1 0 0 0 0 0 2 0 0 4 0 0 2 0 0 0 1 0 1 1 1 2 0 1 0 0 0 0 0 0 0 0 1 0 0 0 0 0 0 0 0 2 0 0 0 0 0 0
0 1 0 0 0 1 0 0 0 1 1 1 4 0 1 0 0 6 0 2 0 1 0 0 2 0 0 0 0 0 2 0 0 0 1 0 0 1 0 0 0 1 0 3 0 0 0 1 0 0
1 9 7 0 0 3 0 1 2 1 0 1 5 6 0 3 8 11 8 3 1 2 9 5 4 5 17 3 6 5 7 8 5 4 6 1 1 4 6 0 2 17 6 2 5 0 5 9 1 1
0 0 0 0 0 2 1 0 0 0 0 0 0 1 1 0 0 0 1 0 1 0 0 1 0 1 0 0 0 0 1 1 0 0 0 1 0 0 1 0 2 0 0 0 0 8 0 0 0 0
12 0 3 0 0 0 11 0 4 2 25 0 12 0 0 3 2 5 2 1 1 2 0 0 0 0 0 0 0 9 3 11 7 6 2 2 0 2 2 1 3 5 0 2 0 1 0 12 1 2
3 0 3 7 4 4 10 0 8 4 6 10 3 3 18 1 1 0 3 1 0 2 19 0 5 5 12 1 2 0 0 0 0 0 4 0 11 2 0 4 5 3 0 8 3 0 0 3 0 0
1 0 0 0 0 2 0 0 0 0 2 0 0 1 1 0 1 0 0 0 0 1 0 0 0 2 0 0 1 0 0 0 0 2 1 0 0 1 0 1 2 3 0 0 1 1 0 0 0 2
29 0 6 5 0 2 7 6 0 0 7 6 5 8 0 3 3 1 0 6 1 3 2 1 8 0 1 5 7 4 2 2 9 15 8 9 3 0 0 0 3 13 1 2 0 15 1 14 2 1
8 3 0 0 2 0 9 2 4 0 12 10 1 2 0 3 0 1 3 0 2 3 0 2 3 4 0 4 5 3 0 0 4 0 4 8 1 0 0 2 0 4 2 9 11 0 0 2 8 0
12 21 7 4 2 7 3 4 9 4 4 14 7 12 27 2 3 2 0 1 2 20 5 6 26 2 26 10 0 32 1 31 6 18 4 7 9 17 8 9 19 0 0 8 1 9 2 0 0 4
5 12 2 2 10 1 0 2 4 5 5 1 52 6 9 2 11 19 9 4 11 10 6 1 31 29 4 7 3 0 10 29 2 3 0 0 12 2 6 5 0 0 4 3 10 10 1 12 3 6
16 3 7 5 3 4 0 7 4 1 6 0 3 0 11 5 13 20 26 28 1 1 0 0 3 5 0 1 4 5 7 4 0 4 6 4 2 5 34 3 17 3 21 20 7 8 0 10 8 8
0 0 1 5 0 2 0 0 0 0 0 0 0 0 0 2 0 0 0 0 1 0 2 3 6 5 5 0 0 0 2 0 0 1 0 1 14 0 0 1 2 0 4 0 0 0 13 0 0 0
20 22 17 13 0 2 25 15 6 2 1 13 12 20 0 6 0 0 16 0 7 8 8 6 0 13 2 2 10 19 10 1 0 7 5 10 1 4 18 22 10 11 18 8 2 6 1 3 23 2
