125
123
143
137
121
111
112
151
122
152
165
102
106
106
158
116
138
110
109
143
120
179
113
177
153
146
117
104
178
103
132
147
124
101
100
169
174
186
129
127
140
133
134
118
114
166
162
120
125
108
183
101
133
110
197
149
155
139
102
142
103
115
156
146
126
136
122
169
109
132
100
164
138
168
126
144
105
107
152
136
118
154
114
104
134
192
129
148
105
140
157
116
189
113
111
115
158
144
137
123
117
108
107
119
112
121
139
135
119
124
131
147
150
130
170
142
160
130
160
128
155
127
141
185
161
145
128
173
131
170
151
135
177
159
159
141
153
190
148
163
162
145
149
157
171
167
150
154
161
175
163
171
175
172
188
156
165
187
173
184
176
174
187
164
180
166
167
168
182
181
172
181
178
183
176
179
185
186
180
190
188
182
191
184
197
195
193
189
192
191
193
194
195
194
196
196
198
198
-1
