130
146
133
153
116
155
106
109
116
178
100
152
108
112
107
132
103
133
148
120
102
103
139
153
137
106
172
101
157
104
175
126
115
140
120
145
124
144
105
186
141
174
117
110
113
112
113
123
104
141
118
169
147
138
192
123
165
114
128
144
183
111
129
149
126
155
151
134
100
128
117
193
130
166
168
156
109
115
122
158
149
108
124
171
122
136
127
110
136
125
138
119
135
129
134
107
111
105
101
102
137
114
168
150
147
142
143
121
159
118
125
162
119
195
121
176
169
127
177
157
163
132
131
191
131
135
160
164
150
159
170
143
145
156
139
152
162
140
161
142
151
148
165
154
154
146
161
170
173
184
174
160
177
163
181
184
158
167
193
166
164
171
180
167
180
194
189
175
185
173
182
172
188
176
178
179
181
182
179
188
185
189
183
187
186
187
190
190
192
198
191
194
196
196
195
197
197
198
-1
