149
150
123
172
107
135
160
100
102
140
114
119
128
116
111
112
124
143
126
112
121
126
163
127
130
103
127
175
113
107
166
139
140
137
139
188
172
121
125
134
161
110
122
106
104
155
117
113
151
116
109
135
129
117
105
169
146
114
154
144
101
132
131
108
123
109
148
104
131
141
158
105
134
102
138
118
158
120
149
175
133
179
124
125
129
115
100
101
187
118
167
138
106
132
136
103
111
136
150
181
148
108
145
130
164
173
180
110
159
115
164
178
151
119
142
159
133
120
190
146
128
122
167
147
143
156
154
137
145
194
152
171
187
162
142
147
171
155
160
153
141
144
165
168
168
162
169
152
184
157
157
166
153
156
177
174
183
161
165
163
182
170
178
185
174
177
185
170
181
183
173
176
195
184
176
180
192
189
179
190
182
186
191
189
192
186
198
188
193
194
191
197
193
195
196
196
197
198
-1
