124
175
163
146
158
149
130
110
107
141
111
130
101
152
150
112
105
132
170
105
103
116
106
127
176
136
125
100
140
145
104
148
128
103
180
135
143
122
137
106
102
150
139
104
114
179
123
118
115
153
174
119
114
138
112
131
128
117
172
122
168
162
124
102
108
109
126
165
134
167
109
164
113
116
117
168
119
125
156
194
108
154
120
121
151
152
129
192
129
161
177
123
163
110
120
132
115
137
147
100
101
160
159
107
131
154
113
142
139
144
111
118
134
127
126
162
146
184
121
133
138
159
136
148
166
133
157
189
140
173
144
151
184
158
135
182
186
191
141
142
147
149
143
156
145
165
181
193
174
155
153
157
155
160
170
164
188
169
177
166
161
178
183
181
175
169
167
190
171
171
182
172
173
183
176
178
180
179
185
189
187
192
188
185
186
187
190
195
198
193
191
196
195
194
196
197
197
198
-1
