105
115
152
153
125
127
109
139
168
106
174
144
125
162
100
143
104
105
158
151
120
140
107
109
112
163
146
122
139
129
101
138
132
108
152
106
170
141
157
172
134
134
103
128
102
112
113
103
122
131
124
101
178
107
120
129
175
130
142
115
161
124
108
121
118
121
144
104
165
132
111
169
117
116
113
133
137
170
141
184
114
131
126
100
130
149
117
116
167
111
183
110
173
123
119
155
154
127
118
114
128
102
160
162
157
193
168
148
178
110
138
136
140
148
133
119
143
145
150
165
149
123
126
142
137
163
176
135
136
150
161
135
154
187
151
145
183
153
147
171
147
169
180
146
180
181
159
176
155
156
156
164
159
158
167
196
160
188
172
166
164
192
171
175
166
181
194
187
189
179
174
173
177
185
185
177
179
186
182
182
186
184
191
191
190
188
193
190
189
192
195
194
197
197
195
196
198
198
-1
