156
165
134
179
115
107
156
109
108
117
106
158
136
155
137
143
105
110
123
146
104
133
101
151
163
162
116
125
135
141
127
124
150
128
102
147
152
166
161
113
130
122
104
178
100
107
149
142
117
126
111
136
126
112
125
132
115
100
165
130
114
152
106
157
110
119
112
119
108
121
109
131
129
132
162
154
122
120
139
140
111
114
103
153
169
102
172
145
139
105
161
167
103
166
118
128
129
123
116
101
124
160
148
113
131
148
121
120
118
144
134
149
159
170
137
138
177
127
143
142
144
133
171
138
151
141
176
164
180
140
194
150
147
145
135
146
174
155
153
185
187
181
187
157
168
154
163
181
160
169
168
173
184
177
185
172
176
158
159
171
173
182
164
175
167
182
179
175
174
170
178
184
180
192
183
194
195
183
188
186
190
189
192
186
189
188
196
195
190
191
191
193
193
198
197
196
197
198
-1
