100
175
164
104
109
144
117
125
116
124
152
100
146
117
128
168
118
141
130
123
136
126
153
131
107
116
140
138
111
114
109
102
112
151
135
133
172
104
142
154
108
171
108
145
115
101
160
148
163
155
129
136
105
145
114
126
135
177
115
141
134
106
118
107
101
132
121
125
110
130
124
121
103
164
133
156
151
111
119
120
146
122
129
160
128
105
153
131
186
113
142
102
119
110
144
150
103
171
113
106
180
112
165
154
169
127
162
157
140
123
148
120
158
127
179
174
168
163
132
122
139
150
137
170
186
159
170
155
143
134
137
138
157
159
182
139
184
143
180
172
147
188
149
147
162
149
152
161
167
156
182
158
173
167
189
161
183
190
187
173
166
174
166
165
183
185
169
175
196
184
177
176
179
178
181
176
178
191
181
190
185
196
192
193
192
188
187
189
191
194
195
195
193
194
197
197
198
198
-1
