138
132
167
127
136
103
148
131
115
111
128
126
146
144
156
166
150
148
110
141
104
150
113
190
109
137
129
115
100
173
172
111
117
104
155
168
107
129
116
127
123
112
100
118
181
156
121
151
126
122
112
114
152
110
120
109
108
162
134
106
121
119
131
137
170
122
106
116
117
133
105
118
135
124
187
103
134
140
145
102
139
114
152
107
123
161
113
124
175
170
176
105
139
101
101
135
125
102
169
180
146
120
141
132
108
147
149
144
160
166
125
147
142
178
136
119
133
143
128
155
140
145
130
130
159
154
157
138
163
160
158
153
173
142
163
143
162
179
168
153
187
154
158
174
172
161
151
164
149
157
193
164
159
185
174
189
177
165
171
176
167
165
188
184
186
180
175
169
177
195
171
179
189
182
181
183
178
182
185
186
190
183
192
184
197
191
188
191
194
194
193
192
198
195
196
196
197
198
-1
