117
121
139
137
160
126
106
105
100
117
108
132
135
109
105
100
173
125
162
148
145
157
112
166
112
131
164
134
140
142
180
128
189
123
181
114
125
144
127
118
159
163
167
128
124
149
104
113
160
107
110
108
116
151
110
103
120
177
151
118
120
109
119
138
158
101
123
111
127
115
141
101
130
168
183
116
104
122
114
141
142
106
155
166
170
139
131
134
145
102
111
161
102
133
140
162
155
121
146
188
113
103
136
107
177
119
132
136
168
169
122
115
126
185
150
137
147
129
171
130
124
138
135
146
129
176
133
186
167
178
144
153
143
165
148
154
156
152
170
174
143
147
153
159
172
163
150
149
152
161
183
158
185
154
191
156
157
180
179
171
164
169
174
184
165
172
184
173
175
187
194
175
181
178
176
179
194
182
193
190
188
182
187
189
191
186
190
195
196
192
198
192
193
195
197
196
197
198
-1
