124
106
196
119
110
174
153
134
111
129
125
144
121
119
146
142
141
135
105
163
177
171
118
182
149
144
152
108
121
108
176
112
103
120
105
175
136
142
160
156
113
106
109
170
114
115
154
155
104
110
123
101
181
100
120
102
148
129
118
139
168
123
102
100
152
132
111
165
128
107
116
151
138
146
122
135
179
109
112
131
114
153
107
103
116
130
141
147
101
104
124
140
148
131
117
145
115
160
169
162
113
137
136
149
134
133
167
117
132
174
137
122
127
182
126
159
165
125
158
159
147
128
157
126
127
143
166
139
133
130
140
151
150
188
143
161
145
138
180
158
167
164
173
155
176
150
183
164
172
173
162
157
154
156
171
184
161
168
163
178
169
170
197
166
177
183
178
189
172
175
181
186
187
195
191
179
190
180
187
185
185
186
184
188
194
189
191
192
193
190
192
193
194
196
195
198
197
198
-1
