151
186
147
138
129
111
118
134
121
116
149
125
122
119
161
139
157
156
124
110
137
129
141
101
175
105
162
141
135
152
100
108
100
128
124
137
163
115
103
112
168
116
188
104
165
132
114
136
109
123
131
136
146
169
189
145
103
185
140
119
125
166
113
109
106
120
108
178
121
183
168
111
115
117
154
187
130
140
105
122
144
106
130
113
107
148
102
101
102
135
142
117
174
110
154
127
179
163
139
107
104
114
123
191
155
126
152
144
167
145
120
112
158
118
169
126
127
138
131
133
132
165
146
133
128
159
148
195
160
160
156
155
151
134
157
178
153
187
153
143
164
142
143
161
175
147
158
149
150
150
181
167
170
177
159
173
162
176
166
164
179
171
193
170
177
173
171
184
172
176
172
174
182
196
190
180
184
180
182
189
181
186
183
197
185
188
190
191
193
194
192
192
194
195
197
196
198
198
-1
