155
122
102
139
154
155
172
154
105
119
136
120
109
164
119
147
125
128
178
186
114
105
110
138
147
122
129
129
145
120
108
123
138
127
108
118
114
101
124
115
187
101
113
115
151
128
175
161
103
158
135
160
170
133
168
132
117
165
137
141
156
102
163
180
146
103
160
100
126
123
116
106
131
139
106
130
109
113
112
117
104
100
126
152
174
118
111
142
107
143
111
134
153
156
179
161
165
146
125
180
124
104
107
121
112
162
110
133
137
131
130
175
142
116
121
194
167
163
127
136
173
134
135
143
150
148
144
181
132
184
149
182
141
148
149
140
145
151
185
140
171
144
157
177
150
152
158
157
171
179
153
166
159
178
159
164
169
172
162
168
166
182
167
188
169
187
170
173
174
176
196
186
176
192
177
181
183
190
183
185
194
188
184
191
195
189
195
190
189
193
191
192
193
196
197
197
198
198
-1
