146
115
106
187
149
112
126
142
156
108
102
110
116
129
161
137
103
120
130
173
155
107
116
124
166
160
121
118
144
132
125
141
159
101
108
154
118
135
113
105
142
106
100
102
164
107
154
124
140
104
135
126
192
138
167
133
104
156
161
146
138
128
112
160
172
127
117
150
139
150
100
140
119
169
129
131
136
123
125
127
101
115
137
141
119
128
117
109
134
152
123
111
114
103
122
120
165
111
133
152
122
153
105
175
110
121
113
158
109
163
114
139
143
130
132
131
148
157
144
134
178
149
167
151
157
159
153
145
168
163
143
178
180
145
155
136
172
151
162
147
170
148
147
181
190
164
186
166
174
179
173
158
162
171
175
176
183
188
184
171
181
165
168
170
185
169
185
184
190
191
177
174
179
176
193
177
182
186
183
180
182
193
191
188
192
187
194
189
189
198
196
197
195
194
195
196
197
198
-1
