129
130
128
158
116
105
135
102
111
173
119
152
143
101
171
129
155
158
103
141
106
110
113
108
122
141
120
100
131
105
178
154
118
165
125
137
104
107
144
112
116
145
131
144
139
102
156
167
114
136
157
104
114
103
127
135
159
109
174
142
106
137
127
132
100
126
133
157
112
169
160
123
183
101
156
194
149
166
107
121
136
177
120
117
143
148
171
133
151
153
115
140
118
115
140
110
113
111
125
147
119
124
128
109
108
117
152
173
124
161
148
151
165
138
146
121
134
159
126
122
130
123
179
142
168
132
139
161
134
146
154
153
164
167
145
166
181
138
162
172
196
181
162
150
169
147
150
149
163
175
163
180
155
183
195
160
178
187
172
177
176
174
164
179
168
170
175
184
170
182
188
185
180
176
188
190
189
186
187
185
182
191
195
184
186
190
193
189
191
197
192
192
193
194
196
198
197
198
-1
