133
157
149
161
102
130
156
170
107
180
158
125
135
119
119
111
108
102
116
134
125
124
117
106
114
117
166
103
165
104
105
128
101
131
188
132
183
155
160
157
116
109
112
163
115
121
185
133
115
171
123
127
153
124
148
129
140
111
137
126
195
134
105
100
112
147
139
166
104
174
110
126
136
153
118
101
123
113
154
113
137
106
165
139
143
110
147
100
103
170
114
158
109
120
130
135
107
122
108
121
129
164
122
145
136
138
150
152
145
149
120
118
150
140
128
169
144
146
131
142
127
143
138
161
178
132
156
152
185
175
141
160
155
172
173
167
159
141
142
146
144
174
171
173
189
190
148
151
151
162
168
187
154
167
162
164
175
159
176
177
172
163
192
169
168
178
176
184
184
183
177
181
179
180
181
190
179
187
182
193
189
182
191
186
186
188
195
191
193
194
194
192
196
196
197
198
197
198
-1
