821
865
698
738
653
739
916
949
554
880
545
960
824
973
578
720
632
506
924
639
976
532
839
548
540
900
663
800
840
529
889
969
901
634
840
660
890
737
881
785
932
784
873
614
831
768
906
961
948
945
575
560
531
944
816
597
505
931
588
740
729
648
575
733
518
516
788
891
854
892
869
752
764
550
552
677
590
700
705
699
697
546
663
664
850
911
540
819
682
984
856
721
635
751
871
729
501
521
963
795
620
874
654
595
616
938
690
975
616
908
516
782
676
571
811
727
702
525
628
507
845
730
763
968
804
586
557
543
936
654
637
649
746
573
880
907
939
807
618
793
776
787
736
600
865
656
812
602
940
606
979
943
520
897
966
598
889
558
897
906
517
596
825
960
633
972
657
882
902
640
924
742
925
899
554
696
526
681
690
751
544
966
514
813
502
731
725
927
954
967
574
672
747
619
537
518
607
579
948
657
576
859
789
896
951
508
872
587
789
750
773
716
703
834
839
634
544
814
608
926
623
792
590
935
682
647
763
951
515
979
934
584
735
938
666
932
744
671
720
846
746
905
716
503
845
968
849
718
512
809
579
549
790
665
771
632
521
748
765
826
645
622
816
886
817
931
580
626
715
967
724
987
766
683
873
870
635
974
737
969
705
957
679
819
511
650
879
799
815
955
505
772
802
717
510
823
513
849
581
591
577
572
878
896
781
844
662
684
822
528
686
933
686
985
749
783
732
801
638
753
755
542
957
766
731
728
752
570
962
842
809
525
698
818
764
546
749
625
943
780
547
958
806
681
669
704
962
522
589
808
930
964
645
821
870
909
557
841
724
601
917
841
723
860
875
904
800
629
526
981
615
514
980
922
934
853
528
904
706
675
735
569
582
509
683
864
867
895
619
545
655
977
512
750
774
945
650
648
913
862
677
502
935
661
633
810
772
785
784
562
603
971
667
869
627
867
953
561
959
598
753
901
696
744
576
578
608
820
793
570
562
946
916
646
551
942
890
817
674
950
846
801
610
653
660
605
775
983
520
927
666
527
982
674
771
851
501
762
549
662
500
638
615
774
678
862
736
822
721
782
844
881
953
759
599
745
887
866
893
952
702
878
599
603
595
851
539
672
895
547
879
607
733
511
687
861
558
602
623
799
504
500
503
504
708
507
509
508
506
510
568
539
513
538
515
537
517
519
519
524
523
522
523
524
536
533
530
531
527
533
529
530
534
532
538
541
535
535
536
534
542
564
541
565
543
567
556
548
553
551
553
552
550
556
555
566
555
560
559
567
559
566
561
564
565
568
563
563
714
572
569
593
571
574
592
573
584
583
577
580
581
582
586
585
585
587
583
588
592
591
589
594
593
594
710
596
597
631
612
600
601
611
604
604
605
610
613
606
612
611
613
630
609
614
609
617
617
618
621
620
622
624
621
626
628
627
625
624
629
631
644
630
643
640
641
636
637
639
636
642
642
643
641
644
713
646
647
708
649
659
652
652
656
651
651
658
655
658
659
691
661
694
668
665
670
664
667
669
673
670
668
673
671
693
675
676
694
680
679
692
678
680
685
684
688
689
687
689
685
695
688
709
693
691
695
692
697
701
699
701
711
700
703
707
706
704
707
712
714
998
711
712
713
709
710
719
715
718
719
723
717
722
726
722
727
726
728
725
838
730
836
732
837
734
743
734
738
740
741
742
741
739
743
798
745
757
747
748
759
760
758
756
754
754
756
761
755
761
757
760
758
769
770
762
765
768
767
770
767
777
776
779
778
777
773
779
769
778
775
780
797
783
781
798
786
786
791
790
791
787
788
792
794
794
796
797
836
796
795
803
803
802
805
806
805
808
804
833
807
811
812
810
813
814
832
829
815
818
830
832
827
820
823
824
825
826
827
830
829
833
831
828
828
835
835
923
838
834
837
857
843
842
843
856
852
847
848
853
847
848
855
858
854
858
850
859
857
855
852
860
863
863
861
919
922
866
864
868
888
868
872
876
871
875
877
874
877
884
886
884
883
882
883
885
885
888
876
918
887
894
891
892
894
910
893
909
898
898
899
900
903
902
903
913
905
914
908
912
907
915
914
912
921
915
911
910
917
920
921
920
918
923
919
929
925
926
930
928
929
995
928
992
933
996
937
936
937
941
939
940
942
995
941
944
947
946
947
994
950
998
994
952
955
954
956
956
988
959
990
958
961
965
963
965
988
964
986
978
970
970
971
972
973
975
976
974
977
978
989
981
982
980
984
987
983
993
991
990
991
985
986
989
949
996
997
997
992
993
-1
