566
565
804
692
686
502
850
683
931
601
883
618
524
753
567
833
858
534
870
732
898
699
588
547
770
973
592
906
768
783
714
909
985
531
903
932
977
832
863
734
650
628
696
670
603
945
893
726
694
981
712
890
929
852
533
955
797
895
684
608
515
712
948
847
584
820
514
880
842
924
611
885
921
550
758
790
947
740
763
689
818
757
953
505
882
578
597
929
916
727
680
724
538
754
610
844
894
510
666
867
771
853
973
624
501
951
658
926
656
934
861
632
596
925
974
890
874
975
694
755
533
696
765
671
500
833
772
654
681
686
608
512
987
931
513
781
932
597
600
529
952
761
742
504
584
975
559
539
902
661
544
621
897
664
847
764
751
819
889
919
739
622
772
540
817
804
774
780
850
856
672
628
782
655
503
582
887
840
660
918
927
500
883
576
539
506
605
839
769
873
781
902
627
896
582
959
518
579
800
940
507
877
572
779
504
756
739
522
831
525
864
633
590
726
735
528
785
704
549
919
880
728
601
548
658
544
802
984
670
859
773
692
615
789
884
765
814
613
637
525
509
777
962
510
905
782
586
733
616
652
502
738
519
794
848
648
835
892
939
794
982
897
868
561
869
863
803
827
705
591
693
688
841
901
691
824
697
719
805
647
677
901
716
531
685
529
784
910
575
836
662
593
807
947
924
805
523
930
845
756
683
764
867
711
663
671
820
891
791
938
561
599
725
917
545
734
649
656
956
673
843
798
576
777
695
680
923
566
560
949
920
838
753
682
800
586
550
834
647
876
789
871
538
946
910
740
844
511
866
860
788
583
855
545
549
556
981
695
814
558
704
913
575
737
917
802
616
617
551
572
707
862
662
979
769
870
819
711
990
796
980
986
757
619
602
816
978
741
951
623
610
659
599
627
689
655
957
635
744
957
934
631
821
729
587
920
532
892
950
635
812
940
808
976
776
636
812
909
702
675
778
869
630
984
518
813
968
562
682
798
513
557
564
709
622
557
679
859
528
565
659
591
569
547
898
651
553
684
630
926
660
699
678
990
593
706
848
855
621
866
724
825
596
958
759
516
779
618
652
873
749
912
852
520
520
736
536
603
714
767
796
853
728
535
817
780
567
958
985
519
882
950
831
678
946
983
939
604
904
609
501
752
503
507
505
506
508
508
509
638
511
512
515
514
517
516
517
641
527
521
521
522
523
524
526
526
527
638
530
530
543
532
535
534
537
536
537
540
541
542
541
542
543
581
546
546
554
548
555
551
552
552
553
554
555
556
574
558
559
560
563
562
563
564
571
570
568
568
569
570
571
573
573
574
580
577
577
578
579
580
581
644
583
585
585
589
587
588
589
590
595
592
594
594
595
640
598
598
639
600
607
602
606
604
605
606
607
614
609
611
612
612
613
614
615
639
617
620
619
620
626
625
623
624
625
626
642
629
629
634
631
632
633
634
641
636
637
644
642
640
643
645
643
645
646
646
749
648
649
650
651
653
653
654
748
657
657
667
668
666
661
663
664
665
665
667
669
668
669
676
674
672
673
674
675
676
677
721
679
722
681
720
721
717
685
687
687
688
690
690
691
710
693
703
701
698
697
698
700
700
701
702
703
707
705
706
708
708
709
710
718
713
713
715
715
716
717
718
719
720
723
722
723
746
725
730
727
731
729
730
731
732
733
743
735
736
737
738
745
743
741
742
746
744
745
747
747
748
750
750
751
752
998
754
755
762
760
758
759
760
761
762
763
997
766
766
767
768
995
770
771
774
773
775
775
776
826
778
827
793
785
786
783
784
787
786
787
788
792
790
791
792
793
795
795
809
797
799
799
801
801
810
803
808
806
806
807
809
811
810
811
826
813
815
815
816
829
818
822
823
821
822
823
824
825
828
828
829
830
830
992
832
837
834
835
836
837
838
839
840
841
842
843
846
845
846
972
849
849
851
851
967
854
854
856
857
857
858
968
860
861
862
865
864
865
967
875
868
876
872
871
872
875
874
878
877
878
879
879
881
881
888
885
884
886
886
887
888
889
970
891
911
893
894
895
896
900
899
899
900
905
904
903
907
906
907
908
908
912
911
914
913
914
915
915
916
966
918
944
921
922
922
923
943
925
928
927
928
936
930
937
933
933
935
935
936
937
938
942
941
941
942
943
944
945
963
964
948
949
962
952
954
953
954
955
956
961
960
959
960
961
963
965
964
965
966
969
969
970
971
971
972
994
974
992
976
977
978
979
980
995
982
983
987
988
986
989
988
989
991
991
993
993
994
996
996
997
998
-1
