686
612
965
732
512
944
776
754
802
536
790
884
701
535
537
683
680
696
787
600
951
895
528
983
663
868
623
685
941
619
837
558
640
822
724
811
958
644
547
512
501
711
671
731
886
739
829
784
969
633
663
581
717
559
649
680
894
580
586
942
948
890
505
756
761
927
760
914
678
660
892
880
831
914
897
873
861
768
855
858
757
596
747
695
636
714
849
733
846
938
542
535
630
789
534
534
932
727
986
881
557
596
527
513
617
876
756
970
744
981
608
554
687
896
589
750
561
798
584
977
955
746
699
648
695
688
696
506
740
577
855
944
551
958
977
698
724
600
685
650
985
647
540
589
643
838
860
777
750
624
767
731
885
964
835
529
581
826
789
519
776
825
659
533
646
758
713
621
532
899
821
824
869
672
872
590
772
671
607
888
849
530
578
501
658
507
976
796
940
587
572
572
660
889
692
798
783
929
771
883
539
795
623
676
532
974
527
803
821
788
617
615
718
881
761
689
823
550
745
510
843
634
514
892
507
883
879
922
710
590
872
778
952
794
976
827
652
688
834
615
964
577
603
932
582
613
618
806
829
772
700
970
782
606
516
516
817
738
740
611
720
598
934
968
725
771
565
860
962
868
934
862
503
780
802
787
601
755
560
943
605
760
983
543
767
758
705
509
931
938
607
568
649
968
752
700
729
826
520
744
835
845
808
557
919
957
687
838
804
585
864
879
635
843
500
709
743
923
923
653
709
729
662
858
954
909
647
743
681
949
862
633
667
812
916
928
656
793
555
564
721
850
546
811
677
854
715
667
793
630
517
863
840
503
716
888
930
631
608
845
799
684
555
707
861
517
972
830
947
926
552
865
790
500
524
917
662
925
751
529
946
725
619
580
947
561
683
827
805
711
613
981
955
956
592
631
851
712
972
848
656
935
741
653
541
602
893
634
967
752
738
676
844
935
509
723
973
601
840
721
971
830
837
548
540
549
739
801
694
522
940
786
661
785
678
733
651
515
641
545
513
796
924
605
812
562
918
682
626
770
805
689
677
969
539
620
948
878
809
808
841
880
664
886
693
783
866
658
650
635
643
866
982
514
915
588
502
550
832
553
824
546
848
657
505
931
841
666
774
621
774
956
754
801
553
854
799
926
954
636
599
502
504
504
593
506
508
508
511
510
511
526
524
521
515
523
518
518
519
520
521
522
523
525
525
526
566
528
531
530
531
568
533
566
538
536
537
538
569
543
541
542
544
544
545
567
547
548
549
571
551
552
570
554
556
556
571
558
559
560
563
562
563
564
565
567
570
569
573
576
574
573
575
574
575
576
579
578
579
594
583
582
583
584
585
586
587
588
592
591
591
593
595
594
595
597
597
598
599
994
602
604
603
604
627
606
610
609
609
610
611
612
614
614
616
616
628
618
626
620
622
622
625
624
625
627
629
628
629
997
632
632
642
638
639
637
637
638
639
640
641
642
645
644
645
646
994
648
988
655
651
652
654
654
655
673
657
674
659
668
661
669
664
665
665
666
668
670
669
670
673
672
675
674
675
987
920
679
679
735
681
682
708
684
704
686
703
690
691
690
691
692
693
694
704
697
697
698
699
702
701
702
703
706
705
706
707
708
736
710
718
712
713
714
715
716
717
719
719
720
722
722
723
728
726
726
727
728
730
730
734
732
735
734
737
736
737
909
910
742
741
742
747
748
745
746
749
748
749
762
751
753
753
763
755
762
757
759
759
765
764
763
764
765
766
766
768
769
769
770
781
773
773
775
775
777
779
778
779
780
781
782
912
784
785
786
816
788
792
791
791
792
816
794
795
797
797
819
800
800
818
813
803
804
807
806
807
810
809
810
814
813
815
814
815
817
818
819
820
820
911
822
823
900
825
903
828
828
900
832
831
833
833
834
836
836
906
839
839
902
842
842
901
844
847
846
847
851
852
850
853
852
853
857
856
856
857
859
859
877
873
869
863
864
865
867
867
870
871
870
871
874
875
874
875
876
877
878
901
904
882
882
903
884
885
887
887
889
891
890
891
897
893
894
895
896
898
898
899
906
904
902
905
907
905
907
908
908
910
911
912
913
913
921
915
916
917
918
919
920
921
922
995
924
925
989
927
928
929
930
990
933
933
937
936
936
937
939
939
991
941
942
943
945
945
946
953
949
950
950
951
952
953
963
960
961
957
959
959
960
961
962
963
965
966
966
967
990
987
980
971
975
973
974
975
979
978
978
979
980
989
982
984
984
985
986
988
992
992
996
991
993
993
995
996
997
998
998
-1
