901
626
977
802
771
629
570
512
832
781
748
667
709
509
659
718
683
752
690
719
915
962
561
859
985
873
937
514
857
696
710
527
762
832
572
665
576
551
524
501
694
795
608
933
786
624
604
534
766
737
533
951
718
926
869
892
560
623
689
864
825
562
728
972
742
502
658
566
538
830
633
513
773
531
602
871
831
574
916
925
944
945
881
546
614
969
810
789
616
945
678
892
590
982
906
938
565
628
851
647
821
603
764
735
972
847
733
819
725
939
609
600
858
777
763
796
794
849
600
755
663
639
927
680
827
563
897
516
913
525
837
642
850
607
882
603
675
950
742
884
517
936
754
968
765
504
741
734
605
920
649
875
694
532
527
567
771
922
828
580
692
817
762
613
910
826
682
860
869
909
515
632
692
941
790
966
508
570
959
534
750
911
798
698
726
673
558
947
959
565
783
679
563
867
536
548
874
777
556
735
976
536
507
807
671
768
815
840
971
969
784
896
811
595
504
664
691
732
798
924
952
708
874
695
618
835
757
745
976
519
961
741
970
876
884
905
753
627
677
863
641
986
953
908
746
552
981
728
730
911
962
839
921
707
500
606
717
634
592
780
634
540
809
648
698
904
670
744
908
631
857
824
509
797
935
660
981
636
537
924
822
522
580
575
786
791
533
747
901
701
668
564
903
845
902
683
678
724
632
985
846
795
589
520
503
577
823
826
641
658
726
538
593
932
760
554
519
556
930
790
676
617
783
615
621
630
737
501
682
896
661
776
878
910
926
640
665
833
693
707
872
530
744
770
530
591
847
958
522
609
814
827
500
505
868
772
942
647
963
633
729
866
547
539
621
838
697
680
524
964
758
830
614
674
952
898
622
689
834
721
612
812
631
953
818
766
950
720
797
571
660
559
821
885
973
699
891
547
843
521
848
710
636
935
765
859
712
809
740
787
834
948
507
553
677
551
755
979
977
627
757
756
946
523
782
749
717
839
569
800
949
933
549
785
515
877
761
619
885
808
942
669
576
774
531
815
886
608
845
625
914
916
863
733
672
589
816
951
936
799
550
639
506
907
685
506
918
706
568
861
848
870
555
895
623
883
965
870
880
856
573
751
725
671
780
788
616
593
564
575
940
722
704
537
807
791
637
958
943
518
715
502
653
505
503
599
511
508
510
510
511
512
597
514
516
513
518
594
517
520
521
529
523
526
525
526
528
529
587
528
544
544
535
532
535
542
541
543
540
545
541
542
543
539
545
546
588
548
549
550
586
552
553
554
555
557
559
561
587
557
558
560
581
562
583
567
568
566
582
571
569
572
579
579
573
574
577
578
586
578
583
582
596
585
588
581
584
584
585
591
599
590
596
592
597
598
598
654
594
595
601
604
601
602
605
606
611
610
607
610
611
612
613
657
615
656
617
619
620
618
655
622
620
624
626
650
625
629
651
628
645
630
643
635
635
637
638
638
644
643
642
646
646
640
645
652
644
648
649
652
656
650
651
713
657
653
654
655
659
661
662
662
663
664
667
666
716
670
666
668
669
672
673
675
686
674
687
676
679
681
681
688
684
684
686
687
688
714
685
690
711
693
691
703
695
696
697
700
700
702
699
702
704
701
705
712
708
706
709
711
703
705
716
714
991
713
715
723
719
721
722
720
723
987
727
724
727
731
729
730
731
739
736
734
732
736
738
738
740
998
739
743
743
995
746
749
745
751
747
748
753
750
754
752
997
759
758
756
760
761
759
990
763
773
767
767
764
769
770
772
769
768
775
775
779
774
782
778
781
778
776
804
779
785
805
784
787
788
789
792
792
793
793
804
796
794
801
803
799
800
803
806
801
802
806
993
805
814
811
810
808
812
813
820
813
816
817
819
820
818
900
823
824
822
825
855
829
828
829
844
841
833
831
838
835
836
837
840
836
843
842
844
841
842
855
846
853
852
849
850
851
852
854
854
893
856
853
858
868
860
861
862
865
864
865
866
867
890
862
891
871
873
879
872
875
876
877
878
879
880
882
883
881
888
887
886
887
889
893
894
889
890
894
895
888
899
897
899
900
898
928
903
904
902
905
923
909
906
907
919
913
912
914
912
918
917
917
919
915
920
922
923
921
929
925
930
928
987
931
927
931
929
934
932
990
934
937
940
941
992
938
939
943
944
988
947
949
946
955
948
955
982
954
954
956
956
957
984
960
960
966
964
963
961
979
975
967
965
967
971
974
970
973
974
975
980
978
978
980
968
983
984
957
996
983
995
-1
989
994
991
998
993
996
988
992
994
986
989
997
