665
866
814
655
592
646
776
923
962
856
892
783
860
902
950
980
837
589
857
763
953
984
577
690
565
733
796
811
880
821
520
685
839
526
764
911
705
928
588
718
651
691
811
541
717
531
904
603
595
925
636
771
701
896
548
756
984
743
761
903
729
547
988
888
512
647
886
808
655
940
817
864
638
665
769
592
721
523
943
952
740
566
898
923
689
889
813
609
792
921
993
798
510
567
828
521
957
779
932
807
838
569
742
639
538
574
745
891
935
698
919
660
781
535
966
568
646
752
968
700
949
712
996
909
649
822
578
648
540
931
515
968
536
744
649
664
762
606
829
934
587
931
723
719
868
739
768
776
852
603
532
635
542
673
791
875
909
709
827
648
784
816
860
971
925
899
706
764
525
503
961
780
544
820
660
878
550
518
513
577
802
642
550
773
786
905
869
662
669
527
876
709
545
706
797
777
587
591
517
887
711
916
591
799
805
532
610
661
861
596
797
770
500
687
870
506
635
636
784
802
920
719
750
659
975
744
561
637
515
611
837
940
958
533
877
717
546
891
753
801
840
542
883
572
628
828
899
878
607
864
959
624
731
524
908
730
610
707
621
947
969
659
567
944
819
768
865
843
994
720
763
630
809
746
985
568
788
933
843
575
752
505
889
901
656
941
538
713
543
698
933
584
766
782
661
734
747
803
732
500
666
631
682
713
905
970
573
502
625
633
561
576
815
537
792
547
522
921
666
893
581
795
846
642
748
791
608
662
937
607
690
531
674
866
800
986
732
761
505
911
710
624
808
519
748
590
722
720
853
945
765
938
563
872
906
643
634
590
884
743
901
840
683
951
858
502
609
965
526
856
689
813
771
826
574
957
605
595
692
874
520
775
907
623
863
605
657
711
990
549
572
804
816
586
884
821
512
501
774
551
716
589
650
971
945
695
767
684
632
726
703
637
686
552
583
830
900
644
602
838
697
645
510
733
504
703
528
726
741
867
727
707
539
910
601
869
859
668
863
535
729
523
990
790
582
630
597
962
918
604
517
691
774
963
621
939
622
918
584
827
842
896
693
786
875
685
783
562
692
789
818
952
807
749
516
903
788
769
626
961
778
885
970
960
967
922
870
812
871
601
736
965
614
504
950
585
900
566
989
937
501
508
503
509
508
507
511
509
507
506
511
675
513
514
516
514
560
518
557
529
528
522
525
521
527
524
530
529
519
530
560
533
534
534
553
536
558
539
537
540
541
555
545
556
543
544
549
546
557
548
551
552
559
564
555
553
559
556
554
558
554
565
563
681
562
564
571
571
569
570
677
570
573
579
576
580
575
578
580
581
579
583
620
582
585
586
619
588
599
600
598
593
593
594
596
594
600
599
597
615
598
602
617
616
618
604
614
606
612
608
611
613
613
619
612
627
618
620
615
617
616
622
623
628
625
626
629
629
627
675
632
634
633
631
678
641
640
638
639
640
641
677
644
654
643
647
645
653
652
650
651
652
653
657
658
656
658
654
680
674
671
663
663
667
670
664
670
668
671
667
669
672
673
676
672
679
682
680
676
678
681
679
998
684
687
683
688
686
700
688
696
694
694
696
693
702
695
699
697
757
701
702
699
704
705
757
704
708
710
708
715
712
714
714
715
716
738
718
725
721
722
724
723
724
725
741
727
728
737
730
728
735
731
734
736
737
735
754
755
742
754
740
738
756
745
746
747
755
749
750
751
753
751
760
739
758
759
758
759
760
998
995
851
762
766
767
765
854
848
849
772
770
775
772
773
852
778
779
777
780
781
782
853
785
785
787
787
835
789
793
794
790
794
796
795
793
834
799
801
800
798
806
804
805
803
806
831
810
809
810
836
812
824
814
815
825
818
819
817
825
823
820
824
822
835
823
836
826
830
832
829
833
845
834
832
831
833
849
839
841
841
855
850
842
847
846
844
991
850
851
854
855
844
847
845
848
858
862
859
857
861
862
981
983
983
982
867
868
881
874
871
873
873
882
872
876
877
880
879
882
879
897
883
881
885
886
888
890
887
890
895
892
893
894
895
897
894
898
979
930
916
902
917
904
914
907
913
906
913
910
912
912
908
914
915
929
917
915
920
928
919
922
926
924
927
924
927
929
926
930
955
932
934
936
936
948
935
939
941
938
942
942
946
944
946
943
948
955
947
951
949
954
953
956
979
956
954
958
959
960
974
964
963
964
976
966
967
978
969
973
973
972
977
972
975
976
977
981
974
978
982
980
989
865
985
986
987
988
991
987
992
993
995
992
996
994
997
-1
997
