926
910
739
929
844
764
958
918
641
640
520
887
780
742
922
944
886
832
537
667
913
920
789
558
846
578
773
636
816
954
849
591
876
908
819
895
867
516
551
748
946
637
750
830
575
974
955
921
663
638
640
533
548
545
632
873
793
633
679
531
732
684
631
627
519
575
724
677
625
587
632
838
692
677
721
686
785
616
595
799
749
549
641
852
660
890
871
796
792
695
784
525
914
664
534
734
847
963
743
565
915
748
741
953
751
624
577
685
930
843
959
567
703
974
752
846
951
688
825
788
621
625
693
725
715
939
798
634
843
653
901
500
510
653
746
706
511
828
540
716
591
775
708
674
588
539
817
745
837
552
770
678
738
755
560
705
592
883
519
900
722
614
675
798
829
735
848
844
564
897
644
809
908
656
661
549
551
694
728
978
781
807
976
534
966
895
865
902
797
662
674
856
840
512
948
554
964
864
968
547
628
623
913
604
848
638
841
871
836
969
701
893
707
870
875
835
965
810
850
508
635
500
708
668
630
953
889
858
589
639
723
961
904
687
770
757
515
957
884
888
861
712
815
595
522
599
721
579
689
654
507
516
574
680
603
700
710
886
968
602
563
680
586
503
829
603
506
837
927
774
646
597
659
657
730
891
729
828
685
702
620
911
936
976
745
750
553
817
505
984
935
856
940
618
586
628
813
834
598
613
733
840
933
783
793
754
573
543
894
806
933
700
683
957
675
963
626
935
702
900
952
539
522
864
694
524
667
557
559
872
619
851
663
812
809
743
540
718
772
897
546
781
630
966
725
780
733
672
874
945
787
755
905
942
795
737
731
542
894
961
502
930
910
589
637
812
903
882
948
778
710
682
580
727
607
940
563
593
592
882
967
524
505
759
797
818
903
714
704
714
791
584
859
704
800
705
811
808
964
514
543
688
654
515
937
567
978
536
503
597
909
941
581
682
918
656
579
912
604
902
501
568
877
778
944
956
885
588
753
888
741
810
969
612
620
758
955
834
717
924
536
558
574
615
521
601
919
594
521
800
789
951
795
943
730
659
866
938
962
855
573
749
692
927
783
550
518
771
736
623
932
959
857
518
820
753
869
618
509
554
582
946
511
787
612
806
506
945
791
920
557
983
545
805
839
855
975
617
727
547
501
502
504
504
994
532
507
508
509
510
512
513
513
514
528
517
517
529
527
520
528
523
523
526
525
526
527
530
529
530
531
532
533
535
535
538
537
538
997
541
541
542
544
544
570
546
571
548
570
550
556
552
553
555
555
556
562
561
559
560
561
562
564
565
566
566
569
568
569
572
571
572
673
585
576
576
577
578
583
580
581
582
583
584
585
611
587
609
590
590
606
608
593
594
596
596
598
600
599
600
601
602
606
605
605
609
607
608
610
610
611
669
613
614
615
616
617
650
619
622
621
622
651
624
649
626
627
629
629
650
631
648
633
634
635
636
643
645
639
643
642
642
646
644
645
647
647
648
649
652
651
652
670
655
655
658
657
658
664
660
661
662
665
666
665
666
669
668
671
670
671
672
673
994
676
676
697
678
679
681
681
698
683
684
691
686
687
690
689
690
691
696
693
697
695
696
699
698
699
775
701
767
703
717
713
706
707
709
709
711
711
712
713
716
715
719
718
719
720
720
768
722
723
724
726
726
767
728
729
766
731
732
737
734
735
736
738
739
740
740
765
742
744
744
747
746
747
762
763
759
751
752
760
754
756
756
757
758
761
760
761
762
763
764
765
766
769
768
769
776
771
772
773
774
777
776
777
779
779
879
782
782
786
784
785
786
821
788
790
790
824
792
794
794
803
796
804
802
799
801
801
802
803
804
805
821
807
808
822
824
811
814
813
814
815
816
826
818
819
820
823
822
823
825
826
827
827
833
831
830
831
832
833
880
835
836
878
838
839
842
841
842
863
845
845
852
847
853
849
850
851
854
853
854
861
858
857
860
859
860
862
862
863
867
865
866
868
868
869
870
879
872
873
874
875
876
877
878
881
880
881
988
883
884
885
987
887
890
889
892
891
892
893
899
896
896
898
898
899
995
901
907
906
904
905
906
907
989
909
915
911
912
916
914
917
916
917
925
919
921
923
922
923
924
925
926
928
928
929
931
931
932
934
934
990
936
937
938
939
991
941
942
943
990
950
947
947
949
949
950
987
952
989
954
984
956
985
958
960
960
980
962
981
973
965
972
967
971
970
970
971
972
973
979
975
977
977
980
979
982
981
982
983
986
985
986
988
992
992
996
991
993
993
995
996
997
998
998
-1
