973
554
706
573
528
593
760
908
972
633
548
817
763
613
829
564
723
647
589
726
762
679
862
549
865
835
918
788
683
661
854
681
820
909
526
927
505
916
592
800
631
687
575
512
872
677
867
693
780
651
965
855
681
897
899
682
534
781
610
707
853
596
903
670
781
660
972
919
542
720
947
907
878
803
528
652
504
553
690
697
670
975
918
552
856
692
785
597
728
557
588
665
799
773
691
563
727
577
712
884
579
608
848
771
969
761
765
896
813
988
795
504
739
830
891
792
950
502
908
766
748
928
729
643
801
877
902
894
593
845
739
697
600
674
882
775
520
698
648
873
981
649
876
515
537
924
567
584
605
710
518
868
785
517
832
942
586
551
916
873
632
867
767
520
747
837
798
612
926
629
675
675
818
533
565
752
938
611
736
796
541
913
601
724
877
595
521
915
650
680
964
745
789
532
662
558
747
749
721
812
566
527
828
642
514
929
726
510
894
607
833
784
507
741
844
970
912
691
759
501
831
694
986
973
535
831
705
968
872
700
834
941
701
847
516
585
759
944
966
639
968
516
782
838
947
708
531
980
689
511
674
500
507
536
647
868
540
838
682
566
866
786
922
588
637
602
790
500
774
541
599
937
790
631
974
684
875
664
835
548
723
850
632
936
912
849
987
950
937
845
562
530
931
774
975
705
751
905
765
625
791
526
669
963
771
881
584
962
822
716
761
601
915
710
792
572
561
652
720
919
885
760
921
563
843
970
509
809
819
711
648
570
561
686
587
929
607
728
849
891
638
638
758
587
926
821
986
629
549
852
940
966
543
714
890
856
880
698
732
783
798
531
906
744
694
920
725
571
646
709
679
628
574
837
842
890
616
870
713
530
737
879
936
570
801
603
591
941
731
814
582
902
598
809
642
650
963
590
928
735
836
557
673
816
933
751
573
854
940
935
544
646
744
778
832
896
844
779
511
738
518
643
847
969
540
735
828
758
803
921
773
980
859
665
779
981
603
948
645
784
842
595
871
805
816
519
599
794
564
693
817
935
604
932
592
757
898
836
819
707
738
690
725
649
852
658
737
597
623
552
712
671
510
892
906
884
883
640
946
722
639
913
709
671
979
740
661
555
576
533
903
583
788
933
630
514
606
858
503
898
501
502
503
506
505
506
508
508
509
998
513
512
513
523
515
524
517
523
519
522
521
522
525
524
525
627
527
529
529
545
537
532
538
534
535
536
539
538
539
546
545
542
543
544
547
546
547
558
550
550
551
556
553
554
555
556
559
560
559
560
625
562
579
567
565
568
569
568
569
580
571
572
578
574
575
576
577
578
581
580
581
582
583
622
585
586
624
617
589
590
591
618
594
594
617
596
620
598
619
600
615
602
608
604
605
606
609
611
609
610
612
613
614
614
615
616
618
619
620
621
621
622
623
624
626
626
627
628
635
630
636
634
633
634
635
636
637
664
641
640
641
667
644
644
645
659
656
657
653
654
651
653
655
654
655
656
657
658
659
660
663
662
663
666
666
667
668
668
669
996
672
672
673
678
676
676
677
678
993
680
687
683
685
684
685
686
688
688
689
702
703
692
695
696
695
696
701
699
699
700
702
704
703
704
995
706
719
708
718
717
711
713
714
715
715
716
717
718
719
825
721
722
755
724
730
731
727
730
729
733
732
733
734
734
756
736
754
741
742
740
743
742
743
746
745
746
750
748
749
750
753
752
753
754
755
756
757
826
768
769
764
762
763
764
768
766
767
770
769
770
772
772
776
777
775
776
777
778
811
780
812
782
783
806
787
786
787
807
789
793
791
794
793
795
796
797
797
805
799
800
802
802
804
804
806
808
807
808
810
810
811
813
814
815
815
825
821
818
820
823
822
823
824
824
827
826
827
993
829
830
996
990
833
834
991
841
840
839
839
840
841
955
843
863
846
846
864
848
851
850
851
859
853
860
855
857
857
858
861
860
861
862
863
864
865
866
886
869
869
870
871
885
874
874
875
876
888
878
879
880
881
882
883
887
886
887
888
889
889
959
893
892
893
895
895
901
897
900
899
900
901
954
904
904
905
909
907
910
911
910
911
953
914
914
952
917
917
956
925
920
923
922
923
924
925
953
927
956
930
930
931
932
934
934
957
954
939
938
939
945
943
942
943
944
945
946
949
948
949
951
951
952
955
958
957
958
961
959
960
960
961
962
990
964
965
967
967
983
984
971
971
977
978
974
976
976
977
978
979
983
982
982
985
984
985
987
989
988
989
992
991
992
994
994
995
997
997
998
-1
