940
630
546
608
984
612
523
559
893
658
635
962
892
560
904
613
625
503
607
904
879
615
500
793
794
721
505
538
918
767
707
511
531
887
907
607
511
751
769
725
628
510
739
613
506
681
737
520
572
704
664
854
534
718
719
745
746
530
568
949
591
691
547
506
574
587
795
737
712
733
842
848
940
984
528
775
620
698
785
792
730
920
931
941
684
797
731
670
631
647
592
654
866
627
652
565
609
604
901
812
749
812
784
714
922
835
657
517
899
643
517
663
965
912
589
797
714
964
539
707
823
666
953
930
852
944
611
909
535
696
736
979
917
669
662
772
763
871
579
982
668
962
841
916
518
659
588
540
516
789
855
503
719
586
520
888
967
903
786
873
806
667
637
872
778
762
843
915
889
735
776
813
960
974
744
881
852
811
557
825
583
971
946
820
948
757
837
844
504
501
630
953
529
611
937
787
596
661
547
745
660
834
978
929
658
788
926
635
869
525
804
579
767
838
914
969
828
862
869
729
740
585
952
573
619
768
959
730
800
539
960
865
862
938
590
647
898
859
874
759
501
949
510
870
618
887
673
561
813
651
693
860
873
614
941
644
870
528
500
944
649
882
668
550
576
697
682
711
735
695
845
924
810
697
858
818
863
708
743
557
978
720
625
685
691
543
688
532
589
880
705
727
672
631
840
588
837
859
903
718
885
933
701
513
617
905
840
716
541
550
844
819
695
929
584
651
634
551
554
957
872
648
784
857
891
688
643
645
670
780
622
900
747
847
632
824
886
922
809
522
549
879
966
620
981
570
826
594
655
882
660
636
743
563
898
639
789
608
821
586
959
617
705
626
775
819
982
981
551
619
725
858
712
629
867
531
794
715
601
891
575
596
770
570
645
834
968
945
562
809
569
762
634
614
733
847
553
686
704
849
943
822
582
662
976
799
653
726
972
822
746
706
514
734
894
937
945
689
817
689
722
684
568
765
807
801
943
593
766
522
963
802
533
836
913
597
825
950
806
803
900
734
939
536
787
854
558
830
555
728
881
558
799
964
948
966
817
685
584
826
931
748
863
810
605
721
534
583
792
845
699
649
512
549
968
508
921
561
693
909
701
906
885
524
729
672
676
917
980
804
546
902
866
915
764
918
768
516
708
700
502
502
509
504
505
507
507
508
509
600
515
512
513
514
515
527
519
518
519
521
521
526
523
524
525
526
527
545
529
530
544
532
533
537
535
536
537
538
542
540
541
542
543
544
545
580
548
548
576
556
552
552
553
554
555
556
567
566
559
560
564
562
563
564
565
566
567
577
569
571
571
572
573
574
575
578
577
578
581
580
581
582
603
599
585
599
587
601
593
590
591
592
595
594
595
598
597
598
600
602
602
604
603
605
606
606
994
610
609
610
777
612
683
616
615
616
622
618
623
621
621
624
623
624
640
626
627
628
629
641
633
632
633
639
638
636
637
638
640
642
641
642
680
644
646
646
679
648
650
650
654
652
653
656
655
656
657
674
659
675
661
664
663
665
665
666
667
674
669
671
671
677
673
675
676
677
678
678
679
680
681
682
683
782
687
686
687
776
690
690
692
692
694
694
778
696
703
698
699
700
702
702
703
755
758
706
709
710
709
710
711
713
713
717
715
716
717
755
722
720
723
724
723
724
756
726
727
728
758
732
731
732
752
738
739
736
738
741
740
741
742
742
753
744
751
750
747
748
749
750
752
754
753
754
760
756
757
759
760
761
761
774
763
764
765
766
772
769
771
770
771
773
773
774
777
781
779
779
781
780
782
783
783
997
785
786
791
788
790
790
791
994
793
796
795
796
798
798
988
800
801
802
803
805
805
808
807
808
987
814
811
815
814
816
815
816
831
818
832
820
821
830
823
824
829
827
827
828
829
831
833
832
833
995
835
836
839
838
839
989
841
842
843
851
846
846
850
848
849
850
851
853
853
856
855
856
857
990
861
860
861
934
864
864
865
868
867
868
878
877
871
874
875
876
875
876
877
878
895
880
883
884
883
884
896
886
890
888
889
890
894
892
893
895
897
896
897
935
899
928
901
902
911
908
905
906
907
908
910
910
911
912
913
914
926
916
923
919
919
920
921
925
923
924
925
927
927
928
933
930
932
932
934
936
935
936
991
938
939
990
942
942
958
956
947
946
947
955
951
950
951
952
954
954
955
956
957
958
987
961
961
977
963
971
965
972
967
970
969
970
973
973
974
975
975
976
977
989
979
980
986
983
983
985
985
986
988
992
992
996
991
993
993
995
996
997
998
998
-1
