970
913
807
980
770
647
747
693
628
692
879
945
565
964
645
624
845
791
554
753
779
681
880
585
962
637
507
597
687
971
841
794
889
754
571
934
708
871
819
690
646
505
696
631
840
591
544
568
792
735
511
810
913
704
649
645
516
570
586
849
554
866
601
543
613
951
658
677
972
640
687
797
796
846
900
697
782
639
706
633
709
874
929
500
689
969
921
740
526
854
838
638
628
867
964
757
627
598
615
843
972
580
703
654
588
765
606
544
875
877
965
926
712
660
765
571
885
634
634
922
785
850
968
679
938
974
838
655
847
796
831
803
948
508
814
578
603
608
665
551
550
529
951
515
976
739
933
531
607
774
839
901
569
726
734
626
521
550
923
664
573
530
859
769
653
863
659
842
829
917
932
676
514
912
949
791
928
841
926
835
636
750
919
826
888
656
760
773
836
505
893
567
804
717
911
652
708
827
966
788
809
888
735
721
873
587
927
576
961
657
755
864
533
827
745
501
630
883
881
591
500
680
590
722
794
746
568
807
695
890
534
799
746
700
637
553
811
586
590
518
811
831
632
670
661
555
597
633
588
570
930
840
666
657
829
599
669
625
535
533
596
610
715
545
523
512
924
733
531
552
629
698
952
947
949
549
582
537
906
830
662
589
912
904
901
783
511
752
579
726
771
872
711
690
729
667
802
594
767
532
849
944
852
885
727
936
818
958
604
595
520
760
905
556
756
585
871
712
509
874
547
916
696
906
501
804
525
642
762
890
907
542
596
692
517
752
566
861
825
937
676
881
960
755
808
619
968
833
635
851
886
886
508
509
863
892
851
748
865
606
779
604
931
749
837
689
946
686
842
894
507
742
783
741
691
941
612
812
909
865
817
917
761
860
797
772
894
605
602
636
719
866
745
569
958
512
815
814
719
781
933
893
699
589
674
523
962
787
713
759
694
795
766
820
559
733
678
905
580
775
542
555
859
686
960
537
978
876
950
600
924
668
519
664
816
916
961
942
966
763
879
610
900
515
945
521
784
717
565
718
518
773
525
647
943
775
904
805
806
920
503
902
713
538
694
776
820
832
939
672
915
577
763
973
549
662
530
625
793
548
607
667
975
640
649
771
532
737
939
652
756
737
887
826
736
583
932
504
738
801
502
502
503
506
506
504
984
744
510
510
995
514
513
562
513
516
529
519
517
522
524
520
524
522
528
526
527
557
527
528
540
540
536
534
535
536
539
538
541
541
539
563
543
545
546
546
547
561
560
548
551
553
558
552
559
556
562
561
560
564
564
731
558
557
563
567
621
566
575
575
572
574
573
576
572
574
729
578
579
581
577
582
583
584
732
623
587
623
617
593
593
592
621
619
592
624
595
598
599
601
602
600
603
616
613
609
605
608
609
611
614
618
615
612
611
616
614
622
584
594
618
617
620
622
620
627
730
626
629
630
631
632
683
682
635
644
641
638
642
641
639
643
643
644
651
646
648
648
650
651
684
650
653
654
656
675
655
659
663
658
663
660
661
672
665
666
671
668
669
670
673
673
671
674
675
685
677
678
679
680
681
685
725
684
682
683
688
688
723
711
691
705
693
698
695
701
697
699
702
702
707
700
704
701
703
709
705
706
707
710
716
710
714
715
716
714
722
723
721
718
724
725
720
724
728
720
728
732
727
581
985
730
731
734
991
743
738
736
739
740
742
991
741
744
989
751
747
748
749
750
751
998
754
985
753
758
758
759
757
769
762
764
761
764
768
766
789
768
789
767
778
770
780
772
776
774
777
782
777
778
786
780
781
784
787
788
785
786
790
790
997
792
793
986
795
800
798
798
799
800
801
802
803
823
805
806
823
809
810
808
822
812
813
816
815
813
817
818
819
821
824
989
824
822
821
858
825
828
830
828
858
832
833
834
836
837
856
834
835
848
839
845
846
844
847
844
843
848
854
850
853
852
856
857
855
853
855
862
857
860
861
862
869
864
870
869
868
870
988
867
868
873
878
872
875
876
878
882
877
880
882
884
883
884
897
898
887
899
889
891
891
892
898
895
895
896
897
899
896
993
903
902
903
988
910
908
907
909
911
910
908
994
914
914
915
996
918
918
919
922
921
923
920
957
925
927
925
929
930
928
955
936
931
934
935
937
935
938
940
940
942
943
941
944
956
946
947
956
950
948
954
952
953
955
957
954
953
959
959
983
982
963
963
979
965
967
967
981
969
970
971
981
973
975
976
974
977
979
982
978
983
977
980
990
997
987
992
995
986
998
994
743
993
996
984
992
-1
987
990
