609
948
838
904
679
616
781
797
983
669
763
653
518
772
734
892
550
818
658
673
723
512
960
811
648
539
789
604
803
846
736
744
923
652
737
906
966
782
891
770
832
950
756
930
704
600
566
785
842
971
840
548
533
524
643
547
738
880
605
970
791
886
821
569
887
710
885
757
953
851
773
941
837
893
975
732
614
742
763
938
610
535
602
788
539
556
917
583
741
907
902
775
720
811
506
946
748
782
677
571
750
978
521
692
838
602
678
716
780
574
830
504
852
834
560
819
516
675
720
788
647
965
664
624
722
808
961
519
611
641
940
842
918
982
849
775
741
816
566
578
734
587
617
681
688
904
922
764
781
867
897
945
626
703
545
971
955
656
880
522
803
620
500
759
786
932
548
858
751
937
958
848
798
895
700
570
606
746
980
732
543
918
745
554
709
724
976
733
524
518
726
747
729
921
836
862
784
818
723
755
761
986
710
727
974
947
708
542
799
728
834
814
800
502
501
950
883
942
674
515
712
574
575
868
804
911
613
812
929
525
926
621
631
597
617
882
909
726
575
936
661
717
864
844
797
907
767
984
857
870
581
544
549
643
584
526
863
862
506
535
609
630
805
955
523
973
972
746
943
683
547
608
962
792
747
772
729
985
856
691
817
603
981
906
703
595
611
705
871
648
527
738
515
642
582
979
677
619
686
646
576
582
553
517
581
590
868
557
944
903
936
628
934
884
527
567
905
661
646
949
521
922
684
790
507
682
573
764
863
653
956
921
844
501
500
636
512
682
899
937
848
580
655
511
881
578
916
508
846
678
655
793
820
795
674
819
857
607
807
528
622
537
757
774
638
851
551
633
856
954
979
543
903
944
623
717
919
839
691
889
625
760
847
893
843
736
809
596
569
835
756
705
968
686
629
685
649
845
953
928
935
690
577
890
626
951
509
540
798
762
890
606
517
585
567
637
551
641
758
967
536
592
762
928
630
624
810
869
657
715
751
913
612
572
605
809
947
675
912
716
945
804
718
546
871
654
615
931
796
663
558
505
886
771
711
854
721
708
688
737
526
815
649
689
889
516
684
783
855
791
538
915
917
982
861
978
657
600
929
510
859
967
790
707
815
632
793
802
614
568
847
587
662
552
864
784
619
564
672
620
503
502
504
505
503
514
507
508
509
510
513
514
511
992
513
601
534
520
519
520
533
522
523
532
525
530
528
529
529
530
531
532
534
531
556
536
537
538
540
541
542
562
541
544
545
563
555
546
550
561
549
553
554
552
558
562
561
555
559
560
563
559
564
557
565
601
599
588
570
568
571
572
592
594
573
577
579
576
579
580
589
586
583
585
586
584
590
593
591
593
591
594
588
595
589
597
598
596
565
598
599
697
603
604
699
698
671
610
607
608
669
613
666
612
615
616
618
618
639
640
622
635
623
621
628
627
625
629
627
634
631
632
633
634
635
636
638
639
637
640
645
642
644
644
645
668
647
651
650
650
652
667
651
654
660
659
659
656
660
658
670
662
664
667
663
670
665
666
673
665
671
668
702
672
676
676
700
680
680
681
679
695
696
687
685
683
687
694
690
693
689
693
696
692
699
694
698
695
701
997
701
702
697
704
706
706
714
713
707
711
709
712
713
714
998
719
715
718
719
990
721
722
725
724
725
730
727
731
730
728
731
778
733
735
735
755
740
739
739
740
743
743
744
742
753
749
745
748
749
750
752
753
754
752
779
754
766
759
761
758
768
760
769
765
765
766
769
768
776
767
773
770
771
777
779
774
780
778
776
777
989
833
783
787
786
787
785
825
789
829
832
792
794
794
795
828
801
796
799
801
827
802
800
806
806
808
805
824
807
810
813
813
825
812
816
814
823
822
817
821
823
820
831
822
828
826
831
829
830
824
826
833
827
900
835
836
837
879
839
840
841
878
841
874
843
876
845
853
849
850
852
850
854
875
853
861
855
858
860
877
859
860
865
866
866
872
865
869
867
870
873
872
873
877
879
874
902
878
875
876
881
883
888
882
888
884
885
894
887
897
892
895
891
896
896
898
899
898
894
901
993
900
901
915
905
912
908
908
909
910
911
914
910
914
926
913
919
916
920
920
924
927
925
925
927
995
924
923
933
931
932
930
933
935
994
934
941
938
939
940
943
939
995
991
963
946
964
948
952
952
949
959
951
954
958
956
957
960
957
961
959
962
964
969
965
963
968
966
969
970
977
972
973
974
975
976
977
991
986
980
981
987
983
984
988
994
987
988
985
998
993
996
996
992
997
-1
989
990
942
