581
781
866
719
655
967
633
921
770
536
646
933
832
761
508
701
847
903
628
543
787
656
562
502
932
805
678
514
611
500
753
777
870
836
652
747
779
577
902
542
866
646
645
625
825
628
952
734
983
529
915
886
948
990
654
606
961
579
837
617
563
740
526
759
612
897
584
781
841
907
813
825
710
787
548
508
808
718
604
707
954
598
766
823
888
525
657
906
696
522
759
613
698
674
525
792
859
547
616
786
773
529
959
716
728
565
969
537
971
677
637
833
659
605
518
709
992
558
643
735
803
884
812
732
627
719
503
945
878
814
615
903
658
541
531
987
873
647
573
973
770
900
772
767
836
520
699
919
531
904
996
519
877
677
727
951
533
589
621
524
810
911
680
511
862
541
907
899
745
594
720
969
585
919
983
963
725
819
636
618
776
583
790
980
748
586
829
832
741
557
661
970
956
713
768
571
652
848
736
829
726
950
937
741
619
517
972
502
530
503
837
757
657
782
745
560
807
844
938
545
648
778
605
899
981
672
993
673
900
929
807
567
826
986
568
822
665
642
625
675
926
800
876
675
875
746
640
510
886
644
566
664
872
737
559
610
602
651
858
847
928
954
814
713
883
757
917
550
824
957
633
751
547
740
775
542
639
771
881
894
570
583
804
650
747
610
595
700
898
783
607
931
565
710
874
567
707
775
576
739
772
878
580
812
516
880
731
778
546
598
671
602
603
966
932
520
930
582
782
867
922
530
761
522
718
785
626
982
629
867
763
580
980
634
632
800
967
739
575
606
948
539
766
636
785
632
987
668
928
699
843
679
584
649
882
897
513
538
654
597
506
734
642
590
528
895
956
875
615
597
964
501
830
942
594
681
537
572
916
708
676
777
986
889
590
614
802
773
705
887
953
752
985
634
881
574
835
845
649
916
819
902
619
560
527
844
799
910
791
822
748
917
671
743
523
596
593
965
631
889
571
514
895
791
817
887
823
962
500
711
927
798
815
951
820
663
806
702
637
731
831
845
826
666
708
953
763
914
730
608
854
896
774
765
764
639
700
857
561
961
936
505
868
771
586
811
984
906
661
977
738
596
701
513
933
876
786
705
888
872
802
978
971
507
518
931
557
966
527
758
904
612
810
868
725
623
726
575
798
815
501
512
504
504
505
506
507
509
509
510
511
512
556
515
515
516
517
554
519
521
521
551
523
524
553
526
551
528
535
534
532
532
533
534
535
536
538
539
540
540
554
544
543
544
545
546
548
549
549
550
552
552
553
555
555
556
722
558
559
564
561
562
563
564
696
566
569
568
569
570
683
572
573
574
577
576
578
578
579
684
581
582
591
587
585
588
587
588
589
592
591
592
593
691
595
601
600
599
599
600
601
684
603
604
685
607
609
608
609
691
611
624
613
614
622
616
617
618
620
620
621
622
623
624
685
626
627
630
629
630
631
693
687
635
635
689
638
638
641
640
641
689
643
644
645
670
647
648
668
650
651
653
653
665
655
656
658
659
660
660
662
662
663
664
667
666
667
669
669
670
686
672
673
674
687
676
682
678
679
680
681
682
683
688
686
690
692
688
695
690
692
694
693
694
695
697
697
698
723
704
703
702
703
704
706
706
717
715
709
712
711
712
714
714
715
716
717
722
721
720
721
724
723
724
992
728
727
729
729
730
733
732
733
754
735
736
737
738
755
744
742
742
743
744
753
746
750
749
749
750
751
752
754
756
755
756
995
758
760
760
762
762
863
764
765
769
767
768
769
864
862
859
860
774
793
776
794
780
779
780
793
784
783
784
796
789
788
788
789
790
795
792
794
795
796
797
797
850
799
801
801
853
803
804
805
806
809
808
809
850
811
851
813
818
816
816
817
818
821
820
821
853
842
824
828
827
827
828
839
830
831
834
833
834
835
840
838
838
839
840
841
842
843
855
846
846
849
848
849
852
851
852
854
855
856
856
857
858
861
860
861
863
865
864
865
941
871
869
869
870
871
944
873
874
940
946
877
879
879
880
883
882
885
884
885
892
893
890
891
890
891
892
893
894
940
896
924
898
925
901
901
909
910
905
905
909
908
908
912
911
912
913
913
914
915
923
918
918
920
920
921
922
923
924
925
926
927
942
929
930
935
936
934
934
935
937
938
939
939
941
943
943
945
944
946
947
947
949
949
950
991
952
960
955
955
958
957
958
959
960
977
962
963
964
965
976
968
968
975
970
974
972
973
974
975
976
979
978
979
997
981
982
991
984
985
988
989
988
989
990
993
994
994
996
995
997
998
998
-1
