510
845
943
772
865
627
701
808
874
865
852
969
521
804
535
927
857
750
755
945
947
976
685
693
916
922
971
759
519
839
509
913
847
542
630
958
915
876
876
739
762
743
957
793
670
572
515
923
914
946
768
584
638
626
613
523
855
586
856
614
737
589
978
644
595
833
690
938
712
525
746
936
678
977
921
771
500
968
745
955
816
852
654
642
744
694
752
884
599
673
989
802
500
583
777
705
591
818
726
860
927
882
587
937
895
796
787
598
891
859
532
983
721
608
951
693
540
636
534
711
880
878
617
838
600
626
805
523
699
956
592
560
540
902
737
792
709
888
932
824
569
676
518
819
817
501
976
621
704
565
509
682
588
652
885
561
869
827
789
609
877
901
536
991
791
862
587
619
833
785
840
664
718
508
805
931
675
765
823
636
653
547
578
786
616
958
646
767
620
664
524
837
556
555
911
924
620
941
655
911
651
592
708
909
668
657
561
520
506
552
625
681
776
551
839
926
747
634
750
745
834
575
571
691
667
741
541
766
821
530
718
740
550
637
502
597
797
951
934
806
635
518
820
809
662
973
781
935
631
812
662
597
832
875
954
588
548
983
929
780
982
853
762
638
502
921
689
872
582
875
940
504
798
530
894
870
625
628
903
950
821
808
533
516
574
906
894
822
829
789
860
696
825
970
928
886
594
857
986
577
641
979
980
519
778
972
696
654
989
704
711
528
898
902
939
673
836
599
810
698
837
653
721
897
940
520
820
551
567
972
562
607
896
886
970
925
931
944
675
955
771
912
937
567
573
800
968
562
579
741
688
621
615
603
764
862
794
822
863
569
873
645
979
900
757
513
734
507
952
797
563
630
687
871
884
982
707
717
684
583
573
899
695
855
700
708
872
877
758
634
618
640
677
645
563
917
714
742
521
617
946
950
866
827
683
753
633
572
639
787
508
779
752
786
784
864
605
742
846
669
646
943
823
648
553
593
782
549
679
668
753
703
896
794
945
812
575
816
514
767
568
503
699
537
581
716
981
775
905
801
804
854
692
589
706
834
883
763
578
869
535
859
506
712
754
980
635
775
613
845
914
649
691
792
706
554
723
608
988
871
766
650
782
783
515
663
556
697
867
541
765
774
688
672
682
974
533
580
522
683
501
505
503
504
505
558
507
511
511
510
512
513
517
512
517
516
514
544
546
527
531
522
526
525
526
524
529
532
531
527
528
529
538
539
536
534
539
538
544
537
543
542
543
546
545
548
547
545
550
560
549
552
553
557
555
559
554
559
997
558
557
566
565
566
735
564
564
570
570
568
733
612
571
576
576
574
611
580
577
581
579
582
584
585
585
586
601
605
590
590
591
596
593
594
595
607
604
598
602
600
606
606
611
604
602
601
603
596
609
610
612
610
729
614
624
618
615
616
623
622
619
622
624
736
623
632
627
629
631
632
629
633
628
733
659
657
637
642
639
641
643
644
643
658
640
647
647
649
661
648
651
652
655
650
656
656
660
660
667
661
658
665
663
666
666
681
665
659
669
670
678
674
674
672
680
677
671
676
671
731
679
680
686
684
685
686
735
689
687
690
726
692
725
695
728
694
697
698
702
700
702
722
703
701
705
720
707
710
709
710
715
713
715
714
716
713
720
719
717
723
719
725
727
728
722
724
727
734
724
730
995
732
729
736
730
731
732
740
739
760
738
749
743
748
747
746
744
748
749
751
751
761
756
755
757
756
754
758
759
760
761
992
738
770
763
764
769
768
769
770
773
772
773
774
851
776
777
779
780
778
781
848
784
785
783
815
788
788
791
790
814
790
793
795
795
799
798
796
799
803
803
802
807
801
800
806
807
815
809
810
813
813
811
814
850
811
817
819
842
818
830
830
826
825
826
824
828
828
831
841
831
829
836
832
835
843
835
838
843
840
842
851
844
844
841
846
847
849
967
850
848
849
853
854
964
856
858
858
962
861
861
918
863
864
910
866
868
868
893
870
867
888
873
874
892
881
879
878
879
881
882
880
889
885
883
887
887
889
890
892
891
893
890
906
895
907
897
898
905
903
899
900
901
904
907
908
910
909
904
919
908
912
913
918
915
917
920
916
919
920
963
923
924
922
925
932
930
929
930
928
933
926
933
934
936
961
935
938
939
942
942
966
941
944
949
948
947
949
965
948
953
953
954
952
964
956
957
959
959
966
965
967
961
960
963
962
960
993
969
996
971
975
973
974
975
992
977
978
998
985
990
990
981
984
987
986
984
988
991
985
987
994
997
996
998
993
994
995
-1
