174
162
124
194
166
153
154
104
158
173
129
105
151
133
181
116
100
137
125
121
120
185
174
155
103
103
160
159
157
102
107
184
107
168
186
123
192
146
163
188
108
165
196
144
180
150
159
175
162
143
188
167
185
101
134
148
114
179
192
130
167
156
124
114
117
122
135
112
127
148
182
194
120
189
152
130
143
100
113
182
101
129
112
136
134
156
142
179
132
147
109
108
176
161
147
173
142
183
123
117
141
102
106
104
105
106
111
110
109
110
111
119
113
115
115
116
118
118
119
140
121
122
128
126
125
126
127
128
139
131
131
132
133
138
135
136
137
138
139
140
141
197
145
144
145
146
172
149
150
151
149
152
153
154
155
171
157
158
170
160
161
164
163
164
165
166
169
168
169
170
171
172
178
177
175
176
177
178
197
180
181
191
184
187
183
186
187
190
189
190
191
193
193
196
195
198
195
198
-1
