118
195
141
150
175
100
156
178
136
116
153
112
100
123
121
110
112
134
183
185
144
195
173
190
108
117
181
125
188
149
163
173
169
188
113
166
127
187
143
141
174
129
116
146
149
103
162
107
105
145
187
101
157
123
134
191
154
102
161
153
176
156
148
150
190
161
167
182
119
183
130
181
132
125
114
144
168
124
115
127
169
158
174
133
170
164
103
151
143
139
164
111
167
124
182
105
135
128
106
184
101
102
104
104
109
106
107
108
109
110
111
122
113
114
115
120
117
118
119
120
121
122
140
138
126
126
131
128
129
130
131
132
133
137
135
136
137
138
139
140
142
142
198
147
145
146
147
148
160
152
151
152
155
154
155
159
157
158
159
160
180
162
163
165
165
166
172
168
171
170
171
172
179
177
175
176
177
178
179
180
197
194
186
184
185
186
193
189
189
192
191
192
193
194
196
196
197
198
-1
