131
164
168
101
110
177
186
140
174
155
160
150
159
117
153
191
185
137
142
131
114
147
144
146
161
107
123
195
184
160
145
155
174
176
182
105
159
138
122
152
152
124
127
149
132
157
176
116
123
149
106
139
172
115
144
116
111
175
191
133
133
182
189
121
186
168
151
102
107
104
137
173
105
110
167
126
187
100
188
158
162
122
189
113
183
100
125
173
114
157
167
170
171
121
115
146
172
102
134
195
103
103
101
104
109
108
108
106
109
112
111
113
120
112
120
118
117
118
119
130
119
129
128
124
125
126
127
128
129
130
136
132
135
134
135
136
141
138
139
140
141
142
198
150
145
148
147
148
143
143
151
154
153
154
156
156
166
158
165
163
161
162
163
164
165
166
198
169
169
170
171
181
180
179
175
178
177
178
179
180
181
194
183
184
185
193
187
188
190
190
192
192
193
194
196
196
197
-1
197
