102
140
128
120
143
111
155
131
167
101
176
139
179
139
113
182
183
104
132
170
118
156
108
159
135
191
185
127
173
194
148
157
145
148
169
102
100
104
107
132
178
181
155
165
124
188
115
126
137
157
100
137
152
171
105
186
180
191
131
107
164
141
108
159
121
161
185
195
119
156
192
177
129
120
193
169
117
162
126
123
144
142
172
182
186
162
109
143
180
130
177
141
154
170
133
152
114
163
114
117
101
103
103
106
105
106
112
110
109
110
111
112
113
116
115
116
125
118
119
122
121
122
124
125
123
151
127
128
129
130
136
134
133
134
135
136
138
138
151
140
146
142
147
144
145
146
147
149
149
150
198
150
153
154
168
153
158
158
160
160
161
166
163
164
165
166
167
168
175
174
171
172
173
174
175
197
178
176
179
190
184
183
181
184
189
187
187
188
189
190
196
192
193
194
195
196
197
198
-1
