176
109
119
131
115
158
176
125
138
150
182
147
121
177
171
105
120
193
103
190
157
113
187
108
163
159
154
123
159
120
137
117
158
193
186
105
188
179
168
146
127
135
147
182
178
178
138
161
127
180
136
173
117
112
123
169
162
150
144
186
174
171
190
141
130
188
136
111
164
144
108
165
166
118
129
139
132
113
102
166
100
111
145
145
102
122
135
191
141
170
129
154
192
163
170
128
106
101
132
100
101
104
103
104
107
106
107
110
109
110
116
112
114
114
115
116
198
118
119
126
121
122
124
124
125
126
156
128
134
130
131
133
133
134
153
143
137
140
139
140
142
142
143
152
149
146
148
148
149
151
151
152
153
155
155
156
157
198
160
160
161
162
185
164
165
167
167
168
169
175
172
172
173
174
175
185
177
181
179
180
181
183
183
184
196
184
187
189
189
196
191
192
194
194
195
197
195
-1
197
