127
191
176
195
126
166
113
145
146
141
181
116
171
144
129
193
117
151
153
105
116
135
137
153
155
127
142
100
169
150
134
140
151
110
189
129
178
167
165
190
107
150
182
123
122
181
139
130
103
104
162
111
178
101
110
107
128
131
166
124
169
191
175
171
172
139
115
165
130
118
122
161
173
161
103
138
183
134
179
148
177
135
157
102
175
104
115
117
144
136
100
123
183
174
184
193
108
141
154
189
101
102
114
106
105
106
109
108
109
112
111
112
113
114
121
120
119
118
119
120
121
198
125
124
125
126
164
128
133
132
131
132
133
160
159
136
137
138
149
140
143
142
143
147
145
146
147
148
149
158
152
152
156
154
155
156
157
158
159
160
163
162
163
164
197
168
167
168
170
170
188
172
173
174
187
177
180
176
179
180
186
182
184
185
185
186
188
196
187
190
192
192
194
194
195
196
198
-1
197
