494
342
326
270
241
191
157
149
136
94
86
79
62
26
16
473
461
453
431
383
382
371
370
332
298
261
223
185
180
167
148
57
39
25
146
34
1
255
10
423
484
235
413
442
488
334
260
462
135
13
491
49
174
9
225
52
486
163
420
367
81
164
179
322
257
95
40
105
414
74
290
23
160
111
331
0
341
443
127
259
307
339
475
72
386
353
124
285
304
35
344
365
71
177
320
309
7
69
73
251
268
306
277
487
216
279
20
266
123
99
378
245
377
418
467
415
419
318
264
41
50
107
271
11
400
327
110
265
183
147
324
483
478
210
84
479
489
137
240
211
299
436
292
130
464
176
217
236
8
399
387
360
319
417
427
349
364
31
150
15
291
376
249
369
46
497
253
215
97
301
172
476
325
390
273
18
51
76
293
485
308
441
262
90
289
281
125
141
208
222
296
302
347
204
357
469
89
451
30
481
238
138
448
315
406
459
68
358
362
454
200
374
218
231
363
477
426
60
63
166
388
106
458
158
343
493
276
345
457
201
366
78
340
422
17
403
196
170
244
12
283
27
313
21
118
394
237
92
392
305
212
67
55
101
134
29
203
372
446
275
151
250
450
184
495
465
44
206
455
54
384
155
193
128
115
22
490
228
143
129
36
433
169
373
192
375
242
434
145
321
181
466
480
346
312
263
409
224
408
213
230
33
77
207
19
337
267
114
380
336
361
278
82
323
197
297
314
229
173
56
175
144
447
120
219
397
182
117
122
316
468
401
258
463
385
492
38
100
407
437
116
498
354
439
87
350
234
140
398
482
254
425
294
221
198
368
351
239
171
3
438
432
335
226
190
499
449
295
421
440
474
287
280
356
404
393
247
113
14
246
274
460
286
139
288
132
496
424
243
405
75
348
6
153
209
61
256
156
2
272
284
159
65
45
24
199
233
162
186
391
202
396
154
470
42
152
355
428
4
300
214
32
352
93
445
91
359
311
131
178
104
5
338
227
103
58
48
88
126
66
220
379
168
96
98
303
188
269
410
310
472
85
333
329
444
317
471
395
133
43
328
109
165
70
161
430
59
194
112
252
389
456
47
282
102
80
411
205
452
142
429
232
108
53
187
28
83
402
119
195
412
64
330
381
189
416
121
37
248
435
