677
842
984
577
701
725
767
598
600
704
674
915
964
867
659
904
837
778
897
914
850
623
754
673
809
717
704
719
661
851
521
648
550
522
538
873
667
943
726
611
951
956
723
962
865
570
849
794
596
608
682
838
629
558
852
510
961
635
940
748
526
912
827
617
711
824
836
534
569
623
864
903
952
566
535
503
762
539
717
927
902
955
818
810
570
709
553
744
972
629
707
653
557
566
986
724
524
664
699
678
707
500
731
961
878
578
869
906
860
510
577
741
599
625
536
551
780
860
806
637
607
874
804
830
750
977
655
843
898
903
985
721
864
912
647
929
964
849
924
630
582
862
571
631
908
711
678
764
735
753
574
511
901
552
687
625
594
776
833
821
801
820
606
568
939
756
538
700
714
922
736
646
928
802
743
502
920
624
679
987
507
780
517
812
751
945
656
524
527
686
559
593
787
971
648
660
938
640
896
798
677
974
654
667
818
739
768
847
933
652
797
923
586
966
762
561
616
846
729
823
944
665
527
871
879
741
597
755
567
969
978
664
989
501
713
608
963
908
672
630
557
772
613
685
980
861
585
520
601
685
917
614
761
949
796
530
716
828
730
844
967
781
895
802
872
500
944
590
784
836
574
772
839
556
956
930
801
931
934
815
831
839
782
529
926
797
932
895
830
817
773
907
611
513
525
563
952
779
518
654
863
768
965
787
550
560
799
729
530
671
576
769
769
718
847
519
937
712
514
822
748
921
628
609
798
551
840
599
705
591
942
575
826
505
547
687
774
766
632
528
873
619
751
512
702
541
763
819
503
683
947
913
614
595
808
771
990
616
712
842
841
651
907
705
739
832
585
587
605
973
663
767
645
505
523
891
673
535
573
832
700
897
902
966
564
532
565
868
983
805
901
675
655
596
939
811
931
541
651
813
745
604
580
649
508
825
560
509
721
844
737
760
927
537
736
942
784
846
724
594
671
813
634
657
658
917
805
562
514
941
513
821
749
575
666
826
918
771
756
781
785
598
631
989
639
940
722
615
644
633
738
778
972
869
752
747
848
984
969
518
588
865
814
737
816
723
973
820
918
572
526
920
509
668
808
871
600
913
708
615
533
930
670
983
786
980
965
682
803
753
612
761
898
645
932
714
970
773
953
732
501
502
506
504
507
504
698
508
506
543
511
512
516
516
515
517
515
546
520
522
519
523
521
545
525
548
545
529
531
528
532
534
533
531
546
536
537
549
539
540
547
540
544
542
549
542
544
548
543
554
554
552
553
555
556
692
555
558
559
694
561
562
565
564
592
563
567
569
584
568
572
573
571
581
580
576
579
578
579
581
583
583
584
582
589
586
587
589
590
588
591
592
593
690
595
641
597
642
602
603
603
606
610
605
601
604
602
610
607
627
609
612
613
621
621
618
618
622
617
624
622
620
619
620
626
626
627
628
642
638
636
633
634
632
635
636
639
640
637
638
643
695
643
641
647
644
650
646
649
650
694
652
653
691
662
660
662
661
657
658
656
663
659
696
665
666
669
670
692
668
669
672
676
675
676
674
684
680
679
681
684
680
681
690
683
686
688
688
693
693
697
699
689
695
696
698
689
691
697
998
702
703
701
881
706
706
710
709
710
708
888
885
713
715
715
716
720
718
719
720
733
722
728
726
725
727
727
728
734
732
734
730
731
735
733
884
746
738
742
740
742
740
743
744
746
886
747
745
749
750
757
758
754
752
755
759
759
888
757
758
766
760
763
765
765
790
764
794
770
770
793
777
775
777
776
792
775
774
779
791
783
782
783
788
786
789
789
785
793
788
795
887
790
795
792
791
800
796
799
800
889
880
803
806
807
807
804
889
809
810
811
812
892
814
815
817
880
816
819
894
859
822
823
824
825
834
833
829
835
828
831
835
827
829
856
834
859
838
841
837
856
840
843
858
845
854
845
848
853
851
853
850
855
852
858
857
857
887
855
854
862
863
861
879
866
866
867
870
870
868
878
875
875
872
877
874
877
882
876
876
883
886
893
890
892
882
884
893
883
890
885
894
899
891
881
896
900
899
703
900
997
911
905
905
906
904
910
909
909
910
911
996
916
914
915
916
992
919
919
923
922
925
921
925
958
926
924
928
929
960
936
935
933
934
935
936
957
938
950
937
941
947
943
946
945
946
948
948
949
950
959
955
953
954
958
954
951
993
959
960
957
962
991
982
963
968
967
968
978
970
971
979
974
977
975
976
979
975
976
981
981
982
994
988
985
986
987
988
994
990
995
998
991
992
995
996
993
-1
997
