547
596
861
825
780
519
539
955
871
812
918
584
852
548
832
741
936
556
957
526
552
876
501
521
626
512
693
908
570
575
958
903
966
744
649
557
830
691
557
837
798
601
983
782
818
662
767
867
595
718
697
937
690
972
812
832
839
837
524
637
947
900
710
679
960
615
517
935
525
567
865
659
977
743
964
830
634
648
907
760
984
904
969
833
868
601
819
875
592
762
818
883
930
959
672
765
824
926
927
662
533
543
725
544
736
540
848
976
604
766
709
652
631
815
647
884
792
868
500
887
658
788
591
687
588
814
769
598
616
762
625
535
764
632
625
605
511
813
520
505
618
834
790
638
791
905
893
588
699
793
727
698
579
848
821
540
624
937
522
503
590
864
768
847
575
653
733
665
896
605
819
824
759
878
518
686
953
891
862
889
645
623
810
846
524
624
530
761
820
558
915
661
815
617
651
710
943
571
581
853
675
742
664
673
890
979
579
781
528
636
768
655
603
770
892
806
849
691
874
836
733
612
680
638
532
951
912
865
584
836
585
789
909
606
647
779
689
950
787
528
845
666
676
801
610
911
675
635
915
697
644
515
975
771
737
855
671
701
711
714
860
502
558
608
747
610
854
580
503
549
676
939
927
831
833
748
574
641
706
763
655
949
708
962
553
782
853
773
870
506
570
785
888
854
703
537
797
771
929
633
654
759
955
536
973
597
685
901
732
641
772
890
798
577
971
870
596
923
882
963
682
892
976
525
521
534
905
736
535
775
941
696
963
973
541
754
850
713
863
995
872
891
810
805
990
688
576
611
784
969
546
741
794
634
883
943
712
820
796
901
938
547
504
871
917
867
665
533
860
694
674
548
740
971
738
835
840
959
925
918
597
627
509
791
582
835
885
734
668
806
744
516
649
974
717
838
717
967
637
764
735
615
589
714
866
554
650
932
928
945
885
621
792
749
598
919
518
602
537
928
659
964
936
906
952
531
643
946
690
500
725
849
580
948
787
612
703
687
552
551
874
965
592
642
859
700
613
538
523
671
947
916
956
957
643
750
576
692
742
757
895
903
508
966
739
800
534
920
673
801
559
902
711
728
704
795
758
799
732
958
663
658
550
660
685
784
512
678
886
910
589
952
506
747
752
661
511
944
780
786
501
510
504
502
505
507
509
508
516
510
507
514
513
517
513
514
515
573
519
563
523
520
562
522
527
526
527
529
529
565
531
532
569
530
561
536
545
538
539
542
542
546
541
545
569
544
543
566
550
551
549
555
553
554
555
562
560
556
559
560
567
572
568
566
563
561
565
564
564
568
571
572
573
998
578
574
577
578
586
586
581
583
587
585
583
582
587
632
594
594
593
590
591
595
593
621
600
600
599
608
599
602
603
604
607
606
607
609
609
622
614
614
611
619
613
617
619
616
620
618
623
622
620
630
628
627
628
626
629
631
629
633
630
730
635
730
639
636
639
640
729
642
640
645
657
644
656
648
646
650
652
653
651
654
656
646
657
726
724
669
667
660
664
670
663
666
667
670
669
723
668
672
684
680
677
674
677
681
682
678
681
679
683
684
720
683
688
686
689
705
696
692
694
695
693
702
695
698
700
701
699
702
707
706
705
722
707
704
716
708
709
715
713
715
712
716
724
719
719
721
727
723
721
720
722
718
728
726
731
997
731
729
756
734
735
751
738
739
737
751
753
740
743
745
746
748
749
746
750
745
753
754
755
755
752
756
996
758
760
757
779
763
761
778
765
767
776
766
769
776
773
770
777
772
777
829
774
778
775
774
781
828
783
808
786
783
785
788
789
809
808
803
794
795
793
796
797
804
800
802
799
802
804
811
805
803
807
809
811
817
790
807
813
814
816
816
817
826
823
823
821
822
827
822
825
829
827
994
826
828
994
843
831
834
841
844
842
838
839
840
841
844
845
842
843
856
847
851
846
851
857
850
856
852
855
858
858
985
857
861
859
863
877
862
880
864
869
866
869
881
873
873
877
872
876
878
875
881
879
880
934
879
884
882
897
887
889
886
896
888
899
894
893
894
895
899
898
900
897
898
923
902
914
904
912
906
907
909
911
908
913
910
913
914
924
917
921
916
920
921
919
922
935
924
925
922
931
926
929
930
931
933
934
942
933
932
939
938
940
940
941
942
987
944
945
946
991
948
949
954
954
950
951
991
953
956
989
986
961
960
961
962
985
978
965
967
968
968
970
970
981
972
981
975
980
979
977
982
982
974
983
978
980
988
987
990
992
989
986
993
992
988
984
996
993
-1
998
995
997
