3 0 0 3 0 0 0 2 0 1 1 0 1 0 3 0 1 1 1 1 1 0 0 0 2 1 0 2 0 0 1 0 1 0 0 0 0 0 0 0 1 0 17 0 0 1 0 2 4 0 0 0 0 0 0 0 0 0 0 0 0 0 2 0 0 1 1 0 0 0 0 0 0 0 1 0 2 0 0 1 0 0 3 1 2 2 1 0 2 1 0 0 2 0 1 3 0 0 0 0
2 3 2 2 0 2 5 0 3 2 2 0 2 2 9 11 0 2 6 4 1 16 0 1 2 5 1 2 2 1 3 3 3 4 3 8 0 2 0 9 7 9 0 0 7 4 1 1 6 10 1 3 12 3 10 10 3 0 0 4 0 11 6 5 0 7 1 0 2 2 5 13 0 8 4 4 14 23 8 11 1 6 2 4 1 4 4 6 0 1 0 8 1 3 10 0 0 5 5 3
0 1 5 10 15 5 14 4 6 13 3 3 10 7 4 3 27 18 0 3 1 3 0 28 24 1 17 8 2 3 9 4 18 2 3 1 0 13 0 40 2 22 0 3 15 0 0 3 6 2 3 7 16 3 13 10 0 2 7 6 2 15 7 12 9 13 3 0 0 9 16 0 16 19 9 12 3 5 14 0 5 12 2 5 7 0 0 21 5 1 4 1 0 2 8 30 6 32 1 0
2 0 3 3 5 0 0 0 8 4 1 6 1 10 1 2 1 9 8 2 6 1 4 0 4 0 5 1 3 1 10 3 3 4 0 6 8 0 6 1 16 1 1 0 6 4 2 2 0 3 1 5 2 0 0 13 10 8 4 3 8 0 2 8 0 8 1 3 12 5 0 4 1 0 2 10 1 0 2 3 6 8 26 0 11 1 0 4 6 3 11 3 0 1 0 10 11 3 10 9
0 0 2 0 1 2 8 0 7 10 1 7 3 1 10 0 0 1 4 0 3 4 3 1 1 8 8 18 2 1 0 8 0 6 2 1 0 10 12 10 1 2 13 0 5 4 2 1 6 16 2 3 6 4 2 6 3 4 9 7 2 15 0 3 0 11 6 1 4 2 3 0 2 3 13 1 11 3 1 7 0 0 2 2 6 3 0 1 0 5 3 8 3 1 4 1 0 2 4 8
2 1 2 3 2 3 3 0 7 7 3 0 12 1 0 2 1 1 3 0 4 10 11 0 2 11 1 2 3 2 17 2 3 5 1 2 0 5 0 3 1 0 0 0 2 7 4 3 0 0 8 1 2 2 12 7 5 0 4 2 2 4 2 0 1 0 3 2 2 2 6 10 7 4 1 3 3 1 17 1 6 7 4 0 1 0 3 2 5 8 7 9 10 1 10 0 0 12 10 1
0 0 2 0 0 0 0 2 3 0 0 0 0 3 0 0 0 2 0 0 0 2 0 0 0 0 0 0 1 0 0 0 0 1 1 1 0 0 0 0 0 0 0 0 0 0 0 0 1 0 0 0 1 3 0 0 1 2 2 1 0 0 0 0 0 1 0 3 0 0 0 0 3 1 0 0 3 1 2 1 0 0 0 0 0 1 0 0 0 0 0 0 0 0 5 2 1 0 0 0
0 9 0 4 0 1 1 5 2 6 3 12 9 12 2 11 2 6 8 5 0 7 4 1 8 3 8 12 4 3 1 7 0 4 7 2 1 2 4 3 4 0 0 5 0 6 0 0 3 7 2 6 7 5 0 9 5 7 2 7 9 1 0 20 0 5 3 3 6 4 3 8 3 4 0 1 0 3 13 5 1 4 2 1 1 4 7 5 0 0 1 3 6 5 4 4 1 9 2 0
1 1 2 9 11 1 6 2 1 0 1 4 0 0 5 1 23 1 4 21 4 12 2 1 13 1 0 11 7 4 10 7 3 0 3 1 2 9 2 0 7 0 3 10 0 8 2 6 5 10 1 3 13 3 52 2 2 4 6 0 0 1 0 6 0 3 3 3 0 0 3 3 0 4 1 6 7 1 6 0 8 5 1 11 5 6 7 0 0 9 3 3 6 12 4 3 4 2 5 8
3 35 1 1 5 3 2 10 4 1 2 0 7 6 3 0 1 1 7 1 8 15 6 2 5 3 12 3 0 3 9 6 5 1 4 13 4 13 0 3 3 7 3 7 10 11 4 17 20 2 4 0 3 1 8 3 7 7 6 7 0 1 9 7 0 15 7 1 6 3 1 0 3 1 5 1 7 6 0 2 8 1 0 1 11 20 6 0 2 0 16 2 6 16 1 9 3 3 4 7
6 2 0 2 5 1 0 0 7 4 1 17 4 0 2 3 3 3 2 6 21 0 0 2 5 2 2 0 1 3 3 1 24 12 48 0 0 4 3 5 3 2 1 2 2 11 9 4 6 0 4 3 1 5 3 4 2 1 27 1 17 2 1 2 13 1 1 4 2 8 8 2 0 0 13 0 6 14 13 0 15 3 14 12 8 21 14 5 5 7 13 7 1 1 11 8 1 37 2 9
1 0 1 0 1 0 2 0 1 0 1 1 0 7 0 0 4 0 1 0 0 2 1 2 0 0 0 0 0 1 0 3 0 0 0 0 1 0 0 1 0 0 0 0 3 0 0 0 0 0 0 0 5 0 1 2 0 0 0 1 1 0 0 0 0 0 0 2 3 0 1 0 5 1 2 2 0 0 11 1 0 0 0 1 2 1 1 0 1 0 3 0 0 1 0 0 1 0 0 0
3 2 8 5 5 1 2 2 2 0 2 0 7 5 0 2 9 0 3 1 1 2 2 26 0 4 0 0 2 1 4 1 4 1 10 3 3 11 1 14 5 1 15 5 2 7 4 7 1 11 6 1 3 1 1 18 2 2 14 4 4 7 5 14 5 2 1 1 4 5 0 7 1 1 8 0 0 3 0 0 1 3 0 5 5 8 11 6 6 4 1 2 0 1 8 1 1 2 1 3
0 9 0 1 3 1 6 0 3 6 7 0 8 2 9 1 0 3 0 8 0 1 13 0 2 2 1 2 2 7 24 1 0 1 0 3 4 5 2 1 10 0 2 15 1 2 7 5 1 4 9 5 1 4 6 3 0 4 8 2 16 26 4 4 1 0 5 5 6 1 20 1 0 1 5 7 0 1 1 6 1 1 15 7 10 0 2 5 3 0 2 2 2 3 3 7 5 0 11 0
0 2 20 0 14 8 18 3 3 3 2 6 0 0 4 6 12 1 10 4 2 9 8 23 4 4 15 2 10 3 11 22 1 5 27 14 11 0 16 2 17 8 11 2 5 12 2 4 3 0 18 1 9 2 29 3 1 5 0 8 6 8 13 6 2 10 0 4 2 11 2 3 12 9 4 3 3 11 32 4 10 4 9 0 17 0 16 1 7 8 6 1 3 7 1 0 4 23 11 9
6 7 2 13 0 1 29 1 18 31 0 0 5 0 14 2 4 14 0 10 3 2 2 9 8 0 12 1 15 4 3 1 1 2 1 12 2 3 6 11 1 4 16 0 2 4 10 1 11 21 7 9 0 0 3 2 1 0 3 0 9 30 2 3 30 4 3 5 4 6 0 3 6 4 3 12 0 5 0 1 11 4 11 9 17 0 38 13 3 0 3 0 4 1 1 5 3 14 14 4
3 0 4 4 0 23 2 3 9 0 2 13 1 0 0 1 1 3 2 15 0 1 6 13 11 1 12 1 3 26 13 3 24 5 1 9 4 6 1 3 15 20 3 4 5 6 0 5 7 2 10 0 5 7 0 7 8 13 5 11 4 9 0 1 0 3 32 9 14 6 6 8 3 14 0 31 1 0 1 5 1 5 2 30 10 0 24 4 3 0 5 6 7 11 3 5 12 11 3 1
2 3 23 5 8 2 6 1 2 0 0 11 0 1 3 5 17 6 16 10 9 0 10 13 0 26 4 2 1 13 1 10 2 13 8 8 6 1 0 16 4 11 14 1 7 3 3 2 8 2 1 15 6 2 4 17 1 7 3 13 5 3 0 1 24 1 19 10 10 12 0 1 0 4 3 4 0 12 1 4 1 12 20 8 10 16 14 17 0 7 27 19 2 1 8 12 0 9 16 13
0 0 3 0 2 1 2 0 1 0 1 0 0 1 1 0 1 0 2 1 0 0 0 1 0 0 0 0 0 0 1 0 1 1 0 1 0 0 1 1 0 0 0 2 1 1 1 2 2 0 1 0 6 1 1 1 0 0 0 0 1 0 3 0 0 0 0 0 0 0 0 0 0 0 0 2 0 0 1 0 0 4 1 0 0 0 0 0 1 0 0 0 0 0 0 3 2 0 0 0
8 1 22 2 9 2 2 3 0 17 2 2 21 9 21 8 14 24 1 9 9 3 0 2 1 11 28 3 0 2 3 1 5 0 5 3 11 2 2 13 5 2 4 2 3 2 12 0 6 2 4 3 8 2 17 10 6 18 1 2 3 41 8 7 13 7 10 13 0 17 9 21 7 2 3 15 1 1 5 1 2 5 1 8 12 2 4 8 5 25 16 13 13 6 11 13 0 17 4 1
0 5 10 5 0 2 4 1 6 0 31 11 0 11 10 0 5 6 2 8 0 11 0 3 2 2 1 7 12 1 1 16 0 4 5 8 2 14 1 4 14 0 6 0 43 1 1 6 2 9 4 8 2 1 1 4 4 0 8 1 3 2 0 11 4 4 0 2 0 2 2 4 13 1 1 3 0 8 17 2 2 4 0 3 1 15 2 8 0 2 1 1 0 5 1 9 3 0 5 0
17 9 11 1 4 10 0 13 11 12 11 11 1 14 6 4 0 0 0 11 2 2 30 26 11 8 17 10 7 17 7 2 12 8 0 9 7 7 2 20 8 7 1 22 11 24 0 30 6 26 2 0 24 13 23 4 4 3 6 15 20 0 4 8 33 7 0 0 0 0 3 6 6 0 12 7 11 4 0 3 8 9 6 25 15 13 3 32 11 24 3 10 1 4 1 25 1 2 16 5
7 3 19 1 0 6 1 3 3 6 2 2 7 12 5 8 9 14 1 18 33 0 2 1 28 4 11 17 3 0 1 2 1 0 5 3 0 0 4 2 0 3 6 1 4 3 15 5 6 38 2 12 6 2 2 5 8 16 2 12 10 0 1 0 15 11 20 9 2 1 1 3 0 20 1 3 5 3 1 0 2 4 9 5 16 17 0 18 14 14 0 5 13 16 0 13 6 0 0 13
0 1 1 2 2 2 0 2 2 0 0 1 1 1 0 0 0 0 1 2 0 0 1 0 0 0 0 0 0 0 0 0 2 0 0 3 1 0 0 0 0 0 13 0 0 0 0 0 8 1 1 1 0 1 0 0 0 0 0 0 0 0 0 0 0 0 0 0 0 0 0 0 3 0 1 0 2 0 0 2 0 1 0 0 1 0 0 0 0 0 0 0 0 0 1 2 0 0 1 0
0 2 12 1 0 0 17 4 3 31 0 8 1 7 0 3 9 0 8 20 1 1 2 6 7 0 4 10 0 3 0 5 0 0 7 1 9 8 3 10 6 7 11 1 0 4 1 0 1 1 4 0 12 4 0 7 1 2 1 8 0 2 13 5 1 8 9 1 1 3 1 3 3 16 10 3 0 1 19 0 7 2 2 0 2 17 5 4 3 5 11 2 23 1 0 0 0 27 3 1
3 9 2 0 7 3 0 12 3 3 6 8 1 3 3 3 3 13 0 6 1 9 3 8 0 3 4 3 3 17 0 3 4 1 0 7 16 2 6 7 4 10 2 9 14 2 4 3 2 0 2 20 1 2 0 1 1 0 4 2 8 3 2 3 0 4 9 0 6 0 6 6 5 1 0 1 2 10 1 0 0 0 0 3 0 5 0 0 1 8 2 5 7 4 3 16 1 8 2 0
7 0 5 0 1 0 4 7 3 6 1 4 4 0 2 2 2 15 2 2 1 10 3 1 2 7 1 0 6 1 11 0 9 0 13 1 13 2 3 7 1 7 1 4 4 4 9 3 1 6 5 17 2 2 3 14 4 2 16 0 6 1 0 5 2 4 2 0 2 1 5 5 0 13 1 12 6 3 4 0 0 6 5 7 0 0 5 9 0 0 3 0 1 3 0 3 1 1 5 1
0 1 1 0 0 0 0 0 0 0 1 0 0 0 2 1 1 0 0 0 0 0 0 0 0 1 0 1 0 0 0 0 0 0 0 0 0 0 0 0 0 2 0 0 0 0 0 1 0 0 0 1 1 0 0 0 0 0 1 0 1 2 1 0 0 0 1 0 0 0 0 0 0 0 0 2 0 1 0 0 13 0 0 0 0 0 0 1 0 0 0 1 2 1 0 0 0 0 0 1
3 5 1 0 1 1 0 4 2 0 7 5 7 5 6 2 5 6 5 2 4 4 0 3 0 0 0 7 1 2 2 5 4 4 6 9 2 0 1 1 7 26 1 4 0 15 10 10 0 0 22 0 2 0 0 2 1 1 10 7 0 2 4 0 0 1 8 2 1 2 0 5 6 1 2 7 1 1 5 8 0 4 2 3 9 6 2 0 5 1 9 1 10 1 0 0 2 1 0 1
0 23 9 23 21 11 21 9 14 3 12 8 4 0 4 7 1 19 8 14 4 3 13 6 4 5 18 2 18 3 6 8 18 2 0 8 14 7 1 8 1 12 17 10 12 11 7 3 2 8 20 36 1 2 3 1 36 8 4 12 1 15 8 11 10 1 2 3 7 21 13 3 0 0 12 6 0 2 21 8 5 2 1 14 9 12 19 3 7 6 1 23 6 4 11 2 0 5 0 0
0 0 0 0 0 0 1 0 0 0 0 1 2 0 0 0 0 0 0 0 0 2 0 0 0 0 0 0 0 0 1 0 0 0 0 0 0 0 4 0 0 0 0 0 0 0 0 0 3 0 0 0 0 1 1 0 0 0 0 0 1 0 0 0 0 0 0 0 1 0 0 0 0 0 1 1 0 0 3 0 1 0 0 0 0 0 2 0 1 0 0 0 0 9 0 1 0 0 1 0
4 0 2 13 0 1 8 12 5 7 12 28 1 3 3 12 16 3 10 2 0 5 1 18 17 4 4 18 8 6 0 3 3 0 4 11 2 0 1 10 5 13 2 4 8 3 9 1 24 9 1 18 2 10 5 23 9 13 1 17 14 0 7 4 14 2 9 10 7 0 2 6 0 1 6 2 6 16 6 7 0 20 7 0 0 0 3 5 14 5 5 8 0 0 5 0 9 2 13 17
0 0 0 0 0 0 1 1 0 1 0 0 0 5 0 0 1 0 0 0 0 3 0 0 1 9 0 0 0 0 0 0 0 0 3 0 1 1 1 0 0 3 0 0 1 1 0 0 0 0 0 0 3 0 23 1 1 0 0 0 3 0 0 0 1 1 0 1 0 0 0 0 0 0 0 0 2 0 5 5 1 0 0 0 0 1 1 2 0 1 2 1 1 1 0 2 0 1 0 1
1 0 0 0 1 2 0 0 0 0 0 1 0 0 0 0 0 1 0 0 3 1 2 0 0 1 0 1 1 0 1 0 0 3 0 0 0 0 0 0 1 1 3 0 0 0 0 0 10 2 0 3 0 0 0 0 0 0 0 1 0 2 2 0 0 0 1 0 0 0 0 0 0 1 0 0 3 1 0 0 0 0 1 0 0 0 0 2 2 1 1 1 1 1 1 0 0 0 0 0
2 9 0 5 11 9 0 0 9 4 0 8 1 0 3 6 1 9 5 0 1 0 3 5 1 0 1 3 0 0 1 0 7 4 7 1 1 0 1 10 0 5 1 6 2 1 2 4 0 5 0 1 1 6 1 18 3 1 1 2 3 8 0 0 14 0 1 7 7 3 1 0 0 2 0 4 0 8 0 0 12 2 11 0 2 0 22 5 1 0 16 15 2 3 5 4 1 2 10 3
2 0 5 15 2 0 1 5 10 1 2 0 1 3 6 2 2 6 4 4 6 0 1 4 9 2 23 0 4 1 1 0 0 12 5 5 3 0 1 20 5 0 6 3 0 7 3 5 2 6 1 3 30 4 4 4 21 3 6 2 4 0 5 16 2 2 0 1 2 4 2 3 6 0 0 4 1 8 0 8 2 3 2 5 8 9 1 4 3 1 1 2 0 0 1 1 9 0 7 0
0 2 0 6 7 0 1 3 22 0 10 0 3 6 9 1 6 0 0 1 1 12 15 2 12 11 1 2 1 7 3 0 0 2 2 15 0 8 2 12 0 9 2 0 3 2 6 3 2 4 2 5 3 2 5 0 11 0 14 4 2 15 0 3 13 1 4 12 0 5 23 4 6 0 2 3 3 8 2 6 1 0 6 4 0 8 7 5 2 2 5 13 3 1 6 14 17 1 1 0
1 0 2 1 0 0 1 0 0 0 0 0 0 1 0 0 0 0 2 1 0 0 1 0 0 1 1 0 0 0 10 0 0 1 0 0 0 0 0 1 0 0 1 0 2 0 1 0 0 0 1 1 0 0 0 7 0 0 0 3 1 0 2 0 1 0 0 2 1 0 0 0 0 0 0 0 0 0 0 0 0 0 0 2 0 0 0 0 0 2 0 0 0 1 0 0 0 2 0 0
3 5 1 1 15 3 7 7 0 1 0 1 15 3 2 1 2 8 3 0 16 0 0 0 1 6 0 5 0 8 10 1 0 12 0 4 3 5 0 0 7 5 11 1 0 5 0 11 14 0 2 2 6 11 9 8 3 2 3 7 3 0 0 0 2 9 2 6 7 1 0 14 1 5 0 10 0 3 8 1 29 2 1 4 0 1 4 2 3 2 18 0 15 9 6 12 14 3 0 5
0 0 0 0 0 0 1 0 0 1 0 0 0 0 0 2 0 0 0 0 1 2 0 2 1 1 0 0 0 4 2 0 0 1 0 0 0 1 0 0 0 2 1 0 0 0 0 0 3 0 0 1 0 0 0 1 0 0 0 0 0 0 3 0 0 2 1 1 2 1 1 0 0 0 0 1 9 2 0 0 0 0 0 1 1 0 3 0 0 0 0 0 0 6 0 0 3 0 0 1
0 0 0 0 0 1 0 0 0 4 0 1 1 0 0 0 1 0 0 0 0 1 0 0 3 1 0 0 0 2 0 1 0 0 0 2 0 0 0 0 1 0 0 0 0 0 0 0 7 1 1 0 1 0 0 0 0 0 0 0 0 0 0 0 0 0 1 0 0 0 0 0 1 0 1 0 2 0 0 0 3 0 0 0 1 0 0 0 0 0 0 0 0 0 0 1 0 1 0 0
4 0 2 5 7 17 16 0 4 16 4 4 5 7 4 7 1 1 0 1 7 1 4 7 7 21 6 7 1 1 4 5 1 2 9 2 1 1 2 0 10 14 8 3 0 3 15 3 6 1 0 13 6 7 5 1 1 8 2 7 3 0 0 1 1 0 6 7 5 0 4 8 9 2 4 5 9 7 10 1 1 6 7 7 1 9 4 2 0 11 0 1 0 0 14 5 24 11 0 7
7 1 2 2 6 8 7 10 6 1 1 20 0 2 6 0 0 4 5 10 15 2 12 3 0 4 3 9 0 5 0 1 0 2 0 4 5 7 15 6 5 5 3 0 1 7 7 6 0 4 14 0 0 2 0 4 6 12 1 1 8 3 0 2 5 4 3 4 8 6 9 3 1 8 8 1 1 0 0 1 2 24 0 6 5 1 13 5 2 28 7 9 1 0 9 4 9 3 1 2
0 1 0 0 0 0 1 0 0 1 0 0 1 1 0 0 0 0 0 0 0 1 0 0 1 0 0 0 1 2 11 0 0 1 0 0 0 0 0 0 0 1 0 1 0 0 0 0 0 0 0 0 0 0 1 0 0 2 1 0 0 0 1 0 0 0 1 0 0 1 0 0 1 4 3 4 0 0 2 2 1 0 0 1 0 0 0 0 0 0 0 0 0 5 0 0 0 0 2 0
0 0 1 0 0 0 1 0 0 1 1 0 1 0 0 1 0 1 0 0 0 1 1 0 0 1 0 0 0 1 0 0 0 0 0 0 1 0 0 2 2 0 5 0 0 0 0 1 0 0 2 0 0 0 0 0 0 0 0 0 0 0 1 0 0 0 0 0 0 0 0 0 0 0 0 0 1 0 0 0 0 1 0 0 0 4 1 0 0 0 0 0 0 1 3 0 0 2 1 0
0 1 2 4 1 1 2 1 16 3 0 0 0 0 6 6 0 1 4 4 0 0 17 2 2 0 0 3 9 1 1 0 7 4 1 7 2 2 4 6 0 0 7 9 0 11 5 10 5 12 2 5 0 9 1 5 12 9 2 1 1 4 5 2 3 1 2 1 2 2 8 1 5 3 2 15 2 2 0 0 7 7 0 6 9 2 0 7 0 5 1 3 0 8 7 11 2 1 4 1
0 0 0 1 0 0 6 0 0 0 5 0 0 1 1 0 4 0 0 0 0 0 1 2 0 1 0 0 0 1 0 5 0 0 0 0 1 2 0 1 2 1 0 0 2 1 1 0 0 1 0 1 1 2 1 0 0 0 1 0 1 0 0 0 1 0 0 0 0 0 0 0 0 0 0 2 0 1 0 0 0 0 1 0 0 0 0 0 2 0 0 0 0 0 0 0 0 0 0 0
14 9 5 10 4 17 7 9 17 16 2 2 1 4 21 10 16 6 6 6 9 12 11 13 7 2 4 47 5 29 4 11 3 0 12 2 23 0 11 9 7 4 5 3 3 7 9 20 14 0 13 0 16 14 5 7 2 4 23 19 3 12 4 5 1 2 3 17 8 1 1 1 0 0 2 4 2 49 0 8 7 0 28 44 1 4 8 5 17 7 6 1 5 2 6 1 2 12 10 0
4 3 4 0 5 3 13 1 3 4 5 1 1 9 3 10 0 3 8 4 23 18 0 0 0 0 1 0 5 5 3 2 1 3 5 0 6 4 11 3 8 3 8 5 1 0 0 1 5 9 3 0 1 1 0 2 0 5 1 2 11 10 0 4 8 1 1 1 1 4 4 0 5 9 3 7 15 5 0 7 1 6 3 0 3 2 0 1 2 7 1 2 0 18 6 4 0 10 8 12
1 0 1 0 0 0 0 2 0 0 0 0 0 0 0 0 0 5 0 0 0 0 0 0 0 0 0 0 1 0 2 0 0 0 0 1 0 0 1 0 0 0 0 0 0 0 0 0 0 0 0 0 0 0 3 0 1 0 0 0 0 0 0 0 1 0 0 0 1 1 0 1 0 0 0 0 0 2 1 0 4 0 0 1 2 0 0 0 0 0 0 0 0 0 1 0 1 0 0 0
2 0 1 0 0 1 0 0 0 0 0 1 3 0 0 1 0 0 0 0 0 0 1 0 0 0 0 1 0 5 1 0 0 0 0 0 0 0 0 0 0 1 0 0 2 0 0 1 2 0 0 1 0 0 0 1 0 0 0 0 3 0 0 0 0 6 0 0 0 0 0 1 1 0 0 0 0 1 0 1 0 0 0 0 0 0 0 0 0 0 1 0 0 5 0 1 0 0 0 0
2 6 14 4 6 6 5 1 21 16 9 12 22 1 3 7 11 0 3 0 5 26 13 7 0 4 10 8 5 5 1 2 3 4 4 3 5 0 5 12 13 10 4 2 7 10 36 16 6 18 9 4 11 0 7 4 21 8 1 0 16 21 7 5 0 2 11 8 4 24 2 8 5 18 1 4 0 3 1 4 1 2 2 18 4 7 3 16 7 1 2 11 4 3 1 0 17 4 2 3
0 0 0 0 0 0 0 1 0 0 0 0 0 0 0 1 0 0 0 2 0 0 1 0 0 0 0 2 0 0 1 0 0 1 0 0 0 1 0 0 1 1 2 0 1 0 1 0 0 2 5 1 0 0 0 0 0 1 1 0 2 0 0 0 1 0 0 0 2 0 0 0 2 0 0 1 0 1 0 0 0 1 0 0 0 1 0 0 0 0 0 1 0 3 0 0 0 0 0 0
0 2 1 2 0 0 1 0 1 0 0 0 0 0 0 0 0 0 3 0 1 0 0 0 0 0 0 0 0 0 0 0 1 0 2 1 0 1 0 1 0 0 11 0 0 0 2 0 1 0 2 0 2 0 1 1 0 1 0 0 0 0 1 0 0 1 0 0 0 0 1 0 0 1 0 2 3 1 0 0 0 0 0 0 1 0 0 0 1 0 0 0 0 1 0 2 1 3 0 1
1 3 0 8 1 0 11 4 0 0 0 3 2 0 1 13 8 4 5 3 3 3 0 11 0 1 1 2 4 3 0 3 0 5 3 6 0 10 3 3 0 2 22 2 2 9 21 2 8 0 1 1 2 2 3 2 3 2 7 9 3 3 3 5 19 11 7 0 2 7 2 4 4 6 2 8 0 2 11 6 2 8 0 1 2 9 14 0 0 4 3 7 3 0 10 9 3 4 6 14
1 0 0 0 1 0 0 0 0 0 0 0 0 0 0 0 0 0 0 0 1 0 0 0 2 1 1 0 0 0 0 0 0 0 0 0 1 0 0 1 0 0 0 0 2 0 0 0 0 1 0 0 1 0 0 0 0 1 0 1 0 0 0 0 0 1 0 1 2 0 2 0 0 0 0 0 2 0 0 1 7 2 0 0 2 0 0 2 0 0 0 0 0 1 0 0 1 1 0 0
0 0 0 0 0 0 4 1 1 0 2 1 0 7 1 0 1 2 1 0 0 3 1 0 0 3 0 0 2 0 0 1 0 1 0 0 9 5 0 0 0 0 0 0 0 1 1 0 0 0 2 1 7 1 11 0 0 0 0 0 0 0 2 0 0 0 0 1 0 2 0 3 0 0 0 1 0 2 3 11 0 0 0 0 0 0 0 0 1 1 0 0 0 0 0 0 2 0 0 0
1 2 5 7 3 3 8 21 7 3 30 7 3 2 4 0 2 4 3 16 1 6 7 7 15 1 4 10 29 6 14 26 17 12 4 1 0 4 13 11 14 8 0 22 10 15 4 0 13 7 10 4 9 8 30 8 0 7 23 9 8 2 39 9 15 18 0 3 4 8 5 5 5 7 27 7 3 0 8 11 4 3 6 13 5 5 11 3 11 2 3 5 9 9 1 42 8 12 3 2
1 0 2 3 0 0 0 10 3 1 0 3 2 0 1 4 0 14 4 4 4 1 22 3 5 0 7 0 20 8 5 1 4 2 1 0 0 0 4 7 0 4 1 1 0 1 4 0 1 1 6 1 0 1 1 8 15 10 0 6 2 0 2 0 1 7 2 1 0 12 0 0 3 1 1 3 3 1 0 0 12 2 5 4 12 5 8 8 0 1 6 0 3 12 5 5 0 7 4 2
0 16 1 1 3 2 0 1 0 0 0 2 13 3 9 11 4 4 2 3 5 0 4 1 6 2 6 4 5 0 0 6 4 3 12 0 8 0 0 12 3 2 0 1 3 5 1 2 1 10 3 0 5 0 1 4 0 7 0 4 3 6 0 13 2 11 22 10 1 23 4 0 2 7 2 1 4 1 0 0 6 7 22 4 16 14 2 2 0 10 2 1 4 0 13 0 0 5 1 3
0 1 0 0 1 0 0 0 0 0 14 0 0 2 2 0 7 0 0 1 0 2 0 1 1 7 3 0 0 6 0 3 0 0 1 0 4 2 0 0 2 0 0 0 8 1 0 2 1 0 1 0 1 0 1 1 2 0 0 0 0 1 0 1 0 0 0 0 0 0 2 0 1 0 1 1 0 0 15 6 0 0 1 0 1 0 3 3 0 0 0 0 1 0 0 0 0 0 0 0
2 1 0 1 1 0 4 1 11 5 1 9 1 0 0 20 8 0 3 2 6 0 9 6 0 12 3 0 8 1 6 1 0 0 4 1 8 0 1 1 30 6 2 6 0 13 4 4 12 0 2 5 1 2 15 1 10 4 13 2 7 1 0 7 6 0 1 2 3 6 2 1 1 0 0 5 4 4 8 2 0 3 2 5 14 5 7 4 4 6 3 1 5 2 5 10 11 2 1 1
0 0 0 0 1 0 4 0 0 0 9 0 0 3 0 0 0 0 0 1 1 2 2 0 1 19 0 0 0 0 0 0 2 0 2 0 0 6 1 0 7 1 1 0 2 0 1 0 0 0 1 0 8 2 3 2 0 0 0 1 0 1 0 1 0 1 0 0 0 1 0 0 0 0 1 0 1 3 4 7 0 1 0 2 0 1 0 3 0 0 0 0 1 0 1 0 0 0 1 0
2 1 4 0 0 0 1 0 0 0 21 0 0 3 0 0 1 2 0 0 0 4 1 0 0 6 4 1 0 0 0 6 0 2 2 0 7 0 0 0 0 1 1 0 0 0 1 3 1 0 0 0 6 0 2 0 0 0 0 2 0 0 0 4 0 0 1 1 2 1 1 0 0 0 0 0 0 0 2 15 0 0 0 1 1 0 1 0 1 0 0 0 0 0 0 1 0 0 0 0
1 2 0 0 0 0 1 1 0 0 7 0 0 8 0 0 1 1 0 1 1 7 0 1 0 1 0 0 0 0 0 7 0 0 1 0 1 4 0 0 3 0 1 1 2 0 0 0 0 0 0 0 0 2 5 1 0 0 0 1 1 0 0 0 3 0 1 3 0 0 1 0 0 0 2 0 0 0 3 4 1 0 0 1 0 0 0 0 0 0 0 0 1 0 0 0 0 0 0 1
0 1 0 0 0 0 0 1 0 0 0 0 0 0 0 0 0 0 0 0 0 2 0 0 1 0 0 0 1 0 0 0 0 1 0 0 3 0 0 0 0 0 2 1 0 0 0 0 13 1 0 1 0 1 0 0 0 0 0 1 1 0 1 0 0 1 0 1 0 0 0 0 0 1 0 0 3 2 0 1 1 2 0 0 1 0 0 0 0 0 0 1 0 0 0 0 0 0 0 2
0 0 0 0 0 1 0 0 0 0 0 0 0 0 0 0 0 0 1 0 0 0 0 2 1 0 0 0 0 0 0 1 0 0 0 0 1 0 0 0 0 0 1 0 0 0 1 0 0 0 0 1 0 1 2 0 1 2 2 1 3 2 0 0 0 0 0 4 1 1 0 1 2 0 0 2 0 0 0 0 0 0 0 2 0 1 0 1 0 0 0 2 0 2 1 1 0 0 1 0
6 1 5 4 0 2 1 4 10 3 0 5 0 4 8 14 1 4 0 3 3 1 5 9 0 3 1 1 4 6 1 0 23 0 1 4 3 2 12 3 0 4 2 5 0 6 1 0 0 2 0 1 8 0 4 5 6 13 1 1 2 2 0 2 0 1 3 0 2 0 2 8 2 0 0 2 13 5 0 3 0 9 3 2 5 6 1 1 2 2 1 7 0 0 3 1 2 0 9 8
4 4 2 8 2 6 4 0 11 9 1 2 3 0 3 2 7 5 1 0 6 14 11 6 9 14 3 0 0 9 4 0 16 2 12 7 9 4 4 8 23 6 6 0 3 0 28 24 3 17 7 1 4 11 0 25 5 3 20 0 0 2 1 11 3 0 1 16 13 2 9 3 13 2 7 13 1 9 31 0 6 5 4 9 3 0 4 11 7 13 1 7 0 6 11 25 15 2 7 9
8 0 0 9 0 3 9 3 0 3 0 2 2 0 1 2 4 1 0 1 0 10 4 7 4 1 10 0 0 4 4 4 3 5 2 1 0 5 4 2 1 1 1 5 6 0 14 8 0 0 2 1 0 0 0 1 2 9 2 2 7 14 6 6 0 7 7 3 3 8 1 2 3 9 7 8 1 2 6 1 5 2 0 0 0 2 0 2 4 13 3 1 0 1 5 0 3 4 2 9
10 1 2 10 0 6 4 11 5 29 1 1 8 7 0 8 5 0 0 2 8 4 2 13 2 6 8 12 10 2 6 5 8 9 12 12 7 1 4 1 5 16 11 11 6 9 4 2 1 6 15 0 4 1 5 4 2 2 2 3 3 2 4 4 1 11 1 0 21 4 3 17 7 3 10 0 25 1 0 13 5 7 13 42 7 1 1 22 2 15 0 11 1 19 0 0 12 7 4 3
0 0 0 0 0 0 0 0 0 3 2 0 0 2 0 0 0 0 1 0 1 1 0 0 2 6 2 0 1 0 1 1 0 0 0 0 6 12 2 1 0 0 1 1 0 0 0 0 1 0 0 0 6 0 0 0 0 0 1 2 1 0 0 0 0 0 0 0 0 0 0 0 0 1 0 0 1 0 3 1 0 1 0 0 1 0 1 0 1 0 1 3 0 0 0 2 0 1 2 0
0 0 3 2 6 1 3 1 1 0 10 1 1 3 4 3 5 14 0 1 14 6 1 9 9 2 0 12 0 1 14 14 1 14 0 2 4 19 2 9 3 0 3 1 6 1 4 8 3 2 3 0 11 2 3 1 0 0 0 0 1 1 9 2 2 4 6 3 0 5 8 8 4 0 12 4 6 4 1 5 4 1 3 0 0 9 5 1 0 0 15 0 4 0 0 0 3 0 2 5
0 0 0 0 1 0 4 3 0 0 0 0 0 7 0 0 12 1 5 0 0 3 0 0 0 4 0 1 0 0 0 0 0 0 0 0 3 0 1 0 2 0 1 0 1 0 0 1 0 0 0 1 8 0 6 0 0 0 0 0 1 0 1 0 0 0 0 0 0 0 0 3 0 0 0 2 1 0 3 2 0 0 0 0 0 0 0 0 0 1 1 3 0 0 0 0 0 0 0 0
3 5 4 7 0 0 0 4 2 1 2 0 2 2 0 4 6 1 2 6 1 2 1 4 0 3 0 2 0 0 3 0 0 11 10 1 9 0 1 0 7 4 5 0 3 0 4 2 2 3 13 6 27 1 7 0 1 4 3 3 9 2 0 1 0 9 3 13 4 7 3 8 0 4 4 7 2 1 1 13 0 2 5 8 1 1 1 6 5 3 4 2 0 12 1 0 13 0 6 4
0 1 0 0 0 2 0 0 2 0 0 2 0 0 1 0 0 2 1 1 0 0 0 0 0 0 0 1 0 0 0 0 0 0 0 2 0 0 0 0 0 2 0 3 0 0 0 0 1 0 0 1 0 1 1 0 0 1 0 0 0 0 0 0 0 0 2 0 0 1 0 0 0 0 0 0 0 0 0 0 3 1 0 3 5 1 2 0 0 0 0 0 0 0 0 0 0 1 1 0
2 7 0 0 0 14 23 0 2 0 1 2 2 2 9 4 4 7 0 6 4 0 11 4 2 5 8 2 6 5 7 17 5 1 0 4 0 5 0 21 21 14 5 0 3 1 14 6 1 4 0 1 4 9 10 9 0 8 0 6 3 13 3 2 8 6 6 5 2 2 5 0 3 0 11 3 9 1 1 3 3 0 0 0 6 0 7 4 1 1 7 2 2 1 2 0 3 14 0 0
0 9 2 6 5 6 21 5 2 1 2 12 7 2 3 0 0 0 4 1 5 0 0 2 0 1 2 0 5 10 3 1 3 0 4 0 15 16 0 0 1 6 0 4 0 1 2 10 9 14 0 3 5 7 2 8 2 2 12 0 0 5 6 2 1 4 0 7 7 0 1 5 6 0 0 0 11 5 2 1 0 7 0 1 0 2 5 2 11 4 4 2 8 2 7 1 0 7 3 0
6 2 21 23 2 8 0 2 22 0 3 4 1 23 24 15 1 11 7 24 2 1 29 0 14 3 10 11 4 12 18 3 2 1 0 26 1 0 2 7 7 3 14 1 0 15 0 5 5 8 5 6 15 7 14 14 4 10 3 7 10 67 8 10 54 10 2 15 7 13 3 3 6 1 8 14 1 20 3 3 12 17 4 5 12 5 7 6 4 1 2 8 5 9 2 4 4 3 19 5
0 0 0 0 0 0 0 0 1 0 0 0 0 1 1 1 1 0 0 0 0 1 0 0 1 0 0 0 0 0 22 0 0 0 1 0 3 1 1 2 0 0 1 1 1 0 0 2 1 0 1 0 0 1 0 0 0 0 0 1 0 0 0 0 2 1 1 0 1 0 0 0 1 2 1 0 0 1 0 0 0 0 0 0 0 0 0 0 0 0 2 0 0 0 0 0 1 0 1 1
2 7 1 0 8 0 5 0 3 5 1 0 2 3 3 5 8 2 3 0 2 3 10 2 7 0 5 1 3 1 0 4 3 0 15 8 6 0 0 2 2 4 0 0 7 2 1 0 7 1 4 1 16 12 1 0 3 1 3 9 0 6 1 1 5 4 3 2 9 9 2 0 3 2 6 1 4 0 5 2 13 1 4 2 7 7 3 0 3 2 1 0 0 1 5 4 0 1 4 0
10 7 5 18 7 4 3 3 10 1 1 11 2 4 7 21 3 1 30 7 0 11 2 11 2 1 4 23 13 5 8 1 9 25 5 38 8 5 6 22 15 1 0 16 2 2 0 0 2 11 1 3 11 0 1 0 47 8 6 6 7 5 13 2 21 4 11 0 3 2 4 4 20 5 10 6 4 3 4 6 4 18 4 12 1 0 3 2 11 2 2 2 3 0 5 8 19 3 7 6
6 2 2 7 0 3 0 5 0 3 1 1 7 4 4 2 21 0 5 2 9 0 1 4 0 1 6 8 7 29 20 1 1 1 6 0 8 0 2 8 0 6 1 2 3 1 2 8 2 8 4 1 1 2 1 0 1 0 7 0 3 1 0 0 7 1 0 2 0 5 2 6 5 2 1 11 0 8 3 0 10 3 1 28 16 1 2 4 12 8 1 0 0 8 13 7 6 2 1 0
0 0 0 0 0 0 0 0 0 1 0 1 0 2 0 0 0 0 0 0 0 2 2 3 0 1 1 1 0 0 0 9 1 0 1 0 1 5 0 2 1 1 0 1 2 0 0 1 0 0 1 0 6 0 0 1 0 0 0 0 0 1 0 1 1 0 0 0 1 0 0 0 0 0 0 0 1 0 1 7 0 0 0 0 0 0 0 1 0 0 0 0 1 0 2 0 0 0 0 0
5 3 7 2 14 5 5 0 4 16 2 13 13 16 21 15 12 13 5 5 9 3 25 24 9 1 0 1 23 9 3 24 6 11 4 11 16 25 3 3 2 4 1 11 0 12 0 10 1 2 18 0 0 20 11 15 10 4 19 2 0 4 1 8 5 1 3 1 20 10 6 16 1 9 0 13 3 17 7 15 19 4 18 5 1 11 0 7 15 0 3 2 6 0 2 5 17 17 0 5
0 0 0 0 0 0 0 0 0 2 4 0 0 1 1 0 1 1 0 0 0 0 0 0 0 0 0 0 1 0 0 1 0 0 0 0 0 0 0 0 1 0 0 0 0 0 0 0 0 0 0 0 2 2 0 1 0 0 0 0 2 0 0 0 1 0 2 0 0 0 0 3 0 0 0 0 0 0 0 0 10 0 0 2 6 1 0 0 1 0 0 0 1 0 2 0 0 0 0 0
0 0 0 0 0 0 1 0 0 0 0 1 0 0 2 0 1 0 1 0 0 0 0 0 0 1 0 2 0 0 0 0 0 1 0 1 0 0 0 0 1 1 0 1 0 0 0 0 0 0 1 0 0 1 0 0 0 0 1 0 0 0 0 1 0 0 0 0 1 1 0 0 0 0 0 0 1 1 0 0 0 0 0 0 0 0 0 0 0 0 0 0 2 1 1 0 0 0 0 0
0 0 1 0 2 0 0 4 0 0 1 1 2 0 0 1 0 0 0 2 0 10 0 0 0 0 0 0 3 0 5 0 0 0 0 0 0 0 1 2 0 0 0 0 0 1 0 0 0 0 0 0 0 0 1 0 0 0 1 0 1 0 0 0 1 0 0 0 0 1 0 1 1 0 1 0 0 1 0 3 0 0 1 1 0 0 0 0 0 0 0 1 0 2 0 3 0 1 2 0
0 3 7 1 3 4 6 5 8 14 1 7 12 3 2 1 2 3 7 3 10 13 10 5 0 2 1 10 0 7 0 6 2 3 2 1 0 5 1 1 7 4 24 2 5 1 4 3 4 1 11 1 0 17 8 0 14 2 1 9 2 0 3 7 0 6 1 10 1 5 7 4 2 11 19 14 0 2 0 5 2 0 1 2 6 7 1 2 4 0 0 6 6 0 8 1 0 9 1 2
0 0 0 2 0 0 0 0 0 0 0 0 1 0 0 2 0 0 0 0 0 0 0 1 1 0 0 1 1 0 8 0 0 0 1 0 0 0 0 3 1 0 0 2 0 0 1 0 1 0 0 3 0 0 0 0 0 0 0 1 0 0 0 0 0 0 0 1 1 0 0 1 5 0 0 0 1 0 0 1 0 1 0 0 0 0 0 1 0 0 0 0 1 2 0 0 0 0 1 0
10 15 2 6 0 7 6 13 1 2 18 2 1 11 11 6 7 9 26 5 2 5 48 2 0 1 21 4 0 8 4 6 7 7 6 13 6 2 5 15 8 0 3 6 6 6 10 10 1 0 19 27 1 8 4 15 1 4 3 7 16 0 1 4 19 2 4 0 15 10 4 21 11 17 6 0 2 5 13 1 4 10 0 6 22 5 9 11 9 0 17 3 7 4 10 21 5 4 8 4
14 2 5 6 8 22 1 8 4 7 10 4 23 4 11 1 30 24 6 10 5 10 5 0 30 1 6 7 8 1 6 1 3 2 4 9 9 3 4 4 5 5 1 3 5 0 0 6 3 12 4 8 0 1 1 2 11 2 3 4 1 22 25 1 11 6 5 9 30 17 1 5 4 0 17 10 0 9 0 0 5 7 0 3 2 3 26 7 7 1 0 3 9 28 4 2 11 7 6 7
1 4 6 0 2 0 1 4 8 1 8 1 2 2 5 1 22 6 2 0 3 5 2 2 8 0 1 10 4 6 3 8 4 0 0 0 6 3 35 2 1 3 1 2 0 3 2 10 5 0 2 4 0 4 2 4 9 7 2 4 0 1 1 1 4 6 3 3 1 2 2 3 8 14 6 9 1 1 1 4 0 3 17 0 0 1 4 0 3 6 7 1 2 4 0 0 3 2 1 3
0 0 7 0 8 1 11 1 7 4 0 6 7 3 1 16 2 1 8 0 2 0 1 0 8 1 10 0 2 0 5 22 1 11 14 0 14 6 4 3 1 5 8 3 0 0 7 2 7 0 4 3 2 0 10 1 4 5 3 4 1 1 3 0 5 11 5 9 8 2 4 2 14 2 5 1 5 6 29 1 1 1 23 0 2 7 6 0 3 0 1 2 5 17 1 0 1 6 2 0
0 27 4 4 18 6 1 2 0 7 27 0 4 23 2 5 5 4 6 11 3 0 3 11 1 8 10 29 6 10 0 2 12 5 4 10 3 5 7 3 12 6 7 10 2 0 2 11 0 17 5 22 2 1 1 22 17 13 0 4 1 7 6 36 9 15 4 0 4 14 0 9 0 8 2 1 0 3 2 0 9 1 0 0 2 1 5 1 3 20 0 9 4 3 21 20 2 2 10 5
32 0 2 6 2 1 10 4 0 7 12 7 2 24 0 24 8 9 4 5 8 32 4 17 6 0 3 11 0 19 5 2 7 5 0 0 3 18 9 12 4 8 0 1 14 5 1 23 1 11 27 1 4 4 21 7 5 9 0 7 0 16 15 22 17 12 21 1 17 8 5 12 17 2 0 2 2 5 15 0 2 2 0 3 0 14 9 4 2 23 12 3 3 6 6 3 10 0 3 29
0 18 3 3 1 3 0 0 1 4 0 4 6 3 1 0 11 11 0 2 0 6 9 3 9 5 0 0 4 1 11 6 1 4 9 3 1 1 0 0 4 10 1 0 0 1 1 3 22 0 0 0 1 1 1 11 13 5 0 5 11 11 0 1 5 1 4 2 1 1 12 5 4 13 0 13 2 1 17 2 4 7 0 2 5 1 7 2 0 34 0 5 3 0 5 1 1 12 0 4
2 17 0 0 5 14 1 6 1 16 6 1 2 2 1 0 16 0 5 0 13 3 15 0 1 5 0 2 3 3 2 3 16 0 16 0 3 9 9 2 8 6 3 3 8 0 5 3 5 6 7 0 1 3 4 10 1 11 7 1 1 10 4 2 0 1 9 7 5 0 3 1 6 0 6 4 1 0 4 1 7 0 2 4 1 2 0 2 5 0 1 6 0 2 1 1 3 0 3 3
11 7 11 7 9 3 2 12 1 1 0 3 26 5 20 4 0 1 2 8 2 3 0 0 1 15 9 7 10 1 1 1 11 3 3 0 1 4 1 0 9 3 6 11 2 12 0 4 8 10 4 20 25 1 1 6 12 5 14 0 2 1 2 2 2 7 8 10 20 1 1 7 2 2 5 9 5 2 9 11 17 2 5 12 6 0 14 2 25 8 7 5 5 1 12 5 0 3 21 8
10 14 10 13 9 23 8 21 1 5 32 25 8 2 0 2 30 0 1 5 0 13 1 0 3 0 11 13 14 9 13 20 3 3 11 9 8 2 30 5 9 5 6 1 2 21 19 8 9 0 0 1 1 2 4 19 2 4 0 10 1 12 6 1 0 2 2 7 1 14 19 0 29 39 7 1 0 9 0 8 4 1 0 29 2 8 21 8 5 4 1 6 2 1 5 6 11 0 6 14
