1 0 0 0 8 5 0 0 0 2 1 0 0 0 0 0 0 0 0 0 1 5 0 1 0 0 0 2 0 0 0 3 1 1 0 0 0 0 0 0 0 0 0 0 2 0 4 0 4 0 5 0 7 1 1 1 0 0 0 0 0 1 0 0 1 0 2 0 0 3 3 2 0 1 0 1 0 0 1 0 2 0 0 3 2 0 0 3 0 1 2 1 0 0 0 1 0 0 0 7
11 2 6 6 4 14 7 11 5 5 6 8 3 4 1 2 2 13 3 7 6 3 0 6 8 11 15 12 10 24 8 3 3 3 0 1 2 0 9 6 1 2 5 0 6 4 4 16 11 1 0 12 6 18 4 10 0 6 3 15 3 13 17 4 7 1 0 40 11 19 5 2 10 1 9 7 17 53 1 14 0 5 9 4 6 5 1 12 0 1 3 6 14 7 7 7 7 2 2 15
0 0 1 0 0 0 0 0 0 0 0 0 0 1 1 1 1 1 0 7 5 1 2 0 0 0 1 2 0 0 0 2 0 0 0 15 1 4 0 0 0 0 0 0 1 1 0 0 0 2 0 0 0 0 2 0 0 0 0 0 0 0 1 9 0 3 0 0 0 0 6 3 0 0 0 0 0 0 2 1 1 0 0 0 0 1 3 0 0 1 0 0 0 0 0 0 0 0 0 0
4 2 3 0 6 2 1 1 9 0 5 9 3 0 2 1 0 2 1 2 8 1 8 0 11 0 17 2 7 4 1 10 1 3 6 0 8 8 3 2 2 2 3 2 3 0 0 6 2 1 1 0 8 1 12 1 9 2 4 29 19 11 0 0 0 0 2 0 8 5 0 3 0 0 0 7 3 0 8 5 0 2 14 8 4 1 3 3 31 0 1 0 0 5 7 1 0 4 5 3
0 0 0 0 1 0 2 0 0 3 0 0 0 1 1 0 1 0 0 1 2 0 0 0 1 0 0 0 1 3 1 0 2 0 0 0 0 0 0 0 0 0 1 0 1 0 0 1 0 0 0 1 0 0 0 0 0 0 1 0 0 0 0 0 0 1 0 0 1 0 0 0 1 0 0 0 0 0 0 1 0 0 0 0 2 2 0 0 2 1 1 0 0 0 0 2 0 0 0 0
0 0 0 0 1 5 1 1 0 0 0 0 0 0 0 0 2 0 0 0 1 6 2 0 0 1 1 2 0 0 7 0 1 0 0 0 0 1 0 0 2 0 0 0 1 1 3 2 1 0 3 0 0 1 0 1 1 0 0 0 1 1 2 0 0 0 0 0 0 0 1 0 0 0 0 0 1 0 1 1 0 0 0 4 0 0 0 9 0 1 1 0 2 0 0 0 0 0 0 5
0 0 6 6 6 2 6 0 3 2 14 15 17 0 2 3 7 13 13 5 1 6 6 10 2 0 4 0 0 12 1 13 7 10 3 12 4 4 17 5 9 1 1 5 3 1 1 7 3 18 3 26 0 2 13 8 4 3 2 3 0 13 9 8 9 3 0 0 0 3 21 6 7 4 12 1 5 14 0 3 6 7 8 9 24 1 12 0 16 0 4 17 11 23 14 9 2 11 17 1
0 0 0 0 0 0 0 0 0 0 1 0 0 0 1 0 0 0 4 0 0 0 0 0 0 0 0 0 0 0 0 0 0 1 0 0 0 1 0 0 0 0 0 0 1 0 1 4 0 0 0 1 0 2 0 0 0 0 0 0 0 1 0 0 0 0 1 0 0 2 0 1 0 0 0 2 0 0 1 0 0 0 0 0 0 0 1 0 0 0 0 0 0 0 0 0 1 0 2 0
11 10 8 0 9 12 1 3 12 6 6 9 1 11 5 6 0 4 1 1 6 0 10 0 23 0 0 13 7 1 13 0 21 0 10 11 7 2 10 8 0 1 4 10 5 1 32 2 4 12 2 3 13 11 0 14 1 15 10 1 3 16 0 1 8 24 21 5 18 1 4 8 19 2 7 0 14 1 21 3 3 31 13 0 9 16 9 4 4 14 1 5 10 7 1 2 1 3 0 3
0 0 0 0 7 4 0 0 0 0 0 1 0 0 0 0 0 0 0 0 0 1 5 1 0 0 0 0 0 0 8 0 0 0 0 0 2 0 0 1 0 0 0 2 0 7 0 1 0 0 6 0 1 0 0 0 0 0 0 0 0 2 0 1 1 1 7 0 2 0 0 0 0 0 0 1 0 1 0 0 1 0 1 6 0 0 0 4 1 0 24 0 3 4 2 0 0 0 1 0
26 2 6 1 9 14 23 3 2 15 6 2 6 15 1 11 2 4 33 3 7 7 0 1 2 12 1 0 1 0 11 14 1 3 33 2 0 2 6 12 2 16 21 5 0 5 0 0 16 3 7 18 10 3 10 0 0 0 2 13 0 7 8 1 4 2 2 1 9 1 1 4 3 1 25 7 11 14 9 14 7 6 11 0 1 28 23 3 0 2 0 3 20 9 30 2 1 18 0 0
11 4 3 1 0 1 1 1 0 12 8 2 13 2 1 10 1 16 1 2 3 3 1 0 4 4 3 0 5 0 1 0 1 3 1 11 5 3 7 6 6 1 0 4 4 4 1 3 2 1 0 4 4 5 8 1 1 5 0 1 6 2 0 7 1 0 9 3 0 0 1 0 3 1 4 0 4 5 2 2 0 6 1 2 4 0 0 2 8 7 1 4 0 15 6 7 10 6 3 0
0 1 3 0 0 0 4 0 4 7 2 10 1 1 0 10 0 2 1 0 4 5 3 0 0 2 0 0 2 3 0 0 3 2 13 0 2 1 0 6 11 18 2 11 6 1 7 0 0 10 7 5 1 2 1 0 0 3 8 2 0 2 8 6 1 6 9 2 16 0 0 0 1 0 0 6 1 1 1 13 0 4 17 1 2 4 0 3 0 1 4 2 3 9 2 2 1 0 6 2
1 3 0 0 0 1 0 0 0 13 0 0 0 0 0 0 4 0 1 8 1 3 0 0 0 1 0 2 1 0 0 0 1 0 0 3 1 1 0 0 0 0 0 1 0 1 0 0 0 0 0 0 0 0 0 0 1 0 0 0 0 1 0 1 0 0 0 0 2 1 5 0 0 0 0 1 0 2 0 0 1 0 2 1 0 0 0 0 1 0 0 0 2 2 0 1 0 0 0 0
1 0 1 0 0 0 0 1 0 1 1 0 0 0 0 1 0 0 0 1 0 0 0 1 0 2 0 0 0 0 0 0 0 0 0 0 0 0 0 1 0 0 0 0 1 0 1 1 1 0 1 2 0 2 0 1 0 0 0 2 0 0 0 0 0 2 0 0 2 13 1 0 0 0 3 1 0 0 0 2 1 0 0 0 1 1 0 0 0 0 1 0 0 0 3 0 0 0 0 0
3 0 0 0 0 9 0 1 0 0 0 0 0 0 3 0 0 1 0 1 0 1 1 1 0 0 1 2 1 1 0 0 0 1 0 0 1 0 0 0 0 0 0 0 0 1 0 0 0 3 6 0 0 0 0 0 0 2 0 0 1 1 1 1 0 1 3 0 1 0 2 0 0 0 0 0 0 0 0 0 0 1 0 3 0 0 0 4 2 1 2 0 2 0 1 2 0 0 0 2
2 0 1 0 1 1 0 0 0 2 0 1 0 2 1 3 0 0 0 0 0 0 0 0 0 0 1 1 1 0 0 0 0 0 1 0 0 0 1 3 0 0 0 0 0 0 0 1 0 1 0 0 0 0 0 0 0 0 0 0 2 1 0 0 0 0 0 1 1 0 0 0 2 0 0 0 0 1 0 1 0 2 0 0 1 0 0 0 0 0 1 1 2 0 0 0 0 0 2 3
0 6 10 1 13 12 3 17 0 2 8 3 12 4 3 4 9 18 2 0 7 0 11 2 4 12 7 1 10 4 5 1 7 2 9 8 9 11 13 7 34 4 21 1 11 62 4 6 7 2 12 2 8 16 4 12 0 16 2 5 11 7 8 4 0 4 6 2 25 24 1 3 14 10 8 0 23 7 7 13 15 2 1 17 29 14 1 8 19 4 0 6 12 4 1 3 13 2 22 9
6 4 11 2 0 0 17 1 5 5 3 0 2 1 1 7 0 3 0 13 20 0 0 2 5 1 14 2 1 1 2 14 0 0 3 4 0 12 0 3 3 11 1 0 0 8 0 10 0 0 1 1 0 0 3 0 1 2 0 8 0 0 3 5 1 9 0 2 6 5 0 5 5 5 0 2 3 16 3 3 7 6 1 0 1 0 7 2 14 17 0 1 0 3 11 3 2 13 15 0
0 0 0 0 0 9 0 0 0 0 0 2 0 0 0 0 3 0 2 0 0 1 12 1 2 0 2 0 0 0 2 1 0 0 3 0 0 0 0 0 1 1 0 1 0 0 1 1 1 1 6 0 0 0 0 0 0 0 0 0 0 0 0 0 1 0 4 0 0 1 0 0 0 0 0 0 0 0 0 0 0 1 0 6 0 0 0 0 0 1 3 1 22 0 0 0 0 0 1 11
27 0 6 4 4 14 15 15 17 31 0 6 3 3 9 0 0 5 13 12 0 1 21 0 44 2 4 11 1 0 13 12 5 1 6 4 9 2 7 0 6 83 8 5 4 0 7 6 8 2 2 18 2 3 2 1 3 7 3 31 1 4 3 1 25 8 11 19 2 13 11 11 1 2 10 26 2 21 1 11 15 4 3 5 4 12 1 0 0 17 8 1 6 0 5 0 9 1 6 29
0 2 17 1 0 1 9 5 2 22 4 33 16 1 2 10 3 3 25 16 0 6 26 12 0 13 4 3 24 5 2 1 16 1 5 6 20 22 1 5 7 12 1 2 9 3 1 10 16 11 9 16 1 12 4 15 17 6 9 3 1 2 7 13 14 11 1 23 1 22 1 3 1 2 16 10 0 8 1 0 3 0 18 0 8 2 6 1 2 19 0 5 17 23 1 8 0 12 4 15
0 0 0 0 2 20 0 0 1 0 0 1 0 1 1 2 0 0 2 0 0 0 1 2 0 0 2 0 1 0 3 1 1 0 0 0 0 0 2 0 0 0 2 0 0 0 2 0 0 11 21 1 5 0 2 0 0 1 0 0 1 0 0 0 1 1 8 1 0 0 2 0 0 0 3 0 0 0 0 0 1 0 0 4 0 0 2 6 0 0 5 0 10 0 0 0 0 2 3 0
0 2 0 0 2 4 0 0 0 0 1 0 1 1 4 0 1 0 0 0 0 0 0 1 1 0 0 1 0 0 5 0 0 0 0 1 0 0 0 2 0 1 0 0 0 0 7 0 1 6 0 3 2 0 0 0 3 0 0 0 0 0 0 0 0 0 6 2 0 0 1 0 2 0 2 0 0 0 2 0 1 0 1 0 0 0 1 1 1 0 0 0 3 0 1 0 0 0 0 2
1 2 0 25 6 9 6 4 32 2 12 15 10 1 33 6 31 1 4 2 12 16 30 3 6 4 2 4 6 11 29 0 11 0 15 1 7 10 10 12 9 0 4 0 1 8 13 18 0 4 5 0 8 2 12 3 5 2 22 14 3 11 6 3 8 1 42 6 0 7 15 8 0 0 5 0 7 2 19 3 0 3 4 0 13 10 3 4 2 1 38 3 4 4 0 7 8 5 5 3
7 3 7 10 0 6 19 9 10 3 2 6 2 11 18 0 2 5 3 7 2 0 0 23 12 0 0 2 1 4 4 2 21 4 24 0 0 4 2 0 16 9 25 11 9 4 17 3 4 10 10 1 1 10 3 3 16 9 5 4 14 2 13 4 8 1 1 16 4 1 21 6 12 5 17 3 6 18 2 13 7 14 11 3 1 4 0 0 2 5 9 2 6 1 8 2 2 8 5 8
0 0 1 0 0 1 2 0 0 0 0 0 0 0 0 0 0 0 0 0 4 2 0 0 0 2 0 2 0 0 3 1 0 1 1 0 0 0 0 0 0 0 0 1 0 0 5 0 0 1 2 0 0 0 0 0 0 0 0 2 1 0 0 1 0 0 0 1 0 1 0 1 0 0 0 0 0 0 0 0 1 0 0 12 0 0 0 0 0 0 2 0 1 0 0 0 0 0 0 0
0 2 0 0 0 0 0 4 0 4 1 0 0 1 0 0 0 0 0 1 0 1 0 16 0 1 1 2 0 0 0 0 1 0 0 4 0 0 0 1 1 0 0 0 0 0 0 0 1 1 0 0 1 0 1 0 0 0 0 0 0 0 0 2 0 0 0 0 0 0 6 1 0 1 0 0 0 0 1 0 0 2 0 1 3 0 1 0 0 0 1 0 0 2 1 0 2 0 0 0
0 1 0 8 0 6 3 8 0 2 1 1 3 4 0 10 6 1 3 0 9 10 1 0 1 5 2 6 4 2 5 5 2 4 1 9 3 6 10 1 2 4 2 22 3 8 0 13 3 3 3 4 3 5 12 0 0 6 1 4 9 3 1 16 1 9 6 1 6 1 1 6 3 0 5 4 0 2 5 2 2 6 9 2 9 1 6 0 13 5 0 0 0 9 9 0 1 1 30 0
6 6 0 6 1 5 7 6 10 2 3 4 5 6 9 0 0 0 3 0 3 0 7 3 0 0 9 1 1 1 0 11 1 4 1 0 3 0 1 5 5 4 2 3 1 5 5 6 3 3 1 2 1 0 2 7 3 3 5 2 1 3 0 0 3 12 5 4 6 1 1 5 2 0 6 8 0 0 2 4 3 6 1 7 10 3 3 2 1 7 4 7 6 4 5 0 4 2 15 5
0 0 0 0 1 0 1 0 0 0 0 0 0 0 1 1 0 0 0 1 0 0 0 0 0 0 0 1 0 0 1 0 0 0 1 1 0 0 1 1 0 0 0 6 1 0 0 0 0 1 0 0 0 0 0 0 0 0 0 5 0 1 1 1 1 0 1 2 2 0 3 1 0 2 1 0 0 0 0 0 0 2 0 0 0 0 0 1 1 0 4 2 0 0 0 0 0 0 1 0
0 1 1 2 0 0 1 0 0 0 0 0 0 0 0 1 0 0 0 3 2 2 0 3 0 1 0 0 0 1 0 0 0 1 0 1 0 5 0 1 1 0 0 1 0 1 0 0 0 2 0 0 0 0 0 1 0 0 0 0 2 0 0 0 1 1 0 0 2 6 0 0 0 0 0 0 0 0 0 0 1 1 0 0 0 0 0 0 0 0 1 0 0 1 0 0 0 0 0 0
0 19 0 11 14 5 1 10 8 6 9 2 1 2 6 16 1 4 1 2 11 6 11 2 2 3 5 12 18 4 18 0 12 2 0 0 3 27 21 0 4 1 6 8 10 0 27 6 3 4 2 0 9 5 0 6 10 14 6 5 11 21 12 3 1 3 9 0 10 3 2 8 6 17 0 1 13 3 1 4 3 8 3 10 24 5 2 19 25 0 7 37 28 1 4 0 14 1 1 1
0 0 0 1 0 0 0 0 1 0 0 0 0 0 0 1 0 0 0 0 0 0 0 1 0 0 0 0 0 0 0 0 0 4 0 0 0 0 0 1 0 0 0 2 0 0 1 0 0 0 0 0 0 0 0 0 0 0 0 0 0 0 0 2 0 0 3 1 1 0 1 0 0 0 0 0 2 0 0 1 0 2 0 0 0 2 1 0 0 0 0 0 0 1 0 1 0 0 2 1
5 3 31 7 0 20 1 0 0 2 6 9 6 6 18 1 1 1 28 8 1 16 1 5 47 10 2 1 18 3 0 13 0 15 8 8 7 3 0 0 9 6 15 13 0 1 14 3 11 22 2 1 2 11 6 6 7 6 7 1 1 7 34 0 6 2 9 5 23 3 19 6 0 2 5 4 2 26 0 0 9 1 7 5 3 1 9 10 5 13 4 7 2 3 19 2 6 1 1 7
0 5 1 0 1 1 10 6 1 1 9 6 2 3 5 11 5 0 2 1 3 5 3 8 1 0 1 2 11 0 1 0 8 1 3 11 7 0 6 3 2 0 1 1 8 14 0 1 6 4 4 4 0 8 10 8 0 8 27 6 1 1 12 3 1 4 0 0 2 5 6 3 1 2 3 2 0 1 4 11 0 8 10 0 13 8 2 4 2 1 0 20 2 1 4 1 1 9 8 4
4 3 3 4 7 3 3 5 14 1 2 0 4 7 1 1 9 4 5 0 13 1 9 0 3 4 1 0 3 3 5 9 0 4 3 0 13 2 5 0 2 8 5 3 0 2 4 18 11 2 0 8 1 5 10 3 6 11 1 2 1 3 1 0 2 12 2 5 1 11 0 2 1 4 4 1 0 4 0 1 1 0 1 7 4 3 0 1 5 5 4 8 4 3 5 3 0 0 14 2
5 18 14 4 4 16 12 0 3 10 3 0 6 16 17 9 5 3 9 1 0 12 10 16 5 1 4 6 9 36 8 4 12 2 6 13 1 32 15 5 0 23 11 3 1 8 10 10 7 1 2 21 5 23 1 1 11 4 9 2 5 10 9 0 1 20 7 2 3 0 2 11 3 3 6 0 28 3 11 2 1 3 1 0 6 18 16 9 22 9 4 3 7 3 10 2 3 5 2 0
1 1 2 9 4 0 15 0 10 16 1 2 0 1 4 10 3 0 2 28 6 18 9 4 19 3 0 8 2 12 8 1 9 0 2 5 3 7 1 18 23 4 5 8 4 9 11 0 7 0 4 2 4 2 5 2 19 7 3 1 1 5 15 6 1 2 10 9 1 4 1 12 1 1 11 1 0 2 8 12 10 0 21 8 2 1 6 13 29 0 3 5 47 18 7 10 13 4 1 9
2 0 7 5 2 1 0 3 11 4 2 2 12 0 2 0 1 4 1 2 0 3 3 1 10 4 0 8 0 9 6 10 8 3 0 5 6 5 7 3 1 4 8 0 1 4 11 0 2 0 5 2 1 2 1 6 10 4 4 0 23 3 0 6 2 8 2 3 1 3 4 1 5 5 1 21 0 3 6 1 4 0 1 3 1 0 4 4 9 4 2 2 0 7 3 0 10 1 1 14
1 3 10 2 0 8 8 4 0 21 5 0 1 4 4 2 5 2 0 3 0 17 1 0 2 9 0 2 2 6 13 0 5 3 6 4 1 1 2 0 3 6 1 1 2 1 2 4 6 1 2 4 0 6 9 12 4 10 7 13 2 1 4 13 2 7 4 10 1 4 2 2 31 2 2 2 10 8 0 4 0 0 8 0 5 6 14 7 1 4 0 4 3 16 6 4 4 5 8 0
10 8 2 12 12 16 0 13 18 1 6 7 26 2 22 0 16 0 9 4 6 0 9 9 5 10 0 0 5 3 3 5 3 3 3 31 7 29 8 17 13 3 7 19 2 21 2 1 0 8 14 2 7 11 14 0 16 29 1 2 17 9 15 10 24 20 33 7 2 0 2 20 4 18 6 0 2 14 31 0 20 0 6 11 5 2 2 1 19 18 2 13 32 1 18 21 1 3 1 20
15 0 2 13 22 11 0 3 10 0 1 1 5 2 10 25 0 14 11 1 0 17 6 3 2 6 4 1 6 6 2 0 3 2 5 6 2 0 1 6 27 2 1 10 0 5 23 6 0 4 2 1 0 14 0 1 1 3 1 25 0 1 13 8 1 6 12 5 1 1 0 0 3 2 1 0 4 2 4 2 1 3 3 0 2 3 0 10 8 2 3 6 8 2 9 2 4 4 0 0
13 9 4 4 1 2 2 9 3 6 1 1 6 1 3 0 1 0 2 7 0 1 2 9 0 2 6 33 0 0 3 7 4 6 3 0 5 7 6 0 1 2 3 0 4 1 3 0 0 4 7 1 2 1 1 4 9 0 3 5 1 0 1 10 5 0 3 8 1 4 1 2 2 0 9 4 4 4 6 4 0 8 0 1 1 4 6 9 10 2 2 7 20 2 0 0 4 23 0 3
2 7 6 4 2 0 0 0 2 24 3 10 2 4 1 2 8 4 0 1 2 1 0 0 3 0 4 13 0 5 4 0 9 0 1 4 0 13 4 2 2 3 0 1 0 10 2 0 7 1 5 9 8 0 0 6 0 10 5 0 8 8 0 0 6 0 5 6 0 0 8 0 10 2 2 6 2 4 0 2 3 2 3 7 1 0 4 6 16 0 3 10 2 7 1 0 5 9 5 0
0 3 5 3 0 0 1 4 0 1 3 0 8 4 0 1 7 7 0 22 4 0 0 2 0 0 15 0 1 4 0 5 1 1 3 8 7 3 3 0 8 1 2 4 1 5 0 0 8 1 0 5 0 0 1 6 15 3 3 0 9 0 0 15 5 3 0 2 1 8 0 5 3 2 6 3 7 1 9 1 0 1 5 0 2 0 16 0 6 10 1 0 0 2 28 2 4 1 2 0
17 1 3 33 5 6 6 1 4 7 30 11 1 5 7 42 21 1 5 10 44 0 23 20 5 13 2 13 1 3 0 3 2 9 5 30 7 5 5 13 2 0 7 1 1 15 1 7 21 4 5 8 9 0 3 8 2 2 4 7 8 3 3 2 13 7 21 26 1 2 20 2 15 5 12 7 8 1 23 32 10 17 3 20 6 7 6 5 9 16 1 11 6 5 2 1 11 1 5 0
0 0 0 1 0 0 1 0 0 0 1 0 0 0 2 0 0 0 3 0 0 0 0 0 0 1 0 0 0 0 1 0 0 1 1 0 0 1 0 0 1 0 0 0 0 0 0 0 0 0 0 0 2 0 0 3 0 0 0 0 0 3 1 1 1 0 0 0 3 5 0 0 1 0 0 0 0 0 0 0 0 0 2 1 2 1 0 0 0 0 0 1 0 0 0 0 0 0 0 0
8 27 16 0 6 0 35 2 11 6 4 7 0 1 2 2 1 14 9 4 2 8 20 2 0 0 3 7 14 7 5 1 2 2 1 4 0 8 6 9 2 12 0 7 11 6 2 9 6 5 1 9 2 20 8 3 4 8 22 7 1 9 8 6 3 1 7 6 8 2 1 2 5 15 7 3 9 4 18 4 1 0 1 3 4 4 10 0 0 4 14 3 0 4 7 17 12 11 15 35
0 0 1 0 0 1 0 2 0 0 0 0 2 0 0 0 1 0 0 1 0 3 1 1 1 1 0 0 0 0 5 0 0 0 0 0 0 0 0 0 0 0 0 0 0 0 2 2 0 1 2 6 0 0 0 0 0 0 0 0 0 0 0 0 0 3 6 1 0 0 0 0 0 0 1 0 0 0 0 0 0 0 0 0 0 0 0 3 0 0 1 0 0 1 1 0 0 1 0 0
0 0 8 11 3 0 0 15 0 4 3 0 2 1 6 8 0 0 8 4 2 1 1 5 2 2 1 3 2 5 2 3 0 2 4 23 6 3 0 1 12 0 7 3 1 9 2 5 1 4 0 1 7 4 3 5 8 3 2 8 2 0 6 3 5 0 2 5 0 2 2 7 0 1 0 14 0 0 0 0 9 0 2 1 1 2 5 1 6 3 2 6 13 0 3 1 5 0 3 8
0 4 1 1 1 0 0 0 0 0 0 0 3 1 0 1 0 0 0 2 0 0 1 0 0 1 2 0 1 0 0 1 0 0 0 0 1 0 0 0 0 0 0 0 0 0 0 1 0 0 0 0 2 1 0 0 1 0 0 2 0 1 0 0 0 1 1 0 2 0 0 0 0 1 0 1 0 0 1 0 0 0 4 1 1 0 0 0 0 0 0 1 0 0 0 0 2 1 0 0
13 0 3 8 6 0 6 8 8 4 0 5 15 0 2 0 6 3 1 3 5 5 0 0 0 3 14 0 0 2 11 3 4 3 5 0 6 16 1 2 3 7 9 2 7 11 10 0 25 5 3 19 1 9 6 16 24 10 5 11 2 1 7 22 1 1 0 1 1 3 7 5 3 3 0 10 2 22 3 7 2 4 1 7 12 2 1 3 1 7 4 0 7 1 12 31 5 10 16 3
9 12 1 12 2 2 8 5 1 0 10 0 5 11 11 4 6 3 0 2 7 12 0 12 4 12 8 7 12 0 0 14 2 6 27 15 5 0 11 0 14 0 2 9 2 11 0 2 2 14 6 2 3 18 20 18 4 7 11 13 7 6 14 3 12 0 0 11 23 0 22 2 3 6 1 3 2 4 16 4 16 1 2 14 18 23 5 8 1 1 12 3 4 16 5 10 4 8 1 3
0 8 2 5 3 5 7 9 2 1 5 7 4 1 0 6 16 8 10 2 1 4 1 2 1 18 14 0 7 2 3 5 10 10 0 0 0 12 3 21 6 0 2 11 7 6 1 9 4 2 9 3 0 7 9 4 1 4 0 0 2 1 4 0 3 4 1 8 1 1 14 0 2 2 2 0 3 3 0 4 5 8 0 1 4 0 11 0 1 2 1 2 3 2 2 13 8 2 0 1
0 2 0 0 0 0 0 0 0 3 4 1 0 0 1 2 0 1 0 0 1 0 0 1 0 0 0 0 0 1 0 0 0 0 0 0 2 0 1 0 0 0 0 0 0 0 0 0 0 0 0 0 0 1 0 0 1 0 2 2 0 0 0 0 1 2 0 0 3 3 0 0 0 0 0 1 2 0 0 0 0 0 0 1 0 0 3 1 0 0 0 0 1 0 0 0 0 0 0 0
0 0 2 0 1 0 0 0 3 0 1 0 0 0 0 0 0 2 1 0 0 0 0 0 0 0 0 2 0 1 0 1 0 1 0 0 0 0 0 0 0 0 0 0 0 0 4 0 0 1 0 0 0 1 0 0 1 0 3 1 0 1 1 1 0 0 0 0 2 7 0 0 2 2 0 0 0 0 0 0 0 0 1 1 0 0 0 1 0 0 1 1 0 1 0 3 0 0 0 0
2 0 5 7 2 0 0 1 3 1 14 7 13 1 0 18 1 3 6 4 0 0 0 2 1 13 10 0 1 0 0 13 3 0 0 8 3 3 2 10 1 0 1 1 2 3 1 3 1 5 13 10 1 0 0 2 0 1 0 0 5 1 6 1 6 2 22 7 5 1 8 2 5 6 0 3 3 9 0 0 5 10 16 5 0 16 0 6 4 4 12 21 4 0 1 13 1 5 11 17
24 14 7 39 1 0 5 4 3 36 0 16 2 1 5 24 22 19 6 15 9 0 5 78 16 7 11 27 2 0 3 18 8 8 3 9 3 6 23 10 4 2 7 16 10 1 6 13 4 1 2 8 0 14 9 14 3 4 7 3 4 5 0 0 3 2 5 0 8 29 6 10 8 3 1 3 6 6 5 3 1 13 6 3 1 2 1 3 1 1 9 2 5 6 2 7 4 9 10 2
0 4 10 11 12 2 14 11 0 39 1 1 4 6 1 6 3 2 8 1 0 3 1 0 3 9 2 7 6 1 3 4 11 4 11 13 1 7 1 0 0 1 1 9 2 1 1 4 2 32 4 0 3 5 1 1 5 2 3 8 1 8 4 20 1 1 3 2 0 14 1 4 2 6 1 2 0 4 4 0 4 11 5 3 1 6 2 6 2 1 1 2 5 3 11 0 3 19 4 2
0 10 0 1 5 0 0 1 0 2 11 2 6 0 1 3 5 3 3 0 5 6 12 3 1 2 3 4 0 5 0 5 2 1 14 1 0 1 3 13 1 5 4 2 0 3 0 1 2 0 4 6 0 8 0 10 4 5 0 3 8 16 16 6 2 1 3 0 22 0 2 2 0 13 7 12 7 1 2 4 10 1 0 3 1 0 4 4 1 0 1 3 6 4 0 3 4 1 1 1
2 3 3 0 3 1 16 0 4 5 9 15 17 0 1 18 2 27 7 2 3 7 0 0 4 2 4 5 27 1 3 0 2 1 16 4 2 0 4 2 5 6 6 0 3 0 3 1 4 12 6 5 5 3 16 1 9 1 7 2 0 1 3 1 36 1 0 2 2 0 10 13 1 0 2 0 5 4 9 4 0 10 4 10 1 4 12 1 1 4 1 4 4 0 3 0 1 2 0 1
3 9 0 0 1 0 8 1 22 0 3 12 1 1 3 7 2 0 0 3 0 7 7 0 5 1 1 1 2 8 4 2 0 2 3 0 10 2 0 5 1 1 1 6 3 4 4 0 6 3 3 0 2 2 5 10 5 8 2 4 2 3 2 0 1 6 10 2 8 2 0 0 0 12 0 5 13 2 1 3 14 4 14 0 15 8 2 7 6 0 3 4 3 8 9 0 8 3 2 0
4 8 2 8 3 9 0 12 8 7 0 0 0 7 0 0 0 8 3 2 16 3 2 6 1 10 1 9 8 12 4 6 2 0 2 4 7 0 4 10 1 4 2 5 1 7 1 15 0 0 3 2 0 6 0 2 5 2 6 0 9 1 1 0 5 3 8 9 0 2 10 5 0 2 1 1 1 10 0 3 0 4 4 7 8 1 0 0 0 0 7 6 5 0 2 2 11 1 4 2
2 1 5 13 0 2 2 0 3 1 0 4 2 2 2 4 3 3 4 7 9 2 5 11 2 2 3 0 0 2 1 1 3 0 12 1 4 0 3 2 4 0 2 14 4 0 4 5 7 8 4 12 2 2 21 1 6 1 3 10 14 3 2 32 1 0 1 2 3 0 7 12 3 6 3 1 0 0 1 1 0 8 4 1 4 3 3 1 0 20 5 0 11 1 2 4 0 2 3 1
0 19 2 18 5 2 11 1 8 0 8 3 2 0 4 3 0 0 6 0 0 0 1 2 7 9 0 1 21 0 16 0 3 1 4 0 8 1 10 2 0 0 0 5 0 4 2 15 5 0 1 5 2 2 1 4 0 1 9 5 7 3 4 0 4 0 7 1 0 0 0 1 0 6 14 0 0 2 8 12 1 2 0 9 6 8 2 1 1 12 3 7 9 2 2 8 2 0 0 7
4 1 18 15 4 5 0 19 25 14 12 6 15 2 34 2 0 23 1 0 6 16 0 1 6 0 26 2 4 2 11 6 9 3 0 13 0 27 30 42 6 0 0 24 5 2 2 0 0 1 0 1 2 19 7 4 4 1 0 4 3 1 3 3 9 4 13 12 3 7 0 6 0 20 15 8 0 0 5 7 3 6 1 20 5 6 9 5 4 8 29 6 4 1 0 2 15 0 12 3
19 3 6 1 30 13 12 10 18 3 3 0 3 1 7 0 1 8 4 3 15 4 3 1 3 0 9 2 17 1 5 5 3 23 8 1 20 1 17 7 5 0 3 9 39 24 5 0 8 0 0 12 1 25 0 5 2 1 0 9 2 13 6 2 3 5 3 28 20 4 2 28 5 30 10 5 7 2 1 3 8 14 36 1 5 2 11 19 5 2 3 10 0 7 0 9 3 22 0 50
2 8 1 0 5 0 2 1 6 4 1 8 20 2 1 3 1 8 1 9 0 2 5 1 7 9 6 5 1 3 1 0 2 5 17 15 0 5 0 2 4 2 1 1 0 0 6 1 5 8 1 3 1 8 0 1 30 4 4 0 15 3 6 0 9 1 1 1 25 0 14 1 4 1 0 2 7 0 0 8 3 3 3 2 0 0 0 9 8 15 0 2 4 5 1 2 10 2 4 3
1 0 1 0 1 1 0 0 0 0 0 1 0 0 0 0 0 0 0 0 2 0 0 1 0 0 0 0 0 0 0 1 0 0 0 0 0 1 0 0 1 0 0 0 0 1 0 0 1 2 1 0 1 0 2 0 0 0 1 0 0 2 1 0 1 0 0 0 5 5 0 0 0 0 1 1 0 0 3 0 0 0 0 0 0 0 0 0 0 1 1 0 0 0 0 0 1 0 3 0
18 9 1 0 0 3 5 15 3 0 5 1 4 1 14 2 0 15 3 0 0 8 0 1 1 8 5 0 2 8 3 11 0 4 4 0 2 3 0 1 6 4 4 0 14 0 1 1 5 1 0 4 5 0 4 0 5 0 1 9 2 9 6 1 2 8 7 0 0 2 0 0 5 0 1 0 13 0 6 5 4 0 3 2 3 0 13 14 0 0 1 0 1 10 1 0 8 0 0 2
2 1 0 7 1 4 8 35 1 15 17 2 2 3 6 3 5 15 5 3 5 8 4 3 10 0 5 19 0 0 8 1 0 4 33 3 5 2 3 22 1 3 6 11 14 4 15 2 10 2 4 2 6 9 21 12 1 12 8 10 29 0 2 27 20 5 1 20 0 3 4 28 27 0 16 7 23 3 8 4 4 6 35 2 12 6 2 2 8 2 5 5 5 0 5 4 3 1 2 7
6 4 4 1 4 15 0 7 3 2 0 2 14 3 0 4 4 1 0 7 5 13 3 2 1 0 3 5 19 3 5 5 8 0 5 1 1 1 1 0 0 0 0 2 4 3 14 4 0 0 8 0 0 4 7 1 0 3 3 4 9 5 9 0 0 0 4 0 1 1 3 0 8 8 4 5 5 4 0 9 2 1 12 0 2 4 2 6 2 5 8 6 0 5 2 14 0 1 2 2
1 2 0 0 0 0 0 0 0 0 2 0 0 0 1 2 0 0 0 0 0 0 0 1 0 0 0 0 0 0 0 0 0 0 0 0 0 0 0 0 0 0 0 0 1 0 1 0 1 1 4 0 0 0 0 1 0 0 1 0 0 0 0 0 0 0 1 0 1 0 0 0 2 0 1 0 0 0 0 2 3 0 0 2 0 0 1 0 0 0 0 1 0 1 1 0 1 0 0 0
1 3 6 3 8 1 12 5 7 0 0 0 2 9 1 4 9 0 4 0 4 4 5 1 0 3 1 0 2 1 13 1 3 2 0 0 3 2 0 5 3 6 4 6 10 1 2 0 1 1 2 14 7 10 7 8 3 2 8 9 6 4 0 0 9 3 8 1 7 3 0 1 1 2 3 0 4 2 1 8 6 1 5 3 11 7 21 3 8 0 12 2 4 5 3 18 2 3 0 5
1 4 2 9 4 6 10 6 4 5 15 5 4 2 3 0 0 1 0 4 5 1 15 11 3 1 2 3 1 11 0 6 3 2 4 0 4 4 2 0 1 6 2 0 3 0 6 2 2 3 8 1 10 3 3 0 3 0 6 1 7 10 0 5 1 5 7 19 7 1 6 1 8 2 1 4 3 2 2 2 0 4 19 4 8 24 4 2 3 3 7 0 0 3 7 13 6 0 3 7
27 26 37 9 0 8 5 12 5 5 1 1 3 7 4 7 3 0 2 0 0 4 1 27 6 8 8 7 12 40 6 0 10 23 1 6 33 1 2 2 18 1 1 4 3 15 9 4 10 1 2 3 6 2 0 13 11 5 12 9 4 1 2 2 1 6 0 5 4 2 8 22 3 13 0 1 0 15 14 4 10 4 24 0 3 1 11 10 15 4 5 16 1 3 40 2 0 8 2 5
0 14 0 0 3 1 12 0 0 0 8 0 3 15 5 19 5 13 3 3 0 13 0 25 11 0 2 12 2 5 1 12 25 1 2 2 1 10 0 4 40 0 0 2 7 4 6 8 17 1 3 8 4 1 1 12 4 7 16 16 3 4 9 6 5 13 4 8 0 8 2 1 0 12 10 3 9 9 13 2 7 4 3 0 7 0 5 0 9 38 0 3 2 3 3 33 6 12 2 0
13 0 13 19 6 2 0 2 2 0 15 5 18 7 0 5 4 12 1 4 5 14 1 0 6 5 10 1 0 5 6 1 0 9 5 1 19 2 14 7 3 3 4 25 11 9 9 3 8 0 3 21 0 6 9 23 2 5 4 17 5 11 21 1 0 18 9 6 3 2 9 12 1 3 2 1 11 0 3 14 2 12 12 0 0 3 0 10 0 1 38 16 12 2 15 6 2 6 4 8
0 0 1 0 0 0 0 0 0 1 0 0 3 1 0 0 0 0 0 0 5 0 0 1 0 0 1 0 0 1 0 0 0 0 0 3 1 1 0 0 2 0 0 0 0 1 0 0 1 0 1 0 0 1 0 2 0 0 0 1 2 0 0 0 0 0 0 0 6 10 0 0 0 0 1 0 0 0 1 0 1 0 0 1 0 0 0 0 2 0 1 0 0 1 1 1 1 0 1 2
7 10 12 14 0 3 8 11 1 1 7 2 19 9 8 0 7 0 4 4 3 2 20 4 0 6 0 8 0 17 2 3 17 4 0 7 6 1 5 3 5 3 12 7 2 1 6 6 34 9 1 1 1 31 5 10 4 0 10 1 7 3 27 1 6 1 0 2 15 8 1 7 3 5 20 7 21 0 0 9 0 6 11 20 7 3 10 0 3 3 1 18 1 16 28 2 1 2 1 6
0 0 0 0 0 1 3 1 0 0 0 1 1 0 0 0 2 0 0 0 0 0 0 0 0 0 2 0 0 0 0 0 1 0 0 0 0 1 0 0 1 0 0 1 0 0 1 1 0 0 0 0 1 0 0 0 0 1 0 0 0 0 0 2 0 2 1 0 0 0 0 1 1 0 1 0 0 0 0 0 0 0 0 0 0 0 0 1 0 1 0 2 0 0 1 0 0 2 1 0
4 0 5 18 4 0 1 0 0 4 1 2 2 0 2 0 3 1 3 2 2 3 11 2 0 2 2 0 0 6 1 0 2 1 1 4 3 0 8 0 1 5 3 5 1 0 3 0 3 27 6 3 5 9 4 6 1 2 0 2 10 10 0 19 6 5 22 1 8 6 3 6 13 5 13 1 5 4 2 0 17 0 9 1 0 7 2 15 4 6 2 0 14 0 10 3 0 3 4 1
5 9 10 5 40 0 2 3 3 1 0 2 3 11 12 31 2 0 30 5 0 0 9 1 5 4 16 20 4 13 5 24 10 16 2 0 13 18 0 5 3 7 8 4 4 12 23 10 11 19 4 19 16 7 20 2 2 20 1 1 25 29 0 18 4 13 5 17 3 10 9 0 8 7 2 9 3 11 8 3 7 7 13 4 1 10 2 3 6 7 15 1 0 3 2 6 14 18 14 4
3 5 1 4 1 1 8 0 3 1 3 1 3 0 2 7 0 1 1 13 4 5 6 0 8 6 0 1 1 1 2 5 8 6 25 1 6 0 5 1 1 2 0 2 2 2 20 9 3 30 4 0 10 0 2 0 2 3 4 3 1 14 0 0 6 2 4 1 17 6 3 7 0 2 0 2 5 8 4 0 11 3 4 1 6 5 5 27 4 1 5 3 3 3 3 12 3 4 6 7
2 22 0 5 0 11 0 23 2 0 5 13 11 0 3 21 0 20 1 1 2 0 3 4 12 6 19 1 0 16 1 3 9 21 0 7 7 5 0 3 1 0 3 5 6 2 2 11 4 30 5 14 0 7 7 0 2 22 13 2 12 3 1 4 5 2 10 2 21 29 3 2 9 7 5 11 8 0 9 2 1 1 1 4 10 6 0 4 1 3 9 7 38 10 8 32 2 1 6 10
3 4 0 1 1 8 11 1 5 10 24 4 11 0 7 1 0 5 0 0 5 1 3 10 5 13 0 2 14 1 4 1 0 2 19 0 0 1 5 1 11 3 0 1 0 8 4 9 29 15 2 1 4 1 1 10 17 8 10 0 8 3 0 1 5 2 5 1 3 1 6 5 13 21 23 7 1 5 3 5 1 27 1 23 7 19 23 0 11 29 18 1 3 17 21 6 4 24 15 2
0 2 9 0 2 16 0 11 3 1 5 3 1 1 4 1 19 4 4 4 4 1 17 1 6 1 2 0 1 7 8 2 2 2 1 1 1 2 5 3 0 10 2 8 4 6 20 0 7 36 1 6 2 4 0 2 0 3 3 11 4 9 13 3 2 0 1 2 5 3 19 6 0 2 1 0 5 1 0 17 0 7 1 3 8 3 10 4 13 1 13 7 0 11 10 6 11 0 7 12
1 1 6 5 1 2 5 3 14 5 1 15 0 2 12 0 21 4 22 2 1 5 2 6 6 0 0 1 1 6 2 8 2 1 3 3 10 3 7 3 7 0 2 1 7 3 1 14 1 2 8 3 6 4 0 2 5 6 2 3 0 8 4 5 3 0 1 0 0 27 5 2 7 13 0 1 3 0 0 5 2 2 4 6 2 0 0 9 8 2 11 11 4 4 0 0 0 1 1 2
7 6 5 5 1 2 9 1 0 2 0 18 9 7 2 0 2 3 5 0 7 5 0 8 14 12 3 1 20 0 8 0 14 25 15 14 8 0 10 2 18 5 1 5 7 2 2 9 1 6 6 6 20 1 0 3 6 0 10 1 6 12 1 2 1 5 0 1 5 4 21 6 3 0 2 20 14 1 15 38 4 2 10 3 0 9 5 1 9 9 5 0 6 14 0 7 0 0 10 16
0 0 0 0 2 0 1 0 0 0 0 0 0 0 0 0 0 0 0 1 2 0 0 0 0 0 0 0 0 0 1 2 1 0 0 1 0 2 0 0 0 0 0 0 1 0 0 1 1 1 0 0 2 1 0 0 0 0 1 1 0 2 0 0 0 1 1 0 0 17 0 0 0 0 0 4 0 0 1 0 1 2 0 1 0 1 0 0 0 0 1 0 0 0 0 0 0 0 0 0
2 0 0 1 0 0 2 0 1 0 1 0 0 1 0 0 0 2 1 0 0 0 0 0 0 0 0 0 1 0 1 1 0 0 0 0 0 0 0 0 0 0 0 1 0 0 1 0 1 3 0 0 1 0 0 0 0 0 1 0 0 0 0 0 0 0 0 1 2 1 0 0 0 1 0 1 0 0 0 0 0 0 0 0 0 0 1 1 0 0 0 0 0 0 1 1 0 0 0 0
3 2 6 1 2 8 0 1 1 0 5 0 1 5 6 13 1 7 2 1 7 0 9 0 0 3 17 0 3 1 14 4 9 4 1 0 7 0 4 12 2 2 3 5 0 1 4 2 3 0 3 0 12 8 23 0 4 8 3 6 10 2 4 1 10 1 1 6 5 0 0 6 3 3 2 1 1 2 3 1 10 1 0 6 20 0 2 2 10 1 1 0 1 3 0 6 6 12 1 3
0 0 1 1 0 0 1 1 0 0 0 0 0 0 0 1 0 0 0 0 2 0 1 0 0 1 0 0 1 0 0 0 1 0 1 1 0 0 0 0 0 2 0 0 0 1 0 0 1 0 0 1 2 0 0 0 0 0 0 0 0 1 0 0 0 0 0 0 10 0 2 6 0 1 0 1 0 0 1 1 1 1 1 1 0 0 0 0 0 1 0 0 1 0 0 0 1 0 0 0
0 1 0 1 0 12 0 0 0 2 0 0 5 0 0 0 1 0 1 0 1 0 0 0 1 0 0 0 0 0 1 0 2 1 1 0 1 0 0 0 0 1 0 0 0 0 1 1 1 4 5 0 6 0 0 0 0 0 2 1 0 1 0 1 0 2 0 0 0 0 0 0 6 1 0 1 2 1 0 0 3 1 0 1 2 0 0 9 0 4 0 0 5 0 1 0 0 0 0 5
0 0 0 0 0 0 1 0 9 3 0 0 0 1 0 0 1 0 0 1 0 0 0 5 0 0 2 0 0 0 0 1 0 0 0 2 0 0 0 0 1 1 0 1 0 0 0 0 0 0 0 0 0 0 0 0 0 0 0 0 0 0 0 1 1 0 0 1 5 0 4 0 4 0 3 0 0 2 0 1 0 0 0 1 0 0 0 0 0 0 1 0 2 0 0 0 3 0 0 0
1 2 15 11 7 12 6 11 10 10 8 9 1 15 13 4 14 12 27 7 9 1 1 4 35 3 4 0 5 1 8 15 6 4 14 1 14 9 3 2 2 3 3 6 3 8 15 22 1 0 2 8 3 1 6 1 25 8 49 11 15 11 0 3 17 1 7 14 9 21 5 2 4 4 10 4 6 5 0 3 1 15 0 2 8 5 2 6 1 4 47 0 4 3 0 5 0 2 7 3
0 0 0 0 0 2 1 0 1 0 0 1 0 0 0 0 1 0 0 0 0 0 0 0 0 0 1 0 0 0 1 0 0 0 0 1 1 0 0 0 0 0 0 1 0 0 0 0 0 0 0 0 1 0 0 0 0 0 0 0 0 0 0 1 0 0 0 0 3 0 0 0 1 0 0 0 0 0 0 0 0 0 0 0 0 2 0 0 0 0 0 0 0 0 0 0 0 2 0 0
2 2 13 1 3 1 9 6 6 2 12 4 2 6 11 1 18 4 5 1 17 2 0 15 7 12 5 6 1 2 4 30 13 6 13 2 19 21 3 42 6 13 27 6 1 20 0 8 2 5 2 4 5 10 14 31 8 1 9 12 9 3 8 13 16 17 1 12 0 9 6 29 2 8 13 7 8 11 6 10 6 9 3 9 2 2 1 10 0 6 3 17 1 28 1 28 1 9 15 0
7 9 0 21 1 0 0 4 1 13 0 8 4 9 0 7 0 5 11 2 3 3 4 7 5 9 26 16 26 1 1 10 1 2 4 10 13 3 8 3 8 3 27 0 1 6 4 1 6 2 7 9 0 7 2 12 3 5 16 14 4 0 33 10 1 5 6 23 0 0 2 0 13 4 5 2 33 2 2 4 0 1 9 6 5 1 27 9 4 15 0 16 6 1 5 5 5 29 19 2
