0 0 0 0 1 0 0 0 0 0 0 0 2 2 4 0 0 0 0 0 0 0 1 2 1 0 0 0 0 0 1 0 1 0 1 0 0 0 0 3 1 0 0 0 0 0 0 2 0 0 0 0 1 0 0 1 0 0 0 1 2 0 0 0 0 0 0 1 0 0 0 0 0 0 0 0 1 0 1 0 0 0 0 0 1 3 0 0 1 10 0 1 0 4 0 0 0 0 0 2
0 0 0 0 3 2 0 0 1 0 0 1 4 1 0 2 1 0 0 0 2 0 1 0 0 1 1 0 2 3 0 0 0 0 2 0 0 2 2 0 0 0 1 2 1 2 0 0 0 2 6 1 0 0 0 0 1 1 1 0 0 0 1 0 0 0 0 0 0 2 0 0 0 0 0 0 0 0 0 0 1 0 0 0 0 1 1 0 0 0 6 0 1 0 1 0 0 1 0 0
0 1 0 0 0 1 0 0 0 0 0 2 0 0 0 0 0 4 0 0 0 2 0 1 1 7 0 1 0 1 3 0 1 0 2 2 1 0 0 2 1 0 1 1 0 0 1 1 1 0 0 0 23 0 0 0 2 1 0 0 0 0 0 0 1 0 2 0 0 0 0 0 0 1 3 0 1 0 1 1 0 2 0 1 1 0 1 0 1 0 1 0 0 0 0 0 3 0 0 0
1 2 14 6 2 8 0 7 5 1 0 6 24 2 3 12 0 2 0 6 6 0 2 0 1 9 0 2 4 1 1 10 6 2 0 8 10 3 2 1 5 1 0 3 2 2 4 4 7 2 13 10 1 3 1 0 1 1 11 1 2 7 8 3 8 3 0 18 5 10 10 17 6 9 1 1 18 1 7 3 2 2 29 6 7 15 5 19 12 0 0 3 3 4 6 1 3 1 6 7
0 0 0 1 0 0 0 1 1 0 1 3 0 2 0 0 1 0 0 0 0 1 0 1 0 0 1 0 1 2 0 0 1 0 0 1 0 0 0 0 0 0 0 0 0 0 0 0 1 0 0 2 0 1 0 1 0 4 0 0 4 1 0 0 0 0 0 0 1 0 0 0 0 5 0 1 1 0 0 0 0 0 0 0 2 0 0 2 1 1 0 0 0 0 1 1 1 0 0 0
3 0 0 0 0 0 0 0 1 1 1 0 2 0 1 0 1 0 0 0 0 0 0 1 0 0 0 0 0 1 0 1 0 0 0 0 0 0 0 0 0 0 0 0 0 2 0 0 0 0 0 0 1 0 0 0 1 0 1 0 0 2 0 0 0 0 0 0 0 0 1 0 0 0 0 0 0 0 0 1 0 0 0 0 0 0 1 3 0 0 0 1 0 0 1 0 0 2 2 0
3 3 18 8 3 0 0 1 0 1 10 0 17 6 5 5 18 3 9 6 10 6 20 9 9 7 1 18 0 0 7 12 7 1 20 1 5 5 28 21 14 4 2 10 0 6 2 1 6 0 5 5 6 1 8 0 14 8 8 3 14 5 15 0 8 22 0 1 18 4 4 8 8 1 4 19 4 7 8 1 4 11 0 3 2 16 5 15 12 1 6 6 16 13 7 0 1 11 3 22
4 0 1 3 4 2 12 1 1 3 1 0 6 32 4 3 2 13 4 3 0 2 8 4 2 5 1 11 2 3 12 2 0 9 8 2 1 6 6 1 4 2 2 11 0 15 5 7 1 0 0 6 1 2 4 0 5 3 11 5 0 2 4 3 6 7 10 0 0 5 1 5 1 5 5 5 3 2 0 0 14 0 0 1 6 0 3 1 1 1 7 7 1 8 1 0 2 10 0 0
0 0 0 0 0 2 9 1 2 0 1 0 1 0 3 0 0 7 0 0 1 0 0 0 0 0 2 0 0 0 0 0 0 0 0 1 0 0 0 0 0 0 0 0 0 0 1 5 0 0 0 1 1 1 0 0 1 1 0 0 0 0 1 0 0 2 0 3 0 0 0 0 0 2 0 1 0 0 1 0 0 0 0 0 1 0 0 0 0 0 0 0 0 1 1 0 0 2 0 0
2 3 8 12 22 6 11 25 27 9 0 2 15 2 5 0 0 1 10 5 6 4 11 9 2 0 1 2 9 31 2 1 2 7 1 21 7 7 3 2 0 1 6 1 4 5 9 0 5 8 6 2 0 14 2 4 1 10 13 8 13 6 12 1 1 11 15 3 7 16 0 9 25 0 9 1 1 8 13 2 13 1 14 3 0 13 0 4 14 33 3 7 7 3 0 3 4 2 1 2
1 25 3 1 4 1 12 7 10 1 6 4 14 4 13 1 2 4 6 2 1 5 0 5 3 1 0 0 13 8 11 26 10 31 11 0 2 6 32 2 1 1 4 3 6 0 18 2 3 1 9 2 1 8 0 1 1 15 1 2 7 0 7 26 5 5 2 9 15 7 11 3 2 16 13 1 12 20 13 0 2 13 2 2 5 8 9 3 3 1 4 9 7 1 3 1 13 12 31 4
0 0 0 0 1 0 0 0 0 0 0 1 0 0 2 0 1 0 0 0 25 0 0 1 0 1 0 4 0 0 1 0 0 0 0 0 0 1 2 0 0 0 0 0 0 0 1 0 1 0 1 1 0 1 0 0 0 0 0 0 0 0 0 0 0 0 1 0 0 0 0 0 0 0 0 1 2 0 0 0 3 0 0 0 0 0 0 0 0 1 1 3 0 0 0 1 3 2 2 1
3 2 32 0 0 2 0 5 5 0 5 0 3 0 1 3 6 3 2 14 4 1 8 1 5 1 15 5 1 9 12 2 2 6 16 3 0 1 0 0 5 9 4 4 9 8 5 6 1 0 0 8 1 1 1 5 3 0 0 1 27 2 2 0 3 15 2 0 8 8 2 1 7 6 1 11 5 12 1 1 5 0 3 16 5 7 4 2 0 0 3 2 3 8 2 3 0 4 16 8
9 4 9 20 2 11 27 9 2 0 3 2 0 0 2 36 19 2 0 12 2 1 10 1 9 11 4 1 20 9 6 1 8 16 5 15 9 14 1 4 0 5 11 0 0 3 2 28 0 5 1 7 1 18 11 2 4 0 4 13 5 4 1 2 3 0 21 2 0 19 1 4 32 2 5 0 0 7 12 0 4 0 8 15 11 7 12 1 16 6 1 1 7 5 9 9 7 9 4 18
1 0 0 2 0 2 0 0 0 10 0 0 0 2 0 0 0 0 0 0 0 0 0 0 0 0 2 1 0 0 0 0 0 0 1 0 0 0 0 0 1 1 1 1 0 1 0 0 1 0 2 0 0 0 2 0 1 0 1 0 0 2 0 12 2 0 0 0 1 1 2 0 0 0 1 0 0 1 5 0 0 0 1 0 0 0 0 1 0 0 0 0 1 0 0 0 0 0 0 0
0 1 0 0 0 1 0 0 0 0 0 0 0 0 0 3 0 1 0 0 3 0 0 1 3 0 0 2 0 1 0 0 0 0 0 0 0 1 0 0 0 3 0 1 0 0 0 0 2 0 0 0 0 0 0 0 0 0 0 0 0 0 0 0 0 0 0 0 0 1 0 0 0 3 0 0 0 0 0 0 0 0 0 1 0 0 0 0 0 1 0 0 0 0 1 0 0 0 1 0
12 2 0 5 3 0 1 7 0 1 0 2 5 11 0 0 4 3 3 0 5 0 5 2 6 0 1 2 8 2 1 1 1 0 0 0 7 0 3 2 0 0 2 4 0 3 1 2 2 6 5 3 3 0 8 9 0 3 7 0 0 2 1 0 2 2 10 8 7 7 0 4 3 4 20 3 2 24 0 0 2 5 14 0 0 1 11 2 5 1 9 0 10 0 1 0 0 9 1 1
14 0 1 0 0 0 3 3 19 15 9 4 0 0 13 6 0 5 0 0 5 11 3 2 12 3 3 10 0 4 9 1 4 5 1 8 13 0 2 1 0 5 13 0 5 13 8 4 13 0 0 11 2 0 3 6 1 2 5 0 3 9 9 6 0 5 10 7 0 9 3 1 1 12 2 2 3 2 2 14 5 1 3 5 24 4 12 1 11 5 2 13 2 5 4 6 3 3 1 16
6 0 4 22 2 5 18 5 2 8 6 1 5 1 1 9 7 0 21 3 5 15 2 3 9 5 4 3 3 18 7 0 1 4 5 16 14 4 0 3 18 4 5 18 19 4 0 2 6 1 7 16 4 1 22 0 10 12 0 1 1 3 7 15 2 5 11 20 9 5 5 2 9 15 7 0 8 6 11 7 6 5 3 21 4 1 4 0 0 0 18 11 10 2 4 11 14 0 2 0
0 0 0 0 4 1 0 0 0 0 0 0 2 0 0 0 0 0 0 0 0 0 0 1 0 0 1 0 1 0 0 0 0 0 0 1 1 0 5 1 0 0 1 1 0 0 0 0 0 1 4 0 1 0 0 1 0 1 0 0 0 0 0 0 0 0 1 0 0 0 0 1 2 1 0 3 0 1 1 1 0 6 0 0 1 1 1 0 0 0 0 0 2 1 1 1 0 1 0 0
0 0 0 1 1 1 2 0 0 0 0 0 0 0 1 0 0 6 0 0 3 0 0 0 0 1 2 0 0 0 0 0 2 0 0 0 0 0 0 0 1 0 0 0 0 0 1 2 0 1 1 0 0 1 1 4 0 0 0 1 0 0 0 0 0 0 0 0 0 0 0 0 0 1 0 1 0 2 0 0 0 0 1 0 0 1 1 0 1 0 0 1 0 0 1 0 1 0 1 0
0 2 0 0 0 1 8 0 2 0 0 0 0 0 0 0 1 1 0 0 1 1 1 1 0 0 0 1 0 1 0 0 0 0 0 2 0 0 0 0 2 1 0 0 1 0 2 0 0 0 1 0 3 0 0 0 1 0 1 1 0 3 0 0 0 0 1 0 0 0 0 0 0 0 0 0 0 0 0 0 0 0 2 0 0 0 0 1 1 0 0 0 1 0 0 3 1 0 0 0
3 4 0 1 21 5 8 15 3 0 13 4 18 12 3 9 0 10 6 30 29 3 8 11 19 0 23 6 3 5 1 28 17 3 0 10 8 22 1 0 18 6 0 1 6 6 6 3 7 14 8 11 4 13 6 2 3 4 0 5 0 9 26 2 0 7 0 2 2 9 2 4 13 1 14 17 20 15 1 34 10 3 5 8 4 6 0 0 0 1 5 10 14 0 2 3 4 13 14 1
1 1 3 2 20 0 1 7 0 1 0 11 0 5 7 4 2 0 22 0 0 0 1 0 3 1 7 1 0 0 2 1 3 0 16 7 0 0 11 4 0 2 2 3 6 0 0 2 10 2 1 0 2 0 3 1 0 4 8 3 2 1 9 1 1 1 5 15 0 7 1 2 0 12 0 0 0 27 1 13 9 4 2 2 6 2 2 3 4 3 12 3 6 2 1 3 1 6 9 2
0 0 0 1 0 2 0 0 0 0 0 0 6 0 0 0 0 0 0 5 0 0 0 1 0 0 0 4 0 0 0 0 2 2 1 0 0 1 8 0 2 0 0 0 0 0 1 0 0 0 0 0 0 1 0 1 0 0 0 1 0 0 0 0 1 0 0 0 2 0 1 4 1 1 0 6 0 0 0 0 0 1 0 1 0 0 1 0 1 0 1 0 3 0 1 0 0 0 1 0
0 2 1 4 9 13 0 1 1 4 5 3 0 0 3 0 2 0 2 0 0 5 7 6 2 5 4 0 12 4 4 1 2 19 1 1 7 3 2 0 7 2 2 0 3 3 0 0 0 2 0 5 0 7 0 4 16 1 0 10 1 9 0 6 0 2 26 4 0 4 10 7 0 14 3 0 0 10 8 1 11 2 3 7 3 10 13 4 4 0 5 7 1 3 0 2 3 0 3 7
12 4 0 3 0 1 2 1 4 5 4 2 3 14 0 2 10 8 3 0 0 3 16 9 2 2 1 0 6 0 2 3 9 2 14 10 3 3 17 2 5 2 7 7 9 2 7 5 0 1 13 1 2 0 3 2 3 3 4 5 2 7 0 22 3 7 0 3 0 8 0 0 4 5 9 1 5 27 2 0 3 3 0 2 15 17 2 3 8 0 2 5 9 2 2 0 2 1 13 1
2 11 6 8 0 0 0 4 4 0 5 2 0 3 0 2 0 2 10 1 5 15 0 0 5 2 3 27 1 2 3 5 1 8 4 1 7 1 9 0 3 2 0 7 1 1 1 2 2 7 6 0 1 8 0 2 7 0 10 4 0 1 2 0 1 1 13 3 0 3 2 0 0 20 13 4 0 1 0 7 0 0 6 11 5 8 0 1 0 2 0 21 0 6 0 4 4 9 0 6
8 1 8 23 3 1 0 4 2 1 18 2 3 2 0 19 3 2 16 5 9 2 15 7 38 6 14 0 0 3 6 0 0 3 18 9 3 7 3 14 2 11 2 10 3 0 9 5 10 1 10 5 1 2 7 10 2 8 0 27 10 2 23 2 0 4 4 5 12 1 19 1 2 2 16 1 45 3 1 1 6 11 7 8 9 6 12 3 42 5 0 13 2 1 8 9 10 1 12 24
1 0 0 0 0 5 0 0 0 0 1 0 1 0 0 1 0 7 0 0 0 0 0 0 3 1 0 0 0 0 0 0 1 0 0 0 2 1 1 0 0 0 3 1 0 0 0 1 0 1 1 0 4 1 0 6 0 0 0 3 0 0 0 0 0 0 0 0 1 0 2 0 1 1 0 0 0 0 0 0 0 0 2 0 0 0 0 0 0 0 0 0 0 0 1 1 0 0 2 0
6 0 0 0 0 12 3 1 7 11 3 8 4 2 8 4 7 17 1 0 0 2 0 3 4 0 2 1 0 3 5 10 4 4 1 14 2 4 3 3 2 16 5 6 6 1 0 6 7 1 1 2 4 0 4 4 4 0 2 2 4 3 0 1 3 6 0 1 2 1 7 5 3 11 0 5 4 4 2 0 4 2 3 1 8 2 0 2 1 21 12 4 28 3 2 3 0 1 0 2
0 0 0 0 4 0 0 0 1 0 0 0 4 0 0 0 0 0 0 11 1 0 0 0 0 0 1 0 0 0 2 1 0 0 0 0 0 0 4 1 0 0 0 4 0 0 1 0 0 0 0 0 0 1 0 1 1 2 0 0 0 1 0 0 0 0 1 0 1 1 0 1 0 0 1 0 0 0 1 0 0 1 2 0 0 0 0 0 0 0 0 1 0 0 0 0 0 0 1 0
1 1 0 0 4 0 0 0 3 0 0 1 13 0 0 0 0 1 3 0 0 0 1 0 0 0 2 0 1 0 0 0 0 0 0 0 0 0 0 0 0 0 0 0 0 0 1 0 1 0 5 0 1 0 0 2 0 0 1 0 0 0 0 1 1 1 0 0 0 0 2 1 0 0 0 4 0 1 0 0 0 1 0 0 1 1 0 1 1 0 1 0 0 0 0 0 0 0 0 0
3 2 17 1 3 0 3 17 11 0 5 3 0 4 0 0 0 0 6 0 7 2 2 10 3 0 2 0 3 2 1 4 1 4 13 9 7 10 1 5 7 9 4 9 8 0 3 10 1 0 14 0 2 6 7 7 1 22 4 12 2 1 3 0 4 0 6 11 0 6 0 3 4 6 4 0 6 16 4 11 0 0 0 4 2 4 1 0 0 0 0 0 1 4 0 5 6 1 2 2
0 0 0 1 1 0 0 0 0 0 0 1 0 0 1 1 0 0 0 0 1 0 0 1 0 2 0 0 0 3 0 0 1 0 1 2 1 0 0 0 0 0 0 0 0 0 1 0 0 0 0 0 0 0 0 0 0 0 0 0 0 0 0 3 0 0 0 0 0 0 0 0 4 0 0 0 2 2 1 0 1 0 1 0 0 0 1 1 1 7 0 0 0 1 2 0 0 0 3 0
0 0 0 0 0 0 5 0 2 0 2 0 1 2 0 0 0 4 0 0 0 2 0 0 1 0 0 0 1 0 0 0 0 0 0 0 0 2 0 1 0 0 0 0 0 0 0 0 0 0 1 0 7 1 0 2 0 0 0 0 0 0 0 0 0 1 0 1 0 0 0 2 0 0 0 0 0 0 0 0 1 0 0 0 1 0 1 0 0 1 0 3 0 0 0 1 1 0 0 1
3 3 5 2 0 12 8 17 16 5 6 0 3 3 1 6 8 18 9 11 0 30 20 11 11 8 5 4 10 5 0 0 7 4 10 16 3 10 21 5 41 2 2 1 1 0 10 4 20 5 11 16 23 12 7 1 2 22 2 14 10 19 4 3 15 1 0 5 4 4 18 1 5 9 0 11 5 17 2 20 3 10 3 7 25 0 18 9 2 2 32 9 13 3 5 13 1 0 2 0
10 1 10 0 24 6 10 1 3 8 7 1 0 4 4 0 4 1 1 1 4 3 13 1 2 2 21 19 7 4 11 2 38 0 0 15 1 7 15 7 34 3 0 1 5 0 0 1 7 22 26 1 11 8 0 5 0 1 9 7 6 2 17 8 12 5 2 3 7 16 1 6 4 5 24 28 21 16 2 2 5 13 8 1 3 1 10 13 1 2 1 1 38 1 0 5 0 1 2 5
3 1 0 0 0 0 0 0 0 0 1 2 0 0 0 0 1 1 0 0 2 0 0 0 0 0 0 0 0 1 1 1 0 0 0 0 0 0 1 1 0 1 1 1 1 1 0 1 0 0 0 0 1 0 1 0 0 0 0 0 0 1 0 0 0 0 1 0 0 0 1 0 0 0 0 0 2 0 0 0 0 1 0 0 0 0 0 0 2 6 0 2 1 0 1 1 0 1 0 0
0 0 0 1 0 0 1 0 1 3 0 0 0 0 1 0 2 1 0 0 0 0 0 0 4 4 1 3 0 0 0 0 0 4 0 0 0 1 0 1 0 0 0 0 0 2 1 0 1 0 0 0 0 0 2 0 2 0 1 1 1 0 0 0 2 0 1 0 0 0 0 2 0 0 0 2 0 0 0 0 0 0 1 0 1 0 0 1 1 0 0 0 1 1 1 0 0 1 0 0
9 11 5 6 4 5 0 0 4 3 0 7 0 8 0 15 4 2 1 2 0 2 0 2 0 0 11 9 4 1 1 14 0 0 0 7 6 3 0 4 0 14 1 5 1 0 2 1 1 3 0 7 3 4 2 3 0 3 3 2 4 7 3 5 3 6 2 0 10 6 6 6 1 0 8 8 0 2 1 3 5 0 6 7 2 3 0 7 2 0 15 0 4 1 3 4 3 2 1 0
0 1 0 0 0 1 2 1 0 2 1 0 0 1 0 0 0 1 0 1 0 0 0 0 0 1 0 3 0 0 0 1 1 1 3 1 0 0 0 1 2 0 0 0 0 1 0 0 0 1 0 0 0 1 0 0 0 0 0 0 0 0 0 1 0 0 0 0 2 0 0 0 0 1 0 0 0 1 0 1 0 0 0 0 0 2 3 0 0 0 0 0 0 1 0 1 1 0 0 0
2 2 0 12 17 4 0 4 21 4 1 0 2 1 26 1 24 14 24 3 15 0 1 2 31 0 21 5 22 4 3 7 0 6 17 14 12 4 6 31 5 3 5 10 19 11 7 10 7 14 2 3 5 4 2 2 31 2 11 7 9 42 6 11 4 0 8 6 7 3 5 7 2 6 18 6 15 10 8 1 10 8 2 0 7 2 5 23 8 14 9 1 5 15 18 14 9 3 18 0
3 1 6 4 1 0 3 17 14 6 10 4 7 14 3 6 8 0 8 8 1 4 29 5 5 17 15 4 13 1 19 3 9 5 3 2 20 1 2 6 7 12 13 2 15 0 14 3 6 1 4 7 5 11 8 5 8 8 20 6 12 2 23 2 5 12 27 25 3 0 1 11 0 20 2 4 11 9 2 4 2 8 13 22 7 2 0 37 0 33 4 1 0 0 12 22 9 12 1 3
3 1 3 0 5 22 10 0 0 2 17 9 7 3 0 7 0 0 1 1 4 4 2 0 2 1 2 0 0 9 3 3 3 4 1 4 19 11 7 4 0 1 3 5 1 10 8 7 0 11 3 3 4 4 1 4 6 4 0 1 4 0 8 0 1 0 2 0 0 1 1 0 0 0 1 5 2 4 10 4 8 8 8 1 4 0 0 2 0 14 0 0 6 0 18 17 18 1 1 6
11 2 0 3 0 0 6 2 0 2 1 1 0 8 9 3 1 34 0 4 2 6 1 4 1 6 2 1 6 1 3 2 0 3 9 0 0 1 0 0 3 4 1 0 4 0 2 0 2 0 5 1 30 2 3 2 2 3 4 2 1 9 2 2 0 0 2 4 6 2 3 1 1 4 2 1 14 3 0 14 7 0 0 0 4 9 2 12 7 3 2 1 3 7 6 9 0 6 0 0
5 0 1 16 4 4 1 25 0 4 21 3 4 6 55 2 4 0 0 0 9 1 31 7 1 15 1 7 19 16 11 12 6 13 2 3 0 1 2 9 10 10 10 7 15 6 7 1 0 1 6 12 2 11 6 79 3 3 7 6 7 6 3 16 13 24 1 7 2 5 32 1 3 5 23 7 6 0 13 13 4 4 1 15 14 0 21 26 4 10 17 5 1 10 0 6 3 7 10 6
0 0 0 1 0 0 0 0 1 2 0 0 0 0 2 0 1 2 0 0 0 0 0 1 0 3 0 0 0 0 0 0 0 0 0 1 1 0 1 0 0 0 0 0 1 0 0 0 0 0 0 0 0 1 0 0 1 0 1 1 0 2 0 0 0 0 1 3 1 0 0 1 0 0 2 0 1 0 0 0 0 2 0 0 0 2 0 0 0 1 0 0 1 0 1 0 0 0 1 0
7 1 7 0 2 3 3 2 3 0 17 0 4 0 8 1 3 11 3 2 4 12 11 12 9 2 2 21 0 20 1 7 14 9 8 6 12 11 9 4 37 5 3 7 1 26 1 4 7 11 4 25 6 1 2 51 12 4 6 13 6 1 3 1 4 14 17 12 1 6 2 6 5 4 3 19 6 6 18 9 3 2 0 4 4 7 10 9 5 9 22 3 5 1 7 14 0 2 0 14
1 0 0 0 2 0 0 0 0 1 0 0 0 0 0 0 0 1 0 12 0 1 0 1 0 1 0 0 0 0 1 1 0 1 0 0 1 0 9 0 0 1 0 0 1 0 0 1 0 1 5 0 0 0 2 0 0 0 0 0 1 0 2 1 1 0 0 0 1 0 0 0 0 1 0 3 0 0 0 0 0 1 1 1 0 0 0 1 0 0 0 2 0 0 0 1 2 0 0 0
9 0 14 0 7 8 3 2 0 3 2 0 7 7 2 1 7 6 0 3 1 1 2 1 3 2 0 0 1 1 3 1 0 1 8 14 1 3 3 2 10 15 3 2 3 2 1 4 6 0 7 0 6 14 4 6 1 1 9 0 2 4 10 16 1 3 10 2 6 7 1 0 1 1 3 7 2 1 2 16 23 4 2 2 4 0 4 0 9 0 3 2 24 2 3 1 1 2 7 0
0 1 0 1 0 0 2 0 0 0 0 0 0 0 0 0 0 2 0 0 1 0 0 0 0 6 0 0 0 0 0 1 1 0 0 0 0 1 0 0 0 0 0 0 0 0 0 0 0 1 0 0 2 0 0 0 1 1 0 0 0 0 0 0 2 0 0 0 0 0 1 0 0 0 0 1 0 0 1 0 0 2 0 0 0 0 0 0 0 2 0 0 0 0 0 0 0 0 0 0
1 33 0 13 1 17 11 1 0 4 8 4 3 1 0 4 1 14 3 0 0 10 10 3 4 1 5 2 2 2 0 0 3 0 0 3 9 0 0 2 5 2 4 15 2 0 2 4 12 3 0 2 0 10 16 3 0 0 2 0 4 1 0 8 3 3 12 8 13 1 0 2 5 3 2 1 1 0 0 1 1 3 1 2 10 4 1 1 2 0 13 11 1 1 0 2 6 3 5 13
4 13 1 2 0 3 0 9 10 17 1 3 4 2 1 4 1 0 17 11 2 1 3 9 1 18 1 3 3 11 6 9 3 8 9 4 3 5 9 0 0 0 5 6 2 0 0 5 3 20 1 1 1 0 8 6 0 3 2 2 5 0 1 10 8 9 0 0 0 11 1 0 0 11 1 4 4 0 1 0 12 0 13 3 0 0 3 0 2 0 3 5 2 0 6 7 1 3 1 7
0 1 6 1 8 1 7 1 10 8 1 5 1 7 0 1 2 0 0 0 28 10 14 5 10 33 0 12 1 6 8 0 3 7 1 2 2 0 10 1 6 4 3 1 2 8 3 1 4 4 6 1 2 13 4 12 3 9 0 8 14 7 2 5 9 0 3 3 2 3 10 1 9 3 0 6 2 16 0 0 0 1 2 13 1 0 8 6 1 7 13 2 11 22 0 2 2 2 4 0
0 4 0 3 1 2 1 2 2 0 19 0 13 3 1 0 0 5 6 0 16 0 0 2 4 9 1 0 3 9 4 12 12 10 1 5 0 0 0 6 2 0 3 1 1 9 7 7 1 1 9 4 8 4 9 3 1 1 0 3 5 0 5 0 0 1 9 1 14 5 2 2 8 0 0 4 2 2 0 5 4 6 5 1 3 0 9 3 3 1 9 13 8 1 5 5 7 1 10 11
0 0 0 0 0 0 0 0 1 0 2 0 0 0 0 2 0 1 1 0 1 0 2 0 0 0 0 1 1 0 0 0 2 2 0 0 0 0 0 1 1 0 0 0 0 0 0 0 0 2 1 1 1 0 4 0 0 0 2 0 0 1 0 5 2 1 0 0 1 0 0 0 2 1 0 0 0 0 0 0 0 0 0 0 0 0 3 0 0 1 0 0 2 1 0 0 0 0 0 0
0 1 0 0 2 0 0 0 1 0 2 0 0 0 0 1 0 0 1 1 0 1 0 2 0 0 0 0 1 0 1 2 0 0 0 0 0 0 5 1 1 0 0 0 0 2 0 0 0 0 0 0 0 0 0 0 0 0 1 0 0 0 2 0 0 0 0 1 0 0 1 0 0 0 1 3 1 0 0 2 0 5 1 0 0 0 0 0 1 0 0 0 0 0 3 0 1 0 1 0
7 9 0 9 3 3 0 0 9 1 7 3 17 5 6 4 3 0 1 3 3 6 1 7 3 0 5 4 5 0 2 7 7 4 6 2 0 1 4 1 0 4 1 1 1 14 0 10 5 1 1 11 0 1 0 10 0 1 5 3 3 8 0 1 2 3 6 0 11 0 0 6 14 0 1 4 8 1 0 3 1 0 1 8 1 3 1 0 0 2 0 0 3 6 1 2 2 0 4 0
7 4 5 2 5 0 8 4 4 4 11 1 0 1 3 1 5 2 6 13 0 6 5 0 3 33 2 1 3 0 0 0 3 14 2 2 3 1 0 10 2 9 0 38 5 4 0 1 3 8 8 3 2 1 0 1 0 7 2 14 3 1 2 2 3 1 5 4 2 1 0 0 12 3 3 14 7 3 3 1 1 10 8 1 10 9 4 13 6 0 2 1 5 1 7 11 10 6 9 0
2 7 28 16 2 3 15 23 1 2 9 18 2 1 25 0 6 7 6 0 1 1 2 4 1 2 1 3 5 2 32 1 5 1 0 18 4 1 10 2 7 7 6 36 1 2 0 11 0 1 1 3 26 19 28 5 4 0 8 6 1 4 1 5 0 17 2 3 32 4 33 24 15 2 11 0 2 1 5 16 7 3 10 1 5 10 2 0 5 2 0 4 5 4 1 14 7 0 1 1
0 10 2 8 0 3 7 14 11 1 1 1 11 8 3 3 0 2 3 3 3 7 4 1 0 31 0 10 1 1 11 4 18 3 20 0 10 17 3 4 4 4 6 0 18 3 2 0 4 6 0 9 1 23 6 4 1 8 10 4 5 0 3 41 7 0 2 1 3 21 7 1 14 14 11 6 5 6 3 2 11 4 3 16 36 6 7 1 0 11 10 6 4 4 9 5 4 4 12 18
0 0 0 0 0 0 0 0 0 0 0 1 0 0 0 3 0 0 0 0 1 0 0 1 0 0 0 0 0 0 0 0 1 5 0 0 0 2 0 0 0 0 0 0 0 0 0 0 1 0 0 2 0 0 1 1 0 0 1 0 0 1 0 1 1 0 0 0 0 0 0 0 0 0 0 0 0 2 0 0 0 0 6 0 0 0 0 0 1 2 0 0 0 0 0 0 0 0 0 0
0 0 1 0 1 0 0 1 1 0 2 0 3 0 0 0 0 0 1 4 0 0 0 0 1 0 0 0 0 0 4 3 1 2 0 0 1 1 0 0 5 0 2 0 0 1 0 0 0 1 0 0 0 0 2 1 2 1 0 3 1 1 0 1 0 0 1 1 0 0 0 0 0 0 0 0 0 0 1 0 0 0 0 0 0 0 0 1 0 0 0 1 0 1 0 0 0 1 0 0
3 8 8 14 9 7 21 9 13 4 5 1 2 1 26 1 10 12 1 3 5 40 5 3 5 2 9 0 2 3 6 9 4 3 1 7 1 3 5 5 2 2 17 9 2 12 18 13 6 19 9 7 2 9 1 8 5 24 0 5 3 7 8 11 0 3 10 11 28 6 0 7 1 0 6 1 4 7 5 4 14 3 3 12 6 11 2 1 6 11 4 7 11 6 16 1 12 2 7 4
10 0 0 1 1 3 1 0 1 0 4 5 0 7 2 1 1 0 12 1 0 0 0 5 0 3 7 4 1 4 3 0 3 3 2 0 1 7 2 1 4 1 0 1 3 5 2 2 0 0 7 10 0 5 0 0 1 15 7 7 1 5 1 4 3 0 13 2 5 6 3 2 10 4 11 3 6 6 1 1 2 8 2 10 3 2 1 5 7 6 0 0 4 0 4 2 0 4 2 16
17 10 3 0 4 6 0 13 8 13 1 0 0 11 2 5 5 1 3 0 0 0 4 7 20 0 3 1 1 4 1 4 3 12 9 3 5 0 2 3 11 9 0 5 13 0 1 2 2 24 1 11 1 0 0 1 0 9 2 8 2 1 8 3 0 0 1 12 4 4 14 2 2 4 7 5 0 0 0 0 10 4 0 18 2 3 4 0 4 2 1 8 0 4 2 11 19 5 2 1
2 1 3 6 3 30 0 10 3 5 10 0 6 9 6 17 5 10 8 15 8 12 1 4 0 1 2 2 10 41 38 1 16 41 1 1 2 7 10 1 18 0 10 5 3 13 1 4 13 0 2 0 1 7 11 5 24 4 1 0 2 8 5 4 2 4 0 2 12 10 13 25 1 3 7 0 3 4 11 0 7 11 0 8 1 2 5 29 8 7 14 2 13 2 2 4 3 1 2 0
1 10 5 16 0 10 38 19 13 4 0 9 16 14 21 6 1 8 0 5 0 2 20 0 6 2 19 13 1 13 8 2 5 4 0 13 0 0 0 4 2 0 0 5 2 17 7 5 11 2 63 11 1 3 1 16 2 2 14 17 3 5 10 11 17 2 9 5 8 12 8 0 1 10 7 3 24 11 6 0 2 9 14 5 6 8 4 37 1 8 2 17 27 4 44 3 3 11 5 24
8 10 3 3 4 5 17 50 27 5 4 2 2 1 0 1 2 1 11 1 4 2 14 0 2 2 0 0 0 5 6 0 11 4 1 1 8 3 0 1 0 20 14 5 1 11 22 3 10 2 1 11 2 13 14 0 5 21 12 1 4 4 0 0 22 4 6 5 5 11 5 1 8 3 9 3 4 3 3 2 0 12 5 2 7 8 8 20 1 0 9 13 6 0 0 0 6 2 1 9
0 0 0 0 0 0 0 1 0 3 0 0 1 0 0 0 0 0 0 2 0 0 1 0 1 1 1 0 0 1 0 0 1 1 0 0 0 2 0 3 0 1 0 0 2 0 1 0 0 1 0 0 0 0 3 0 1 1 0 0 0 0 0 1 2 0 0 0 1 0 1 1 0 1 0 0 0 0 0 0 0 0 1 0 0 0 0 0 0 0 0 0 1 0 0 1 0 0 0 0
1 2 1 0 0 8 0 0 6 0 8 2 2 4 3 1 0 15 4 5 4 2 0 1 2 39 8 11 4 1 13 7 5 9 4 0 3 4 1 1 2 5 7 1 1 1 1 0 0 7 4 14 6 5 3 1 0 4 0 1 2 9 2 7 1 1 1 0 1 0 1 4 9 0 2 5 3 5 3 3 1 1 1 3 4 0 3 0 1 0 1 3 4 0 8 0 2 1 1 1
1 3 1 0 0 0 0 0 1 0 0 1 0 0 0 1 0 0 0 0 0 1 0 0 3 1 0 0 2 0 0 2 1 0 0 2 0 0 2 0 0 0 0 0 0 0 0 0 1 1 0 1 0 0 0 0 0 0 0 0 0 0 0 9 0 0 0 0 0 0 1 1 1 0 0 1 0 0 1 0 0 0 1 2 0 0 0 0 0 0 3 0 0 0 1 1 0 0 1 0
1 2 0 0 0 0 0 0 1 0 0 2 0 0 0 0 0 0 0 0 1 1 0 0 0 2 0 0 0 1 1 0 0 0 0 0 0 0 2 3 1 0 0 0 0 1 0 0 0 0 0 0 0 0 1 0 0 0 1 0 0 0 1 1 1 0 0 0 0 0 0 0 0 0 2 0 0 0 0 1 1 1 0 0 0 0 0 1 0 3 0 0 0 0 0 0 0 0 0 0
0 0 1 0 3 1 1 0 0 7 0 0 0 0 0 0 0 1 1 0 0 0 0 0 0 0 0 1 0 0 0 0 0 2 1 0 0 0 0 0 2 0 0 1 0 0 0 0 0 0 0 1 0 0 0 0 2 2 2 0 0 0 1 19 0 0 0 0 0 0 0 0 1 0 0 0 1 0 3 0 0 4 0 1 0 0 1 3 1 1 0 0 1 0 0 0 1 0 0 1
1 4 4 3 6 0 2 0 0 3 1 1 0 0 3 0 1 0 14 1 3 3 5 0 4 3 0 5 2 0 1 4 8 1 0 0 9 14 3 17 1 5 16 7 15 4 1 2 1 0 8 1 0 1 0 4 1 1 0 0 19 2 0 3 6 0 2 3 14 5 6 0 9 2 5 0 0 0 0 0 12 5 4 6 11 8 1 5 4 7 0 9 6 1 3 5 3 4 4 3
4 4 2 0 28 5 0 11 0 0 7 1 10 10 3 0 0 1 11 0 5 7 0 0 0 0 5 9 11 0 0 12 1 0 21 27 0 3 14 0 6 15 5 12 3 8 0 1 10 5 12 5 1 2 1 7 7 1 1 12 1 0 2 0 3 1 5 2 13 15 12 0 4 0 2 7 7 2 0 2 2 23 0 17 8 2 8 9 0 7 6 0 0 6 1 4 8 13 2 7
9 7 12 9 6 1 4 6 20 2 4 1 13 27 5 24 1 7 3 3 16 7 0 5 4 12 8 17 7 5 0 9 8 6 1 8 13 9 6 9 1 32 10 1 2 3 14 3 12 11 8 12 4 3 0 24 16 11 13 12 1 16 13 1 2 39 8 11 7 24 3 4 15 7 35 2 14 10 8 2 7 15 16 13 1 9 1 24 0 21 24 35 1 1 11 1 5 11 12 4
0 0 0 1 5 3 4 1 2 2 4 0 7 1 0 1 4 12 1 2 13 1 9 4 1 12 4 1 5 4 0 1 12 9 4 1 4 4 10 1 0 6 1 3 2 5 3 5 3 1 0 0 9 2 0 1 4 3 1 1 3 1 5 2 0 4 1 7 2 4 0 1 0 2 2 2 2 5 0 3 1 8 4 1 7 7 7 7 2 3 3 11 1 17 1 7 7 1 0 4
37 31 4 13 7 44 14 0 0 2 2 4 3 6 2 4 1 0 19 12 17 1 1 3 5 0 3 17 21 11 4 6 1 1 0 6 9 13 11 8 4 25 2 3 10 20 3 1 8 35 3 1 11 0 3 0 32 23 5 0 8 9 9 17 3 17 4 7 13 6 7 2 4 13 14 1 4 0 16 15 1 4 4 10 22 24 26 2 2 15 4 16 2 1 3 0 0 1 3 9
11 5 20 20 1 0 4 28 5 22 20 6 14 8 2 11 2 31 7 0 5 3 25 5 4 29 7 3 12 12 5 4 10 25 24 6 4 5 3 0 6 11 3 6 4 11 9 4 5 0 6 18 4 43 0 2 5 8 2 9 2 0 13 0 10 6 1 0 37 54 6 6 22 2 3 8 14 2 26 3 6 9 1 10 2 4 21 1 9 0 3 1 3 4 27 1 7 13 9 13
1 7 0 18 0 3 4 0 11 4 0 4 1 0 0 0 0 2 8 1 2 4 2 9 2 5 1 2 8 1 10 6 0 6 4 0 2 3 1 3 17 1 5 19 5 6 1 0 23 11 0 1 5 0 2 2 1 1 6 5 2 0 5 0 1 0 1 5 5 10 3 0 3 3 2 1 10 9 6 10 0 4 4 10 6 5 5 7 12 15 5 2 6 0 0 5 3 4 2 4
2 2 15 7 1 10 5 3 7 10 2 2 0 5 1 5 2 7 8 9 2 5 5 2 0 2 4 3 5 10 1 3 1 4 6 4 5 6 4 1 6 8 2 1 1 0 6 0 7 4 1 0 0 3 0 3 5 13 0 1 4 10 1 3 1 1 13 3 5 1 3 0 19 2 23 1 1 1 1 1 3 12 0 15 0 12 0 2 2 1 12 2 1 2 7 0 2 7 2 2
0 2 0 0 0 2 0 0 2 0 1 3 1 2 0 0 0 1 0 4 0 0 3 0 0 0 1 2 1 0 0 0 0 0 0 1 0 0 4 0 0 1 0 0 0 1 1 0 0 0 5 0 0 0 0 0 0 4 0 0 0 0 0 1 0 0 0 0 3 1 0 0 0 1 1 2 3 0 0 2 0 0 1 0 1 0 1 0 2 4 0 0 0 0 0 3 0 1 0 0
5 5 8 6 0 0 5 4 0 0 3 3 0 0 2 5 8 8 2 0 2 3 2 1 11 2 1 9 2 2 2 0 11 2 2 5 2 2 0 4 2 7 3 4 19 14 1 0 12 9 0 10 3 6 1 1 0 0 0 1 9 0 7 5 1 6 0 0 1 1 0 8 1 1 0 0 5 2 1 9 4 2 4 0 11 9 1 4 4 13 5 2 3 2 0 3 11 0 7 6
1 1 0 0 3 1 3 7 5 2 0 3 1 8 6 17 0 0 2 20 0 1 12 6 0 3 0 3 5 2 1 9 2 1 10 3 8 0 2 0 0 1 1 0 7 0 1 11 2 2 0 0 7 0 4 0 0 0 7 6 4 0 1 1 6 12 0 0 5 0 8 2 4 13 6 0 4 6 13 2 3 1 12 4 6 4 1 0 3 2 7 6 10 0 1 17 0 16 6 6
0 0 0 0 5 0 0 0 0 0 0 0 2 0 0 0 0 0 0 1 0 0 0 0 0 0 0 3 0 2 0 0 0 0 1 0 1 0 1 0 1 0 0 0 0 0 0 0 2 2 2 3 2 0 0 0 0 0 0 0 1 1 0 0 0 0 0 0 1 0 0 1 0 0 0 0 0 0 1 0 0 0 0 0 0 0 0 0 0 0 0 0 0 0 0 0 0 0 1 0
0 0 0 0 0 0 0 0 0 0 0 0 0 3 0 0 0 0 0 0 3 0 0 0 1 0 0 0 1 0 0 0 0 1 0 0 0 0 0 0 0 0 0 0 1 1 0 0 0 0 0 0 0 1 0 0 0 0 1 0 0 0 0 0 0 0 0 0 1 4 0 3 1 0 0 0 0 0 0 1 1 0 1 0 0 0 0 0 1 3 0 3 0 0 0 1 0 5 0 1
0 0 2 1 0 0 1 1 0 4 0 0 0 0 0 0 0 0 1 0 0 0 0 0 0 0 1 0 0 4 1 0 0 0 0 0 0 0 0 1 0 0 0 0 0 0 0 1 0 0 3 0 0 0 0 0 1 0 1 0 0 0 3 0 0 0 1 0 0 0 1 1 0 0 1 0 0 0 0 4 0 1 0 0 1 2 0 0 1 0 1 0 1 0 0 0 0 0 0 0
2 1 0 0 5 0 1 0 0 0 0 0 10 0 0 0 0 0 1 4 0 1 1 0 0 0 0 0 0 0 0 0 0 0 0 0 0 0 2 0 0 0 0 1 0 0 0 0 1 0 12 0 0 0 0 0 0 1 0 0 0 0 0 0 2 0 0 0 0 0 0 0 1 0 0 0 1 0 0 1 2 0 2 0 1 0 0 0 0 0 0 1 0 2 0 1 1 0 0 0
3 3 1 10 2 1 0 0 1 0 0 10 0 5 2 0 1 0 0 12 6 3 0 1 8 6 0 0 4 1 4 1 2 4 16 7 0 11 3 0 5 7 30 4 0 10 0 4 3 6 5 0 2 1 15 0 0 1 0 2 0 0 8 2 8 6 7 4 1 0 0 0 0 2 4 0 1 5 4 5 8 0 7 1 0 0 5 6 0 1 1 0 0 1 3 0 3 0 0 1
2 16 22 5 8 10 2 8 38 1 1 0 2 6 3 21 3 1 1 11 0 20 39 1 2 2 16 4 4 13 7 12 16 1 7 7 5 5 11 12 1 8 5 7 9 7 0 1 5 41 2 17 6 5 17 3 13 0 10 7 3 9 0 0 10 2 6 1 2 8 8 4 9 0 41 1 4 1 45 17 5 2 1 6 2 1 3 4 6 19 8 19 3 13 19 1 9 0 5 11
9 5 0 1 0 0 6 1 3 29 4 0 0 1 2 9 8 5 4 18 3 0 0 1 1 2 3 4 2 4 2 0 8 4 8 5 0 8 14 9 6 4 4 4 5 4 1 6 0 3 3 3 6 1 1 1 7 0 5 11 0 5 1 2 3 3 1 8 6 8 2 2 3 13 6 1 2 9 3 8 5 5 4 11 1 5 3 4 19 0 17 12 7 9 10 1 1 1 0 5
1 0 0 0 1 0 0 0 0 0 0 0 0 0 1 0 0 0 0 0 4 0 0 0 0 0 1 1 0 0 0 0 0 1 0 0 0 0 0 0 2 0 0 0 0 0 1 0 0 0 0 0 0 1 0 0 0 1 0 0 0 0 1 0 1 0 0 2 0 0 0 0 0 0 1 1 0 0 1 0 0 0 0 0 0 0 0 1 0 1 0 0 0 0 1 0 0 0 0 0
3 0 4 0 1 4 21 12 6 12 10 2 6 0 12 2 1 13 10 0 0 3 3 8 4 8 0 5 18 2 2 1 1 2 1 0 13 0 1 2 0 0 3 0 3 1 1 2 3 2 1 0 3 5 3 2 4 4 8 0 4 6 2 4 7 2 12 2 5 10 0 18 15 2 1 16 0 1 0 3 1 1 1 2 0 7 0 0 3 0 8 1 6 26 3 5 5 1 3 0
0 8 32 5 2 5 11 29 6 7 20 7 10 4 2 19 5 2 0 8 13 0 4 11 14 0 10 3 8 11 9 3 0 0 4 1 5 3 3 6 0 3 1 2 25 12 5 4 7 4 5 2 3 2 1 18 6 7 0 6 2 7 0 7 1 8 8 1 7 2 2 10 3 21 4 9 12 11 11 0 3 6 3 22 3 1 0 11 5 12 1 11 7 5 9 5 14 7 2 7
2 0 6 10 2 21 2 7 13 1 0 0 6 5 2 0 0 21 0 12 2 2 6 6 1 7 2 6 1 5 0 1 2 14 6 9 5 6 2 4 8 3 2 4 12 0 1 2 1 1 2 12 1 5 2 0 0 6 0 18 8 3 1 1 4 0 5 3 10 1 0 5 0 7 2 7 1 9 0 7 0 2 2 1 0 1 2 1 0 8 0 2 1 11 0 1 2 9 3 2
9 11 13 17 23 0 24 0 5 4 6 1 4 9 3 7 3 26 9 36 3 9 1 6 3 23 8 0 1 3 8 10 9 19 15 15 1 14 1 3 18 0 10 26 11 7 5 6 2 7 0 6 8 5 20 4 4 12 6 0 7 7 13 5 0 18 3 3 3 13 13 22 8 18 1 3 34 6 4 8 1 2 2 15 20 3 21 2 0 5 11 8 6 3 13 0 5 20 4 8
0 2 0 0 2 0 0 0 0 0 0 0 0 0 0 1 2 1 1 1 3 0 1 0 1 0 0 0 0 0 1 0 0 0 3 0 0 0 0 0 1 1 0 0 0 0 0 0 0 0 0 0 1 0 0 1 1 0 0 0 0 1 0 0 0 0 0 0 1 0 0 0 3 0 0 1 5 0 0 0 0 2 0 0 1 0 1 0 0 30 1 0 0 0 0 0 0 0 0 2
6 21 5 2 28 8 8 22 3 60 16 8 4 0 3 3 1 8 8 0 9 1 4 7 11 6 0 3 0 8 7 2 4 8 8 6 0 4 11 1 6 3 8 53 8 12 15 4 30 2 10 54 14 16 1 3 2 6 21 1 0 4 4 3 7 4 12 1 7 5 5 0 6 6 4 7 4 2 14 0 0 0 4 3 0 6 0 3 6 9 2 6 17 20 2 5 18 10 1 2
