0 0 0 0 0 0 1 1 0 0 0 0 0 0 1 0 0 1 0 1 0 0 0 0 0 0 1 0 0 1 4 0 0 3 0 0 0 0 0 0 0 0 1 0 0 0 0 1 0 0 1 0 1 3 0 0 7 0 0 1 0 0 0 0 0 0 0 0 0 2 0 1 1 0 0 0 0 0 0 0 0 1 0 1 0 1 1 0 0 1 0 0 1 2 0 0 2 0 0 2
0 15 3 9 9 1 5 0 0 8 0 3 0 11 2 0 13 2 9 0 6 6 0 3 3 7 0 4 3 4 5 4 3 3 2 0 2 2 2 1 9 2 0 3 2 13 0 1 1 1 1 1 13 10 1 1 1 3 5 1 12 0 1 0 1 12 0 3 3 3 0 5 1 0 0 9 2 2 0 4 10 1 3 0 1 0 3 3 7 5 0 1 6 0 7 1 3 11 1 5
6 10 11 1 4 1 17 3 2 0 32 3 22 23 11 4 6 30 5 16 1 7 3 14 4 10 4 2 0 14 9 1 5 2 13 7 1 0 1 4 0 22 19 3 1 7 5 11 21 2 5 5 7 0 2 6 9 3 5 11 8 1 1 17 3 0 3 2 1 14 2 2 1 3 14 11 1 32 9 9 27 14 10 0 14 0 27 19 4 13 9 8 0 1 5 11 1 4 2 19
0 7 19 1 7 0 2 2 2 8 2 4 3 3 3 3 6 2 3 7 1 2 0 1 1 2 2 6 6 15 2 12 2 1 1 7 1 1 3 1 0 0 5 7 1 12 3 9 0 7 0 0 9 0 1 0 12 0 0 5 3 2 1 3 0 1 11 0 18 3 3 1 2 7 17 11 19 2 11 5 1 13 2 2 10 7 0 15 8 2 2 15 0 15 3 7 0 3 8 4
0 0 0 11 0 0 0 0 0 0 0 0 0 0 0 0 0 0 0 0 0 0 3 0 0 0 1 1 0 0 0 0 0 0 2 0 0 0 1 0 1 0 0 2 1 2 0 1 0 0 1 0 1 0 0 1 1 0 0 1 16 1 1 0 0 0 1 0 2 1 0 0 0 2 0 0 1 0 0 0 0 0 1 1 0 0 0 0 1 0 0 1 1 0 0 0 1 0 0 0
4 8 3 15 1 4 4 11 4 6 0 6 2 9 5 0 30 5 1 9 9 16 3 8 30 6 2 5 14 4 10 2 0 15 2 15 0 8 3 20 1 16 6 2 2 0 7 6 3 0 3 1 10 0 2 4 0 12 8 6 9 2 9 4 4 1 1 9 1 4 8 0 22 7 6 14 17 1 3 4 11 16 1 15 18 10 3 11 0 9 14 1 4 8 1 19 5 39 7 1
1 2 9 2 0 2 3 2 0 0 1 4 8 14 0 4 2 1 4 2 8 9 16 3 0 2 0 0 9 3 0 0 5 0 1 0 24 0 0 0 1 2 18 2 10 0 0 1 0 2 0 9 9 3 1 0 10 10 4 0 3 6 1 5 34 5 0 10 5 5 7 3 2 3 2 8 1 15 2 6 0 1 4 16 7 1 1 4 9 6 2 11 6 4 2 1 1 2 10 15
2 6 1 1 3 2 6 3 3 24 3 14 5 2 22 5 16 9 17 25 3 5 4 16 14 18 0 4 6 10 12 5 5 4 2 1 0 11 2 12 3 1 4 0 2 0 6 2 4 1 0 9 0 11 17 0 3 10 5 2 12 10 2 9 1 5 7 7 17 6 0 5 8 1 0 6 11 0 8 4 7 1 12 0 1 12 7 0 7 3 6 0 1 2 1 2 0 6 0 1
0 0 2 0 0 0 1 1 1 0 0 0 0 0 0 4 0 0 0 0 0 0 1 0 1 0 0 0 0 1 0 0 1 0 1 0 0 0 0 0 0 0 0 9 0 2 1 0 0 0 1 1 1 12 0 1 6 0 0 1 2 0 1 0 1 2 1 2 0 0 0 0 0 0 0 0 2 1 0 0 1 0 0 0 0 0 1 1 0 1 0 1 0 0 0 2 0 0 0 0
1 0 0 0 0 0 2 2 0 0 2 2 0 0 0 0 0 1 1 0 2 2 0 1 1 0 2 0 0 0 0 0 0 0 0 0 0 0 0 1 0 1 0 0 0 0 1 0 0 0 0 4 4 2 0 0 0 0 0 0 2 0 1 5 12 0 1 0 0 0 2 0 0 1 2 0 0 0 0 0 0 0 1 0 2 0 0 0 14 0 0 0 0 5 0 3 0 0 0 0
3 0 4 1 0 0 0 0 7 0 3 0 5 2 2 0 1 2 8 3 1 10 1 0 0 13 1 4 5 9 3 15 2 13 1 2 3 9 0 1 37 0 0 1 2 0 2 2 11 6 3 4 0 4 5 0 1 3 4 0 0 6 4 11 9 0 1 4 6 4 2 0 0 13 1 0 8 3 0 12 2 5 2 18 0 13 1 4 17 25 0 1 5 0 3 2 0 1 0 2
6 13 20 5 5 5 3 0 5 22 11 11 5 22 18 8 0 10 10 5 5 0 1 6 10 1 15 4 9 14 22 9 9 12 2 13 7 37 2 23 14 1 0 13 1 7 2 9 4 15 3 2 8 0 7 34 3 10 6 18 13 8 7 1 2 7 0 13 28 0 0 11 5 8 9 2 5 14 3 4 11 3 45 5 1 5 0 11 14 12 1 14 12 3 2 0 9 2 7 8
0 0 0 2 0 0 0 0 1 0 0 1 0 3 0 0 0 0 0 2 0 0 0 0 0 3 0 0 0 14 0 0 1 0 1 1 0 0 0 1 1 2 1 0 0 0 1 0 0 1 0 0 2 0 1 0 0 0 0 0 0 0 0 3 0 1 0 0 0 1 0 0 9 0 2 0 1 0 2 0 0 0 0 0 0 1 1 0 4 0 2 0 0 1 0 0 0 0 0 1
0 0 1 1 0 0 0 1 0 0 0 0 0 0 1 1 1 0 0 0 0 0 1 0 0 0 0 0 1 0 0 1 0 2 1 1 0 0 0 0 3 0 0 0 0 0 1 0 1 0 0 0 0 0 0 0 2 1 0 2 0 0 0 0 1 0 0 0 0 0 0 2 0 0 0 0 2 0 1 0 2 0 0 4 0 0 1 0 0 0 0 0 0 0 2 0 0 0 0 1
5 4 3 2 3 11 5 9 22 14 5 3 47 21 0 1 9 7 1 5 2 9 0 5 16 20 14 1 0 12 3 1 5 0 10 1 7 2 21 13 2 3 12 2 2 2 2 9 9 7 7 3 1 1 2 22 25 23 20 8 6 12 0 1 7 38 7 7 18 9 0 3 3 6 10 11 12 21 2 2 10 5 2 0 3 11 6 2 5 44 3 5 16 14 3 1 11 4 6 2
21 10 0 1 1 2 3 0 0 10 1 0 10 0 2 4 4 0 0 6 1 3 0 4 3 9 1 4 1 0 0 6 0 0 2 5 11 6 8 3 4 12 1 3 12 2 3 0 0 10 1 2 2 1 2 4 3 0 3 5 0 0 4 1 1 2 2 3 2 3 0 11 1 6 1 9 8 0 10 6 3 3 12 0 4 5 6 2 0 2 2 0 0 8 7 4 0 0 1 0
2 0 4 8 0 18 5 23 2 2 7 0 13 0 0 1 3 3 13 3 12 29 6 17 19 9 14 9 7 3 15 3 1 8 14 3 11 1 2 10 20 22 8 14 34 10 4 1 3 2 6 5 1 6 7 0 19 8 10 10 8 1 3 8 0 7 13 5 10 9 8 0 10 8 0 25 0 0 10 1 13 6 6 9 8 0 0 5 8 3 15 0 4 25 1 2 34 22 4 0
0 2 1 3 0 14 3 2 8 0 3 0 7 7 5 1 3 1 2 28 12 0 12 5 2 1 4 0 0 0 2 1 7 0 0 4 1 1 1 6 12 0 7 1 0 8 9 2 3 6 17 3 5 6 0 8 12 2 15 0 9 0 2 0 0 16 24 0 4 10 1 2 11 6 0 6 1 1 6 0 0 1 2 5 0 0 10 8 0 1 1 2 9 3 1 2 4 6 1 25
8 6 2 11 7 6 4 10 16 2 11 4 13 15 1 3 1 30 8 0 2 3 1 28 3 3 2 6 11 5 5 19 2 2 11 10 0 15 1 17 0 8 2 18 5 35 7 7 2 7 12 0 17 1 6 3 2 2 8 1 0 7 1 13 5 0 2 0 2 0 5 12 11 15 4 2 3 7 1 19 3 5 3 3 4 0 3 5 10 5 2 5 18 0 1 9 11 9 6 13
1 0 33 9 3 27 16 7 13 3 1 2 1 1 10 4 6 0 16 1 2 9 4 4 2 6 4 2 7 4 7 15 11 2 1 0 6 8 18 3 1 1 7 1 0 2 11 12 0 0 13 7 7 3 1 11 9 1 13 6 8 3 0 10 4 20 2 6 4 4 0 1 0 0 14 3 2 62 5 3 13 1 8 1 1 8 9 13 0 0 7 19 5 10 8 16 6 1 0 2
5 5 5 11 3 4 2 8 7 0 1 0 0 1 5 3 2 2 2 9 1 7 0 2 8 8 1 6 6 8 1 3 4 13 4 1 8 1 5 38 11 10 7 4 0 10 5 1 3 1 3 1 3 40 4 39 8 8 2 6 12 1 8 2 1 15 2 4 3 13 5 1 1 4 10 1 1 0 26 2 1 10 11 23 2 9 5 10 0 0 3 4 2 1 10 4 5 26 2 5
5 2 2 16 17 19 5 4 0 7 4 11 20 0 4 4 8 5 10 5 24 3 7 13 9 12 15 17 2 1 13 9 4 1 7 4 21 5 5 16 19 3 0 12 9 1 2 12 4 3 0 11 41 0 14 16 0 3 0 1 3 6 15 8 1 11 0 4 9 6 5 0 2 4 3 6 5 3 9 15 2 2 64 0 20 11 5 4 1 3 3 9 2 1 10 2 5 2 16 0
18 7 1 4 3 6 1 4 0 0 2 8 1 4 0 1 14 0 20 2 3 2 7 6 11 1 5 1 1 8 11 2 9 2 0 7 3 6 0 0 5 3 7 0 8 1 1 5 2 2 0 0 0 7 1 0 8 3 3 4 4 0 1 1 9 5 3 2 1 0 6 2 12 0 0 2 4 7 7 0 0 1 1 2 0 7 21 2 7 1 0 6 9 2 1 2 0 9 7 1
11 2 0 3 3 4 3 4 9 0 5 2 13 0 10 4 4 22 3 13 1 4 1 4 2 9 5 0 0 5 1 2 0 12 21 1 17 15 0 9 23 6 0 5 6 5 8 3 2 14 2 21 8 12 12 4 10 2 3 21 6 14 2 8 39 1 0 37 0 5 2 5 13 11 16 6 0 1 0 12 2 1 14 22 4 1 8 1 14 12 1 0 13 4 13 22 1 23 2 0
2 3 1 0 9 10 3 3 3 3 4 0 0 3 16 0 0 0 4 3 10 0 2 2 0 3 7 5 4 9 5 1 8 6 4 7 1 1 0 2 7 9 0 1 1 1 9 1 7 0 14 4 6 2 6 3 16 1 0 0 2 0 0 0 3 0 2 2 0 6 3 1 28 3 3 3 6 0 4 1 12 2 1 2 0 4 5 3 3 1 7 6 4 3 1 4 3 9 4 9
0 0 0 1 0 0 2 0 0 0 0 1 0 0 1 4 0 0 1 0 0 0 0 0 1 1 1 0 2 0 0 3 1 0 0 0 0 0 1 0 0 0 0 0 1 0 2 0 0 0 1 2 1 0 0 0 1 0 1 0 3 9 0 0 1 2 0 0 5 1 0 0 1 0 0 1 0 0 0 0 1 1 1 0 0 1 0 0 0 0 0 1 0 0 0 0 0 0 0 0
1 26 0 14 1 36 5 4 6 17 22 1 0 2 2 9 5 1 5 15 5 2 14 10 12 6 13 0 0 8 5 9 7 2 7 2 0 1 6 4 6 26 1 10 3 0 12 7 13 2 3 1 0 3 5 3 1 0 7 2 9 1 0 0 18 9 11 6 3 1 4 1 1 0 4 7 5 1 6 0 1 5 18 2 3 1 11 15 5 5 5 6 13 3 4 6 5 2 26 2
15 0 0 0 1 4 1 1 0 0 0 1 1 0 0 0 0 0 0 0 0 0 0 1 0 0 0 0 0 0 2 0 0 0 0 0 0 0 4 2 0 1 0 0 1 2 0 0 0 0 1 0 2 0 0 0 0 0 1 0 0 0 0 0 2 0 0 0 0 0 1 0 0 0 0 1 0 1 0 0 0 0 1 0 0 1 3 0 0 0 0 0 0 1 1 0 0 0 0 0
0 1 0 2 1 0 0 0 0 0 0 0 0 0 0 0 0 0 0 1 1 0 0 0 4 0 1 0 1 2 0 0 2 1 0 0 0 0 0 0 0 0 0 0 0 0 1 0 0 0 2 0 0 0 0 0 1 0 0 0 0 0 1 0 0 0 3 0 0 0 1 0 0 1 0 0 0 3 0 0 1 0 0 0 2 0 0 1 0 0 1 0 1 0 0 2 1 0 0 0
0 2 1 20 0 1 1 0 2 11 10 7 0 1 6 5 2 16 1 2 2 5 0 4 1 10 2 10 9 1 2 1 2 2 5 0 1 16 0 2 12 3 0 12 3 5 2 0 1 16 5 0 2 7 4 1 4 1 5 0 2 2 3 1 3 2 0 0 13 18 6 0 6 2 4 0 8 0 5 1 8 1 3 3 1 1 7 0 7 2 2 0 12 4 0 0 2 6 7 10
0 1 0 1 1 0 3 0 0 0 0 0 0 1 0 0 0 0 0 0 0 0 0 1 0 0 0 0 0 1 1 0 1 2 4 1 0 0 4 0 1 0 0 0 0 0 0 0 0 0 1 7 4 0 0 0 0 0 0 1 0 8 0 0 0 0 0 0 0 0 1 0 0 3 1 0 0 0 0 9 12 1 2 0 0 0 0 2 0 0 1 0 0 0 2 0 0 0 0 0
10 17 0 18 4 19 0 0 1 11 12 58 2 0 0 4 4 1 2 6 2 1 4 4 3 1 0 1 10 2 6 30 0 2 1 0 3 4 8 6 11 3 0 1 20 2 8 9 10 3 8 10 9 8 21 2 9 18 10 4 4 13 12 3 34 4 5 5 1 2 4 2 15 12 2 4 17 2 3 6 0 6 1 5 7 4 14 1 0 6 8 7 3 7 0 12 9 0 5 9
1 4 4 1 3 7 5 0 1 3 6 2 0 10 20 4 5 11 0 3 1 0 10 3 6 21 2 3 10 4 3 12 0 2 0 5 0 0 4 4 4 0 4 9 1 10 7 0 0 6 3 1 5 3 4 5 4 8 13 2 15 14 2 1 2 3 1 4 1 10 2 3 14 9 11 11 1 0 2 1 1 4 0 7 1 2 2 0 5 0 1 2 1 0 5 2 1 3 7 4
1 1 2 0 0 1 0 0 0 0 0 1 0 0 2 0 2 0 0 0 0 0 1 0 0 0 0 0 0 0 0 0 0 0 0 0 1 0 2 0 4 0 1 0 1 0 0 2 2 0 0 0 0 0 0 2 0 2 0 0 1 0 0 0 0 0 0 0 0 2 0 0 0 0 0 0 0 2 2 0 0 0 0 1 0 0 15 0 0 2 0 1 0 0 0 0 1 0 0 0
12 1 9 1 3 3 14 12 2 2 4 2 29 1 0 2 4 7 10 9 16 3 1 4 1 14 17 20 16 7 7 0 20 11 3 5 2 3 21 8 5 7 13 1 2 18 0 0 3 8 5 16 15 0 16 6 14 11 7 4 0 6 1 0 4 14 1 3 13 11 0 18 3 1 12 8 35 11 11 12 5 10 14 14 30 0 20 5 0 0 15 27 5 7 8 2 20 3 4 3
14 4 13 4 1 1 2 1 1 7 3 5 1 5 1 4 0 9 5 3 8 3 4 7 0 2 0 9 4 3 0 0 3 8 2 0 10 5 2 0 10 3 8 4 1 0 5 1 3 7 15 2 5 3 0 0 3 0 4 1 1 0 1 6 2 0 4 9 2 5 2 3 4 10 5 3 0 3 0 10 0 4 2 0 8 2 1 1 4 0 12 3 0 2 0 2 1 1 2 5
0 0 0 0 1 0 0 0 4 1 0 1 1 0 0 0 0 0 0 0 0 0 0 0 0 0 1 0 0 0 0 0 1 0 0 0 0 0 1 0 1 1 0 1 0 0 0 0 0 2 1 0 7 1 0 1 2 0 3 0 2 1 0 0 0 0 0 0 0 1 0 0 0 1 1 0 0 1 3 1 4 0 1 1 0 0 3 0 0 0 0 0 0 0 1 2 0 2 0 0
3 0 0 4 2 10 6 4 10 4 2 2 5 14 4 3 9 0 5 0 9 0 1 3 0 7 2 0 4 17 3 9 6 7 6 26 10 1 10 3 1 7 3 5 2 1 5 17 4 1 7 13 7 4 1 5 5 6 2 0 13 15 7 5 18 0 12 1 6 1 5 1 2 4 10 1 0 10 2 6 7 10 2 15 10 1 6 0 3 4 2 2 0 3 3 2 37 0 2 1
1 2 0 0 1 0 3 0 0 2 1 0 8 1 0 0 1 0 3 1 13 7 0 6 0 3 1 1 2 0 1 2 1 0 0 11 0 0 0 0 2 0 0 0 0 1 1 0 5 3 2 0 2 0 1 1 0 0 0 0 0 0 1 0 0 0 35 0 2 0 0 0 0 0 0 2 0 12 2 0 0 0 0 1 8 0 0 4 0 1 1 3 0 2 0 0 3 0 0 1
0 0 0 0 0 2 0 1 0 0 0 0 1 0 2 0 1 0 0 0 0 0 2 0 0 1 0 0 0 0 0 0 2 1 0 1 0 1 0 0 0 0 0 2 0 0 0 0 0 1 2 0 0 1 0 4 1 1 4 0 0 0 0 0 0 1 0 0 4 1 0 0 0 0 1 3 1 0 0 1 1 0 0 0 1 0 1 0 0 0 0 0 0 0 1 0 1 1 0 0
0 0 0 0 0 0 0 0 1 0 0 0 0 0 1 10 1 0 0 0 0 0 1 0 2 1 0 0 0 0 1 0 0 0 0 0 0 0 0 1 0 0 0 0 0 2 0 1 0 0 1 0 0 2 2 1 0 0 0 0 0 1 1 0 1 1 3 5 1 0 0 0 0 0 1 0 1 0 0 1 0 2 0 0 1 0 0 1 0 0 0 0 1 0 0 1 2 0 0 0
6 2 5 2 43 5 27 29 5 32 12 35 14 0 11 12 1 2 2 2 13 6 2 0 6 8 14 16 6 68 1 9 6 12 5 75 13 1 16 23 5 25 0 3 7 16 16 7 9 2 2 0 4 1 7 5 16 26 15 7 2 2 10 1 7 2 0 16 7 3 10 6 8 4 1 5 0 1 7 1 13 5 8 20 5 3 1 16 15 13 8 5 2 4 0 7 12 0 3 6
0 1 0 0 0 0 0 6 0 1 0 0 2 3 2 0 0 7 0 0 0 0 0 0 1 0 2 0 0 0 0 0 0 0 0 1 0 0 0 1 0 0 0 0 2 0 0 0 0 0 0 0 0 0 0 2 0 1 2 1 1 0 0 2 0 0 0 0 4 0 0 0 1 0 3 5 0 0 0 0 1 0 0 0 0 0 1 0 0 0 0 1 0 0 1 0 0 2 2 0
6 4 27 4 6 4 2 2 0 0 3 0 7 0 0 18 1 7 3 0 12 9 2 1 0 0 1 1 0 11 6 12 3 7 4 13 0 0 1 2 0 1 6 0 3 2 4 4 1 1 4 1 0 28 4 2 2 4 2 2 1 0 6 3 0 16 2 21 0 8 1 10 1 2 6 2 9 4 0 1 6 0 0 2 0 12 6 2 2 0 1 4 7 13 0 1 13 4 2 2
0 0 9 2 1 4 0 0 8 3 2 1 6 3 0 1 8 1 0 5 0 23 3 15 0 3 0 12 2 0 7 3 0 6 4 0 7 0 0 3 3 5 13 10 3 2 3 0 0 0 1 1 2 1 1 5 4 3 20 2 3 9 5 0 7 0 2 0 0 0 0 0 3 2 3 3 3 4 6 25 0 1 6 6 0 0 4 12 0 0 3 0 0 0 0 2 0 1 0 4
19 2 3 2 1 5 2 0 0 1 13 9 0 0 2 2 3 7 5 2 1 5 5 1 1 3 9 5 0 10 2 0 2 9 12 7 5 10 0 11 5 3 2 4 10 0 1 10 5 9 2 3 3 0 0 3 13 2 2 3 2 3 3 3 3 8 10 13 5 25 8 1 8 0 2 0 0 8 6 0 3 25 4 18 0 21 5 3 13 0 1 7 6 6 1 12 10 23 2 8
3 1 8 3 1 8 20 2 2 0 5 1 6 5 1 3 10 0 0 5 1 5 3 2 3 4 0 11 1 0 2 4 15 2 5 7 9 1 2 14 1 1 4 1 1 4 2 2 1 4 1 3 10 21 3 1 9 2 0 1 2 5 3 0 3 0 1 1 1 1 0 6 7 11 0 0 15 3 7 0 1 5 0 9 2 1 2 4 1 3 0 0 1 5 2 5 0 2 2 3
2 2 0 1 7 1 1 4 19 7 0 11 0 5 7 1 12 13 1 2 1 23 15 3 2 8 0 1 3 0 4 1 9 9 14 21 8 2 11 13 10 4 1 15 4 0 4 17 5 5 5 10 0 1 2 15 5 25 0 4 11 21 1 6 9 7 0 0 4 7 1 10 0 14 0 9 0 18 0 9 7 9 5 4 10 0 1 4 3 10 13 5 1 1 3 8 4 12 17 3
0 1 0 0 0 0 0 2 0 0 0 0 8 0 0 0 0 0 0 0 0 1 0 0 0 3 0 0 2 1 0 1 0 1 0 0 0 1 0 1 0 0 1 0 0 1 0 4 0 0 1 1 3 1 0 0 0 0 0 0 0 0 0 0 1 0 0 0 0 0 0 0 0 0 0 0 1 0 0 0 0 0 0 1 1 0 0 0 0 0 1 0 0 0 0 0 0 0 1 1
11 0 3 0 10 3 1 16 7 0 3 1 5 12 0 6 2 5 0 2 0 2 1 0 2 2 4 3 3 5 3 2 4 0 1 2 7 0 1 13 0 5 5 6 0 5 0 8 3 12 4 0 1 3 3 1 12 3 1 21 0 0 1 1 0 6 1 6 2 3 1 1 6 3 6 0 13 1 18 1 11 3 2 1 7 2 2 1 1 0 6 15 0 3 7 4 5 2 0 3
