2 3 11 6 12 16 0 2 3 5 15 7 2 7 6 12 6 11 3 19 19 2 45 6 21 2 11 2 6 4 16 1 19 1 16 2 9 1 3 6 0 0 14 5 0 0 5 1 8 0 5 13 8 8 4 13 10 4 27 14 1 8 12 14 2 10 2 0 6 2 22 6 0 10 20 1 5 8 14 0 7 5 2 3 0 8 4 0 11 0 4 10 4 23 1 1 4 12 0 10
0 3 10 6 3 0 1 2 9 26 6 2 19 9 0 0 7 7 4 16 17 2 0 7 8 0 9 0 4 0 6 0 7 1 15 0 13 5 4 7 4 2 5 10 2 0 8 0 5 23 29 2 9 4 11 18 9 3 6 6 6 2 3 0 7 5 6 1 2 1 6 2 3 12 5 5 0 4 3 3 5 7 5 2 4 5 16 8 27 3 0 9 3 3 6 4 29 18 10 4
0 8 5 5 2 2 6 5 5 9 5 1 3 5 0 23 12 2 9 6 3 3 2 3 3 3 0 11 8 5 7 1 1 6 1 1 6 0 7 6 0 19 12 6 0 2 1 1 11 2 5 2 1 15 1 4 6 0 4 9 0 3 4 7 1 1 8 2 1 0 0 3 18 8 5 0 9 5 7 7 4 0 46 6 10 13 7 10 5 5 1 1 0 2 1 0 7 17 2 10
6 5 1 0 3 0 1 0 4 4 0 1 0 0 0 4 0 4 3 0 0 0 0 2 11 2 0 12 0 0 23 3 0 1 10 3 0 0 16 0 0 0 1 1 3 0 0 0 0 0 0 2 4 2 0 0 1 0 5 3 0 1 4 1 0 1 1 7 2 2 5 0 5 8 0 2 4 0 1 0 0 2 6 3 1 1 3 0 1 2 11 0 2 5 0 0 4 7 1 2
4 1 8 9 0 7 0 9 10 0 5 3 1 0 2 0 5 0 0 0 1 2 2 14 0 13 3 3 10 4 0 2 1 4 14 6 2 4 0 0 7 4 1 4 0 2 0 2 9 9 4 20 21 0 1 2 2 6 1 10 6 5 0 1 3 1 7 13 6 1 0 9 1 11 1 1 1 0 2 2 1 21 3 3 10 3 1 3 3 2 12 3 2 0 3 1 6 0 5 0
22 3 29 2 9 2 7 11 2 1 6 2 21 10 2 0 4 4 1 12 4 10 8 20 1 7 3 14 15 32 2 3 0 35 6 16 17 10 7 1 0 19 36 1 6 8 17 8 0 9 11 2 12 14 1 22 13 3 9 4 1 5 4 12 13 7 10 10 7 24 0 1 0 9 0 25 2 2 0 8 2 12 11 13 12 13 6 4 10 12 5 2 0 2 15 16 19 1 2 1
1 4 1 1 0 1 0 0 1 0 1 3 0 0 1 1 0 0 0 1 1 0 0 0 0 1 0 0 0 0 1 0 0 1 0 0 0 0 0 1 0 0 0 0 0 0 0 0 0 0 0 0 0 0 0 0 0 1 0 0 0 0 2 1 0 0 20 1 3 0 0 0 1 0 1 0 2 0 0 3 1 0 3 0 0 0 0 1 0 0 0 0 0 0 1 0 0 0 0 0
0 0 2 0 1 0 1 0 0 0 0 4 0 0 0 0 1 0 0 3 0 0 0 1 0 1 1 0 1 0 1 0 1 0 1 0 0 0 0 0 0 0 0 0 0 1 0 0 1 0 0 0 0 0 0 0 0 0 0 0 1 0 0 0 0 0 21 1 0 0 1 1 0 2 0 0 1 0 0 0 0 1 0 0 0 0 0 1 1 0 0 0 0 0 1 0 0 1 1 0
1 12 2 3 8 0 4 16 7 1 6 2 10 19 10 4 2 3 27 1 8 3 7 1 4 3 1 0 12 3 31 2 0 4 1 2 9 1 24 0 2 7 7 0 0 3 2 14 1 0 16 0 7 1 9 13 2 27 20 2 3 0 1 7 0 0 0 12 2 5 8 9 52 12 7 26 12 20 10 3 13 1 1 24 1 11 2 1 4 14 32 12 15 3 3 1 4 26 6 9
1 3 0 1 1 0 0 1 5 3 1 2 1 9 0 2 0 1 2 0 1 2 0 0 4 5 2 0 1 0 1 2 1 2 10 6 1 1 2 0 0 0 3 0 1 9 0 0 0 0 0 4 5 0 6 0 1 0 7 1 0 1 3 0 10 1 1 2 0 1 2 0 16 2 1 0 4 0 6 0 0 1 14 3 4 1 2 1 2 9 19 2 20 7 0 0 9 0 3 5
1 5 37 16 4 3 11 0 7 4 41 6 13 8 0 1 11 12 1 4 2 1 2 1 4 7 39 0 9 0 18 8 0 2 9 3 3 0 20 1 10 15 3 2 0 0 10 17 9 2 4 3 12 20 26 1 8 3 3 17 9 2 8 21 3 11 19 2 6 1 3 17 9 9 0 1 1 6 14 1 17 0 13 20 4 0 6 3 0 25 22 0 2 16 2 0 0 5 9 6
0 1 0 12 1 2 2 0 0 2 5 1 4 2 4 0 1 0 1 0 0 7 1 4 0 0 3 0 7 2 0 0 2 1 0 0 0 0 1 0 5 10 8 0 0 0 3 0 10 1 14 1 0 2 0 5 0 6 0 0 10 2 0 23 0 1 0 0 0 24 0 2 0 0 0 0 0 2 0 0 1 0 1 0 0 0 0 3 1 0 0 1 0 0 2 13 1 0 0 1
0 12 0 18 2 0 1 10 1 5 11 0 0 9 7 3 23 0 28 17 10 5 16 7 2 0 9 10 1 10 1 4 1 16 6 10 14 0 3 1 11 5 0 22 10 0 28 13 9 0 1 18 1 0 2 8 8 0 2 0 8 1 1 37 1 24 1 15 16 4 0 8 5 2 5 0 16 2 3 6 24 7 2 1 0 9 0 1 4 7 0 1 4 3 12 12 1 4 0 9
0 1 1 2 0 2 3 0 0 0 0 0 0 0 2 0 0 0 0 0 0 0 5 0 1 0 1 0 0 0 3 0 0 0 1 0 1 0 0 0 0 2 0 0 1 0 0 0 0 4 0 0 1 0 0 2 1 0 0 0 1 2 0 0 1 0 1 0 0 0 0 0 0 2 0 0 0 0 0 0 0 0 1 0 0 0 0 2 0 0 1 0 0 0 0 0 0 0 0 0
0 2 3 0 8 0 0 0 0 0 0 0 1 0 0 0 0 1 0 0 0 0 0 0 0 1 0 0 1 5 0 0 0 0 0 0 0 0 0 0 1 0 1 0 0 1 0 0 1 0 0 0 1 0 1 0 0 0 1 0 0 1 0 1 0 2 0 1 2 0 1 1 0 0 0 1 1 0 0 0 0 0 0 1 0 2 4 0 1 0 0 0 0 2 0 0 0 1 1 0
10 4 2 3 0 1 14 0 12 4 1 0 2 0 2 1 10 13 5 0 4 2 2 8 0 0 2 12 7 0 1 1 6 0 1 1 4 1 1 2 1 2 2 5 1 0 9 3 2 16 1 3 2 1 20 5 3 4 1 7 16 2 6 13 0 0 1 15 5 1 1 25 3 0 4 2 0 6 6 5 8 7 4 0 7 11 0 2 14 4 8 5 0 0 12 10 17 6 4 2
11 0 35 17 4 7 4 1 36 25 26 17 6 2 13 10 8 25 2 9 8 18 5 0 8 1 1 0 11 13 11 1 12 10 28 36 5 0 2 28 4 4 10 4 13 0 2 6 15 0 5 13 8 12 1 9 15 7 9 1 0 0 0 3 2 9 31 2 0 6 40 3 1 17 1 6 4 0 0 6 8 0 2 1 0 4 13 3 5 4 19 4 8 1 0 16 3 3 0 32
1 9 6 30 12 16 9 8 23 0 4 1 22 18 1 6 1 10 1 7 10 3 0 30 2 0 13 7 8 12 2 8 17 4 0 15 2 13 11 8 2 13 15 13 1 4 5 6 1 5 0 0 0 23 12 2 18 2 6 20 0 7 29 2 4 15 1 3 11 2 16 1 14 1 8 10 2 3 10 9 0 13 5 21 5 22 15 25 8 19 0 6 7 0 1 0 1 31 1 6
0 12 1 5 11 8 1 3 4 0 1 9 27 12 1 0 10 0 2 7 6 0 15 6 2 1 3 6 0 1 6 0 2 27 0 1 2 2 0 6 2 3 13 2 1 1 1 1 0 30 0 5 6 3 8 0 3 1 0 4 1 7 0 9 0 2 6 2 4 6 1 1 0 4 7 9 2 0 10 4 4 2 1 1 2 1 6 3 7 2 0 4 1 0 0 6 2 0 7 0
0 0 1 0 13 0 0 0 0 2 0 0 0 0 1 0 0 0 1 0 0 2 0 0 0 0 0 1 0 0 2 2 1 0 1 0 0 0 0 8 0 0 0 0 0 0 0 0 0 0 0 0 0 1 4 0 0 1 1 0 0 0 0 0 0 0 4 1 0 0 1 0 0 0 1 0 0 1 2 0 0 2 0 1 1 0 9 0 0 0 0 0 1 0 0 1 1 1 0 0
13 1 17 2 2 0 43 1 1 29 13 1 1 6 6 16 1 4 32 8 6 1 0 22 1 1 2 18 3 10 1 4 3 3 23 0 12 8 6 1 22 2 11 3 8 1 1 0 11 9 7 2 2 3 4 1 20 11 12 5 5 9 6 9 4 7 5 2 53 1 23 19 3 1 3 4 11 3 7 6 4 0 3 11 12 31 0 9 6 4 9 13 13 17 2 4 0 8 14 2
5 22 11 11 11 3 0 6 5 5 0 0 4 0 10 2 0 1 0 0 6 4 22 1 6 0 3 2 1 8 5 0 0 0 0 3 13 7 7 0 7 3 10 2 8 7 0 0 20 4 0 0 2 0 4 5 0 2 10 2 3 6 0 2 24 3 4 0 8 3 2 2 0 0 2 7 0 0 2 1 2 0 5 1 4 4 7 2 1 0 9 0 9 0 1 6 15 8 3 16
0 1 0 2 0 0 0 2 0 1 0 2 1 0 0 0 0 4 0 0 0 0 1 0 1 0 0 1 0 0 0 0 0 0 0 0 0 0 0 1 2 1 1 0 0 0 0 1 0 0 0 3 0 0 3 0 0 0 0 0 0 0 0 0 0 0 2 0 0 0 2 0 0 0 0 0 0 2 0 0 0 0 0 0 1 0 0 0 0 0 0 1 0 0 0 0 0 0 1 0
9 0 5 8 18 1 0 3 1 2 4 8 5 18 0 0 0 0 3 2 11 2 8 6 2 3 19 9 5 1 0 0 1 4 1 13 0 3 1 2 0 4 3 5 0 11 3 3 2 5 12 2 3 10 5 2 7 2 9 7 1 1 1 0 5 1 8 11 4 9 0 0 0 0 19 1 5 2 9 0 0 12 0 3 20 14 2 1 11 1 5 0 1 1 6 1 8 11 11 1
0 0 1 0 0 2 0 1 1 1 1 3 1 0 0 0 0 0 0 0 4 1 1 0 0 0 0 0 0 1 0 0 0 0 0 0 1 0 4 0 0 1 0 0 1 0 0 0 0 0 0 1 0 1 0 1 0 1 0 0 1 0 0 0 0 1 0 0 1 0 0 0 0 0 0 0 0 0 0 0 0 3 0 0 1 0 0 0 0 0 0 0 0 0 1 0 0 0 0 1
0 1 5 29 1 4 7 1 6 3 23 0 5 6 18 5 13 11 1 13 4 2 3 12 4 28 1 1 5 17 12 15 35 20 7 0 0 5 2 7 22 2 17 18 4 16 0 1 25 3 5 0 26 4 1 5 14 0 11 19 2 0 0 0 10 7 3 11 1 3 1 18 9 6 5 5 23 7 18 5 25 6 9 1 6 7 4 4 11 4 1 0 0 0 10 17 1 2 31 11
20 0 7 0 1 0 4 12 0 1 2 0 5 5 0 11 8 3 9 3 2 6 0 0 1 5 3 11 19 9 2 1 3 14 4 1 2 5 1 6 3 0 9 2 3 0 5 1 2 3 5 3 3 7 5 4 2 1 0 0 1 2 2 0 2 5 0 16 5 0 4 3 7 1 1 0 1 7 19 4 6 0 7 2 2 0 4 6 3 3 0 3 7 6 5 9 3 3 4 13
1 7 1 0 6 0 9 14 0 8 7 3 0 3 15 1 2 3 2 3 0 6 1 1 9 0 4 0 5 0 1 0 0 2 0 2 2 1 5 4 0 2 0 13 0 9 10 1 4 4 4 3 1 3 11 12 7 0 1 0 1 2 9 1 1 8 1 1 3 7 1 2 9 21 0 6 5 0 1 0 2 3 0 1 0 5 4 14 0 5 5 4 12 1 0 0 7 3 7 1
4 5 2 10 7 22 1 1 3 0 8 2 0 2 14 6 1 7 1 1 5 10 2 3 11 5 3 6 2 4 5 1 5 1 10 12 7 10 3 4 0 3 1 8 2 4 1 1 4 0 4 0 2 1 1 4 0 8 0 19 4 1 6 0 1 3 2 11 0 0 8 4 1 9 2 1 3 10 2 3 11 1 3 2 6 0 0 4 3 7 3 1 0 3 2 8 8 6 4 4
0 0 1 0 0 0 0 1 0 0 2 0 0 2 0 2 0 0 0 0 0 1 1 0 2 0 0 0 0 0 1 1 0 0 0 1 0 0 0 0 0 1 2 0 0 0 0 0 0 1 0 0 0 1 0 0 3 0 0 0 2 0 0 0 2 0 1 0 0 0 2 0 2 0 0 0 0 2 1 0 0 0 0 0 0 0 0 0 1 0 0 0 2 0 1 0 1 0 0 0
0 0 0 2 0 0 0 0 0 0 1 0 0 0 0 0 0 0 2 0 0 1 0 0 0 0 1 2 0 0 0 0 0 0 0 1 1 4 0 0 0 0 0 0 0 0 0 0 22 0 1 0 0 0 0 0 1 0 1 0 0 0 0 0 0 0 0 0 0 0 2 0 0 0 1 0 0 0 0 2 0 0 0 0 3 0 0 2 0 1 0 0 0 0 0 0 0 3 0 0
0 3 10 19 4 2 2 11 0 23 3 11 5 8 5 2 1 1 12 1 10 0 5 1 4 0 7 12 1 3 0 18 1 4 19 0 5 2 0 36 9 5 11 10 4 7 3 5 2 1 15 2 7 9 6 0 11 7 1 10 3 1 3 6 7 3 0 18 3 13 5 2 3 24 14 19 7 8 6 3 1 4 12 2 15 1 12 13 2 5 1 2 3 3 31 1 1 10 19 26
10 1 12 3 1 12 10 0 25 0 0 9 0 0 6 4 13 10 21 16 16 9 1 17 6 18 3 7 1 8 21 0 3 5 8 1 4 4 3 6 10 11 1 0 7 6 11 12 6 4 5 9 8 1 7 2 6 0 16 12 6 23 11 7 0 15 6 44 3 2 12 0 3 4 21 7 14 8 8 1 1 23 19 19 2 5 1 7 3 0 5 0 1 3 2 27 3 7 1 2
0 1 0 2 4 1 0 0 5 4 16 6 2 1 8 8 12 0 1 1 0 3 1 14 0 4 0 1 0 2 3 1 7 7 2 0 15 4 0 7 5 6 2 4 0 0 5 3 2 4 1 6 2 12 5 0 2 4 0 8 8 10 10 6 3 2 1 13 3 11 2 0 1 3 1 14 1 3 6 0 2 13 1 14 2 2 3 10 2 9 3 5 0 6 7 2 0 4 2 4
0 1 0 0 2 1 0 2 0 4 0 0 1 0 0 0 0 0 0 0 0 1 0 0 2 2 0 0 0 2 0 0 0 1 0 0 0 0 0 6 0 0 0 0 0 0 1 0 0 1 1 0 0 1 5 0 0 0 0 1 0 0 0 1 0 0 1 1 0 0 0 1 0 0 0 1 1 0 2 0 0 0 0 0 0 0 0 0 0 0 0 1 0 2 2 0 0 0 1 0
1 2 1 3 0 0 0 0 0 0 0 1 0 0 0 0 1 0 0 1 1 0 0 2 0 0 0 0 0 0 0 0 0 0 0 2 0 2 0 0 0 0 1 1 0 0 0 0 3 0 0 0 0 0 0 1 0 0 0 0 0 0 0 1 0 1 4 1 0 1 0 1 0 1 0 0 0 0 0 0 0 0 1 1 0 0 0 0 0 1 0 0 0 1 0 0 1 0 1 0
0 0 1 0 0 0 1 0 0 0 0 2 2 0 0 0 0 0 0 0 0 1 0 2 1 0 0 0 1 0 1 1 1 0 0 0 2 0 0 0 0 1 1 0 0 1 0 21 3 1 1 3 0 0 1 0 0 0 0 0 0 0 1 0 0 0 2 0 2 0 0 0 2 1 1 2 0 0 1 0 0 0 0 0 0 0 0 0 0 0 0 0 0 1 0 0 1 2 0 0
0 0 2 7 2 1 1 5 0 2 0 1 8 0 7 4 38 10 0 11 2 6 2 12 2 0 17 4 16 5 6 7 22 5 1 0 0 11 16 1 4 7 2 29 5 0 0 5 0 13 24 5 1 2 3 0 3 7 1 0 21 1 1 20 6 19 4 0 3 1 1 13 3 1 7 1 18 5 0 2 2 7 1 9 1 3 3 2 2 2 3 2 3 6 1 3 1 1 0 1
1 1 0 0 24 0 0 0 6 6 0 6 0 10 0 1 0 4 0 0 0 0 0 0 1 3 2 1 0 1 2 5 0 0 7 0 0 6 1 5 1 1 0 0 10 5 0 1 0 2 0 3 3 0 1 1 9 0 9 8 0 1 21 0 0 0 22 0 0 0 2 0 5 5 0 0 4 1 2 1 0 0 1 7 3 7 3 0 0 3 7 8 1 1 1 2 0 8 0 4
0 0 0 0 0 3 0 1 0 0 0 0 0 0 0 0 1 0 2 1 0 1 0 1 1 0 0 0 0 0 0 1 0 0 1 0 0 1 1 1 3 0 0 0 0 3 0 0 0 1 0 0 0 0 0 0 0 0 0 0 1 0 0 0 0 0 0 0 0 0 0 0 0 0 0 0 0 0 1 0 0 0 1 0 0 1 1 0 1 0 1 0 0 0 1 0 0 0 0 0
0 0 0 0 0 1 1 0 2 0 0 0 2 0 0 0 0 0 0 0 0 0 0 0 2 0 0 0 0 0 2 0 0 1 0 0 2 3 0 0 0 1 0 0 3 1 3 0 2 0 0 0 1 0 0 1 0 0 1 0 0 0 0 2 0 0 0 0 1 0 0 0 0 1 1 0 0 1 4 0 0 0 0 0 0 0 0 0 0 2 0 1 0 1 0 1 0 15 0 0
3 0 0 0 0 0 0 0 0 0 1 3 0 1 0 0 1 0 0 0 0 1 1 0 0 4 0 4 0 1 1 0 4 0 0 0 0 0 0 2 0 1 0 0 0 0 0 3 8 1 0 0 0 1 0 1 2 3 0 0 0 1 0 0 0 2 0 0 0 0 0 0 0 0 0 0 0 2 0 0 1 0 1 0 0 1 0 0 0 0 0 0 0 0 0 0 0 1 1 0
1 6 13 5 4 2 3 1 7 12 4 4 21 8 3 22 21 2 2 25 5 11 30 1 0 5 13 24 6 3 8 9 1 16 4 2 5 12 2 1 8 13 2 0 8 5 6 5 7 2 0 1 34 2 13 2 17 1 10 8 8 3 10 9 2 9 7 6 5 12 6 12 1 6 2 10 7 3 9 0 3 7 6 2 8 1 4 10 23 9 2 6 2 1 1 15 2 10 2 7
0 0 0 0 0 0 1 0 0 0 0 0 0 14 0 0 0 0 0 0 0 0 0 0 0 0 0 0 0 0 0 0 0 0 10 0 1 1 0 2 1 0 0 0 0 2 1 0 0 2 0 0 0 2 0 0 22 2 0 0 0 0 1 0 2 1 0 0 0 0 1 1 0 2 0 1 0 0 0 0 0 4 0 0 0 2 0 0 0 0 0 0 0 0 0 0 0 2 0 1
1 0 1 0 0 0 0 0 0 0 0 0 0 1 1 0 1 1 0 1 1 0 0 1 1 0 0 1 0 1 0 2 0 2 0 0 0 0 0 0 1 1 0 0 2 0 0 0 0 0 0 0 0 0 0 2 0 0 0 0 0 0 1 0 0 0 0 0 0 0 0 0 0 0 0 0 0 0 0 2 0 2 2 2 0 0 1 0 0 0 0 0 0 0 0 0 0 0 0 1
14 2 0 13 2 20 2 6 4 6 0 2 6 12 3 4 0 5 21 1 15 8 9 13 10 1 8 21 1 2 0 0 0 20 7 6 4 8 5 3 17 1 4 19 25 7 0 7 12 11 16 2 10 5 9 8 5 4 10 4 1 2 3 0 10 24 10 10 0 0 1 1 5 7 16 3 2 0 10 4 1 0 4 1 16 0 5 3 9 0 6 8 7 13 0 2 4 8 7 2
0 0 0 0 0 0 0 0 1 1 0 0 1 1 0 0 0 0 0 1 0 0 0 0 0 0 1 0 1 0 0 0 1 0 0 1 1 0 1 0 0 0 1 0 2 0 0 0 0 0 1 0 1 0 0 0 0 0 1 0 0 0 0 0 0 0 0 0 0 2 1 0 0 0 0 0 0 1 3 0 0 0 1 0 1 0 0 2 0 2 0 1 1 0 3 0 0 0 0 0
12 5 4 1 21 2 9 2 5 6 1 2 15 0 13 0 0 0 0 0 14 11 0 3 6 4 3 0 8 1 0 3 8 1 2 1 5 0 1 7 4 2 8 10 0 14 9 7 9 14 11 1 1 3 1 0 0 0 0 4 2 0 3 6 1 0 4 5 0 0 0 23 0 1 0 4 1 0 0 9 0 0 2 3 1 11 1 5 7 2 1 1 0 0 4 7 4 0 0 2
2 7 1 2 20 14 4 13 3 5 22 1 4 1 6 4 4 14 1 9 8 1 2 4 14 3 5 3 2 13 6 2 0 2 4 27 6 13 7 17 18 16 29 1 38 0 1 2 16 7 0 13 1 1 4 6 22 0 13 2 7 3 0 4 6 0 2 10 3 3 23 5 5 4 8 17 18 3 2 4 8 5 11 3 0 20 3 0 10 11 1 6 1 3 1 8 3 18 7 0
24 4 1 5 1 6 5 1 8 3 6 29 8 6 7 1 11 4 7 11 17 15 0 7 17 0 12 13 10 2 30 0 1 16 1 26 4 3 17 1 31 4 10 4 0 0 1 7 7 7 4 1 0 16 1 1 4 6 6 2 2 0 4 17 0 6 7 2 15 5 3 0 0 0 13 27 2 4 8 6 12 4 2 5 1 14 1 8 3 0 3 13 2 11 9 12 7 44 29 17
