0 1 1 0 1 0 0 0 0 0 0 1 0 0 0 0 0 0 0 0 1 0 0 0 0 0 0 0 0 0 0 1 0 0 0 0 0 0 0 0 1 0 0 0 1 0 0 1 0 1 0 0 0 2 0 1 0 0 0 0 1 0 0 0 1 1 0 0 0 2 0 0 1 0 0 0 0 1 0 0 0 0 2 0 0 1 0 1 0 0 0 0 0 0 1 0 0 0 0 1
5 3 10 3 0 7 2 7 1 5 3 3 3 3 0 2 6 5 6 9 3 0 0 1 0 3 1 2 2 5 3 0 0 0 1 6 1 2 0 0 2 0 1 3 5 7 8 2 0 4 0 1 0 7 14 0 3 5 7 0 0 11 0 0 2 0 1 0 12 6 0 4 0 2 3 8 1 0 0 2 0 2 0 4 2 12 1 2 0 1 9 0 2 0 3 8 0 0 14 2
3 3 5 12 1 23 0 3 16 8 5 2 2 9 12 0 3 9 11 10 7 5 18 0 10 3 9 1 8 4 0 8 9 16 1 24 0 3 71 2 1 24 2 1 11 0 8 2 18 29 11 2 4 0 9 2 5 4 3 15 5 6 10 1 0 7 4 9 32 5 6 1 3 3 7 1 0 6 7 13 7 4 2 13 0 13 6 1 2 6 8 7 19 0 0 1 6 0 0 5
0 0 0 0 0 2 0 0 0 0 1 0 0 0 0 0 0 0 0 0 2 0 0 0 0 1 0 1 0 0 0 1 0 0 0 0 0 0 0 0 0 0 0 0 0 1 0 0 0 0 0 0 0 1 0 0 0 0 0 1 0 0 0 1 1 1 0 1 1 0 1 0 0 0 0 0 0 0 0 0 2 0 2 0 0 1 0 0 0 0 0 0 2 0 0 2 1 1 0 0
5 21 4 27 21 0 8 5 3 16 5 19 0 14 21 2 2 7 9 3 2 48 0 5 17 16 15 13 1 2 0 8 10 0 4 15 10 17 8 15 22 7 2 3 15 0 0 1 1 1 1 1 7 13 11 2 4 11 9 1 4 1 21 0 1 13 4 3 6 2 9 6 2 6 1 4 20 5 3 1 7 5 5 2 0 6 19 0 3 1 14 0 4 15 7 1 3 1 6 1
2 0 23 1 2 0 13 4 4 1 12 5 6 10 1 10 2 6 2 5 4 4 2 2 8 5 2 1 0 1 3 0 0 11 0 2 9 7 6 2 11 11 0 27 9 0 10 21 1 0 7 1 2 4 9 25 27 3 2 14 4 1 3 8 0 5 16 10 17 4 0 13 3 8 6 13 4 9 0 0 5 0 15 7 14 4 23 8 1 16 0 21 4 8 1 25 2 6 3 12
1 1 0 0 0 1 0 2 1 0 1 0 1 0 0 0 0 1 0 0 0 0 0 0 0 0 2 2 0 0 0 0 0 0 0 1 0 0 2 0 0 0 0 2 1 0 1 0 0 0 0 1 1 0 1 0 4 2 0 0 0 0 0 1 0 0 0 0 0 0 0 0 5 0 3 0 0 0 0 0 1 1 0 0 5 0 0 3 4 2 0 0 1 0 4 0 0 0 0 0
0 0 0 0 0 0 0 3 0 0 0 3 0 1 0 0 1 0 1 0 0 0 0 0 0 1 1 0 0 1 1 1 0 0 0 0 0 0 0 2 0 1 0 0 0 0 0 0 0 2 0 3 0 1 0 0 0 0 0 0 0 2 3 0 0 0 0 0 0 1 0 0 1 0 1 0 0 0 1 0 0 0 2 0 1 2 0 0 0 0 1 0 0 1 2 0 3 1 0 0
6 0 4 12 5 7 8 8 8 10 12 3 3 9 7 0 0 2 7 12 16 5 3 1 0 1 16 0 8 27 7 1 4 6 8 1 11 46 4 6 30 5 11 1 0 0 20 7 1 24 16 0 7 0 9 9 4 2 19 8 6 2 0 2 12 13 15 4 0 20 2 4 9 6 2 13 5 21 0 6 1 3 10 14 2 21 7 12 1 23 7 1 7 7 1 3 5 16 17 15
5 10 10 0 2 10 0 4 1 3 0 8 0 0 13 1 18 3 13 9 9 17 21 0 4 1 3 6 6 1 1 2 2 16 4 2 1 8 8 0 3 4 1 13 5 5 15 11 7 2 13 0 2 8 0 1 1 0 54 2 9 20 9 1 1 26 4 14 5 0 8 2 16 3 5 4 13 1 18 13 32 10 2 4 12 12 7 7 0 3 7 29 11 70 0 15 8 13 3 11
3 1 15 2 1 1 0 1 15 5 4 9 7 32 2 2 16 19 4 7 8 18 2 3 33 1 4 6 2 6 8 11 6 4 21 2 7 17 1 17 3 4 6 0 5 14 14 13 0 7 6 1 7 2 1 7 12 3 1 0 3 5 4 8 3 6 6 1 2 0 42 2 3 18 5 23 0 2 11 8 4 4 2 26 7 9 2 1 12 18 9 2 19 13 21 1 5 18 7 10
0 0 0 4 0 2 0 0 0 1 0 0 0 1 0 1 0 0 0 1 0 0 0 1 0 0 1 1 0 1 0 1 0 0 0 0 1 0 0 0 1 0 0 0 0 2 1 0 1 1 1 0 0 0 0 0 0 0 1 2 0 0 0 0 0 0 0 0 0 0 0 0 0 0 1 0 2 0 1 0 0 0 0 0 5 0 0 0 0 0 0 0 1 1 0 0 1 0 1 0
0 2 7 0 0 1 0 1 0 0 1 0 0 1 0 0 0 0 2 0 0 0 0 0 0 1 1 0 1 0 1 0 2 0 0 0 0 0 0 0 0 1 0 0 1 0 1 0 0 1 1 0 1 0 0 1 0 0 1 3 1 1 0 3 1 0 1 0 0 0 0 1 0 0 1 0 0 0 0 0 0 0 1 0 0 0 1 0 0 0 0 0 0 0 0 0 0 0 0 0
1 4 1 17 1 10 41 0 11 16 8 2 1 12 3 16 6 6 13 5 5 12 10 10 3 1 5 22 9 2 14 14 0 3 4 12 1 3 14 5 10 0 13 4 2 17 8 8 11 0 3 23 21 3 3 17 2 4 26 1 12 1 0 7 38 5 0 9 10 4 13 3 4 0 4 7 6 3 0 2 15 8 8 0 11 5 1 0 0 12 3 2 3 0 0 14 1 8 3 3
1 2 2 0 0 0 0 0 1 0 0 0 0 2 0 0 1 2 0 0 1 0 0 0 0 0 0 0 0 0 0 0 0 0 0 0 1 1 0 0 0 1 1 0 1 0 0 0 3 1 0 1 8 0 0 0 1 0 0 2 0 0 0 0 0 0 0 0 0 1 2 0 0 0 0 1 0 0 2 1 0 0 0 1 1 0 1 0 1 0 0 0 0 0 1 0 2 0 0 1
0 2 6 13 4 3 2 1 1 3 4 2 9 3 4 0 10 2 2 6 4 16 0 4 6 3 5 0 0 3 10 0 13 9 3 3 5 6 10 0 0 13 2 21 1 1 8 3 4 0 3 1 9 0 0 10 3 8 0 5 3 2 7 1 1 0 0 0 9 3 0 0 1 0 2 0 7 13 1 0 3 0 0 1 3 0 3 4 6 2 3 5 2 2 1 4 4 5 2 3
9 2 3 2 4 5 19 11 8 12 0 1 1 2 5 1 1 1 0 1 1 0 8 4 11 9 0 2 1 0 0 2 12 6 0 4 0 6 3 1 2 2 17 0 1 0 4 2 2 1 2 9 13 1 0 2 6 0 1 1 2 1 2 2 0 23 5 3 9 0 3 1 3 11 1 4 4 0 10 1 3 1 1 5 0 0 16 1 13 2 2 10 2 1 6 0 2 0 2 10
0 31 1 17 6 10 2 4 0 6 1 14 10 7 1 3 6 0 0 0 1 4 5 0 3 5 41 1 8 5 13 11 12 0 8 5 4 0 19 1 8 4 2 2 1 16 8 6 3 1 25 35 13 0 1 17 4 1 0 0 4 0 7 5 1 10 1 9 2 29 2 3 9 0 2 4 13 3 4 4 30 2 7 0 4 0 2 2 0 9 15 3 22 9 2 7 2 7 16 1
9 4 5 5 0 8 6 1 1 15 2 0 4 4 1 1 1 2 6 2 0 0 0 1 2 0 5 7 5 2 5 4 5 0 0 13 5 1 0 11 2 19 1 3 6 1 3 1 0 5 4 2 1 32 7 1 4 4 2 5 1 3 1 0 0 1 1 6 5 0 2 11 6 0 1 3 0 3 0 0 1 0 0 3 3 5 0 5 4 1 18 1 2 6 2 7 2 6 4 5
0 3 4 0 3 2 2 6 11 8 1 3 0 6 3 1 1 1 6 5 6 1 0 2 0 7 8 3 12 1 14 5 3 6 0 0 9 2 11 0 13 2 10 1 0 5 15 4 10 4 0 2 0 6 8 1 0 12 1 2 0 10 0 6 11 0 0 16 0 9 9 0 10 0 4 11 0 5 0 0 1 5 0 4 2 5 1 6 8 1 3 0 1 2 14 4 9 8 4 6
0 19 13 6 38 1 1 5 8 2 14 5 1 9 2 31 3 4 6 1 15 4 6 3 5 2 10 9 8 6 1 7 11 1 3 20 19 7 12 0 10 8 2 10 4 10 0 5 0 2 5 35 2 15 4 9 5 18 5 7 20 1 10 6 13 2 1 7 15 10 7 0 11 16 5 7 23 13 11 1 7 13 0 0 0 10 1 20 6 10 18 1 16 10 11 13 4 2 4 13
8 0 0 0 2 0 0 2 3 5 3 9 1 0 9 9 11 4 0 15 5 10 3 3 0 6 3 1 10 14 6 5 9 4 0 17 7 0 0 17 2 8 2 6 4 2 0 3 0 0 6 8 1 11 6 5 17 0 0 3 3 13 0 6 3 2 0 0 11 0 3 1 0 1 7 1 1 4 8 0 7 2 0 0 10 5 3 3 1 0 3 0 4 9 0 1 2 1 0 2
1 0 0 0 2 0 1 0 0 0 0 1 0 0 0 1 1 0 0 0 0 0 0 0 0 0 0 0 0 1 0 0 1 0 0 0 1 0 0 0 0 0 0 1 0 0 2 0 0 0 0 0 0 0 0 0 0 0 0 1 1 0 1 1 1 0 0 1 0 0 0 1 0 0 2 0 0 0 0 1 0 0 5 0 0 0 0 0 0 1 0 1 0 0 0 0 0 0 0 0
12 5 5 0 10 0 13 0 8 13 11 6 12 22 5 21 10 6 7 20 3 7 35 4 0 1 3 8 2 9 1 1 1 16 14 13 2 0 12 1 2 1 5 13 0 0 31 19 9 7 0 18 12 16 6 0 7 0 9 0 11 14 12 8 20 14 16 3 5 1 3 0 1 4 7 9 3 8 16 1 14 1 0 9 4 5 7 13 6 4 0 6 16 0 2 1 0 1 1 5
3 2 2 6 1 2 2 1 1 16 4 0 4 4 8 2 15 5 2 4 2 9 11 2 7 2 6 3 1 3 4 1 0 1 1 1 17 1 4 4 6 13 8 5 0 1 6 1 0 2 3 0 0 1 5 2 9 2 19 1 4 3 3 9 9 1 1 9 1 1 2 3 1 4 2 1 0 1 0 9 3 10 0 6 27 6 6 5 0 3 3 6 0 2 3 5 1 4 7 1
1 5 0 0 31 21 22 8 2 2 6 2 13 7 2 13 27 16 25 6 9 2 13 7 8 0 0 0 1 1 35 8 0 10 8 11 0 0 4 10 4 1 18 11 6 0 4 2 1 28 8 10 3 19 0 1 1 9 2 7 3 12 2 5 5 5 5 5 8 14 4 12 3 4 0 10 1 0 7 0 5 1 3 20 17 3 7 6 5 2 8 0 3 24 1 10 18 14 26 1
0 0 0 0 0 0 0 3 2 0 0 0 0 0 0 0 0 0 0 2 0 1 0 0 0 0 0 0 0 0 0 0 0 2 0 0 0 0 1 2 0 0 0 0 0 0 0 0 0 1 0 1 0 0 1 0 0 2 0 0 0 2 0 1 0 0 0 2 0 0 1 0 0 2 0 0 1 0 0 0 0 0 0 0 0 0 0 0 0 0 0 2 0 0 0 0 0 0 0 0
11 20 4 17 4 1 1 10 11 6 16 3 12 23 1 4 6 7 4 7 3 2 1 3 14 15 4 7 0 0 2 1 19 2 5 8 3 29 11 5 1 24 4 3 3 12 14 16 0 1 22 30 4 14 3 1 2 1 6 2 32 6 5 6 8 61 4 1 7 21 7 1 3 10 2 1 8 0 9 6 23 3 1 1 8 11 8 1 0 1 6 3 14 23 0 20 2 5 1 5
2 6 1 8 5 1 0 3 0 12 2 3 3 2 7 23 8 16 20 0 4 5 0 13 3 13 1 0 1 0 4 27 10 15 10 0 1 10 7 24 37 2 0 22 7 1 1 23 2 0 2 8 1 4 9 2 3 5 1 4 3 10 8 19 0 18 10 21 1 3 3 3 2 6 0 20 4 14 1 8 9 14 19 3 0 11 8 3 3 9 8 3 20 2 20 8 15 0 5 19
0 2 0 1 0 0 0 2 0 0 0 0 0 0 2 0 0 1 0 0 1 4 1 1 2 0 0 0 1 1 0 2 0 1 0 2 1 0 0 30 4 0 2 1 0 1 0 0 0 0 5 0 5 0 0 0 0 0 0 2 0 0 0 0 0 0 0 1 0 0 3 0 0 1 0 0 1 0 0 0 0 0 0 0 1 0 0 0 1 1 0 0 0 0 1 1 0 0 1 0
5 2 6 0 2 2 2 1 1 3 9 4 1 2 0 7 0 0 3 6 5 2 0 30 10 3 2 0 0 29 2 0 3 10 0 3 10 0 0 8 1 7 4 0 3 0 3 2 0 1 5 1 4 1 11 7 7 0 2 14 8 2 1 4 3 1 2 7 7 1 4 1 2 5 3 7 5 5 4 1 0 0 14 7 0 0 0 0 1 8 7 2 5 1 3 0 0 15 9 1
0 0 0 2 0 0 0 0 0 1 6 0 0 0 0 0 0 0 0 0 0 3 0 0 0 0 0 0 7 2 0 0 1 0 1 1 1 3 0 0 1 0 1 0 0 2 0 0 2 0 0 0 0 0 1 0 0 0 0 2 0 0 0 0 0 2 0 2 0 1 0 0 0 0 0 0 1 0 0 0 0 1 0 0 0 0 0 0 1 0 0 0 0 1 0 0 0 0 0 5
0 9 1 4 16 13 13 11 3 13 3 13 15 5 28 4 3 5 24 0 2 10 1 9 11 13 9 2 5 6 2 22 28 4 8 4 14 4 0 4 7 6 28 16 1 4 12 12 3 22 5 8 2 12 2 17 4 2 11 1 0 5 2 13 5 15 1 16 12 2 18 18 0 18 4 2 7 1 15 4 2 6 6 2 16 21 3 7 1 8 1 9 2 18 17 0 1 3 1 3
0 8 1 4 2 3 4 0 1 1 2 3 2 11 0 1 3 0 1 0 0 2 8 8 4 1 5 4 22 3 6 1 3 1 3 1 0 0 0 14 2 3 6 3 5 3 3 3 4 6 0 8 5 9 7 3 1 3 12 7 2 0 6 0 0 3 9 4 16 0 0 1 2 1 6 11 12 11 1 3 0 9 28 4 1 1 4 9 3 8 1 3 4 10 1 7 1 2 12 8
4 1 0 3 1 7 19 3 0 15 11 2 2 6 4 12 9 7 15 2 9 17 12 14 0 1 4 5 32 15 27 6 1 0 3 20 7 7 2 27 0 22 5 3 20 5 9 4 5 2 11 20 11 0 3 4 1 4 11 4 8 0 21 3 4 14 7 6 9 14 5 6 14 6 1 7 11 8 23 22 8 7 2 21 1 10 18 9 11 9 8 3 9 25 4 9 4 6 12 3
1 0 1 0 1 6 0 0 1 0 0 0 0 0 0 1 2 0 0 3 5 1 0 1 0 0 0 0 0 0 0 0 0 0 0 0 0 1 0 3 0 2 0 1 0 1 0 0 0 0 0 0 0 0 0 1 0 0 1 1 2 0 0 1 0 3 0 0 1 1 0 0 0 0 0 0 0 1 2 0 0 0 0 0 0 0 2 0 1 1 0 0 0 4 0 1 0 0 0 1
0 1 0 3 0 1 1 0 5 0 0 0 0 0 1 0 2 0 0 0 0 0 0 1 0 1 0 0 0 0 0 2 0 0 0 0 0 0 1 0 0 0 0 0 2 0 1 0 0 0 0 0 1 0 1 1 1 0 0 0 0 0 1 1 0 2 0 2 0 0 1 3 0 1 1 1 1 0 0 1 0 0 0 1 0 0 0 0 3 0 0 1 0 0 1 2 0 0 0 0
37 2 3 2 4 4 7 0 15 6 4 7 2 1 6 10 4 3 1 1 0 0 1 7 2 0 23 0 8 4 4 0 0 2 12 1 1 11 26 8 15 15 3 12 0 6 8 0 16 29 6 0 10 7 10 29 8 2 12 5 2 9 1 5 8 5 2 6 5 4 0 4 2 24 4 16 3 3 6 11 3 15 4 11 26 7 8 19 4 23 11 3 15 11 0 2 5 21 0 0
19 9 9 2 9 9 1 22 9 1 4 18 6 7 2 6 9 3 2 21 1 4 12 11 15 15 4 0 5 7 0 0 4 12 3 1 6 0 3 2 9 1 1 0 9 12 0 23 10 43 17 0 0 4 15 1 7 1 2 1 2 13 23 18 4 8 4 0 9 19 2 9 1 11 15 9 15 3 0 2 1 0 13 11 17 28 1 2 4 2 10 7 0 13 13 2 4 5 16 1
2 6 0 28 4 0 1 11 1 3 19 1 4 0 19 4 0 1 1 8 17 3 3 7 0 1 2 1 0 5 0 11 7 2 3 7 4 1 6 3 1 2 3 2 7 5 3 0 1 6 1 0 11 3 5 2 1 0 3 9 4 5 4 0 1 0 12 0 9 0 4 4 5 10 7 3 13 0 1 8 3 22 3 3 2 0 0 0 1 2 4 2 2 2 4 2 10 5 0 0
1 1 10 9 0 3 4 0 0 6 1 7 0 0 1 1 4 0 4 2 3 3 1 4 3 15 2 1 10 17 4 2 3 1 3 6 12 12 0 4 3 12 18 3 7 5 0 2 10 20 1 6 3 5 4 3 3 3 2 1 5 0 1 3 2 14 3 0 0 5 2 1 0 5 0 5 1 10 0 1 2 4 1 19 1 5 9 1 0 4 7 0 7 2 1 0 24 9 4 2
1 1 4 0 11 1 10 3 9 5 4 2 12 2 0 4 6 2 4 2 6 1 1 4 4 6 6 0 0 1 0 2 0 1 2 4 4 4 1 0 4 0 2 3 0 2 4 2 11 3 1 9 2 1 0 7 0 3 4 2 9 4 7 7 1 1 5 8 8 2 2 0 2 1 2 6 0 11 4 16 1 5 9 20 2 1 3 6 8 0 27 0 6 2 1 0 15 1 2 0
0 0 0 0 0 1 0 7 0 0 0 0 0 0 0 0 0 0 2 0 0 0 0 0 0 1 0 0 1 3 0 1 0 0 0 1 1 0 0 0 0 1 0 1 3 0 0 0 0 0 2 1 0 2 2 0 0 0 1 0 0 0 0 0 1 0 0 0 0 0 0 2 0 1 0 0 0 2 0 1 0 0 0 0 0 4 0 1 0 0 0 0 1 0 0 0 0 0 0 0
4 11 8 4 11 19 1 1 2 7 2 5 4 0 2 13 0 8 7 42 5 0 22 15 8 9 11 0 20 7 47 0 17 11 18 10 3 3 8 4 5 6 1 5 6 19 3 1 2 20 2 13 8 1 15 1 39 0 1 10 6 10 9 0 14 10 5 3 0 0 6 12 12 0 1 1 19 13 4 4 0 1 15 4 0 10 26 0 4 1 4 3 10 6 5 1 8 2 7 0
0 1 1 4 9 2 9 7 1 5 3 4 6 3 0 0 2 3 0 14 1 3 2 5 12 0 2 22 3 9 1 14 24 1 2 2 11 4 34 8 1 1 0 7 14 5 14 0 13 14 11 12 3 0 0 9 17 1 5 1 7 5 13 6 5 25 25 2 3 7 43 1 26 0 10 2 30 9 24 2 0 1 21 7 1 2 13 0 3 17 1 3 2 1 11 22 5 9 12 1
2 2 3 5 28 0 3 10 3 1 1 4 8 0 40 0 10 13 4 13 16 9 7 9 5 9 2 4 6 2 24 0 10 1 18 18 2 8 4 3 10 9 31 36 1 6 7 3 0 8 9 2 1 0 9 4 10 15 11 17 27 4 4 5 7 16 15 2 9 1 8 4 4 9 0 2 5 5 4 2 10 5 8 4 6 4 9 27 1 4 5 2 2 8 23 4 2 15 9 12
2 0 1 2 0 0 0 0 0 0 0 0 0 1 0 0 0 0 0 0 1 0 0 0 0 1 0 0 0 0 0 0 0 0 0 0 3 0 0 0 1 2 0 0 19 0 0 0 0 0 1 1 2 0 1 0 2 0 0 0 1 0 0 0 0 0 0 0 0 1 1 1 0 0 0 0 0 0 0 2 1 0 0 0 1 0 0 2 0 0 1 1 1 0 0 1 0 0 1 0
2 3 3 1 1 14 6 7 17 5 2 9 18 1 0 1 0 1 1 7 0 8 2 10 13 4 0 8 8 3 1 4 3 1 6 3 2 2 0 0 1 2 5 7 0 1 2 0 3 4 0 4 1 5 5 2 0 1 9 3 5 8 2 3 0 2 5 1 2 3 3 8 12 1 3 0 5 2 5 1 4 6 3 1 0 0 2 10 0 0 9 7 5 2 4 8 0 5 10 20
14 5 20 1 0 22 14 7 3 1 4 2 0 13 0 19 4 0 21 7 12 5 3 16 4 2 1 3 3 26 11 2 2 4 15 8 15 9 0 1 3 2 4 2 6 8 7 11 10 17 6 8 2 1 12 8 4 3 25 1 3 0 6 9 9 1 5 10 1 1 8 6 2 10 5 21 3 7 3 6 6 1 1 4 52 0 2 10 9 3 10 7 0 0 7 16 0 5 18 15
0 0 0 0 0 1 0 9 3 0 0 0 0 2 0 1 2 0 0 1 0 0 0 0 0 0 0 0 0 0 1 0 0 0 0 2 0 2 0 0 0 0 0 0 0 0 0 0 0 1 0 0 0 0 0 0 0 1 0 0 0 0 0 0 1 0 0 0 0 1 0 0 0 0 0 0 0 1 0 0 0 0 0 0 0 0 0 1 0 0 0 0 0 0 0 1 0 1 0 1
