0 1 1 0 0 0 0 0 0 0 0 0 0 0 0 0 0 0 0 0 0 5 0 1 0 0 0 0 0 0 2 3 0 0 0 0 0 0 0 0 0 0 0 0 0 0 0 0 1 0 0 0 0 0 0 0 0 0 0 0 2 0 0 0 0 1 0 1 0 0 0 0 0 0 0 4 0 0 0 3 1 3 1 1 1 1 0 0 0 0 0 1 0 15 0 0 0 0 1 1
1 0 1 0 0 1 1 0 1 1 5 2 18 0 1 0 0 9 0 0 1 0 0 3 0 3 5 4 0 3 0 0 1 1 0 4 1 0 1 2 1 0 0 0 10 0 10 1 1 0 0 6 0 0 0 0 0 0 2 0 1 0 3 0 4 1 1 1 1 0 0 0 1 0 1 0 0 0 1 2 0 0 0 0 1 1 0 0 0 0 0 26 0 0 0 0 1 0 0 0
1 0 1 4 11 1 4 2 1 1 2 0 5 0 12 6 1 7 4 0 0 1 12 12 2 5 4 8 1 5 2 3 12 1 10 1 10 6 1 4 0 2 11 2 16 1 20 3 4 1 0 1 0 0 5 1 4 4 0 0 5 11 9 6 2 4 3 0 0 1 0 0 1 4 0 1 9 7 4 4 3 2 2 9 7 0 13 2 1 4 2 4 1 1 10 2 6 1 0 3
0 16 1 0 2 0 0 1 0 0 0 1 1 0 0 2 0 0 0 3 0 0 0 1 0 0 1 0 1 0 1 0 0 0 0 1 0 0 0 0 2 1 0 1 1 0 0 0 0 0 0 0 0 1 0 1 1 0 0 0 1 0 0 0 1 1 0 0 0 0 1 0 0 0 0 0 0 1 0 0 1 0 0 2 0 0 0 0 0 0 0 0 0 0 2 0 0 0 0 0
0 0 1 0 2 0 9 4 11 0 0 0 0 0 0 0 0 1 0 0 0 0 2 0 0 0 0 0 0 0 0 0 1 0 0 0 0 0 0 0 0 1 0 6 0 0 1 2 0 0 4 1 1 0 0 0 1 0 0 0 0 0 1 0 2 0 0 4 2 0 0 1 0 6 9 0 0 1 2 1 0 0 1 11 0 1 0 0 0 0 0 0 0 1 2 0 0 6 1 1
13 5 13 1 10 3 4 5 9 3 3 7 1 2 4 7 0 0 3 5 6 2 1 1 2 8 0 0 7 0 4 14 0 3 0 0 2 7 0 4 5 7 0 12 0 17 0 6 4 0 2 0 2 3 19 1 15 3 1 1 12 20 0 2 1 12 1 12 15 6 0 7 5 5 5 1 0 4 5 0 7 1 2 0 4 0 9 9 1 5 5 1 0 3 3 0 0 3 0 1
1 1 0 0 0 0 0 0 0 1 0 0 0 0 0 0 0 0 0 0 0 1 3 0 0 0 2 0 0 0 3 0 0 0 0 0 0 0 0 4 1 0 0 1 0 1 2 1 2 0 0 0 0 0 0 0 0 3 0 1 1 0 0 0 0 0 0 1 0 2 0 0 0 0 0 0 0 2 0 0 0 1 1 0 0 0 0 0 0 2 0 1 0 0 0 1 2 0 0 1
18 0 8 2 8 0 3 9 21 0 1 0 2 6 6 15 0 13 9 29 25 1 2 2 43 0 6 2 1 1 6 12 7 0 2 10 1 7 5 1 2 7 18 1 0 4 21 27 2 1 8 3 5 0 5 21 11 16 0 0 34 2 2 4 3 9 6 7 5 1 19 4 19 8 49 2 2 1 9 15 4 2 2 3 9 1 5 0 3 3 5 2 8 20 5 1 6 11 5 7
3 1 0 1 4 18 0 0 0 1 0 1 0 15 0 0 6 7 2 3 5 3 3 3 0 7 3 1 3 2 2 5 5 18 0 8 3 6 8 2 7 1 0 0 0 9 0 5 0 2 0 6 30 3 0 5 1 5 1 1 1 0 1 2 2 0 5 21 0 2 1 11 4 0 0 8 3 0 0 6 11 2 5 1 8 2 2 1 0 1 7 1 2 4 1 0 0 0 1 1
0 0 0 0 0 0 1 0 0 0 2 0 0 0 0 1 0 0 1 0 0 1 0 0 1 0 0 0 0 1 0 0 1 1 0 1 1 0 0 0 0 0 1 3 0 0 0 0 1 0 1 1 0 2 0 1 0 3 1 4 0 0 0 0 0 0 0 0 0 0 0 0 1 0 0 0 4 0 0 0 0 0 4 1 0 2 1 1 0 1 0 2 0 0 1 0 0 0 0 0
2 1 12 15 7 13 2 2 1 4 5 7 8 10 0 39 20 18 0 3 3 1 10 8 0 38 11 3 6 7 4 3 0 12 2 14 0 4 8 22 3 4 9 22 0 4 0 5 6 1 0 7 5 0 2 0 9 1 3 8 8 2 2 1 0 0 6 16 20 1 0 3 0 20 5 2 1 4 5 11 2 5 2 0 14 18 10 2 3 0 26 1 26 17 1 13 9 9 0 5
43 9 1 1 19 12 6 2 14 4 4 1 10 0 11 4 7 6 7 6 5 0 0 5 1 6 10 6 8 12 7 6 8 11 2 24 0 3 4 11 3 3 15 0 41 17 3 1 9 5 8 8 9 2 6 2 4 9 23 7 20 5 9 6 3 11 3 1 0 1 0 0 5 11 9 0 3 5 3 1 10 5 2 9 0 14 0 14 0 4 2 0 9 5 7 6 1 2 2 1
0 19 12 0 1 4 3 3 5 3 13 19 12 16 22 3 2 3 5 3 2 1 5 6 4 1 1 3 0 2 12 11 1 8 0 13 24 4 16 2 12 0 4 24 1 3 6 3 14 4 13 5 3 13 28 24 6 7 21 5 4 10 41 2 4 10 0 0 11 0 16 9 0 8 5 14 7 5 5 5 3 0 7 6 5 9 1 5 6 3 5 2 6 0 2 9 10 7 8 5
0 3 1 6 7 4 6 20 0 4 14 2 2 10 0 3 0 4 10 17 1 0 9 33 0 6 8 9 1 2 19 15 4 0 5 20 0 1 7 15 2 13 7 3 0 25 22 18 2 3 27 2 3 0 10 4 13 21 3 41 13 2 4 15 1 7 11 12 5 9 2 6 2 1 4 42 3 2 9 4 23 25 1 11 0 1 4 4 25 1 0 7 8 15 19 2 13 1 6 4
0 1 0 0 0 1 0 1 0 0 0 0 0 0 1 0 0 1 2 1 0 0 0 3 0 1 0 1 0 0 0 0 0 0 0 2 0 0 0 0 3 1 1 1 0 1 0 0 0 1 0 0 0 5 0 0 0 0 5 1 0 1 0 0 0 0 0 0 2 2 4 0 1 0 0 0 0 2 0 0 0 0 0 0 0 1 0 1 0 1 0 1 0 2 0 0 0 0 0 1
0 1 11 2 1 2 6 0 7 1 3 2 11 0 0 1 5 3 4 0 6 15 0 1 6 3 2 5 2 4 1 0 16 1 3 0 0 3 0 4 1 7 4 2 5 0 8 2 2 1 1 0 5 0 5 1 5 5 9 4 0 14 1 1 12 2 0 4 16 5 2 2 1 8 4 10 0 0 8 7 2 2 2 3 1 18 2 12 1 0 1 10 6 3 0 2 4 7 8 2
8 1 7 1 17 3 3 4 0 1 1 16 2 5 6 5 1 8 6 4 15 0 2 5 0 6 0 2 2 3 10 9 7 1 3 4 0 4 1 1 0 0 0 0 0 2 4 0 3 0 5 1 21 0 1 4 7 1 12 4 2 14 0 0 6 1 6 8 1 6 27 3 4 3 1 3 0 0 5 2 0 14 1 4 1 2 0 6 6 5 2 0 1 5 5 0 0 0 2 3
7 9 0 7 3 15 1 2 0 7 5 1 7 1 3 6 16 15 2 4 21 14 8 6 8 6 19 6 4 16 5 6 13 11 11 44 3 2 7 14 0 5 8 2 5 27 21 3 9 13 4 16 7 4 3 8 4 3 6 7 2 6 12 4 6 8 2 25 1 0 1 3 15 4 5 5 14 0 1 1 1 2 4 4 0 2 0 0 5 16 2 9 15 20 0 1 30 2 4 5
3 3 0 0 3 1 2 0 0 12 0 4 4 2 1 1 2 11 9 3 0 3 0 11 0 0 4 28 1 2 14 1 3 5 1 1 2 0 1 4 8 1 2 1 7 1 1 4 1 2 0 0 9 10 0 1 1 6 4 2 8 1 6 2 11 0 4 1 0 2 24 0 2 1 0 12 7 1 0 6 6 2 0 0 9 8 3 0 0 2 2 6 15 3 25 1 1 0 1 0
0 2 1 1 4 2 6 1 2 2 3 0 0 0 4 3 2 1 3 1 0 0 2 1 3 1 1 1 4 1 0 0 4 5 4 1 9 1 0 11 2 13 0 8 2 1 10 0 4 1 2 0 0 0 4 2 0 1 3 1 1 1 0 7 5 1 0 2 7 0 0 2 12 7 2 13 19 5 7 1 0 2 0 5 1 3 5 5 3 3 0 0 2 0 3 4 0 1 0 2
4 1 2 2 1 2 10 0 2 8 3 12 6 6 1 0 0 5 12 3 2 1 4 10 0 1 6 11 1 5 3 11 1 0 0 2 12 5 4 3 3 5 5 4 2 2 5 0 0 2 2 0 1 0 19 6 3 3 5 3 0 1 1 0 0 5 2 4 21 6 4 3 3 3 10 6 0 0 2 1 15 4 7 3 2 6 7 4 6 0 3 3 1 2 5 17 12 17 6 1
1 1 15 36 1 27 3 0 25 0 6 0 23 8 5 1 5 5 2 8 2 10 0 1 24 10 2 1 8 11 0 4 5 0 2 5 3 0 3 1 1 2 5 29 2 4 5 5 0 4 21 2 1 1 4 3 1 3 0 2 3 2 0 7 0 2 0 4 10 0 4 9 0 2 5 6 4 1 8 1 4 2 6 4 0 0 1 4 0 1 1 1 1 9 5 7 4 21 2 5
0 2 3 0 0 0 0 0 0 0 0 4 0 1 0 0 1 1 1 0 0 0 0 0 0 0 1 2 0 1 0 0 0 1 0 3 0 0 0 0 0 0 0 0 0 0 13 0 3 0 0 0 0 3 2 1 0 0 0 0 2 0 1 0 0 0 1 0 0 0 0 0 0 0 1 2 0 1 0 0 0 0 0 1 0 0 4 0 0 0 0 4 0 0 0 1 1 0 0 0
10 1 0 1 3 13 27 0 15 4 4 13 34 2 0 16 1 0 2 5 1 5 2 10 21 4 5 8 9 0 8 0 6 3 0 2 2 7 1 14 0 2 1 4 5 12 1 6 1 8 19 0 6 5 15 8 28 18 2 8 1 7 13 3 7 1 2 12 19 13 1 11 0 5 0 13 0 0 12 27 4 37 5 8 10 10 7 1 8 6 12 5 1 13 2 0 1 1 1 3
0 0 0 0 2 0 0 0 0 2 0 2 0 1 1 3 0 1 0 0 0 0 1 0 0 2 0 1 0 0 0 5 0 0 2 0 0 0 1 4 0 0 0 0 2 0 0 0 0 0 2 0 0 3 0 2 0 3 0 0 0 1 0 1 0 1 2 0 4 0 0 3 0 0 1 0 0 0 1 0 1 0 1 1 2 1 0 1 0 0 0 0 1 0 0 0 0 0 0 0
1 0 13 12 8 1 7 1 3 9 5 0 4 7 1 4 20 6 0 8 9 0 4 0 3 3 11 13 1 0 6 7 4 1 4 10 4 5 1 0 6 1 10 1 5 0 6 4 1 11 4 1 5 2 8 2 1 0 4 0 1 1 1 4 9 12 12 2 1 23 3 1 0 2 6 0 10 5 2 3 10 5 5 2 0 3 3 3 1 3 0 1 10 0 3 7 1 6 0 0
2 0 0 0 1 0 0 1 0 3 0 2 21 2 0 2 1 4 4 2 3 1 0 2 0 2 1 0 2 2 0 0 4 1 11 2 0 0 0 3 8 0 1 0 7 1 3 4 3 7 0 3 2 4 6 3 1 1 13 0 3 7 3 7 3 17 8 0 0 0 1 1 5 0 0 5 8 2 0 0 6 1 3 0 0 8 6 2 2 2 7 4 1 1 2 1 2 0 8 1
14 15 7 8 0 39 12 11 1 18 6 2 8 31 6 14 0 7 10 9 1 6 0 20 0 3 5 5 9 12 10 0 18 6 14 14 5 17 43 11 3 54 12 5 14 4 6 5 16 12 9 2 3 14 5 3 1 13 14 10 4 2 3 1 0 9 6 2 8 2 6 6 18 7 3 0 0 8 16 1 4 16 2 9 1 5 22 9 10 2 0 12 3 6 15 12 5 4 9 2
0 5 1 12 9 14 16 22 16 1 8 11 9 6 5 10 14 0 10 21 11 1 11 17 5 6 10 24 3 4 11 4 1 16 27 4 53 1 21 3 13 0 37 13 13 8 5 4 2 2 6 1 0 4 4 11 19 15 32 3 1 21 7 4 3 5 1 10 6 1 0 17 1 16 1 4 0 3 9 1 16 9 5 12 16 5 0 2 6 0 16 1 4 2 29 6 9 3 2 2
0 0 0 4 0 1 0 0 0 0 2 0 4 1 0 0 0 15 0 0 0 1 0 0 0 0 31 5 0 2 0 3 0 0 0 1 0 2 1 0 0 0 2 0 4 4 0 0 1 1 0 7 2 0 1 0 0 0 16 1 0 0 11 0 0 1 0 0 2 0 0 0 0 0 0 9 1 0 0 0 0 0 0 0 0 0 0 0 0 0 0 0 0 0 1 1 0 1 0 0
11 11 2 6 3 6 23 0 18 3 15 10 8 1 18 36 1 6 8 9 28 0 8 12 9 8 4 25 0 2 6 1 8 3 1 3 4 1 11 8 4 9 1 1 7 2 12 7 2 5 7 2 3 8 8 12 15 11 1 16 6 0 6 10 5 14 3 14 4 62 29 5 3 2 8 1 11 39 6 12 3 18 1 1 1 2 27 9 7 0 4 0 4 6 10 8 2 0 5 3
0 0 2 0 0 0 0 0 0 0 1 0 0 2 0 1 0 2 0 0 5 2 0 1 1 0 0 1 0 14 0 0 0 0 3 0 0 1 1 1 0 0 11 1 1 0 0 0 1 0 2 0 0 1 2 1 0 0 0 0 4 0 0 0 1 0 0 0 2 0 1 3 1 0 0 0 1 0 0 0 1 0 2 0 0 2 0 0 0 0 0 0 0 0 2 1 0 0 3 0
0 8 5 1 5 2 0 1 23 4 15 2 1 11 2 1 1 8 5 3 5 4 1 1 16 5 16 28 3 6 0 1 2 3 5 1 33 1 6 8 26 6 0 1 27 2 2 26 4 5 9 1 14 0 0 8 10 6 8 0 2 3 0 8 32 16 8 0 1 0 11 2 5 10 1 7 47 1 2 0 5 1 6 3 1 4 1 1 4 10 0 11 4 8 4 1 0 0 5 18
0 0 0 5 1 0 3 0 0 0 0 0 0 0 0 0 1 0 1 0 2 1 0 0 0 0 0 1 0 0 0 1 4 0 0 2 0 1 0 0 0 0 0 0 1 0 0 0 0 0 0 0 3 0 0 0 2 0 0 0 1 0 0 2 0 1 0 0 1 0 1 0 0 0 0 0 1 0 1 0 0 0 1 0 0 0 1 0 0 0 1 0 0 1 0 2 0 0 2 0
20 15 1 4 0 4 6 5 4 8 36 6 2 4 2 8 13 0 6 22 4 1 0 8 11 24 3 6 4 1 5 34 0 0 30 24 1 8 1 2 3 6 2 1 0 9 1 0 18 3 2 14 5 0 18 1 5 12 7 3 0 0 30 11 1 28 1 2 1 13 1 5 4 7 8 10 2 3 4 2 1 4 4 9 5 0 23 13 3 22 3 5 9 15 0 0 9 15 14 8
0 4 7 0 0 21 1 3 0 1 13 1 0 12 1 2 4 3 0 23 0 1 9 27 0 0 5 1 6 0 14 0 0 2 9 19 7 14 17 1 2 1 0 13 5 1 14 4 8 5 3 7 13 3 0 2 17 22 6 0 11 4 3 0 30 7 8 10 0 0 2 21 11 7 2 0 10 1 6 0 6 2 38 6 5 4 4 8 8 3 9 4 7 13 16 9 1 0 5 7
12 7 14 0 7 6 4 9 11 5 8 3 7 3 7 0 7 35 0 1 7 6 8 2 1 1 11 6 4 7 15 1 13 3 6 3 12 3 6 6 4 4 12 9 13 5 3 2 2 3 3 2 1 5 8 7 18 11 1 21 9 13 0 7 1 2 5 5 18 17 5 9 11 3 14 5 27 7 0 4 1 4 1 0 0 1 10 3 1 8 0 1 3 4 12 17 6 2 0 14
0 0 0 0 0 0 0 5 1 0 0 0 2 1 0 0 2 2 0 0 0 0 0 0 1 1 19 6 0 1 0 1 0 0 1 0 0 0 0 0 0 0 0 0 0 0 0 1 1 1 0 7 2 1 0 1 0 0 3 0 0 1 0 0 3 0 1 0 2 0 0 0 0 1 1 9 0 2 1 0 0 0 1 1 0 0 0 0 0 1 0 9 0 0 1 0 2 0 0 0
0 0 2 0 1 0 0 0 0 0 0 0 4 0 0 0 1 1 0 3 0 1 0 0 1 0 12 3 0 0 0 0 0 1 0 0 0 0 0 3 1 0 1 2 11 0 3 0 0 0 0 5 0 0 2 0 0 0 2 0 0 0 1 0 0 0 0 1 1 0 0 3 0 1 0 9 0 0 0 0 0 1 0 1 0 1 1 0 0 1 0 10 3 0 0 0 2 1 0 0
2 13 1 3 10 3 1 3 4 0 1 2 1 0 0 3 18 0 14 0 0 8 3 4 3 4 1 3 0 4 6 0 4 5 2 1 4 1 10 1 0 2 1 9 0 0 4 3 1 1 2 4 2 3 0 2 1 0 1 3 7 2 3 5 3 2 7 6 3 6 1 1 18 0 15 3 7 2 5 0 7 3 1 2 0 3 10 0 2 4 0 1 1 0 2 4 5 4 1 0
1 0 0 0 2 0 0 0 0 0 2 0 0 0 0 0 0 0 1 0 0 0 0 0 0 6 0 1 0 0 0 0 1 0 1 0 0 1 0 1 0 0 0 2 3 1 1 0 0 0 0 0 2 8 0 0 0 0 1 1 0 0 1 0 0 2 0 0 0 0 0 0 0 1 0 0 0 0 0 0 1 2 0 1 0 1 0 0 0 0 0 0 0 0 0 0 0 0 0 0
0 0 0 0 0 0 0 0 0 1 0 0 0 0 0 1 4 1 0 0 0 2 1 0 0 0 1 0 1 0 2 2 0 0 0 0 7 0 1 1 0 1 0 0 0 0 0 0 0 0 0 0 0 0 0 0 0 0 0 1 0 0 1 0 5 2 5 2 0 0 1 0 0 0 0 0 0 1 1 0 0 0 1 0 0 1 0 0 1 0 0 2 0 0 0 2 2 5 0 1
3 0 5 4 11 9 2 0 3 7 5 6 7 7 0 1 4 3 2 1 4 0 1 1 3 3 1 0 1 7 7 9 1 1 9 2 0 7 4 0 1 1 2 3 4 0 2 2 7 8 4 0 6 3 3 1 2 6 1 0 3 2 0 7 1 0 3 0 9 7 7 0 2 4 0 14 5 4 4 1 0 0 8 7 5 3 4 4 14 4 4 0 2 2 6 13 7 0 1 3
9 30 7 3 15 12 15 2 0 17 2 9 3 7 0 0 1 25 9 5 1 8 14 6 0 1 23 6 0 3 11 0 16 4 0 2 0 0 8 2 1 4 2 8 3 25 2 2 0 6 14 12 0 16 2 0 5 4 0 14 1 10 9 1 5 5 2 38 0 2 1 1 13 2 38 12 0 2 2 8 2 5 1 7 2 3 12 26 5 6 5 15 4 12 1 25 1 7 6 8
3 5 4 6 3 21 0 2 0 0 7 3 10 2 0 1 2 10 0 2 5 2 5 17 2 0 0 6 0 8 2 5 1 6 5 2 1 4 2 3 1 1 11 4 4 3 0 14 1 2 5 7 0 3 2 1 1 1 17 4 12 5 16 5 4 7 0 1 6 8 0 2 13 8 3 3 5 12 2 1 7 2 4 4 7 3 3 0 5 0 3 2 5 0 1 8 4 11 0 7
13 12 1 2 10 10 18 12 10 19 5 3 14 31 3 0 3 7 3 2 40 0 0 8 0 28 4 15 4 18 30 2 6 12 17 1 6 0 2 8 0 1 5 14 1 13 0 14 11 3 9 3 13 7 1 3 0 8 9 23 3 12 9 14 1 0 2 17 6 9 31 4 6 14 10 11 2 7 2 8 22 5 16 8 1 1 0 0 0 13 1 15 14 10 5 7 12 2 1 1
3 0 2 3 5 1 22 4 7 8 4 5 15 2 3 5 1 1 5 9 0 3 3 3 2 12 6 0 0 0 9 6 0 10 2 0 3 12 7 0 1 0 1 15 5 2 2 8 6 1 4 1 0 0 0 5 2 0 4 6 0 3 6 3 1 4 8 1 0 4 0 2 3 0 0 2 0 7 2 2 5 5 0 2 0 0 0 1 12 1 1 4 3 17 0 2 3 1 1 4
2 0 0 0 0 0 1 0 3 0 0 0 0 0 0 0 1 0 1 0 0 0 0 0 0 0 0 0 1 0 0 0 0 1 0 1 8 2 1 0 0 0 0 0 0 0 1 0 0 1 0 0 0 1 4 0 1 0 1 0 0 0 0 0 0 0 1 0 1 0 1 0 0 0 0 1 0 0 0 0 0 0 0 1 0 0 0 0 0 0 0 0 1 0 0 1 0 0 11 1
12 9 1 5 2 10 0 12 0 11 4 17 16 7 15 0 4 2 6 11 9 19 0 1 2 2 12 10 3 14 5 0 7 12 24 3 2 6 4 7 2 13 2 3 1 4 2 10 3 6 10 3 1 0 1 1 6 11 14 3 10 3 11 11 0 2 13 4 5 7 7 45 3 4 2 11 17 11 12 15 10 10 2 5 7 6 24 5 3 7 0 3 24 3 14 2 6 3 0 2
3 13 13 7 4 13 0 12 5 1 0 4 1 23 5 32 4 9 22 0 1 0 8 16 10 4 7 11 13 6 3 1 8 6 6 4 0 13 1 5 0 30 5 6 0 3 27 3 11 6 27 3 17 0 21 7 7 16 4 1 15 6 0 2 2 4 3 10 11 2 3 1 35 0 12 8 8 3 25 0 1 0 14 11 2 3 0 0 3 2 2 9 9 2 1 17 15 5 15 12
