0 0 1 0 1 2 1 0 1 0 1 2 3 0 0 0 0 0 4 0 0 0 0 0 0 1 0 1 0 1 0 1 0 0 1 0 0 0 2 2 0 0 0 0 1 0 1 5 5 0 7 0 0 0 6 0 0 2 0 0 0 1 0 3 0 0 5 0 0 0 0 0 2 1 0 4 1 0 0 0 2 0 0 2 1 0 0 0 1 0 0 0 0 1 0 1 3 0 0 0
0 1 0 0 1 0 0 0 0 1 4 0 0 2 0 0 1 0 2 1 2 0 0 0 1 0 1 0 1 0 10 2 0 0 0 1 0 0 10 1 0 0 0 0 0 0 0 0 0 0 2 3 0 0 1 0 2 1 0 0 2 0 2 0 0 1 0 0 0 2 0 0 0 0 1 0 2 2 0 0 0 0 0 0 0 0 0 0 2 0 0 0 0 0 1 0 1 0 0 0
7 7 2 0 4 3 2 3 3 1 11 5 1 3 0 1 1 7 4 4 2 0 0 2 11 2 1 4 6 6 5 1 2 5 11 0 11 1 6 0 0 1 3 3 0 4 2 1 1 6 8 0 5 3 0 0 0 10 0 4 0 5 9 0 1 0 1 11 2 5 0 0 3 7 0 1 2 10 7 18 3 0 0 0 1 12 2 8 1 13 1 2 2 2 1 0 9 2 0 6
0 0 0 0 2 0 1 0 0 0 0 0 2 0 0 0 0 0 11 0 1 0 0 0 0 0 0 0 0 0 2 1 0 2 0 1 1 1 1 4 0 1 1 0 0 0 0 0 1 0 0 0 0 0 8 1 0 0 0 0 0 1 2 1 0 0 13 2 0 0 0 1 1 0 0 2 1 0 0 0 0 1 0 0 0 0 2 0 3 0 0 0 0 0 0 0 0 1 1 1
0 0 0 1 0 0 1 1 0 0 0 0 0 0 0 0 1 1 0 0 0 0 3 0 0 0 0 1 0 3 0 1 0 0 0 1 0 6 1 0 0 0 0 0 0 0 7 1 0 0 0 0 0 0 0 0 0 0 0 0 0 0 0 0 0 0 0 0 2 2 0 1 0 0 0 0 0 1 0 0 0 0 1 0 0 0 0 1 0 0 0 0 8 1 0 1 0 0 1 0
1 0 2 0 2 9 6 1 0 7 8 16 5 7 1 1 3 4 1 5 4 1 0 1 2 0 5 3 1 0 2 5 2 0 7 0 1 4 6 9 1 3 0 4 4 15 4 1 1 0 5 0 0 0 1 2 1 10 3 4 4 6 7 3 11 3 7 4 11 1 0 2 0 2 9 5 7 3 0 7 3 38 4 0 3 0 1 5 3 2 0 1 2 39 6 2 5 1 13 8
4 18 2 12 22 0 1 10 3 27 3 3 1 7 5 0 7 0 0 2 11 2 8 8 14 9 2 2 0 23 2 5 16 3 40 7 0 2 22 5 9 4 0 2 5 1 12 6 12 3 8 2 10 1 22 4 11 0 3 0 4 18 3 0 11 2 27 12 4 2 1 2 15 6 0 4 12 5 17 25 7 5 0 3 57 0 4 2 4 6 30 5 9 17 1 6 6 6 4 6
12 6 1 1 4 0 1 1 5 3 0 4 0 1 0 7 1 1 9 0 2 8 0 2 1 0 4 2 1 0 5 0 2 2 6 5 0 7 9 2 0 0 2 0 0 5 0 1 2 4 0 13 9 0 4 9 9 0 9 0 3 6 2 8 2 5 0 1 0 8 0 0 2 7 0 0 0 1 3 3 12 3 1 0 14 0 0 11 5 4 1 0 0 0 5 9 0 4 8 0
0 0 0 1 8 12 0 0 0 5 0 0 0 1 0 0 0 4 0 1 0 0 0 0 0 0 2 1 0 0 1 0 0 0 0 1 0 2 0 1 1 9 0 4 2 2 10 0 1 0 1 2 1 1 0 0 0 1 0 1 0 0 0 0 0 0 1 0 2 0 0 3 0 0 0 3 0 0 1 1 0 0 7 0 0 7 0 0 0 0 0 1 0 13 0 0 0 0 0 1
3 1 0 7 0 0 0 0 0 1 0 2 1 0 0 2 3 1 1 0 0 1 0 0 0 0 0 0 0 0 1 3 8 0 1 0 0 0 2 0 2 0 1 1 1 1 0 4 0 1 0 0 0 0 0 0 0 5 0 6 4 4 7 0 1 10 1 0 3 2 0 1 0 0 0 4 1 1 0 0 0 6 4 6 4 0 3 0 0 1 0 4 5 9 7 0 0 0 13 1
18 7 10 0 3 5 0 23 8 3 9 2 5 1 6 4 6 0 16 0 37 3 4 3 5 0 24 3 4 0 31 6 0 1 4 2 1 21 4 2 7 14 6 13 5 2 0 9 3 1 0 3 14 15 5 16 5 3 3 20 7 0 1 26 0 13 14 0 1 4 1 0 0 12 10 17 9 3 3 1 2 9 9 1 0 8 0 1 9 6 4 11 7 14 7 1 8 7 11 1
2 5 5 6 8 1 7 5 6 14 0 31 1 12 11 8 2 20 1 1 10 12 1 2 3 1 0 16 11 4 0 6 5 8 10 27 2 2 2 9 17 0 0 18 11 0 14 10 9 2 2 1 37 19 8 2 13 4 12 9 2 0 22 21 8 8 3 0 11 9 19 4 11 2 3 12 0 13 11 6 5 12 8 31 19 9 13 1 0 24 0 0 1 0 16 0 0 7 47 0
0 0 0 0 0 0 0 0 5 0 0 1 0 2 0 0 0 0 1 0 0 0 0 0 0 1 0 0 3 1 0 1 3 1 0 0 0 0 0 0 1 0 0 0 0 0 1 0 1 1 0 0 2 1 0 0 0 0 0 1 1 0 0 0 0 0 0 0 2 0 1 0 0 4 0 4 0 0 1 0 0 1 0 0 1 0 0 0 1 0 1 0 0 0 0 3 1 0 0 0
0 0 1 0 0 0 1 1 3 0 1 0 0 2 0 0 1 0 0 1 0 1 5 29 0 0 0 0 0 6 1 0 0 2 0 0 0 0 2 1 1 0 9 0 0 1 0 0 1 7 0 0 1 1 0 0 1 0 0 0 0 1 0 0 0 0 0 0 1 0 0 0 0 0 1 0 0 0 0 6 1 0 0 2 0 0 2 0 0 5 0 5 0 0 1 0 1 0 0 0
4 4 1 0 5 0 3 9 6 13 4 2 0 5 7 14 0 3 2 7 1 1 0 4 17 0 0 8 0 2 1 1 13 8 2 4 0 5 8 1 0 5 13 0 0 2 10 0 3 2 4 1 4 4 2 4 0 8 0 3 2 0 0 15 2 0 9 1 4 2 5 2 10 1 4 1 8 10 14 3 13 4 10 2 2 4 0 7 8 6 0 5 0 10 2 0 11 14 1 5
1 4 1 0 1 6 10 0 0 2 9 15 4 1 4 20 3 4 8 8 7 2 0 7 1 1 6 11 2 10 0 0 4 10 3 11 1 8 8 13 0 2 4 3 2 3 15 11 12 12 2 11 4 1 2 6 22 4 0 2 1 1 3 3 1 0 17 24 0 1 14 2 4 33 3 3 5 25 2 7 2 6 5 0 0 2 0 0 8 2 8 0 15 0 5 9 5 2 4 1
1 0 0 1 0 0 0 0 2 0 2 1 0 0 1 0 0 0 0 0 1 0 0 0 0 0 0 0 0 0 2 0 0 1 0 0 5 0 0 0 1 1 0 0 0 0 0 0 0 0 0 0 0 0 6 0 0 0 0 0 3 0 0 0 0 1 1 0 0 0 2 0 0 1 0 0 2 0 0 0 0 0 0 0 2 0 0 2 0 0 0 0 0 0 0 0 0 1 0 0
1 0 0 1 0 0 1 2 3 0 0 0 1 4 0 0 0 1 0 0 1 0 0 0 0 0 0 0 0 0 0 1 1 0 2 0 0 0 0 0 0 0 0 0 0 5 0 3 0 1 0 0 0 0 0 0 0 0 0 0 0 1 0 0 0 0 0 1 0 0 0 1 0 0 0 0 0 0 1 1 0 0 1 1 0 0 2 1 0 0 8 0 0 0 0 0 0 0 3 2
2 1 0 0 0 0 0 1 3 0 0 0 0 0 0 1 0 5 0 0 2 0 8 1 0 1 0 0 0 3 0 0 2 0 0 0 0 2 0 1 0 1 2 0 0 1 0 0 2 0 0 0 0 0 0 0 0 0 0 0 1 0 2 2 0 0 3 1 0 0 2 1 0 0 1 0 1 0 0 1 0 2 1 4 0 0 1 1 0 0 0 1 0 0 0 2 0 0 0 0
20 5 23 3 3 17 0 1 14 6 2 1 0 8 5 1 6 0 0 24 12 4 6 0 33 7 10 9 20 1 3 2 8 3 5 3 2 1 3 14 4 3 5 1 9 15 4 0 0 2 4 17 2 0 4 17 2 12 17 2 7 5 29 1 4 1 2 5 0 3 28 1 5 0 9 7 4 4 13 1 22 8 14 20 3 4 1 14 11 3 0 7 18 18 10 1 4 10 33 20
0 23 19 1 2 2 28 29 5 1 1 16 7 3 4 22 0 7 9 6 14 0 9 3 2 3 9 7 1 12 2 2 1 16 0 2 6 0 14 9 0 1 3 16 32 4 1 0 9 5 1 4 15 1 5 3 11 4 17 4 2 1 4 3 2 1 5 0 0 1 1 6 3 20 15 2 0 0 4 6 10 2 1 5 15 22 4 6 8 10 0 3 3 3 4 1 3 1 7 4
0 3 2 4 9 0 1 9 3 6 10 8 0 5 9 2 6 9 0 3 1 3 1 9 0 3 11 5 11 0 6 1 2 2 2 4 2 0 2 2 0 4 2 2 3 8 3 3 13 13 5 12 9 5 3 12 7 1 6 1 0 9 17 15 1 11 1 5 0 1 2 1 0 3 4 3 12 2 2 3 3 1 2 0 0 8 2 10 4 1 6 19 0 1 11 3 0 0 4 1
1 10 8 0 0 7 0 3 0 1 2 3 0 2 4 11 9 5 7 9 0 14 2 4 3 5 1 0 5 5 1 8 1 0 0 3 4 1 5 8 5 0 3 5 3 4 3 0 1 8 8 2 6 0 0 0 2 6 1 2 15 1 0 2 1 2 5 4 9 1 3 4 4 4 0 5 1 8 2 2 8 3 1 2 14 1 4 1 7 2 1 1 2 1 18 29 2 0 2 29
10 2 0 0 8 6 6 4 2 1 7 5 0 0 0 2 26 1 6 3 10 0 0 5 0 4 6 7 0 4 0 0 1 2 4 1 1 0 5 11 6 2 1 3 2 5 0 5 5 4 3 1 0 1 4 1 1 7 0 6 13 4 9 7 0 0 5 2 0 0 9 2 0 8 7 0 2 8 13 7 1 7 1 0 9 5 0 10 1 1 0 3 1 0 2 3 5 3 12 3
2 0 0 0 0 0 1 0 0 0 10 0 5 4 0 0 0 0 5 0 0 0 0 1 0 0 0 0 0 0 11 0 0 0 0 0 3 0 2 2 1 0 0 0 1 1 0 0 0 0 0 0 0 0 3 0 1 0 0 0 0 0 0 0 1 0 4 1 0 0 0 0 0 0 0 0 1 0 0 2 0 0 0 0 2 0 0 1 2 1 0 0 0 0 0 1 0 0 0 0
1 4 4 4 7 7 3 4 9 10 2 1 1 1 15 1 4 5 10 7 4 5 11 11 16 2 18 29 0 3 0 0 45 22 6 10 0 23 0 5 9 1 2 0 8 3 5 20 5 16 20 10 8 3 10 0 0 2 13 28 3 15 1 21 3 8 0 4 23 5 3 13 0 7 14 12 6 0 4 6 6 8 0 3 1 7 12 0 0 19 7 7 12 7 5 27 24 1 14 28
12 0 19 1 0 1 4 7 7 2 5 1 3 6 1 13 11 25 9 11 4 3 17 9 0 4 0 0 0 15 8 23 9 2 3 2 7 1 9 4 6 1 13 14 10 1 16 3 18 11 0 1 5 5 6 2 0 0 9 6 2 18 1 8 5 5 4 12 2 1 27 6 0 11 2 10 10 0 4 28 7 24 2 5 26 21 1 10 7 3 2 4 5 5 0 8 9 0 23 1
0 6 0 0 5 0 7 5 0 5 2 9 4 1 3 11 1 0 1 0 3 0 2 2 0 0 1 7 3 0 0 1 0 3 2 4 0 0 0 1 0 0 1 0 1 10 0 0 5 3 0 2 1 1 22 5 1 0 1 0 0 4 0 6 0 0 1 4 0 3 0 0 10 1 1 0 6 0 1 6 5 0 0 0 10 0 0 5 17 1 0 1 0 0 0 4 10 2 0 0
0 9 13 8 5 15 19 1 8 0 1 2 2 11 8 1 2 4 4 0 14 2 17 5 75 17 3 6 17 3 0 13 4 5 0 13 17 0 2 0 23 8 2 4 7 4 0 4 1 1 2 7 11 0 2 3 1 11 4 3 1 18 10 16 3 10 40 9 6 1 3 3 11 9 2 3 17 5 6 7 5 8 14 2 0 2 4 4 8 0 2 10 1 0 1 2 2 7 4 7
0 1 3 1 0 1 0 0 0 0 0 1 0 0 0 0 0 0 0 1 0 0 0 0 1 0 0 3 2 0 0 0 1 0 0 0 0 0 0 0 0 0 1 2 0 0 0 6 0 0 0 0 2 0 1 2 0 0 0 0 0 0 0 0 0 0 1 0 0 0 0 0 0 0 0 0 1 1 0 0 0 0 0 0 1 0 0 1 1 3 3 4 0 0 0 0 2 0 1 0
11 4 17 0 0 3 12 2 2 1 14 11 7 0 1 1 2 0 0 0 7 1 1 1 1 0 1 19 3 2 7 13 2 0 1 1 20 2 10 1 15 1 1 0 6 4 3 1 4 4 2 0 0 1 0 5 5 7 3 1 4 1 0 4 2 0 3 3 2 1 3 2 9 1 4 1 4 6 0 18 9 0 3 3 0 1 7 0 6 0 1 9 1 7 2 8 8 3 3 4
2 0 0 0 1 2 0 2 2 1 1 0 0 0 1 0 0 0 0 0 0 1 3 0 0 0 0 0 0 1 0 0 0 0 0 0 0 0 0 0 0 0 0 1 0 0 2 2 0 1 0 0 0 0 0 0 0 0 0 0 0 0 0 1 1 0 1 0 2 4 0 0 2 5 1 0 2 1 0 0 3 1 0 0 0 0 0 2 0 1 0 1 0 4 0 0 0 0 0 1
0 0 1 0 1 0 0 0 5 2 0 0 1 0 4 0 0 0 0 0 0 0 0 1 1 0 2 0 3 1 1 0 0 0 1 0 0 0 1 3 0 0 0 0 0 0 0 0 0 0 1 0 3 0 0 0 0 0 0 0 0 1 1 0 0 0 0 0 1 0 0 1 0 2 0 1 0 1 0 0 0 0 0 0 2 0 0 0 0 0 1 0 0 0 0 1 0 0 0 0
0 5 6 0 0 4 2 7 10 5 0 2 0 5 0 7 2 1 0 0 3 9 0 3 0 0 0 8 3 1 0 5 0 5 7 0 3 3 0 4 7 2 5 4 13 3 1 4 1 18 0 3 3 3 0 9 5 3 0 3 1 1 15 2 0 0 0 1 4 2 0 1 1 8 6 3 1 3 6 6 2 0 3 22 4 3 2 0 0 6 4 6 9 0 2 6 0 5 0 0
0 8 0 9 1 3 1 0 14 1 8 4 1 1 2 13 5 10 11 3 5 2 2 1 2 6 1 0 3 1 19 3 12 6 1 18 4 1 1 2 4 13 1 10 2 3 1 0 22 1 3 3 6 19 2 7 9 8 2 5 39 1 11 26 9 0 0 1 6 0 12 6 0 2 0 1 4 17 10 8 4 9 0 0 15 5 5 25 1 4 4 0 4 12 6 5 0 6 4 0
0 1 0 3 3 0 0 4 2 1 1 5 15 0 0 5 0 2 1 0 2 5 1 4 4 4 1 0 2 10 0 1 10 1 7 9 19 2 1 5 0 0 13 15 2 22 1 2 1 3 1 2 4 0 0 3 10 5 1 1 1 0 5 4 7 0 2 13 12 13 5 3 0 0 15 0 3 5 0 2 7 2 0 8 1 0 0 2 13 2 0 0 4 7 2 0 3 7 11 3
0 2 7 11 6 1 2 19 0 2 11 4 0 0 1 1 3 0 0 0 7 8 16 11 18 8 2 6 7 8 0 1 3 1 15 3 8 6 0 24 2 1 4 0 4 10 2 1 12 0 5 7 16 5 7 0 7 0 0 34 1 5 6 2 0 31 3 13 8 0 11 1 15 9 1 5 0 26 11 0 0 0 6 1 0 0 1 9 0 6 8 4 18 12 0 4 31 10 20 3
11 3 2 5 1 2 2 3 3 10 2 4 15 5 4 4 3 6 0 8 0 7 0 7 0 35 0 4 3 4 4 7 12 0 2 5 0 7 5 9 0 19 3 5 6 10 6 7 1 3 1 3 1 26 0 12 6 20 1 6 16 0 15 0 8 3 2 0 4 0 4 17 0 0 8 4 1 0 2 5 6 3 4 1 4 8 1 3 6 6 5 0 9 0 10 0 1 0 17 0
0 30 2 9 5 2 0 6 0 5 2 1 2 0 16 1 21 0 0 4 0 8 1 6 19 2 0 9 0 3 1 7 2 3 6 6 4 1 0 2 7 21 2 5 5 2 10 27 2 11 0 3 9 0 0 4 14 18 15 5 10 1 4 5 2 21 11 15 1 2 12 0 19 6 4 10 1 5 5 6 11 17 9 0 11 11 4 16 2 7 19 3 10 2 0 7 13 11 9 7
5 19 10 1 27 1 3 2 0 9 4 4 24 3 6 8 0 1 10 2 1 3 12 8 1 2 9 7 9 9 0 5 1 4 26 9 14 5 3 34 8 10 1 0 47 7 10 1 0 3 1 11 6 0 10 2 15 7 4 1 2 13 0 16 11 1 12 3 6 0 7 1 5 2 14 2 3 3 12 9 15 1 0 0 6 4 4 1 5 10 1 4 4 3 7 7 7 11 0 6
0 14 4 13 14 3 15 6 29 28 2 16 2 3 11 25 5 1 1 12 3 5 5 2 9 0 14 10 18 14 0 7 26 11 0 2 10 23 27 1 0 1 6 11 0 1 7 4 3 0 1 13 13 8 1 0 9 3 5 4 4 25 0 0 1 1 8 17 0 16 2 3 2 12 0 20 0 0 3 10 0 6 3 9 4 3 3 17 3 12 4 11 0 4 14 4 1 6 0 0
0 0 0 1 0 2 0 1 0 0 1 1 3 1 0 1 1 0 3 0 0 2 1 0 0 2 0 0 0 0 5 0 0 0 1 0 1 0 0 0 0 0 0 0 0 0 0 1 1 0 0 0 1 1 3 2 0 2 0 0 0 0 0 1 0 2 1 0 0 0 0 0 0 0 0 0 0 1 0 2 0 0 1 0 0 1 0 0 0 0 0 0 0 0 0 0 1 0 0 0
10 4 0 4 3 0 10 16 0 3 0 2 0 4 0 3 3 3 0 4 5 14 5 1 13 4 2 1 7 2 0 0 9 6 0 4 15 2 1 1 4 0 1 4 0 5 3 0 2 5 7 15 2 0 1 0 2 2 2 1 1 4 3 1 2 1 1 0 14 5 8 3 2 2 1 6 8 1 2 3 1 6 14 18 0 3 5 0 0 0 8 0 2 16 3 4 3 11 3 8
7 5 1 4 5 1 0 4 0 8 1 4 1 0 14 1 6 1 5 6 12 6 24 10 2 4 11 0 0 3 1 2 1 11 4 4 3 3 3 2 2 17 18 9 2 1 0 1 1 2 1 1 4 0 0 3 8 3 1 5 1 0 3 2 14 3 0 19 7 15 6 5 0 0 1 2 10 2 5 24 6 0 3 3 3 3 1 7 12 8 4 3 0 11 9 4 0 0 0 2
18 8 3 10 4 0 1 2 19 1 7 6 0 6 9 15 4 2 2 12 22 0 14 11 10 0 3 1 10 13 0 3 1 1 22 24 8 21 31 0 1 7 8 0 2 1 0 1 2 1 7 1 1 0 6 4 8 2 3 8 8 1 21 2 2 2 2 0 2 0 12 0 10 4 2 1 8 12 3 20 10 3 6 9 1 3 0 2 4 16 4 1 4 1 8 21 4 0 27 13
2 5 8 4 9 3 6 11 10 5 0 12 2 0 4 6 0 1 1 4 0 0 6 11 0 0 7 7 4 3 7 3 3 3 6 4 1 8 3 0 1 1 1 10 9 1 3 7 2 5 1 0 11 5 0 1 0 0 9 10 5 1 7 4 6 3 2 2 2 1 10 0 2 0 8 5 0 2 5 0 1 0 2 3 2 9 8 3 2 2 8 0 0 3 2 1 4 2 4 5
10 0 0 0 0 0 8 2 7 7 2 1 3 0 6 6 8 5 2 4 6 2 1 0 16 7 3 2 12 0 10 1 5 2 0 14 0 9 8 0 4 6 0 2 1 1 1 19 9 0 0 0 15 0 4 5 1 5 0 2 7 0 4 1 8 2 0 4 2 2 0 2 0 0 11 1 7 6 11 0 1 0 9 3 3 1 8 0 25 8 3 6 7 1 7 1 12 10 0 6
0 4 0 0 1 0 0 23 3 7 2 5 0 16 2 7 6 21 4 9 4 1 24 1 0 15 7 0 14 11 38 8 5 0 0 2 16 2 6 4 1 11 29 13 19 4 6 5 2 6 5 1 0 5 0 0 0 7 0 1 0 2 12 2 5 2 8 1 2 11 0 3 1 0 1 7 2 2 1 10 3 0 5 0 4 0 4 1 1 1 9 2 6 4 1 0 0 1 14 8
0 0 0 0 0 2 0 0 0 1 1 0 1 0 0 0 0 1 2 0 0 0 3 0 0 0 0 0 0 1 4 0 1 0 0 0 0 0 0 1 0 1 0 4 3 0 0 3 0 0 0 2 0 0 0 1 0 0 0 0 0 1 0 0 0 0 0 0 4 1 0 0 0 0 2 0 4 1 0 1 1 1 0 0 0 0 0 0 0 1 0 1 4 0 0 1 1 0 0 0
0 1 0 0 3 1 0 1 8 0 0 0 0 3 0 0 0 1 1 0 0 0 0 1 0 1 1 2 0 0 0 2 0 0 0 0 0 0 3 1 0 1 3 0 0 0 0 0 1 0 4 0 0 3 0 0 0 0 1 0 0 0 1 1 1 0 1 0 0 0 0 2 2 1 1 0 1 1 0 1 1 2 0 0 0 0 1 0 1 0 0 0 0 1 2 0 1 1 0 0
