2 3 23 21 28 25 18 13 1 6 1 17 18 9 15 5 0 8 0 0 15 0 7 9 3 4 3 5 6 10 4 0 11 3 27 22 4 8 2 12 6 4 0 11 1 29 9 14 7 7 2 8 8 2 3 1 9 0 21 3 0 3 7 18 1 2 5 15 24 0 4 3 13 1 7 1 4 24 8 3 15 7 14 4 2 2 3 6 12 3 5 27 7 16 5 4 5 11 4 2
4 2 5 2 8 5 11 21 17 8 5 4 19 0 2 0 10 20 18 14 7 9 12 1 9 1 18 27 6 4 10 9 1 0 1 26 6 18 0 5 20 1 3 3 15 1 0 2 2 4 17 0 3 23 12 10 4 4 8 1 6 9 4 15 1 0 9 4 28 13 3 19 4 5 0 3 3 7 5 13 6 12 0 22 7 2 3 5 0 7 1 1 0 9 13 13 2 1 4 4
4 9 2 12 8 0 30 9 0 26 8 1 11 2 12 0 2 0 39 5 2 11 11 8 10 10 14 0 2 35 4 16 0 15 3 11 3 0 0 1 1 2 32 16 2 1 4 23 0 3 3 4 7 4 35 0 6 8 1 3 12 5 5 7 3 6 1 13 3 8 0 19 3 2 16 3 14 4 9 12 14 0 15 3 8 1 0 17 22 7 0 7 8 15 4 14 1 0 2 4
0 0 1 0 1 2 1 0 0 0 0 0 1 0 0 0 0 0 1 0 0 0 0 0 0 0 0 0 4 0 0 0 0 0 0 0 0 0 2 1 0 0 0 0 0 1 0 0 1 0 0 0 0 1 0 0 0 0 1 0 0 2 0 0 0 1 0 0 0 0 0 0 0 0 0 0 0 0 0 0 0 2 0 0 0 0 0 0 0 0 0 0 5 0 0 0 0 0 0 1
0 1 0 0 1 1 0 0 0 0 0 0 0 0 0 0 1 0 0 2 0 0 0 0 0 0 0 1 0 0 2 1 0 0 0 0 0 2 0 0 0 2 0 0 0 0 0 0 3 1 0 0 0 0 0 0 0 0 0 0 1 0 0 0 1 0 0 0 2 0 2 0 1 5 0 0 0 0 0 0 0 0 0 1 0 0 0 0 0 0 0 0 0 0 0 0 0 0 0 0
3 0 4 4 4 1 0 0 1 0 2 4 0 2 1 2 1 3 1 11 22 0 3 1 6 2 2 0 3 3 0 4 5 12 3 3 2 1 1 0 0 16 0 3 2 1 1 0 3 1 3 2 2 1 1 1 0 1 1 10 9 4 0 2 0 4 1 1 0 2 1 2 0 1 7 2 13 0 3 3 2 1 1 1 1 1 11 2 1 9 6 4 7 7 0 5 14 10 0 6
0 4 7 15 8 12 0 0 6 16 1 14 0 10 1 13 0 3 12 3 17 0 0 15 8 3 11 5 20 14 1 18 0 12 13 6 1 0 7 27 0 7 3 6 5 10 1 9 6 13 37 2 1 1 6 10 1 1 9 16 14 16 2 0 11 4 0 4 3 4 15 12 5 2 2 1 4 9 19 11 2 0 17 2 1 1 3 11 10 8 1 10 14 4 11 3 38 5 21 20
3 0 0 1 0 0 0 1 0 2 0 0 2 0 1 0 0 0 0 0 0 0 0 0 1 0 0 0 0 0 0 0 0 0 0 0 0 0 2 3 1 0 0 4 0 1 1 0 0 0 0 0 0 0 0 0 1 0 0 2 1 0 0 1 1 0 2 0 0 0 0 0 1 0 0 3 0 0 0 0 0 0 0 2 0 0 1 0 0 0 0 0 0 2 0 1 0 0 0 0
2 34 2 0 7 4 8 21 4 1 16 13 35 22 13 2 7 41 8 10 10 14 3 2 1 1 4 12 5 7 5 1 0 7 0 3 11 3 6 7 5 26 4 1 0 8 1 25 19 22 2 5 0 2 8 3 1 5 17 22 1 2 0 10 30 9 4 8 16 7 6 16 9 3 3 13 1 17 2 4 1 7 11 1 0 7 12 25 1 15 4 4 6 3 1 8 5 1 1 2
0 2 0 17 0 4 7 4 4 1 10 5 4 0 3 2 0 0 1 11 8 4 0 7 9 0 4 6 7 1 0 5 0 1 1 1 9 3 0 0 12 4 1 8 1 1 0 4 0 0 5 0 13 0 2 1 1 18 16 4 0 2 2 0 7 4 2 11 8 3 0 0 5 12 8 4 6 5 5 3 2 3 3 2 2 1 1 4 7 0 7 23 0 1 1 7 0 0 0 3
35 5 2 3 0 8 8 11 6 0 3 1 0 0 2 1 3 2 4 3 5 12 4 24 8 2 5 10 1 6 9 18 5 1 12 5 10 3 0 3 1 3 0 9 3 10 3 2 4 3 2 9 0 4 11 0 4 0 2 6 5 7 8 2 18 0 10 6 26 10 27 0 0 10 1 10 0 11 1 0 2 3 1 3 6 1 0 9 6 3 5 2 7 4 9 8 1 3 1 2
3 11 0 12 1 9 11 0 3 2 4 11 2 7 2 0 3 3 6 0 2 0 0 1 0 4 1 7 11 13 0 1 0 4 1 4 2 0 3 4 8 3 0 3 10 11 1 0 0 0 10 6 1 0 0 2 0 0 6 1 2 4 2 5 2 11 1 17 0 3 17 5 0 1 10 0 4 7 3 1 6 1 4 4 11 12 0 0 0 3 7 0 1 7 5 4 5 0 13 2
0 1 2 1 0 2 1 0 0 0 0 1 1 0 1 1 0 4 17 0 0 0 0 2 0 0 2 0 0 0 4 0 0 2 0 0 0 0 0 2 0 0 0 0 0 1 1 1 2 0 0 0 0 0 0 0 0 0 0 0 0 0 0 0 0 0 0 0 1 0 2 0 0 0 0 0 3 5 1 0 0 1 0 0 0 0 0 0 0 0 0 0 1 5 1 1 0 0 0 1
0 0 1 0 0 1 0 0 0 0 1 1 0 0 1 2 0 0 0 0 0 0 0 2 0 0 0 2 3 0 12 1 1 0 2 1 1 0 0 0 0 1 0 1 0 0 0 0 0 0 1 0 2 0 0 0 1 0 1 0 0 0 0 0 1 0 0 0 1 0 0 0 0 0 0 0 1 0 1 0 0 0 0 0 0 0 0 0 0 0 1 1 0 1 0 0 0 0 0 0
2 2 2 1 2 9 4 2 2 2 16 15 0 1 7 4 0 1 0 19 9 0 3 1 26 0 8 0 8 51 11 5 4 0 4 0 26 13 10 10 3 1 18 5 5 5 13 8 0 15 4 1 2 6 23 13 1 3 3 7 5 4 3 20 3 26 4 0 9 9 4 0 6 2 7 9 6 1 7 7 0 10 4 0 9 3 7 15 2 26 10 7 10 0 1 20 7 4 1 4
0 0 7 0 7 0 0 2 5 2 0 0 0 7 16 1 1 0 0 0 20 9 7 0 0 0 11 2 2 6 1 6 1 6 0 0 4 1 1 0 5 1 0 16 1 3 9 4 1 0 4 13 9 4 0 0 2 2 0 0 0 5 2 16 1 7 2 3 2 0 2 3 0 2 0 5 1 0 12 0 0 5 2 0 3 7 0 1 8 0 0 0 0 0 0 5 9 11 0 5
0 0 0 1 0 0 0 0 0 0 0 1 3 0 3 0 1 0 0 1 0 0 0 0 0 0 0 0 2 0 0 0 1 0 1 0 4 0 1 0 0 0 1 1 0 2 0 1 0 0 0 2 0 0 1 0 0 0 1 0 1 3 2 0 0 1 0 1 0 0 0 1 0 0 0 0 0 0 0 1 0 1 1 0 0 0 0 0 0 0 0 0 1 0 0 0 0 0 0 0
10 5 2 6 14 2 7 7 8 3 16 15 3 9 7 4 0 20 12 2 3 12 0 11 5 18 1 7 23 4 1 13 8 0 14 11 4 6 4 15 3 7 5 10 5 2 6 7 10 21 0 1 5 0 0 3 3 7 11 23 4 2 32 1 15 5 23 5 1 0 4 3 0 0 0 22 16 4 8 4 16 1 0 0 11 5 10 12 11 3 0 17 0 5 5 4 0 3 4 11
0 0 1 0 1 0 17 4 1 2 0 0 3 23 13 1 0 0 0 5 0 6 1 0 3 1 0 3 4 0 0 0 13 0 6 0 11 5 0 11 0 1 2 2 5 3 15 2 6 0 10 7 1 5 0 0 2 0 0 0 2 0 11 2 0 5 4 14 2 1 4 5 3 1 0 0 17 2 3 3 0 8 15 0 0 0 0 1 12 0 0 0 2 2 0 1 0 3 0 4
0 0 0 0 2 1 0 0 1 0 0 0 0 0 0 1 0 0 0 0 0 0 1 0 0 0 0 0 2 0 1 0 0 3 0 1 0 0 0 1 0 0 1 0 0 0 6 0 0 1 0 0 0 0 0 1 0 1 2 0 1 0 0 0 0 0 1 2 0 0 0 1 0 1 3 0 2 0 1 5 0 0 0 0 0 0 0 1 0 0 2 0 1 0 0 0 1 1 0 1
3 4 2 2 4 12 1 2 0 8 1 0 2 4 7 4 10 10 2 8 6 10 2 4 0 0 2 0 0 1 32 7 1 7 1 24 13 3 9 3 1 1 6 2 13 2 1 2 0 5 28 0 1 6 5 0 15 0 0 2 12 14 4 4 2 0 3 1 0 12 0 0 2 1 4 3 1 2 0 6 3 0 0 1 3 0 1 2 9 2 9 25 1 11 7 17 0 4 2 4
0 5 3 1 0 8 1 2 1 2 1 1 22 1 8 4 0 0 1 9 1 0 3 0 0 5 3 0 1 0 1 0 14 0 6 4 5 5 5 5 0 0 2 5 0 5 0 1 11 20 2 4 9 0 4 3 18 4 1 2 2 3 0 2 4 2 5 0 4 6 0 5 5 3 4 2 11 3 5 9 2 3 1 4 2 3 6 0 4 1 7 21 0 8 4 3 0 6 9 2
3 1 1 1 20 1 5 14 0 7 7 0 1 0 4 0 0 2 30 6 5 9 0 0 2 1 2 1 3 24 8 10 22 2 1 0 2 0 0 4 1 6 7 1 6 10 6 1 3 29 3 5 5 3 9 0 4 2 24 1 2 0 8 1 9 3 2 13 8 5 6 1 7 3 1 0 0 25 6 7 2 2 5 1 10 1 6 3 21 16 7 6 3 0 4 3 0 7 0 3
9 9 8 0 3 32 3 16 2 10 8 4 3 10 2 9 9 10 43 25 20 3 4 11 1 5 0 16 7 19 2 3 9 6 4 24 3 6 1 0 6 4 4 16 19 5 8 0 0 0 3 3 16 2 11 3 10 0 2 0 1 0 5 17 9 1 13 3 0 4 24 9 3 5 4 11 6 0 3 18 5 8 11 10 4 16 3 11 5 16 11 2 3 2 11 2 21 1 3 8
1 1 1 0 0 6 0 0 5 0 22 1 1 0 0 0 0 0 5 1 0 2 0 0 0 1 0 2 0 0 2 0 0 1 1 0 0 0 1 0 0 1 0 0 0 0 0 0 0 8 0 0 0 0 0 4 0 0 1 1 1 1 1 0 3 0 1 0 0 1 0 0 0 0 0 0 1 1 1 2 4 3 0 5 1 1 19 0 0 0 0 0 0 0 0 0 0 0 0 0
0 1 0 0 2 0 0 0 0 3 0 2 0 0 0 0 0 0 0 0 0 0 0 0 0 1 0 0 1 2 0 0 0 1 0 0 0 1 0 1 0 1 0 0 1 1 0 1 0 1 1 2 0 2 2 1 0 0 1 0 0 0 1 1 0 0 0 0 0 0 0 0 0 3 0 0 1 0 0 1 0 0 0 1 0 1 4 1 0 0 0 0 1 0 2 3 0 0 0 0
5 1 12 9 0 17 23 1 6 14 7 9 22 7 21 14 9 9 13 3 59 9 2 9 0 0 5 3 1 11 7 7 5 9 8 3 2 14 13 1 1 10 13 10 7 2 8 4 0 0 0 2 6 2 3 3 15 30 27 5 3 9 9 8 10 2 11 9 4 4 7 25 9 20 0 9 9 1 7 0 1 13 9 0 19 10 0 9 2 6 0 6 4 0 7 27 1 0 1 1
1 2 8 10 6 13 8 1 6 45 13 2 6 0 0 27 2 17 1 3 8 7 2 7 2 8 6 0 6 14 25 3 23 0 3 20 3 0 9 4 4 0 1 24 7 1 2 25 1 9 42 7 12 2 5 1 9 6 10 18 5 4 4 6 33 2 23 0 3 15 1 0 1 12 3 0 8 12 0 5 11 2 0 2 7 1 29 5 0 1 2 0 1 18 15 11 16 6 6 16
0 1 0 0 0 0 1 0 0 0 0 0 0 0 2 0 0 1 0 0 1 0 0 0 0 0 3 0 0 1 0 0 1 2 1 0 1 0 1 1 0 0 1 1 1 0 2 2 0 0 0 0 0 0 0 1 3 1 0 0 0 0 0 0 0 0 0 1 2 1 0 0 0 0 0 0 1 0 0 0 1 0 1 2 3 2 1 0 0 0 0 0 2 1 0 0 0 0 0 0
11 13 12 8 3 8 10 8 1 0 11 12 2 0 13 1 13 4 4 6 5 5 5 2 6 13 7 16 1 1 0 11 42 7 27 22 6 12 2 4 24 5 3 1 8 2 3 6 3 1 14 4 10 11 9 0 7 17 0 0 8 4 1 0 2 7 7 12 7 6 7 14 3 7 0 17 12 28 8 0 11 2 3 17 32 1 26 1 3 2 9 5 0 5 5 6 24 5 16 0
0 1 0 0 0 4 0 0 0 0 0 0 0 5 2 0 0 0 5 0 0 0 0 0 0 0 0 0 0 0 6 2 1 0 0 0 0 0 0 1 0 2 0 0 0 0 0 1 0 0 0 0 0 0 0 0 0 0 1 0 0 0 0 0 1 1 1 0 0 0 0 2 0 0 0 0 1 17 0 1 0 0 0 1 0 0 1 0 0 0 0 2 1 1 0 0 0 0 0 0
1 13 6 1 8 8 3 14 0 3 19 3 0 2 3 11 1 0 3 3 10 4 6 0 3 0 3 4 0 14 18 5 0 4 2 3 2 11 3 1 4 0 0 4 7 6 14 0 8 4 0 0 7 8 1 7 5 2 1 3 0 4 3 0 6 20 10 1 1 10 1 3 0 8 5 12 2 3 5 25 20 1 9 0 1 1 7 3 8 8 3 2 0 2 2 1 1 3 9 3
5 5 4 7 0 3 12 4 5 0 1 2 7 11 0 2 16 1 6 6 2 3 2 4 2 0 3 3 5 0 3 2 21 6 7 3 1 0 7 3 1 4 3 4 1 0 5 3 4 0 3 3 14 1 3 2 0 2 0 8 6 5 1 0 1 7 4 2 13 22 2 0 1 0 1 3 1 0 0 0 1 4 1 0 2 1 3 6 5 3 1 1 1 4 1 2 5 10 5 6
2 8 5 4 1 1 2 2 12 0 3 5 4 10 0 8 3 0 2 15 0 5 3 2 6 1 12 15 0 7 4 4 1 5 5 2 5 20 1 4 1 3 11 9 5 3 15 3 4 0 1 2 6 1 6 3 6 1 17 11 1 4 1 8 1 6 4 0 5 1 3 3 11 2 1 7 0 8 1 1 0 15 2 3 2 7 1 7 0 0 2 4 2 1 1 0 5 2 4 12
7 6 7 7 0 6 1 3 26 14 1 4 1 10 14 0 0 2 4 0 3 0 3 2 20 0 2 0 1 3 2 4 4 1 0 6 1 1 4 0 1 6 6 24 2 3 0 0 8 0 8 1 5 2 8 0 0 0 2 0 5 10 49 7 0 8 12 0 2 0 5 0 0 5 11 7 2 0 9 0 0 1 8 1 2 0 4 2 8 4 1 6 0 10 16 1 11 0 2 4
0 0 0 1 1 1 0 3 0 1 1 3 0 0 0 1 1 0 0 0 0 0 0 1 0 0 0 0 0 1 0 0 0 1 0 0 1 0 0 0 0 0 0 0 0 0 1 0 0 0 0 1 0 0 0 0 0 0 0 0 1 0 1 0 0 0 0 1 0 0 1 1 1 0 0 1 0 0 0 0 0 1 1 0 1 0 0 0 0 0 0 0 1 0 0 0 1 0 0 0
0 0 0 0 0 1 1 0 0 0 0 0 0 1 0 0 0 1 1 1 6 0 1 0 0 0 0 0 12 0 1 0 0 0 0 0 0 0 0 0 0 3 0 1 1 0 0 0 0 0 0 0 0 0 0 0 0 1 3 1 0 0 0 0 1 0 0 0 0 0 0 0 0 0 0 0 0 0 0 0 1 0 0 0 0 0 0 0 3 0 0 0 0 2 1 1 0 0 0 0
15 2 2 1 0 7 18 2 13 3 8 17 0 4 6 15 4 5 3 17 0 8 16 3 1 1 2 8 0 11 1 2 1 3 21 3 8 6 2 1 4 11 5 13 6 1 0 1 8 5 9 1 5 0 7 1 10 0 5 5 3 13 13 0 20 5 25 3 26 2 2 15 8 34 4 9 3 6 0 13 11 2 2 9 9 5 8 0 1 70 6 20 5 20 11 21 6 37 6 3
0 0 0 0 1 3 0 0 2 0 0 0 0 0 0 1 2 2 5 0 1 0 0 0 0 0 0 0 1 0 6 0 0 0 0 0 0 1 3 2 0 0 0 0 1 0 0 1 1 1 0 1 1 0 0 0 0 0 0 0 0 0 0 0 0 0 0 0 1 0 0 0 0 1 0 1 0 1 0 2 1 0 1 1 0 0 0 0 2 1 0 0 1 0 0 1 0 0 2 0
2 3 3 8 3 5 3 0 4 4 0 27 13 13 0 2 13 10 0 8 11 13 2 4 0 1 1 3 0 2 13 2 17 1 5 13 3 5 1 4 0 3 0 1 0 2 11 2 3 8 1 16 1 0 9 7 0 4 7 1 4 3 10 3 10 0 2 2 6 4 1 5 13 7 1 2 3 3 3 8 1 1 0 0 0 3 0 4 4 5 0 3 0 0 2 3 0 6 5 4
6 2 5 3 0 2 2 2 15 4 0 0 3 4 2 1 2 15 3 3 3 0 2 2 4 1 1 5 0 9 1 4 1 0 2 1 1 2 13 0 1 0 1 6 5 5 6 5 21 1 2 6 1 1 18 6 4 4 2 8 0 5 15 3 2 3 3 17 2 13 3 7 0 9 9 3 2 26 2 0 10 3 1 1 7 11 2 2 1 0 8 0 0 3 9 4 0 0 0 0
4 1 0 1 0 2 6 2 11 2 0 6 5 3 6 6 17 14 4 1 18 0 3 34 2 1 7 2 5 0 2 4 2 9 2 0 7 5 10 22 2 7 11 6 2 12 6 6 3 14 2 0 10 4 5 10 27 8 43 8 6 21 2 1 0 8 22 6 3 4 8 5 1 4 7 0 24 2 3 9 23 16 2 16 7 3 0 17 7 4 4 1 33 0 0 10 18 6 21 9
5 9 5 10 27 23 3 15 28 11 0 6 2 20 9 3 14 22 11 6 0 13 7 2 2 0 25 6 21 0 4 0 10 5 21 0 34 5 15 1 21 8 2 9 3 0 2 8 3 1 0 0 3 81 1 6 1 0 10 2 27 9 29 4 14 0 1 25 2 4 15 10 5 4 7 19 3 3 1 0 0 16 2 5 19 2 8 5 0 4 1 4 0 1 10 8 3 10 7 10
18 5 1 8 28 2 0 1 4 9 10 1 4 7 5 4 7 12 7 3 5 0 1 3 0 19 3 1 36 7 2 9 3 2 0 2 42 21 5 1 12 4 6 19 3 0 0 1 1 5 2 7 11 0 14 5 18 4 12 6 3 20 8 5 0 1 9 0 8 6 0 6 8 1 1 0 5 5 17 0 10 7 10 7 0 5 15 1 0 9 0 6 2 7 11 3 3 10 3 3
2 2 0 1 0 1 0 0 0 1 0 1 0 0 0 0 2 0 5 0 0 0 0 3 0 1 0 0 0 0 14 0 0 0 0 0 0 0 0 0 1 0 2 0 1 0 0 0 0 1 0 1 0 0 0 0 0 0 0 0 1 0 0 0 1 1 0 0 1 2 0 0 0 0 0 0 2 4 0 1 0 0 0 0 1 0 0 1 0 0 4 0 0 0 0 0 0 0 0 0
1 0 0 0 0 0 0 0 0 2 0 0 1 2 0 0 0 1 1 0 1 2 0 2 0 1 0 0 0 0 1 0 0 1 3 0 1 0 0 0 0 0 1 0 2 0 0 0 0 0 0 14 0 3 8 0 0 0 1 1 0 0 1 0 1 0 0 0 2 0 0 0 0 1 0 0 0 0 0 1 1 0 0 1 1 1 1 0 1 0 0 0 0 0 0 0 3 0 4 0
13 14 2 6 0 11 2 3 13 0 1 4 1 0 4 0 0 19 0 1 2 10 8 4 0 0 0 5 3 0 9 3 4 4 4 1 0 9 4 2 2 2 2 2 7 0 4 0 3 4 0 0 0 3 10 4 2 3 0 4 22 2 0 2 2 14 0 2 2 3 0 2 5 0 1 3 2 12 5 1 4 1 8 4 3 2 2 7 4 0 5 3 2 3 3 0 3 1 5 5
7 2 9 14 2 1 11 8 4 1 0 0 0 16 4 12 10 1 1 8 6 2 0 2 4 5 3 5 17 3 1 8 15 10 5 17 3 15 9 14 16 5 16 4 3 13 16 8 1 1 24 14 0 1 23 0 6 1 2 6 12 1 32 7 0 22 20 11 11 6 2 20 2 10 7 18 13 1 5 3 4 0 17 4 1 10 7 7 0 0 0 0 33 6 18 0 2 0 1 19
0 4 1 9 0 2 6 5 13 27 1 1 8 3 12 0 10 1 14 9 1 1 14 1 3 16 26 0 2 5 5 7 15 9 2 10 9 15 3 3 10 16 2 3 7 7 12 23 0 3 17 0 1 4 6 2 1 7 36 7 1 8 30 2 3 2 12 5 1 4 2 9 0 8 2 10 14 0 1 0 0 11 5 1 15 7 15 3 5 4 3 7 8 5 3 4 0 4 0 5
1 1 1 0 0 1 0 0 0 0 0 0 0 1 0 0 3 0 0 0 2 1 1 0 0 0 6 0 6 0 0 0 0 0 0 0 1 0 0 0 0 1 0 0 0 0 0 0 0 0 0 2 0 1 0 0 0 1 0 0 0 0 0 0 0 0 0 0 2 1 0 1 0 0 1 0 0 0 2 1 0 0 0 1 0 1 1 0 0 1 0 1 0 0 0 0 1 0 1 1
