137
245
135
135
131
213
226
203
212
151
127
223
134
212
230
233
216
226
140
235
221
131
224
239
217
138
141
127
136
248
249
132
208
130
168
172
243
209
245
211
208
237
128
128
210
232
216
207
244
250
219
167
252
242
241
237
151
176
227
207
133
251
133
225
224
145
148
179
161
147
201
160
175
218
187
199
195
145
178
181
162
149
189
183
180
167
193
191
154
182
180
150
185
158
176
161
165
155
146
186
174
159
165
204
142
190
177
164
197
194
166
198
147
202
142
206
171
169
150
202
247
169
143
144
152
186
220
129
129
240
132
130
236
139
136
134
137
138
139
140
141
234
143
144
200
146
157
148
149
156
153
152
153
154
155
156
157
158
159
160
163
162
163
164
196
166
173
170
170
168
171
172
173
174
175
192
178
179
177
184
181
182
183
184
185
188
187
188
189
190
191
192
193
194
195
196
197
198
199
200
201
205
203
204
205
206
231
215
210
214
209
213
211
214
215
222
217
220
219
221
218
222
223
229
228
228
227
225
229
230
231
232
233
234
235
236
238
238
239
240
241
242
243
244
246
246
247
248
249
250
251
252
-1
