223
129
130
214
227
202
199
233
205
210
246
205
202
215
227
192
217
199
222
235
190
229
201
218
216
203
228
250
128
243
208
242
236
194
127
236
247
196
128
211
193
220
234
197
213
225
206
190
211
247
231
137
252
241
229
238
212
240
191
251
217
233
244
200
195
169
148
182
156
189
166
154
149
203
164
170
158
143
132
140
177
153
185
141
132
165
184
131
152
171
158
172
167
157
183
159
146
178
142
188
167
137
159
138
163
178
133
161
175
151
144
173
130
142
146
135
138
143
152
160
127
169
133
136
175
160
131
249
129
245
226
187
134
134
135
136
186
139
139
140
141
150
145
144
145
147
147
148
149
150
151
155
153
154
155
156
157
181
180
162
161
162
163
164
165
166
168
168
174
170
171
172
173
174
176
176
177
179
179
180
181
182
183
184
185
186
187
188
189
198
191
192
193
194
195
196
197
198
224
200
209
204
201
204
207
206
207
208
209
210
221
212
213
214
215
216
219
218
219
220
221
222
223
224
225
226
232
231
230
228
232
230
239
235
237
234
237
238
239
240
241
242
243
244
245
246
248
248
249
250
251
252
-1
