216
140
130
246
239
227
148
251
143
228
141
133
221
149
215
232
226
142
152
248
134
245
150
160
135
215
136
246
243
223
132
217
237
219
127
224
149
229
127
160
233
238
222
139
135
130
134
129
142
249
243
161
252
153
220
147
239
128
131
241
225
152
230
138
220
164
201
210
185
209
194
212
214
235
186
176
199
169
177
179
188
178
196
180
207
168
193
170
168
211
181
186
192
205
200
205
144
195
162
203
173
189
165
165
172
198
156
156
213
174
157
184
155
191
190
175
177
159
180
163
242
190
158
203
187
166
137
250
131
128
129
132
236
146
133
136
137
138
139
140
141
145
143
144
145
146
147
148
151
150
151
154
153
154
155
234
157
158
159
208
161
162
163
164
167
166
167
171
169
170
171
172
173
174
175
176
183
178
179
182
181
182
183
184
185
202
187
188
189
197
191
192
193
194
195
196
197
198
199
200
201
202
204
204
206
206
207
208
209
210
211
212
213
214
218
216
217
218
219
231
221
222
223
224
225
226
227
228
229
230
231
232
233
234
235
236
237
238
240
240
241
242
244
244
245
247
247
248
249
250
251
252
-1
