157
128
242
228
243
228
153
251
212
227
245
156
143
141
216
219
215
236
150
244
145
186
233
174
211
144
237
219
175
247
231
141
127
152
127
234
250
174
211
213
226
221
246
149
147
222
148
142
140
142
235
192
252
210
234
232
146
230
229
221
236
249
128
240
143
131
139
192
164
187
138
130
135
185
176
206
198
169
196
168
173
158
161
129
168
162
163
167
188
191
203
136
166
172
170
134
225
179
169
182
159
167
177
187
162
178
201
203
205
171
129
160
181
218
155
189
208
136
207
213
133
132
173
180
184
190
207
248
224
130
131
132
133
134
135
137
137
138
139
202
154
140
151
144
145
146
147
148
149
150
151
152
153
154
155
156
157
158
159
160
161
165
163
164
165
166
200
199
197
170
171
172
195
183
175
176
177
178
179
180
182
184
183
181
185
186
194
188
189
190
191
193
193
194
195
196
197
198
199
200
201
202
204
204
205
206
209
208
209
217
212
210
214
214
215
216
217
218
220
220
223
222
223
224
225
226
227
241
229
230
231
232
233
239
238
237
235
238
239
240
241
242
243
244
245
246
247
248
249
250
251
252
-1
