217
130
174
208
234
237
210
131
215
224
241
127
176
134
207
229
207
216
227
132
127
182
204
202
205
129
139
250
248
133
248
235
232
134
247
210
245
220
209
136
211
237
214
239
223
233
164
203
147
251
244
176
252
225
246
240
128
241
221
208
206
234
217
218
202
181
150
149
170
146
169
200
199
138
165
141
191
147
160
143
158
144
186
171
142
179
155
156
193
185
159
175
172
192
187
164
137
171
144
166
173
153
167
226
156
157
168
189
183
154
160
182
174
152
145
201
179
197
141
139
243
178
142
198
187
161
137
128
129
130
131
132
133
135
135
136
231
138
140
140
230
196
143
151
145
146
148
148
149
150
151
152
153
154
155
163
157
158
159
162
161
162
163
195
165
166
167
168
169
170
194
172
173
190
175
177
177
178
180
180
181
184
183
184
185
186
188
188
189
190
191
192
193
194
195
196
197
198
199
200
201
228
203
204
205
206
222
213
209
212
211
212
213
214
215
216
219
218
219
220
221
222
223
224
225
226
227
228
229
230
231
232
233
236
235
236
238
238
239
240
242
242
243
244
245
246
247
249
249
250
251
252
-1
