179
131
232
175
173
175
172
187
208
204
140
201
205
133
180
142
139
130
201
248
237
239
146
134
128
202
128
129
127
246
139
137
244
230
172
182
130
140
138
136
202
206
173
178
188
230
207
209
206
250
249
170
252
235
135
181
174
132
129
142
210
251
133
185
176
227
146
152
160
149
192
167
194
212
148
223
196
165
227
171
220
166
148
229
153
214
154
171
144
150
200
191
218
225
161
233
237
159
164
169
217
195
190
162
213
157
221
158
155
156
215
224
190
234
163
198
183
162
168
216
247
240
151
219
143
183
143
245
127
243
131
242
134
132
135
136
137
138
241
236
141
145
141
144
145
147
147
226
149
150
151
152
153
154
155
156
157
158
159
160
161
199
163
164
165
166
167
168
169
170
197
189
186
177
176
174
177
178
179
180
181
182
184
184
185
186
187
188
189
193
191
192
193
194
195
196
197
198
199
200
222
203
203
204
205
211
207
208
209
210
211
212
213
214
215
216
217
218
219
220
221
222
223
224
225
226
228
228
229
231
231
232
233
234
235
236
238
238
239
240
241
242
243
244
245
246
247
248
249
250
251
252
-1
