148
244
129
244
147
242
139
191
131
175
241
137
151
215
145
154
226
135
235
239
219
143
220
238
130
171
152
146
130
246
247
132
127
229
139
133
234
180
127
215
234
240
135
141
150
227
222
173
243
250
248
190
251
142
129
143
144
195
226
216
128
235
217
136
131
163
165
213
188
220
164
158
178
151
156
211
203
169
162
184
206
170
156
196
214
191
199
225
181
212
209
183
195
189
204
159
169
197
168
218
190
157
160
176
185
193
201
187
155
167
159
200
128
168
171
194
206
158
175
186
252
174
231
202
182
209
155
249
233
232
134
132
133
134
138
136
137
138
140
140
141
142
149
144
145
146
147
148
149
150
153
152
153
154
230
224
157
166
161
160
161
162
163
164
165
166
167
208
179
170
172
172
173
174
177
176
177
178
179
180
181
182
183
184
185
186
187
188
189
205
192
192
193
194
198
196
197
198
199
200
201
202
203
204
205
207
207
208
210
210
211
212
213
214
223
216
217
218
219
221
221
222
223
224
225
228
227
228
229
230
231
232
233
237
236
236
237
238
239
240
241
242
243
245
245
246
247
248
249
250
251
252
-1
