179
209
202
171
144
129
166
207
129
190
141
164
189
130
205
239
132
179
233
236
145
144
231
201
140
205
127
246
135
128
142
240
236
227
168
207
249
181
131
145
133
138
133
209
128
147
165
250
165
251
245
150
252
137
248
138
206
243
132
234
141
238
146
241
166
193
199
159
216
164
189
203
215
148
150
200
196
172
223
153
178
204
228
192
163
220
154
182
149
157
212
168
222
217
158
229
174
197
185
177
219
180
152
151
220
211
156
149
192
160
214
161
227
184
170
187
175
225
173
186
244
201
223
155
195
184
127
247
242
130
131
136
134
134
135
136
137
139
139
140
143
142
143
235
232
146
147
148
230
162
151
152
153
154
155
156
157
158
159
160
161
162
163
198
176
167
167
169
169
170
171
172
173
174
175
176
177
178
183
180
181
182
183
188
185
186
187
188
191
190
191
194
193
194
195
196
197
198
199
200
218
202
203
204
213
206
208
208
210
210
211
212
213
214
215
216
217
218
219
221
221
222
224
224
225
226
228
226
229
230
231
232
233
234
235
237
237
238
239
240
241
242
243
244
245
246
247
248
249
250
251
252
-1
