164
129
250
127
156
142
136
235
234
169
240
158
168
140
160
230
237
128
139
245
132
151
149
131
155
233
156
142
134
137
251
161
235
231
127
129
190
182
130
143
150
246
148
146
153
154
130
238
248
241
249
168
252
138
244
162
141
242
158
145
246
143
165
128
148
167
206
177
210
213
215
180
186
218
218
195
207
190
176
175
224
199
229
197
178
171
220
194
187
171
202
174
222
203
170
185
238
205
193
182
202
200
184
180
178
196
204
228
213
211
214
227
166
216
219
201
166
214
181
192
198
217
212
212
191
189
157
243
135
133
131
132
133
134
135
136
137
138
139
147
141
144
140
144
145
146
147
152
149
150
151
152
153
154
155
163
157
159
159
160
161
162
163
164
165
232
167
173
169
170
172
172
173
174
175
176
177
179
179
188
181
183
183
184
185
186
187
188
189
209
191
192
193
194
195
196
197
198
199
200
201
208
203
204
205
206
207
208
209
210
211
226
225
223
215
216
217
221
219
220
221
222
223
224
225
226
227
228
229
230
231
232
233
234
236
236
237
239
239
240
241
242
243
244
245
247
247
248
249
250
251
252
-1
