141
231
230
233
222
226
140
251
134
176
226
129
145
135
139
138
136
227
144
220
128
134
206
143
131
145
234
127
233
238
246
218
249
158
127
211
245
181
248
149
143
172
249
132
130
236
128
172
207
239
225
208
252
242
243
240
148
229
132
130
228
244
147
209
206
152
165
194
160
189
183
186
184
150
190
151
170
213
167
174
166
168
205
163
178
155
191
154
164
193
190
210
192
201
197
216
212
177
157
182
159
162
142
173
160
153
195
188
199
189
213
185
230
221
166
202
163
180
175
142
247
173
223
171
204
196
215
241
129
224
131
133
133
137
135
136
137
138
139
140
141
219
156
144
146
146
147
148
149
150
151
152
153
154
155
156
157
158
159
161
161
162
203
164
165
169
167
168
169
170
171
187
179
174
175
176
177
178
179
180
181
182
183
184
185
186
187
188
200
198
191
192
193
194
195
196
197
198
199
200
201
202
203
204
205
217
207
208
209
210
211
212
214
214
215
216
217
218
219
220
221
222
223
224
225
237
227
228
229
235
231
232
234
232
235
236
237
238
239
240
241
242
243
244
245
246
247
248
250
250
251
252
-1
