142
136
248
215
208
212
226
130
129
140
246
242
131
211
225
207
133
222
139
246
132
208
209
138
217
235
248
243
240
235
228
234
237
149
251
210
189
222
215
213
204
219
209
216
223
206
220
166
213
250
240
128
252
127
135
230
129
239
225
210
232
245
127
232
131
147
166
154
178
158
194
159
187
149
172
185
197
188
190
167
161
146
202
169
193
195
192
143
145
184
162
183
153
196
181
170
174
179
146
157
156
180
163
157
189
176
155
165
203
148
175
201
188
144
185
156
173
168
159
141
128
168
170
152
145
162
136
244
238
130
134
132
133
134
135
137
137
138
139
140
141
142
143
205
151
144
147
150
150
148
151
152
153
154
155
200
199
158
160
160
161
164
163
164
165
182
167
177
169
171
171
172
173
174
175
176
177
178
179
180
181
182
198
184
186
186
187
191
183
190
191
192
193
194
195
196
197
198
199
200
201
202
203
204
205
206
207
231
229
221
211
212
214
214
218
216
217
218
219
220
221
227
223
224
226
224
227
228
229
230
231
233
233
234
236
236
237
238
239
241
241
242
243
244
247
247
245
249
249
250
251
252
-1
