215
220
128
221
129
199
197
137
209
135
233
207
206
228
203
217
194
196
210
242
224
234
201
223
204
210
241
194
246
234
243
205
239
193
239
222
137
143
218
223
212
236
247
232
225
235
230
248
158
251
244
172
127
129
218
245
208
205
195
219
229
248
199
198
200
131
180
189
186
188
149
142
144
130
182
156
171
153
190
136
192
132
179
152
167
152
162
141
146
173
168
134
150
151
168
164
176
166
182
130
166
172
154
139
157
169
161
148
191
170
175
164
128
174
153
160
134
174
139
226
127
176
178
159
138
133
208
252
250
238
131
132
133
147
135
136
145
138
140
140
141
142
143
144
145
146
147
148
149
150
151
163
155
154
155
156
157
158
159
160
161
162
163
165
165
187
167
185
169
170
171
184
173
181
175
177
177
178
179
180
181
183
183
184
185
186
187
188
189
190
191
192
193
216
196
197
195
198
202
200
201
202
203
204
214
206
213
209
207
211
211
212
213
214
215
216
217
231
219
220
221
222
227
224
225
226
227
228
229
230
231
232
233
237
235
236
237
238
240
240
241
242
243
244
245
246
247
249
249
250
251
252
-1
