223
228
248
229
127
227
204
227
197
133
243
198
199
211
138
234
130
204
220
246
196
127
195
216
217
209
201
245
133
209
225
230
244
221
230
235
236
134
229
213
199
208
157
238
250
225
203
249
135
251
232
242
252
193
128
239
212
211
206
208
241
247
210
206
194
160
163
154
157
191
189
177
168
202
177
190
153
136
131
179
158
170
166
162
129
175
147
146
140
142
159
141
187
155
129
181
163
174
182
144
162
171
130
172
148
150
156
132
188
169
159
167
219
161
136
151
170
180
172
137
236
175
192
145
143
173
194
128
224
152
131
132
149
134
135
139
137
138
139
140
141
142
143
144
145
146
147
148
149
150
151
152
153
154
155
156
186
158
185
160
161
165
164
164
165
166
167
168
169
184
171
183
173
174
176
176
178
178
179
180
181
182
183
184
185
186
187
188
189
190
191
192
193
222
196
197
195
198
200
200
201
202
203
205
205
207
207
218
215
210
214
212
213
214
215
216
217
218
219
220
221
222
223
224
226
226
240
233
231
228
231
232
233
234
237
237
235
238
239
240
241
242
243
244
245
246
247
248
249
250
251
252
-1
