231
143
241
150
161
149
138
157
137
162
238
140
141
148
139
229
228
152
134
248
135
233
162
155
146
143
134
131
129
147
234
167
245
226
251
132
245
236
129
185
156
232
128
144
159
234
137
249
163
249
240
165
252
147
131
237
155
239
127
157
132
127
130
145
135
200
224
210
215
171
198
164
180
182
221
219
205
202
194
191
169
206
214
213
192
194
209
200
199
188
218
167
223
207
193
216
182
212
185
177
174
208
177
183
181
197
189
175
173
217
172
203
224
187
166
195
170
221
212
230
247
184
176
178
199
190
141
128
244
130
243
133
133
242
154
136
138
136
139
142
142
140
153
144
145
146
151
148
149
150
151
152
153
154
160
156
158
158
159
160
161
227
163
164
165
166
168
168
169
170
171
172
173
174
175
176
179
178
179
180
181
211
183
184
186
186
187
188
189
190
191
192
193
196
195
196
197
198
204
201
201
202
203
204
205
206
207
208
209
210
211
220
213
214
215
216
217
218
219
220
222
222
223
225
225
226
227
228
229
230
231
232
233
235
235
236
237
238
239
240
241
242
243
244
246
246
247
248
250
250
251
252
-1
