136
129
130
141
238
137
162
134
160
157
128
151
143
135
174
140
148
157
167
237
142
239
153
146
155
174
127
129
250
245
127
237
132
230
131
137
215
214
155
135
167
150
164
139
138
152
149
247
171
249
128
206
251
156
243
246
154
159
159
142
145
161
248
207
144
188
225
181
185
228
220
203
211
168
195
192
209
189
177
169
216
190
173
223
180
187
183
187
203
177
186
179
227
217
193
234
235
224
190
222
186
213
195
205
198
196
172
175
194
201
170
182
130
197
197
184
206
212
210
233
252
168
228
221
225
204
143
244
242
133
131
132
134
241
133
136
236
138
139
140
141
166
147
144
145
146
147
148
149
150
151
152
153
154
165
156
158
158
163
160
161
162
163
164
165
166
232
231
169
170
171
172
173
176
175
176
178
178
179
180
181
182
183
184
185
219
202
188
189
191
191
192
193
194
200
196
199
198
199
200
201
202
218
204
205
208
207
208
209
210
211
212
213
214
215
216
217
218
219
220
221
222
223
224
226
226
227
229
229
230
231
232
233
234
235
236
240
238
239
240
241
242
243
244
245
246
247
248
249
250
251
252
-1
