133
210
230
244
128
226
204
231
220
238
243
216
236
228
216
199
213
206
129
251
212
128
218
127
200
201
211
227
131
202
237
138
249
131
249
233
163
219
232
229
130
235
201
203
207
224
135
138
134
248
245
161
252
240
247
236
226
245
207
200
197
129
240
132
135
181
190
186
155
195
148
152
146
217
160
183
150
163
181
145
171
136
192
157
184
156
156
185
142
178
175
162
158
159
176
127
242
170
153
141
188
151
169
142
149
179
188
168
167
187
133
154
205
146
137
177
164
182
139
222
160
157
194
174
165
175
211
225
223
130
198
132
196
144
136
134
137
140
139
140
141
143
143
144
145
147
147
148
149
150
151
152
153
154
155
193
173
158
159
172
161
162
166
164
165
166
167
168
169
170
171
172
173
174
180
176
177
178
179
180
191
182
183
184
185
186
187
189
189
190
191
192
193
194
195
196
197
198
199
221
209
202
203
205
206
204
208
208
209
210
214
212
213
214
215
217
215
218
219
220
221
222
223
224
225
234
228
229
227
230
231
232
233
234
239
237
235
238
239
241
241
242
243
244
246
246
247
248
250
250
251
252
-1
