229
170
233
147
146
147
143
132
149
136
234
135
130
241
228
232
167
136
159
127
169
251
155
130
140
195
144
148
128
237
129
238
249
133
245
140
252
137
150
250
230
138
142
154
153
131
134
185
139
243
128
184
245
235
127
158
131
129
134
248
227
236
161
151
139
177
218
204
208
198
189
224
176
163
185
182
221
197
226
219
200
162
216
206
222
168
193
195
173
220
166
184
215
213
191
182
240
183
165
164
183
201
167
172
213
194
225
210
199
207
187
181
190
168
196
203
205
216
169
171
186
217
179
179
205
161
144
247
244
242
239
132
133
160
135
157
137
138
156
141
141
142
143
145
145
146
152
148
149
150
151
152
153
154
155
156
157
158
159
160
231
163
164
162
165
166
178
175
174
170
171
172
173
174
175
176
177
178
180
180
181
212
211
192
188
186
187
188
189
190
191
192
193
194
202
196
197
198
199
200
201
202
203
204
209
206
207
208
209
210
211
212
214
214
215
223
217
218
219
220
221
222
223
224
225
226
227
228
229
230
231
232
233
234
235
236
237
238
239
240
241
242
243
244
246
246
247
248
249
250
251
252
-1
