127
239
243
240
230
231
233
190
229
222
191
235
159
151
162
240
145
234
210
245
213
221
220
227
222
128
245
228
223
130
249
127
244
128
248
132
151
173
229
213
212
216
249
160
150
131
214
242
173
147
247
180
252
224
223
129
224
177
232
145
251
211
210
166
160
171
170
193
141
134
208
143
168
215
180
205
192
133
156
162
183
146
147
136
158
184
202
170
182
185
142
175
194
198
187
139
215
194
143
158
195
166
154
179
150
172
163
203
207
204
140
188
174
136
178
196
201
157
142
134
185
176
138
169
152
154
133
238
129
130
131
132
209
135
135
137
137
138
139
140
141
206
144
144
149
146
148
148
149
200
153
152
153
155
155
156
157
165
164
161
159
163
161
164
165
167
167
168
169
199
171
172
189
174
175
176
177
178
179
181
181
182
183
184
186
186
187
188
189
190
191
192
193
197
195
196
197
198
199
200
201
202
203
204
205
206
207
208
209
219
211
212
218
214
217
216
217
218
219
220
221
237
226
225
225
226
227
228
236
230
231
232
233
234
235
236
237
238
239
241
241
242
243
244
246
246
247
248
250
250
251
252
-1
