225
133
139
241
215
236
213
227
214
148
130
214
210
140
212
205
212
135
226
249
132
215
209
151
207
172
206
235
173
247
135
128
127
204
127
131
129
239
250
132
233
211
130
213
218
230
133
147
147
129
232
171
252
244
238
137
219
232
216
234
208
251
248
222
207
164
157
189
196
144
155
197
165
146
171
142
191
164
202
175
201
163
177
145
183
203
181
183
170
200
184
162
194
198
186
176
138
178
167
194
178
150
153
141
227
180
187
188
160
182
144
161
246
145
148
141
162
156
152
143
243
172
166
168
158
185
206
128
245
242
131
240
134
134
136
136
137
138
139
140
231
142
143
199
159
154
149
146
149
150
151
152
153
154
155
156
157
158
159
160
161
193
163
169
165
166
167
168
169
170
192
174
173
174
175
176
177
179
179
180
181
182
190
184
185
186
187
188
189
190
191
192
193
195
195
196
197
198
199
200
201
202
203
204
205
229
224
208
209
210
211
223
221
220
218
216
217
219
217
220
221
222
223
224
225
226
228
228
229
230
231
237
233
234
235
236
237
238
239
240
241
242
243
244
245
246
247
248
249
250
251
252
-1
