233
224
131
131
210
128
223
130
147
137
248
208
127
161
229
219
147
224
160
245
226
220
207
201
223
206
244
128
239
202
246
203
249
201
243
129
151
211
250
251
161
135
238
227
214
221
225
206
145
241
237
163
252
229
245
133
204
216
205
235
134
160
203
205
207
184
146
153
192
168
143
182
184
231
164
191
172
150
169
234
171
144
177
141
194
175
170
178
144
188
174
195
198
174
155
145
127
141
185
137
199
139
166
136
167
178
183
157
156
159
176
197
222
190
149
165
192
186
139
200
188
187
135
181
157
136
210
242
129
130
132
132
133
240
236
134
138
138
140
140
142
142
143
154
152
146
148
148
149
150
151
152
153
154
155
156
158
158
159
173
162
162
163
164
165
166
167
168
169
170
171
172
173
180
175
176
177
179
179
180
181
182
183
196
185
186
187
189
189
190
191
193
193
194
195
196
197
198
199
200
218
202
217
204
215
213
209
208
209
211
212
212
213
214
215
216
217
218
219
220
221
232
225
228
222
226
227
228
230
230
231
232
233
234
235
236
237
238
239
240
241
242
243
244
247
246
247
248
249
250
251
252
-1
