232
135
183
128
143
228
214
137
227
141
231
246
134
129
237
233
215
214
235
252
215
216
142
136
225
132
243
217
131
130
133
227
244
236
244
128
248
226
132
180
220
130
237
185
223
213
168
182
168
251
196
141
224
247
127
138
219
129
216
219
241
250
140
218
183
189
206
158
204
159
176
195
173
197
196
163
162
167
151
161
184
172
209
212
148
151
153
149
144
152
148
187
200
193
147
201
169
165
178
210
165
179
199
180
202
155
146
145
146
147
204
171
187
174
166
150
181
166
208
203
249
175
175
163
143
190
197
242
127
240
139
135
133
131
136
134
137
138
139
140
239
142
211
144
145
160
157
156
149
150
154
152
153
154
155
156
157
158
159
160
161
162
164
164
194
192
167
170
169
170
171
172
173
174
177
176
177
178
179
191
181
188
184
182
185
186
188
186
189
190
191
192
193
194
195
207
198
198
199
200
201
202
203
205
205
206
207
208
209
210
211
212
213
234
230
222
217
218
221
220
221
222
223
225
226
224
229
228
229
230
231
232
233
234
235
236
238
238
239
240
241
242
243
245
245
246
247
248
249
250
251
252
-1
