227
202
127
221
133
208
203
241
236
205
229
224
223
212
133
233
204
220
131
128
202
235
234
151
214
150
229
227
211
211
201
219
245
132
249
208
240
197
209
251
130
206
244
200
220
237
169
239
215
248
134
168
252
242
223
201
210
151
129
217
243
129
247
216
209
148
159
137
184
141
167
172
164
207
141
140
138
140
168
180
149
155
135
158
166
167
135
190
153
182
163
154
143
139
160
137
175
157
174
144
193
181
148
142
183
146
196
183
194
187
177
191
127
195
152
136
169
170
145
186
246
171
175
136
154
178
250
128
238
130
131
132
199
134
198
192
189
138
139
165
162
142
143
144
145
146
147
149
147
161
152
150
153
156
155
156
157
158
159
160
161
162
163
164
165
166
188
179
173
170
171
172
173
174
176
176
177
178
179
180
181
182
185
184
185
186
187
188
189
190
191
192
193
194
195
196
197
198
199
200
232
231
203
204
205
206
207
226
218
213
212
210
213
214
215
216
217
218
219
222
222
225
221
224
225
226
228
228
230
230
231
232
233
234
235
236
237
238
239
240
241
242
243
244
245
246
247
248
249
250
251
252
-1
