223
242
236
243
137
129
227
149
130
191
241
138
195
157
228
226
134
247
174
233
135
146
133
199
134
191
143
237
239
237
127
144
248
128
251
136
173
230
240
158
136
159
229
129
145
128
222
155
158
250
131
132
252
127
156
239
157
249
227
245
234
148
244
139
131
180
166
206
178
165
193
169
176
163
206
170
214
156
207
198
167
153
150
184
179
180
187
179
171
210
186
200
205
219
184
164
183
194
154
151
177
168
181
197
201
209
188
190
203
189
208
204
217
152
153
220
172
213
216
150
232
197
196
151
171
192
140
235
225
147
132
130
133
142
135
141
137
138
139
140
141
142
143
144
145
146
147
148
149
224
221
218
218
154
155
162
161
160
159
160
161
162
163
164
165
166
167
168
169
170
175
172
173
174
175
176
177
178
215
182
181
182
183
185
185
186
187
188
189
190
212
195
193
194
196
192
202
198
199
200
201
202
203
204
205
211
207
208
209
210
211
212
213
214
215
216
217
152
219
220
221
222
223
224
225
226
231
228
229
230
231
232
233
234
235
236
238
238
246
240
241
242
243
244
245
246
247
248
249
250
251
252
-1
