3 11 5 0 1 8 13 0 4 5 0 4 6 19 1 0 3 6 5 4 16 2 16 14 4 0 13 1 8 15 0 20 0 2 14 15 6 3 9 1 0 4 6 3 0 7 12 7 0 2
11 0 1 0 0 0 3 4 1 5 4 5 9 0 3 8 1 3 0 5 2 4 2 7 0 3 0 0 1 9 4 9 4 4 0 1 0 0 1 1 2 10 4 9 1 7 3 0 0 4
0 0 0 0 0 0 2 0 3 0 0 1 7 0 0 0 1 1 0 0 0 1 0 5 0 0 1 0 0 0 0 2 0 0 0 0 1 0 0 0 0 0 0 0 0 0 1 0 0 1
0 1 0 0 0 0 0 0 0 1 2 0 0 0 0 0 1 0 0 1 1 3 1 0 0 0 0 0 0 1 0 1 0 0 2 1 0 0 0 0 1 0 0 0 1 0 0 0 0 0
0 0 0 1 0 0 0 0 3 0 0 1 1 0 0 0 7 3 1 0 0 0 1 0 0 1 1 0 0 0 0 0 0 0 0 1 0 0 0 4 0 0 0 0 0 0 0 1 1 0
8 2 6 0 3 1 7 4 1 9 12 1 1 4 0 3 3 8 6 2 5 3 0 6 19 2 7 9 2 4 19 3 5 0 2 7 11 0 3 0 2 0 1 17 10 7 0 8 7 4
5 5 8 16 6 3 1 0 9 3 20 22 29 10 4 9 3 18 3 1 2 0 14 21 9 1 1 7 2 6 3 0 6 8 8 9 6 9 3 0 3 2 0 1 3 2 7 2 1 8
0 0 0 0 1 0 0 0 0 0 0 1 0 1 0 0 2 0 1 2 0 0 0 0 0 0 1 0 0 0 0 0 0 1 0 0 1 0 0 0 0 0 1 1 0 0 0 0 0 0
1 0 1 0 0 2 0 0 0 1 3 0 0 0 0 0 0 0 1 0 1 2 0 1 1 1 0 1 0 0 0 1 0 0 0 0 0 0 0 0 0 0 1 0 0 0 0 1 0 0
2 1 12 8 2 8 2 0 1 14 7 1 4 2 9 2 0 1 3 3 2 10 0 0 3 0 3 3 6 4 0 0 3 0 2 0 1 2 0 4 11 0 2 4 3 5 3 2 5 4
2 0 1 0 0 0 0 0 0 0 0 0 1 0 0 0 0 0 0 1 1 0 0 0 0 0 0 1 0 0 2 0 0 0 1 2 1 1 1 1 0 2 0 1 0 1 0 1 0 0
2 0 0 1 2 7 7 9 4 2 1 0 0 10 2 4 0 6 4 5 1 0 0 0 3 0 1 8 3 1 3 9 26 0 0 0 5 8 1 2 5 2 2 2 1 5 0 0 1 1
3 3 9 7 3 0 0 0 14 0 5 7 0 2 1 3 1 4 6 3 7 0 0 18 3 7 1 0 3 4 0 4 2 5 4 13 0 0 0 18 11 0 2 0 2 0 5 11 5 1
11 1 3 6 11 0 3 2 5 5 1 1 5 0 0 3 11 1 10 2 5 4 0 1 19 12 4 2 9 1 7 0 5 2 8 9 3 1 1 3 14 4 8 2 3 13 0 4 2 0
1 2 11 0 3 0 14 10 1 2 4 8 0 1 3 1 8 0 0 0 1 5 3 0 2 7 0 0 6 3 1 1 1 0 1 4 10 4 4 7 1 2 12 0 0 0 3 2 1 0
0 3 1 0 6 3 3 6 0 4 3 0 17 1 4 1 2 0 5 0 4 25 3 1 6 14 11 4 3 5 7 0 3 0 0 0 4 14 3 10 5 0 4 3 0 6 16 1 15 2
8 11 13 11 11 17 9 0 0 8 16 7 6 2 8 28 23 0 5 22 5 10 2 8 2 25 16 18 4 1 7 6 1 8 6 4 1 2 1 9 0 1 6 4 2 13 4 2 2 11
4 7 22 12 4 12 3 11 0 3 9 16 1 10 3 7 1 5 5 19 10 15 20 9 31 18 4 2 10 16 2 7 4 6 8 9 6 12 0 14 10 2 11 4 5 16 0 2 5 11
7 0 34 1 8 1 0 5 3 0 11 5 15 5 19 0 5 15 18 2 2 11 6 8 16 2 2 11 1 15 2 6 8 15 4 20 2 0 13 12 2 1 1 1 0 16 3 11 18 4
1 6 3 10 0 18 10 3 3 5 14 0 7 2 0 7 0 1 1 2 7 3 8 7 4 10 23 15 2 0 1 5 1 6 10 4 5 1 2 15 3 2 0 0 7 1 0 2 2 13
4 6 3 9 3 0 4 6 0 0 20 4 12 2 2 0 1 0 3 3 2 0 2 0 2 2 2 2 2 21 0 5 1 12 16 5 6 7 2 2 19 0 0 14 2 0 8 0 2 2
5 17 11 0 1 7 5 4 10 9 0 0 26 6 2 3 16 8 12 7 10 11 6 0 4 11 0 3 2 0 1 11 11 5 26 1 23 4 0 4 4 4 0 16 2 4 23 14 2 12
7 0 21 3 6 3 6 2 5 0 6 0 7 0 2 1 0 5 0 1 4 4 4 4 0 0 13 9 0 15 0 0 1 1 0 1 2 0 2 3 6 1 13 0 0 6 0 6 8 0
0 0 0 0 0 1 0 0 0 1 0 0 1 1 0 1 1 0 0 1 0 3 0 0 0 1 0 0 0 0 0 0 0 0 0 3 0 1 0 4 1 1 0 2 0 0 1 0 0 0
1 1 13 0 6 7 2 5 10 23 12 2 0 15 14 9 0 3 4 5 3 10 7 6 11 1 35 7 5 1 11 4 10 1 0 0 9 0 1 11 10 17 2 6 12 4 0 23 0 7
2 17 4 23 2 13 7 21 17 2 9 5 13 3 3 8 1 12 1 0 4 0 12 6 1 6 2 10 11 1 18 0 21 2 13 0 6 2 1 10 14 1 11 5 5 16 3 0 0 32
36 2 11 26 14 3 13 8 3 6 9 24 2 4 2 0 19 1 4 6 12 15 9 0 6 2 7 0 10 2 4 2 18 12 1 0 3 9 2 7 9 0 38 0 3 9 22 33 17 3
1 12 10 4 8 2 4 21 17 9 5 9 2 5 3 16 20 1 2 4 15 0 0 17 3 9 9 16 0 2 7 11 0 10 1 11 10 5 3 1 0 4 7 0 5 11 7 13 23 16
0 0 0 2 0 0 0 0 0 2 0 4 0 0 0 0 0 1 0 0 4 0 1 0 0 0 2 0 0 2 0 0 1 2 3 1 0 0 0 0 0 0 1 0 0 0 0 0 1 2
2 0 0 0 4 0 0 0 0 0 0 0 0 0 0 0 0 0 0 0 0 0 0 1 0 0 1 1 0 0 1 0 0 0 1 0 3 0 0 2 0 0 4 0 0 0 1 1 1 0
0 0 2 0 0 0 0 1 1 0 2 2 1 2 0 2 0 0 1 1 0 0 0 0 0 0 1 0 0 0 0 0 0 0 4 0 0 5 0 0 0 0 2 0 0 3 1 0 0 0
1 17 0 0 3 3 0 1 1 1 14 4 2 4 15 0 2 8 0 11 0 1 4 1 0 6 2 4 17 3 9 1 1 3 2 2 1 0 5 4 0 1 6 8 1 0 5 1 3 0
0 0 0 0 2 0 0 0 0 1 0 1 1 0 0 0 0 1 0 0 0 1 0 0 0 0 5 1 0 0 0 0 0 0 0 0 4 0 0 4 2 0 0 0 0 2 0 4 0 0
1 0 11 9 2 11 0 12 16 11 4 3 11 17 24 0 16 10 0 3 15 3 3 1 11 29 16 1 12 16 8 9 8 10 12 6 14 12 3 2 4 13 1 13 7 5 6 21 7 10
0 14 1 3 10 0 3 1 0 4 0 1 1 2 2 0 3 3 21 9 0 10 9 5 1 14 1 2 11 2 5 1 17 1 5 2 8 7 2 6 0 0 2 0 1 6 5 5 0 1
5 3 9 3 1 0 5 0 3 0 1 6 9 0 1 0 8 6 6 1 1 1 6 12 0 4 7 8 13 16 9 11 3 7 9 0 10 5 0 2 2 12 13 2 2 2 6 4 11 6
5 0 5 2 9 3 2 3 0 0 1 3 6 5 14 4 6 4 3 3 0 6 4 10 3 1 4 4 3 4 20 0 7 7 6 0 1 0 1 4 13 4 0 0 2 8 9 0 0 2
0 0 0 1 0 0 0 0 0 12 0 0 0 0 0 5 0 0 0 0 0 0 1 0 0 0 0 2 0 0 1 1 0 0 1 0 1 0 0 0 0 0 0 0 1 0 0 0 0 2
1 7 1 15 0 9 0 1 1 0 0 2 9 1 0 1 9 1 5 18 0 2 6 6 4 1 8 4 4 3 1 6 1 8 3 2 2 4 8 0 7 11 1 1 0 8 2 0 3 1
1 8 16 3 0 5 15 8 1 1 3 0 31 0 3 0 1 9 5 1 0 0 4 1 14 14 4 9 0 4 6 0 0 12 0 5 20 0 4 13 12 0 4 1 1 10 2 3 4 1
0 0 7 11 28 1 7 6 1 1 0 5 6 1 4 12 4 5 2 1 2 0 6 1 3 2 3 2 0 4 1 5 1 11 0 18 0 2 0 0 7 1 1 1 25 9 7 11 3 10
0 3 1 0 0 9 0 1 0 0 0 0 0 1 0 14 0 1 0 1 0 1 4 1 0 1 0 0 0 0 0 8 1 0 1 0 0 0 0 0 0 0 0 0 0 1 0 1 0 0
0 8 6 7 4 8 17 5 4 7 3 0 0 1 1 3 6 5 12 3 5 1 1 0 1 4 19 0 3 1 5 7 0 4 0 1 1 0 2 1 2 4 1 0 19 0 5 3 7 5
0 2 0 0 0 4 1 0 0 1 0 0 0 2 0 1 2 3 1 1 0 0 0 0 1 1 1 0 0 1 0 0 2 0 0 0 12 0 2 0 0 0 2 1 3 1 0 1 0 0
4 0 2 21 12 8 9 7 3 5 15 2 1 5 4 25 2 13 26 0 4 35 4 7 4 0 21 26 2 14 7 2 31 4 5 0 2 5 0 0 1 3 22 7 23 0 8 1 8 2
29 7 5 1 6 5 2 10 0 19 7 12 1 0 5 5 8 5 7 8 0 2 8 8 0 4 5 6 4 52 3 2 0 2 13 17 9 6 2 1 0 16 0 6 9 1 12 2 2 1
4 7 1 12 25 4 0 1 2 20 1 8 0 0 6 10 5 0 1 15 4 4 4 5 6 16 9 8 8 6 5 14 1 6 1 5 0 7 0 3 7 9 7 3 9 19 3 25 0 0
0 1 0 0 4 0 0 0 1 1 0 0 0 0 0 0 0 0 0 0 1 0 0 1 1 1 0 0 0 0 0 0 0 1 0 1 1 2 0 0 0 1 0 1 0 0 0 1 0 1
2 2 5 3 1 15 0 0 0 1 1 0 1 0 1 0 1 4 7 1 2 2 0 1 3 0 5 1 1 0 0 0 4 3 3 1 5 0 0 0 6 3 2 3 11 2 0 5 2 1
2 7 0 8 2 3 1 5 2 21 2 11 6 1 1 1 0 3 9 2 0 0 5 9 2 2 5 4 30 0 3 2 0 4 2 1 18 1 2 9 11 5 1 3 1 6 7 0 8 0
0 1 0 0 0 1 0 2 2 0 0 0 1 3 1 0 0 0 0 0 0 1 0 0 3 0 0 0 1 1 9 0 0 4 0 1 0 0 0 0 2 0 1 0 0 0 0 0 2 0
4 5 4 7 1 0 0 9 7 6 3 5 9 9 9 3 4 2 2 3 9 12 5 1 1 11 1 8 0 6 6 4 0 0 12 0 2 2 3 0 10 0 0 4 6 2 7 0 3 1
21 1 12 4 11 17 3 0 1 11 4 4 3 1 6 10 9 3 49 5 4 3 1 1 18 4 5 7 13 11 5 7 1 7 30 3 2 15 18 2 1 6 2 30 0 8 5 10 1 10
1 1 10 6 0 3 1 3 0 20 4 1 3 3 5 5 9 6 1 10 10 2 0 0 3 7 4 1 13 9 4 24 3 2 2 4 3 0 27 1 3 13 0 9 0 21 7 4 3 0
7 14 2 1 14 3 3 3 20 20 3 15 6 5 8 9 8 5 1 1 2 2 12 14 13 0 6 0 2 0 8 36 4 1 12 4 0 0 7 2 25 15 2 13 2 14 5 1 1 0
7 6 3 5 19 4 9 0 10 17 0 15 14 2 6 1 4 4 8 4 1 1 1 2 9 0 4 0 5 5 1 6 4 5 0 19 5 1 1 18 0 3 0 7 0 0 10 18 9 8
0 0 2 2 0 1 3 3 0 11 2 1 6 2 0 2 1 4 13 6 3 0 3 0 7 6 3 1 9 1 4 2 2 2 1 1 0 0 0 7 6 0 4 5 7 14 3 1 2 3
5 3 5 1 4 7 3 5 3 1 21 1 11 13 16 1 0 2 5 3 5 7 5 4 2 42 4 3 18 0 12 1 2 11 3 1 20 12 1 1 4 7 15 15 6 4 7 12 8 5
0 5 5 5 2 2 8 0 3 34 13 5 10 47 8 11 22 1 0 3 11 9 3 18 7 3 3 3 4 0 0 6 0 7 4 1 54 3 8 4 16 1 12 6 9 0 12 21 0 6
22 6 1 11 12 0 3 2 4 20 8 3 0 0 10 4 9 0 37 0 23 9 15 2 15 3 8 5 1 2 1 26 3 15 16 2 1 5 4 12 7 22 23 4 27 23 5 0 9 0
8 0 0 0 0 1 0 1 0 0 0 0 1 0 0 0 0 0 0 0 1 0 0 0 1 0 0 0 0 0 0 0 0 0 0 0 0 2 0 1 1 0 3 0 0 1 2 0 0 0
6 1 0 2 6 7 1 0 1 7 4 1 13 4 0 11 3 4 2 6 2 12 5 3 3 5 7 6 2 2 2 1 1 2 2 0 0 2 5 1 16 0 10 0 8 17 3 1 6 0
0 1 4 8 4 7 20 0 1 5 0 1 5 6 1 11 0 11 14 9 0 11 5 1 25 6 0 4 22 1 6 0 1 20 1 6 7 0 10 0 10 7 13 6 0 0 6 2 3 2
2 3 0 5 3 1 0 0 0 0 0 2 6 1 1 3 5 11 1 20 0 1 1 0 8 3 8 0 1 11 2 5 0 11 3 6 14 0 10 1 3 3 3 2 2 0 13 2 2 10
9 2 2 0 1 2 19 7 2 5 2 9 8 7 3 1 10 4 10 1 14 5 31 12 3 1 4 4 7 2 8 1 9 0 0 3 8 1 4 1 3 1 4 1 22 15 1 8 1 0
0 1 0 0 2 0 2 2 1 0 0 1 0 0 0 3 2 0 0 0 0 0 0 0 0 0 0 1 0 1 2 0 0 0 0 2 1 0 2 1 1 0 0 0 1 0 0 0 0 2
0 0 0 0 1 1 1 0 0 0 0 0 2 0 0 0 0 0 0 0 0 0 0 0 0 0 0 0 0 0 0 0 0 0 3 0 0 0 1 0 0 0 1 0 0 0 0 2 0 0
2 4 2 0 0 1 1 4 1 5 12 8 6 3 0 4 8 1 2 0 2 6 0 1 6 1 5 14 7 5 4 1 2 0 11 11 3 8 1 4 2 1 6 2 8 2 1 7 3 1
27 9 19 10 10 6 25 2 6 18 5 13 5 4 6 14 24 10 0 2 44 1 5 6 4 2 1 1 23 4 1 5 5 6 8 7 11 1 13 6 2 8 17 8 7 20 9 2 6 7
12 8 12 1 5 5 6 13 2 3 1 14 0 2 0 20 1 7 0 26 5 2 6 3 10 3 7 8 0 12 6 27 0 5 5 0 1 16 11 6 10 2 1 2 2 15 0 4 25 6
0 0 0 0 0 0 0 2 0 2 1 0 1 1 1 2 0 1 0 0 0 1 0 0 0 1 0 1 0 0 1 2 0 0 0 1 0 0 0 0 0 0 0 2 2 0 0 0 0 0
0 0 0 0 1 1 0 1 0 1 2 1 0 0 0 2 0 0 1 0 0 0 0 0 2 0 0 0 1 0 1 1 1 0 0 0 2 0 0 0 0 6 1 0 0 1 0 0 0 0
2 0 0 2 1 1 0 4 4 0 0 0 0 1 0 0 0 1 0 2 0 1 0 1 4 0 2 0 1 6 1 0 0 12 0 0 1 1 0 0 1 1 10 0 1 1 0 0 0 0
11 19 26 2 23 0 1 8 35 2 0 12 12 1 0 3 0 4 2 1 5 8 3 6 20 1 3 5 6 13 13 3 2 0 1 1 12 22 1 26 18 13 2 7 11 1 3 4 6 16
1 0 7 32 2 7 6 24 4 19 24 0 12 6 0 3 0 0 0 9 3 18 1 6 3 13 6 1 1 0 6 3 2 3 15 2 4 2 17 14 18 23 0 6 12 42 2 13 3 3
0 0 0 0 0 0 0 0 0 2 1 0 1 0 0 0 0 0 0 0 2 0 4 1 0 0 0 1 0 3 0 0 0 0 1 0 0 0 0 0 0 2 2 0 0 0 0 3 0 7
10 8 4 7 6 2 7 0 10 5 1 19 5 8 1 5 2 16 10 0 8 6 4 1 22 1 4 4 20 5 3 1 8 13 1 3 2 8 10 4 10 12 6 15 2 0 0 5 10 2
0 0 0 0 0 0 0 0 2 1 0 1 0 0 0 2 0 0 0 3 0 0 4 0 0 8 0 0 1 1 0 0 2 0 1 0 1 0 0 0 0 0 0 0 0 0 0 0 0 1
9 2 2 2 2 1 8 0 4 4 3 0 6 4 5 9 2 2 0 2 1 8 0 0 2 0 0 4 9 1 6 0 0 3 2 1 3 5 1 5 16 0 2 4 6 13 3 0 0 1
0 0 13 1 0 1 12 2 1 14 10 7 0 7 0 4 1 12 0 7 2 0 5 5 4 0 4 3 4 0 8 19 6 0 6 13 6 12 3 1 14 1 2 0 0 0 5 0 2 0
0 46 5 12 11 9 12 25 1 1 5 0 24 44 32 5 9 7 0 9 6 26 7 1 13 1 2 1 1 4 0 0 12 1 5 19 6 6 0 0 20 18 2 0 13 33 9 21 3 20
4 0 0 4 2 9 2 0 0 0 0 1 0 0 2 0 4 0 0 0 0 0 4 1 0 0 2 0 0 0 1 3 4 0 0 3 0 0 6 0 1 0 1 0 0 2 0 1 0 0
1 1 0 0 0 0 1 1 0 1 0 0 1 0 1 0 0 1 0 1 0 0 0 0 0 1 0 0 2 0 4 0 0 0 0 2 1 0 0 0 0 0 0 1 1 0 3 0 0 1
0 4 9 2 0 3 19 13 0 10 28 2 5 5 7 0 10 6 9 1 10 8 7 13 0 2 1 11 5 10 5 0 0 7 7 1 12 39 1 0 3 11 5 3 5 0 0 5 11 23
1 0 4 1 0 0 4 4 7 0 0 0 2 1 4 0 11 0 11 4 3 3 1 1 2 5 5 9 13 5 6 4 3 1 0 12 5 0 9 8 0 6 1 6 3 5 1 6 1 2
15 4 0 0 4 0 3 5 1 4 4 13 0 2 2 9 6 0 0 0 2 0 0 7 8 5 0 16 5 1 7 2 13 4 27 3 15 4 0 11 12 6 1 2 7 3 0 6 2 3
0 1 0 0 0 0 0 0 0 0 1 0 0 0 0 1 1 0 0 0 1 0 0 0 1 2 0 0 0 0 2 0 0 0 0 0 0 1 2 1 0 0 0 0 0 0 1 0 0 2
0 0 0 0 3 0 0 0 4 1 0 1 0 1 2 0 1 0 0 0 0 1 0 0 8 0 1 0 0 1 0 0 0 0 0 1 0 0 0 0 0 0 1 0 1 1 1 0 2 0
5 1 3 6 0 12 10 2 3 7 2 13 1 20 36 3 4 10 14 9 3 3 11 3 2 14 13 6 17 0 13 2 17 9 0 2 5 8 0 5 0 2 3 23 2 1 0 7 7 1
2 20 1 9 2 8 0 6 11 7 0 4 3 6 0 1 7 12 1 0 3 0 1 5 7 0 8 25 3 4 2 1 19 7 22 6 2 14 11 1 5 27 0 31 5 18 5 6 5 3
0 8 8 0 25 11 0 2 0 31 4 1 0 5 10 1 8 6 3 6 3 1 9 0 11 11 13 1 1 5 10 7 2 1 20 3 6 7 3 28 1 0 23 8 1 0 8 1 1 0
0 6 14 1 1 0 5 10 2 15 18 1 13 9 18 14 1 1 4 0 0 0 4 1 1 39 22 13 0 14 10 0 0 0 0 4 13 19 0 4 5 0 4 7 5 0 8 4 1 7
14 4 3 4 2 3 14 13 14 0 7 9 3 1 3 3 1 5 4 4 5 1 9 3 13 6 6 1 1 4 10 9 1 0 2 1 10 4 0 0 0 0 4 2 0 5 0 12 1 7
1 20 7 2 2 4 0 12 1 3 3 5 0 18 0 1 0 4 6 1 8 3 2 0 6 1 0 0 1 3 14 19 0 6 12 1 36 42 0 11 0 13 0 3 6 1 30 12 1 3
2 2 0 1 0 1 6 0 0 2 3 9 4 1 2 4 0 1 9 1 20 0 6 3 0 4 1 0 4 4 1 0 10 0 0 4 1 2 0 1 1 1 1 0 4 6 2 4 4 9
1 12 7 4 0 9 16 3 17 19 7 0 4 13 12 15 5 9 4 3 5 12 3 5 4 15 4 0 4 0 10 3 2 13 1 1 4 23 0 1 1 0 8 17 0 4 2 22 2 2
0 7 4 0 13 6 0 1 3 2 1 0 2 3 2 0 21 2 1 1 0 2 6 0 0 5 2 0 8 10 0 6 7 0 6 7 0 1 8 0 5 2 3 3 0 0 0 0 1 0
1 3 3 1 5 1 7 8 0 5 0 7 13 18 3 2 0 3 11 8 1 4 5 0 8 1 2 13 12 0 3 8 5 1 0 6 1 14 0 10 19 2 0 1 7 1 3 0 4 0
0 10 7 3 0 12 4 2 13 4 11 0 0 0 5 5 2 0 3 2 2 2 3 2 1 4 10 10 4 29 4 1 2 0 3 1 11 3 1 0 3 2 0 31 1 4 0 0 0 4
1 0 1 0 1 2 0 1 1 0 0 0 5 0 0 0 0 0 0 1 0 0 0 0 0 0 1 0 1 0 0 1 0 1 0 0 0 0 3 0 0 0 0 1 0 0 0 2 1 0
