1 0 2 0 0 0 2 0 0 0 0 2 0 0 1 0 1 0 0 0 0 1 0 0 0 0 1 0 0 0 0 0 0 0 1 0 1 0 0 1 1 1 0 0 2 1 0 0 0 0
0 4 8 6 1 0 3 0 0 19 1 0 0 1 7 3 11 0 2 0 0 4 0 0 1 4 0 0 0 1 7 0 1 0 0 1 0 1 2 0 3 0 4 0 0 0 1 0 0 6
4 8 0 4 1 5 4 5 4 3 2 3 0 0 7 2 0 1 2 7 5 2 6 9 5 10 3 3 5 1 1 0 15 6 2 4 12 13 3 0 1 0 13 4 8 1 6 2 25 2
6 6 1 1 1 7 38 1 1 3 1 5 0 17 1 1 10 0 3 0 2 3 1 2 9 2 1 11 1 6 8 15 4 25 3 4 4 0 5 6 16 2 1 5 1 4 0 2 10 0
1 0 1 4 20 0 8 0 0 4 0 0 1 2 1 12 1 0 0 0 0 3 0 0 0 3 0 0 0 8 4 1 0 1 0 0 0 1 0 0 0 0 1 2 0 0 1 0 0 0
1 9 10 5 7 2 1 2 0 0 0 0 7 0 0 0 5 1 2 4 6 4 14 1 5 11 11 2 2 7 4 3 5 6 6 2 4 2 2 4 3 3 6 0 3 0 0 2 2 11
1 0 0 2 13 0 1 0 0 0 2 0 0 0 0 0 0 1 0 1 0 0 0 1 1 0 1 0 0 0 0 2 1 0 0 0 0 0 0 0 0 1 0 0 1 0 0 0 0 2
1 25 10 2 23 31 7 0 3 2 0 13 12 25 11 8 1 2 11 3 0 19 3 5 14 1 11 1 2 0 10 44 0 3 13 11 2 2 10 15 5 6 0 5 17 0 1 1 3 8
1 0 0 2 0 13 3 3 1 1 1 8 0 1 11 7 0 1 2 6 6 6 0 3 5 0 0 1 2 3 13 4 7 4 0 7 4 7 8 11 6 5 0 1 3 6 8 2 0 16
1 13 3 0 12 20 0 0 5 14 1 0 6 1 9 13 2 8 16 2 7 1 1 9 0 2 14 1 0 23 6 4 1 1 10 0 20 24 10 1 11 2 12 6 0 2 0 0 0 14
13 2 3 0 20 0 9 7 3 2 15 0 1 1 3 1 13 7 5 6 3 2 15 4 3 3 7 6 6 7 12 10 9 0 21 1 10 0 1 5 0 1 4 3 18 6 5 1 1 3
3 3 0 4 4 0 0 2 0 6 2 0 0 2 0 4 1 6 2 1 2 0 4 2 1 0 0 0 2 2 5 1 0 1 5 27 9 1 6 1 22 0 2 11 1 3 1 0 0 1
3 0 4 10 7 0 4 1 1 1 1 6 3 8 0 4 5 8 17 0 3 1 3 3 2 0 0 4 1 4 1 3 1 16 6 9 3 0 2 0 6 28 1 2 6 1 4 4 5 4
0 0 0 0 0 0 0 0 0 0 0 2 4 2 0 0 6 1 0 2 0 1 2 0 0 3 0 0 4 0 0 0 2 1 1 1 0 0 0 0 1 0 0 1 2 0 2 0 0 2
3 6 5 2 5 8 3 10 3 1 13 17 4 1 7 4 0 8 0 2 4 1 12 2 0 4 17 13 6 1 1 0 4 8 3 3 3 2 2 2 13 2 14 0 5 0 2 0 0 0
5 1 0 0 0 0 1 0 4 5 1 11 0 4 5 4 0 5 11 4 1 5 3 18 10 3 1 6 1 4 4 10 5 6 2 1 5 3 2 3 9 18 8 3 1 11 8 2 0 1
1 11 0 5 0 3 6 0 14 11 23 13 15 0 16 1 9 0 19 6 18 18 2 4 5 2 2 10 4 2 2 1 30 39 3 7 3 0 1 1 17 1 34 12 9 8 5 10 7 4
0 0 0 0 0 1 2 0 0 0 1 0 3 1 0 0 3 0 0 0 0 1 1 1 2 0 1 0 1 0 0 3 0 0 1 1 2 0 0 0 0 0 0 0 0 0 0 0 0 3
0 1 0 0 0 1 0 0 3 0 1 0 2 0 2 0 0 6 0 1 0 0 0 0 0 0 0 0 1 0 0 0 1 1 0 0 0 6 0 1 1 0 0 0 0 0 0 0 0 0
0 3 1 1 7 0 0 5 0 0 0 1 13 0 0 1 2 0 0 0 0 1 0 0 0 0 0 9 3 9 0 0 5 1 4 0 0 15 0 1 16 1 1 1 1 0 3 1 0 0
5 3 2 10 0 24 1 2 4 22 2 0 0 11 0 0 6 2 3 3 0 3 8 0 0 3 5 3 0 6 10 6 6 6 1 1 3 3 1 8 9 0 2 0 0 4 2 0 0 0
0 0 1 0 8 0 0 0 0 0 0 0 0 0 0 1 0 0 1 0 1 1 1 0 0 1 1 0 1 0 0 0 1 0 0 0 0 1 0 0 0 0 1 0 0 1 1 0 0 0
10 11 21 3 4 2 3 2 2 5 1 5 4 0 6 5 1 3 0 0 9 1 14 2 5 33 1 3 3 15 15 18 8 9 3 0 27 2 10 7 3 6 6 0 10 30 38 6 35 3
5 2 2 0 1 7 2 4 13 4 2 1 0 2 20 3 17 0 4 4 9 20 0 3 6 4 3 3 9 20 2 5 8 5 3 1 1 2 2 2 4 0 1 4 4 2 1 2 5 3
5 17 1 2 0 0 11 10 8 1 0 6 7 1 5 8 0 9 23 2 1 19 1 1 15 6 4 7 30 1 10 9 5 3 5 0 2 13 2 0 20 15 3 10 2 0 36 3 0 6
0 0 1 0 0 0 1 1 0 0 0 0 30 5 0 0 0 0 0 0 0 3 0 0 0 12 1 0 0 2 0 1 1 0 1 2 0 0 0 0 1 3 0 1 0 1 0 0 1 4
1 1 11 9 3 0 3 9 14 4 3 1 0 0 0 3 1 17 2 5 3 19 0 0 0 4 0 7 2 0 5 2 5 2 1 2 0 11 0 0 0 6 4 9 6 6 3 0 5 3
2 0 0 0 0 0 0 0 1 0 0 0 0 3 1 0 0 0 1 0 0 1 0 0 0 0 0 0 0 0 1 0 1 0 0 1 0 2 0 1 0 0 0 0 1 2 1 0 0 0
2 4 5 16 2 0 3 2 1 7 2 0 0 0 6 5 9 1 2 0 1 3 2 7 1 0 0 1 3 2 2 2 1 0 3 6 1 5 2 0 15 5 0 0 5 0 2 1 0 7
2 2 4 2 9 11 6 0 2 1 2 4 4 6 0 7 3 1 4 5 0 11 0 3 0 4 2 3 0 4 4 15 0 0 1 12 3 1 7 9 11 4 1 7 4 5 10 1 6 11
1 15 1 13 2 7 0 13 1 7 1 0 8 2 0 6 4 1 8 0 4 12 8 0 2 3 0 2 3 1 1 4 4 1 0 3 1 1 2 1 12 4 0 2 1 3 7 6 0 2
0 0 0 0 0 0 0 1 0 0 0 0 0 0 1 0 0 0 0 1 0 11 1 0 0 1 0 0 0 0 1 0 0 2 0 0 0 0 1 1 2 0 3 0 0 2 0 1 0 1
7 0 0 0 1 0 0 1 6 0 0 0 0 5 1 1 0 0 9 3 1 0 5 8 3 0 0 0 0 0 0 1 0 0 0 0 2 4 0 0 0 0 0 9 0 10 9 0 4 0
11 6 6 12 6 18 0 4 3 3 0 4 7 1 4 3 1 3 0 0 12 0 9 2 5 1 2 3 5 0 1 2 10 5 3 0 0 0 0 1 1 2 7 2 2 2 3 2 1 4
7 2 0 2 11 5 13 6 1 0 3 4 3 1 3 6 18 9 10 2 14 0 0 7 0 13 0 0 6 10 2 7 16 9 10 5 2 0 21 27 1 7 5 1 15 0 1 0 10 18
22 16 9 1 2 24 7 12 0 8 15 9 2 12 13 4 2 0 7 21 1 1 2 4 7 25 3 5 4 0 5 3 1 12 1 11 0 0 2 7 5 0 19 9 10 1 10 1 21 2
0 0 1 0 0 0 0 1 0 1 1 0 0 3 0 0 0 2 0 1 0 0 0 2 0 1 12 0 0 0 0 0 0 0 0 4 0 1 2 0 2 0 0 2 1 0 0 0 0 0
0 1 0 5 0 0 0 9 3 0 6 6 0 0 2 0 0 0 4 1 2 0 2 9 3 1 0 0 0 0 0 6 2 3 3 0 0 0 1 14 1 4 0 3 6 11 0 2 3 0
0 1 0 0 3 0 0 1 1 0 0 1 0 1 0 2 0 0 1 0 0 0 0 0 0 0 0 0 1 0 0 1 7 0 0 1 1 1 0 0 1 0 0 0 3 0 0 0 1 0
10 7 2 5 3 1 12 1 2 3 23 3 5 4 0 5 0 18 3 9 5 9 8 2 3 1 28 4 2 1 24 4 18 3 2 0 0 0 6 0 2 2 1 2 1 1 4 4 10 8
5 0 5 7 10 2 10 1 2 18 9 1 1 10 2 4 9 1 10 6 1 26 10 32 6 6 3 4 0 15 5 0 13 3 5 6 1 4 8 1 1 14 2 1 7 5 11 10 1 10
1 1 4 5 4 7 3 8 10 7 1 0 4 12 4 0 9 4 9 7 2 4 5 0 0 4 3 2 6 1 3 0 4 1 1 3 2 8 6 1 6 2 3 2 5 1 7 7 0 1
11 1 1 4 2 11 1 0 4 2 3 0 3 6 2 8 3 3 13 3 17 2 39 7 2 16 2 0 0 7 2 5 6 3 8 2 22 4 1 5 1 14 8 1 0 4 5 3 6 0
16 3 2 27 1 0 4 28 1 1 3 21 2 7 10 8 19 8 6 12 10 2 1 1 16 9 6 13 12 0 23 3 11 31 5 6 12 4 10 0 2 2 25 3 5 2 0 37 2 9
0 1 0 1 0 0 2 0 3 0 0 0 0 0 0 0 3 0 3 0 0 0 0 0 0 0 0 0 0 0 0 0 1 0 0 0 0 0 0 1 0 0 1 0 0 0 0 0 0 1
0 0 1 1 1 0 0 1 0 0 1 0 0 0 0 0 1 0 0 0 1 0 0 0 0 0 0 0 0 0 0 0 2 1 1 0 0 0 0 0 0 0 0 0 0 0 0 0 0 0
0 0 4 0 0 0 2 0 0 0 0 0 5 1 0 0 2 0 0 0 0 0 0 0 1 0 0 0 0 0 1 0 0 0 0 0 0 0 0 0 0 1 2 1 0 0 0 0 0 0
0 1 3 3 8 1 2 0 7 9 0 1 6 5 7 2 3 0 3 3 0 0 0 6 0 0 1 1 0 2 1 1 3 9 4 0 2 2 6 5 6 4 1 10 3 2 3 2 6 3
0 0 1 0 0 0 0 8 0 0 2 0 0 0 0 0 0 0 1 0 0 1 0 0 0 0 0 0 0 1 0 0 1 2 0 0 0 0 1 0 0 0 1 1 0 0 1 0 0 0
3 0 0 0 0 0 0 1 3 0 0 0 0 0 0 1 0 0 0 0 0 1 0 0 0 0 0 0 0 5 1 0 0 1 2 1 0 0 0 0 2 0 0 0 0 0 1 0 0 1
1 1 0 3 2 5 0 12 0 0 6 5 21 1 0 2 15 4 7 0 18 3 5 2 17 4 9 0 5 10 3 18 0 10 3 4 0 3 4 23 5 8 20 1 2 1 7 0 1 7
9 2 0 10 0 1 11 0 4 1 2 10 3 2 0 5 21 5 0 1 1 0 1 8 7 5 4 3 5 3 3 0 1 15 4 0 0 3 4 9 4 1 6 4 0 1 3 10 10 4
24 8 1 1 5 7 11 5 5 5 5 6 30 8 32 8 11 0 16 7 19 3 10 10 17 0 6 7 7 7 21 11 14 4 0 4 6 0 0 4 5 1 3 16 2 2 5 9 15 31
1 1 3 2 3 2 15 5 9 0 1 1 2 8 0 7 2 1 1 1 10 6 9 3 13 0 0 2 0 21 5 0 2 1 3 0 0 6 11 6 0 9 12 1 3 8 3 0 0 12
0 0 0 0 0 2 1 0 0 0 0 1 1 2 0 0 0 0 10 0 0 0 0 0 1 0 0 3 0 0 0 0 2 0 0 0 0 0 0 1 0 0 0 1 0 0 0 0 0 1
0 9 0 0 7 0 0 1 1 8 0 0 2 0 0 0 0 0 2 0 0 0 0 0 0 0 0 0 1 0 4 0 2 2 0 0 0 3 4 0 9 0 18 0 0 0 1 0 0 0
0 0 0 0 1 1 0 0 0 0 0 0 0 0 0 0 1 0 0 0 0 0 0 1 0 0 0 0 0 1 0 0 0 1 0 0 1 0 0 0 0 1 0 0 0 1 0 0 0 1
0 1 0 0 1 0 0 0 1 0 0 0 0 1 0 0 1 0 0 0 1 0 0 1 1 0 0 1 0 0 1 0 1 0 0 0 0 0 0 0 0 0 0 0 1 3 0 0 0 0
0 3 2 0 1 20 0 0 0 0 0 5 3 1 5 0 1 4 0 1 0 0 0 1 3 1 0 10 7 0 13 7 1 0 1 0 0 0 0 0 12 3 6 0 0 4 9 0 1 30
7 1 5 10 1 1 3 2 57 19 17 24 5 2 26 2 2 11 42 18 2 2 11 7 2 3 7 16 56 2 6 6 3 8 5 10 12 3 5 3 0 14 1 51 8 4 0 2 10 6
0 19 1 0 0 3 14 2 0 8 3 0 6 36 4 10 0 5 4 0 2 8 1 1 0 2 2 2 2 2 2 7 8 0 0 8 30 1 3 1 13 0 10 2 12 9 0 1 4 23
9 3 7 6 7 2 1 11 6 2 3 1 3 1 8 4 4 3 5 0 1 4 7 1 12 3 7 9 4 1 1 7 1 0 10 13 0 2 10 1 0 0 9 10 4 0 2 9 0 4
2 0 0 0 2 0 0 0 1 1 0 0 0 0 0 0 0 0 2 2 0 0 1 1 1 0 0 0 0 0 2 0 0 1 0 0 1 0 0 0 0 0 1 0 1 1 0 1 0 1
0 0 0 0 0 3 0 0 0 2 0 2 0 0 2 1 0 0 0 0 1 1 0 0 2 0 0 0 0 0 0 0 0 0 0 0 0 0 2 0 6 4 0 0 0 0 2 0 0 0
33 1 0 17 5 1 7 3 1 9 3 0 10 15 10 7 2 0 20 3 4 0 3 19 19 3 13 6 4 23 0 10 20 12 4 3 5 14 0 15 10 24 6 3 1 0 14 6 4 4
19 1 0 2 0 2 1 13 3 8 1 1 2 15 1 11 11 8 1 2 7 2 3 5 3 6 0 12 6 0 16 7 1 1 0 4 0 0 0 3 2 8 4 2 20 18 1 2 8 0
0 0 1 0 1 5 0 0 1 0 0 0 0 1 0 2 0 0 0 0 1 1 0 1 0 2 0 0 0 0 0 2 1 0 0 2 2 4 0 0 2 3 0 0 1 1 0 0 0 5
3 0 0 26 10 7 12 6 5 0 7 2 16 0 7 0 3 0 1 16 5 7 3 5 7 1 0 5 3 10 0 1 8 3 2 2 2 1 0 0 0 9 1 3 2 2 6 2 7 0
4 5 1 1 2 6 3 7 4 2 1 5 3 1 0 17 5 0 1 0 3 1 3 1 7 1 2 20 2 4 1 2 17 5 2 1 8 10 7 2 0 0 2 5 2 0 6 2 3 3
1 0 0 0 2 1 0 0 1 0 0 0 2 0 0 0 0 0 15 6 0 0 5 0 1 1 11 1 0 0 0 0 0 0 2 0 6 0 1 2 4 0 0 0 0 4 0 0 0 0
10 0 5 9 12 2 10 2 0 2 10 0 0 0 4 7 8 13 17 15 19 13 2 1 0 15 18 7 7 40 0 4 21 0 3 16 14 18 1 2 5 26 9 1 3 11 1 33 7 3
0 0 0 0 2 0 0 0 0 1 0 0 0 1 0 0 0 0 0 0 0 0 0 0 0 0 0 0 0 0 0 2 0 1 1 0 0 0 0 0 3 0 0 0 0 2 0 0 0 0
3 1 4 5 32 4 9 8 1 5 5 14 1 3 15 14 0 1 9 2 1 12 0 9 8 3 1 5 0 0 0 3 23 6 4 3 4 7 1 6 3 17 8 33 1 2 13 7 0 2
0 3 3 0 0 0 3 0 0 1 1 0 1 0 0 1 0 0 0 0 3 0 1 0 0 0 0 0 0 0 0 1 0 2 2 2 5 0 0 0 2 0 0 8 0 1 0 0 0 0
0 0 2 0 0 0 2 0 0 2 0 0 0 1 0 0 0 0 1 0 0 0 3 0 3 0 0 0 1 0 0 6 2 0 6 2 1 0 1 1 1 3 1 1 0 1 0 1 0 0
0 19 2 0 2 2 39 28 11 10 0 10 2 13 6 3 10 1 8 0 3 9 14 23 8 2 4 1 11 0 2 11 2 1 15 0 24 4 7 26 22 8 5 5 29 9 0 1 1 10
3 3 0 2 1 6 0 4 8 0 3 9 1 0 4 3 5 4 0 1 2 2 9 8 0 0 2 7 0 9 2 6 13 0 4 8 2 2 0 0 0 0 2 6 3 1 5 1 0 0
0 0 0 0 0 0 0 0 1 0 0 1 0 0 2 0 1 1 0 1 2 1 0 0 0 0 0 0 2 0 0 2 0 0 0 0 1 1 0 0 1 0 0 0 0 1 0 1 0 0
0 0 0 0 0 0 0 0 0 1 0 0 1 0 0 1 1 0 0 0 1 0 0 2 1 0 1 0 1 0 0 1 0 1 0 1 0 2 0 0 0 0 0 1 0 0 0 2 2 0
0 18 9 20 15 5 20 1 7 19 1 9 20 9 4 6 3 7 1 2 0 18 11 5 16 0 31 3 9 10 0 11 15 8 10 6 24 17 5 3 8 0 24 8 10 8 0 7 15 2
3 11 2 4 8 13 1 3 13 2 17 6 3 10 1 0 0 0 0 1 2 7 5 0 2 0 5 7 9 10 2 0 0 5 0 5 3 7 9 10 4 10 1 0 12 8 1 1 2 2
0 0 0 0 0 1 0 0 0 0 0 3 1 0 1 0 0 1 0 0 0 0 0 1 0 0 1 1 1 1 1 0 0 2 1 1 0 0 0 2 0 2 1 2 1 1 0 0 0 0
0 1 1 0 0 1 0 0 0 0 0 6 1 0 2 0 0 0 1 0 1 1 0 0 0 1 0 1 0 0 1 1 0 4 8 0 0 0 0 0 0 0 0 1 11 0 0 3 0 0
4 7 3 2 11 5 3 7 1 14 8 2 2 2 3 2 0 0 4 13 3 0 0 0 0 4 8 3 10 5 0 0 2 4 0 6 15 1 1 3 8 24 13 3 1 1 22 9 0 13
12 25 7 8 0 8 11 2 5 6 7 5 12 6 6 2 1 3 14 15 2 9 5 16 17 3 7 0 0 14 2 22 0 14 11 43 6 6 4 0 0 7 10 6 4 18 10 14 2 1
16 2 7 4 1 3 8 7 0 6 10 0 0 1 22 1 6 0 2 14 1 9 37 4 5 3 9 5 2 3 0 16 0 5 7 1 2 3 3 2 4 1 6 2 22 13 25 10 3 0
0 1 2 0 1 0 0 0 2 1 2 0 2 0 1 1 0 0 5 1 1 2 1 5 0 0 2 0 0 0 2 0 0 0 0 1 0 0 0 1 0 0 0 0 1 0 0 1 2 1
2 0 1 0 2 1 0 0 0 0 0 4 0 2 0 0 0 0 0 2 0 0 1 0 0 0 0 0 0 0 0 1 0 1 1 0 0 0 1 1 2 0 0 1 0 1 3 0 0 0
1 0 0 1 1 2 0 0 3 0 1 0 6 1 0 0 1 2 7 9 2 0 16 4 2 0 10 0 1 0 0 2 1 0 0 0 3 1 2 0 0 0 0 0 0 7 0 11 0 0
15 4 2 2 0 1 4 23 13 17 0 10 1 10 3 18 10 19 3 14 8 9 3 7 20 10 12 5 32 32 2 12 20 7 10 4 5 10 1 2 5 3 4 2 8 3 0 7 2 13
0 0 0 0 0 0 0 4 1 0 1 0 1 3 0 1 0 2 0 1 0 2 0 0 0 0 0 0 1 0 0 0 1 0 0 0 0 0 1 0 0 0 0 0 0 0 0 0 0 0
5 1 1 3 8 1 8 6 3 3 1 14 6 0 0 13 0 3 11 2 0 1 6 2 4 1 5 4 8 7 2 3 1 1 0 0 0 1 5 6 3 3 1 5 6 1 7 1 4 0
0 0 0 0 0 1 3 0 1 0 1 0 0 0 0 0 1 0 0 1 0 1 0 0 0 0 0 1 0 0 0 0 0 0 0 0 0 1 1 0 0 0 2 1 0 0 0 0 0 0
0 0 10 13 7 7 18 5 17 8 27 7 2 3 10 10 9 0 3 10 13 10 4 2 16 2 6 2 11 0 5 8 1 7 43 17 2 2 5 4 0 3 52 8 19 12 0 29 6 10
7 3 1 27 45 10 3 11 4 16 9 21 14 0 8 7 0 14 0 16 0 16 14 1 1 5 9 0 0 6 8 2 23 4 7 0 4 9 18 3 5 2 12 33 0 4 22 3 24 4
2 3 2 4 6 5 0 8 12 1 3 5 13 8 1 0 2 49 17 6 6 8 2 1 13 9 13 10 18 6 0 0 6 5 14 0 19 16 1 2 31 5 7 0 24 0 1 2 1 4
0 1 0 0 0 0 2 0 0 0 1 0 0 0 0 0 0 0 0 0 0 0 0 0 1 0 0 0 0 0 9 0 0 0 1 0 0 1 1 2 0 0 0 0 0 4 1 2 0 0
0 0 1 1 1 0 0 0 0 0 0 0 0 0 2 1 0 1 1 0 1 1 0 0 9 0 2 3 0 0 0 0 0 0 0 0 7 0 0 0 0 0 0 0 0 8 0 0 0 0
0 7 7 11 2 8 1 3 8 1 1 3 0 0 4 9 0 15 9 1 11 12 0 2 5 7 1 1 4 1 2 4 1 0 2 9 26 5 17 1 3 2 1 0 2 1 2 0 1 11
4 7 1 1 20 9 14 0 7 18 6 1 12 2 6 5 0 13 0 6 4 4 9 2 7 2 2 0 6 29 2 2 11 5 4 0 3 0 8 0 12 5 10 2 2 5 3 0 10 6
