1 2 7 25 16 1 7 1 2 0 4 1 0 19 0 2 1 6 10 20 4 5 3 16 9 3 10 4 2 7 0 4 21 7 6 0 18 17 4 11 22 3 11 0 11 2 6 4 11 0
1 13 12 20 9 7 3 9 36 9 40 20 11 13 39 0 10 2 4 4 1 6 17 2 14 10 13 10 3 5 3 31 1 8 10 29 1 8 0 2 19 2 2 16 1 3 0 8 10 13
7 10 7 0 6 19 1 16 11 16 0 24 28 1 6 0 35 9 7 2 0 1 6 9 2 12 2 5 2 7 2 1 5 5 11 1 4 14 0 0 10 1 2 6 4 14 13 6 0 10
14 4 14 1 2 20 2 4 0 4 2 1 3 12 8 1 0 9 4 0 9 3 0 4 1 5 6 0 3 2 1 1 3 2 9 1 4 11 11 6 0 2 1 5 1 1 2 2 4 7
12 0 28 12 7 0 0 1 2 4 1 8 1 8 9 2 2 4 3 0 5 8 0 5 9 3 9 0 1 1 5 0 14 3 1 2 0 1 0 1 8 3 19 1 3 1 5 2 6 7
2 6 10 0 0 3 1 3 1 2 10 4 1 8 0 0 0 2 0 0 0 3 6 1 0 0 10 3 17 2 0 1 0 1 5 1 2 4 0 1 0 1 9 1 8 1 2 9 1 11
17 5 11 1 3 3 5 7 17 17 18 20 0 9 6 2 7 23 7 2 0 4 10 8 8 18 9 2 14 5 1 1 8 5 15 1 1 9 1 6 15 0 7 21 3 52 6 12 7 2
6 5 0 14 0 4 13 0 6 6 0 0 2 7 1 1 10 0 5 5 3 0 2 0 5 9 0 3 5 0 5 2 0 3 1 8 2 0 0 0 6 0 2 4 0 6 20 1 3 9
4 6 3 0 9 0 15 1 10 5 2 6 2 10 2 1 4 1 0 8 1 17 1 1 2 4 6 2 0 0 3 0 2 0 3 0 5 1 14 21 6 0 5 1 3 0 1 3 7 1
6 9 3 18 34 1 3 13 12 5 4 0 0 5 10 4 2 0 12 0 2 1 2 13 7 7 11 4 40 39 17 10 1 0 2 15 0 9 15 0 13 25 24 1 8 0 11 16 0 1
4 2 2 7 14 31 9 2 0 1 10 2 0 1 3 0 2 1 25 1 22 11 22 1 5 4 4 13 6 0 7 3 1 2 4 0 13 1 1 2 14 2 2 1 6 2 28 6 5 2
0 0 8 1 0 1 4 4 0 13 3 11 13 3 6 0 1 8 0 0 19 17 0 0 2 11 0 1 4 1 10 0 2 4 1 2 0 0 1 0 2 2 2 3 6 1 1 2 0 0
2 2 9 4 0 6 6 3 6 0 2 42 1 16 18 14 11 18 6 4 4 24 6 20 8 14 15 4 2 5 3 1 1 0 4 7 32 1 2 10 8 14 4 5 1 3 2 0 19 0
2 0 0 2 10 4 0 8 1 1 0 5 7 0 5 0 3 1 5 2 1 10 0 4 1 0 4 2 0 0 11 5 4 16 2 1 2 10 6 1 3 6 4 3 0 18 1 12 10 0
4 5 3 3 2 6 2 11 0 10 2 8 3 3 2 1 4 25 0 0 29 6 2 6 1 8 1 3 5 2 8 3 4 8 5 5 8 3 9 5 4 5 0 2 1 0 11 4 0 5
2 1 0 1 1 0 0 3 0 0 0 0 0 0 0 1 0 0 1 0 0 0 1 0 1 0 0 0 1 0 0 1 1 0 0 0 0 0 0 0 0 3 0 1 1 3 0 0 6 0
1 0 1 15 5 5 10 4 5 7 4 1 6 0 8 5 1 1 1 3 6 4 16 4 1 5 2 1 11 7 1 3 1 4 1 1 1 4 0 1 0 16 1 4 2 2 0 3 2 2
0 2 4 1 0 2 9 4 6 9 4 6 14 6 2 1 0 31 8 8 2 1 2 7 3 2 8 1 5 2 1 1 4 0 3 8 2 8 17 8 15 4 4 2 3 0 3 1 1 0
1 27 0 14 16 2 5 5 17 5 27 3 24 25 8 6 8 18 9 15 17 14 0 2 4 11 10 1 0 22 2 44 26 4 2 0 10 29 7 19 6 0 0 0 2 1 6 8 7 0
0 0 6 4 11 0 8 0 3 3 0 2 2 2 1 12 0 18 3 0 4 0 1 2 1 9 10 1 3 6 2 6 7 13 6 1 0 9 2 6 6 2 5 2 2 13 13 0 11 14
0 22 0 13 5 1 15 4 0 0 2 0 13 7 1 11 11 5 2 6 3 0 0 1 8 0 4 4 4 9 1 0 2 4 12 2 0 2 0 12 26 19 4 5 3 2 10 7 10 4
4 2 0 3 1 1 8 0 0 0 0 0 0 0 0 1 0 0 0 0 1 0 0 0 0 1 0 0 0 2 2 1 1 0 1 0 0 1 0 0 0 0 0 1 1 4 0 0 0 2
1 0 0 1 0 0 0 1 0 0 0 0 5 1 0 0 0 1 0 0 1 1 0 0 0 1 0 0 0 1 0 1 0 0 0 1 1 0 0 0 0 0 0 0 3 0 0 0 1 0
14 2 4 2 3 2 2 4 8 4 9 16 14 0 5 13 1 3 10 1 10 2 23 10 8 6 0 15 0 8 3 8 17 3 13 27 1 0 6 18 1 0 6 20 6 4 0 9 15 1
21 5 0 9 1 3 23 1 6 6 30 10 5 8 2 15 8 1 6 3 5 2 2 1 1 4 8 26 9 14 0 1 1 9 50 24 16 15 1 0 20 12 11 2 9 3 4 39 3 0
2 2 7 0 0 0 0 0 0 12 8 6 6 1 0 0 5 0 0 6 0 2 1 0 1 1 1 9 12 6 0 0 0 0 9 0 1 3 3 6 0 2 2 0 1 1 6 1 0 0
1 1 0 0 1 1 4 6 0 14 10 4 1 0 1 3 14 12 8 5 0 0 2 1 15 1 0 2 14 2 5 1 0 10 0 1 2 1 4 4 1 1 4 1 0 0 4 9 7 11
5 7 4 20 13 23 5 9 3 4 0 13 1 2 11 4 2 2 2 1 5 0 14 26 2 9 5 0 5 17 2 9 1 2 4 25 1 10 36 6 2 0 3 28 1 29 0 9 6 3
0 1 21 1 2 3 5 20 3 1 5 6 0 0 9 1 1 4 1 5 7 0 3 5 1 0 3 0 9 2 3 3 5 1 2 7 5 1 0 7 14 4 0 0 4 1 0 0 0 4
0 2 0 0 0 0 1 0 0 0 1 0 0 0 0 1 0 0 3 3 0 2 0 0 0 0 2 0 0 1 2 0 0 0 1 0 2 0 1 0 0 1 2 0 1 0 0 0 0 0
2 7 10 1 2 2 3 0 0 15 4 1 2 3 7 0 6 1 0 2 8 2 10 2 5 1 3 2 16 15 4 2 1 7 2 0 0 8 11 20 1 2 2 3 0 3 11 7 1 1
15 6 6 4 16 0 1 16 0 7 0 2 0 10 1 5 4 0 12 1 0 12 15 0 8 4 1 4 19 13 1 1 6 7 4 3 3 2 13 7 7 1 7 6 0 5 2 12 1 12
0 10 0 6 11 5 4 1 2 3 16 1 0 10 3 4 0 0 1 1 6 13 1 12 0 0 4 23 10 2 0 3 0 1 9 0 10 7 0 0 1 0 6 5 2 2 3 2 0 1
3 3 20 6 15 8 3 6 13 0 1 1 3 6 17 0 4 8 1 1 1 7 0 0 1 0 1 6 0 3 0 3 2 1 1 4 1 5 4 0 0 5 3 5 1 3 4 1 11 0
1 1 0 0 0 1 0 1 0 0 0 0 0 0 0 0 0 2 1 0 1 0 0 0 1 2 0 0 1 0 1 0 0 0 0 0 1 0 0 3 0 0 0 0 1 0 0 0 1 0
7 15 4 12 2 0 14 14 1 11 0 14 5 3 10 17 7 3 7 2 8 0 2 2 38 45 11 28 0 26 2 16 13 3 11 13 3 25 3 4 7 3 3 0 9 0 2 10 0 40
1 1 5 4 6 7 0 3 26 0 39 9 4 9 4 13 28 0 0 31 7 1 18 6 4 19 29 0 4 6 4 3 17 5 5 6 17 0 6 1 5 14 9 1 4 1 3 6 13 2
6 4 3 7 6 18 1 6 9 10 7 2 4 1 4 4 18 2 7 2 2 4 0 1 1 8 3 2 8 13 4 0 1 4 5 1 2 3 6 7 1 3 7 1 0 0 0 0 3 26
0 8 6 1 2 1 11 0 4 2 1 0 8 1 5 3 10 0 4 0 2 0 2 2 4 0 4 1 14 4 7 5 0 10 0 5 0 1 4 3 6 5 0 1 0 6 1 16 5 3
0 0 0 2 1 0 0 0 2 0 0 1 0 0 0 0 0 0 0 0 0 1 0 0 0 0 0 2 0 1 0 0 0 0 0 0 2 0 0 0 0 1 1 0 0 0 0 0 0 0
1 0 0 2 0 2 0 7 10 14 8 9 0 10 0 0 7 8 2 1 7 0 10 4 11 20 1 0 7 2 5 3 1 1 1 7 10 4 1 5 3 4 1 5 3 1 0 4 0 3
0 0 2 1 0 1 1 0 0 0 4 0 1 0 0 0 1 0 0 0 0 0 0 0 0 0 0 0 0 0 0 1 0 0 1 0 2 0 1 0 0 0 2 3 0 0 0 4 2 0
0 7 7 1 0 5 6 7 5 17 15 8 10 17 10 3 38 52 1 18 2 5 5 0 12 11 19 8 2 4 57 4 0 3 12 0 0 4 10 1 18 25 7 4 0 12 5 4 1 4
4 3 1 10 3 19 1 0 22 3 13 3 2 11 3 21 7 1 4 11 2 0 7 5 2 41 7 13 19 0 44 3 15 5 3 20 5 1 1 15 10 27 7 9 0 9 8 3 4 3
0 0 9 0 2 4 0 13 1 5 11 8 0 2 0 3 0 0 1 3 1 0 2 0 3 1 3 1 2 0 1 0 5 0 6 15 0 5 2 0 26 2 3 1 0 7 3 5 2 4
2 10 0 5 1 1 5 6 12 3 2 1 0 6 0 5 3 4 1 13 0 0 3 5 0 2 4 4 3 0 1 2 5 1 6 2 5 3 12 4 0 4 1 10 3 3 2 0 6 11
1 0 5 1 1 0 0 0 0 0 0 0 0 0 0 0 0 1 0 0 0 1 1 1 0 0 0 1 0 0 1 0 0 0 2 0 2 0 4 1 1 0 0 0 0 1 3 0 1 0
9 1 2 0 11 20 24 3 18 5 1 11 2 2 9 0 10 11 8 2 4 14 3 7 7 12 25 3 2 0 12 4 9 21 1 7 1 5 0 0 5 18 11 18 1 9 3 3 0 16
24 2 7 11 10 15 2 8 16 4 3 6 7 0 9 4 18 1 24 18 9 5 1 17 10 15 6 0 3 21 1 37 2 3 5 3 3 11 7 1 2 3 4 2 18 11 17 10 0 7
1 1 18 0 4 0 0 4 6 14 5 9 1 3 8 6 5 9 0 1 5 7 20 19 1 6 10 16 16 1 34 14 0 4 10 9 1 5 2 0 2 2 3 8 2 5 9 2 28 2
2 0 1 0 0 2 2 0 1 0 4 0 0 0 1 0 1 1 1 0 2 1 0 0 0 0 0 1 0 1 0 0 0 1 1 0 0 1 3 0 0 1 0 1 1 1 0 0 0 0
0 1 0 0 1 0 0 0 0 0 0 0 0 3 1 0 2 1 0 0 0 0 0 0 0 1 0 0 1 0 0 0 1 0 0 0 5 1 1 2 0 0 1 0 0 2 1 0 0 0
0 0 0 0 1 0 1 1 0 0 0 0 0 0 0 0 0 2 0 0 0 0 0 0 0 0 0 0 0 0 3 1 0 0 0 1 0 0 0 0 0 0 1 0 0 0 0 0 1 0
6 5 4 29 5 0 3 18 5 11 5 12 8 1 6 42 2 0 9 17 15 6 9 5 1 2 6 3 15 46 4 14 1 1 2 10 31 14 0 7 9 4 9 6 0 0 5 9 5 0
6 12 17 1 0 0 1 2 0 3 11 7 5 8 10 8 11 1 2 0 2 6 11 10 0 2 5 3 4 12 7 8 3 5 3 0 5 1 0 4 20 11 0 0 21 1 7 0 9 7
0 1 0 5 3 0 6 4 3 10 4 0 11 3 1 6 1 0 3 3 2 1 1 11 8 6 20 4 8 5 6 0 1 0 11 7 0 32 8 8 3 0 0 5 7 5 0 6 11 0
0 0 0 0 2 0 0 0 0 0 0 0 11 0 0 0 4 1 1 0 0 0 0 1 1 1 0 1 0 0 0 0 0 0 0 1 2 0 0 0 2 0 0 0 0 0 0 0 0 2
1 0 0 0 0 0 0 3 0 0 0 0 0 0 0 2 0 0 1 0 0 1 0 1 0 0 4 0 0 0 0 0 0 1 0 2 1 0 0 0 1 1 1 1 0 1 0 0 0 1
0 2 4 3 4 1 0 2 5 2 1 8 7 14 5 4 8 3 2 9 0 8 7 5 4 3 7 0 0 2 6 5 0 4 1 12 10 2 12 2 4 9 1 3 2 3 2 3 2 1
0 0 0 0 0 0 0 0 0 0 0 1 0 0 0 0 0 0 2 0 0 0 1 1 0 0 0 0 0 0 2 0 0 0 1 0 0 0 0 0 0 0 1 1 1 0 0 0 1 0
3 1 1 12 4 6 5 3 1 0 10 22 2 6 0 4 2 11 6 3 1 0 0 3 6 0 5 0 4 1 3 1 0 10 10 1 10 0 0 2 0 3 5 16 3 2 6 0 0 2
2 2 10 0 8 6 8 6 27 4 3 4 19 0 4 0 7 14 0 18 1 3 28 0 11 4 23 3 9 4 5 5 9 2 6 18 7 25 2 23 2 3 3 8 7 36 3 24 13 11
0 0 0 0 5 1 0 0 8 1 0 0 0 0 0 0 1 0 1 1 1 1 2 0 0 0 0 0 0 1 0 0 0 1 0 0 0 0 0 0 0 0 2 0 0 0 0 0 0 1
2 3 2 0 3 4 16 0 4 0 35 2 4 0 1 0 12 2 12 2 6 7 0 0 1 1 1 0 5 13 0 0 1 7 0 8 3 2 3 3 4 4 0 3 1 1 0 9 7 1
5 13 1 20 6 0 18 2 1 9 5 7 20 2 9 0 13 1 13 9 7 6 11 2 3 9 2 0 6 1 11 8 11 8 14 6 9 1 20 4 31 0 23 0 0 7 13 36 18 0
29 7 1 6 8 14 4 4 4 3 11 9 1 0 0 1 2 13 5 4 2 1 1 14 16 5 2 4 8 3 0 0 30 5 7 8 2 13 2 4 4 11 7 1 0 6 2 13 12 8
0 0 5 3 0 4 11 5 5 2 0 1 3 4 1 13 3 0 0 0 5 0 13 5 14 2 2 2 5 0 9 0 0 2 9 5 4 1 7 8 5 3 31 1 0 0 0 9 3 2
0 0 5 0 3 2 1 2 0 7 6 0 3 0 8 1 0 8 4 3 0 11 3 4 1 3 0 3 4 6 9 0 1 20 7 7 5 2 4 5 0 9 7 17 0 32 14 6 3 6
5 21 4 2 6 1 5 1 6 6 1 4 11 11 13 3 11 0 9 5 15 0 12 3 22 10 0 17 11 19 19 1 15 13 3 2 3 0 4 30 3 31 6 9 15 15 8 11 1 32
2 25 6 2 5 2 9 9 9 9 10 4 8 4 4 1 7 7 6 4 3 1 0 40 3 8 4 1 9 24 0 2 16 29 9 1 9 1 24 0 1 7 10 8 0 2 2 10 9 23
1 0 0 0 1 0 0 0 0 2 0 0 0 0 0 1 0 0 0 1 1 1 0 0 0 0 0 0 0 3 0 0 0 0 0 0 0 0 1 0 3 0 0 0 0 0 0 0 0 0
0 0 0 1 2 0 0 0 1 0 0 0 0 0 0 0 0 1 1 0 1 0 3 1 0 0 0 0 0 0 2 0 7 0 0 1 0 0 0 0 0 0 0 0 0 3 0 0 0 0
0 0 0 1 0 0 0 0 0 0 1 0 0 2 1 0 0 0 1 0 0 0 0 3 0 0 1 0 0 0 0 0 0 0 3 0 0 2 0 2 1 0 0 1 1 0 0 1 0 1
0 8 11 8 0 0 5 0 1 1 2 0 0 0 1 15 0 7 1 1 1 0 2 0 6 0 4 0 6 7 0 3 1 0 11 0 2 0 1 1 0 0 0 4 8 10 9 8 2 0
0 0 0 0 5 1 2 0 0 1 0 1 0 0 0 32 0 0 0 0 0 0 0 0 10 0 1 1 0 1 0 10 0 0 1 0 0 0 0 3 6 0 0 2 0 0 0 0 0 1
6 3 15 5 3 3 6 1 0 0 3 8 7 0 6 5 0 0 2 0 9 8 9 9 13 2 0 0 0 1 0 4 2 3 1 4 5 2 4 6 17 3 9 1 6 3 2 7 3 1
3 0 0 0 0 0 1 0 1 2 0 0 0 1 0 0 0 0 1 0 0 2 1 0 0 0 0 1 0 0 0 1 0 1 0 0 0 0 1 0 0 0 0 0 1 0 0 0 1 0
15 10 0 0 0 9 7 2 1 8 19 4 3 30 1 17 0 1 3 2 22 0 12 0 1 8 4 10 25 22 0 13 2 8 14 12 0 4 0 8 23 3 0 4 25 9 1 13 7 2
0 8 4 8 1 9 9 0 4 2 8 0 4 1 2 4 9 2 3 2 4 3 2 7 0 2 3 2 1 0 0 1 3 0 1 5 0 1 1 1 14 0 6 1 4 6 5 2 0 6
3 3 14 1 18 2 15 35 2 3 0 3 3 9 3 1 1 2 18 2 3 2 0 1 1 4 1 6 8 5 0 4 10 3 5 1 11 0 6 1 2 2 0 5 3 5 3 2 0 13
2 1 11 1 4 8 3 3 9 11 0 1 4 0 0 1 0 3 1 2 0 5 1 0 0 1 2 0 1 0 10 18 6 10 2 6 9 0 2 3 2 0 0 2 11 0 5 3 6 9
0 0 0 1 1 0 0 0 0 3 0 0 0 1 2 0 0 2 0 2 0 0 1 0 0 0 0 0 1 0 1 0 1 0 1 2 0 0 0 0 0 0 0 1 0 0 0 2 2 0
0 2 1 11 5 2 1 1 6 26 4 2 1 0 4 1 0 3 4 3 0 1 3 5 5 1 3 0 3 3 6 2 4 1 2 2 4 1 0 10 0 2 5 6 2 16 6 6 6 7
7 4 4 7 2 4 18 7 0 10 4 6 5 3 4 20 3 5 8 1 13 6 6 0 0 4 7 7 2 4 0 0 1 0 5 6 5 0 3 3 1 4 2 0 2 0 19 0 3 1
3 17 9 15 0 1 0 3 10 1 3 14 0 3 5 3 4 1 1 3 2 0 0 8 0 10 25 2 1 0 3 5 0 4 0 4 9 2 2 4 1 10 1 12 1 0 4 7 10 0
11 0 7 0 1 8 0 1 35 11 0 8 2 15 11 4 15 5 3 3 4 2 1 0 8 5 4 3 3 2 1 1 0 8 1 0 7 2 5 0 0 0 7 5 4 2 0 0 4 14
4 0 0 0 1 0 0 0 0 0 0 0 0 0 3 0 0 2 0 0 2 0 0 0 0 0 1 0 0 4 0 1 1 0 0 1 0 1 0 1 1 1 1 1 0 0 0 0 0 0
1 1 18 2 1 0 3 2 4 0 7 0 13 0 4 0 5 13 0 1 11 0 2 3 3 1 4 5 9 3 7 1 0 0 1 10 0 0 1 0 6 6 10 3 22 3 19 1 0 2
8 1 0 0 0 0 1 0 0 2 1 0 1 0 1 0 0 0 1 0 0 0 0 0 0 0 0 2 0 1 0 0 0 0 0 0 0 0 0 0 0 0 0 0 0 0 1 0 0 1
3 11 6 13 19 0 4 5 19 7 5 0 11 45 7 18 0 2 7 1 3 5 1 0 13 3 4 2 14 6 14 10 1 1 1 12 1 2 4 7 4 2 3 11 1 5 11 1 2 12
1 4 13 9 8 9 0 4 11 1 10 1 2 2 5 3 1 9 2 0 5 1 13 0 0 0 4 0 2 3 5 13 4 2 2 7 7 2 0 5 1 0 0 1 3 3 1 0 2 2
4 2 3 5 35 4 4 0 0 3 1 2 1 0 0 2 1 3 11 0 1 6 0 1 3 6 11 2 0 2 9 7 1 1 0 3 3 3 1 5 5 12 3 13 2 8 0 0 0 0
1 1 10 4 1 1 19 2 1 0 1 12 2 4 5 1 15 3 33 0 1 6 1 5 3 6 0 2 13 2 2 2 9 2 0 3 0 5 7 12 13 0 2 4 3 1 1 13 2 16
2 1 4 7 4 5 2 0 0 10 9 8 1 1 17 0 11 1 15 20 9 0 14 7 2 13 19 51 16 28 4 8 4 6 2 1 26 1 5 3 4 1 7 3 8 6 16 12 5 5
3 0 9 1 1 0 7 1 0 0 1 10 4 9 1 7 1 5 6 0 0 6 3 6 2 6 0 2 3 0 4 5 4 10 0 3 2 0 8 4 1 7 2 3 8 0 1 7 3 10
4 3 11 10 1 7 8 2 11 3 1 6 0 44 13 0 42 19 7 6 5 1 8 9 6 4 17 13 3 16 10 32 4 7 4 0 0 23 1 2 1 5 0 2 13 16 0 8 4 23
0 0 0 1 0 2 0 0 1 0 0 1 1 0 0 0 0 2 0 1 0 0 0 1 2 1 0 0 5 0 0 1 0 1 0 0 0 0 4 1 0 1 0 0 0 0 0 0 1 0
3 2 6 5 3 18 1 0 1 3 5 4 0 6 0 6 1 3 7 12 5 4 9 12 9 1 5 9 0 0 2 0 2 4 14 3 7 1 7 0 4 7 3 0 3 6 12 9 0 5
11 2 10 4 1 0 1 11 0 4 10 10 3 1 2 4 0 11 2 2 0 0 5 2 2 13 5 8 0 2 1 3 0 6 1 5 7 6 2 10 1 3 11 6 10 9 2 0 1 1
2 1 8 6 5 1 4 12 7 4 0 12 2 16 0 6 1 1 8 13 27 11 18 7 22 0 1 30 8 14 1 1 16 7 12 5 4 4 11 8 15 30 12 5 3 1 0 21 2 4
