16 6 2 1 12 33 15 4 13 5 12 0 3 3 7 10 3 0 1 2 7 1 8 3 14 11 6 0 13 16 3 0 0 4 0 27 2 7 5 1 10 7 1 7 1 4 3 9 4 2
0 0 0 0 0 0 0 0 0 0 0 0 0 0 1 0 0 4 2 1 0 5 2 0 0 0 0 0 1 0 0 2 0 0 1 0 1 3 0 2 3 0 0 0 0 0 0 0 0 0
16 9 3 2 1 1 9 4 21 2 0 0 6 1 5 0 3 11 3 1 1 0 5 3 1 5 3 0 0 0 0 2 13 0 3 3 1 6 1 4 6 2 3 3 3 1 0 3 0 10
2 4 3 0 0 1 2 0 1 2 7 0 6 5 0 0 2 4 2 1 5 5 0 0 0 1 1 2 15 1 3 7 2 7 9 2 7 1 1 1 3 2 12 1 6 3 5 12 0 3
3 12 3 4 2 0 0 0 2 1 1 0 5 1 0 1 0 0 6 1 2 0 10 8 7 0 8 27 6 0 1 0 4 0 0 5 0 12 7 2 0 2 0 6 0 1 0 6 4 0
2 15 1 1 1 3 3 0 0 8 0 0 1 13 6 5 3 0 0 2 0 0 0 2 14 3 14 6 11 4 1 7 7 4 2 9 10 7 10 4 0 1 10 3 3 3 0 0 0 2
0 18 8 6 3 19 29 10 1 1 15 3 4 0 11 13 10 4 9 9 2 2 4 38 1 9 10 5 2 2 22 1 17 15 18 13 10 5 0 3 6 2 7 4 0 50 13 9 0 1
1 0 0 1 0 0 0 0 0 0 0 0 0 0 0 0 1 1 0 0 1 0 0 0 1 2 0 0 0 0 0 2 1 1 0 0 0 0 0 0 0 4 1 0 0 0 0 0 0 2
0 0 0 0 0 0 0 0 2 0 0 0 0 0 0 0 0 0 0 2 0 0 0 0 0 0 0 0 0 0 0 0 0 0 0 1 0 0 0 0 2 1 0 0 0 0 0 1 0 1
0 0 0 1 1 0 0 0 0 0 0 0 1 0 0 0 0 0 0 0 1 0 0 0 5 1 0 2 0 0 1 1 0 0 1 3 1 0 0 0 1 0 0 0 0 3 0 0 0 2
0 0 4 0 0 0 0 1 0 0 1 0 0 0 0 0 0 2 0 1 0 0 0 0 0 0 0 0 1 2 0 0 0 0 1 0 0 2 0 0 0 2 0 1 0 0 0 0 1 0
8 0 0 0 4 0 0 0 0 0 1 0 0 0 2 1 0 0 0 0 0 0 0 0 0 1 0 0 1 1 1 0 0 0 1 1 0 0 0 0 0 0 2 0 4 0 0 0 0 1
6 2 0 3 1 0 0 0 0 3 0 0 3 1 3 1 0 8 5 0 0 0 3 0 0 0 2 1 5 1 2 0 1 0 3 3 0 7 6 2 5 4 0 0 0 1 0 16 0 0
1 6 3 0 4 17 8 0 2 3 3 1 4 0 0 3 1 2 0 0 1 4 0 5 1 2 3 0 10 1 0 0 0 0 5 4 1 4 0 2 1 8 0 0 1 3 6 4 2 12
0 0 0 17 0 1 0 0 0 0 0 0 0 0 0 2 0 1 0 0 0 0 0 0 3 0 0 0 0 0 1 2 0 0 0 0 0 1 0 0 0 0 4 1 2 2 0 1 3 0
2 15 0 1 8 6 2 2 1 4 4 1 0 3 0 2 1 2 4 10 9 0 1 1 0 0 1 4 1 0 5 4 6 10 0 0 3 2 5 0 0 1 0 1 3 5 0 16 0 0
1 3 3 15 10 8 1 5 3 0 6 11 8 13 15 18 8 0 6 7 1 13 9 1 1 34 5 14 4 7 0 6 0 13 27 10 15 1 8 2 2 30 0 3 3 11 1 0 5 2
0 0 0 0 0 0 0 0 0 0 1 0 0 0 0 0 1 0 0 2 0 1 0 2 0 1 0 1 0 0 0 0 0 0 0 0 0 1 0 0 0 0 1 1 0 2 1 0 0 1
9 12 15 1 7 2 2 9 11 23 3 0 8 9 1 1 11 0 5 2 5 0 8 0 15 10 13 0 4 2 1 2 19 0 16 11 3 3 6 3 0 0 2 1 1 2 3 0 1 2
1 0 0 0 1 0 3 2 1 0 0 0 3 1 0 1 0 0 1 3 4 0 1 3 0 0 2 1 0 1 11 0 0 2 1 0 2 0 0 0 0 1 0 1 0 0 0 0 0 0
6 8 11 6 4 1 23 4 18 1 2 2 7 11 18 1 0 3 6 10 4 2 2 8 0 10 1 8 24 17 5 3 3 31 12 4 6 13 2 4 17 9 4 5 23 1 0 1 0 3
4 5 20 24 13 11 1 0 12 5 6 35 11 6 2 1 11 9 19 1 9 22 11 3 21 21 61 10 6 12 0 11 8 14 14 3 15 12 13 8 3 13 0 8 1 7 13 41 2 1
2 0 1 0 0 0 1 0 0 0 1 3 0 0 2 0 1 0 0 0 0 1 0 1 0 1 0 0 2 0 1 0 0 1 0 3 0 1 0 0 0 1 0 0 0 2 0 0 1 0
1 5 4 2 0 10 3 4 1 1 3 1 1 1 6 12 0 0 0 2 9 9 10 2 4 1 5 5 2 4 4 1 4 9 2 4 19 4 4 2 15 1 3 1 0 4 3 4 0 10
0 7 1 3 0 0 3 0 0 0 0 0 0 0 1 7 1 1 0 0 1 0 0 0 0 0 0 1 0 0 0 0 0 0 1 0 0 1 0 0 0 0 0 1 0 0 0 0 1 0
0 1 0 0 0 0 0 25 0 0 1 5 0 0 1 0 1 0 0 1 0 0 1 0 0 0 0 1 0 7 2 0 0 2 1 0 3 0 0 0 0 0 1 0 0 0 1 1 0 3
17 0 2 5 2 6 2 4 12 0 5 6 4 2 0 0 1 0 1 2 7 2 4 24 2 0 3 2 0 2 6 7 2 3 0 4 5 0 7 3 2 1 9 21 19 34 0 5 2 0
0 8 0 1 8 3 31 2 3 4 1 0 9 2 4 4 17 5 1 4 4 0 37 15 2 3 1 3 0 0 2 18 12 2 3 8 9 6 7 20 2 4 5 3 4 6 0 0 6 6
0 5 3 1 1 3 17 8 1 0 2 3 7 3 3 9 2 6 10 0 4 2 6 5 0 1 15 4 11 2 4 10 0 18 3 1 0 0 4 1 4 0 8 4 8 0 2 8 2 3
10 10 11 11 16 6 0 1 2 3 5 3 4 4 4 4 0 0 1 4 1 1 13 1 0 5 0 0 2 7 0 4 5 10 5 0 2 8 3 0 3 9 0 2 1 2 9 4 7 0
19 1 2 3 4 13 10 7 5 46 2 1 0 10 40 1 4 16 1 11 5 0 6 2 7 17 6 34 10 4 2 3 5 1 28 13 4 13 10 4 3 2 10 26 9 0 4 7 7 4
1 0 6 0 0 16 2 2 1 0 3 13 3 7 3 0 23 12 5 4 0 1 2 25 0 1 4 5 5 20 33 1 8 2 5 4 7 2 3 1 0 6 6 3 0 21 3 4 1 3
5 0 10 4 13 4 2 3 1 3 3 1 1 1 10 8 1 8 0 0 3 1 7 1 1 5 1 7 3 1 0 2 2 4 5 0 4 2 0 0 0 1 2 4 3 6 2 1 0 3
0 0 0 0 1 0 0 0 1 0 0 0 1 1 0 0 0 0 0 0 0 1 0 1 0 0 0 1 18 0 0 0 1 1 0 0 0 0 0 2 0 0 0 0 0 0 0 1 2 0
13 0 9 2 3 3 3 1 9 2 7 9 3 1 1 0 11 25 8 6 2 12 24 3 17 4 1 2 0 2 3 3 13 16 7 8 0 8 1 4 1 4 5 6 4 30 2 27 8 8
11 27 10 6 1 1 2 3 0 2 1 8 8 0 5 13 1 23 26 9 3 2 5 68 8 8 1 11 5 11 4 5 6 0 4 1 2 4 1 10 6 4 3 0 3 1 1 6 9 10
1 0 0 14 5 9 0 3 1 1 0 13 13 1 5 5 0 1 1 1 0 0 6 6 2 1 8 4 1 0 1 2 0 7 5 7 0 4 2 17 13 6 5 1 5 9 1 7 0 2
0 0 0 1 1 2 0 0 0 0 0 0 0 0 0 0 0 1 0 1 0 0 0 0 0 0 0 1 0 1 0 0 0 0 1 0 0 1 0 1 0 0 0 0 0 1 1 0 1 0
2 2 0 4 5 5 4 23 1 3 2 19 4 0 10 3 3 2 1 7 16 1 4 1 1 0 3 3 3 23 0 0 1 3 1 0 3 0 13 0 1 2 8 3 0 3 2 2 0 0
21 21 6 1 3 1 1 8 12 5 10 0 4 3 8 10 6 5 5 10 3 2 3 8 1 14 3 10 9 15 16 9 16 17 15 23 17 0 45 2 5 3 2 3 4 1 0 6 10 22
1 1 3 2 14 1 9 0 4 0 6 3 1 2 0 1 0 3 8 0 4 4 1 0 11 0 2 9 0 2 6 0 8 19 1 4 4 1 2 1 3 5 7 4 1 6 1 1 2 3
1 2 0 3 9 4 3 10 10 0 6 2 0 0 7 0 34 22 9 0 3 3 24 0 0 16 0 7 3 9 8 9 7 5 1 3 9 7 12 8 10 3 12 9 4 5 13 5 10 1
0 0 0 0 0 0 0 1 0 4 1 0 0 0 0 0 1 0 0 0 1 0 0 0 0 1 8 0 0 0 1 0 1 1 0 1 0 1 0 0 1 0 0 0 0 0 2 0 3 0
12 3 0 3 5 0 9 0 1 0 26 0 5 0 27 2 9 6 0 1 6 0 10 0 2 6 3 8 2 2 2 17 1 4 1 5 3 3 2 0 0 3 0 1 12 3 6 9 5 8
5 0 9 5 1 7 2 8 4 7 6 19 3 10 15 1 0 14 3 2 0 4 13 11 9 3 0 0 8 0 0 7 1 20 3 19 10 11 2 11 8 6 8 2 5 7 16 9 15 2
3 1 7 2 2 5 16 5 2 1 9 1 0 9 1 3 24 9 16 8 7 7 0 6 4 2 0 10 7 8 0 0 28 2 2 12 17 1 3 3 8 6 1 2 2 3 12 9 8 18
2 4 2 8 5 0 5 1 1 8 14 7 2 9 0 13 4 0 9 2 2 12 2 4 10 4 18 3 1 5 9 5 3 13 2 6 8 4 0 6 4 2 3 3 2 6 3 2 1 1
0 0 0 3 0 0 0 0 0 1 1 0 1 0 0 0 0 1 1 3 0 1 0 1 0 0 0 0 0 1 0 0 0 0 1 0 2 0 0 0 0 0 0 0 0 0 1 1 1 0
0 1 0 0 0 0 0 0 0 0 2 0 0 2 0 3 0 0 0 2 0 0 0 1 2 0 0 1 0 0 1 0 2 0 0 0 0 0 0 0 0 0 2 0 1 0 1 0 0 0
3 25 3 3 4 13 0 17 2 1 19 0 12 5 18 5 8 16 3 4 4 19 8 0 0 2 2 22 0 0 3 6 1 3 2 9 8 2 2 19 22 6 44 34 3 16 4 11 4 2
0 0 0 1 0 3 0 1 1 0 5 0 0 1 1 0 0 0 0 1 4 0 1 0 0 0 0 0 1 1 0 0 0 0 1 0 0 0 0 0 2 1 0 0 2 0 7 0 0 0
1 0 0 0 0 0 0 0 0 4 1 0 0 0 0 0 0 0 14 1 0 0 0 1 5 0 0 1 0 0 0 0 0 0 0 3 0 0 11 0 0 0 0 0 0 1 2 0 0 0
7 4 5 1 2 1 0 2 2 7 1 0 3 0 5 8 14 10 0 2 3 5 0 5 0 6 2 0 0 11 3 4 9 16 3 2 1 4 11 1 5 5 6 0 2 8 3 1 0 4
0 1 0 1 0 0 34 0 1 2 0 0 0 1 11 0 1 0 0 8 0 0 0 0 0 0 0 0 3 0 0 0 1 0 2 0 0 0 0 1 0 0 0 0 0 0 2 0 2 2
5 1 8 0 0 0 12 0 1 0 2 11 3 1 1 1 9 4 1 0 2 7 5 4 11 8 5 4 3 3 0 12 0 4 0 0 4 16 13 0 7 11 0 17 4 1 0 7 4 6
2 5 3 0 4 0 0 4 0 0 3 2 5 2 0 0 1 4 1 0 3 0 23 2 2 1 6 2 0 0 1 3 19 15 4 0 2 0 2 0 13 0 9 0 4 0 11 6 4 0
0 0 0 0 0 2 0 1 0 1 0 1 0 0 0 0 0 1 0 0 1 0 1 0 0 0 0 2 1 0 0 0 0 0 0 0 0 0 0 2 1 1 0 0 3 0 0 0 0 0
3 0 5 0 0 0 0 0 4 0 1 0 0 3 1 0 1 7 0 0 0 5 0 1 1 0 1 0 0 0 0 0 10 0 0 0 0 1 0 0 3 0 0 0 1 0 0 0 1 0
5 6 9 15 2 14 0 2 12 2 2 7 22 1 12 0 4 0 14 2 3 10 0 4 28 4 0 2 8 20 1 1 0 4 11 3 5 1 17 12 6 19 23 4 20 6 9 0 3 17
6 1 44 6 3 0 10 20 19 0 1 24 0 32 0 1 1 1 3 21 6 3 19 1 5 11 3 0 3 8 3 1 3 2 4 4 3 30 3 0 3 6 7 2 10 0 8 1 12 5
4 5 4 5 13 2 16 21 2 0 3 4 1 8 14 16 19 40 0 4 1 1 1 2 2 11 10 2 31 2 7 7 1 43 25 1 2 2 0 5 7 7 0 3 2 4 6 0 6 22
0 5 4 15 15 6 31 6 8 0 2 0 5 7 11 0 1 48 12 8 0 9 5 1 1 0 1 28 12 23 5 3 4 3 2 6 34 4 14 3 1 15 5 1 2 4 26 18 0 8
0 2 0 0 0 2 0 2 0 0 0 0 0 8 4 0 7 0 0 8 0 0 2 0 0 4 1 0 1 2 7 0 0 7 1 1 2 0 0 0 0 1 1 0 0 0 0 1 0 1
2 1 1 0 0 1 2 12 0 10 1 5 1 7 0 12 1 13 4 15 9 8 0 1 0 0 0 0 1 2 1 8 0 3 0 7 0 0 3 5 1 0 0 1 7 0 3 13 0 8
0 0 0 0 0 5 4 2 0 0 8 4 0 0 0 0 0 0 0 4 23 0 1 1 0 13 0 0 0 2 4 7 0 15 0 0 0 0 1 0 0 0 0 4 1 0 4 0 0 2
0 0 0 0 1 0 0 1 1 0 0 0 0 0 0 0 4 0 0 0 0 3 0 2 0 0 0 0 0 1 0 0 0 0 0 0 0 1 2 0 0 0 1 0 0 0 0 0 0 0
0 1 2 0 0 0 1 1 0 0 0 0 0 1 0 3 3 1 0 0 0 0 7 0 2 0 0 3 2 1 0 0 0 0 1 0 0 0 0 1 4 1 0 1 2 1 0 0 0 0
0 7 1 2 6 12 12 2 3 0 0 4 2 1 7 7 3 4 0 8 4 6 0 0 1 4 0 1 0 7 9 2 4 3 3 4 1 8 0 13 0 0 5 6 7 3 1 10 7 2
5 4 10 3 7 1 10 2 1 1 0 22 11 13 4 15 0 5 1 0 3 10 7 1 0 0 8 2 3 3 28 8 8 3 1 9 0 3 6 4 2 5 2 1 14 5 20 4 6 10
7 21 11 11 8 1 2 10 5 0 8 3 1 9 6 4 2 10 4 7 36 25 6 9 5 8 2 23 3 1 20 5 4 19 8 2 15 27 22 15 4 2 8 4 3 4 5 0 1 22
7 10 15 0 3 2 0 0 0 2 3 2 4 0 0 5 3 4 0 0 1 5 7 2 4 1 0 0 6 6 6 2 2 6 7 1 0 9 6 0 0 2 0 1 9 8 0 0 4 3
1 0 7 6 1 7 0 1 1 3 1 2 2 15 3 14 4 4 0 3 6 2 3 9 4 3 0 1 10 14 21 2 1 8 8 0 1 5 5 3 2 0 1 4 7 2 17 9 15 1
0 1 1 0 1 0 1 0 0 1 1 4 1 0 1 3 0 0 0 3 0 0 1 0 1 3 2 0 1 0 0 0 0 1 0 0 0 0 0 0 0 0 0 0 0 0 1 0 1 0
3 4 5 3 3 1 3 3 7 0 8 3 1 0 4 2 12 2 0 0 4 4 16 11 5 3 1 6 6 11 2 3 6 11 11 1 15 8 0 8 13 3 7 2 0 9 3 1 5 6
4 1 1 0 0 0 0 0 1 2 0 0 1 0 0 0 3 3 5 0 0 3 0 0 6 0 0 0 1 0 0 0 4 1 1 7 0 5 10 2 0 0 12 15 2 1 0 23 4 0
3 20 18 0 4 11 0 16 4 8 19 7 20 3 7 16 3 26 36 5 18 8 3 5 10 4 1 26 16 6 15 25 37 2 13 17 25 8 28 9 6 15 8 17 15 3 4 21 0 3
1 13 2 4 1 0 4 1 0 42 4 4 1 8 3 9 1 2 0 1 0 1 4 5 0 0 6 4 0 8 3 11 4 0 8 11 2 4 0 0 5 14 1 1 7 12 1 2 1 15
1 11 1 1 1 3 1 1 8 0 1 1 3 6 23 0 5 1 12 4 1 1 0 13 1 4 1 0 1 9 0 2 8 1 5 0 6 1 4 6 1 2 3 2 0 1 2 0 7 0
7 4 14 2 1 0 0 0 1 14 8 0 1 2 1 6 3 0 5 2 2 0 0 0 3 6 8 4 2 7 5 5 0 14 5 1 1 0 12 1 5 2 0 6 2 7 6 3 2 12
2 0 2 3 7 4 5 0 2 0 19 3 0 5 0 4 12 0 2 3 26 2 1 1 6 4 6 10 2 3 9 0 0 0 8 1 1 3 1 5 7 4 3 0 5 0 9 5 4 2
1 1 9 0 5 9 4 14 19 12 12 2 11 12 3 15 3 19 4 2 40 14 36 7 0 6 8 9 10 0 4 11 1 22 15 7 30 20 12 12 3 6 15 7 3 30 1 5 6 0
9 14 1 9 1 0 17 8 0 3 4 2 8 15 3 0 1 5 0 0 0 0 1 7 10 0 8 2 2 0 11 2 4 1 2 9 1 0 0 5 6 3 0 1 0 5 1 6 0 1
1 5 1 0 1 4 8 13 0 0 1 0 0 0 1 1 1 0 0 15 7 1 1 1 0 1 0 0 1 3 0 4 0 11 0 1 27 0 1 0 1 0 0 0 0 0 6 0 0 5
11 0 3 4 1 5 0 5 4 6 23 0 0 4 8 7 8 5 3 15 28 2 0 12 10 19 9 2 6 7 7 18 27 16 0 12 5 6 41 2 17 18 28 9 25 1 6 14 8 9
0 0 0 0 1 0 0 0 0 0 1 0 0 0 0 0 0 0 1 0 0 2 0 0 0 1 0 0 0 0 1 2 1 0 0 0 0 1 0 0 2 0 0 1 0 0 12 1 0 1
19 1 26 7 7 1 6 24 7 13 2 2 10 20 4 3 1 1 7 1 5 1 14 12 0 3 14 7 11 5 7 4 21 11 6 22 2 7 4 21 3 9 0 0 12 4 2 6 23 1
18 0 0 18 0 13 2 0 12 11 4 3 4 11 3 3 9 6 4 9 20 3 1 2 3 8 0 11 5 1 1 16 7 13 1 9 0 4 4 1 7 4 21 0 1 1 1 3 3 0
0 12 2 11 4 16 14 10 5 11 0 7 3 11 7 3 23 1 1 7 5 2 2 2 0 2 0 11 1 2 21 23 1 3 1 6 20 0 0 2 2 4 17 2 0 2 2 3 0 0
26 3 0 1 9 27 0 0 0 0 9 3 3 4 1 0 6 2 2 5 7 0 2 1 6 6 9 12 3 10 5 11 2 11 4 1 0 15 11 0 3 5 0 0 5 4 0 10 0 0
1 0 0 0 0 1 0 0 2 1 0 0 0 0 0 0 0 0 1 2 0 0 0 0 2 0 0 0 0 0 0 0 0 1 1 2 0 0 1 0 0 0 1 0 0 2 0 0 0 0
4 21 19 3 2 2 12 22 15 6 1 23 1 6 11 1 2 18 20 8 18 10 4 0 34 15 5 2 3 28 7 3 17 5 17 9 45 6 2 5 3 10 0 35 1 5 2 39 1 14
6 9 4 15 7 13 0 7 3 10 16 8 0 2 11 15 3 19 0 9 7 7 15 8 0 1 6 2 6 11 10 24 2 17 14 3 2 12 8 18 0 5 11 9 7 3 8 14 1 11
1 1 1 10 16 7 6 5 6 7 15 0 56 3 0 19 1 13 0 8 21 1 1 12 11 16 8 6 7 6 2 14 24 12 10 20 2 3 23 10 2 10 13 12 8 6 11 3 1 16
0 6 1 8 0 6 3 0 7 2 0 19 2 3 1 24 3 2 13 34 1 8 5 2 1 10 1 28 17 8 0 1 1 2 1 16 0 11 0 1 1 5 13 16 3 0 22 3 1 17
8 0 1 0 0 3 1 2 0 0 0 1 1 0 0 0 1 0 0 0 2 0 1 2 0 1 0 0 1 0 0 2 0 0 0 0 0 0 0 0 0 2 0 0 0 0 0 0 0 0
9 20 11 1 1 14 24 9 5 2 1 7 4 25 3 1 2 12 18 0 3 1 2 0 4 1 7 4 0 2 9 0 18 6 0 4 1 12 13 2 8 7 13 0 22 0 39 16 1 0
0 1 0 0 2 1 0 1 0 3 0 0 0 0 0 0 0 1 0 2 0 0 0 0 1 1 0 0 0 0 1 0 0 0 0 0 3 0 0 1 0 9 1 0 0 0 0 0 0 0
1 0 0 0 0 0 1 0 0 2 0 2 0 0 0 1 1 0 0 1 0 1 0 0 0 0 1 0 1 1 0 0 0 0 0 1 1 0 0 0 2 0 1 0 0 0 2 1 1 0
13 2 11 0 2 7 8 5 0 4 0 1 0 2 1 5 11 0 4 9 6 2 15 3 1 0 0 1 3 1 10 2 2 17 3 2 14 2 1 3 2 5 6 0 3 4 1 3 6 2
0 0 1 0 0 0 3 0 0 0 0 1 0 0 0 1 0 2 0 3 0 1 1 0 0 0 1 0 0 0 0 1 0 0 0 0 1 0 0 0 2 1 0 1 0 1 0 0 0 0
