0 0 0 0 1 2 0 2 0 0 0 0 0 2 0 0 0 0 0 0 4 0 0 0 1 1 4 0 0 0 0 0 0 1 0 0 0 0 1 1 0 2 1 3 0 0 0 2 0 1
1 3 0 4 2 1 8 1 2 20 2 4 4 0 0 0 8 4 2 3 2 2 12 11 1 0 0 1 0 1 7 41 0 14 0 3 0 7 0 1 3 6 4 0 5 2 5 2 13 0
0 0 0 0 0 0 3 0 0 1 0 0 0 0 0 1 0 0 0 6 0 0 0 0 0 0 0 0 0 0 0 0 0 0 1 0 1 1 0 1 0 0 0 0 0 1 0 3 0 0
6 5 3 0 3 0 8 1 1 1 0 6 0 1 0 9 1 0 7 1 17 16 1 0 11 4 5 4 1 2 5 0 4 1 2 4 8 7 2 7 3 4 0 2 0 2 2 6 1 0
11 0 1 6 7 1 1 0 0 1 3 8 1 11 4 3 3 2 0 2 1 3 0 0 1 0 0 0 4 2 0 2 0 1 9 0 2 3 11 26 0 3 14 0 0 0 4 1 0 0
0 2 4 5 16 0 1 1 4 2 2 12 1 5 10 0 4 8 1 4 15 0 2 0 4 1 9 2 3 2 0 1 0 2 1 1 19 8 1 5 10 1 16 4 4 0 0 0 13 6
5 2 6 7 1 2 0 3 18 4 4 5 5 6 3 1 4 3 18 9 0 4 6 3 4 7 0 8 17 1 1 4 11 0 2 3 17 5 2 5 0 6 10 0 0 0 0 7 8 1
3 11 9 1 12 1 0 15 2 10 2 22 5 24 2 6 6 7 9 4 3 16 1 12 13 5 2 44 2 1 0 4 2 20 11 2 13 30 2 9 0 5 0 0 1 19 2 2 0 8
0 0 0 0 0 1 0 0 0 0 0 0 0 0 0 1 0 0 0 1 0 0 3 0 1 0 1 0 0 0 1 0 1 0 1 0 1 0 0 0 0 0 2 2 2 0 0 0 0 0
5 5 12 1 0 5 5 9 16 7 1 4 0 3 7 4 5 0 1 0 6 10 0 4 0 3 0 1 0 6 0 1 0 12 5 6 7 3 7 2 1 0 9 0 10 22 0 8 3 6
4 2 1 3 2 2 0 0 1 0 0 5 0 0 0 0 0 0 0 32 2 0 0 0 4 0 0 0 0 0 0 0 0 1 0 0 0 0 0 3 0 0 1 0 1 0 1 0 0 0
4 4 2 2 1 23 7 2 2 5 0 7 0 0 0 2 0 0 5 0 2 2 2 6 1 5 6 25 2 2 1 5 19 6 1 5 10 11 0 3 2 2 3 0 0 0 2 2 0 1
0 1 0 0 0 22 6 0 4 0 6 0 4 1 4 12 7 3 3 1 3 4 5 8 1 6 2 0 6 2 2 15 6 13 2 14 4 4 0 9 3 1 1 1 1 9 4 0 6 4
6 1 6 10 0 1 1 0 8 5 6 2 0 5 9 2 1 11 2 0 11 9 5 4 0 0 0 3 0 3 0 3 1 3 0 2 7 0 2 1 6 1 3 2 12 8 1 1 23 5
3 5 8 8 0 2 3 0 5 6 4 0 5 4 9 2 21 5 10 0 0 4 14 2 0 1 1 1 1 1 5 0 6 0 3 2 0 3 4 15 8 2 1 6 6 1 3 19 0 15
8 0 0 25 0 1 16 0 30 40 18 22 0 8 5 0 4 4 0 3 21 3 2 5 14 1 3 7 7 1 0 10 8 22 5 3 13 4 4 4 3 7 4 5 8 3 12 3 1 9
13 10 1 4 0 2 12 7 2 11 0 1 4 15 4 12 4 0 19 1 5 17 28 3 9 12 10 1 8 7 21 5 1 7 18 0 3 13 3 3 16 5 18 0 0 1 11 15 6 3
0 0 4 3 2 2 0 10 8 5 5 7 4 0 5 1 1 1 2 14 1 0 1 1 1 3 0 9 1 0 5 1 18 1 5 1 1 11 6 6 11 11 0 6 0 1 1 10 0 1
0 1 3 3 4 6 2 4 3 2 1 2 0 2 4 2 2 0 0 19 5 1 1 18 0 7 10 2 15 1 0 6 0 2 2 0 2 0 3 0 3 7 7 0 8 1 2 8 7 8
24 3 30 3 7 1 1 0 36 6 2 22 16 9 4 2 1 8 7 9 2 5 1 11 7 4 4 5 2 3 1 2 1 5 45 6 8 2 0 7 32 1 14 6 5 4 4 9 1 0
3 24 1 7 7 1 1 4 11 1 1 1 1 3 0 7 15 2 1 0 4 3 0 1 5 5 8 2 4 1 2 0 0 0 15 10 5 0 0 4 0 3 2 4 3 6 7 1 0 8
0 1 0 0 0 0 5 0 0 0 0 1 0 0 2 0 2 0 0 0 1 1 0 0 0 0 1 4 0 1 0 2 0 0 0 0 0 1 0 1 2 1 0 5 0 0 6 0 0 0
9 9 3 12 5 1 0 9 12 2 4 2 2 3 12 0 0 4 4 3 10 1 3 16 0 4 13 2 25 1 0 5 3 18 1 7 1 1 38 4 0 12 13 15 12 0 1 2 4 0
8 7 8 3 30 1 5 0 13 10 24 4 10 4 11 1 0 14 0 1 6 16 13 12 5 1 0 5 20 13 12 6 1 7 11 19 2 1 6 58 11 9 1 1 0 7 7 5 2 8
1 6 5 5 1 4 0 1 4 0 8 0 2 3 8 0 0 11 4 5 0 8 0 0 5 2 0 0 4 0 15 2 1 6 1 5 0 8 0 7 0 1 0 0 0 1 0 0 0 1
4 0 0 0 3 0 2 0 3 11 2 1 0 5 1 2 1 1 3 2 0 11 3 11 3 6 4 2 6 6 0 3 3 3 10 24 16 8 5 1 10 4 2 1 0 3 0 7 5 0
0 0 0 1 0 0 0 0 2 0 1 0 1 0 0 0 0 0 0 2 0 0 1 0 2 0 1 0 2 0 0 0 0 0 1 1 0 0 0 0 1 1 0 1 0 0 0 0 0 0
4 8 5 0 3 0 4 6 2 3 18 1 5 1 6 0 1 1 3 0 1 0 4 2 1 10 9 3 16 2 0 4 0 1 2 7 21 0 16 1 4 5 2 0 5 0 0 2 1 0
0 1 0 0 0 1 0 0 0 2 0 0 0 0 1 0 0 0 0 0 1 0 2 0 0 0 0 0 0 0 0 0 0 1 1 1 0 0 0 0 1 0 1 0 1 0 1 0 3 0
3 0 0 0 3 1 0 1 0 1 8 1 9 2 2 1 7 1 2 3 13 0 1 9 3 7 3 5 1 7 1 11 0 3 16 7 14 1 0 18 0 6 1 18 2 6 0 7 0 6
0 0 0 2 0 0 0 0 0 0 0 1 1 2 2 1 0 1 0 0 0 0 0 1 0 0 1 1 0 0 0 0 0 0 0 1 1 0 1 3 1 0 0 0 0 0 1 0 0 0
0 0 0 0 0 0 0 0 5 0 0 0 0 0 1 0 0 0 1 0 0 0 1 0 0 7 2 1 0 0 1 1 1 0 0 1 0 0 0 0 0 1 0 2 0 0 0 0 0 1
0 1 6 6 3 8 0 0 0 1 8 6 0 1 8 2 1 0 6 0 0 10 3 0 0 0 1 0 4 1 3 0 0 2 6 7 0 1 2 0 0 0 0 0 1 0 0 1 1 0
13 11 2 1 0 1 0 4 1 2 2 8 1 5 5 1 3 1 4 5 2 3 7 2 2 5 8 0 7 0 2 1 0 0 1 0 1 0 0 4 2 0 0 0 3 4 0 0 5 5
3 6 4 5 0 4 1 3 3 1 3 0 1 7 10 23 1 1 1 1 3 4 1 0 1 7 0 5 0 0 2 2 1 4 2 21 1 3 10 9 0 0 2 1 1 11 0 6 0 0
1 4 3 2 9 14 3 3 3 4 1 8 27 1 6 2 5 12 7 31 0 1 7 4 11 28 12 4 0 0 13 1 11 10 15 30 0 2 8 8 1 8 12 3 8 10 0 0 3 4
0 0 0 1 1 1 1 0 0 1 0 3 0 1 2 1 0 0 0 0 0 0 1 0 0 0 0 0 0 0 1 0 1 0 2 1 0 1 1 0 0 0 0 0 0 0 0 2 0 7
0 0 2 0 2 0 0 0 0 1 0 1 0 0 0 0 0 0 0 1 0 0 0 0 1 1 5 0 0 1 0 1 0 0 0 0 0 0 1 0 1 0 1 0 3 3 0 4 0 1
1 0 0 2 1 1 1 1 5 0 0 0 0 0 0 0 0 0 0 1 0 0 2 0 0 0 0 0 0 0 0 0 0 1 0 0 0 0 0 1 1 1 0 0 0 0 0 0 0 1
0 0 0 1 0 0 0 0 1 0 0 0 0 0 0 0 1 0 1 1 0 0 0 0 0 0 0 0 0 0 1 0 2 1 0 4 0 1 0 0 1 0 1 0 0 1 0 0 0 0
2 28 1 2 6 24 3 33 0 7 3 23 2 19 5 10 8 4 7 5 3 0 9 5 1 19 10 5 3 8 11 7 2 14 8 1 32 3 0 5 9 2 9 16 9 0 2 3 1 5
1 0 0 0 0 0 1 1 0 2 0 1 0 0 0 0 0 0 1 0 9 0 3 0 0 0 0 0 1 1 0 1 0 0 0 0 0 0 0 0 1 0 0 0 0 0 1 0 0 0
1 4 3 7 13 8 0 23 9 12 6 1 4 6 1 14 25 5 1 0 6 1 4 2 4 0 0 6 1 22 0 3 1 0 6 6 11 11 28 11 3 5 4 10 14 2 0 10 7 0
9 4 0 3 5 10 13 6 26 0 3 4 3 5 10 2 9 5 1 13 1 19 1 19 1 0 3 40 7 0 1 4 15 1 0 15 4 2 16 5 0 1 10 8 0 1 7 2 5 8
2 2 10 1 2 7 15 13 3 3 13 1 7 1 2 0 8 2 8 31 1 2 22 0 1 0 4 0 3 0 6 8 6 16 29 17 0 2 1 7 12 6 1 7 9 16 21 12 26 7
6 2 8 0 21 27 3 10 29 7 3 11 18 9 7 2 8 0 1 8 7 9 2 8 5 21 4 7 14 3 12 1 1 1 14 0 11 0 11 14 1 0 2 10 15 1 3 14 1 3
14 0 1 3 14 6 8 21 3 0 4 7 4 4 4 0 0 25 2 1 0 2 0 1 24 22 1 11 6 2 9 2 2 1 0 4 1 11 6 1 1 5 0 3 1 6 1 8 13 5
0 8 0 6 7 8 6 3 2 8 6 0 0 0 9 2 6 4 0 4 0 12 4 2 1 0 12 0 0 0 0 1 3 0 1 0 5 1 14 1 0 11 1 4 9 3 5 7 0 1
4 5 10 1 8 19 3 1 9 1 4 4 13 6 13 12 2 4 14 15 0 9 4 14 37 3 33 4 17 3 2 1 2 5 3 8 0 6 8 5 4 4 1 7 0 17 1 2 10 5
0 7 9 0 9 0 4 2 4 1 1 6 6 1 2 12 3 0 0 0 0 3 7 0 2 2 2 0 4 1 9 1 0 2 7 3 5 2 2 1 4 1 9 7 8 1 8 5 8 2
0 0 0 0 0 1 1 0 0 1 0 0 1 0 0 0 1 1 0 0 1 0 0 2 0 0 0 1 0 0 0 0 1 1 0 1 5 0 0 1 0 1 0 1 0 0 0 0 0 0
0 0 1 0 0 0 0 0 0 0 0 0 11 0 0 0 0 1 0 0 1 1 1 2 0 0 0 1 2 2 0 0 0 0 1 0 0 0 0 3 0 2 0 0 0 0 0 0 2 0
7 9 10 0 30 7 3 0 15 39 3 6 12 1 7 3 14 3 16 1 0 5 0 0 3 3 51 3 0 0 24 3 10 8 0 11 0 4 20 6 1 3 11 10 6 26 22 0 2 1
0 5 9 1 14 2 0 19 1 3 3 2 2 1 1 2 0 5 2 0 24 3 3 6 4 0 0 3 0 0 4 0 1 0 1 15 4 0 1 0 1 6 0 9 4 0 5 0 0 2
10 0 4 9 2 4 1 9 1 1 4 8 2 10 4 4 2 2 1 1 3 0 1 1 2 5 1 9 0 1 3 1 0 1 1 2 2 3 0 2 6 0 3 3 12 2 2 3 3 0
1 0 0 9 5 0 4 15 6 1 1 5 3 1 0 1 3 1 2 10 2 1 2 2 0 1 22 12 0 0 3 1 4 4 1 2 0 11 2 0 7 1 0 4 3 0 0 2 17 0
0 1 0 0 1 0 0 0 0 2 0 0 1 2 1 2 0 1 0 0 0 2 0 0 0 1 1 0 0 0 0 0 0 0 0 1 3 2 0 1 0 0 6 0 0 0 1 0 0 0
0 1 1 2 0 2 2 0 0 0 0 0 0 1 1 0 1 1 0 3 0 1 0 0 4 0 0 0 0 0 3 1 0 0 0 0 0 0 1 0 1 0 0 0 1 0 1 0 0 0
13 6 17 2 4 24 6 0 5 1 10 11 3 45 0 7 2 5 27 3 3 5 0 2 1 1 7 3 0 0 7 0 6 8 21 7 4 0 13 4 9 4 4 18 8 4 1 0 2 7
1 4 0 0 0 0 0 0 2 1 0 0 0 0 0 0 1 0 0 1 0 0 1 0 0 0 3 1 0 1 0 0 0 0 1 2 5 0 1 0 2 0 0 0 0 1 2 0 0 0
6 24 10 7 10 19 0 9 21 2 2 25 6 3 17 34 10 0 9 14 0 25 2 10 6 11 6 8 4 12 10 1 15 2 32 21 7 2 5 5 2 3 15 0 4 30 21 0 0 11
0 0 1 0 2 0 0 0 0 0 1 1 2 0 1 0 0 1 5 0 0 1 0 3 0 0 0 0 1 1 1 1 1 0 0 1 0 0 0 0 0 0 1 0 0 0 1 0 0 0
8 0 1 1 0 2 17 2 2 0 10 0 3 7 2 10 9 0 1 1 12 15 18 0 4 2 1 7 0 1 3 0 7 1 3 3 1 1 2 2 9 2 8 10 5 10 1 3 0 0
1 1 2 0 0 0 1 0 0 0 0 2 1 0 0 0 1 0 0 0 0 0 0 0 0 0 0 3 0 0 0 0 0 1 0 0 1 2 0 2 0 0 0 0 0 0 0 2 1 2
1 18 13 8 1 17 14 2 2 6 7 5 4 8 7 1 32 1 5 13 13 11 9 7 9 8 0 1 1 6 0 4 13 1 1 2 2 6 4 8 4 6 1 16 4 7 11 1 14 4
0 0 0 0 0 0 0 1 0 0 5 0 0 1 1 0 0 0 0 0 1 1 0 0 3 0 0 1 0 0 1 3 0 1 0 0 0 0 0 1 0 0 0 0 0 0 0 0 0 0
6 0 7 10 0 19 6 10 6 1 8 1 4 2 4 0 1 3 1 20 16 0 3 2 2 29 4 15 6 11 3 0 1 17 4 2 38 11 0 4 4 1 2 13 2 2 5 15 10 8
0 40 17 1 6 4 6 3 1 3 5 2 3 3 2 10 11 9 2 8 7 9 1 8 2 3 0 22 6 21 4 7 2 0 16 2 10 0 5 5 2 28 4 10 4 2 8 5 5 1
2 11 1 8 21 17 39 6 12 1 34 6 1 0 2 2 8 4 5 7 17 1 4 12 28 2 4 1 0 2 1 0 10 5 2 2 2 1 8 4 13 5 0 10 50 13 6 5 4 1
0 0 0 0 1 0 2 1 1 0 0 0 0 2 1 1 2 1 0 0 0 1 0 0 2 0 0 1 0 0 0 1 1 2 1 0 2 0 1 0 0 1 0 0 2 1 0 0 0 1
9 3 0 5 2 13 3 4 3 1 0 3 3 8 4 1 1 3 1 0 4 1 1 0 2 0 0 8 1 0 2 4 4 4 23 0 1 10 9 0 4 0 0 1 4 4 4 2 7 1
0 0 0 1 1 0 1 0 0 0 0 0 0 0 0 0 0 0 0 0 1 0 0 0 2 0 0 0 1 0 1 0 1 0 0 13 0 2 0 1 1 0 0 1 1 0 0 0 3 0
4 5 0 1 8 0 8 5 13 9 0 1 13 12 24 20 1 6 2 1 6 13 2 13 8 0 6 4 39 0 2 3 5 28 22 3 0 3 0 1 4 17 2 0 4 4 8 4 26 6
0 1 0 0 1 0 0 0 0 0 0 1 2 2 0 0 1 0 0 0 0 0 0 0 1 0 1 2 0 0 0 0 0 0 1 0 1 0 0 0 0 0 0 0 1 2 0 1 0 1
4 1 3 6 2 8 9 3 2 0 0 15 2 20 1 0 2 1 7 2 3 7 1 1 0 0 0 8 15 2 6 8 0 2 4 1 1 2 0 4 1 0 4 10 0 0 6 5 6 10
1 0 1 0 1 1 2 0 0 3 0 0 0 0 0 6 0 0 0 0 0 0 2 1 0 1 0 1 0 1 0 0 1 0 1 0 1 1 3 2 0 0 0 1 0 0 1 0 0 0
11 0 4 2 5 0 1 1 20 9 0 2 6 7 9 0 0 16 0 7 7 1 7 2 10 14 21 0 6 7 0 11 4 0 4 3 7 0 1 0 3 3 1 6 3 5 4 2 1 4
4 2 15 31 10 2 16 5 6 0 3 0 4 6 4 4 0 0 15 16 4 1 1 0 12 3 3 3 0 2 0 10 9 5 3 2 4 1 6 0 6 9 9 1 1 0 4 6 11 2
5 8 5 11 7 10 1 8 4 2 4 1 1 1 1 7 10 5 0 0 5 1 4 0 0 6 7 0 10 5 5 3 5 10 7 13 16 0 7 9 1 1 0 14 13 1 6 2 7 0
2 4 4 6 12 2 4 7 6 17 27 6 33 5 1 3 12 17 3 13 4 0 0 12 11 17 43 12 0 4 5 10 5 6 1 40 5 0 0 7 7 0 3 5 12 7 2 7 15 11
3 5 8 0 5 3 4 13 10 6 8 3 6 8 3 2 44 6 11 1 0 24 50 9 0 0 0 7 1 6 12 7 8 14 17 3 25 17 6 1 16 1 0 8 5 12 12 4 5 3
6 8 1 0 6 36 0 10 13 9 2 25 5 11 0 10 3 5 4 6 1 12 7 0 8 2 1 22 0 6 2 2 13 1 17 1 5 3 24 7 2 12 1 26 11 10 2 9 1 1
1 2 0 0 0 0 1 0 0 0 0 3 1 0 0 2 1 1 0 3 0 2 0 1 1 0 0 0 0 0 0 0 1 0 1 0 1 1 0 0 1 0 0 0 0 0 0 0 1 0
6 0 1 21 3 0 11 6 0 0 27 1 15 1 6 14 2 21 11 8 10 15 20 0 14 24 1 1 18 18 3 2 11 8 10 7 0 2 1 0 22 3 15 14 2 9 1 11 12 1
0 0 0 4 1 0 0 2 0 0 1 0 0 0 0 1 0 0 1 1 0 1 0 0 2 0 1 0 0 1 0 0 0 0 0 0 0 2 3 0 1 0 0 1 0 0 0 0 0 3
2 0 6 0 6 8 19 0 6 3 8 5 0 3 2 1 4 4 0 1 1 2 5 5 13 10 0 3 10 1 6 7 7 0 1 1 10 0 1 6 3 2 3 5 3 0 1 1 0 10
3 17 27 6 21 2 1 0 3 14 4 1 0 21 0 2 2 10 5 4 4 4 9 10 3 2 1 1 1 11 2 5 0 7 29 29 9 0 13 1 0 11 14 3 5 0 18 1 14 34
18 3 11 0 0 7 4 5 4 0 1 0 10 1 3 0 5 8 13 9 0 1 0 3 5 0 13 2 0 0 0 11 2 0 5 3 16 1 3 8 2 8 0 0 0 6 3 3 5 1
0 12 0 4 11 4 6 5 0 8 1 3 3 4 1 1 0 3 4 2 10 0 4 0 2 12 13 7 16 5 1 0 4 7 0 5 6 4 3 7 5 1 1 7 14 4 1 13 3 4
14 5 13 0 0 4 2 0 18 2 2 8 2 3 6 1 1 0 6 3 19 3 7 1 10 1 2 5 23 12 11 1 1 8 0 11 5 2 9 13 3 3 0 7 25 2 1 4 6 22
3 0 0 0 1 2 0 1 3 0 2 0 1 0 0 0 8 0 0 0 2 1 0 1 0 0 21 0 0 0 0 2 0 0 0 1 0 0 0 1 1 0 11 0 1 11 0 0 3 0
0 0 18 6 11 0 0 0 1 1 5 5 4 0 1 0 4 1 2 0 1 0 1 0 6 1 10 3 5 1 4 3 15 17 6 0 7 10 4 0 5 9 15 7 2 0 1 1 3 4
1 6 1 11 4 8 3 1 7 1 4 4 0 40 4 6 9 1 4 3 7 5 15 1 2 0 6 0 2 3 20 10 0 0 1 25 6 4 2 0 0 13 31 13 2 8 24 2 6 13
8 1 1 7 4 1 1 3 0 15 6 5 1 0 5 0 0 5 29 0 6 1 4 5 0 8 3 2 5 2 5 0 0 1 10 8 2 2 0 3 0 9 0 4 0 0 0 2 2 8
0 0 0 0 0 0 0 0 0 0 0 0 0 0 0 1 1 1 0 2 0 1 0 0 3 0 2 1 1 0 0 0 1 0 0 0 0 0 0 1 2 1 1 0 1 0 0 1 1 0
0 0 4 0 0 0 0 0 1 0 1 0 1 0 0 0 0 0 11 0 0 0 0 0 1 0 0 0 0 0 1 0 0 0 0 0 0 0 1 0 1 0 1 1 0 0 1 1 0 0
0 0 0 0 4 0 0 1 1 0 0 1 1 0 0 0 0 1 0 0 0 1 0 1 0 0 0 0 0 0 0 0 0 0 0 0 1 0 1 0 1 0 1 0 1 1 1 0 0 0
0 0 0 0 0 0 1 2 0 0 0 0 0 0 0 0 0 0 0 0 1 0 0 0 0 0 1 0 0 2 3 1 0 0 0 0 0 0 1 2 0 1 0 7 0 0 1 0 0 0
0 0 0 0 1 0 13 1 0 1 0 0 0 0 1 8 2 2 0 0 0 0 1 1 0 4 1 6 1 3 1 0 0 0 0 1 0 0 12 0 6 0 6 2 0 3 0 0 1 8
11 2 2 10 5 4 8 6 13 4 13 0 6 6 0 2 5 0 4 14 6 7 18 1 7 11 6 16 2 3 4 2 0 3 19 2 4 1 6 7 0 2 0 3 7 1 0 5 1 6
