11 10 19 1 2 2 3 26 0 5 1 21 12 6 13 0 5 5 1 20 7 0 6 5 4 0 3 5 2 14 6 5 0 8 2 17 3 2 1 1 4 2 4 2 0 6 44 31 2 5
1 0 0 0 5 0 0 0 0 0 0 0 1 0 0 0 2 0 0 4 1 0 6 0 0 0 0 1 7 0 1 0 0 0 0 0 0 0 1 0 0 1 0 0 0 1 0 0 0 0
0 5 0 7 0 22 0 6 10 6 1 6 4 0 3 8 2 1 16 9 0 14 4 3 6 14 3 11 0 7 8 11 1 2 0 4 8 15 0 2 4 8 18 4 8 11 3 3 1 2
2 1 2 0 3 1 3 9 1 3 8 0 2 2 3 3 0 1 4 2 5 3 1 0 3 1 1 9 0 1 6 0 1 0 2 6 6 0 2 1 1 1 13 2 5 8 0 8 4 1
0 0 10 24 4 8 5 3 1 0 1 17 2 7 6 10 17 2 7 4 6 2 0 1 5 8 1 3 5 1 5 0 0 0 3 6 5 5 7 4 4 11 1 3 1 12 6 0 5 6
1 0 0 0 0 1 0 1 0 0 0 0 0 1 1 1 0 0 0 0 0 0 0 0 0 1 0 0 0 2 0 1 0 0 0 0 0 2 1 1 1 0 0 0 5 0 0 0 1 0
0 2 2 11 2 11 3 0 5 0 3 1 1 4 3 1 0 1 0 8 7 2 6 9 1 5 2 2 12 3 7 7 0 0 0 3 4 2 3 10 11 3 0 5 18 0 8 4 4 0
15 3 3 0 2 6 4 9 2 4 0 0 0 7 0 1 1 15 4 4 5 4 19 19 8 1 1 5 23 5 11 1 30 47 1 5 6 5 2 4 10 3 9 11 3 10 20 1 12 8
0 1 0 2 1 0 0 0 1 0 2 2 1 0 1 0 3 0 0 0 0 1 2 0 1 6 0 0 0 1 2 0 2 0 0 0 0 1 0 0 1 0 3 0 1 0 1 0 1 0
0 0 0 0 0 0 1 18 0 0 0 0 0 1 0 3 0 0 3 0 1 1 0 0 0 0 4 11 0 0 0 0 2 1 0 0 1 1 0 0 0 0 3 0 0 1 0 1 0 0
2 24 6 4 18 0 16 19 7 14 7 7 1 0 33 12 2 6 10 3 3 6 30 4 1 11 0 5 1 12 28 9 10 10 9 15 6 6 7 33 16 12 4 2 0 2 4 17 0 0
8 2 7 1 2 2 1 0 2 4 10 7 1 4 3 0 13 4 0 1 2 2 1 2 2 1 6 4 0 6 0 4 2 2 10 1 1 1 2 6 6 13 6 2 8 0 6 5 1 10
2 0 9 2 10 2 5 3 0 3 0 2 6 0 23 1 0 3 9 4 1 0 5 1 2 2 1 2 0 3 7 4 0 6 0 3 5 7 1 4 13 2 7 21 4 2 0 0 9 3
0 0 1 2 0 0 1 0 0 0 1 0 4 0 1 0 0 0 1 0 0 0 0 1 0 2 1 1 0 0 0 1 0 0 1 0 0 0 0 2 2 0 0 0 0 1 1 1 0 0
0 2 10 4 1 4 0 2 5 0 2 1 0 0 4 1 6 0 3 5 2 1 6 4 4 0 1 2 3 4 1 0 0 10 11 3 5 0 9 0 7 0 1 1 3 12 0 14 1 1
6 15 2 5 7 1 0 1 5 2 0 3 11 0 0 0 0 0 5 4 8 5 3 26 1 1 2 2 2 1 0 0 6 3 2 12 6 11 8 7 0 6 0 6 0 1 7 12 7 3
1 3 1 0 2 1 3 3 11 11 1 2 0 8 3 0 0 0 1 1 5 2 1 10 9 7 4 0 3 7 2 6 5 3 10 2 0 1 2 1 2 29 12 0 23 2 5 4 0 2
4 3 0 7 1 1 10 10 1 2 5 3 8 0 1 6 15 5 2 8 9 3 25 4 17 13 13 6 0 2 0 2 2 1 0 10 3 3 0 5 1 7 16 6 0 2 13 0 10 2
2 3 1 1 5 2 3 2 0 18 8 0 10 0 5 3 5 9 1 2 2 2 3 2 3 1 7 4 4 1 2 0 7 2 2 10 13 3 2 2 6 5 26 3 0 3 6 9 1 28
0 0 1 0 0 0 0 1 0 0 2 3 0 2 1 0 0 0 0 1 0 0 0 0 1 0 0 0 0 0 1 0 1 0 0 0 0 1 0 2 2 0 0 0 0 0 1 0 0 2
0 0 0 0 0 0 1 0 0 0 1 0 0 0 0 2 1 0 0 1 1 0 0 0 0 0 1 1 0 3 0 0 0 0 0 0 0 1 0 0 0 0 0 0 0 0 0 0 0 2
0 0 2 0 0 0 1 1 0 0 0 1 0 0 0 0 1 0 1 2 0 0 0 0 0 1 1 0 0 1 3 0 0 0 0 0 0 3 0 0 0 0 0 0 1 0 0 2 0 0
6 0 0 2 1 1 0 0 0 0 0 0 0 0 15 0 1 0 0 0 0 0 2 0 0 0 2 0 0 1 1 0 2 2 0 0 2 12 0 0 1 0 0 0 0 0 1 0 0 0
3 6 0 0 18 9 15 1 2 8 3 17 3 5 0 7 22 3 13 20 2 0 7 9 2 6 3 7 6 7 7 0 2 6 20 8 7 20 30 27 12 0 4 4 4 4 3 1 3 8
0 0 0 0 0 1 0 0 0 1 0 0 0 0 0 1 3 0 2 0 0 0 0 0 0 2 0 0 0 0 0 0 0 0 0 0 0 0 0 0 0 0 0 0 0 1 1 1 0 0
7 1 1 14 1 0 9 0 0 3 1 0 1 10 0 3 0 3 23 1 4 7 3 5 1 8 2 2 7 0 3 17 0 7 1 10 9 4 15 2 12 1 10 0 6 0 0 1 2 2
9 1 1 10 11 14 3 7 3 10 15 0 3 16 9 0 2 0 3 5 15 5 7 0 3 7 6 11 8 1 0 5 9 0 16 8 1 0 2 6 8 42 0 5 1 1 8 11 2 3
0 10 16 4 2 3 0 8 0 4 7 1 4 11 0 4 0 2 0 2 14 7 2 8 10 13 2 1 2 7 4 32 0 6 2 2 0 14 7 12 1 2 2 16 14 13 23 2 0 13
7 5 12 25 8 0 7 16 21 15 2 4 4 11 1 14 1 3 0 4 7 6 5 6 7 2 8 5 18 3 9 8 19 47 7 16 0 9 3 1 11 0 0 8 7 1 1 1 14 2
6 11 0 1 4 3 1 3 12 0 0 1 0 0 4 5 1 1 0 0 2 0 1 0 1 7 0 4 0 2 2 5 4 1 0 7 0 0 2 4 6 1 0 2 1 4 0 8 0 2
16 4 19 4 2 0 4 2 16 44 0 8 1 7 0 0 7 1 5 1 5 3 4 7 9 1 10 0 0 16 3 2 6 12 1 4 16 1 10 1 0 7 11 1 0 3 0 0 3 10
0 1 0 0 0 1 1 0 2 0 0 1 0 0 0 1 0 0 1 1 0 0 3 0 0 1 0 0 2 0 0 0 0 0 0 0 0 1 0 0 0 0 4 0 0 1 1 0 0 0
21 2 3 2 9 9 1 8 4 10 2 6 6 1 3 0 10 3 0 3 2 9 3 3 0 2 2 2 1 19 0 12 0 0 14 3 6 0 1 3 6 8 2 1 2 21 2 5 1 16
1 2 1 1 1 2 2 7 5 4 2 16 13 1 2 2 2 2 0 1 3 9 1 6 3 10 0 1 0 1 19 6 10 3 1 1 0 2 3 1 0 4 0 6 2 13 2 1 2 2
5 0 1 0 0 0 0 0 0 7 0 0 1 0 3 1 0 0 0 0 1 5 0 0 0 1 0 0 1 0 0 0 0 0 0 0 1 1 0 0 0 1 1 0 0 0 0 0 0 0
2 17 17 30 1 0 4 9 8 3 0 1 1 11 2 0 8 16 0 8 1 10 3 2 2 4 7 1 6 16 4 18 19 7 1 3 11 15 21 0 6 3 4 3 3 9 2 12 2 14
24 6 5 2 0 27 10 0 2 11 3 0 8 1 0 3 0 12 4 3 3 0 9 1 1 2 6 0 0 4 3 1 3 13 4 0 2 1 14 6 0 3 0 1 3 0 0 9 6 3
0 1 3 3 7 3 2 1 0 5 5 19 4 1 0 9 1 0 4 3 0 6 6 11 2 7 19 0 0 0 2 11 4 1 2 7 3 6 4 2 2 1 8 8 0 6 0 2 4 4
0 3 1 4 4 2 1 5 2 0 6 1 3 5 1 3 4 5 2 0 1 0 14 9 0 0 0 3 0 8 1 0 4 0 1 2 2 8 3 5 0 3 1 0 3 0 3 6 0 0
7 0 2 3 0 3 8 26 5 20 1 3 0 0 0 0 0 8 1 10 6 11 6 5 8 10 21 8 10 0 0 1 1 11 0 0 7 5 0 5 1 1 9 0 2 0 1 1 9 2
3 0 1 1 10 1 4 3 2 12 5 2 0 2 2 0 2 5 2 9 7 0 1 0 2 12 9 32 0 0 3 7 2 0 1 9 11 12 5 2 7 0 4 1 13 6 5 1 8 5
0 3 10 17 6 3 1 1 5 1 21 9 0 6 8 10 7 11 3 1 0 15 5 2 4 8 0 4 1 3 5 3 0 15 0 4 3 32 5 0 7 0 1 0 2 4 9 6 0 19
3 5 3 5 9 0 9 1 2 0 10 10 28 0 2 10 7 0 20 4 14 0 15 34 8 8 2 4 0 0 0 21 22 2 5 5 0 5 10 0 7 23 28 5 0 2 1 4 1 0
1 0 0 1 0 0 0 0 0 1 0 0 1 0 0 0 0 1 0 22 1 3 0 0 0 0 0 1 0 0 0 0 0 0 2 0 1 0 2 1 0 0 1 0 1 0 2 0 0 0
34 9 0 4 7 24 1 0 18 2 9 14 0 9 0 0 0 0 44 7 4 6 0 4 3 17 12 11 2 7 1 7 8 2 0 26 3 1 7 3 6 5 6 24 1 37 2 12 5 9
5 29 2 2 6 6 1 4 3 5 9 28 3 5 3 1 4 2 4 4 11 5 9 12 1 4 1 12 18 4 2 3 1 18 5 12 0 14 7 23 14 6 1 4 0 1 0 0 2 0
4 3 2 0 10 4 1 0 23 22 12 1 0 0 8 0 4 4 3 0 0 21 7 0 11 2 16 2 19 0 25 4 3 6 12 17 5 0 0 0 3 1 6 11 21 0 10 0 6 6
2 1 1 12 0 3 3 1 3 3 2 0 0 18 6 6 3 7 0 5 12 3 14 2 2 6 0 17 0 1 7 4 3 9 0 3 12 6 15 2 0 10 3 4 1 3 2 0 1 0
8 1 2 4 1 2 9 4 5 0 0 4 0 0 5 8 0 1 9 8 3 12 0 0 4 0 5 1 1 9 3 1 2 0 1 16 2 1 6 0 6 0 1 2 0 1 2 6 1 8
14 6 5 14 8 4 3 32 3 0 8 3 0 2 0 0 15 9 7 24 0 2 0 6 4 24 12 3 17 6 15 1 20 1 2 9 1 13 0 5 3 5 7 5 1 9 0 5 0 4
1 0 0 0 0 0 1 1 0 0 0 0 0 0 0 0 1 1 1 0 0 1 0 0 0 0 0 0 2 0 0 0 0 0 0 1 0 0 0 1 0 0 0 0 0 0 1 0 0 0
1 2 18 2 14 29 37 10 16 0 3 9 7 5 5 3 1 24 6 29 4 1 17 23 0 18 2 5 8 10 6 22 20 1 10 7 4 3 5 1 5 4 1 12 12 7 3 48 7 1
0 2 0 0 0 0 0 0 0 1 0 0 2 0 1 0 0 0 0 2 0 0 0 0 2 0 0 0 0 0 1 0 0 4 0 0 0 0 0 0 3 0 6 0 0 0 2 0 1 0
0 1 4 2 0 9 0 0 6 1 4 30 4 12 26 19 12 14 20 3 3 5 14 0 6 13 0 16 5 4 4 12 0 6 0 0 11 34 5 19 2 8 16 1 7 4 1 1 0 12
1 0 0 0 0 0 0 0 1 0 0 4 0 0 0 0 0 1 0 0 1 0 0 0 0 0 0 1 1 0 0 0 0 0 0 0 0 0 0 1 0 0 1 0 1 1 0 0 0 0
2 8 35 4 2 4 5 1 5 2 12 25 7 9 3 4 4 2 2 0 21 2 2 0 3 0 2 0 2 9 1 1 5 1 0 0 5 6 4 0 1 9 5 5 5 2 4 7 6 3
0 0 0 0 1 0 0 0 1 3 0 2 0 0 1 0 0 1 2 0 0 0 0 1 1 3 0 0 0 0 0 0 1 0 2 1 1 1 2 2 1 0 0 0 0 3 0 1 0 0
0 0 0 0 0 0 0 0 0 0 0 3 0 0 0 0 1 0 0 0 0 0 0 0 3 0 0 0 0 0 0 1 1 0 1 0 21 0 1 6 4 0 0 5 0 0 1 0 2 1
3 4 4 7 2 5 2 6 4 6 15 2 3 4 1 7 2 11 6 0 0 4 5 3 0 1 2 5 5 2 6 4 9 11 1 4 2 12 6 3 8 2 1 0 0 7 2 1 2 0
0 3 3 3 12 1 1 5 4 9 57 2 4 4 8 10 2 3 9 13 0 12 0 5 5 7 17 4 2 10 3 9 19 11 1 12 2 2 13 11 3 0 0 17 6 11 5 6 4 10
4 4 1 2 1 7 0 1 1 4 5 13 0 3 5 0 0 6 2 3 2 1 0 7 2 2 7 0 10 7 0 2 5 1 4 2 1 0 4 3 2 5 9 2 6 1 2 0 1 3
1 0 3 9 16 25 1 5 6 9 4 1 4 2 5 7 3 8 8 5 10 2 11 4 4 1 4 8 1 8 0 2 18 8 4 19 1 10 10 23 3 7 0 27 10 8 3 6 2 0
3 2 1 5 3 3 3 3 1 3 11 10 5 9 14 3 2 18 0 2 2 2 1 1 2 2 6 2 3 4 4 0 6 0 0 3 0 1 8 1 0 12 3 4 1 0 8 4 2 3
3 0 1 3 0 0 0 2 0 0 0 0 0 3 2 0 0 1 0 1 0 0 0 0 0 0 0 1 0 1 1 0 2 0 0 2 0 0 1 0 1 0 0 0 0 0 0 0 3 0
0 0 1 0 0 0 0 1 1 0 0 0 0 1 0 0 0 0 0 0 0 0 0 0 0 13 0 1 0 0 0 0 0 0 0 0 1 0 0 0 0 0 0 0 1 2 1 0 0 0
1 4 1 4 0 3 2 1 11 18 2 4 4 1 1 3 1 2 0 1 0 11 5 2 5 0 2 1 8 26 0 0 2 1 9 10 4 1 27 7 5 7 6 7 10 13 0 8 1 0
0 4 5 1 3 0 3 0 3 0 1 5 2 11 2 10 2 13 2 0 9 7 7 0 0 0 0 3 0 1 1 0 2 0 0 2 7 12 0 4 0 0 2 13 0 2 0 0 1 1
1 0 0 4 0 8 6 2 8 0 1 1 1 33 0 3 5 4 1 3 3 4 2 16 1 6 5 1 4 1 5 0 4 1 4 1 4 4 20 2 5 7 1 0 5 1 10 7 2 1
5 27 11 1 0 0 1 1 0 4 1 0 2 2 2 2 2 7 12 2 19 3 9 1 22 0 21 1 4 7 21 26 4 10 21 3 11 9 14 0 1 10 17 4 10 5 1 9 3 13
0 0 0 0 0 1 1 1 0 0 0 0 1 0 0 3 0 0 0 0 0 0 3 0 0 0 1 0 1 0 0 0 0 0 1 0 0 0 1 0 0 2 0 0 0 1 0 0 1 0
5 0 1 5 0 2 8 6 5 0 0 8 1 3 1 3 0 2 1 0 5 2 0 1 16 14 0 2 0 0 0 0 3 0 0 0 4 9 0 4 11 0 0 2 0 0 0 1 1 0
4 0 4 1 3 0 0 0 0 0 7 7 2 0 11 1 5 3 1 0 0 0 0 3 4 5 0 1 1 6 5 2 6 0 2 8 8 1 1 6 16 9 0 1 3 5 4 1 2 4
2 0 0 19 25 8 2 3 2 9 7 9 14 1 0 27 1 13 7 6 11 5 2 7 2 26 1 3 0 0 0 14 2 6 1 1 9 8 3 0 5 2 1 11 6 12 5 2 0 1
0 0 3 0 0 0 0 0 0 0 0 1 0 0 0 0 0 0 0 0 0 0 0 0 0 1 0 0 0 0 0 0 1 0 0 0 0 0 0 0 0 0 2 1 0 0 0 1 4 0
1 7 3 8 16 10 1 0 0 3 8 29 5 0 12 18 9 4 0 19 2 5 2 4 10 5 2 3 15 2 4 14 8 1 6 15 4 0 6 26 3 1 0 4 18 0 8 1 26 0
2 7 23 12 23 1 1 3 3 5 6 5 12 9 1 0 0 8 1 0 8 1 2 2 1 1 2 4 1 3 1 3 1 3 5 4 1 0 1 2 5 0 1 4 10 1 0 0 4 2
1 0 2 0 1 2 0 0 0 0 0 0 0 0 2 1 0 3 1 0 1 0 1 2 2 0 0 0 0 0 0 0 1 0 2 0 3 8 0 0 1 0 0 0 0 0 1 6 0 1
0 1 9 3 5 2 0 0 3 17 1 5 9 0 3 0 7 0 4 1 1 1 0 2 0 0 0 0 4 5 0 0 3 9 0 10 19 4 1 2 2 12 0 0 2 13 24 1 0 5
4 3 0 0 6 0 2 1 0 1 16 8 2 1 2 0 19 16 3 8 1 2 4 13 4 4 1 4 7 3 3 3 0 16 18 6 0 5 9 0 4 6 3 11 1 0 8 10 5 27
4 0 4 2 1 1 1 6 3 4 3 1 0 31 15 0 1 3 11 1 9 3 1 4 3 2 19 6 3 0 3 5 1 1 2 19 0 2 0 0 1 0 14 9 0 3 1 7 3 6
6 4 4 1 11 2 0 19 2 20 0 0 0 3 4 2 15 1 5 4 6 3 0 1 8 1 2 3 0 4 1 3 7 7 0 3 0 4 0 0 0 8 3 2 0 2 40 2 0 3
28 0 0 6 5 6 18 6 17 38 9 5 8 13 3 22 7 3 0 1 4 40 5 0 1 19 0 1 10 26 7 1 1 12 2 0 3 8 7 15 12 3 4 10 1 2 7 1 7 0
0 3 2 12 1 11 3 10 1 2 1 0 5 0 5 8 3 0 0 1 0 1 4 2 10 1 5 1 0 5 9 3 4 9 9 1 1 3 0 2 3 3 2 1 3 15 1 2 12 3
1 1 0 0 0 0 0 1 0 0 0 0 3 1 0 0 0 0 0 1 0 0 1 0 0 0 0 0 1 0 0 1 0 0 0 0 1 0 0 0 0 0 1 0 0 0 0 0 0 0
6 5 1 17 12 1 2 7 10 16 28 3 19 3 2 28 5 4 12 6 25 9 36 2 8 5 0 3 1 2 20 6 5 13 6 2 26 46 8 11 2 8 3 2 1 5 11 4 1 11
2 13 1 5 14 16 2 0 8 24 10 2 2 1 6 16 6 6 3 8 28 4 17 2 4 7 4 16 1 0 4 4 9 5 2 3 6 1 4 8 3 9 16 2 4 10 0 24 18 14
2 0 2 0 0 0 1 0 0 0 0 0 0 0 0 0 3 2 0 0 2 0 0 1 1 0 0 0 1 0 0 1 2 1 0 1 0 0 0 1 2 1 0 0 1 0 0 0 0 0
5 3 6 0 4 0 2 2 5 0 2 1 3 5 2 6 5 0 0 2 3 19 5 2 6 10 16 5 0 2 8 7 4 13 5 7 8 3 2 14 0 12 0 2 6 3 0 6 7 0
8 0 2 4 2 10 0 0 4 2 18 1 0 0 9 2 0 0 10 0 0 6 7 2 3 4 2 17 7 9 39 7 0 3 9 19 2 4 2 7 5 29 5 8 1 3 1 3 1 1
4 1 1 0 3 1 1 6 0 5 4 3 4 1 10 11 2 6 2 4 6 0 1 4 18 5 1 1 9 6 2 2 0 0 1 2 2 1 8 5 17 1 1 1 11 2 11 1 3 8
5 7 15 17 5 0 5 0 0 6 1 7 4 3 7 2 6 15 1 11 15 0 5 6 1 3 6 1 6 0 17 10 4 1 3 4 0 5 4 6 7 15 6 7 0 2 10 3 2 13
0 2 0 0 2 1 0 0 2 0 2 1 0 0 1 0 3 0 1 0 0 0 0 0 1 1 0 0 0 0 0 2 0 0 0 0 1 0 2 0 2 0 3 0 0 1 0 1 1 0
0 0 0 1 1 0 0 1 1 1 0 1 0 0 1 0 0 1 1 2 0 0 6 0 2 0 0 0 0 0 2 1 0 0 0 2 0 1 0 0 0 24 1 1 0 0 1 0 1 0
11 0 6 14 3 3 14 0 0 16 28 2 14 2 0 0 12 4 28 0 1 0 0 1 0 1 5 7 3 2 20 2 0 3 2 11 23 5 3 11 0 32 23 3 2 5 1 22 23 4
0 9 0 20 3 4 0 8 0 0 16 6 4 15 20 10 27 1 7 1 2 8 2 0 0 9 4 4 2 2 3 3 14 4 18 2 0 0 2 4 5 5 54 15 1 1 1 13 8 2
0 4 0 6 1 8 0 0 0 0 0 1 1 2 0 0 0 0 0 0 0 1 0 3 1 2 1 0 0 0 0 0 0 1 0 0 0 1 0 0 2 2 0 0 0 0 0 0 5 1
0 0 1 0 0 1 0 0 1 1 0 0 0 1 0 3 0 0 0 1 0 1 0 0 0 0 3 0 1 1 0 0 0 0 0 0 0 0 3 0 2 0 0 0 0 1 0 0 0 0
1 0 2 1 0 0 0 0 0 0 0 1 0 4 0 0 0 2 3 4 0 2 1 1 1 0 0 0 0 0 1 0 0 0 0 0 0 1 0 1 0 0 2 1 0 0 0 0 4 1
7 4 2 11 11 2 3 10 17 8 16 0 11 1 0 4 0 17 0 10 0 1 1 0 9 3 16 0 9 0 4 0 5 10 13 1 3 3 0 1 12 16 19 24 7 12 2 12 11 9
2 0 0 0 1 0 1 0 1 0 1 0 0 0 0 0 0 2 0 0 0 0 0 1 0 0 0 0 2 0 4 0 0 0 0 0 1 1 1 0 0 0 0 0 0 0 1 0 0 0
