5 4 7 3 4 2 15 0 0 13 11 0 0 14 5 2 3 0 4 4 1 5 1 1 0 3 5 13 4 7 6 12 0 0 0 0 2 2 3 10 2 10 8 5 11 3 8 2 2 2 5 3 4 6 3 4 1 4 1 3 0 9 17 3 3 0 1 5 3 0 1 9 0 1 4 3 5 4 1 6 2 0 4 2 3 5 0 5 13 2 8 5 2 2 0 16 1 7 0 1
5 1 3 0 3 6 1 4 11 3 1 0 1 8 1 0 0 1 0 5 2 1 4 2 9 0 2 1 10 0 5 0 3 4 9 0 2 3 1 0 5 0 2 1 3 2 0 2 0 1 4 18 5 5 4 2 1 4 0 12 3 1 24 0 6 4 2 1 2 2 8 0 8 2 8 3 12 7 6 1 0 11 1 1 5 3 2 3 2 1 4 0 9 6 7 11 3 11 4 9
1 0 1 0 3 0 1 2 4 1 2 0 0 1 1 0 0 0 1 1 1 1 0 0 1 0 0 1 1 0 0 1 0 1 0 0 1 1 1 0 0 1 0 1 2 1 0 2 1 0 0 0 0 0 0 1 0 0 0 0 0 0 0 0 0 0 0 0 0 0 0 0 0 0 0 0 0 1 1 0 0 0 0 0 1 2 0 0 1 0 0 6 1 2 0 0 0 0 2 0
15 20 10 8 6 35 16 7 3 2 8 11 6 0 4 11 8 5 1 14 0 26 1 0 2 1 7 0 0 11 0 1 11 2 6 1 2 26 0 16 7 0 2 6 16 4 1 5 11 6 4 2 3 15 7 5 2 4 3 5 1 7 0 25 3 9 3 3 8 6 29 10 1 5 2 2 4 14 12 9 1 7 6 33 2 1 13 4 7 4 1 9 9 9 1 0 1 2 0 2
3 0 2 0 4 1 8 6 7 6 7 2 0 1 4 0 2 4 1 8 7 9 4 12 0 0 3 9 13 1 13 23 4 5 2 11 6 0 0 3 4 1 3 2 0 4 1 0 3 11 2 1 1 1 7 1 7 7 0 3 3 2 3 8 0 3 1 5 4 3 0 8 4 1 2 0 0 0 2 8 4 0 17 2 2 0 6 1 1 0 8 5 11 3 4 0 4 1 2 5
0 21 2 2 2 2 4 6 0 3 1 0 4 12 7 3 7 4 2 5 3 3 17 5 4 7 6 2 6 3 2 7 1 0 0 0 0 0 6 2 3 4 7 0 1 4 3 7 9 7 0 11 6 1 9 0 1 0 6 0 2 0 2 0 1 6 0 1 0 0 1 0 0 1 1 1 0 24 2 12 3 2 0 0 11 1 0 2 11 0 14 1 0 6 7 1 9 1 2 0
0 0 3 1 0 0 3 1 0 0 0 0 1 2 2 5 1 2 0 2 1 0 0 4 0 0 4 0 0 0 0 0 0 0 0 16 2 0 0 0 0 0 0 0 1 1 0 0 0 0 0 0 1 0 0 0 1 0 0 0 0 3 2 1 1 0 0 0 0 0 1 1 2 3 0 1 2 0 3 1 0 0 0 0 2 1 0 1 0 0 0 1 0 0 2 1 0 0 0 1
0 0 0 1 0 2 0 0 0 1 0 5 1 0 0 0 3 0 0 0 1 0 1 0 1 0 3 0 0 0 0 0 1 1 0 1 0 0 1 0 1 0 0 0 2 0 1 0 0 0 0 0 0 0 0 0 1 0 0 0 0 2 0 1 0 1 2 0 4 0 0 0 1 1 0 1 0 0 0 0 1 0 1 0 0 1 0 1 2 0 0 0 0 0 0 0 1 0 1 0
25 15 1 14 1 5 28 4 7 0 3 10 1 6 3 2 4 8 2 1 2 4 26 0 48 20 0 5 1 6 1 3 1 14 6 6 6 0 1 11 13 0 7 13 2 11 16 9 1 1 7 4 2 0 22 1 10 2 0 2 8 1 8 4 1 13 3 1 9 6 3 0 2 3 9 0 30 5 0 6 4 3 3 1 13 17 1 1 1 1 10 31 8 4 6 14 1 0 3 1
0 5 4 8 1 0 10 1 0 2 11 1 4 4 15 3 0 9 4 3 4 2 12 9 3 2 8 12 18 10 4 8 6 10 9 0 6 7 1 0 1 0 2 5 2 2 3 0 3 7 3 1 0 4 4 6 5 8 1 1 0 0 0 0 1 3 23 5 1 5 4 6 6 1 1 0 5 1 14 0 2 1 2 6 2 6 0 0 0 4 3 1 1 1 3 3 10 1 1 4
1 0 0 0 0 0 0 0 1 2 0 0 1 0 0 0 0 0 0 2 1 0 0 0 0 1 0 0 1 0 0 6 0 1 1 0 0 2 1 0 0 0 0 1 0 0 0 1 0 0 0 0 0 1 0 0 1 0 0 3 1 3 1 1 1 1 0 1 0 0 1 0 1 0 2 0 0 0 0 0 0 0 0 0 2 0 1 0 0 2 1 0 0 0 0 0 0 0 0 0
6 3 2 1 0 0 10 10 3 10 1 1 3 13 0 1 4 1 1 7 4 0 3 1 12 0 3 13 14 24 4 5 4 2 9 0 22 13 7 7 24 5 1 5 0 0 9 4 0 0 12 20 25 2 5 2 4 1 2 2 11 1 2 10 6 23 14 19 13 2 11 2 3 21 6 1 14 15 3 2 3 41 5 26 3 11 5 34 5 0 1 9 2 5 10 2 11 2 5 18
2 2 0 7 0 1 10 3 0 9 7 2 8 7 1 7 3 4 10 2 2 4 10 0 10 16 2 7 9 1 1 11 5 2 9 1 4 2 16 0 2 9 9 0 3 3 0 7 3 3 3 14 17 8 5 5 12 7 2 0 27 5 1 0 0 7 4 4 5 1 9 43 14 20 1 10 6 6 8 1 2 1 19 1 22 0 32 13 4 2 3 4 10 4 5 17 6 5 0 1
5 2 17 31 1 14 7 12 10 6 9 4 0 4 0 14 5 11 0 0 2 2 8 5 0 13 1 7 6 48 10 2 5 0 1 53 11 5 4 0 11 2 5 5 0 1 2 4 8 1 1 18 1 9 5 3 19 4 3 3 5 1 3 0 5 30 5 5 10 24 3 26 0 3 5 4 0 0 4 1 10 1 10 2 5 1 3 23 24 7 1 5 5 13 13 6 10 4 7 1
7 4 1 1 18 19 2 5 11 5 3 6 7 0 4 15 1 1 2 34 3 4 18 2 12 2 1 0 5 0 5 0 3 19 10 2 18 13 2 37 19 5 10 14 0 4 1 6 0 0 3 8 3 6 1 2 17 25 25 0 1 7 0 5 9 36 1 11 6 32 16 19 4 22 12 6 13 0 5 6 3 30 12 2 3 0 22 6 23 3 17 1 2 11 12 0 6 0 21 10
0 6 25 1 7 4 16 5 14 3 5 4 4 3 0 10 20 2 13 0 34 1 3 2 5 1 9 4 1 0 7 2 11 8 0 13 17 11 0 0 14 1 0 0 6 1 5 42 7 1 7 8 1 4 2 14 3 9 4 7 5 5 13 10 3 7 7 1 1 24 9 10 3 9 12 10 4 19 2 5 5 1 12 13 19 0 2 5 37 0 3 10 2 6 2 16 4 7 10 0
3 1 17 0 0 2 0 4 5 4 2 1 0 0 1 3 0 4 11 10 1 1 0 3 1 1 2 4 1 4 2 1 3 6 18 9 0 1 8 4 3 2 3 2 3 24 2 9 6 2 4 1 12 7 9 3 3 3 8 20 1 0 4 10 2 1 1 22 29 2 2 2 0 6 6 4 0 3 13 4 13 7 5 5 4 1 0 4 5 9 5 2 11 14 2 1 7 0 3 9
11 15 5 3 6 4 1 20 20 10 21 8 4 2 14 5 5 1 1 5 0 10 9 3 18 3 11 0 16 12 2 22 13 8 4 11 12 9 21 11 2 6 7 1 1 0 1 2 5 8 21 5 2 19 5 0 3 17 7 2 0 2 2 13 2 1 0 11 2 9 8 11 12 8 2 4 24 5 0 10 14 17 18 16 4 0 1 3 5 2 18 18 9 15 0 10 17 13 3 3
1 0 0 0 0 1 0 0 0 0 0 1 0 2 0 2 0 1 1 2 0 0 0 0 0 0 1 1 0 0 0 0 0 0 2 0 0 0 1 0 0 2 0 0 2 0 0 0 0 1 0 1 0 1 0 2 0 0 0 0 1 2 0 0 0 2 1 1 0 0 0 0 0 0 0 0 0 0 1 0 0 0 0 0 0 0 0 2 0 1 0 0 2 0 0 0 0 0 0 1
0 3 8 4 8 1 5 5 4 1 10 2 0 2 7 2 0 5 14 0 5 0 5 0 0 8 15 6 0 12 2 0 5 0 18 7 0 2 11 1 1 1 2 5 1 3 7 3 6 1 2 2 3 6 3 0 12 6 1 0 2 15 11 0 0 0 0 3 3 12 7 3 1 0 10 1 9 7 1 1 3 0 3 0 1 0 2 5 6 9 4 0 1 3 2 4 1 4 9 0
7 4 6 0 7 6 13 3 11 1 13 1 1 2 9 3 0 31 8 11 15 2 7 0 19 16 13 3 5 11 13 6 3 9 16 1 0 4 3 16 22 4 1 2 4 4 31 4 22 12 0 0 1 12 4 0 3 6 3 2 14 3 1 14 2 6 0 0 3 9 1 1 0 0 0 20 3 2 9 17 14 3 0 2 33 2 2 30 3 15 6 3 4 2 0 3 8 1 2 5
12 17 0 17 35 14 14 10 13 2 1 0 8 0 11 5 0 8 6 0 14 14 7 3 0 21 4 8 14 14 0 11 17 5 20 12 26 2 16 0 4 1 1 14 5 20 6 13 0 0 0 14 1 9 9 18 6 4 13 4 11 5 18 5 3 14 9 2 21 1 1 1 9 11 3 6 3 3 3 0 1 0 6 7 5 6 13 6 4 1 5 3 4 32 5 0 15 7 8 9
2 6 1 0 1 15 1 9 7 21 7 3 9 1 0 0 0 0 9 0 1 3 4 2 1 6 0 6 3 0 1 11 3 2 4 8 5 6 0 5 4 6 10 6 0 8 3 0 6 1 3 1 2 2 0 12 0 3 7 7 4 7 0 1 1 5 0 1 1 4 6 5 3 2 0 7 3 1 7 2 4 0 3 1 15 1 1 13 1 5 4 1 0 4 1 17 1 1 5 2
0 0 0 0 0 0 0 1 0 0 0 2 0 1 0 0 0 1 3 4 1 0 1 0 0 1 0 0 0 0 0 0 0 0 0 2 0 0 1 0 0 0 0 0 0 0 0 0 2 0 0 0 0 0 0 0 0 1 0 0 0 0 0 7 0 2 0 0 1 1 0 0 0 0 3 2 0 0 1 0 1 0 0 1 1 1 0 0 0 1 0 0 1 0 0 0 0 0 0 0
0 0 0 1 17 6 6 0 0 0 1 0 7 3 5 14 2 9 0 4 7 0 7 2 8 1 8 2 1 1 7 0 5 7 0 3 0 1 0 7 5 9 0 8 1 8 2 9 1 4 3 5 0 8 0 3 1 1 2 1 2 1 0 1 5 0 0 0 0 0 0 4 1 0 2 4 0 10 1 5 1 2 0 7 1 1 5 2 0 5 1 2 1 0 3 6 2 4 3 4
8 11 4 5 9 9 17 0 14 1 21 10 13 17 17 0 17 1 4 9 13 6 10 8 0 22 9 9 1 1 8 4 2 6 0 4 0 20 3 28 7 10 22 15 12 5 1 10 21 10 6 4 6 11 5 4 1 8 10 24 9 23 6 4 4 9 9 4 11 11 26 1 7 27 1 12 8 15 4 16 5 5 5 21 12 1 24 7 5 8 21 30 6 2 1 1 1 15 1 9
7 1 18 10 8 10 4 3 4 1 5 4 10 4 4 4 0 2 1 10 26 12 17 4 4 12 9 18 0 4 31 19 12 2 8 0 7 1 2 12 8 18 3 5 1 11 18 2 5 0 10 3 12 2 13 22 1 12 9 11 4 3 11 8 15 3 5 2 4 9 8 26 3 7 3 1 3 10 7 48 21 4 1 5 1 13 2 2 7 0 3 14 10 19 11 2 3 4 6 1
4 0 0 0 0 1 0 1 0 0 0 0 0 1 0 2 0 2 0 2 0 0 1 1 0 0 0 0 0 1 1 1 1 0 1 0 0 0 0 0 1 0 0 0 0 2 0 2 2 0 1 0 1 0 0 0 0 0 0 0 2 5 1 0 3 0 0 0 0 0 0 0 0 0 0 1 0 0 0 0 2 0 0 0 2 0 1 0 0 0 0 0 0 0 1 0 0 0 1 2
0 6 1 4 5 1 1 0 7 0 4 2 8 0 1 7 1 2 1 0 2 4 4 2 7 4 16 2 0 1 4 2 3 0 1 0 5 1 4 4 10 8 1 10 16 0 5 1 2 6 1 1 4 9 0 0 7 1 1 6 2 0 10 5 1 15 0 6 4 6 4 0 13 2 11 3 0 3 0 7 10 11 0 1 1 3 3 0 0 0 8 16 8 1 2 0 3 2 3 0
8 7 9 4 28 5 1 12 12 1 0 3 4 15 10 0 1 7 0 0 3 12 8 4 3 9 1 1 22 14 0 1 3 0 1 1 2 14 2 23 7 1 4 3 0 2 26 3 2 8 14 29 4 1 4 10 9 2 11 4 11 5 1 14 5 2 25 2 10 8 10 3 7 13 7 4 0 15 8 16 0 16 2 12 2 10 11 11 2 0 4 11 2 11 27 0 25 8 1 0
4 1 1 7 3 7 11 0 2 35 3 15 1 7 0 20 3 13 1 0 5 3 11 1 1 6 3 7 15 0 19 4 16 6 0 1 31 12 25 1 0 0 24 3 9 1 5 6 5 8 12 0 9 1 19 20 6 0 8 6 11 4 8 11 36 5 0 5 22 12 10 17 2 0 0 10 11 10 6 24 13 0 3 1 3 8 7 1 3 13 3 0 2 18 34 0 5 3 1 12
4 0 11 2 0 2 8 0 5 0 13 7 24 2 18 8 1 3 4 6 0 25 6 10 0 2 2 6 21 0 4 2 0 2 12 18 9 5 11 15 0 3 7 4 0 16 7 6 3 3 13 0 8 3 16 10 18 9 5 0 3 7 11 10 5 21 20 12 0 0 2 11 43 4 2 5 6 19 9 13 8 0 4 6 11 9 7 1 11 0 0 12 7 13 7 1 9 1 4 6
13 4 1 1 4 0 2 4 4 0 16 3 22 0 10 2 0 4 5 15 1 2 1 3 1 5 9 9 1 4 0 1 0 1 0 4 12 12 6 0 0 0 3 5 3 5 0 6 4 4 0 3 6 2 5 0 7 3 23 1 0 14 22 0 3 0 9 1 0 11 1 2 15 10 1 0 4 9 2 10 7 3 0 3 8 13 12 2 2 1 0 2 1 2 4 0 2 2 11 1
1 10 0 1 5 55 7 13 5 1 7 7 4 2 7 8 12 6 0 0 2 13 3 13 11 0 0 10 2 3 7 6 3 11 8 0 1 4 3 5 21 3 20 4 7 13 2 5 0 1 0 9 1 10 4 1 0 3 16 5 19 17 8 0 6 9 5 11 21 11 10 16 9 1 8 32 12 11 24 5 7 5 0 11 37 0 4 0 11 0 3 4 7 1 0 3 7 2 3 0
1 4 2 8 0 0 6 5 7 1 0 3 10 1 2 5 4 1 1 2 1 3 1 8 3 10 19 0 9 0 7 0 1 2 1 10 1 0 10 1 12 3 3 8 13 1 14 3 3 0 1 5 12 12 5 2 0 2 3 1 2 1 0 1 0 4 4 0 0 2 8 3 3 2 0 0 2 11 34 0 1 1 7 4 1 10 6 3 0 3 1 13 1 5 2 1 5 2 4 1
0 0 0 2 0 1 2 0 0 0 0 1 0 0 1 0 0 1 0 2 0 0 0 0 1 0 0 0 0 1 0 0 0 0 1 0 2 0 0 0 1 0 0 0 0 0 0 2 0 0 1 0 0 0 0 2 0 0 0 0 2 3 1 5 0 1 1 4 0 0 0 0 0 1 0 0 0 0 1 0 2 0 0 0 0 0 0 0 3 3 0 0 1 2 0 0 0 1 1 0
2 1 0 5 3 0 1 0 24 3 2 1 3 1 4 2 0 4 8 0 0 0 4 5 2 3 0 0 0 6 1 0 6 5 4 0 0 0 0 8 14 2 8 23 2 3 3 2 14 1 3 0 1 3 12 9 0 2 4 18 3 1 1 0 0 17 1 0 0 2 2 6 0 9 7 7 0 2 4 1 6 2 2 5 1 1 4 1 2 4 0 8 12 2 5 0 0 6 1 0
0 0 0 0 0 0 0 0 1 6 0 0 1 1 0 0 1 0 0 0 0 0 0 2 0 0 1 0 1 0 0 0 1 0 0 1 0 0 0 0 0 0 0 1 0 2 0 2 1 0 0 0 0 0 0 0 0 1 0 0 0 1 0 0 2 0 0 0 0 1 0 1 0 0 0 0 0 0 2 0 0 0 0 2 0 1 0 3 0 0 0 0 0 0 0 1 0 0 0 0
0 0 1 0 1 0 0 1 1 1 0 1 1 0 0 0 1 1 0 0 2 0 1 0 1 0 1 0 0 0 0 0 0 0 0 1 0 0 0 0 1 0 0 0 0 1 0 1 1 1 0 1 0 0 0 0 0 0 0 0 0 0 0 2 0 0 0 0 2 0 1 0 1 0 0 1 0 0 0 1 0 0 0 0 0 0 1 0 2 0 1 0 1 0 1 2 0 0 0 2
1 0 0 2 7 1 7 8 0 16 0 2 5 2 0 7 4 1 4 11 1 7 2 0 4 0 0 9 6 0 1 0 2 5 1 24 7 5 0 0 4 1 6 0 5 1 4 0 4 19 8 7 1 8 1 9 2 3 0 7 11 4 0 4 5 0 0 0 6 2 5 3 8 11 19 8 7 1 3 3 12 0 2 2 11 6 0 3 3 19 1 5 3 15 15 4 0 1 9 1
1 8 3 0 5 3 8 1 0 2 7 13 3 1 2 4 3 5 0 0 3 6 2 4 5 4 5 4 3 3 8 0 0 5 18 3 1 4 3 5 2 4 1 1 3 5 2 1 1 8 1 3 8 0 9 3 10 11 5 6 9 2 0 0 12 3 2 4 0 0 2 1 0 0 3 0 3 1 1 27 5 11 4 1 3 0 1 0 1 18 1 3 3 12 4 1 17 4 8 0
0 0 0 0 0 0 0 0 4 0 1 0 0 0 0 3 0 1 1 0 0 0 0 0 0 0 0 1 0 1 0 1 0 0 0 1 0 0 0 0 0 0 0 1 0 0 0 1 0 0 0 1 0 0 0 0 1 2 1 1 0 1 0 2 0 0 0 0 0 0 0 0 0 0 0 0 0 0 0 1 1 0 0 1 0 0 0 0 0 0 0 2 0 0 0 0 4 0 0 0
2 0 24 3 2 4 0 1 1 1 1 1 1 10 2 3 2 1 2 3 2 3 1 1 1 4 2 4 1 0 2 2 1 7 5 1 0 10 0 5 3 13 8 2 10 3 3 10 0 3 6 24 23 6 0 1 1 2 3 1 8 0 2 4 0 7 5 2 3 4 0 5 3 2 8 0 0 2 5 0 7 19 0 3 2 0 6 1 5 2 3 0 3 5 7 12 7 5 14 4
1 0 2 0 0 0 1 0 0 0 0 0 0 0 0 0 1 0 0 0 0 1 0 0 0 0 0 0 0 0 0 2 4 0 0 0 0 0 1 0 1 0 0 1 0 0 0 0 2 0 0 0 0 0 0 1 1 0 0 0 0 0 0 0 0 1 0 0 0 0 1 2 0 0 0 0 0 0 0 0 1 0 0 0 0 3 1 1 1 0 0 0 1 0 0 0 0 1 0 1
6 5 7 0 0 9 6 5 3 0 3 4 7 2 5 12 5 0 8 1 1 7 2 2 0 8 16 19 3 4 18 2 0 0 4 0 5 0 0 1 5 0 0 3 6 2 3 0 2 5 0 3 0 0 20 1 1 10 3 2 2 10 1 3 3 1 0 4 0 4 5 0 5 1 9 0 7 0 0 6 9 1 2 3 5 6 0 0 2 0 3 8 2 0 0 15 5 2 8 1
1 0 0 1 2 2 0 0 0 0 1 0 0 0 1 2 1 4 11 0 0 1 1 0 0 0 6 0 1 2 0 0 0 0 0 1 2 0 0 0 0 6 0 1 0 0 0 0 0 2 1 0 0 0 0 0 1 0 2 0 0 1 0 0 2 0 0 0 0 0 0 4 0 0 0 0 0 0 1 0 0 0 0 0 0 0 0 0 0 0 0 0 0 0 0 0 0 0 0 0
0 4 0 0 7 1 9 7 4 3 23 2 9 6 3 8 1 13 0 7 1 0 1 1 4 5 3 3 1 11 4 0 7 0 9 1 8 15 1 2 12 3 0 0 0 7 3 2 5 0 3 0 4 1 0 1 1 0 0 0 1 5 0 8 2 1 9 1 1 2 2 0 8 1 0 9 1 1 0 7 6 2 0 12 6 10 17 1 11 2 1 1 0 4 6 1 1 7 4 10
5 0 5 4 5 12 1 12 18 0 12 14 1 2 0 31 14 11 6 9 10 16 17 6 11 21 15 6 1 1 0 1 1 6 4 5 2 24 2 6 20 12 15 3 9 2 5 1 4 1 0 13 17 5 10 1 11 9 2 0 7 1 13 1 10 9 2 18 0 6 1 1 16 21 13 2 6 19 5 1 1 5 2 2 16 11 0 4 21 19 1 1 7 10 19 5 15 3 7 1
3 0 0 0 2 0 0 1 0 1 0 1 0 0 0 1 1 0 0 0 0 0 1 0 1 1 0 2 0 0 0 1 0 0 2 0 1 0 0 0 0 3 0 0 0 0 1 0 0 0 0 0 0 0 0 4 0 0 1 0 0 3 1 1 0 1 1 0 0 0 0 0 0 0 0 0 0 0 2 0 1 0 1 1 1 0 1 1 0 0 0 0 2 0 0 0 0 1 0 0
0 0 0 0 0 0 0 0 1 0 1 0 0 0 0 0 0 0 0 2 0 0 0 0 0 0 0 0 0 0 0 2 2 0 0 0 2 1 0 1 0 0 0 3 0 0 0 0 0 0 0 1 0 0 0 0 0 2 0 0 1 0 0 0 0 0 0 0 1 1 1 0 0 0 0 0 0 0 2 1 5 0 0 0 0 1 1 0 0 0 0 0 2 0 1 0 0 7 0 0
