1 0 0 0 1 0 0 0 0 0 0 0 0 1 0 0 0 9 0 0 0 0 0 0 0 0 6 0 0 1 0 0 1 0 0 0 0 2 0 0 1 0 3 1 0 0 0 2 0 1 0 1 0 0 0 0 0 1 0 0 1 1 1 0 3 0 0 1 0 0 0 0 0 0 0 0 2 0 0 3 0 0 0 0 0 0 0 0 0 3 0 0 0 0 0 0 0 0 0 0
5 0 18 0 8 4 16 19 1 0 0 3 2 4 23 1 0 10 3 1 2 4 0 4 1 10 16 3 3 1 6 1 3 0 11 1 0 8 6 5 5 7 6 10 7 12 1 6 2 0 4 1 2 2 3 0 6 2 3 1 2 4 0 3 0 11 1 8 2 5 5 6 9 0 2 2 3 0 3 2 6 1 0 2 0 2 3 2 12 0 5 2 4 12 0 4 0 0 1 11
0 0 3 0 1 0 1 0 0 0 0 0 0 1 0 0 0 2 0 2 0 0 1 1 0 0 0 0 2 0 2 2 0 1 6 0 0 0 2 0 0 0 0 1 0 0 0 0 0 4 0 1 2 0 0 1 0 0 0 0 8 1 1 0 0 0 0 2 0 0 1 2 0 2 0 2 0 1 0 0 0 0 0 2 0 2 19 1 0 0 0 0 0 1 1 0 0 2 6 0
4 0 0 0 2 1 0 0 0 0 6 0 1 1 1 0 0 1 0 1 1 0 0 0 0 0 0 0 0 1 0 0 0 2 0 0 0 0 0 0 0 1 0 2 3 0 1 0 0 0 0 0 0 1 0 1 0 0 1 0 0 0 0 0 0 0 1 0 1 0 0 0 0 0 0 0 0 0 0 0 2 0 0 0 0 1 0 0 0 0 0 3 0 0 1 0 0 0 2 0
0 0 0 0 0 0 0 2 0 1 0 0 0 0 1 0 1 0 0 0 0 0 2 0 0 1 1 1 0 0 0 0 0 1 0 0 0 0 0 2 0 0 0 2 1 0 0 0 6 0 0 0 1 3 0 0 1 0 0 0 2 0 1 0 0 0 0 0 0 0 1 0 1 0 0 0 0 1 1 1 0 1 1 0 0 0 1 0 2 1 1 0 2 0 0 0 0 0 0 0
2 4 5 0 19 37 1 33 0 0 13 5 4 0 1 1 7 4 32 4 7 6 1 3 3 11 0 3 8 4 3 19 9 8 1 17 4 12 13 0 2 9 1 1 5 0 0 12 1 5 3 1 1 6 8 14 3 3 0 3 1 1 2 6 0 26 9 0 1 5 3 11 10 0 12 2 3 2 1 11 8 15 0 3 3 4 2 21 13 0 6 6 5 11 9 4 8 2 8 7
0 1 0 0 0 0 1 4 1 0 3 0 0 0 0 0 0 5 6 0 0 0 0 0 0 0 2 0 0 0 0 0 1 1 0 0 0 2 1 4 1 0 0 0 0 1 0 1 1 0 1 0 0 0 0 0 0 1 3 1 0 0 0 0 1 0 0 0 3 1 1 0 1 0 0 0 0 1 1 0 2 0 0 0 0 1 2 0 1 0 0 0 1 0 0 0 1 1 0 1
22 7 2 2 5 14 1 13 0 27 7 3 2 3 0 0 3 1 0 1 3 10 1 0 0 4 1 5 3 29 3 11 3 9 12 8 3 4 2 11 8 1 1 6 8 1 3 6 1 7 11 13 0 2 6 9 3 13 1 3 8 0 5 11 11 2 0 16 2 0 6 4 14 8 4 3 6 16 0 1 24 0 3 2 14 3 20 0 10 0 14 1 4 1 2 4 7 1 7 4
0 1 0 0 1 0 0 0 9 2 2 0 3 0 2 0 2 1 1 1 6 0 0 0 1 1 1 2 1 0 0 1 0 1 0 0 1 0 1 0 1 3 0 0 0 1 1 3 1 0 0 0 0 2 1 0 0 0 5 0 1 0 0 0 0 1 1 0 1 0 0 1 1 0 0 1 0 0 0 1 0 3 0 0 0 1 0 0 0 1 0 0 0 1 1 2 0 0 0 1
0 0 8 14 24 5 2 0 16 18 2 6 17 45 5 19 3 27 1 10 0 10 2 2 15 3 2 2 3 1 7 17 2 8 22 3 0 1 6 15 3 3 0 13 0 0 16 1 4 3 0 1 1 1 12 0 4 14 5 0 2 11 0 0 2 37 9 14 40 2 4 1 2 8 9 1 2 3 13 0 10 3 19 5 0 1 1 3 24 11 3 13 0 6 9 1 1 1 15 16
0 5 0 1 7 4 5 3 5 5 0 10 4 4 0 9 1 13 7 3 3 3 4 1 25 7 3 23 0 19 6 1 6 0 0 1 35 4 21 0 0 5 1 3 10 2 5 4 0 18 2 0 1 7 1 20 9 1 2 0 2 9 3 5 25 10 2 19 11 26 5 13 5 26 1 29 6 0 24 10 2 2 7 0 10 8 0 4 1 15 11 1 3 5 1 5 19 3 0 23
0 7 8 32 2 22 0 2 1 19 2 25 3 14 2 5 10 14 1 11 24 7 27 38 7 15 4 3 1 9 31 2 7 22 20 13 4 10 1 9 13 16 6 5 1 0 11 10 0 1 12 3 1 3 6 6 17 5 9 11 0 6 13 4 1 3 13 30 39 5 12 26 0 1 1 1 29 4 0 10 3 16 9 2 8 10 0 3 3 22 4 23 1 23 7 5 3 2 3 42
2 0 0 0 0 0 3 10 0 1 7 0 0 0 4 12 0 12 3 2 2 1 0 3 3 0 3 16 1 2 0 2 7 5 1 0 3 3 7 3 3 11 0 5 11 10 6 17 9 1 1 1 16 5 4 10 3 0 0 0 2 5 0 4 0 0 0 3 1 2 2 9 6 4 5 8 4 0 2 2 3 1 4 0 0 5 1 6 4 0 4 0 8 2 8 13 5 1 3 9
3 0 0 0 0 0 0 0 0 1 0 4 0 0 0 1 1 0 0 10 1 0 1 0 1 0 0 0 0 0 0 0 0 1 4 0 0 0 0 0 0 0 1 0 0 2 0 3 1 0 0 2 4 0 2 0 0 0 0 3 0 0 0 1 0 0 1 0 0 0 0 3 0 1 1 1 0 0 0 0 0 0 1 1 0 0 3 0 0 0 0 0 4 0 0 0 0 2 3 0
3 0 2 3 1 16 21 2 8 6 2 1 1 1 3 8 8 1 8 6 10 6 7 1 2 0 1 5 15 22 7 2 0 9 0 1 0 3 5 3 0 12 8 0 5 0 7 2 12 0 2 4 10 1 1 21 2 0 4 0 4 2 7 6 1 6 0 0 8 1 11 6 12 0 5 0 12 5 3 1 2 9 1 0 0 4 1 9 12 0 4 0 2 0 10 7 1 0 0 0
6 9 5 13 0 12 2 12 3 1 3 3 2 8 13 6 4 1 0 0 0 0 1 0 1 17 3 5 6 7 32 5 14 5 2 1 14 19 1 9 25 2 8 0 3 26 5 21 7 5 5 0 2 14 2 0 8 13 15 2 4 2 0 6 18 8 22 0 4 18 20 11 23 12 2 10 14 14 5 17 0 26 14 1 7 1 6 8 1 3 16 2 5 31 6 3 6 25 10 16
5 19 0 5 7 1 5 9 1 1 1 2 1 9 0 0 0 6 0 6 3 5 4 6 3 0 0 4 0 0 7 13 6 6 0 2 0 0 5 9 0 3 1 0 1 5 12 18 12 2 5 0 0 1 0 0 2 1 1 4 4 3 12 0 2 20 4 1 0 2 27 22 11 4 13 1 2 12 2 17 1 2 1 1 4 9 2 1 1 4 2 5 5 0 0 1 9 4 7 8
0 0 0 0 0 0 0 0 0 1 0 1 0 0 3 0 0 0 0 0 2 0 1 0 1 0 0 0 0 0 0 1 0 0 0 4 2 0 0 0 0 0 0 1 1 0 0 0 0 0 0 1 0 0 0 5 1 0 1 0 0 0 0 0 0 1 0 0 1 0 1 0 0 0 1 0 0 0 1 2 0 2 2 1 0 0 0 0 0 0 0 0 1 0 1 1 0 0 0 0
9 6 11 0 25 18 3 6 23 1 0 5 5 2 0 0 1 0 1 27 5 7 13 6 8 6 3 5 8 3 5 16 7 35 15 7 4 4 5 5 7 0 8 8 3 1 7 6 15 5 12 9 14 9 1 13 0 21 5 18 1 2 6 0 8 3 16 3 11 91 0 0 3 6 7 16 0 4 4 0 15 8 17 0 2 0 2 6 13 2 1 11 14 3 16 7 16 4 5 14
11 3 9 2 6 5 9 6 17 1 5 2 2 3 16 1 7 23 1 1 2 3 32 0 3 5 6 12 0 8 5 12 2 1 3 4 0 0 13 36 9 0 0 38 8 21 6 8 7 14 5 1 4 2 0 15 4 4 4 0 16 3 3 4 0 7 2 16 5 7 5 15 1 4 0 5 3 10 1 2 10 1 1 17 34 3 1 2 1 4 1 3 3 7 22 1 0 7 2 24
3 1 16 24 0 5 32 2 14 6 22 27 11 8 19 13 6 10 2 24 14 1 3 1 11 5 11 0 22 34 8 19 8 4 0 8 0 23 4 5 1 4 7 1 9 10 4 13 0 14 7 26 4 5 0 1 2 2 5 6 0 6 12 0 27 4 6 13 22 3 4 22 0 6 0 0 0 2 6 27 11 10 1 1 7 3 0 8 11 20 5 6 9 9 7 1 11 5 0 1
7 9 0 4 8 4 3 1 3 12 7 4 7 2 6 1 0 2 0 1 10 0 3 4 0 11 3 5 0 7 2 6 4 5 7 0 0 3 2 0 0 7 2 3 2 0 7 0 0 1 0 5 7 8 0 5 14 0 2 1 2 3 6 1 7 0 0 2 6 6 2 5 0 3 9 26 4 11 0 1 2 3 0 0 4 3 4 3 2 2 6 6 3 3 0 4 2 0 11 4
1 4 16 3 0 2 0 22 0 13 5 3 8 3 13 1 5 2 12 0 0 2 0 13 15 0 5 3 0 1 2 0 0 4 1 1 4 1 3 2 3 1 1 3 1 10 1 0 5 1 0 1 0 0 28 0 2 13 2 1 0 0 1 2 4 1 0 0 2 1 9 1 3 2 4 1 6 0 5 7 7 0 2 0 2 2 2 5 1 0 3 1 1 8 1 1 2 1 0 6
1 0 0 0 0 0 3 0 1 0 0 0 0 0 0 0 0 0 0 0 0 1 1 1 0 0 0 0 1 0 0 0 0 1 0 0 0 0 0 0 1 1 0 0 2 1 0 1 0 1 0 0 0 1 0 17 1 9 1 0 0 0 1 0 0 0 0 0 0 1 0 0 1 1 2 0 0 0 0 3 0 1 1 1 0 1 1 1 0 0 0 0 0 1 0 0 1 0 0 0
1 1 12 19 8 23 10 14 17 3 9 2 6 9 16 1 1 0 11 11 6 4 0 11 13 7 2 13 4 24 1 12 13 13 4 1 8 5 14 0 0 1 9 24 4 2 1 10 2 5 10 16 2 9 9 3 9 1 0 1 6 6 14 20 2 7 14 10 3 46 16 1 1 0 15 2 0 1 34 1 4 2 9 3 8 3 1 21 14 0 6 6 18 1 0 1 1 14 2 4
0 0 0 2 0 0 0 0 0 0 0 0 0 0 1 0 0 0 0 0 0 0 0 1 0 0 0 0 0 0 0 0 0 0 0 1 0 0 0 0 1 0 0 0 0 0 2 2 3 0 0 0 0 1 0 2 0 2 0 1 1 1 1 0 0 0 0 0 0 0 0 0 1 0 2 1 0 0 0 0 1 0 1 0 0 1 0 0 1 0 1 0 0 0 0 0 3 0 0 0
1 10 11 1 15 9 0 10 15 0 1 35 14 8 11 13 12 34 1 3 15 26 6 11 21 17 8 6 3 5 23 7 3 5 6 1 15 0 11 3 14 1 0 2 14 0 5 7 0 12 1 11 0 1 2 0 21 0 11 2 28 0 33 0 4 5 1 10 12 0 12 4 32 2 4 3 7 6 2 18 4 34 5 11 12 3 6 13 1 1 37 2 2 3 2 6 0 20 1 4
0 0 0 0 0 0 0 0 0 0 0 0 0 1 0 0 0 0 1 0 0 1 2 1 4 0 2 0 0 1 0 1 0 1 1 0 0 0 0 0 0 0 0 0 1 7 0 0 2 0 0 0 0 2 0 0 2 1 0 1 0 1 0 2 0 0 0 0 1 0 5 0 0 0 0 1 0 0 0 0 2 0 0 0 1 0 0 0 1 1 2 0 0 0 0 0 0 1 1 0
0 1 0 0 0 0 0 0 0 0 0 0 0 0 1 1 0 0 0 0 0 0 0 0 0 0 1 1 1 0 0 0 0 2 1 0 2 0 1 0 0 2 1 1 0 0 0 0 0 0 0 0 0 0 1 1 0 1 0 1 0 5 0 0 0 0 0 0 0 0 1 5 0 1 4 0 0 1 0 0 1 1 1 3 0 0 0 0 0 0 1 1 1 0 0 1 0 1 0 0
0 0 16 8 1 2 9 1 0 11 4 0 7 0 2 5 7 14 2 7 17 3 15 40 9 6 15 1 1 9 5 1 0 7 1 5 4 8 6 19 5 3 6 8 11 0 8 0 3 0 3 2 7 8 5 5 11 25 12 4 2 3 16 0 6 15 6 1 2 7 3 1 0 2 3 1 15 12 0 7 6 10 18 2 2 15 5 10 0 3 0 0 9 5 5 5 1 3 0 27
0 0 0 3 0 0 0 0 0 0 2 0 0 0 6 0 0 0 0 1 0 0 0 0 0 0 0 0 0 1 0 1 0 1 0 0 1 0 0 0 0 0 0 1 1 0 0 0 1 2 1 2 0 0 0 1 0 0 0 0 0 0 0 0 1 1 1 0 0 0 0 3 1 1 0 0 0 2 0 0 1 0 0 0 0 0 0 0 0 0 0 0 3 1 0 1 0 0 0 0
0 0 0 0 2 1 3 0 0 1 1 0 0 0 0 0 0 1 0 0 0 0 0 0 0 0 1 0 0 0 0 1 0 1 0 0 7 1 1 0 0 0 1 0 2 0 2 0 0 0 0 0 0 0 0 7 0 4 0 1 0 0 0 0 0 0 0 0 0 0 1 0 0 0 0 0 0 0 0 0 0 0 0 0 1 0 0 0 0 0 0 1 0 0 0 0 1 0 0 0
4 18 4 2 9 4 11 7 2 0 11 4 4 0 1 5 6 5 13 33 1 10 6 2 2 7 5 8 16 27 3 2 0 0 8 11 2 7 3 2 4 22 2 8 21 10 6 2 9 6 26 0 12 1 0 2 3 2 27 32 1 0 1 0 19 1 13 8 12 18 11 0 2 9 7 1 5 5 4 5 3 0 0 0 2 1 1 9 9 21 8 23 0 8 0 6 11 15 2 10
1 0 0 0 0 0 0 0 3 0 0 0 0 0 0 0 0 0 1 1 0 0 0 0 3 0 0 0 0 0 1 0 0 0 0 0 0 0 0 3 0 0 0 0 1 0 2 0 1 0 0 0 0 2 0 0 1 0 3 1 0 0 0 0 1 0 1 0 3 0 0 0 0 0 0 0 0 0 0 0 1 0 0 0 0 0 0 1 2 0 1 0 0 2 9 0 0 3 1 0
0 0 0 0 0 0 1 0 0 0 1 0 0 0 0 1 0 0 0 0 0 0 0 0 0 0 0 0 0 0 0 0 0 0 1 1 0 1 0 0 0 0 0 0 0 0 0 1 0 0 0 3 0 0 1 0 0 0 1 0 0 0 0 0 0 1 0 0 0 0 2 0 0 0 0 0 0 0 0 3 0 1 0 0 0 0 0 0 3 0 0 4 1 0 2 0 0 1 3 3
2 5 2 3 15 2 3 2 2 5 4 3 19 0 8 6 4 4 12 13 1 4 2 0 5 0 0 2 6 7 0 2 0 7 11 0 11 10 15 8 1 1 0 7 1 8 0 0 0 6 16 5 4 0 1 2 1 0 2 5 4 3 7 7 5 1 5 1 13 0 7 1 30 3 2 9 1 1 6 0 1 6 3 11 1 6 11 2 3 0 3 2 1 5 2 3 7 5 2 2
1 23 6 7 2 0 3 6 3 10 1 3 1 2 4 1 0 15 4 0 2 7 5 42 23 4 10 7 1 15 3 4 12 1 11 3 4 32 2 3 2 10 12 32 1 5 12 5 12 0 1 4 7 2 27 9 15 29 6 1 3 5 9 44 6 2 3 8 2 6 8 1 17 19 25 9 18 29 4 14 3 4 1 2 14 3 1 5 0 9 1 11 12 4 0 1 4 13 1 15
11 0 0 0 0 0 0 0 0 0 0 0 0 0 0 0 1 0 1 0 0 0 3 1 1 0 1 1 0 0 1 0 0 2 0 0 1 1 2 1 0 0 0 0 0 0 0 0 0 0 1 0 0 0 0 0 1 0 0 0 0 2 2 0 2 0 0 0 1 0 0 3 0 0 1 0 0 1 0 0 0 0 0 0 3 1 0 0 0 0 0 0 0 0 1 0 1 0 0 0
26 0 13 4 8 0 5 2 1 10 2 0 3 8 4 7 6 0 2 6 7 3 14 2 23 2 0 0 16 33 0 15 0 7 3 3 14 5 2 13 18 14 8 5 9 4 0 0 2 11 0 2 16 14 10 18 5 2 3 2 3 5 15 7 5 11 0 2 12 3 16 26 7 4 14 5 2 4 3 13 11 3 2 7 16 1 3 0 2 0 12 4 1 1 11 16 9 2 12 0
1 0 0 0 0 1 2 1 2 0 0 0 0 0 1 1 0 1 0 0 0 1 0 0 0 4 1 1 1 2 1 1 0 2 1 0 0 0 1 2 0 0 1 0 0 0 0 3 0 0 0 0 0 0 0 3 1 0 0 0 0 0 2 0 0 0 0 0 2 0 1 0 0 2 1 4 0 0 0 0 2 0 1 0 0 0 0 3 0 1 0 0 0 0 3 0 1 1 0 0
0 0 0 0 0 1 0 1 0 0 0 1 0 0 1 1 0 1 1 1 0 0 1 0 0 0 0 2 0 4 1 6 1 0 0 3 9 1 1 0 1 0 1 0 1 1 0 1 0 0 1 1 0 0 0 1 0 3 1 1 0 1 0 0 0 0 1 0 0 1 0 0 0 1 0 0 1 1 2 1 0 0 2 0 1 0 0 0 0 1 2 0 0 0 0 0 0 0 1 0
0 1 0 1 0 0 0 1 1 0 0 0 0 0 1 1 0 0 1 0 1 1 0 0 2 0 0 0 1 3 1 0 0 0 0 0 1 0 0 0 0 0 0 1 0 0 1 1 0 0 0 2 1 0 1 0 0 0 0 0 0 0 1 1 0 0 0 0 2 0 0 0 0 2 2 0 1 2 0 0 0 0 0 1 0 0 0 0 1 0 0 0 0 2 0 0 1 1 0 0
0 3 2 0 2 2 4 9 6 2 1 13 17 3 12 3 12 1 6 12 27 0 9 2 4 6 2 3 14 20 2 0 14 1 0 3 1 0 0 1 16 7 2 19 1 3 1 8 2 2 4 1 3 1 6 1 3 3 3 19 2 2 7 2 1 3 8 0 3 0 7 7 4 12 0 10 9 1 13 1 23 1 2 1 2 0 4 7 1 3 7 8 0 0 2 0 0 1 13 1
3 3 7 8 5 1 0 6 8 16 0 7 0 7 17 1 6 11 25 14 4 3 10 3 0 0 0 28 7 14 10 7 2 27 6 4 8 12 3 18 9 13 0 2 1 11 0 2 2 0 0 0 8 22 20 3 3 2 7 0 16 14 15 9 4 10 2 11 26 7 7 15 6 7 2 6 21 6 2 3 8 26 1 4 0 6 0 5 0 5 4 9 4 1 0 19 6 2 0 10
2 1 1 1 0 1 0 1 13 9 7 5 10 5 2 0 2 3 5 0 2 7 0 0 8 0 5 9 0 3 1 5 0 2 0 2 4 3 0 0 0 0 7 0 25 1 7 6 1 0 0 3 0 0 1 3 1 3 0 3 1 0 3 3 4 1 9 0 0 4 2 0 4 0 3 0 2 0 7 1 16 1 6 1 2 3 0 3 7 0 11 4 14 14 4 1 0 0 0 0
0 0 0 0 0 1 0 1 0 0 0 0 5 4 0 0 0 1 0 2 0 1 0 0 0 1 0 0 0 0 3 0 0 1 7 0 0 0 0 0 2 0 0 0 0 1 0 0 2 1 0 0 5 2 2 0 0 0 0 0 0 0 1 1 0 2 0 0 0 0 0 0 1 0 0 5 0 0 0 1 1 1 3 0 0 0 6 0 0 0 0 1 0 0 0 0 0 0 1 0
0 0 0 0 0 0 0 0 1 2 0 4 0 0 4 0 3 0 0 0 0 0 0 1 3 0 0 0 0 1 0 0 0 0 1 0 1 0 4 1 1 0 0 0 1 0 0 1 0 0 0 1 0 1 0 5 0 3 0 0 1 1 0 2 0 1 0 0 0 0 0 1 0 0 0 0 0 1 1 0 0 0 0 0 0 0 0 0 0 0 0 0 2 0 0 2 0 0 3 0
0 18 11 54 6 0 10 2 9 19 25 6 14 5 0 1 0 7 0 8 4 2 6 7 18 0 0 12 10 1 4 19 2 3 1 1 11 1 13 0 0 10 3 14 2 2 0 32 5 5 39 4 12 9 7 2 0 3 8 4 31 12 17 3 1 31 16 19 0 6 3 2 0 1 2 6 35 3 2 10 17 1 1 17 10 2 3 3 7 3 17 5 0 4 1 7 4 4 1 3
1 0 2 0 0 0 0 1 0 0 0 1 0 0 1 1 0 0 0 0 1 0 0 0 0 0 0 1 0 0 1 0 0 0 0 2 0 0 0 1 0 0 1 0 0 0 0 1 1 0 0 0 1 0 0 0 0 0 0 3 1 0 0 0 1 0 0 1 0 1 0 0 0 0 1 2 0 1 0 0 0 0 0 0 0 0 0 0 2 0 0 0 0 0 1 1 0 0 1 1
0 18 8 8 1 0 5 4 0 9 9 8 7 7 4 9 9 24 4 12 4 6 4 22 7 26 1 8 4 14 0 11 1 27 1 1 37 4 1 13 68 10 4 0 1 7 3 23 17 14 3 15 0 10 13 5 1 13 10 1 7 31 10 1 1 1 12 7 1 0 1 3 12 4 10 1 16 3 2 3 1 6 13 15 14 2 36 6 15 18 1 5 1 50 2 16 6 17 4 2
