0 0 3 0 0 0 3 0 0 1 1 0 0 0 0 0 1 0 0 1 0 0 0 0 1 1 2 0 0 0 0 0 0 0 1 0 0 0 0 0 0 1 0 0 0 0 1 1 1 1 0 1 0 1 0 0 0 0 0 5 1 0 0 0 0 0 1 0 0 1 0 0 0 1 1 0 0 0 0 0 0 0 0 0 0 1 0 0 0 3 0 0 1 0 2 1 1 0 1 0
0 3 2 2 6 0 6 0 0 5 11 16 5 2 6 4 4 2 1 3 0 18 3 3 22 1 9 10 1 19 1 0 3 4 2 11 1 1 1 7 2 4 0 2 10 2 0 6 24 13 9 7 0 3 7 20 0 11 0 11 13 8 1 21 0 24 34 3 1 17 0 5 0 1 26 0 4 10 12 5 3 15 10 20 14 2 2 7 7 4 0 11 3 9 16 1 7 5 3 34
0 3 2 13 30 6 3 4 4 1 10 2 1 2 7 2 0 7 2 1 2 3 1 6 19 1 5 12 0 1 6 1 0 7 8 11 0 13 4 1 7 5 2 0 4 7 2 0 3 6 6 3 10 2 4 0 3 8 2 3 2 1 8 0 8 1 5 12 7 0 12 3 0 2 11 2 13 1 0 5 1 0 0 3 6 7 26 1 13 7 1 6 13 4 4 4 0 2 2 29
8 10 0 2 0 6 3 15 5 9 12 2 1 0 6 2 0 5 2 1 2 26 1 2 6 2 9 2 14 0 10 7 0 7 3 5 14 1 1 6 13 1 1 6 3 2 0 6 6 0 13 3 20 0 4 3 3 5 5 8 9 1 1 1 10 4 0 14 0 5 6 1 2 4 1 0 0 0 6 0 6 2 0 3 2 4 0 2 11 1 5 7 1 1 19 0 3 3 1 1
7 1 14 12 31 8 7 15 11 6 31 0 10 2 0 15 6 6 0 1 1 8 0 2 16 4 8 11 4 8 13 3 2 16 5 6 6 3 3 1 11 3 3 8 3 2 9 15 7 3 16 3 2 3 0 3 0 8 0 20 13 1 0 37 5 15 0 1 2 8 0 21 33 1 24 8 7 2 8 0 8 22 3 4 2 5 1 2 1 5 6 24 3 3 8 18 2 0 1 7
0 0 2 0 10 1 0 0 0 0 3 0 0 0 0 0 0 1 1 3 1 1 1 0 5 2 2 0 0 0 0 1 0 1 0 5 0 0 0 0 0 0 1 0 4 0 0 0 0 0 0 0 0 0 0 0 0 0 2 0 0 0 2 0 1 0 5 1 1 1 0 0 0 0 0 0 0 1 0 0 0 0 0 1 0 0 0 0 1 0 0 4 0 1 0 0 1 0 0 0
0 0 0 0 6 0 0 1 0 1 4 0 0 0 0 0 0 1 2 2 15 0 0 1 1 1 2 1 0 0 0 0 0 1 2 1 2 0 0 2 6 0 0 0 2 0 0 13 0 10 1 2 0 2 0 1 0 0 0 0 1 0 1 0 1 1 0 0 0 0 0 0 4 0 4 0 1 1 0 0 0 1 0 0 19 23 0 0 1 0 0 0 0 0 0 2 3 1 0 0
2 5 17 5 12 10 6 10 8 1 2 10 10 22 6 5 5 1 1 0 21 1 1 4 7 15 7 9 3 2 2 5 1 1 2 9 4 1 35 6 0 1 8 7 25 1 18 4 3 5 11 3 2 4 8 2 3 1 7 17 4 50 1 4 1 18 1 2 6 0 3 28 6 21 3 12 1 7 7 0 7 22 7 3 10 8 8 0 0 0 39 10 36 1 2 12 13 2 7 0
2 14 12 10 1 14 9 0 15 0 8 16 5 3 5 0 0 0 4 3 9 5 2 18 0 0 17 0 11 12 3 13 5 9 8 14 4 9 12 2 4 0 1 24 6 10 5 5 3 0 7 5 5 4 1 1 2 0 5 2 4 1 1 4 0 2 1 11 11 10 2 4 0 3 1 14 7 10 0 3 7 10 23 7 7 5 1 6 33 4 12 4 32 3 15 9 1 4 5 20
12 33 18 1 18 5 1 18 8 0 5 5 2 4 9 11 10 7 0 0 4 3 2 29 7 7 9 24 0 3 4 5 2 18 3 0 1 3 15 1 13 0 0 15 13 0 15 5 0 9 8 10 4 14 7 3 5 8 4 2 10 4 8 34 9 4 2 1 2 22 4 2 0 3 7 4 5 1 23 18 3 13 3 1 5 8 15 7 7 11 44 9 2 5 1 4 2 6 0 17
1 2 2 0 8 0 17 4 2 10 2 2 3 2 12 13 0 6 0 0 11 0 0 0 2 11 2 1 14 1 0 0 1 10 4 2 3 1 1 9 2 4 1 1 7 9 1 3 18 4 2 0 5 11 1 0 5 0 2 0 0 1 3 7 9 6 12 5 0 4 8 2 1 2 0 4 9 3 2 4 1 2 5 2 8 1 9 1 7 16 28 0 3 3 7 2 4 7 2 6
8 9 4 0 6 11 2 8 7 6 2 4 3 2 0 10 5 12 7 1 4 3 10 5 6 2 2 8 16 0 14 33 1 2 3 7 0 0 13 1 9 10 5 2 6 2 9 8 11 4 4 0 5 0 2 8 3 1 11 9 8 2 1 35 29 12 7 9 2 3 17 0 1 3 2 5 21 6 10 17 8 2 8 11 21 11 29 13 7 2 2 9 4 11 15 0 16 20 21 8
5 2 0 2 21 2 6 3 3 0 2 0 22 12 12 5 2 7 32 4 4 21 0 7 17 17 15 0 10 4 1 3 7 10 32 6 23 28 4 4 17 2 5 33 1 21 1 7 13 3 7 3 10 1 12 6 7 11 2 1 2 4 19 4 2 7 2 1 0 2 23 4 6 3 9 11 21 1 9 2 0 12 2 0 10 1 5 0 4 3 0 31 18 4 6 1 4 2 11 14
3 1 1 2 5 0 9 7 11 19 2 13 0 3 0 23 5 9 1 3 13 0 1 19 9 1 6 18 3 22 7 17 8 14 7 23 1 8 3 3 0 22 0 0 0 16 4 2 15 0 4 22 0 7 3 17 1 5 0 1 5 6 7 2 16 4 4 7 2 1 13 49 8 5 3 7 17 5 9 9 2 2 0 0 9 1 0 4 2 2 3 4 1 13 1 2 1 17 5 1
0 0 0 0 0 0 0 0 0 0 0 0 2 0 0 3 1 0 0 1 0 0 0 0 1 1 0 0 0 0 0 0 0 0 1 0 0 0 0 0 0 0 0 0 0 3 0 0 0 0 1 0 0 0 1 1 0 2 0 1 0 0 0 0 0 0 0 0 2 0 1 0 1 0 0 2 0 0 0 0 0 0 1 0 0 0 0 1 0 0 0 0 0 0 0 0 0 0 0 0
0 0 0 1 0 0 0 1 0 0 0 1 0 1 1 1 1 0 0 2 0 0 0 0 0 0 0 0 0 0 0 0 0 1 1 0 0 0 0 1 0 1 0 0 3 0 0 0 1 1 1 0 2 0 0 0 1 1 2 0 0 1 0 0 0 1 0 0 0 5 1 0 2 0 0 0 0 0 2 0 0 0 1 0 9 0 1 1 0 3 0 0 0 1 0 0 1 0 0 0
0 0 0 1 0 0 1 0 0 0 0 0 0 0 0 0 1 2 0 0 0 0 1 0 1 0 0 0 0 6 5 1 1 0 0 1 1 0 0 0 0 0 0 1 0 0 1 0 0 0 0 3 1 0 0 0 0 2 0 24 0 0 1 0 0 0 0 1 0 0 1 2 1 1 0 0 2 3 0 0 0 0 1 0 0 0 0 0 0 0 1 0 1 0 0 1 2 0 16 0
1 0 0 3 0 0 0 1 0 1 1 0 4 1 0 0 0 1 0 6 8 1 0 0 0 0 0 0 1 0 0 1 0 3 2 5 0 0 0 0 0 0 0 0 1 1 1 1 0 0 0 0 0 1 1 0 0 0 0 0 0 2 0 0 1 1 7 0 0 0 0 1 0 0 1 0 0 0 0 0 1 0 0 0 0 2 0 0 0 0 0 0 0 0 2 0 0 0 0 0
1 0 0 1 0 0 0 0 1 4 0 0 2 0 0 1 0 0 0 2 0 0 0 5 1 0 0 0 0 0 1 0 0 0 0 0 15 0 0 2 0 0 0 1 3 0 2 1 0 1 0 0 2 0 0 0 1 0 0 3 0 0 0 0 0 2 0 0 0 0 0 1 0 1 0 3 2 1 0 0 0 1 0 1 0 0 1 0 0 0 0 0 0 2 0 0 0 0 0 0
5 0 1 7 5 33 5 1 4 0 5 11 7 4 2 1 0 1 19 1 5 2 0 0 0 4 2 2 3 11 1 6 5 2 0 1 12 4 4 1 6 6 6 7 9 1 0 0 0 14 4 0 1 2 5 2 0 18 0 0 4 0 2 1 0 13 12 1 1 2 2 0 2 1 1 1 13 3 6 5 2 7 3 1 1 2 2 1 7 3 5 11 6 2 2 1 13 1 0 2
0 0 0 0 1 0 0 0 0 0 0 0 0 1 0 0 0 0 0 0 0 1 0 0 0 1 0 2 1 0 1 0 0 0 0 2 0 0 0 0 0 0 4 0 0 1 0 0 0 0 0 0 0 0 1 4 3 2 0 1 0 0 0 0 1 0 0 8 0 0 2 0 1 0 0 0 0 0 0 0 0 0 0 0 0 1 0 0 0 0 0 2 0 0 1 1 1 1 0 0
4 8 16 4 2 1 0 8 18 27 2 12 2 6 0 1 2 1 0 2 2 3 0 13 4 5 7 0 0 6 6 10 2 2 0 4 8 0 1 0 14 10 3 7 26 9 5 13 7 4 20 1 16 19 2 2 7 4 17 7 15 2 63 10 4 12 3 4 3 9 15 5 11 11 0 4 9 9 17 0 17 8 15 1 0 11 5 0 19 0 1 10 6 19 3 4 6 18 3 0
2 0 5 0 0 0 2 1 0 0 2 1 0 0 0 0 1 0 0 0 0 0 0 0 0 1 0 0 1 0 0 2 1 2 0 0 2 1 0 0 0 1 1 0 0 0 0 1 1 1 0 2 0 0 0 0 1 1 0 4 3 0 0 0 0 0 0 0 0 0 0 1 4 1 0 0 1 0 0 1 0 1 0 0 0 0 0 1 0 8 0 0 0 0 0 0 1 0 0 0
0 1 3 0 0 0 3 0 0 1 0 0 0 0 1 0 0 0 0 0 0 0 0 0 8 0 2 0 0 0 1 0 1 0 0 8 1 0 0 0 0 0 0 0 0 0 1 0 0 0 0 2 0 0 0 1 1 0 0 0 1 1 0 1 0 1 1 0 0 0 0 0 0 0 0 0 0 1 0 0 0 0 1 0 0 0 0 0 1 1 0 0 0 0 1 2 0 0 2 0
1 0 0 0 1 0 0 0 0 0 0 1 1 0 0 0 0 0 0 2 2 0 0 0 10 1 0 1 0 0 0 0 3 1 1 0 0 0 0 0 0 0 0 0 0 1 0 0 0 3 0 3 0 0 0 0 0 0 0 0 0 0 1 1 1 0 0 4 0 0 0 0 0 1 0 1 0 0 0 0 0 0 2 0 1 1 0 0 1 0 1 1 0 0 0 0 0 0 0 0
0 0 0 0 1 2 0 1 0 0 0 0 0 0 1 0 0 1 1 0 10 0 0 0 2 1 1 0 0 0 0 2 0 0 1 1 0 0 0 0 0 0 0 3 2 0 1 0 1 0 0 1 0 1 0 0 3 0 0 0 0 0 0 1 0 0 1 0 1 0 0 0 0 0 0 0 0 0 1 0 0 1 0 1 0 0 0 3 0 0 0 0 0 1 0 2 0 0 0 1
0 0 0 5 0 2 0 0 0 0 0 0 0 0 0 0 0 0 0 0 1 0 1 0 0 0 0 1 0 0 0 1 0 1 0 3 0 0 2 3 1 7 3 0 0 9 1 0 0 0 2 0 0 0 0 0 0 0 0 0 0 1 1 0 0 0 0 2 1 1 2 0 1 3 2 0 0 0 0 0 0 0 0 1 0 0 0 19 1 0 2 1 1 1 0 1 0 2 0 1
0 3 0 0 0 1 2 0 0 8 0 0 4 0 0 0 0 0 0 0 0 1 0 1 0 0 0 0 0 0 1 1 2 0 1 0 0 0 0 3 0 1 0 0 21 0 0 0 2 1 0 0 0 0 0 0 0 0 0 0 2 2 0 0 1 0 0 0 0 0 0 0 0 0 1 0 0 2 1 0 0 0 1 0 0 0 2 0 0 1 0 1 2 0 0 0 0 0 0 0
11 7 29 0 17 4 0 7 5 2 1 18 8 3 1 7 27 23 2 1 21 5 5 0 6 9 29 13 4 6 0 11 0 9 12 10 2 12 0 6 1 9 6 10 24 24 7 0 3 3 5 5 31 2 13 4 8 29 5 22 0 1 13 1 16 0 12 15 12 28 3 4 0 6 2 4 5 10 5 4 20 2 10 9 13 10 0 25 6 16 22 1 19 1 4 3 0 12 4 1
6 12 2 5 2 15 0 1 6 2 5 10 1 2 2 1 3 5 5 4 6 7 4 0 0 3 3 1 3 0 1 2 12 1 13 9 0 1 4 4 4 0 5 13 7 11 1 14 0 4 2 4 5 8 10 4 24 5 9 15 5 0 13 3 1 0 15 9 0 0 4 6 3 7 2 13 11 3 1 0 5 1 5 7 3 0 0 3 0 1 10 3 1 2 10 6 0 1 3 12
18 9 1 5 17 5 18 6 17 7 0 4 4 1 7 3 3 4 5 27 15 8 20 5 34 7 5 1 10 3 9 1 1 15 3 4 1 5 1 10 0 5 4 5 16 9 1 13 0 10 7 0 2 5 2 7 1 0 3 6 13 7 28 3 53 5 6 2 40 4 1 6 18 1 2 1 5 0 2 3 0 13 10 4 3 0 7 0 18 19 7 11 18 10 21 2 0 5 12 3
0 8 4 7 1 19 3 0 6 0 3 22 10 0 2 2 13 7 6 4 6 2 6 3 13 6 6 1 10 9 11 2 9 34 3 8 1 3 31 1 4 10 1 30 23 9 1 3 2 1 8 9 3 2 26 7 3 13 11 13 1 5 12 1 3 2 12 0 21 2 11 2 7 7 3 3 2 14 4 14 26 11 16 48 9 6 2 10 4 4 0 3 15 6 17 6 4 14 3 4
18 0 0 0 1 6 0 2 0 6 1 8 4 0 3 0 4 8 2 2 1 12 2 0 7 9 0 3 6 3 2 0 9 8 7 5 9 0 13 5 1 3 8 3 3 11 7 1 0 1 2 4 2 2 2 8 4 1 1 5 2 2 1 11 2 3 9 11 6 0 6 6 1 2 9 1 5 2 2 0 13 9 0 0 4 2 5 0 0 4 5 6 6 0 1 0 22 0 0 8
9 1 16 22 2 3 24 6 0 2 0 11 3 0 0 0 5 1 5 0 0 5 0 5 2 0 5 0 0 1 1 0 2 1 5 1 7 3 2 3 4 3 1 1 1 0 1 1 6 5 3 10 1 11 8 0 0 2 5 13 5 1 0 5 0 2 5 2 0 0 0 4 3 1 8 4 4 0 8 0 2 6 6 7 0 0 4 0 4 2 1 7 8 3 1 2 1 2 24 8
5 13 3 0 12 17 7 11 5 0 9 6 37 11 8 17 6 7 3 19 38 5 25 0 1 10 12 8 5 4 12 8 19 1 13 21 3 29 2 4 1 6 19 3 14 1 9 17 1 1 33 6 1 0 5 16 7 2 2 2 21 2 7 1 15 16 7 2 13 11 8 12 11 10 22 7 14 1 7 0 8 7 16 7 28 0 9 3 2 7 40 9 1 13 9 0 12 0 0 0
0 0 3 1 0 0 0 0 0 2 0 2 0 0 2 0 0 0 0 0 2 0 1 1 2 0 1 0 0 0 0 0 0 0 1 0 0 0 0 0 0 0 1 0 0 0 4 0 0 0 0 3 0 0 1 0 1 1 1 2 0 0 0 0 0 0 0 0 0 0 2 0 0 0 0 0 0 0 0 0 0 0 0 2 0 0 0 0 0 0 0 0 0 1 2 1 0 0 0 0
1 2 0 0 1 0 0 0 1 2 1 0 1 1 0 0 0 0 0 0 0 1 0 4 0 0 0 1 0 0 0 0 0 0 0 0 4 0 0 0 0 0 0 0 0 2 1 0 0 2 1 0 0 2 0 1 0 0 0 0 0 1 0 1 0 0 0 0 5 0 0 0 0 8 0 4 1 0 0 0 0 0 1 2 0 1 0 2 0 6 1 0 3 0 0 0 0 1 0 1
0 4 0 1 2 4 2 2 0 1 1 5 3 11 0 12 4 8 1 0 2 8 1 1 2 1 2 2 3 0 3 1 10 3 3 1 0 0 3 0 3 0 5 3 4 4 8 0 2 0 0 3 6 2 4 6 26 0 0 4 6 2 3 1 7 4 4 1 0 0 4 16 2 1 4 18 7 1 1 8 0 8 0 1 1 14 2 7 1 0 8 1 0 4 2 0 3 1 0 4
0 0 0 2 1 0 1 0 1 0 0 0 2 1 0 1 9 0 1 0 0 0 0 1 1 0 0 0 2 0 0 0 0 0 2 0 0 0 0 0 1 1 1 0 0 1 0 0 0 0 0 0 0 0 0 0 2 0 0 0 0 0 0 0 0 0 1 0 0 1 0 0 2 2 0 0 0 0 0 1 0 0 2 0 1 1 0 0 1 3 3 0 0 0 0 0 4 1 0 1
1 1 0 5 2 1 7 4 5 1 6 8 6 2 4 0 0 0 5 4 2 0 6 1 0 2 0 7 1 0 4 3 5 1 4 1 9 5 3 0 7 0 0 4 0 4 25 5 4 0 1 0 2 12 0 7 0 3 1 0 5 1 2 1 4 0 1 1 8 4 8 5 2 2 5 0 2 2 1 0 7 1 5 0 9 2 0 4 1 0 0 10 4 1 9 1 3 6 8 0
1 0 0 0 0 1 0 1 0 1 1 0 0 0 0 0 1 0 0 0 0 0 0 3 0 1 0 1 0 0 0 0 0 1 0 0 0 0 0 0 1 0 0 4 1 0 0 0 0 1 0 0 0 1 0 0 0 1 1 0 0 0 1 0 0 0 0 0 0 1 1 0 0 1 0 0 0 0 4 2 0 0 1 0 2 0 1 0 0 1 0 1 0 0 0 0 1 1 5 2
6 4 2 27 0 0 6 17 11 9 15 21 4 13 6 5 9 12 2 3 3 7 2 2 8 2 10 14 20 3 32 0 3 0 24 1 5 8 10 4 3 12 7 4 0 16 0 0 1 2 4 27 0 2 1 0 18 14 10 10 3 20 5 10 16 1 6 5 11 1 2 4 9 2 10 5 2 0 7 1 30 23 4 0 2 2 3 3 1 3 3 2 1 6 8 1 0 2 0 1
0 1 5 0 1 0 1 0 0 0 1 2 0 0 2 0 0 1 0 0 0 0 1 1 2 0 0 0 0 1 0 0 0 0 3 0 0 0 0 0 0 0 0 0 0 0 0 0 0 0 0 0 0 1 0 0 0 0 4 2 0 0 0 0 0 0 1 2 0 0 0 0 0 0 3 1 0 0 0 1 0 0 2 0 0 1 0 0 1 10 0 2 0 0 0 1 4 0 0 0
0 2 2 1 6 7 0 10 1 15 3 0 4 3 1 16 2 15 15 2 0 13 2 1 3 1 8 20 16 0 4 13 9 14 14 12 7 0 5 12 19 16 2 7 5 4 4 1 6 3 5 0 4 2 7 1 13 1 9 0 23 1 0 16 23 4 4 1 9 6 6 8 6 2 5 2 0 3 8 4 8 0 3 5 14 11 2 1 2 1 2 3 14 1 6 6 2 8 0 0
2 0 0 0 0 2 0 0 2 6 0 0 1 0 1 0 0 1 0 0 0 1 0 0 1 0 1 0 0 0 0 0 0 0 1 1 1 0 0 0 0 0 1 0 6 0 0 0 0 0 0 0 0 0 1 0 0 2 0 0 0 1 0 0 0 0 0 1 0 0 0 0 0 1 0 0 0 1 1 1 0 0 0 0 0 0 0 0 0 0 0 0 0 0 2 0 1 1 0 0
10 4 8 3 0 9 12 5 2 2 1 4 3 0 1 0 2 2 3 1 2 0 1 0 2 2 1 5 0 0 11 2 7 0 3 1 1 1 2 5 1 3 2 0 2 3 2 2 1 6 7 4 3 1 1 0 2 1 9 4 2 5 2 6 5 1 6 1 27 0 0 10 10 3 11 3 1 0 3 1 8 5 11 3 2 0 7 26 2 0 0 20 5 0 14 7 2 0 1 8
3 1 0 8 9 0 13 5 10 4 3 2 13 0 0 3 0 0 4 1 9 7 15 18 10 3 21 5 2 5 2 3 2 1 8 0 4 2 0 2 3 1 10 0 18 4 1 2 2 0 30 1 1 0 2 7 11 2 1 1 14 2 2 6 4 3 7 9 2 1 1 1 9 28 1 6 7 0 1 2 6 0 3 2 1 5 4 0 5 0 5 5 6 3 4 2 18 4 34 0
1 0 2 0 0 0 0 0 1 1 0 1 1 0 0 1 1 0 0 0 1 0 6 6 1 2 1 1 2 0 2 0 0 0 1 0 1 2 0 0 1 2 0 0 9 1 0 1 0 0 0 0 0 1 0 0 0 0 4 1 0 0 0 0 0 2 0 0 0 0 0 0 0 18 0 0 0 0 0 1 0 2 0 0 0 3 0 0 0 0 0 2 0 1 0 0 1 0 0 0
1 12 1 3 3 5 4 10 0 0 0 0 0 6 2 3 4 2 6 5 5 4 10 7 0 6 2 3 8 4 5 3 1 2 0 2 0 8 0 7 0 0 1 0 4 3 8 0 6 3 2 1 6 0 0 5 0 10 3 1 5 3 0 2 0 1 10 2 11 3 5 2 1 1 3 2 0 0 5 9 2 0 12 11 6 11 0 0 1 0 0 4 4 4 1 6 3 6 0 0
4 2 8 8 4 0 19 11 10 0 0 18 4 5 20 0 23 1 6 7 0 2 5 26 0 10 10 5 7 0 1 0 6 0 9 1 5 0 17 2 0 3 1 1 4 0 1 1 37 2 3 9 3 3 6 1 45 5 3 15 1 6 8 2 1 9 7 4 6 4 4 2 1 9 1 0 0 18 14 0 14 10 18 1 0 0 1 43 2 0 7 3 3 3 17 8 5 5 0 6
