0 1 0 3 0 0 0 0 0 1 1 1 0 0 0 0 1 0 0 1 0 0 0 0 2 0 0 3 0 1 0 0 0 1 0 0 0 0 0 0 0 0 0 0 0 0 0 0 1 1 0 1 0 0 0 10 0 0 0 0 0 2 0 0 0 1 0 0 0 0 0 0 0 0 0 0 0 1 2 0 0 0 0 0 0 0 0 0 0 0 0 0 1 0 1 0 0 1 0 0
0 0 0 1 0 1 1 0 0 20 0 0 0 0 0 0 0 1 3 0 0 0 4 1 0 0 0 0 3 0 0 1 0 0 3 4 1 0 2 0 0 1 0 1 2 0 1 1 0 0 2 1 0 0 1 0 0 0 0 0 0 1 0 1 0 0 1 0 0 0 2 0 0 0 0 0 7 0 0 0 0 1 0 1 0 0 0 0 0 0 1 0 0 0 0 0 0 0 0 1
0 3 11 2 3 10 7 6 1 17 9 3 6 2 7 10 7 13 3 2 8 0 4 2 24 5 14 1 4 7 17 5 5 6 0 9 3 7 38 6 7 3 13 6 27 4 0 11 1 0 1 2 27 25 18 10 13 13 0 13 5 9 8 18 1 10 6 5 0 15 0 10 13 2 4 0 3 11 16 18 1 0 6 13 19 9 2 3 1 4 2 1 15 4 5 5 16 29 0 0
1 6 3 0 9 5 0 2 1 3 6 1 1 4 0 5 3 0 2 9 0 0 2 4 0 0 5 3 8 6 3 4 1 2 0 3 1 0 2 0 0 4 5 10 10 8 6 11 1 0 0 1 12 2 1 4 7 0 2 0 5 10 0 14 8 1 2 5 5 2 2 6 0 14 8 1 2 17 7 0 24 1 2 0 6 0 11 8 3 1 1 8 1 4 11 0 4 8 2 6
5 10 6 5 2 4 12 0 10 9 17 6 12 9 10 0 1 1 0 0 3 37 1 7 2 13 2 27 3 28 8 1 7 1 11 11 5 2 14 4 9 4 0 6 4 5 9 4 7 34 2 7 11 8 1 5 1 2 0 11 3 7 8 6 2 1 1 12 8 6 2 8 2 1 2 0 3 3 0 1 9 1 7 1 11 7 25 2 22 13 0 5 14 5 15 6 0 8 2 6
9 5 11 6 5 2 1 1 15 2 5 7 0 1 1 9 13 27 5 4 4 11 6 1 9 6 4 4 2 3 10 20 6 2 40 0 5 2 0 4 27 7 21 1 1 0 1 20 0 5 0 4 0 5 9 0 10 3 44 15 0 10 18 4 3 3 0 7 0 2 0 6 22 12 1 6 10 7 18 0 7 34 13 5 3 4 10 9 8 1 2 1 4 16 3 26 2 0 3 17
1 6 1 2 1 5 0 0 3 11 5 2 10 0 3 4 0 16 0 3 7 3 1 2 1 12 0 2 1 1 8 3 12 11 3 0 0 0 5 0 5 2 4 0 0 1 2 1 3 6 1 0 4 1 0 5 0 6 1 7 0 1 2 8 1 0 5 3 0 2 2 0 0 2 0 2 8 2 0 7 2 16 0 2 7 11 8 8 0 9 2 3 9 1 6 7 4 1 2 2
0 0 0 0 0 0 0 0 0 1 0 0 0 0 0 0 0 0 1 0 1 0 0 0 0 1 0 0 7 0 0 1 0 2 0 0 1 0 1 0 2 0 0 3 0 0 0 0 1 0 0 0 2 0 1 0 0 0 0 0 0 0 0 1 0 0 0 1 0 0 0 0 2 0 0 0 0 0 0 1 0 0 1 0 1 1 0 0 1 1 0 2 0 0 0 0 1 0 0 0
1 1 3 3 0 4 13 6 5 1 2 0 10 3 1 1 2 3 2 0 5 1 4 1 0 5 0 5 0 3 0 3 4 1 0 5 13 0 1 3 0 16 1 5 1 5 3 0 0 1 2 3 0 4 17 10 0 0 0 0 2 2 1 1 10 27 0 0 1 11 4 1 1 2 8 2 7 5 11 1 2 1 1 10 11 2 2 8 2 0 4 2 4 4 3 6 11 1 10 3
4 3 14 13 2 1 4 0 9 3 11 1 5 10 1 0 17 0 35 4 2 0 1 0 14 23 2 12 7 6 6 2 4 19 17 22 1 0 4 1 31 8 2 17 3 2 2 24 10 2 2 13 12 22 5 2 8 6 13 0 5 32 11 8 0 10 5 11 4 2 6 6 12 0 6 2 6 9 16 19 5 26 3 0 2 17 17 8 12 0 14 4 5 23 0 5 10 2 2 0
6 3 1 12 23 3 2 25 11 10 3 29 2 0 1 4 21 1 5 8 9 11 6 3 6 0 1 0 1 1 5 4 13 8 6 2 4 2 4 2 4 10 6 0 2 8 2 7 7 9 1 2 7 10 7 9 2 1 3 4 6 5 0 2 2 18 6 11 4 24 1 7 0 12 28 15 10 0 20 4 5 4 1 1 5 1 9 1 2 7 10 14 5 6 16 13 7 8 1 8
10 2 3 12 42 5 7 7 8 1 3 0 0 34 8 4 4 11 4 1 15 10 2 2 7 13 0 19 5 1 15 9 2 0 15 4 2 6 2 10 9 15 3 15 2 0 12 25 19 5 8 10 5 4 1 0 11 0 7 17 23 10 3 4 5 11 9 1 0 30 11 4 5 1 7 1 14 1 5 21 14 9 3 2 8 13 26 1 2 0 11 5 4 18 7 3 1 1 7 5
28 25 19 2 5 1 0 6 0 19 4 0 14 5 2 1 2 3 7 22 7 4 3 3 3 15 2 2 11 0 7 1 3 9 12 1 8 10 10 1 12 19 0 2 16 8 0 21 5 2 4 5 0 10 8 0 10 1 5 23 22 9 3 10 0 17 20 7 6 1 1 19 4 26 3 3 1 1 11 19 6 0 56 0 3 12 14 3 3 0 4 4 28 16 1 11 9 5 5 8
3 1 18 9 2 0 8 0 3 29 1 2 13 0 5 9 2 4 15 11 11 6 0 2 10 4 7 8 31 3 8 16 7 8 3 13 11 5 3 11 16 10 1 9 30 0 1 11 0 3 7 3 5 1 0 6 5 3 4 3 0 1 6 6 0 9 5 5 8 1 7 0 0 4 1 4 13 10 7 13 9 10 25 3 1 1 21 2 11 10 12 22 5 0 7 25 7 20 3 4
14 0 3 1 3 32 6 7 3 16 14 2 9 11 1 4 9 11 3 1 0 5 5 2 8 1 6 6 4 6 1 2 0 1 2 0 6 2 0 4 6 8 4 4 20 5 3 1 1 2 1 4 7 7 0 1 4 2 1 10 0 3 6 3 12 7 9 3 10 20 6 0 4 10 4 2 15 8 1 5 1 2 3 1 6 0 3 2 3 5 3 4 0 1 0 4 3 5 2 2
0 15 0 2 4 10 1 1 2 13 9 9 5 0 6 0 5 8 2 0 6 3 6 1 3 0 1 1 1 0 1 1 0 3 0 0 14 5 1 2 1 0 3 1 3 0 0 3 1 3 2 3 4 0 13 11 10 1 1 0 3 8 1 4 0 3 3 0 1 0 8 7 1 14 8 2 7 3 2 3 5 0 0 1 1 19 10 2 4 0 2 2 6 12 2 5 0 7 7 4
13 0 12 0 14 2 10 4 2 17 5 10 3 2 2 2 2 0 1 12 0 0 1 11 1 0 2 5 2 1 8 5 0 6 4 0 2 0 2 1 0 1 5 11 4 7 2 15 1 11 6 1 1 7 6 2 0 3 7 1 5 1 3 2 23 0 2 3 1 6 2 10 19 0 8 1 1 1 10 3 0 7 9 1 5 0 14 8 2 2 0 19 2 2 8 0 1 11 2 3
0 0 11 0 0 0 0 0 1 0 0 0 0 1 1 0 0 0 0 3 0 4 0 4 0 9 2 0 1 0 0 0 0 0 1 3 0 1 0 0 0 0 1 0 0 0 1 0 0 2 1 0 0 3 0 2 0 1 0 17 2 1 1 1 0 0 0 0 1 0 1 0 1 0 0 0 1 0 0 0 0 0 0 0 0 0 3 0 2 0 0 2 1 0 0 0 4 0 0 1
0 0 1 0 0 2 1 1 22 4 16 1 0 4 3 4 4 0 7 1 2 0 0 10 2 9 2 11 10 1 3 18 0 8 0 0 3 0 2 0 0 16 12 0 1 4 3 1 0 13 5 0 3 0 6 0 6 2 1 1 4 0 1 2 1 6 2 0 0 8 2 9 23 0 2 0 2 2 0 8 0 0 19 1 9 1 7 3 1 5 0 0 0 0 0 10 1 0 1 1
0 1 6 2 3 4 0 2 6 0 2 5 5 5 18 23 4 1 21 4 3 0 8 2 10 16 13 6 2 18 1 3 8 10 3 1 6 3 0 6 2 6 6 1 16 0 7 5 0 25 4 17 3 2 8 17 9 6 8 6 7 0 2 0 11 2 1 2 7 6 2 7 18 5 3 22 4 2 4 11 12 6 1 2 1 6 13 29 18 2 11 0 16 0 15 24 2 2 5 3
1 0 0 1 1 0 0 0 1 0 0 0 0 1 0 0 0 1 1 0 1 0 4 0 0 0 0 1 0 0 0 0 0 0 0 1 0 0 0 0 0 0 0 3 0 0 0 1 0 0 0 0 1 0 0 0 2 0 0 0 0 0 0 1 0 0 0 0 0 0 0 0 0 1 0 0 0 0 0 0 2 0 2 0 0 0 4 2 0 0 0 0 0 1 0 0 0 0 1 0
2 0 5 0 2 9 4 9 8 2 3 9 21 1 1 7 5 20 3 17 3 2 6 2 0 2 15 4 2 5 0 5 2 16 0 10 5 11 3 3 3 0 6 10 5 15 2 1 2 4 7 1 8 2 0 1 2 7 20 3 3 3 4 4 5 1 3 1 1 0 19 16 1 8 2 3 12 0 0 9 5 28 11 14 8 3 16 5 21 12 18 1 6 1 9 18 4 11 0 0
3 0 3 0 0 0 0 0 0 3 4 15 5 0 0 0 1 2 0 5 0 1 1 2 0 2 9 5 2 1 1 0 0 9 0 7 0 0 0 1 1 1 0 7 0 0 0 1 1 2 0 11 0 8 2 2 1 0 0 3 2 5 14 1 0 0 1 1 2 1 9 1 2 0 0 0 14 0 0 0 0 12 0 2 3 1 0 3 0 0 2 0 4 0 1 4 2 4 1 11
8 0 7 12 2 2 7 4 9 0 3 4 14 3 19 8 7 15 14 7 21 3 5 20 0 5 18 14 10 7 5 4 4 0 4 2 1 30 3 3 0 5 9 3 3 26 8 7 0 18 11 12 8 4 1 12 3 1 10 14 3 17 5 17 19 26 5 3 1 0 10 11 17 19 20 17 11 2 11 8 3 25 8 7 10 3 6 5 41 11 0 6 4 22 2 10 1 3 10 3
4 1 0 1 3 17 3 0 4 24 10 10 29 1 1 7 3 2 0 0 4 9 8 0 0 3 4 1 4 6 8 12 4 25 12 29 0 0 8 4 14 4 0 15 0 1 0 1 2 1 0 1 6 22 4 0 2 0 4 3 12 0 5 0 0 20 2 4 1 13 2 5 4 8 1 8 3 3 3 16 4 0 4 11 13 10 6 2 4 7 9 0 6 1 11 0 0 14 3 3
2 10 6 0 14 9 2 3 1 0 4 25 4 3 9 0 2 1 1 25 5 6 10 5 2 18 1 9 2 5 3 13 0 12 14 13 10 9 2 9 18 14 21 10 1 4 7 8 20 3 2 1 14 2 2 4 11 22 23 0 3 0 11 2 2 10 11 3 1 26 3 3 1 8 8 12 1 7 4 7 0 2 10 2 0 4 3 3 4 16 0 8 11 10 8 11 7 5 8 7
7 6 6 2 14 8 10 3 8 9 0 16 1 1 12 3 0 10 0 9 0 2 0 2 5 0 0 8 12 2 4 3 1 0 1 1 0 0 0 0 0 2 6 0 1 1 1 1 0 2 3 7 1 2 2 3 2 2 2 0 2 9 0 18 3 0 0 6 4 1 2 0 1 4 3 2 2 1 0 1 12 2 10 3 16 4 3 1 4 2 6 11 2 17 1 0 5 8 0 4
5 6 1 5 1 2 3 7 2 1 4 3 33 21 1 7 1 0 8 15 0 6 16 10 2 7 0 5 0 4 0 10 3 3 4 40 8 5 1 3 11 0 2 23 25 4 12 8 4 12 3 0 3 14 0 3 22 5 16 0 1 0 1 5 4 0 2 26 3 1 0 8 1 10 4 9 17 2 2 7 7 7 5 17 17 4 1 15 12 0 15 0 2 10 15 3 3 3 2 10
0 3 5 0 4 8 8 6 3 7 15 2 7 4 5 7 0 5 5 2 0 8 1 8 2 0 7 5 9 2 1 9 5 2 9 1 16 15 11 15 2 4 7 8 15 2 0 3 13 2 14 0 20 13 9 4 14 9 11 10 9 2 9 0 3 1 18 9 2 7 3 2 0 12 11 0 10 0 1 1 0 11 3 0 7 0 6 11 17 13 1 21 5 36 16 5 6 0 2 3
0 1 1 0 10 2 0 5 4 32 1 1 8 6 0 16 2 12 1 11 2 2 7 0 7 7 8 5 3 3 18 9 0 1 11 0 1 0 2 3 1 1 5 4 2 6 5 3 36 1 10 2 3 20 6 3 17 3 13 0 21 0 2 4 6 3 6 1 8 5 10 5 5 1 1 5 0 0 4 2 1 0 3 32 19 0 0 0 5 1 0 14 10 1 3 5 3 8 8 7
1 3 0 1 9 2 10 5 1 2 15 6 1 5 4 4 4 4 1 1 4 1 1 4 7 2 2 7 4 0 0 0 0 4 2 5 3 0 1 8 8 3 0 4 0 13 6 25 5 10 5 1 11 9 0 1 1 5 13 6 1 3 19 6 0 10 3 3 5 16 12 2 2 2 2 2 0 6 12 2 2 3 16 2 0 12 4 6 0 1 3 1 4 2 2 0 6 4 0 7
6 15 16 3 6 13 0 1 3 2 10 4 0 1 3 1 0 2 17 6 3 0 6 13 12 2 1 1 8 17 0 14 2 12 15 10 34 31 1 8 2 14 7 2 2 18 6 3 1 0 2 1 6 9 41 0 0 20 2 10 7 2 7 9 11 12 9 7 17 8 0 0 5 2 26 4 0 13 2 3 3 12 5 15 5 10 1 3 9 5 10 18 30 4 3 2 12 4 3 1
2 1 3 2 3 4 7 3 3 11 2 1 10 8 9 16 3 4 4 1 2 1 22 0 2 0 0 4 0 9 2 9 4 8 2 5 0 1 9 1 6 15 6 11 6 4 4 6 4 3 13 0 12 0 0 3 2 4 12 2 0 6 6 4 0 17 0 4 5 6 0 2 3 0 8 1 3 3 2 7 0 6 11 4 2 4 6 0 3 2 15 3 3 4 0 1 0 0 2 2
3 5 2 3 12 16 0 1 3 0 4 5 12 3 18 5 0 0 0 0 2 3 1 0 14 3 0 18 5 4 2 1 2 4 3 6 0 18 5 9 0 2 4 7 1 4 3 2 9 0 1 10 2 0 8 9 1 15 9 1 24 1 2 2 3 0 2 2 2 7 0 9 3 8 4 0 1 4 19 8 4 0 0 0 0 2 4 2 1 2 9 1 2 3 10 2 4 0 10 12
2 0 0 0 0 1 0 1 2 1 0 0 0 0 1 4 1 0 0 1 0 1 7 1 1 0 0 0 0 3 0 0 0 0 0 0 1 0 0 0 0 0 0 0 0 3 0 2 0 0 1 1 0 1 0 2 0 3 0 0 0 0 7 0 0 0 0 0 0 1 0 0 0 0 0 0 0 0 0 1 1 0 1 0 0 0 0 0 1 1 1 1 0 0 0 0 0 3 0 1
6 1 4 0 1 0 5 4 2 1 4 16 2 3 12 2 0 4 0 14 4 1 5 3 6 1 6 0 3 3 6 2 3 1 8 0 6 8 3 3 0 0 0 0 2 5 0 1 2 7 5 1 6 1 0 4 0 7 10 8 5 11 0 6 0 11 3 2 4 0 1 8 9 1 7 3 0 4 1 8 0 4 8 4 8 1 1 4 10 0 4 5 2 0 2 1 1 8 4 3
0 0 0 0 0 1 1 0 0 0 2 1 0 0 1 0 1 0 0 2 2 0 0 1 0 1 0 0 11 1 1 0 0 0 0 0 0 0 1 0 0 1 2 0 0 0 1 0 0 3 0 0 0 1 0 0 1 0 0 0 0 0 2 0 0 0 0 0 0 0 0 0 0 0 0 0 2 0 1 2 0 0 2 0 1 0 0 0 0 3 1 0 0 0 0 0 0 1 0 0
2 12 10 1 1 21 2 25 12 12 17 9 10 1 5 2 6 2 48 1 0 3 4 0 14 7 7 1 1 10 7 1 1 0 0 12 6 1 5 7 1 1 12 4 22 7 1 12 4 2 3 2 0 18 5 3 9 10 4 2 9 6 8 4 5 17 3 23 9 1 3 0 0 5 0 6 1 0 8 19 0 6 44 1 2 7 1 18 4 3 5 9 3 9 7 0 0 1 1 1
1 0 1 2 4 8 0 5 8 8 1 0 10 1 1 1 4 1 3 0 0 20 3 0 1 0 0 1 0 11 3 0 0 8 2 0 8 4 0 0 1 0 6 2 2 8 0 12 4 7 7 2 3 0 3 1 14 13 6 1 7 0 6 5 7 17 4 10 4 7 6 4 1 0 2 1 16 2 0 3 0 9 6 0 1 0 3 0 5 2 5 3 2 6 8 1 0 0 1 6
10 9 11 1 3 12 5 14 1 1 5 0 2 3 8 20 1 11 2 27 11 0 3 0 5 6 24 19 12 6 3 0 5 5 24 3 3 9 4 2 0 14 16 3 8 1 4 1 0 8 1 18 3 2 23 0 5 1 6 9 14 9 2 2 0 7 12 12 1 9 9 2 5 7 8 14 0 3 31 3 4 3 5 16 0 6 0 0 20 7 18 7 1 7 1 9 1 15 2 11
0 0 0 0 0 0 0 2 0 0 1 0 1 0 2 1 3 0 0 0 0 0 1 1 0 1 0 1 0 1 0 0 1 0 2 5 1 0 0 0 0 0 0 0 0 1 0 1 1 2 1 2 0 0 0 0 0 1 0 0 0 0 0 0 1 1 0 0 0 0 0 0 0 0 0 0 0 1 0 0 0 0 0 0 0 3 0 14 1 1 0 0 0 0 0 1 4 0 1 0
0 5 1 0 0 1 4 4 2 1 0 0 1 0 5 0 2 7 1 0 16 2 0 0 0 1 1 0 4 10 1 5 4 0 4 0 0 4 12 9 0 0 0 0 2 2 5 0 0 3 0 2 2 0 4 6 1 7 1 0 0 1 1 8 1 0 3 4 1 1 0 1 3 12 0 5 0 2 8 0 5 2 4 1 0 0 9 0 1 4 10 0 0 3 0 1 0 0 0 0
6 7 5 9 12 9 1 19 0 21 0 6 7 2 21 3 2 0 4 6 4 8 2 6 7 5 10 2 3 15 2 4 11 2 8 5 2 6 3 38 6 6 3 13 5 10 15 8 1 10 16 4 3 1 17 10 4 26 2 7 1 18 34 2 1 13 11 0 11 0 5 13 16 1 0 21 53 12 11 9 15 0 4 8 15 1 2 0 3 4 0 0 51 19 0 8 0 3 23 0
9 5 6 17 25 14 0 0 11 3 8 13 13 6 22 1 28 7 7 5 15 10 4 0 6 20 3 29 0 3 21 25 1 15 0 4 5 7 9 9 2 13 27 13 5 11 11 9 20 0 1 0 9 3 2 5 24 5 0 6 2 4 0 7 9 1 2 22 20 13 7 6 1 1 4 4 55 10 3 2 17 22 1 2 12 7 6 1 0 6 7 3 15 4 6 0 11 9 13 7
3 12 5 0 1 3 3 0 0 3 14 9 1 20 0 5 26 6 7 2 2 6 16 7 1 5 2 8 0 2 26 7 0 7 0 4 2 7 3 13 8 10 24 33 1 3 4 7 7 7 14 5 8 0 23 31 13 4 1 1 5 9 8 9 4 57 6 0 0 2 6 11 22 10 10 0 1 0 17 21 1 6 3 9 3 4 15 11 10 19 7 1 9 2 1 4 8 26 9 4
0 0 0 0 0 0 2 2 0 0 0 0 0 0 0 0 0 0 0 2 0 0 0 1 1 0 0 4 4 0 3 0 0 0 0 1 0 0 0 1 0 0 0 0 0 0 1 1 0 0 0 0 0 1 0 1 0 2 0 0 0 0 0 0 0 0 0 0 0 0 0 0 2 2 1 0 2 0 0 0 0 0 0 1 1 0 0 2 0 1 3 1 0 0 0 1 4 0 0 0
0 0 1 0 1 0 0 0 0 0 0 0 1 0 1 0 0 1 0 0 0 0 2 0 1 1 0 1 3 0 0 0 1 0 0 0 0 1 0 0 0 0 0 0 1 0 2 1 0 1 0 2 0 0 0 0 0 1 0 1 1 0 0 0 1 0 1 0 0 0 1 1 0 0 0 4 0 0 0 0 0 0 0 0 0 0 0 0 0 3 0 0 2 0 0 1 1 0 0 1
0 0 0 1 1 0 0 2 1 0 0 0 0 2 0 0 1 0 0 0 0 0 0 0 0 0 0 3 0 1 0 0 1 5 0 0 0 0 0 0 4 0 0 0 0 13 0 0 0 0 0 0 0 2 0 4 0 1 0 0 0 0 0 0 0 0 0 0 0 0 0 0 1 0 0 0 0 1 0 0 0 1 0 1 0 0 0 0 0 0 0 0 1 0 1 0 4 0 1 0
3 1 8 8 9 3 6 2 2 6 3 8 7 0 0 1 13 1 4 16 5 0 0 1 0 4 15 4 2 0 4 2 3 4 11 5 7 5 1 1 33 2 5 26 6 4 5 8 3 0 1 22 4 6 10 16 0 3 1 1 7 7 5 2 0 0 8 1 4 12 0 1 3 1 1 4 6 1 0 0 1 2 2 1 8 9 9 2 5 2 0 11 2 0 0 4 4 0 3 7
5 1 3 22 1 14 7 8 0 35 12 17 12 13 4 0 8 2 9 3 9 3 12 5 3 4 4 8 39 2 20 2 8 7 17 2 8 24 7 5 6 6 9 1 6 13 2 0 6 0 3 3 0 4 0 13 1 1 4 11 0 21 10 6 8 17 0 3 1 4 3 8 14 12 9 7 4 5 6 3 0 0 9 15 1 2 5 0 1 0 4 4 1 0 11 4 1 11 13 6
