2 12 4 0 2 10 2 1 15 40 26 7 5 6 20 2 8 0 1 2 0 7 5 4 5 0 2 2 6 6 1 9 0 8 5 6 7 8 15 0 4 2 0 11 1 3 0 29 3 1 4 1 5 17 2 14 4 25 6 3 3 3 2 35 0 4 23 2 5 9 13 6 3 4 1 6 10 7 4 24 0 0 5 0 0 1 11 5 5 6 2 2 7 2 4 3 20 3 13 0
6 0 5 2 6 15 4 5 4 3 0 7 4 0 9 2 1 5 0 1 1 4 9 5 1 4 11 21 2 2 0 0 4 17 6 0 0 1 4 10 0 1 0 2 8 26 9 6 1 3 21 1 2 1 4 0 6 1 5 1 9 0 0 2 3 11 5 4 4 5 0 0 1 2 5 7 3 13 0 1 5 6 4 0 5 5 9 0 0 16 0 0 1 0 5 0 10 5 17 1
1 0 4 7 1 1 7 1 1 6 0 0 11 7 0 2 0 5 0 2 0 10 1 9 1 2 0 2 6 11 1 1 2 5 7 1 1 3 3 2 0 1 8 2 8 1 4 15 6 4 22 8 0 4 6 4 13 1 17 19 11 1 4 4 8 6 0 1 18 21 3 18 9 4 0 13 3 8 13 4 10 9 2 4 0 0 4 1 9 13 3 8 7 8 4 6 20 8 1 1
0 1 0 0 9 5 15 14 0 0 2 2 0 2 2 6 1 8 1 1 0 0 0 0 3 4 5 2 0 1 3 13 0 0 1 8 8 4 0 4 10 0 5 11 4 0 2 2 6 4 5 0 3 0 6 0 2 7 2 1 10 3 4 0 0 0 5 4 3 1 3 5 2 5 1 3 8 2 1 0 5 0 3 2 0 0 1 0 5 2 1 2 14 4 11 0 8 2 2 1
0 0 2 0 1 0 0 0 0 0 0 0 1 1 0 0 1 0 3 0 1 0 0 0 0 0 2 1 0 0 0 1 1 2 0 0 0 1 0 1 0 0 0 1 2 2 1 1 0 0 0 0 0 0 0 1 0 0 1 0 0 3 1 1 0 0 0 0 0 0 0 1 0 0 0 0 0 1 0 0 0 0 0 2 0 0 0 0 0 0 0 0 0 0 2 0 0 1 0 0
0 8 6 3 21 5 1 3 4 10 2 1 3 12 19 1 4 1 9 1 5 18 9 8 3 1 2 2 6 4 9 26 0 20 4 4 27 0 25 10 2 0 8 7 3 4 1 0 3 1 9 2 0 4 13 3 34 8 10 14 2 1 10 2 11 16 24 0 4 9 2 0 2 2 2 16 10 2 6 0 8 8 11 23 15 2 3 9 34 3 8 8 0 0 20 17 0 6 2 0
1 16 0 0 5 6 8 6 0 6 3 0 3 5 21 2 0 10 25 0 0 7 1 4 10 18 1 6 2 1 13 1 22 0 1 1 2 17 11 0 7 3 1 8 2 4 1 0 5 4 9 6 6 13 7 5 4 1 9 2 5 27 18 7 8 0 3 5 2 7 1 3 9 1 1 20 2 2 24 0 0 2 9 10 0 8 11 4 34 15 0 14 8 22 25 18 1 0 7 5
4 17 5 0 5 1 1 2 1 3 9 13 6 3 20 13 9 19 11 17 47 0 6 1 1 5 11 21 29 7 1 5 0 4 12 6 3 14 13 12 3 22 3 3 8 2 11 16 8 3 0 19 7 18 12 15 20 1 2 0 0 1 0 0 2 2 3 2 0 3 1 10 10 12 9 24 8 4 2 8 3 15 2 0 7 23 1 19 0 2 4 0 2 4 15 1 14 0 4 1
0 17 9 4 1 1 7 5 6 2 6 13 21 0 20 0 11 8 11 6 35 6 15 26 0 3 5 0 19 5 3 1 5 17 9 2 0 6 2 5 12 14 14 27 0 1 1 0 9 1 15 3 29 1 17 3 6 4 1 0 5 7 6 8 0 6 7 5 10 0 8 6 2 11 20 9 17 19 5 6 2 22 6 7 3 10 9 12 30 4 4 8 4 6 17 16 7 2 32 22
1 8 4 4 0 5 5 10 3 0 3 2 0 1 21 10 6 0 6 0 3 28 9 5 13 4 8 21 4 1 0 7 4 12 31 6 6 1 17 3 0 1 2 0 2 4 2 12 0 10 3 3 11 1 7 0 12 3 0 5 24 2 0 2 0 4 9 16 5 9 9 6 6 7 3 17 5 31 3 1 2 0 3 6 1 7 16 2 5 8 8 2 0 7 13 2 4 1 1 9
0 0 0 0 0 1 0 0 0 0 5 1 0 0 1 1 0 1 1 0 0 0 0 1 1 2 0 0 7 3 0 0 0 3 2 0 0 0 0 1 1 0 0 0 0 0 0 0 0 0 0 1 0 0 1 0 1 2 1 0 0 0 0 0 6 3 0 1 0 1 0 4 2 0 4 0 0 0 1 4 0 0 0 0 1 0 0 0 0 0 2 1 1 1 0 1 0 1 0 0
1 14 37 2 20 15 0 0 1 7 6 11 7 1 2 25 7 14 1 4 38 1 14 30 7 15 0 31 7 19 7 19 0 4 0 1 14 1 4 10 2 1 20 5 9 7 2 5 5 0 1 3 0 10 4 0 6 0 3 0 20 14 3 11 7 8 15 5 5 2 6 8 5 4 5 0 7 14 2 17 18 11 7 1 1 6 13 3 1 2 1 3 34 31 3 2 3 11 1 8
1 4 12 3 3 0 3 1 10 1 5 1 0 3 10 5 10 7 4 1 0 1 1 3 7 3 10 0 0 4 2 2 8 0 3 8 0 2 7 0 2 1 2 7 7 9 7 5 3 5 11 1 1 2 0 6 1 8 3 4 1 11 5 8 22 1 3 0 1 6 4 7 4 1 1 3 1 7 11 2 15 1 8 4 1 0 15 5 2 3 1 0 1 2 1 1 2 1 6 6
14 0 6 8 10 4 16 0 1 2 9 7 20 0 2 3 9 18 1 4 0 17 6 3 19 18 7 0 0 2 2 2 4 9 2 3 3 1 4 2 0 15 23 4 36 9 9 0 5 15 4 2 9 4 13 17 3 8 5 11 4 5 8 10 28 25 9 21 12 3 8 5 1 0 15 1 2 5 3 5 4 9 23 0 10 0 10 11 15 23 11 5 16 1 3 3 1 15 5 14
0 1 0 0 0 0 0 0 0 1 0 0 0 0 0 0 0 0 0 1 1 1 1 0 0 3 0 0 2 1 0 0 0 0 0 1 0 1 0 0 0 0 1 1 0 1 0 0 0 1 1 0 1 0 0 12 0 0 0 0 0 0 1 0 0 1 0 1 1 0 0 0 0 0 0 0 0 0 2 1 0 0 0 0 0 1 0 0 0 0 0 0 0 0 0 0 2 1 1 0
1 0 0 16 0 0 1 0 0 0 0 0 0 2 25 0 0 0 0 0 0 0 0 1 0 0 0 3 0 0 1 0 1 6 8 0 0 0 0 0 0 0 0 0 2 0 0 6 0 0 3 0 0 0 0 1 1 0 0 1 0 0 0 0 1 0 3 0 0 0 0 5 2 1 0 3 0 5 1 2 1 6 1 0 1 0 1 1 0 0 1 1 0 0 0 0 0 2 0 0
7 7 3 13 0 1 17 14 2 11 21 0 2 2 10 6 12 7 12 5 10 2 5 0 9 6 3 6 3 1 3 9 2 5 2 0 2 1 9 2 25 6 6 0 18 4 13 13 8 10 6 11 1 24 2 10 4 2 6 10 0 8 3 3 4 4 38 14 10 2 2 4 19 3 4 1 10 14 7 0 3 0 0 1 0 1 2 3 5 3 6 2 2 1 13 37 10 15 13 20
5 3 6 3 1 2 3 4 5 0 22 3 6 27 23 22 19 3 6 0 9 1 0 4 2 16 1 16 0 21 3 6 19 9 11 17 3 12 10 0 29 3 7 8 11 44 1 25 0 1 1 16 1 5 3 3 4 5 10 14 4 3 2 3 2 7 5 0 12 1 3 0 9 3 4 2 7 6 2 1 14 1 26 6 17 23 1 19 1 2 2 12 0 12 9 32 3 5 1 25
0 2 3 4 3 1 8 0 0 1 3 4 9 2 2 5 16 2 0 0 11 8 10 9 4 1 0 4 0 5 1 3 5 5 1 2 13 9 1 5 9 0 2 8 3 5 4 2 4 2 2 8 3 2 17 1 3 4 3 0 9 1 5 7 2 8 6 4 1 0 5 13 7 2 17 0 0 2 0 3 1 0 9 0 0 0 6 5 4 1 3 5 2 0 4 3 4 1 2 0
6 3 0 11 3 0 3 0 0 4 7 1 1 17 6 1 4 7 6 3 6 2 5 6 0 0 0 3 6 2 0 2 4 5 1 2 12 0 7 9 6 5 0 1 0 0 15 0 2 2 7 5 5 16 14 10 0 0 7 0 0 5 5 1 4 0 6 0 0 1 9 1 6 3 6 1 6 4 5 3 4 5 4 0 1 2 2 1 1 9 29 2 7 3 1 4 3 3 4 2
3 9 1 0 1 2 0 9 1 3 0 3 1 3 3 0 3 2 2 5 2 2 11 0 20 9 1 4 2 1 3 4 5 3 0 5 5 10 13 3 0 7 14 0 1 2 10 7 0 3 2 15 0 0 0 3 0 0 6 12 5 3 5 8 4 0 3 0 2 3 7 1 1 14 2 0 3 4 3 1 0 2 4 7 2 8 0 1 4 5 13 6 2 1 6 0 0 14 3 2
4 22 14 20 3 19 2 6 1 11 6 24 16 12 4 6 4 17 2 21 11 6 1 9 1 1 0 1 26 2 8 3 7 0 14 5 3 2 0 9 4 4 4 10 2 1 1 3 0 4 4 5 3 3 35 4 4 1 2 8 3 0 3 0 9 5 4 4 16 11 5 1 8 2 3 30 14 5 2 20 4 4 6 4 13 5 3 0 5 9 10 10 3 7 7 15 3 2 9 7
4 20 6 0 8 2 1 14 6 14 2 11 4 9 3 3 3 6 12 19 4 19 5 4 5 24 3 19 4 3 11 8 12 0 8 2 0 0 0 1 24 5 11 5 16 1 1 2 3 0 1 6 0 13 5 1 1 0 0 0 5 2 8 1 21 4 2 1 1 7 19 7 9 23 2 4 3 0 4 4 23 2 0 5 0 14 0 8 8 3 8 2 10 0 4 7 1 2 2 1
18 4 2 1 2 24 0 4 0 4 23 3 5 0 3 6 23 2 2 11 5 3 7 1 1 3 2 1 24 1 11 10 7 0 13 5 3 6 2 25 0 2 4 14 7 48 7 1 19 13 0 0 29 8 7 6 23 0 13 15 14 5 6 9 0 4 3 2 3 0 17 8 4 19 3 4 11 18 16 10 9 12 8 1 10 1 3 0 3 21 5 4 7 8 5 1 4 2 6 34
0 0 0 0 4 0 0 0 0 1 0 0 0 20 1 0 0 0 1 1 0 0 0 0 3 4 0 0 0 4 0 0 8 0 0 2 4 0 4 0 3 0 11 3 0 0 0 4 0 1 0 0 0 0 0 1 0 1 0 0 0 0 0 0 0 1 1 8 0 0 0 0 4 0 7 0 1 1 0 0 0 1 10 0 0 0 0 11 0 0 0 0 0 0 0 0 2 0 0 0
2 0 1 3 0 0 0 0 0 0 0 0 0 0 4 1 0 0 1 0 0 0 0 1 2 0 2 2 2 4 1 2 1 2 1 2 0 0 0 0 2 0 0 2 0 1 1 1 0 0 11 0 0 0 0 0 3 0 0 2 6 0 0 1 0 0 0 2 6 0 0 5 0 3 0 1 1 10 0 2 0 12 0 0 0 0 0 0 1 5 2 1 0 0 0 0 0 6 0 0
0 0 0 3 4 0 11 1 0 2 4 3 8 1 4 1 9 0 0 2 0 3 3 3 3 1 1 5 1 5 9 0 1 8 3 0 0 0 4 0 7 4 5 2 3 0 0 1 5 3 2 7 9 0 5 9 5 5 2 1 2 4 1 5 0 0 2 6 2 4 0 9 4 4 0 2 0 5 27 1 3 5 4 0 5 4 1 3 5 3 0 0 9 0 2 1 10 1 0 3
0 0 3 2 0 0 0 1 0 0 1 1 1 1 0 2 0 0 1 0 2 0 0 0 1 0 0 1 0 0 0 0 0 0 0 0 0 0 0 0 1 0 0 0 2 0 0 1 0 0 1 1 0 2 0 0 0 1 1 0 0 0 0 0 0 0 0 0 0 0 5 1 0 0 0 1 0 1 0 0 2 2 1 2 0 2 2 0 1 0 0 0 0 4 0 0 1 0 1 0
11 6 1 0 0 8 13 0 12 19 0 5 1 1 8 1 4 0 2 0 11 0 2 1 12 0 0 0 3 8 0 0 0 5 1 6 0 3 3 1 9 5 9 0 0 2 1 7 8 3 1 6 1 0 4 1 2 7 3 12 8 0 2 15 2 4 7 13 4 4 1 2 17 0 0 3 9 0 2 4 5 2 3 11 1 0 3 4 22 4 1 3 3 13 5 1 5 0 3 7
0 1 15 6 0 6 1 5 2 1 2 0 1 1 8 7 6 0 0 0 1 2 12 3 1 1 1 0 6 2 0 1 2 0 2 1 1 5 3 4 9 1 4 1 0 0 14 2 1 4 12 3 8 7 3 0 4 15 1 3 5 0 9 0 0 2 10 2 2 2 2 4 1 1 3 2 10 5 1 11 0 0 8 3 5 2 0 11 0 3 0 1 23 0 0 3 3 3 2 0
0 3 1 1 13 1 0 0 0 5 0 0 5 1 2 12 1 0 3 7 9 2 3 1 6 2 0 0 0 1 15 1 2 0 0 7 4 1 0 3 3 0 9 0 16 15 1 0 5 4 0 0 5 1 2 2 1 0 5 0 1 13 1 3 2 1 2 2 0 3 10 0 3 3 2 3 0 1 1 1 0 0 0 0 2 1 0 1 4 0 6 0 5 5 0 2 0 0 2 5
1 1 8 2 3 3 1 11 6 2 2 4 6 7 0 2 1 1 4 1 2 7 5 2 12 3 2 3 11 2 2 4 0 5 3 2 14 25 10 5 2 6 2 5 0 3 0 3 0 3 1 6 4 0 0 1 0 4 3 3 0 1 6 12 0 1 2 1 9 4 0 0 6 0 3 7 0 0 0 7 3 0 3 1 9 0 1 8 0 4 0 1 5 7 0 5 13 2 1 7
1 0 0 0 0 0 0 0 4 0 3 0 0 0 0 0 1 0 1 0 0 0 0 0 2 0 1 0 0 0 0 1 1 0 0 0 0 0 2 5 0 0 0 0 0 1 1 1 0 0 0 1 0 1 0 0 1 0 0 0 1 0 0 0 0 0 2 0 1 0 0 2 0 0 0 0 1 0 0 0 0 0 0 0 1 0 0 0 0 1 0 0 0 1 1 0 3 0 0 0
19 1 4 1 1 5 3 1 0 7 4 25 0 5 4 4 12 5 6 9 9 5 12 0 1 0 55 5 4 2 2 10 14 1 3 6 15 5 1 3 9 0 0 15 15 0 13 1 2 8 20 1 3 8 12 2 9 1 14 5 2 15 8 6 3 7 10 2 0 34 22 26 14 10 3 0 3 8 3 0 6 14 32 0 19 11 25 10 2 1 3 0 1 0 3 3 2 1 17 23
1 0 2 0 0 1 10 5 4 11 2 2 2 1 0 10 2 0 6 6 6 0 10 2 6 4 12 0 0 0 5 4 2 0 0 3 7 1 3 19 5 0 1 0 0 3 13 1 3 3 1 0 7 0 3 2 0 15 8 0 0 1 3 0 3 14 1 30 0 8 4 0 2 2 0 0 1 0 4 4 1 0 17 0 0 17 0 12 9 0 1 1 0 0 11 0 1 0 10 5
9 6 0 6 2 4 17 0 0 5 0 0 13 0 1 8 3 0 5 8 3 2 5 0 1 1 1 5 6 0 2 6 6 0 14 16 2 0 4 8 0 5 8 1 2 0 1 5 0 3 2 1 2 1 0 20 3 0 1 1 12 1 2 19 12 1 2 1 9 6 1 4 1 0 1 0 5 11 5 0 8 3 1 2 2 0 5 6 8 1 0 14 3 1 0 0 3 13 0 4
12 0 1 0 3 1 0 13 4 0 4 7 2 3 6 2 0 4 0 3 4 4 4 7 7 5 0 8 4 12 7 4 0 3 7 0 3 0 6 2 12 3 1 13 1 3 3 3 4 3 9 1 3 2 4 0 30 5 0 16 38 1 5 7 1 1 1 3 0 4 6 3 2 5 0 4 15 4 15 1 4 6 1 10 0 1 1 3 0 16 5 0 22 3 6 0 2 2 7 5
19 0 1 4 0 0 0 1 0 0 1 1 1 1 0 0 2 1 1 1 0 9 0 0 2 0 7 6 0 0 1 0 1 4 0 1 1 0 0 0 0 1 1 1 0 0 0 1 0 3 7 2 0 0 0 0 10 0 0 0 0 2 0 4 0 0 1 0 8 0 0 0 0 0 1 1 0 0 0 1 1 2 0 0 0 0 0 2 0 4 0 0 1 2 0 0 5 3 0 0
1 0 0 0 2 0 0 0 0 2 0 0 0 1 0 1 1 0 0 0 0 2 0 0 0 1 0 1 2 0 0 0 0 1 0 0 0 0 2 0 0 2 0 0 0 0 1 0 0 0 0 0 0 0 0 7 0 0 0 0 0 1 0 0 1 0 0 0 0 0 0 0 0 0 0 2 0 0 1 4 0 0 1 0 12 0 0 0 0 0 0 0 0 0 0 1 1 0 1 0
4 0 11 4 0 4 0 1 2 2 7 2 1 0 0 0 0 4 4 15 13 2 3 2 16 0 5 0 2 0 1 6 2 7 0 1 4 10 8 1 3 5 0 7 2 1 6 0 8 0 3 2 0 10 2 0 0 5 15 2 0 6 6 0 5 2 0 2 16 3 0 8 5 8 0 1 5 5 0 4 12 4 0 1 8 0 1 7 6 0 0 13 2 4 1 0 0 5 4 2
6 12 9 4 0 8 0 0 3 2 0 14 2 20 3 3 7 0 0 0 1 11 6 2 5 2 0 31 1 3 3 1 0 6 6 7 3 3 8 1 2 0 13 3 0 5 1 10 3 2 8 9 5 1 4 0 1 0 0 3 4 3 5 3 10 0 3 3 20 4 0 10 0 18 9 7 5 0 2 4 1 8 15 4 5 0 10 7 9 0 0 2 3 7 7 5 1 6 1 0
0 0 0 0 2 22 4 1 2 2 4 0 2 0 0 0 5 3 9 0 1 0 2 1 9 1 16 0 6 0 9 24 1 1 0 3 0 0 9 2 0 1 0 0 2 2 0 0 0 1 0 1 8 2 1 2 0 4 3 1 0 6 9 8 3 7 1 11 0 3 6 0 4 3 3 1 1 0 5 1 8 0 0 10 2 3 9 0 9 2 1 4 5 3 1 5 0 0 12 6
4 15 3 4 3 5 10 18 6 0 12 9 9 18 9 11 2 17 3 1 5 0 24 8 3 0 1 0 6 3 4 11 11 9 2 3 6 5 6 1 9 11 8 1 0 6 2 2 16 0 3 16 0 2 6 5 7 7 3 3 0 4 3 8 0 7 11 2 2 3 16 0 4 6 0 0 8 5 4 6 17 2 11 6 2 5 9 0 3 0 13 6 21 25 0 1 4 7 4 22
0 2 1 0 1 2 1 4 0 0 0 0 0 0 0 5 0 0 0 1 1 0 1 2 0 1 0 0 0 0 1 2 1 0 0 0 1 0 0 0 0 0 1 0 2 0 1 1 0 2 0 3 0 0 0 0 1 0 0 0 0 0 1 0 0 0 0 0 0 0 0 0 0 2 1 1 0 3 1 1 2 0 0 0 0 1 1 0 0 0 2 0 0 0 1 0 0 0 1 1
1 1 0 25 6 3 6 9 3 5 6 1 2 3 7 2 11 0 0 15 11 1 13 3 3 0 2 0 1 6 1 1 1 11 0 1 2 0 1 2 0 4 3 3 2 1 0 1 0 8 3 1 0 4 0 0 2 0 2 1 0 6 7 5 0 0 3 1 10 5 0 4 1 0 5 7 26 9 1 0 5 0 11 2 0 4 2 2 3 0 14 3 0 0 2 1 0 5 0 1
0 1 2 1 7 0 0 1 0 0 1 0 0 8 3 2 0 2 0 0 0 0 0 0 4 3 1 0 1 1 1 0 17 0 0 0 1 0 1 0 5 0 8 0 2 0 0 3 1 0 1 0 3 0 0 0 0 0 0 0 1 0 0 0 0 10 0 2 0 0 0 0 2 1 2 0 0 1 0 0 1 0 1 0 0 2 1 5 2 0 1 0 1 0 0 0 1 2 0 0
11 1 8 37 1 1 3 0 0 2 6 3 9 0 7 10 17 21 8 0 0 0 3 1 22 5 4 0 3 2 5 1 4 8 6 2 2 0 5 4 14 2 12 0 4 2 1 5 8 6 4 5 2 0 8 4 3 0 14 0 4 2 21 18 0 0 1 2 8 1 2 19 5 9 2 0 2 11 2 2 7 4 2 1 4 1 3 2 5 6 0 4 1 0 0 0 0 10 0 3
5 1 5 0 0 4 13 2 1 3 3 3 1 0 19 9 5 7 0 1 2 0 2 1 0 2 6 7 2 3 3 2 3 12 3 7 9 2 0 4 0 2 0 1 0 4 0 7 7 0 0 0 7 6 7 6 0 2 2 1 0 2 2 1 12 10 6 9 6 2 2 0 1 17 1 5 1 1 16 4 6 2 7 1 4 5 1 9 2 4 0 0 3 6 1 3 24 1 9 0
10 2 2 1 1 20 15 0 2 3 31 6 4 3 1 1 9 4 18 25 0 3 8 9 3 12 24 3 1 2 0 11 12 3 9 19 0 2 6 10 20 8 13 2 0 2 3 1 4 14 2 1 2 9 5 10 3 0 1 2 2 13 17 10 43 2 3 9 12 4 9 17 4 6 6 2 4 2 3 9 4 6 4 0 0 18 1 8 10 1 2 12 15 5 7 2 4 26 3 6
3 1 9 0 5 2 5 2 6 3 4 0 0 5 14 1 4 1 20 4 0 19 2 1 9 13 3 3 2 0 1 8 1 3 0 8 2 5 1 3 2 6 5 8 2 1 6 3 7 0 1 3 17 5 0 3 5 1 5 2 5 11 5 15 0 4 4 2 0 1 1 0 2 4 0 1 9 5 0 3 2 3 4 3 5 8 3 5 9 1 0 1 5 9 1 13 0 10 4 3
