0 0 0 2 3 0 0 1 1 0 0 0 1 1 0 0 1 0 0 0 0 0 0 2 0 2 1 0 0 0 0 0 0 0 0 0 0 2 0 1 0 0 0 1 0 1 0 1 1 0 0 6 0 0 10 0 2 0 4 1 0 0 0 0 0 0 0 2 2 0 1 0 0 0 1 0 0 0 0 1 1 1 1 0 0 0 0 0 1 0 0 3 2 1 1 0 0 1 0 0
0 0 1 0 3 0 0 1 1 0 0 1 1 0 1 0 1 0 2 0 0 9 0 0 1 0 2 1 0 1 0 2 0 0 1 2 0 21 0 0 0 0 0 0 2 0 0 0 0 1 2 0 0 5 2 0 0 2 1 0 1 1 0 2 0 0 1 1 3 0 1 0 0 0 0 0 0 0 0 4 1 0 0 1 0 0 0 0 0 0 0 0 0 1 0 1 0 1 0 1
0 0 0 2 0 0 1 4 0 1 0 0 1 1 0 0 2 0 1 2 0 0 2 1 0 0 12 0 2 1 0 0 0 1 0 0 0 0 0 0 0 0 1 0 0 1 1 1 0 0 0 0 2 0 4 0 0 0 0 1 0 0 0 0 1 0 0 0 0 1 0 0 0 0 0 1 0 0 0 1 1 0 2 0 0 0 0 0 1 2 0 1 0 0 0 0 0 0 0 0
4 9 12 0 6 19 0 0 1 0 0 9 0 9 0 6 13 1 14 3 0 5 23 4 0 2 24 7 19 6 10 2 4 1 9 0 2 3 12 27 7 10 2 13 1 20 7 4 9 2 15 2 1 24 0 6 1 2 9 4 1 9 3 3 19 10 12 25 6 13 4 2 0 0 19 1 17 6 8 3 3 40 0 23 4 6 5 3 6 2 3 1 2 4 13 8 0 12 2 17
1 10 0 19 13 0 0 2 2 0 3 20 2 49 0 0 14 14 3 19 2 1 2 1 0 15 1 30 4 2 20 5 2 1 5 15 2 4 3 0 3 9 1 4 2 18 2 2 28 12 4 1 1 6 3 6 1 1 22 15 14 2 0 4 3 4 5 5 8 1 32 9 22 27 0 3 3 11 7 2 0 5 15 7 9 3 3 1 5 3 5 4 1 15 3 2 0 12 15 0
1 0 7 4 2 0 0 0 2 0 3 0 0 1 2 1 1 10 0 23 16 1 4 0 4 1 1 1 4 22 3 0 8 0 8 3 1 1 0 1 0 21 0 3 3 3 3 0 2 0 1 3 3 0 0 1 0 4 0 6 4 2 0 4 0 2 1 7 0 2 1 2 1 0 9 0 4 3 3 1 2 1 2 0 0 0 3 2 2 9 7 2 1 8 0 7 1 3 1 1
0 0 1 1 0 0 0 0 1 1 0 1 0 0 0 0 1 1 1 0 2 0 0 2 0 0 1 0 0 0 1 1 0 1 3 0 0 0 0 3 0 1 2 0 0 0 0 1 1 1 1 0 0 0 0 0 0 0 0 1 2 0 0 0 0 0 0 0 2 0 0 0 0 0 0 0 0 0 1 0 0 0 0 0 0 1 0 0 0 0 0 1 0 0 1 1 1 0 0 0
2 4 9 3 0 11 0 16 3 4 9 16 25 3 8 0 1 6 4 5 3 2 6 10 14 9 7 4 4 4 6 6 2 0 4 1 4 4 8 37 22 3 10 26 5 11 10 0 3 13 1 11 13 3 5 2 4 37 0 12 13 1 3 8 6 4 4 0 0 0 2 2 9 2 4 9 10 2 18 5 1 7 1 9 10 8 8 0 1 14 5 1 3 7 1 37 2 0 3 7
0 0 0 1 3 0 1 2 0 0 1 2 1 1 0 1 0 5 1 0 0 4 0 0 0 0 0 0 1 0 0 0 0 2 0 1 0 4 0 0 1 0 0 0 0 0 1 0 1 1 0 0 0 0 1 0 1 0 1 2 0 0 0 3 0 0 0 1 0 0 0 0 1 0 0 1 0 4 0 10 0 0 0 0 0 0 0 0 0 1 0 0 1 0 1 0 0 0 0 1
6 10 1 8 2 1 3 1 1 0 5 1 2 2 3 7 0 1 0 10 8 6 2 4 10 4 3 9 6 0 2 0 0 5 5 1 6 2 1 1 13 3 1 12 1 3 0 10 4 0 2 6 14 8 1 0 1 13 4 1 0 3 0 0 8 3 0 7 7 4 2 0 9 8 11 5 4 12 11 0 3 4 5 1 2 0 0 2 7 0 7 11 0 1 1 4 0 0 2 4
0 5 0 4 2 4 8 11 3 2 1 0 3 0 4 0 6 6 2 5 5 6 9 28 10 3 1 3 1 4 6 12 5 4 6 9 8 3 1 2 1 0 0 16 5 3 2 0 4 7 3 14 3 2 12 1 2 1 3 4 8 3 4 6 26 1 6 5 1 7 26 1 0 14 0 10 0 5 0 0 3 4 0 2 9 2 0 10 15 6 2 3 10 1 10 7 1 2 2 3
3 10 0 10 30 8 10 1 8 3 6 8 8 9 3 0 1 9 10 2 4 0 2 0 4 5 1 8 19 7 1 0 0 4 5 2 1 0 0 1 5 2 1 4 14 15 16 1 0 1 7 5 5 4 1 1 1 0 5 1 4 6 0 2 2 10 4 20 4 3 20 4 3 1 7 0 3 5 6 1 6 1 5 2 13 9 0 3 1 6 2 4 0 6 2 5 4 1 7 1
1 2 59 7 4 2 10 8 4 1 30 4 6 3 5 4 0 20 18 15 1 5 1 17 12 0 18 4 2 12 1 0 2 13 0 0 4 0 18 0 0 0 4 7 14 2 11 7 17 0 3 19 4 2 8 10 0 8 2 1 9 1 2 7 4 5 6 0 17 4 8 11 1 0 3 6 14 3 17 2 6 3 6 3 14 21 2 2 13 5 19 6 16 39 17 6 4 5 4 10
3 4 4 3 2 0 3 4 13 0 5 1 0 1 12 5 8 2 0 6 4 16 9 2 1 4 3 4 18 3 11 16 9 0 4 14 12 7 9 9 3 2 11 13 12 0 0 0 8 6 10 3 15 11 0 5 3 2 3 12 5 7 10 7 4 0 1 6 11 8 8 12 16 6 6 1 22 0 14 1 10 0 2 1 1 15 3 14 2 3 8 1 0 19 9 12 21 1 0 16
0 0 0 0 1 12 0 0 0 0 0 0 0 0 0 0 0 0 0 6 0 0 0 0 2 0 0 0 0 0 7 0 0 0 0 1 8 1 1 3 0 0 0 0 0 0 0 1 0 0 2 0 0 1 0 2 1 0 0 1 0 0 2 0 0 2 0 0 0 1 0 0 0 0 1 0 0 0 0 1 0 0 0 0 1 1 0 1 0 1 0 1 0 0 0 0 0 0 0 0
0 6 9 1 10 5 0 2 1 5 1 3 5 5 17 0 2 0 3 2 25 11 4 10 0 0 3 20 1 7 9 7 0 6 0 0 3 2 5 0 6 4 0 15 4 1 4 3 4 15 10 5 9 6 0 1 1 2 2 0 0 2 1 14 6 5 4 0 5 0 2 0 1 5 18 0 1 2 5 0 6 1 3 19 8 7 3 8 6 0 6 3 0 21 0 20 3 7 5 13
4 2 3 14 2 2 10 4 14 1 2 16 14 5 5 2 19 0 3 5 2 22 9 4 5 1 2 1 10 5 5 4 6 6 2 2 13 4 22 0 11 2 7 2 10 17 6 4 4 14 0 2 5 1 5 2 12 1 0 4 5 7 10 8 1 4 10 8 7 9 1 5 4 10 4 0 3 3 7 12 3 4 5 16 11 0 0 0 7 8 2 9 17 10 4 5 1 6 3 1
5 0 0 0 0 0 1 1 0 0 0 0 0 1 0 0 0 0 0 0 0 0 1 3 0 0 0 0 1 1 0 1 0 1 3 0 0 2 0 1 0 0 0 0 0 0 0 0 3 2 0 1 0 2 3 1 0 0 1 2 0 0 0 0 2 1 0 1 0 0 0 0 0 0 0 1 1 0 0 0 0 0 0 0 1 0 1 0 2 0 0 0 0 0 0 0 0 0 0 0
0 0 0 0 1 8 30 3 6 2 6 5 3 36 6 2 1 5 14 3 0 0 3 4 2 1 0 19 1 1 2 1 10 0 2 0 2 2 0 4 0 0 2 7 3 4 13 6 4 4 3 1 2 1 1 46 0 1 0 0 1 9 11 3 2 4 3 8 2 0 1 5 5 0 5 2 18 9 4 0 0 5 10 0 0 1 21 2 10 1 5 2 0 20 0 2 0 4 1 8
7 14 1 2 9 1 1 1 14 1 6 4 10 6 11 3 0 1 4 3 5 0 6 17 2 6 2 1 11 4 5 0 7 23 5 1 15 1 0 8 10 5 38 8 2 2 2 21 3 16 1 2 4 1 10 5 15 30 15 22 9 3 0 2 1 3 12 7 2 2 1 6 5 4 22 7 9 7 19 6 0 6 12 1 3 14 4 4 6 4 14 3 7 0 2 5 22 6 5 9
1 2 6 3 4 3 2 1 0 6 0 0 2 3 9 4 21 12 1 4 4 11 0 1 5 1 1 1 0 1 2 6 0 8 2 12 11 5 14 3 2 0 8 5 18 7 3 6 1 5 25 0 0 7 4 0 10 2 0 1 8 6 2 6 1 0 4 2 0 9 0 0 2 2 2 2 0 0 0 10 3 0 4 1 3 0 2 0 6 2 11 25 6 6 12 21 0 3 4 0
0 5 3 0 2 9 3 1 2 8 2 6 16 3 2 7 1 0 3 9 2 1 3 0 0 6 6 0 0 1 1 1 4 6 6 2 7 7 0 1 0 1 5 10 0 1 0 3 7 16 2 22 5 4 1 2 16 7 8 2 3 5 1 3 2 2 3 0 2 6 0 7 1 2 9 5 15 10 4 14 1 2 4 4 3 1 3 0 4 0 3 8 27 9 2 0 0 8 4 1
3 2 0 7 17 0 6 9 0 3 2 0 0 0 1 0 2 2 3 8 3 12 3 2 3 1 0 1 8 14 1 5 11 2 1 3 1 0 1 3 4 7 6 2 6 13 1 1 1 15 8 4 4 7 17 0 2 6 20 4 2 2 2 2 4 3 1 10 10 6 6 0 4 0 0 2 1 1 4 7 2 2 4 1 6 4 5 8 16 14 2 9 3 1 5 5 3 6 0 2
9 2 1 0 0 1 0 2 0 2 0 0 1 1 0 1 0 1 1 1 2 0 0 1 0 0 0 3 1 0 0 0 0 0 0 4 1 2 1 0 0 0 0 0 2 0 1 0 0 0 0 0 0 0 0 0 0 0 0 0 0 0 0 0 1 0 1 0 0 1 2 0 1 0 0 0 0 0 0 0 1 0 0 1 0 0 0 0 0 0 0 0 0 0 0 0 0 0 0 1
16 2 14 5 1 4 8 0 14 4 11 4 7 31 1 11 2 0 3 7 20 13 0 0 2 14 8 0 1 1 7 4 2 5 6 9 2 3 10 3 11 8 12 3 9 0 9 1 0 3 0 12 4 4 5 2 1 6 2 25 23 16 8 1 1 18 7 3 8 13 2 3 3 1 0 5 31 1 19 16 3 23 5 9 17 8 14 3 3 0 1 0 12 2 2 14 6 10 0 0
2 17 6 10 24 0 8 1 2 8 0 19 2 8 2 0 4 1 8 14 0 4 1 0 2 13 0 11 8 21 0 15 1 36 1 17 5 8 5 5 0 19 18 10 5 1 1 3 14 7 2 1 1 31 2 16 23 1 2 1 10 2 2 2 10 0 2 0 28 2 9 2 4 18 1 4 20 1 5 36 6 2 6 9 2 5 10 0 2 7 12 2 6 2 21 10 3 17 5 2
5 0 0 0 0 0 1 0 0 1 0 0 2 0 3 0 3 1 0 0 6 0 1 0 0 0 0 0 0 2 1 0 1 0 0 0 0 1 0 0 0 0 0 0 0 1 2 0 0 0 0 0 0 0 0 1 3 0 1 0 1 0 0 0 1 0 0 2 5 1 1 1 1 0 0 0 2 0 0 0 0 0 0 0 1 1 0 0 0 0 0 0 0 0 0 0 0 0 0 0
0 0 1 1 5 0 1 0 0 2 0 2 0 1 2 2 0 0 0 0 0 7 1 0 1 1 0 0 0 2 0 0 4 0 0 1 1 1 0 0 0 0 0 3 0 0 0 0 1 1 2 0 0 0 0 1 0 0 2 1 0 0 1 0 1 0 3 0 1 2 0 0 0 0 0 0 0 1 0 2 0 0 0 0 0 0 0 0 0 0 0 0 0 2 0 1 0 9 0 3
8 16 13 7 1 8 27 5 9 4 6 3 0 10 9 2 3 10 13 6 26 8 0 2 0 1 3 0 0 9 21 4 3 10 7 0 12 1 5 8 8 5 2 17 35 1 15 10 5 4 14 7 0 3 10 13 33 22 16 4 3 4 2 0 0 3 2 4 3 9 10 2 5 0 8 0 22 1 18 3 4 8 2 4 12 10 10 0 3 1 0 1 5 4 10 6 1 1 13 17
14 0 2 0 0 0 0 1 0 0 0 0 0 0 0 0 1 0 0 1 0 0 0 0 0 1 1 2 0 0 0 0 1 0 2 0 0 1 0 0 1 1 0 0 0 0 0 1 2 0 0 2 1 1 0 0 1 1 0 0 1 0 0 0 0 0 0 1 4 0 0 0 0 0 0 3 1 2 0 0 1 0 0 2 1 0 1 0 1 0 2 1 0 0 0 0 1 2 2 1
7 5 11 6 0 3 2 16 2 2 1 7 5 31 11 5 7 7 6 13 7 1 3 3 4 7 1 1 4 21 6 7 7 3 5 9 5 8 7 13 4 27 7 6 0 1 5 5 1 3 1 10 3 3 3 13 10 7 6 5 3 7 0 1 7 14 10 0 0 6 22 4 6 12 1 10 12 8 9 5 5 20 4 10 0 11 4 13 7 33 28 14 0 2 10 6 0 27 1 5
1 4 2 0 16 1 2 12 1 3 1 0 0 3 2 4 2 0 0 0 8 3 6 1 5 0 3 0 0 14 1 4 1 3 1 1 1 17 7 0 15 0 0 1 5 5 12 1 6 0 0 0 9 10 0 0 8 4 0 2 1 4 0 1 0 7 9 1 6 5 3 2 0 1 0 5 2 0 6 5 1 6 11 0 4 1 1 5 2 4 0 0 2 0 2 0 1 0 0 1
1 2 1 9 0 4 2 8 4 1 0 5 5 2 6 1 12 1 5 12 0 3 2 6 1 0 0 0 0 0 6 0 16 8 9 5 1 3 4 2 1 2 4 4 3 4 5 4 2 1 7 9 23 0 0 3 0 1 1 6 3 8 0 0 0 10 2 2 21 17 1 6 0 0 1 3 0 2 1 0 1 1 4 0 8 1 6 13 11 2 2 1 0 4 0 0 11 6 8 3
7 6 3 3 1 2 4 7 13 0 1 4 8 13 0 9 2 2 3 19 3 11 1 2 8 2 28 14 0 7 2 3 1 8 4 5 2 21 0 6 1 3 16 9 7 2 9 7 4 1 4 0 9 0 1 10 4 0 25 11 2 8 0 4 2 4 5 4 3 1 4 0 13 1 1 1 2 11 1 4 1 5 0 5 0 4 1 8 0 4 6 7 1 0 0 0 0 4 3 8
13 4 4 2 7 3 3 4 16 11 1 3 9 6 8 2 2 1 3 4 2 3 4 6 12 2 3 0 0 6 3 1 7 2 2 0 1 18 1 0 2 5 12 18 7 2 2 0 12 0 9 2 4 5 5 0 0 0 2 0 2 8 29 10 0 6 6 2 3 0 2 0 1 2 14 9 2 1 5 0 1 3 4 1 4 1 4 0 7 2 3 9 0 2 26 8 11 5 2 7
2 4 20 9 1 5 0 0 5 7 21 11 8 5 12 6 3 18 0 0 1 0 4 2 9 7 3 1 0 5 4 0 2 1 8 9 24 1 5 4 8 1 0 16 11 0 8 8 2 1 1 20 9 15 16 0 5 6 5 29 22 1 10 3 8 6 8 12 8 4 18 18 10 10 13 6 0 3 2 3 1 14 4 0 4 3 4 0 6 1 6 19 5 9 0 25 11 0 13 2
1 1 6 9 6 17 0 12 3 6 0 0 5 3 3 2 1 22 10 25 57 3 12 7 8 3 0 6 5 2 13 13 1 1 7 0 13 6 1 5 6 28 6 6 7 2 3 4 2 10 2 9 7 3 0 1 0 0 24 18 6 4 4 19 8 0 7 32 6 0 3 30 0 1 11 9 12 4 0 1 14 5 9 22 3 11 10 5 8 6 3 7 0 17 7 15 5 0 12 15
2 0 1 0 0 1 0 0 0 0 2 1 0 0 1 1 0 0 0 0 0 1 2 0 0 0 0 3 0 0 0 0 0 8 1 0 1 0 0 0 0 0 0 0 2 0 0 0 1 0 2 0 0 0 0 0 0 0 1 1 0 0 1 0 0 0 0 0 0 0 0 0 0 3 1 0 0 0 0 1 0 0 1 0 0 0 1 0 0 0 1 2 4 1 0 4 2 2 1 1
2 15 6 5 12 8 1 8 16 13 2 8 5 1 0 2 16 24 1 0 11 3 0 8 7 3 11 0 2 5 6 24 2 4 19 9 2 1 24 22 10 1 9 1 5 4 8 24 34 10 2 4 5 8 5 4 8 0 2 12 3 3 12 5 2 17 6 6 6 4 1 11 13 9 2 8 9 2 2 13 7 0 15 13 0 7 3 2 28 5 0 2 3 0 8 4 10 4 50 22
1 9 2 4 6 5 2 1 6 8 1 33 12 7 0 3 20 12 0 7 15 19 4 6 0 5 3 6 2 1 6 8 8 25 3 11 2 2 2 5 0 1 0 0 0 1 6 2 0 4 0 9 2 14 19 8 0 9 4 1 2 0 11 3 11 1 2 2 6 6 0 3 4 3 3 1 1 1 1 12 2 0 1 0 0 1 0 1 1 3 0 6 1 0 3 2 0 8 2 3
9 3 3 10 0 1 2 0 12 5 0 0 7 5 1 0 0 17 5 2 3 0 0 1 1 6 1 5 1 6 1 10 1 0 3 0 1 2 8 1 2 0 0 4 9 2 7 2 23 1 5 23 2 9 22 4 4 4 0 4 4 5 6 0 0 0 3 16 2 9 2 10 0 9 9 4 1 10 2 0 6 2 2 2 5 11 1 1 0 0 4 1 0 1 15 11 1 0 0 0
0 0 0 1 0 1 0 1 1 0 0 0 0 1 0 0 3 1 0 0 1 0 0 2 0 0 0 0 0 0 0 1 0 0 0 0 1 0 2 1 0 0 0 0 0 2 0 0 0 0 0 1 2 1 1 0 5 1 1 1 0 3 0 0 0 0 1 0 0 0 1 0 0 1 0 0 3 0 0 0 4 0 0 2 0 0 0 2 1 0 0 0 2 0 0 1 0 0 0 1
1 0 1 0 0 1 0 0 1 2 0 1 0 0 0 0 1 0 0 0 0 0 0 1 0 0 3 0 2 0 0 0 0 0 2 0 1 0 1 0 1 1 0 0 0 0 1 0 0 0 0 0 0 6 0 0 0 0 0 0 0 0 1 0 1 0 0 2 0 0 0 1 0 0 0 0 0 0 0 0 0 0 0 0 1 1 0 0 0 0 0 1 0 0 3 3 0 0 2 0
0 0 0 0 3 0 0 0 0 0 1 0 0 0 0 0 0 0 0 0 0 0 0 1 0 1 0 0 3 0 0 1 0 9 0 0 0 0 0 0 2 0 2 2 0 0 0 0 0 1 0 0 1 0 5 0 1 0 0 0 0 0 0 0 0 0 0 0 1 0 0 0 1 0 0 0 0 0 0 0 3 2 2 0 0 0 0 0 0 1 0 0 0 0 0 0 0 0 0 0
14 13 12 26 3 0 0 2 7 11 3 10 4 13 5 5 20 1 4 9 0 3 9 17 1 10 9 8 0 5 8 5 9 4 0 11 1 0 2 3 4 3 18 3 4 3 8 6 23 14 11 11 8 11 2 18 7 0 1 7 14 14 1 3 4 5 15 3 16 26 1 1 2 1 3 1 13 5 0 22 2 5 1 2 16 12 24 37 4 0 18 3 3 2 5 2 3 16 5 1
13 8 1 0 8 0 4 0 1 14 0 5 6 46 0 2 4 8 30 15 16 6 3 5 23 1 7 0 14 5 4 13 4 9 41 8 10 2 15 2 10 8 12 0 10 12 28 3 8 10 8 8 2 3 31 5 6 1 5 11 2 1 7 2 5 2 7 5 15 22 7 1 1 8 2 12 3 0 8 6 2 6 9 9 8 16 11 2 9 1 0 8 1 2 3 15 3 44 7 4
3 17 4 4 1 1 0 4 12 4 0 3 1 4 0 1 1 13 0 1 1 7 4 4 0 0 3 2 3 0 1 2 2 1 0 6 0 14 4 2 5 2 7 1 4 0 0 0 3 6 1 0 0 2 2 1 1 2 1 2 15 3 0 3 1 12 0 1 1 2 0 1 1 3 2 0 0 0 2 0 5 3 11 5 2 1 2 4 0 0 6 12 2 5 0 2 9 3 2 2
1 0 0 0 0 1 0 0 0 0 1 2 1 0 1 3 1 1 6 1 1 0 0 1 0 0 0 6 0 0 0 1 1 0 1 2 0 2 0 0 0 0 3 0 0 2 1 0 0 2 1 4 0 0 0 2 0 0 2 0 1 0 2 0 1 0 3 2 0 0 0 0 0 0 17 2 1 0 0 0 9 0 0 3 0 0 2 0 0 0 1 0 0 5 3 0 0 0 1 0
0 0 0 0 0 8 0 0 3 0 0 0 1 0 0 0 1 1 14 0 0 0 2 0 0 0 1 0 0 1 7 0 0 0 0 0 1 0 0 0 1 1 0 0 0 0 2 0 0 0 0 0 0 0 0 0 0 0 0 0 0 0 0 1 0 0 0 0 0 0 0 1 0 0 0 0 1 1 0 0 0 0 1 0 0 0 0 0 0 0 0 1 0 1 0 0 0 0 0 0
7 3 20 6 2 9 10 16 7 30 6 5 6 17 1 1 28 11 9 17 3 15 11 2 2 0 4 4 7 1 4 1 11 2 12 11 13 15 2 1 1 2 0 4 5 4 1 5 7 9 12 5 1 42 24 1 29 8 0 7 1 0 11 1 0 0 5 18 1 33 9 10 4 3 17 31 5 3 9 9 10 14 2 17 0 5 5 0 0 6 4 15 1 5 0 1 7 4 3 6
