3 0 1 4 1 2 1 5 12 1 0 0 0 0 3 0 2 4 3 5 0 12 2 9 0 0 0 0 7 0 0 1 4 0 0 2 2 0 1 8 2 1 1 2 0 2 10 0 3 0 3 2 15 9 7 13 0 0 4 5 7 15 0 2 0 6 22 0 2 3 0 3 4 0 8 1 7 1 1 6 1 4 8 0 5 7 1 2 0 0 0 1 1 1 2 6 0 5 8 5
7 12 0 16 9 14 12 5 0 14 0 9 0 2 2 36 4 0 1 8 13 0 2 7 1 0 2 1 12 2 1 2 19 8 17 1 0 15 2 2 30 2 34 0 2 0 12 2 4 54 13 0 12 6 0 2 7 0 25 11 13 28 0 1 5 6 2 2 3 24 4 1 1 2 2 11 18 9 14 8 15 0 7 22 2 2 0 20 0 9 5 1 0 2 0 15 5 16 49 1
4 0 3 0 5 0 0 15 0 11 1 1 27 0 2 2 11 6 0 0 2 3 0 8 12 13 2 2 0 3 9 3 6 10 1 7 0 12 8 6 2 2 3 3 1 5 1 0 1 1 16 3 1 1 3 1 1 0 4 0 3 0 0 7 28 4 0 6 0 15 0 0 0 5 1 10 1 3 5 2 1 2 5 1 14 4 7 1 1 0 1 2 3 1 2 3 6 1 7 1
23 3 1 9 17 2 12 4 0 0 0 27 15 6 2 35 11 7 6 2 11 5 3 5 14 8 2 6 0 20 0 11 2 1 0 0 7 1 20 1 15 0 15 6 9 8 1 0 2 6 3 1 0 4 2 2 10 11 4 33 6 27 3 0 22 6 8 18 14 0 1 7 0 4 6 13 17 3 2 2 0 6 1 2 5 2 4 4 2 3 6 13 8 21 17 2 4 5 0 12
1 0 0 0 0 1 0 0 0 0 0 0 2 0 2 0 0 0 0 1 0 0 0 1 0 0 0 1 1 0 0 2 0 1 0 1 0 0 1 0 0 0 0 2 0 1 2 0 0 0 0 1 0 0 0 1 0 0 0 2 0 0 0 0 1 0 0 0 2 0 1 2 1 1 1 0 0 0 0 0 0 0 0 0 0 0 0 0 0 2 1 0 1 0 0 0 0 0 0 3
3 4 1 10 0 6 5 13 3 1 0 6 3 4 0 8 0 2 0 11 11 0 0 4 8 4 1 0 7 7 5 6 4 19 1 2 3 20 1 0 1 2 4 2 1 2 10 1 1 5 6 10 1 11 0 6 15 12 2 12 0 2 1 4 3 6 3 7 1 1 0 2 15 33 0 2 1 1 2 6 1 4 17 4 19 27 11 9 10 12 0 2 3 10 1 2 1 0 5 3
1 1 0 0 0 0 0 0 8 0 0 0 0 1 16 0 0 1 0 0 0 0 0 0 1 0 0 0 0 0 1 0 0 0 1 1 0 0 0 0 0 0 0 3 0 7 0 2 1 0 0 0 1 0 0 3 0 0 0 0 0 1 0 0 4 1 0 0 0 6 0 0 1 9 1 4 1 1 0 1 0 0 1 0 18 0 11 1 0 1 2 0 1 1 2 0 0 0 0 0
0 0 0 1 1 0 0 0 8 0 1 0 0 0 7 2 0 0 0 0 0 0 0 0 0 0 0 0 0 4 0 0 0 0 1 3 0 0 2 0 0 1 0 4 1 1 1 8 0 0 0 0 2 6 0 2 0 0 0 0 0 0 0 0 4 0 0 0 1 3 1 0 0 2 0 8 0 0 0 0 1 0 7 0 7 8 2 0 0 1 0 0 0 0 0 0 1 0 0 2
2 0 0 0 0 1 1 0 0 0 1 1 0 1 0 0 0 0 0 1 0 0 0 0 1 0 0 0 0 0 1 0 0 0 1 1 0 5 0 1 3 2 0 1 0 0 0 0 1 0 1 0 0 0 0 0 1 0 0 2 1 0 0 0 0 1 0 0 1 0 0 1 0 0 0 1 0 0 0 0 0 0 1 0 0 1 0 4 0 0 0 0 0 5 0 1 0 0 0 0
0 1 5 7 0 1 2 0 0 0 0 1 0 0 0 0 0 0 0 1 0 1 0 0 1 1 0 0 7 1 0 0 0 0 0 1 2 0 0 10 0 0 1 0 0 0 0 0 8 0 1 5 0 0 1 0 1 0 0 0 1 1 0 0 0 0 2 0 2 2 0 0 0 0 0 1 0 0 1 0 0 1 0 0 0 1 1 1 2 0 0 1 0 0 1 3 0 1 0 0
2 12 0 3 6 3 10 1 2 4 8 2 5 0 20 2 13 2 3 6 2 4 9 4 11 6 0 4 5 0 4 6 1 12 6 6 1 0 2 19 4 8 4 0 3 0 1 5 2 6 0 2 1 1 2 0 3 4 0 2 2 0 0 3 1 14 0 5 4 0 4 6 16 0 11 0 4 2 4 1 13 1 1 0 0 0 0 0 10 0 1 5 10 1 0 3 3 7 0 4
15 0 2 0 2 2 3 1 4 3 13 1 0 1 2 12 8 13 16 12 5 5 11 4 7 11 2 9 25 24 20 5 3 25 17 8 11 0 0 3 3 0 4 5 2 7 14 1 11 1 11 30 11 1 8 8 13 5 0 2 0 3 2 8 5 0 3 18 7 12 8 1 11 16 0 0 14 18 3 3 0 6 9 2 1 9 5 1 11 26 37 3 14 5 3 1 4 6 15 6
2 0 0 0 2 0 0 1 0 0 3 2 0 0 0 1 0 0 0 3 0 0 0 0 1 0 0 0 0 0 0 0 0 1 0 0 1 0 0 0 0 1 0 0 0 2 1 3 0 0 2 0 0 0 0 0 0 1 0 2 2 2 0 0 0 0 0 0 0 0 0 0 0 1 1 0 1 0 0 0 0 0 0 0 0 1 0 0 0 0 1 0 0 1 0 0 0 0 0 0
0 0 4 0 0 0 0 0 1 0 0 0 1 0 0 0 0 0 1 0 0 0 1 1 0 0 1 0 0 0 1 0 0 0 0 2 1 0 6 0 2 0 0 6 0 0 0 0 0 0 0 0 2 2 1 3 0 1 0 3 0 0 1 0 0 1 0 0 0 0 0 1 0 0 0 7 0 0 0 0 1 0 3 0 8 0 0 0 0 1 0 1 1 0 1 2 1 0 0 0
13 17 10 6 2 23 7 17 0 0 6 2 18 7 1 3 2 5 0 21 1 2 18 4 3 6 4 10 9 15 0 1 1 23 33 5 7 31 15 13 1 5 41 21 4 1 11 1 12 4 4 0 0 15 10 1 16 13 3 2 3 3 7 3 1 2 3 10 4 11 5 24 1 1 2 15 3 1 1 25 4 3 5 7 1 2 0 7 21 4 4 15 17 6 1 2 2 8 4 2
0 34 1 0 6 2 6 8 3 6 7 5 44 0 17 10 7 33 9 5 10 6 1 20 6 2 14 36 0 13 1 17 13 0 0 0 2 11 7 5 30 17 20 1 11 0 0 6 1 26 4 7 4 2 12 0 2 36 9 5 5 1 1 62 7 7 2 7 22 2 4 8 17 8 8 2 12 11 5 3 24 6 15 18 8 13 1 7 9 12 5 4 5 7 0 3 4 9 1 10
1 0 0 0 0 0 1 0 1 0 0 0 0 0 0 0 2 0 0 2 0 0 0 0 0 0 0 0 0 0 0 1 0 0 0 1 4 0 2 0 0 0 2 0 0 0 2 0 0 2 0 0 0 1 0 0 0 0 0 0 0 1 0 0 1 0 1 0 0 0 0 0 0 1 1 0 0 3 1 0 0 0 0 0 0 0 0 0 0 0 0 0 0 0 1 0 0 0 0 0
2 1 1 1 6 3 11 4 3 2 0 0 3 5 16 0 4 7 2 3 8 1 4 0 0 1 0 0 7 1 1 12 2 14 0 2 1 3 3 3 2 0 3 4 1 2 1 1 0 0 2 1 9 2 4 4 4 5 0 0 3 1 0 18 14 0 10 10 5 14 1 2 11 0 2 2 1 3 5 0 0 7 14 0 2 7 5 0 0 1 1 11 4 9 0 5 0 1 2 3
0 7 0 8 0 10 5 9 5 0 4 3 3 1 4 3 1 7 8 0 3 10 27 4 11 6 0 1 5 6 9 4 5 0 6 0 4 3 9 2 2 2 6 0 3 1 0 2 0 3 1 5 9 1 2 4 2 5 4 1 4 10 4 1 0 4 7 1 10 9 6 14 1 0 0 1 0 4 3 2 0 1 1 0 3 0 13 2 0 3 0 3 5 1 1 1 0 11 1 4
25 16 11 2 19 2 2 0 0 22 12 3 5 6 1 0 6 5 10 5 6 6 8 1 9 8 16 1 7 0 1 10 2 14 18 3 2 8 0 0 8 6 0 3 10 6 0 4 2 3 4 2 11 0 17 8 10 2 2 1 19 7 15 50 4 8 3 2 7 0 13 4 31 5 6 1 5 5 5 0 0 3 1 6 1 17 0 26 1 8 2 7 7 17 0 3 2 11 23 5
0 1 0 0 0 1 0 0 0 1 0 0 0 0 0 0 0 0 0 1 0 0 1 0 0 0 1 0 0 0 1 1 0 1 0 0 2 0 1 0 0 0 1 0 0 1 0 0 1 0 0 0 0 1 0 0 1 0 1 1 1 1 0 0 0 0 0 0 0 0 0 0 4 0 0 2 0 0 0 0 0 12 0 0 0 1 0 0 0 0 0 0 1 0 0 1 0 0 0 0
0 1 0 3 0 0 0 0 0 1 0 0 0 0 3 0 0 1 0 12 1 0 0 0 0 2 0 0 0 0 0 0 1 0 3 1 0 3 2 0 0 1 0 0 0 0 0 0 0 1 0 0 3 0 0 2 0 1 1 0 0 0 0 0 0 2 0 0 0 0 0 0 1 1 0 0 1 0 2 1 1 0 1 2 0 0 2 0 0 0 0 1 0 0 0 1 0 0 1 0
11 5 0 0 0 1 0 0 0 1 4 3 0 0 0 0 0 0 0 0 0 0 1 4 0 0 1 1 0 0 7 0 1 7 1 0 0 5 1 0 0 0 2 1 8 0 0 2 0 2 4 0 0 0 1 0 0 0 0 0 0 0 0 0 2 0 0 1 16 3 0 0 0 2 1 0 1 0 1 2 1 0 0 0 0 0 0 0 1 1 1 0 2 0 3 0 3 0 0 4
0 7 2 7 3 5 1 2 7 1 1 1 0 6 14 0 2 13 11 0 5 9 1 19 0 22 2 0 1 6 4 5 6 2 5 7 4 1 1 1 4 1 4 0 0 0 1 6 2 1 0 2 16 3 1 6 3 4 0 4 13 1 0 0 0 0 5 3 0 5 5 0 1 0 3 0 4 1 0 1 13 2 2 2 3 2 12 0 2 3 0 1 0 2 2 0 0 3 4 16
0 1 0 0 2 0 0 0 0 0 0 0 0 1 3 1 0 0 0 0 1 1 0 0 1 0 0 0 0 0 0 0 2 0 0 0 0 0 0 2 0 1 6 0 0 0 0 1 0 0 0 0 0 0 0 1 0 0 0 0 0 1 0 2 2 0 0 1 1 0 0 1 0 1 1 2 1 1 0 0 0 0 2 1 0 1 2 0 0 0 0 0 0 0 0 0 0 0 0 0
3 1 0 10 25 0 3 15 0 5 4 4 1 0 1 2 0 0 7 0 1 4 1 2 3 11 5 1 7 7 3 4 1 12 10 4 7 2 0 0 13 0 2 24 3 11 3 17 3 4 2 7 3 1 6 8 7 0 3 0 7 4 0 9 12 0 5 1 1 3 0 4 17 12 11 0 10 1 0 3 5 8 0 10 7 5 1 4 6 4 3 4 0 2 1 0 7 1 6 1
5 0 0 2 0 0 0 0 0 2 1 0 9 0 1 0 0 0 0 0 13 0 1 0 0 0 6 1 1 0 2 1 0 4 5 0 1 16 0 2 0 0 0 0 1 0 0 1 0 6 5 0 0 0 0 1 0 0 1 0 0 0 1 0 0 0 0 11 2 2 0 0 0 0 0 0 0 0 1 0 1 1 0 1 1 0 0 0 0 0 7 0 1 2 0 1 3 0 2 0
1 6 9 0 3 7 11 7 0 10 4 8 9 2 18 5 0 0 8 1 3 5 1 10 0 5 5 7 8 1 1 1 1 5 2 4 3 0 4 33 0 2 8 1 3 1 6 2 7 3 2 11 0 2 0 9 9 0 2 3 6 1 6 0 2 6 21 12 4 2 5 2 40 3 1 2 7 4 2 5 8 3 0 3 0 2 3 3 13 2 4 7 0 9 3 1 2 13 4 4
2 5 0 0 1 0 1 0 1 0 6 0 7 0 0 0 0 0 2 2 4 0 1 1 0 1 6 0 0 2 1 2 0 0 0 0 0 2 0 0 0 0 1 0 1 0 0 0 0 21 1 0 0 2 0 0 0 0 0 0 1 0 0 1 0 0 0 2 0 0 4 0 0 0 0 0 0 1 0 0 1 0 0 1 0 1 1 0 0 0 0 0 4 0 1 2 10 0 1 0
11 14 6 2 1 3 0 4 9 3 0 0 1 11 2 7 2 14 0 22 1 2 6 34 3 8 0 1 32 12 7 1 14 15 27 0 2 1 23 6 15 0 18 5 8 3 10 47 6 0 34 24 1 4 5 3 4 8 27 31 22 0 4 1 12 3 0 29 11 6 0 9 4 2 20 3 2 4 4 7 6 5 30 11 30 2 3 5 0 9 6 17 2 0 2 3 28 3 8 8
1 0 8 11 0 2 0 0 1 1 0 0 0 0 1 0 0 1 0 0 0 2 0 3 0 0 3 1 5 1 1 2 0 1 0 0 1 0 0 1 1 0 0 0 0 0 1 0 6 3 0 0 0 0 0 1 1 0 0 0 3 0 0 2 1 0 0 0 0 0 0 0 0 2 0 0 1 1 0 0 1 3 0 0 0 3 0 0 0 0 0 12 0 0 0 0 0 1 1 0
7 2 0 28 0 6 11 17 12 6 21 11 2 7 1 9 12 19 6 35 5 3 1 19 19 5 8 1 4 1 1 7 3 3 1 7 4 3 2 9 3 6 3 4 7 1 0 3 5 5 0 1 1 21 10 4 1 1 8 0 27 12 5 0 2 3 4 24 10 0 6 0 0 2 2 3 5 1 2 12 0 9 6 8 8 1 3 1 9 6 1 4 10 0 9 3 4 11 12 0
0 1 0 0 0 1 0 0 0 3 1 0 0 0 1 0 0 0 0 0 0 0 0 0 0 0 1 0 1 0 0 0 1 1 1 0 0 0 1 0 0 0 0 0 1 0 0 0 0 0 0 0 0 0 0 2 0 0 0 2 1 4 0 0 2 0 0 0 0 0 0 0 0 0 0 0 0 0 0 1 1 0 1 1 0 0 0 0 2 0 0 0 0 0 0 0 2 1 0 0
0 0 0 0 0 0 2 0 0 1 0 0 0 0 6 2 0 1 0 0 0 0 2 1 0 0 0 0 0 0 0 0 1 1 1 1 1 0 1 0 0 0 0 2 0 3 0 13 1 2 0 1 0 0 0 1 0 0 0 0 1 1 1 2 8 0 0 0 2 1 0 0 0 1 0 0 0 0 1 0 0 1 0 0 0 9 0 1 0 2 0 2 0 0 0 0 1 2 0 0
0 0 0 0 0 6 0 0 0 1 0 0 2 0 0 1 0 0 0 0 0 0 1 0 0 0 0 1 0 0 0 0 0 0 0 0 1 0 1 0 1 0 0 0 0 0 0 0 0 0 2 0 0 0 2 0 0 2 0 0 0 0 0 0 0 0 0 0 0 0 0 1 0 0 1 0 0 0 0 0 0 7 0 0 0 0 1 3 1 3 0 1 0 0 0 0 0 0 0 0
4 7 2 5 2 4 5 8 0 0 1 4 1 0 11 2 1 2 3 3 16 2 0 0 2 8 8 1 0 4 2 0 4 7 8 5 4 2 0 12 0 1 3 1 0 3 1 2 0 3 8 5 8 2 4 0 4 6 9 10 6 4 9 6 5 3 4 5 8 5 0 0 0 7 2 7 6 0 3 0 0 4 0 2 0 10 0 10 3 1 2 12 0 2 8 8 3 4 1 3
1 10 0 0 4 0 0 2 0 0 0 0 2 4 0 1 3 0 1 0 4 8 3 3 7 8 2 5 0 11 4 5 3 4 6 0 0 2 0 0 1 1 0 1 0 0 4 4 0 17 3 1 5 0 2 0 5 6 2 2 1 2 8 1 7 3 2 2 10 3 0 1 6 13 0 0 4 0 3 2 19 0 3 1 0 1 1 10 0 1 3 7 1 13 2 4 9 1 1 1
13 3 15 1 1 11 27 2 4 8 25 3 2 8 0 5 4 31 1 5 5 14 3 14 16 6 0 1 12 1 7 28 0 4 13 3 7 4 3 46 2 3 2 5 0 0 17 25 7 1 1 12 11 5 5 0 6 1 2 10 20 9 12 3 1 1 26 9 36 6 0 23 2 9 6 19 15 1 1 2 0 13 11 10 6 7 10 9 4 2 10 30 0 16 5 3 0 0 1 13
1 0 0 0 0 0 0 0 18 0 0 0 0 0 2 2 0 0 0 0 1 0 0 0 0 1 0 2 0 0 4 0 0 0 0 4 0 0 10 0 0 0 0 10 0 12 1 5 0 3 0 2 0 11 1 2 1 2 0 0 0 0 0 0 6 1 0 0 0 0 0 0 0 5 0 12 0 0 0 1 0 0 8 3 2 45 2 3 0 0 0 0 0 0 0 1 0 0 0 0
2 14 4 0 16 0 0 0 11 0 0 0 3 1 1 9 2 0 0 0 0 3 2 0 2 6 1 0 10 6 3 5 5 0 4 8 2 12 2 6 4 1 0 8 7 0 0 27 0 8 1 1 0 2 0 7 10 1 3 14 3 7 2 1 18 0 0 1 0 0 2 1 2 1 2 2 0 3 0 12 4 0 3 6 2 12 2 1 0 12 0 0 6 3 5 0 13 0 4 5
3 1 6 3 16 2 10 9 3 0 5 0 2 0 0 2 1 2 1 1 17 7 1 0 12 10 15 0 9 1 9 1 4 15 15 0 3 0 4 1 3 1 18 9 13 7 3 7 0 5 2 10 0 4 6 8 5 0 11 0 13 4 3 1 0 1 8 8 5 1 7 0 1 3 3 1 3 0 1 3 0 2 1 0 3 8 11 0 8 6 13 4 18 2 0 0 3 0 0 7
13 3 0 2 17 1 2 6 6 1 0 2 1 4 5 3 9 8 11 9 7 0 2 7 11 3 6 11 2 25 51 6 1 1 6 4 12 4 1 6 3 1 1 12 1 18 16 10 1 13 0 3 3 4 5 1 0 10 6 18 1 5 3 14 5 2 5 5 1 3 6 7 2 2 25 0 24 18 10 26 4 22 5 0 7 7 24 3 0 11 2 1 17 3 3 0 54 5 6 4
31 0 16 0 1 0 9 0 11 13 2 3 27 25 0 3 4 19 23 10 1 0 0 12 7 14 2 5 3 4 25 1 12 16 5 4 3 0 3 1 9 2 2 2 10 5 5 3 11 1 16 3 4 0 12 9 2 1 10 0 0 13 10 8 0 9 28 3 2 0 3 0 8 0 0 1 2 8 25 3 1 5 14 1 15 5 6 6 8 14 16 0 0 5 6 0 5 3 15 2
0 2 4 0 3 5 1 1 5 1 3 0 3 5 2 1 8 10 6 1 2 0 12 0 4 0 2 2 9 7 1 10 2 2 0 4 19 0 5 0 3 2 6 4 10 14 7 15 0 1 1 3 11 10 7 6 6 1 1 4 0 1 0 1 0 16 4 11 1 4 4 13 2 1 2 2 0 8 0 9 2 7 3 2 0 0 1 7 0 6 5 4 1 0 0 2 0 3 2 0
37 9 6 2 3 10 0 0 10 13 3 2 12 11 16 9 13 3 7 5 12 4 12 8 4 0 0 24 1 0 10 4 7 1 12 7 0 4 7 0 5 20 1 4 1 3 8 19 12 6 15 3 5 18 0 12 16 12 5 10 3 4 8 7 0 0 21 7 0 0 8 6 14 2 1 2 2 4 3 7 1 10 7 0 10 2 0 18 1 25 0 0 5 34 9 14 9 1 2 21
0 1 2 1 0 0 0 0 2 0 1 0 0 1 0 0 0 0 0 0 0 0 0 0 1 0 0 1 0 1 0 1 1 0 0 1 0 0 5 0 0 0 0 1 1 0 1 0 0 0 0 0 0 1 1 0 1 0 0 3 0 0 0 0 0 1 1 0 0 2 1 0 0 0 1 1 1 1 0 0 0 0 2 1 0 0 1 0 0 2 0 0 0 0 0 0 1 1 0 0
0 1 0 0 1 1 0 0 3 0 0 0 0 0 1 1 0 0 0 0 0 0 0 1 1 1 0 3 1 0 0 1 0 0 1 0 0 0 7 2 0 0 2 10 2 5 0 0 0 0 1 0 0 2 0 7 2 0 0 0 2 0 1 3 2 0 0 0 1 0 3 2 0 2 0 0 0 0 0 2 0 0 1 0 2 0 1 0 0 0 0 0 1 0 2 0 0 3 0 0
1 6 10 0 3 3 8 1 7 2 18 2 3 6 1 1 3 7 8 8 0 16 0 12 5 0 4 0 2 9 2 0 0 0 5 6 12 20 1 1 1 6 10 13 7 3 7 1 2 10 1 5 5 0 0 21 0 3 1 5 10 2 16 0 0 1 1 28 0 9 1 1 2 0 3 0 9 0 7 23 4 11 2 0 7 2 0 4 2 4 2 10 4 6 17 3 0 8 11 3
12 5 7 44 7 19 6 27 3 10 16 15 11 5 47 8 2 0 3 1 4 0 6 39 23 11 19 5 5 5 11 2 2 5 25 15 4 9 15 0 3 6 11 21 8 3 10 1 16 9 6 6 36 21 2 4 3 6 4 8 1 6 1 0 7 0 4 17 16 1 11 3 4 4 12 0 6 5 15 4 25 2 7 25 1 3 6 3 6 2 9 14 26 12 1 2 20 2 1 27
0 5 5 6 6 4 16 0 4 11 1 28 0 2 2 15 10 15 2 7 4 0 1 0 2 10 5 3 4 7 5 2 1 3 3 11 9 0 34 2 1 5 15 2 2 2 10 33 1 8 5 0 2 7 4 6 0 0 2 11 12 23 4 6 2 0 6 2 1 3 0 1 11 11 18 10 9 1 8 10 2 0 1 1 29 8 8 3 9 0 5 1 1 2 0 6 34 0 19 4
