1 0 3 0 1 0 11 0 1 0 0 0 1 0 2 1 2 5 0 0 22 0 3 4 0 0 1 0 7 1 2 2 0 4 0 0 0 12 4 3 0 1 1 1 0 3 2 2 0 1 5 10 9 5 2 3 2 4 9 7 3 5 0 1 2 0 0 8 0 0 1 1 0 2 4 5 5 1 0 7 1 0 12 1 1 0 0 0 1 0 4 1 1 0 1 0 1 2 2 2
4 1 15 0 2 2 2 13 0 1 5 0 9 5 0 36 9 6 12 1 27 1 5 2 0 0 4 4 14 2 40 19 6 9 12 2 0 52 11 1 14 11 35 7 22 5 4 4 5 4 4 25 7 4 9 4 5 0 5 1 2 9 0 7 0 27 19 3 7 0 7 9 4 2 18 4 6 3 20 2 13 3 7 8 4 3 7 0 1 3 5 3 35 0 0 10 15 0 3 0
1 0 0 1 0 0 0 4 0 0 0 0 1 0 2 0 1 0 1 0 0 0 0 0 0 1 0 0 0 0 0 1 1 0 0 0 1 0 1 0 0 0 0 0 0 0 0 0 0 0 0 2 0 0 1 1 0 1 0 0 0 0 0 0 0 0 1 0 0 2 0 0 0 0 1 1 0 0 1 0 0 0 0 0 1 2 0 1 0 0 0 1 0 3 0 0 0 0 0 1
0 0 0 1 0 0 0 1 2 0 0 0 0 1 1 0 0 0 0 1 0 0 0 1 6 0 0 0 2 0 0 2 1 0 0 1 1 1 0 1 0 0 1 0 2 2 0 0 0 1 1 1 0 2 0 1 1 0 0 0 0 0 2 0 0 0 0 2 2 0 0 0 0 0 0 0 1 2 1 6 0 2 0 1 2 1 0 0 0 1 0 0 1 0 0 0 0 7 3 0
0 0 0 0 1 1 2 0 0 0 1 1 1 0 0 0 0 2 0 0 0 0 0 0 1 0 0 0 0 1 1 0 1 0 0 0 1 0 1 0 0 0 1 0 1 0 4 2 0 0 0 0 0 0 1 0 0 0 0 1 0 0 0 0 1 0 0 1 0 1 0 3 0 0 0 0 0 0 0 0 0 1 1 0 0 0 0 1 0 3 0 0 0 1 0 0 0 1 0 1
1 2 4 0 2 15 1 3 7 3 4 3 7 7 14 6 1 3 2 0 1 0 6 2 14 2 0 5 3 4 4 0 3 7 3 5 1 1 0 1 0 0 7 3 1 7 0 0 4 0 0 4 8 0 5 5 8 1 7 0 8 3 0 1 2 10 5 9 7 3 3 0 2 3 1 3 0 2 5 4 10 1 0 1 4 2 1 1 2 3 8 1 15 1 0 0 2 0 12 18
0 5 0 0 0 0 0 1 0 0 2 0 0 0 0 0 0 0 1 0 0 5 4 1 0 0 1 4 0 0 0 0 1 1 0 0 3 0 2 1 0 0 0 5 0 1 2 0 1 0 0 0 0 0 0 0 1 0 1 0 0 1 0 0 0 0 0 0 0 0 0 9 0 0 1 0 5 2 0 0 2 0 0 0 2 1 0 0 0 0 0 0 1 1 0 0 3 1 0 0
9 7 9 2 5 13 21 0 36 27 2 1 4 5 4 0 10 4 19 4 5 1 2 11 4 3 0 2 0 3 5 8 4 4 1 0 1 21 9 7 0 1 23 32 0 0 18 3 3 0 9 5 2 9 5 0 5 6 12 2 3 23 7 18 4 16 5 2 17 6 3 4 2 21 20 0 2 13 3 9 4 7 9 4 1 10 7 13 3 4 14 0 8 6 27 4 14 17 1 12
1 0 0 0 0 0 0 1 0 1 1 2 1 0 0 1 0 2 0 1 0 1 0 1 0 0 0 0 0 0 0 0 0 1 0 1 0 0 1 0 1 0 0 0 0 1 0 0 0 2 1 0 0 1 0 0 0 1 0 0 0 1 0 1 0 1 2 0 0 4 0 0 0 0 0 0 0 1 0 0 0 0 0 0 0 0 0 0 1 1 0 0 1 0 0 0 0 1 1 0
1 0 0 14 4 0 0 0 3 0 0 2 0 0 0 1 0 0 0 0 2 0 0 1 1 0 0 0 0 0 2 0 1 0 1 0 1 0 0 0 0 0 0 0 0 0 0 1 0 0 0 0 0 0 0 2 0 1 0 0 2 0 0 0 1 0 0 0 0 0 0 1 0 0 0 1 0 0 0 0 0 0 0 0 1 0 1 0 0 1 0 0 0 1 0 0 0 0 0 0
1 0 0 4 0 0 0 0 1 1 0 2 2 0 2 0 0 0 0 0 0 0 0 1 0 1 0 0 0 0 0 0 3 0 0 0 0 1 0 0 0 1 0 0 1 0 0 1 0 0 0 1 0 1 0 0 1 0 3 0 2 4 0 2 0 0 0 0 0 0 0 0 0 0 0 1 0 0 0 0 0 0 0 0 0 1 0 5 1 0 0 0 1 0 0 0 1 1 0 0
1 3 10 1 13 0 40 9 6 1 1 3 7 11 12 2 34 12 13 2 0 1 19 1 8 10 0 11 6 8 1 20 7 27 2 0 22 6 11 5 3 5 11 3 0 2 6 1 9 5 2 20 37 0 2 4 13 1 1 5 11 7 15 9 5 11 2 9 5 1 0 6 24 3 0 7 1 7 23 5 6 4 3 7 13 4 9 1 10 1 9 6 8 11 0 2 15 9 5 3
8 3 0 3 0 9 21 7 5 4 0 2 1 7 5 0 1 3 2 0 23 8 2 0 2 0 1 0 1 1 2 2 3 1 3 5 7 1 6 2 2 4 3 9 9 0 0 0 6 0 4 3 9 5 1 1 0 1 7 5 5 2 0 1 7 1 2 2 5 1 3 2 0 4 7 2 14 0 0 4 0 2 6 0 0 3 1 8 11 5 6 5 1 1 3 1 0 0 0 2
17 5 7 0 6 2 0 4 17 0 0 1 3 19 1 0 2 8 0 8 11 17 2 4 4 2 1 4 2 5 3 5 8 6 5 10 10 2 10 4 2 0 4 2 3 2 8 4 0 1 1 3 0 9 6 9 2 12 12 1 3 2 1 8 5 1 5 7 5 6 6 1 0 9 0 3 0 4 10 1 3 12 0 6 6 14 1 0 5 1 1 0 1 6 0 8 13 1 1 6
16 3 5 11 7 9 1 19 0 7 10 4 5 13 0 1 2 0 10 1 0 0 0 2 11 3 0 0 21 1 2 18 5 2 6 2 4 0 1 7 3 2 6 9 0 4 11 7 6 1 2 0 3 2 10 0 1 1 3 0 0 2 8 3 6 2 3 0 5 3 2 3 1 1 3 0 0 0 12 4 20 0 5 6 7 1 12 0 0 5 3 23 2 3 11 13 8 9 3 6
1 9 7 0 0 14 6 6 1 1 16 0 0 0 15 2 0 1 2 7 3 0 0 4 1 0 7 1 1 4 3 16 0 4 1 0 1 2 0 1 4 8 0 1 0 6 5 4 0 3 0 12 2 0 0 0 7 1 2 4 5 3 3 0 3 4 0 0 4 1 0 4 0 0 9 0 2 2 2 0 9 0 0 19 3 8 3 2 5 0 1 4 0 4 5 2 2 1 3 2
0 0 1 0 1 0 0 0 4 1 1 0 0 0 0 0 0 1 0 2 0 0 0 2 1 0 0 0 0 1 0 1 0 0 0 0 0 2 0 0 0 0 0 0 0 0 0 0 1 0 0 0 0 1 0 0 0 1 1 0 0 1 3 1 0 0 0 1 1 1 1 0 1 0 4 0 0 0 0 0 0 0 0 0 0 0 0 1 0 0 0 4 1 0 1 0 0 0 0 1
0 16 4 1 0 1 0 4 3 1 5 28 2 4 0 1 19 0 1 1 6 2 8 2 4 0 5 8 0 3 4 0 3 2 5 1 0 2 2 1 13 0 8 3 2 1 2 3 1 1 2 0 3 1 0 7 1 2 3 5 3 1 1 1 4 2 4 1 4 8 1 2 1 3 0 10 0 9 3 4 2 3 0 1 3 0 8 0 9 4 3 3 1 2 5 2 4 4 1 2
3 4 1 4 6 0 4 1 3 6 1 1 1 5 5 11 17 2 3 1 5 5 9 0 0 4 5 3 0 2 24 31 0 1 7 11 7 5 4 8 19 9 0 6 5 0 3 2 14 0 0 8 2 4 4 2 0 8 7 0 2 2 4 0 1 6 0 4 0 5 4 2 1 0 13 2 1 2 6 0 16 4 1 3 6 1 4 1 0 4 1 5 12 2 10 4 9 2 0 1
5 1 5 14 1 10 0 11 6 3 2 0 0 1 1 1 8 7 1 3 8 0 1 6 4 1 2 5 2 2 4 1 1 3 3 18 3 1 1 4 3 14 9 3 13 1 0 1 2 0 6 0 2 1 0 1 15 1 0 1 1 2 4 6 5 0 0 1 1 0 0 1 6 7 11 1 3 2 1 4 11 0 1 1 8 0 6 2 1 2 0 1 4 0 1 6 5 3 13 9
0 0 0 0 4 0 0 0 0 1 0 0 0 0 0 0 1 0 1 0 1 0 0 0 0 1 1 0 0 1 0 0 1 0 0 0 0 1 0 0 0 0 0 0 1 0 1 0 1 2 0 1 0 0 1 0 0 0 0 0 0 0 0 0 0 0 0 0 0 0 2 0 0 0 0 2 0 0 0 0 0 1 1 0 0 0 2 0 0 0 0 2 0 1 0 0 0 0 2 0
0 12 5 1 15 0 6 3 6 3 1 1 0 0 6 1 5 4 1 29 10 1 0 5 2 11 4 11 1 8 6 10 0 12 8 8 1 4 11 21 5 7 14 1 1 22 4 7 18 3 3 20 9 2 5 5 0 1 6 1 0 6 11 4 1 4 12 17 7 5 1 11 4 3 0 15 8 12 9 5 28 2 0 4 6 10 8 4 0 0 9 14 1 0 9 24 11 0 3 30
26 7 7 5 2 0 2 20 5 5 13 2 4 5 6 0 14 85 11 12 7 3 1 3 14 2 13 10 11 8 5 1 1 13 1 0 7 1 3 6 18 3 3 2 17 11 4 4 0 6 20 12 1 5 6 8 10 6 22 17 5 2 1 1 4 34 6 13 1 27 8 14 5 4 1 2 13 11 4 11 9 0 2 0 0 5 0 5 11 8 0 1 3 16 0 9 4 8 10 2
2 2 1 1 10 2 4 10 2 0 2 16 2 8 3 4 6 3 0 0 3 4 8 6 1 2 8 9 3 3 0 7 0 10 0 16 13 3 1 0 0 2 0 2 1 9 10 7 5 0 3 2 11 4 3 0 9 0 2 3 2 1 6 2 14 0 2 8 3 5 7 1 1 1 1 9 0 1 5 2 6 0 10 5 11 12 10 0 5 3 1 14 1 16 8 8 5 1 10 3
0 20 1 3 2 2 0 4 4 14 10 1 0 4 11 7 2 2 9 0 3 2 14 21 6 2 7 3 8 1 1 7 11 11 5 2 5 13 20 12 1 2 11 0 1 11 3 8 0 15 3 9 5 8 33 14 9 14 2 4 21 11 16 2 0 6 0 0 0 6 33 11 2 6 4 1 4 6 8 17 8 17 1 36 5 4 35 2 11 11 4 0 10 5 13 6 0 1 31 4
0 1 0 5 7 0 6 18 1 3 3 3 9 4 5 5 3 17 26 4 5 4 4 10 16 1 1 19 4 6 9 11 1 0 1 5 19 24 39 12 0 2 14 10 4 25 0 5 2 10 6 4 7 3 1 9 5 16 10 5 13 1 5 4 31 1 0 2 25 2 4 18 10 0 1 3 1 21 1 8 2 5 2 1 0 0 3 4 8 28 8 15 5 3 5 3 4 16 3 4
0 1 2 3 5 0 10 0 7 9 2 0 0 1 2 3 2 3 1 1 4 0 0 4 9 1 0 4 5 0 0 2 0 1 33 2 2 2 2 1 4 0 2 2 0 1 9 1 21 11 22 0 1 8 1 0 3 7 1 4 5 1 3 4 7 1 7 0 0 5 1 0 5 1 0 8 3 2 4 0 2 13 5 0 2 0 2 13 1 0 9 1 3 8 0 4 1 2 5 4
4 2 3 0 7 14 1 5 0 3 2 3 0 21 2 2 12 7 3 8 1 8 9 0 10 2 0 0 2 1 1 3 4 10 0 4 0 3 0 5 7 5 1 1 3 4 4 4 1 3 14 0 3 1 0 9 7 0 4 0 1 5 1 9 2 3 4 1 3 1 8 0 9 14 0 3 5 5 5 7 3 0 4 7 1 1 2 0 1 8 10 3 1 0 9 4 2 0 5 1
1 0 0 2 11 0 0 1 0 2 1 0 2 0 0 3 0 4 0 0 0 2 2 0 1 1 0 1 0 0 0 0 0 0 0 0 0 2 0 1 0 0 3 0 0 0 0 0 0 0 0 0 0 0 1 0 2 0 0 4 0 1 0 0 1 0 0 0 0 0 1 2 1 0 0 0 0 3 0 0 1 0 0 0 0 0 1 0 0 0 0 0 3 0 0 0 0 0 0 0
3 2 12 13 6 22 5 5 3 10 2 12 2 1 3 1 0 0 2 0 16 3 0 1 10 2 41 4 1 18 4 5 5 1 12 3 14 6 12 16 2 6 1 13 15 6 2 1 1 1 9 19 1 25 3 25 6 19 25 25 2 9 0 12 45 6 19 2 0 0 0 8 11 5 1 0 6 11 9 4 8 8 0 0 24 7 8 5 12 4 4 0 5 2 2 0 3 0 9 10
1 0 0 1 0 0 0 0 0 1 0 0 0 2 0 1 0 0 3 2 1 0 1 0 6 0 1 0 1 0 0 0 0 0 0 0 0 0 3 0 0 0 0 0 0 2 0 1 0 0 0 0 0 0 1 1 0 0 0 0 1 0 0 2 2 0 1 0 0 1 10 0 0 2 0 1 1 0 0 0 0 0 0 1 0 1 1 0 0 1 0 1 0 0 0 0 0 0 4 0
6 0 2 1 4 0 6 1 4 6 0 1 4 13 7 3 4 14 3 0 7 2 1 11 0 1 0 1 4 1 10 4 0 5 0 0 0 0 1 7 6 1 0 0 0 3 2 0 8 2 1 1 0 0 0 4 4 4 0 0 7 0 0 0 0 2 5 1 2 1 0 0 6 6 2 0 7 5 2 6 2 2 1 4 2 10 2 4 8 1 0 3 10 1 8 0 2 2 0 1
3 4 0 9 2 0 0 16 0 4 0 0 0 2 0 13 3 6 4 1 1 0 14 0 4 0 4 5 3 1 10 11 3 0 0 3 8 0 28 2 11 0 1 1 8 7 1 2 0 6 11 12 6 1 3 2 8 1 2 25 10 5 0 6 3 5 1 1 3 2 2 2 0 1 1 0 0 1 0 0 3 0 10 3 1 7 13 3 3 7 6 8 0 0 2 0 0 3 0 0
0 0 0 1 0 0 0 0 0 0 0 0 0 1 0 0 0 1 0 2 1 0 0 0 4 0 0 0 0 0 0 1 0 0 0 1 1 1 0 2 1 1 0 0 1 1 0 1 0 0 0 2 1 0 0 0 0 1 0 1 0 0 0 0 0 0 0 0 0 1 3 0 1 0 0 0 0 1 0 0 0 0 1 0 2 0 1 0 0 0 0 0 0 0 0 1 0 3 3 0
0 0 0 0 2 1 0 0 0 0 0 0 0 0 0 1 0 1 0 0 0 0 0 0 0 4 0 0 0 2 1 0 4 13 0 0 0 0 0 0 1 0 3 0 1 0 0 0 0 0 0 0 0 3 1 0 0 0 0 0 2 2 0 0 0 0 0 0 0 0 0 2 0 0 0 0 1 0 8 0 1 7 0 0 0 0 1 0 0 0 2 0 2 0 0 0 2 0 0 2
3 2 15 6 6 6 4 6 5 15 5 4 16 0 7 2 2 7 4 1 0 3 5 2 0 2 5 0 5 1 13 14 8 1 2 4 2 1 6 8 2 0 3 0 11 3 11 4 12 2 13 6 1 11 2 2 5 7 4 3 4 0 13 9 3 2 4 3 0 12 0 0 3 0 0 4 7 2 13 5 1 6 2 2 1 0 12 4 8 0 0 4 13 0 0 5 13 4 2 0
8 6 14 29 16 8 12 29 3 15 27 5 6 18 1 1 3 9 4 1 4 1 5 13 9 1 4 8 3 11 3 7 22 10 13 2 7 2 6 2 2 4 2 2 2 9 2 20 3 12 4 3 32 2 0 2 0 20 4 4 12 4 1 2 8 6 2 7 3 8 11 4 2 7 7 1 1 1 6 5 2 16 3 7 9 4 0 3 2 7 6 10 6 18 10 6 22 10 5 15
0 1 0 0 1 0 2 0 1 0 1 0 0 0 0 0 0 1 0 4 1 0 0 0 0 0 0 0 0 0 0 0 2 2 0 0 0 0 0 0 0 0 0 2 0 0 0 0 0 1 1 0 1 7 0 0 0 1 1 0 0 0 0 0 0 0 0 0 0 0 1 0 15 0 0 0 0 4 9 0 1 20 1 0 0 0 0 0 0 0 0 0 1 1 2 0 0 0 1 0
1 2 0 0 0 0 4 0 2 1 1 0 0 0 0 0 0 0 0 1 0 0 0 0 0 1 0 0 0 0 2 0 1 0 0 0 0 0 0 1 6 0 0 0 0 0 1 1 0 0 1 0 0 1 3 0 0 0 0 0 0 0 0 1 0 1 0 0 0 0 2 0 0 0 0 1 1 0 0 1 0 0 0 2 1 0 1 1 1 1 0 0 0 2 0 0 0 1 1 0
1 1 0 0 0 1 0 0 2 0 0 0 0 3 1 0 3 0 1 0 0 0 1 9 0 1 2 0 1 0 1 1 1 0 0 0 1 1 0 0 0 0 0 0 0 0 0 0 0 5 0 0 4 1 0 0 0 0 0 0 2 2 1 0 4 0 1 0 0 4 2 0 2 2 0 0 1 0 0 1 1 0 0 0 1 2 1 0 0 1 0 0 0 0 0 1 1 1 1 0
5 0 7 3 6 6 4 0 1 3 36 2 4 2 7 1 3 23 4 8 7 0 5 2 0 22 1 7 0 1 1 3 7 4 6 5 2 6 8 4 14 4 4 5 2 2 4 6 1 5 4 2 5 24 1 2 7 1 1 3 1 3 9 2 1 23 0 6 3 8 1 4 12 1 0 2 2 2 0 0 0 3 10 8 2 17 1 1 7 1 2 1 6 3 8 1 2 1 0 5
0 0 1 0 0 1 0 0 2 0 0 0 1 1 3 1 0 0 0 0 2 1 0 1 1 0 1 0 0 1 0 0 3 3 0 0 0 1 0 0 0 2 1 1 0 0 4 0 0 2 1 0 0 4 1 0 0 0 0 0 0 0 1 0 0 0 1 0 0 1 1 0 9 1 1 0 1 0 0 0 0 4 0 0 1 1 1 2 0 1 0 0 6 0 0 0 0 0 0 0
2 0 0 1 0 0 2 0 1 0 0 2 0 0 1 0 1 0 0 0 0 0 0 2 0 0 2 1 0 0 5 0 2 0 0 0 0 4 1 0 4 0 1 0 0 0 1 0 0 0 0 0 1 0 0 0 0 0 1 0 0 1 1 0 0 0 0 0 0 0 1 0 0 1 1 2 0 0 0 0 0 0 1 0 1 0 2 0 0 0 0 0 3 0 0 0 0 1 3 0
0 0 0 0 0 0 3 0 3 0 0 1 1 0 0 0 0 2 0 5 0 0 0 3 1 0 4 0 0 0 1 0 0 0 0 0 0 0 0 0 0 0 0 0 0 0 0 0 0 0 0 1 0 0 0 0 0 0 0 0 0 0 0 0 1 2 2 0 1 1 1 0 1 0 0 2 0 1 1 0 1 0 0 0 1 0 2 1 0 0 0 1 0 0 0 0 0 1 0 0
1 0 8 11 9 1 0 1 7 1 12 4 0 1 0 3 8 4 3 2 0 0 4 0 4 0 4 0 3 9 1 3 1 0 0 0 1 15 11 0 6 16 1 0 1 1 10 2 0 1 8 4 0 34 5 1 2 1 1 12 0 10 1 9 2 0 6 1 4 2 13 1 0 13 0 1 0 2 1 0 0 9 23 2 4 0 6 2 2 4 1 3 3 1 12 3 15 2 3 3
0 1 0 2 1 1 0 0 0 0 0 1 0 0 0 6 9 3 0 0 0 1 0 2 0 1 2 0 0 0 0 1 0 0 2 0 2 0 0 1 0 1 1 0 0 0 0 1 0 0 0 1 0 0 0 0 1 1 1 0 0 0 2 0 0 0 3 0 0 0 4 0 1 0 0 1 0 0 1 0 0 0 0 1 0 2 0 0 0 1 0 0 0 0 0 0 0 5 1 0
0 2 3 0 1 0 1 0 6 5 3 0 0 8 4 0 10 0 1 1 0 14 0 22 0 16 5 6 4 2 5 1 4 10 1 1 0 0 0 0 6 4 7 4 0 0 1 8 3 2 9 27 2 21 0 2 9 3 2 4 6 4 0 7 3 5 5 3 0 5 5 1 1 3 15 1 0 0 4 0 1 0 0 2 1 2 1 0 4 1 0 5 15 0 0 1 2 17 2 0
3 9 1 12 8 11 4 13 14 0 0 0 1 9 21 4 8 0 2 14 5 0 21 6 4 9 8 4 2 24 2 0 13 12 23 20 1 4 4 9 2 0 0 1 4 0 8 6 11 10 2 12 8 10 1 4 1 6 5 28 3 1 7 1 16 1 4 18 3 0 0 0 5 7 0 9 5 3 6 2 10 5 2 20 5 3 7 9 7 5 0 2 3 4 0 17 10 14 14 1
2 5 5 3 15 29 18 1 2 2 2 33 0 14 3 12 9 4 3 4 10 6 30 0 32 5 2 12 2 18 1 4 7 0 9 0 0 8 11 24 0 5 5 1 8 0 26 1 2 3 6 4 11 11 2 11 5 4 10 0 1 4 13 21 19 17 0 15 8 17 3 0 5 8 5 3 0 1 1 11 0 3 0 1 0 5 0 0 0 6 11 20 2 2 0 1 1 8 2 3
1 0 0 1 0 1 0 3 0 0 0 0 0 1 2 0 0 0 0 1 0 6 0 0 0 1 19 0 0 0 1 0 0 1 1 0 1 1 1 0 0 0 0 0 0 0 0 0 1 0 1 4 1 1 0 0 1 0 1 0 0 0 2 1 0 1 2 0 0 0 0 0 0 0 0 0 0 1 0 0 0 0 0 0 0 0 0 0 0 1 0 0 0 0 1 0 0 0 1 0
