0 0 0 0 1 0 1 2 0 0 0 0 11 0 0 0 0 0 1 2 0 0 0 0 0 0 0 0 7 0 0 0 0 0 0 0 1 1 3 1 1 0 0 0 1 0 0 0 0 1 0 0 0 0 4 0 0 0 1 0 0 1 0 1 0 0 0 1 2 1 0 0 0 0 0 0 0 0 2 1 0 0 0 0 0 1 1 0 0 0 0 0 0 0 0 0 0 0 0 0
11 4 0 5 10 1 12 4 11 6 17 1 1 9 1 4 16 2 10 3 0 1 5 2 3 17 0 2 0 45 4 8 0 15 17 13 0 4 16 4 19 0 2 3 10 3 0 1 7 11 0 6 2 0 1 7 3 3 27 15 4 2 2 0 0 2 4 13 4 9 1 3 11 2 0 5 0 3 2 15 21 29 9 4 6 20 5 12 5 20 31 5 10 7 1 5 9 2 5 18
0 1 2 0 11 1 1 1 8 14 0 1 1 1 10 0 2 7 1 12 1 6 2 11 6 0 4 5 4 1 5 10 2 5 4 1 3 2 5 7 0 10 13 1 2 1 1 6 0 3 0 4 2 12 5 14 4 5 5 4 7 7 7 3 0 0 44 4 1 8 1 1 1 1 1 1 13 17 1 2 2 4 1 1 4 12 8 0 0 6 1 9 2 0 12 3 0 6 9 7
5 15 0 11 6 3 4 2 1 0 0 5 0 9 0 13 6 9 7 1 4 10 9 1 4 0 14 10 4 1 2 6 1 1 3 0 0 6 3 6 5 1 0 0 4 7 2 2 0 4 14 7 1 2 13 1 0 4 0 1 0 5 22 6 3 1 4 12 9 1 4 8 0 0 6 1 1 12 3 5 0 1 6 2 3 1 0 4 12 4 6 2 9 3 3 7 10 11 2 1
1 0 1 0 0 0 1 9 0 0 3 0 0 1 1 1 1 0 1 17 0 1 0 1 0 1 0 3 0 0 0 0 0 0 0 0 0 0 1 1 1 0 0 0 1 0 0 0 0 1 1 0 0 0 3 2 0 1 1 0 0 0 0 0 2 0 0 0 0 0 0 0 0 8 2 2 3 0 0 0 0 0 0 0 0 0 0 0 0 0 0 0 2 0 1 0 0 0 0 0
0 0 1 2 0 0 1 1 1 0 0 0 0 0 0 0 1 2 1 0 1 0 0 0 0 1 0 1 0 0 0 0 0 0 2 0 1 1 0 0 1 0 0 1 0 0 0 1 0 2 0 2 0 0 1 4 1 1 3 0 0 0 0 0 1 0 0 0 0 1 0 0 0 2 0 0 0 0 1 0 0 0 0 2 0 0 10 0 2 0 0 1 0 0 0 2 0 0 0 0
0 8 13 25 26 0 1 8 5 33 15 30 2 0 4 1 7 0 11 4 3 13 5 7 2 8 1 5 5 20 2 2 5 8 2 22 12 2 6 12 14 0 3 8 3 6 11 2 2 0 3 1 2 11 1 6 11 5 4 1 12 6 3 8 7 6 0 2 2 29 6 0 0 1 14 10 5 25 18 5 4 14 4 6 13 13 27 8 0 0 10 21 7 6 8 23 1 9 7 18
9 3 2 3 17 31 8 10 13 0 15 4 3 13 11 13 5 0 14 3 13 5 0 4 0 17 29 3 0 22 11 0 0 0 1 0 23 6 3 3 9 12 3 0 34 32 1 4 2 1 5 4 11 0 1 6 11 6 0 2 5 22 4 8 0 15 12 6 2 3 12 11 4 0 11 45 5 10 12 0 13 2 2 31 3 7 11 2 11 1 13 3 3 0 4 32 23 1 10 8
0 5 17 0 0 2 0 1 11 5 0 9 11 1 1 0 10 1 0 0 1 3 3 0 0 6 2 5 2 0 0 1 0 5 0 2 2 1 0 1 0 2 3 1 0 1 0 2 7 12 3 2 4 14 8 12 9 12 3 7 0 1 4 1 2 3 15 9 2 8 7 0 1 0 5 3 9 2 4 0 5 6 3 0 8 4 6 0 8 0 5 1 0 11 1 0 0 15 8 9
6 3 1 4 1 35 13 7 3 2 12 1 10 3 26 8 7 7 3 11 10 7 20 5 0 19 31 0 2 8 2 3 4 2 24 2 1 6 0 1 2 1 1 2 0 0 12 10 4 34 11 1 12 10 8 1 0 10 9 3 2 5 1 4 0 2 1 1 10 21 6 15 8 10 16 20 12 0 18 1 0 3 6 0 2 0 3 9 0 6 2 4 6 2 8 3 18 2 10 3
11 3 6 3 16 15 13 21 7 15 12 5 9 0 12 16 18 6 13 2 4 4 7 12 14 17 5 19 0 25 2 5 2 15 27 7 0 3 12 20 3 2 21 21 18 18 4 10 3 7 4 16 19 1 9 10 2 0 4 9 7 9 29 1 17 11 14 1 3 1 0 4 2 25 8 29 8 2 3 24 16 0 1 1 2 20 5 6 2 2 2 4 2 2 2 4 14 3 23 1
0 14 1 1 2 0 2 0 0 0 2 0 0 0 2 0 1 0 0 0 1 0 0 1 0 1 0 1 0 0 0 1 0 0 0 1 0 1 0 4 0 0 0 1 0 0 1 0 0 0 0 3 1 0 2 0 0 0 1 0 0 0 0 1 0 0 1 0 1 0 1 0 0 3 0 0 0 0 0 0 1 0 1 1 0 0 0 0 0 0 0 0 0 0 1 1 1 0 0 0
5 18 7 0 7 1 2 0 0 6 7 12 3 0 2 1 7 0 0 0 0 1 2 13 0 2 1 0 10 2 3 0 1 1 0 0 8 0 2 5 3 12 0 0 0 2 2 15 0 5 6 5 3 7 9 3 0 2 6 3 9 1 3 0 0 6 6 2 1 0 2 0 18 3 7 0 5 7 13 1 3 0 0 5 4 3 1 0 7 14 4 1 3 0 0 3 7 1 3 0
10 37 14 3 1 9 1 5 20 10 7 8 2 7 29 0 2 5 10 1 5 5 3 10 0 28 5 27 4 14 4 6 1 4 5 1 5 20 1 5 2 3 6 0 10 3 12 1 11 17 14 9 0 5 7 0 18 8 4 4 10 7 3 28 3 5 1 6 13 12 5 18 12 0 6 8 8 0 11 0 14 4 2 4 2 0 2 2 0 0 12 27 8 11 1 1 9 1 0 1
0 5 2 0 1 2 8 8 5 6 1 1 4 1 2 2 2 12 0 2 15 1 2 0 5 21 0 9 17 1 2 1 0 4 9 1 5 0 3 6 5 4 0 8 1 10 3 5 6 2 4 7 2 4 4 0 1 16 8 0 3 4 15 4 3 4 12 12 4 8 2 2 1 13 3 1 3 0 1 1 2 1 1 2 5 2 0 1 3 2 8 2 4 1 17 0 0 9 3 4
0 0 24 15 3 6 3 10 6 1 3 16 2 16 3 6 7 1 5 4 2 12 25 0 4 0 3 2 3 7 6 3 21 35 15 11 26 3 7 13 3 12 16 2 15 1 17 15 14 8 7 0 1 28 1 12 3 11 2 10 9 59 6 6 13 3 0 1 2 0 0 3 14 12 0 3 12 8 6 1 11 5 0 1 7 2 3 6 0 17 10 10 10 4 4 11 19 4 3 12
0 1 0 0 0 1 0 1 0 0 0 0 0 0 1 0 1 0 0 0 0 0 1 0 1 1 0 0 0 0 1 0 0 0 0 2 0 0 1 1 0 0 0 0 0 0 1 0 0 13 0 0 0 1 0 0 0 1 0 0 0 0 1 0 0 1 1 0 0 0 3 0 0 0 0 1 0 0 2 4 1 0 0 0 0 0 1 1 0 1 1 1 0 0 0 4 0 0 0 0
11 0 7 0 5 9 2 6 6 0 5 0 5 4 2 5 1 5 0 32 23 4 8 14 8 5 1 3 3 2 3 22 7 1 60 14 0 7 14 5 4 7 12 4 11 4 8 5 19 5 10 11 0 1 7 0 4 3 9 3 6 14 3 3 3 12 4 6 50 1 7 4 9 5 4 12 2 4 15 3 0 7 6 3 0 17 4 7 21 1 6 15 5 2 9 10 13 13 21 7
1 0 1 0 0 0 2 6 0 0 0 5 0 0 0 0 0 0 0 5 1 0 0 1 6 0 0 0 0 1 2 6 2 1 0 0 2 1 0 4 3 0 0 0 1 1 1 1 0 1 0 0 0 1 2 0 2 0 0 0 0 0 0 0 2 2 0 0 0 0 1 0 4 12 0 1 0 0 1 0 2 0 0 4 1 0 1 0 0 0 0 1 1 0 0 13 0 1 0 0
17 2 4 1 15 1 6 0 13 8 14 20 33 12 0 10 4 3 6 13 0 2 2 3 16 10 12 0 3 5 0 9 0 3 12 11 3 12 13 3 9 0 6 2 3 0 2 2 19 0 15 4 19 5 3 6 9 1 3 3 6 0 23 8 18 6 22 2 6 8 1 3 3 19 11 7 7 3 8 3 2 3 2 15 4 12 10 18 3 9 2 3 7 6 16 4 11 2 3 3
7 3 3 8 1 16 4 2 1 19 1 2 0 7 0 1 18 0 10 17 3 11 38 1 11 3 1 0 6 6 0 2 14 9 34 0 16 4 2 15 38 15 0 14 0 1 8 4 2 0 2 9 6 2 14 10 7 9 7 11 3 2 11 7 18 2 1 11 0 1 38 7 27 5 4 1 17 12 4 7 15 0 16 2 4 6 26 33 15 3 9 0 5 5 5 3 1 0 2 6
0 2 0 7 1 5 2 0 16 2 4 1 29 4 1 2 4 18 1 1 10 1 1 0 4 3 0 3 15 0 1 1 1 1 11 1 1 2 9 0 10 0 0 2 1 1 0 1 2 0 3 4 0 7 2 1 6 6 7 3 16 2 1 3 2 4 0 10 2 6 1 0 9 3 1 3 0 6 2 0 3 3 10 1 2 0 0 7 0 1 1 5 11 0 5 3 3 6 4 2
11 9 10 5 10 2 0 7 5 19 2 7 1 0 8 0 1 2 11 1 0 7 0 2 3 5 7 2 2 14 1 3 11 5 3 1 11 32 2 2 4 0 5 27 2 0 15 2 16 1 2 0 7 15 15 1 7 4 1 7 11 3 0 2 3 27 2 2 3 0 7 2 2 16 2 4 10 15 1 9 3 4 1 7 5 5 2 0 3 0 23 2 2 0 6 9 2 23 12 1
8 21 1 3 38 0 8 15 8 7 10 1 7 3 9 12 6 0 3 5 1 7 3 0 2 9 9 3 30 7 5 17 2 2 0 6 1 1 2 0 6 1 1 1 2 2 2 3 6 14 4 13 0 1 2 7 2 27 12 12 6 0 12 9 17 6 4 1 8 4 9 10 5 1 2 4 17 2 3 13 2 5 17 10 11 0 1 12 8 6 0 22 10 3 8 4 3 1 16 3
2 0 4 0 2 4 0 0 6 4 0 5 0 3 9 1 1 3 0 0 1 2 0 2 0 7 4 2 5 0 1 1 1 6 0 18 0 0 0 0 2 4 13 2 16 0 0 4 2 1 0 0 3 5 13 5 4 2 0 14 0 1 0 8 0 6 6 1 5 7 0 11 1 0 2 5 0 8 1 5 11 0 2 0 0 0 3 6 0 2 8 39 2 2 3 0 1 9 0 7
0 8 3 1 7 8 0 12 1 28 11 54 7 5 10 20 15 34 3 14 3 3 1 11 15 1 2 6 5 3 23 0 6 5 13 8 13 1 3 1 9 11 12 21 8 11 12 8 9 11 5 22 4 1 5 4 0 1 0 1 9 2 2 6 18 6 7 1 4 0 2 0 5 19 4 1 0 3 10 11 3 1 6 7 10 3 4 17 0 6 2 12 1 9 1 15 5 7 5 5
1 2 2 1 0 0 3 1 17 43 5 3 13 0 11 1 9 16 2 1 14 1 3 10 2 7 6 1 0 15 4 14 2 3 7 2 13 0 4 4 2 2 13 1 0 1 10 7 8 13 1 3 3 4 1 1 2 2 9 2 2 13 6 63 4 0 36 27 1 0 2 18 9 3 1 1 1 1 12 0 11 0 1 1 0 1 39 0 3 4 1 0 1 3 16 29 3 26 16 33
0 0 1 1 0 0 6 1 1 1 6 0 0 0 0 0 1 0 0 1 0 0 0 0 1 1 0 0 0 1 5 1 6 0 0 1 0 1 0 3 0 0 1 0 0 1 2 0 0 0 1 0 0 0 1 2 4 0 0 0 0 3 0 0 1 0 0 1 0 0 0 0 7 1 0 0 0 0 0 1 0 0 0 16 1 0 0 0 0 0 0 0 0 0 1 0 1 0 0 0
6 0 2 19 18 21 11 20 3 0 6 4 11 3 20 18 5 2 4 0 8 0 0 1 0 11 7 4 4 1 11 0 2 17 3 1 13 17 0 0 8 0 0 5 1 29 5 3 10 2 0 3 12 5 2 11 3 0 1 13 2 14 10 3 14 10 3 2 0 11 0 7 0 10 7 7 0 2 0 5 2 12 2 6 7 1 17 10 10 6 9 11 0 0 2 2 12 18 27 2
11 16 2 17 4 1 2 4 4 11 4 35 3 14 0 3 31 1 36 3 6 0 1 7 13 30 7 2 17 4 8 5 14 9 30 10 1 17 3 0 6 1 10 0 0 1 4 1 0 15 19 4 5 9 14 3 16 30 1 37 12 10 1 2 4 5 1 1 3 5 4 2 20 3 24 2 6 0 9 23 0 3 16 16 15 23 2 1 1 13 0 2 19 1 22 6 1 9 3 5
0 2 2 0 0 0 0 1 0 0 4 0 3 1 0 0 0 0 0 4 0 1 0 0 2 0 0 0 0 3 0 0 2 1 10 0 3 0 0 2 0 0 0 0 0 1 0 0 0 0 0 0 0 0 0 0 0 0 0 0 0 0 0 0 4 0 0 0 1 1 2 0 1 5 0 0 0 1 0 1 0 0 0 0 0 2 1 0 0 0 0 0 0 1 0 3 1 0 0 3
6 5 9 11 4 7 22 5 6 15 7 0 10 11 0 2 7 3 0 1 0 4 3 8 13 4 9 1 4 3 13 4 13 0 1 2 6 9 12 1 14 3 5 1 16 5 20 18 2 5 10 6 7 3 8 2 23 10 3 2 7 2 3 4 11 38 6 2 6 19 5 5 0 0 9 6 8 14 5 2 0 6 10 1 2 0 5 6 7 4 18 13 0 0 8 0 13 39 11 13
0 4 15 1 3 0 1 2 2 1 1 0 3 1 0 11 3 2 3 9 2 1 1 7 0 0 5 9 2 14 2 0 1 2 1 3 16 7 1 5 10 11 3 2 10 2 10 7 1 4 1 3 28 1 0 3 10 5 0 12 5 1 5 2 0 6 6 11 7 13 10 1 0 0 2 2 1 3 1 3 3 11 4 10 3 4 6 2 0 6 0 8 10 0 10 9 7 6 9 1
0 0 0 0 0 0 0 11 0 0 1 0 0 1 0 0 0 0 0 0 0 0 0 0 4 0 0 3 0 1 0 3 2 0 0 2 3 1 0 1 9 0 0 0 0 0 0 1 0 0 1 4 0 0 0 0 1 0 0 0 1 0 0 0 3 0 0 0 1 1 1 0 18 10 1 1 3 0 0 0 0 3 1 1 0 2 0 0 1 0 0 0 0 0 2 1 1 0 0 1
0 0 0 1 0 0 0 0 2 1 0 2 1 0 0 0 0 2 0 0 0 1 0 8 0 0 0 0 0 1 0 0 0 0 0 1 0 0 3 0 0 0 0 0 0 0 0 0 0 7 0 0 1 1 0 0 0 0 0 0 1 0 0 0 0 0 0 0 0 0 0 0 0 0 0 0 1 4 0 1 0 1 0 0 1 4 0 0 7 0 0 0 0 0 0 1 0 0 0 0
5 1 4 4 11 1 0 1 0 2 3 8 2 2 17 0 15 0 2 3 0 1 0 0 6 0 0 0 0 0 21 4 1 1 4 6 5 0 1 2 0 3 0 8 3 9 0 3 6 0 1 2 1 0 5 6 0 2 0 2 5 1 6 1 5 0 3 2 0 0 0 2 0 5 1 0 12 1 2 0 2 1 4 0 4 3 1 1 4 2 5 8 12 10 6 6 2 8 14 3
7 13 2 3 18 2 9 3 0 0 4 1 0 1 2 3 2 0 0 0 1 2 8 6 0 0 1 0 8 0 9 6 1 21 1 1 0 0 0 4 6 8 4 0 2 0 5 2 5 2 1 1 5 3 1 1 3 6 1 3 0 0 3 0 11 4 9 3 0 2 1 0 15 2 0 0 6 6 0 1 0 0 2 0 12 1 12 4 5 6 2 16 7 0 0 0 1 2 6 0
0 0 0 2 0 4 13 0 1 0 2 1 0 0 0 0 0 0 0 4 0 0 0 0 3 0 2 2 0 0 3 13 0 0 5 0 1 1 0 5 1 0 1 0 1 5 4 0 1 0 1 1 0 0 0 0 0 0 0 0 0 0 1 0 3 1 0 0 0 0 0 0 10 1 0 1 0 0 2 0 0 0 0 2 0 1 0 0 0 1 3 1 0 0 0 0 0 0 0 0
12 3 48 23 4 0 12 2 0 7 8 21 10 10 9 0 1 4 10 0 17 10 0 8 4 18 38 4 1 30 6 1 4 2 14 1 5 7 0 0 0 12 11 8 0 0 21 1 1 3 13 9 11 5 10 12 3 9 0 14 9 0 0 24 20 3 6 1 12 5 10 5 1 12 10 7 3 7 4 1 11 6 16 1 4 1 5 7 3 7 5 18 18 0 17 5 20 3 35 0
0 0 0 16 0 1 0 1 0 14 1 3 0 1 1 0 0 0 0 3 0 1 0 0 1 0 0 0 0 1 0 0 0 2 0 0 0 0 0 0 0 0 1 3 0 0 2 0 0 0 0 0 0 0 0 0 0 0 0 0 0 0 0 4 0 0 0 0 0 0 0 0 0 1 0 0 1 0 0 0 0 1 0 0 0 1 1 1 0 1 0 0 0 0 1 1 1 0 0 0
0 0 2 0 0 0 0 0 1 0 0 0 0 0 0 0 0 0 0 0 2 0 0 4 2 1 0 0 0 0 0 0 0 0 1 2 0 0 0 2 0 0 0 0 0 2 0 0 0 0 0 0 0 0 0 2 1 0 0 1 1 0 2 0 1 1 0 0 1 2 0 1 0 0 0 0 0 0 0 0 0 0 2 3 0 0 1 0 6 0 0 1 0 1 0 1 0 1 0 1
0 2 1 0 1 0 1 1 1 0 1 0 7 0 0 1 0 4 0 0 1 0 1 0 0 0 0 1 14 0 0 0 0 3 1 1 0 2 0 2 0 0 0 0 0 1 1 0 1 1 0 0 2 0 0 1 0 1 0 1 1 0 0 0 2 0 0 0 0 0 0 0 1 1 1 1 4 0 3 0 0 1 0 0 1 0 1 0 2 0 0 2 0 0 1 0 0 0 0 0
3 0 1 3 0 0 0 0 0 2 1 2 10 7 0 2 3 2 5 4 0 3 1 8 0 10 14 1 19 2 3 6 1 13 3 0 3 0 1 0 3 2 2 0 0 5 4 0 5 1 6 1 6 2 2 1 1 0 0 1 13 8 3 0 0 1 6 0 5 0 5 0 8 1 1 1 2 8 7 2 1 16 1 13 4 1 1 4 5 0 0 13 13 22 5 40 0 2 1 0
0 0 0 2 0 0 0 1 1 5 0 0 0 0 0 0 1 1 0 1 1 0 0 0 0 0 1 0 2 0 0 0 0 8 0 2 0 1 1 0 0 0 0 1 1 0 0 0 0 2 0 0 0 0 0 0 0 1 0 1 1 0 0 0 0 0 2 2 0 0 0 0 0 0 0 0 0 0 1 0 1 0 0 0 0 0 0 0 0 0 1 0 0 1 0 2 1 0 1 0
8 16 1 5 1 6 5 6 6 6 12 7 4 2 1 2 4 9 7 2 12 2 0 3 11 22 30 9 3 2 3 4 0 9 30 6 5 11 23 1 10 7 0 14 8 3 1 5 0 13 6 12 5 15 12 2 8 2 20 10 0 0 4 4 4 16 10 6 4 0 13 15 1 2 3 22 21 1 30 1 3 12 1 6 35 16 0 7 0 3 17 1 0 67 0 16 0 12 0 11
3 3 6 0 2 0 2 6 10 8 0 5 2 0 1 0 4 8 2 2 0 10 1 11 0 1 1 0 1 0 3 2 7 14 2 3 7 1 0 2 2 0 0 0 0 3 4 0 4 8 5 0 8 3 2 12 5 2 17 1 0 4 20 1 0 9 4 8 5 11 9 3 0 4 4 9 2 3 6 0 0 3 1 2 0 1 3 10 6 0 5 0 4 0 18 1 1 1 5 0
2 0 0 5 15 1 3 2 0 2 4 3 3 17 2 3 7 0 0 5 0 12 4 6 3 3 1 0 2 2 11 1 1 11 1 1 2 1 6 16 1 0 1 0 4 0 6 0 3 0 2 4 1 0 0 1 2 2 7 6 8 0 2 0 3 1 11 2 14 2 4 1 1 3 2 0 3 7 11 0 4 5 7 0 4 1 6 2 8 6 0 3 6 13 10 5 6 12 12 1
1 0 4 3 2 0 3 8 4 0 16 1 6 5 0 7 1 8 29 2 1 4 4 4 0 5 2 0 3 2 0 6 0 4 18 0 2 3 6 2 0 0 2 4 1 7 1 8 4 13 1 21 0 13 0 3 7 5 5 5 1 1 1 14 0 1 0 5 5 2 1 5 3 1 1 0 5 10 4 4 2 2 1 0 0 0 1 4 0 1 3 0 0 4 7 0 0 0 5 2
16 1 2 4 0 13 4 6 0 1 4 8 15 4 2 14 3 3 4 3 24 5 12 1 11 1 1 1 13 3 10 11 0 30 29 2 3 3 1 8 7 4 7 0 0 7 2 10 0 2 10 10 1 11 14 1 6 4 3 1 7 4 0 16 8 5 3 37 18 1 0 0 17 0 2 3 16 3 6 1 7 8 0 8 2 7 0 4 1 21 1 10 0 0 11 2 7 0 0 3
0 0 3 6 4 4 3 0 0 1 0 0 6 0 3 1 1 0 1 9 14 3 1 13 2 2 5 3 7 2 2 10 4 11 14 3 4 2 5 3 1 9 2 8 1 10 2 1 2 0 0 1 0 4 2 2 0 6 5 11 11 8 16 9 0 6 1 0 3 6 1 6 2 21 12 0 8 0 3 4 3 1 6 0 4 13 0 1 2 4 4 7 15 0 7 5 8 6 0 3
