27 31 15 8 0 4 2 2 2 2 14 16 8 10 0 14 3 6 13 0 39 6 0 1 2 6 0 4 4 14 1 3 5 0 1 20 2 5 11 2 1 1 3 2 10 0 9 3 0 5 24 0 0 10 1 52 8 0 9 6 6 4 2 1 3 6 1 0 1 1 0 0 4 0 1 3 4 22 1 7 2 19 23 1 8 15 2 4 1 3 5 4 6 0 0 5 1 1 27 4
3 4 14 0 0 8 0 4 0 5 3 3 2 2 0 0 10 3 4 5 3 2 0 4 1 7 1 1 0 4 1 0 22 0 1 8 3 4 0 0 0 0 1 6 7 3 3 1 0 7 0 0 0 5 8 0 2 5 0 2 4 7 24 0 3 0 1 0 15 10 0 1 2 1 1 0 0 0 0 8 0 2 13 1 2 5 4 1 0 1 9 2 4 0 1 9 0 0 8 6
0 2 0 0 0 2 0 0 0 6 2 0 0 0 0 0 0 0 2 0 0 0 2 0 0 0 2 0 0 0 0 0 0 0 0 0 0 0 8 0 0 1 1 0 0 0 1 0 1 3 0 0 1 0 1 0 0 0 1 1 0 1 0 0 0 0 0 1 1 0 0 0 0 0 0 0 0 0 2 0 0 0 0 0 1 0 0 0 0 0 2 0 0 1 0 0 0 0 1 0
4 10 1 17 0 1 0 15 3 6 4 1 0 7 2 0 1 0 0 14 15 4 1 3 5 5 0 5 2 0 11 3 5 1 0 9 1 3 4 0 12 1 6 0 2 20 2 13 2 0 14 17 0 16 0 4 2 0 1 1 2 4 0 4 24 16 0 4 3 2 10 4 4 3 2 14 2 8 4 3 19 9 22 5 1 9 3 13 11 2 5 2 22 10 3 12 22 7 3 5
0 1 0 2 2 1 0 1 0 0 0 1 0 0 1 0 0 0 0 0 0 2 0 0 0 2 2 0 0 0 0 0 0 0 1 0 1 0 0 1 0 0 0 0 0 0 0 0 0 0 0 0 0 0 0 0 1 1 0 5 0 1 1 0 0 1 0 1 0 1 1 1 0 0 1 0 1 1 0 0 0 0 0 0 0 0 0 0 2 0 0 0 0 1 1 0 0 0 0 0
0 0 0 0 0 0 0 0 0 1 1 0 0 0 0 0 1 0 0 0 1 0 0 0 0 0 0 1 0 0 0 0 1 1 0 0 0 0 0 0 0 1 0 1 0 0 0 1 0 0 1 0 0 1 0 0 2 1 0 0 0 0 2 0 0 0 0 2 1 1 0 0 0 0 0 1 0 1 0 0 0 0 11 0 0 0 2 0 0 2 0 0 0 0 0 1 0 0 0 0
9 4 0 3 3 8 1 3 14 1 18 8 3 0 3 2 10 23 11 4 6 6 0 10 0 3 32 19 15 4 2 4 1 3 8 2 1 0 16 4 4 0 0 15 17 4 6 3 2 5 11 4 14 5 30 5 45 21 33 4 0 6 1 17 8 10 0 11 0 0 1 1 23 23 7 0 0 0 3 19 26 5 14 1 3 17 4 37 30 16 1 4 3 2 26 0 12 7 0 0
9 5 10 2 1 5 2 10 19 0 3 18 0 4 7 22 11 1 12 3 2 2 6 0 13 4 6 6 1 17 9 14 1 5 0 5 5 7 7 12 1 1 2 2 5 1 14 1 0 16 15 7 8 1 1 1 0 28 8 1 3 26 2 1 9 2 0 8 2 0 3 3 3 7 12 5 1 0 4 0 0 5 3 14 10 12 12 1 13 0 8 9 25 0 22 23 3 2 0 3
1 0 1 1 0 0 0 2 0 10 0 0 0 0 0 0 0 0 1 0 1 0 0 0 0 0 1 0 1 3 0 0 1 0 0 0 0 6 0 0 1 0 0 0 0 0 1 1 0 1 0 0 1 0 0 0 0 0 0 0 0 0 0 0 0 0 1 0 0 1 0 0 0 0 0 0 0 0 0 0 0 0 0 0 3 0 0 0 0 1 0 0 0 0 0 0 0 0 0 0
0 0 2 0 0 0 0 0 0 0 0 0 0 0 0 0 2 0 2 1 0 0 1 0 0 0 0 1 0 0 0 0 5 1 0 1 0 0 0 0 0 0 2 0 0 1 0 1 0 0 2 0 0 0 0 0 0 0 0 0 0 1 11 0 0 0 0 0 1 0 1 0 0 0 0 0 0 0 0 2 1 0 1 0 1 0 1 0 0 0 0 0 0 1 0 0 0 3 3 0
0 0 0 0 0 1 0 0 0 0 0 1 1 0 0 0 1 1 0 0 1 2 0 0 6 1 1 0 0 0 1 11 1 0 3 0 0 0 0 1 0 0 1 0 0 0 0 0 1 0 0 0 0 0 0 0 0 1 1 0 0 0 0 0 0 0 0 0 0 0 0 0 0 1 0 0 0 0 1 0 0 0 0 0 1 0 1 0 1 1 0 0 2 1 2 0 0 0 0 1
2 2 0 32 15 26 2 1 30 0 1 2 1 5 0 10 8 17 12 9 1 4 5 39 3 11 31 12 0 8 6 8 10 0 0 11 19 0 2 1 8 1 7 25 20 19 3 3 11 2 6 7 7 1 4 4 1 4 5 3 2 2 4 0 7 8 10 0 2 20 16 5 2 6 8 2 3 0 2 12 4 3 5 1 2 9 19 3 1 5 3 10 15 6 6 5 3 7 8 1
1 15 47 2 3 0 1 9 1 8 3 6 14 4 6 2 2 4 14 0 4 0 1 29 5 9 9 7 5 3 14 36 22 1 6 1 0 12 2 1 6 21 10 11 3 5 14 2 3 20 3 2 6 6 1 19 4 3 16 1 11 13 6 4 16 11 9 4 9 3 4 15 0 10 30 27 1 9 1 14 21 4 3 11 15 19 12 9 1 7 7 2 0 24 8 3 4 0 0 5
0 0 0 1 4 1 3 0 1 1 2 0 0 14 0 1 1 5 0 1 0 0 0 1 0 0 0 0 0 0 0 0 0 0 0 1 0 0 0 0 0 0 1 0 0 1 0 0 0 0 0 0 1 1 0 2 0 1 0 0 0 0 0 0 6 0 0 0 0 0 3 0 0 0 1 2 0 4 1 0 2 0 4 0 0 0 0 0 0 1 0 0 0 0 0 0 1 0 0 0
7 10 16 2 5 0 0 8 11 1 0 1 1 1 24 13 6 22 22 6 0 29 5 5 3 9 3 1 3 0 0 4 8 1 5 2 12 22 2 4 14 4 11 3 11 1 1 0 23 14 7 1 8 2 4 2 9 2 2 18 0 0 2 7 5 20 5 13 5 26 15 0 2 11 0 3 7 1 0 8 2 10 3 11 3 5 18 23 1 10 6 25 0 1 6 0 19 7 20 28
2 1 6 17 2 9 2 0 0 3 1 1 9 3 3 2 5 1 1 4 4 4 0 2 2 8 3 0 2 4 7 11 26 8 5 6 1 5 10 1 3 11 1 13 0 2 2 2 2 0 0 0 9 0 0 4 4 5 0 5 2 15 5 2 4 0 0 0 5 13 0 1 0 2 3 1 13 15 1 0 7 0 0 1 5 3 1 7 8 7 2 1 1 7 0 3 5 4 1 9
4 0 7 2 5 10 14 3 11 16 1 4 1 4 4 1 0 3 3 2 0 3 7 2 9 7 0 4 0 0 0 4 10 7 2 0 0 9 3 0 1 5 12 0 1 0 3 9 5 0 3 6 1 7 0 1 6 0 3 1 0 0 2 2 1 24 2 4 4 1 1 1 0 4 4 1 5 0 0 2 5 1 1 5 2 0 10 0 10 2 1 8 2 0 16 1 2 1 1 5
0 3 0 1 0 0 0 0 0 0 0 0 1 0 0 0 1 0 0 0 0 1 0 0 0 2 1 0 12 0 0 0 0 0 0 0 0 0 0 1 0 1 0 0 0 2 0 0 0 0 5 0 2 0 0 0 0 0 0 0 0 0 0 0 0 2 0 0 0 2 0 0 0 0 0 1 0 0 0 0 2 0 0 0 0 0 0 0 0 0 0 0 0 0 0 0 0 1 1 0
12 9 14 3 1 2 8 4 4 16 4 0 3 1 2 1 2 2 4 8 7 0 0 2 5 1 3 4 6 3 4 5 5 0 0 9 5 1 0 9 5 14 2 1 0 0 1 2 0 2 9 2 12 17 9 1 5 1 1 2 2 2 0 0 1 2 7 2 5 2 0 3 7 0 0 6 0 8 2 0 5 6 0 1 3 11 1 3 1 3 13 0 5 7 5 9 2 2 1 3
0 12 6 5 0 6 8 0 15 11 0 13 1 0 8 1 4 0 8 3 3 0 1 7 2 7 9 2 19 1 15 6 0 6 0 1 13 1 15 0 17 0 9 2 2 8 6 4 4 7 0 0 1 5 7 0 0 30 1 3 0 7 0 4 4 0 0 12 0 9 5 4 3 0 1 8 1 1 0 0 1 15 0 6 0 5 1 5 3 0 9 0 5 6 7 9 0 7 7 3
0 1 0 0 1 2 0 0 2 0 0 0 0 2 0 0 0 1 0 0 1 0 0 0 0 0 0 1 0 0 0 0 0 0 0 0 0 1 1 0 0 2 1 1 0 0 0 0 1 0 0 3 0 2 0 1 0 0 1 7 1 0 0 0 0 0 0 0 0 0 0 0 0 3 0 0 1 0 0 0 0 1 0 1 0 1 0 0 0 1 0 0 0 1 0 1 0 1 0 0
6 2 2 1 1 6 0 1 1 5 2 8 0 0 7 7 12 0 0 6 6 7 2 1 5 3 5 0 8 13 2 10 3 6 0 13 8 1 0 20 0 3 4 10 4 3 0 1 1 0 26 12 4 23 10 15 11 0 0 27 3 8 0 7 2 6 2 2 10 0 1 0 0 0 4 0 2 1 14 0 1 1 1 0 4 7 1 5 3 2 3 1 4 6 0 4 0 4 0 0
9 1 0 3 17 1 11 2 3 12 6 8 4 12 5 3 7 1 0 3 5 3 4 0 0 4 0 13 1 8 9 28 1 11 2 15 6 1 0 5 6 5 2 10 2 8 23 1 13 5 6 1 16 0 0 6 3 6 5 13 5 3 1 23 16 9 7 2 3 4 1 1 8 0 22 1 1 3 5 19 5 2 5 0 8 0 14 3 8 8 0 12 15 9 23 6 2 0 1 10
0 0 0 0 0 0 0 0 0 0 0 2 0 0 0 1 0 1 1 2 0 0 0 2 0 0 0 1 1 2 0 0 0 2 0 0 0 0 0 0 0 0 0 0 1 0 3 1 3 1 0 0 0 3 1 0 0 0 0 0 0 1 0 1 1 0 0 0 1 0 1 0 0 0 0 1 0 0 0 0 1 1 0 1 0 0 0 0 0 0 0 0 0 0 1 1 0 0 0 1
0 0 2 4 2 0 2 1 1 0 0 1 2 4 10 13 4 4 3 1 2 4 2 5 6 0 2 3 1 1 4 1 1 2 3 0 14 1 2 4 5 13 4 2 4 1 7 0 0 1 3 2 1 1 2 1 14 2 15 2 7 7 3 2 2 1 4 4 3 1 0 0 0 1 4 2 0 4 1 5 0 9 0 23 1 8 4 1 0 2 9 2 0 3 2 2 0 6 8 0
0 0 0 0 2 2 2 1 0 1 0 0 1 0 1 0 0 1 1 0 1 0 1 1 0 0 0 0 0 0 0 1 0 0 0 1 0 0 0 0 0 0 1 0 9 0 0 0 0 2 0 0 0 0 0 0 0 0 0 0 0 1 0 0 1 0 1 0 1 0 0 2 1 0 0 0 0 0 1 0 0 0 0 2 0 1 0 0 0 0 0 0 0 0 0 0 0 2 2 0
0 14 4 18 7 3 11 12 15 3 35 2 8 0 3 17 4 0 1 23 2 14 7 2 3 6 0 8 0 6 13 1 7 11 5 12 5 0 12 13 11 5 4 0 3 0 1 2 1 6 6 4 0 19 25 20 14 13 27 0 0 9 2 7 31 1 0 13 18 14 17 1 2 15 4 23 35 15 4 6 5 2 1 2 12 16 8 1 3 9 2 19 0 9 0 11 4 1 2 2
0 2 0 0 1 0 0 0 0 0 3 0 1 0 0 0 0 0 1 0 0 0 0 1 0 1 0 1 0 0 0 2 0 0 1 0 0 2 0 0 2 1 0 0 0 1 1 1 0 0 1 2 0 1 0 0 0 0 1 0 2 0 0 1 0 1 0 0 1 1 0 0 0 0 1 0 0 0 1 0 1 0 0 0 0 0 0 0 0 0 0 0 0 1 0 1 0 2 0 1
0 0 0 0 0 0 0 0 0 0 0 0 0 1 0 2 0 2 1 0 5 0 0 1 2 0 0 1 0 0 0 3 0 0 0 0 0 1 0 0 1 0 0 0 0 0 0 1 0 0 0 0 6 0 1 0 1 1 0 1 0 0 0 1 0 0 0 0 1 0 0 0 0 1 0 0 0 1 0 0 0 0 2 0 0 0 0 0 0 0 0 0 1 0 3 0 1 0 0 0
5 5 5 42 10 3 13 10 1 4 3 9 5 4 23 12 8 11 1 1 12 10 6 1 12 3 5 5 6 0 6 31 1 17 2 33 5 1 4 20 22 1 12 4 23 6 4 0 6 1 33 2 22 8 0 0 0 2 2 29 3 1 2 3 6 5 2 7 12 2 19 6 8 21 0 23 11 25 0 4 2 10 0 5 7 0 1 3 15 2 6 0 9 6 19 7 10 25 13 5
0 6 13 0 4 0 1 2 0 6 10 4 0 1 0 2 0 0 3 5 1 0 1 14 5 0 0 0 0 19 3 2 0 7 0 4 7 0 0 8 1 2 6 2 7 0 3 8 2 0 3 0 3 1 7 2 3 0 2 0 6 1 0 7 2 0 5 10 9 0 4 0 2 6 5 5 6 8 0 2 1 0 2 4 1 0 1 0 2 3 3 3 4 1 5 0 3 13 3 2
3 0 5 3 4 5 2 2 3 6 12 0 7 0 5 0 22 0 1 4 0 15 1 2 8 0 11 0 1 14 4 1 15 1 4 7 6 19 3 1 10 4 3 0 0 38 4 3 32 3 12 6 4 0 8 0 0 3 21 20 0 6 9 3 11 40 9 6 1 13 3 2 4 0 12 0 16 5 1 1 19 1 2 1 7 4 1 2 6 1 26 11 7 24 3 3 10 2 0 34
0 0 0 0 3 0 1 10 0 1 0 0 1 0 4 1 1 2 0 0 0 1 0 1 0 0 0 0 0 0 0 0 1 0 0 0 0 0 0 0 0 0 0 0 0 0 1 1 3 0 0 0 2 0 0 0 0 0 0 0 0 1 0 0 1 0 0 0 1 1 0 0 0 2 0 0 0 0 1 0 1 1 1 0 0 0 0 0 0 0 0 0 0 2 0 0 0 0 1 0
2 1 0 2 8 2 2 0 1 6 1 4 1 13 0 0 2 0 2 0 0 1 2 14 13 0 5 5 0 1 4 1 0 0 1 3 2 0 4 0 3 2 5 2 1 0 2 2 6 0 3 5 9 3 7 3 2 8 8 10 2 1 10 0 0 0 4 2 11 1 1 4 4 3 8 18 12 12 7 3 0 4 16 4 1 3 2 5 1 7 2 3 6 11 0 4 0 5 10 4
0 0 0 0 0 10 1 0 1 0 0 0 0 1 1 1 0 0 0 0 0 1 2 0 0 0 1 0 2 1 2 0 0 1 0 3 0 0 0 2 0 0 0 0 2 1 0 0 1 0 0 2 0 0 0 0 0 0 0 11 4 0 0 0 0 1 0 2 1 0 0 0 0 0 0 2 1 0 2 2 1 0 0 0 0 0 2 0 2 0 1 0 1 1 0 1 0 0 0 0
22 8 12 9 7 6 6 6 14 11 9 9 1 0 0 20 4 3 0 17 31 6 4 27 0 4 15 6 6 4 0 2 3 0 6 17 3 12 16 16 0 3 3 23 0 11 3 1 23 7 1 6 1 2 2 10 7 11 6 1 3 1 0 16 1 5 2 5 12 39 1 19 0 5 4 18 4 11 24 6 0 7 1 0 2 1 20 0 13 11 17 2 4 21 13 9 2 15 13 10
2 7 1 2 13 22 24 15 16 3 11 4 3 15 8 5 12 0 12 9 2 5 3 24 1 0 1 23 10 0 3 19 20 4 10 3 5 1 9 6 12 18 11 5 2 4 6 1 0 2 19 2 2 15 13 17 4 6 10 1 0 4 4 7 2 10 2 4 21 0 1 23 0 3 22 21 16 5 18 4 13 5 14 22 5 2 1 7 42 11 2 17 12 0 2 62 23 0 1 6
5 0 0 0 0 0 1 0 2 0 0 0 0 0 1 1 1 0 0 0 0 0 0 0 0 0 3 0 1 0 1 0 0 0 0 0 0 0 2 1 0 1 0 0 2 1 2 0 1 2 0 1 3 1 2 0 0 0 0 1 0 0 0 0 1 1 0 1 0 1 0 0 0 2 0 4 2 0 1 1 0 1 0 1 0 1 0 0 0 0 1 0 0 0 0 0 1 1 0 0
0 0 1 0 0 1 1 0 2 0 0 1 0 0 0 0 0 0 0 1 0 0 0 1 0 0 1 0 1 0 0 0 0 3 0 0 0 0 0 0 9 0 0 0 1 0 0 0 1 0 0 0 0 0 1 0 0 0 0 0 0 0 4 0 1 0 0 0 0 0 0 1 0 0 0 0 3 0 0 0 0 0 1 0 2 3 0 0 0 0 0 0 1 0 0 1 0 0 0 0
4 9 5 16 0 1 3 7 2 1 13 2 4 0 10 4 0 0 0 9 10 1 3 4 0 0 4 1 1 9 0 0 9 6 3 6 5 0 14 2 0 0 5 1 9 3 2 3 2 6 1 1 5 2 1 0 0 2 2 10 6 4 3 0 1 1 7 1 4 0 10 11 7 3 2 0 8 1 1 5 1 24 1 1 3 0 0 0 4 0 4 1 0 4 7 2 2 7 0 7
1 5 12 4 0 2 3 1 0 3 5 7 1 0 2 1 3 17 2 0 2 2 0 4 3 14 0 0 10 16 2 3 1 4 4 2 6 16 2 2 2 14 15 5 9 7 0 2 10 17 0 11 1 7 3 6 3 2 2 0 5 0 1 5 1 10 1 0 0 6 1 2 1 5 1 3 0 7 0 1 0 1 3 16 2 5 5 2 0 4 5 0 3 0 3 0 15 8 4 2
4 5 4 0 8 0 5 1 8 4 4 1 23 1 0 11 3 1 14 1 0 4 2 4 2 4 8 2 3 0 2 0 5 5 2 5 5 5 1 0 4 1 1 5 0 3 7 3 2 3 1 6 0 2 1 16 3 0 4 1 8 7 19 6 1 0 4 7 9 1 1 1 4 0 2 5 0 9 0 9 2 3 3 15 0 0 2 3 10 3 21 5 4 2 1 1 15 2 2 0
3 1 1 0 10 8 2 7 3 8 1 13 0 6 2 4 10 3 28 9 10 3 3 15 12 11 1 3 9 40 0 7 7 9 3 7 1 6 5 4 10 12 6 5 20 2 3 0 5 0 8 9 2 4 4 3 0 18 0 4 6 0 5 6 8 7 6 10 9 7 31 8 15 25 22 4 0 20 13 13 17 8 9 3 12 26 3 17 9 7 5 27 6 13 1 5 7 2 1 1
1 0 0 1 0 0 0 0 0 0 0 0 0 0 0 0 0 0 0 3 0 0 1 0 1 0 2 0 4 0 4 0 0 1 2 0 1 0 0 0 6 0 0 0 1 0 0 2 0 1 0 0 2 0 0 0 0 0 0 0 0 1 1 0 1 0 1 0 1 0 0 1 0 0 0 0 1 0 0 0 1 0 1 0 0 1 1 0 0 0 0 0 0 2 0 0 0 0 0 0
0 0 0 1 0 0 0 15 0 0 1 0 0 0 0 1 1 0 0 0 1 1 1 0 1 0 0 1 0 2 0 2 1 0 0 1 2 0 5 0 0 0 0 3 0 0 1 0 0 0 1 0 0 0 0 0 1 1 1 0 1 0 2 0 1 2 0 0 0 0 0 0 2 0 0 0 4 0 1 0 1 1 5 0 0 0 3 0 0 1 0 0 0 0 1 2 0 0 1 0
0 3 0 0 0 0 0 0 0 4 0 2 1 0 2 0 0 0 2 1 5 2 0 0 0 0 0 0 0 0 1 0 0 0 0 0 1 1 0 0 2 0 1 0 0 0 0 0 0 0 1 1 0 0 0 1 2 1 0 2 2 1 0 0 0 0 1 0 0 0 0 0 0 0 0 1 1 0 0 0 0 0 0 0 10 1 0 4 0 0 0 0 0 0 2 3 0 0 0 1
35 8 9 3 5 1 6 0 2 13 0 0 4 5 5 1 1 8 1 16 13 2 0 6 3 5 4 0 9 27 1 3 4 16 2 3 15 22 2 5 3 26 1 2 22 6 2 1 2 0 2 7 7 12 6 3 20 1 4 4 2 0 0 14 4 2 22 1 5 22 19 3 6 2 15 2 4 5 2 9 11 1 1 0 9 1 9 38 5 21 11 4 4 4 0 25 1 1 7 2
1 3 4 1 2 0 6 5 24 6 1 9 16 0 0 1 1 2 0 2 2 9 3 4 9 7 0 4 5 7 0 2 6 0 6 8 5 4 0 0 4 3 1 2 0 1 2 0 7 2 0 2 2 4 8 0 0 2 7 0 7 12 1 12 0 3 7 8 3 4 1 7 5 5 3 0 3 0 1 2 4 8 2 1 2 1 2 0 0 2 11 3 7 2 8 1 0 3 11 24
1 1 1 0 0 1 0 0 0 0 0 0 0 0 0 5 2 0 3 1 0 2 0 0 1 0 0 0 3 0 2 0 0 1 0 0 0 0 0 1 0 0 0 0 1 0 0 0 0 0 0 0 1 0 0 0 2 0 0 0 0 0 0 0 0 0 1 1 0 0 0 0 0 1 0 0 0 1 0 0 0 0 0 0 2 0 0 0 0 0 0 0 0 0 1 0 0 0 0 3
7 5 9 3 7 23 2 8 13 10 15 0 0 16 3 10 7 0 0 6 3 5 4 21 5 17 9 5 20 8 2 1 5 1 7 8 4 31 20 5 4 2 1 1 5 7 0 6 3 25 3 0 7 4 1 2 3 6 6 0 12 8 0 14 3 1 4 5 6 5 7 1 0 2 5 7 9 9 6 2 2 5 1 6 4 17 1 13 9 9 9 1 0 3 10 9 5 25 2 9
