1 15 0 0 2 0 0 0 0 0 0 3 1 0 0 0 0 2 0 0 1 0 2 1 0 0 0 1 1 0 0 2 0 0 2 1 1 1 0 0 0 0 0 0 2 1 0 0 2 0 0 0 3 0 0 0 0 5 0 1 0 1 2 0 0 4 0 0 0 0 1 2 1 0 0 1 3 0 0 0 0 0 1 1 0 0 0 2 2 0 0 0 4 0 0 0 0 0 1 1
0 0 0 24 0 1 2 0 0 0 0 2 0 0 2 0 0 0 2 0 0 0 1 0 1 0 0 0 1 0 0 0 0 1 1 2 1 0 0 0 1 0 0 0 0 0 4 2 0 0 0 0 1 3 0 0 0 0 0 0 0 0 0 0 0 0 3 0 0 0 2 0 0 0 0 0 0 0 0 1 0 0 0 1 0 0 0 1 0 0 0 0 0 1 1 0 0 1 1 0
3 0 4 4 7 4 1 2 3 0 0 8 4 0 4 0 3 2 0 3 1 0 0 3 0 2 2 0 0 8 16 0 0 0 2 7 0 0 2 7 1 0 7 2 6 5 0 0 8 3 5 0 0 0 0 0 0 1 2 4 1 1 0 3 2 4 0 1 0 0 0 0 6 3 5 0 15 1 2 7 0 8 3 10 10 4 3 5 6 5 1 0 2 1 6 1 2 9 3 9
4 8 2 4 0 6 7 6 10 32 8 11 1 3 15 5 14 3 1 2 0 18 6 3 8 33 0 3 2 15 7 19 3 13 0 1 0 4 1 6 3 3 7 2 11 9 6 11 0 8 0 5 10 6 5 0 6 1 0 5 1 17 5 25 3 21 2 22 11 8 0 12 2 6 5 10 6 23 26 4 18 1 4 6 22 15 2 4 1 1 0 3 8 14 0 10 1 10 12 7
6 0 1 5 10 0 12 0 1 1 21 3 2 0 0 3 5 4 6 2 0 5 3 0 1 6 0 2 0 1 8 6 0 11 12 21 0 11 0 2 4 0 3 1 16 3 3 3 10 1 0 3 11 3 0 4 8 0 2 32 10 4 3 1 7 2 3 1 13 2 4 3 5 0 1 12 3 6 5 3 3 5 2 4 0 3 5 0 2 0 9 4 2 8 8 8 10 3 12 7
1 10 0 19 5 28 3 1 31 0 1 6 0 8 13 23 0 7 1 15 4 0 0 3 1 5 5 6 5 1 3 6 19 4 5 4 6 23 7 0 13 5 2 22 6 0 11 9 6 1 0 2 9 4 6 0 6 27 7 1 25 8 2 25 3 26 11 3 5 15 12 16 2 1 2 1 13 2 19 3 23 0 4 17 2 3 27 0 6 3 9 17 10 3 22 4 6 8 4 5
3 5 1 9 1 1 2 1 1 13 5 1 4 5 0 1 1 2 19 7 8 6 3 10 2 1 17 3 0 5 0 23 6 4 3 1 3 0 0 0 11 6 2 10 7 1 6 6 1 2 0 0 0 17 2 8 0 2 7 1 12 4 0 5 0 11 2 6 0 0 0 7 1 1 4 5 13 3 0 1 5 4 0 2 4 6 2 3 0 2 11 3 4 1 4 8 1 1 9 0
2 7 11 4 6 1 5 2 0 5 1 17 5 6 10 5 5 5 2 7 8 8 3 3 8 3 5 4 2 1 1 3 18 1 15 1 11 1 5 0 0 0 0 3 4 1 1 10 2 6 6 14 0 15 5 3 3 0 4 0 2 16 1 4 6 0 6 1 15 16 3 3 4 18 8 0 7 3 21 1 3 3 0 6 13 1 0 1 0 0 0 5 1 11 0 6 10 17 14 2
2 2 6 5 5 5 3 2 2 1 1 1 1 2 0 0 0 4 7 0 0 9 2 3 1 2 2 2 1 7 1 0 0 4 0 2 4 1 6 9 4 0 2 5 6 2 3 3 5 6 2 3 1 9 2 24 3 0 0 4 1 0 0 6 4 0 5 3 5 7 2 5 4 7 0 19 21 1 0 5 6 1 1 1 0 8 1 2 2 8 4 0 0 2 2 7 31 8 2 0
3 2 12 4 0 2 6 2 15 5 15 0 4 2 20 16 3 1 6 10 9 7 2 5 6 2 7 9 15 4 8 0 3 9 11 2 5 16 2 4 3 2 5 4 1 6 24 20 5 1 12 2 30 8 4 13 4 4 10 6 7 3 2 6 1 4 3 19 2 3 1 6 2 4 2 0 9 28 0 2 9 5 13 11 12 6 6 6 64 3 4 3 5 0 7 3 15 7 4 10
1 17 3 1 0 6 0 8 0 10 2 7 8 24 17 17 8 1 5 11 12 2 0 3 14 5 2 7 1 20 2 1 1 14 12 6 6 5 0 16 8 3 18 4 6 0 4 19 8 8 0 11 3 9 43 12 9 0 10 2 7 2 10 5 11 5 10 0 2 0 0 10 16 0 16 11 9 3 0 2 0 0 0 12 7 22 5 15 4 12 2 5 0 1 1 3 1 5 1 11
4 0 18 0 0 3 0 1 0 4 9 1 0 0 2 4 1 1 4 2 0 3 3 15 1 3 4 1 0 1 10 13 7 0 1 1 1 6 3 0 0 7 8 0 4 4 2 0 0 0 2 2 33 0 5 8 5 0 3 2 3 0 0 2 0 0 1 12 4 0 3 2 1 0 1 0 8 0 0 2 4 11 0 1 3 2 8 1 8 1 3 0 10 3 8 11 4 0 10 2
0 2 0 1 7 1 5 0 1 0 2 4 0 1 4 4 4 0 3 9 2 14 0 12 3 0 1 1 3 1 0 6 7 1 2 0 3 4 1 3 7 1 1 1 3 6 1 1 0 3 12 4 4 1 9 2 6 15 4 1 1 4 10 0 1 3 5 6 3 7 1 7 2 13 26 0 1 11 1 8 3 2 4 7 4 30 5 3 2 7 3 9 0 8 0 3 3 4 10 5
7 19 5 27 3 5 3 9 4 2 0 25 9 0 3 1 12 2 12 0 31 3 1 28 24 6 2 4 9 5 1 4 0 11 11 0 0 2 0 3 9 6 0 1 1 2 5 6 10 1 0 5 1 4 2 6 6 0 26 10 7 9 0 1 4 0 14 1 2 8 4 5 4 2 1 5 47 9 3 0 10 4 23 0 8 5 10 10 12 0 8 10 2 0 6 7 1 1 1 19
7 0 7 0 4 1 13 8 0 0 0 0 7 0 11 1 0 4 3 1 1 2 4 0 0 2 0 0 0 5 19 0 1 0 6 8 1 3 13 0 3 3 1 0 8 0 3 6 1 1 13 2 4 2 2 21 4 0 1 3 1 1 1 0 10 2 10 0 1 0 5 9 2 15 0 8 27 3 1 0 0 0 5 10 5 0 2 19 3 5 1 6 0 25 0 4 0 0 19 1
3 6 9 17 0 8 3 7 0 12 2 4 7 13 1 1 3 5 2 0 37 2 4 16 10 0 19 10 0 14 0 1 7 4 1 2 3 1 2 0 17 5 0 4 33 10 1 5 3 18 5 10 15 1 1 0 7 0 0 14 4 0 4 4 1 0 8 2 0 1 24 4 6 6 22 3 3 3 0 5 14 8 0 4 20 14 8 1 11 4 5 7 5 13 1 4 2 3 1 0
1 0 5 7 35 2 0 7 2 39 6 8 11 15 5 1 10 7 24 9 5 1 9 1 3 0 31 7 4 12 2 3 1 31 3 34 4 4 5 0 6 1 3 28 5 5 14 15 19 13 0 0 4 5 7 1 0 2 1 21 2 1 1 12 31 2 0 6 15 1 26 12 22 9 14 10 2 10 5 3 3 1 0 1 2 2 4 2 0 15 22 14 9 9 19 0 2 2 0 1
2 0 1 3 2 2 2 7 5 5 4 3 2 9 2 8 0 10 0 15 1 6 3 4 7 1 4 2 10 12 8 7 3 2 13 1 4 6 13 0 5 5 1 1 6 0 19 2 3 3 4 1 0 4 0 0 1 1 0 4 5 6 2 12 2 11 2 5 1 0 2 1 8 2 1 5 12 4 1 11 3 4 5 3 0 1 3 0 2 2 0 2 0 2 2 8 1 7 5 4
3 19 6 1 11 12 2 18 10 3 1 4 0 0 0 5 0 5 0 0 0 8 2 0 1 0 1 5 13 4 4 0 5 0 17 0 18 5 0 0 0 0 0 0 4 2 3 7 1 11 0 0 0 1 3 1 6 1 18 0 2 2 2 1 2 0 6 1 4 0 4 2 2 0 1 0 2 1 4 5 4 15 4 3 24 0 1 0 6 1 4 1 1 1 0 2 5 1 3 2
0 0 0 4 0 0 0 0 0 0 0 0 0 0 1 0 0 0 1 2 0 0 0 0 2 3 0 0 0 0 3 0 0 3 0 0 0 3 0 1 0 0 0 9 1 0 0 1 0 1 1 0 1 0 1 0 0 1 1 0 2 0 0 0 0 1 0 2 1 0 1 1 0 0 0 0 0 2 0 0 0 0 0 1 0 0 1 0 0 0 0 1 0 0 0 0 1 1 0 1
0 1 0 0 0 0 0 0 0 2 1 2 0 0 0 1 3 1 0 1 1 0 1 0 0 0 0 0 0 0 3 1 0 2 0 0 1 0 0 0 1 0 0 2 4 0 0 0 0 1 0 1 0 1 0 0 0 1 0 0 0 0 1 1 0 0 0 0 0 1 0 0 1 0 0 0 0 0 1 5 0 2 0 0 0 0 0 0 0 0 0 0 0 0 2 0 0 1 0 8
7 14 3 15 8 3 3 4 11 8 1 5 9 19 6 8 8 7 2 2 2 2 4 13 3 6 5 4 8 22 1 10 28 36 3 5 1 13 14 14 0 1 9 0 8 0 3 3 6 5 11 2 2 46 1 5 10 5 4 22 1 1 1 12 0 8 12 1 6 3 10 4 8 5 18 18 12 2 2 2 1 1 1 12 26 1 17 5 1 3 5 0 23 29 16 7 12 4 1 1
6 1 0 0 1 1 10 4 12 1 4 7 15 3 0 1 0 5 5 5 5 1 1 2 5 1 6 10 8 8 0 0 0 4 4 2 7 4 6 4 8 2 13 0 0 2 11 5 0 11 2 2 7 1 2 1 9 2 1 1 1 9 5 8 0 9 4 0 1 1 4 0 2 0 1 1 10 2 2 11 7 8 1 1 1 7 0 1 1 3 14 5 1 2 1 1 5 2 0 7
0 7 4 5 1 0 3 6 11 8 4 11 9 2 24 5 4 10 2 0 2 11 16 2 6 0 25 3 3 5 3 3 7 1 2 0 9 4 1 4 1 16 1 2 2 1 6 3 1 1 1 15 3 0 2 5 0 11 0 5 12 3 0 0 10 14 3 6 2 0 1 10 1 2 0 5 8 0 14 0 5 0 5 4 6 0 7 0 0 3 3 11 2 1 1 1 6 2 1 4
0 1 3 0 4 8 3 2 4 1 2 3 2 11 5 9 0 1 4 0 2 0 1 5 2 2 1 3 0 1 8 0 2 13 0 1 4 9 11 4 7 1 0 5 1 4 0 13 1 10 3 2 9 11 1 0 2 1 2 5 5 0 6 22 19 4 2 1 11 6 10 2 4 0 2 0 0 1 1 0 0 0 6 20 15 1 1 14 0 8 6 7 8 0 1 0 7 6 3 6
2 0 0 10 22 2 7 0 1 1 8 4 4 9 22 0 7 1 9 1 0 2 4 8 3 3 2 4 12 1 0 4 2 2 0 3 2 12 10 14 1 10 11 3 3 1 5 2 1 12 10 12 1 8 1 2 1 2 0 3 0 2 3 16 7 3 2 4 4 13 3 2 0 6 0 7 5 2 0 1 9 0 0 11 0 11 2 2 13 10 4 1 0 0 4 6 0 4 7 1
1 9 3 10 0 6 10 1 6 3 1 12 3 5 3 2 5 10 3 3 0 8 1 4 1 0 0 11 7 1 7 7 3 2 7 16 2 5 0 1 10 5 3 0 0 1 0 2 1 3 0 0 11 12 0 1 2 8 1 1 10 11 0 0 4 9 2 0 0 5 6 7 6 14 9 13 2 3 6 4 4 6 6 0 3 1 14 6 21 9 2 3 4 6 8 1 0 6 4 3
2 0 0 0 0 0 1 1 0 0 7 0 0 0 1 1 0 1 0 0 1 0 0 1 0 1 0 0 0 0 0 0 0 0 0 0 0 0 0 2 0 1 1 1 2 0 2 2 1 0 1 0 0 0 1 0 0 2 1 0 0 0 0 0 1 4 0 0 1 0 0 0 0 2 0 1 0 0 1 0 1 0 1 0 1 13 0 0 0 1 0 0 0 0 2 0 0 0 0 0
7 2 15 5 1 2 23 23 2 27 1 12 3 18 14 1 4 3 5 10 5 1 4 2 5 2 0 6 10 1 6 0 20 0 14 2 15 2 22 4 1 3 3 2 3 15 10 19 3 0 4 7 4 11 4 14 8 0 21 12 3 0 2 0 15 2 6 12 0 3 3 6 1 6 0 13 0 2 4 4 7 7 14 3 5 1 0 2 15 5 0 8 20 9 8 5 9 0 3 10
1 6 4 0 1 0 8 3 13 3 7 2 6 0 9 3 4 6 1 0 6 0 0 9 3 3 3 5 3 2 6 10 2 5 5 8 0 6 10 11 5 1 3 0 1 0 3 17 2 10 14 1 1 5 4 2 3 0 10 10 0 0 3 3 1 1 0 4 1 6 3 0 10 0 0 8 2 5 0 2 0 7 3 10 0 3 4 15 21 5 3 0 1 6 28 0 3 0 1 8
2 0 1 0 0 0 1 1 0 0 11 0 1 0 0 0 0 0 1 1 0 0 0 0 0 0 1 0 0 0 0 0 4 0 0 0 0 0 0 0 0 0 2 0 0 3 1 1 0 1 2 0 0 1 0 0 0 0 2 0 0 0 1 3 0 0 0 0 0 2 0 0 1 0 11 0 0 0 1 1 0 0 0 0 1 0 0 1 0 1 0 2 1 2 1 1 0 0 1 0
8 16 1 1 1 0 5 29 16 7 4 5 13 12 16 11 0 1 15 29 7 4 6 2 4 4 2 1 2 11 1 3 1 5 1 4 17 17 13 11 4 11 8 12 31 1 7 7 5 6 4 16 4 1 15 13 4 0 3 4 6 9 0 0 4 4 6 3 13 16 16 10 2 3 3 19 5 0 6 13 4 4 5 14 1 11 1 1 15 14 18 5 15 27 18 20 20 0 0 2
8 5 31 0 0 9 27 38 5 0 8 16 5 7 9 2 2 0 22 1 4 11 17 4 2 5 2 14 4 2 3 0 0 4 2 1 3 8 2 2 5 32 8 1 1 9 5 31 4 15 0 20 0 0 0 12 15 19 1 2 1 8 37 0 7 6 1 5 17 3 15 4 0 0 0 11 0 1 2 17 4 2 3 1 2 1 9 11 5 6 1 3 7 8 3 8 5 28 5 5
0 0 5 6 2 0 2 1 0 4 0 0 3 8 1 1 1 0 0 14 1 0 1 9 0 1 1 3 0 2 2 4 0 10 2 1 15 11 8 3 7 1 5 3 2 0 2 1 0 2 0 1 1 10 3 0 4 26 8 4 2 0 1 1 1 1 11 10 5 5 19 1 1 0 2 8 4 1 17 4 0 5 2 9 0 1 1 0 2 7 1 9 9 3 0 8 8 3 11 4
4 6 3 1 15 0 0 10 22 7 4 30 2 2 5 6 0 5 8 2 8 1 9 0 5 1 5 1 19 11 28 9 0 13 0 2 0 0 8 7 4 2 20 11 4 2 0 3 0 6 10 7 7 8 4 3 20 12 4 9 1 4 2 15 20 11 7 3 0 5 2 6 8 22 5 2 54 1 4 1 4 5 1 19 20 1 0 13 11 5 1 1 1 8 5 8 1 0 14 0
2 6 2 0 1 3 36 25 10 6 2 1 8 1 2 4 19 10 0 2 2 7 5 21 1 2 2 1 1 1 1 3 2 5 3 5 0 4 6 9 2 1 0 0 2 4 3 1 0 6 0 2 4 6 0 10 3 11 1 2 1 2 0 1 0 3 4 4 6 9 1 17 1 3 1 0 2 3 1 6 1 6 1 3 0 0 4 1 8 0 3 7 1 6 0 6 4 2 6 8
15 6 16 15 2 3 2 4 9 0 5 7 4 15 4 10 6 4 2 8 2 0 1 6 2 21 8 2 2 0 18 10 28 0 3 11 5 2 19 5 9 1 4 8 1 0 12 16 8 10 2 2 10 7 4 4 11 29 15 0 4 5 27 18 3 3 5 14 1 4 2 3 8 4 5 23 15 3 2 8 10 3 3 5 8 10 8 3 2 10 0 13 14 13 0 15 4 3 5 3
3 0 0 4 1 0 0 0 0 0 0 2 0 1 0 0 0 0 0 0 0 0 2 0 0 0 0 2 0 0 0 1 0 1 0 0 0 0 0 0 0 0 0 0 0 0 0 0 0 0 1 0 0 2 1 0 0 0 0 0 0 1 0 0 0 0 0 1 0 0 0 0 1 0 0 0 1 0 1 0 0 0 0 0 0 0 0 0 0 0 0 0 0 0 0 0 2 0 0 2
1 0 10 1 0 3 4 0 3 7 0 2 13 3 5 14 1 5 2 6 6 5 15 3 2 3 8 0 3 1 6 9 1 6 0 7 0 2 8 5 7 4 5 1 4 0 11 1 9 14 1 4 0 0 0 3 5 1 1 2 8 2 10 0 9 5 9 10 2 3 2 8 0 0 3 2 1 6 7 11 0 2 0 24 1 3 2 0 2 12 6 9 4 0 3 5 3 1 1 1
0 3 0 4 0 1 0 0 0 2 0 0 0 0 0 1 9 0 0 0 0 0 2 0 0 0 0 0 0 0 0 0 0 0 1 2 0 0 0 0 0 0 1 10 0 0 0 1 0 0 1 0 0 0 1 0 1 0 0 0 0 0 0 1 0 2 0 4 0 1 1 1 0 0 1 0 0 0 2 0 0 1 0 0 1 0 0 0 0 0 0 0 0 0 0 0 0 2 1 0
0 0 1 1 0 0 0 1 1 0 0 0 5 0 0 0 4 0 1 2 0 0 0 0 0 0 0 0 0 0 2 0 0 0 1 1 0 2 0 0 0 0 2 0 0 0 0 2 1 0 0 0 0 0 1 0 0 0 0 0 0 0 0 0 0 5 0 0 2 0 0 1 2 3 0 0 0 1 1 0 0 0 0 0 1 0 0 0 0 2 0 0 1 0 0 1 0 0 0 0
0 5 1 12 1 8 3 1 11 7 2 4 0 4 0 22 1 2 9 0 5 9 1 12 0 10 5 4 19 1 7 18 8 1 4 6 0 1 0 0 16 0 3 0 0 1 20 15 0 5 9 1 13 5 11 5 15 6 11 1 1 4 1 1 5 6 2 6 6 2 7 8 12 2 4 13 0 14 2 0 12 1 2 17 0 2 9 2 8 0 3 12 9 4 1 0 7 14 2 1
7 0 16 0 4 4 1 5 0 14 2 7 2 5 3 10 3 3 3 1 0 2 8 1 0 4 2 3 8 7 3 3 2 1 7 9 3 2 0 1 9 2 3 0 17 0 6 1 9 4 2 0 1 5 4 1 2 2 0 5 1 2 5 7 6 0 0 0 0 6 0 2 5 3 5 1 1 1 6 0 10 1 0 2 4 19 1 22 4 0 0 1 0 9 6 3 1 1 3 1
1 1 1 3 11 4 0 5 10 6 8 3 9 1 10 7 0 4 0 0 5 4 2 2 6 2 2 1 2 0 5 4 1 2 2 13 5 3 4 1 10 4 7 4 1 2 4 3 1 3 4 1 16 0 2 0 7 6 0 0 2 1 9 16 0 0 13 8 7 1 6 0 18 2 5 1 3 4 4 0 1 0 7 3 5 9 5 2 1 5 2 2 1 4 8 3 4 1 3 1
2 6 29 13 4 6 9 2 16 0 3 9 4 4 7 12 2 5 0 15 9 29 1 2 11 2 8 2 8 9 12 4 4 16 5 25 6 18 9 33 2 11 7 3 12 4 5 3 20 3 0 16 4 1 2 0 8 8 2 9 0 5 12 1 6 8 12 21 10 14 0 5 4 2 7 4 3 0 10 0 17 5 3 6 3 18 26 7 11 32 9 5 31 4 2 0 22 22 0 5
1 0 1 0 0 0 0 0 0 0 0 0 0 0 1 6 0 0 0 0 0 0 0 0 0 0 0 0 1 0 0 1 0 0 0 0 0 0 0 0 0 0 0 0 0 0 0 0 0 0 2 1 0 2 0 0 1 0 0 0 1 0 0 1 0 0 0 0 0 0 0 0 1 1 0 0 4 2 0 0 0 0 0 3 0 0 0 1 0 0 0 0 0 0 0 4 0 0 0 0
0 1 16 5 1 20 30 4 2 5 4 1 8 6 20 13 18 1 2 12 11 4 3 2 1 5 3 8 14 6 0 5 27 3 0 13 4 11 13 11 30 4 3 9 1 1 1 7 17 30 1 1 0 3 2 9 0 19 1 4 0 2 11 0 11 15 1 7 16 12 5 16 18 44 10 0 4 2 24 11 1 1 26 1 1 4 0 6 16 7 3 12 22 5 7 7 13 3 6 2
0 0 4 26 25 6 7 1 9 1 18 18 1 6 4 4 5 16 1 0 3 5 5 10 1 0 0 5 8 0 0 8 10 1 20 1 8 16 0 11 17 1 28 9 3 5 10 6 1 18 5 1 7 8 1 2 0 2 2 0 3 6 7 6 10 0 0 16 6 1 1 6 0 45 23 4 0 11 3 33 1 0 24 5 3 0 4 3 17 5 0 7 16 7 2 0 3 11 3 1
0 3 2 1 0 0 0 0 1 0 2 1 1 0 2 0 2 0 0 0 0 0 2 0 0 0 0 0 0 0 0 2 0 3 0 2 0 1 1 2 0 1 1 1 0 0 0 2 0 0 0 0 0 4 0 0 0 0 0 0 0 1 0 0 0 0 0 0 2 0 0 1 0 0 0 0 1 1 0 0 0 1 0 3 1 0 0 0 0 1 1 3 0 0 0 0 0 0 1 0
3 5 8 0 5 3 5 12 12 1 2 1 2 3 0 12 3 2 6 2 0 8 1 7 21 7 24 9 2 10 15 12 0 1 16 10 6 3 2 3 0 10 2 20 4 25 0 0 3 30 4 9 14 4 6 5 5 25 31 34 12 48 3 11 23 10 3 14 4 3 17 10 11 2 10 19 0 9 1 30 3 6 33 2 7 6 1 3 18 0 3 16 13 15 4 19 9 13 12 9
