0 1 1 0 3 2 17 0 1 2 0 0 0 0 2 4 1 3 1 0 3 10 0 2 10 0 2 0 1 7 7 11 1 0 1 8 4 0 5 0 4 0 3 4 0 0 11 2 2 6 2 4 0 0 0 4 1 0 8 0 4 5 2 1 4 4 0 12 1 1 7 2 1 2 11 4 2 6 2 1 6 1 1 2 6 10 4 0 3 0 7 3 0 12 1 3 2 1 1 5
5 7 0 6 8 1 0 15 0 0 1 5 10 7 16 1 2 0 43 25 6 0 0 4 3 2 0 5 0 3 2 0 3 0 1 7 8 9 11 5 8 5 7 7 14 2 0 7 0 8 11 5 16 3 0 3 12 4 4 0 2 0 4 4 4 1 1 2 12 1 4 2 0 9 4 4 1 4 0 1 4 3 4 5 2 0 14 0 8 30 0 2 0 6 0 0 3 1 0 1
3 2 4 22 6 14 7 16 10 6 0 9 10 4 0 2 6 0 7 9 1 2 7 12 2 34 0 3 29 1 1 0 7 6 19 10 12 3 38 8 8 3 3 6 2 3 2 5 10 6 2 0 2 2 7 0 4 3 0 6 7 1 8 21 2 5 1 1 10 12 0 8 2 15 1 13 5 8 8 0 36 8 8 6 0 21 20 14 12 25 16 21 1 4 76 0 3 1 2 14
1 24 19 3 3 6 0 2 2 5 1 11 6 5 8 1 2 8 1 4 4 6 1 5 36 13 1 1 9 14 13 2 8 9 24 6 12 2 8 18 1 16 12 12 5 11 10 22 1 10 3 2 2 2 0 1 6 0 1 9 1 8 5 18 12 6 15 1 7 2 0 1 1 6 1 2 2 7 5 0 1 6 1 14 12 1 18 11 1 19 6 1 1 24 11 4 1 11 3 7
18 6 4 9 1 9 7 13 8 0 1 3 7 1 8 11 8 2 16 19 6 10 7 3 4 0 3 29 28 0 12 1 3 25 0 31 10 2 33 15 1 7 7 0 5 4 5 1 32 1 17 14 6 12 3 2 5 13 2 7 6 6 7 5 10 4 3 0 18 4 9 3 15 17 6 34 1 3 3 1 4 16 4 12 8 2 11 6 10 4 3 27 1 5 5 4 6 0 8 10
1 2 1 6 5 2 3 4 8 11 0 2 11 14 1 5 3 1 3 3 8 6 0 0 2 3 9 4 0 4 2 3 1 0 0 4 0 5 1 5 4 1 2 2 1 4 4 6 3 1 2 4 0 0 5 0 7 0 1 6 9 3 5 11 0 3 0 3 0 0 6 8 4 0 9 9 2 0 5 0 6 4 1 0 2 0 2 0 0 4 0 1 5 12 1 17 2 2 0 1
11 2 7 2 5 5 9 4 2 1 4 6 28 0 1 4 0 0 0 12 3 0 8 4 5 2 0 6 0 5 0 0 12 1 5 4 0 1 6 10 1 2 9 3 2 4 0 7 1 17 0 4 1 5 0 1 7 11 1 0 5 0 0 5 0 1 17 5 4 20 8 4 11 1 2 13 8 3 7 4 0 2 0 9 3 1 0 12 2 11 4 1 12 7 1 17 3 0 0 3
0 1 0 0 1 0 0 0 0 0 0 0 0 1 0 1 1 1 1 1 0 0 0 0 0 0 0 0 0 2 0 0 0 0 0 1 0 0 2 0 0 0 4 1 1 1 1 1 0 1 0 0 1 0 0 1 0 0 0 1 0 0 2 0 0 0 3 0 1 2 0 4 0 1 4 0 0 10 1 0 0 0 0 1 0 0 0 0 0 0 0 0 0 2 0 1 1 1 1 0
9 2 0 8 7 11 1 7 5 5 5 1 0 1 0 1 12 18 5 6 4 0 0 4 1 0 7 10 0 1 2 1 3 14 7 1 3 0 0 0 5 2 0 4 2 0 12 3 21 6 0 8 0 0 1 2 0 11 0 4 2 15 0 1 2 1 1 6 2 2 9 3 5 7 0 1 4 1 10 9 5 2 3 1 10 4 3 0 7 0 13 0 0 7 1 3 3 9 0 0
2 3 13 2 0 0 7 8 24 7 2 3 1 32 2 5 1 8 1 0 13 20 12 14 1 1 1 2 12 2 3 10 5 10 6 27 1 1 0 4 7 12 13 13 19 6 9 31 10 4 9 9 37 0 4 13 5 12 8 18 4 0 2 10 8 0 6 17 2 8 0 12 9 4 32 0 10 13 18 13 16 13 4 19 9 16 3 4 6 46 24 3 7 2 1 3 11 0 0 15
7 3 0 3 23 6 0 1 12 1 8 2 7 0 0 0 0 5 7 1 5 2 2 4 10 2 4 2 0 1 2 14 3 5 7 2 0 4 1 6 0 2 1 2 0 5 0 0 1 2 16 2 1 2 8 5 6 3 0 3 4 0 21 0 7 8 3 2 7 0 0 1 2 0 5 6 0 0 4 0 1 5 0 5 1 2 2 0 1 0 2 0 2 20 3 4 0 6 0 0
1 6 4 11 1 5 3 10 5 3 3 1 5 2 0 6 6 19 5 4 1 7 1 5 6 10 4 8 0 5 7 0 2 34 18 18 2 22 9 5 3 12 1 5 8 4 7 1 11 0 0 31 2 2 7 2 3 1 12 0 5 11 2 9 2 6 9 3 18 0 0 3 5 9 3 6 0 9 0 8 1 1 14 0 0 4 5 20 5 1 3 3 5 11 4 4 3 4 10 11
0 0 0 0 0 1 0 1 0 0 0 1 10 0 1 0 0 0 0 0 0 0 2 0 1 0 0 0 0 1 4 0 0 0 1 0 0 0 1 1 0 0 1 1 0 0 0 0 0 0 2 0 0 4 0 0 0 1 0 0 0 0 0 3 0 0 0 0 0 0 0 0 0 0 0 1 0 0 0 0 0 0 1 0 0 1 0 0 0 0 0 0 0 0 0 0 0 0 2 0
7 17 20 2 20 14 4 23 16 40 15 24 12 4 6 3 3 5 10 0 1 3 12 8 26 1 1 0 1 3 0 33 4 2 2 2 1 2 6 0 18 7 4 0 2 4 3 3 35 7 2 8 2 0 1 2 3 11 13 12 1 7 6 9 7 30 33 0 3 3 7 3 31 5 0 8 25 3 6 8 4 1 0 2 6 15 0 5 0 1 6 4 2 2 6 1 10 6 3 21
0 6 1 2 1 2 3 1 3 0 2 3 5 8 3 1 17 1 5 9 3 0 7 14 11 4 2 15 2 12 0 8 12 0 14 2 1 8 3 0 8 5 2 3 1 2 26 3 0 0 0 7 4 0 3 0 9 14 1 4 5 16 15 1 14 10 4 5 7 8 1 3 3 14 22 2 18 2 9 0 0 6 3 2 3 0 7 1 32 6 27 9 6 0 5 1 0 11 6 10
0 0 0 0 2 0 0 1 1 1 0 2 3 0 0 0 0 1 1 0 0 3 3 0 0 0 0 0 1 1 1 0 1 2 3 1 0 0 5 1 0 1 0 0 0 2 3 2 0 0 8 0 0 4 1 0 1 0 0 0 1 2 0 0 0 0 0 1 0 0 0 0 0 2 1 2 0 1 0 0 3 0 0 0 0 0 0 0 0 0 0 1 0 0 0 0 0 0 0 0
6 10 2 7 9 1 9 9 0 2 13 16 4 8 1 1 21 8 6 10 0 11 0 0 8 2 13 1 2 22 4 1 13 8 5 24 25 7 1 6 7 23 18 0 13 7 6 1 6 7 0 11 8 2 7 15 8 44 7 3 19 10 20 2 12 0 9 5 49 1 18 7 4 8 1 0 2 1 2 2 8 2 2 5 6 4 2 5 10 44 32 1 2 5 3 7 0 5 0 16
4 21 8 14 3 2 7 1 0 23 10 11 1 1 8 6 1 5 10 1 2 17 1 14 4 2 0 6 4 0 5 2 0 13 6 4 11 2 15 7 7 3 11 3 21 31 7 9 4 2 16 3 7 7 5 17 7 2 4 5 0 1 9 26 15 6 3 6 7 13 2 13 6 0 0 0 12 4 22 15 3 6 2 12 0 7 9 10 8 6 7 17 4 4 7 7 2 0 5 11
1 0 0 0 1 0 0 4 6 0 0 0 8 0 1 1 0 0 2 5 0 0 1 0 2 0 0 1 2 1 1 0 0 1 0 0 1 0 1 0 1 1 0 1 3 9 0 0 0 0 0 1 0 0 0 1 0 0 1 0 0 0 0 1 0 3 0 0 2 0 0 1 0 0 0 1 1 0 0 1 0 0 3 0 0 1 2 0 0 2 0 2 0 1 0 1 1 1 1 0
0 2 1 17 2 7 0 1 23 12 11 11 0 7 4 9 18 14 4 5 7 35 0 12 6 3 2 2 12 1 3 13 9 0 17 2 2 0 2 5 20 5 37 6 0 10 4 23 29 30 2 1 1 3 29 9 0 8 4 17 13 8 1 0 1 12 4 3 37 0 8 4 6 11 7 4 4 1 3 13 0 22 4 0 4 23 5 0 7 0 6 9 0 6 14 4 0 0 5 7
0 2 4 0 10 3 4 0 1 1 1 11 0 1 3 18 11 3 4 0 7 2 2 14 0 3 4 4 4 4 10 4 9 1 5 3 7 2 1 3 9 6 9 7 0 0 1 6 8 0 1 3 8 4 7 0 11 1 6 3 4 3 0 0 12 10 1 8 2 1 0 17 3 8 2 2 0 3 7 2 2 10 6 5 2 6 4 1 9 7 8 0 1 2 0 13 4 1 6 1
0 2 3 0 0 1 0 0 0 0 1 2 0 1 0 0 0 0 0 0 0 4 0 2 0 0 2 1 0 0 0 0 0 0 0 0 1 0 1 0 0 0 0 0 0 0 2 1 0 0 0 1 0 1 0 0 0 0 2 0 1 0 0 3 0 1 7 0 0 0 0 1 0 0 0 0 1 0 0 0 0 1 1 0 1 0 0 0 0 0 0 0 0 0 0 1 2 0 0 3
9 5 7 11 2 1 3 16 14 18 7 0 2 13 0 8 5 2 6 2 7 4 54 2 57 6 9 24 3 5 2 8 0 8 27 9 1 10 2 1 5 13 0 32 6 2 2 10 1 68 3 10 4 2 19 0 11 3 12 30 9 1 7 10 1 4 3 12 4 2 3 11 7 3 5 17 12 25 5 5 0 7 1 8 4 6 0 25 6 15 5 26 0 4 12 5 18 1 10 7
1 0 1 0 0 0 0 0 0 1 0 0 0 0 1 0 0 5 0 0 0 5 0 0 1 0 1 0 0 2 0 1 0 0 0 0 0 1 6 0 0 0 0 0 0 0 0 0 0 2 7 0 0 1 0 0 0 0 0 0 0 2 0 1 4 0 0 0 0 2 0 0 0 0 0 1 0 1 0 1 1 0 0 1 0 1 2 0 0 0 0 0 0 0 0 0 0 0 0 0
0 0 11 0 0 1 1 0 0 2 0 0 0 0 0 3 0 0 0 0 1 0 0 0 1 0 0 0 3 0 0 0 0 0 0 1 0 0 0 0 0 1 6 1 0 0 0 4 0 0 0 0 0 0 2 0 0 0 6 0 0 0 1 1 0 0 0 0 0 7 0 0 0 0 0 1 0 3 0 0 0 0 3 0 1 0 0 1 2 0 2 4 0 2 0 0 0 0 0 7
4 4 12 2 2 4 11 1 1 1 11 6 4 6 0 3 0 5 5 0 4 0 8 0 18 2 11 2 6 2 0 6 0 0 0 1 1 6 2 3 7 4 6 15 5 10 12 5 4 2 7 10 4 0 6 4 11 6 2 1 3 1 0 1 11 8 0 0 0 0 1 11 6 0 3 6 7 1 0 2 11 1 1 9 4 3 3 14 3 6 5 0 6 0 5 3 1 0 8 0
4 10 2 0 6 1 0 7 0 25 10 5 5 9 5 10 0 0 0 29 3 0 6 10 0 12 8 17 10 1 4 1 13 43 11 5 11 1 2 45 10 20 17 6 3 40 4 14 8 4 0 2 9 12 1 5 0 0 3 2 0 5 5 1 17 2 7 1 26 0 6 4 1 3 10 4 2 1 31 7 12 0 9 4 5 1 0 20 8 7 19 2 7 3 0 0 2 0 0 0
0 0 0 0 0 0 0 0 1 0 12 0 0 0 0 0 0 0 0 0 1 2 0 3 0 0 2 0 0 0 0 0 1 1 1 0 0 41 1 1 0 3 0 0 0 0 2 0 3 0 0 0 0 0 0 1 0 0 0 1 0 0 0 3 0 4 0 3 0 0 0 0 0 0 0 0 0 0 0 11 1 0 1 2 1 0 0 0 0 1 0 0 0 0 0 0 0 1 0 0
1 28 3 6 16 0 1 0 1 8 2 21 1 12 8 19 1 0 1 10 6 3 15 1 11 19 2 15 7 22 26 21 7 0 5 5 5 5 4 49 9 1 8 10 32 9 17 0 9 4 4 10 1 19 16 11 0 11 6 2 0 0 2 5 6 0 11 7 18 28 7 8 0 2 10 11 0 1 2 7 6 1 2 0 5 2 18 11 3 25 2 0 7 7 9 6 0 13 5 6
0 7 2 3 2 0 5 0 0 1 10 3 1 3 1 2 5 0 2 22 4 0 1 2 0 0 5 8 8 0 8 0 5 2 0 5 8 3 10 0 8 1 13 5 3 0 1 3 5 5 3 0 0 24 1 4 2 2 9 0 22 0 7 2 2 0 9 3 1 1 0 3 11 7 20 1 0 3 0 0 12 0 2 2 4 0 5 16 0 1 6 2 0 6 1 3 1 0 8 2
3 1 0 3 0 9 1 7 0 0 5 0 8 0 5 10 1 11 0 6 11 1 2 1 13 11 0 3 0 0 2 0 2 2 1 0 2 4 7 9 0 5 1 7 2 1 3 5 1 4 6 6 0 2 7 1 1 4 0 2 2 8 8 2 1 6 0 5 6 0 4 2 1 0 7 2 6 0 3 1 1 7 0 2 2 9 1 0 0 10 6 0 0 9 3 0 1 2 0 0
4 0 0 1 0 0 0 0 0 0 0 1 2 0 0 0 1 0 0 0 0 1 0 0 1 0 0 1 0 0 0 0 1 0 0 0 0 0 0 2 0 4 0 0 0 0 0 0 0 0 0 0 1 0 0 1 0 0 0 0 0 1 0 0 0 0 0 0 0 0 2 0 0 0 0 0 0 0 0 0 0 0 2 0 2 1 1 0 1 0 0 1 2 0 1 0 0 0 0 0
8 1 1 1 0 0 4 0 0 0 0 0 0 0 1 0 0 0 0 0 0 0 0 2 1 0 0 0 0 0 0 0 0 0 0 0 0 0 3 1 1 0 0 0 1 0 0 0 0 0 3 0 5 0 0 0 0 0 0 0 0 0 0 1 0 1 0 0 1 1 2 0 0 0 0 1 0 3 0 1 0 0 1 0 0 0 0 0 0 0 1 1 0 0 2 0 0 0 0 0
6 1 0 6 0 1 5 0 3 7 0 4 27 1 4 1 3 7 0 5 1 3 1 4 0 1 3 1 0 4 1 0 4 0 3 17 10 0 3 3 0 2 0 4 5 6 15 1 0 3 6 9 3 7 1 5 6 1 1 13 2 5 1 6 8 0 1 1 7 4 6 5 9 0 4 1 3 3 0 0 8 1 3 12 6 0 0 7 14 1 0 5 0 12 6 4 6 4 0 0
2 1 1 1 5 13 3 2 9 2 3 7 8 14 5 1 2 3 2 17 0 1 0 4 0 1 0 1 2 3 1 3 1 1 0 1 5 1 1 1 0 0 5 3 5 1 2 1 3 1 1 1 4 4 7 0 4 0 0 0 0 0 7 0 0 0 1 8 0 4 9 1 2 12 4 4 5 57 3 0 1 2 10 1 18 2 17 4 1 0 9 5 3 10 0 1 9 2 5 23
1 6 1 16 0 12 0 0 17 10 0 6 3 16 4 2 13 4 8 1 0 5 3 0 0 4 8 24 3 7 10 0 1 4 4 18 0 15 4 10 4 2 1 5 36 3 4 9 32 3 4 5 14 1 6 52 3 5 0 0 10 2 0 1 5 4 5 4 2 21 20 33 5 6 4 13 1 18 10 3 3 8 3 2 3 2 10 9 2 1 5 0 8 9 19 2 14 22 2 3
8 4 3 5 10 15 2 2 12 3 3 2 2 2 7 6 4 5 5 8 3 14 2 18 1 3 0 5 2 12 0 14 2 8 0 8 7 3 1 3 8 17 33 3 0 1 2 1 1 3 0 1 16 2 18 0 14 32 4 0 6 12 15 0 3 5 10 1 5 0 2 23 10 6 3 22 2 7 0 0 0 8 6 2 35 7 27 12 4 7 2 4 8 3 7 17 7 0 1 0
1 0 0 0 0 0 0 1 2 0 11 0 0 0 0 5 0 0 2 0 0 0 0 3 0 1 1 0 0 0 1 0 1 0 0 0 0 11 1 0 0 3 0 0 5 0 0 0 2 0 0 2 0 1 1 0 0 0 0 0 0 1 0 0 0 5 2 0 0 0 0 0 0 0 0 1 0 0 1 6 0 0 0 2 0 0 0 3 0 0 0 0 0 0 0 0 5 0 0 0
0 4 11 1 12 2 0 2 10 1 3 6 1 14 4 15 4 14 0 4 6 6 8 10 2 3 0 6 12 0 2 3 8 9 9 5 13 1 1 2 3 5 1 0 4 1 0 3 17 4 0 2 11 5 0 5 4 10 1 0 1 10 14 14 41 8 12 9 1 1 2 1 16 11 7 4 5 19 2 4 11 14 3 25 31 11 13 2 6 8 10 1 1 0 0 3 1 3 15 0
0 1 5 0 1 0 3 0 0 0 1 0 0 1 2 0 0 0 0 2 1 2 1 0 0 0 1 0 0 1 0 0 0 0 0 0 0 0 5 0 0 0 0 0 0 0 0 0 1 0 0 0 0 0 0 0 0 0 3 0 0 1 0 0 0 1 5 0 0 0 1 0 0 0 5 4 0 0 0 0 1 4 1 0 0 0 2 4 0 0 0 0 0 0 1 0 0 0 0 1
0 0 4 0 1 0 0 0 1 0 0 0 0 0 0 0 2 0 1 1 0 0 0 0 1 1 0 0 0 3 0 0 3 0 0 0 0 0 1 0 3 1 1 0 1 0 0 0 1 0 0 0 3 0 1 0 0 0 5 0 0 1 0 0 1 0 3 0 0 5 0 0 0 3 0 0 0 0 1 0 0 0 0 0 0 0 0 0 0 0 1 0 1 0 0 0 1 0 1 0
0 0 6 0 1 0 11 0 1 0 1 3 1 0 2 0 0 0 2 0 0 0 0 0 0 0 1 0 5 0 0 0 0 1 0 0 0 0 0 0 0 0 5 0 0 0 0 1 0 0 0 0 5 1 0 0 0 1 2 0 0 1 2 0 0 1 0 0 0 0 4 1 1 0 0 0 0 1 0 3 0 0 4 0 1 2 0 3 0 0 0 4 0 0 0 0 0 0 0 0
0 5 0 0 0 0 0 0 0 0 0 0 1 0 0 0 1 0 0 0 3 1 0 0 0 0 0 0 0 0 0 0 0 0 0 0 0 0 0 0 10 0 0 1 0 1 7 16 0 0 0 0 1 1 0 1 1 0 0 1 0 0 0 0 0 1 1 2 0 1 0 5 0 0 0 0 0 0 0 9 1 0 0 0 2 0 0 0 0 1 0 2 2 1 0 0 0 2 0 0
0 0 1 1 0 1 2 2 0 0 1 3 0 0 0 0 0 0 0 1 0 0 0 1 0 1 0 1 0 1 0 0 0 1 0 0 0 0 0 0 4 0 12 0 0 0 0 0 0 0 1 0 4 0 0 1 0 0 6 0 1 0 6 1 0 0 0 0 0 2 0 0 0 0 0 0 1 0 0 0 1 0 2 0 0 0 0 3 1 0 1 5 0 0 2 0 0 0 1 1
3 7 0 0 11 1 1 15 15 2 2 3 1 12 3 0 10 5 8 2 0 5 3 5 0 17 2 11 28 1 12 15 0 5 4 12 12 2 0 6 0 14 4 2 4 3 2 6 14 3 10 10 9 19 12 1 0 1 34 0 0 5 16 2 13 6 6 0 0 2 0 6 6 2 0 2 14 12 9 17 1 5 8 19 4 20 6 7 6 3 7 1 5 11 0 17 1 14 6 4
0 11 0 0 0 0 0 0 0 0 1 1 0 0 0 0 0 0 0 0 2 0 0 0 3 0 0 0 0 1 0 1 1 0 0 0 0 0 0 0 1 1 0 0 0 0 2 28 1 0 0 1 4 0 1 1 0 0 1 1 0 0 0 0 0 0 0 1 2 0 0 4 1 2 0 2 0 0 2 1 0 0 1 2 2 1 2 1 2 0 0 0 0 0 0 0 0 15 0 0
16 2 30 12 4 8 1 3 13 0 16 9 4 10 12 35 14 1 4 0 3 16 6 0 24 0 14 7 1 1 5 14 2 5 16 19 3 2 3 22 11 0 9 5 0 14 1 5 2 11 1 13 27 4 1 23 18 0 0 16 9 1 7 10 10 12 22 1 0 0 23 5 15 0 28 7 3 7 2 1 2 10 19 3 3 9 2 4 5 15 10 2 7 20 4 4 2 4 1 12
0 2 0 0 0 0 0 0 0 1 0 2 0 0 1 0 0 0 2 0 2 2 0 0 10 1 1 4 0 0 0 0 0 1 0 0 0 0 0 0 0 0 0 0 0 0 3 0 1 0 1 0 0 1 2 1 0 0 2 0 0 0 0 3 0 0 0 0 0 0 0 6 0 1 0 2 0 0 1 0 0 0 0 0 0 14 0 0 0 1 5 0 0 0 0 0 0 18 0 0
1 3 6 1 3 1 0 10 6 0 1 2 0 3 1 1 3 0 14 12 1 2 2 5 6 3 4 7 7 0 19 7 2 3 2 0 6 2 1 2 0 2 0 8 11 1 4 0 0 5 1 0 13 6 10 9 5 0 9 4 5 2 1 8 2 1 4 1 2 6 1 9 0 2 0 2 14 0 3 10 3 1 0 1 0 6 0 0 0 5 1 1 5 1 2 0 12 5 0 3
7 6 17 21 7 2 12 9 6 2 7 5 1 2 3 0 6 1 12 2 6 5 9 4 5 0 9 1 15 28 7 2 7 21 17 19 3 3 0 1 5 11 16 5 1 6 0 0 23 3 1 21 18 21 1 7 9 0 0 5 20 1 1 41 7 4 8 3 0 9 24 22 4 8 3 0 5 7 0 3 7 6 5 3 4 0 15 8 4 0 0 4 3 8 12 5 21 8 4 8
