775
538
584
778
678
646
801
551
943
959
879
531
924
571
677
908
913
870
925
537
627
686
552
666
922
887
944
938
752
826
513
685
804
534
792
695
667
562
789
581
629
599
591
927
738
540
763
946
539
767
556
651
960
575
736
655
935
507
761
937
964
633
538
636
720
962
662
802
696
834
861
773
762
665
659
612
510
913
507
542
931
568
739
641
739
622
846
857
829
833
909
766
910
671
596
656
548
966
815
751
816
957
712
847
664
806
740
526
805
627
806
783
610
520
640
898
784
501
721
895
858
642
849
890
551
807
711
532
516
614
951
535
613
690
873
714
519
793
677
792
965
954
572
963
864
648
952
812
869
680
755
666
664
822
713
947
731
775
844
593
574
946
742
679
534
605
592
704
956
568
875
724
749
560
582
869
852
630
760
654
797
752
864
595
960
753
633
733
617
740
746
837
642
923
694
845
593
934
536
652
660
856
902
527
912
949
554
891
915
767
658
500
954
716
616
765
782
903
634
508
502
799
819
881
607
932
609
636
576
902
748
867
672
883
786
695
769
577
942
916
883
688
834
698
615
521
723
517
788
765
628
626
625
795
856
607
897
755
813
759
871
786
870
599
890
625
914
644
735
924
671
776
865
719
951
701
802
655
824
557
895
561
522
757
523
930
746
874
596
825
968
650
743
798
594
905
943
549
794
531
522
514
837
547
687
570
565
638
566
749
578
778
601
669
821
838
519
923
635
553
754
815
846
685
708
871
835
766
512
503
589
768
702
533
772
513
674
564
668
849
957
940
733
850
797
904
729
807
619
699
831
756
651
545
643
682
650
936
948
789
843
825
812
516
647
694
600
780
898
709
814
860
691
893
616
827
548
661
586
610
588
586
704
939
637
843
803
968
903
560
565
858
852
777
854
577
658
692
619
692
604
673
608
745
861
564
892
953
686
504
819
826
793
547
896
859
747
929
866
880
698
955
589
851
708
574
865
845
961
931
967
891
741
783
942
672
822
911
544
503
556
922
518
543
930
660
736
901
700
521
654
830
712
787
769
820
620
706
710
520
833
576
881
877
703
575
817
947
644
601
907
587
782
613
827
552
571
512
717
640
759
617
500
938
502
901
501
761
592
734
919
800
918
705
615
779
690
667
570
853
505
505
509
504
506
506
508
509
510
511
511
974
515
514
515
526
517
518
529
524
524
528
523
525
525
527
528
529
530
530
976
532
533
542
535
536
537
539
540
541
541
543
544
545
546
546
988
550
549
550
557
553
554
555
555
558
559
558
559
561
563
562
563
981
567
566
567
569
569
978
573
572
573
581
579
579
583
578
580
580
582
583
584
585
585
979
587
588
590
590
591
600
598
594
595
597
597
598
603
602
602
604
603
605
606
606
982
608
609
611
611
612
976
614
618
618
621
620
621
624
622
623
623
624
632
626
630
628
629
631
631
632
984
634
635
637
638
639
639
975
641
643
645
645
647
646
648
649
649
716
653
652
653
723
657
656
657
721
659
661
663
662
663
676
665
679
668
669
670
670
676
673
674
675
675
682
680
678
681
683
681
683
684
684
718
687
688
689
689
718
691
693
693
722
697
696
697
724
699
700
701
702
703
705
706
707
707
725
709
710
711
713
714
715
715
717
720
725
719
727
731
722
727
726
728
726
729
728
730
730
732
732
987
734
735
737
737
738
985
743
741
742
744
744
745
977
747
748
750
750
751
974
753
754
756
757
758
758
997
760
762
764
763
764
990
768
771
770
770
772
771
773
774
774
975
776
777
779
780
781
781
981
785
784
785
791
787
788
790
790
791
980
794
795
796
796
801
798
799
800
803
805
804
808
811
809
808
810
809
810
811
977
813
814
818
816
817
818
836
820
821
823
823
824
840
828
828
830
829
831
832
832
835
836
839
838
839
842
840
841
841
842
980
844
877
848
847
848
878
850
851
853
854
855
855
885
857
863
859
860
862
862
863
878
866
868
867
868
879
872
872
874
873
875
876
876
885
882
880
884
886
882
889
884
886
888
887
888
889
991
892
893
894
894
900
896
897
899
899
900
907
908
904
905
906
906
909
917
912
910
911
921
914
916
915
917
918
919
920
920
921
982
927
926
925
926
928
928
929
998
933
932
933
934
935
936
937
939
940
941
941
985
945
944
945
964
948
949
950
950
961
952
953
962
955
956
958
958
959
963
966
965
972
969
967
971
970
969
971
970
972
973
973
979
990
986
978
983
984
986
983
989
996
987
993
995
992
988
989
991
994
992
993
994
995
996
997
998
-1
