799
828
505
716
793
925
794
840
969
514
606
816
796
815
857
864
609
802
740
587
548
737
862
757
546
571
798
645
807
702
805
966
539
713
913
846
797
730
787
745
531
968
506
733
586
574
604
525
520
833
781
511
559
501
880
570
966
730
935
509
664
902
881
628
824
504
617
660
669
929
825
933
910
896
714
610
818
867
822
790
674
923
602
703
648
739
582
700
681
940
782
731
834
765
918
560
576
761
840
675
856
969
754
905
758
581
581
780
784
892
673
733
826
591
866
769
686
720
624
631
828
532
505
853
697
934
522
589
529
683
526
757
583
510
871
549
716
524
743
834
567
691
554
578
884
708
609
641
699
898
851
525
670
644
805
922
585
842
762
636
510
901
911
836
614
615
886
743
678
687
570
607
632
884
718
677
677
892
536
928
650
744
550
909
674
635
815
562
797
907
572
706
580
830
673
715
792
723
921
767
919
891
955
838
653
887
558
697
785
871
937
519
634
726
537
755
901
671
638
763
666
890
556
539
931
771
513
894
710
559
914
508
711
670
924
854
508
565
612
820
710
564
691
760
867
868
635
921
779
550
770
768
511
704
956
531
580
735
568
963
660
903
742
654
657
870
723
747
534
913
592
765
859
623
808
910
784
655
811
817
849
858
623
753
524
679
793
754
707
638
644
631
957
838
909
652
681
662
916
773
753
945
814
502
639
873
874
700
579
596
688
617
847
773
930
633
661
567
552
941
952
850
945
703
964
918
605
551
636
654
749
611
962
816
619
599
646
626
601
724
786
861
781
672
806
621
882
500
872
665
688
810
645
668
893
543
821
726
967
712
521
662
789
800
890
656
880
668
599
555
728
881
528
747
725
541
766
792
721
606
625
501
720
545
845
682
902
846
504
963
543
561
897
835
538
760
737
540
780
759
935
610
807
942
869
906
942
727
750
865
649
514
546
583
936
962
883
682
558
820
512
957
602
722
569
717
936
926
853
679
690
621
552
845
877
859
698
549
500
900
799
855
885
806
825
900
652
849
925
762
827
802
571
920
740
705
616
944
683
894
646
732
836
563
764
746
738
824
953
533
605
832
829
915
600
575
572
929
876
772
628
914
734
544
709
937
584
933
659
927
788
634
810
748
532
862
903
618
530
860
503
502
503
517
507
506
507
520
509
517
516
512
513
515
515
516
518
518
519
521
522
523
523
992
527
526
527
528
529
530
974
533
534
535
535
536
537
538
540
541
542
542
988
544
545
547
547
548
578
551
553
553
555
554
556
557
557
591
562
560
561
563
564
565
566
566
593
568
569
579
573
573
575
574
576
577
577
597
589
588
588
582
584
586
585
587
590
595
594
590
592
593
595
594
596
598
597
598
993
600
601
603
603
604
986
608
607
608
622
611
612
613
613
614
615
616
618
619
620
620
625
622
626
624
627
629
627
629
630
630
976
632
633
637
637
640
639
640
643
641
642
642
643
989
647
647
649
648
650
651
651
980
653
657
655
656
658
658
659
661
663
663
665
664
666
667
667
975
669
696
671
672
685
676
675
676
686
678
680
680
685
684
684
692
694
687
690
689
689
693
693
692
694
695
695
696
987
698
699
701
701
702
977
704
705
706
707
708
709
973
711
712
713
714
715
717
718
719
719
981
721
722
972
724
725
727
728
729
729
980
731
732
734
735
736
736
981
738
739
741
741
742
752
744
745
746
750
748
749
751
751
752
974
756
755
756
769
758
759
766
761
767
763
764
768
771
770
777
774
772
776
775
774
776
775
777
778
778
779
982
783
782
783
787
785
786
788
789
790
791
791
983
795
794
795
796
800
798
801
803
801
803
804
804
985
812
809
808
809
813
811
812
813
814
986
817
818
819
819
821
823
822
823
978
832
826
827
829
830
831
831
833
837
835
839
841
837
844
839
841
843
842
843
844
979
848
847
848
850
852
851
852
976
854
855
856
857
858
865
860
861
863
863
864
866
875
870
868
869
879
872
874
873
875
876
877
878
878
879
977
889
882
883
887
885
886
888
888
889
982
891
893
895
895
897
896
898
899
899
951
953
904
904
906
905
907
908
908
951
912
911
912
954
915
916
917
917
952
919
920
950
922
923
924
939
926
927
928
930
931
932
932
940
934
939
938
938
946
948
941
944
943
943
947
947
946
948
949
949
950
956
955
954
958
961
959
958
960
959
960
961
975
965
964
965
971
967
968
970
970
971
972
973
984
983
984
985
978
979
990
995
987
989
992
988
991
995
990
998
993
991
994
996
994
996
997
997
998
-1
