923
589
707
887
830
793
931
603
926
789
649
890
578
567
696
646
782
941
964
574
691
735
778
680
766
558
592
518
802
526
564
810
712
915
540
529
897
872
827
797
721
597
873
816
775
612
860
817
718
954
729
643
741
814
795
587
619
760
930
569
664
870
647
828
670
890
673
515
580
962
785
654
867
662
827
689
876
631
755
919
527
923
945
687
584
716
736
852
625
808
710
774
578
776
652
561
634
832
924
769
535
629
891
830
902
546
738
663
548
500
938
782
682
847
853
744
557
678
833
831
554
503
711
671
835
778
598
666
873
586
536
811
575
576
590
727
623
632
555
897
674
820
656
626
620
819
816
918
843
905
655
935
902
571
909
711
667
742
765
714
685
650
921
939
883
948
669
849
517
524
842
884
663
858
771
562
724
635
851
762
819
932
622
599
591
662
780
549
666
692
891
573
834
916
540
726
934
534
879
522
899
604
843
777
603
798
677
910
875
598
620
855
826
715
656
605
646
783
500
945
882
703
805
644
803
765
903
590
957
633
515
807
553
845
941
724
554
623
584
594
749
731
905
779
657
617
893
895
926
652
628
568
857
835
741
732
789
914
943
573
785
844
855
657
684
526
688
679
702
869
909
912
907
581
791
514
717
874
570
946
790
861
563
895
805
702
874
957
532
836
670
727
637
643
831
787
848
930
645
621
747
852
676
928
649
892
542
626
518
734
893
548
697
636
705
797
536
606
559
596
739
601
629
800
722
528
673
911
506
877
560
596
867
738
502
541
876
560
531
758
883
858
720
746
948
501
767
650
676
608
501
886
553
687
614
821
539
616
784
940
691
725
925
773
822
910
587
614
730
808
504
637
545
920
617
648
950
773
731
740
735
523
690
607
600
694
836
627
829
802
575
714
863
512
851
651
696
704
743
699
942
751
698
577
638
538
799
841
766
585
668
734
633
856
509
511
551
770
760
947
638
503
888
509
710
669
767
745
611
593
932
870
949
845
818
675
882
634
506
761
562
693
868
935
915
512
889
716
721
521
521
550
692
821
538
592
615
927
599
861
806
811
542
904
798
534
786
530
579
794
759
751
516
510
678
653
832
914
919
720
748
933
549
813
730
906
697
815
707
525
864
823
608
683
964
879
862
841
791
804
504
502
505
507
505
507
508
508
977
510
511
513
513
514
520
516
517
519
519
520
983
522
523
524
525
529
527
528
530
531
532
533
533
991
535
537
537
541
539
544
543
543
545
544
546
547
547
990
550
551
552
552
566
556
555
556
557
558
559
569
561
563
565
564
565
566
567
568
570
571
572
572
975
574
583
576
577
581
579
580
582
582
583
981
585
586
588
588
589
976
591
593
594
595
595
986
597
607
600
601
602
602
610
604
605
606
609
609
611
610
612
613
613
995
615
616
618
618
619
988
621
622
624
624
625
975
627
628
630
630
631
632
636
635
639
642
640
639
641
640
641
642
985
644
645
980
647
648
989
653
651
655
654
658
661
659
658
660
659
660
661
978
665
664
665
982
667
668
977
672
671
672
982
674
675
682
677
679
681
680
681
683
684
685
686
686
987
688
689
690
701
693
694
695
695
704
698
699
700
700
701
705
703
706
708
706
708
709
709
996
713
712
713
985
715
717
719
718
719
746
723
722
723
757
725
726
728
728
729
747
733
732
733
753
737
736
737
752
739
740
749
742
743
744
745
748
753
754
750
750
752
758
754
756
755
756
757
763
759
762
761
763
764
764
978
768
768
770
769
771
772
772
984
774
775
776
777
779
780
781
781
984
783
784
786
787
788
788
790
792
792
794
793
795
796
796
952
799
800
801
801
960
803
804
970
806
807
809
809
810
812
812
813
814
815
968
817
818
824
820
825
822
823
824
825
826
963
828
829
958
834
833
837
840
838
837
839
838
839
840
959
842
844
846
846
848
847
849
850
850
955
854
853
854
866
856
857
859
859
860
864
862
863
865
865
866
956
868
869
871
871
872
958
877
875
878
880
878
880
881
881
953
885
884
885
886
887
888
889
894
892
896
898
894
901
896
898
900
899
900
901
953
903
904
906
907
908
908
970
911
912
913
913
952
917
916
917
918
920
921
922
922
954
924
925
927
928
929
929
959
931
937
933
934
936
936
937
938
939
940
942
943
944
944
963
946
947
949
950
951
951
960
969
956
955
961
965
962
968
961
969
966
965
967
967
966
972
972
971
971
973
973
974
974
980
976
979
979
986
991
981
983
992
990
987
989
988
993
995
992
993
994
997
994
996
998
997
998
-1
