551
584
962
673
637
868
730
577
845
741
632
619
515
678
705
642
960
685
813
702
585
942
786
589
899
810
733
782
902
882
681
859
734
598
671
848
556
616
825
654
675
651
663
722
692
947
688
511
626
883
823
627
839
819
533
699
820
910
844
570
783
569
932
836
549
817
622
771
648
787
733
516
682
684
618
506
768
799
925
660
769
657
525
694
822
611
653
600
632
756
798
964
921
935
505
541
905
827
927
915
818
706
775
890
578
617
604
963
542
587
844
781
961
727
504
820
698
598
806
944
521
590
508
831
625
534
792
692
501
541
666
816
583
782
705
857
931
502
723
711
662
635
649
862
617
712
918
952
708
914
747
752
789
958
677
816
639
577
880
528
629
698
913
569
900
675
823
878
765
661
795
526
751
571
948
500
546
661
501
518
764
791
837
524
744
652
638
652
902
535
532
911
812
776
584
865
655
871
916
883
690
514
562
573
775
818
898
605
715
527
835
936
966
863
800
515
520
672
695
580
771
899
612
626
505
839
554
558
778
645
611
664
903
571
926
938
751
684
924
879
701
952
895
847
898
861
942
790
846
557
905
801
548
850
874
686
940
729
878
722
514
508
780
933
896
790
654
712
670
699
725
657
546
607
601
762
833
738
537
766
614
693
663
544
736
543
549
641
588
524
532
810
566
780
724
907
765
931
592
759
745
727
557
830
904
836
744
932
761
884
793
579
565
509
785
531
574
678
949
949
890
909
842
966
929
723
640
773
560
849
928
676
759
802
792
801
714
826
841
530
730
518
586
858
542
613
669
754
591
592
669
714
643
648
582
530
746
920
867
702
552
826
915
685
728
582
506
521
559
740
710
689
735
753
781
913
895
821
593
943
871
924
504
762
633
630
848
567
629
918
943
865
738
588
567
868
553
884
770
872
927
951
562
700
855
921
767
840
937
565
772
634
519
707
593
599
625
637
572
620
609
860
589
619
500
539
959
965
681
756
910
666
866
606
832
536
650
892
916
538
852
874
786
876
526
919
749
862
748
886
798
717
888
873
608
612
795
734
578
835
777
854
909
813
800
630
552
760
706
875
785
888
710
811
906
885
547
861
741
852
633
683
944
739
716
747
855
886
776
686
882
853
939
934
671
897
622
799
719
748
503
502
503
507
507
510
509
510
513
511
512
512
513
992
517
516
517
523
519
520
522
522
523
974
525
527
529
528
529
988
531
534
533
537
535
536
538
539
540
540
993
543
544
545
545
556
547
548
550
550
551
553
555
554
555
559
560
558
561
563
561
563
564
564
986
566
568
568
576
570
574
572
573
575
575
576
976
579
580
581
581
604
583
603
585
586
587
591
590
594
597
595
594
596
595
596
597
601
599
600
602
602
603
607
605
606
608
609
610
610
989
613
614
615
615
616
620
618
621
623
621
623
624
624
980
628
627
628
647
631
631
645
634
636
635
636
642
638
639
640
641
644
643
644
646
646
647
975
649
650
651
655
653
656
658
656
658
659
659
660
664
662
665
667
665
667
668
668
987
670
672
674
673
674
680
676
677
679
679
680
977
682
683
697
687
687
689
688
690
691
691
695
693
694
696
696
697
973
704
700
701
703
703
704
713
707
708
709
709
716
711
713
719
717
715
718
720
718
720
721
721
981
724
725
726
726
732
728
729
731
731
732
972
735
736
737
737
743
739
740
742
742
743
980
745
746
750
753
749
750
754
752
755
757
755
757
758
758
981
760
761
763
763
764
974
766
767
768
769
770
772
773
774
774
982
777
778
779
779
983
805
784
783
784
808
788
787
788
789
793
791
794
796
794
796
797
797
805
803
803
807
802
804
804
806
807
808
809
809
815
811
812
814
814
815
985
817
828
819
831
821
822
824
824
825
828
827
829
829
830
832
833
834
834
986
838
837
838
840
841
842
843
843
978
845
846
847
849
850
851
851
979
853
854
856
856
857
858
859
860
976
864
863
864
870
866
867
869
869
870
977
872
873
875
876
877
877
879
881
880
881
982
887
885
889
891
887
894
889
891
893
892
893
894
975
896
897
962
901
900
901
959
903
904
906
907
908
908
960
912
911
912
961
914
957
917
917
923
919
920
922
922
923
946
925
926
928
929
930
930
947
935
933
934
938
936
937
939
940
941
941
946
945
945
953
955
948
951
950
950
954
954
953
955
956
956
957
958
964
963
970
967
965
969
968
967
969
968
970
971
971
972
973
984
983
984
985
978
979
990
995
987
989
992
988
991
995
990
998
993
991
994
996
994
996
997
997
998
-1
