845
681
907
613
950
947
578
839
767
545
867
929
808
836
744
672
564
816
559
573
693
647
854
608
770
510
752
664
691
639
805
505
722
609
590
882
695
600
648
746
902
632
516
938
564
638
735
956
756
524
813
806
696
823
677
670
767
685
961
795
905
949
604
928
955
798
512
916
597
939
783
528
801
636
704
525
822
809
954
572
890
741
846
533
855
601
786
946
555
661
880
943
883
842
838
759
829
944
781
734
796
938
862
563
799
768
674
571
821
614
688
561
536
854
909
814
888
875
954
697
898
575
683
865
605
778
860
953
892
657
737
833
730
878
658
522
716
543
677
958
756
657
780
690
532
757
912
526
804
859
568
857
876
941
879
837
519
947
716
950
785
595
538
816
532
633
774
504
624
620
784
587
720
603
572
654
899
528
808
910
613
870
727
946
554
834
705
650
927
711
729
555
694
903
747
575
619
961
933
748
630
663
612
915
867
717
569
764
641
554
788
825
534
700
724
828
604
667
675
659
506
540
596
551
705
719
576
713
909
765
778
759
521
848
761
603
785
798
736
669
958
519
591
811
803
652
818
758
619
696
641
781
717
567
701
655
686
600
557
833
810
530
861
546
622
511
850
511
660
891
527
957
654
859
837
592
809
594
594
830
820
901
845
868
707
501
774
915
709
673
514
533
709
727
542
591
730
885
864
827
898
502
760
911
552
573
918
874
948
863
667
547
736
634
964
661
621
777
505
913
685
616
747
906
943
586
694
656
918
902
589
706
627
504
674
540
969
934
744
848
878
584
588
699
926
763
940
687
700
720
851
939
739
587
892
543
664
718
788
688
900
870
805
933
936
699
546
931
607
649
707
770
776
893
522
945
746
935
872
738
541
849
905
703
888
794
670
549
789
629
581
608
627
668
602
513
583
508
840
839
651
815
556
593
581
930
817
611
842
728
929
829
725
820
800
846
921
764
698
723
560
691
926
875
630
856
529
786
772
537
551
500
679
885
584
920
901
548
763
824
823
869
568
769
804
662
640
547
553
520
784
893
615
507
607
934
745
779
571
501
827
771
506
589
733
678
682
882
500
795
614
611
628
794
724
689
582
855
912
673
741
955
776
723
874
889
835
871
956
860
567
557
679
923
534
733
516
624
914
884
503
502
503
981
510
507
508
509
509
513
514
512
515
517
515
517
518
518
980
520
521
523
523
524
525
526
527
529
530
531
531
995
535
535
537
536
538
539
539
974
541
542
544
544
545
971
548
549
550
550
994
552
553
565
556
558
558
560
559
561
562
562
563
566
565
566
992
570
569
570
574
574
577
576
577
580
578
579
579
580
647
582
583
585
585
586
637
588
634
590
597
592
593
598
595
596
599
598
599
635
601
602
636
606
605
606
633
610
609
610
618
612
621
615
616
617
617
618
622
620
623
625
623
625
626
626
637
628
629
631
631
632
635
639
638
645
642
640
644
643
642
644
643
645
646
646
650
648
649
651
652
653
653
986
655
656
976
658
659
660
666
662
663
665
665
666
998
668
669
671
671
672
971
676
675
676
678
680
680
682
681
683
684
684
990
686
687
988
689
690
692
692
693
976
695
703
697
698
704
702
701
702
711
708
706
710
712
708
715
710
712
714
713
714
715
751
754
718
719
721
721
722
751
726
725
726
732
728
729
731
731
732
735
734
738
739
737
740
742
740
742
743
743
745
749
749
753
748
750
750
752
753
754
755
755
978
757
758
760
761
762
762
978
766
765
766
975
768
769
771
772
773
773
775
775
975
777
787
779
780
782
782
783
791
787
790
789
790
793
791
792
792
793
972
797
796
797
801
799
800
802
802
803
983
807
806
807
973
810
811
812
812
813
814
815
817
818
819
819
973
821
822
824
825
826
826
830
828
831
832
831
832
982
834
835
836
840
838
841
843
841
843
844
844
853
847
847
851
849
850
852
852
853
974
856
857
858
858
984
862
861
863
864
865
866
866
977
868
869
871
872
873
873
887
877
876
877
879
881
880
881
889
883
884
886
886
887
891
890
894
897
895
894
896
895
896
897
979
899
900
917
904
903
904
906
908
907
908
920
910
911
917
913
914
923
916
919
921
919
922
924
922
924
925
925
972
927
928
930
931
932
932
964
935
936
937
937
966
940
941
942
942
962
944
945
963
952
948
949
951
951
952
953
957
960
962
959
959
960
968
966
963
967
965
965
968
967
970
969
970
987
985
980
977
979
986
989
981
982
983
984
990
993
985
992
989
987
988
991
991
997
994
993
996
995
996
997
998
-1
