627
745
959
877
608
678
537
955
914
575
538
633
922
932
579
620
563
624
665
628
910
552
823
610
821
834
516
594
753
920
843
967
835
869
507
851
768
826
697
648
501
625
911
649
693
621
627
623
834
608
646
885
807
779
804
504
863
581
953
706
925
855
912
637
754
536
514
945
841
639
700
951
922
875
832
611
527
766
709
823
758
941
656
830
661
540
939
923
586
869
831
666
965
956
740
565
830
948
878
685
911
515
929
800
576
606
630
776
950
892
691
510
506
882
672
578
629
764
860
735
668
947
854
541
808
954
694
942
925
970
864
713
797
810
770
679
819
782
844
818
753
811
948
971
624
962
805
723
560
741
729
530
958
505
969
566
723
718
839
521
798
505
848
685
540
518
756
508
585
837
970
927
565
759
871
751
601
667
719
863
619
846
761
930
547
584
667
537
783
595
664
705
543
957
824
804
861
687
868
693
711
943
936
696
597
847
583
551
836
652
588
788
942
775
938
745
545
969
914
792
731
675
736
524
758
800
502
806
602
507
510
924
531
530
678
554
695
551
944
585
670
820
643
522
620
609
713
816
535
787
613
702
793
571
526
645
568
553
604
623
740
569
782
760
705
826
870
810
594
792
517
734
588
725
932
763
612
843
669
649
815
500
561
520
936
634
857
613
641
795
548
571
696
747
614
676
533
643
735
632
714
650
659
658
746
874
657
916
686
866
652
910
957
662
761
954
727
966
664
894
755
818
934
739
681
754
835
743
555
609
707
965
915
802
774
524
880
828
790
886
706
638
859
675
812
600
654
542
556
601
690
877
573
698
697
661
960
852
799
888
807
846
718
772
868
951
701
845
734
850
589
794
778
581
687
919
776
865
785
784
532
575
710
871
633
976
931
715
614
742
513
557
926
680
727
632
619
720
889
939
933
679
738
793
536
683
646
707
610
663
769
605
683
887
825
556
916
975
764
570
937
553
597
596
797
856
783
762
819
771
577
881
750
501
879
500
779
851
704
604
546
580
513
541
959
640
894
949
628
840
777
527
567
789
880
586
962
913
651
741
644
535
809
600
598
531
747
788
555
582
516
860
827
738
886
724
554
850
582
864
521
572
525
814
672
677
855
774
584
653
839
704
801
725
859
974
698
721
714
520
503
502
503
504
508
506
509
511
509
511
512
512
978
514
515
517
518
519
519
991
523
522
523
529
525
526
528
528
529
993
532
533
534
534
979
550
539
538
539
548
542
543
544
544
545
546
547
549
549
550
997
552
560
558
558
562
557
559
559
561
562
563
564
564
987
566
567
568
569
570
572
573
574
574
986
576
577
578
579
580
982
587
583
591
587
590
589
590
593
591
592
592
593
981
595
596
599
598
599
981
603
602
603
605
607
606
607
991
612
611
615
618
616
615
617
616
617
618
989
622
621
622
983
626
625
626
636
629
630
631
631
639
635
634
635
636
637
638
640
641
642
642
978
644
645
647
647
648
656
650
651
653
654
655
655
657
658
659
660
660
985
662
663
666
665
669
670
668
671
673
671
673
674
674
980
676
677
686
680
681
682
682
684
684
689
688
688
690
689
691
692
692
980
694
695
890
699
699
701
700
702
703
703
721
722
708
708
710
709
711
712
712
715
716
717
716
717
729
719
720
722
726
724
728
730
726
733
728
730
732
731
732
733
895
737
736
737
896
739
746
742
743
744
744
749
748
748
750
749
751
752
752
888
755
756
757
757
767
759
760
770
762
763
765
765
766
767
768
769
771
772
773
773
884
775
781
777
778
780
780
781
898
784
785
786
786
787
789
790
791
791
901
794
795
796
796
891
798
799
801
802
803
803
885
805
806
813
808
809
814
811
812
813
815
816
817
817
892
820
822
821
822
884
824
825
827
828
829
829
831
833
832
833
893
836
837
838
838
840
842
841
842
887
844
845
847
849
848
849
896
853
852
853
854
856
857
858
858
907
862
861
862
898
865
866
867
867
870
873
872
872
874
873
875
876
876
904
878
879
881
883
882
883
889
891
899
897
893
890
901
899
909
900
895
897
903
900
906
905
902
902
905
903
904
907
906
908
908
909
992
915
912
913
918
917
917
919
918
920
921
921
979
923
924
926
927
928
928
929
930
931
933
934
935
935
996
937
938
940
940
941
945
943
944
946
946
947
983
949
950
952
952
953
973
955
956
960
958
961
963
961
963
964
964
966
968
967
968
974
972
971
972
973
975
976
977
977
984
989
988
988
982
984
986
985
987
990
995
994
990
992
993
995
994
996
998
997
998
-1
