899
862
754
954
571
532
751
579
699
762
679
881
731
706
580
757
574
828
704
766
697
891
598
926
900
902
612
586
747
814
532
850
595
560
523
652
724
794
535
709
707
829
607
897
687
505
633
897
551
658
570
963
527
887
564
959
522
830
853
945
728
688
576
914
718
753
849
525
810
570
710
872
860
924
672
708
578
784
953
512
572
542
649
502
539
622
883
723
767
829
935
826
528
787
765
965
683
843
893
534
942
815
640
927
840
805
509
722
873
750
896
919
518
701
769
517
680
734
606
510
605
648
894
594
823
825
882
590
925
855
661
601
745
620
615
536
778
842
781
898
880
813
832
774
642
671
719
545
799
641
732
561
948
770
920
755
591
800
629
584
806
721
567
929
952
635
645
630
811
625
736
867
919
512
788
514
809
557
693
928
642
782
682
712
775
922
890
794
659
571
903
766
725
799
609
907
503
956
839
579
849
904
871
722
663
674
749
505
558
516
542
866
967
670
583
543
680
858
669
556
882
545
774
628
760
711
598
725
712
872
696
955
929
637
726
632
690
837
511
638
823
908
802
718
599
606
944
616
582
779
851
742
877
524
834
662
621
869
930
801
626
850
925
582
953
615
840
781
663
713
589
655
854
540
527
943
664
516
678
875
753
810
587
624
501
885
868
817
634
735
865
720
683
769
938
625
935
659
788
530
523
736
703
698
696
585
520
686
687
584
783
529
609
843
671
778
836
859
664
632
700
708
528
737
547
601
764
846
563
921
957
796
816
692
557
964
780
831
936
637
804
938
748
651
535
864
892
834
519
893
744
562
862
713
649
723
590
603
960
732
648
830
930
759
758
772
575
513
618
669
656
538
507
943
617
518
562
966
681
820
636
652
533
701
898
600
610
906
940
737
901
858
884
790
813
537
901
742
690
745
864
620
946
504
920
672
607
539
639
851
544
686
693
752
500
704
709
629
792
792
847
789
771
650
926
748
675
817
655
578
837
841
673
660
958
805
937
565
586
878
678
826
887
951
556
939
804
754
890
564
871
951
589
877
770
959
808
880
506
879
560
602
702
790
809
691
500
857
958
945
657
824
743
733
585
786
533
572
948
624
721
782
553
616
846
546
835
567
800
765
628
605
908
538
848
867
892
875
857
756
501
502
503
504
506
507
508
508
509
510
511
513
514
515
515
971
517
519
520
521
521
522
524
525
526
526
974
529
530
531
531
549
552
534
549
536
537
550
541
540
541
552
543
544
546
547
548
548
554
550
551
553
554
555
555
978
559
558
559
983
561
565
563
566
568
566
568
569
569
969
573
573
575
574
576
577
577
971
581
580
581
996
583
593
594
588
587
588
593
592
591
592
596
595
596
597
597
988
599
600
602
603
604
604
608
608
611
610
611
614
612
613
613
614
974
617
618
619
619
621
623
622
623
980
627
626
627
641
631
630
631
644
633
634
635
636
640
638
639
646
643
643
645
644
646
647
647
969
654
650
651
653
653
654
658
656
657
660
662
661
665
668
666
665
667
666
667
668
972
670
677
675
673
674
676
676
677
970
679
685
681
682
684
684
685
988
689
688
689
695
691
692
694
694
695
981
697
698
699
700
979
702
703
705
705
706
707
711
710
714
717
715
714
716
715
716
717
985
719
720
731
724
727
726
727
730
728
729
729
730
733
735
734
738
741
739
738
740
739
740
741
973
743
744
746
746
747
975
749
750
751
752
762
757
755
756
758
759
760
761
761
763
763
764
985
768
767
768
775
771
772
773
773
776
777
776
777
976
779
780
786
783
785
784
785
787
791
789
793
795
791
798
793
795
797
796
797
798
980
801
802
803
803
816
807
806
807
808
819
812
811
812
815
814
821
818
818
820
819
821
822
822
982
824
825
827
827
828
970
831
832
833
833
977
835
836
838
838
839
845
841
842
844
844
845
979
847
848
983
852
852
854
853
855
856
856
896
859
861
860
861
863
863
904
865
866
868
869
870
870
914
874
873
874
876
876
912
878
879
881
884
885
883
886
888
886
888
889
889
907
891
902
895
894
895
903
913
900
899
905
909
906
912
905
913
910
909
911
911
910
916
916
915
915
917
917
918
918
996
921
922
923
923
924
928
927
931
934
932
931
933
932
933
934
989
936
937
939
940
941
941
942
946
944
947
949
947
949
950
950
972
952
962
954
955
956
957
965
961
960
961
962
963
964
966
967
968
968
991
995
977
990
973
978
975
976
986
982
981
984
993
987
984
987
986
989
992
991
992
990
997
993
994
994
995
998
997
998
-1
