543
842
664
929
606
744
860
924
944
814
926
845
595
553
530
542
607
825
574
540
870
600
705
584
882
808
501
761
591
689
554
930
617
522
948
590
525
758
921
634
645
748
753
721
853
544
534
823
922
759
949
565
843
644
847
675
943
968
522
715
952
796
856
577
552
550
821
699
913
668
931
749
754
951
716
919
727
587
516
904
510
928
585
748
946
515
818
885
537
876
539
878
795
772
597
813
649
683
652
876
826
690
628
548
861
961
529
679
905
627
743
942
502
916
923
765
695
898
500
729
698
942
766
627
689
694
883
753
899
813
956
932
680
809
816
543
736
741
834
815
898
722
570
926
508
681
649
556
819
574
818
566
918
916
698
831
503
671
887
830
871
625
523
751
965
972
528
517
903
626
800
558
518
769
835
591
601
840
620
580
893
505
697
561
846
586
604
721
806
603
688
732
963
702
793
756
894
919
624
904
705
901
896
872
746
677
507
557
631
609
715
737
768
853
957
589
903
576
797
527
605
768
825
847
765
866
800
959
771
693
553
617
575
505
593
776
592
683
671
618
556
791
948
685
974
565
808
828
682
848
729
519
960
930
863
909
886
776
802
610
887
546
934
790
839
772
634
773
665
933
563
545
841
900
719
599
620
673
775
631
726
739
679
838
724
745
931
956
600
512
603
957
667
864
871
616
723
833
730
788
648
702
755
531
508
684
528
928
612
854
575
778
936
874
744
888
750
801
834
549
936
589
585
945
655
606
500
837
856
692
967
732
537
669
820
858
879
557
668
927
540
964
822
843
821
908
687
749
896
734
616
860
779
893
785
578
531
848
688
954
908
622
811
810
532
971
787
777
583
895
518
567
529
515
731
619
701
662
814
736
596
917
827
809
929
761
837
663
630
605
911
855
696
877
726
763
883
910
559
621
548
593
866
672
774
670
888
944
544
785
691
624
798
506
792
873
568
692
637
708
676
599
857
844
959
511
913
963
673
718
805
791
733
795
558
662
517
642
770
767
740
502
713
660
953
788
754
739
782
538
922
646
781
699
802
722
868
884
862
720
552
950
614
562
571
760
872
577
516
935
833
583
832
611
865
826
762
504
569
899
663
738
952
628
717
700
559
613
687
870
647
629
527
973
797
799
967
786
867
580
501
512
503
504
513
506
507
509
509
510
511
514
513
514
976
520
520
524
519
521
521
523
524
525
526
526
655
530
533
532
533
536
534
535
535
536
657
538
539
541
541
542
653
545
546
547
547
549
551
550
551
654
555
554
555
644
573
560
560
562
561
563
564
564
571
566
567
568
569
570
572
572
573
647
578
576
579
581
579
581
582
582
652
584
586
588
587
588
646
590
592
594
594
596
595
597
598
598
637
602
601
602
639
604
609
608
607
608
612
610
611
613
614
615
615
635
636
618
619
621
622
623
623
626
625
629
630
633
635
632
632
633
641
639
636
640
638
638
641
640
643
642
643
645
648
651
653
650
650
651
659
657
654
658
656
656
659
658
661
660
661
984
665
664
666
666
667
994
669
670
672
674
674
676
675
677
678
678
708
680
681
682
684
685
686
686
710
706
707
690
691
697
693
694
695
696
700
701
704
706
703
703
704
712
710
707
711
709
709
712
711
714
713
714
992
716
717
718
719
720
987
723
724
725
725
728
727
728
982
730
731
733
734
735
735
983
737
738
740
742
741
742
743
745
746
747
747
979
750
751
752
752
980
755
756
757
757
758
759
760
762
763
764
764
982
766
767
770
769
771
780
775
773
774
784
777
779
778
780
781
782
783
783
784
977
786
787
789
789
790
792
794
793
794
977
796
801
798
799
804
803
803
805
804
806
807
807
994
810
811
812
812
976
815
816
817
817
978
819
820
822
824
823
824
983
827
828
829
829
830
831
832
987
836
835
836
842
838
839
840
841
844
846
845
849
852
850
849
851
850
851
852
984
854
855
857
858
859
859
988
861
862
863
864
865
867
868
869
869
882
881
873
874
875
875
879
877
878
880
880
881
884
886
885
889
892
890
889
891
890
891
892
978
894
895
897
897
907
900
901
902
902
910
906
905
906
907
911
909
912
914
912
914
915
915
986
917
918
920
920
921
923
925
924
925
981
927
932
934
933
940
937
935
939
938
937
939
938
940
941
941
981
943
945
946
947
947
969
949
950
951
953
954
955
955
972
958
958
960
962
961
962
964
966
965
966
969
968
970
970
971
973
974
975
975
988
993
980
979
985
989
986
992
985
993
990
989
991
991
990
996
996
995
995
997
997
998
998
-1
