488
453
404
385
368
357
352
304
246
229
174
157
131
120
113
112
93
24
22
14
0
494
465
428
426
424
420
390
373
343
309
298
251
242
240
237
197
176
156
155
139
128
124
63
29
23
198
344
446
412
345
329
272
371
87
430
341
61
478
98
457
461
299
403
407
107
349
319
434
318
359
408
386
437
225
409
243
95
75
266
372
473
258
326
7
338
268
367
219
454
175
27
125
300
283
280
447
163
322
108
365
227
181
324
94
52
104
153
110
200
26
379
17
422
73
294
320
399
425
438
435
115
34
348
253
60
360
182
143
423
222
101
118
147
199
212
296
117
328
206
274
391
334
301
1
260
474
83
292
383
397
226
228
186
59
480
462
79
211
302
416
215
278
42
136
336
248
381
414
350
33
39
492
179
5
140
477
58
275
44
188
395
363
193
384
337
463
279
331
8
400
223
443
15
218
333
214
12
3
293
90
203
88
313
449
377
133
85
257
491
37
233
230
40
221
323
177
51
99
213
431
303
25
195
406
50
192
389
347
67
162
57
356
273
285
187
201
135
249
387
413
209
231
173
308
364
144
238
232
485
455
256
439
114
161
132
6
370
451
150
154
499
205
306
13
312
427
366
263
247
190
170
121
286
65
498
401
271
277
469
297
470
418
148
4
31
255
244
396
217
287
496
100
220
307
159
380
208
291
224
340
325
264
482
362
167
185
316
466
393
18
236
216
421
119
81
28
441
82
152
158
138
314
472
122
252
436
464
458
269
62
97
53
127
493
43
38
468
405
481
376
250
429
21
235
46
166
346
2
30
310
70
184
335
471
241
145
245
476
311
484
479
72
74
382
77
259
295
84
48
164
189
207
80
32
47
262
123
102
36
321
10
358
254
111
315
351
16
9
456
392
442
134
411
49
55
448
433
196
204
56
369
183
137
130
91
388
191
71
394
169
459
270
440
444
78
92
126
160
419
69
261
202
68
475
487
467
239
417
374
146
20
19
103
339
45
288
64
142
354
109
289
332
41
66
342
171
194
265
96
106
151
149
276
54
450
355
489
317
76
172
361
281
116
284
89
210
495
141
330
445
497
486
490
415
452
402
353
267
178
378
11
234
105
35
305
398
432
129
180
86
165
327
460
410
375
290
168
282
483
