460
450
434
419
385
377
371
342
332
297
250
212
210
208
207
198
180
159
157
134
98
70
62
54
41
36
34
17
423
417
402
390
375
354
313
237
209
176
173
142
132
113
112
57
9
7
155
90
80
258
156
226
265
301
168
341
33
107
439
4
381
120
276
412
289
272
44
42
194
328
464
94
362
171
121
397
64
144
65
150
299
105
61
472
384
448
278
116
489
440
186
451
147
403
114
491
183
67
239
190
133
152
35
340
85
84
281
218
129
2
240
378
228
310
283
391
308
496
315
343
305
350
115
123
415
427
52
231
268
224
290
396
141
256
102
456
327
51
259
252
37
428
49
38
364
497
361
126
373
277
96
148
284
387
201
220
191
73
444
266
418
241
158
334
386
398
424
74
3
494
24
399
117
416
138
347
324
431
454
404
22
479
178
8
264
91
492
446
462
356
410
486
109
441
175
43
388
88
139
27
161
438
311
244
330
47
261
235
466
166
214
169
338
71
279
280
6
162
179
411
445
318
329
227
101
48
394
92
111
50
477
164
39
202
369
151
246
443
234
302
79
197
426
478
480
300
219
465
358
83
333
437
86
75
409
222
146
16
298
40
322
335
122
447
184
481
93
11
182
104
473
63
401
425
78
28
407
323
367
461
127
436
181
487
153
247
59
20
482
474
353
442
352
21
77
304
213
319
490
317
204
457
458
285
337
307
405
359
475
229
270
275
167
195
349
14
271
262
485
370
58
140
193
470
468
188
12
0
1
255
243
395
82
30
172
216
325
452
393
249
232
400
136
225
106
303
376
26
453
291
429
118
406
331
200
199
251
263
100
414
76
128
131
29
25
471
149
483
309
336
165
10
286
143
206
374
160
245
292
233
211
46
192
124
163
254
45
345
357
103
205
499
203
459
348
135
13
31
119
18
253
296
363
498
320
379
383
344
360
60
137
408
488
69
221
273
97
295
72
493
89
355
99
288
66
420
269
236
432
230
242
15
365
495
312
189
435
368
282
53
469
95
267
455
287
372
467
463
382
380
314
108
392
389
187
321
351
196
154
430
346
433
476
326
413
87
294
260
306
248
215
68
170
293
177
56
339
449
125
19
5
174
110
238
81
130
257
366
274
145
55
185
32
484
316
217
421
23
223
422
