118
138
109
140
115
100
119
103
102
130
114
116
127
125
116
142
101
105
149
129
149
113
136
128
135
138
137
171
156
130
110
159
175
182
133
101
112
121
151
124
132
157
106
135
147
145
117
146
142
117
144
106
157
120
163
155
115
183
169
164
182
100
104
160
166
108
110
109
126
187
143
156
107
107
168
123
111
108
131
105
114
104
185
173
146
121
128
171
141
102
137
143
118
175
141
155
132
125
112
166
133
103
113
119
122
139
161
148
111
160
152
164
140
127
120
122
126
123
172
136
168
124
134
134
165
153
139
159
129
131
167
153
161
150
162
151
147
148
177
180
184
167
150
144
145
193
163
154
169
152
170
172
186
154
158
174
158
176
180
187
188
162
174
181
165
179
173
177
190
170
178
178
184
181
192
176
189
179
185
183
186
194
195
193
190
191
188
191
189
196
192
197
194
195
196
198
197
198
-1
