189
115
114
101
168
141
125
131
154
105
120
140
133
157
126
107
135
104
122
107
102
102
161
114
141
187
118
142
153
119
110
137
112
123
120
166
103
113
125
163
146
152
171
109
121
106
184
182
112
126
103
169
160
127
150
110
138
121
108
144
100
133
143
111
145
138
123
179
151
105
122
130
124
139
134
140
127
156
117
132
129
100
161
150
148
166
164
101
162
115
106
193
153
130
116
104
135
177
109
117
178
147
155
146
116
108
128
134
111
113
118
142
139
136
128
119
145
124
174
132
147
143
129
149
136
131
156
137
158
190
167
155
144
165
151
159
178
165
158
171
159
170
152
176
181
175
148
160
149
154
173
173
167
157
188
162
164
172
169
172
183
188
163
170
177
176
185
168
181
187
183
174
180
185
175
179
184
186
180
182
193
186
191
190
189
195
191
192
196
192
198
194
194
195
196
197
197
198
-1
