120
131
122
152
137
128
156
102
135
132
100
166
110
126
129
144
139
121
149
146
141
158
112
104
108
163
106
164
162
141
109
132
126
110
129
112
145
159
116
113
170
118
188
111
124
109
105
103
191
125
147
140
119
108
115
153
176
119
103
104
116
166
152
171
134
101
133
135
142
161
101
138
156
118
158
111
107
114
115
130
114
161
117
159
121
102
128
113
105
167
137
125
130
144
100
171
127
133
162
120
146
154
168
181
107
106
181
148
143
151
160
117
123
124
169
131
123
188
122
139
136
134
143
140
138
150
127
150
184
136
164
153
178
174
186
145
142
147
177
157
187
163
151
165
155
155
149
148
185
179
192
160
157
154
169
165
182
173
191
176
170
182
167
177
175
168
172
173
187
180
172
174
180
175
178
186
179
189
184
185
183
183
197
195
190
195
189
192
194
190
194
193
193
196
198
196
197
198
-1
