101
107
136
182
171
188
103
102
100
109
112
103
110
123
112
149
118
172
129
102
120
122
111
133
114
113
146
118
106
120
158
167
176
117
171
104
159
124
145
115
138
131
173
105
151
110
138
152
164
121
127
154
106
141
114
174
143
117
148
130
125
105
108
143
134
139
119
157
104
126
101
107
109
140
159
134
156
116
137
122
127
186
160
124
125
137
108
132
158
153
144
169
115
113
100
176
149
168
116
119
130
111
128
126
123
155
147
144
161
161
128
183
133
121
152
142
173
140
154
136
150
135
131
153
151
174
132
129
141
145
135
139
147
166
165
146
148
168
163
164
142
177
150
179
163
156
165
187
160
170
162
157
175
155
172
185
185
170
162
178
169
193
179
175
166
167
180
183
191
184
180
178
177
184
182
191
181
189
186
181
188
192
190
193
187
194
189
192
190
196
194
195
197
197
195
196
198
198
-1
