160
129
150
148
159
146
124
104
127
101
124
189
161
121
109
136
131
125
157
110
142
116
150
130
196
100
164
106
128
138
109
126
123
133
112
189
176
134
120
104
149
115
129
103
120
117
147
143
188
131
105
130
134
133
117
116
103
155
111
153
182
100
123
102
158
122
141
184
112
188
115
119
102
121
113
118
169
114
105
107
185
165
118
163
110
122
154
108
132
138
154
137
149
143
160
107
101
114
141
106
183
191
168
128
111
108
153
113
125
146
135
142
167
119
172
127
139
126
147
163
145
158
144
151
176
145
132
135
186
140
164
137
136
139
140
156
169
152
148
151
166
172
144
170
173
190
157
152
162
185
175
156
161
165
155
181
159
162
174
173
167
177
180
166
168
178
180
171
175
170
171
174
177
179
191
190
178
179
181
182
184
183
192
187
196
186
187
192
194
193
197
193
194
195
195
197
198
198
-1
