126
111
108
172
141
107
150
105
135
104
106
177
137
169
130
161
147
182
128
150
134
143
145
116
125
124
133
116
184
144
137
170
112
127
134
122
147
118
152
100
127
155
139
110
113
125
120
111
149
155
105
102
119
146
121
144
107
128
124
130
151
109
113
114
101
136
160
131
142
102
131
117
154
133
114
121
112
100
162
173
122
141
115
104
132
129
118
103
182
115
152
108
103
171
117
123
101
138
153
106
164
110
138
129
173
145
109
126
156
164
146
136
175
157
135
120
119
132
151
179
154
123
167
139
142
180
185
140
159
175
161
162
170
158
186
168
189
156
148
140
159
165
143
149
148
163
165
166
153
158
181
157
167
166
169
160
171
163
190
186
178
183
191
168
181
172
188
174
177
192
176
179
188
174
176
178
183
196
180
187
193
184
189
185
198
194
187
191
195
190
192
196
193
194
195
197
197
198
-1
