119
145
101
165
163
164
167
132
115
156
111
114
133
118
134
115
121
102
141
187
125
104
108
102
129
100
144
147
110
107
130
118
137
148
172
126
127
137
129
154
171
139
103
139
116
153
104
107
125
161
169
152
100
136
123
121
108
170
112
103
158
119
116
124
122
176
127
157
105
120
146
180
142
142
162
110
135
131
136
123
122
114
151
146
140
138
109
156
113
124
143
163
106
128
101
105
161
120
185
168
109
159
126
112
106
170
111
134
117
148
113
167
117
132
130
147
154
184
138
135
159
133
160
173
131
128
144
150
140
149
183
149
195
152
162
151
153
145
171
141
150
143
178
189
169
166
166
155
155
174
177
193
164
157
168
158
179
180
188
160
172
177
182
173
165
182
174
175
181
192
196
191
178
175
189
176
179
185
183
184
181
194
186
195
190
186
187
188
190
191
192
194
193
196
197
198
197
198
-1
