130
111
139
136
113
108
126
114
171
104
173
137
138
103
166
132
106
140
112
115
160
122
118
131
162
140
116
145
105
101
117
126
154
165
127
129
108
130
107
147
150
149
120
100
172
138
128
107
101
105
131
153
184
157
113
106
137
148
154
153
103
118
102
141
125
170
114
111
102
119
110
117
127
100
149
136
110
176
142
141
174
150
152
146
134
120
139
125
124
115
144
163
122
119
109
129
121
133
124
172
121
104
162
116
112
132
109
179
143
155
128
155
135
178
159
177
181
144
134
123
123
158
169
148
142
135
168
175
163
133
161
174
164
152
180
156
146
166
157
178
151
143
147
159
145
170
151
158
164
168
185
186
160
185
156
191
161
171
176
167
189
165
167
195
177
173
175
190
169
187
189
179
188
183
191
186
180
181
182
183
190
182
184
193
192
187
197
188
196
193
194
192
194
197
195
196
198
198
-1
