131
115
142
153
180
128
150
147
109
179
124
124
102
176
158
143
123
137
123
108
145
163
164
116
109
171
166
172
140
175
151
128
136
145
127
107
181
142
104
122
112
174
112
131
113
134
100
126
103
133
157
146
117
136
117
141
172
159
148
113
133
183
125
119
127
116
139
144
135
118
110
122
111
165
179
132
106
106
120
126
111
108
140
100
157
146
115
104
101
101
164
102
159
121
107
151
103
105
135
125
105
137
121
110
139
147
120
144
118
114
129
114
148
119
163
134
130
130
141
138
132
160
129
161
152
193
155
165
138
162
156
152
155
167
177
161
143
153
149
188
162
154
154
149
192
156
150
171
174
167
180
178
170
169
184
158
184
166
187
160
168
170
168
169
175
173
189
182
181
190
188
173
185
176
178
177
186
185
191
182
183
186
187
196
195
193
189
191
190
195
196
192
194
194
197
198
197
198
-1
