118
128
142
146
100
139
121
108
140
122
150
188
126
117
100
137
143
142
120
107
133
164
191
150
161
165
114
175
129
110
167
111
158
113
108
112
124
147
109
132
168
113
128
107
141
136
159
137
104
122
136
103
148
121
115
102
169
106
105
115
166
123
119
139
151
104
141
146
135
123
160
157
119
101
105
103
149
135
116
151
152
101
106
131
124
112
120
109
152
110
127
159
148
132
195
147
184
102
125
111
114
143
138
170
160
116
144
126
117
169
130
174
134
129
118
155
173
144
130
133
125
134
145
127
182
145
138
131
178
164
157
149
170
140
180
171
186
163
154
191
177
177
176
154
181
158
156
155
163
153
165
153
161
167
156
162
162
166
168
183
174
188
182
185
172
173
171
179
180
181
175
172
176
178
186
197
189
184
179
190
183
192
185
187
189
187
198
194
190
196
193
192
193
194
195
196
197
198
-1
