178
110
113
104
102
143
119
147
140
107
103
112
126
106
164
127
154
115
165
185
134
124
119
117
124
100
139
109
123
175
117
106
111
102
155
139
153
131
111
116
132
116
132
157
152
144
109
127
114
146
154
142
114
143
135
166
128
151
167
104
125
182
123
129
122
138
173
126
100
149
171
170
149
182
145
128
135
137
169
121
167
148
105
101
101
120
152
159
105
133
115
103
108
108
118
130
145
146
113
129
170
107
110
121
120
137
157
125
118
112
194
138
158
122
130
177
136
163
162
150
133
147
158
136
131
134
144
142
176
160
156
150
155
141
168
166
171
141
140
169
164
174
159
156
163
178
148
161
151
160
179
161
153
196
189
183
162
172
165
186
168
175
172
176
179
181
193
173
186
180
174
187
177
183
189
188
197
180
188
184
181
187
185
184
195
190
192
191
196
190
191
192
193
194
195
197
198
198
-1
