120
112
179
115
151
152
157
163
107
150
150
104
113
160
117
167
159
160
104
101
141
135
132
169
144
103
147
169
110
194
102
128
172
116
106
103
121
145
123
146
118
143
127
125
111
147
102
134
119
133
153
174
106
138
114
114
108
166
105
149
118
158
105
132
100
176
111
145
113
129
184
117
129
110
109
112
120
133
154
153
140
140
136
115
158
146
148
124
131
130
116
109
100
149
135
108
125
137
107
101
142
127
141
168
148
155
122
123
122
131
119
130
128
161
137
162
174
121
126
126
178
124
143
181
156
139
167
134
136
168
139
184
191
138
172
164
142
151
178
193
155
164
144
162
170
159
157
152
154
188
166
175
156
171
180
177
173
161
183
165
187
163
183
165
176
186
170
171
179
180
177
173
182
181
175
192
189
182
194
190
189
185
188
185
186
190
187
191
195
198
192
193
195
196
197
196
197
198
-1
