115
155
105
162
120
113
144
139
119
169
194
171
143
113
118
136
103
130
110
121
105
174
117
110
132
117
146
112
120
138
102
159
156
104
166
140
116
111
141
157
126
126
112
106
115
124
130
138
129
106
114
163
184
149
102
134
132
145
175
135
124
127
159
185
137
148
161
142
131
122
127
103
101
108
119
151
109
128
145
129
109
150
111
178
107
121
100
101
160
125
123
116
158
104
131
157
173
100
108
180
118
137
147
168
141
146
107
128
140
134
183
164
153
114
123
125
133
151
172
122
154
188
147
139
150
155
133
161
142
172
135
167
162
179
136
148
152
170
169
143
190
144
154
149
165
158
152
187
156
160
176
153
186
171
165
174
164
177
179
163
173
181
166
170
184
167
168
177
176
187
178
186
182
191
175
194
180
181
189
183
195
182
185
193
192
188
191
190
189
193
192
195
197
196
197
196
198
198
-1
