121
102
110
111
115
156
171
180
104
103
127
105
168
169
101
129
120
109
120
105
111
152
116
136
132
101
112
164
130
108
110
113
115
104
154
103
114
124
113
122
128
106
124
146
100
114
176
154
137
133
139
162
133
147
165
107
123
148
117
131
107
127
125
185
160
141
143
119
108
109
137
122
174
112
128
123
102
170
153
100
188
159
160
119
106
117
175
129
134
138
135
141
174
173
135
121
187
118
132
126
131
175
140
158
118
145
164
161
116
159
183
149
138
134
145
153
147
142
144
126
136
172
125
151
166
143
140
150
169
130
144
139
166
151
167
157
142
149
158
163
168
156
161
167
173
146
150
148
152
165
177
155
157
155
190
178
189
170
182
163
179
162
171
179
188
172
182
184
177
187
183
181
176
180
192
178
181
185
186
189
194
196
184
186
192
193
197
190
191
194
191
196
193
195
195
198
197
198
-1
