192
115
143
111
116
114
102
137
155
101
119
105
115
165
105
112
106
162
121
139
138
106
174
148
142
118
136
155
110
138
111
179
140
122
182
181
130
123
172
101
149
151
104
100
152
131
113
107
182
145
114
159
110
132
120
139
136
112
108
109
100
109
102
119
107
163
158
142
108
145
175
126
123
179
162
103
118
168
178
154
127
133
121
117
117
124
140
103
150
116
161
185
141
124
104
152
135
113
134
128
120
125
166
144
153
151
169
129
135
134
168
128
126
164
125
132
122
178
130
147
167
137
147
129
127
131
171
158
133
154
167
156
157
165
161
180
144
141
146
143
146
183
156
148
153
176
149
173
150
172
163
157
170
170
160
164
190
177
159
160
166
189
184
186
174
173
177
171
169
181
180
191
176
184
175
186
187
183
191
185
188
198
192
188
194
197
187
189
190
196
193
193
195
194
195
196
197
198
-1
