126
117
124
102
175
111
137
138
134
152
135
106
129
125
153
160
177
130
127
172
122
156
110
132
142
143
112
177
117
136
147
109
101
159
122
174
185
105
102
104
107
120
111
183
164
182
115
113
119
112
123
107
149
105
126
163
113
145
146
127
141
121
152
172
100
118
163
110
143
130
108
121
124
100
116
140
142
145
109
197
103
154
103
144
158
115
104
131
134
133
139
106
108
114
129
137
120
123
101
118
114
135
158
168
183
140
141
116
175
119
148
162
125
161
155
167
162
157
170
176
151
132
178
144
128
128
133
131
139
148
136
146
150
156
138
186
164
150
159
151
176
179
149
155
195
147
173
153
154
161
157
186
187
173
160
168
170
166
165
181
169
167
169
166
165
192
180
171
178
191
171
180
174
184
184
179
191
188
185
181
190
182
187
188
193
194
190
189
189
192
198
195
193
194
196
196
197
198
-1
