108
124
142
153
112
126
119
102
155
121
143
101
121
102
149
150
113
189
185
173
111
106
140
146
106
144
123
109
163
159
122
138
110
104
133
128
108
122
164
110
109
163
137
115
101
114
116
166
172
104
181
127
133
127
189
105
117
161
171
134
132
126
107
103
124
151
111
100
138
182
152
136
115
131
155
160
107
150
129
132
146
148
103
130
120
105
100
151
135
139
112
128
116
117
178
120
156
113
156
125
160
141
157
134
118
130
141
161
139
131
123
152
165
114
168
119
158
118
173
176
159
125
145
135
162
149
147
129
136
194
145
157
140
167
137
144
147
148
158
193
167
142
143
162
186
169
177
178
153
154
174
177
175
154
188
179
168
165
164
181
170
175
171
166
180
176
174
192
169
170
172
183
185
180
186
184
179
182
198
183
188
192
184
195
187
191
187
190
191
190
196
193
197
194
195
196
197
198
-1
