121
158
108
143
116
145
126
197
129
116
118
132
142
106
136
164
103
113
155
133
124
152
101
117
110
134
156
181
115
157
122
135
142
159
119
173
124
175
121
128
149
100
118
100
167
111
104
123
138
107
141
109
137
108
122
102
145
105
114
147
123
183
164
120
120
182
105
127
101
130
117
125
159
131
132
140
129
137
125
151
139
165
180
171
103
104
113
133
106
150
126
109
188
139
146
102
151
143
114
112
110
107
127
112
111
162
128
194
115
138
150
178
130
140
131
149
148
119
134
154
141
161
136
162
144
155
156
165
176
169
147
153
135
185
172
144
153
146
183
168
166
157
170
158
179
148
172
163
182
163
168
152
154
175
174
160
171
166
161
160
174
180
181
177
167
196
173
169
179
170
187
185
177
189
176
178
184
190
190
187
192
188
186
184
186
191
191
193
189
192
193
194
195
196
195
197
198
198
-1
