185
133
100
123
131
113
129
158
127
102
120
102
145
134
195
139
117
132
174
174
124
146
172
116
160
122
161
165
135
104
156
103
116
125
105
159
106
128
108
113
109
173
120
101
118
115
104
138
129
155
121
135
181
105
119
147
149
142
148
111
184
145
160
151
154
191
115
109
110
159
126
126
171
151
146
119
136
163
107
136
100
133
147
139
112
154
150
110
117
131
114
122
149
134
106
107
112
164
108
103
101
123
114
176
118
111
128
130
124
182
140
177
125
175
121
167
141
130
132
127
137
155
163
140
169
188
148
183
169
170
141
156
138
157
137
144
143
193
143
153
157
142
176
144
158
153
152
168
150
161
172
152
166
180
167
166
164
162
162
173
165
182
171
196
175
183
178
168
187
170
178
180
187
185
179
177
181
186
179
186
190
196
192
184
193
190
188
189
189
194
191
192
194
195
197
197
198
198
-1
