101
154
111
108
123
151
113
147
125
189
138
105
139
165
100
118
161
119
117
157
179
187
175
107
104
159
144
103
105
115
139
153
149
165
112
155
134
116
184
143
136
108
110
170
141
106
131
126
121
122
106
124
114
120
118
121
104
159
130
109
136
114
116
182
101
177
115
119
140
102
120
141
146
174
143
131
158
163
124
103
133
100
132
127
117
122
123
128
142
154
107
149
133
138
168
111
125
128
102
129
183
109
140
110
134
155
112
126
127
132
160
148
113
151
158
135
150
180
156
135
150
130
152
137
147
172
129
164
153
173
164
137
145
157
174
184
142
156
167
144
152
148
162
146
145
172
166
168
173
182
160
161
170
166
169
167
162
178
176
169
192
163
180
190
192
171
195
171
177
178
176
188
185
175
179
188
193
181
183
181
186
185
189
187
194
186
191
196
193
190
191
195
194
196
197
198
197
198
-1
