111
136
115
138
115
116
133
180
111
123
118
126
129
133
110
150
185
120
154
102
177
117
139
117
141
137
142
120
132
106
125
161
101
134
172
107
169
168
127
113
167
104
146
164
121
144
130
153
126
125
139
168
140
146
145
158
162
103
114
100
151
143
100
152
163
109
103
145
113
178
134
109
143
130
186
104
161
185
108
106
131
101
121
107
105
105
112
114
119
102
136
177
160
156
116
124
164
123
110
151
124
132
150
144
127
131
108
159
170
141
129
112
118
147
119
157
128
122
163
166
135
122
128
165
162
189
140
156
148
170
175
137
195
135
169
174
138
148
158
155
142
147
157
149
182
173
155
149
171
152
153
176
186
154
167
159
194
160
165
166
181
182
180
172
191
183
190
171
175
174
179
173
181
176
184
179
187
178
183
184
197
189
193
188
192
190
187
188
193
197
191
192
194
195
196
196
198
198
-1
