176
112
144
102
164
126
130
111
109
153
125
131
130
147
161
177
137
124
185
103
142
126
122
123
172
142
104
108
170
193
150
141
128
104
145
156
106
117
137
155
133
173
141
100
105
161
100
152
145
111
129
105
121
119
151
113
179
101
138
148
123
125
132
162
135
116
166
174
118
133
102
101
139
154
103
144
134
106
148
119
131
150
122
158
115
118
115
114
107
107
112
164
147
117
155
114
109
188
110
143
171
108
127
110
127
128
124
113
121
116
171
120
138
149
140
163
120
165
152
188
136
156
135
172
136
181
134
129
158
139
160
132
160
140
196
159
162
159
143
146
146
154
149
181
197
153
184
151
157
168
163
175
166
167
170
165
157
189
176
168
182
169
182
186
169
179
167
183
178
173
180
174
178
196
175
177
185
180
194
190
183
184
186
192
187
187
192
189
191
190
191
194
193
195
195
198
197
198
-1
