141
131
129
113
120
110
133
112
103
116
166
106
128
126
108
109
124
134
154
175
171
131
132
123
151
120
143
107
121
119
114
102
181
139
110
157
100
133
109
130
158
140
161
191
129
150
144
159
118
118
183
148
114
135
137
143
122
116
146
125
100
108
155
107
115
103
136
104
106
117
160
139
178
168
126
136
128
176
122
101
102
165
115
125
119
150
124
123
138
101
113
105
141
184
159
105
160
104
167
138
177
172
188
111
111
152
117
121
112
167
173
148
127
158
127
145
142
134
189
130
147
147
170
170
132
180
153
144
142
135
153
145
146
137
163
169
154
140
168
165
149
151
181
157
172
162
187
149
152
166
156
155
156
162
173
161
192
164
163
164
183
195
182
180
171
174
189
169
190
188
179
176
174
182
175
187
177
178
179
192
185
185
186
184
186
195
190
197
191
198
194
193
193
194
196
196
197
198
-1
