146
127
186
157
118
110
143
127
122
100
105
108
145
129
100
117
124
112
131
183
104
161
103
119
163
176
126
184
108
122
136
123
110
141
167
128
114
168
147
130
101
124
144
175
172
135
131
111
140
170
102
136
107
171
164
102
119
121
154
156
107
134
148
139
166
104
137
106
105
116
130
114
169
138
123
163
126
133
112
134
132
187
101
140
137
103
170
121
177
106
151
120
109
120
113
141
109
116
118
142
111
152
138
191
113
115
125
133
115
132
128
129
160
166
169
144
117
146
158
174
152
155
185
159
125
135
190
157
160
148
139
153
178
149
165
145
142
149
143
178
177
150
153
167
151
147
155
150
162
156
176
164
154
173
158
180
159
168
181
161
172
162
165
171
184
192
173
181
180
174
183
179
182
175
189
187
182
179
185
190
196
186
191
196
193
194
188
188
189
192
193
197
195
194
195
198
197
198
-1
