120
110
161
102
148
109
105
153
124
129
134
178
163
118
190
122
176
106
113
173
117
157
119
111
130
138
116
125
115
128
139
120
171
103
136
103
115
154
101
107
146
100
139
142
174
128
122
106
117
145
127
108
112
152
144
121
140
131
138
110
127
155
134
104
112
116
105
198
170
107
142
156
109
186
123
160
118
131
163
101
111
153
132
113
100
144
104
129
121
136
114
151
147
167
133
137
158
108
141
141
132
102
126
124
119
126
114
184
171
149
150
123
172
130
140
157
143
125
156
133
169
146
137
179
161
168
195
160
159
166
147
135
158
162
135
149
181
143
180
150
145
165
168
154
151
170
148
173
182
152
166
193
172
155
174
159
164
178
175
162
167
192
164
165
192
182
191
177
169
189
177
193
180
175
179
176
183
185
186
183
181
184
189
185
187
187
188
188
191
190
195
194
194
196
197
196
197
198
-1
