102
145
111
122
138
123
146
179
107
181
101
128
106
109
116
177
130
140
139
120
103
146
116
166
135
170
117
143
154
156
141
115
118
111
112
182
115
137
100
168
145
110
127
104
138
172
178
144
157
136
109
136
121
155
125
125
159
127
130
117
107
123
102
152
113
106
133
104
165
105
128
124
153
118
103
156
100
195
108
126
181
110
131
119
114
152
132
120
139
147
158
101
151
131
190
122
155
164
144
105
149
164
113
112
119
108
124
126
165
129
114
163
161
141
150
134
166
160
179
157
121
133
132
158
137
129
171
134
150
160
174
135
148
174
154
149
140
142
143
142
167
170
161
147
162
173
169
148
159
151
183
183
153
185
195
168
176
163
162
180
175
169
176
172
167
173
186
171
182
192
178
184
175
187
177
185
186
194
180
187
188
184
196
189
190
193
189
188
191
191
192
193
194
196
197
197
198
198
-1
