150
188
135
100
101
126
109
119
134
109
136
131
173
181
116
122
106
174
111
170
143
115
183
105
108
148
117
187
146
128
160
121
157
149
158
114
172
113
100
127
145
129
101
126
141
114
124
112
163
122
102
151
152
107
125
121
139
136
116
141
104
107
110
110
150
159
159
115
129
106
133
102
132
163
142
156
152
134
112
117
111
125
131
123
130
171
130
161
127
179
103
175
118
124
108
105
103
113
166
132
143
186
104
120
145
164
156
148
195
119
155
120
147
123
174
133
167
118
164
137
166
142
128
139
155
138
138
151
135
147
185
182
149
140
167
169
137
140
144
162
170
161
146
144
172
154
157
153
160
153
169
154
162
185
168
176
158
180
171
175
165
179
182
165
181
190
168
178
173
189
178
192
177
177
176
186
189
180
183
194
193
195
184
184
187
192
190
188
191
194
191
197
193
196
197
196
198
198
-1
