124
133
142
112
129
120
111
144
101
131
143
122
177
115
137
160
106
106
158
123
112
139
167
140
138
100
104
107
142
137
152
117
101
118
127
180
121
108
146
134
141
102
171
108
115
129
124
119
144
157
111
109
114
100
150
148
133
171
117
139
151
103
114
136
155
102
110
109
130
119
143
105
113
145
156
125
151
177
131
116
123
105
146
130
138
128
147
153
118
165
116
173
122
156
104
132
103
120
158
110
153
160
107
161
126
127
162
135
188
183
167
113
121
128
145
126
154
147
148
125
174
149
150
141
132
135
134
166
164
159
152
154
136
184
181
185
184
140
178
164
159
173
196
161
168
149
170
172
155
163
165
181
172
157
175
162
169
163
166
192
196
176
174
169
168
182
191
179
170
179
187
175
182
178
195
176
186
188
187
180
190
183
186
193
185
189
190
189
193
191
192
194
194
198
195
197
197
198
-1
