130
102
134
113
110
163
170
152
130
109
121
149
111
144
148
131
107
101
128
127
145
110
139
123
137
162
125
155
179
119
147
152
131
120
121
132
147
106
133
154
119
116
118
102
158
108
114
169
114
101
105
104
103
129
122
117
153
154
125
151
117
126
105
108
106
134
140
158
136
113
172
124
100
118
103
144
112
148
112
145
109
149
120
142
141
180
141
107
104
155
115
132
129
137
124
116
139
143
100
138
135
151
181
115
150
123
185
138
126
111
176
142
162
160
188
160
183
122
135
182
146
136
181
133
140
127
156
128
164
163
165
165
166
174
150
157
166
189
167
146
143
179
153
186
159
168
164
171
161
177
157
168
182
156
185
171
159
175
194
161
192
174
173
173
167
172
187
170
169
187
177
175
178
178
190
176
180
184
188
189
186
184
183
191
192
193
194
193
191
190
196
195
197
195
197
196
198
198
-1
