148
107
123
144
104
127
156
162
143
106
143
167
174
113
183
115
142
124
108
179
139
160
100
109
147
103
146
157
112
135
195
126
113
138
175
116
181
155
112
137
114
120
117
101
136
152
109
115
148
152
107
102
125
102
120
105
105
161
163
101
151
100
118
121
160
159
132
150
106
103
129
110
179
166
111
127
150
104
130
142
164
119
108
131
161
122
181
111
141
171
114
117
156
116
141
154
134
118
153
119
147
110
129
132
125
137
184
149
139
133
133
124
126
134
145
123
128
122
144
121
154
135
128
136
170
138
140
130
131
169
146
140
157
187
174
155
166
173
159
170
173
165
145
153
171
168
165
149
151
177
168
163
158
158
177
167
192
178
176
172
180
162
169
164
188
183
178
190
189
175
186
172
176
194
182
185
182
185
184
180
186
190
191
192
188
189
187
193
191
195
193
198
194
196
196
197
197
198
-1
