132
191
100
111
163
132
102
127
116
152
140
135
104
158
116
138
110
155
101
169
103
117
106
114
134
161
146
106
122
153
125
120
152
147
148
125
100
102
136
109
137
133
109
164
133
119
107
131
126
113
137
126
117
115
103
165
138
135
140
111
141
105
161
101
167
115
124
112
178
142
120
114
119
118
105
150
127
143
176
136
179
108
144
112
139
153
108
104
113
118
189
173
141
110
123
121
107
154
178
145
145
156
129
131
186
134
130
173
146
162
123
188
187
124
121
166
122
130
169
139
144
159
148
129
151
128
128
160
150
154
190
185
181
149
168
160
157
159
172
147
143
142
149
170
162
151
155
171
165
164
157
180
158
177
156
174
163
174
166
183
167
175
191
175
170
168
184
171
179
177
172
181
184
176
182
180
187
183
190
182
186
196
185
192
189
188
192
195
194
197
193
194
193
196
195
198
197
198
-1
