169
162
130
147
109
171
165
142
140
175
143
114
110
120
106
112
125
126
122
107
112
158
108
137
128
180
161
103
139
152
125
116
159
154
167
102
119
162
104
107
151
105
129
139
157
115
169
105
148
151
132
110
118
103
131
142
148
108
128
136
127
124
155
131
109
136
145
143
111
100
132
126
177
113
166
100
104
116
134
119
160
120
101
102
181
134
111
158
149
176
180
118
133
122
149
114
182
106
117
176
101
121
192
123
187
141
113
190
117
130
141
191
123
121
115
170
129
147
138
138
127
154
159
124
181
153
146
137
183
135
135
133
163
172
146
144
168
150
140
145
152
155
178
144
164
150
173
153
160
188
167
163
192
156
156
186
157
161
164
174
171
168
165
166
182
172
189
170
179
177
173
178
184
174
175
194
179
185
184
195
186
183
187
190
185
189
188
197
191
198
194
193
193
196
195
196
197
198
-1
