124
114
150
108
131
123
104
100
102
160
100
132
128
118
113
151
156
145
174
109
140
109
139
175
134
103
106
180
123
102
137
124
117
116
118
167
181
122
115
135
107
110
140
171
135
119
153
172
106
108
105
126
170
158
164
129
101
151
127
112
103
170
147
128
101
139
163
122
134
166
125
104
152
169
178
114
154
113
150
110
130
155
168
115
120
119
176
117
112
179
146
126
121
136
144
111
157
143
129
136
133
111
105
167
127
107
137
147
142
152
116
138
120
132
159
148
164
146
121
130
182
141
125
165
157
173
133
144
145
131
163
171
160
138
189
176
153
141
143
142
148
161
173
159
149
183
154
149
158
156
162
166
183
187
155
161
174
168
185
184
162
191
175
191
165
172
169
177
192
186
182
177
178
185
186
181
190
187
179
180
193
189
188
184
192
188
194
197
190
197
193
194
195
196
195
196
198
198
-1
