155
128
104
115
147
128
127
141
125
123
188
161
102
188
130
149
117
138
129
119
144
136
139
102
143
101
170
116
126
138
100
149
153
126
117
101
133
166
107
137
113
143
147
122
150
137
167
140
103
160
142
110
132
151
106
123
105
129
135
100
115
109
118
133
159
121
180
132
124
125
104
167
158
116
135
105
119
145
122
110
112
168
109
134
113
114
111
111
118
152
112
108
150
158
121
108
172
107
131
146
103
142
131
106
140
174
127
146
154
130
160
169
139
114
120
124
179
120
164
154
151
157
134
184
136
159
157
141
168
189
186
177
155
163
187
153
152
148
144
164
171
181
193
145
148
170
173
161
162
175
156
165
156
192
162
166
175
165
183
163
171
178
196
169
172
176
173
176
182
179
174
182
180
177
187
183
185
178
185
181
191
186
184
190
189
193
195
190
191
192
197
194
195
194
196
198
197
198
-1
