115
112
153
156
172
126
114
166
105
133
146
109
133
103
132
101
160
136
159
131
151
160
185
125
116
144
117
102
112
121
148
163
130
138
129
142
153
120
110
146
145
115
127
104
102
106
131
156
113
118
122
124
103
128
107
108
178
123
116
104
141
107
105
157
172
148
101
110
158
143
163
100
136
167
106
169
123
118
111
134
170
177
137
100
124
109
114
138
128
137
171
119
119
111
129
125
120
113
139
183
140
127
140
192
145
184
108
158
122
132
190
143
117
134
121
182
162
135
168
130
167
157
169
135
126
149
141
147
150
150
151
164
144
154
161
139
142
176
149
147
152
178
162
154
152
186
193
188
183
173
155
159
174
168
155
165
196
173
164
161
177
166
165
171
176
189
170
180
174
188
181
179
187
175
175
179
187
180
182
189
181
190
185
184
195
186
195
191
191
197
194
192
193
194
197
196
198
198
-1
