101
158
165
116
166
135
115
127
171
174
185
130
129
120
134
104
146
159
107
108
123
145
146
115
101
167
110
111
105
112
100
114
126
136
119
143
118
143
152
132
108
137
118
156
129
144
126
127
134
186
106
109
171
125
124
131
148
133
119
130
100
110
117
103
111
117
160
120
102
133
113
113
150
141
116
142
173
177
122
148
123
139
114
158
112
137
121
105
164
132
104
106
157
138
135
107
102
155
176
162
121
103
109
151
141
174
145
167
138
139
124
128
128
136
147
172
122
154
182
131
179
179
125
153
155
149
142
147
157
153
159
168
140
151
150
156
144
162
152
140
182
163
170
149
172
164
166
178
154
197
160
184
188
187
170
161
181
161
165
163
169
169
175
178
186
173
185
168
176
175
184
189
183
177
180
187
183
181
192
180
192
196
190
190
194
191
193
188
189
191
194
195
193
196
195
198
197
198
-1
