147
112
102
161
128
142
109
105
126
106
159
130
136
114
122
178
164
129
138
173
176
121
140
168
133
117
121
182
115
180
101
177
108
149
107
109
160
125
111
125
117
104
132
127
184
135
172
129
113
103
160
171
157
143
158
168
145
119
152
141
156
149
100
103
114
180
120
133
118
107
124
104
100
123
139
123
119
131
169
146
137
131
154
112
106
158
155
113
108
110
126
136
139
116
102
101
127
170
115
105
110
130
177
150
120
167
179
134
111
140
157
124
116
161
143
118
135
155
128
151
145
122
132
167
148
162
148
147
138
163
134
146
141
184
137
162
144
142
169
153
197
150
156
144
175
165
151
159
152
192
164
153
154
196
186
178
173
165
188
175
171
166
163
166
190
181
191
174
170
190
176
172
186
174
185
185
181
179
183
183
187
182
188
189
192
187
191
189
195
193
195
193
194
194
196
197
198
198
-1
