132
127
117
121
181
175
100
149
106
121
126
103
120
163
118
138
104
132
147
130
174
155
101
113
112
142
113
105
143
150
131
165
138
123
110
125
157
152
122
117
162
106
156
129
146
102
157
110
115
179
128
127
136
118
130
107
126
107
114
103
148
184
153
131
140
154
114
120
124
177
152
158
155
115
100
133
166
151
150
145
112
111
124
119
108
167
135
101
170
134
111
162
109
104
142
102
134
146
128
109
159
105
141
139
135
122
133
108
180
129
119
123
116
140
116
139
173
154
137
163
192
125
180
168
189
168
147
158
156
149
144
137
144
148
182
136
172
143
141
196
166
169
145
153
161
169
151
165
176
178
164
194
177
160
179
161
159
160
164
174
171
190
173
176
167
172
181
170
171
185
175
184
188
190
178
189
191
186
182
183
197
187
183
185
186
187
188
191
194
193
192
195
193
195
196
197
198
198
-1
