116
143
173
130
150
167
119
156
159
171
107
142
130
108
150
113
128
105
111
139
133
153
149
109
174
118
137
122
143
163
117
120
141
159
115
126
134
178
111
114
103
100
120
101
124
136
123
136
112
113
131
109
103
124
108
101
163
137
110
132
140
128
166
112
132
116
121
148
125
119
179
100
138
102
126
125
171
147
135
104
115
144
154
134
123
127
105
180
147
106
106
155
121
107
139
169
133
157
135
176
102
161
158
104
114
146
168
110
138
152
117
129
118
161
141
122
158
129
182
176
151
127
142
162
140
154
178
131
169
145
160
173
164
152
144
165
164
145
149
146
177
156
157
153
182
167
148
155
190
170
151
168
162
185
191
160
183
189
183
172
166
170
184
198
165
181
174
179
192
175
172
175
181
180
184
177
188
187
186
187
189
188
194
195
185
186
193
194
191
190
192
193
195
197
196
196
197
198
-1
