170
150
120
118
121
113
121
140
192
150
135
107
177
102
145
146
165
128
168
107
122
104
108
137
131
142
129
114
100
125
127
101
132
109
128
160
123
114
144
129
133
112
151
106
104
146
134
109
134
113
158
105
136
143
103
117
117
147
125
118
193
127
102
130
152
124
153
100
111
151
110
105
154
173
103
176
115
136
106
156
133
101
139
154
111
152
131
124
175
119
169
179
149
116
119
156
115
112
110
155
153
143
122
138
148
108
158
159
162
120
116
137
135
145
140
138
144
132
126
160
123
171
157
126
147
130
178
165
149
142
163
173
157
139
141
141
155
184
164
148
163
172
170
159
189
172
166
182
164
167
177
161
166
183
162
180
175
188
161
184
182
174
169
167
185
168
178
196
174
187
171
183
181
185
180
176
181
186
179
192
195
195
187
191
190
186
189
188
193
190
191
197
194
194
196
197
198
198
-1
