136
116
165
121
193
114
173
122
116
156
159
179
105
138
156
146
103
176
177
100
128
179
108
102
143
111
183
113
149
139
166
109
124
162
181
158
138
152
157
190
145
132
157
118
134
190
149
150
170
126
130
140
178
172
100
140
132
152
106
165
143
154
135
131
184
146
144
110
184
107
103
118
151
180
168
101
192
106
167
134
117
175
120
142
170
166
120
123
153
125
160
129
128
173
109
185
159
162
171
115
101
102
104
104
105
198
107
108
110
112
111
112
113
114
115
187
117
119
119
121
124
122
123
125
126
127
127
188
129
130
131
133
133
135
137
136
137
187
139
141
141
142
148
144
145
147
147
148
183
150
151
153
154
155
155
188
160
158
161
163
161
163
164
164
185
167
168
169
169
193
171
172
174
174
175
176
177
178
180
181
182
182
189
186
186
194
196
189
192
191
191
195
195
194
196
197
197
198
-1
