121
145
181
125
120
186
119
101
140
111
176
114
167
175
129
174
187
100
165
139
156
130
110
106
189
132
105
166
118
192
116
169
178
172
108
175
193
136
138
142
110
101
100
155
178
158
122
191
119
160
179
148
122
139
153
107
171
142
150
151
152
188
112
164
158
134
176
128
111
129
157
174
133
184
168
153
164
149
135
103
148
143
140
103
196
123
120
115
128
134
112
170
161
159
138
106
118
173
195
149
102
102
104
104
105
107
108
109
109
184
113
113
115
114
116
117
117
185
121
124
123
124
127
125
126
126
127
186
131
130
131
132
133
135
137
136
137
141
141
144
143
144
147
145
146
146
147
185
163
150
151
152
154
154
155
156
157
161
159
160
162
162
163
190
165
166
167
168
169
170
171
172
173
177
177
180
179
180
183
181
182
182
183
190
194
189
187
188
198
191
193
192
194
195
196
197
197
198
-1
