153
119
163
142
129
139
149
182
156
170
113
153
182
167
162
154
181
177
116
156
161
160
110
131
129
173
143
118
136
179
116
135
112
144
173
175
132
186
164
100
145
128
148
161
101
189
100
122
186
110
137
151
127
171
113
125
139
126
124
164
119
150
170
103
130
174
158
146
185
149
102
122
178
144
107
192
141
105
106
197
137
172
165
135
155
117
128
147
111
108
162
141
157
123
183
175
109
160
101
184
102
103
104
104
105
106
107
108
109
115
111
112
114
114
115
121
117
118
120
120
121
192
123
124
125
126
127
134
132
130
131
133
133
134
194
136
138
138
140
140
190
142
143
191
145
146
147
148
150
151
152
152
181
154
155
157
158
159
159
184
163
166
165
166
169
167
168
168
169
189
171
172
174
176
176
178
177
179
180
180
183
185
188
190
187
187
188
196
194
191
195
193
193
196
195
198
197
198
-1
