170
117
131
140
129
143
171
127
175
122
111
169
140
154
128
122
102
141
137
160
158
143
155
114
181
166
100
145
193
106
107
125
179
182
101
161
121
133
163
115
117
152
127
165
112
119
174
132
179
178
132
150
147
163
116
193
104
153
149
186
172
169
166
159
124
171
177
100
181
157
157
192
164
176
135
173
147
162
150
103
111
118
121
106
109
142
113
154
172
125
144
148
123
134
137
108
153
102
107
159
101
103
104
105
105
189
108
109
110
110
186
112
113
114
115
116
118
119
120
120
187
131
123
124
126
126
128
130
129
130
134
135
133
136
138
136
138
139
139
188
141
142
144
145
146
146
185
148
149
151
151
152
189
156
155
156
187
158
191
160
161
162
168
164
165
167
167
168
190
170
188
182
173
174
175
176
177
178
180
180
183
184
183
184
185
191
190
197
194
192
196
195
194
196
195
197
198
198
-1
