112
137
146
176
196
146
107
127
110
127
108
190
124
180
158
155
105
133
161
183
103
107
113
104
111
179
184
173
165
148
130
102
115
103
114
168
157
129
139
174
152
109
176
115
100
121
141
116
151
156
156
101
133
123
172
192
100
173
154
142
172
192
164
111
135
121
159
170
164
134
158
131
124
141
153
144
131
122
116
149
189
166
161
178
182
190
177
143
181
165
183
169
112
138
149
142
186
135
182
166
101
102
104
106
105
106
186
108
109
110
114
113
117
120
118
117
119
118
119
120
126
122
123
125
125
126
128
128
129
130
132
132
134
136
136
138
137
139
140
140
187
143
144
145
145
147
147
148
150
150
151
152
153
154
155
159
157
160
162
160
162
163
163
194
167
167
169
168
170
171
171
187
175
174
175
188
177
178
179
180
181
194
185
184
185
188
191
189
193
195
191
198
193
195
197
196
197
198
-1
