123
131
105
171
160
178
175
166
150
115
120
165
181
138
128
177
176
151
101
112
141
114
127
118
193
191
168
164
170
154
188
100
158
163
176
136
130
111
144
149
121
167
102
127
108
133
135
161
142
153
137
173
111
184
116
104
160
123
145
157
144
125
113
159
141
179
196
169
143
147
155
172
178
139
146
103
163
155
129
117
149
145
103
171
122
132
119
106
138
131
181
195
152
124
105
151
108
140
100
162
101
102
106
104
107
109
107
109
110
110
184
112
113
114
115
116
117
118
119
120
121
122
124
125
126
126
185
128
129
130
132
133
134
134
135
136
137
186
139
140
185
142
143
190
146
147
148
148
190
150
186
152
153
154
156
156
157
158
159
187
161
162
189
164
165
166
167
168
169
170
172
173
174
174
175
179
177
180
182
180
182
183
183
192
194
189
187
188
198
191
193
192
194
195
196
197
197
198
-1
