100
162
163
122
113
101
118
176
133
148
126
114
108
149
175
101
165
102
134
179
183
153
169
182
167
182
159
139
113
116
155
154
108
115
181
160
186
171
147
124
159
102
189
110
118
104
186
106
152
133
106
161
176
138
157
164
120
138
144
136
178
169
129
148
185
114
126
127
103
104
119
192
197
146
183
146
123
135
152
180
134
140
166
156
170
142
155
129
143
120
142
184
100
140
131
173
172
174
128
130
105
103
107
109
105
112
107
109
111
110
111
112
192
115
116
117
117
119
121
121
123
122
124
125
125
194
127
128
130
131
132
132
190
135
136
137
137
191
139
141
141
143
145
144
145
149
147
150
151
150
151
181
153
154
156
157
158
158
162
160
161
165
163
164
166
167
168
168
184
170
171
172
173
174
175
177
177
178
179
180
189
185
188
190
187
187
188
196
194
191
195
193
193
196
195
198
197
198
-1
