130
113
193
169
194
134
175
165
106
126
137
125
133
105
109
175
111
103
173
116
157
107
139
189
164
127
150
123
149
152
171
163
120
100
118
142
176
180
184
129
154
172
160
168
178
170
152
102
163
100
146
127
167
186
133
143
156
116
155
130
180
177
115
120
179
145
171
108
182
103
112
155
181
158
194
107
111
135
148
147
125
134
141
150
138
185
135
142
118
157
190
182
106
101
141
160
122
166
128
124
101
102
104
104
105
188
108
110
109
110
112
114
113
114
115
117
117
119
119
121
121
122
123
124
190
126
132
128
129
131
131
132
188
136
136
138
137
139
140
140
191
144
143
144
145
146
147
148
149
151
151
153
153
154
158
156
159
161
159
161
162
162
189
164
165
166
167
168
169
170
172
174
173
174
193
176
177
178
179
181
183
183
185
184
186
187
187
192
192
191
195
198
196
195
197
196
197
198
-1
