129
105
114
133
147
112
159
167
170
172
174
100
138
197
129
162
152
161
158
180
156
198
151
179
110
111
193
182
110
171
148
131
187
120
125
128
181
122
150
113
101
117
126
119
198
100
169
186
154
151
190
160
173
155
141
166
102
132
140
153
142
145
109
118
115
165
166
127
127
135
135
192
196
164
103
167
123
119
176
173
102
104
134
137
106
184
108
157
130
136
116
182
149
131
189
168
179
191
117
145
101
106
104
107
103
178
108
190
107
111
109
112
113
114
116
124
115
118
123
121
121
195
195
124
120
122
194
126
130
128
150
134
149
138
136
140
133
141
132
143
146
144
146
137
153
142
139
139
147
143
148
144
154
152
155
157
159
158
156
163
193
165
163
164
161
105
162
168
169
170
184
172
183
177
175
183
189
180
125
174
175
185
177
181
186
187
171
191
160
188
176
194
188
185
-1
197
192
196
178
