183
102
123
104
152
117
152
121
180
178
103
131
134
100
175
192
118
125
170
160
161
136
120
119
150
171
108
188
137
194
178
144
184
127
154
141
151
142
196
116
156
108
177
124
192
136
147
164
122
100
189
173
143
153
155
133
161
197
166
121
146
172
187
114
156
129
112
140
180
144
113
169
124
106
119
101
111
167
127
148
176
139
174
163
115
105
179
191
110
187
113
159
126
138
135
163
169
158
130
133
101
102
104
106
105
103
109
111
107
191
149
109
107
112
181
184
158
118
116
117
198
123
120
122
125
126
128
128
130
131
129
132
114
159
137
139
138
135
134
140
141
142
145
193
145
146
143
149
182
182
196
154
151
155
153
157
157
160
186
132
162
110
166
167
162
147
181
164
185
195
183
176
173
175
172
168
177
174
171
170
185
198
194
190
188
165
190
165
197
195
150
193
186
148
115
179
168
-1
189
