114
136
154
162
150
166
125
179
109
153
169
115
105
148
146
119
163
132
139
165
183
111
121
128
126
181
192
180
175
100
105
117
185
107
143
155
174
194
102
136
195
193
101
102
162
171
165
176
167
158
159
137
126
152
173
151
166
123
134
173
158
128
151
170
167
139
164
100
122
106
178
123
156
185
156
175
145
178
110
130
141
113
177
118
104
129
149
116
117
143
146
138
107
149
140
144
113
133
182
130
101
103
103
104
106
108
108
110
109
111
112
112
180
114
115
116
118
120
119
120
121
122
124
124
125
127
127
129
131
131
133
132
134
135
135
191
137
138
140
141
142
142
181
144
145
147
147
148
187
150
159
152
153
154
155
157
157
160
161
160
161
186
163
164
183
168
168
170
169
171
172
172
182
174
194
176
177
189
179
196
187
188
184
184
186
192
188
190
189
190
191
197
193
196
195
197
198
198
-1
