191
120
131
193
151
196
119
110
148
169
183
123
116
128
181
138
180
133
137
117
166
103
150
178
127
182
133
139
115
164
158
170
101
101
173
163
108
173
155
174
126
142
165
113
182
154
117
145
100
126
121
105
158
110
196
113
144
109
197
107
106
177
186
162
172
111
112
144
179
114
122
160
142
190
156
127
140
129
135
104
162
155
147
167
152
118
159
191
136
161
168
168
134
177
176
171
123
129
152
132
179
143
184
104
105
107
109
108
106
188
100
114
111
115
186
112
149
122
116
185
121
118
120
124
130
128
125
125
124
130
132
195
131
134
135
136
137
139
141
138
141
143
140
190
145
147
187
148
150
189
151
189
153
156
153
154
157
159
157
161
197
160
103
164
165
166
175
163
169
170
172
175
171
167
-1
176
194
183
181
146
198
180
146
178
198
192
185
188
102
119
102
149
194
192
195
187
184
193
174
