182
153
162
198
159
109
115
164
158
141
107
134
118
162
146
139
128
130
134
168
102
120
181
151
141
114
188
112
167
145
139
100
140
183
177
163
169
126
125
127
105
166
110
106
121
175
100
182
183
157
159
193
161
117
186
117
113
116
131
101
129
119
181
176
151
153
135
120
155
103
152
142
171
177
154
180
104
179
147
169
194
165
176
137
125
126
111
190
138
150
148
196
133
132
189
149
155
112
174
121
101
102
103
105
109
104
195
113
110
114
107
108
108
106
111
190
122
122
173
115
116
123
123
119
128
130
124
129
127
191
124
196
131
132
135
133
189
157
143
138
143
140
146
149
192
172
145
150
152
142
137
148
147
156
160
156
154
172
160
158
173
163
161
165
166
164
167
174
171
168
195
170
197
197
170
187
178
178
179
180
186
185
184
175
185
192
187
188
184
194
118
-1
198
136
191
144
136
144
193
