174
109
135
104
105
153
101
106
112
102
132
139
191
172
121
126
139
179
161
125
183
171
147
154
120
162
176
137
169
133
178
119
186
100
127
128
123
144
161
153
137
150
118
122
108
156
107
142
176
155
164
187
141
107
146
129
197
190
157
182
189
145
179
128
156
159
163
166
115
167
177
158
110
117
169
109
185
115
125
112
174
127
126
145
116
148
147
143
100
150
121
195
166
138
172
168
162
102
157
183
101
103
103
104
105
106
110
108
111
113
111
113
114
114
182
116
117
118
119
120
122
123
124
124
132
130
130
134
129
131
131
133
134
135
136
136
189
138
140
140
141
142
143
144
148
146
149
151
149
151
152
152
187
154
155
184
158
159
160
160
184
163
164
165
165
188
167
168
170
170
171
173
173
175
175
181
177
178
180
180
181
190
186
191
185
193
197
188
193
192
194
192
195
194
196
196
198
198
-1
