163
148
118
168
102
159
121
140
155
105
171
113
124
131
165
128
134
180
104
112
111
151
158
178
130
129
129
175
170
183
154
132
161
105
182
177
138
109
121
100
175
182
143
141
173
181
122
166
186
167
101
142
107
156
178
145
152
189
108
131
128
107
103
124
147
126
145
137
134
100
160
115
172
112
137
115
148
141
186
146
185
159
164
166
156
116
171
123
192
138
163
197
183
153
176
151
113
184
111
125
101
102
103
104
106
106
108
110
109
110
114
114
117
116
117
120
118
119
119
120
192
122
123
125
126
127
127
194
132
130
133
135
133
135
136
136
190
139
139
140
142
144
143
144
150
146
147
149
149
150
191
152
153
154
155
157
157
158
160
161
162
162
181
164
165
167
169
168
169
170
172
173
174
174
184
176
177
179
179
180
189
185
188
190
187
187
188
196
194
191
195
193
193
196
195
198
197
198
-1
