116
172
137
147
140
171
117
192
153
145
193
124
191
168
100
117
110
118
176
144
165
160
129
143
105
124
159
103
188
154
118
101
136
150
148
155
126
178
147
107
132
184
179
120
122
122
113
196
195
109
108
174
108
158
182
176
178
174
168
129
162
169
138
159
146
139
102
142
151
175
162
156
136
142
173
130
156
111
119
138
120
181
163
110
170
104
149
116
180
160
132
158
134
113
103
131
150
133
152
100
101
102
104
106
105
106
107
111
109
112
114
112
114
115
115
184
121
119
123
125
121
128
123
125
127
126
127
128
185
130
131
133
134
135
135
186
137
139
141
140
141
185
143
144
145
146
190
148
149
190
151
152
153
154
155
157
157
161
161
164
163
164
167
165
166
166
167
186
169
170
171
172
173
187
175
177
177
179
180
181
182
183
183
189
194
189
187
188
198
191
193
192
194
195
196
197
197
198
-1
