171
112
176
148
168
110
170
166
192
121
113
191
111
188
179
115
101
106
142
137
162
144
146
150
197
122
129
122
114
167
108
107
174
115
116
159
170
105
123
171
136
186
109
129
174
138
123
111
137
168
135
131
166
153
152
140
149
160
154
195
155
134
100
143
100
167
125
134
156
194
184
155
151
152
178
127
177
164
193
169
164
102
116
154
112
127
189
139
124
165
138
176
102
125
104
173
147
153
121
182
101
103
103
104
105
106
107
108
109
110
114
113
117
120
118
117
119
118
119
120
175
126
124
128
130
126
133
128
130
132
131
132
133
180
135
136
145
139
140
141
141
142
143
144
145
146
147
148
149
150
151
159
157
157
161
156
158
158
160
161
162
163
163
165
169
175
172
185
190
177
172
173
178
180
181
183
179
183
187
184
181
182
185
186
189
191
187
188
190
193
197
192
195
194
196
196
198
198
-1
