179
160
100
114
153
117
162
198
150
152
127
135
133
192
163
141
111
173
136
151
130
147
139
149
134
127
157
170
121
176
113
120
128
106
181
155
159
118
189
172
117
194
104
111
109
179
132
138
101
171
188
122
141
100
171
186
181
168
183
186
185
190
123
124
159
153
166
184
123
149
108
140
174
173
143
156
167
120
110
105
122
107
180
155
142
103
119
146
165
143
161
114
176
182
102
166
112
136
121
164
101
102
103
104
105
106
107
108
109
110
116
112
113
115
115
116
193
118
119
142
125
125
129
124
126
126
128
129
130
131
131
132
133
134
135
137
137
138
139
140
145
144
144
146
145
147
148
148
183
150
151
152
154
154
156
158
157
158
189
160
161
162
163
164
165
167
169
168
169
170
174
172
175
177
175
177
178
178
182
180
185
187
188
184
187
190
195
192
191
191
193
196
195
194
196
197
197
198
-1
