193
152
185
140
134
135
141
169
147
118
101
190
129
161
103
145
137
130
102
108
168
128
156
129
101
122
195
112
176
121
125
109
174
161
135
149
110
158
105
148
124
172
186
117
155
180
160
100
133
126
117
183
157
104
154
114
107
106
184
185
173
191
109
165
113
141
162
175
102
127
139
133
120
171
170
167
178
123
155
166
179
152
181
151
143
132
178
142
180
167
127
179
119
146
192
136
147
187
188
163
115
108
103
105
106
104
112
114
100
107
115
148
116
131
116
194
110
118
119
120
121
123
126
122
197
124
125
128
132
153
196
197
130
134
146
136
137
139
111
138
150
142
140
111
190
181
138
196
151
198
143
149
150
158
156
153
164
154
157
113
162
163
165
160
159
166
195
169
170
168
172
174
171
177
175
173
189
182
182
131
177
164
176
198
144
186
184
192
159
183
187
-1
191
145
144
193
188
189
194
