155
148
171
180
172
158
183
114
119
179
138
116
174
182
168
126
184
161
145
158
113
124
164
160
156
127
169
103
177
104
125
151
106
159
148
142
167
159
104
129
146
137
185
123
136
118
155
149
171
162
102
161
174
177
176
145
110
110
193
112
168
122
164
115
193
111
157
116
151
100
135
119
153
107
139
150
128
136
147
129
152
186
167
173
130
139
125
130
117
140
101
137
126
135
100
105
122
181
192
109
101
102
103
107
105
106
108
108
109
189
111
112
113
114
115
121
117
118
120
120
121
186
123
124
128
127
131
134
132
131
133
132
133
134
187
138
141
140
141
144
142
143
143
144
188
146
147
185
149
150
152
153
154
154
189
156
157
187
162
160
163
165
163
165
166
166
191
170
169
170
190
172
173
175
175
176
178
178
179
180
181
182
183
184
188
191
190
197
194
192
196
195
194
196
195
197
198
198
-1
