139
121
173
134
138
119
114
163
181
184
137
125
158
145
135
169
141
168
105
189
130
109
165
156
146
164
120
183
111
123
110
176
182
121
103
157
150
145
148
138
171
182
147
127
181
178
151
112
160
106
186
165
159
150
189
163
174
100
162
118
167
152
128
158
108
186
185
155
139
142
140
192
130
102
114
132
176
100
177
116
103
197
136
175
129
183
107
124
113
154
167
164
115
134
184
153
123
146
131
101
101
102
104
104
105
106
107
108
109
110
111
112
113
115
116
117
117
118
119
120
122
122
124
126
125
126
127
128
129
131
132
133
133
192
135
136
137
144
142
140
141
143
143
144
194
147
148
149
149
190
151
152
153
154
155
156
157
159
160
161
161
162
169
170
166
166
168
174
170
172
171
172
173
179
175
178
177
179
180
180
191
185
188
190
187
187
188
196
194
191
195
193
193
196
195
198
197
198
-1
