519
796
560
700
940
968
732
605
515
881
785
552
869
684
774
543
870
775
963
648
561
861
757
692
510
655
952
813
597
819
779
588
529
734
737
710
574
648
893
788
782
932
699
860
764
620
687
823
786
840
742
880
829
761
624
738
789
818
504
627
596
781
934
897
925
923
506
513
549
784
621
581
641
619
500
523
905
876
675
850
814
677
864
892
894
721
695
812
684
869
964
746
685
778
971
744
832
595
577
513
628
748
773
760
511
518
830
843
916
599
524
567
571
941
839
606
803
687
610
912
644
578
585
702
919
817
660
829
663
641
881
769
856
509
735
649
691
609
594
613
788
563
777
562
605
596
948
525
533
713
660
868
826
516
689
701
704
847
655
878
845
507
538
926
839
697
635
599
816
539
747
666
707
553
820
714
538
857
763
856
841
886
882
634
831
852
763
859
807
942
705
874
558
662
737
745
593
534
713
920
963
758
767
646
970
670
941
716
673
742
592
674
533
799
919
642
865
790
536
740
661
962
949
913
524
733
555
515
785
691
517
730
951
791
867
521
766
859
535
671
808
586
901
704
924
706
543
576
630
886
693
582
817
734
562
756
833
922
807
594
858
876
727
551
750
678
905
632
669
692
835
820
954
661
915
718
523
840
867
664
921
805
607
797
799
927
720
636
649
600
686
729
750
581
955
863
930
934
743
670
657
629
651
552
873
696
510
895
953
646
505
570
597
522
961
572
762
837
862
688
724
709
501
663
573
715
765
625
637
827
707
680
534
966
557
520
545
875
801
765
620
653
739
821
939
693
768
854
669
937
682
555
767
774
826
576
558
653
961
541
950
584
944
902
619
902
810
794
883
911
544
506
883
666
548
585
818
877
771
851
844
545
551
638
592
595
796
610
718
727
509
877
540
710
589
913
924
623
572
864
570
583
943
637
725
942
613
939
965
931
777
946
556
834
798
565
780
885
564
724
606
650
730
784
505
624
800
757
500
892
503
614
964
863
958
733
871
828
804
813
922
708
631
567
611
721
969
679
584
719
930
926
793
878
916
588
756
792
896
801
773
749
816
738
714
841
894
896
935
681
812
609
651
809
914
634
872
700
957
904
728
853
726
936
836
636
808
635
503
577
847
502
608
911
539
935
897
647
673
623
501
502
528
504
531
508
507
508
528
512
511
512
514
514
522
516
517
518
519
520
521
526
526
530
525
527
527
529
530
531
532
532
979
535
536
537
537
544
540
541
542
542
547
546
546
548
547
549
550
550
984
554
553
554
561
556
557
559
559
560
564
565
563
566
568
566
568
569
569
985
571
573
575
574
575
578
579
580
579
580
977
582
583
589
587
586
587
590
591
590
591
973
593
598
602
598
601
600
601
604
602
603
603
604
612
616
607
608
611
612
615
614
615
618
616
617
617
618
987
622
621
622
627
626
625
626
630
628
629
631
632
633
633
990
639
639
643
638
640
640
642
643
644
645
645
980
647
652
650
654
656
652
659
654
656
658
657
658
659
974
664
662
665
667
665
667
668
668
677
672
671
672
674
676
675
676
680
678
679
681
682
683
683
981
685
686
688
689
690
690
973
694
694
696
695
697
698
698
699
701
702
703
703
982
705
706
712
708
709
711
711
712
976
715
716
717
717
723
719
720
722
722
723
985
725
726
746
728
729
731
731
732
743
736
735
736
744
739
740
741
741
745
748
747
754
751
749
753
752
751
753
752
754
755
755
996
759
758
759
760
761
762
987
764
772
766
768
770
769
770
771
772
993
776
775
776
779
778
780
781
782
783
783
978
787
786
787
791
789
790
792
793
794
795
795
974
797
798
800
802
802
804
803
805
806
806
981
809
810
811
811
983
815
814
815
975
819
822
821
822
825
823
824
824
825
849
827
828
832
830
831
835
833
834
836
837
838
838
852
842
842
844
843
845
846
846
848
848
849
850
851
853
854
855
855
977
857
858
910
860
861
862
899
866
865
866
900
868
891
870
871
872
873
874
875
880
879
879
887
889
882
885
884
884
888
888
887
889
890
890
891
899
893
895
900
898
898
906
908
901
904
903
903
907
907
906
908
909
909
910
978
912
918
914
915
917
917
918
976
920
921
946
923
927
925
928
929
928
929
931
933
932
933
947
936
938
937
938
948
940
947
943
944
945
945
952
956
951
949
950
960
953
955
954
956
957
958
959
959
960
983
962
968
965
966
967
967
969
970
971
972
972
975
980
988
986
982
979
990
988
998
989
984
986
992
989
995
994
991
991
994
992
993
996
995
997
997
998
-1
