836
662
740
501
576
936
809
608
756
533
796
850
889
762
886
579
630
756
813
887
958
805
770
504
641
828
802
711
634
825
780
512
690
764
539
782
603
753
583
973
557
648
560
663
520
517
873
897
822
635
738
806
631
810
719
918
525
565
611
749
694
940
500
831
638
921
718
506
646
920
540
915
535
629
785
853
799
832
881
748
909
636
697
841
797
778
794
834
953
526
894
937
843
656
694
674
972
964
559
550
878
662
876
959
521
558
650
746
744
619
829
709
600
902
553
795
533
917
735
639
667
812
723
500
509
604
575
874
660
781
723
706
671
592
761
715
801
695
737
796
657
816
656
748
549
590
948
924
946
943
763
675
945
649
854
821
513
510
890
689
787
910
818
581
799
792
835
575
668
877
558
713
539
525
819
741
775
508
768
908
886
965
609
550
828
838
551
970
866
595
623
957
869
584
912
949
743
592
701
586
761
712
909
929
812
808
789
963
815
719
587
931
620
741
898
866
523
864
601
952
943
659
732
882
857
630
586
577
802
589
824
613
512
650
612
902
880
542
588
623
529
914
502
885
641
961
697
547
967
834
759
720
955
929
926
665
751
938
708
849
766
576
856
686
958
830
876
687
603
867
633
682
735
699
892
822
544
651
702
773
528
599
852
501
932
593
772
777
791
633
624
674
738
557
744
881
781
553
722
869
658
805
814
809
686
643
606
789
600
808
701
725
888
950
523
838
712
562
825
688
565
562
672
935
927
667
742
561
520
912
923
621
555
942
568
792
842
546
522
775
541
919
957
527
946
949
750
646
831
531
954
953
726
509
951
862
733
880
783
580
692
515
724
664
704
873
721
875
595
635
677
899
544
736
577
944
732
637
547
850
583
591
651
640
706
514
884
552
670
884
930
696
782
925
778
663
753
757
915
597
709
758
774
545
765
935
833
647
975
613
961
554
614
821
707
508
684
629
871
573
964
899
868
594
840
691
893
757
790
703
609
975
681
599
683
968
530
769
614
505
786
846
818
714
795
698
717
559
937
519
610
974
913
529
671
800
893
843
764
513
840
776
889
661
768
908
729
676
728
870
669
891
560
820
901
585
536
596
690
605
923
702
502
807
619
926
670
713
783
675
540
925
604
642
894
939
963
823
534
734
503
503
505
504
506
507
507
992
511
510
511
517
514
515
516
516
518
518
519
994
521
522
524
524
538
526
527
528
530
531
532
532
536
534
535
537
537
538
568
541
542
543
543
570
545
546
548
548
549
566
551
552
554
555
556
556
567
561
564
566
563
563
564
572
570
567
571
569
569
572
571
574
573
574
990
578
578
580
579
581
582
582
991
584
585
622
587
588
589
590
591
626
593
594
596
597
598
598
621
602
601
602
608
605
606
607
607
610
612
611
615
618
616
615
617
616
617
618
620
622
625
624
625
628
626
627
627
628
981
632
631
632
645
634
647
636
637
638
639
640
642
643
644
644
645
649
648
652
655
653
652
654
653
654
655
984
657
658
659
660
661
989
664
665
666
666
679
668
669
682
673
672
673
679
676
677
678
678
680
680
681
683
684
685
685
983
687
688
689
691
692
693
693
982
695
696
698
699
700
700
982
703
704
705
705
981
707
708
710
710
711
717
714
716
715
716
718
727
722
720
721
731
724
726
725
727
728
729
730
730
731
986
733
734
747
736
737
739
739
740
750
742
743
745
745
746
747
751
749
752
754
752
754
755
755
989
758
760
759
760
986
762
763
765
766
767
767
769
771
770
771
772
773
774
985
776
777
779
779
780
849
784
784
786
785
787
788
788
856
790
791
793
793
794
854
798
797
798
804
800
801
803
803
804
851
806
807
851
811
810
811
813
814
815
816
817
817
855
819
820
857
827
823
824
826
826
827
842
829
830
845
832
833
835
837
836
837
839
839
841
847
844
844
846
845
847
848
848
858
853
858
852
860
864
855
860
859
861
859
862
861
863
863
865
865
992
867
868
870
871
872
872
997
874
875
877
879
878
879
907
883
882
883
896
885
897
887
888
896
890
891
892
895
895
903
905
898
901
900
900
904
904
903
905
906
906
907
983
911
910
911
918
913
914
916
916
917
919
920
921
922
922
971
924
934
928
927
928
932
930
931
933
933
934
968
936
940
938
939
941
941
942
969
944
945
947
947
948
970
950
951
952
954
955
956
956
967
960
959
960
962
962
971
966
965
966
969
973
972
979
976
974
978
977
976
978
977
979
980
980
984
985
988
990
987
987
988
996
994
991
995
993
993
996
995
998
997
998
-1
