557
893
881
735
524
943
625
955
801
821
555
927
573
776
565
574
764
596
826
892
682
749
816
545
505
789
893
693
680
665
713
578
717
571
778
743
768
916
866
907
527
793
894
838
506
537
885
965
788
921
620
757
946
650
831
541
777
718
607
732
598
688
603
631
882
576
505
729
832
734
640
953
838
522
602
846
933
533
634
815
624
559
788
710
670
721
525
630
950
500
683
741
644
832
664
516
853
848
760
819
901
755
840
529
628
501
699
794
962
880
771
538
511
591
717
791
687
663
684
827
673
752
889
596
944
818
636
856
957
641
956
894
902
708
677
605
870
580
711
877
732
552
686
867
562
747
661
905
602
813
959
759
579
709
696
523
798
703
918
566
754
901
850
630
697
638
913
805
806
752
947
772
890
771
852
744
790
690
588
721
822
799
608
687
862
750
827
934
907
933
599
690
941
528
782
904
963
577
648
612
548
821
699
746
924
774
873
528
560
793
735
621
784
592
658
920
863
652
880
568
884
574
796
591
632
588
540
604
613
660
805
847
900
906
645
801
961
623
651
777
780
878
524
544
550
607
594
570
808
844
858
803
719
615
669
929
701
658
508
564
582
744
849
755
874
938
750
704
730
786
500
779
631
724
515
703
899
773
872
723
698
945
652
738
538
610
795
544
520
510
653
967
824
513
769
710
952
589
713
823
568
648
561
565
675
843
597
593
517
852
747
958
919
512
860
834
714
667
503
669
666
635
759
653
638
679
767
810
726
643
546
909
592
619
715
826
706
582
554
536
733
623
854
768
617
531
903
927
552
740
794
861
714
836
536
853
800
511
677
661
609
857
545
555
680
829
812
659
541
950
779
882
549
940
608
502
530
620
571
729
614
705
836
639
575
860
716
919
691
885
539
603
558
627
569
560
930
519
683
866
772
938
632
873
810
581
869
789
738
917
671
813
936
807
762
533
515
833
871
941
783
854
917
876
517
546
922
640
899
811
908
649
921
553
915
644
953
741
639
731
753
507
520
678
670
935
688
934
518
912
616
626
674
558
776
761
822
829
739
523
877
939
506
843
951
924
686
745
564
928
802
872
767
709
909
834
764
957
708
704
685
785
962
671
806
589
883
665
700
643
868
817
830
501
915
619
861
961
865
876
502
503
504
504
969
507
508
509
509
510
512
513
514
514
985
516
972
518
519
521
521
522
527
526
525
526
530
531
529
532
534
532
534
535
535
979
537
543
539
540
542
542
543
969
547
547
549
548
550
551
551
977
553
554
556
556
557
578
559
561
563
562
563
575
567
566
567
576
569
570
572
572
573
577
580
579
586
583
581
585
584
583
585
584
586
587
587
974
590
590
601
593
594
595
595
599
597
598
600
600
601
970
604
605
606
606
612
609
610
611
611
615
613
614
616
617
618
618
984
622
621
622
625
624
626
627
628
629
629
973
633
633
635
634
636
637
637
971
647
642
641
642
649
646
645
646
647
651
650
654
657
655
654
656
655
656
657
988
659
660
662
662
663
664
666
667
668
668
983
672
672
674
673
675
676
676
975
678
679
681
681
682
977
684
685
689
689
692
691
692
695
693
694
694
695
696
697
698
700
701
702
702
973
705
706
707
707
970
720
712
711
712
723
720
715
716
726
718
719
722
724
722
725
727
725
727
728
728
971
730
731
737
733
734
736
736
737
995
739
740
742
742
743
758
745
746
748
748
749
751
751
761
753
754
756
756
757
758
762
760
763
765
763
765
766
766
982
770
769
770
979
773
774
775
775
974
781
778
784
780
781
782
783
785
786
787
787
984
790
791
792
792
990
795
796
797
797
798
799
800
802
803
804
804
978
807
808
809
809
816
811
812
814
814
815
817
818
819
820
820
980
823
824
825
825
845
828
828
830
831
835
833
837
839
835
842
837
839
841
840
841
842
848
844
845
846
847
849
850
851
851
986
855
855
857
856
858
859
859
968
863
862
864
864
865
888
867
868
869
870
871
890
875
874
875
888
879
878
879
891
881
887
883
884
886
886
887
889
892
891
895
898
896
895
897
896
897
898
981
900
908
902
903
904
905
906
911
910
910
912
911
913
914
914
975
916
932
918
922
920
923
925
923
925
926
926
930
928
929
931
931
932
949
935
936
937
937
947
939
940
942
942
943
944
945
946
948
948
949
968
951
952
954
954
955
956
958
959
960
960
965
964
963
964
966
966
967
976
976
978
989
972
985
993
987
983
982
980
992
981
998
988
986
989
987
995
990
992
991
991
994
993
996
994
997
996
997
998
-1
