553
846
682
939
621
575
500
923
943
832
936
849
650
609
535
550
622
899
663
547
878
617
748
564
877
824
544
779
569
928
572
702
632
524
947
613
526
782
917
648
576
774
779
701
696
554
565
834
922
703
948
592
847
668
851
721
942
967
524
563
953
815
871
671
573
559
835
742
700
705
756
775
511
512
563
918
521
683
527
908
857
860
605
774
945
525
834
891
549
884
547
887
558
801
753
830
668
728
667
886
759
505
642
561
501
536
567
516
906
614
500
941
511
901
925
603
731
902
507
767
739
941
568
657
726
890
889
723
693
829
957
930
716
825
831
553
688
694
750
515
582
765
598
929
857
514
535
584
513
725
837
593
917
920
744
729
505
712
893
518
879
640
567
777
964
971
508
529
907
641
818
580
528
789
751
643
618
843
635
901
606
863
738
585
850
674
627
763
815
612
719
770
515
600
608
723
606
919
639
749
736
824
900
880
859
708
858
588
658
624
829
689
791
869
958
613
904
545
924
541
620
791
790
851
789
503
821
961
794
899
571
632
602
858
645
786
647
518
714
633
584
813
947
731
969
592
755
519
733
726
767
529
960
937
890
910
955
795
817
625
893
556
931
811
844
801
651
795
684
932
585
555
843
516
754
616
635
708
803
643
762
696
720
852
764
575
933
957
617
875
648
958
683
894
879
631
701
847
768
809
578
736
724
538
861
572
540
932
627
866
600
797
929
882
577
872
776
816
750
560
927
612
840
944
576
621
754
954
868
717
966
770
550
706
700
866
885
586
705
927
544
963
836
852
835
911
733
775
906
772
631
502
799
903
806
679
538
841
719
951
913
637
827
826
541
698
808
799
581
609
530
594
537
525
769
634
735
685
830
688
749
918
787
825
931
780
839
681
652
620
915
869
740
695
762
782
874
912
588
636
559
757
691
710
796
707
607
943
554
806
709
639
848
860
812
881
597
734
644
730
713
616
867
840
962
872
914
965
710
565
816
814
771
902
590
510
530
644
797
786
697
690
732
665
950
809
784
506
793
548
923
666
788
716
819
763
875
891
501
863
571
949
629
587
580
781
880
603
526
930
845
839
953
626
684
514
783
873
596
756
681
689
952
646
759
722
589
628
718
878
546
649
539
956
818
821
966
807
889
601
502
503
504
504
508
506
507
509
509
510
974
512
513
517
517
520
519
520
523
521
522
522
523
976
528
527
531
534
532
531
533
532
533
534
674
536
537
543
539
540
542
542
543
676
545
546
552
548
549
551
551
552
672
555
556
557
557
558
560
561
562
562
673
564
566
566
568
570
569
570
663
574
573
574
666
577
578
579
579
581
583
582
583
671
595
586
587
589
590
591
591
596
593
594
595
597
598
599
599
665
601
602
604
604
605
611
607
608
610
610
611
664
615
614
615
655
619
618
619
658
623
622
623
624
625
626
628
629
630
630
645
650
633
634
636
637
638
638
641
640
655
642
652
654
647
646
660
656
649
653
651
654
653
656
657
659
661
660
659
661
662
662
664
667
670
672
669
669
670
678
676
673
677
675
675
678
677
680
679
680
988
682
685
686
687
686
687
981
690
691
692
692
693
694
695
697
698
699
699
978
704
702
703
704
979
706
707
709
711
711
713
712
714
715
715
743
717
718
739
720
721
722
732
724
725
727
727
728
729
730
735
737
738
734
737
740
745
742
741
741
743
746
745
744
746
747
747
748
982
752
751
752
753
757
755
758
760
758
760
761
761
976
764
766
765
766
984
768
769
771
772
773
773
975
776
777
778
778
987
780
781
783
784
785
785
985
787
788
793
790
792
792
794
798
796
800
802
798
805
800
802
804
803
804
805
977
807
808
810
810
811
812
813
814
974
819
817
820
822
820
822
823
823
997
826
827
828
828
990
831
833
832
833
975
836
837
838
838
981
842
841
842
846
844
845
848
850
849
853
856
854
853
855
854
855
856
980
861
859
862
864
862
864
865
865
977
867
868
870
870
871
980
873
874
876
876
877
892
884
881
882
883
883
885
886
887
888
888
896
892
895
894
895
898
896
897
897
898
991
900
910
903
904
905
905
907
909
908
909
913
911
912
914
915
916
916
982
919
920
921
921
922
924
925
926
926
998
928
936
934
934
938
933
935
935
937
938
939
940
940
985
942
944
945
946
946
973
948
949
950
951
952
971
954
955
956
968
959
959
960
961
962
963
964
965
970
967
968
969
970
972
972
973
979
990
986
978
983
984
986
983
989
996
987
993
995
992
988
989
991
994
992
993
994
995
996
997
998
-1
