959
668
760
841
831
793
642
519
583
849
528
947
812
548
591
872
526
711
892
532
697
692
606
842
635
577
745
588
570
908
796
571
860
529
804
679
506
661
655
662
668
710
961
622
928
609
837
626
628
920
509
964
937
592
868
783
927
564
645
731
536
577
786
812
841
734
728
930
732
662
591
794
778
736
701
921
832
784
807
748
565
795
500
874
798
630
512
715
639
926
822
866
650
846
972
509
503
767
516
982
948
946
721
612
911
761
830
533
773
897
954
571
820
642
868
876
814
809
607
718
523
816
725
847
579
905
531
797
811
670
573
864
729
634
501
555
735
682
882
753
713
938
915
870
600
869
696
787
906
674
575
831
796
905
563
756
774
603
510
595
716
891
584
780
793
935
704
763
742
852
539
701
505
526
811
823
907
932
702
908
893
743
527
774
834
604
865
524
564
904
776
615
750
772
686
902
619
791
582
545
854
704
512
899
531
719
680
879
694
938
587
503
789
810
633
656
528
586
934
699
653
614
583
620
865
962
618
746
683
827
549
514
586
889
929
957
548
802
768
556
715
598
664
835
775
522
712
892
943
886
947
728
726
676
655
932
940
658
686
557
687
855
790
736
935
596
535
582
725
575
623
925
511
752
567
946
745
895
942
737
956
880
814
764
782
800
846
706
806
767
951
901
617
933
602
882
599
643
534
965
783
854
632
627
917
748
721
730
757
594
940
899
830
848
851
859
595
789
651
759
909
629
801
562
693
939
732
894
572
698
636
603
877
654
844
873
770
805
649
610
633
902
550
500
518
534
602
679
703
537
750
952
709
870
536
666
888
594
513
837
918
645
650
917
911
523
950
657
647
913
527
566
843
677
842
516
864
673
506
723
753
711
839
876
675
760
547
562
920
857
925
573
695
951
666
900
943
617
886
769
663
971
644
684
609
697
636
708
759
622
756
542
893
502
941
565
619
836
786
606
590
519
552
923
922
782
539
646
682
758
768
637
884
593
557
544
542
794
862
856
553
763
751
664
649
838
742
681
660
676
772
897
656
720
747
889
569
878
611
522
861
722
881
634
744
910
928
855
705
815
800
887
883
545
919
717
915
779
850
517
860
624
921
727
621
608
504
632
788
598
737
912
543
776
692
733
708
673
613
675
501
502
508
504
505
507
507
508
993
510
511
513
514
515
515
521
517
518
520
520
521
983
525
524
525
551
553
530
529
530
551
532
533
537
535
538
540
538
540
541
541
554
543
544
546
546
547
552
549
550
556
555
554
558
561
559
558
560
559
560
561
989
563
569
566
567
568
568
570
574
572
576
578
574
581
576
578
580
579
580
581
982
585
584
585
588
587
589
589
590
979
592
593
998
597
596
597
599
601
600
601
992
605
604
605
981
607
608
612
610
611
613
614
615
616
616
989
618
625
620
621
628
623
624
625
626
627
629
630
631
631
994
635
638
637
638
641
639
640
640
641
979
643
644
646
647
648
648
988
652
651
652
653
654
660
657
658
659
659
661
665
663
667
669
665
672
667
669
671
670
671
672
685
674
689
678
677
678
684
680
681
683
685
688
687
688
691
689
690
690
691
986
693
694
695
696
698
699
700
700
981
702
703
705
706
707
707
983
709
710
712
713
714
714
986
716
717
718
719
720
722
723
724
724
985
726
727
731
729
730
733
735
734
738
741
739
738
740
739
740
741
990
743
744
809
746
747
749
749
755
751
752
754
754
755
822
757
758
764
762
761
762
765
766
765
766
824
769
770
771
771
810
773
775
777
777
779
778
780
781
781
828
785
784
785
818
787
788
790
792
791
792
817
804
795
797
798
799
799
801
803
802
803
805
806
807
808
808
813
820
819
819
813
815
817
816
818
821
826
825
821
823
824
826
825
827
829
828
829
984
833
832
833
834
835
836
838
839
840
840
957
843
844
845
845
849
847
848
850
851
852
853
853
966
856
857
858
858
859
861
862
863
863
952
867
866
867
869
871
871
873
872
874
875
875
960
877
878
879
880
881
883
884
885
885
956
887
888
890
890
891
964
894
895
896
896
898
898
974
900
901
903
903
904
953
906
907
959
909
910
912
913
914
914
916
916
963
918
919
969
922
923
924
924
955
926
927
929
930
931
931
958
933
934
936
936
937
950
939
945
941
942
944
944
945
960
949
948
949
954
955
953
967
962
970
961
958
973
967
968
965
971
963
970
966
969
968
973
976
974
975
972
975
977
976
977
978
978
980
980
985
987
988
984
987
990
995
992
991
991
993
996
995
994
996
997
997
998
-1
