773
788
536
570
709
651
701
774
573
784
513
964
740
938
670
757
578
869
737
707
946
500
936
534
861
621
784
751
682
530
780
716
941
522
730
746
663
887
732
646
505
664
613
883
906
609
594
875
855
952
897
722
910
647
832
843
800
835
866
848
671
775
868
856
501
537
715
546
782
896
571
514
535
832
955
713
929
666
630
616
963
932
676
638
934
785
792
779
718
523
845
765
522
736
525
539
935
736
801
680
560
820
654
824
899
929
818
748
693
754
860
549
841
513
659
898
815
731
583
797
793
717
590
704
948
652
955
938
750
612
556
685
717
763
710
905
500
538
749
655
786
872
691
706
916
593
817
896
878
516
781
574
846
685
624
509
573
601
629
788
810
799
576
595
901
728
642
712
758
852
848
795
683
838
658
628
834
539
612
923
866
586
904
884
527
563
660
710
641
833
606
679
560
668
622
749
738
681
596
698
858
583
591
947
725
825
874
939
918
815
950
873
792
533
886
941
745
862
682
515
566
704
579
514
508
506
529
632
584
922
646
790
903
766
965
827
627
734
620
740
649
806
614
916
858
771
670
809
742
707
696
845
943
818
853
747
639
661
569
553
889
545
757
673
551
700
890
935
511
855
813
569
907
687
629
698
524
930
590
626
768
638
888
885
562
651
752
720
561
823
762
510
850
904
913
940
644
847
632
947
924
958
554
945
653
578
527
626
705
863
821
540
951
760
733
873
607
597
881
523
833
605
830
633
694
744
561
770
949
701
660
640
545
803
805
564
672
699
592
675
762
824
739
741
876
744
547
530
925
865
686
787
556
596
575
558
503
643
875
869
768
665
821
623
857
945
563
648
586
914
727
963
719
926
751
667
942
555
528
913
502
588
811
764
690
812
893
673
662
501
915
852
849
811
722
949
546
865
581
676
765
836
681
796
732
803
606
574
593
658
535
595
647
842
622
654
835
674
693
610
725
907
892
800
823
771
566
925
687
605
580
505
957
900
908
550
774
609
794
764
838
620
919
934
611
816
547
809
509
795
540
776
728
829
536
828
507
854
922
585
679
789
806
630
905
557
841
519
726
950
617
695
799
587
917
533
804
642
924
628
769
759
899
878
862
923
754
694
860
864
518
713
594
758
960
903
579
615
711
867
502
503
504
504
519
506
507
508
510
511
512
512
520
515
516
517
517
518
521
520
521
967
524
525
526
526
532
528
529
531
531
532
982
534
538
537
541
544
542
541
543
542
543
544
973
548
548
550
549
551
552
552
553
554
555
557
558
559
559
971
564
562
565
567
565
567
568
568
572
570
571
572
986
575
576
577
577
977
580
581
582
582
600
584
585
587
588
589
589
603
591
592
600
598
598
602
597
599
599
601
602
603
604
604
968
608
607
608
619
610
611
617
613
614
615
616
618
618
619
985
621
623
625
624
625
631
627
635
631
634
633
634
637
635
636
636
637
980
639
640
641
643
644
645
645
985
648
649
650
650
655
652
653
656
657
656
657
972
659
663
661
662
666
664
665
667
668
669
669
975
671
672
678
674
675
677
677
678
971
680
686
684
683
684
689
688
688
690
689
691
692
692
970
695
697
696
697
703
699
700
702
702
703
973
705
706
708
708
709
716
711
712
714
714
715
719
720
718
721
723
721
723
724
724
969
726
727
729
729
730
731
733
734
735
735
968
737
738
739
741
742
743
743
975
745
746
747
748
752
750
753
755
753
755
756
756
993
759
760
761
761
970
763
777
767
766
767
780
769
770
772
772
773
777
775
776
778
778
779
781
782
783
783
969
785
786
787
789
790
791
791
972
793
794
796
798
797
798
982
802
801
802
808
804
805
807
807
808
979
810
812
814
813
814
974
816
817
819
819
820
822
822
827
826
825
826
828
829
830
831
831
978
836
834
837
839
837
839
840
840
842
844
843
844
984
846
847
849
850
851
851
966
853
854
881
856
857
859
859
882
861
883
863
864
882
871
867
868
870
870
871
872
876
874
877
879
877
879
880
880
887
891
886
884
885
895
888
890
889
891
892
893
894
894
895
974
897
898
900
901
902
902
967
906
909
908
909
912
910
911
911
912
921
914
915
919
917
918
920
920
921
966
927
927
931
926
928
928
930
931
932
933
933
978
937
936
937
954
939
940
942
943
944
944
957
946
954
948
960
951
953
952
953
956
958
956
959
961
959
961
962
962
987
964
965
991
995
981
983
981
977
983
994
976
976
979
992
992
986
980
991
984
996
988
989
987
988
989
990
990
993
994
997
995
996
998
997
998
-1
