575
537
505
538
958
746
660
771
812
615
807
881
821
532
820
607
623
833
729
604
693
659
780
611
844
610
629
704
946
784
727
726
742
674
934
544
640
927
636
823
756
895
924
925
552
720
679
890
797
612
590
819
620
919
743
523
703
613
615
918
718
688
547
802
707
689
625
706
715
787
942
649
860
930
938
826
803
836
579
897
543
870
574
661
858
759
562
810
947
822
582
883
579
880
603
644
668
617
712
738
904
632
679
791
565
661
829
855
776
952
862
688
713
528
966
887
900
847
643
724
923
629
926
763
761
556
844
863
872
875
691
562
508
783
921
897
762
501
642
662
606
521
506
885
775
792
775
728
514
871
755
601
929
694
721
941
585
528
845
703
732
833
965
504
729
646
939
888
621
643
951
768
912
712
968
589
967
898
842
723
778
604
757
502
847
893
912
741
709
675
581
505
800
877
568
959
571
857
761
840
668
861
662
953
580
564
657
670
717
894
920
871
808
639
796
588
737
954
500
825
664
855
555
922
834
666
918
577
946
817
690
814
905
592
852
891
518
789
802
666
868
791
873
728
580
879
841
948
676
721
879
777
542
544
900
714
521
865
693
950
937
807
556
955
619
799
765
589
689
840
954
557
836
529
519
740
646
816
853
794
884
783
929
785
637
811
851
517
872
852
545
630
749
805
838
576
784
740
890
583
510
509
708
809
773
678
654
632
867
681
964
647
522
769
739
831
926
750
747
825
634
509
547
656
535
810
607
534
736
522
951
887
858
563
730
501
758
530
696
755
654
592
788
682
742
862
727
680
793
932
641
770
835
865
796
949
533
563
593
732
892
849
757
724
876
868
549
827
966
814
504
512
572
804
953
598
518
566
837
552
663
817
722
798
600
856
846
653
821
537
803
697
575
677
546
525
636
699
780
949
605
866
631
540
623
542
902
673
565
582
598
590
705
899
626
685
571
861
695
585
944
938
652
573
529
511
767
638
736
624
963
773
826
715
620
588
785
684
557
614
963
848
893
539
901
880
548
734
553
701
633
705
744
619
769
531
792
931
851
830
644
657
764
664
731
642
500
718
767
952
655
524
601
517
889
610
616
652
943
538
733
911
716
886
815
934
745
937
707
873
698
568
827
763
923
942
514
700
599
660
503
502
503
508
507
506
507
511
512
510
513
515
513
515
516
516
977
520
519
520
525
526
523
524
527
526
527
986
532
530
531
533
534
535
536
536
551
539
540
541
541
553
543
551
545
546
548
549
550
550
554
555
554
558
561
559
558
560
559
560
561
972
566
564
567
569
567
569
570
570
980
572
573
574
576
577
578
578
591
583
581
584
586
584
586
587
587
595
591
594
593
594
597
595
596
596
597
976
599
600
602
602
603
609
605
606
608
608
609
984
611
612
613
614
616
617
618
618
628
622
621
622
626
624
625
627
627
628
994
630
631
633
634
635
635
973
637
638
639
640
641
645
645
648
647
648
651
649
650
650
651
979
653
673
655
656
658
658
659
674
665
663
667
669
665
672
667
669
671
670
671
672
675
683
678
676
677
687
680
682
681
683
684
685
686
686
687
983
690
691
692
692
696
694
695
699
697
698
700
701
702
702
989
704
711
706
708
709
710
710
711
975
713
714
978
716
717
719
719
720
970
722
723
725
725
726
980
748
752
730
731
733
734
735
735
747
737
738
739
746
741
745
743
744
749
748
751
750
751
754
752
753
753
754
974
756
758
760
759
760
979
762
764
765
766
766
774
768
770
772
771
772
777
774
778
776
779
781
779
781
782
782
981
786
786
788
787
789
790
790
984
793
794
795
795
797
798
799
800
801
801
992
804
805
806
806
974
808
809
811
813
812
813
982
815
816
818
818
819
820
822
823
824
824
977
828
828
830
829
831
832
832
976
834
835
837
838
839
839
841
843
842
843
971
845
846
848
849
850
850
908
854
853
854
905
856
857
859
859
860
906
864
863
864
907
866
867
869
869
870
904
874
874
876
875
877
878
878
908
881
882
882
883
884
885
886
906
888
889
910
891
892
894
896
895
896
909
898
899
901
902
903
903
907
910
909
916
913
911
915
914
913
915
914
916
917
917
985
919
920
921
922
928
924
925
931
927
928
932
930
933
935
933
935
936
936
972
940
939
940
941
943
944
945
945
970
947
948
958
950
961
956
956
960
955
957
957
959
960
961
962
962
971
964
965
967
968
969
969
991
975
973
987
982
990
981
978
993
987
988
985
991
983
990
986
989
988
993
996
994
995
992
995
997
996
997
998
998
-1
