737
530
526
527
901
769
808
584
738
606
629
794
638
798
741
967
801
550
932
875
753
773
695
500
711
950
852
933
670
525
577
772
925
897
646
581
742
576
903
863
836
970
866
501
681
967
834
607
811
594
680
793
870
858
656
729
754
961
790
652
761
841
732
783
946
585
791
832
876
553
878
639
843
523
514
881
897
824
571
505
659
805
603
551
709
919
867
509
780
623
575
855
757
515
798
572
773
558
911
591
796
675
597
604
831
606
874
520
783
710
736
847
884
637
784
542
534
601
717
912
570
699
940
669
698
960
938
559
665
601
646
789
500
935
744
718
558
574
906
850
740
854
589
554
618
553
737
668
857
653
951
549
593
915
854
526
692
729
700
917
545
676
723
517
561
560
922
795
600
952
781
891
681
762
713
635
701
592
531
909
584
848
708
944
918
540
542
885
758
678
748
813
686
968
799
543
931
602
682
752
790
533
704
632
686
932
735
657
765
564
506
856
896
736
630
814
505
756
860
829
644
753
607
571
823
841
951
661
672
920
513
660
757
708
760
514
931
928
818
570
962
826
676
683
745
746
911
828
774
717
700
907
942
810
634
550
875
703
948
748
857
648
671
590
908
722
887
683
655
643
556
632
833
635
587
531
578
963
575
769
837
578
869
633
844
503
534
647
528
899
836
905
937
819
592
924
545
832
801
624
650
730
818
756
779
670
694
851
720
628
895
964
872
834
590
847
918
794
766
963
649
677
508
774
507
871
705
874
611
522
764
734
752
789
660
734
529
623
919
652
724
709
674
608
950
725
960
962
866
719
714
821
826
923
860
744
893
761
692
706
849
612
809
829
579
803
663
576
806
629
750
827
511
907
555
765
668
547
726
713
602
923
760
610
813
586
887
816
889
662
815
698
695
949
677
825
883
628
693
961
747
605
839
888
741
539
895
702
884
510
820
800
941
654
566
513
538
638
650
626
913
943
819
935
725
945
595
640
861
838
585
520
625
718
837
898
926
938
529
656
814
706
655
722
880
914
902
589
502
685
724
624
523
858
892
883
544
936
574
805
856
674
554
678
568
921
565
764
605
549
642
870
842
546
879
501
567
944
925
770
914
532
740
807
559
899
723
594
597
889
521
868
928
749
612
905
850
802
509
665
502
503
504
504
519
506
507
508
510
511
512
512
518
516
515
516
517
518
519
992
521
522
524
524
525
537
527
528
538
530
536
532
533
535
535
536
537
539
540
541
541
974
543
544
546
547
548
548
988
552
551
552
563
555
556
557
557
566
560
561
562
562
563
564
565
567
568
569
569
993
573
572
573
600
577
580
579
580
583
581
582
582
583
608
586
587
588
588
618
616
591
595
593
596
598
596
598
599
599
611
617
604
603
609
613
610
616
609
617
614
613
615
615
614
620
620
619
619
621
621
622
622
986
625
626
627
627
976
631
630
631
641
633
634
636
636
637
642
639
640
641
643
644
645
645
989
647
648
649
651
651
980
653
654
659
658
657
658
662
663
661
664
666
664
666
667
667
975
669
671
672
673
673
691
675
680
679
679
687
689
682
685
684
684
688
688
687
689
690
690
691
697
693
694
696
696
697
987
699
977
701
702
703
704
705
707
707
714
710
712
711
712
715
716
715
716
973
719
720
721
721
981
727
727
731
726
728
728
730
731
732
733
733
972
735
782
739
738
739
786
743
742
743
781
745
746
747
749
750
751
751
780
755
754
755
768
759
758
759
770
763
762
763
768
767
766
767
771
772
771
775
778
776
775
777
776
777
778
779
782
785
784
785
788
786
787
787
788
980
792
791
792
793
795
796
797
797
981
799
800
802
803
804
804
808
806
807
809
810
811
812
812
974
815
816
817
817
982
820
821
822
822
823
824
825
983
827
828
830
830
831
985
833
835
835
846
838
839
840
840
844
842
843
845
845
846
986
848
849
851
853
852
853
978
855
859
859
862
861
862
865
863
864
864
865
979
867
868
869
871
872
873
873
878
877
876
877
879
880
881
882
882
976
886
885
886
888
890
890
892
891
893
894
894
977
896
898
900
900
902
901
903
904
904
982
906
908
910
909
910
955
912
913
915
916
916
917
958
955
920
921
922
926
924
927
929
927
929
930
930
949
934
933
934
948
936
937
939
939
940
941
942
943
945
947
946
947
956
953
953
957
952
954
954
956
957
958
959
959
975
965
965
969
964
966
966
968
969
970
971
971
972
973
984
983
984
985
978
979
990
995
987
989
992
988
991
995
990
998
993
991
994
996
994
996
997
997
998
-1
